precip bcc-csm1-1 rcp60 RNEURONALES decimas 2
P384 36.832 -4.005 694 geo 2006 2100 -1
P384 2006 1 0 0 0 0 0 0 0 0 0 15 11 53 41 59 15 20 5 7 5 0 0 3 3 0 5 7 10 10 3 0 0
P384 2006 2 0 0 0 4 101 217 140 71 128 188 110 111 164 77 18 18 13 0 0 0 16 4 29 7 11 7 14 13 -999 -999 -999
P384 2006 3 0 19 11 0 0 13 8 0 0 8 19 9 10 12 13 6 30 5 0 0 0 0 0 0 0 0 5 6 0 6 5
P384 2006 4 0 46 4 0 29 8 10 37 57 99 90 46 18 16 11 3 0 15 10 0 0 10 10 3 0 9 0 0 0 0 -999
P384 2006 5 0 3 2 9 24 29 11 10 18 41 7 0 0 0 0 0 0 6 17 12 7 6 8 5 4 7 24 43 60 33 9
P384 2006 6 14 5 9 20 66 55 32 5 0 0 0 0 0 0 0 0 0 0 0 0 0 0 0 0 0 0 0 0 0 0 -999
P384 2006 7 0 0 0 0 0 0 0 0 0 0 0 0 0 0 0 0 0 0 0 0 0 0 0 0 0 0 0 0 0 0 0
P384 2006 8 0 0 0 0 0 0 0 0 0 0 0 0 0 0 0 0 0 0 0 0 0 0 0 0 0 0 0 0 0 0 0
P384 2006 9 0 0 0 0 0 0 0 4 4 6 11 0 0 24 25 14 10 14 8 0 0 0 5 0 0 0 0 0 0 0 -999
P384 2006 10 10 8 25 26 13 0 18 0 0 0 0 0 0 0 0 7 8 0 0 0 0 0 0 0 0 0 12 8 8 6 4
P384 2006 11 6 0 0 9 23 10 14 7 0 0 0 0 0 0 0 0 0 0 6 0 0 0 0 0 0 0 0 0 0 0 -999
P384 2006 12 0 0 8 0 5 0 0 0 0 0 0 0 5 0 0 0 0 0 0 0 0 14 113 68 349 116 379 345 18 8 5
P384 2007 1 3 0 0 0 0 0 0 0 0 0 5 6 4 0 0 0 0 11 15 27 9 0 4 7 9 12 36 35 198 27 11
P384 2007 2 7 4 12 9 66 103 394 167 10 5 7 64 23 32 0 0 0 0 9 9 5 6 10 15 28 32 13 73 -999 -999 -999
P384 2007 3 135 13 2 0 0 0 0 0 0 0 5 31 114 28 6 0 0 9 5 2 4 31 37 5 6 5 0 15 16 12 11
P384 2007 4 11 7 11 14 9 5 8 7 0 0 0 0 0 0 0 22 7 24 34 16 11 65 113 99 64 26 8 8 7 3 -999
P384 2007 5 0 0 0 26 28 31 11 7 10 8 7 27 21 9 12 11 11 11 0 3 3 0 0 0 0 0 0 0 0 4 5
P384 2007 6 4 5 5 0 0 0 0 12 8 0 0 0 0 0 0 0 0 0 0 0 0 0 0 0 0 0 0 0 0 0 -999
P384 2007 7 0 0 0 0 0 0 0 0 0 0 0 0 0 0 0 0 0 0 0 0 0 0 0 0 0 0 0 0 0 0 0
P384 2007 8 0 0 0 0 0 0 0 0 0 0 0 0 0 0 0 0 0 0 0 0 0 0 0 33 17 0 8 7 7 5 0
P384 2007 9 0 0 0 0 0 0 0 0 0 0 0 0 0 0 0 0 0 0 0 0 0 0 0 0 0 0 0 20 0 17 -999
P384 2007 10 32 58 19 0 0 0 0 10 18 21 7 7 11 16 28 7 24 26 12 4 0 0 0 0 0 30 174 97 19 32 15
P384 2007 11 0 0 0 0 0 0 0 0 6 12 13 4 0 0 0 0 0 0 0 11 8 42 131 84 67 28 7 7 13 12 -999
P384 2007 12 0 0 0 0 0 0 0 15 255 98 28 13 9 15 26 206 281 206 60 152 70 14 46 3 0 0 0 0 9 8 15
P384 2008 1 95 69 269 134 54 68 86 18 6 7 0 18 16 8 4 52 18 23 6 0 0 0 0 0 0 0 0 0 0 3 4
P384 2008 2 3 2 3 2 2 0 0 0 4 2 0 0 0 0 2 0 0 0 5 29 10 18 7 9 0 0 0 6 -999 -999 -999
P384 2008 3 9 8 6 3 0 0 0 0 0 2 0 2 11 14 13 20 6 0 0 0 0 0 6 8 8 52 13 3 6 20 3
P384 2008 4 0 0 11 0 0 83 101 63 27 13 15 29 15 6 3 4 10 9 10 0 0 0 0 2 5 7 3 9 76 0 -999
P384 2008 5 0 0 3 8 25 35 28 8 11 18 17 6 0 0 0 0 9 0 0 6 6 0 0 0 0 0 0 0 0 0 0
P384 2008 6 9 0 0 0 0 0 0 0 0 0 0 0 0 0 0 0 0 0 0 0 0 0 0 0 0 0 6 0 0 0 -999
P384 2008 7 0 11 0 12 30 22 31 0 0 0 0 0 0 0 0 0 0 0 0 0 0 0 0 0 0 0 0 0 0 0 0
P384 2008 8 0 0 0 0 0 0 0 0 0 0 0 0 0 0 0 0 0 0 0 0 0 0 0 0 0 0 0 0 0 0 0
P384 2008 9 0 0 0 0 0 0 0 0 0 0 0 0 0 0 6 5 0 0 0 0 0 0 0 0 0 0 0 0 0 5 -999
P384 2008 10 0 29 58 26 21 8 6 7 0 29 26 0 9 21 47 18 10 5 5 21 10 14 19 21 20 9 0 0 4 5 9
P384 2008 11 0 0 0 0 4 12 8 0 13 11 2 5 0 3 73 300 200 165 204 9 4 23 0 0 0 0 0 0 0 0 -999
P384 2008 12 21 49 22 10 0 0 0 19 10 2 0 0 11 26 8 15 3 0 0 7 5 0 0 0 0 0 0 0 2 5 9
P384 2009 1 7 0 0 0 5 11 7 7 7 24 153 13 31 13 30 18 9 14 21 8 19 50 26 29 20 5 0 0 10 37 4
P384 2009 2 5 5 0 0 43 37 6 0 9 0 20 25 11 0 0 18 98 27 13 53 141 62 73 42 86 46 159 184 -999 -999 -999
P384 2009 3 137 125 365 281 28 177 23 6 4 7 0 0 0 0 0 0 0 0 14 6 0 0 0 0 14 29 7 6 0 0 0
P384 2009 4 0 0 0 0 0 0 0 0 0 0 5 0 9 11 4 0 0 0 9 18 7 0 0 0 0 0 0 0 0 0 -999
P384 2009 5 0 0 0 0 12 12 0 0 0 0 0 0 0 0 0 0 0 0 0 0 5 0 0 0 0 0 0 24 0 0 0
P384 2009 6 0 39 37 38 17 8 8 21 34 27 44 43 36 15 7 7 10 18 9 25 23 10 6 0 0 0 0 0 0 0 -999
P384 2009 7 0 0 0 0 0 0 0 0 0 0 0 0 0 0 0 0 0 0 0 0 0 0 0 0 0 0 0 0 0 0 0
P384 2009 8 0 0 0 0 0 0 0 0 0 0 0 0 0 0 0 0 0 0 0 0 0 0 0 0 0 0 0 0 0 0 0
P384 2009 9 0 0 0 0 0 0 0 0 0 0 0 0 0 0 0 7 0 0 0 0 0 0 0 0 0 0 0 0 0 0 -999
P384 2009 10 19 79 79 27 23 19 13 6 0 0 0 0 0 0 0 0 0 0 0 0 0 4 5 4 0 0 0 0 0 0 0
P384 2009 11 0 12 24 0 0 10 0 5 10 12 40 13 5 0 0 0 0 0 0 0 0 0 0 0 0 0 0 0 0 5 -999
P384 2009 12 0 0 4 0 0 0 6 5 0 9 15 10 0 0 11 50 23 6 0 0 0 0 0 7 14 50 30 35 29 11 23
P384 2010 1 0 0 0 0 0 0 0 8 0 0 8 0 0 0 4 4 14 16 18 5 5 3 0 6 10 10 3 0 0 0 0
P384 2010 2 0 0 0 0 2 0 0 0 2 6 7 7 8 4 3 5 8 4 5 0 8 5 1 0 0 0 0 0 -999 -999 -999
P384 2010 3 4 2 0 0 0 0 23 54 101 27 8 2 0 3 3 0 3 4 9 65 96 28 35 27 21 9 15 7 4 3 8
P384 2010 4 40 116 51 0 12 14 128 48 17 5 7 37 6 0 0 0 0 0 0 0 0 0 0 5 5 0 0 0 0 0 -999
P384 2010 5 0 0 0 0 0 0 0 0 0 0 0 0 0 0 0 0 0 0 0 4 0 4 9 12 0 0 0 8 15 0 0
P384 2010 6 0 0 0 0 0 0 0 0 0 0 10 0 7 45 14 10 0 0 0 0 6 8 0 0 0 0 0 0 0 0 -999
P384 2010 7 0 0 0 0 0 13 0 0 0 0 0 0 0 0 0 0 0 0 0 0 0 0 0 0 0 0 0 0 0 0 0
P384 2010 8 0 0 0 0 0 0 0 0 0 0 0 0 0 0 0 0 0 0 0 0 0 0 0 0 0 0 0 0 0 0 0
P384 2010 9 0 0 0 0 0 0 0 0 0 0 0 0 0 0 0 0 0 0 0 0 17 15 0 20 105 103 0 0 0 0 -999
P384 2010 10 0 0 0 0 0 0 0 0 0 0 0 0 0 0 0 0 0 0 0 0 0 0 10 6 10 15 26 0 0 6 0
P384 2010 11 6 0 0 0 0 0 0 0 0 5 26 251 180 54 135 13 22 39 16 0 0 0 5 3 0 0 0 0 0 0 -999
P384 2010 12 0 6 4 6 13 6 4 10 9 5 8 0 0 0 0 4 5 7 7 7 5 0 7 9 6 0 0 0 3 3 3
P384 2011 1 0 0 0 0 0 0 0 0 0 0 0 5 6 5 3 15 57 62 45 24 20 9 2 0 2 10 24 6 0 7 4
P384 2011 2 5 3 6 0 0 0 0 0 5 10 17 4 2 2 4 10 6 10 18 22 16 9 11 26 42 7 7 21 -999 -999 -999
P384 2011 3 12 7 18 11 7 64 124 29 15 8 0 0 0 5 21 29 2 8 9 6 0 0 3 7 0 0 12 0 10 0 0
P384 2011 4 16 36 11 11 0 0 0 0 16 37 11 5 5 0 0 0 0 10 20 31 0 0 0 0 0 0 0 0 0 0 -999
P384 2011 5 0 0 0 0 0 0 0 0 7 12 12 0 0 0 0 0 0 0 0 0 0 0 0 0 0 0 5 0 0 0 0
P384 2011 6 0 0 0 0 0 0 0 0 0 0 0 19 0 0 0 0 0 0 0 0 0 0 0 0 0 25 0 0 0 0 -999
P384 2011 7 0 0 0 0 0 0 0 0 0 0 0 0 0 0 0 0 0 0 0 0 0 0 0 0 0 0 0 0 0 0 0
P384 2011 8 0 0 0 0 0 0 0 0 0 0 0 0 0 0 0 0 0 0 0 0 0 0 0 0 0 0 0 0 0 0 0
P384 2011 9 0 0 0 0 0 0 0 0 0 0 0 0 0 0 0 0 0 0 0 0 0 0 0 0 0 0 0 0 0 0 -999
P384 2011 10 0 0 0 0 0 0 6 5 10 0 0 0 0 0 0 0 0 0 12 14 6 32 0 0 0 4 5 0 14 85 38
P384 2011 11 28 36 123 23 7 12 13 14 0 0 0 11 11 37 0 0 0 0 0 0 13 21 73 17 6 5 19 22 25 6 -999
P384 2011 12 12 9 0 0 0 0 0 0 0 0 0 0 0 0 11 14 24 14 0 0 0 0 0 0 8 41 238 45 17 12 12
P384 2012 1 10 18 76 30 76 15 9 0 0 0 0 6 11 7 0 7 15 57 33 9 6 9 21 8 0 0 3 3 2 0 0
P384 2012 2 0 0 0 0 0 0 0 0 0 4 16 34 32 12 25 9 116 5 12 0 0 0 5 10 15 3 4 0 -999 -999 -999
P384 2012 3 0 0 0 0 0 0 0 0 0 0 0 0 4 6 0 0 4 12 6 4 0 0 0 5 7 5 8 5 0 0 0
P384 2012 4 0 0 0 0 0 0 0 0 0 0 0 0 0 0 0 0 0 0 0 0 0 0 0 0 0 0 0 0 0 0 -999
P384 2012 5 0 0 0 0 0 0 11 27 74 104 33 40 31 0 0 0 5 6 6 0 0 0 0 17 24 35 21 15 35 22 6
P384 2012 6 0 0 0 0 0 7 0 0 0 0 0 0 0 0 0 0 0 0 0 0 0 0 0 0 0 0 0 0 0 0 -999
P384 2012 7 0 0 0 0 0 0 0 0 0 0 0 0 0 0 0 0 0 0 0 0 0 0 0 0 0 0 0 0 0 0 0
P384 2012 8 0 0 0 0 0 0 0 0 0 0 0 0 0 0 0 0 0 0 0 0 0 0 0 0 0 0 0 0 0 0 0
P384 2012 9 0 0 0 0 0 0 0 0 0 0 0 0 0 0 0 0 0 0 0 0 0 0 0 0 0 0 0 0 0 8 -999
P384 2012 10 16 0 0 0 0 0 0 0 0 26 23 9 7 0 0 0 0 15 12 18 73 57 19 7 11 15 0 0 0 208 77
P384 2012 11 0 0 0 0 24 20 0 0 0 0 0 11 28 4 0 0 0 0 0 0 0 0 0 0 0 0 0 0 0 5 -999
P384 2012 12 29 8 5 0 6 9 0 0 0 0 0 3 4 0 0 0 0 5 0 15 3 13 10 6 2 0 0 0 0 0 0
P384 2013 1 5 4 0 0 0 0 0 0 0 0 0 0 3 5 3 6 0 0 0 0 0 6 15 23 12 5 3 5 7 0 3
P384 2013 2 2 4 5 6 5 72 112 59 42 5 0 0 0 0 0 5 16 5 7 4 0 16 26 9 32 76 57 39 -999 -999 -999
P384 2013 3 14 11 3 0 0 0 0 0 0 3 7 13 147 162 16 9 10 23 5 0 0 0 0 0 0 0 0 0 0 0 0
P384 2013 4 6 40 57 33 28 41 29 13 23 6 0 0 14 88 79 65 49 47 110 89 73 62 40 15 0 3 6 9 8 7 -999
P384 2013 5 7 4 4 0 0 0 5 11 0 8 10 7 4 0 10 17 0 19 20 25 17 28 16 10 0 5 0 0 0 0 0
P384 2013 6 0 0 0 0 0 0 0 0 0 0 0 0 0 0 0 0 0 0 0 11 0 0 0 0 0 0 0 0 0 0 -999
P384 2013 7 0 0 0 0 0 0 0 0 0 0 0 0 0 0 0 0 0 0 0 0 0 0 0 0 0 0 0 0 0 0 0
P384 2013 8 0 0 0 0 0 0 0 0 0 0 0 0 0 0 0 0 0 0 0 0 0 0 0 0 0 0 0 0 0 0 0
P384 2013 9 0 0 0 0 0 0 0 0 0 0 0 0 0 0 0 0 0 0 0 0 0 0 0 0 0 0 0 0 0 0 -999
P384 2013 10 0 0 0 4 10 40 25 0 13 15 61 19 29 43 40 33 7 14 7 7 0 0 18 9 4 0 0 0 0 0 0
P384 2013 11 0 0 0 0 0 0 0 0 0 0 0 0 7 6 26 8 0 12 0 0 0 0 0 0 0 6 10 30 28 26 -999
P384 2013 12 53 22 38 46 15 24 8 3 3 3 4 3 0 0 0 13 71 39 7 0 0 0 0 0 0 0 0 0 0 0 0
P384 2014 1 13 63 22 11 13 0 7 5 19 11 6 0 6 0 0 0 0 0 0 0 4 0 7 21 33 80 15 27 74 328 25
P384 2014 2 146 12 8 35 41 17 18 31 8 5 0 0 0 0 0 0 3 9 12 14 13 10 3 0 0 0 0 0 -999 -999 -999
P384 2014 3 0 0 0 0 0 0 0 0 0 0 0 0 0 5 14 11 5 3 4 9 32 43 34 35 31 13 5 11 7 5 23
P384 2014 4 26 0 0 0 0 0 0 4 17 48 78 6 0 0 0 0 0 0 0 0 0 0 0 0 0 0 0 5 20 29 -999
P384 2014 5 13 18 0 0 0 0 0 6 4 0 0 14 16 10 10 6 7 29 12 9 0 4 0 0 4 0 0 0 0 14 36
P384 2014 6 22 23 5 0 0 0 0 0 0 0 0 0 0 0 0 0 0 0 0 0 0 0 0 0 0 0 0 0 0 0 -999
P384 2014 7 0 0 0 0 0 0 0 0 0 0 0 0 0 0 0 0 0 0 0 0 0 0 0 0 0 0 0 0 0 0 0
P384 2014 8 0 0 0 0 0 0 0 0 0 0 0 0 0 0 0 0 0 0 0 0 0 0 0 0 0 0 0 0 0 0 0
P384 2014 9 0 0 0 0 0 0 0 0 0 0 0 0 0 0 0 0 0 0 0 0 0 0 0 0 0 0 0 0 0 0 -999
P384 2014 10 0 0 0 0 0 0 0 0 17 22 0 0 0 0 0 0 0 0 0 0 7 17 15 10 6 14 0 0 0 0 0
P384 2014 11 0 8 12 6 21 28 4 0 0 0 0 11 10 0 0 0 0 26 17 52 32 4 5 19 41 63 18 15 10 22 -999
P384 2014 12 9 0 0 0 0 0 0 0 0 0 0 0 0 0 12 10 81 69 5 419 32 32 37 44 8 0 9 2 0 0 0
P384 2015 1 0 0 0 0 0 0 0 0 0 0 0 0 0 0 0 0 3 0 0 0 0 0 0 0 16 53 25 12 2 24 5
P384 2015 2 6 0 0 0 0 0 0 0 11 13 28 116 268 212 86 49 81 251 75 60 37 22 10 0 0 0 9 12 -999 -999 -999
P384 2015 3 0 14 82 59 24 10 8 5 0 6 11 30 32 21 31 54 66 110 140 19 12 26 8 7 13 25 26 14 9 12 10
P384 2015 4 5 4 0 0 26 77 22 5 12 88 70 32 38 26 110 62 17 18 22 9 9 8 6 17 10 0 0 0 0 0 -999
P384 2015 5 0 0 5 11 19 8 8 9 0 4 0 0 0 0 0 0 0 0 0 0 0 0 0 0 0 9 0 0 0 0 0
P384 2015 6 0 0 0 7 23 26 9 0 0 0 0 0 0 0 0 0 0 0 0 0 0 0 0 0 0 0 0 0 0 0 -999
P384 2015 7 0 0 0 0 0 0 0 0 0 0 0 0 0 0 0 0 0 0 0 0 0 0 0 0 0 0 0 0 0 0 0
P384 2015 8 0 0 0 0 0 0 0 0 0 0 0 0 0 0 0 0 0 0 0 0 0 0 0 0 0 0 0 0 0 0 0
P384 2015 9 0 0 0 0 0 12 0 0 0 0 0 0 0 0 0 0 16 75 27 0 0 0 0 0 0 0 0 0 0 0 -999
P384 2015 10 0 0 0 0 0 0 0 0 0 50 41 45 9 6 5 15 24 75 166 54 26 9 6 0 0 0 3 8 0 0 0
P384 2015 11 0 0 0 0 0 0 0 18 0 0 0 0 0 0 7 0 0 0 0 0 0 0 0 0 0 0 0 0 0 0 -999
P384 2015 12 0 0 0 0 0 0 0 0 0 0 0 6 5 6 0 0 0 0 6 7 6 24 0 0 28 7 12 38 8 28 21
P384 2016 1 15 9 0 3 10 19 29 53 15 12 138 76 56 85 25 16 5 2 3 29 12 12 3 3 2 2 2 4 23 17 10
P384 2016 2 12 7 3 2 5 15 3 3 9 0 3 4 4 4 5 0 0 0 0 0 0 0 0 0 0 0 0 0 -999 -999 -999
P384 2016 3 0 0 0 0 0 0 3 8 0 0 0 0 0 0 0 0 0 7 3 0 0 0 2 3 0 0 0 0 0 11 6
P384 2016 4 5 0 7 88 72 14 19 8 32 9 6 14 13 5 0 11 46 38 15 17 12 10 65 0 0 0 20 22 0 19 -999
P384 2016 5 43 18 7 4 4 0 0 0 0 0 5 0 0 0 0 0 0 0 0 0 0 0 0 0 0 0 0 0 0 0 0
P384 2016 6 22 0 0 0 0 7 0 0 0 0 0 0 0 0 0 0 0 0 0 0 0 0 0 0 0 0 0 9 0 0 -999
P384 2016 7 0 0 0 0 0 0 0 0 0 0 0 0 0 0 0 0 0 0 0 0 0 0 0 0 0 0 0 0 0 0 0
P384 2016 8 0 0 0 0 0 0 0 0 0 0 0 0 0 0 0 0 0 0 0 0 0 0 0 0 0 0 0 0 0 0 0
P384 2016 9 0 0 0 0 0 0 0 0 0 0 0 0 0 0 0 0 0 0 0 0 0 0 0 0 0 0 0 0 0 0 -999
P384 2016 10 4 0 0 0 0 0 0 18 20 11 12 0 0 0 4 9 12 10 10 0 8 6 15 36 98 32 69 140 49 0 0
P384 2016 11 0 0 0 57 47 12 46 27 24 12 37 61 233 146 13 49 0 0 16 13 0 0 17 56 247 41 12 0 0 0 -999
P384 2016 12 0 0 0 0 0 0 0 0 0 0 0 0 3 3 5 0 0 0 2 0 0 1 0 0 0 0 0 0 5 12 4
P384 2017 1 4 4 36 18 33 6 13 8 10 57 8 7 3 0 0 4 0 0 3 13 9 0 0 0 5 13 24 150 5 0 0
P384 2017 2 0 0 0 14 20 19 16 19 9 13 16 18 21 131 60 12 11 18 238 159 226 44 26 4 5 12 77 62 -999 -999 -999
P384 2017 3 20 27 31 61 220 25 5 11 48 38 54 52 22 8 15 43 83 91 32 37 12 339 83 25 9 15 15 32 96 24 61
P384 2017 4 74 37 25 8 12 25 170 47 10 51 215 64 18 16 21 5 5 8 9 13 11 11 3 4 8 19 7 5 7 8 -999
P384 2017 5 12 8 0 0 0 5 12 9 6 10 8 0 0 14 0 0 0 0 0 0 0 0 16 18 11 0 0 0 0 0 0
P384 2017 6 0 0 0 0 0 0 0 4 0 0 0 0 0 0 0 0 0 0 0 0 0 0 0 0 0 0 0 0 0 0 -999
P384 2017 7 0 0 0 0 0 0 0 0 0 0 0 0 0 0 0 0 0 0 0 0 0 0 0 0 0 0 0 0 0 0 0
P384 2017 8 0 0 0 0 0 0 0 0 0 0 7 0 0 0 0 0 0 0 0 0 0 0 0 0 0 0 0 0 0 0 0
P384 2017 9 0 0 0 0 0 20 15 0 0 0 0 0 0 0 0 0 0 0 0 0 0 0 0 0 0 0 4 9 21 27 -999
P384 2017 10 13 0 0 0 7 0 4 5 7 7 0 0 0 0 0 0 0 0 0 0 0 0 13 10 11 9 4 4 3 3 0
P384 2017 11 9 6 0 0 8 10 0 0 9 20 13 5 0 0 0 0 0 6 5 0 0 0 0 23 24 0 0 0 0 0 -999
P384 2017 12 0 3 4 0 0 0 0 0 0 0 0 0 13 52 22 36 57 14 8 5 27 103 13 0 0 0 7 70 311 89 28
P384 2018 1 0 0 0 0 0 0 0 0 0 0 0 0 0 0 0 0 5 2 0 0 0 0 7 17 51 52 9 10 12 32 21
P384 2018 2 10 69 134 14 47 83 22 82 5 5 11 73 86 14 3 0 2 4 6 5 3 7 11 11 5 4 9 28 -999 -999 -999
P384 2018 3 14 9 11 10 8 14 5 3 0 20 40 71 15 0 0 0 0 2 3 18 29 14 8 26 29 62 33 32 22 78 17
P384 2018 4 18 50 43 23 10 6 0 0 0 0 4 28 80 17 14 62 9 11 5 0 0 0 0 0 11 8 11 16 33 59 -999
P384 2018 5 37 38 61 40 5 0 0 0 0 0 0 0 0 0 0 16 33 49 27 13 4 0 0 0 0 0 0 0 0 0 0
P384 2018 6 0 0 0 0 0 40 0 0 0 0 0 0 0 0 0 0 0 0 0 0 0 0 0 0 0 0 0 0 0 0 -999
P384 2018 7 0 0 0 0 0 0 0 0 0 0 0 0 0 0 0 0 0 0 0 0 0 0 0 0 0 0 0 0 0 0 0
P384 2018 8 0 0 0 0 0 0 0 0 0 0 0 0 0 0 0 0 0 0 0 0 0 0 0 0 0 0 0 0 0 0 0
P384 2018 9 0 0 0 0 0 16 11 0 0 0 0 0 0 0 0 0 0 0 0 11 25 44 16 0 0 0 0 0 0 0 -999
P384 2018 10 0 0 0 7 8 4 0 0 0 0 0 0 0 9 15 10 6 7 19 44 66 24 18 53 47 19 13 7 0 7 30
P384 2018 11 21 10 18 17 11 0 0 0 8 12 0 0 0 0 0 0 0 0 0 0 15 58 25 27 25 61 31 34 16 0 -999
P384 2018 12 0 0 0 0 0 0 0 0 0 4 3 0 0 4 0 0 0 0 0 0 0 0 4 10 9 51 40 5 0 0 0
P384 2019 1 0 0 0 3 4 15 17 10 6 5 3 4 8 0 0 0 0 0 0 0 0 0 0 0 3 0 0 0 0 5 12
P384 2019 2 4 0 8 5 4 8 17 22 12 20 25 6 4 8 33 19 9 0 0 0 0 7 91 235 91 9 21 172 -999 -999 -999
P384 2019 3 248 85 52 46 52 107 16 15 89 70 62 23 4 0 0 0 0 0 0 0 0 0 3 7 11 15 38 18 18 31 7
P384 2019 4 4 6 0 0 0 0 0 0 0 0 0 0 3 0 0 0 0 0 0 0 0 0 0 0 0 0 0 29 17 9 -999
P384 2019 5 9 7 0 0 0 0 0 0 14 0 0 0 17 13 0 0 0 0 0 0 0 0 0 0 0 0 0 0 7 22 15
P384 2019 6 0 0 0 0 0 0 0 0 0 0 0 7 5 0 0 0 0 0 0 0 0 0 0 0 0 19 18 0 0 0 -999
P384 2019 7 0 0 13 0 0 0 0 0 0 0 0 0 0 0 0 0 0 0 0 0 0 0 0 0 0 0 0 0 0 0 0
P384 2019 8 0 0 0 0 0 0 0 0 0 0 0 0 0 0 0 0 0 0 0 0 0 0 0 0 0 0 0 0 0 0 0
P384 2019 9 15 0 0 0 0 0 0 0 0 10 0 18 19 0 0 10 0 0 0 0 0 5 8 13 0 0 0 0 0 0 -999
P384 2019 10 0 0 19 30 22 31 43 16 40 18 0 0 0 0 0 0 13 0 0 0 11 8 0 0 0 0 0 0 0 0 0
P384 2019 11 0 0 0 0 17 68 14 7 0 0 0 0 0 17 17 0 0 0 0 0 0 0 0 0 0 24 6 8 6 8 -999
P384 2019 12 7 0 0 0 0 0 0 0 0 0 0 0 0 0 15 16 12 23 42 32 15 63 104 75 150 15 0 0 0 0 0
P384 2020 1 0 8 52 117 51 178 46 11 8 7 12 10 0 0 0 0 0 0 0 0 0 3 4 7 5 4 2 4 6 19 19
P384 2020 2 40 37 61 72 10 7 5 0 3 7 6 0 0 36 18 46 48 37 28 31 40 76 159 32 5 8 18 12 -999 -999 -999
P384 2020 3 9 0 0 0 0 0 0 0 0 0 4 6 21 26 60 36 22 13 5 4 7 22 155 215 78 14 35 3 7 6 0
P384 2020 4 0 0 0 0 0 0 9 14 41 36 53 54 38 13 4 0 0 0 0 11 64 17 49 68 57 15 0 0 23 20 -999
P384 2020 5 23 36 19 20 7 4 4 4 4 0 4 4 0 0 0 0 26 37 37 16 12 13 10 14 15 18 77 95 44 22 11
P384 2020 6 3 5 3 0 0 6 9 19 5 0 0 0 0 5 13 16 0 0 0 0 0 0 0 0 0 0 0 0 0 0 -999
P384 2020 7 0 0 0 0 0 0 0 0 0 0 0 0 0 0 0 0 0 0 0 0 0 0 0 0 0 0 0 0 0 0 0
P384 2020 8 0 0 0 0 0 0 0 0 0 0 0 0 0 0 0 0 0 0 0 0 0 0 0 0 0 0 0 0 30 32 28
P384 2020 9 0 0 0 0 0 0 0 0 12 0 0 0 18 0 28 21 0 0 37 11 0 0 0 0 0 0 0 0 0 0 -999
P384 2020 10 0 0 0 5 5 10 4 0 0 0 9 7 6 9 0 0 0 0 0 0 0 0 20 32 7 20 186 72 6 0 0
P384 2020 11 7 0 10 27 11 17 24 17 0 0 0 0 4 3 0 0 16 23 47 175 90 11 0 0 0 0 0 0 0 0 -999
P384 2020 12 0 6 10 13 8 5 0 0 0 8 5 0 7 3 0 0 0 6 0 6 35 213 122 17 0 0 0 0 0 0 0
P384 2021 1 0 3 4 4 6 0 0 0 0 0 0 11 7 10 3 4 20 71 32 16 14 10 25 68 78 153 437 210 32 29 200
P384 2021 2 23 37 33 35 58 101 13 33 3 12 15 44 40 9 5 5 0 2 0 0 0 0 0 5 5 8 72 41 -999 -999 -999
P384 2021 3 5 16 57 42 79 181 94 41 18 9 0 4 159 45 241 71 167 141 334 56 17 7 17 18 0 0 0 0 6 0 6
P384 2021 4 12 16 4 19 7 0 0 0 0 23 17 0 0 0 0 12 17 5 0 4 6 7 11 64 121 79 39 16 7 5 -999
P384 2021 5 3 0 0 0 0 5 6 11 5 0 5 4 7 0 0 0 0 0 0 0 0 0 0 16 0 0 0 8 17 19 16
P384 2021 6 27 31 8 0 0 0 19 22 21 18 14 4 11 19 12 0 0 0 0 0 0 0 0 0 0 0 0 0 0 0 -999
P384 2021 7 0 0 0 0 0 0 0 0 0 0 0 0 0 0 0 0 0 0 0 0 0 0 0 0 0 0 0 0 0 0 0
P384 2021 8 0 0 0 0 0 0 0 17 22 10 0 0 0 0 0 0 0 0 0 0 0 0 0 0 0 0 0 0 0 0 0
P384 2021 9 0 0 0 0 0 0 0 0 0 0 0 0 0 0 20 19 0 0 0 0 0 0 0 0 73 28 12 11 7 15 -999
P384 2021 10 14 44 60 16 0 0 25 35 14 0 0 0 0 13 20 0 0 0 39 13 13 11 0 0 11 7 19 7 4 7 28
P384 2021 11 28 17 0 0 19 29 23 32 0 0 0 0 0 0 0 0 0 0 0 6 0 0 0 3 0 0 0 0 0 0 -999
P384 2021 12 0 0 0 0 0 0 0 0 0 0 0 0 17 24 143 40 250 262 146 57 219 13 26 34 53 26 88 171 49 13 3
P384 2022 1 0 0 0 0 0 0 0 0 0 0 0 0 8 38 21 8 4 4 9 17 6 2 2 3 3 0 0 0 0 0 0
P384 2022 2 0 5 4 3 0 0 0 0 0 7 4 0 0 4 20 6 4 0 0 0 13 6 5 15 4 6 10 142 -999 -999 -999
P384 2022 3 32 17 0 11 23 44 5 0 0 7 0 0 0 0 0 7 0 0 0 5 9 4 3 3 5 5 0 0 4 4 8
P384 2022 4 26 87 151 27 10 78 16 6 6 0 0 53 20 4 0 0 15 18 14 33 49 70 16 23 9 6 5 0 0 0 -999
P384 2022 5 0 0 0 0 0 0 0 0 0 0 0 0 0 0 0 0 0 0 0 0 0 4 5 15 0 0 0 0 0 0 0
P384 2022 6 0 0 0 0 0 0 0 0 0 0 0 0 0 0 0 0 0 0 0 0 0 0 0 0 0 0 0 0 0 0 -999
P384 2022 7 0 0 0 0 0 0 0 0 0 0 0 0 0 0 0 0 0 0 0 0 0 0 0 0 0 0 0 0 0 0 0
P384 2022 8 0 0 0 0 0 0 0 0 0 0 0 0 0 0 0 0 0 0 0 0 0 0 0 0 0 0 0 0 0 0 0
P384 2022 9 0 0 0 0 0 0 0 0 0 0 0 0 0 0 0 0 0 0 0 0 0 0 5 19 6 3 0 0 0 0 -999
P384 2022 10 0 0 0 0 0 7 0 0 0 0 0 0 0 0 0 0 0 0 0 21 19 7 0 0 0 0 28 13 0 0 0
P384 2022 11 16 0 11 5 7 4 0 0 0 0 0 10 53 61 80 34 9 12 15 140 86 174 313 254 7 0 0 0 0 0 -999
P384 2022 12 0 3 4 0 0 31 84 22 9 0 0 4 0 0 0 0 7 6 7 22 16 9 21 59 46 77 47 85 159 11 17
P384 2023 1 16 41 34 63 209 103 47 69 23 3 31 21 13 29 6 5 10 14 21 9 6 7 16 7 3 4 0 0 0 0 0
P384 2023 2 0 4 5 4 0 0 0 0 0 0 0 6 5 10 31 22 12 30 5 37 9 0 0 0 0 0 3 0 -999 -999 -999
P384 2023 3 0 0 5 4 0 0 0 0 0 0 0 0 0 0 60 49 126 100 26 12 42 50 0 0 0 10 0 0 9 17 0
P384 2023 4 0 0 0 0 0 0 13 26 18 0 3 4 4 8 40 23 10 10 14 8 9 18 7 4 10 6 4 0 0 0 -999
P384 2023 5 26 122 70 87 31 21 41 82 90 32 9 6 21 0 0 0 14 0 9 0 0 7 4 5 0 0 0 0 0 0 0
P384 2023 6 0 0 0 0 0 0 0 0 0 0 0 6 9 0 16 11 6 6 6 0 0 0 0 0 0 0 0 0 0 0 -999
P384 2023 7 0 0 0 0 0 0 0 0 0 0 0 0 0 0 0 0 0 14 20 17 0 0 0 16 0 0 0 0 0 0 0
P384 2023 8 0 0 0 0 0 0 0 0 0 0 0 0 0 0 0 0 0 0 0 0 0 0 0 0 0 0 0 0 0 0 0
P384 2023 9 0 0 0 0 0 0 0 0 0 0 0 0 0 0 0 0 0 5 0 0 0 0 0 0 0 0 0 0 0 8 -999
P384 2023 10 28 13 3 0 0 0 0 0 0 0 0 0 11 14 7 8 5 18 20 43 8 10 0 0 0 0 0 6 3 10 19
P384 2023 11 9 8 0 0 0 0 0 10 32 43 54 43 11 0 0 0 0 0 0 0 0 0 0 0 0 0 0 0 0 0 -999
P384 2023 12 0 16 66 29 0 0 0 0 0 0 0 4 0 0 4 3 0 10 9 51 15 21 5 17 3 0 0 0 0 0 2
P384 2024 1 0 0 0 0 0 0 0 0 0 0 0 0 0 0 0 0 3 7 40 60 20 15 24 8 4 10 25 40 2 0 0
P384 2024 2 0 0 0 17 8 15 17 123 90 34 33 148 19 0 0 0 0 0 0 0 0 0 0 0 0 0 0 0 -999 -999 -999
P384 2024 3 0 0 0 0 0 6 7 6 11 7 16 30 11 44 5 5 10 15 40 7 7 4 3 5 4 4 5 4 7 16 16
P384 2024 4 17 12 6 10 51 76 191 113 42 81 37 0 0 0 0 0 0 0 0 0 8 76 12 3 0 0 0 0 0 5 -999
P384 2024 5 4 0 4 5 7 15 34 24 10 0 0 0 16 14 11 5 7 8 0 0 0 0 0 0 0 0 19 18 10 0 0
P384 2024 6 0 0 0 0 0 0 0 0 0 0 0 27 0 0 0 0 0 0 0 0 0 0 0 0 0 0 0 0 0 0 -999
P384 2024 7 0 0 0 0 0 0 0 0 0 0 0 0 0 0 0 0 0 0 0 0 0 0 0 0 0 0 0 0 0 0 0
P384 2024 8 0 0 0 0 0 0 0 0 0 0 0 0 0 0 0 0 0 0 0 0 0 0 0 0 0 0 0 0 0 0 0
P384 2024 9 0 0 0 0 0 0 0 0 0 0 0 0 0 0 0 17 89 0 10 32 89 42 20 12 0 0 0 0 8 0 -999
P384 2024 10 0 42 93 16 46 26 14 0 0 0 0 0 0 0 23 0 0 0 0 0 0 0 0 0 0 0 0 0 0 14 19
P384 2024 11 23 115 121 57 18 11 0 0 0 0 6 49 47 47 67 15 6 3 3 0 0 0 0 0 0 0 0 12 16 48 -999
P384 2024 12 64 28 19 4 0 0 0 0 8 22 43 17 34 12 0 0 0 0 7 0 0 4 6 0 0 0 0 0 0 0 4
P384 2025 1 0 0 4 43 349 151 17 14 11 0 0 0 0 0 2 0 0 9 11 3 0 0 0 0 0 0 0 10 9 13 0
P384 2025 2 0 5 0 0 0 12 17 233 33 9 119 112 3 9 28 14 8 0 0 0 0 0 0 0 4 0 0 0 -999 -999 -999
P384 2025 3 0 16 6 0 0 0 19 65 8 9 4 0 0 0 0 0 0 0 0 0 0 0 0 0 0 0 13 14 0 0 0
P384 2025 4 0 0 0 0 0 0 0 0 0 0 0 0 0 0 0 0 0 0 0 0 0 0 0 0 0 0 0 0 4 3 -999
P384 2025 5 0 0 5 5 0 0 0 0 0 0 0 0 3 12 9 0 0 0 0 0 0 7 5 9 9 8 12 21 28 0 0
P384 2025 6 0 0 0 0 0 0 0 0 0 0 0 0 0 0 0 0 0 0 0 0 0 0 0 0 0 0 0 0 0 0 -999
P384 2025 7 35 0 0 0 0 0 0 0 0 0 0 0 0 0 0 0 0 0 0 0 0 0 0 0 0 0 0 0 0 0 0
P384 2025 8 0 0 0 0 0 0 0 0 0 0 0 0 0 0 0 0 0 0 0 0 0 0 0 0 0 0 0 0 0 0 0
P384 2025 9 0 0 0 0 0 0 0 0 0 0 0 0 0 0 0 0 0 15 0 0 0 0 0 0 0 0 8 9 0 0 -999
P384 2025 10 0 0 0 0 0 0 0 0 0 0 0 0 0 0 0 10 41 153 72 103 244 107 15 4 0 0 0 0 5 54 90
P384 2025 11 167 43 15 194 60 12 13 7 67 236 42 0 0 73 88 8 0 0 0 0 0 0 0 0 0 0 0 0 0 0 -999
P384 2025 12 0 0 0 0 0 0 0 0 0 0 5 13 21 0 0 15 2 11 7 5 8 84 56 113 80 64 12 30 12 17 24
P384 2026 1 40 6 4 0 0 0 0 0 0 0 0 0 0 0 0 0 0 0 6 14 0 0 0 2 0 0 0 0 0 0 0
P384 2026 2 0 0 0 0 0 0 0 0 0 0 0 0 4 0 0 17 12 8 2 7 0 3 2 5 4 5 4 6 -999 -999 -999
P384 2026 3 6 6 10 47 53 69 14 4 2 0 0 0 15 36 0 0 0 0 0 0 0 16 236 65 112 160 11 8 10 12 8
P384 2026 4 0 12 0 4 6 0 8 3 9 3 6 0 8 9 5 5 9 8 7 4 4 0 0 0 0 0 0 0 13 29 -999
P384 2026 5 16 7 4 0 0 0 0 0 6 10 10 8 6 5 3 0 0 0 0 0 0 0 0 0 0 0 0 0 0 0 0
P384 2026 6 0 0 0 0 0 0 0 0 0 0 0 0 0 0 0 36 0 0 0 0 0 0 0 0 0 0 0 0 0 0 -999
P384 2026 7 0 0 0 0 0 0 0 0 0 0 0 0 0 0 0 0 0 0 0 0 0 0 0 0 0 0 0 0 0 0 0
P384 2026 8 0 0 0 0 0 0 0 0 0 0 0 0 0 0 0 0 0 0 0 0 0 0 0 0 0 0 0 0 0 0 0
P384 2026 9 4 7 7 7 0 0 0 0 0 0 0 0 0 0 0 0 0 0 0 20 18 0 0 0 0 0 0 0 0 0 -999
P384 2026 10 15 0 0 0 0 0 0 0 0 0 0 0 0 0 0 0 0 0 0 0 6 0 0 0 0 0 0 0 12 20 54
P384 2026 11 82 96 18 37 58 32 10 35 96 19 37 58 5 24 98 22 4 0 0 0 8 0 0 0 0 0 0 0 0 0 -999
P384 2026 12 0 0 0 0 0 0 0 0 0 0 0 0 0 6 146 75 55 103 97 38 9 51 27 12 6 0 0 6 0 0 0
P384 2027 1 0 0 0 0 5 60 57 30 9 19 155 74 10 5 26 11 6 0 7 4 9 12 2 0 7 88 74 90 205 9 0
P384 2027 2 0 0 0 0 0 0 0 0 0 0 11 4 3 0 5 6 11 21 16 21 12 20 42 6 0 0 3 0 -999 -999 -999
P384 2027 3 0 8 11 7 3 6 4 9 11 4 9 0 0 0 0 0 15 48 41 15 42 47 40 19 7 7 6 3 0 0 0
P384 2027 4 0 9 15 43 10 13 0 0 0 0 0 0 0 7 5 4 0 7 4 0 0 12 25 11 0 0 0 27 33 19 -999
P384 2027 5 31 7 6 20 60 42 13 4 0 0 13 0 0 0 0 0 0 0 0 0 17 0 0 0 0 5 0 0 4 0 0
P384 2027 6 0 0 0 13 36 15 0 0 0 0 0 0 0 0 0 0 0 0 0 0 0 0 0 0 0 0 0 0 0 0 -999
P384 2027 7 0 0 0 0 0 0 0 0 0 0 0 0 0 0 0 0 0 0 0 0 0 0 0 0 0 0 0 0 0 0 0
P384 2027 8 0 0 0 0 0 0 0 0 0 0 0 0 0 0 0 0 0 0 0 0 0 0 0 0 0 0 0 0 0 0 0
P384 2027 9 0 0 0 0 0 0 0 0 0 0 0 0 18 0 0 0 0 0 0 0 0 0 0 0 0 0 0 0 0 17 -999
P384 2027 10 13 0 0 0 0 0 0 0 0 0 0 0 0 0 0 0 0 5 0 0 0 3 8 24 15 0 0 0 0 0 0
P384 2027 11 0 0 0 0 5 0 0 0 0 15 13 3 4 0 0 0 0 0 0 0 6 12 20 14 21 24 0 0 0 0 -999
P384 2027 12 0 0 0 0 0 0 0 0 0 0 0 0 4 4 7 11 8 7 0 0 0 0 0 0 3 0 0 0 0 0 0
P384 2028 1 0 0 0 0 0 0 0 0 0 0 0 4 4 0 3 8 46 31 5 2 0 0 3 4 5 4 16 14 0 0 5
P384 2028 2 6 29 39 20 21 36 51 41 16 29 87 101 39 42 31 46 59 17 13 0 0 7 0 0 0 0 0 0 -999 -999 -999
P384 2028 3 0 0 0 5 0 0 0 0 0 5 25 20 13 29 18 0 0 0 0 0 0 0 3 0 0 9 7 0 0 0 0
P384 2028 4 0 0 0 0 0 0 0 0 0 6 4 0 0 0 0 0 11 0 14 31 5 3 0 0 0 0 0 0 0 0 -999
P384 2028 5 0 0 0 0 0 0 0 8 41 29 9 8 13 0 13 0 0 0 0 0 0 0 0 8 9 0 0 10 9 0 0
P384 2028 6 8 12 10 9 13 26 29 12 4 0 0 0 7 0 0 19 0 11 0 0 0 0 0 0 0 0 0 18 52 38 -999
P384 2028 7 16 0 0 0 0 0 0 0 0 0 0 12 15 0 0 0 0 0 0 0 0 0 0 0 0 0 0 0 0 0 0
P384 2028 8 0 0 0 0 0 0 0 0 0 0 0 0 0 0 0 0 0 0 0 0 0 0 0 0 0 0 0 0 0 0 0
P384 2028 9 0 0 0 0 0 0 0 0 0 0 31 0 0 0 0 0 0 0 0 0 0 0 7 0 0 20 0 0 30 0 -999
P384 2028 10 0 0 0 0 0 0 0 0 0 0 5 0 0 0 0 0 0 0 0 0 0 0 0 0 0 0 0 0 0 0 0
P384 2028 11 0 0 9 5 59 32 3 0 0 0 10 14 8 0 0 0 0 0 7 42 36 11 0 0 0 0 0 8 0 0 -999
P384 2028 12 0 0 0 0 0 0 0 0 0 0 0 0 14 15 12 20 33 24 29 32 33 34 38 0 0 10 0 0 5 34 0
P384 2029 1 0 0 14 97 7 4 8 28 6 7 7 42 12 0 0 16 16 8 6 8 5 3 0 0 0 0 11 43 7 8 8
P384 2029 2 17 18 31 16 24 4 0 0 0 8 5 0 0 0 2 7 0 0 0 0 0 0 0 0 0 0 13 10 -999 -999 -999
P384 2029 3 12 9 7 45 97 93 39 13 25 18 13 0 0 0 5 0 0 0 0 21 16 6 4 2 0 0 0 0 0 5 12
P384 2029 4 9 5 7 4 4 0 0 0 0 0 0 0 14 69 4 3 0 10 0 0 0 0 0 0 0 0 0 6 42 27 -999
P384 2029 5 8 4 10 39 116 39 124 88 18 4 4 0 0 0 0 0 0 0 0 0 0 0 0 6 8 0 0 0 14 41 74
P384 2029 6 83 50 58 50 0 0 0 0 0 0 0 0 0 0 0 0 0 0 0 0 0 0 0 0 0 0 0 0 0 0 -999
P384 2029 7 0 0 0 0 0 0 0 0 0 0 0 0 0 0 0 0 0 0 0 0 0 0 0 0 0 0 0 0 0 0 0
P384 2029 8 0 0 0 0 0 0 0 0 0 0 0 0 0 0 0 0 0 0 0 0 0 0 0 0 0 0 0 0 0 0 0
P384 2029 9 0 0 0 0 0 0 0 0 0 0 0 0 0 0 0 0 0 0 0 0 0 0 0 0 13 42 15 8 4 6 -999
P384 2029 10 11 0 0 0 0 0 0 0 0 0 0 0 0 0 0 0 0 7 0 0 0 0 0 0 7 43 22 41 165 55 0
P384 2029 11 0 0 0 0 0 0 0 0 0 0 0 0 0 0 0 0 0 12 7 0 9 0 7 11 4 0 0 0 0 0 -999
P384 2029 12 0 0 8 31 74 11 0 8 47 6 4 0 0 0 0 0 0 4 3 0 0 49 75 40 96 5 17 77 162 8 0
P384 2030 1 0 0 4 10 27 12 17 12 9 59 9 3 3 10 9 32 7 0 0 0 0 0 5 8 13 0 13 13 4 2 2
P384 2030 2 13 9 52 5 10 8 0 0 2 2 0 0 0 0 7 57 7 3 0 0 0 0 0 0 50 0 0 0 -999 -999 -999
P384 2030 3 0 0 0 3 5 0 0 0 0 0 0 0 0 0 0 6 19 16 6 3 4 9 19 29 53 51 29 33 96 31 101
P384 2030 4 92 49 10 0 2 2 0 5 7 13 17 4 0 8 15 7 10 11 17 15 10 0 0 11 27 89 21 6 8 0 -999
P384 2030 5 0 0 0 0 0 0 0 0 0 6 11 20 21 45 60 41 10 10 7 0 0 0 0 0 0 0 0 0 0 0 0
P384 2030 6 0 0 0 0 0 0 0 0 0 0 0 0 0 0 0 6 11 17 9 0 0 0 5 0 0 0 0 0 0 0 -999
P384 2030 7 0 0 0 0 0 0 0 0 0 0 0 0 0 0 0 0 0 0 0 0 0 0 0 0 0 0 0 0 0 0 0
P384 2030 8 0 0 0 23 0 0 0 0 0 0 0 0 0 0 0 0 0 0 0 0 0 0 0 0 0 0 0 0 0 0 0
P384 2030 9 0 0 0 0 0 0 0 0 0 0 0 0 0 0 0 43 101 45 0 0 16 13 12 8 8 6 4 11 10 6 -999
P384 2030 10 0 0 0 0 0 0 19 40 27 52 9 22 15 8 8 0 0 27 142 131 132 89 20 17 6 0 0 0 8 4 6
P384 2030 11 0 6 0 0 6 20 102 82 50 53 60 23 4 19 17 16 48 77 63 15 11 69 70 51 31 17 7 58 40 10 -999
P384 2030 12 0 0 0 0 0 8 12 12 0 4 9 3 0 0 0 0 0 0 0 0 0 0 0 0 0 6 11 16 21 20 7
P384 2031 1 8 0 0 26 15 10 3 22 98 121 41 56 33 143 248 9 0 0 7 0 0 0 0 0 0 0 0 0 0 0 5
P384 2031 2 3 5 12 26 42 25 10 11 31 11 8 11 12 25 27 26 70 29 5 7 15 16 28 12 3 7 0 0 -999 -999 -999
P384 2031 3 4 8 7 17 18 35 10 8 27 71 27 36 89 5 2 0 5 0 0 3 2 0 0 0 0 0 0 0 0 7 23
P384 2031 4 5 7 5 4 12 10 3 6 6 10 4 9 38 8 2 0 0 0 0 0 0 0 0 0 0 0 0 0 0 0 -999
P384 2031 5 0 0 3 0 0 0 0 0 0 12 22 0 0 0 0 7 7 5 0 5 0 0 0 0 0 0 0 0 0 0 0
P384 2031 6 0 0 0 0 0 43 60 0 0 0 0 0 0 0 0 0 0 0 0 0 0 0 0 0 0 0 0 0 0 0 -999
P384 2031 7 0 0 0 0 0 0 0 0 0 0 0 26 0 9 8 0 0 0 0 0 0 0 0 0 0 0 0 0 0 0 0
P384 2031 8 0 0 0 0 0 0 0 0 0 0 0 8 0 0 0 0 0 0 0 0 0 0 0 0 0 0 0 0 0 0 0
P384 2031 9 0 0 0 0 0 0 0 0 0 0 7 14 0 0 0 29 0 0 0 0 0 19 28 12 11 10 22 6 0 0 -999
P384 2031 10 0 0 0 0 0 0 0 7 19 0 0 0 0 0 0 8 7 11 21 24 41 31 19 0 26 0 15 23 0 0 0
P384 2031 11 0 0 8 22 8 26 24 25 0 0 15 10 48 152 210 57 24 44 54 93 162 57 15 29 55 40 71 45 21 27 -999
P384 2031 12 110 265 98 26 150 74 31 33 21 6 5 0 0 0 0 0 0 0 0 4 25 16 34 78 60 87 16 20 8 0 0
P384 2032 1 0 12 40 64 176 57 42 105 37 0 4 41 7 26 65 4 0 0 0 0 0 0 0 0 0 4 6 0 9 59 13
P384 2032 2 5 12 27 12 4 0 0 0 0 25 171 29 15 0 0 8 3 6 0 0 0 7 12 5 7 9 37 44 -999 -999 -999
P384 2032 3 6 0 0 11 0 0 0 0 0 0 0 0 0 0 0 0 0 0 0 0 0 0 0 0 0 0 0 7 15 31 5
P384 2032 4 12 69 52 29 38 26 65 79 47 16 7 4 7 24 6 17 6 4 3 7 4 4 7 76 16 4 0 0 0 0 -999
P384 2032 5 0 0 0 2 2 0 0 0 0 0 0 15 5 3 6 6 0 0 0 5 0 0 0 0 5 6 7 8 13 24 29
P384 2032 6 0 0 0 0 0 0 0 0 0 0 0 0 0 0 0 19 22 0 0 0 0 0 0 0 0 0 0 0 0 0 -999
P384 2032 7 0 0 0 17 0 0 0 0 0 0 0 0 0 0 0 0 0 0 0 0 0 0 0 0 0 0 0 0 0 0 0
P384 2032 8 0 0 0 0 0 0 0 0 0 0 0 0 0 0 0 0 0 0 0 0 38 31 0 0 0 0 0 0 0 0 0
P384 2032 9 0 0 0 0 0 0 0 0 0 0 20 0 13 0 0 11 13 0 5 5 0 0 0 0 0 0 0 0 0 11 -999
P384 2032 10 23 29 29 20 0 0 0 0 11 0 0 11 0 10 52 13 9 0 8 19 13 10 50 29 9 0 0 13 32 3 0
P384 2032 11 4 8 0 13 0 0 0 0 0 0 0 0 0 0 0 11 8 0 0 0 0 0 0 0 5 8 18 0 17 276 -999
P384 2032 12 38 20 14 9 0 0 12 0 0 0 0 0 0 0 0 0 0 0 0 0 0 0 0 6 14 21 8 0 0 0 0
P384 2033 1 0 6 23 91 73 154 90 131 176 88 15 36 82 4 33 234 47 32 20 12 0 0 8 7 8 9 46 47 5 10 4
P384 2033 2 0 0 0 0 4 5 10 12 13 6 76 99 79 4 0 0 6 9 9 0 0 0 0 27 4 0 0 0 -999 -999 -999
P384 2033 3 0 0 5 0 0 0 0 0 0 0 14 86 60 16 17 23 20 31 13 15 38 18 6 0 0 0 6 20 4 4 2
P384 2033 4 0 0 6 28 53 64 63 49 35 36 37 61 72 39 51 380 195 88 23 23 30 109 8 29 31 6 4 7 5 5 -999
P384 2033 5 8 0 14 13 0 0 0 0 0 0 0 8 14 30 8 14 27 38 45 25 33 14 0 0 0 0 0 0 0 0 0
P384 2033 6 0 0 0 0 0 0 0 0 0 0 0 36 0 0 0 0 0 0 0 0 0 0 0 0 0 0 0 0 0 0 -999
P384 2033 7 0 0 0 0 0 0 0 0 0 0 0 0 0 0 0 0 0 0 0 0 0 0 0 0 0 0 0 0 0 0 0
P384 2033 8 0 0 0 0 0 0 0 0 0 0 0 0 0 0 0 0 0 0 0 0 0 0 0 0 0 0 0 0 0 16 0
P384 2033 9 0 0 0 0 0 0 0 0 0 0 0 0 0 0 25 25 0 0 0 0 0 0 0 0 0 0 0 0 0 4 -999
P384 2033 10 4 0 0 24 72 61 53 50 13 15 56 58 61 0 0 0 0 0 0 0 0 0 0 0 0 0 0 10 0 0 0
P384 2033 11 9 12 103 131 14 5 0 0 0 0 0 0 0 0 0 0 7 6 5 0 0 0 0 0 0 0 0 0 0 0 -999
P384 2033 12 4 7 6 4 0 0 0 0 3 0 0 5 3 0 0 0 0 0 0 0 0 0 0 0 0 0 0 4 6 0 0
P384 2034 1 0 0 0 0 0 3 5 5 5 0 0 34 185 59 53 24 12 0 0 0 3 0 0 0 0 0 0 0 0 0 0
P384 2034 2 0 0 0 0 0 0 0 0 0 0 1 3 5 8 15 21 40 58 56 14 5 0 0 0 0 0 5 12 -999 -999 -999
P384 2034 3 32 82 155 22 32 19 12 0 0 0 0 0 0 7 16 12 4 3 3 0 0 3 16 114 56 48 18 16 0 0 0
P384 2034 4 0 0 0 3 0 0 0 0 0 0 7 4 5 8 24 10 0 0 0 0 14 5 0 0 0 0 6 19 12 5 -999
P384 2034 5 0 0 0 0 0 0 0 0 0 0 0 0 0 0 0 0 0 0 0 0 0 0 0 0 36 13 0 0 4 6 0
P384 2034 6 0 0 0 0 17 16 10 3 0 0 0 0 0 0 0 0 0 0 0 0 0 0 0 0 0 0 0 0 0 0 -999
P384 2034 7 0 0 0 0 0 0 0 0 0 0 0 0 0 0 0 0 0 0 0 0 0 0 0 0 0 0 0 0 0 0 0
P384 2034 8 0 0 0 0 0 0 0 0 0 0 0 0 0 0 0 0 0 0 0 0 0 0 0 0 0 0 0 0 0 0 0
P384 2034 9 0 0 0 0 0 0 0 0 0 0 0 0 0 0 0 0 0 0 0 0 0 0 0 0 0 0 0 0 0 0 -999
P384 2034 10 21 8 0 0 35 33 4 0 0 19 8 4 0 0 0 8 5 4 4 5 8 11 8 13 31 26 7 12 8 0 0
P384 2034 11 0 0 0 0 0 0 10 0 25 0 0 0 5 7 0 0 0 0 0 4 11 37 28 30 17 42 11 9 0 0 -999
P384 2034 12 4 0 0 0 0 5 13 9 5 6 5 0 0 15 56 7 0 0 0 0 0 0 0 0 0 4 8 5 0 4 14
P384 2035 1 3 0 5 17 24 24 42 87 18 3 4 4 7 5 4 4 9 4 5 22 291 303 189 120 7 0 0 6 0 0 6
P384 2035 2 11 24 3 0 0 0 4 3 0 0 0 0 0 0 0 0 0 0 0 0 14 90 105 176 75 7 21 29 -999 -999 -999
P384 2035 3 45 41 29 21 34 27 31 93 73 9 8 25 123 369 107 58 11 6 27 66 133 112 46 6 32 24 5 23 9 35 42
P384 2035 4 81 66 12 39 39 17 15 39 180 78 26 0 5 14 0 0 0 44 67 279 156 94 69 46 22 9 6 37 21 20 -999
P384 2035 5 20 7 0 0 0 0 0 6 6 0 0 0 5 4 0 0 0 0 0 0 0 16 36 12 5 0 0 0 0 74 27
P384 2035 6 0 0 0 5 9 29 12 0 19 0 12 0 0 0 0 0 0 0 0 0 0 0 0 0 0 0 0 0 0 0 -999
P384 2035 7 0 0 0 0 0 0 0 0 0 0 0 0 0 0 0 0 0 0 0 0 0 0 0 0 0 0 0 0 0 0 0
P384 2035 8 0 0 0 0 0 0 0 0 0 0 0 0 0 0 0 0 0 0 0 0 0 0 0 0 0 0 0 0 0 0 0
P384 2035 9 0 0 0 0 0 0 0 0 0 0 0 0 0 0 0 0 0 0 0 0 0 52 60 35 19 29 41 28 0 0 -999
P384 2035 10 0 18 28 21 0 0 0 0 0 0 0 0 31 42 10 10 24 0 28 47 14 5 0 7 10 0 0 0 0 0 0
P384 2035 11 0 0 16 17 17 17 0 0 0 0 0 0 0 0 0 0 0 0 0 0 0 0 0 0 0 3 6 9 6 0 -999
P384 2035 12 8 8 10 7 31 107 286 84 46 183 16 9 25 10 0 0 0 0 10 67 47 33 0 0 0 0 0 0 0 0 2
P384 2036 1 10 8 3 0 3 5 5 5 6 24 28 24 10 2 0 0 0 0 14 5 21 10 0 0 0 0 0 0 0 0 0
P384 2036 2 0 0 0 0 0 0 4 7 10 7 15 19 33 28 8 14 14 0 0 0 0 0 0 0 0 0 0 0 -999 -999 -999
P384 2036 3 114 42 7 15 11 0 0 0 0 0 0 0 0 0 3 3 0 0 0 0 0 0 0 3 5 7 10 23 10 8 12
P384 2036 4 14 53 31 8 4 0 0 0 0 0 0 0 0 0 0 0 0 0 0 0 0 0 0 0 0 0 0 0 0 0 -999
P384 2036 5 0 0 0 6 8 4 0 9 0 0 10 5 14 9 10 22 21 3 2 0 0 0 0 0 0 0 0 0 17 16 17
P384 2036 6 19 13 0 0 0 16 16 0 0 0 0 0 0 0 0 0 0 0 5 0 0 0 0 0 0 0 0 0 0 0 -999
P384 2036 7 0 0 0 0 0 0 0 0 0 0 0 0 0 0 0 0 0 0 0 0 0 0 0 0 0 0 0 0 0 0 0
P384 2036 8 0 0 0 0 0 0 0 0 0 0 0 0 0 0 0 0 0 0 0 0 0 0 0 0 0 0 0 0 0 0 0
P384 2036 9 0 0 0 0 0 0 0 0 0 0 0 0 0 0 0 0 0 0 0 0 0 0 0 0 0 0 0 0 0 0 -999
P384 2036 10 0 0 0 0 0 0 0 0 0 0 38 0 0 0 7 5 5 5 0 0 0 0 0 0 0 34 46 10 91 102 14
P384 2036 11 7 5 0 0 0 5 0 27 21 8 0 0 16 73 17 14 10 0 0 6 3 4 0 0 0 0 17 12 0 0 -999
P384 2036 12 0 0 0 0 6 0 0 0 0 0 0 0 0 0 0 0 0 0 5 4 7 23 31 11 17 17 4 4 5 0 0
P384 2037 1 0 0 0 0 0 0 0 0 7 104 29 44 21 0 0 0 0 4 40 31 44 28 53 140 213 38 101 129 345 4 2
P384 2037 2 11 47 15 15 11 31 37 13 6 9 0 0 0 0 0 0 0 4 0 0 0 0 0 0 0 6 40 6 -999 -999 -999
P384 2037 3 3 0 0 0 0 0 0 0 0 0 0 0 50 301 99 32 32 18 5 5 12 11 18 15 13 0 0 5 15 39 0
P384 2037 4 0 0 10 9 9 11 9 13 9 0 0 0 0 11 55 71 63 37 34 27 60 36 46 32 13 8 0 7 7 0 -999
P384 2037 5 0 0 0 0 0 0 0 0 0 5 11 7 0 5 3 6 0 4 4 0 0 0 0 0 26 37 7 0 0 0 0
P384 2037 6 0 0 0 0 0 0 0 0 0 0 0 0 0 0 0 0 0 19 20 7 0 0 0 0 0 0 0 0 0 0 -999
P384 2037 7 0 0 0 0 0 0 0 0 0 0 0 0 0 0 0 0 0 0 0 0 0 0 0 0 0 0 0 0 0 0 0
P384 2037 8 0 0 0 0 0 0 0 0 0 0 0 0 0 0 0 0 0 0 0 0 0 0 0 0 0 0 0 0 0 0 0
P384 2037 9 0 0 0 0 0 0 0 0 0 0 0 0 0 0 0 0 0 5 0 0 0 0 0 0 0 0 0 0 0 0 -999
P384 2037 10 0 0 0 0 0 0 0 0 0 0 0 4 0 0 0 0 16 38 9 5 0 0 0 0 0 6 0 0 0 0 0
P384 2037 11 0 0 0 0 8 16 10 8 7 0 14 13 11 9 7 0 0 0 0 24 11 14 11 22 13 0 8 17 47 55 -999
P384 2037 12 267 9 57 35 40 8 14 23 107 45 36 9 5 0 0 0 0 20 18 3 5 44 19 4 0 0 0 0 0 4 0
P384 2038 1 6 22 5 16 13 4 6 0 0 0 0 0 0 17 21 17 55 2 3 10 7 6 20 38 6 20 19 8 12 14 4
P384 2038 2 0 0 7 92 57 89 6 0 0 0 0 0 0 0 0 0 0 0 4 0 0 0 7 0 0 0 9 56 -999 -999 -999
P384 2038 3 27 9 18 17 265 13 19 21 26 35 10 0 0 0 0 0 0 32 63 19 22 5 0 0 0 0 0 13 0 0 0
P384 2038 4 0 0 0 3 7 5 8 19 16 4 6 16 39 37 27 10 0 0 0 0 33 19 0 0 7 9 0 0 17 22 -999
P384 2038 5 22 12 0 0 0 13 17 0 0 0 0 0 0 0 0 17 97 70 36 23 17 16 10 0 5 14 7 11 7 6 6
P384 2038 6 0 0 0 0 0 0 0 0 0 0 0 0 0 0 0 0 0 0 0 0 0 0 0 0 11 0 0 0 0 0 -999
P384 2038 7 0 0 0 0 0 0 0 0 0 0 0 0 0 0 0 0 0 0 0 0 0 0 0 0 0 0 0 0 0 0 0
P384 2038 8 0 0 0 0 0 0 0 0 0 0 0 0 0 0 0 0 0 0 0 0 0 0 0 0 0 0 0 0 0 0 0
P384 2038 9 0 0 0 62 0 0 0 0 0 0 0 0 0 0 0 0 0 0 0 0 0 0 0 0 0 0 0 0 0 0 -999
P384 2038 10 0 0 11 0 0 0 0 0 0 0 0 0 0 0 0 0 0 0 9 0 14 18 65 0 0 0 0 0 14 0 0
P384 2038 11 21 17 31 0 0 0 9 7 7 0 0 15 8 35 113 16 21 9 8 0 0 0 0 0 0 0 0 0 0 0 -999
P384 2038 12 0 6 11 26 35 36 27 29 0 4 74 47 59 4 10 16 10 20 37 19 103 11 13 15 10 10 28 11 10 11 17
P384 2039 1 11 12 10 5 14 5 4 5 3 0 0 0 0 5 9 18 26 5 92 18 4 7 7 6 9 5 10 4 7 0 2
P384 2039 2 26 74 13 7 5 16 20 19 19 31 5 0 0 8 5 5 6 0 6 0 0 0 3 7 27 5 4 0 -999 -999 -999
P384 2039 3 0 0 0 0 0 0 0 9 5 2 10 59 12 47 12 11 9 23 28 28 8 10 0 0 4 7 4 3 0 0 0
P384 2039 4 0 0 0 0 0 0 0 0 0 0 0 0 0 34 4 3 3 0 8 0 7 7 8 0 0 0 0 0 0 0 -999
P384 2039 5 0 0 13 0 0 0 0 0 0 0 0 0 0 0 0 19 5 7 6 7 9 13 7 5 6 5 0 0 0 0 0
P384 2039 6 8 7 38 30 12 5 0 0 0 0 0 0 0 0 0 0 0 0 0 0 0 0 0 0 0 0 0 11 10 0 -999
P384 2039 7 0 0 0 0 0 0 0 0 0 0 0 0 0 0 0 0 0 0 0 0 0 0 0 0 0 0 0 0 0 0 0
P384 2039 8 0 0 0 0 0 0 0 0 0 0 0 0 0 0 0 0 0 0 0 0 0 0 0 0 0 0 14 0 0 0 0
P384 2039 9 0 0 0 0 0 0 0 0 0 0 0 0 0 0 0 0 0 0 0 0 0 0 0 0 0 0 0 0 0 0 -999
P384 2039 10 0 0 0 0 0 0 0 0 0 0 0 0 0 7 11 7 0 5 0 0 8 21 42 36 26 55 231 93 124 144 11
P384 2039 11 5 0 0 0 0 0 0 8 11 12 56 52 26 19 3 4 4 12 87 164 41 22 45 4 0 0 10 36 4 0 -999
P384 2039 12 0 0 25 38 36 41 23 22 130 6 7 15 13 17 13 10 0 0 19 42 6 9 10 19 26 10 31 112 12 17 9
P384 2040 1 8 0 0 33 123 48 14 20 9 15 25 12 6 6 9 42 16 11 23 9 8 17 0 0 0 0 0 0 0 0 0
P384 2040 2 0 0 0 6 17 3 0 0 0 4 2 0 0 0 11 7 4 3 2 4 0 0 3 0 0 0 0 0 -999 -999 -999
P384 2040 3 0 0 0 0 0 0 0 0 0 0 0 0 7 12 23 9 0 7 29 65 35 48 261 75 73 30 19 18 39 19 7
P384 2040 4 4 38 54 18 7 6 7 0 0 0 0 0 0 0 0 16 35 0 0 0 0 0 3 6 61 39 7 3 0 0 -999
P384 2040 5 3 5 6 5 4 3 2 0 0 0 0 0 0 0 0 0 0 0 0 0 0 0 0 0 0 0 0 0 0 0 0
P384 2040 6 0 0 0 0 0 0 0 0 0 48 0 0 0 16 14 12 12 0 0 0 0 0 0 0 0 0 0 0 0 0 -999
P384 2040 7 0 0 0 0 0 0 0 0 0 0 0 0 0 0 0 0 0 0 0 0 0 0 0 0 0 0 0 0 0 0 0
P384 2040 8 0 0 0 0 0 0 0 0 0 0 0 0 0 0 0 0 0 0 0 0 0 0 0 0 0 0 0 0 0 0 0
P384 2040 9 0 0 0 0 0 0 0 0 0 0 0 0 0 0 0 0 0 0 0 0 0 0 0 17 14 18 20 0 10 7 -999
P384 2040 10 0 0 0 0 0 0 0 0 0 0 0 0 0 0 8 9 21 58 51 17 7 4 0 0 0 0 0 0 0 0 0
P384 2040 11 0 5 8 10 0 0 78 379 303 41 13 5 6 9 15 7 0 0 0 0 0 0 0 8 6 3 3 3 3 4 -999
P384 2040 12 4 0 0 0 24 31 12 0 0 3 7 26 53 19 3 0 0 0 10 6 4 11 6 5 0 0 7 14 6 9 7
P384 2041 1 6 8 0 2 0 0 0 4 3 6 13 8 9 7 5 0 0 4 16 35 118 70 392 167 162 221 531 350 13 9 0
P384 2041 2 0 0 0 0 15 16 47 103 28 22 14 14 11 13 32 45 32 146 35 14 147 74 30 119 61 12 3 0 -999 -999 -999
P384 2041 3 3 3 0 0 0 4 6 0 6 6 11 20 8 14 9 7 8 84 141 61 25 14 37 36 43 149 25 20 13 33 11
P384 2041 4 2 0 0 0 0 0 0 3 0 0 2 2 5 0 3 3 8 20 24 22 14 0 0 24 51 36 3 0 0 0 -999
P384 2041 5 0 0 15 18 0 0 0 0 15 23 17 16 0 6 6 4 7 25 37 46 59 65 59 25 6 34 36 16 0 5 5
P384 2041 6 4 0 0 0 0 0 0 0 0 0 0 0 0 0 0 0 0 0 0 0 0 0 0 0 0 0 0 0 0 0 -999
P384 2041 7 0 0 0 0 0 0 0 0 0 13 0 0 0 0 0 0 0 0 0 0 0 0 0 0 0 16 13 0 0 0 0
P384 2041 8 0 0 0 0 0 0 0 0 0 0 0 0 0 0 0 0 0 0 0 0 21 20 17 27 23 0 0 0 0 0 0
P384 2041 9 0 0 0 0 0 0 0 0 0 0 13 21 0 0 0 0 0 0 0 0 0 0 21 31 61 8 0 0 0 0 -999
P384 2041 10 0 13 5 3 0 0 0 0 0 0 13 0 0 0 0 0 0 0 0 0 0 15 0 0 0 9 5 10 12 0 0
P384 2041 11 0 0 0 0 5 7 0 0 15 13 38 14 23 31 46 58 163 75 7 19 35 236 35 113 50 19 14 16 0 0 -999
P384 2041 12 0 24 0 34 263 28 13 0 0 0 0 11 14 28 27 159 135 74 24 30 6 0 13 7 3 0 0 0 0 0 0
P384 2042 1 0 0 0 0 0 9 31 14 4 7 0 0 0 2 2 0 0 0 0 0 0 0 0 0 3 2 2 0 0 0 4
P384 2042 2 17 10 2 2 0 0 0 0 5 8 4 0 0 0 2 2 3 4 5 4 0 0 0 18 7 0 0 0 -999 -999 -999
P384 2042 3 0 0 0 0 0 9 5 0 0 0 0 0 7 6 11 22 30 86 253 47 15 34 8 17 5 0 0 0 17 12 18
P384 2042 4 16 8 0 0 8 22 37 12 15 5 4 5 0 5 12 10 6 5 0 8 20 68 67 43 40 37 40 28 27 49 -999
P384 2042 5 62 33 14 4 3 0 0 3 5 6 5 5 6 0 0 0 0 0 0 0 0 0 0 0 0 0 0 6 0 0 0
P384 2042 6 0 5 4 5 0 0 12 0 0 0 0 0 0 0 0 0 0 27 0 0 0 0 0 0 0 0 0 0 0 0 -999
P384 2042 7 0 0 0 0 0 0 0 0 0 0 0 0 0 0 0 0 0 0 0 0 0 0 0 0 0 0 0 0 0 0 0
P384 2042 8 0 0 0 0 0 0 0 0 0 0 0 0 0 0 0 0 0 0 0 0 0 0 0 0 0 0 0 0 0 0 0
P384 2042 9 0 0 0 0 0 0 0 0 0 0 0 0 0 0 0 0 0 0 0 0 0 0 0 0 0 0 0 0 0 0 -999
P384 2042 10 0 0 0 0 0 9 18 26 13 14 22 37 57 41 21 23 0 0 0 38 43 30 7 0 0 0 0 0 0 0 0
P384 2042 11 0 0 0 0 0 0 17 11 0 0 0 0 0 0 0 0 0 0 0 14 0 0 0 0 0 0 0 0 10 5 -999
P384 2042 12 5 0 17 110 11 6 6 10 12 15 8 0 7 26 38 8 29 59 22 9 0 0 0 27 3 7 5 0 0 0 0
P384 2043 1 0 5 8 5 0 11 6 4 0 0 0 0 0 63 92 17 0 0 0 29 11 15 16 31 2 0 0 0 10 3 2
P384 2043 2 0 0 0 0 4 19 43 0 0 0 0 0 0 0 0 0 0 0 0 0 0 3 2 0 0 0 0 0 -999 -999 -999
P384 2043 3 0 13 22 28 4 0 45 284 77 66 30 13 9 0 17 14 33 30 19 0 7 30 52 16 17 2 0 0 0 0 0
P384 2043 4 0 4 0 5 0 0 0 0 12 28 62 0 0 0 0 26 53 10 10 28 3 0 0 0 0 0 0 0 0 0 -999
P384 2043 5 0 4 15 17 0 0 0 0 0 0 0 0 0 0 0 0 0 0 0 39 40 41 37 23 9 15 47 32 6 11 8
P384 2043 6 8 8 0 0 0 0 0 4 5 0 0 0 0 0 0 0 0 0 0 0 0 0 0 0 0 0 0 0 0 0 -999
P384 2043 7 0 0 0 0 0 0 0 0 0 0 0 0 0 0 0 0 0 0 0 0 0 0 0 0 0 0 0 0 0 0 0
P384 2043 8 0 0 0 0 0 0 0 0 0 0 0 0 0 0 0 0 0 0 0 0 0 0 0 0 0 11 0 0 7 0 0
P384 2043 9 0 0 0 0 0 0 0 0 0 0 0 0 0 0 0 0 0 0 0 0 0 0 0 0 0 0 0 0 15 17 -999
P384 2043 10 20 13 0 0 0 0 0 0 12 0 0 0 0 0 0 0 9 0 0 0 0 0 20 4 8 12 5 12 19 13 6
P384 2043 11 0 0 0 0 0 0 0 0 0 8 87 21 82 55 7 0 0 0 0 0 0 0 0 5 0 7 6 19 8 6 -999
P384 2043 12 3 0 0 0 0 0 0 0 0 0 31 31 0 6 9 6 7 21 144 47 206 13 0 10 11 15 16 0 0 0 0
P384 2044 1 0 0 0 0 0 0 2 0 0 0 0 0 0 0 0 0 13 36 14 7 5 4 0 0 0 0 0 48 8 2 0
P384 2044 2 0 0 0 0 19 6 2 0 0 9 11 4 4 5 0 0 0 0 0 0 0 0 4 166 64 4 10 11 -999 -999 -999
P384 2044 3 10 15 144 180 96 10 7 16 4 9 4 5 4 6 0 0 0 13 55 24 5 4 3 6 7 11 38 124 29 14 5
P384 2044 4 4 10 12 6 0 0 0 0 0 0 7 0 0 5 0 0 0 0 0 0 0 0 0 0 0 10 18 0 0 0 -999
P384 2044 5 0 0 0 0 22 5 0 13 20 34 0 0 0 0 0 0 0 28 44 67 50 26 0 0 0 0 0 0 0 6 4
P384 2044 6 0 0 0 0 0 0 5 0 0 0 0 0 0 0 0 0 0 0 0 0 0 0 0 0 0 0 0 0 0 0 -999
P384 2044 7 0 0 0 0 0 0 0 0 0 0 0 0 0 0 0 0 0 0 0 0 0 0 0 0 0 0 0 0 0 0 0
P384 2044 8 0 0 0 0 0 0 0 0 0 0 0 0 0 0 0 0 0 0 0 0 0 0 0 0 0 0 0 0 0 0 0
P384 2044 9 0 0 0 0 0 0 0 0 0 0 0 0 0 0 0 0 0 0 0 17 57 35 0 33 30 11 6 0 0 31 -999
P384 2044 10 29 17 15 0 0 0 0 0 34 22 0 0 0 0 0 0 0 22 20 26 44 8 5 0 0 3 0 0 0 0 0
P384 2044 11 13 5 5 9 0 0 0 0 4 4 45 29 18 24 9 45 54 10 13 28 42 43 24 147 74 243 190 26 19 0 -999
P384 2044 12 0 0 0 0 0 0 0 5 31 59 3 3 12 22 25 23 13 13 8 6 3 15 8 10 7 3 4 3 16 3 11
P384 2045 1 185 86 11 5 0 4 165 84 38 18 102 38 101 72 15 13 10 6 5 0 0 3 5 5 5 0 0 0 0 0 4
P384 2045 2 9 68 20 7 14 40 5 2 0 0 3 5 11 0 0 0 2 0 0 0 0 0 0 0 0 0 0 0 -999 -999 -999
P384 2045 3 0 0 7 4 0 0 0 8 15 3 0 0 13 3 7 3 2 0 0 0 0 0 0 0 0 0 0 0 0 10 21
P384 2045 4 15 0 0 0 0 65 60 7 0 5 10 0 0 10 14 7 0 0 0 0 0 0 0 0 0 0 0 0 3 5 -999
P384 2045 5 10 0 0 0 0 0 21 34 8 0 0 0 0 0 0 0 0 0 0 0 0 0 0 0 0 0 0 0 0 0 3
P384 2045 6 6 6 0 0 0 3 5 8 5 0 6 5 0 0 0 0 0 0 0 0 14 15 0 0 9 11 7 0 0 0 -999
P384 2045 7 0 0 0 0 0 0 0 0 0 0 0 0 0 0 0 0 0 0 0 0 0 0 0 0 0 0 0 0 0 0 0
P384 2045 8 0 0 0 0 0 0 0 0 0 0 0 0 0 0 0 0 0 0 0 0 0 0 0 0 0 0 0 0 0 0 0
P384 2045 9 0 0 0 0 0 0 0 0 0 0 0 0 0 11 13 14 0 0 0 0 0 0 0 0 0 0 0 0 0 17 -999
P384 2045 10 20 11 15 24 0 0 0 0 0 0 0 0 0 0 73 43 63 17 9 0 0 0 0 0 0 0 0 0 0 0 0
P384 2045 11 21 9 6 0 10 0 0 0 0 0 0 3 7 0 0 37 358 101 18 0 0 0 7 70 14 23 111 76 13 0 -999
P384 2045 12 0 0 0 0 6 24 6 5 4 0 0 0 0 0 0 0 0 24 14 14 19 11 13 12 36 26 9 6 0 0 0
P384 2046 1 0 0 15 51 54 32 58 21 10 11 49 75 93 27 24 16 8 20 17 23 7 3 11 9 12 73 90 117 67 63 60
P384 2046 2 162 156 86 34 11 22 36 11 4 3 17 24 50 41 94 17 6 8 0 0 11 104 18 15 17 32 126 123 -999 -999 -999
P384 2046 3 144 315 146 49 18 114 105 151 357 151 112 31 174 75 143 24 204 63 66 13 17 8 5 0 0 0 9 54 30 2 2
P384 2046 4 0 0 5 26 7 4 3 19 14 15 15 0 0 0 7 4 21 0 56 75 23 38 12 10 18 25 11 14 14 10 -999
P384 2046 5 0 0 0 0 0 0 0 0 0 0 0 0 0 0 0 0 0 3 3 0 0 0 0 0 0 13 0 0 6 0 0
P384 2046 6 0 0 0 0 0 0 0 0 0 0 0 0 0 0 0 7 7 0 6 4 5 0 0 0 0 0 0 0 0 0 -999
P384 2046 7 0 0 0 0 0 0 0 0 0 0 0 0 0 0 0 0 0 0 0 0 0 0 0 0 0 0 0 0 0 0 0
P384 2046 8 0 0 0 0 0 0 0 0 0 0 0 0 0 0 0 0 0 0 0 0 0 0 0 0 0 0 0 0 0 0 0
P384 2046 9 0 0 0 0 0 0 30 0 0 0 0 0 0 0 0 0 0 0 0 0 0 0 0 0 0 0 0 0 0 0 -999
P384 2046 10 0 0 0 4 4 9 20 24 0 0 0 0 0 0 0 0 0 0 0 0 0 15 11 7 13 7 0 7 12 50 23
P384 2046 11 0 0 0 0 13 105 18 28 0 0 6 0 0 0 0 0 0 0 0 0 0 0 0 5 12 4 7 51 184 44 -999
P384 2046 12 99 244 75 16 126 132 198 138 46 12 15 12 9 194 429 60 42 175 22 5 5 0 0 0 0 6 5 0 0 0 0
P384 2047 1 0 0 0 0 0 0 0 9 6 11 23 23 23 78 148 506 378 16 84 10 30 21 7 4 0 0 0 0 0 11 0
P384 2047 2 9 5 0 9 30 8 0 0 0 0 0 0 0 13 10 0 0 0 0 0 0 0 0 8 39 7 67 16 -999 -999 -999
P384 2047 3 18 38 7 3 55 70 17 0 0 0 0 0 0 0 5 0 0 0 0 0 0 0 22 14 9 3 5 0 0 6 6
P384 2047 4 49 19 7 0 0 0 0 0 6 27 75 74 16 0 42 28 9 6 7 4 0 0 0 0 0 0 8 7 0 0 -999
P384 2047 5 0 0 0 7 9 13 32 23 26 9 0 7 12 8 5 0 0 20 25 0 5 0 0 0 0 0 0 0 0 0 0
P384 2047 6 0 0 0 0 0 0 0 0 0 0 0 0 0 0 0 7 5 0 0 0 0 0 0 0 0 0 0 0 0 0 -999
P384 2047 7 0 12 0 0 11 7 0 0 0 0 0 0 0 0 0 0 0 0 15 26 0 0 0 0 0 0 0 0 0 0 0
P384 2047 8 0 0 0 0 0 0 0 0 0 0 0 0 0 0 0 0 0 0 0 0 0 0 0 0 0 0 0 0 0 0 0
P384 2047 9 0 0 0 0 0 0 0 0 0 0 19 26 40 48 48 33 8 0 0 0 0 0 0 30 43 0 0 0 0 0 -999
P384 2047 10 0 10 45 40 56 47 21 21 10 59 25 41 16 22 49 135 134 7 37 6 11 0 0 0 0 0 3 5 0 0 0
P384 2047 11 0 0 0 0 9 10 11 15 23 22 12 5 6 4 5 8 9 0 0 0 0 0 0 0 0 0 0 0 0 0 -999
P384 2047 12 0 0 0 0 0 0 0 0 0 0 0 0 0 0 0 0 0 0 0 0 0 0 6 13 10 3 2 0 0 4 0
P384 2048 1 5 11 0 0 0 0 0 0 0 0 0 21 14 21 0 0 0 0 0 0 0 0 0 0 0 0 0 0 0 0 0
P384 2048 2 0 0 3 0 0 0 0 0 0 4 4 0 5 9 7 10 4 4 2 0 0 0 0 0 0 0 0 0 -999 -999 -999
P384 2048 3 0 0 0 0 5 9 23 67 33 33 75 7 0 25 4 32 5 0 0 0 27 0 0 0 0 0 7 7 14 22 14
P384 2048 4 8 3 8 9 9 0 0 0 0 0 0 0 0 0 0 0 0 0 0 0 0 5 9 3 0 0 0 0 0 0 -999
P384 2048 5 0 0 0 17 0 0 7 8 15 12 4 4 8 23 7 0 7 29 0 0 15 18 4 0 0 10 14 0 0 0 0
P384 2048 6 0 0 0 0 0 0 0 0 0 0 0 0 0 0 70 0 0 0 0 0 0 0 0 0 0 0 0 0 0 0 -999
P384 2048 7 0 0 0 0 0 0 0 0 0 0 0 0 0 0 0 0 0 0 0 0 0 0 0 0 0 0 0 0 0 0 0
P384 2048 8 0 0 0 0 0 0 0 0 0 0 0 0 0 0 0 0 0 0 0 0 0 0 0 0 0 0 0 0 0 0 0
P384 2048 9 0 0 0 0 0 0 0 0 0 0 15 0 0 0 0 0 0 0 0 0 0 0 0 0 0 0 48 34 68 27 -999
P384 2048 10 7 0 0 0 0 10 13 10 0 0 0 0 0 0 0 0 0 0 0 6 5 0 0 0 0 0 0 0 0 0 0
P384 2048 11 0 0 0 7 11 35 5 0 0 0 0 0 0 0 0 0 35 33 32 12 7 0 0 0 0 19 23 12 9 14 -999
P384 2048 12 36 258 14 5 40 31 2 0 0 0 0 0 0 0 0 0 0 0 4 5 3 0 0 0 0 0 33 124 38 21 0
P384 2049 1 0 0 0 17 17 24 21 56 12 12 17 13 30 12 10 15 16 6 0 0 6 7 5 4 4 5 8 14 11 9 32
P384 2049 2 54 54 41 57 31 7 0 0 4 6 0 0 0 22 0 0 0 0 0 0 0 0 0 0 0 9 5 0 -999 -999 -999
P384 2049 3 0 0 0 0 0 0 0 0 0 0 0 0 0 0 4 0 0 0 0 0 0 7 7 10 0 0 0 0 0 28 17
P384 2049 4 6 14 3 5 0 0 0 0 0 0 0 0 0 0 21 52 49 11 0 0 0 20 0 0 23 8 3 6 0 0 -999
P384 2049 5 7 0 5 3 5 6 8 25 58 72 26 8 0 0 0 0 0 0 8 18 47 50 59 72 48 49 46 42 8 0 0
P384 2049 6 0 0 0 0 0 0 0 0 0 0 0 0 0 0 0 0 0 0 0 0 0 0 0 0 0 0 0 0 0 0 -999
P384 2049 7 0 0 4 8 0 0 0 0 0 0 0 0 0 0 0 0 0 0 0 0 0 0 0 0 0 0 0 0 0 0 0
P384 2049 8 0 0 0 0 0 0 0 0 0 0 0 0 0 0 0 0 0 0 0 0 0 0 0 0 0 0 0 0 0 0 0
P384 2049 9 0 0 0 0 0 0 0 6 0 0 7 7 12 0 0 0 0 0 17 0 40 35 38 13 5 0 0 0 0 0 -999
P384 2049 10 0 0 0 0 0 0 0 8 14 0 0 11 11 0 9 21 16 10 0 0 12 10 10 20 41 21 9 5 9 15 15
P384 2049 11 11 21 95 213 59 16 22 38 67 93 213 78 117 90 124 351 97 32 6 4 5 0 0 9 0 0 0 0 0 0 -999
P384 2049 12 8 29 12 27 12 3 0 0 0 0 0 0 0 0 4 10 19 50 20 71 95 8 0 7 12 12 32 22 37 25 66
P384 2050 1 150 168 281 106 55 379 25 59 16 11 11 7 7 8 11 14 25 37 6 0 5 12 7 14 11 3 6 0 0 0 3
P384 2050 2 2 0 0 0 0 0 0 0 0 0 0 0 0 0 0 7 5 6 35 20 13 7 4 10 4 6 0 0 -999 -999 -999
P384 2050 3 0 30 75 46 70 99 30 15 82 10 13 6 3 4 3 0 10 9 19 8 10 3 0 0 6 12 24 30 5 14 77
P384 2050 4 60 83 9 10 18 40 62 13 23 5 0 8 23 0 0 0 0 0 0 0 0 0 0 0 0 0 4 3 0 0 -999
P384 2050 5 4 4 0 5 10 10 5 0 0 0 0 0 0 0 0 0 0 0 15 0 3 10 10 0 0 6 18 11 9 0 8
P384 2050 6 0 0 0 0 0 0 0 0 0 0 0 0 0 0 0 0 0 0 0 0 0 0 0 0 0 0 0 0 0 0 -999
P384 2050 7 0 0 0 0 0 0 0 0 0 0 0 0 0 0 0 0 0 0 0 0 0 0 0 0 0 0 0 0 0 0 0
P384 2050 8 0 0 0 0 0 0 0 0 0 0 0 0 0 0 0 0 0 0 0 0 0 0 0 0 0 0 0 0 0 0 0
P384 2050 9 0 0 0 0 0 0 0 0 0 0 0 0 0 0 0 0 0 0 0 0 0 0 0 0 0 0 0 0 0 0 -999
P384 2050 10 21 17 8 0 0 0 0 0 0 0 0 10 18 48 9 0 4 5 0 0 6 14 19 27 19 20 34 9 0 0 6
P384 2050 11 0 0 0 0 7 14 24 65 51 50 49 29 19 7 0 0 0 0 0 0 14 28 102 39 15 0 17 14 2 11 -999
P384 2050 12 4 25 34 0 0 0 0 0 0 0 0 0 0 0 0 0 0 3 4 4 0 0 0 0 0 0 0 0 0 0 5
P384 2051 1 2 3 0 0 0 0 0 0 0 7 0 0 0 7 4 0 0 0 0 3 0 0 0 0 0 0 0 0 4 3 2
P384 2051 2 3 5 11 15 67 8 0 0 0 0 6 3 0 0 0 0 2 3 9 20 2 2 0 4 6 3 0 0 -999 -999 -999
P384 2051 3 0 0 0 0 0 0 0 0 6 7 19 30 19 7 22 21 38 72 51 21 7 7 9 0 19 0 0 0 0 0 12
P384 2051 4 16 8 4 10 20 43 27 11 13 73 24 11 32 0 0 14 19 13 16 48 6 6 15 0 0 0 0 0 0 0 -999
P384 2051 5 0 0 0 0 8 0 0 0 0 0 9 21 32 15 3 0 0 0 0 0 0 0 55 40 25 40 37 17 0 0 0
P384 2051 6 0 0 0 0 0 0 0 0 0 0 0 0 0 0 0 0 0 0 0 0 0 0 0 0 0 0 0 0 0 0 -999
P384 2051 7 0 0 0 0 0 0 0 0 6 0 0 0 0 0 0 0 0 0 0 0 0 0 0 0 0 0 0 0 0 0 0
P384 2051 8 0 0 0 0 0 0 0 0 0 0 0 0 0 0 0 0 0 0 0 0 0 0 0 0 0 0 0 0 0 0 0
P384 2051 9 0 0 0 0 0 0 0 0 0 11 23 33 31 18 0 0 0 0 0 0 0 0 0 8 15 18 0 0 0 0 -999
P384 2051 10 0 0 0 157 49 0 0 0 24 25 20 15 0 0 0 0 0 0 0 0 0 0 0 0 0 0 37 111 70 51 39
P384 2051 11 46 96 69 36 24 5 0 0 0 0 0 0 0 0 0 6 12 12 0 0 0 0 0 0 4 0 0 6 9 7 -999
P384 2051 12 8 0 7 21 23 5 0 34 102 6 14 20 16 8 55 135 35 35 18 0 0 0 0 0 0 0 0 0 0 0 0
P384 2052 1 0 0 0 0 0 0 3 0 18 7 5 10 55 71 23 7 9 14 6 5 5 9 8 5 4 8 44 153 247 76 57
P384 2052 2 43 90 153 114 49 423 442 47 21 83 46 41 27 18 58 102 20 9 31 12 0 0 0 27 12 2 0 11 -999 -999 -999
P384 2052 3 0 0 0 0 0 0 6 23 22 0 0 0 0 7 15 60 37 29 61 74 9 5 77 3 0 0 0 0 0 0 0
P384 2052 4 0 0 0 0 0 0 9 0 0 0 0 0 0 0 0 0 0 0 0 0 0 0 0 0 0 0 0 0 5 4 -999
P384 2052 5 0 0 0 0 0 0 10 8 13 15 8 14 26 57 49 22 34 25 26 7 0 0 0 0 5 0 0 0 0 7 0
P384 2052 6 0 0 0 12 20 0 0 0 0 0 0 0 0 0 0 0 0 0 0 0 0 0 0 0 33 26 0 0 0 0 -999
P384 2052 7 0 0 0 0 0 0 0 0 0 0 0 0 0 0 0 0 0 0 0 0 0 0 0 0 0 0 0 0 0 0 0
P384 2052 8 21 24 16 0 0 0 0 0 0 0 0 0 0 0 0 0 0 0 0 0 0 0 0 0 0 0 0 0 0 0 0
P384 2052 9 0 0 0 0 0 0 0 0 0 0 0 0 0 0 0 0 0 0 0 0 0 0 0 0 0 0 0 0 0 0 -999
P384 2052 10 0 0 0 0 0 0 0 0 0 0 0 0 0 0 7 0 0 0 0 0 0 11 0 0 36 31 0 0 0 0 0
P384 2052 11 5 59 16 6 0 0 0 0 0 0 0 0 0 0 0 0 0 0 51 15 143 52 70 12 12 0 0 0 6 4 -999
P384 2052 12 0 0 0 11 2 4 3 0 0 0 0 0 6 26 8 4 12 11 6 5 8 0 0 0 7 3 5 0 0 8 8
P384 2053 1 0 0 0 0 0 0 0 12 67 94 110 31 57 11 9 19 16 4 2 4 7 67 33 11 17 24 14 9 8 15 39
P384 2053 2 47 183 89 24 39 18 59 7 13 12 7 7 4 11 13 17 20 20 7 4 3 5 20 60 20 221 157 21 -999 -999 -999
P384 2053 3 0 0 7 0 0 9 11 8 0 0 0 0 0 0 0 0 0 0 0 0 0 0 0 0 0 0 4 8 14 12 32
P384 2053 4 20 39 20 9 0 0 0 0 0 6 11 68 27 56 71 13 0 0 0 0 11 0 13 89 103 59 41 0 45 19 -999
P384 2053 5 0 0 3 0 0 0 0 0 0 0 0 0 0 0 0 0 0 0 0 0 0 0 0 0 0 0 0 0 0 8 8
P384 2053 6 0 0 0 0 0 0 0 0 0 0 0 0 0 0 0 0 23 41 23 0 0 0 0 0 0 0 0 0 0 0 -999
P384 2053 7 0 0 0 0 0 0 0 0 0 0 0 0 0 0 0 0 0 0 0 0 0 0 0 0 0 0 0 0 0 0 0
P384 2053 8 0 0 0 0 0 0 0 0 0 0 0 0 0 0 0 0 0 0 0 0 0 0 21 47 60 37 0 0 0 0 0
P384 2053 9 0 0 0 0 0 0 0 0 0 0 0 17 18 15 23 32 0 0 11 35 47 18 18 0 0 0 0 37 33 11 -999
P384 2053 10 13 4 5 10 12 0 13 30 10 5 7 0 0 0 0 0 0 0 0 0 0 0 0 0 0 0 0 0 0 0 0
P384 2053 11 0 0 0 5 6 6 0 0 0 11 21 11 0 0 16 83 277 94 92 13 28 18 34 11 5 5 0 0 0 0 -999
P384 2053 12 0 0 0 0 0 0 0 0 0 6 19 237 65 17 18 6 0 0 0 0 0 0 13 37 24 11 0 0 5 5 22
P384 2054 1 155 6 5 23 13 19 7 0 0 0 0 0 0 0 0 0 8 31 52 15 5 4 0 0 0 0 0 0 0 0 0
P384 2054 2 0 0 8 19 22 18 15 13 0 0 0 0 0 0 0 0 0 0 0 0 0 8 7 0 0 0 0 0 -999 -999 -999
P384 2054 3 0 0 0 0 0 0 0 3 0 0 0 0 0 0 14 6 13 7 0 0 0 17 11 0 0 19 5 13 24 0 27
P384 2054 4 34 13 0 0 8 14 52 18 7 38 0 0 0 0 4 7 5 26 22 47 50 17 7 38 45 68 52 25 5 0 -999
P384 2054 5 0 21 9 4 4 4 6 13 35 53 18 23 4 3 0 0 0 0 0 0 0 0 0 0 0 0 0 0 0 0 0
P384 2054 6 0 0 0 0 0 0 0 0 0 0 0 0 0 0 0 0 0 0 0 0 0 0 0 0 0 0 0 0 0 0 -999
P384 2054 7 0 0 0 0 0 0 0 0 0 0 0 0 0 0 0 0 0 0 20 0 0 0 0 0 0 0 0 0 0 0 0
P384 2054 8 0 0 0 0 0 0 0 0 0 0 0 0 0 0 0 0 0 0 0 0 0 0 0 0 0 0 0 0 0 0 0
P384 2054 9 0 0 0 0 0 0 0 0 0 0 0 0 0 0 0 0 0 4 0 0 0 13 0 0 11 5 0 0 0 0 -999
P384 2054 10 0 18 14 0 0 0 0 0 0 0 0 11 15 4 0 0 0 0 0 10 64 44 10 8 4 0 0 0 5 9 45
P384 2054 11 111 188 75 33 124 30 9 49 40 11 0 0 0 0 0 0 0 0 0 0 0 0 0 0 0 0 0 5 15 7 -999
P384 2054 12 10 19 6 0 0 0 0 0 0 0 0 0 15 9 0 0 0 0 0 0 0 0 0 0 0 0 0 0 0 0 0
P384 2055 1 0 0 0 13 129 94 23 17 37 51 79 313 190 27 103 67 25 39 84 289 164 446 316 12 4 4 4 4 4 5 4
P384 2055 2 3 2 0 0 2 3 5 4 7 0 0 0 7 6 6 32 9 0 0 0 11 13 0 0 0 0 0 0 -999 -999 -999
P384 2055 3 0 16 49 23 10 8 23 17 42 130 45 13 29 13 6 6 22 15 0 6 0 0 6 14 8 20 12 0 10 13 0
P384 2055 4 0 0 0 0 0 0 28 22 11 15 0 0 5 10 10 0 0 0 12 60 41 19 65 75 67 60 45 21 18 20 -999
P384 2055 5 8 20 50 25 0 0 23 41 14 0 0 3 11 22 20 7 0 0 0 0 0 2 0 0 0 0 0 0 14 52 0
P384 2055 6 11 0 0 0 9 0 0 0 0 0 0 0 0 0 17 25 11 13 7 9 0 0 0 0 0 0 0 0 0 0 -999
P384 2055 7 0 0 0 0 0 0 0 0 0 0 0 0 0 0 0 0 0 0 0 0 0 0 0 0 0 0 0 0 0 0 0
P384 2055 8 0 0 0 0 0 0 0 0 0 0 0 0 0 0 0 0 0 0 0 0 0 0 0 0 0 0 0 0 0 0 0
P384 2055 9 0 0 0 0 0 0 0 0 0 0 0 0 0 0 0 0 0 0 0 0 0 0 0 0 4 0 0 0 0 0 -999
P384 2055 10 0 0 0 0 0 0 0 13 5 9 0 0 7 0 4 0 0 0 6 8 0 0 0 54 10 6 0 0 0 0 10
P384 2055 11 10 13 13 9 0 61 191 93 7 0 0 0 0 0 0 0 0 0 0 0 0 0 3 12 6 0 0 0 4 8 -999
P384 2055 12 22 48 5 5 0 0 0 0 0 33 60 184 21 10 8 13 0 0 6 20 35 17 0 0 0 0 0 0 0 0 11
P384 2056 1 3 0 0 0 0 3 53 7 16 4 0 0 0 0 0 0 0 0 0 0 9 13 29 8 11 3 9 13 0 3 4
P384 2056 2 3 0 0 0 0 0 0 0 0 0 0 0 0 0 0 0 4 0 0 0 0 0 0 0 2 2 0 0 -999 -999 -999
P384 2056 3 5 37 24 6 0 7 12 10 17 45 5 4 4 6 39 70 8 4 0 0 0 0 0 10 0 12 10 11 7 11 0
P384 2056 4 0 0 0 0 7 9 17 8 19 6 5 2 0 0 3 11 10 10 32 14 5 0 17 18 8 21 23 16 4 0 -999
P384 2056 5 6 7 22 12 15 36 7 4 5 6 0 9 8 0 0 0 0 0 0 0 0 0 0 5 13 14 22 8 0 0 0
P384 2056 6 18 0 0 0 0 0 8 0 0 0 0 0 0 0 0 0 0 0 0 0 0 0 0 0 0 0 0 0 0 0 -999
P384 2056 7 0 0 0 0 0 0 0 0 0 0 0 0 0 0 0 0 0 0 0 0 0 0 0 0 0 0 0 0 0 0 0
P384 2056 8 0 0 0 0 0 0 0 0 0 0 0 0 0 0 0 0 0 0 0 0 0 0 0 0 0 0 0 0 0 0 0
P384 2056 9 0 0 0 0 0 0 0 0 0 0 0 0 0 0 0 0 0 0 0 0 0 0 0 0 0 0 0 0 0 24 -999
P384 2056 10 0 16 7 0 0 0 0 0 16 20 8 0 0 0 0 0 0 0 0 0 0 0 0 87 52 5 0 0 0 0 0
P384 2056 11 0 0 0 13 20 21 30 10 0 0 0 0 0 11 0 0 0 0 13 8 0 0 0 0 25 34 34 95 51 123 -999
P384 2056 12 46 108 115 89 421 150 101 40 16 27 63 40 9 7 13 28 13 17 19 28 78 24 2 0 0 0 0 0 0 3 6
P384 2057 1 6 0 0 0 0 4 6 8 6 5 0 0 6 7 0 0 0 0 0 0 0 0 0 0 3 11 44 73 63 11 18
P384 2057 2 6 0 0 5 28 80 69 36 29 25 3 0 0 0 0 0 6 8 6 30 16 11 29 35 21 9 3 2 -999 -999 -999
P384 2057 3 4 3 2 4 9 13 10 4 0 4 4 0 0 0 0 0 0 0 0 0 0 0 0 9 6 0 0 0 0 0 0
P384 2057 4 0 0 0 0 14 14 0 16 28 36 57 11 11 9 22 80 59 62 19 8 7 8 0 0 0 0 0 5 0 0 -999
P384 2057 5 0 0 0 0 0 0 0 0 6 12 13 11 12 11 21 25 47 19 6 6 0 0 0 7 13 16 0 30 30 14 7
P384 2057 6 11 13 8 0 0 0 0 0 0 0 4 0 0 0 0 0 0 0 0 45 0 0 0 0 0 0 0 0 0 0 -999
P384 2057 7 0 0 0 0 0 0 0 0 0 0 0 0 0 0 0 0 0 0 0 0 0 0 0 0 0 0 0 0 0 0 0
P384 2057 8 0 0 0 0 0 0 0 0 0 0 0 0 0 0 0 0 0 0 0 0 0 0 0 0 0 0 0 0 0 0 0
P384 2057 9 0 0 0 0 0 0 0 0 0 0 0 0 0 0 0 0 0 0 0 0 0 0 0 0 0 0 0 0 0 0 -999
P384 2057 10 0 0 0 0 0 0 0 0 0 0 0 0 0 9 41 19 0 0 0 0 0 0 0 0 0 0 0 0 0 0 0
P384 2057 11 9 18 24 97 67 86 0 13 33 45 358 133 22 15 5 9 15 0 0 0 4 0 0 0 0 0 0 0 0 0 -999
P384 2057 12 0 0 0 0 0 0 0 7 14 29 63 80 100 33 21 12 0 0 0 0 0 0 0 0 0 0 0 0 4 9 4
P384 2058 1 0 0 0 0 0 0 0 0 5 23 6 0 9 75 20 3 0 4 0 0 0 0 0 0 0 0 6 6 5 5 5
P384 2058 2 6 0 0 0 0 0 3 3 0 0 0 0 7 0 0 0 0 0 0 0 0 0 0 0 0 0 0 0 -999 -999 -999
P384 2058 3 0 0 0 0 0 0 0 0 0 0 0 0 0 0 0 0 0 0 0 0 19 8 0 12 38 76 8 0 0 0 0
P384 2058 4 0 0 0 0 2 4 0 0 0 4 8 12 5 0 0 0 0 0 0 6 4 3 0 0 0 0 0 0 0 0 -999
P384 2058 5 0 0 0 0 0 0 0 0 0 0 0 0 0 0 0 0 0 0 0 0 0 0 4 7 0 0 0 9 16 13 8
P384 2058 6 0 0 0 0 0 0 0 0 0 0 0 0 0 0 0 0 0 0 0 0 0 0 0 0 0 0 0 0 0 0 -999
P384 2058 7 0 0 0 0 0 0 0 0 0 0 0 0 0 0 0 0 0 0 0 0 0 0 0 0 0 0 0 0 0 0 0
P384 2058 8 0 0 0 0 0 0 0 0 0 0 0 0 0 0 0 0 0 0 0 0 0 0 0 0 0 0 0 0 0 0 0
P384 2058 9 0 0 0 0 0 0 0 0 0 0 0 0 0 0 0 0 0 0 0 0 0 0 0 0 0 0 0 0 0 0 -999
P384 2058 10 0 0 0 0 0 0 0 0 0 0 0 0 0 0 0 0 0 0 0 0 0 5 9 11 5 0 0 0 0 0 0
P384 2058 11 0 0 0 0 0 0 0 10 21 11 13 17 4 7 0 26 47 191 89 261 18 8 0 0 0 11 31 90 60 45 -999
P384 2058 12 6 16 4 0 0 0 0 0 3 0 0 0 0 0 7 0 12 74 48 45 20 16 0 0 0 15 53 31 4 25 87
P384 2059 1 21 197 47 30 7 5 0 0 0 0 0 0 0 4 10 3 0 0 0 3 7 3 3 3 6 4 0 0 0 0 0
P384 2059 2 0 0 0 0 0 0 0 0 0 0 0 0 0 0 0 4 0 0 0 0 0 0 0 0 0 0 0 0 -999 -999 -999
P384 2059 3 0 0 0 0 0 0 0 0 0 0 4 12 7 8 7 4 0 0 0 0 28 8 5 51 22 50 25 21 16 14 7
P384 2059 4 0 0 0 0 0 0 0 0 0 0 0 3 3 2 0 0 0 0 0 0 7 6 6 7 11 0 0 0 20 6 -999
P384 2059 5 0 0 13 31 23 18 15 14 11 12 16 11 0 0 6 0 0 8 7 6 0 0 0 0 0 0 0 49 58 0 0
P384 2059 6 0 0 0 0 0 9 0 0 0 0 0 0 0 0 0 0 0 0 0 0 0 0 0 0 0 17 0 0 0 0 -999
P384 2059 7 0 0 0 0 0 0 0 0 0 0 0 0 0 0 0 0 15 0 0 0 0 0 0 0 0 0 0 0 0 0 0
P384 2059 8 0 0 0 0 0 0 0 0 0 0 0 0 0 0 0 0 0 0 0 0 0 0 0 0 0 0 0 0 0 0 0
P384 2059 9 0 0 0 0 0 0 0 0 0 0 0 0 0 0 0 0 0 0 0 0 0 0 0 0 19 6 0 0 0 0 -999
P384 2059 10 0 0 0 0 0 0 0 0 0 0 0 0 0 0 17 29 0 0 0 0 11 48 71 70 16 13 0 0 11 48 15
P384 2059 11 32 112 37 55 36 0 0 0 0 6 12 0 0 17 123 43 6 11 4 0 0 0 22 34 10 0 9 7 4 4 -999
P384 2059 12 0 0 0 0 0 0 0 0 0 8 4 0 2 0 8 8 6 0 0 0 0 0 0 0 0 3 5 114 127 13 0
P384 2060 1 0 21 56 43 76 31 0 0 0 7 8 4 0 0 0 0 0 0 0 0 0 0 0 0 0 0 0 0 0 0 0
P384 2060 2 0 0 0 0 15 5 10 15 28 14 42 87 15 73 324 32 15 14 8 2 9 6 13 31 111 15 52 30 -999 -999 -999
P384 2060 3 91 45 13 6 15 57 177 182 34 8 0 0 0 0 8 0 77 21 153 221 355 83 9 3 0 0 0 15 5 9 0
P384 2060 4 0 0 0 0 0 0 0 0 0 0 21 15 0 0 0 0 0 0 0 0 0 0 0 0 0 0 0 0 0 0 -999
P384 2060 5 0 0 0 0 0 0 0 0 0 0 0 0 0 0 0 0 26 18 6 6 0 12 19 0 0 0 0 0 18 26 23
P384 2060 6 31 38 34 25 28 38 47 35 12 8 12 8 7 15 0 0 0 0 0 0 0 0 0 0 0 0 0 0 0 0 -999
P384 2060 7 0 0 0 0 0 0 0 0 0 0 0 0 0 0 0 0 0 0 0 0 0 0 0 0 0 0 0 0 0 0 0
P384 2060 8 0 0 0 0 0 0 0 0 0 0 0 0 0 0 0 0 0 0 0 0 0 0 0 0 0 0 0 0 0 0 0
P384 2060 9 0 0 0 0 0 0 0 0 0 0 0 0 0 0 0 8 8 10 0 0 0 0 0 0 0 30 23 0 0 0 -999
P384 2060 10 0 0 0 0 0 0 0 0 0 0 0 57 21 41 8 0 0 0 0 0 0 0 0 0 0 0 0 10 11 7 64
P384 2060 11 103 25 26 6 0 0 0 0 10 0 0 0 5 6 4 0 0 0 5 2 2 0 0 0 0 0 8 4 0 0 -999
P384 2060 12 0 0 7 5 8 28 5 0 6 17 0 0 0 0 0 0 0 0 0 10 43 2 0 0 0 0 0 0 0 0 0
P384 2061 1 0 0 0 0 0 0 0 0 0 0 0 0 0 7 5 0 17 6 35 15 13 42 86 67 324 61 88 54 17 18 13
P384 2061 2 0 0 0 0 0 0 0 0 21 41 47 14 6 26 38 12 4 6 0 14 8 38 4 16 13 8 12 12 -999 -999 -999
P384 2061 3 137 83 60 78 5 3 7 11 39 24 38 10 24 17 18 20 14 22 54 12 4 2 0 0 0 0 0 0 0 0 0
P384 2061 4 0 0 0 9 7 13 19 32 52 25 29 41 33 21 19 8 38 65 51 19 6 0 0 6 10 9 6 0 0 0 -999
P384 2061 5 0 0 24 22 13 5 0 0 0 0 0 9 9 8 7 0 0 0 0 0 0 0 0 0 0 0 0 0 0 0 0
P384 2061 6 0 0 0 0 0 0 0 0 0 0 0 0 15 20 12 0 0 0 0 0 0 0 0 0 0 0 0 0 0 0 -999
P384 2061 7 0 0 0 0 0 0 0 0 0 0 0 0 0 0 0 0 0 0 0 0 0 0 0 0 0 0 0 0 0 0 0
P384 2061 8 0 0 0 0 0 0 0 0 0 0 0 0 0 0 0 0 0 0 0 0 0 0 0 0 0 0 0 0 0 0 0
P384 2061 9 0 0 0 0 0 0 0 0 0 0 0 0 0 0 0 19 78 78 273 69 41 0 0 0 0 0 0 0 0 0 -999
P384 2061 10 0 0 0 9 0 6 8 0 40 49 14 0 0 0 0 0 0 0 0 0 0 27 0 0 24 20 30 14 0 0 0
P384 2061 11 0 0 0 0 5 5 9 17 8 8 4 0 0 0 0 0 0 0 14 5 0 0 0 0 0 0 0 0 0 0 -999
P384 2061 12 42 122 46 0 0 0 0 0 0 7 8 5 0 0 0 0 0 13 11 0 0 0 0 0 0 0 0 0 0 11 0
P384 2062 1 0 0 0 0 0 3 3 4 3 7 13 20 27 11 31 46 21 9 3 0 0 0 0 0 0 5 9 12 8 18 88
P384 2062 2 37 94 16 23 8 16 16 14 22 13 2 0 0 0 0 5 11 16 12 9 21 64 73 98 296 85 60 0 -999 -999 -999
P384 2062 3 0 0 0 0 0 0 4 0 0 0 0 0 0 13 0 0 0 0 0 0 0 0 0 0 0 26 5 0 0 0 0
P384 2062 4 0 0 4 3 6 19 0 0 16 18 36 6 2 0 0 0 0 0 0 0 0 0 7 15 12 16 0 0 0 0 -999
P384 2062 5 18 32 27 16 11 0 0 23 17 0 0 0 0 0 0 0 0 0 3 0 0 0 0 0 0 0 0 9 20 14 16
P384 2062 6 9 3 6 4 0 0 0 0 0 0 0 0 0 0 0 0 0 0 0 0 0 0 0 0 0 0 0 0 0 0 -999
P384 2062 7 0 0 0 0 0 0 0 0 0 0 0 0 0 0 0 0 0 0 0 0 0 0 0 0 0 0 0 0 0 0 0
P384 2062 8 0 0 0 0 0 0 0 0 0 0 0 0 0 0 0 0 0 0 0 0 0 0 0 0 0 0 0 0 0 0 0
P384 2062 9 0 0 0 0 0 0 0 0 0 0 0 0 0 0 0 0 0 0 0 0 0 0 0 0 0 0 0 0 0 0 -999
P384 2062 10 0 0 0 0 0 0 25 28 0 0 0 0 0 0 0 0 12 16 26 60 17 21 14 10 29 33 11 18 17 0 0
P384 2062 11 0 0 14 0 21 46 6 3 7 20 68 7 0 14 0 0 0 0 0 17 26 6 12 21 38 4 4 0 0 0 -999
P384 2062 12 0 0 0 0 0 0 9 5 12 59 25 0 0 0 0 27 3 0 0 4 6 8 5 6 12 0 0 0 6 4 0
P384 2063 1 0 0 4 6 4 3 0 0 0 0 0 0 0 0 0 0 0 0 0 0 7 5 3 5 0 0 18 11 4 4 0
P384 2063 2 0 0 0 0 0 0 9 11 5 2 0 0 2 4 8 0 0 0 0 0 3 13 7 7 0 0 0 5 -999 -999 -999
P384 2063 3 7 5 8 16 10 0 9 9 6 30 28 15 39 53 210 30 9 6 8 28 31 34 40 69 58 30 67 163 65 7 0
P384 2063 4 11 18 6 7 0 0 0 0 0 38 92 30 4 5 5 20 33 28 0 0 0 11 7 6 8 0 5 12 19 5 -999
P384 2063 5 3 0 0 0 0 0 0 0 0 0 5 5 42 22 12 10 7 7 6 0 6 7 0 0 0 0 0 0 0 0 0
P384 2063 6 0 0 0 0 0 0 0 0 0 0 0 0 0 0 0 0 0 0 0 0 0 0 0 0 0 0 0 0 0 0 -999
P384 2063 7 0 0 0 0 0 0 0 0 0 0 0 0 0 0 0 0 0 0 0 0 0 0 0 0 0 0 0 0 0 0 0
P384 2063 8 0 0 0 0 0 0 0 0 0 0 0 0 0 0 0 0 0 0 0 0 0 0 0 0 0 0 0 0 0 0 0
P384 2063 9 0 0 0 0 13 0 0 0 0 0 0 0 0 0 0 0 20 0 0 0 0 0 0 0 0 22 22 8 0 0 -999
P384 2063 10 0 0 0 0 0 8 0 0 0 12 34 9 4 0 0 5 0 0 0 42 19 56 7 0 0 0 0 34 11 14 0
P384 2063 11 0 0 0 4 0 0 0 0 0 0 4 0 0 0 0 0 0 0 0 0 0 0 0 6 27 3 0 7 11 10 -999
P384 2063 12 10 12 12 0 17 27 0 0 0 0 0 12 0 0 0 0 0 0 0 0 0 0 9 18 10 0 9 0 0 15 0
P384 2064 1 0 0 0 0 5 4 0 0 0 7 35 68 36 46 7 9 6 16 7 6 64 30 20 10 0 0 8 8 16 5 0
P384 2064 2 0 0 0 0 0 0 0 0 0 0 0 0 25 48 14 9 6 7 0 0 0 0 0 5 10 31 44 18 -999 -999 -999
P384 2064 3 4 8 42 194 56 25 0 0 0 0 0 5 0 0 0 0 0 0 0 0 0 0 30 7 8 0 0 0 14 31 18
P384 2064 4 11 17 41 21 0 19 0 3 2 0 0 0 0 0 0 5 6 8 9 5 5 0 34 49 21 22 36 25 0 0 -999
P384 2064 5 0 0 7 0 0 0 0 0 0 0 0 0 0 0 0 3 0 0 0 0 0 0 0 0 0 0 0 0 0 0 0
P384 2064 6 0 0 0 0 0 0 0 0 0 0 0 0 0 0 0 0 0 0 0 0 0 0 0 0 0 0 0 0 0 0 -999
P384 2064 7 0 0 0 0 0 0 0 0 0 0 0 0 0 0 0 0 0 0 0 0 0 0 0 0 0 0 0 0 0 0 0
P384 2064 8 0 0 0 0 0 0 0 0 0 0 0 0 0 0 0 0 0 0 0 0 0 0 0 0 0 0 0 0 0 0 0
P384 2064 9 0 0 0 0 0 0 0 0 0 0 0 0 0 0 0 0 0 0 0 0 0 0 0 0 0 0 0 20 0 0 -999
P384 2064 10 0 0 0 0 0 0 0 0 0 19 10 0 0 0 0 0 0 0 0 0 0 4 6 12 6 5 0 0 0 0 0
P384 2064 11 0 0 0 0 0 17 17 15 0 0 0 0 0 0 4 5 4 0 0 0 4 4 11 46 12 8 7 20 42 8 -999
P384 2064 12 3 0 0 0 0 0 0 10 60 90 19 0 0 0 0 0 0 0 6 51 32 46 0 0 0 0 0 24 10 18 13
P384 2065 1 0 18 12 8 8 20 120 86 122 89 32 14 3 2 0 0 0 0 0 0 0 0 4 0 0 0 0 0 0 0 0
P384 2065 2 5 7 5 10 5 0 0 0 0 0 0 0 0 0 0 0 0 0 4 5 10 0 0 0 0 0 0 0 -999 -999 -999
P384 2065 3 0 0 0 0 0 11 27 3 9 12 0 0 0 0 0 0 0 5 0 0 0 0 0 17 0 16 25 60 14 23 47
P384 2065 4 54 40 66 8 3 3 0 0 0 0 16 17 47 47 40 18 6 0 0 0 0 0 0 0 7 19 8 0 5 3 -999
P384 2065 5 3 0 0 6 11 0 8 13 4 7 4 4 4 3 0 0 8 0 0 0 0 0 0 0 0 0 0 0 0 0 4
P384 2065 6 18 12 12 26 41 17 11 5 4 0 0 27 8 0 0 0 0 0 0 0 0 0 0 0 0 0 0 0 0 0 -999
P384 2065 7 0 0 0 0 0 0 0 0 0 0 0 0 0 0 0 0 0 0 0 0 0 0 0 0 0 0 0 0 0 0 0
P384 2065 8 0 0 0 0 0 0 0 0 0 0 0 0 0 0 0 0 0 0 0 0 0 0 0 0 0 0 0 0 0 0 0
P384 2065 9 0 0 0 0 0 0 0 0 0 0 0 0 0 0 0 0 0 0 0 37 42 55 135 266 59 16 12 16 0 0 -999
P384 2065 10 0 0 0 0 0 0 0 0 0 0 18 12 0 0 0 19 49 81 65 5 10 0 0 0 0 0 0 0 0 0 0
P384 2065 11 0 0 0 0 13 14 0 0 0 0 0 0 0 13 0 0 0 0 0 0 0 0 0 0 0 3 2 0 0 0 -999
P384 2065 12 0 0 0 0 0 6 0 0 0 0 12 0 0 0 0 0 0 0 0 8 11 19 217 45 30 30 12 18 0 0 0
P384 2066 1 0 0 0 6 11 0 0 0 0 8 8 9 5 6 7 14 25 5 0 0 0 0 0 0 0 0 0 0 0 0 0
P384 2066 2 0 0 0 3 4 11 23 16 9 0 0 0 0 0 0 0 5 17 17 6 0 0 0 9 4 16 3 17 -999 -999 -999
P384 2066 3 38 173 161 164 225 119 17 151 141 50 20 14 9 18 19 26 10 4 5 32 45 13 15 4 3 0 0 23 19 8 11
P384 2066 4 0 0 0 0 0 52 36 25 3 0 0 0 0 0 0 0 17 21 4 0 0 0 0 0 0 0 0 0 0 0 -999
P384 2066 5 0 0 0 0 0 0 0 0 0 0 0 0 0 0 0 0 16 5 0 0 0 0 0 0 0 0 0 0 0 0 0
P384 2066 6 0 0 0 0 0 0 0 0 0 0 0 0 0 0 0 0 0 0 0 0 0 0 0 0 0 0 0 0 0 0 -999
P384 2066 7 0 0 0 0 0 0 0 0 0 0 0 0 0 0 0 0 0 0 0 0 0 0 0 0 0 0 0 0 0 0 0
P384 2066 8 0 0 0 0 0 0 0 0 0 0 0 0 0 0 0 0 0 0 0 0 0 0 0 0 0 0 0 0 0 0 0
P384 2066 9 0 0 0 0 0 0 0 0 0 0 0 0 0 0 0 0 0 0 0 0 0 0 0 0 0 0 0 0 0 0 -999
P384 2066 10 0 0 0 0 0 0 0 0 0 0 0 21 67 23 10 45 20 14 6 0 0 15 0 0 7 9 16 10 11 12 101
P384 2066 11 44 34 17 12 14 31 58 99 68 7 0 0 0 0 0 0 9 10 25 92 40 72 0 0 0 26 149 23 61 99 -999
P384 2066 12 118 216 134 5 0 0 9 13 18 8 5 24 44 147 44 18 55 21 2 0 0 0 6 20 56 43 26 25 17 15 12
P384 2067 1 21 86 161 240 54 25 39 62 43 13 17 69 302 158 62 36 96 410 201 5 0 19 53 59 44 27 13 8 68 51 14
P384 2067 2 27 14 6 3 0 0 3 12 80 4 9 17 5 0 0 0 0 0 8 28 33 22 10 5 3 3 4 5 -999 -999 -999
P384 2067 3 0 3 6 11 0 0 0 0 0 0 0 0 5 0 5 0 0 0 0 0 0 0 0 0 0 5 10 21 10 6 0
P384 2067 4 0 0 0 0 0 13 17 9 11 4 6 0 5 18 4 4 14 10 7 6 4 0 0 0 4 10 20 25 4 6 -999
P384 2067 5 0 0 0 0 0 20 18 0 0 7 15 34 36 50 25 7 8 11 21 17 11 14 3 0 0 0 0 0 0 0 0
P384 2067 6 0 0 0 0 0 0 56 108 0 0 0 0 0 0 0 0 0 0 0 0 0 0 0 0 0 0 0 0 0 0 -999
P384 2067 7 0 0 0 0 0 0 0 0 0 0 0 0 0 0 0 0 0 0 0 0 0 0 0 0 0 0 0 0 0 0 0
P384 2067 8 0 0 0 0 0 0 0 0 0 0 0 0 0 0 0 0 0 0 0 0 0 0 0 0 0 0 0 0 0 0 0
P384 2067 9 0 0 0 0 0 0 0 0 0 0 0 0 0 0 0 0 0 0 0 0 0 0 0 0 0 0 0 0 0 0 -999
P384 2067 10 0 0 0 0 0 16 45 30 10 0 4 13 10 4 0 0 0 0 0 0 0 0 0 0 0 0 9 22 20 15 45
P384 2067 11 13 16 47 56 37 39 173 60 68 18 0 0 6 0 8 5 0 31 112 17 0 0 0 0 8 5 8 0 0 0 -999
P384 2067 12 0 0 0 16 51 45 4 0 41 21 25 56 13 16 0 0 0 0 0 14 11 7 7 0 0 0 0 0 0 0 0
P384 2068 1 0 0 0 0 0 0 0 0 0 4 8 0 0 0 0 0 0 0 4 8 17 26 46 63 8 16 5 2 19 36 77
P384 2068 2 3 0 0 0 0 6 6 41 333 67 9 10 27 21 62 40 6 0 0 0 0 0 0 7 8 0 0 0 -999 -999 -999
P384 2068 3 0 0 0 0 6 6 4 4 86 286 25 13 2 0 0 35 17 0 0 8 5 0 13 22 0 0 0 0 0 0 0
P384 2068 4 0 0 0 0 14 14 3 0 0 0 0 0 0 0 0 0 0 0 0 0 0 0 9 7 6 0 0 9 12 6 -999
P384 2068 5 0 0 0 76 24 0 23 8 4 5 5 26 44 20 20 8 4 4 5 10 6 0 0 0 0 0 0 0 0 0 0
P384 2068 6 0 0 0 0 0 0 0 0 0 0 0 0 0 0 0 0 0 0 0 21 0 0 0 0 0 0 0 0 0 0 -999
P384 2068 7 0 0 0 0 0 0 0 0 0 0 0 0 0 0 0 0 0 0 0 0 0 0 0 0 0 0 0 0 0 0 0
P384 2068 8 0 0 0 0 0 0 0 0 0 0 0 0 0 0 0 0 0 0 0 0 0 0 0 0 0 4 0 0 0 0 0
P384 2068 9 0 0 0 0 0 0 0 0 0 0 0 0 0 0 0 0 0 24 35 0 34 71 59 31 9 8 18 11 12 0 -999
P384 2068 10 12 15 7 0 0 0 0 9 11 0 0 0 20 15 0 0 0 0 0 10 0 0 40 26 5 8 0 0 0 8 9
P384 2068 11 0 0 0 0 0 4 6 4 0 0 0 0 0 0 12 23 4 8 7 0 18 113 37 36 18 0 0 9 36 27 -999
P384 2068 12 0 22 13 0 145 54 10 5 12 0 8 4 0 4 27 43 315 248 35 0 0 0 0 0 0 0 5 4 0 0 0
P384 2069 1 0 0 0 0 0 0 4 4 8 284 100 21 7 2 0 0 0 0 0 0 6 9 8 9 19 20 11 21 114 250 204
P384 2069 2 88 15 13 4 121 18 16 9 47 76 6 3 3 6 0 3 0 0 0 0 0 0 0 0 0 0 0 0 -999 -999 -999
P384 2069 3 27 63 17 15 16 16 18 25 9 12 21 7 3 0 0 0 0 0 0 0 0 0 0 0 3 0 0 8 11 9 0
P384 2069 4 0 0 0 0 0 0 9 41 11 10 85 108 32 37 51 63 17 24 65 67 9 0 0 0 0 0 0 19 13 29 -999
P384 2069 5 54 17 6 0 6 24 41 30 17 11 0 0 0 0 0 0 0 0 9 10 7 0 0 0 0 0 0 0 5 7 0
P384 2069 6 0 0 0 0 0 0 0 0 0 0 0 0 0 0 0 0 0 0 0 0 0 0 0 0 0 0 0 0 0 0 -999
P384 2069 7 0 0 0 0 0 0 0 0 0 0 0 0 0 0 0 0 0 0 0 0 0 0 0 0 0 0 0 0 0 0 0
P384 2069 8 0 0 0 0 0 0 0 0 0 0 0 0 0 0 0 0 0 0 0 0 0 0 0 0 0 0 0 0 0 0 0
P384 2069 9 0 0 0 0 0 0 0 0 0 0 0 0 0 0 0 0 0 0 0 23 0 0 0 0 0 0 17 19 89 31 -999
P384 2069 10 29 24 70 27 0 0 0 0 0 0 0 0 0 0 0 0 6 2 0 0 8 11 29 20 9 7 5 0 0 0 13
P384 2069 11 39 31 77 0 0 0 0 0 27 101 288 102 104 87 6 3 0 0 0 0 10 0 0 10 6 9 0 18 170 13 -999
P384 2069 12 4 9 63 113 67 68 36 7 0 0 0 0 9 0 0 0 0 0 0 0 0 5 25 18 0 0 0 7 19 7 6
P384 2070 1 18 15 8 0 17 18 5 9 19 8 0 0 0 0 0 0 5 0 9 26 19 33 68 56 31 35 135 9 5 58 166
P384 2070 2 114 173 154 24 4 4 0 4 4 26 26 23 23 29 116 76 17 0 0 0 6 8 46 15 29 12 86 10 -999 -999 -999
P384 2070 3 12 3 0 6 20 5 6 21 175 60 24 26 27 14 23 0 0 7 14 0 18 82 50 7 70 0 0 0 0 0 0
P384 2070 4 0 39 15 5 10 20 22 49 31 13 7 10 10 10 38 0 10 3 4 0 10 8 33 19 12 8 7 5 4 4 -999
P384 2070 5 4 0 0 0 12 3 4 5 0 0 0 10 19 84 32 7 0 0 0 0 0 0 0 0 0 0 0 0 0 0 0
P384 2070 6 43 0 26 0 18 0 0 0 0 0 0 0 15 19 0 0 0 0 0 0 0 0 0 0 0 0 0 0 0 0 -999
P384 2070 7 0 0 0 0 0 0 0 0 0 0 0 0 0 0 0 0 0 0 0 0 0 0 0 0 0 0 0 0 0 0 0
P384 2070 8 0 0 0 0 0 0 0 0 0 0 0 0 0 0 0 0 0 0 0 0 0 0 0 0 0 0 0 0 0 0 0
P384 2070 9 0 0 0 0 0 0 0 0 0 0 0 0 0 0 0 0 0 0 0 0 0 0 0 0 0 0 0 17 20 31 -999
P384 2070 10 10 0 10 0 0 0 11 17 21 38 102 46 24 10 5 0 6 9 73 148 79 107 36 5 0 0 0 0 0 0 8
P384 2070 11 19 125 23 16 3 0 11 10 17 9 21 54 64 34 8 0 15 4 0 12 12 11 15 0 0 0 0 0 0 0 -999
P384 2070 12 0 0 4 0 0 0 0 0 0 0 4 4 4 3 0 0 0 0 0 0 0 22 4 0 0 0 0 11 21 18 0
P384 2071 1 0 0 0 17 16 5 7 0 9 25 13 8 14 35 207 193 397 326 185 44 39 11 65 32 17 2 0 0 0 0 27
P384 2071 2 23 0 0 0 9 25 8 0 0 0 0 6 4 0 0 0 0 0 0 0 7 5 3 0 4 15 47 0 -999 -999 -999
P384 2071 3 0 0 0 0 0 0 0 0 0 7 13 0 0 0 5 3 0 0 5 0 0 0 0 23 25 13 0 0 0 0 0
P384 2071 4 12 13 0 0 0 0 0 0 0 0 0 0 0 0 0 0 0 0 0 14 37 6 0 0 0 0 0 0 0 0 -999
P384 2071 5 0 0 0 0 0 0 0 0 0 0 0 0 0 59 10 0 0 0 0 4 0 0 0 0 0 0 0 10 0 0 0
P384 2071 6 0 0 0 0 0 7 16 10 0 0 0 0 0 0 0 0 0 0 0 0 0 0 0 0 0 0 0 0 0 0 -999
P384 2071 7 0 0 0 0 0 0 0 0 0 0 0 0 0 0 0 0 0 0 0 0 0 0 0 0 0 0 0 0 0 0 0
P384 2071 8 0 0 0 0 0 0 0 0 0 0 0 0 0 0 0 0 0 0 0 0 0 0 0 0 0 0 0 0 0 0 0
P384 2071 9 0 0 0 0 0 0 0 0 0 0 0 0 0 0 0 0 0 0 0 0 0 0 0 0 0 0 0 0 0 0 -999
P384 2071 10 0 0 0 0 0 0 0 0 9 12 8 4 0 0 0 0 0 0 0 0 0 0 0 0 9 0 0 0 0 0 0
P384 2071 11 12 19 15 0 0 7 15 68 66 17 14 27 0 0 0 0 0 0 0 0 0 0 0 0 0 14 10 0 0 0 -999
P384 2071 12 0 0 0 0 0 16 8 0 0 0 0 0 0 0 0 0 0 0 9 0 0 0 0 0 0 0 0 0 0 0 0
P384 2072 1 0 0 0 0 0 0 4 6 0 8 8 5 5 0 0 3 2 0 0 0 7 79 238 6 0 0 5 11 159 21 13
P384 2072 2 0 0 0 8 18 8 0 8 0 29 19 107 125 117 60 220 451 203 373 198 265 192 126 41 4 0 8 4 -999 -999 -999
P384 2072 3 0 0 0 0 8 7 40 18 3 0 0 9 0 0 0 0 0 0 30 14 0 0 11 6 4 4 0 35 38 5 0
P384 2072 4 0 0 0 0 21 28 24 50 27 13 46 7 5 16 69 11 7 5 6 13 18 19 81 26 0 0 0 0 0 0 -999
P384 2072 5 0 0 0 21 0 0 8 10 14 11 0 0 2 0 0 0 0 4 0 0 0 0 0 0 0 0 0 0 6 7 6
P384 2072 6 8 12 18 6 4 0 0 0 0 0 0 0 0 0 0 0 0 0 0 0 0 0 0 0 0 0 0 0 0 0 -999
P384 2072 7 0 0 0 0 0 0 0 0 0 0 0 0 0 0 0 0 0 0 0 0 0 0 0 0 0 0 0 0 0 0 0
P384 2072 8 0 0 0 0 0 0 0 0 0 0 0 0 0 0 0 0 0 0 0 0 0 0 0 0 0 0 0 0 0 0 0
P384 2072 9 0 0 0 0 0 0 0 0 0 0 0 0 0 0 0 0 0 0 0 0 0 0 0 0 0 0 0 0 0 0 -999
P384 2072 10 0 16 0 0 0 0 0 0 0 0 0 0 0 0 9 24 39 22 14 11 0 0 10 34 15 20 0 0 0 25 30
P384 2072 11 0 0 0 0 63 46 42 74 173 290 103 24 8 5 8 8 5 5 0 0 0 0 19 82 9 19 300 11 8 5 -999
P384 2072 12 0 0 0 0 0 6 15 8 0 0 0 0 0 0 0 0 0 0 0 7 0 0 0 0 0 0 0 0 0 4 4
P384 2073 1 0 0 0 0 4 10 3 0 0 0 0 3 5 0 0 0 0 0 0 0 0 0 0 0 0 0 0 0 0 0 0
P384 2073 2 0 0 0 6 8 0 0 0 13 71 180 41 10 29 71 23 36 6 11 0 0 0 0 0 0 0 0 0 -999 -999 -999
P384 2073 3 0 0 0 0 0 0 0 0 10 7 5 3 0 0 7 9 5 6 18 9 5 4 3 0 0 0 0 13 6 0 0
P384 2073 4 0 0 0 0 0 0 0 0 0 0 8 6 8 33 75 39 11 0 0 0 0 0 0 13 6 0 0 0 0 0 -999
P384 2073 5 22 0 0 0 0 0 0 15 0 0 0 0 0 0 0 17 33 31 40 13 5 0 7 20 5 0 0 5 0 0 0
P384 2073 6 0 0 0 0 0 0 0 0 0 0 0 0 0 0 0 0 0 0 0 0 0 0 0 0 0 0 0 0 0 0 -999
P384 2073 7 0 0 0 0 0 0 0 0 0 0 0 0 0 0 0 0 0 0 0 0 0 0 0 0 0 0 0 0 0 0 0
P384 2073 8 0 0 0 0 0 0 0 0 0 0 0 0 0 0 0 0 0 0 0 0 0 0 0 0 0 0 0 0 0 0 0
P384 2073 9 0 0 0 0 0 10 4 0 0 0 0 0 9 0 0 0 0 0 0 0 0 0 0 0 0 0 0 0 0 0 -999
P384 2073 10 0 0 0 0 0 0 0 22 7 33 46 0 0 0 0 0 0 0 15 8 0 0 0 0 0 0 10 21 0 10 9
P384 2073 11 16 4 0 0 0 0 161 89 123 87 37 20 5 3 0 0 0 3 4 2 3 6 4 14 13 19 12 11 8 11 -999
P384 2073 12 40 70 22 17 5 16 3 3 0 0 0 0 0 0 0 0 0 5 0 6 0 0 0 0 23 5 0 0 0 0 0
P384 2074 1 0 0 0 0 0 0 0 0 0 0 0 0 0 0 0 0 0 14 26 20 6 0 0 0 0 5 5 5 5 3 2
P384 2074 2 3 0 0 0 0 0 4 5 16 5 0 0 0 0 0 0 0 0 0 0 6 7 0 0 0 8 11 0 -999 -999 -999
P384 2074 3 0 27 8 0 0 0 0 0 0 0 0 6 0 0 16 0 0 0 0 0 0 0 0 0 0 0 0 0 0 0 0
P384 2074 4 5 3 0 0 0 0 0 0 0 0 0 0 0 0 0 0 0 0 0 0 0 0 0 0 0 10 16 8 0 0 -999
P384 2074 5 0 14 0 20 0 29 42 21 15 32 42 33 15 6 4 0 0 0 0 11 22 25 7 0 0 0 0 0 0 0 0
P384 2074 6 0 0 0 0 0 0 0 0 0 0 0 0 0 0 0 0 0 0 10 0 0 0 0 0 0 0 0 0 0 0 -999
P384 2074 7 0 0 0 0 0 0 0 0 0 0 0 0 0 0 0 0 0 0 0 0 0 0 0 0 0 0 0 0 0 0 0
P384 2074 8 0 0 0 0 0 0 0 0 0 0 0 0 0 0 0 0 0 0 0 0 0 0 0 0 0 0 0 0 0 0 0
P384 2074 9 0 0 0 0 0 0 0 0 0 0 0 0 0 0 0 0 0 0 0 0 0 0 0 0 4 5 6 7 0 0 -999
P384 2074 10 0 0 8 0 0 0 0 0 22 16 5 0 0 0 0 0 0 0 15 0 0 0 0 0 0 0 0 9 28 0 0
P384 2074 11 0 0 0 0 0 0 0 0 20 95 17 19 0 0 0 0 7 23 25 13 27 13 20 43 158 29 9 7 7 3 -999
P384 2074 12 0 0 59 57 11 9 13 20 0 0 0 8 25 371 330 499 195 25 23 0 30 24 9 5 4 9 198 147 456 61 103
P384 2075 1 264 406 120 70 30 11 5 4 4 5 7 0 13 3 5 3 0 0 0 0 0 0 0 0 0 4 5 0 4 5 5
P384 2075 2 15 0 0 0 17 30 30 19 5 0 15 17 0 19 5 17 10 8 16 12 177 29 22 4 0 0 0 0 -999 -999 -999
P384 2075 3 0 0 5 52 128 63 8 8 50 75 12 25 54 51 7 0 0 10 30 40 27 28 22 24 11 11 34 9 11 15 29
P384 2075 4 47 2 7 0 0 17 0 0 0 0 0 0 0 0 0 0 0 0 0 8 0 0 0 0 0 0 0 13 29 54 -999
P384 2075 5 58 65 69 152 58 67 39 28 5 5 4 15 13 18 9 10 28 35 25 22 12 11 6 0 0 0 0 0 0 0 0
P384 2075 6 0 0 0 0 0 0 0 0 0 0 0 0 0 0 0 0 0 0 0 0 0 0 0 0 0 0 0 0 0 0 -999
P384 2075 7 0 0 0 0 0 0 0 0 0 0 0 0 0 39 0 0 0 0 0 0 0 0 0 0 0 0 0 0 0 0 0
P384 2075 8 0 0 0 0 0 0 0 0 0 0 0 0 0 0 0 0 0 0 0 0 0 0 0 0 0 0 0 0 0 0 0
P384 2075 9 0 0 0 0 0 0 0 0 0 0 0 0 0 0 0 0 0 0 0 0 0 0 0 0 0 0 0 31 27 12 -999
P384 2075 10 0 0 16 12 0 0 0 0 5 0 0 0 0 0 0 0 0 0 33 29 9 0 0 0 0 0 0 13 8 13 14
P384 2075 11 21 0 0 13 7 9 109 39 96 6 0 13 17 15 5 7 24 12 5 0 0 0 0 0 0 0 25 5 5 4 -999
P384 2075 12 0 0 0 13 10 14 32 21 74 7 0 11 18 0 0 0 0 0 0 0 0 0 3 0 0 5 3 3 0 0 0
P384 2076 1 0 0 0 0 0 0 0 0 0 0 0 0 0 0 0 3 0 0 0 0 0 0 0 0 0 0 0 9 4 4 0
P384 2076 2 0 0 0 0 0 0 0 0 12 2 0 0 0 0 0 0 0 0 0 4 3 0 0 0 0 0 0 0 -999 -999 -999
P384 2076 3 0 0 0 0 0 7 3 3 45 86 10 0 0 12 16 14 37 42 4 0 0 0 0 0 0 0 0 0 0 0 0
P384 2076 4 0 0 0 23 5 0 0 0 0 0 0 24 0 0 0 0 0 0 29 40 80 48 50 29 0 0 15 8 5 9 -999
P384 2076 5 7 5 38 11 3 0 0 0 0 0 0 0 4 12 7 0 0 12 11 17 40 24 18 0 0 7 0 44 22 14 6
P384 2076 6 28 22 8 0 0 0 0 8 0 0 0 0 0 0 0 0 0 0 0 0 0 0 4 6 7 5 0 0 0 0 -999
P384 2076 7 0 0 0 0 0 0 0 0 0 0 0 0 0 0 0 0 0 0 0 0 0 0 0 0 0 0 0 0 0 0 0
P384 2076 8 0 0 0 0 0 0 0 0 0 0 0 0 0 0 0 0 0 0 0 0 0 0 0 0 0 0 0 0 0 0 0
P384 2076 9 0 0 0 0 0 0 0 0 0 0 0 0 0 0 0 0 0 0 0 0 0 0 30 0 0 0 26 32 11 7 -999
P384 2076 10 0 0 15 0 0 0 0 0 0 0 31 116 88 171 100 4 0 43 0 0 0 7 5 10 0 0 0 0 0 0 0
P384 2076 11 0 0 0 0 0 0 0 0 17 46 23 34 4 4 3 4 33 46 5 0 0 0 0 51 18 6 0 0 0 0 -999
P384 2076 12 0 0 0 0 0 0 0 0 5 5 0 0 0 0 0 3 7 9 0 0 0 0 0 0 0 0 0 0 0 6 0
P384 2077 1 2 0 0 0 0 0 0 0 0 0 0 0 9 34 25 0 0 0 0 4 11 42 149 68 29 8 38 8 2 0 0
P384 2077 2 0 0 0 8 37 42 4 4 0 4 9 17 21 17 26 17 27 0 0 0 0 0 0 0 0 0 0 0 -999 -999 -999
P384 2077 3 0 10 17 0 0 6 6 9 17 45 11 4 24 9 2 6 19 87 47 8 3 2 0 0 0 5 4 9 0 0 3
P384 2077 4 3 0 0 0 0 0 8 8 7 0 0 0 0 0 0 0 0 0 0 0 0 0 0 0 0 0 7 5 0 0 -999
P384 2077 5 0 0 0 0 0 35 17 25 12 4 4 0 0 0 0 0 0 0 15 22 0 0 24 50 108 74 26 0 0 0 0
P384 2077 6 0 0 0 0 0 0 0 0 0 0 9 16 19 14 0 0 0 0 0 0 0 0 0 0 0 0 0 0 0 0 -999
P384 2077 7 0 0 0 0 0 0 0 0 0 0 0 0 0 0 0 0 0 0 0 0 0 0 0 0 0 0 0 0 0 0 0
P384 2077 8 0 0 0 0 0 0 0 0 0 0 0 0 0 0 0 0 0 0 0 0 0 0 0 0 0 0 0 0 0 0 0
P384 2077 9 0 0 0 0 0 0 0 0 0 0 0 0 0 0 0 0 0 0 0 0 0 0 27 0 0 0 0 53 0 0 -999
P384 2077 10 0 0 12 0 0 0 0 0 0 0 0 0 0 15 16 0 0 0 0 0 0 76 19 4 0 0 0 8 4 0 0
P384 2077 11 0 0 57 111 305 132 142 106 29 18 17 45 233 389 285 53 46 80 3 0 9 73 100 36 34 30 64 22 12 0 -999
P384 2077 12 0 0 0 0 0 0 0 7 8 28 78 26 29 58 64 19 76 371 293 39 29 13 17 62 149 103 170 17 23 14 6
P384 2078 1 0 26 8 10 0 32 7 30 0 23 0 0 0 0 0 0 0 0 0 0 0 6 21 10 0 0 0 0 0 0 0
P384 2078 2 0 10 5 0 8 42 39 6 0 0 10 10 7 3 0 0 6 9 0 0 5 3 5 5 0 5 0 4 -999 -999 -999
P384 2078 3 4 6 6 3 0 19 10 9 0 15 42 22 11 33 8 0 0 16 0 0 0 0 0 0 0 0 15 0 0 21 9
P384 2078 4 23 40 19 51 55 106 16 5 12 0 0 0 12 24 19 18 54 71 62 24 0 0 0 0 0 4 9 20 21 6 -999
P384 2078 5 13 6 6 12 9 28 10 4 0 8 27 36 40 32 45 33 9 5 4 0 0 0 0 0 0 0 0 0 0 0 0
P384 2078 6 0 0 0 0 0 0 0 0 0 0 0 0 0 0 0 0 0 0 0 0 0 0 0 0 0 0 0 0 0 0 -999
P384 2078 7 0 0 0 0 0 0 0 0 0 0 0 0 0 0 0 0 0 0 0 0 0 0 0 0 0 0 0 0 0 0 0
P384 2078 8 0 0 0 0 0 0 0 0 0 0 0 0 0 0 0 0 0 0 0 0 0 0 0 0 0 0 0 0 0 7 0
P384 2078 9 0 0 74 33 0 0 0 0 0 0 0 0 0 0 0 0 0 0 0 0 0 0 0 0 0 0 0 0 0 0 -999
P384 2078 10 0 0 0 0 0 0 0 0 0 0 0 0 0 0 0 0 0 0 0 0 0 0 0 9 6 0 0 0 8 7 11
P384 2078 11 21 42 133 24 5 0 0 0 0 0 0 0 0 0 0 0 0 0 0 0 0 0 0 6 7 7 0 43 11 7 -999
P384 2078 12 0 0 0 0 0 0 0 0 0 0 0 0 0 0 5 16 3 2 0 0 0 0 0 5 13 12 13 49 10 17 196
P384 2079 1 6 0 0 5 3 8 10 8 0 0 0 0 0 0 0 0 0 0 0 0 0 0 0 0 0 5 31 16 0 0 0
P384 2079 2 0 5 0 0 24 9 3 11 21 4 5 11 12 9 4 3 6 21 95 144 105 9 47 94 89 126 136 48 -999 -999 -999
P384 2079 3 14 96 14 7 0 0 7 12 23 19 21 34 5 0 0 3 3 5 15 41 113 12 8 6 7 12 6 9 15 17 46
P384 2079 4 124 56 23 7 6 11 34 15 7 0 0 0 0 0 0 0 0 0 0 0 0 0 0 0 0 8 7 4 5 13 -999
P384 2079 5 11 19 14 0 7 7 9 9 0 0 0 18 21 16 49 55 34 0 0 0 0 0 0 0 0 0 0 0 0 0 0
P384 2079 6 0 0 0 0 0 0 0 0 0 0 0 0 0 0 0 0 0 0 0 0 0 0 0 0 0 0 0 0 0 0 -999
P384 2079 7 0 0 0 0 0 0 0 0 0 0 0 0 0 0 0 0 0 0 0 0 0 0 0 0 0 0 0 0 0 0 0
P384 2079 8 0 0 0 0 0 0 0 0 0 0 0 0 0 0 0 0 0 0 0 0 0 0 0 0 0 0 0 0 0 0 0
P384 2079 9 0 0 0 0 0 0 0 0 0 0 0 0 0 0 0 0 0 0 0 0 0 0 0 0 0 0 0 0 0 8 -999
P384 2079 10 0 0 0 0 0 0 0 10 0 0 0 0 0 0 0 12 14 33 45 39 27 38 11 0 16 0 0 0 0 0 0
P384 2079 11 0 16 19 0 8 0 0 0 0 0 0 0 0 0 0 0 0 0 0 0 0 0 21 0 11 93 24 6 19 135 -999
P384 2079 12 3 0 0 0 10 8 17 25 18 17 0 0 0 0 13 94 174 36 65 11 12 0 0 0 0 0 0 0 0 0 0
P384 2080 1 0 0 0 8 5 0 10 5 0 0 0 6 2 3 4 0 0 0 8 13 15 21 23 31 18 4 0 0 0 0 0
P384 2080 2 0 0 0 0 0 0 0 0 0 0 9 28 27 4 0 0 0 0 0 0 6 18 10 16 0 0 0 0 -999 -999 -999
P384 2080 3 0 0 0 0 0 0 0 0 6 0 0 0 0 0 0 0 0 0 0 0 0 0 0 0 0 0 0 0 0 14 49
P384 2080 4 70 0 17 14 28 78 73 97 72 6 4 5 6 6 9 45 31 10 25 9 0 0 0 9 22 10 9 6 0 6 -999
P384 2080 5 65 41 17 5 0 0 0 0 0 0 0 0 0 0 0 0 33 0 0 0 0 0 0 0 0 0 0 0 28 15 0
P384 2080 6 0 0 0 0 0 0 0 0 0 0 0 0 0 0 5 0 0 0 0 0 0 0 0 0 0 0 0 0 0 0 -999
P384 2080 7 0 0 0 0 0 0 0 0 0 0 0 0 0 0 0 0 0 0 0 0 0 0 0 0 0 0 0 0 0 0 0
P384 2080 8 0 0 0 0 0 0 0 0 0 0 0 0 0 0 0 0 0 0 0 0 0 0 0 10 32 15 0 0 0 0 0
P384 2080 9 0 0 0 0 0 0 0 0 0 0 0 0 34 11 0 0 0 0 0 0 0 0 0 38 33 22 11 9 0 0 -999
P384 2080 10 0 0 0 0 0 0 0 0 0 0 0 7 26 0 0 0 0 0 0 0 0 0 0 30 62 28 4 0 0 0 0
P384 2080 11 0 0 0 16 21 5 6 3 0 18 11 5 0 0 0 9 17 0 0 0 0 0 0 0 0 0 0 21 0 0 -999
P384 2080 12 0 0 0 0 0 0 0 0 0 24 40 20 12 12 5 0 0 0 0 0 0 9 29 201 141 44 28 15 5 0 0
P384 2081 1 0 0 3 6 0 0 0 0 0 0 0 0 0 0 0 0 0 5 16 254 291 132 9 0 15 9 6 0 0 0 0
P384 2081 2 4 7 116 52 10 19 0 0 0 0 0 0 0 0 0 0 0 9 0 14 37 41 13 9 7 0 0 0 -999 -999 -999
P384 2081 3 0 0 0 0 0 0 0 0 0 0 0 19 28 144 170 95 246 19 43 22 44 84 197 20 96 90 207 116 23 16 109
P384 2081 4 23 12 12 8 9 0 0 0 0 0 0 0 0 0 0 0 0 0 0 0 0 0 0 0 0 0 11 22 15 4 -999
P384 2081 5 0 0 0 0 0 4 9 8 4 4 5 0 0 0 0 0 0 0 0 0 0 0 11 7 7 0 4 25 26 11 0
P384 2081 6 0 0 0 0 0 0 18 17 15 43 34 10 0 0 0 0 0 0 0 0 0 0 0 0 0 0 0 0 0 0 -999
P384 2081 7 0 0 0 0 0 0 0 0 0 0 0 0 0 0 0 0 0 0 0 0 0 0 0 0 0 0 0 0 0 0 0
P384 2081 8 0 0 0 0 0 0 0 0 0 0 0 0 0 0 0 0 0 0 0 0 0 0 0 0 0 0 0 0 0 0 0
P384 2081 9 0 0 0 0 0 0 0 0 0 0 0 0 0 0 0 0 0 0 0 0 0 0 0 0 0 0 0 0 0 0 -999
P384 2081 10 0 0 27 0 0 0 0 0 20 50 241 63 23 16 42 27 47 51 47 58 25 6 0 0 0 0 0 0 0 0 0
P384 2081 11 0 0 38 105 12 7 0 0 0 52 41 5 0 32 40 45 13 8 20 141 79 39 30 4 0 0 0 0 13 10 -999
P384 2081 12 15 11 9 24 41 5 12 45 8 0 10 8 7 0 0 0 0 0 0 10 91 33 68 0 0 28 14 116 20 0 0
P384 2082 1 0 0 3 0 0 0 10 15 10 6 0 0 0 3 21 51 0 0 0 0 0 0 0 0 0 6 53 21 68 9 3
P384 2082 2 0 0 0 0 5 6 0 0 0 0 0 2 0 0 0 0 0 0 0 0 0 0 0 0 0 0 0 0 -999 -999 -999
P384 2082 3 0 0 3 3 2 0 0 0 7 10 9 12 0 0 3 8 7 17 29 56 0 31 9 20 7 0 4 8 19 22 53
P384 2082 4 39 44 69 51 16 23 103 40 81 190 93 77 196 7 0 15 11 0 49 49 49 42 22 0 16 11 8 15 11 0 -999
P384 2082 5 0 0 0 0 0 0 0 0 0 0 0 0 0 0 0 0 0 23 0 0 0 0 0 0 0 0 0 0 0 0 0
P384 2082 6 0 0 21 14 0 0 14 21 19 9 8 0 0 0 0 0 0 35 24 15 0 0 0 0 0 0 0 0 0 0 -999
P384 2082 7 0 0 0 0 0 0 0 0 0 0 0 0 0 0 0 0 0 0 0 0 0 0 0 0 0 0 0 0 0 0 0
P384 2082 8 0 0 0 0 0 0 0 0 0 0 0 0 0 0 0 0 0 0 0 0 0 0 0 0 0 0 0 0 0 0 0
P384 2082 9 0 0 0 0 0 0 0 0 0 0 0 0 0 0 0 0 0 0 0 0 25 32 0 0 0 14 0 0 0 0 -999
P384 2082 10 0 0 0 0 0 35 0 0 0 0 0 0 20 24 0 0 0 13 17 93 76 5 14 33 0 0 0 0 0 0 0
P384 2082 11 0 0 0 10 0 15 8 0 0 0 0 13 0 15 15 101 22 16 0 15 11 17 23 13 9 9 7 0 40 18 -999
P384 2082 12 3 0 5 10 0 0 0 0 0 0 4 0 0 0 0 0 4 8 4 0 0 0 0 0 0 0 0 0 0 0 0
P384 2083 1 0 0 0 0 0 0 0 15 13 10 0 0 0 55 83 79 76 9 6 41 41 37 38 17 13 8 17 7 10 31 24
P384 2083 2 12 13 30 0 0 0 0 10 17 21 75 53 84 23 5 0 199 222 159 17 18 18 10 15 0 43 73 20 -999 -999 -999
P384 2083 3 122 3 0 0 0 0 0 4 0 0 12 0 0 0 0 0 0 0 0 0 0 0 0 0 0 0 0 0 8 8 10
P384 2083 4 23 27 18 14 0 0 0 0 0 9 12 13 11 8 0 7 0 10 10 14 14 29 5 2 0 0 0 7 0 0 -999
P384 2083 5 0 23 27 0 3 0 0 0 0 65 0 0 0 0 0 0 0 0 0 0 0 0 0 0 0 0 0 0 0 0 0
P384 2083 6 0 0 0 0 0 0 0 0 0 0 0 0 0 0 0 0 0 0 0 0 0 0 0 0 0 0 0 0 0 0 -999
P384 2083 7 0 0 0 0 0 0 0 0 0 0 0 0 0 0 0 0 0 0 0 0 0 0 0 0 0 0 0 0 0 0 0
P384 2083 8 0 0 0 0 0 0 0 0 0 0 0 0 0 0 0 0 0 0 0 0 0 0 0 0 0 0 0 0 0 0 0
P384 2083 9 0 0 0 0 0 0 0 0 0 0 0 0 0 0 0 0 0 0 0 0 0 0 0 0 0 0 0 0 0 17 -999
P384 2083 10 28 17 0 0 0 0 0 0 0 0 0 0 0 0 0 0 0 0 0 0 0 0 0 0 0 0 0 0 0 0 0
P384 2083 11 0 9 38 0 0 0 8 7 24 10 0 0 20 20 12 13 59 113 39 12 0 0 16 39 4 0 0 0 0 0 -999
P384 2083 12 0 0 0 0 0 0 6 6 7 46 18 13 16 8 9 40 24 11 0 0 0 0 0 0 0 0 0 0 0 0 0
P384 2084 1 0 14 11 0 0 0 0 7 0 0 0 0 0 0 0 0 0 59 140 13 7 15 146 8 1 2 0 0 0 0 0
P384 2084 2 0 0 8 8 3 2 0 0 0 0 8 28 30 7 0 0 0 0 14 10 5 5 83 87 9 42 22 23 -999 -999 -999
P384 2084 3 14 30 13 12 31 39 30 25 25 45 35 58 63 91 71 206 196 139 45 25 32 7 16 51 15 7 37 48 0 15 49
P384 2084 4 40 90 129 170 160 34 15 16 23 11 115 29 0 0 12 0 0 0 35 0 0 0 0 0 0 0 0 0 0 0 -999
P384 2084 5 0 0 0 0 0 0 0 4 3 0 0 0 0 0 0 0 0 0 0 0 0 0 0 0 0 0 0 0 0 0 0
P384 2084 6 7 0 0 0 0 0 0 0 0 0 0 0 0 0 11 4 0 0 0 0 0 0 0 0 0 0 0 0 0 0 -999
P384 2084 7 0 0 0 0 0 0 0 0 0 0 0 0 0 0 0 0 0 0 0 0 0 0 0 0 0 0 0 0 0 0 0
P384 2084 8 0 0 0 0 0 0 0 0 0 0 0 0 0 0 0 0 0 0 0 0 0 0 0 0 0 0 0 0 0 0 0
P384 2084 9 0 0 0 0 0 0 0 0 0 0 0 0 0 0 0 0 0 0 0 0 0 0 0 0 31 29 0 0 0 0 -999
P384 2084 10 0 0 0 0 0 0 0 0 0 0 0 0 0 0 0 17 0 0 0 0 0 0 0 4 7 0 0 0 0 0 0
P384 2084 11 0 0 0 0 36 55 43 9 59 200 109 164 86 34 4 0 0 0 0 0 0 0 0 0 8 5 6 5 0 0 -999
P384 2084 12 0 0 8 29 15 4 3 4 0 0 0 0 0 0 0 0 0 0 0 0 0 0 0 3 0 9 4 6 0 0 0
P384 2085 1 0 0 0 0 0 0 0 0 0 0 0 0 0 5 8 0 0 0 0 0 0 0 0 0 0 0 12 11 0 0 0
P384 2085 2 0 0 0 4 0 0 0 0 0 0 0 0 0 0 0 31 11 3 0 0 0 0 0 0 0 0 6 0 -999 -999 -999
P384 2085 3 0 0 0 3 8 3 0 0 0 16 23 32 14 0 0 0 0 8 7 6 74 65 39 9 4 0 18 0 26 127 25
P384 2085 4 48 31 113 15 8 0 0 0 0 0 0 0 0 7 74 7 0 0 0 0 0 0 0 0 0 0 11 13 21 22 -999
P384 2085 5 9 6 5 11 6 0 6 0 5 22 32 37 25 10 5 7 9 4 10 22 16 12 0 0 0 0 0 0 0 0 0
P384 2085 6 0 0 0 0 0 0 0 11 12 0 0 0 0 0 0 0 0 0 0 0 0 0 0 0 0 0 0 0 0 0 -999
P384 2085 7 0 0 0 0 0 0 0 0 0 0 0 0 0 0 0 0 0 0 0 0 0 0 0 0 0 0 0 0 0 0 0
P384 2085 8 0 0 0 0 0 0 0 0 0 0 0 0 0 0 0 0 0 0 0 0 0 0 0 0 0 0 0 0 0 0 0
P384 2085 9 0 0 0 0 0 0 0 0 0 0 0 0 0 0 0 0 0 0 0 0 27 0 0 0 4 0 0 0 0 0 -999
P384 2085 10 0 0 0 0 32 0 0 9 16 10 0 0 6 0 0 18 25 24 11 0 0 0 0 0 0 0 0 0 0 0 0
P384 2085 11 0 9 15 139 28 6 0 0 0 0 0 0 0 0 0 0 0 17 81 28 72 263 79 161 269 16 71 0 0 0 -999
P384 2085 12 21 42 50 21 26 14 0 0 0 13 13 11 12 11 7 0 0 0 0 0 0 6 93 218 72 17 9 8 9 6 30
P384 2086 1 71 235 94 81 9 0 0 0 0 0 3 0 5 0 0 10 0 0 0 0 0 0 0 0 0 2 0 0 0 0 0
P384 2086 2 0 0 0 0 0 0 0 0 0 0 0 0 8 9 0 0 0 19 8 10 41 7 3 2 4 11 9 5 -999 -999 -999
P384 2086 3 2 0 0 0 0 0 0 0 0 0 0 5 5 0 0 0 0 0 0 0 0 15 11 0 0 0 0 0 0 8 12
P384 2086 4 30 50 20 6 0 0 8 34 18 9 9 5 4 23 90 101 92 84 72 52 16 14 74 30 0 0 13 12 4 0 -999
P384 2086 5 0 21 24 7 0 0 0 0 0 0 0 17 22 0 0 0 0 7 19 12 7 6 5 0 9 0 0 0 0 0 0
P384 2086 6 0 0 0 0 0 0 0 0 0 0 0 0 0 0 0 0 0 0 0 0 0 0 0 0 0 0 0 0 0 0 -999
P384 2086 7 0 0 0 0 0 0 0 0 0 0 0 0 0 0 0 0 0 0 0 0 0 0 0 0 0 0 0 0 0 0 0
P384 2086 8 0 0 0 0 0 0 0 0 0 0 0 0 0 0 0 0 0 0 0 0 0 0 0 0 0 0 0 0 0 0 0
P384 2086 9 0 0 0 0 0 0 46 0 0 0 0 0 0 0 0 0 0 0 0 0 0 0 0 0 0 0 0 0 0 0 -999
P384 2086 10 0 17 0 0 0 0 0 0 0 0 0 0 0 0 12 26 14 10 9 0 0 0 7 25 24 28 26 0 0 0 0
P384 2086 11 0 76 0 0 0 0 0 8 0 0 0 0 0 0 66 136 148 102 71 36 0 0 0 0 0 0 0 6 28 11 -999
P384 2086 12 11 13 17 40 73 12 13 0 0 0 0 0 6 0 0 0 0 0 4 7 0 0 0 0 0 0 0 4 5 0 7
P384 2087 1 6 29 23 8 22 8 0 0 0 0 0 0 0 9 141 58 19 7 11 0 0 0 0 2 3 4 4 6 8 10 2
P384 2087 2 3 0 0 10 6 8 0 0 0 0 0 0 0 0 0 0 0 0 0 0 0 0 0 0 0 0 0 0 -999 -999 -999
P384 2087 3 0 0 0 0 0 0 12 0 0 0 0 0 0 13 25 4 14 27 40 6 4 4 0 0 31 72 152 19 8 0 0
P384 2087 4 0 0 10 0 0 2 0 0 0 0 0 0 21 0 0 0 0 8 8 6 0 37 0 0 0 0 0 0 0 0 -999
P384 2087 5 0 0 0 0 0 0 57 90 101 60 11 0 0 0 0 0 0 0 0 0 0 0 0 0 0 0 0 0 0 0 0
P384 2087 6 0 0 0 0 0 0 0 0 0 0 0 0 0 0 0 0 0 0 0 0 0 0 0 0 0 0 0 0 0 0 -999
P384 2087 7 0 0 0 0 0 0 0 0 0 0 0 0 0 0 0 0 0 0 0 0 0 0 0 0 0 0 0 0 0 0 0
P384 2087 8 0 0 0 0 0 0 0 0 0 0 0 0 0 0 0 0 0 0 0 0 0 0 0 0 0 0 0 0 0 0 0
P384 2087 9 0 0 0 0 0 0 0 0 0 0 0 0 0 0 0 0 0 0 0 26 55 0 0 0 0 0 0 17 14 8 -999
P384 2087 10 0 0 0 0 0 0 0 0 0 21 0 0 0 0 0 0 0 0 0 10 0 43 24 4 11 11 0 0 0 0 0
P384 2087 11 0 0 0 12 0 0 12 8 0 5 0 6 17 7 9 17 7 0 0 0 0 0 0 0 0 0 0 0 31 43 -999
P384 2087 12 49 247 17 50 4 0 35 12 3 0 0 27 37 20 14 15 50 121 252 83 46 14 0 0 0 0 0 0 0 0 0
P384 2088 1 0 0 0 0 0 0 13 83 346 33 27 47 176 185 14 50 24 16 5 2 3 0 7 36 44 72 255 147 147 84 12
P384 2088 2 5 3 0 0 7 7 0 0 0 0 0 0 0 0 0 8 27 49 41 11 0 6 6 0 0 0 0 0 -999 -999 -999
P384 2088 3 0 0 0 0 10 7 20 5 4 5 7 10 20 16 26 56 50 24 24 4 1 0 0 3 7 4 0 0 0 0 0
P384 2088 4 9 0 0 0 0 0 0 0 0 6 6 0 0 0 3 7 0 0 0 0 0 0 0 0 0 0 0 0 0 0 -999
P384 2088 5 0 0 0 0 0 0 11 0 0 0 62 65 51 10 6 4 4 6 9 0 0 0 0 0 0 0 0 0 0 0 0
P384 2088 6 0 0 0 0 0 0 0 0 0 0 0 0 0 0 0 0 0 0 0 0 0 0 0 0 0 0 0 0 0 0 -999
P384 2088 7 0 0 0 0 0 0 0 0 0 0 0 0 0 0 0 0 0 0 0 0 0 0 0 0 0 0 0 0 0 0 0
P384 2088 8 0 0 0 0 0 0 0 0 0 0 0 0 0 0 0 0 0 0 0 0 0 0 0 0 0 0 0 0 0 0 0
P384 2088 9 0 0 0 0 0 0 0 0 0 0 0 0 0 0 0 0 0 0 0 0 0 0 0 0 0 0 0 0 0 0 -999
P384 2088 10 0 0 0 0 0 0 0 0 0 0 17 0 10 4 6 0 0 0 0 0 0 0 0 0 0 0 0 0 0 0 0
P384 2088 11 0 8 78 295 86 248 69 38 36 35 8 0 0 0 0 0 0 0 0 0 0 0 23 19 14 26 45 8 0 0 -999
P384 2088 12 93 29 12 22 234 104 10 2 0 0 0 0 0 0 0 0 0 0 0 0 0 0 0 0 0 5 6 0 0 0 0
P384 2089 1 0 0 0 0 0 0 8 0 0 0 6 0 6 15 0 0 0 0 21 53 30 26 103 17 14 27 0 0 0 9 38
P384 2089 2 124 8 6 19 68 5 0 0 9 181 111 43 19 26 54 88 103 61 75 44 18 0 0 0 0 0 23 50 -999 -999 -999
P384 2089 3 8 3 0 0 0 0 0 0 0 0 0 0 0 0 0 0 5 7 5 0 0 0 0 0 0 0 0 0 4 0 0
P384 2089 4 0 0 0 0 0 0 6 25 83 21 4 0 0 6 19 23 21 17 26 82 15 0 0 0 0 0 22 39 0 0 -999
P384 2089 5 7 8 7 0 0 0 0 29 0 0 0 0 0 0 0 0 0 0 0 0 0 0 0 0 0 0 0 0 0 0 0
P384 2089 6 0 10 0 0 0 0 0 0 0 0 0 0 0 0 0 0 0 0 0 0 0 0 0 0 0 0 0 0 0 0 -999
P384 2089 7 0 0 0 0 0 0 0 0 0 0 0 0 0 0 0 0 0 0 0 0 0 0 0 0 0 0 0 0 0 0 0
P384 2089 8 0 0 0 0 0 0 0 0 0 0 0 0 0 0 0 0 0 0 0 0 0 0 0 0 0 0 0 0 0 0 0
P384 2089 9 0 0 0 0 0 0 0 0 0 0 0 0 0 0 0 0 0 0 0 0 0 0 0 0 0 0 0 0 0 0 -999
P384 2089 10 0 0 0 0 0 0 0 0 0 0 7 16 13 9 16 10 0 0 0 0 0 0 0 0 7 8 0 0 0 0 0
P384 2089 11 0 0 0 0 0 0 4 3 0 0 0 0 6 0 19 64 22 65 63 24 50 309 239 33 0 0 0 0 11 10 -999
P384 2089 12 42 26 6 7 0 0 0 0 0 4 0 0 0 0 0 0 0 7 10 38 23 10 6 0 0 0 0 0 0 16 32
P384 2090 1 0 0 0 0 0 0 4 4 4 9 9 8 0 0 0 0 0 0 0 0 11 29 31 9 4 0 0 0 0 0 0
P384 2090 2 0 36 86 0 6 0 0 0 17 34 53 34 20 28 62 82 65 20 6 11 81 13 3 6 7 28 63 106 -999 -999 -999
P384 2090 3 26 0 0 0 0 6 56 157 17 5 13 163 84 4 4 5 3 0 0 0 0 2 2 3 5 6 2 0 0 0 7
P384 2090 4 26 93 27 63 48 12 0 0 0 0 0 9 7 0 0 0 18 6 0 0 0 24 19 8 0 0 0 33 11 9 -999
P384 2090 5 7 0 0 0 0 0 0 0 0 0 0 0 0 0 16 84 27 35 16 10 12 9 6 0 0 0 0 0 27 36 0
P384 2090 6 0 0 10 27 64 72 26 8 8 9 7 0 0 0 0 0 0 0 0 0 0 0 0 0 15 9 0 0 0 0 -999
P384 2090 7 0 0 0 0 0 0 0 0 0 0 0 0 0 0 0 0 0 0 0 0 0 0 0 0 0 0 0 0 0 0 0
P384 2090 8 0 0 0 0 0 0 0 0 0 0 0 0 0 0 0 0 0 0 0 0 0 0 0 0 0 0 0 0 0 0 0
P384 2090 9 0 0 0 0 0 0 13 13 0 0 0 0 0 0 0 0 0 0 0 0 0 0 0 0 0 0 0 55 0 0 -999
P384 2090 10 0 0 0 0 0 0 0 15 24 11 0 0 0 0 0 0 0 31 0 0 0 0 0 0 0 0 0 0 0 0 6
P384 2090 11 21 8 3 0 0 0 0 0 0 0 0 0 4 0 0 0 0 4 0 0 0 0 0 0 0 0 7 48 217 415 -999
P384 2090 12 373 13 7 20 8 5 0 0 15 76 25 38 19 17 13 0 0 0 0 0 6 13 5 24 0 0 0 0 7 8 0
P384 2091 1 0 0 0 0 0 0 0 0 0 0 0 0 0 3 0 0 0 0 4 4 13 9 11 18 14 93 95 164 8 9 0
P384 2091 2 9 24 17 27 28 44 47 12 11 7 0 0 13 20 17 8 0 0 0 0 0 13 64 34 43 29 5 0 -999 -999 -999
P384 2091 3 0 0 0 19 0 0 0 0 5 0 0 0 0 0 0 0 0 0 0 0 0 0 0 0 0 0 0 0 0 0 0
P384 2091 4 0 0 0 0 0 0 0 0 0 0 0 0 0 0 0 0 0 0 0 40 0 0 5 22 48 40 15 24 16 0 -999
P384 2091 5 0 0 0 0 13 28 20 12 0 0 10 19 60 105 23 27 64 19 5 0 0 0 0 0 0 0 0 0 0 0 0
P384 2091 6 0 0 0 0 0 0 0 0 0 0 0 0 0 0 7 6 9 0 0 0 0 0 0 0 0 0 0 21 0 0 -999
P384 2091 7 0 0 0 0 0 0 0 0 0 0 0 0 0 0 0 0 0 0 0 0 0 0 0 0 0 0 0 0 0 0 0
P384 2091 8 0 0 0 0 0 0 0 0 0 0 0 0 0 0 0 0 0 0 0 0 0 0 0 0 0 0 0 0 0 0 0
P384 2091 9 0 0 0 0 0 0 0 0 0 0 0 0 0 0 0 0 33 23 13 13 0 0 0 0 28 45 0 0 0 0 -999
P384 2091 10 0 0 0 0 0 0 0 0 26 14 0 0 0 0 0 0 0 0 0 0 0 0 13 6 2 5 0 0 45 20 54
P384 2091 11 40 83 116 55 24 140 283 165 57 31 95 156 86 10 0 0 7 23 7 7 6 0 0 0 0 0 0 0 0 0 -999
P384 2091 12 0 0 0 0 0 0 0 0 0 0 0 21 94 231 25 34 0 7 11 15 16 0 0 0 0 0 0 0 0 0 0
P384 2092 1 0 0 0 0 13 19 0 19 0 0 4 27 209 37 0 0 0 0 0 0 0 0 0 2 4 6 3 0 0 0 0
P384 2092 2 0 0 0 5 30 83 14 0 0 0 0 0 0 0 0 0 0 0 5 4 9 10 4 0 0 0 0 0 -999 -999 -999
P384 2092 3 0 0 0 0 0 0 0 0 0 0 0 0 0 0 0 15 8 113 26 17 10 0 0 0 0 0 0 0 0 0 0
P384 2092 4 0 0 0 0 0 0 5 19 25 11 0 0 0 0 0 53 23 0 0 104 37 0 0 0 0 18 0 0 0 0 -999
P384 2092 5 0 0 0 49 0 0 0 0 0 4 11 6 0 0 0 0 0 0 0 0 0 0 0 0 0 0 0 0 0 0 0
P384 2092 6 0 13 0 0 0 0 0 34 0 0 0 0 0 0 0 0 0 0 0 0 0 0 0 0 0 0 0 0 0 0 -999
P384 2092 7 0 0 0 0 0 0 0 0 0 0 0 0 0 0 0 0 0 0 0 0 0 0 0 0 0 0 0 0 0 0 0
P384 2092 8 0 0 0 0 0 0 0 0 0 0 0 0 0 0 0 0 0 0 0 0 0 0 0 0 0 0 0 0 0 43 11
P384 2092 9 0 0 0 0 0 0 0 0 0 0 0 0 0 0 0 0 0 0 0 0 0 0 0 0 0 21 18 0 0 9 -999
P384 2092 10 14 11 6 0 0 0 0 0 0 0 0 0 0 0 0 0 0 0 0 0 0 0 0 0 0 0 0 0 0 0 0
P384 2092 11 0 0 0 0 0 0 31 54 26 0 0 0 11 5 6 0 0 13 0 0 0 0 0 0 12 0 0 0 0 0 -999
P384 2092 12 0 0 0 5 13 27 31 49 7 9 0 0 0 0 0 0 0 0 0 0 0 0 0 0 0 5 67 15 5 0 0
P384 2093 1 0 0 0 0 9 12 14 27 56 18 27 17 12 4 4 4 0 0 0 0 0 0 0 5 4 0 0 0 0 2 6
P384 2093 2 0 0 0 0 0 8 8 22 52 213 96 10 17 53 43 44 73 135 343 113 61 25 4 2 0 6 16 12 -999 -999 -999
P384 2093 3 10 7 15 12 4 0 0 17 14 85 150 29 26 48 242 36 13 21 32 32 60 13 13 11 3 0 0 0 35 28 5
P384 2093 4 0 0 0 0 0 0 0 0 0 0 0 8 7 0 0 0 0 0 0 0 0 0 40 4 4 0 0 0 10 0 -999
P384 2093 5 0 0 7 14 16 15 10 16 22 20 16 0 0 0 0 0 0 0 0 0 0 0 0 0 0 0 0 0 0 0 0
P384 2093 6 0 0 0 0 0 0 0 0 0 0 0 29 41 17 10 0 0 0 0 0 0 0 0 0 0 0 0 0 0 0 -999
P384 2093 7 0 0 0 0 0 0 0 0 0 0 0 0 0 0 0 0 0 0 0 0 0 0 0 0 0 0 0 0 0 0 0
P384 2093 8 0 0 0 0 0 0 0 0 0 0 0 0 0 0 0 0 0 0 0 0 0 0 0 0 0 0 22 19 0 0 0
P384 2093 9 0 0 0 0 0 0 0 0 0 0 0 0 48 0 0 0 0 0 0 0 0 0 0 0 0 0 0 0 0 0 -999
P384 2093 10 0 0 0 0 0 0 0 0 0 0 0 0 0 0 0 0 0 0 0 0 0 0 0 0 0 0 0 0 0 0 0
P384 2093 11 8 23 0 39 27 9 0 7 28 44 27 22 58 0 0 0 0 24 36 0 0 0 0 46 8 12 6 0 0 0 -999
P384 2093 12 0 10 40 24 0 0 0 0 0 0 0 9 2 0 0 0 0 0 0 0 0 0 0 0 0 0 0 9 84 33 4
P384 2094 1 0 0 0 6 22 44 53 17 0 0 0 0 0 0 0 0 0 4 5 4 4 0 0 0 0 0 0 0 0 0 0
P384 2094 2 0 0 0 0 0 0 8 0 0 0 0 0 0 0 7 0 0 0 0 0 0 0 0 32 12 0 50 85 -999 -999 -999
P384 2094 3 19 18 14 13 51 227 106 217 55 39 16 0 14 5 0 0 0 0 0 0 0 0 1 0 0 0 0 0 0 0 0
P384 2094 4 5 17 23 24 15 6 4 4 0 5 0 29 21 11 36 55 12 0 0 0 0 0 0 11 85 21 4 0 0 0 -999
P384 2094 5 0 0 0 0 3 0 0 0 0 0 0 0 0 0 0 0 0 0 0 0 0 0 0 0 0 0 0 0 0 0 0
P384 2094 6 0 0 0 0 0 0 11 11 8 0 0 0 0 0 0 0 0 0 0 0 0 0 0 0 0 0 0 0 0 0 -999
P384 2094 7 0 0 0 0 0 0 0 0 0 0 0 0 0 0 0 0 0 0 0 0 0 0 0 0 0 0 0 0 0 0 0
P384 2094 8 0 0 0 0 0 0 0 0 0 0 0 0 0 0 0 0 0 0 0 0 0 0 0 0 0 0 0 0 0 0 0
P384 2094 9 0 0 0 0 0 0 0 0 0 0 0 0 0 0 0 0 0 0 0 0 0 30 13 0 0 0 0 0 22 18 -999
P384 2094 10 11 48 74 52 34 8 0 0 0 0 0 0 0 0 0 0 0 0 0 0 20 0 0 0 10 11 8 13 11 5 8
P384 2094 11 0 0 0 0 0 0 32 4 0 0 0 0 0 0 0 0 0 0 0 0 0 0 0 0 0 0 33 19 0 0 -999
P384 2094 12 0 0 0 0 27 87 55 32 25 30 37 15 9 97 57 0 0 0 0 0 0 0 0 0 0 0 138 51 27 0 0
P384 2095 1 96 11 41 9 6 29 16 7 19 9 15 11 0 0 12 7 174 167 417 430 452 187 40 20 76 255 59 121 5 8 29
P384 2095 2 6 0 0 35 5 0 8 4 7 6 17 45 51 60 20 8 0 0 4 0 0 0 0 0 2 3 10 0 -999 -999 -999
P384 2095 3 0 0 0 0 0 0 0 0 0 0 12 60 10 12 42 29 49 106 25 28 8 18 18 65 61 38 11 0 0 0 0
P384 2095 4 13 17 18 4 0 19 26 48 10 20 10 7 0 0 0 0 10 0 0 0 0 0 16 0 0 0 0 0 0 0 -999
P384 2095 5 0 5 7 4 0 0 0 0 0 23 82 19 0 0 0 0 0 0 0 0 0 0 0 0 0 0 0 0 0 0 0
P384 2095 6 0 0 0 0 0 0 0 0 0 0 0 0 0 0 0 0 0 0 0 0 0 0 0 0 0 0 0 0 0 0 -999
P384 2095 7 0 0 0 0 0 0 0 0 0 0 0 0 0 0 0 0 0 0 0 0 0 0 0 0 0 0 0 0 0 0 0
P384 2095 8 0 0 0 0 0 0 0 0 0 0 0 0 0 0 0 0 0 0 0 0 0 0 0 0 0 0 0 0 0 0 0
P384 2095 9 0 0 0 0 0 0 0 0 0 24 17 0 0 0 0 0 0 0 0 0 0 0 28 20 0 0 0 0 0 0 -999
P384 2095 10 0 0 0 0 0 0 0 0 0 0 12 8 7 0 0 0 9 0 0 0 0 0 0 0 0 0 0 0 9 9 6
P384 2095 11 7 22 10 8 4 0 0 32 364 70 116 67 21 0 0 0 0 0 0 8 7 0 0 0 0 0 8 0 0 0 -999
P384 2095 12 0 0 0 0 0 0 3 4 0 0 0 0 0 0 0 0 0 0 0 0 0 0 0 0 3 6 19 11 0 0 0
P384 2096 1 0 0 0 21 11 42 47 16 21 13 7 0 0 0 0 0 0 0 0 0 0 0 0 0 0 0 4 4 9 11 4
P384 2096 2 4 4 6 3 2 0 0 0 0 0 0 0 0 0 5 11 6 19 7 8 7 14 21 16 11 23 17 15 -999 -999 -999
P384 2096 3 7 31 203 42 15 20 28 10 6 4 2 6 5 8 6 0 0 0 0 0 0 0 0 0 0 4 4 12 15 22 16
P384 2096 4 10 10 16 5 6 33 39 60 17 10 17 47 43 101 32 15 12 23 46 25 7 0 3 0 0 0 0 27 34 0 -999
P384 2096 5 0 0 0 0 0 7 9 0 0 0 0 0 0 0 10 0 0 0 0 18 14 0 0 0 0 6 14 0 21 78 84
P384 2096 6 64 18 20 52 0 0 0 0 0 0 0 0 0 0 0 0 0 0 0 0 0 0 0 0 0 0 0 0 0 0 -999
P384 2096 7 0 0 0 0 0 0 0 0 0 0 0 0 0 0 0 0 0 0 0 0 0 0 0 0 0 0 0 0 0 0 0
P384 2096 8 0 0 0 0 0 0 0 0 0 0 0 0 0 0 0 0 0 0 0 0 0 0 0 0 0 0 0 0 0 0 0
P384 2096 9 0 0 0 0 0 0 5 11 0 0 0 0 0 0 0 0 0 0 0 0 0 0 0 0 0 0 0 0 0 0 -999
P384 2096 10 0 0 0 0 0 0 0 0 0 37 40 30 14 0 0 0 62 201 46 53 19 10 0 0 0 0 0 0 5 176 73
P384 2096 11 168 235 113 51 34 37 17 16 41 249 59 10 19 25 131 45 50 69 83 32 0 0 0 0 0 0 0 0 9 0 -999
P384 2096 12 0 0 0 0 0 0 0 0 0 0 0 0 0 0 0 0 0 0 0 0 0 0 0 0 6 20 26 38 72 60 60
P384 2097 1 19 8 8 0 0 0 0 11 12 9 8 17 10 14 32 109 19 0 17 9 0 0 0 0 0 0 0 0 13 6 0
P384 2097 2 0 5 2 0 0 0 0 0 0 7 0 5 4 4 3 3 6 12 33 78 19 6 0 0 8 15 21 11 -999 -999 -999
P384 2097 3 5 0 3 33 128 16 6 0 0 0 0 0 0 13 0 0 19 33 78 50 41 8 12 13 18 20 12 0 0 0 0
P384 2097 4 14 0 0 0 0 14 15 10 0 7 7 0 0 0 0 0 0 0 9 24 21 41 44 14 37 40 35 7 0 0 -999
P384 2097 5 0 0 0 0 50 38 9 0 0 0 0 0 0 0 0 0 0 0 0 25 20 0 0 0 0 0 0 0 0 0 6
P384 2097 6 0 0 0 0 0 0 0 0 0 0 0 34 31 25 0 0 0 0 0 0 0 0 0 0 0 0 0 0 0 0 -999
P384 2097 7 0 0 0 0 0 0 0 0 0 0 0 0 0 0 0 0 0 0 0 0 0 0 0 0 0 0 0 0 0 0 0
P384 2097 8 0 0 0 0 0 0 0 0 0 0 0 0 0 0 0 0 0 0 0 0 0 0 0 0 0 0 0 0 0 0 0
P384 2097 9 0 0 0 0 0 0 0 0 0 0 0 0 0 0 0 0 0 0 0 0 0 0 0 5 7 12 0 0 0 0 -999
P384 2097 10 0 35 18 12 20 0 0 0 0 0 0 0 0 0 0 0 0 61 46 55 0 0 17 22 4 0 0 0 0 24 48
P384 2097 11 20 8 0 9 4 0 0 0 0 0 0 6 25 44 82 9 7 9 12 22 29 44 14 0 0 0 0 0 0 0 -999
P384 2097 12 0 0 10 48 47 13 0 0 0 0 0 0 0 39 314 154 16 9 2 3 18 25 4 5 0 0 0 0 0 0 0
P384 2098 1 0 5 4 3 4 14 5 13 4 4 10 9 5 4 2 2 0 0 0 3 4 3 0 0 0 0 0 0 0 0 0
P384 2098 2 0 18 225 32 24 13 21 27 38 39 4 3 7 6 15 11 8 5 9 10 7 3 3 6 7 9 6 3 -999 -999 -999
P384 2098 3 0 0 0 0 0 0 0 5 4 3 4 4 0 0 0 0 0 0 41 15 8 0 0 0 0 0 0 0 0 0 0
P384 2098 4 0 0 0 0 0 0 0 0 6 10 8 10 5 6 0 0 0 0 0 48 106 19 0 0 0 0 45 22 0 0 -999
P384 2098 5 0 0 0 0 0 0 0 0 0 0 19 0 0 0 0 15 22 32 22 0 0 0 0 0 0 0 0 0 0 0 0
P384 2098 6 0 0 0 0 0 0 0 0 0 0 0 0 0 31 33 17 6 0 0 0 0 0 0 13 0 0 0 0 0 0 -999
P384 2098 7 0 0 0 0 0 0 0 0 0 0 0 0 0 0 0 0 0 0 0 0 0 0 0 0 0 0 0 0 0 0 0
P384 2098 8 0 0 0 0 0 0 0 0 0 0 0 0 0 0 0 0 0 0 0 0 0 0 0 0 0 0 0 0 0 0 0
P384 2098 9 0 0 0 0 0 0 0 0 0 0 0 0 0 0 0 0 0 0 20 0 0 0 0 0 0 9 0 0 0 0 -999
P384 2098 10 0 0 0 0 4 4 2 0 0 0 0 0 0 0 0 0 18 13 0 16 28 32 6 0 0 3 0 9 17 28 21
P384 2098 11 14 63 12 59 10 12 6 7 0 59 90 41 30 0 0 33 118 7 0 0 0 19 18 0 0 0 0 0 12 45 -999
P384 2098 12 28 119 32 19 20 102 24 20 15 5 0 0 0 0 2 3 6 4 6 5 9 38 65 44 6 2 3 3 0 0 0
P384 2099 1 0 0 0 0 0 0 0 0 0 0 0 0 0 0 0 0 0 0 0 0 0 0 0 0 0 0 0 0 0 0 0
P384 2099 2 0 14 110 6 3 0 0 0 0 0 0 0 0 0 0 4 4 12 9 0 5 0 0 0 6 0 14 0 -999 -999 -999
P384 2099 3 0 0 0 0 14 27 10 32 56 54 139 14 3 0 0 0 0 0 0 0 0 0 0 0 0 0 0 0 0 0 0
P384 2099 4 0 0 7 0 6 0 0 0 0 0 0 0 0 18 25 0 0 0 0 0 0 0 0 0 3 15 8 0 0 4 -999
P384 2099 5 4 0 0 10 21 0 0 0 0 0 0 0 0 0 0 6 0 33 0 0 0 0 0 0 0 0 0 0 0 0 0
P384 2099 6 0 0 0 0 0 0 0 0 0 0 0 27 0 0 0 0 0 0 0 0 11 0 0 0 0 0 0 0 0 0 -999
P384 2099 7 0 0 0 0 0 0 0 0 0 0 0 0 0 0 0 0 0 0 0 0 0 0 0 0 0 0 0 0 0 0 0
P384 2099 8 0 0 0 0 0 0 0 0 0 0 0 0 0 0 0 0 0 0 0 0 0 0 0 0 0 0 0 0 0 0 0
P384 2099 9 0 0 0 0 0 0 0 0 0 0 0 0 0 0 0 0 0 0 0 0 0 0 0 0 0 0 0 0 0 0 -999
P384 2099 10 0 0 0 0 0 0 0 0 0 0 0 0 6 24 35 0 0 0 0 0 0 0 0 0 0 0 0 0 0 32 55
P384 2099 11 24 25 13 0 0 8 16 0 0 0 14 26 124 8 10 22 19 57 113 30 33 5 0 0 0 0 0 0 0 0 -999
P384 2099 12 6 0 0 0 0 7 4 13 17 3 4 8 30 7 0 0 0 0 0 0 0 0 0 0 0 0 0 17 17 8 287
P384 2100 1 14 0 0 0 0 0 0 0 0 0 3 38 27 20 14 28 0 0 0 0 2 7 14 6 0 0 0 0 0 0 0
P384 2100 2 0 5 14 5 0 0 0 0 0 0 0 0 0 0 0 0 0 0 0 0 0 0 0 0 0 0 0 2 -999 -999 -999
P384 2100 3 0 0 2 3 13 12 9 26 7 13 3 10 14 19 10 0 0 0 0 4 0 0 0 5 0 0 0 0 6 8 10
P384 2100 4 3 7 0 0 0 0 0 0 0 0 0 0 0 0 0 0 16 0 0 0 6 12 58 8 0 0 0 0 13 53 -999
P384 2100 5 30 57 78 0 11 2 0 0 0 0 0 0 0 0 0 0 0 9 0 0 0 25 0 0 0 0 0 0 0 0 0
P384 2100 6 0 0 0 0 0 0 0 0 0 0 0 0 0 0 0 0 0 0 0 0 0 0 0 0 0 0 23 4 0 0 -999
P384 2100 7 0 0 0 0 0 0 0 0 0 0 0 0 0 0 0 0 0 0 0 0 0 0 0 0 0 0 0 0 0 0 0
P384 2100 8 0 0 0 0 0 0 0 0 0 0 0 0 0 0 0 0 0 0 0 0 0 0 0 0 0 0 0 0 0 0 0
P384 2100 9 0 0 0 0 0 0 0 0 0 0 0 0 0 0 0 0 0 0 0 0 0 0 0 0 0 0 0 0 0 0 -999
P384 2100 10 0 9 0 10 19 39 8 8 33 44 0 0 7 17 7 10 8 13 38 9 8 0 0 60 35 16 10 36 109 49 52
P384 2100 11 0 0 0 0 0 0 0 0 11 8 38 62 42 11 8 0 0 0 0 0 0 0 0 0 0 0 0 0 0 0 -999
P384 2100 12 0 0 0 0 0 0 8 6 0 8 0 0 0 0 0 15 0 5 11 7 11 27 4 0 12 90 47 48 18 7 -999
