precip bcc-csm1-1 rcp60 RNEURONALES decimas 2
P322 36.783 -4.069 156 geo 2006 2100 -1
P322 2006 1 0 0 0 0 0 0 0 0 0 3 4 20 13 11 8 11 1 1 0 0 0 1 0 0 1 3 1 1 0 0 0
P322 2006 2 0 0 0 1 113 49 32 45 105 200 47 95 57 13 9 4 2 0 0 0 26 0 10 0 4 2 33 9 -999 -999 -999
P322 2006 3 0 14 18 2 0 6 3 0 0 2 5 0 2 3 2 8 14 1 0 0 0 0 0 0 0 0 6 4 6 6 0
P322 2006 4 0 84 0 0 10 7 1 15 59 48 29 10 8 5 3 0 0 27 10 0 0 10 17 2 0 24 0 0 0 0 -999
P322 2006 5 0 0 0 4 17 11 3 2 10 16 0 0 0 0 0 0 0 0 7 2 1 3 5 5 0 0 32 16 45 23 7
P322 2006 6 6 0 0 13 8 11 8 2 0 0 0 0 0 0 0 0 0 0 0 9 0 0 0 0 0 0 0 0 0 0 -999
P322 2006 7 0 0 0 0 0 0 0 0 0 0 0 0 0 0 0 0 0 0 0 0 0 0 0 0 0 0 0 0 0 0 0
P322 2006 8 0 0 0 0 0 0 0 0 0 0 0 0 0 0 0 0 0 0 0 0 0 0 0 0 0 0 0 0 0 0 0
P322 2006 9 0 0 0 0 0 0 0 0 1 1 2 0 0 59 51 16 2 7 4 0 0 0 0 0 0 9 0 0 0 0 -999
P322 2006 10 0 0 5 19 4 0 14 5 0 0 15 18 13 0 0 10 15 4 0 0 0 0 0 0 0 3 13 15 11 5 0
P322 2006 11 0 0 0 20 12 13 10 4 0 0 0 0 0 0 0 0 0 0 1 0 0 0 0 0 0 0 0 0 0 0 -999
P322 2006 12 0 0 5 0 0 2 0 0 0 0 0 0 0 0 0 0 0 0 0 0 0 10 90 58 493 96 403 58 7 4 2
P322 2007 1 1 0 0 0 0 0 0 0 0 0 1 2 0 0 0 0 0 1 3 2 1 0 2 9 4 3 57 15 297 18 2
P322 2007 2 2 0 5 4 51 67 68 57 7 2 3 53 15 26 18 0 0 0 8 7 0 0 1 3 11 32 11 32 -999 -999 -999
P322 2007 3 73 22 0 0 0 0 0 0 0 0 15 38 94 9 0 0 0 7 6 0 1 38 30 9 4 1 0 28 14 0 0
P322 2007 4 0 0 3 6 4 3 2 2 0 0 0 0 0 0 0 6 2 13 10 3 4 86 74 42 50 22 1 1 2 0 -999
P322 2007 5 0 0 0 7 8 19 6 13 8 2 4 56 7 4 4 3 3 6 0 0 0 0 0 0 0 0 0 0 0 0 3
P322 2007 6 3 4 0 0 0 0 0 8 3 0 0 0 0 0 0 0 0 0 0 0 0 0 0 0 0 0 0 0 0 0 -999
P322 2007 7 0 0 0 0 0 0 0 0 0 0 0 0 0 0 0 0 0 0 0 0 0 0 0 0 0 0 0 0 0 0 0
P322 2007 8 0 0 0 0 0 0 0 0 0 0 0 0 0 0 0 0 0 0 0 0 0 0 5 13 7 0 0 3 2 5 0
P322 2007 9 0 0 0 0 0 0 0 0 0 0 0 0 0 0 0 0 0 0 0 0 0 6 0 0 0 0 0 5 7 10 -999
P322 2007 10 16 38 21 0 0 0 0 7 8 6 3 5 20 37 13 0 14 14 3 0 0 0 0 0 0 15 104 92 6 8 5
P322 2007 11 0 0 0 0 0 0 0 4 6 11 2 0 0 0 0 0 0 0 0 8 3 39 82 109 37 26 6 2 3 8 -999
P322 2007 12 0 0 0 0 0 0 0 1 196 29 4 9 2 2 4 139 151 63 29 41 53 1 13 0 0 0 0 0 3 9 20
P322 2008 1 42 60 231 137 8 27 36 9 8 0 0 6 6 8 2 31 23 19 8 0 0 0 0 0 0 0 0 0 0 5 9
P322 2008 2 4 1 1 1 0 0 0 0 0 1 0 0 0 0 0 0 0 0 3 36 7 13 6 7 0 0 0 0 -999 -999 -999
P322 2008 3 1 3 8 1 0 0 0 0 0 0 0 1 2 2 6 9 4 0 0 0 0 0 2 0 0 21 2 0 1 19 0
P322 2008 4 0 0 13 0 0 41 41 40 59 46 44 30 25 4 0 0 0 7 5 0 0 0 0 1 0 3 0 11 15 0 -999
P322 2008 5 0 0 0 2 13 14 11 4 4 9 6 2 0 0 0 0 13 0 0 0 5 0 0 0 0 0 0 0 0 0 0
P322 2008 6 18 0 0 0 0 0 0 0 0 0 0 0 0 0 0 0 0 0 0 0 0 0 0 0 0 0 0 0 0 0 -999
P322 2008 7 0 5 0 12 22 8 32 0 0 0 0 0 0 0 0 0 0 0 0 0 0 0 0 0 0 0 0 0 0 0 0
P322 2008 8 0 0 0 0 0 0 0 0 0 0 0 0 0 0 0 0 0 0 0 0 0 0 0 0 0 0 0 0 0 0 0
P322 2008 9 0 0 0 0 0 0 0 0 9 0 0 0 0 0 2 2 0 0 0 0 0 0 0 0 0 0 0 0 0 0 -999
P322 2008 10 0 18 46 19 8 4 0 0 0 26 6 0 4 39 50 5 3 2 2 21 12 6 4 14 3 1 0 0 0 5 1
P322 2008 11 0 0 0 0 0 5 1 0 5 8 0 0 0 0 52 292 201 103 211 8 2 5 0 0 0 0 0 0 0 0 -999
P322 2008 12 9 39 4 1 0 0 0 8 4 0 0 0 4 14 8 19 0 0 0 2 2 0 0 0 0 0 0 0 0 21 15
P322 2009 1 4 0 0 0 1 1 0 1 1 5 167 1 3 4 11 5 1 4 10 9 21 48 31 12 17 1 0 0 3 18 1
P322 2009 2 1 0 0 16 54 37 3 0 0 0 11 5 7 0 0 26 40 29 15 61 104 58 65 36 94 37 31 299 -999 -999 -999
P322 2009 3 109 195 233 61 4 185 5 1 1 2 0 0 0 0 0 0 0 0 11 5 0 0 0 0 15 22 4 2 0 0 0
P322 2009 4 0 0 0 0 0 0 0 0 0 0 4 0 2 2 5 0 0 0 10 21 6 0 0 0 0 0 0 0 0 0 -999
P322 2009 5 0 0 0 0 8 4 0 0 0 0 0 0 0 0 0 0 0 0 0 0 0 0 0 0 0 0 0 9 0 0 0
P322 2009 6 0 7 12 32 3 1 1 5 13 15 40 17 10 6 2 2 4 8 1 6 0 0 0 0 0 0 0 0 0 0 -999
P322 2009 7 0 0 0 0 0 0 0 0 0 0 0 0 0 0 0 0 0 0 0 0 0 0 0 0 0 0 0 0 0 0 0
P322 2009 8 0 0 0 0 0 0 0 0 0 0 0 0 0 0 0 0 0 0 0 0 0 0 0 0 0 0 0 0 0 0 0
P322 2009 9 0 0 0 0 0 0 0 0 0 0 0 0 0 0 0 0 0 0 0 0 0 0 0 0 0 0 0 0 0 0 -999
P322 2009 10 12 50 42 8 5 14 15 3 0 0 0 0 0 0 0 0 0 0 0 0 0 4 3 0 0 2 2 0 0 0 0
P322 2009 11 0 9 29 10 4 7 3 7 7 3 16 4 0 0 0 0 0 0 0 0 0 0 0 0 0 0 0 0 0 0 -999
P322 2009 12 0 0 0 0 0 0 5 3 0 13 5 6 0 0 16 26 20 3 0 0 0 0 0 3 11 40 15 24 6 4 10
P322 2010 1 0 0 0 0 0 0 0 3 0 0 2 0 0 0 0 2 19 19 24 2 2 0 0 7 15 14 1 0 0 0 0
P322 2010 2 0 0 0 0 0 0 0 0 0 2 1 4 3 3 2 2 2 2 2 2 4 1 0 0 0 0 0 0 -999 -999 -999
P322 2010 3 0 0 0 0 0 0 13 37 89 39 4 1 0 3 3 0 0 2 2 22 77 18 21 15 21 1 5 4 3 1 3
P322 2010 4 26 112 46 0 6 5 176 4 2 0 0 53 3 0 0 0 0 0 0 0 0 0 0 2 0 0 0 0 0 0 -999
P322 2010 5 3 0 0 0 0 0 0 0 0 0 0 0 0 0 0 0 0 13 0 0 0 0 0 4 0 0 0 0 5 0 0
P322 2010 6 0 0 0 0 0 0 0 0 0 0 8 0 0 42 3 3 0 0 0 0 0 0 0 0 0 0 0 0 0 0 -999
P322 2010 7 0 0 0 0 0 3 0 0 0 0 0 0 0 0 0 0 0 0 0 0 0 0 0 0 0 0 0 0 0 0 0
P322 2010 8 0 0 0 0 0 0 0 0 0 0 0 0 0 0 0 0 0 0 0 0 0 0 0 0 0 0 0 0 0 0 0
P322 2010 9 0 0 0 0 0 0 0 0 0 0 0 15 0 0 0 0 0 0 0 18 42 28 11 10 87 122 6 0 0 0 -999
P322 2010 10 0 0 0 0 0 0 0 0 0 0 0 0 0 0 0 0 0 0 0 0 0 0 14 8 17 26 23 0 0 4 5
P322 2010 11 6 4 0 0 0 0 0 0 7 3 49 345 166 19 153 4 9 7 1 0 0 0 2 0 0 0 0 0 0 0 -999
P322 2010 12 0 0 0 0 5 0 9 10 2 1 3 2 1 1 2 2 3 6 11 12 9 0 9 12 3 0 0 1 1 2 2
P322 2011 1 0 0 0 0 0 0 0 0 0 0 0 5 5 9 0 21 59 40 53 12 3 2 1 0 2 2 2 1 0 6 2
P322 2011 2 0 0 0 0 0 0 0 0 0 1 1 0 0 0 0 1 2 9 11 4 9 2 11 24 57 1 1 28 -999 -999 -999
P322 2011 3 8 1 1 4 2 27 190 9 9 1 0 0 0 0 4 9 0 2 5 1 0 0 3 14 0 0 9 0 2 0 0
P322 2011 4 2 17 2 15 0 0 0 0 18 5 3 2 0 0 0 0 0 4 8 15 18 0 0 0 0 0 0 0 0 0 -999
P322 2011 5 0 0 0 0 0 0 0 0 4 6 2 0 0 0 0 0 0 0 0 0 0 0 0 0 0 0 0 0 0 0 0
P322 2011 6 0 0 0 0 0 0 0 0 0 0 0 11 0 0 0 0 0 0 0 0 0 0 0 0 0 8 0 0 0 0 -999
P322 2011 7 0 0 0 0 0 0 0 0 0 0 0 0 0 0 0 0 0 0 0 0 0 0 0 0 0 0 0 0 0 0 0
P322 2011 8 0 0 0 0 0 0 0 0 0 0 0 0 0 0 0 0 0 0 18 0 0 0 0 0 0 0 0 0 0 0 0
P322 2011 9 0 0 0 0 0 0 0 0 0 0 0 0 0 0 0 0 0 0 0 0 0 0 0 0 0 0 0 0 0 0 -999
P322 2011 10 0 0 0 0 0 0 0 2 4 0 0 0 0 0 0 0 0 0 4 6 3 6 0 0 0 0 0 0 25 72 28
P322 2011 11 10 37 110 9 4 2 4 17 0 0 11 8 8 7 4 0 0 0 0 6 7 11 20 12 8 0 5 9 2 3 -999
P322 2011 12 3 2 0 0 0 0 0 0 0 0 0 0 0 0 8 6 5 5 0 0 0 0 0 0 8 31 193 97 9 3 5
P322 2012 1 5 8 57 12 48 2 0 0 0 0 0 0 0 0 0 2 4 72 16 1 1 2 2 0 0 0 0 2 0 0 0
P322 2012 2 0 0 0 0 0 0 0 0 0 1 6 37 36 8 9 2 146 2 7 0 0 0 4 3 17 0 2 0 -999 -999 -999
P322 2012 3 0 0 0 0 0 0 0 0 0 0 0 0 1 1 0 0 1 1 0 0 0 0 0 1 0 2 1 1 0 0 0
P322 2012 4 0 0 0 0 0 0 0 0 0 0 0 0 0 0 0 0 0 0 0 0 0 0 0 0 0 0 0 0 0 0 -999
P322 2012 5 0 0 0 0 0 0 9 5 47 91 40 6 21 0 0 0 0 5 5 0 0 0 0 3 8 14 8 10 49 15 1
P322 2012 6 0 0 0 9 0 4 0 0 0 0 0 0 0 0 0 0 0 0 0 0 0 0 0 0 0 0 0 0 0 0 -999
P322 2012 7 0 0 0 0 0 0 0 0 0 0 0 0 0 0 0 0 0 0 0 0 0 0 0 0 0 0 0 0 0 0 0
P322 2012 8 0 0 0 0 0 0 0 0 0 0 0 0 0 0 0 0 0 0 0 0 0 0 0 0 0 0 0 0 0 0 0
P322 2012 9 0 0 0 0 0 0 0 6 0 0 0 0 0 0 0 0 0 0 0 0 0 0 0 0 0 0 0 0 0 0 -999
P322 2012 10 30 0 0 0 0 0 0 0 0 8 0 0 16 0 0 0 0 17 15 23 35 46 42 0 1 2 0 0 0 115 20
P322 2012 11 0 0 0 7 10 9 0 0 0 0 0 12 33 0 0 0 0 0 0 0 0 0 0 0 0 0 0 0 0 5 -999
P322 2012 12 17 3 1 0 1 0 0 0 0 0 0 2 3 0 0 0 0 1 0 4 0 1 1 0 0 0 0 0 0 0 0
P322 2013 1 3 5 0 0 0 0 0 0 0 0 0 0 1 2 0 0 0 0 0 0 0 2 3 6 3 0 0 0 0 0 0
P322 2013 2 0 1 0 0 1 9 12 2 6 1 0 0 0 0 0 0 8 1 2 0 0 60 27 4 20 44 32 2 -999 -999 -999
P322 2013 3 1 0 0 0 0 0 0 0 0 0 1 12 116 49 19 3 9 18 0 0 0 0 0 0 0 0 0 0 0 0 0
P322 2013 4 0 5 6 21 47 24 6 3 11 4 0 0 7 20 84 31 7 6 13 118 26 15 4 0 0 0 1 5 4 4 -999
P322 2013 5 2 0 0 0 0 0 0 0 0 4 4 3 2 0 14 8 0 0 4 13 6 10 5 3 0 0 0 0 0 0 0
P322 2013 6 0 0 0 0 0 0 0 0 0 0 0 0 0 0 0 0 0 0 0 11 0 0 0 0 0 0 0 0 0 0 -999
P322 2013 7 0 0 0 0 0 5 0 0 0 0 0 0 0 0 0 0 0 0 0 0 0 0 0 0 0 0 0 0 0 0 0
P322 2013 8 0 0 0 0 0 0 0 0 0 0 0 0 0 0 0 0 0 0 0 0 0 0 0 0 0 0 0 0 0 42 0
P322 2013 9 0 0 0 0 0 0 0 0 0 0 0 0 0 0 0 0 0 0 0 0 0 0 0 0 0 0 0 0 0 0 -999
P322 2013 10 0 0 0 0 19 22 17 0 0 20 27 8 10 14 6 14 2 11 3 1 0 0 14 3 0 0 0 0 0 0 0
P322 2013 11 0 10 0 0 0 0 0 0 0 0 0 0 1 2 16 4 0 11 0 0 0 0 0 11 0 6 9 21 25 62 -999
P322 2013 12 15 12 22 42 2 7 1 0 0 0 2 0 0 0 0 25 145 9 0 0 0 0 0 0 0 0 0 0 0 0 0
P322 2014 1 5 17 7 1 0 0 1 0 3 6 2 0 8 0 0 0 0 0 0 0 0 0 2 20 31 44 9 7 28 33 12
P322 2014 2 89 1 0 6 88 31 11 1 0 1 0 0 0 0 0 0 4 6 3 3 5 4 1 0 0 0 0 0 -999 -999 -999
P322 2014 3 0 0 0 0 0 0 0 0 0 0 0 0 0 0 10 4 0 0 0 3 44 25 15 11 12 29 19 13 0 6 5
P322 2014 4 2 0 0 0 0 0 0 0 9 36 9 3 0 0 0 0 0 0 0 0 0 0 0 0 0 0 0 7 9 19 -999
P322 2014 5 9 15 0 0 0 0 0 0 0 0 0 15 5 6 4 2 2 12 1 0 0 0 0 0 0 0 0 0 0 2 7
P322 2014 6 3 18 3 0 0 0 0 0 0 0 0 0 0 0 0 0 0 0 0 0 0 0 0 0 0 0 0 0 0 0 -999
P322 2014 7 0 0 0 0 0 0 0 0 0 0 0 0 0 0 0 0 0 0 0 0 0 0 0 0 0 0 0 0 0 0 0
P322 2014 8 0 0 0 0 0 0 0 0 0 0 0 0 0 0 0 0 0 0 0 0 0 3 0 0 0 0 0 0 0 0 0
P322 2014 9 0 0 0 0 0 0 0 0 0 0 0 0 0 0 0 0 0 0 0 0 0 0 0 0 0 0 0 0 0 0 -999
P322 2014 10 0 0 0 0 0 0 0 0 16 19 0 0 0 0 0 0 0 0 0 0 11 10 26 13 0 7 0 0 0 0 0
P322 2014 11 0 13 14 11 21 17 0 0 0 0 0 12 5 0 0 0 0 11 5 38 16 1 2 6 15 47 7 4 1 9 -999
P322 2014 12 3 0 0 0 0 0 0 0 0 0 0 0 0 0 2 3 34 57 1 274 13 13 24 48 4 0 1 0 0 0 0
P322 2015 1 0 0 0 0 0 0 0 0 0 0 0 0 0 0 0 0 0 0 0 0 0 0 0 0 4 21 10 2 0 8 1
P322 2015 2 1 0 0 0 0 0 0 0 3 3 6 141 151 127 119 56 67 119 37 26 54 18 3 0 0 0 14 7 -999 -999 -999
P322 2015 3 0 3 23 33 23 1 1 1 0 8 7 45 10 5 7 10 44 85 143 15 11 64 2 0 6 4 1 0 0 10 3
P322 2015 4 2 0 0 0 14 32 0 0 5 132 36 5 24 18 33 45 8 9 9 6 2 2 0 25 0 0 0 0 0 0 -999
P322 2015 5 0 0 0 7 66 13 11 13 0 0 0 0 0 0 0 0 0 0 0 0 0 0 0 0 0 3 0 0 0 0 0
P322 2015 6 0 0 0 0 12 9 4 0 0 0 0 0 0 0 0 0 0 0 0 0 0 0 0 0 0 0 0 0 0 0 -999
P322 2015 7 0 0 0 0 0 0 0 0 0 0 0 0 0 0 0 0 0 0 0 0 0 0 0 0 0 0 0 0 0 0 0
P322 2015 8 0 0 0 0 0 0 0 0 0 0 0 0 0 0 0 0 0 0 0 0 0 0 0 0 0 0 0 0 15 0 0
P322 2015 9 0 0 0 0 0 0 0 0 0 0 0 0 0 0 0 3 3 36 8 0 0 0 0 0 0 0 0 0 0 0 -999
P322 2015 10 0 0 0 0 0 0 0 0 0 18 6 9 5 0 0 1 8 77 67 27 18 2 0 0 0 0 1 1 0 0 0
P322 2015 11 0 0 0 0 5 0 10 27 12 0 0 0 0 0 1 0 0 0 0 0 0 0 0 0 0 0 0 0 0 0 -999
P322 2015 12 0 0 0 0 0 0 0 0 0 0 0 5 2 1 0 0 0 0 2 1 3 15 2 0 18 2 4 14 2 10 7
P322 2016 1 8 3 0 0 4 3 3 5 2 2 154 4 5 125 36 1 8 0 0 7 1 0 0 0 1 0 1 2 11 3 3
P322 2016 2 4 2 1 0 1 2 2 0 0 0 0 1 1 1 0 0 0 0 0 0 0 0 0 0 0 0 0 0 -999 -999 -999
P322 2016 3 0 0 0 0 0 0 0 1 0 0 0 0 0 0 0 0 0 2 0 0 0 0 0 0 0 0 0 0 0 18 4
P322 2016 4 0 0 7 124 45 1 1 1 21 6 2 25 16 2 0 0 40 31 3 7 3 3 44 0 0 0 10 3 0 9 -999
P322 2016 5 30 11 3 0 0 0 0 0 0 0 0 0 0 0 0 0 0 0 0 0 0 0 0 0 0 0 0 0 0 0 0
P322 2016 6 9 0 0 0 0 0 0 0 0 0 0 0 0 0 0 0 0 0 0 0 0 0 0 0 0 0 0 2 0 0 -999
P322 2016 7 0 0 0 0 0 0 0 0 0 0 0 0 0 0 0 0 0 0 0 0 0 0 0 0 0 0 0 0 0 0 0
P322 2016 8 0 0 0 0 0 0 0 0 0 0 0 0 0 0 0 0 0 0 0 0 0 0 0 0 0 0 0 0 0 0 0
P322 2016 9 0 0 0 0 0 0 0 0 0 0 0 0 0 0 0 0 0 0 0 0 0 0 0 7 0 0 0 12 0 0 -999
P322 2016 10 0 0 0 0 0 0 0 34 21 7 5 0 0 0 0 5 4 3 3 0 3 2 3 26 64 13 24 117 12 0 0
P322 2016 11 0 0 0 50 26 10 9 6 2 5 16 23 157 24 9 24 0 0 22 5 0 0 6 14 57 17 2 9 5 0 -999
P322 2016 12 0 0 0 0 0 0 0 0 0 0 0 0 0 1 4 0 0 0 0 0 0 0 0 0 0 0 0 0 4 4 0
P322 2017 1 0 0 54 3 1 1 3 1 3 33 3 0 0 0 0 0 0 0 2 2 2 0 0 0 3 6 29 117 0 0 0
P322 2017 2 0 0 0 50 52 30 26 26 4 4 9 8 6 33 65 1 1 3 109 73 324 2 2 0 2 5 15 2 -999 -999 -999
P322 2017 3 2 3 25 72 110 12 1 7 70 25 38 31 3 3 3 4 23 30 31 18 1 318 30 9 3 15 12 23 29 23 29
P322 2017 4 37 5 7 1 2 8 128 51 3 73 153 12 1 1 5 1 1 1 1 0 10 27 2 1 3 9 1 1 1 1 -999
P322 2017 5 3 4 0 0 0 0 9 6 0 6 5 0 0 26 0 0 0 0 0 0 0 0 21 17 4 0 0 0 0 0 0
P322 2017 6 0 0 0 0 0 0 0 0 0 0 0 0 0 0 0 0 0 0 0 0 0 0 0 0 0 0 0 0 0 0 -999
P322 2017 7 0 0 0 0 0 0 0 0 0 0 0 0 0 0 0 0 0 0 0 0 0 0 0 0 0 0 0 0 0 0 0
P322 2017 8 0 0 0 0 0 0 0 0 0 0 3 0 0 0 0 0 0 0 0 0 0 0 0 0 0 0 0 0 0 0 0
P322 2017 9 0 0 0 0 0 3 0 0 0 0 0 0 0 0 0 0 0 0 0 0 0 0 0 0 0 0 3 2 25 16 -999
P322 2017 10 2 0 0 0 0 0 1 0 2 0 0 0 0 0 0 0 0 0 0 0 0 0 19 14 9 1 2 1 2 0 0
P322 2017 11 13 4 0 0 0 4 0 0 5 23 18 2 0 0 0 0 0 1 1 0 0 0 0 21 8 0 0 0 0 0 -999
P322 2017 12 0 4 0 0 0 0 0 0 0 0 0 0 2 23 3 6 9 1 0 2 18 67 5 0 0 0 7 18 168 129 10
P322 2018 1 0 0 0 0 0 0 0 0 0 0 0 0 0 0 0 0 2 0 0 0 0 0 11 36 61 49 19 6 25 78 9
P322 2018 2 4 59 140 14 12 28 9 38 2 2 8 59 90 17 0 0 0 1 6 6 4 23 21 12 3 2 10 10 -999 -999 -999
P322 2018 3 8 11 21 13 11 32 12 0 0 4 16 31 11 0 0 0 0 0 0 6 21 2 2 11 13 30 22 1 2 70 21
P322 2018 4 7 9 4 2 5 6 0 0 0 0 0 18 66 7 3 19 4 2 1 0 0 0 0 0 6 0 3 9 46 52 -999
P322 2018 5 29 14 106 15 0 0 0 0 0 0 0 0 0 0 0 2 24 52 67 42 0 0 0 0 0 0 2 0 0 0 0
P322 2018 6 0 0 0 0 0 16 0 0 0 0 0 0 0 0 0 0 0 0 0 0 0 0 0 0 0 0 0 0 0 0 -999
P322 2018 7 0 0 0 0 0 0 0 0 0 0 0 0 0 0 0 0 0 0 0 0 0 0 0 0 0 0 0 0 0 0 0
P322 2018 8 0 0 0 0 0 0 0 0 0 0 0 0 0 0 0 0 0 0 0 0 0 0 0 0 0 0 0 0 0 0 0
P322 2018 9 0 0 0 0 0 31 11 0 0 0 0 0 0 0 0 0 0 0 0 4 6 16 7 0 0 0 0 0 0 0 -999
P322 2018 10 0 0 0 9 14 9 0 0 0 3 0 0 0 6 18 13 7 12 34 72 78 31 49 75 24 6 8 0 0 4 34
P322 2018 11 34 9 17 11 20 0 0 0 6 10 0 0 0 0 0 0 0 0 0 0 22 62 29 39 30 31 28 16 3 0 -999
P322 2018 12 0 0 0 0 0 0 0 0 0 3 2 0 0 2 0 0 0 0 0 0 0 0 2 6 9 23 6 2 0 0 0
P322 2019 1 0 0 0 0 0 32 30 3 2 2 0 1 2 0 0 0 0 0 0 0 0 0 0 0 2 0 0 0 2 3 15
P322 2019 2 2 0 5 1 2 5 3 0 1 3 9 6 1 1 11 11 4 0 0 0 0 3 39 140 102 3 24 102 -999 -999 -999
P322 2019 3 138 85 88 43 110 166 4 23 29 27 24 23 1 0 0 0 0 0 0 0 0 0 0 2 3 5 20 7 8 11 3
P322 2019 4 0 4 0 0 0 0 0 0 0 0 0 0 0 0 0 0 0 0 0 0 3 0 0 0 0 0 0 12 7 3 -999
P322 2019 5 7 8 0 0 0 0 0 0 13 0 0 0 19 9 0 0 0 0 0 0 0 0 0 0 0 0 0 0 5 19 8
P322 2019 6 0 0 0 0 0 0 0 0 0 0 0 0 0 0 0 0 0 0 0 0 0 0 0 0 0 10 5 0 0 0 -999
P322 2019 7 0 0 3 0 0 0 0 0 0 0 0 0 0 0 0 0 0 0 0 0 0 0 0 0 0 0 0 0 0 0 0
P322 2019 8 0 0 0 0 0 0 0 0 0 0 0 0 0 0 0 0 0 0 0 0 0 0 0 0 0 0 0 0 0 0 0
P322 2019 9 33 0 0 0 0 0 0 0 0 25 13 7 14 0 0 16 0 0 0 0 0 0 0 0 0 0 0 0 0 0 -999
P322 2019 10 0 0 10 7 4 15 13 1 7 4 0 0 0 0 10 0 17 6 0 0 10 10 0 0 0 0 0 0 0 0 0
P322 2019 11 0 0 0 0 7 18 1 0 0 0 0 0 0 7 13 0 0 0 0 0 0 0 0 0 0 5 2 21 15 3 -999
P322 2019 12 1 0 0 0 0 0 0 0 0 0 0 0 0 0 7 10 5 5 45 21 6 54 89 24 58 0 0 0 0 0 0
P322 2020 1 0 2 24 103 35 70 30 9 4 2 13 5 0 0 0 0 0 0 0 0 0 0 0 2 2 2 0 2 1 2 2
P322 2020 2 2 5 13 42 3 1 0 0 0 4 6 0 6 50 13 90 11 7 5 42 26 55 82 34 1 0 3 11 -999 -999 -999
P322 2020 3 9 0 0 0 0 0 0 0 0 0 6 26 40 13 89 57 78 11 0 1 2 24 107 34 20 3 5 1 3 4 0
P322 2020 4 0 0 15 0 0 0 0 0 23 18 47 9 21 6 0 0 0 0 0 5 45 23 19 54 61 1 0 0 47 68 -999
P322 2020 5 33 16 4 7 2 1 1 0 0 0 0 0 0 0 0 0 4 3 4 3 2 2 4 4 5 11 89 85 15 8 6
P322 2020 6 1 3 2 0 0 3 4 8 2 0 0 0 0 4 6 5 0 0 0 0 0 0 0 0 0 0 0 0 0 0 -999
P322 2020 7 0 0 0 0 0 0 0 0 0 0 0 0 0 0 0 0 0 0 0 0 0 0 0 0 0 0 0 0 0 0 0
P322 2020 8 0 0 0 0 0 19 25 0 0 0 0 0 0 0 0 0 0 0 0 0 0 0 0 0 0 0 0 0 19 15 9
P322 2020 9 0 0 0 0 0 0 0 0 4 0 0 0 5 0 9 5 0 0 44 2 0 0 0 0 0 0 0 0 0 1 -999
P322 2020 10 0 0 0 0 1 5 0 0 0 0 11 4 2 3 2 0 0 0 0 0 0 0 12 24 2 16 117 50 3 0 0
P322 2020 11 8 0 0 18 9 7 21 20 10 1 0 0 0 1 0 0 3 12 56 135 39 5 0 0 0 0 0 0 0 14 -999
P322 2020 12 16 13 10 5 2 2 0 0 0 2 1 0 1 2 0 0 0 0 0 6 22 119 109 13 0 0 0 0 0 0 0
P322 2021 1 0 0 0 1 0 0 0 0 0 0 0 5 2 8 0 0 7 12 8 1 3 4 23 40 60 97 87 91 9 6 51
P322 2021 2 11 5 12 21 21 27 3 13 0 3 5 22 18 3 6 0 0 0 0 0 0 0 0 7 2 14 100 40 -999 -999 -999
P322 2021 3 13 30 40 25 55 40 111 122 24 0 0 2 80 15 226 50 124 214 320 49 12 1 7 11 0 0 0 0 0 0 0
P322 2021 4 10 4 0 10 1 0 0 0 0 3 9 0 0 0 0 1 11 0 0 0 0 0 3 16 50 12 5 3 0 2 -999
P322 2021 5 1 0 0 0 0 3 2 5 2 0 0 0 2 0 0 0 0 0 0 0 0 0 0 15 0 0 0 0 7 12 7
P322 2021 6 10 7 4 0 0 0 7 6 14 4 5 0 4 8 6 0 0 0 0 0 0 0 0 0 0 0 0 0 0 0 -999
P322 2021 7 0 0 0 0 0 0 0 0 0 0 0 0 0 0 0 0 0 0 0 0 0 0 0 0 0 0 0 0 0 0 0
P322 2021 8 0 0 0 0 0 0 0 6 11 4 0 0 0 0 0 0 0 0 0 0 0 0 0 0 0 0 0 0 0 0 0
P322 2021 9 0 0 0 0 0 0 0 0 9 0 0 0 0 0 4 8 0 0 0 0 0 0 0 6 83 35 7 10 15 21 -999
P322 2021 10 6 8 15 4 0 0 0 30 10 0 0 0 0 4 2 0 0 0 28 14 12 3 0 0 7 3 13 5 2 2 3
P322 2021 11 9 4 0 0 24 22 15 13 0 0 0 0 0 0 0 0 0 0 0 0 0 0 0 0 0 0 0 0 0 0 -999
P322 2021 12 0 0 0 0 0 0 0 0 0 0 0 0 3 23 97 47 247 251 147 13 120 4 9 9 11 7 81 136 33 3 0
P322 2022 1 0 0 0 0 0 0 0 0 0 0 0 0 3 25 1 1 1 1 6 65 3 0 0 1 2 0 0 0 0 0 0
P322 2022 2 0 2 2 2 0 0 0 0 0 4 0 0 0 0 23 3 1 0 0 0 20 5 0 6 1 3 6 190 -999 -999 -999
P322 2022 3 17 3 0 6 7 17 1 0 0 2 0 0 0 0 0 0 0 0 0 4 15 8 0 0 3 2 0 0 0 0 2
P322 2022 4 16 43 167 23 5 134 11 2 4 0 0 85 15 0 0 0 0 41 4 2 13 12 1 1 4 2 2 0 0 6 -999
P322 2022 5 0 0 0 0 0 0 0 0 0 0 0 0 0 0 0 0 0 0 0 0 0 0 0 8 27 0 0 0 0 0 0
P322 2022 6 0 0 0 0 0 0 0 0 0 0 0 0 0 0 0 0 0 0 0 0 0 0 0 0 0 0 0 0 0 0 -999
P322 2022 7 0 0 0 0 0 0 0 0 0 0 0 0 0 0 0 0 0 0 0 0 0 0 0 0 0 0 0 0 0 0 0
P322 2022 8 0 0 0 0 0 0 0 0 0 0 0 0 0 0 0 0 0 0 0 0 0 0 0 0 0 0 0 0 0 0 0
P322 2022 9 0 0 0 0 0 0 0 0 0 0 0 0 0 0 0 0 0 0 15 12 0 0 0 26 3 0 0 0 0 0 -999
P322 2022 10 0 0 0 0 0 0 0 0 0 0 0 0 0 0 0 0 0 0 0 23 25 17 0 0 0 0 29 18 0 0 4
P322 2022 11 10 0 0 0 4 0 0 0 0 0 0 10 64 57 34 28 13 22 4 49 66 146 244 51 4 0 0 0 0 0 -999
P322 2022 12 0 0 0 0 0 6 35 7 6 0 0 0 0 0 0 0 5 3 3 4 6 4 25 15 23 47 36 19 37 17 8
P322 2023 1 2 4 11 51 152 161 25 24 17 0 5 15 6 5 4 1 17 18 12 9 3 11 14 2 1 1 0 0 0 0 0
P322 2023 2 0 3 4 3 0 0 0 0 0 0 0 2 0 2 13 11 5 11 3 14 2 0 0 0 0 0 0 0 -999 -999 -999
P322 2023 3 0 0 1 1 0 0 0 0 0 0 0 0 0 0 24 16 19 20 17 5 11 37 0 0 0 12 0 0 10 4 0
P322 2023 4 0 0 0 0 0 0 7 29 12 0 0 0 0 4 41 63 3 1 0 0 2 7 1 0 0 0 0 0 0 0 -999
P322 2023 5 20 81 53 36 19 7 5 50 23 28 9 1 27 0 0 0 9 0 13 28 0 0 0 2 0 0 0 0 0 0 0
P322 2023 6 0 0 0 0 0 0 0 0 0 0 0 0 0 0 6 3 0 2 0 0 0 0 0 0 0 0 0 0 0 0 -999
P322 2023 7 0 0 0 0 0 0 0 0 0 0 0 0 0 0 0 0 0 6 3 9 0 0 0 27 0 0 0 0 0 0 0
P322 2023 8 0 0 0 0 0 0 0 0 0 0 0 0 0 0 0 0 0 0 0 0 0 0 0 0 0 0 0 0 0 3 3
P322 2023 9 0 0 0 0 0 0 0 0 0 0 0 0 0 0 0 0 0 2 0 0 0 0 0 0 0 0 0 0 0 0 -999
P322 2023 10 15 10 0 0 0 0 0 0 0 0 0 0 7 21 0 5 0 3 1 2 1 1 0 0 0 0 0 7 0 9 5
P322 2023 11 1 0 0 0 0 0 0 29 35 43 50 42 3 0 0 0 0 0 0 0 0 0 0 0 0 0 0 0 0 0 -999
P322 2023 12 0 35 95 60 0 0 0 0 0 0 0 0 0 0 2 1 0 2 4 40 7 8 0 4 5 0 0 0 0 0 0
P322 2024 1 0 0 0 0 0 0 0 0 0 0 0 0 0 0 0 0 2 2 5 17 4 2 4 2 0 6 38 20 1 0 0
P322 2024 2 0 0 0 31 4 11 60 80 135 14 25 112 6 0 0 0 0 0 0 0 0 0 0 0 0 0 0 0 -999 -999 -999
P322 2024 3 0 0 0 0 0 8 5 9 17 12 3 44 4 35 2 3 18 8 36 4 2 1 0 0 0 1 1 1 1 17 20
P322 2024 4 7 4 2 2 30 87 213 78 22 61 23 0 0 0 0 0 0 0 0 0 12 24 1 0 0 0 0 0 0 0 -999
P322 2024 5 0 0 0 2 4 11 19 4 3 0 0 0 12 6 3 1 2 5 0 0 0 0 0 0 0 0 18 4 3 0 0
P322 2024 6 0 0 0 0 0 0 0 0 0 0 0 21 0 0 0 0 0 0 0 0 0 0 0 0 0 0 0 0 0 0 -999
P322 2024 7 0 0 0 0 0 0 0 0 0 0 0 0 0 0 0 0 0 0 0 0 0 0 0 0 0 0 0 0 0 0 0
P322 2024 8 0 0 0 0 0 0 0 0 0 0 0 0 0 0 0 0 0 0 0 0 0 0 0 0 0 0 0 0 0 0 0
P322 2024 9 0 0 0 0 0 0 0 0 0 0 0 0 0 0 0 3 9 0 0 45 89 14 26 3 0 0 0 0 0 0 -999
P322 2024 10 0 61 30 4 24 3 6 0 0 0 0 0 0 0 32 0 0 0 0 0 0 0 0 0 0 0 0 0 0 11 6
P322 2024 11 9 92 225 57 13 15 0 0 0 0 0 33 9 25 31 9 3 2 1 0 0 0 0 0 0 0 0 9 4 17 -999
P322 2024 12 78 20 10 1 0 0 0 0 6 5 18 3 9 6 5 0 0 13 5 0 0 2 2 0 0 0 9 0 0 0 1
P322 2025 1 0 0 0 37 141 126 15 4 1 0 0 0 0 0 0 0 0 0 9 0 0 0 0 0 0 0 0 7 3 4 0
P322 2025 2 0 0 0 0 1 2 5 63 8 3 69 83 0 25 26 23 13 0 0 0 0 0 0 0 0 0 0 0 -999 -999 -999
P322 2025 3 0 20 6 0 0 0 15 23 3 5 1 0 0 0 0 0 0 0 0 0 0 0 0 0 0 3 6 12 3 0 0
P322 2025 4 0 0 0 0 0 0 0 0 0 0 0 0 0 0 0 0 0 0 0 0 0 0 0 0 0 0 0 0 5 1 -999
P322 2025 5 0 0 1 3 0 0 0 0 0 0 0 0 0 5 2 0 0 0 0 0 0 0 2 3 4 5 6 16 37 0 0
P322 2025 6 0 0 0 0 0 0 0 0 0 0 0 0 0 0 0 0 0 0 0 0 0 0 0 0 0 0 0 0 0 0 -999
P322 2025 7 3 6 0 0 0 0 0 0 0 0 0 0 0 0 0 0 0 0 0 0 0 0 0 0 0 0 0 0 0 0 0
P322 2025 8 0 0 0 0 0 0 0 0 0 0 0 0 0 0 0 0 0 0 0 0 0 0 0 0 0 0 0 0 0 0 0
P322 2025 9 0 0 0 0 0 0 0 0 0 0 0 0 0 0 0 0 0 22 0 0 0 0 0 0 0 0 0 0 0 0 -999
P322 2025 10 0 0 0 0 0 12 0 0 0 0 0 0 0 0 0 0 27 117 14 62 187 53 6 0 0 0 0 0 0 19 99
P322 2025 11 85 9 6 204 42 6 2 3 10 159 29 0 3 33 17 2 0 0 0 0 0 0 0 0 0 0 0 0 0 0 -999
P322 2025 12 0 0 0 0 0 0 0 0 0 0 0 5 1 0 0 2 0 19 3 4 2 53 64 51 89 32 3 4 4 30 18
P322 2026 1 16 3 1 0 0 0 0 0 0 0 0 0 0 0 0 3 0 0 0 8 0 0 0 0 0 0 0 0 0 0 0
P322 2026 2 0 0 0 0 0 0 0 0 0 0 0 0 1 0 0 14 3 1 0 0 0 3 0 0 2 2 1 9 -999 -999 -999
P322 2026 3 9 2 7 44 18 35 22 1 0 0 0 0 24 60 0 0 0 0 0 0 0 20 124 28 96 65 4 4 3 3 2
P322 2026 4 0 0 0 0 0 0 0 0 4 0 1 0 0 1 0 0 1 10 13 2 2 0 0 0 0 0 0 0 20 5 -999
P322 2026 5 7 7 1 0 0 0 0 0 0 4 4 4 1 1 0 0 0 0 7 0 0 0 0 0 0 0 0 0 0 0 0
P322 2026 6 0 0 0 0 0 0 0 0 0 0 0 0 0 0 0 14 0 0 0 0 0 0 0 0 0 0 0 0 0 0 -999
P322 2026 7 33 19 0 0 0 0 0 0 0 0 0 0 0 0 0 0 0 0 0 0 0 0 0 0 0 0 0 0 0 0 0
P322 2026 8 0 0 0 0 0 0 0 0 0 0 0 0 0 0 0 0 0 0 0 0 0 0 0 0 0 0 0 0 0 0 0
P322 2026 9 0 3 5 0 0 0 0 0 0 0 0 0 0 0 0 0 0 0 0 28 21 0 0 0 0 0 0 0 0 0 -999
P322 2026 10 2 0 0 0 0 0 0 0 0 0 0 0 0 5 0 7 0 0 0 0 1 0 0 0 0 0 0 0 4 4 20
P322 2026 11 22 11 8 12 60 10 5 42 40 4 14 15 1 3 23 5 2 0 0 0 14 0 0 0 0 0 0 0 0 0 -999
P322 2026 12 0 0 0 0 0 0 0 0 0 0 0 0 0 4 69 29 39 19 28 29 1 7 11 3 1 0 0 3 0 0 0
P322 2027 1 0 0 0 0 3 2 19 12 8 3 174 27 6 2 12 39 21 0 2 4 2 7 0 0 3 46 65 71 112 15 0
P322 2027 2 0 0 0 0 0 0 0 0 0 0 5 2 1 0 24 9 21 13 18 26 13 32 53 3 0 0 1 0 -999 -999 -999
P322 2027 3 0 0 1 1 0 2 2 16 9 3 11 3 0 0 0 18 26 44 50 32 31 40 42 6 3 3 2 2 0 0 0
P322 2027 4 0 18 29 50 5 8 0 0 0 0 0 0 0 0 0 0 0 0 0 0 0 6 37 9 0 0 0 3 64 32 -999
P322 2027 5 32 0 0 6 48 9 9 0 0 0 15 0 0 0 0 0 0 0 0 0 0 0 0 0 0 0 0 0 0 0 0
P322 2027 6 0 0 0 4 24 15 0 0 0 0 0 0 0 0 0 0 0 0 0 0 0 0 0 0 0 0 0 0 0 0 -999
P322 2027 7 0 0 0 0 0 0 0 0 0 0 0 0 0 0 0 0 0 0 0 0 0 0 0 0 0 0 0 0 0 0 0
P322 2027 8 0 0 0 0 0 0 0 0 0 0 0 0 0 0 0 0 0 0 0 0 0 0 0 0 0 0 0 0 0 0 0
P322 2027 9 0 0 0 0 0 0 0 0 0 0 0 0 15 0 0 0 0 0 0 0 0 0 0 0 0 0 0 0 0 9 -999
P322 2027 10 19 0 0 0 0 0 0 9 0 0 0 0 0 0 0 0 3 0 0 0 0 0 4 9 1 0 0 0 0 0 0
P322 2027 11 0 0 0 0 0 0 0 0 0 16 11 2 0 0 0 0 0 0 0 0 6 4 10 6 6 12 4 0 0 0 -999
P322 2027 12 0 0 0 0 0 0 0 0 0 0 0 0 2 0 11 9 2 3 0 0 0 0 0 0 2 0 0 0 0 0 0
P322 2028 1 0 0 0 0 0 0 0 0 0 0 0 0 0 0 0 16 68 35 10 0 0 0 1 2 4 2 18 7 0 0 13
P322 2028 2 8 37 82 51 36 48 12 34 30 59 85 114 11 20 19 13 12 9 3 0 0 3 0 0 0 0 0 0 -999 -999 -999
P322 2028 3 0 0 0 0 0 0 0 0 0 2 43 14 6 1 1 0 0 0 0 0 0 0 0 0 0 3 1 0 0 0 0
P322 2028 4 0 0 0 0 0 0 0 0 0 0 0 0 0 0 0 0 11 0 12 19 3 0 0 0 0 0 0 0 0 0 -999
P322 2028 5 0 0 0 0 0 0 0 0 6 10 3 4 0 0 15 0 0 0 0 0 0 0 0 2 7 0 0 8 5 0 0
P322 2028 6 7 4 4 2 5 9 3 4 2 0 0 0 0 0 0 6 0 4 0 0 0 0 0 0 0 0 0 7 18 19 -999
P322 2028 7 7 0 0 0 0 0 0 0 0 0 0 5 9 0 0 0 0 0 0 0 0 0 0 0 0 0 0 0 0 0 0
P322 2028 8 0 0 0 0 0 0 0 0 0 0 0 0 0 0 0 0 0 0 0 0 0 0 0 0 0 0 0 0 0 0 0
P322 2028 9 0 0 0 0 0 0 0 0 0 0 18 0 0 0 0 0 0 0 0 0 0 0 0 0 0 0 47 0 50 0 -999
P322 2028 10 0 0 0 0 0 0 0 0 0 0 0 0 0 0 0 0 0 0 0 0 0 0 0 0 0 0 0 0 0 0 0
P322 2028 11 0 1 4 3 50 20 0 0 0 0 30 24 10 0 0 0 0 0 6 8 7 5 0 0 0 0 0 3 0 0 -999
P322 2028 12 0 0 0 0 0 0 0 0 0 0 0 0 7 9 24 20 13 9 40 35 26 15 9 0 0 2 0 0 0 41 0
P322 2029 1 0 0 6 67 7 0 19 46 14 19 10 65 6 0 0 3 2 2 4 2 2 1 0 0 0 0 21 37 3 6 2
P322 2029 2 6 7 10 6 5 1 0 0 0 4 2 0 0 0 0 3 0 0 0 0 0 0 0 0 0 0 10 6 -999 -999 -999
P322 2029 3 7 7 4 31 19 75 13 7 18 12 3 0 0 0 1 0 0 0 0 14 2 1 1 0 0 0 0 0 0 8 6
P322 2029 4 11 3 5 2 0 0 0 0 0 0 0 0 37 70 2 0 0 2 0 0 0 0 0 0 0 0 0 1 28 2 -999
P322 2029 5 0 0 3 35 28 27 65 14 6 0 3 0 0 0 0 0 0 0 0 0 0 0 0 14 9 0 10 5 12 71 47
P322 2029 6 22 13 15 23 0 0 0 0 0 0 0 0 0 0 0 0 0 0 0 0 0 0 0 0 0 0 0 0 0 0 -999
P322 2029 7 0 0 0 0 0 0 0 0 0 0 0 0 0 0 0 0 0 0 0 0 0 0 0 0 0 0 0 0 0 0 0
P322 2029 8 0 0 0 0 0 0 0 0 0 0 0 0 0 0 0 0 0 0 0 0 0 0 0 0 0 0 0 0 0 0 0
P322 2029 9 0 0 0 0 0 0 28 0 0 0 0 0 0 0 0 0 0 0 0 0 0 0 0 0 25 46 4 5 0 0 -999
P322 2029 10 3 0 5 6 0 0 0 0 0 0 0 0 0 0 0 0 0 5 0 0 0 0 0 0 7 57 46 40 168 93 0
P322 2029 11 0 0 0 0 0 0 0 0 0 0 0 0 0 0 0 0 3 3 0 0 19 6 6 4 0 0 0 0 0 0 -999
P322 2029 12 0 0 7 12 63 1 0 0 14 2 0 0 0 0 0 0 0 7 5 0 0 28 77 36 72 2 4 36 117 12 0
P322 2030 1 0 0 0 25 30 18 19 14 10 40 15 3 4 6 3 23 2 0 0 0 0 0 3 4 9 0 20 5 2 1 0
P322 2030 2 23 4 13 2 4 2 0 0 0 0 0 0 0 0 5 33 4 1 0 0 0 0 0 0 32 0 0 0 -999 -999 -999
P322 2030 3 0 0 0 0 3 0 0 0 0 0 0 0 0 0 0 13 20 4 6 2 0 10 8 26 19 12 4 10 95 17 45
P322 2030 4 60 45 0 0 0 0 0 3 7 15 16 0 0 0 15 2 1 4 9 4 0 0 0 0 15 137 0 0 3 0 -999
P322 2030 5 0 0 0 0 0 0 0 0 0 0 5 10 17 26 65 14 6 3 3 0 0 0 0 0 0 0 0 0 0 0 0
P322 2030 6 0 0 0 0 0 0 0 0 0 0 0 0 0 0 0 0 5 9 6 0 0 0 0 0 0 0 0 0 0 0 -999
P322 2030 7 0 0 0 0 0 0 0 0 0 0 0 0 0 0 0 0 0 0 0 0 0 0 0 0 0 0 0 0 0 0 0
P322 2030 8 0 0 0 39 0 0 0 0 0 0 0 0 0 0 0 0 0 0 0 0 0 0 0 0 0 0 0 0 0 0 0
P322 2030 9 0 0 0 0 0 0 0 0 0 0 0 0 0 0 0 48 97 14 0 0 8 4 3 6 2 3 0 6 4 3 -999
P322 2030 10 0 0 0 0 0 15 31 30 10 19 2 12 5 4 0 0 0 7 100 49 115 55 4 4 2 0 0 0 12 3 0
P322 2030 11 0 0 0 0 3 9 41 20 23 19 16 8 0 3 6 3 30 10 14 5 5 66 17 2 7 14 2 39 31 2 -999
P322 2030 12 0 0 0 0 0 1 2 0 0 0 2 1 0 0 0 0 0 0 0 0 0 0 0 0 0 4 8 8 11 3 2
P322 2031 1 0 0 0 16 7 5 0 10 44 31 56 33 11 86 73 12 3 0 3 0 0 0 0 0 0 0 0 0 0 0 0
P322 2031 2 0 2 7 16 8 18 3 12 25 8 7 17 8 8 8 10 38 36 5 5 24 10 23 18 1 8 0 0 -999 -999 -999
P322 2031 3 0 0 0 1 3 15 3 1 5 16 14 26 112 0 0 0 0 0 0 2 0 0 0 0 0 0 0 0 1 4 23
P322 2031 4 0 2 2 0 1 13 0 2 2 7 0 7 23 1 0 0 0 0 0 0 0 0 0 0 0 0 0 0 0 0 -999
P322 2031 5 0 0 0 0 0 0 0 0 0 3 15 0 0 0 0 0 0 0 0 0 0 0 0 0 0 0 0 0 0 0 0
P322 2031 6 0 0 0 0 0 13 32 0 0 0 0 0 0 7 0 0 0 0 0 0 0 0 0 0 0 0 0 0 0 0 -999
P322 2031 7 0 0 0 0 0 0 0 0 0 0 0 0 0 3 3 0 0 0 0 0 0 0 0 0 0 0 0 0 0 0 0
P322 2031 8 0 0 0 0 0 0 0 0 0 0 0 4 0 0 0 0 0 0 0 0 0 0 0 0 0 0 0 0 0 0 0
P322 2031 9 0 0 0 0 0 0 0 0 0 0 0 5 0 0 0 14 21 0 0 0 0 6 22 10 8 4 6 2 0 0 -999
P322 2031 10 0 0 0 0 0 0 0 0 29 0 0 0 0 0 0 18 12 5 9 9 22 13 1 4 15 0 12 10 0 0 0
P322 2031 11 0 0 2 8 0 22 27 9 0 0 18 18 71 107 72 54 4 28 32 25 43 29 9 11 128 64 48 47 6 11 -999
P322 2031 12 102 70 45 8 75 9 13 24 31 2 2 0 0 0 0 0 0 0 0 0 27 2 6 71 42 6 6 13 1 0 0
P322 2032 1 0 11 11 33 36 20 13 23 18 0 0 35 3 19 66 2 0 0 0 0 0 0 0 0 0 1 0 0 2 11 7
P322 2032 2 1 0 0 2 0 0 0 0 0 39 161 9 3 0 0 21 6 6 4 0 0 12 9 3 15 14 26 30 -999 -999 -999
P322 2032 3 5 0 6 16 0 0 0 0 0 0 0 0 0 0 0 0 0 0 0 0 0 0 0 0 0 0 0 4 19 27 0
P322 2032 4 6 57 35 15 88 29 55 27 24 9 1 0 0 17 7 12 1 0 0 2 0 0 7 59 8 2 0 0 0 0 -999
P322 2032 5 9 0 0 0 0 0 0 0 0 0 0 4 0 0 3 0 0 0 0 0 0 0 0 0 0 4 2 2 5 7 13
P322 2032 6 0 0 0 0 0 0 0 0 0 0 0 0 0 0 0 13 7 0 0 0 0 0 0 0 0 0 0 0 0 0 -999
P322 2032 7 0 0 0 1 0 0 0 0 0 0 0 0 0 0 0 0 0 0 0 0 0 0 0 0 0 0 0 0 0 0 0
P322 2032 8 0 0 0 0 0 0 0 0 0 0 0 0 0 0 0 0 0 2 3 3 16 31 0 0 0 0 0 0 0 0 0
P322 2032 9 0 0 0 0 0 0 0 0 0 0 40 0 6 0 0 0 6 0 0 0 0 0 0 0 0 0 0 0 0 0 -999
P322 2032 10 8 17 58 15 0 0 0 0 7 0 0 12 0 0 51 3 3 0 0 8 8 15 21 16 0 0 0 3 9 0 0
P322 2032 11 0 1 0 4 0 0 0 0 0 0 0 0 0 0 0 20 18 5 0 0 0 0 0 0 0 10 12 0 10 78 -999
P322 2032 12 23 5 7 3 3 22 19 0 0 0 0 0 0 0 0 0 0 0 0 0 0 0 0 12 13 25 10 0 2 2 0
P322 2033 1 0 2 4 144 28 78 10 18 146 46 4 17 36 2 8 137 10 79 16 19 8 3 3 3 4 7 49 46 1 2 2
P322 2033 2 0 0 0 0 1 6 14 29 16 2 49 119 69 0 0 0 0 12 6 0 0 0 0 12 2 0 0 0 -999 -999 -999
P322 2033 3 0 0 0 0 0 0 0 0 0 0 10 74 29 5 13 49 50 48 15 8 70 9 3 0 0 0 0 18 2 0 0
P322 2033 4 0 0 0 34 6 2 9 8 5 6 5 68 54 5 26 227 23 11 3 9 24 66 2 17 10 2 0 0 1 0 -999
P322 2033 5 1 0 9 5 0 0 0 0 0 0 0 5 5 9 0 6 18 12 39 14 8 9 0 0 0 0 0 0 0 0 0
P322 2033 6 0 0 0 0 0 0 0 0 0 0 0 2 0 0 0 0 0 0 0 0 0 0 0 0 0 0 0 0 0 0 -999
P322 2033 7 0 0 0 0 0 0 0 0 0 0 0 0 0 0 0 0 0 0 0 0 0 0 0 0 0 0 0 0 0 0 0
P322 2033 8 0 0 0 0 0 0 0 0 0 0 0 0 0 0 0 0 0 0 0 0 0 0 0 0 0 0 0 0 0 16 0
P322 2033 9 0 0 0 0 0 0 0 0 0 0 0 0 3 0 14 4 0 0 0 0 0 0 0 0 0 0 0 0 0 0 -999
P322 2033 10 3 0 0 21 71 39 32 86 9 4 20 35 57 0 0 0 0 0 0 0 0 0 0 0 0 0 0 14 0 0 0
P322 2033 11 0 15 90 57 6 2 0 0 0 0 0 0 0 0 0 0 2 2 0 0 0 0 0 0 0 0 0 0 0 0 -999
P322 2033 12 0 4 8 5 0 0 0 0 1 0 0 5 1 0 0 0 0 0 0 0 0 0 0 0 0 0 0 2 5 3 0
P322 2034 1 0 1 0 0 0 3 1 0 0 0 0 16 65 8 23 6 0 0 0 0 0 0 0 0 0 0 0 0 0 0 0
P322 2034 2 0 0 0 0 0 0 0 0 0 0 0 0 1 0 5 42 90 100 14 0 0 0 0 0 0 0 0 20 -999 -999 -999
P322 2034 3 64 60 89 33 26 9 0 0 0 0 0 0 0 0 1 1 0 0 0 0 0 1 5 127 162 9 0 0 0 0 0
P322 2034 4 0 0 0 0 0 0 0 0 0 8 12 2 2 3 15 2 0 0 0 0 4 0 0 0 0 0 5 4 3 0 -999
P322 2034 5 0 0 0 0 0 0 0 0 0 0 0 0 0 0 0 0 0 0 0 0 0 0 0 0 5 0 0 0 0 4 0
P322 2034 6 0 0 0 0 5 4 4 0 0 0 0 0 0 0 0 0 0 0 0 0 0 0 0 0 0 0 0 0 0 0 -999
P322 2034 7 0 0 0 0 0 0 0 0 0 0 0 0 0 0 0 0 0 0 0 0 0 0 0 0 0 0 0 0 0 0 0
P322 2034 8 0 0 0 0 0 0 0 0 0 0 0 0 0 0 0 0 0 0 0 0 0 0 0 0 0 0 0 0 0 0 0
P322 2034 9 0 0 0 0 0 0 0 0 0 0 0 0 0 0 0 0 0 0 0 0 27 21 0 0 0 0 0 0 0 0 -999
P322 2034 10 9 3 0 0 41 16 2 0 0 19 2 3 0 0 0 3 4 6 0 0 7 11 4 6 29 26 5 14 2 0 0
P322 2034 11 0 0 0 0 0 0 7 0 31 0 0 0 4 12 3 0 0 0 0 18 24 21 48 34 8 13 1 0 0 0 -999
P322 2034 12 0 0 0 0 0 2 5 0 0 3 1 0 0 7 28 3 0 0 0 0 0 0 0 0 0 0 3 1 0 1 4
P322 2035 1 1 0 8 16 27 13 42 53 15 0 2 0 5 2 1 0 2 0 0 12 182 168 175 109 1 0 0 11 9 0 7
P322 2035 2 13 14 2 0 0 0 1 2 0 0 0 0 0 0 0 0 0 0 0 0 7 17 63 92 30 1 5 13 -999 -999 -999
P322 2035 3 9 15 10 13 30 13 20 89 56 1 2 5 44 163 124 40 2 3 44 123 149 133 12 3 6 9 0 28 7 19 23
P322 2035 4 30 10 0 40 16 2 6 19 190 19 2 0 0 8 0 0 0 28 25 143 141 29 43 9 3 1 3 50 8 52 -999
P322 2035 5 24 0 0 0 0 0 0 10 13 0 0 0 0 0 0 0 0 0 0 0 0 4 13 6 0 0 0 0 0 23 27
P322 2035 6 0 0 0 0 11 13 5 0 22 0 4 0 0 0 0 0 0 0 0 17 0 0 0 0 0 0 0 0 0 0 -999
P322 2035 7 0 0 0 0 0 0 0 0 0 0 0 0 0 0 0 0 0 0 0 0 0 0 0 0 0 0 0 0 0 0 0
P322 2035 8 0 0 0 0 0 0 0 0 0 0 0 0 0 0 0 0 0 0 0 0 0 0 0 0 0 0 0 0 0 0 0
P322 2035 9 0 0 0 0 0 0 0 0 0 0 0 0 0 0 0 0 0 0 0 0 3 10 32 39 8 10 29 22 0 0 -999
P322 2035 10 0 8 22 13 0 0 0 0 0 14 0 0 32 62 10 0 22 2 13 17 8 0 0 0 0 0 0 0 0 0 0
P322 2035 11 0 0 25 28 31 36 0 0 0 0 0 0 0 0 0 0 0 0 0 0 0 0 0 0 0 0 19 17 7 2 -999
P322 2035 12 2 2 3 2 11 54 58 35 21 139 11 3 5 3 2 2 0 0 3 27 36 16 0 0 0 0 0 0 0 0 0
P322 2036 1 3 1 0 0 0 2 1 1 0 1 8 26 14 0 0 0 0 0 5 0 8 4 0 0 0 0 0 0 0 0 0
P322 2036 2 0 0 0 0 0 0 1 6 8 3 16 18 18 12 2 2 1 0 0 0 0 0 0 0 0 0 0 2 -999 -999 -999
P322 2036 3 26 6 3 8 5 0 0 0 0 0 0 0 0 3 1 2 0 0 0 1 0 0 0 0 0 1 1 22 18 9 2
P322 2036 4 11 53 8 2 1 0 0 0 0 0 0 0 0 0 0 0 0 0 0 0 0 0 0 0 0 0 0 0 0 0 -999
P322 2036 5 0 0 0 0 7 0 0 7 0 0 11 1 3 2 4 10 8 0 1 0 0 0 0 0 0 0 0 0 0 0 3
P322 2036 6 10 0 0 0 0 6 5 0 0 0 0 0 0 0 0 0 0 0 2 0 0 0 0 0 0 0 0 0 0 0 -999
P322 2036 7 0 0 0 0 0 0 0 0 0 0 0 0 0 0 0 0 0 0 0 0 0 0 0 0 0 0 0 0 0 0 0
P322 2036 8 0 0 0 0 0 0 0 0 0 0 0 0 0 0 0 0 0 0 0 0 0 0 0 0 0 0 0 0 0 0 0
P322 2036 9 0 0 0 0 0 0 0 0 0 0 0 0 0 0 0 0 0 0 0 0 0 0 0 0 0 0 0 0 0 0 -999
P322 2036 10 0 0 0 0 0 0 0 0 0 0 13 0 0 0 0 0 1 0 0 0 0 12 0 0 0 41 34 5 47 31 6
P322 2036 11 3 6 0 0 0 0 0 16 10 0 0 0 38 48 23 6 1 0 0 2 2 0 0 0 0 0 7 1 0 0 -999
P322 2036 12 0 0 0 0 0 0 0 0 0 0 0 0 0 0 0 0 0 0 3 3 9 31 33 12 6 8 1 1 3 0 0
P322 2037 1 2 1 0 0 0 0 0 0 5 48 8 22 3 0 0 0 0 16 15 5 15 14 21 167 182 9 95 33 328 1 0
P322 2037 2 40 58 43 24 6 40 93 32 5 9 0 0 0 0 0 0 0 3 0 0 0 0 0 0 0 7 21 4 -999 -999 -999
P322 2037 3 1 0 0 0 0 0 0 0 0 0 0 0 32 77 35 12 22 41 1 0 6 5 5 5 2 0 0 1 15 11 0
P322 2037 4 0 0 2 6 0 3 9 3 4 0 0 0 0 10 13 32 42 22 9 11 48 87 80 15 1 0 0 0 2 0 -999
P322 2037 5 0 0 0 0 0 0 0 0 0 3 2 3 0 2 0 0 0 0 3 0 0 0 0 0 22 6 7 0 0 0 0
P322 2037 6 0 0 0 0 0 0 0 0 0 0 0 9 4 0 0 0 0 10 8 0 0 0 0 0 0 0 0 0 0 0 -999
P322 2037 7 0 0 0 0 0 0 0 0 0 0 0 0 0 0 0 0 0 0 0 0 0 0 0 0 0 0 0 0 0 0 0
P322 2037 8 0 0 24 0 0 0 0 0 0 0 0 0 0 0 0 0 0 0 0 0 0 0 0 0 0 0 0 0 0 0 0
P322 2037 9 0 0 0 0 0 0 0 0 0 0 0 0 0 0 0 0 0 3 0 0 0 0 0 0 0 0 0 0 0 0 -999
P322 2037 10 0 0 0 0 0 0 0 0 0 0 0 2 0 0 0 0 21 60 9 0 0 0 0 0 0 3 0 0 0 0 0
P322 2037 11 0 0 0 0 20 18 8 8 0 0 7 14 15 13 2 0 0 0 0 17 5 4 6 12 7 0 0 6 24 17 -999
P322 2037 12 272 2 3 16 8 2 1 4 51 5 6 1 0 0 0 0 0 4 8 2 31 8 3 1 0 0 0 0 0 2 0
P322 2038 1 5 13 6 10 3 1 2 0 0 0 0 0 0 7 8 5 32 1 1 3 3 2 10 10 3 3 5 4 7 1 0
P322 2038 2 0 0 4 29 16 100 0 0 0 0 0 0 0 0 0 0 0 0 0 0 0 0 9 0 0 0 25 35 -999 -999 -999
P322 2038 3 19 11 13 4 189 2 9 16 15 22 2 0 0 0 0 0 0 39 52 17 9 1 0 0 0 0 0 13 0 0 0
P322 2038 4 0 0 0 0 0 0 4 30 32 0 0 15 21 31 37 12 0 0 0 0 64 17 0 0 0 0 0 0 0 7 -999
P322 2038 5 13 3 0 0 0 0 19 0 0 0 0 0 0 3 2 3 53 37 27 34 6 5 0 0 0 0 0 11 7 4 13
P322 2038 6 0 0 0 0 0 0 0 0 0 0 0 0 0 0 0 0 0 0 0 0 0 0 0 0 7 0 0 0 0 0 -999
P322 2038 7 0 0 0 0 0 0 0 0 0 0 0 0 0 0 0 0 0 0 0 0 0 0 0 0 0 0 0 0 0 0 0
P322 2038 8 0 0 0 0 0 0 0 0 0 0 0 0 0 0 0 0 0 0 0 0 0 0 0 0 0 0 0 0 0 0 0
P322 2038 9 0 0 0 32 0 0 0 0 0 0 0 0 0 0 0 0 0 0 0 0 0 0 0 0 0 0 0 0 0 0 -999
P322 2038 10 0 0 4 0 0 0 0 0 0 0 0 0 0 0 0 0 0 6 8 0 18 16 38 0 0 0 0 4 9 0 0
P322 2038 11 30 11 12 0 0 0 4 9 8 0 0 5 3 38 43 2 2 2 0 0 0 0 0 0 0 0 0 0 0 0 -999
P322 2038 12 0 0 3 24 66 12 4 23 0 0 73 62 30 0 2 6 6 12 13 17 50 8 7 6 12 11 35 7 18 17 23
P322 2039 1 18 17 11 1 9 3 4 8 5 0 0 0 0 5 4 4 16 2 39 10 0 1 1 0 3 1 1 0 0 0 0
P322 2039 2 1 20 3 3 4 13 18 25 21 29 10 0 0 7 4 0 0 0 1 0 0 0 1 2 8 4 0 0 -999 -999 -999
P322 2039 3 0 0 0 0 0 0 0 5 1 0 10 87 4 10 7 2 0 11 1 1 0 0 0 0 2 6 1 0 0 0 0
P322 2039 4 0 0 0 15 4 0 0 0 0 0 0 0 3 14 1 3 0 0 0 0 2 1 0 0 0 0 0 0 0 0 -999
P322 2039 5 0 8 19 0 0 0 0 0 0 0 0 0 0 0 0 4 0 2 0 4 4 20 11 3 3 2 0 0 0 0 0
P322 2039 6 15 2 10 9 3 2 0 0 0 0 0 0 0 0 0 0 0 0 0 0 0 0 0 0 0 0 0 10 6 0 -999
P322 2039 7 0 0 0 0 0 0 0 0 0 0 0 0 0 0 0 0 0 0 0 0 0 0 0 0 0 0 0 0 0 0 0
P322 2039 8 0 0 0 0 0 0 0 0 0 0 0 0 0 0 0 0 0 0 0 0 0 0 0 0 0 0 0 0 0 0 0
P322 2039 9 0 0 0 0 0 0 0 0 0 0 0 0 0 0 0 6 8 0 0 0 0 0 0 0 0 0 0 0 0 10 -999
P322 2039 10 22 0 0 0 0 0 8 0 0 0 0 0 0 3 2 0 0 0 0 0 0 8 11 11 10 14 317 98 143 56 2
P322 2039 11 4 0 0 0 0 0 0 13 7 3 30 66 3 1 0 1 1 4 132 100 16 9 51 0 0 0 9 23 0 0 -999
P322 2039 12 0 0 9 9 63 24 8 13 75 4 16 20 14 21 9 5 2 0 7 13 7 0 7 10 21 10 35 96 5 14 6
P322 2040 1 6 8 9 24 25 33 2 18 4 12 13 2 0 2 3 21 7 2 10 6 0 13 11 0 0 0 0 0 0 0 0
P322 2040 2 0 0 0 3 4 0 0 0 0 2 0 0 0 0 1 2 1 1 1 0 0 0 0 0 0 0 0 0 -999 -999 -999
P322 2040 3 0 0 0 0 0 0 0 0 0 0 0 0 0 4 4 2 1 2 8 24 13 42 164 103 33 11 4 11 12 12 2
P322 2040 4 0 29 25 2 1 1 3 0 0 0 0 0 0 0 0 11 9 0 0 0 0 0 1 2 104 26 0 0 0 0 -999
P322 2040 5 6 1 0 0 0 1 0 0 0 0 0 0 0 0 0 0 0 0 0 0 0 0 0 0 0 0 0 0 0 0 0
P322 2040 6 0 0 0 0 0 0 0 0 0 7 0 0 0 0 0 0 4 0 0 0 0 0 0 0 0 0 0 0 0 0 -999
P322 2040 7 0 0 0 0 0 0 0 0 0 0 0 0 0 0 0 3 0 0 0 0 0 0 0 0 0 0 0 0 0 0 0
P322 2040 8 0 0 0 0 0 0 0 0 0 0 0 0 0 0 0 0 0 0 0 0 0 0 0 0 0 0 0 0 0 0 0
P322 2040 9 0 0 0 0 0 0 0 0 0 0 0 0 0 0 0 0 0 0 0 0 0 0 0 30 16 13 7 0 4 2 -999
P322 2040 10 0 0 0 0 0 5 0 0 0 0 0 0 0 15 8 8 16 83 98 4 2 1 0 0 0 0 0 0 0 0 6
P322 2040 11 0 2 5 0 0 0 93 511 129 39 5 1 2 2 1 2 0 0 0 0 0 0 0 7 3 3 16 7 8 9 -999
P322 2040 12 0 0 0 0 22 27 9 0 0 2 6 18 18 8 1 0 0 0 2 3 0 8 13 5 0 0 12 12 3 4 2
P322 2041 1 2 0 0 0 0 0 0 2 2 4 10 12 10 2 1 0 0 4 8 4 50 17 165 108 178 95 189 59 2 1 0
P322 2041 2 0 0 0 0 14 14 19 148 9 5 9 4 2 10 9 32 15 36 23 9 91 17 14 45 24 2 0 0 -999 -999 -999
P322 2041 3 1 1 0 0 0 1 1 0 1 2 2 11 4 3 1 1 4 37 31 30 11 6 21 16 40 57 8 11 9 22 2
P322 2041 4 1 0 0 0 0 0 0 0 0 0 0 0 0 0 0 0 6 22 10 5 8 0 0 17 11 4 1 0 0 0 -999
P322 2041 5 0 0 15 8 0 0 0 0 0 9 11 2 0 0 4 0 0 9 13 76 67 87 97 16 2 10 20 5 0 0 4
P322 2041 6 0 0 0 0 0 0 0 0 0 0 0 0 0 0 0 0 0 0 0 0 0 0 0 0 0 0 0 0 0 0 -999
P322 2041 7 0 0 0 0 0 0 0 0 0 14 0 0 0 0 0 0 0 0 0 0 0 0 0 0 0 4 4 3 0 0 0
P322 2041 8 0 0 0 0 0 0 0 0 0 0 0 0 0 0 0 0 0 0 0 0 10 23 42 78 51 0 0 0 0 0 0
P322 2041 9 0 0 0 0 0 0 0 0 0 0 3 18 12 4 4 0 0 0 0 0 0 0 22 14 7 3 0 0 0 0 -999
P322 2041 10 0 5 2 0 0 0 0 7 0 0 19 0 0 0 0 0 0 0 0 0 14 15 0 0 0 9 0 13 15 0 0
P322 2041 11 0 0 0 9 2 3 0 0 9 6 18 8 14 22 19 60 135 35 2 5 20 62 8 36 11 8 4 6 0 0 -999
P322 2041 12 0 12 0 30 58 6 2 0 0 0 0 3 10 14 23 94 76 43 17 12 2 0 5 1 0 0 0 0 0 0 0
P322 2042 1 0 0 0 0 0 6 10 3 0 0 0 0 0 0 0 0 0 0 0 0 0 0 0 0 1 0 0 0 0 0 2
P322 2042 2 2 2 0 0 0 0 0 0 8 10 5 0 0 0 0 0 2 2 2 3 2 0 0 25 9 0 0 0 -999 -999 -999
P322 2042 3 0 0 0 0 0 3 2 0 0 0 0 2 7 8 15 16 3 118 188 51 5 6 1 10 2 0 0 0 29 7 9
P322 2042 4 13 0 0 0 1 7 10 2 1 3 0 1 0 0 8 2 6 0 0 0 3 28 100 26 16 1 0 3 24 81 -999
P322 2042 5 46 20 6 0 0 0 0 0 3 0 0 1 1 0 0 0 0 0 0 0 0 0 0 0 0 0 0 0 0 0 0
P322 2042 6 0 0 0 0 0 0 12 0 0 0 0 0 0 0 0 0 0 12 0 0 0 0 0 0 0 0 0 19 0 0 -999
P322 2042 7 0 0 0 0 0 0 0 0 0 0 0 0 0 0 0 0 0 0 0 0 0 0 0 0 0 0 0 0 0 0 0
P322 2042 8 0 0 0 0 0 0 0 0 0 0 0 0 0 3 46 0 0 0 0 0 0 0 0 0 0 0 0 0 0 0 0
P322 2042 9 0 0 0 0 0 0 0 0 0 0 0 0 0 0 0 0 0 0 0 0 0 0 0 0 14 0 0 0 0 0 -999
P322 2042 10 0 0 0 0 0 13 11 13 10 7 11 60 137 34 4 2 0 0 0 12 28 16 0 0 0 0 0 0 0 0 0
P322 2042 11 0 0 0 0 0 0 5 6 0 0 0 0 0 0 0 0 0 0 0 11 0 0 0 0 0 0 0 0 13 2 -999
P322 2042 12 2 0 11 66 3 1 2 2 4 4 2 0 0 18 20 3 6 25 4 0 0 0 0 14 0 1 0 0 0 0 0
P322 2043 1 0 2 4 2 0 7 4 0 0 0 0 0 0 11 11 6 0 0 0 11 3 7 6 16 0 0 0 0 1 1 1
P322 2043 2 0 0 0 0 3 21 37 0 0 0 0 0 0 0 0 0 0 0 0 0 2 2 1 0 0 0 0 0 -999 -999 -999
P322 2043 3 0 20 13 41 0 0 33 38 24 25 31 7 9 13 19 9 7 10 12 0 0 14 90 1 5 0 0 0 0 0 0
P322 2043 4 0 2 0 3 0 0 0 0 4 5 108 0 0 0 0 22 58 0 0 14 0 0 0 0 0 0 2 0 0 0 -999
P322 2043 5 0 17 30 30 0 0 0 0 0 0 0 0 3 3 0 0 0 0 0 18 13 10 19 8 0 17 32 11 0 4 3
P322 2043 6 5 4 0 0 0 0 0 0 0 0 0 0 0 0 0 0 0 0 0 0 0 0 0 0 0 0 0 0 0 0 -999
P322 2043 7 0 0 0 0 0 0 0 0 0 0 0 0 0 0 0 0 0 0 0 0 0 0 0 0 0 0 0 0 0 0 0
P322 2043 8 0 0 0 0 0 0 0 0 0 0 0 0 0 0 0 0 0 0 0 0 0 0 0 0 0 0 0 0 0 0 0
P322 2043 9 0 0 0 0 0 0 0 0 0 0 0 0 0 0 0 0 0 0 0 0 0 15 0 0 0 0 0 0 7 23 -999
P322 2043 10 16 0 0 0 0 0 0 21 26 0 0 0 0 0 9 0 0 0 0 0 0 11 13 2 10 9 3 4 9 5 2
P322 2043 11 0 0 0 0 0 0 0 0 0 28 77 16 116 85 0 0 0 4 0 0 0 0 0 2 0 1 3 9 5 3 -999
P322 2043 12 0 0 0 0 0 0 0 0 0 0 12 20 0 4 2 1 0 13 47 32 222 6 0 9 9 2 7 0 0 0 0
P322 2044 1 0 0 0 0 0 0 1 0 0 0 0 0 0 0 0 0 3 11 5 1 0 2 0 0 0 0 0 14 6 0 0
P322 2044 2 0 0 0 0 11 1 0 0 0 2 7 0 0 0 0 0 0 0 0 0 0 0 2 167 33 3 5 2 -999 -999 -999
P322 2044 3 0 7 14 15 14 3 7 7 2 7 1 1 5 11 0 0 0 20 5 2 1 1 0 2 3 6 33 143 6 3 4
P322 2044 4 0 0 1 0 0 0 0 0 0 0 4 0 0 0 0 0 0 0 0 0 0 0 0 0 0 0 5 0 0 0 -999
P322 2044 5 0 0 0 0 9 0 0 6 12 9 0 0 0 0 0 0 0 4 31 24 8 5 0 0 0 0 0 0 0 1 0
P322 2044 6 0 0 0 0 0 0 0 0 0 0 0 0 0 0 0 0 0 0 0 0 0 0 0 0 0 0 0 0 0 0 -999
P322 2044 7 0 0 0 0 0 0 0 0 0 0 0 0 0 0 0 0 0 0 0 0 0 0 0 0 0 0 0 0 0 0 0
P322 2044 8 0 0 0 0 0 0 0 0 0 0 0 0 0 0 0 0 0 0 0 0 0 0 0 0 0 0 0 0 0 0 0
P322 2044 9 0 0 0 0 0 0 0 0 0 0 0 0 0 0 0 0 0 0 0 1 43 29 10 23 26 13 11 0 0 20 -999
P322 2044 10 23 27 19 0 0 0 0 0 27 23 8 0 0 0 0 0 0 33 9 12 36 4 0 0 0 0 0 0 0 0 6
P322 2044 11 15 3 0 5 0 0 0 0 0 0 36 24 26 24 3 25 32 3 3 4 6 26 6 36 57 77 77 3 5 0 -999
P322 2044 12 0 0 0 0 0 0 0 0 25 21 0 0 16 8 6 10 5 1 1 2 1 1 1 1 1 0 0 0 8 0 19
P322 2045 1 138 117 43 3 0 0 109 84 16 4 14 11 56 20 7 12 2 1 0 0 0 4 4 4 3 0 0 0 0 2 2
P322 2045 2 2 79 9 2 2 11 2 0 0 0 0 1 4 0 0 0 0 0 0 0 0 0 0 0 0 0 0 0 -999 -999 -999
P322 2045 3 0 0 3 0 0 0 0 6 9 1 0 0 12 0 3 1 0 0 0 0 0 0 0 0 0 0 0 0 0 4 5
P322 2045 4 8 0 0 0 0 26 7 7 0 2 4 0 0 6 12 16 0 0 0 0 0 0 0 0 0 0 0 0 0 1 -999
P322 2045 5 5 0 0 0 0 17 42 56 0 0 0 0 0 0 0 0 0 0 0 0 0 0 0 0 0 0 0 0 0 0 0
P322 2045 6 3 0 0 0 0 0 3 10 0 0 0 4 0 0 0 0 0 0 0 0 0 9 13 0 3 4 3 0 0 0 -999
P322 2045 7 0 0 0 0 0 0 0 0 0 0 0 0 0 0 0 0 0 0 0 0 0 0 0 0 0 0 0 0 0 0 0
P322 2045 8 0 0 0 0 0 0 0 0 0 0 0 0 0 0 0 0 0 0 0 0 0 0 0 0 0 0 0 0 0 0 0
P322 2045 9 0 0 0 0 0 0 9 20 0 0 0 0 0 0 0 23 0 0 0 0 0 0 0 12 6 0 0 0 0 8 -999
P322 2045 10 8 3 26 61 0 0 0 0 0 0 0 0 0 7 113 30 96 17 0 0 0 0 0 0 0 0 0 0 0 0 0
P322 2045 11 14 4 2 0 0 0 0 0 0 0 0 0 2 0 0 16 139 71 10 0 0 0 3 58 1 4 105 66 4 0 -999
P322 2045 12 0 0 0 0 0 2 0 1 0 0 0 0 0 0 0 0 0 5 5 7 8 3 4 10 19 17 3 2 0 0 0
P322 2046 1 0 0 4 50 47 25 42 4 8 5 50 34 2 4 9 7 5 9 6 11 3 0 2 0 0 43 82 138 37 67 64
P322 2046 2 78 34 27 9 3 4 10 11 1 1 6 4 17 10 46 20 2 1 0 0 6 22 2 2 2 14 91 106 -999 -999 -999
P322 2046 3 99 57 10 10 5 44 49 69 87 151 98 16 54 39 114 17 40 32 13 2 4 6 5 0 0 0 16 35 4 0 0
P322 2046 4 0 0 2 18 6 4 0 10 3 1 1 0 0 0 0 6 30 0 4 12 4 18 4 2 7 5 3 6 7 4 -999
P322 2046 5 0 0 0 0 0 0 0 0 0 0 0 0 0 0 0 0 0 2 1 0 0 0 0 0 0 23 0 0 2 0 0
P322 2046 6 0 0 0 0 0 0 0 0 0 0 0 0 0 0 0 0 0 0 0 0 0 0 0 0 0 0 0 0 0 0 -999
P322 2046 7 0 0 0 0 0 0 0 0 0 0 0 0 0 0 0 0 0 0 0 0 0 0 0 0 0 0 0 0 0 0 0
P322 2046 8 0 0 0 0 0 0 0 0 0 0 0 0 0 0 0 0 0 0 0 0 0 0 0 0 0 0 0 0 0 0 0
P322 2046 9 0 0 0 0 0 0 25 43 0 0 0 0 0 0 0 0 0 0 0 0 0 0 0 0 0 0 0 0 0 0 -999
P322 2046 10 0 0 0 3 2 3 6 14 0 0 0 0 0 0 0 0 0 0 0 0 0 7 4 0 4 4 0 2 4 5 4
P322 2046 11 0 0 0 0 16 113 22 6 0 0 0 0 0 0 0 0 0 0 0 0 0 0 0 2 4 0 4 41 84 35 -999
P322 2046 12 85 213 30 2 240 181 506 4 24 5 3 3 3 164 118 23 29 147 14 1 1 0 0 0 0 19 13 0 0 0 0
P322 2047 1 0 0 0 0 0 0 0 2 1 6 20 21 35 41 147 313 120 9 29 2 20 23 2 0 0 0 0 0 0 6 0
P322 2047 2 0 0 0 6 29 4 0 0 0 0 0 0 0 3 1 0 0 0 0 0 0 0 0 2 10 1 10 8 -999 -999 -999
P322 2047 3 6 15 2 0 60 50 5 0 0 0 0 0 0 0 0 0 0 0 0 0 0 0 15 3 1 0 0 0 0 3 2
P322 2047 4 12 9 3 0 0 0 0 0 5 9 34 52 12 0 18 20 9 2 3 0 0 0 0 0 0 0 0 0 0 0 -999
P322 2047 5 0 0 0 0 3 3 5 4 7 5 0 2 4 7 3 0 0 10 2 0 0 0 0 0 0 0 0 0 0 0 0
P322 2047 6 0 0 0 0 0 0 0 0 0 0 0 0 0 0 0 3 1 0 0 0 0 0 0 0 0 0 0 0 0 0 -999
P322 2047 7 0 6 0 0 6 0 0 0 0 0 0 0 0 0 0 0 0 0 7 9 0 0 0 0 0 0 0 0 0 0 0
P322 2047 8 0 0 0 0 0 0 0 0 0 0 0 0 0 0 0 0 0 0 0 0 0 0 0 0 0 0 0 0 0 0 0
P322 2047 9 0 0 0 0 0 0 0 0 0 0 3 4 41 38 49 19 5 0 0 0 0 0 3 9 30 0 0 0 0 0 -999
P322 2047 10 0 0 42 25 12 11 8 9 0 34 11 11 5 12 18 16 118 0 22 2 2 0 0 0 0 0 0 0 0 0 0
P322 2047 11 0 0 0 0 4 13 17 24 19 6 2 0 1 2 8 7 0 0 0 0 0 0 0 0 0 0 0 0 0 0 -999
P322 2047 12 0 0 0 0 0 0 0 0 0 0 0 0 0 0 0 0 0 0 0 0 0 3 2 5 6 0 0 0 0 0 0
P322 2048 1 2 11 0 0 0 0 0 0 0 0 0 5 5 5 0 0 0 0 0 0 0 0 0 0 0 0 0 0 0 0 0
P322 2048 2 0 0 0 0 0 0 0 0 0 0 0 0 2 4 1 4 0 1 0 0 0 0 0 0 0 0 0 0 -999 -999 -999
P322 2048 3 0 0 0 7 9 13 51 45 20 14 66 3 0 11 1 17 0 0 0 11 3 0 0 0 0 0 7 0 5 20 27
P322 2048 4 1 0 2 11 13 0 0 0 0 0 0 0 0 4 9 4 17 0 0 0 0 0 3 0 0 0 0 0 0 0 -999
P322 2048 5 0 0 0 5 0 0 0 0 5 1 0 0 4 17 2 0 2 11 0 0 26 21 1 0 0 4 3 0 0 0 0
P322 2048 6 0 0 0 0 0 0 0 0 0 0 0 0 0 0 14 0 0 0 0 0 0 0 0 0 0 0 0 0 0 0 -999
P322 2048 7 0 0 0 0 0 0 0 0 0 0 0 0 0 0 0 0 0 0 0 0 0 0 0 0 0 0 0 0 0 0 0
P322 2048 8 0 0 0 0 0 0 0 0 0 0 0 0 0 0 0 0 0 0 0 0 0 0 0 0 0 0 0 0 0 0 0
P322 2048 9 0 0 0 0 0 0 0 0 0 0 23 0 0 0 0 0 0 0 0 0 0 0 0 0 0 0 87 36 40 15 -999
P322 2048 10 5 0 0 0 0 5 8 0 0 0 0 0 0 0 0 0 0 0 3 2 0 0 0 0 0 0 0 0 0 0 0
P322 2048 11 0 0 0 9 26 60 10 0 0 0 0 0 0 0 0 0 61 13 7 4 3 0 0 0 0 33 67 55 28 16 -999
P322 2048 12 90 94 4 1 8 7 0 0 0 0 0 0 0 0 0 0 0 0 1 2 0 0 0 0 0 0 64 93 58 25 0
P322 2049 1 0 0 0 3 8 18 7 13 5 6 14 7 15 18 19 20 22 2 0 0 9 7 4 5 4 5 8 3 5 9 38
P322 2049 2 35 40 29 60 52 11 0 0 2 5 0 0 6 25 6 0 0 0 0 0 0 0 0 4 0 3 1 0 -999 -999 -999
P322 2049 3 0 0 0 3 0 0 0 0 0 0 0 0 0 0 1 0 0 0 0 0 0 3 7 11 0 0 0 0 0 23 10
P322 2049 4 2 2 1 0 0 0 0 0 0 0 18 12 6 0 28 34 24 16 0 0 0 22 0 0 7 0 0 0 0 0 -999
P322 2049 5 2 0 2 0 1 1 3 24 7 30 33 3 0 0 0 0 0 0 0 6 45 20 30 68 24 25 45 46 3 0 0
P322 2049 6 0 0 0 0 0 0 0 0 0 0 0 0 0 0 0 0 0 0 0 0 0 0 0 0 0 0 0 0 0 0 -999
P322 2049 7 0 0 0 4 0 0 0 0 0 0 0 0 0 0 0 0 0 0 0 0 0 0 0 0 0 0 0 0 0 0 0
P322 2049 8 0 0 0 0 0 0 0 0 0 0 0 0 0 0 0 0 0 0 0 0 0 0 0 0 0 0 0 0 0 0 0
P322 2049 9 0 0 0 0 0 0 0 0 0 0 0 0 13 0 0 0 0 0 0 0 36 21 23 9 2 0 0 0 0 0 -999
P322 2049 10 0 0 0 0 0 0 0 1 0 0 0 7 2 0 0 14 6 0 0 0 6 6 6 19 38 23 15 0 2 4 4
P322 2049 11 1 10 90 166 51 7 29 31 32 19 214 81 86 96 121 81 57 8 1 0 0 0 0 3 0 0 0 0 0 0 -999
P322 2049 12 7 7 6 11 11 1 0 0 0 0 0 0 0 0 1 1 1 10 10 15 103 2 0 0 4 3 25 20 21 27 56
P322 2050 1 65 35 168 30 31 339 10 23 8 1 4 1 2 4 4 19 25 18 2 13 12 34 27 28 23 0 3 0 0 0 0
P322 2050 2 0 0 0 0 0 0 0 0 0 0 0 0 0 10 5 14 2 10 59 26 32 7 2 11 2 1 0 0 -999 -999 -999
P322 2050 3 0 58 100 60 117 180 54 27 58 20 39 4 0 1 0 0 3 4 8 2 4 0 0 0 2 3 26 8 0 3 35
P322 2050 4 17 20 3 6 12 17 17 6 30 9 0 0 8 0 0 0 0 0 0 0 0 0 0 12 4 0 0 0 0 0 -999
P322 2050 5 2 2 0 1 3 4 0 0 0 0 0 0 3 2 0 0 0 0 16 0 0 4 1 0 0 3 7 16 13 0 0
P322 2050 6 0 0 0 0 0 0 0 0 0 0 0 0 0 0 0 0 0 0 0 0 0 0 0 0 0 0 0 0 0 0 -999
P322 2050 7 0 0 0 0 0 0 0 0 0 0 0 0 0 0 0 0 0 0 0 0 0 0 0 0 0 0 0 0 0 0 0
P322 2050 8 0 0 0 0 0 0 0 0 0 0 0 0 0 0 0 0 0 0 0 0 0 0 0 0 0 0 0 0 0 0 0
P322 2050 9 0 0 0 0 0 0 0 0 0 0 0 0 0 0 0 0 0 0 0 0 0 0 0 0 0 0 0 0 0 0 -999
P322 2050 10 9 5 7 0 0 0 0 0 0 0 0 11 21 35 10 13 1 2 0 0 0 23 20 38 17 9 22 2 0 0 1
P322 2050 11 0 0 0 0 0 4 8 27 30 11 18 8 7 9 0 0 0 0 0 0 10 15 94 17 1 0 5 6 0 4 -999
P322 2050 12 2 6 8 0 0 0 0 0 0 0 0 0 0 0 0 0 0 2 1 1 0 0 0 0 0 0 0 0 0 0 3
P322 2051 1 0 0 0 0 0 0 0 0 0 1 0 0 0 7 2 0 0 0 0 2 0 1 0 0 0 0 0 0 7 2 0
P322 2051 2 8 13 3 24 34 11 0 0 0 0 2 0 0 0 0 0 1 0 2 5 1 0 0 0 2 0 0 0 -999 -999 -999
P322 2051 3 0 0 0 0 0 0 0 0 7 10 8 12 8 0 29 1 2 93 15 10 3 4 0 0 0 0 0 0 0 0 3
P322 2051 4 17 9 0 4 11 58 36 14 11 62 50 17 34 0 0 5 4 4 4 30 2 3 12 0 0 0 0 0 0 0 -999
P322 2051 5 0 0 0 0 0 0 0 0 0 0 0 16 5 8 0 0 0 0 0 0 0 0 12 5 17 18 9 0 0 0 0
P322 2051 6 0 0 0 0 0 0 0 0 0 0 0 0 0 0 0 0 0 0 0 0 0 0 0 0 0 0 0 0 0 0 -999
P322 2051 7 0 0 0 0 0 0 0 0 0 0 0 0 0 0 0 0 0 0 0 0 0 0 0 0 0 0 0 0 0 0 0
P322 2051 8 0 0 0 0 0 0 0 0 0 0 0 0 0 0 0 0 0 0 0 0 0 0 0 0 0 0 0 0 0 0 0
P322 2051 9 0 0 0 0 0 0 0 0 0 4 9 4 18 8 0 0 0 0 0 0 0 0 0 8 20 6 0 0 0 0 -999
P322 2051 10 0 0 0 73 59 0 0 0 15 19 12 7 0 0 0 0 0 0 0 0 0 0 0 0 0 0 16 108 53 18 9
P322 2051 11 23 88 70 10 9 3 0 0 0 0 0 0 0 0 0 0 1 0 0 0 0 0 0 0 1 0 0 24 18 6 -999
P322 2051 12 4 0 0 9 12 0 0 23 48 4 5 7 8 6 32 145 4 13 10 0 0 0 0 0 0 0 0 0 0 0 0
P322 2052 1 0 0 0 0 0 0 2 0 2 3 3 18 59 64 27 4 7 19 16 13 12 20 16 2 0 0 73 81 110 11 41
P322 2052 2 32 111 127 41 22 271 194 48 7 76 62 14 4 2 11 82 1 2 24 18 0 0 0 7 12 0 0 20 -999 -999 -999
P322 2052 3 0 0 0 0 0 0 8 25 32 3 0 0 6 6 13 25 15 17 20 30 7 1 16 2 0 0 0 0 0 0 0
P322 2052 4 0 0 0 0 0 0 10 0 0 0 0 0 0 0 0 0 0 0 0 0 0 0 0 0 0 0 0 0 0 0 -999
P322 2052 5 0 0 0 0 0 0 0 0 0 0 2 25 50 16 18 5 12 12 21 0 0 0 0 0 4 0 0 0 0 5 0
P322 2052 6 0 0 0 3 4 0 0 0 0 0 0 0 0 0 0 0 0 0 0 0 0 0 0 0 17 11 0 0 0 0 -999
P322 2052 7 0 0 0 0 0 0 0 0 0 0 0 0 0 0 0 0 0 0 0 0 0 0 0 0 0 0 0 0 0 0 0
P322 2052 8 20 4 4 0 0 0 0 0 0 0 0 0 0 0 0 0 0 0 0 0 0 0 0 0 0 0 0 0 0 0 0
P322 2052 9 0 0 0 0 0 0 0 0 0 0 0 0 0 0 0 0 4 2 0 2 0 0 0 0 0 0 0 0 0 0 -999
P322 2052 10 0 0 0 0 0 0 0 0 0 0 0 0 0 10 9 0 0 0 0 0 0 11 0 0 25 21 6 0 0 0 0
P322 2052 11 4 12 6 0 0 0 0 0 0 0 0 0 0 0 0 0 0 0 63 4 245 45 91 2 2 0 0 0 2 2 -999
P322 2052 12 0 0 0 3 0 1 0 0 0 0 0 0 2 19 2 0 0 2 1 0 7 0 0 0 4 1 0 0 0 1 0
P322 2053 1 0 0 0 0 0 0 0 6 21 45 108 31 8 12 5 2 2 3 0 2 31 47 70 12 22 33 23 2 3 9 19
P322 2053 2 36 245 76 4 18 6 32 4 3 3 2 7 2 2 2 5 28 31 21 6 1 2 19 26 6 322 39 13 -999 -999 -999
P322 2053 3 0 0 3 0 0 3 5 5 0 0 0 0 0 0 0 0 0 0 0 0 0 0 0 0 0 0 0 6 10 4 49
P322 2053 4 16 15 17 1 0 0 0 0 0 1 2 36 2 22 28 3 0 0 0 0 5 0 2 58 185 28 11 0 11 5 -999
P322 2053 5 0 0 0 0 0 0 0 0 0 0 0 0 0 0 0 0 0 0 0 0 0 0 0 0 0 0 0 0 0 4 1
P322 2053 6 0 0 0 0 0 0 0 0 0 0 0 0 0 0 3 0 10 23 13 0 0 0 0 0 0 0 0 0 0 0 -999
P322 2053 7 0 0 0 0 0 0 0 0 0 0 0 0 0 0 0 0 0 0 0 0 0 0 0 0 0 0 0 0 0 0 0
P322 2053 8 0 0 0 0 0 0 0 0 0 0 0 0 0 0 0 0 0 0 0 0 0 0 0 8 78 92 15 0 0 0 0
P322 2053 9 0 0 0 0 0 0 0 0 0 0 0 10 11 6 13 23 0 0 11 55 85 27 19 0 0 0 0 65 8 3 -999
P322 2053 10 4 0 0 19 18 0 0 23 15 3 0 0 0 0 0 0 0 0 0 0 0 0 0 0 0 0 0 0 0 0 0
P322 2053 11 0 0 0 0 0 10 0 0 0 18 43 19 0 0 9 40 221 22 83 6 5 8 10 5 0 0 0 0 0 0 -999
P322 2053 12 0 0 0 0 0 0 0 0 0 2 9 127 46 4 10 2 0 3 0 0 0 3 14 43 3 2 0 0 0 6 25
P322 2054 1 146 6 4 31 6 6 3 0 0 0 0 0 0 0 0 0 0 11 33 6 0 0 0 0 0 0 0 0 0 0 0
P322 2054 2 0 0 5 17 10 10 4 2 0 0 0 9 0 0 0 0 0 0 0 0 0 5 6 4 0 2 0 0 -999 -999 -999
P322 2054 3 0 0 0 0 0 0 0 1 0 0 0 0 0 0 4 2 3 0 0 0 0 26 10 0 0 15 0 0 13 0 7
P322 2054 4 23 0 0 0 10 10 19 4 0 39 0 0 0 0 0 6 2 4 15 52 30 7 7 26 28 35 47 24 0 0 -999
P322 2054 5 7 22 3 0 0 0 2 9 37 10 7 5 1 1 0 0 0 0 0 0 0 0 0 0 0 0 0 0 0 0 0
P322 2054 6 0 0 0 0 0 0 0 0 0 0 0 0 8 13 0 0 0 0 0 0 0 0 0 0 0 0 0 0 0 0 -999
P322 2054 7 0 0 0 0 0 0 0 0 0 0 0 0 0 0 0 0 0 0 4 0 0 0 0 0 0 0 0 0 0 0 0
P322 2054 8 0 0 0 0 0 0 0 0 0 0 0 0 0 0 0 0 0 0 0 0 0 0 0 0 0 0 0 0 0 4 0
P322 2054 9 0 0 0 0 0 0 0 0 0 0 0 0 0 0 0 0 0 0 0 0 0 0 0 0 0 0 0 0 0 0 -999
P322 2054 10 0 20 23 0 0 0 0 0 0 0 0 4 4 2 0 0 0 0 0 11 63 38 4 2 2 0 0 0 0 0 15
P322 2054 11 105 171 52 16 58 7 3 48 31 0 0 0 0 0 0 0 0 0 0 0 0 0 0 0 0 0 0 0 6 4 -999
P322 2054 12 2 8 2 0 0 0 0 0 0 0 0 0 6 0 0 0 0 0 0 0 0 0 0 0 0 0 0 0 0 0 0
P322 2055 1 0 0 0 11 75 96 24 23 26 28 68 147 99 19 88 69 37 39 91 219 265 202 44 2 1 0 1 1 1 1 3
P322 2055 2 5 0 0 0 0 3 2 1 2 0 0 0 2 3 4 13 3 0 0 0 10 22 0 0 0 0 0 0 -999 -999 -999
P322 2055 3 0 21 36 13 1 3 9 7 38 35 7 5 12 5 0 0 14 15 0 0 0 0 2 14 2 7 7 0 0 2 0
P322 2055 4 0 0 0 0 0 0 4 11 0 12 0 0 1 6 0 0 0 0 0 4 7 9 137 87 44 42 9 5 7 9 -999
P322 2055 5 5 13 24 5 0 0 22 6 3 0 0 0 19 13 8 3 0 0 0 0 0 0 0 0 0 0 0 0 9 24 0
P322 2055 6 7 0 0 0 7 0 0 0 0 0 0 0 0 0 9 8 5 6 0 5 0 0 0 0 0 0 0 0 0 0 -999
P322 2055 7 0 0 0 0 0 0 0 0 0 0 0 0 0 0 0 0 0 0 0 0 0 0 0 0 0 0 0 0 0 0 0
P322 2055 8 0 0 0 0 0 0 0 0 0 0 0 0 0 0 0 0 0 0 0 0 0 0 0 0 0 0 0 0 0 0 0
P322 2055 9 0 0 0 0 0 0 0 0 0 0 0 0 0 0 0 0 0 0 0 0 0 0 0 0 0 0 0 0 0 0 -999
P322 2055 10 0 0 0 0 0 0 0 13 2 1 0 0 3 0 0 0 0 0 2 5 0 0 0 31 3 1 0 0 0 0 19
P322 2055 11 19 20 18 19 0 45 190 63 1 0 0 0 0 0 0 0 0 0 0 0 0 0 1 4 1 0 0 0 8 3 -999
P322 2055 12 12 35 3 0 0 0 0 0 0 28 34 139 26 3 3 0 0 0 0 5 20 7 0 0 0 0 0 0 0 0 5
P322 2056 1 0 0 0 0 0 0 46 3 3 0 0 0 0 0 0 0 0 0 0 0 4 4 18 2 3 1 2 9 0 0 0
P322 2056 2 0 0 0 0 0 0 0 0 0 0 0 0 0 0 0 0 1 0 0 0 0 0 0 0 0 1 0 0 -999 -999 -999
P322 2056 3 4 27 26 13 4 9 14 5 22 35 6 0 0 0 24 96 0 0 0 0 0 0 0 8 0 19 12 10 13 20 0
P322 2056 4 0 0 0 0 2 3 3 3 2 2 2 0 0 0 0 1 2 2 4 3 0 0 12 6 12 3 8 15 0 0 -999
P322 2056 5 0 4 7 0 3 59 0 0 0 0 0 3 4 0 0 0 0 0 0 0 0 0 0 2 2 8 6 3 0 0 0
P322 2056 6 35 0 0 0 0 0 0 0 0 0 0 0 0 0 0 0 0 0 0 0 0 0 0 0 0 0 0 0 0 0 -999
P322 2056 7 0 0 0 0 0 0 0 0 0 0 0 0 0 0 0 0 0 0 0 0 0 0 0 0 0 0 0 0 0 0 0
P322 2056 8 0 0 0 0 0 0 0 0 0 0 0 0 0 0 0 0 0 0 0 0 0 0 0 0 0 0 0 0 0 0 0
P322 2056 9 0 0 0 0 0 0 0 0 0 0 0 0 0 0 0 0 0 0 0 0 0 0 0 0 0 0 0 22 18 53 -999
P322 2056 10 0 0 0 0 0 0 0 0 13 14 0 0 0 0 0 0 0 0 0 0 0 0 0 42 29 2 9 0 0 0 0
P322 2056 11 4 0 0 6 14 9 16 3 0 0 0 0 0 8 0 0 0 7 16 3 0 0 0 8 14 30 46 63 59 116 -999
P322 2056 12 12 52 68 103 513 98 77 10 7 5 7 7 5 3 6 6 5 0 7 8 26 4 1 0 0 0 0 0 0 0 8
P322 2057 1 10 0 0 0 0 2 2 2 9 9 0 0 13 7 0 0 0 0 0 0 0 0 0 0 1 6 16 27 27 6 3
P322 2057 2 2 0 0 1 18 26 15 13 12 16 0 0 0 0 0 0 15 5 2 15 6 5 8 15 7 4 1 1 -999 -999 -999
P322 2057 3 3 3 0 4 13 3 4 2 0 0 0 0 0 0 0 0 6 0 0 0 0 0 0 7 9 0 0 0 0 0 0
P322 2057 4 0 0 0 0 0 0 0 12 9 5 8 0 5 5 9 53 20 9 1 1 1 2 0 0 0 0 0 0 0 0 -999
P322 2057 5 0 0 0 0 0 0 0 0 0 1 2 5 9 5 13 12 27 11 0 1 0 0 0 4 18 20 0 5 12 4 2
P322 2057 6 10 8 2 0 0 0 0 0 0 0 0 0 0 0 0 0 0 0 3 9 0 0 0 0 0 0 0 0 0 0 -999
P322 2057 7 0 0 0 0 0 0 0 0 0 0 0 0 0 0 0 0 0 0 0 0 0 0 0 0 0 0 0 0 0 0 0
P322 2057 8 0 0 0 0 0 0 0 0 0 0 0 0 0 0 0 0 0 0 0 0 0 0 0 0 0 0 0 0 0 0 0
P322 2057 9 0 0 0 0 0 0 0 0 0 0 0 0 0 0 0 0 0 0 0 0 0 0 0 0 0 0 0 0 0 0 -999
P322 2057 10 0 0 0 0 0 0 0 0 0 0 0 0 0 28 28 21 21 0 0 0 0 0 0 0 0 0 0 0 0 4 0
P322 2057 11 6 2 12 46 43 68 0 3 40 48 276 75 11 3 2 3 5 0 0 0 0 0 0 0 0 0 0 0 0 0 -999
P322 2057 12 0 0 0 0 0 0 0 2 3 4 23 63 58 6 10 2 0 0 0 0 0 0 0 0 0 0 0 0 4 4 3
P322 2058 1 0 0 0 0 0 0 0 0 3 5 2 0 2 10 12 0 0 1 0 0 0 0 0 0 0 0 2 3 1 0 0
P322 2058 2 2 0 0 0 0 0 0 0 0 0 0 0 2 0 0 0 0 0 0 0 0 0 0 0 0 0 0 0 -999 -999 -999
P322 2058 3 0 0 0 0 0 0 0 0 0 0 0 7 0 0 0 0 0 0 0 0 12 2 0 13 18 41 0 0 0 0 0
P322 2058 4 0 0 0 0 0 0 0 0 0 4 2 2 0 0 0 0 0 3 0 8 2 1 0 0 0 0 0 0 0 0 -999
P322 2058 5 0 0 0 0 0 0 0 0 0 0 0 0 0 0 0 0 0 0 0 0 0 0 0 0 0 0 0 7 21 16 17
P322 2058 6 0 0 0 0 0 0 0 0 0 0 0 0 0 0 0 0 0 0 0 0 0 0 0 0 0 0 0 0 0 0 -999
P322 2058 7 0 0 0 0 0 0 0 0 0 0 0 0 0 0 0 0 0 0 0 0 0 0 0 0 0 0 0 0 0 0 0
P322 2058 8 0 0 0 0 0 0 0 0 0 0 0 0 0 0 0 0 0 0 0 0 0 0 0 0 0 0 0 0 0 0 0
P322 2058 9 0 0 0 0 0 0 0 0 0 0 0 0 0 0 0 0 0 0 0 0 0 0 0 0 0 0 0 0 0 0 -999
P322 2058 10 0 0 0 0 0 0 0 0 0 0 0 0 0 0 0 0 0 0 0 0 0 2 6 5 2 0 0 0 0 0 0
P322 2058 11 0 0 0 0 0 0 0 16 24 0 3 11 0 1 0 6 19 146 21 88 8 2 0 0 0 5 19 42 16 7 -999
P322 2058 12 2 2 0 0 0 0 0 0 0 0 0 0 0 0 4 0 12 59 24 34 8 3 0 0 0 6 16 17 4 9 58
P322 2059 1 10 84 23 3 1 0 0 0 0 0 0 0 0 2 3 1 0 0 0 0 14 0 3 6 9 1 0 1 0 0 0
P322 2059 2 0 0 0 0 0 0 0 0 0 0 0 0 0 0 0 2 1 0 0 0 0 0 0 0 0 0 0 0 -999 -999 -999
P322 2059 3 0 0 0 0 0 0 0 0 0 0 0 19 9 1 0 0 0 0 0 0 8 3 1 30 23 9 8 11 5 5 0
P322 2059 4 0 0 0 0 0 0 0 0 0 0 0 0 0 0 0 0 0 0 0 3 9 5 10 16 8 0 0 0 11 0 -999
P322 2059 5 0 0 4 24 0 0 6 16 14 8 5 0 0 0 8 0 0 2 0 0 0 0 0 0 7 0 6 29 48 0 0
P322 2059 6 0 0 0 0 0 4 0 0 0 0 0 0 0 0 0 0 0 0 0 0 0 0 0 0 0 32 0 0 0 0 -999
P322 2059 7 0 0 0 0 0 0 0 0 0 0 0 0 0 0 0 0 6 0 0 0 0 0 0 0 0 0 0 0 0 0 0
P322 2059 8 0 0 0 0 0 0 0 0 0 0 0 0 0 0 0 0 0 0 0 0 0 0 0 0 0 0 10 0 0 0 0
P322 2059 9 0 0 0 0 0 0 0 0 0 0 0 0 0 0 0 0 0 0 0 0 0 0 0 0 7 0 0 0 0 0 -999
P322 2059 10 0 0 0 0 0 0 0 0 0 0 0 0 0 9 32 26 8 0 0 4 2 25 23 22 9 4 0 0 16 61 4
P322 2059 11 18 70 46 88 59 0 0 0 0 0 4 0 0 3 65 26 4 1 0 0 0 0 39 10 3 0 3 2 1 1 -999
P322 2059 12 0 0 0 3 0 0 0 0 0 0 0 0 0 0 0 0 0 0 0 0 0 0 0 0 0 2 2 30 63 8 0
P322 2060 1 0 25 24 27 39 19 0 0 0 15 6 2 0 0 0 0 0 0 0 0 0 0 0 0 0 0 0 0 0 0 0
P322 2060 2 0 0 0 0 6 1 2 4 15 5 7 83 5 26 179 21 7 7 5 0 3 3 4 25 187 1 2 19 -999 -999 -999
P322 2060 3 40 14 4 0 13 23 29 55 17 2 0 0 0 0 0 0 43 14 232 322 209 29 2 0 0 0 0 15 2 3 0
P322 2060 4 0 0 0 0 0 0 0 0 0 0 25 9 0 0 0 0 0 0 0 0 0 0 0 0 0 0 0 0 0 0 -999
P322 2060 5 0 0 0 0 0 0 0 0 0 0 0 0 0 0 0 0 8 6 0 0 0 4 2 0 0 0 0 0 3 4 4
P322 2060 6 5 4 4 0 12 62 63 19 4 3 5 3 3 3 0 0 0 0 0 0 0 0 0 0 0 0 0 0 0 0 -999
P322 2060 7 0 0 0 0 0 0 0 0 0 0 0 0 0 0 0 0 0 0 0 0 0 0 0 0 0 0 0 0 0 0 0
P322 2060 8 0 0 0 0 0 0 0 0 0 0 0 0 0 0 0 0 0 0 0 0 0 0 0 0 0 0 0 0 0 0 0
P322 2060 9 0 0 0 0 0 0 0 0 0 0 0 0 0 0 0 4 3 1 0 0 0 0 0 0 0 34 10 0 0 0 -999
P322 2060 10 0 0 0 0 0 0 0 0 0 0 4 57 18 20 4 0 0 0 0 0 0 0 0 0 0 0 0 23 29 0 51
P322 2060 11 71 3 7 0 0 0 0 0 15 0 0 0 6 2 1 0 0 0 3 0 0 0 0 0 0 0 2 0 0 0 -999
P322 2060 12 0 0 2 2 11 25 1 0 2 3 0 0 0 0 0 0 0 0 0 4 7 3 0 0 0 0 0 0 0 0 0
P322 2061 1 0 0 0 0 0 0 0 0 0 0 0 0 0 8 2 0 9 0 48 7 5 22 17 47 78 38 38 9 8 7 7
P322 2061 2 0 0 0 0 0 0 0 0 28 24 22 9 4 5 15 3 2 2 0 6 2 40 0 2 3 1 1 10 -999 -999 -999
P322 2061 3 112 41 6 26 0 0 3 2 1 4 23 8 7 2 2 7 10 4 43 5 1 0 0 0 0 0 0 0 0 0 0
P322 2061 4 0 0 6 9 10 15 21 24 16 10 53 28 33 17 10 27 79 8 3 4 2 0 0 0 5 2 0 0 0 0 -999
P322 2061 5 0 0 5 10 4 0 0 0 0 0 0 1 1 3 4 0 0 0 0 6 0 0 0 0 5 0 0 0 0 0 0
P322 2061 6 0 0 0 0 0 0 0 0 0 0 0 0 11 15 6 0 0 0 0 0 0 0 0 0 0 0 0 0 0 0 -999
P322 2061 7 0 0 0 0 0 0 0 0 0 0 0 0 0 0 0 0 0 0 0 0 0 0 0 0 0 0 0 0 0 0 0
P322 2061 8 0 0 0 0 0 0 0 0 0 0 0 0 0 0 0 0 0 0 0 0 0 0 0 0 0 0 0 0 0 0 0
P322 2061 9 0 0 0 0 0 0 0 0 0 5 5 0 0 0 0 17 70 86 73 27 16 0 0 0 0 0 0 0 0 10 -999
P322 2061 10 17 13 0 0 0 0 0 0 16 22 0 0 0 0 0 0 0 0 0 0 21 15 0 0 22 20 15 4 0 0 0
P322 2061 11 0 0 0 0 0 4 10 19 3 0 0 0 0 0 0 0 0 0 3 3 0 0 0 0 0 0 0 0 0 8 -999
P322 2061 12 56 83 30 0 0 0 0 0 0 3 2 2 2 0 0 0 5 5 3 0 0 0 0 0 0 0 0 0 0 8 0
P322 2062 1 0 0 0 0 0 0 0 10 12 6 2 7 20 4 24 13 9 7 2 0 0 0 0 0 0 3 2 5 0 7 48
P322 2062 2 13 51 2 16 7 6 4 3 4 7 2 0 0 0 0 0 4 6 6 5 7 24 19 163 286 26 2 0 -999 -999 -999
P322 2062 3 0 0 0 0 0 0 0 0 0 0 0 0 3 5 0 0 0 0 0 0 0 0 0 0 0 19 0 0 0 0 0
P322 2062 4 0 0 0 0 3 8 0 0 14 4 3 1 0 0 0 0 0 0 0 0 0 0 0 7 4 4 0 0 0 0 -999
P322 2062 5 2 10 7 3 2 2 0 26 6 0 0 0 0 0 0 0 0 0 1 0 0 0 0 0 0 0 0 4 6 2 8
P322 2062 6 4 0 5 0 0 0 0 0 0 0 0 0 0 0 0 0 0 0 0 0 0 0 0 0 0 0 0 0 0 0 -999
P322 2062 7 0 0 0 0 0 0 0 0 0 0 0 0 0 0 0 0 0 0 0 0 0 0 0 0 0 0 0 0 0 0 0
P322 2062 8 0 0 0 0 0 0 0 0 0 0 0 0 0 0 0 0 0 0 0 0 0 0 0 0 0 0 0 0 0 0 0
P322 2062 9 0 0 0 0 0 0 0 0 0 0 0 0 0 0 13 19 26 0 0 0 0 0 0 0 0 0 0 0 0 0 -999
P322 2062 10 0 0 0 0 0 0 20 36 0 0 0 0 0 0 0 0 12 10 14 64 9 9 5 3 7 40 12 11 5 0 0
P322 2062 11 0 14 13 0 5 6 1 2 17 16 65 7 0 22 0 0 0 13 0 5 7 3 7 6 14 6 1 0 0 0 -999
P322 2062 12 0 0 0 0 0 0 3 0 24 33 28 0 0 0 10 25 2 0 0 2 2 2 2 0 6 0 0 2 2 2 0
P322 2063 1 0 0 3 2 2 0 0 0 0 0 0 0 0 0 0 0 0 0 0 0 4 2 2 2 0 0 3 8 1 0 0
P322 2063 2 0 0 0 0 0 0 5 11 5 0 0 0 0 2 2 0 0 0 0 0 0 5 2 0 0 0 0 14 -999 -999 -999
P322 2063 3 11 3 2 1 1 0 3 2 1 3 18 11 26 89 327 16 4 0 6 28 54 6 18 96 42 38 66 72 17 0 0
P322 2063 4 24 42 3 2 0 0 0 0 0 35 10 3 1 2 2 21 21 12 0 0 0 5 3 4 1 0 3 3 9 6 -999
P322 2063 5 0 0 0 0 0 0 0 0 0 0 0 0 57 6 3 3 0 1 0 0 0 0 0 0 0 0 0 0 0 0 0
P322 2063 6 0 0 0 0 0 0 0 0 0 0 0 0 0 0 0 0 0 0 0 0 0 0 0 0 0 0 0 0 0 0 -999
P322 2063 7 0 0 0 0 0 0 0 0 0 0 0 0 0 0 0 0 0 0 0 0 0 0 0 0 0 0 0 0 0 0 0
P322 2063 8 0 0 0 0 0 0 0 0 0 0 0 0 0 0 0 0 0 0 0 0 0 0 0 0 0 0 0 0 0 0 0
P322 2063 9 0 0 0 0 2 0 0 0 0 0 0 0 0 0 0 0 11 0 0 0 0 0 0 0 0 15 15 0 0 0 -999
P322 2063 10 0 0 0 0 0 0 0 0 2 4 16 3 0 0 0 0 0 0 0 52 6 78 1 0 0 0 0 19 5 2 0
P322 2063 11 0 0 0 2 0 0 0 0 0 0 0 0 0 0 0 0 0 0 0 0 0 0 0 0 57 2 0 3 0 4 -999
P322 2063 12 3 3 10 0 23 34 0 0 0 0 0 2 0 0 0 0 0 6 0 0 0 0 5 13 7 10 5 0 0 3 0
P322 2064 1 0 0 0 0 2 0 0 0 0 0 22 65 29 43 2 9 3 11 20 14 60 75 6 0 0 0 2 2 2 2 0
P322 2064 2 0 0 0 0 0 0 0 0 0 0 0 0 21 40 11 4 4 2 0 0 0 0 0 0 7 34 41 11 -999 -999 -999
P322 2064 3 1 2 40 169 42 7 0 0 0 0 0 5 0 0 0 0 0 0 0 0 0 0 17 0 1 0 0 0 3 42 25
P322 2064 4 15 25 37 36 0 0 0 0 0 0 0 0 0 0 0 3 2 3 8 1 0 0 32 29 3 1 15 58 0 0 -999
P322 2064 5 0 0 3 0 0 0 0 0 0 0 0 0 0 0 0 0 0 0 5 0 0 0 0 0 0 0 0 0 0 0 0
P322 2064 6 0 0 0 0 0 0 0 0 0 0 0 0 0 0 0 0 0 0 0 0 0 0 0 0 0 0 0 0 0 0 -999
P322 2064 7 0 0 0 0 0 0 0 0 0 0 0 0 0 0 0 0 0 0 0 0 0 0 0 0 0 0 0 0 0 0 0
P322 2064 8 0 0 0 0 0 0 0 0 0 0 0 0 0 0 0 0 0 0 0 0 0 0 0 0 0 0 0 0 0 0 0
P322 2064 9 0 0 0 0 0 0 0 0 0 0 0 0 0 0 0 0 0 0 0 0 0 0 0 0 0 0 0 5 0 0 -999
P322 2064 10 0 0 0 0 0 0 0 0 7 8 6 0 0 0 11 17 0 0 0 0 0 0 0 4 0 0 0 0 0 0 0
P322 2064 11 0 0 0 0 0 5 2 1 0 0 0 0 0 0 0 1 0 0 0 0 3 14 33 121 5 1 2 7 13 3 -999
P322 2064 12 0 0 0 0 0 0 14 15 35 42 14 0 0 0 0 0 0 0 4 26 4 12 0 0 0 0 0 5 2 12 4
P322 2065 1 0 12 1 1 1 15 84 98 144 173 11 2 0 0 0 0 0 0 0 0 0 0 2 0 0 0 0 0 0 0 0
P322 2065 2 2 2 2 2 2 0 0 0 0 0 0 0 0 0 0 0 0 0 4 10 18 1 0 0 0 0 0 0 -999 -999 -999
P322 2065 3 0 0 0 0 0 4 5 0 13 6 0 0 0 0 0 0 0 0 0 0 0 0 0 17 0 0 15 16 5 10 9
P322 2065 4 32 26 106 1 1 0 0 0 0 0 7 61 33 7 14 6 0 0 0 0 0 0 0 0 13 8 4 0 2 0 -999
P322 2065 5 5 0 0 0 18 0 6 4 2 1 0 0 1 2 0 0 3 0 0 0 0 0 0 0 0 0 0 0 0 0 0
P322 2065 6 4 7 5 9 14 7 4 2 0 0 4 6 2 0 0 0 0 0 0 0 0 0 0 0 0 0 0 0 0 0 -999
P322 2065 7 0 0 0 0 0 0 0 0 0 0 0 0 0 0 0 0 0 0 0 0 0 0 0 0 0 0 0 0 0 0 0
P322 2065 8 0 0 0 0 0 0 0 0 0 0 0 0 0 0 0 0 0 0 0 0 11 14 0 0 0 0 0 0 0 0 0
P322 2065 9 0 0 0 0 0 0 0 0 0 0 0 0 0 6 0 0 0 0 0 5 19 51 130 204 25 8 3 6 0 0 -999
P322 2065 10 0 0 0 0 0 0 0 0 0 0 5 3 0 0 0 19 76 101 15 0 0 0 0 0 0 0 0 0 0 0 0
P322 2065 11 0 0 0 0 4 1 0 0 0 0 0 12 12 18 18 0 0 0 0 10 11 9 0 0 5 0 0 0 0 0 -999
P322 2065 12 0 0 0 0 0 2 0 0 0 2 4 0 0 0 0 0 0 0 0 10 16 4 124 71 14 25 3 39 0 0 0
P322 2066 1 0 0 0 1 13 0 0 0 2 5 5 3 2 3 3 9 9 2 0 0 0 0 0 0 0 0 0 0 0 2 2
P322 2066 2 0 0 0 2 2 8 16 7 13 0 0 0 0 0 0 0 4 26 9 9 0 0 0 11 0 8 0 53 -999 -999 -999
P322 2066 3 3 37 46 174 120 19 11 175 122 13 5 13 8 21 13 3 5 1 0 10 21 8 1 0 0 0 3 8 14 10 8
P322 2066 4 0 0 0 0 2 16 21 9 0 0 0 0 0 0 0 0 8 11 0 0 0 0 0 0 0 0 0 0 0 0 -999
P322 2066 5 0 0 0 0 0 0 0 0 0 0 0 0 0 0 0 0 0 0 0 0 0 0 2 0 0 0 0 0 0 0 0
P322 2066 6 0 0 0 0 0 0 0 0 0 0 0 0 0 0 0 0 0 0 0 0 0 0 0 0 0 0 0 0 0 0 -999
P322 2066 7 0 0 0 0 0 0 0 0 0 0 0 0 0 0 0 0 0 0 0 0 0 0 0 0 0 0 0 0 0 0 0
P322 2066 8 0 0 0 0 0 0 0 0 0 0 0 0 0 0 0 0 0 0 0 0 0 0 0 0 0 0 0 0 0 0 0
P322 2066 9 0 0 0 0 0 0 0 0 0 0 0 0 0 0 0 0 0 0 0 0 0 0 0 0 0 0 0 0 0 0 -999
P322 2066 10 0 0 0 0 0 0 0 0 0 0 0 17 100 21 5 35 6 4 0 0 0 27 0 0 5 14 25 15 5 4 84
P322 2066 11 25 20 4 7 35 87 72 103 37 4 0 0 0 0 0 0 3 5 20 3 21 66 0 0 5 16 145 21 26 43 -999
P322 2066 12 36 141 55 21 16 18 17 19 15 4 0 13 25 96 24 12 15 11 1 0 0 0 2 18 22 7 19 31 15 12 18
P322 2067 1 26 68 85 176 115 59 67 150 8 3 16 75 173 130 10 33 115 305 106 2 0 8 82 39 3 5 14 6 62 25 1
P322 2067 2 4 2 1 0 0 0 0 7 72 0 9 14 3 0 0 0 0 0 5 3 2 1 0 1 1 0 0 0 -999 -999 -999
P322 2067 3 0 0 0 3 0 0 0 0 0 0 0 4 0 0 0 0 3 0 0 0 0 0 0 0 0 0 7 5 5 0 0
P322 2067 4 0 0 0 0 0 7 11 5 4 0 0 0 4 6 7 3 2 1 3 1 1 0 0 0 2 4 19 10 0 2 -999
P322 2067 5 0 0 0 0 0 4 3 0 0 0 1 0 1 10 6 0 0 3 9 13 4 6 0 0 0 0 0 0 0 0 0
P322 2067 6 0 0 0 0 0 4 62 128 0 0 0 0 0 0 0 0 0 0 0 0 0 0 0 0 0 0 0 0 0 0 -999
P322 2067 7 0 0 0 0 0 0 0 0 0 0 0 0 0 0 0 0 0 0 0 0 0 0 0 0 0 0 0 0 0 0 0
P322 2067 8 0 0 0 0 0 0 0 0 0 0 0 0 0 0 0 0 0 0 0 0 0 0 0 0 0 0 0 0 0 0 0
P322 2067 9 0 0 0 0 0 0 0 0 9 6 0 0 0 0 0 0 0 0 0 0 0 0 0 0 0 0 0 0 0 0 -999
P322 2067 10 0 0 0 0 0 5 13 27 0 0 0 1 1 0 0 0 0 0 0 0 0 0 0 0 0 0 1 4 14 15 36
P322 2067 11 11 7 39 14 17 13 138 22 22 8 0 0 0 0 8 0 0 13 118 3 0 0 0 0 3 2 1 0 0 0 -999
P322 2067 12 0 0 0 15 25 13 2 0 25 21 5 17 5 26 0 0 0 0 0 3 3 8 9 0 0 0 0 0 0 0 0
P322 2068 1 0 0 0 0 0 0 0 0 0 0 0 0 0 0 0 0 0 0 0 1 9 43 50 42 13 6 2 0 4 6 7
P322 2068 2 2 2 0 0 0 3 4 29 61 33 3 27 26 53 68 58 0 0 0 0 0 0 0 6 19 0 0 0 -999 -999 -999
P322 2068 3 0 0 2 0 4 5 1 3 32 161 22 12 0 0 0 28 4 0 0 0 0 0 16 21 0 0 0 0 0 0 0
P322 2068 4 0 0 0 0 3 5 0 0 0 0 0 0 0 0 0 0 0 0 0 0 0 0 3 2 3 0 0 3 16 0 -999
P322 2068 5 0 0 0 28 36 0 0 0 0 1 0 30 31 3 16 4 1 3 3 4 5 0 0 0 0 0 0 0 0 0 0
P322 2068 6 0 0 0 0 0 0 0 0 0 0 0 0 0 0 0 0 0 0 21 47 0 0 0 0 0 0 0 0 0 0 -999
P322 2068 7 0 0 0 0 0 0 0 0 0 0 0 0 0 0 0 0 0 0 0 0 0 0 0 0 0 0 0 0 0 0 0
P322 2068 8 0 0 0 0 0 0 0 0 0 0 0 0 0 0 0 0 0 0 0 0 0 0 0 0 0 0 0 0 0 0 0
P322 2068 9 0 0 0 0 0 0 0 0 0 0 0 0 0 0 0 0 7 10 19 0 27 81 49 12 22 0 32 20 26 0 -999
P322 2068 10 7 44 16 0 0 0 0 2 4 0 0 0 20 7 0 2 0 0 0 3 0 0 26 5 4 1 0 0 0 4 7
P322 2068 11 0 0 0 0 0 0 6 0 0 0 0 0 0 0 7 26 6 3 0 0 23 104 4 9 10 0 0 27 33 34 -999
P322 2068 12 0 25 3 0 32 18 5 2 5 0 1 0 0 0 32 39 114 59 75 16 3 0 0 0 0 0 4 6 0 0 0
P322 2069 1 0 0 0 0 0 0 0 5 2 365 48 11 3 0 0 0 0 0 0 0 2 21 10 13 29 27 7 5 109 203 60
P322 2069 2 20 1 0 0 55 13 2 3 13 17 1 0 0 2 0 0 0 0 0 0 0 0 0 0 0 0 0 0 -999 -999 -999
P322 2069 3 28 41 7 6 27 0 5 3 10 6 12 0 0 0 0 0 0 0 0 0 0 0 0 0 0 0 0 8 4 4 0
P322 2069 4 0 0 0 0 0 0 0 11 2 2 90 36 25 14 19 26 11 12 6 14 12 0 0 0 0 0 0 22 6 10 -999
P322 2069 5 26 6 5 0 1 20 7 8 10 8 0 0 0 0 0 0 0 0 0 10 0 0 0 0 0 0 0 0 1 0 0
P322 2069 6 0 0 0 0 0 0 0 0 0 0 0 0 0 0 0 0 0 0 0 0 0 0 0 0 0 0 0 0 0 0 -999
P322 2069 7 0 0 0 0 0 0 0 0 0 0 0 0 0 0 0 0 0 0 0 0 0 0 0 0 0 0 0 0 0 0 0
P322 2069 8 0 0 0 0 0 0 0 0 0 0 0 0 0 0 0 0 0 0 0 0 0 0 0 0 0 0 0 0 0 0 0
P322 2069 9 0 0 0 0 0 0 0 0 0 0 0 0 0 0 0 0 0 0 0 12 0 0 0 0 0 0 7 8 26 19 -999
P322 2069 10 23 7 18 12 0 0 0 0 0 0 0 0 0 0 0 0 3 0 0 0 2 3 8 6 1 1 0 0 0 0 5
P322 2069 11 81 19 24 0 0 0 0 16 25 87 152 131 133 125 6 0 0 0 0 0 3 0 0 7 2 2 0 7 58 18 -999
P322 2069 12 3 2 23 143 20 10 4 2 0 0 0 0 2 0 0 0 0 0 0 0 0 10 12 8 0 0 0 10 16 3 7
P322 2070 1 22 15 4 0 3 8 0 5 4 7 0 0 0 0 0 0 2 0 5 6 4 23 82 82 5 10 34 8 2 38 80
P322 2070 2 135 29 112 8 2 3 0 0 0 9 11 11 32 10 36 42 19 0 0 0 8 8 25 10 26 6 69 4 -999 -999 -999
P322 2070 3 11 0 0 3 13 3 4 9 44 66 36 23 10 3 0 0 0 0 5 0 13 32 37 0 82 0 0 0 0 0 0
P322 2070 4 0 3 5 0 3 10 15 18 17 5 2 4 4 3 30 0 3 0 0 0 4 4 15 4 3 2 1 2 1 0 -999
P322 2070 5 1 2 0 0 5 0 0 3 0 0 0 0 5 82 15 3 0 0 0 0 0 0 0 0 0 0 0 0 0 0 0
P322 2070 6 17 0 9 0 15 0 0 0 0 0 0 0 3 0 0 0 0 0 0 0 0 0 0 0 0 0 0 0 0 0 -999
P322 2070 7 0 0 0 0 0 0 0 0 0 0 0 0 0 0 0 0 0 0 0 0 0 0 0 0 0 0 0 0 0 0 0
P322 2070 8 0 0 0 0 0 0 0 0 0 0 0 0 0 0 0 0 0 0 0 0 0 0 0 0 0 0 0 0 0 0 0
P322 2070 9 0 0 0 0 0 0 0 0 0 0 0 0 0 0 0 0 0 0 0 0 0 0 0 0 0 0 0 10 7 24 -999
P322 2070 10 12 0 0 0 0 0 26 23 7 54 102 56 27 16 9 0 3 4 49 84 21 35 5 2 0 0 0 0 0 0 11
P322 2070 11 41 110 5 6 0 0 8 6 13 3 6 15 20 18 0 0 4 0 0 2 2 6 7 0 0 0 0 0 0 0 -999
P322 2070 12 0 0 2 0 0 0 0 0 0 0 0 2 7 3 0 0 0 0 0 0 0 18 0 0 0 0 0 4 1 1 0
P322 2071 1 0 0 0 6 2 1 0 0 3 3 1 0 8 9 330 211 180 116 41 31 12 3 13 18 3 1 0 0 0 0 10
P322 2071 2 7 0 0 0 4 8 4 0 0 0 0 5 1 0 0 0 0 0 0 0 0 1 1 0 0 11 24 0 -999 -999 -999
P322 2071 3 0 0 0 0 0 0 0 0 0 3 5 0 0 0 10 2 0 0 0 0 0 0 0 11 13 12 0 0 0 0 0
P322 2071 4 26 9 0 0 0 0 0 0 0 0 0 8 0 0 0 0 0 0 0 0 29 0 0 0 0 0 0 0 0 0 -999
P322 2071 5 0 0 0 0 0 0 0 0 0 0 0 0 0 20 15 0 0 0 0 0 0 0 0 0 0 0 2 12 0 0 0
P322 2071 6 0 0 0 0 0 0 16 2 0 0 0 0 0 0 0 0 0 0 0 0 0 0 0 0 0 0 0 0 0 0 -999
P322 2071 7 0 0 0 0 0 0 0 0 0 0 0 0 0 0 0 0 0 0 0 0 0 0 0 0 0 0 0 0 0 0 0
P322 2071 8 0 0 0 0 0 0 0 0 0 0 0 0 0 0 0 0 0 0 0 0 0 0 0 0 0 0 0 0 0 0 0
P322 2071 9 0 0 0 0 0 0 0 0 0 0 0 0 0 0 0 0 0 0 0 0 0 0 0 0 0 0 0 0 0 0 -999
P322 2071 10 0 0 0 0 0 0 0 0 4 14 2 1 0 0 0 0 0 0 0 0 0 0 0 0 12 0 0 0 0 0 0
P322 2071 11 5 16 1 0 0 3 15 75 52 5 5 2 0 0 0 0 0 0 0 0 0 0 0 0 0 18 8 0 0 0 -999
P322 2071 12 0 0 0 0 0 6 4 0 0 0 0 0 0 0 0 0 0 0 1 0 0 0 0 0 0 0 0 0 0 0 0
P322 2072 1 0 0 0 0 0 0 2 0 0 2 0 1 0 0 0 0 0 0 0 0 6 53 108 2 0 0 5 16 38 18 1
P322 2072 2 0 0 0 3 6 4 0 2 0 21 8 70 82 84 55 124 296 22 258 123 20 219 111 8 3 0 7 2 -999 -999 -999
P322 2072 3 0 0 0 0 10 2 10 9 1 0 0 4 0 0 0 0 0 15 17 20 0 0 4 3 1 0 0 35 28 0 0
P322 2072 4 0 0 0 6 3 27 18 8 24 2 10 3 2 24 48 25 0 0 13 8 9 7 51 5 0 0 0 0 0 0 -999
P322 2072 5 0 0 0 15 0 0 7 15 38 16 0 0 0 0 0 0 0 5 0 0 0 0 0 0 0 0 0 0 0 2 0
P322 2072 6 3 3 7 4 0 0 0 0 0 0 0 0 0 0 0 0 0 0 0 0 0 0 0 0 0 0 0 0 0 0 -999
P322 2072 7 0 0 0 0 0 0 0 0 0 0 0 0 0 0 0 0 0 0 0 0 0 0 0 0 0 0 0 0 0 0 0
P322 2072 8 0 0 0 0 0 0 0 0 0 0 0 0 0 0 0 0 0 0 0 0 0 0 0 0 0 0 0 0 0 0 0
P322 2072 9 0 14 0 0 0 0 0 0 0 0 0 0 0 0 0 0 0 0 0 0 0 0 0 0 0 0 0 0 0 0 -999
P322 2072 10 0 16 0 0 0 0 0 0 0 0 0 0 0 0 0 4 7 13 4 0 0 0 16 36 11 12 0 0 0 9 9
P322 2072 11 0 0 0 0 16 16 20 42 197 309 57 13 6 1 4 6 1 2 0 0 0 0 21 36 2 8 241 4 1 0 -999
P322 2072 12 0 0 0 0 0 3 4 0 0 0 0 0 0 0 0 0 0 0 0 2 0 0 0 0 0 0 0 0 0 20 9
P322 2073 1 0 0 0 1 2 3 1 0 0 0 0 0 3 0 0 0 0 0 0 0 0 0 0 0 0 0 0 0 0 0 0
P322 2073 2 0 0 0 2 1 0 0 0 3 104 49 15 6 10 9 6 4 0 0 0 0 0 0 0 0 0 0 0 -999 -999 -999
P322 2073 3 0 0 0 0 0 0 0 4 3 3 3 0 0 0 4 5 0 0 9 6 1 0 1 0 0 0 0 1 0 0 0
P322 2073 4 0 0 0 0 0 0 0 0 0 0 0 0 0 8 23 13 8 0 0 0 0 0 0 15 0 0 0 0 0 0 -999
P322 2073 5 32 0 0 0 0 0 0 24 0 0 0 0 0 4 0 3 30 15 27 3 1 0 3 14 2 0 0 0 0 0 0
P322 2073 6 0 0 0 0 0 0 0 0 0 3 11 0 0 0 0 0 0 0 0 0 0 0 0 0 0 0 0 0 0 0 -999
P322 2073 7 0 0 0 0 0 0 0 0 0 0 0 0 0 0 0 0 0 0 0 0 0 0 0 0 0 0 0 0 0 0 0
P322 2073 8 0 0 0 0 0 0 0 0 0 0 0 0 0 0 0 0 0 0 0 0 0 0 0 0 0 0 0 0 0 0 0
P322 2073 9 0 0 0 21 0 3 0 0 0 0 0 0 0 0 0 0 0 0 0 0 0 0 0 0 0 0 0 0 0 0 -999
P322 2073 10 0 0 0 0 0 0 14 14 4 6 22 0 0 0 0 0 0 0 5 3 0 0 0 0 0 0 6 13 0 2 2
P322 2073 11 4 2 0 0 0 0 108 52 34 24 22 21 1 0 0 0 0 0 0 0 0 2 2 8 3 11 17 8 5 11 -999
P322 2073 12 37 55 21 7 3 6 4 0 0 0 0 0 0 0 0 0 0 0 0 2 0 0 0 0 13 2 0 0 0 0 0
P322 2074 1 0 0 0 0 0 0 0 0 0 0 0 0 0 0 0 0 0 11 17 19 12 7 0 0 0 0 2 1 1 1 0
P322 2074 2 0 0 0 0 0 2 3 2 4 4 0 0 0 0 0 0 0 0 0 0 2 1 0 0 4 6 19 0 -999 -999 -999
P322 2074 3 1 22 13 3 4 9 4 0 0 0 0 8 0 4 12 0 0 17 3 6 0 0 0 0 0 0 0 0 0 0 0
P322 2074 4 0 1 0 0 0 0 0 0 0 0 0 0 0 0 0 0 0 0 0 0 0 0 0 0 0 8 7 7 0 0 -999
P322 2074 5 0 5 0 10 0 7 10 9 34 86 52 20 2 2 0 0 0 0 0 10 5 18 0 0 0 0 0 0 0 0 0
P322 2074 6 0 0 0 0 0 0 0 0 0 0 0 0 0 0 0 0 0 0 11 0 0 0 0 0 0 0 0 0 0 0 -999
P322 2074 7 0 10 0 0 0 0 0 0 0 0 0 0 0 0 0 0 0 0 0 0 0 0 0 0 0 0 0 0 0 0 0
P322 2074 8 0 0 0 0 0 0 0 0 0 0 0 0 0 0 0 0 0 0 0 0 0 0 0 0 0 0 0 0 0 0 0
P322 2074 9 0 0 0 0 0 0 0 0 0 0 0 0 0 0 0 0 0 0 0 0 0 0 0 0 0 2 2 2 0 0 -999
P322 2074 10 0 0 9 0 0 0 0 0 9 2 1 0 0 0 0 0 0 0 14 0 0 0 0 0 0 0 0 21 35 0 0
P322 2074 11 0 0 0 0 0 0 0 0 9 61 26 32 0 0 0 24 2 4 4 2 15 0 4 9 60 29 16 5 2 2 -999
P322 2074 12 0 0 30 31 21 20 22 23 0 0 0 3 17 216 229 428 95 9 9 0 12 4 6 8 2 0 95 33 563 21 13
P322 2075 1 97 241 38 14 37 6 3 2 0 3 3 0 4 2 5 0 0 0 0 0 0 0 0 0 0 11 7 0 2 2 2
P322 2075 2 5 0 0 0 11 6 10 4 2 0 5 11 0 6 0 5 4 0 7 9 189 8 8 2 0 0 0 0 -999 -999 -999
P322 2075 3 0 0 8 27 45 46 16 21 29 54 5 8 36 28 1 0 0 5 12 9 10 32 14 19 3 12 38 1 1 6 18
P322 2075 4 3 1 4 0 0 16 0 0 0 0 0 0 0 0 0 0 0 0 0 4 0 0 0 0 0 0 0 3 4 10 -999
P322 2075 5 72 88 28 41 49 89 32 11 2 0 0 22 13 7 2 6 18 10 23 7 2 2 0 0 0 0 0 0 0 0 0
P322 2075 6 0 0 0 0 0 0 0 0 0 0 0 0 0 0 0 0 0 0 0 0 0 0 0 0 0 0 0 0 0 0 -999
P322 2075 7 0 0 0 0 0 0 0 0 0 0 0 0 0 0 0 0 0 0 0 0 0 0 0 0 0 0 0 0 0 0 0
P322 2075 8 0 0 0 0 0 0 0 0 0 0 0 0 0 0 0 0 0 0 0 0 0 0 0 0 0 0 0 0 0 0 0
P322 2075 9 0 0 0 0 0 0 0 0 0 0 0 0 0 0 13 0 0 0 0 0 0 0 0 0 0 0 0 20 10 4 -999
P322 2075 10 0 0 17 3 0 0 0 9 0 0 0 0 0 0 0 12 0 0 39 11 1 0 0 0 0 0 0 10 2 3 16
P322 2075 11 21 0 0 10 3 3 55 27 135 0 0 4 9 4 0 2 12 6 0 0 0 0 0 9 0 10 10 2 1 1 -999
P322 2075 12 0 0 0 3 2 3 20 9 80 1 0 8 4 0 0 0 0 0 0 0 0 0 0 0 0 0 1 0 0 0 2
P322 2076 1 0 0 0 0 0 0 0 0 0 1 0 0 0 0 0 0 0 0 0 0 0 0 0 0 0 0 0 7 0 0 0
P322 2076 2 0 0 0 0 0 0 0 0 5 0 0 0 0 0 0 0 0 0 0 2 0 0 0 0 0 0 0 0 -999 -999 -999
P322 2076 3 0 0 0 0 0 2 2 0 18 123 5 0 0 12 9 27 79 52 0 0 0 0 0 0 0 0 0 0 0 0 0
P322 2076 4 0 0 0 17 0 0 0 0 0 0 0 32 0 0 0 0 0 0 12 29 97 108 92 18 0 0 27 13 3 5 -999
P322 2076 5 8 0 20 6 0 0 0 0 0 0 0 0 0 1 0 0 0 8 3 6 13 10 6 0 0 10 0 48 8 7 3
P322 2076 6 8 26 0 0 0 0 0 0 0 0 0 0 0 0 0 0 0 0 0 0 0 0 0 1 2 0 0 0 0 0 -999
P322 2076 7 0 0 0 0 0 0 0 0 0 0 0 0 0 0 0 0 0 0 0 0 0 0 0 0 0 0 0 0 0 0 0
P322 2076 8 0 0 0 0 0 0 0 0 0 0 0 0 0 0 0 0 0 0 0 0 0 0 0 0 0 0 0 0 0 0 0
P322 2076 9 0 0 0 0 0 0 0 0 0 0 0 0 0 0 0 0 0 0 0 0 0 0 14 0 0 0 24 6 3 2 -999
P322 2076 10 0 0 18 0 0 0 0 0 0 0 37 76 75 143 52 0 0 28 0 0 0 0 0 7 0 0 0 0 0 0 0
P322 2076 11 0 0 0 0 0 0 0 0 21 37 16 9 1 2 2 6 120 36 3 0 0 0 0 10 22 5 0 0 0 0 -999
P322 2076 12 0 0 0 0 0 0 0 0 2 0 0 0 0 0 0 0 4 0 0 0 0 0 0 0 0 0 0 0 0 5 0
P322 2077 1 0 0 0 0 0 0 0 0 0 0 0 0 2 5 9 0 0 0 0 2 19 26 60 23 2 0 9 7 0 0 0
P322 2077 2 0 0 0 6 28 38 2 0 0 1 11 18 23 30 9 7 13 0 0 0 0 0 0 0 0 0 0 0 -999 -999 -999
P322 2077 3 15 21 11 0 0 4 0 10 9 15 5 0 13 2 0 29 22 41 41 8 0 0 0 0 0 1 2 2 0 0 0
P322 2077 4 0 0 0 0 0 0 9 7 2 0 0 0 0 0 0 0 0 0 0 0 0 0 0 0 0 0 0 0 0 0 -999
P322 2077 5 0 0 0 0 0 24 4 4 1 1 0 0 0 0 0 0 0 0 6 7 0 0 22 11 17 45 15 0 0 0 0
P322 2077 6 0 0 0 0 0 0 0 0 0 0 5 9 8 8 0 0 0 0 0 0 0 0 0 0 0 0 0 0 0 0 -999
P322 2077 7 0 0 0 0 0 0 0 0 0 0 0 0 0 0 0 0 0 0 0 0 0 0 0 0 0 0 0 0 0 0 0
P322 2077 8 0 0 0 0 0 0 0 0 0 0 0 0 0 0 0 0 0 0 0 0 0 0 0 0 0 0 0 0 0 0 0
P322 2077 9 0 0 0 0 0 0 0 0 0 0 0 0 0 0 0 0 0 0 0 0 0 8 13 0 0 0 26 24 0 0 -999
P322 2077 10 0 0 0 0 0 0 0 0 0 0 0 0 0 11 7 0 0 11 0 0 0 22 3 2 0 0 0 2 0 0 0
P322 2077 11 0 0 84 145 419 34 183 94 18 21 6 24 182 168 39 31 20 50 0 0 15 38 23 20 28 54 70 19 7 2 -999
P322 2077 12 0 0 0 0 2 0 0 6 6 18 67 3 8 10 13 9 30 63 382 23 17 3 4 89 92 104 50 13 5 3 2
P322 2078 1 0 28 3 3 2 5 5 67 0 30 0 0 0 0 0 0 0 0 0 0 0 0 17 1 0 0 0 0 0 0 0
P322 2078 2 6 18 2 0 5 21 11 2 0 0 4 8 3 2 0 0 1 8 0 0 0 0 2 2 0 0 0 3 -999 -999 -999
P322 2078 3 3 5 4 0 0 5 4 2 0 12 32 8 5 23 4 0 0 24 0 0 0 0 0 0 0 0 6 0 0 5 4
P322 2078 4 12 15 10 8 11 29 3 1 5 0 0 0 13 13 3 2 60 30 5 1 0 0 0 0 0 0 1 14 42 3 -999
P322 2078 5 6 2 0 14 2 15 4 0 0 5 43 29 19 3 17 9 2 4 0 0 0 0 0 0 0 0 0 0 0 0 0
P322 2078 6 0 0 0 0 0 0 0 0 0 0 0 0 0 0 0 0 0 0 0 0 0 0 0 0 0 0 0 0 0 0 -999
P322 2078 7 0 0 0 0 0 0 0 0 0 0 0 0 0 0 0 0 0 0 0 0 0 0 0 0 0 0 0 0 0 0 0
P322 2078 8 0 0 0 0 0 0 0 0 0 0 0 0 0 0 0 0 0 0 0 0 0 0 0 0 0 0 0 0 0 4 0
P322 2078 9 0 0 35 35 0 0 0 0 0 0 0 0 0 0 0 0 0 0 0 0 0 0 0 0 0 0 0 0 0 0 -999
P322 2078 10 0 0 0 0 0 0 0 0 0 0 0 0 0 0 0 10 0 0 0 0 0 0 8 13 5 0 0 0 0 0 0
P322 2078 11 16 31 55 31 2 0 0 0 0 0 0 0 0 0 0 0 0 0 0 0 0 0 0 5 3 4 0 8 13 1 -999
P322 2078 12 0 0 0 0 0 0 0 0 0 0 0 0 0 0 1 2 0 0 0 0 0 0 0 2 5 8 15 43 3 4 81
P322 2079 1 3 0 0 0 6 7 1 1 0 0 0 0 0 0 0 0 0 0 0 0 0 0 0 0 0 3 17 11 0 0 0
P322 2079 2 0 9 0 0 42 5 1 3 6 2 10 20 12 10 1 0 1 3 29 77 62 7 118 173 134 169 111 4 -999 -999 -999
P322 2079 3 2 99 1 0 0 0 5 15 10 5 20 53 2 0 0 0 0 0 2 7 129 12 6 3 3 10 3 6 7 7 9
P322 2079 4 134 23 10 2 0 8 91 16 2 0 0 0 0 0 0 0 0 0 0 0 0 0 0 0 0 0 2 0 0 11 -999
P322 2079 5 16 27 2 0 0 2 8 8 0 0 3 4 4 0 5 9 2 0 0 0 0 0 0 0 0 0 0 0 0 0 0
P322 2079 6 0 0 0 0 0 0 0 0 0 0 0 0 0 0 0 0 0 0 0 0 0 0 0 0 0 0 0 0 0 0 -999
P322 2079 7 0 0 0 0 0 0 0 0 0 0 0 0 0 0 0 0 0 0 0 0 0 0 0 0 0 0 0 0 0 0 0
P322 2079 8 0 0 0 0 0 0 0 0 0 0 0 0 0 0 0 0 0 0 0 0 0 0 0 0 0 0 0 0 0 0 0
P322 2079 9 0 0 0 0 0 0 0 0 0 0 3 0 0 0 0 0 9 0 0 0 0 0 0 0 0 0 0 0 0 0 -999
P322 2079 10 0 0 0 0 0 0 0 0 0 0 0 0 0 0 0 6 6 20 49 12 11 15 4 0 0 0 0 0 0 0 0
P322 2079 11 0 3 4 0 4 0 0 0 0 0 0 0 0 0 0 0 0 0 0 0 5 4 10 0 12 50 4 2 6 70 -999
P322 2079 12 2 0 0 0 12 3 11 8 4 4 5 0 0 0 3 23 149 20 25 2 12 4 0 0 0 0 0 0 0 0 0
P322 2080 1 0 0 3 3 2 0 2 2 2 0 0 0 0 0 0 0 0 0 1 1 3 1 14 10 4 2 0 0 0 0 0
P322 2080 2 0 0 0 0 0 0 0 0 0 0 12 32 23 1 0 0 0 0 0 0 1 3 2 1 0 0 0 0 -999 -999 -999
P322 2080 3 0 0 0 0 0 0 0 6 8 0 0 0 0 0 0 0 0 0 0 0 0 0 0 0 0 0 0 0 1 4 12
P322 2080 4 28 0 4 6 9 89 17 56 32 1 2 1 2 2 2 59 21 5 12 2 0 0 0 7 26 0 0 0 0 0 -999
P322 2080 5 64 90 6 0 0 0 0 0 0 0 0 0 0 0 0 0 4 0 0 0 0 0 0 0 0 0 0 3 5 0 0
P322 2080 6 0 0 0 0 0 0 0 0 0 0 0 0 0 0 0 0 0 0 0 0 0 0 0 0 0 0 0 0 0 0 -999
P322 2080 7 0 0 0 0 0 0 0 0 0 0 0 0 0 0 0 0 0 0 0 0 0 0 0 0 0 0 0 0 0 0 0
P322 2080 8 0 0 0 0 0 0 0 0 0 0 0 0 0 0 0 0 0 0 0 0 0 0 0 5 19 6 0 0 0 0 0
P322 2080 9 0 0 0 0 0 0 0 0 0 0 0 0 9 4 0 0 0 0 0 0 0 0 0 26 32 9 3 0 0 0 -999
P322 2080 10 0 0 0 0 0 0 0 0 0 0 0 4 11 0 0 0 0 0 0 0 0 9 0 31 24 20 2 0 0 0 0
P322 2080 11 0 0 0 9 14 0 0 0 0 9 0 1 0 0 0 2 5 0 0 0 0 0 0 0 0 0 0 10 0 0 -999
P322 2080 12 0 0 0 0 0 0 0 0 0 9 31 6 3 2 2 0 0 0 0 0 0 5 20 53 61 67 10 6 0 0 0
P322 2081 1 0 0 0 0 0 0 0 0 0 0 0 0 0 0 0 0 0 2 7 141 213 145 2 0 17 16 10 0 0 0 0
P322 2081 2 6 9 103 11 11 2 0 0 0 0 0 0 0 0 0 0 0 9 0 14 21 14 3 3 2 0 0 0 -999 -999 -999
P322 2081 3 0 0 0 0 0 0 0 0 0 0 0 6 7 44 48 56 220 8 14 4 8 34 189 5 59 45 142 53 4 13 97
P322 2081 4 7 2 1 9 7 0 0 0 0 0 0 0 0 0 0 0 0 0 0 0 0 0 0 0 0 0 0 4 5 0 -999
P322 2081 5 0 0 0 0 0 0 9 4 1 1 0 0 0 0 0 0 0 0 0 0 0 0 3 0 2 0 0 10 7 4 0
P322 2081 6 0 0 0 0 0 0 36 0 3 19 8 3 0 0 0 0 0 0 0 0 0 0 0 0 0 0 0 0 0 0 -999
P322 2081 7 0 0 0 0 0 0 0 0 0 0 0 0 0 0 0 0 0 0 0 0 0 0 0 0 0 0 0 0 0 0 0
P322 2081 8 0 0 0 0 0 0 0 0 0 0 0 0 0 0 0 0 0 0 0 0 0 0 0 0 0 0 0 0 0 0 0
P322 2081 9 0 0 0 0 0 0 0 0 0 0 0 0 0 0 0 0 0 0 0 0 0 0 0 0 0 0 0 0 0 0 -999
P322 2081 10 0 0 24 0 0 0 0 0 19 25 176 23 11 6 8 16 142 102 31 69 42 0 0 0 0 0 0 0 0 0 0
P322 2081 11 0 0 41 112 7 3 0 0 0 45 71 0 0 24 21 13 6 4 11 145 61 9 8 5 0 0 0 0 13 4 -999
P322 2081 12 4 3 5 10 18 3 5 40 3 0 22 14 5 0 0 0 0 0 0 12 64 13 74 0 2 4 5 125 9 0 0
P322 2082 1 0 0 0 0 0 0 2 3 1 0 0 0 0 0 12 17 0 0 0 0 0 0 0 0 0 11 61 18 39 5 0
P322 2082 2 0 0 0 0 2 1 0 0 0 0 0 2 0 0 0 0 0 0 0 0 0 0 0 0 0 0 0 0 -999 -999 -999
P322 2082 3 0 0 0 0 0 0 0 0 23 7 3 0 0 0 2 1 4 9 10 53 0 26 5 9 0 0 0 1 1 1 5
P322 2082 4 11 26 111 55 4 12 61 25 116 44 6 114 33 0 0 17 14 16 29 19 3 9 0 0 14 5 0 7 3 0 -999
P322 2082 5 0 0 0 0 0 0 0 0 0 0 0 0 0 0 0 0 0 18 1 0 0 0 0 0 0 0 0 0 0 0 0
P322 2082 6 0 0 6 13 0 3 4 6 8 5 6 0 0 0 0 0 0 10 10 0 0 0 0 0 0 0 0 0 0 0 -999
P322 2082 7 0 0 0 0 0 0 0 0 0 0 0 0 0 0 0 0 0 0 0 0 0 0 0 0 0 0 0 0 0 0 0
P322 2082 8 0 0 0 0 0 0 0 0 0 0 0 0 0 0 0 0 0 0 0 0 0 0 0 0 0 0 0 0 0 0 0
P322 2082 9 0 0 0 0 0 0 0 0 0 0 0 0 0 0 0 0 0 0 0 0 5 5 0 0 0 5 0 0 0 0 -999
P322 2082 10 0 0 0 0 0 16 0 0 0 0 0 0 23 11 0 0 0 0 9 35 20 5 6 2 2 8 0 0 0 0 0
P322 2082 11 0 0 0 22 16 28 6 0 0 0 0 3 0 17 12 37 6 1 0 5 6 8 4 2 2 2 2 0 5 14 -999
P322 2082 12 1 0 2 1 0 0 0 0 0 0 2 0 0 0 0 1 1 2 2 0 0 0 0 0 0 0 0 0 0 0 0
P322 2083 1 0 0 0 0 0 0 0 8 3 2 0 0 0 26 62 41 43 11 4 97 47 110 108 6 4 16 14 2 15 21 4
P322 2083 2 6 5 9 0 0 0 0 3 10 5 25 13 34 15 3 0 36 58 19 6 5 12 3 10 0 30 22 7 -999 -999 -999
P322 2083 3 38 0 0 0 0 0 0 0 0 0 5 0 0 4 8 0 0 0 0 0 0 0 0 0 0 0 0 0 12 2 3
P322 2083 4 4 6 5 5 0 0 0 0 0 10 5 0 4 6 0 11 0 0 3 8 13 19 2 0 0 0 0 7 7 0 -999
P322 2083 5 0 14 12 0 0 0 0 0 8 17 0 0 0 0 0 0 0 0 0 0 0 0 0 0 0 0 0 0 0 0 0
P322 2083 6 0 0 0 0 0 0 0 0 0 0 0 0 0 0 0 0 0 0 0 0 0 0 0 0 0 0 0 0 0 0 -999
P322 2083 7 0 0 0 0 0 0 0 0 0 0 0 0 0 0 0 0 0 0 0 0 0 0 0 0 0 0 0 0 0 0 0
P322 2083 8 0 0 0 0 0 0 0 0 0 0 0 0 0 0 0 0 0 0 0 0 0 0 0 0 0 0 0 0 0 0 0
P322 2083 9 0 0 0 0 0 0 0 0 0 0 0 0 0 0 0 0 0 0 0 0 12 0 0 0 0 0 0 0 0 30 -999
P322 2083 10 39 29 7 0 0 0 0 0 0 0 0 0 0 0 0 0 0 0 0 0 0 0 0 0 0 0 0 0 0 0 0
P322 2083 11 0 0 36 0 0 0 8 3 21 1 0 0 12 14 1 0 23 18 11 5 0 0 16 26 0 0 0 0 0 0 -999
P322 2083 12 0 0 0 0 0 0 3 2 6 26 14 20 29 20 4 15 26 3 0 0 0 17 0 0 0 0 0 0 0 0 0
P322 2084 1 0 2 0 0 0 0 0 4 0 0 0 0 0 0 0 0 0 32 87 13 5 7 47 1 0 0 0 0 0 0 0
P322 2084 2 0 0 6 6 3 0 0 0 0 0 4 20 18 5 0 0 0 0 17 4 3 0 113 31 4 8 10 1 -999 -999 -999
P322 2084 3 3 55 11 6 15 37 63 45 20 21 9 15 14 26 6 258 236 59 2 16 20 3 16 47 13 5 11 7 0 5 27
P322 2084 4 43 32 111 62 82 6 11 4 6 2 19 21 0 0 7 0 0 0 23 0 0 0 0 0 0 0 0 0 0 0 -999
P322 2084 5 0 0 8 0 0 0 0 0 0 0 0 0 0 0 0 0 0 0 0 0 0 8 0 0 0 0 0 0 0 0 0
P322 2084 6 0 0 0 0 0 0 0 0 0 0 0 17 0 0 3 2 0 0 0 0 0 0 0 0 0 0 0 0 0 0 -999
P322 2084 7 0 0 0 0 0 0 0 0 0 0 0 0 0 0 0 0 0 0 0 0 0 0 0 0 0 0 0 0 0 0 0
P322 2084 8 0 0 0 0 0 0 0 0 0 0 0 0 0 0 0 0 0 0 0 0 0 0 0 0 0 0 0 0 0 0 0
P322 2084 9 0 0 0 0 0 0 0 0 0 0 0 0 0 0 0 0 0 0 0 0 0 0 0 3 6 10 4 0 0 0 -999
P322 2084 10 14 20 9 0 0 0 0 0 0 0 0 0 0 0 0 17 6 0 0 0 0 0 0 0 3 0 0 0 0 0 0
P322 2084 11 0 0 0 3 19 32 23 3 66 148 68 114 52 44 2 0 0 0 0 0 0 0 0 0 2 1 9 4 0 0 -999
P322 2084 12 0 0 0 12 9 0 0 0 0 0 0 0 0 0 0 0 0 0 0 0 0 0 0 0 0 3 3 2 0 0 0
P322 2085 1 0 0 0 0 0 0 0 0 0 0 0 0 0 2 7 0 0 0 0 0 0 0 0 0 0 0 16 23 0 0 0
P322 2085 2 0 0 0 2 0 0 0 0 0 0 0 0 0 0 13 35 24 2 0 0 0 0 0 0 0 0 1 0 -999 -999 -999
P322 2085 3 0 0 0 14 14 1 0 0 0 22 8 24 27 0 0 0 0 4 3 2 94 23 21 2 0 0 8 0 13 24 10
P322 2085 4 38 15 53 5 3 0 0 0 0 0 0 0 0 0 163 1 0 0 2 3 0 0 0 0 0 0 3 4 12 5 -999
P322 2085 5 2 3 2 6 4 0 0 0 2 11 12 6 3 1 1 0 1 0 4 22 14 10 0 0 0 0 0 0 0 0 0
P322 2085 6 0 0 0 0 0 0 0 0 0 0 0 0 0 0 0 0 0 0 0 0 0 0 0 0 0 13 0 0 0 0 -999
P322 2085 7 0 0 0 0 0 0 0 0 0 0 0 0 0 0 0 0 0 0 0 0 0 0 0 0 0 0 0 0 0 0 0
P322 2085 8 0 0 0 0 0 0 0 0 0 0 0 0 0 0 0 0 0 0 0 0 0 0 0 0 0 0 0 0 0 0 0
P322 2085 9 0 0 0 0 0 0 0 0 0 0 0 0 0 0 0 0 0 0 0 0 5 12 0 0 2 0 0 0 0 0 -999
P322 2085 10 0 0 0 0 13 0 0 0 44 14 0 0 0 0 0 0 24 49 0 0 0 0 0 0 0 0 0 0 0 0 0
P322 2085 11 0 7 13 106 10 2 0 0 0 0 0 0 0 0 0 0 0 13 59 24 36 194 46 209 78 6 54 0 0 0 -999
P322 2085 12 4 11 16 7 3 4 0 0 0 14 16 19 11 14 8 0 0 0 0 0 0 11 106 149 137 7 2 3 1 0 13
P322 2086 1 70 212 49 20 1 0 0 0 0 0 0 0 2 0 0 3 0 0 0 0 0 0 0 0 0 0 0 0 0 0 0
P322 2086 2 0 0 0 0 0 0 0 0 0 0 0 0 7 4 1 1 2 4 2 6 10 4 0 0 0 1 2 4 -999 -999 -999
P322 2086 3 0 0 0 0 0 0 0 0 0 0 0 3 1 0 0 0 0 0 0 0 0 7 6 0 0 0 0 0 3 12 17
P322 2086 4 10 84 17 0 0 0 17 17 2 2 1 2 1 35 140 160 102 49 79 20 13 14 98 29 0 0 24 14 0 0 -999
P322 2086 5 0 5 9 0 0 0 0 0 0 0 0 10 11 0 0 0 0 3 17 3 2 3 0 0 4 0 0 0 0 0 0
P322 2086 6 0 0 0 0 0 0 0 0 0 0 0 0 0 0 0 0 0 0 0 0 0 0 0 0 0 0 0 0 0 0 -999
P322 2086 7 0 0 0 0 0 0 0 0 0 0 0 0 0 0 0 0 0 0 0 0 0 0 0 0 0 0 0 0 0 0 0
P322 2086 8 0 0 0 0 0 0 0 0 0 0 0 0 0 0 0 0 0 0 0 0 0 0 0 0 0 0 0 0 0 0 0
P322 2086 9 0 0 0 0 0 16 36 0 0 0 0 0 0 0 0 0 0 0 0 0 0 0 0 0 0 0 0 0 0 0 -999
P322 2086 10 0 11 16 0 0 0 0 0 0 0 0 10 0 0 4 4 4 20 16 0 0 0 0 24 5 8 5 0 0 0 0
P322 2086 11 0 35 0 0 0 0 0 6 0 0 0 0 0 0 49 47 15 69 20 9 0 0 0 0 0 0 0 0 10 8 -999
P322 2086 12 5 4 23 26 32 3 17 0 0 0 0 0 0 0 0 0 0 0 2 2 0 0 0 0 0 0 0 8 6 5 6
P322 2087 1 3 13 13 6 29 11 0 0 0 0 0 0 0 5 111 19 4 0 2 0 0 0 0 0 0 0 0 4 0 2 0
P322 2087 2 0 0 0 8 0 0 0 0 0 0 0 0 0 4 0 0 0 0 0 0 0 0 0 0 0 0 0 0 -999 -999 -999
P322 2087 3 0 0 0 5 0 5 4 0 0 0 0 0 0 4 16 2 3 3 45 4 0 0 0 0 4 49 91 10 1 0 0
P322 2087 4 0 0 12 0 0 0 0 0 0 0 0 0 8 0 0 0 0 0 1 6 0 37 0 0 0 0 0 0 0 0 -999
P322 2087 5 0 0 0 0 0 0 24 68 92 26 5 0 0 0 0 0 0 0 0 0 0 0 0 0 0 0 0 0 0 0 0
P322 2087 6 0 0 0 7 0 0 0 0 0 0 0 0 0 0 0 0 0 0 0 0 0 0 0 0 0 0 0 0 0 0 -999
P322 2087 7 0 0 0 0 0 0 0 0 0 0 0 0 0 0 0 0 0 0 0 0 0 0 0 0 0 0 0 0 0 0 0
P322 2087 8 0 0 0 0 0 0 0 0 0 0 0 0 0 0 0 0 0 0 0 0 0 0 0 0 0 0 0 0 0 0 0
P322 2087 9 0 0 0 0 0 0 0 0 0 0 0 0 0 0 0 0 0 0 7 4 34 0 0 0 0 0 0 6 10 0 -999
P322 2087 10 0 0 0 17 0 0 0 0 0 24 0 0 0 0 0 0 0 0 0 0 0 41 17 0 2 7 0 0 0 0 0
P322 2087 11 0 0 0 17 6 0 7 2 0 2 0 0 10 0 0 12 6 0 0 0 0 0 0 0 0 0 0 0 26 48 -999
P322 2087 12 59 172 9 16 0 0 27 9 0 0 0 14 13 8 4 8 15 61 137 12 83 6 0 0 0 0 0 0 0 0 0
P322 2088 1 0 0 0 0 0 0 20 58 401 13 9 13 34 72 4 40 7 9 8 1 0 0 2 14 36 28 159 35 126 36 2
P322 2088 2 0 0 0 0 3 1 0 0 0 0 0 0 0 0 0 14 32 61 39 4 0 3 0 0 0 0 0 0 -999 -999 -999
P322 2088 3 0 0 0 18 14 1 3 2 2 1 4 3 4 3 27 58 10 4 7 2 0 0 0 0 5 0 0 0 0 0 0
P322 2088 4 19 0 0 0 0 0 0 0 0 5 0 0 0 0 0 14 0 0 0 0 0 0 0 0 0 0 0 0 0 0 -999
P322 2088 5 0 0 0 0 0 0 3 0 0 0 30 26 33 0 3 5 0 0 11 0 0 0 0 0 0 0 0 0 0 0 0
P322 2088 6 0 0 0 0 0 0 0 0 0 0 0 0 0 0 0 0 0 0 0 0 0 0 0 0 0 0 0 0 0 0 -999
P322 2088 7 0 0 0 0 0 0 0 0 0 0 0 0 0 0 0 0 0 0 0 0 0 0 0 0 0 0 0 0 0 0 0
P322 2088 8 0 0 0 0 0 0 0 0 0 0 0 0 0 0 0 0 0 0 0 0 0 0 0 0 0 0 0 0 0 0 0
P322 2088 9 0 0 0 0 0 0 0 0 0 0 22 0 0 0 0 0 0 0 0 0 0 0 0 0 0 0 0 0 0 0 -999
P322 2088 10 0 0 0 0 0 0 0 0 0 0 5 0 3 1 0 0 0 0 0 0 0 0 0 0 0 0 0 0 0 0 0
P322 2088 11 0 0 128 218 23 365 67 2 19 17 2 0 0 0 0 0 0 0 0 0 0 20 26 15 13 11 20 1 0 0 -999
P322 2088 12 61 26 22 36 109 41 1 0 0 0 0 0 0 0 0 0 0 0 0 0 0 0 0 0 2 2 2 0 0 0 0
P322 2089 1 0 0 0 0 0 0 8 0 0 0 1 0 0 0 0 0 0 0 35 63 8 28 38 5 4 8 0 0 0 2 11
P322 2089 2 35 0 0 10 43 2 0 0 11 25 34 26 4 11 31 47 29 52 25 26 4 0 0 0 0 0 5 30 -999 -999 -999
P322 2089 3 7 2 0 0 0 0 0 0 0 0 0 0 0 0 0 0 1 2 0 0 0 0 0 0 0 0 0 6 1 0 0
P322 2089 4 0 0 0 0 5 0 5 20 47 11 2 0 0 0 4 27 31 5 27 35 5 0 0 0 0 0 3 12 0 0 -999
P322 2089 5 3 4 1 0 0 0 0 3 0 0 0 0 0 0 0 0 0 0 0 0 0 0 0 0 0 0 0 0 0 0 0
P322 2089 6 0 4 0 0 0 0 0 0 0 0 6 0 0 0 0 0 0 0 0 0 0 0 0 0 0 0 0 0 0 0 -999
P322 2089 7 0 0 0 0 0 0 0 0 0 0 0 0 0 0 0 0 0 0 0 0 0 0 0 0 0 0 0 0 0 0 0
P322 2089 8 0 0 0 0 0 0 0 0 0 0 0 0 0 0 0 0 0 0 0 0 0 0 0 0 0 0 0 0 0 0 0
P322 2089 9 0 0 0 0 0 0 0 0 0 0 0 0 0 0 0 0 0 0 0 0 0 0 0 0 0 0 0 0 0 0 -999
P322 2089 10 0 0 0 0 0 0 0 0 0 0 0 5 12 0 2 3 0 0 0 0 0 0 0 0 0 0 0 0 0 0 0
P322 2089 11 0 0 0 0 0 0 3 0 0 0 0 0 0 0 14 31 10 21 29 11 47 79 79 4 0 0 0 0 5 3 -999
P322 2089 12 12 7 0 0 0 0 0 0 0 0 0 0 0 0 0 0 0 0 3 35 5 5 1 0 0 0 0 0 0 29 3
P322 2090 1 0 0 0 0 0 0 8 1 1 10 2 1 0 0 0 0 0 0 0 0 3 9 13 2 1 0 0 0 0 0 0
P322 2090 2 0 35 42 0 18 14 16 8 21 12 20 16 11 11 15 43 45 8 4 6 71 4 0 2 2 13 27 33 -999 -999 -999
P322 2090 3 1 0 0 0 0 4 83 110 6 5 6 135 67 0 0 5 0 0 0 0 0 1 1 1 4 5 0 0 0 0 4
P322 2090 4 5 67 23 46 24 1 0 0 0 0 0 9 5 0 0 0 22 0 0 0 0 18 13 2 0 0 0 3 4 4 -999
P322 2090 5 7 0 0 0 0 0 0 3 0 0 0 0 0 0 15 20 13 5 2 0 3 4 2 0 0 0 0 0 9 21 0
P322 2090 6 0 0 0 16 26 36 7 3 3 4 3 0 0 0 0 0 0 0 0 0 0 0 0 0 6 2 0 0 0 0 -999
P322 2090 7 0 0 0 0 0 0 0 0 0 0 0 0 0 0 0 0 0 0 0 0 0 0 0 0 0 0 0 0 0 0 0
P322 2090 8 0 0 0 0 0 0 0 0 0 0 0 0 0 0 0 0 0 0 0 0 0 0 0 0 0 0 0 0 0 0 0
P322 2090 9 0 0 0 0 0 0 3 3 3 0 0 0 0 0 0 0 0 0 0 0 0 0 0 0 0 0 0 15 0 0 -999
P322 2090 10 0 0 0 0 0 14 0 11 15 4 0 0 0 0 0 0 0 21 0 0 0 0 0 0 0 0 0 0 0 0 0
P322 2090 11 8 0 0 0 0 0 0 0 0 0 0 0 6 0 0 0 0 14 0 0 0 0 0 0 0 0 0 40 181 198 -999
P322 2090 12 138 10 2 9 4 1 0 0 15 43 7 10 2 2 1 0 0 0 0 0 3 11 2 16 0 0 0 0 14 3 0
P322 2091 1 0 0 0 0 0 0 0 0 0 0 0 0 0 0 0 0 0 0 1 1 1 2 6 6 3 95 77 219 3 1 0
P322 2091 2 4 16 19 16 29 37 23 4 5 2 0 0 4 8 2 1 0 0 0 0 0 8 16 11 10 13 2 0 -999 -999 -999
P322 2091 3 0 0 0 8 0 0 0 0 2 0 0 0 0 0 0 0 0 0 2 0 0 0 0 0 0 0 0 37 0 0 0
P322 2091 4 0 0 0 0 0 0 0 0 0 0 0 0 0 0 0 0 0 0 0 7 0 0 0 30 14 7 1 2 10 0 -999
P322 2091 5 0 0 0 0 26 20 5 14 0 0 3 4 33 41 17 8 30 13 0 0 0 0 0 0 0 0 0 0 0 0 0
P322 2091 6 0 0 0 0 0 0 0 0 0 0 0 0 0 0 2 0 7 0 0 0 0 0 0 0 0 0 0 4 0 0 -999
P322 2091 7 0 0 0 0 0 0 0 0 0 0 0 0 0 0 0 0 0 0 0 0 0 0 0 0 0 0 0 0 0 0 0
P322 2091 8 0 0 0 0 0 0 0 0 0 0 0 0 0 0 0 0 0 0 0 0 0 0 0 0 0 0 0 0 0 0 0
P322 2091 9 0 0 0 0 0 0 0 0 0 0 0 0 0 0 0 0 6 15 17 27 0 0 0 0 11 41 0 0 0 0 -999
P322 2091 10 0 0 0 0 0 0 0 0 26 13 0 0 0 0 0 0 0 0 0 0 0 0 18 0 0 0 0 0 35 3 12
P322 2091 11 18 47 64 29 17 30 195 160 43 5 46 112 83 4 0 0 3 11 1 1 2 0 0 0 0 0 0 0 0 0 -999
P322 2091 12 0 0 0 0 0 0 0 0 0 0 0 23 88 181 12 19 0 4 9 18 11 0 0 0 0 0 0 0 0 0 0
P322 2092 1 0 0 0 0 16 21 13 10 0 0 1 7 119 23 0 0 0 0 0 0 0 0 0 2 2 2 2 0 0 0 0
P322 2092 2 0 0 0 3 15 74 13 3 2 2 0 0 0 0 0 0 0 0 6 2 2 4 2 0 0 0 0 0 -999 -999 -999
P322 2092 3 0 0 0 0 0 0 0 0 0 0 0 0 0 0 12 11 5 24 7 5 3 0 0 0 0 0 0 0 0 0 0
P322 2092 4 0 0 0 0 0 0 2 5 6 0 0 0 0 0 0 2 6 0 0 28 45 0 0 0 0 31 0 0 0 0 -999
P322 2092 5 0 0 0 5 0 0 0 0 0 0 6 0 0 0 0 0 0 3 0 0 0 0 0 0 0 0 0 0 0 0 0
P322 2092 6 0 17 0 0 0 0 0 52 0 0 0 0 0 0 0 0 0 0 0 0 0 0 0 0 0 0 0 0 0 0 -999
P322 2092 7 0 0 0 0 0 7 0 0 0 0 0 0 0 0 0 0 0 0 0 0 0 0 0 0 0 0 0 0 0 0 0
P322 2092 8 0 0 0 0 0 0 0 0 0 0 0 0 0 0 0 0 0 0 0 0 0 0 0 0 0 0 0 0 0 17 5
P322 2092 9 0 0 0 0 0 0 0 0 0 0 0 0 0 0 0 0 0 0 0 0 0 0 0 0 0 0 0 0 0 0 -999
P322 2092 10 20 12 3 0 0 0 0 0 0 0 0 0 0 0 0 0 0 0 0 0 0 0 0 0 0 0 0 0 0 0 0
P322 2092 11 0 0 0 0 0 0 43 70 25 0 0 0 3 6 0 0 0 17 3 0 0 0 0 0 0 0 0 0 0 0 -999
P322 2092 12 0 0 0 1 4 13 36 41 2 0 0 0 0 0 0 0 0 0 0 0 0 0 0 0 0 5 13 5 0 0 0
P322 2093 1 0 0 0 0 7 4 20 42 64 7 3 0 6 4 2 2 0 0 0 0 0 0 0 4 7 0 0 0 0 2 2
P322 2093 2 0 0 0 0 0 3 1 22 37 178 27 4 4 34 21 29 31 40 152 127 71 14 0 1 0 4 10 7 -999 -999 -999
P322 2093 3 0 0 2 2 1 0 0 11 12 117 48 37 29 19 314 3 2 5 16 39 26 3 15 6 0 0 0 0 38 19 0
P322 2093 4 0 0 0 0 0 0 0 0 0 0 0 9 9 0 0 0 0 0 0 0 0 0 61 0 0 0 0 0 5 2 -999
P322 2093 5 0 0 0 5 7 8 5 7 7 10 4 0 0 0 0 0 0 0 0 0 0 0 0 0 0 0 0 0 0 0 0
P322 2093 6 0 0 0 0 0 0 0 0 0 0 0 9 11 8 6 0 0 0 0 0 0 0 0 0 0 0 0 0 0 0 -999
P322 2093 7 0 0 0 0 0 0 0 0 0 0 0 0 0 0 0 0 0 0 0 0 0 0 0 0 0 0 0 0 0 0 0
P322 2093 8 0 0 0 0 0 0 0 0 0 0 0 0 0 0 0 0 0 0 0 0 0 0 0 0 0 0 6 7 0 0 0
P322 2093 9 0 0 0 0 0 0 0 0 0 0 0 5 14 4 0 0 0 0 0 0 0 0 0 0 0 0 0 0 0 0 -999
P322 2093 10 0 0 0 0 0 0 0 0 0 0 0 0 0 0 0 0 0 0 0 0 0 0 4 0 0 0 0 0 0 0 0
P322 2093 11 1 1 0 17 10 3 0 4 30 36 63 9 22 0 0 0 0 6 11 0 0 0 0 19 2 3 0 0 0 0 -999
P322 2093 12 0 14 31 27 0 0 0 0 0 0 0 0 1 0 0 0 0 0 0 0 0 0 0 0 0 0 0 11 60 27 2
P322 2094 1 0 0 0 4 16 41 20 10 0 0 0 0 0 0 0 0 0 1 1 1 2 0 0 0 0 0 0 0 0 0 0
P322 2094 2 0 0 0 0 3 0 5 0 0 0 0 0 0 2 5 0 0 0 0 0 0 0 0 8 10 0 37 36 -999 -999 -999
P322 2094 3 11 3 4 3 11 167 21 24 24 16 5 0 6 3 0 0 0 0 0 0 0 0 0 0 0 0 0 0 0 0 0
P322 2094 4 0 2 10 33 10 3 0 0 0 0 0 13 19 1 6 13 2 0 0 0 0 0 0 3 24 4 1 0 0 0 -999
P322 2094 5 0 0 0 0 0 0 0 0 0 2 0 0 0 0 0 0 0 0 0 0 0 0 0 0 0 0 0 0 0 0 0
P322 2094 6 0 0 0 0 0 0 6 3 2 0 0 0 0 0 0 0 0 0 0 0 0 0 0 0 0 0 0 0 0 0 -999
P322 2094 7 0 0 0 0 0 0 0 0 0 0 0 0 0 0 0 0 0 0 0 0 0 0 0 0 0 0 0 0 0 0 0
P322 2094 8 0 0 0 0 0 0 0 0 0 0 0 0 0 0 0 0 0 0 0 0 0 0 0 0 0 0 0 0 0 0 0
P322 2094 9 0 0 0 0 0 0 0 0 0 0 0 0 0 0 0 0 0 0 0 0 21 35 6 0 0 0 0 0 32 35 -999
P322 2094 10 6 28 53 33 18 0 0 0 0 0 0 0 0 0 0 0 0 0 0 8 12 0 0 0 0 26 2 11 6 2 2
P322 2094 11 0 0 0 0 0 0 18 2 0 0 0 3 5 0 0 0 0 0 0 0 0 0 0 0 0 12 20 5 0 0 -999
P322 2094 12 0 0 0 4 8 41 11 10 8 11 34 5 3 59 52 0 0 0 0 0 0 0 0 0 0 0 33 29 5 0 0
P322 2095 1 49 6 8 1 0 4 2 1 1 3 3 2 0 0 8 4 266 15 321 239 471 192 20 8 29 29 6 31 4 0 6
P322 2095 2 0 0 0 12 1 0 2 2 4 2 2 47 14 26 18 2 0 0 2 0 0 0 0 2 2 1 6 0 -999 -999 -999
P322 2095 3 0 0 0 0 0 0 0 0 0 8 10 47 9 3 17 14 13 81 16 17 2 7 4 24 13 16 7 0 0 0 0
P322 2095 4 4 15 5 1 0 30 22 10 6 11 5 3 0 0 0 0 10 0 0 0 0 0 20 0 0 0 0 0 0 0 -999
P322 2095 5 0 0 6 0 0 0 0 0 0 27 19 3 0 0 0 0 0 0 0 0 0 0 0 0 0 0 0 0 0 0 0
P322 2095 6 0 0 0 0 0 0 0 0 0 0 0 0 0 0 0 0 0 0 0 0 0 0 0 0 0 0 0 0 0 0 -999
P322 2095 7 0 0 0 0 0 0 0 0 0 0 0 0 0 0 0 0 0 0 0 0 0 0 0 0 0 0 0 0 0 0 0
P322 2095 8 0 0 0 0 0 0 0 0 0 0 0 0 0 0 0 0 0 0 0 0 0 0 0 0 0 0 0 0 0 0 0
P322 2095 9 0 0 0 0 0 0 0 0 0 12 24 0 0 0 0 0 0 0 0 0 0 0 33 27 0 0 0 0 0 0 -999
P322 2095 10 0 0 0 0 0 0 0 0 0 0 0 2 1 0 0 0 12 0 0 0 0 0 0 0 0 0 0 0 3 4 3
P322 2095 11 5 11 9 3 1 0 0 32 408 23 102 16 9 0 0 0 0 0 0 1 0 0 0 0 0 0 0 0 0 0 -999
P322 2095 12 0 0 0 0 0 0 2 0 0 0 0 0 0 0 0 0 0 0 0 0 0 0 0 0 0 0 5 3 0 0 0
P322 2096 1 0 0 0 4 2 27 16 1 3 5 1 0 0 0 0 0 0 0 0 0 0 0 0 0 0 0 0 1 5 9 1
P322 2096 2 1 0 4 1 0 0 0 0 0 0 0 0 0 0 3 2 1 0 1 2 1 7 21 18 6 10 13 2 -999 -999 -999
P322 2096 3 2 2 65 45 9 8 8 2 2 1 0 0 1 2 0 0 0 0 0 0 0 0 0 0 0 0 5 0 3 3 2
P322 2096 4 2 2 9 4 2 16 5 35 5 0 15 51 16 24 10 1 4 11 69 14 0 0 0 0 0 0 0 28 15 18 -999
P322 2096 5 0 0 0 0 0 6 0 0 0 0 0 0 0 0 3 0 0 0 0 0 2 0 0 0 0 0 8 0 21 25 34
P322 2096 6 30 17 5 53 0 0 0 0 0 0 0 0 0 0 0 0 0 0 0 0 0 0 0 0 0 0 0 0 0 0 -999
P322 2096 7 0 0 0 0 0 0 0 0 0 0 0 0 0 0 0 0 0 0 0 0 0 0 0 0 0 0 0 0 0 0 0
P322 2096 8 0 0 0 0 0 0 0 0 0 0 0 0 0 0 0 0 0 0 0 0 0 0 0 0 0 0 0 0 0 0 0
P322 2096 9 0 0 0 0 0 0 0 4 0 0 0 0 0 0 0 0 0 0 0 0 0 0 0 0 0 0 0 0 0 0 -999
P322 2096 10 0 0 0 0 0 0 0 0 0 16 6 4 9 0 0 0 45 75 27 36 9 1 0 0 0 0 0 0 2 240 11
P322 2096 11 231 299 105 29 10 7 4 5 57 125 29 0 8 23 73 24 17 43 8 3 0 0 0 0 0 0 0 0 0 0 -999
P322 2096 12 0 0 0 0 0 0 0 0 0 0 0 0 0 0 0 0 0 0 0 0 0 0 0 0 2 4 26 27 19 19 33
P322 2097 1 16 2 2 0 0 0 2 0 7 0 6 3 0 17 23 41 9 0 7 4 0 0 0 0 0 0 0 0 9 3 0
P322 2097 2 0 1 1 0 0 0 0 0 0 9 0 1 2 0 2 8 6 9 27 26 27 10 0 0 9 20 21 12 -999 -999 -999
P322 2097 3 0 0 0 6 54 6 3 0 0 0 0 0 0 5 0 0 20 13 125 109 81 24 56 23 17 9 6 0 0 0 0
P322 2097 4 8 0 0 0 0 4 2 0 0 1 0 0 0 0 0 0 0 8 3 16 10 21 16 15 34 31 14 4 0 0 -999
P322 2097 5 0 0 0 0 18 22 3 0 0 0 0 0 0 0 0 0 0 0 0 3 2 0 0 0 0 0 0 12 0 0 0
P322 2097 6 0 0 0 0 0 0 0 0 0 0 0 7 13 13 6 0 0 0 0 0 0 0 0 0 0 0 0 0 0 0 -999
P322 2097 7 0 0 0 0 0 0 0 0 0 0 0 0 0 0 0 0 0 0 0 0 0 0 0 0 0 0 0 0 0 0 0
P322 2097 8 0 0 0 0 0 0 0 0 0 0 0 0 0 0 0 0 0 0 0 0 0 0 0 0 0 0 0 0 0 0 0
P322 2097 9 0 0 0 0 0 0 0 0 0 0 0 0 0 0 0 0 0 0 6 0 0 0 0 0 4 2 0 0 0 0 -999
P322 2097 10 0 11 6 4 16 0 0 0 0 0 0 0 0 0 0 0 0 107 60 22 1 1 4 8 0 0 0 0 0 16 30
P322 2097 11 7 0 0 1 2 0 0 0 0 0 0 0 38 17 10 3 6 6 11 29 12 10 4 0 0 0 0 0 0 0 -999
P322 2097 12 0 0 5 46 27 4 0 0 0 0 0 0 0 15 89 60 11 3 0 0 1 8 0 0 0 0 0 0 0 0 0
P322 2098 1 0 10 1 1 3 3 5 2 1 0 0 2 1 0 0 0 0 0 0 0 1 0 0 0 0 0 0 2 0 0 0
P322 2098 2 0 39 143 39 56 10 6 13 28 15 1 0 2 5 3 9 2 0 1 5 7 1 5 10 14 26 13 0 -999 -999 -999
P322 2098 3 0 0 0 0 0 0 0 0 2 0 0 0 0 0 0 0 0 0 23 10 3 0 0 0 0 0 0 0 0 0 0
P322 2098 4 0 0 0 0 0 0 0 0 4 3 0 4 2 0 0 0 0 0 0 31 65 16 0 0 0 5 36 4 0 0 -999
P322 2098 5 8 0 0 0 0 0 0 0 0 0 17 0 0 0 0 0 3 9 39 0 0 0 0 0 0 0 0 0 0 0 0
P322 2098 6 0 0 0 0 0 0 0 0 0 0 0 0 0 17 7 5 0 0 0 0 0 0 0 4 0 0 0 0 0 0 -999
P322 2098 7 0 0 0 0 0 0 0 0 0 0 0 0 0 0 0 0 0 0 0 0 0 0 0 0 0 0 0 0 0 0 0
P322 2098 8 0 0 0 0 0 0 0 0 0 0 0 0 0 0 0 0 0 0 0 0 0 0 0 0 0 0 0 0 0 0 0
P322 2098 9 0 0 0 0 0 0 0 0 0 0 0 0 0 0 0 0 0 0 6 18 0 0 0 0 0 4 0 0 0 0 -999
P322 2098 10 0 0 0 0 0 2 0 0 0 0 0 0 0 0 23 0 18 8 0 13 38 34 1 0 0 0 0 1 12 5 6
P322 2098 11 5 20 1 47 0 0 4 0 0 40 71 22 1 0 0 26 92 2 0 0 0 7 16 11 0 0 0 0 5 18 -999
P322 2098 12 1 31 8 11 5 55 10 1 2 0 0 0 0 0 0 0 0 1 4 1 2 9 31 35 0 0 0 0 0 0 0
P322 2099 1 0 0 0 0 0 0 0 0 0 0 0 0 0 0 0 0 0 0 0 0 0 0 0 0 0 0 0 0 0 0 0
P322 2099 2 0 12 62 0 0 0 0 0 0 0 0 0 0 0 0 2 1 3 4 0 1 0 0 0 3 0 42 0 -999 -999 -999
P322 2099 3 0 0 0 0 10 19 8 24 60 26 52 4 0 0 0 0 0 0 0 0 4 0 0 0 0 0 0 0 6 0 0
P322 2099 4 0 1 9 0 2 0 0 0 0 0 0 0 0 10 19 0 0 0 0 0 0 0 0 0 0 6 1 0 0 1 -999
P322 2099 5 0 0 0 18 39 0 0 0 0 0 0 0 0 0 0 0 0 37 0 0 0 0 0 0 0 0 0 0 0 0 0
P322 2099 6 0 0 0 0 0 0 0 0 0 0 0 13 5 0 0 0 0 0 0 0 4 0 0 0 0 0 0 0 0 0 -999
P322 2099 7 0 0 0 0 0 0 0 0 0 0 0 0 0 0 0 0 0 0 0 0 0 0 0 0 0 0 0 0 0 0 0
P322 2099 8 0 0 0 0 0 0 0 0 0 0 0 0 0 0 0 0 0 0 0 0 0 0 0 0 0 0 0 0 0 0 0
P322 2099 9 0 0 0 0 0 0 0 0 0 0 0 0 0 0 0 0 0 0 0 0 0 0 0 0 0 0 0 0 0 0 -999
P322 2099 10 0 0 0 0 0 0 0 0 0 0 0 0 0 7 10 0 0 0 0 0 0 0 0 0 0 0 0 0 0 19 38
P322 2099 11 5 8 12 0 0 2 5 0 0 0 6 25 59 2 3 4 17 13 37 8 14 2 0 0 0 0 0 0 0 0 -999
P322 2099 12 3 0 0 0 5 2 0 17 25 5 12 20 21 6 0 0 0 0 0 0 0 0 0 0 0 0 0 14 7 6 86
P322 2100 1 15 0 0 0 0 0 0 0 0 0 0 42 12 12 14 9 0 0 0 0 0 1 1 0 0 0 0 0 0 0 0
P322 2100 2 0 12 20 1 0 0 0 0 0 0 0 0 0 0 0 0 0 0 0 0 0 0 0 0 0 0 2 13 -999 -999 -999
P322 2100 3 0 0 9 23 19 13 1 2 3 3 0 21 5 24 5 0 0 0 0 0 0 0 0 14 0 0 0 0 2 0 4
P322 2100 4 0 0 0 0 0 0 0 0 0 0 0 0 0 0 0 0 14 0 0 0 0 0 29 2 0 0 0 0 3 22 -999
P322 2100 5 23 23 22 0 0 0 0 0 0 0 0 0 0 0 0 0 0 0 0 0 0 13 0 0 0 0 0 0 0 0 0
P322 2100 6 0 0 0 0 0 0 0 0 0 0 0 0 0 0 0 0 0 0 0 0 0 0 0 0 0 0 5 21 0 0 -999
P322 2100 7 0 0 0 0 0 0 0 0 0 0 0 0 0 0 0 0 0 0 0 0 0 0 0 0 0 0 0 0 0 0 0
P322 2100 8 0 0 0 0 0 0 0 0 0 0 0 0 0 0 0 0 0 0 0 0 0 0 0 0 0 0 0 0 0 0 0
P322 2100 9 0 0 0 0 0 0 0 0 0 0 0 0 0 0 0 0 0 0 0 0 0 0 0 0 0 0 0 0 0 0 -999
P322 2100 10 0 3 0 2 9 54 17 17 1 0 0 0 13 4 2 2 6 5 11 18 2 0 0 12 16 6 21 22 25 36 4
P322 2100 11 0 0 0 0 0 0 0 0 9 12 23 23 34 1 2 0 0 0 0 0 0 0 0 0 0 0 0 0 0 0 -999
P322 2100 12 0 0 0 0 0 0 9 6 0 4 0 0 0 0 0 6 0 16 4 2 17 11 1 0 12 36 42 25 3 3 -999
