precip bcc-csm1-1 rcp60 RNEURONALES decimas 2
P14805 42.085 -4.114 809 geo 2006 2100 -1
P14805 2006 1 0 0 0 0 2 1 1 6 51 69 172 153 27 26 13 14 3 9 3 1 13 8 5 3 8 7 10 8 4 1 0
P14805 2006 2 1 0 8 18 52 73 50 18 66 100 83 208 81 44 23 87 40 3 5 0 92 41 37 43 74 8 0 0 -999 -999 -999
P14805 2006 3 0 78 13 13 14 33 30 0 0 107 50 31 12 54 38 11 13 3 0 0 0 0 0 0 0 0 15 26 64 32 20
P14805 2006 4 45 152 11 0 0 26 19 77 39 20 29 32 29 11 11 0 4 35 77 7 0 0 20 20 0 32 23 3 0 0 -999
P14805 2006 5 6 18 3 26 81 18 9 14 37 58 27 24 31 39 0 0 57 16 7 8 8 12 6 0 0 0 21 63 65 44 10
P14805 2006 6 35 14 70 86 111 67 46 7 0 0 0 0 0 0 0 0 0 0 0 0 0 0 0 0 0 0 0 0 0 0 -999
P14805 2006 7 0 0 0 0 0 33 0 0 0 0 0 0 0 0 0 0 0 0 0 0 0 0 0 0 0 0 0 0 0 0 0
P14805 2006 8 0 0 0 0 0 0 0 0 0 0 0 0 0 0 0 0 0 0 0 0 0 0 0 0 0 0 0 0 0 0 0
P14805 2006 9 0 0 0 0 0 0 0 0 0 9 6 0 0 39 47 56 28 23 0 0 0 0 0 0 0 0 0 0 0 0 -999
P14805 2006 10 28 12 16 18 29 0 0 0 0 0 0 0 0 0 0 0 0 0 0 0 0 0 0 0 0 0 0 0 0 0 0
P14805 2006 11 0 0 0 0 30 38 74 28 3 0 6 0 0 0 7 0 0 0 5 0 0 0 0 0 0 0 0 3 0 0 -999
P14805 2006 12 0 0 19 0 0 8 0 0 0 0 0 0 0 0 0 0 0 0 0 0 7 92 74 16 23 20 19 100 14 2 1
P14805 2007 1 0 0 0 0 0 0 0 0 0 5 0 0 0 0 0 0 1 9 9 11 14 3 34 48 29 33 81 17 33 10 6
P14805 2007 2 0 0 0 27 47 185 162 44 9 21 4 38 120 174 89 23 0 0 36 11 0 0 0 0 0 0 0 0 -999 -999 -999
P14805 2007 3 26 0 0 0 0 0 0 0 0 0 0 17 28 19 10 9 32 12 4 1 0 13 45 25 8 0 0 10 0 0 0
P14805 2007 4 0 18 16 44 50 78 42 5 0 0 0 0 49 34 52 38 13 44 40 10 28 98 93 51 66 42 13 5 39 7 -999
P14805 2007 5 8 2 15 34 24 9 8 19 8 10 34 41 18 15 17 18 16 8 3 5 2 1 0 0 0 0 0 0 0 0 0
P14805 2007 6 0 0 0 0 0 0 5 12 0 0 0 0 0 0 0 5 0 0 0 0 0 0 0 0 0 0 0 0 0 0 -999
P14805 2007 7 0 0 0 0 0 0 0 0 0 0 0 0 0 0 0 0 0 0 0 0 0 0 0 0 0 0 0 0 0 0 0
P14805 2007 8 0 0 0 0 0 0 0 0 0 0 0 0 0 0 0 0 0 0 0 0 0 0 0 37 0 0 16 5 0 0 0
P14805 2007 9 0 0 0 0 0 0 0 0 0 0 0 0 0 0 0 0 0 0 0 0 0 0 0 0 0 0 0 0 0 0 -999
P14805 2007 10 0 0 0 0 0 0 48 6 6 63 17 11 22 72 49 7 48 72 35 7 3 1 0 17 35 72 69 38 16 125 39
P14805 2007 11 0 0 0 0 0 0 0 6 8 47 12 0 2 1 9 2 1 18 6 98 29 36 127 30 30 18 13 27 121 11 -999
P14805 2007 12 1 1 0 1 0 0 0 18 65 88 30 13 11 7 0 30 205 167 115 180 56 16 61 20 10 16 11 19 35 13 0
P14805 2008 1 30 66 173 56 30 221 88 35 4 8 54 91 26 6 6 48 157 82 23 0 0 0 0 0 0 0 0 2 0 0 0
P14805 2008 2 0 0 0 0 0 0 0 0 0 0 0 0 0 1 0 0 0 0 5 39 27 47 18 52 10 1 0 0 -999 -999 -999
P14805 2008 3 0 0 0 0 0 0 11 5 1 0 3 1 14 46 38 25 19 58 4 28 27 3 29 6 14 115 26 2 12 43 19
P14805 2008 4 30 19 52 18 0 0 0 0 0 33 0 0 35 16 0 0 4 34 33 4 0 0 10 4 8 38 7 0 0 25 -999
P14805 2008 5 0 0 14 12 34 20 26 10 11 9 16 6 16 0 0 0 21 12 7 38 10 0 0 0 0 0 0 14 0 0 0
P14805 2008 6 0 0 0 30 15 0 0 0 0 0 0 0 0 0 5 0 0 0 0 0 12 0 0 21 0 17 20 0 0 0 -999
P14805 2008 7 17 29 11 35 65 33 36 5 4 0 4 0 0 0 0 0 8 0 0 0 0 0 0 0 0 0 0 0 0 0 0
P14805 2008 8 0 0 0 0 0 0 0 0 0 0 0 0 0 0 0 0 0 0 0 0 0 0 0 0 0 0 0 0 0 0 0
P14805 2008 9 0 0 0 0 0 0 0 0 0 0 0 0 0 0 0 0 0 0 0 0 0 0 0 0 0 0 0 9 0 0 -999
P14805 2008 10 7 10 18 7 13 0 0 0 0 0 0 16 47 98 94 59 31 3 0 16 22 45 79 20 9 7 1 3 9 4 5
P14805 2008 11 2 3 0 2 5 19 9 16 14 9 4 3 1 17 77 86 40 42 126 13 4 18 4 3 2 3 9 1 4 22 -999
P14805 2008 12 158 40 15 12 1 5 41 58 19 1 1 14 13 163 60 24 7 0 0 3 17 16 24 18 3 3 3 0 0 0 0
P14805 2009 1 0 0 0 0 12 17 7 13 6 14 38 5 17 9 6 5 7 31 30 0 19 26 38 27 11 2 1 5 14 22 12
P14805 2009 2 7 3 0 0 22 43 46 23 32 52 109 69 3 0 0 0 74 78 47 92 78 32 153 105 181 212 131 93 -999 -999 -999
P14805 2009 3 83 44 219 103 35 190 69 19 5 16 9 1 0 0 0 4 7 46 32 9 5 0 0 0 39 61 27 13 11 2 0
P14805 2009 4 0 0 0 3 0 0 21 5 5 0 36 22 54 29 3 2 0 0 0 20 8 2 0 8 0 0 31 0 0 0 -999
P14805 2009 5 0 0 0 0 0 0 0 0 0 0 0 0 0 0 0 0 0 0 0 0 0 0 0 0 0 0 0 0 0 0 0
P14805 2009 6 0 0 0 0 0 0 11 23 20 16 35 31 18 17 7 4 10 10 10 5 4 0 0 0 0 0 0 0 0 0 -999
P14805 2009 7 0 0 0 0 0 0 0 0 0 0 0 0 0 0 0 0 0 0 0 0 0 0 0 0 0 0 0 0 0 0 0
P14805 2009 8 0 0 0 0 0 0 0 0 0 0 0 0 0 0 0 0 0 0 0 0 0 0 0 0 0 0 0 0 0 0 0
P14805 2009 9 0 0 0 0 0 0 0 0 0 0 0 0 0 0 0 0 0 0 0 0 0 0 0 0 0 0 0 0 0 0 -999
P14805 2009 10 0 0 126 58 21 25 27 13 3 0 0 0 0 0 0 0 0 0 0 0 4 3 3 0 8 0 0 0 0 0 0
P14805 2009 11 0 0 20 0 0 0 0 22 50 38 92 26 4 0 1 0 0 0 0 0 2 5 2 1 0 0 0 0 0 0 -999
P14805 2009 12 0 1 3 2 9 8 30 5 0 28 47 9 13 12 17 41 71 9 1 0 0 0 6 23 40 168 42 102 65 40 118
P14805 2010 1 10 29 3 1 3 0 30 27 0 0 38 0 0 5 19 9 5 38 23 7 3 0 0 0 0 0 0 0 0 0 0
P14805 2010 2 0 0 0 0 0 0 0 0 0 6 3 4 5 0 0 4 5 0 0 0 11 15 0 0 0 0 0 2 -999 -999 -999
P14805 2010 3 2 0 0 0 3 16 20 18 16 9 7 0 0 0 0 0 0 0 0 25 98 13 41 16 6 9 3 2 0 0 0
P14805 2010 4 16 47 89 15 37 41 47 30 10 2 0 26 23 6 0 0 0 0 0 0 0 0 0 18 3 1 0 0 0 0 -999
P14805 2010 5 0 0 0 0 0 0 0 0 0 0 0 0 0 0 0 0 0 26 0 0 0 0 0 0 0 0 0 0 0 0 0
P14805 2010 6 0 0 0 0 0 0 0 0 0 0 0 0 0 24 53 22 12 0 0 0 0 0 0 10 0 0 0 0 0 0 -999
P14805 2010 7 0 0 0 0 0 0 0 0 0 0 0 0 0 0 0 0 0 0 0 0 0 0 0 0 0 0 0 0 0 0 0
P14805 2010 8 0 0 0 0 0 0 0 0 0 0 0 0 0 0 0 0 0 0 0 0 0 0 0 0 0 0 0 0 0 0 0
P14805 2010 9 0 0 0 0 0 0 0 0 0 0 0 0 0 0 0 0 0 0 0 0 0 0 0 0 0 0 0 0 0 0 -999
P14805 2010 10 0 0 0 0 0 0 0 0 0 0 0 0 0 0 0 2 2 0 0 0 0 0 0 0 0 34 47 0 0 0 0
P14805 2010 11 0 0 0 0 0 0 0 0 0 14 80 150 96 28 37 22 30 13 8 0 0 3 5 3 0 4 3 0 0 0 -999
P14805 2010 12 0 0 0 0 0 0 0 0 0 0 0 0 2 0 0 4 0 18 14 7 0 0 0 0 0 3 0 4 4 0 0
P14805 2011 1 0 0 0 0 2 1 0 0 0 0 4 10 0 0 0 0 0 0 0 0 0 0 0 0 0 2 0 1 1 23 13
P14805 2011 2 4 3 5 0 0 0 0 1 4 7 6 1 0 0 0 0 0 0 0 0 0 0 0 27 17 9 13 15 -999 -999 -999
P14805 2011 3 9 6 4 28 24 32 103 42 24 6 0 3 0 0 34 94 0 12 7 31 4 7 9 27 25 2 0 67 77 16 62
P14805 2011 4 48 8 36 19 25 18 0 0 0 61 66 21 8 0 0 0 0 0 0 0 0 0 10 9 31 54 8 0 0 0 -999
P14805 2011 5 0 0 0 0 0 0 0 0 0 0 0 0 0 0 0 0 0 0 0 0 0 0 0 0 27 0 15 0 0 0 0
P14805 2011 6 0 0 0 0 0 0 0 0 0 0 0 0 0 0 0 0 0 0 0 0 0 18 37 36 53 34 5 0 0 0 -999
P14805 2011 7 15 15 12 0 16 0 0 0 0 0 0 0 0 0 0 0 0 0 0 0 0 0 0 0 0 0 0 0 0 0 0
P14805 2011 8 0 0 0 0 0 0 0 0 0 0 0 0 0 0 0 0 0 0 0 0 0 0 0 0 0 0 0 0 0 0 0
P14805 2011 9 0 0 0 0 0 0 0 0 0 0 33 12 0 27 5 0 6 12 0 0 0 0 0 0 0 0 0 0 0 0 -999
P14805 2011 10 0 0 18 0 4 7 19 7 0 1 1 0 4 0 0 0 0 0 18 17 6 24 13 8 0 0 0 1 44 85 41
P14805 2011 11 36 115 72 32 7 40 0 29 0 0 0 95 11 5 9 0 0 0 0 17 34 56 79 31 0 44 137 106 53 31 -999
P14805 2011 12 119 27 0 0 0 0 4 3 3 0 3 0 7 7 133 41 15 22 3 0 1 1 2 15 75 131 115 27 31 12 8
P14805 2012 1 9 16 61 35 151 15 4 1 0 2 0 10 6 8 7 17 11 103 115 22 12 21 14 7 0 4 5 0 0 0 1
P14805 2012 2 1 2 0 4 0 0 0 0 0 8 10 33 0 26 43 12 101 19 66 0 10 11 10 64 23 0 9 1 -999 -999 -999
P14805 2012 3 8 0 0 0 0 0 0 0 0 0 0 0 17 5 2 2 3 4 9 0 0 0 2 7 6 5 19 7 1 1 6
P14805 2012 4 0 18 19 0 0 0 0 0 0 0 0 0 0 0 0 0 0 0 0 0 0 10 6 0 0 0 0 0 0 0 -999
P14805 2012 5 0 0 0 0 0 0 0 0 0 0 0 0 44 39 0 0 0 0 0 0 0 0 31 22 18 23 26 42 65 28 4
P14805 2012 6 0 0 0 30 18 6 0 0 0 0 0 0 0 0 0 0 0 0 0 0 0 0 0 0 0 0 0 0 0 0 -999
P14805 2012 7 0 0 0 0 0 0 0 0 0 0 0 0 0 0 0 0 0 0 0 0 0 0 0 0 0 0 0 0 0 0 0
P14805 2012 8 0 0 0 0 0 0 0 0 0 0 0 0 0 26 9 0 0 0 0 0 0 0 0 0 0 0 13 14 0 30 0
P14805 2012 9 0 0 0 0 0 0 0 0 0 0 0 0 0 0 0 0 0 0 0 0 0 0 0 0 0 0 0 0 0 0 -999
P14805 2012 10 0 0 0 0 0 0 0 0 0 0 0 0 0 0 0 0 0 0 0 0 0 0 49 9 15 18 0 13 18 192 69
P14805 2012 11 8 0 7 22 71 127 16 4 11 28 3 0 115 8 0 0 0 0 0 0 0 0 0 0 0 0 0 0 0 0 -999
P14805 2012 12 53 10 3 4 13 5 1 0 0 0 0 0 0 0 0 3 6 53 10 57 5 14 8 13 2 2 0 0 0 0 0
P14805 2013 1 0 0 0 0 0 2 1 0 0 0 0 5 18 8 8 2 0 1 0 2 8 11 18 21 17 12 0 0 0 17 4
P14805 2013 2 1 7 4 9 6 20 27 12 21 8 4 2 1 11 5 4 15 0 7 4 0 11 35 33 33 30 18 9 -999 -999 -999
P14805 2013 3 7 4 6 0 0 0 0 0 0 0 0 0 19 146 85 76 65 81 0 0 0 0 27 0 0 0 0 0 0 0 0
P14805 2013 4 0 0 0 0 10 0 6 5 13 9 0 0 0 0 0 0 0 0 0 0 23 25 0 0 0 0 0 0 0 0 -999
P14805 2013 5 0 0 0 0 0 0 0 0 0 25 19 18 10 0 0 0 0 0 53 58 28 26 14 13 12 0 0 0 0 0 0
P14805 2013 6 0 0 0 0 0 0 0 0 0 0 0 0 0 0 0 0 0 0 0 0 0 0 0 0 0 0 0 0 0 0 -999
P14805 2013 7 0 0 0 0 0 0 0 0 0 0 0 0 0 0 0 0 0 0 0 0 0 0 0 0 0 0 0 0 0 0 0
P14805 2013 8 0 0 0 0 0 0 0 0 0 0 0 0 0 0 0 0 0 0 0 0 0 0 0 0 0 0 0 0 0 0 0
P14805 2013 9 0 0 0 0 0 0 0 0 0 0 0 0 0 0 0 0 0 0 0 0 0 0 0 0 0 0 0 0 0 0 -999
P14805 2013 10 0 0 0 0 0 0 20 7 80 113 130 22 91 100 20 137 23 8 6 5 9 6 62 24 0 0 0 0 0 0 0
P14805 2013 11 0 30 23 0 0 0 0 0 0 0 0 8 22 8 48 0 17 14 0 0 0 0 0 23 49 65 60 60 0 0 -999
P14805 2013 12 0 0 28 15 8 10 7 0 1 0 2 1 0 0 0 18 77 21 2 0 3 0 18 0 0 0 1 5 5 9 77
P14805 2014 1 74 115 29 6 4 0 14 13 36 16 52 36 34 22 10 0 0 13 7 25 62 7 34 44 149 92 71 105 155 113 20
P14805 2014 2 26 0 10 25 11 0 0 0 14 11 0 0 0 0 0 0 0 0 0 0 0 0 0 0 0 0 0 0 -999 -999 -999
P14805 2014 3 0 0 0 0 0 0 0 0 0 0 3 0 0 0 25 11 0 0 0 0 24 20 6 4 9 4 0 0 0 0 0
P14805 2014 4 10 4 11 3 1 2 14 12 40 192 36 8 3 1 0 0 0 0 0 0 0 0 0 0 0 0 7 22 16 22 -999
P14805 2014 5 8 69 10 0 0 39 17 46 6 5 13 26 26 8 12 4 21 22 3 0 0 0 0 0 0 0 0 0 33 77 90
P14805 2014 6 47 18 4 14 14 0 0 0 0 0 0 0 0 0 0 0 0 0 0 0 0 0 0 0 0 0 0 0 0 0 -999
P14805 2014 7 0 0 0 0 0 0 0 0 0 0 0 0 0 0 0 0 0 0 0 0 0 0 0 0 0 0 0 0 0 0 0
P14805 2014 8 0 0 0 0 0 0 0 0 0 0 0 0 0 0 0 0 0 0 0 0 0 0 0 0 0 0 0 0 0 0 0
P14805 2014 9 0 0 0 0 0 0 0 0 0 0 0 0 0 0 0 0 0 0 0 0 0 0 0 0 0 0 0 0 0 0 -999
P14805 2014 10 0 0 0 0 0 0 0 0 0 0 0 0 0 0 0 0 0 0 0 0 0 18 0 0 0 31 17 0 0 0 5
P14805 2014 11 0 19 0 0 0 75 13 3 0 0 4 44 14 0 0 0 0 34 50 135 50 3 0 0 0 42 16 11 9 44 -999
P14805 2014 12 10 1 0 0 0 0 0 0 0 4 8 5 13 7 115 71 94 33 9 31 62 134 112 135 35 76 45 2 0 0 0
P14805 2015 1 0 0 0 0 0 0 0 0 0 0 0 0 0 0 1 1 0 1 1 1 1 3 3 19 109 39 9 7 4 47 12
P14805 2015 2 9 3 1 1 1 0 0 3 43 14 9 20 97 84 57 69 102 90 44 19 52 77 32 3 3 0 15 25 -999 -999 -999
P14805 2015 3 0 0 0 0 0 0 0 0 0 0 0 0 21 0 0 0 0 14 21 30 39 38 0 0 0 0 0 0 0 0 8
P14805 2015 4 6 0 0 0 0 0 0 0 10 38 45 16 28 31 13 29 12 11 68 113 68 75 19 27 88 4 0 0 0 0 -999
P14805 2015 5 0 6 5 10 12 0 0 0 0 0 0 0 0 0 0 0 0 0 0 0 0 0 0 0 0 0 0 0 0 0 0
P14805 2015 6 0 0 0 34 29 15 0 0 0 0 0 0 0 0 0 0 0 0 0 0 0 0 0 0 0 0 0 0 0 0 -999
P14805 2015 7 0 0 0 0 0 0 0 0 0 0 0 0 0 0 0 0 0 0 0 0 0 0 0 0 0 0 0 0 0 0 0
P14805 2015 8 0 0 0 0 0 0 0 0 0 0 0 0 0 0 0 0 0 0 0 0 0 0 0 0 0 0 0 0 0 0 0
P14805 2015 9 0 0 0 0 0 0 0 0 0 0 0 0 0 0 0 75 125 206 35 12 0 50 16 0 94 48 0 0 2 3 -999
P14805 2015 10 5 5 0 0 0 0 0 1 96 51 15 15 0 0 0 6 20 43 25 18 11 8 24 0 6 4 4 0 2 0 1
P14805 2015 11 1 0 0 0 9 0 0 0 0 0 5 4 3 5 6 2 1 0 0 0 0 0 0 0 0 0 0 0 14 0 -999
P14805 2015 12 0 0 0 0 0 0 0 0 0 0 4 26 20 25 15 1 2 0 15 25 44 125 21 11 61 8 49 107 30 79 14
P14805 2016 1 13 6 3 16 19 46 12 19 13 13 28 15 20 26 19 49 11 1 2 66 6 0 0 2 1 0 0 0 0 0 0
P14805 2016 2 0 5 4 0 6 11 2 4 3 0 4 12 15 8 4 0 0 0 0 0 0 0 0 2 0 0 0 0 -999 -999 -999
P14805 2016 3 4 0 0 0 5 0 0 5 14 0 0 0 0 0 0 0 5 36 2 0 0 0 0 0 0 0 0 0 0 20 16
P14805 2016 4 2 0 11 88 28 11 19 12 48 14 12 43 97 11 0 0 40 84 40 17 17 17 83 27 0 0 41 28 5 25 -999
P14805 2016 5 23 11 10 16 14 5 7 0 0 0 0 0 0 0 0 0 9 24 11 0 0 0 0 25 14 0 0 0 0 0 0
P14805 2016 6 0 0 0 0 8 0 0 0 0 0 0 0 0 0 0 0 0 0 0 0 0 0 0 0 0 0 27 20 0 0 -999
P14805 2016 7 0 0 0 0 0 0 0 0 0 0 0 0 0 0 0 0 0 0 0 0 0 0 0 0 0 0 0 0 0 0 0
P14805 2016 8 0 0 0 0 0 0 0 0 0 0 0 0 0 0 0 0 0 0 0 0 0 0 0 0 0 0 0 0 0 0 0
P14805 2016 9 0 0 0 0 0 0 0 0 0 0 0 0 0 0 0 0 0 0 0 0 0 0 0 0 0 0 0 39 0 0 -999
P14805 2016 10 0 0 0 0 0 0 0 0 0 0 0 0 0 0 7 29 14 16 25 39 88 18 26 101 102 65 25 236 11 4 4
P14805 2016 11 3 1 14 78 35 12 43 9 9 10 65 250 135 58 5 31 16 13 35 66 13 0 72 198 111 77 113 45 16 7 -999
P14805 2016 12 0 0 0 2 4 0 0 0 0 0 0 0 1 0 0 0 0 0 0 0 1 0 0 0 0 0 2 6 25 0 0
P14805 2017 1 0 0 47 16 8 5 24 33 14 59 5 3 2 1 2 3 0 0 0 0 0 4 0 3 14 0 0 153 2 0 2
P14805 2017 2 6 26 7 0 0 0 0 0 0 0 0 0 0 0 0 0 0 0 86 200 71 23 22 4 14 14 14 14 -999 -999 -999
P14805 2017 3 16 16 25 35 67 62 18 22 42 13 7 0 19 0 0 0 10 28 72 19 10 79 40 9 38 43 23 17 77 70 63
P14805 2017 4 62 42 7 5 5 0 15 11 7 42 150 33 9 9 101 8 7 5 5 0 26 12 6 6 6 22 11 5 9 4 -999
P14805 2017 5 13 43 6 15 18 32 105 8 7 11 5 4 0 51 10 0 0 0 0 0 18 60 98 44 19 11 7 0 0 0 0
P14805 2017 6 0 0 0 0 0 0 7 22 8 0 0 0 0 0 0 0 0 0 0 0 0 0 0 0 0 0 0 0 0 0 -999
P14805 2017 7 0 0 0 0 0 0 0 0 0 0 0 0 19 0 0 0 0 0 0 0 0 5 11 0 0 0 0 0 0 0 0
P14805 2017 8 0 0 0 0 0 0 0 0 0 0 0 0 0 0 0 0 0 0 0 0 0 0 0 0 0 0 0 0 0 0 0
P14805 2017 9 0 0 0 0 0 0 0 0 0 0 0 0 0 0 0 0 0 0 0 0 0 0 0 0 0 15 5 11 46 128 -999
P14805 2017 10 11 37 26 0 0 0 17 9 16 0 0 0 0 0 0 0 0 0 8 6 16 0 0 37 87 100 11 0 0 0 0
P14805 2017 11 13 0 0 0 15 8 4 15 8 27 56 6 4 5 0 0 5 9 4 3 2 8 4 71 146 11 0 0 20 0 -999
P14805 2017 12 0 1 0 0 0 1 0 3 0 0 5 5 9 19 9 16 26 9 6 47 72 53 13 13 10 15 19 21 140 69 86
P14805 2018 1 1 0 0 0 0 0 0 0 0 0 0 1 2 3 8 4 10 0 0 0 0 0 11 32 94 39 0 0 0 6 15
P14805 2018 2 0 22 100 39 130 81 41 69 0 0 0 43 57 12 0 0 0 0 0 0 0 0 0 0 0 0 0 0 -999 -999 -999
P14805 2018 3 0 0 0 0 0 0 0 0 0 0 111 62 31 5 0 0 0 0 0 24 27 31 34 75 16 55 13 13 9 59 11
P14805 2018 4 55 24 14 14 66 46 5 3 0 18 21 44 154 15 21 40 13 7 3 0 0 0 0 0 22 8 0 0 0 69 -999
P14805 2018 5 52 31 37 36 3 0 0 0 0 0 0 0 0 0 0 0 0 0 0 0 0 0 0 0 0 0 0 44 31 0 0
P14805 2018 6 0 0 0 0 0 0 13 14 0 0 0 0 0 0 0 0 0 0 0 0 0 0 0 0 0 0 0 0 0 0 -999
P14805 2018 7 0 0 0 0 0 0 0 0 0 0 0 0 0 0 0 0 0 0 0 0 0 0 0 0 0 0 0 0 0 0 0
P14805 2018 8 0 0 0 0 0 0 0 0 0 0 0 0 0 0 0 0 0 0 0 0 0 0 0 0 0 0 0 0 0 0 0
P14805 2018 9 0 0 0 0 0 0 0 0 0 0 0 0 0 0 0 0 0 0 0 0 0 0 49 0 0 0 0 0 0 0 -999
P14805 2018 10 0 0 0 0 0 0 0 0 0 0 0 0 0 0 0 0 0 0 0 15 24 0 0 0 0 0 0 7 0 11 39
P14805 2018 11 0 0 0 15 15 0 0 0 0 15 8 0 0 0 0 0 0 5 3 0 0 32 0 0 47 120 77 63 9 10 -999
P14805 2018 12 7 7 2 0 0 0 0 3 0 4 5 0 0 7 0 0 0 0 0 0 4 6 20 48 10 132 27 6 1 1 0
P14805 2019 1 0 0 3 11 5 63 53 49 24 9 14 6 30 12 64 9 0 0 0 0 0 0 0 4 0 3 0 0 0 0 26
P14805 2019 2 5 6 32 14 2 1 9 0 2 4 6 15 10 12 22 12 9 1 0 0 0 0 0 0 70 31 23 59 -999 -999 -999
P14805 2019 3 89 83 54 112 47 117 35 32 80 60 0 0 25 4 21 0 3 0 8 0 0 3 0 0 0 0 0 0 0 15 7
P14805 2019 4 0 0 0 0 0 0 0 14 0 6 18 15 4 0 0 0 0 0 0 0 0 6 3 2 8 14 62 67 14 24 -999
P14805 2019 5 13 15 25 4 6 4 0 0 16 30 4 9 38 12 0 7 0 0 0 0 0 0 0 8 0 0 0 3 0 0 0
P14805 2019 6 0 0 0 0 0 0 0 0 0 0 0 0 0 0 0 0 0 0 0 0 0 0 0 0 0 0 0 0 0 0 -999
P14805 2019 7 0 60 75 14 0 0 0 0 0 0 0 0 0 0 0 0 0 0 0 0 0 0 0 0 0 0 0 0 0 0 0
P14805 2019 8 0 0 0 0 0 0 0 0 0 0 0 0 0 0 0 0 0 0 0 0 0 0 0 0 0 0 0 0 0 0 0
P14805 2019 9 0 0 0 0 0 0 0 0 0 0 0 0 0 0 0 0 0 35 0 0 0 0 0 0 0 0 0 0 0 0 -999
P14805 2019 10 0 0 0 0 0 0 0 0 0 9 0 0 0 0 33 0 0 0 0 0 0 0 0 10 4 4 1 2 1 0 11
P14805 2019 11 5 13 0 14 108 14 18 5 2 3 8 8 14 100 58 17 0 0 0 0 0 0 0 11 4 21 4 3 12 48 -999
P14805 2019 12 4 11 0 0 12 0 0 0 0 0 0 1 4 3 155 11 11 57 25 6 3 46 37 28 25 10 11 1 4 2 0
P14805 2020 1 1 35 55 67 30 86 101 19 0 0 15 17 8 0 0 0 0 0 0 0 0 0 0 0 0 0 0 1 7 7 11
P14805 2020 2 9 13 13 55 10 8 7 1 0 0 0 0 0 0 41 33 0 0 0 0 15 0 0 42 0 0 0 0 -999 -999 -999
P14805 2020 3 0 0 0 0 0 0 0 0 0 0 0 0 13 38 0 0 0 0 0 0 3 13 55 128 146 24 31 4 66 12 21
P14805 2020 4 18 0 24 0 0 0 0 0 8 6 14 12 13 5 0 0 0 0 0 0 0 48 47 34 23 9 0 0 0 0 -999
P14805 2020 5 0 0 0 21 22 5 0 0 0 0 0 9 0 0 0 0 0 0 0 0 0 0 0 26 6 13 71 84 34 21 14
P14805 2020 6 2 0 0 0 0 13 40 40 19 2 0 0 0 0 0 0 0 0 0 0 0 0 0 0 0 0 0 0 0 0 -999
P14805 2020 7 0 0 0 0 0 0 0 0 0 0 0 0 0 0 0 0 0 0 0 0 0 0 0 0 0 0 0 0 0 0 0
P14805 2020 8 0 0 0 0 0 0 0 0 0 0 0 0 0 0 0 0 0 0 0 0 0 0 0 0 0 0 0 0 0 0 0
P14805 2020 9 0 0 0 0 0 0 0 0 0 0 0 0 0 0 28 7 0 27 96 33 7 0 0 0 0 0 0 0 0 0 -999
P14805 2020 10 0 0 0 9 0 0 0 1 0 0 0 0 0 0 0 0 0 0 0 0 0 17 61 55 19 149 116 93 23 7 0
P14805 2020 11 21 8 30 110 36 0 38 0 0 0 0 0 7 0 0 4 20 24 88 167 75 15 10 0 0 0 0 0 0 8 -999
P14805 2020 12 0 0 0 16 10 11 0 6 21 48 62 14 31 5 1 2 1 62 6 25 169 120 225 35 6 20 1 1 1 3 9
P14805 2021 1 1 3 6 10 5 1 1 1 2 2 23 5 8 24 2 3 10 18 11 8 17 16 110 147 168 191 154 57 141 131 93
P14805 2021 2 12 122 53 103 137 45 46 65 2 10 9 0 45 10 7 12 24 2 2 0 2 2 2 19 13 0 65 65 -999 -999 -999
P14805 2021 3 45 64 63 43 86 99 34 0 0 6 10 7 48 16 192 24 39 141 184 38 38 10 80 41 3 3 18 13 14 9 29
P14805 2021 4 25 120 16 34 7 0 5 8 83 125 36 3 0 0 3 10 92 51 29 11 0 0 0 26 27 42 19 14 6 24 -999
P14805 2021 5 5 1 0 6 2 30 32 17 23 43 27 2 10 9 3 0 0 0 0 0 0 0 0 0 0 0 0 18 9 32 16
P14805 2021 6 41 36 13 5 4 7 16 29 10 11 97 53 31 21 51 0 0 0 0 0 0 0 0 0 0 0 0 0 0 0 -999
P14805 2021 7 0 0 0 0 0 0 0 0 0 0 0 0 0 0 0 0 0 0 0 0 0 0 0 0 0 0 0 0 0 0 0
P14805 2021 8 0 0 0 0 0 0 0 20 28 16 0 0 0 0 0 0 0 0 0 0 0 0 0 0 0 0 0 0 0 0 0
P14805 2021 9 0 0 0 0 0 0 0 0 0 0 0 0 0 34 26 5 0 0 0 0 0 0 0 0 0 35 36 0 0 0 -999
P14805 2021 10 37 19 132 19 0 0 0 76 0 0 0 0 70 13 26 8 0 0 0 36 48 8 0 0 25 16 6 0 0 2 24
P14805 2021 11 65 11 25 19 26 0 39 48 21 2 0 0 0 0 0 0 0 0 9 18 36 4 10 0 0 0 0 0 0 0 -999
P14805 2021 12 0 0 0 0 0 0 0 6 0 0 0 6 30 29 86 64 161 95 81 61 95 24 95 32 91 18 117 75 22 17 3
P14805 2022 1 1 0 0 0 0 0 0 0 0 0 0 10 8 8 2 1 0 0 0 0 0 0 0 0 0 0 0 0 0 0 0
P14805 2022 2 0 0 0 2 3 1 0 1 7 15 4 2 2 0 53 23 3 1 0 0 36 16 7 47 7 37 23 86 -999 -999 -999
P14805 2022 3 36 5 6 101 45 25 4 2 0 8 0 0 0 0 1 0 0 2 0 22 24 0 21 32 0 19 2 0 0 3 0
P14805 2022 4 4 0 0 54 20 68 38 35 28 2 0 32 30 0 0 0 0 0 0 0 65 36 11 17 2 13 9 0 0 0 -999
P14805 2022 5 0 0 0 0 0 0 0 0 0 0 0 0 0 0 0 0 15 32 47 61 6 0 0 0 0 0 0 0 0 0 0
P14805 2022 6 0 0 0 0 0 0 0 0 0 0 0 0 0 0 0 0 0 0 0 0 0 0 0 0 0 0 0 0 0 0 -999
P14805 2022 7 0 0 0 0 0 0 0 0 0 0 0 0 0 0 0 0 0 0 0 0 0 0 0 0 0 0 0 0 0 0 0
P14805 2022 8 0 0 0 0 0 0 0 0 0 0 0 0 0 0 0 0 0 0 0 0 0 0 0 0 0 0 0 0 0 0 0
P14805 2022 9 0 0 0 0 0 0 0 0 0 0 0 0 0 0 0 0 0 0 0 0 0 72 15 18 0 0 0 0 0 0 -999
P14805 2022 10 0 0 0 0 23 0 0 0 7 0 0 5 9 9 10 0 0 0 0 60 28 0 0 0 0 0 25 0 0 0 0
P14805 2022 11 0 0 0 27 3 0 0 0 0 0 0 15 50 0 0 0 0 0 0 52 156 197 224 111 6 2 0 0 5 2 -999
P14805 2022 12 7 3 5 3 10 67 27 37 12 3 15 4 0 0 0 0 29 14 21 92 61 61 164 131 130 192 205 87 52 3 4
P14805 2023 1 4 0 0 0 56 117 55 53 48 6 46 14 7 17 8 4 14 21 6 0 9 7 0 0 0 0 0 0 0 0 0
P14805 2023 2 0 0 0 0 3 10 3 0 0 0 0 5 0 10 72 114 110 44 9 61 0 0 0 3 1 2 6 2 -999 -999 -999
P14805 2023 3 3 3 32 3 3 2 0 3 4 0 0 0 3 39 70 45 171 92 13 21 31 23 7 4 2 11 11 4 0 23 0
P14805 2023 4 0 0 0 0 0 0 15 101 26 0 0 0 0 0 32 52 36 4 0 0 7 0 0 0 7 5 0 0 0 0 -999
P14805 2023 5 0 61 165 120 67 81 78 51 121 22 4 0 34 17 0 0 0 0 0 0 32 15 7 11 0 13 0 21 6 0 0
P14805 2023 6 0 0 0 0 0 0 0 0 0 0 9 13 12 17 29 5 4 3 0 0 0 0 0 0 0 0 0 0 0 0 -999
P14805 2023 7 0 0 0 0 0 14 0 0 0 0 0 0 0 0 0 0 0 0 0 0 0 0 0 0 0 0 0 0 0 0 0
P14805 2023 8 0 0 0 0 0 0 0 0 0 0 0 0 0 0 0 0 3 0 0 0 0 0 0 0 0 0 0 0 0 0 0
P14805 2023 9 0 0 0 0 0 0 0 0 0 0 0 0 0 0 0 0 0 0 0 0 0 0 0 0 0 0 0 0 0 14 -999
P14805 2023 10 10 9 0 0 0 0 0 5 23 0 0 0 0 35 7 5 8 8 9 16 6 6 0 2 0 0 12 14 8 7 8
P14805 2023 11 8 3 1 0 0 0 0 0 40 75 152 129 63 9 5 3 2 0 0 0 3 1 0 0 0 0 7 0 0 8 -999
P14805 2023 12 5 14 46 62 0 0 0 0 0 0 0 0 0 0 3 6 21 99 20 143 39 117 8 92 3 0 0 0 0 2 4
P14805 2024 1 6 0 1 1 0 0 0 0 0 0 0 0 0 0 0 0 5 19 26 80 81 122 100 23 9 22 52 34 3 6 2
P14805 2024 2 3 6 0 16 0 0 0 42 28 0 77 120 33 17 8 0 0 0 0 0 0 9 7 0 0 0 0 0 -999 -999 -999
P14805 2024 3 0 0 0 4 12 46 34 0 0 61 48 18 9 62 17 6 18 18 35 18 20 0 0 0 0 0 0 0 2 14 0
P14805 2024 4 0 0 4 11 39 28 35 31 15 60 14 0 0 0 0 0 0 0 1 2 55 44 6 2 1 0 0 0 0 40 -999
P14805 2024 5 25 22 50 23 13 0 21 20 0 0 5 17 11 8 6 3 3 9 0 0 0 0 0 0 0 0 31 70 37 23 3
P14805 2024 6 0 0 0 0 0 0 0 0 0 0 0 128 32 0 0 0 0 0 0 0 0 0 0 0 0 0 0 0 0 0 -999
P14805 2024 7 0 0 0 0 0 0 0 0 0 0 0 0 0 0 0 0 0 0 0 0 0 0 0 0 0 0 0 0 0 0 0
P14805 2024 8 0 0 0 0 0 0 0 0 0 0 0 0 0 0 0 0 0 0 0 0 0 0 0 0 0 0 0 0 0 0 0
P14805 2024 9 0 0 0 0 0 0 0 0 0 0 0 0 0 0 0 0 0 71 17 33 147 79 51 70 5 25 47 22 14 24 -999
P14805 2024 10 14 115 151 16 100 57 13 0 0 0 0 0 0 0 0 0 7 25 0 0 0 0 0 0 0 0 0 4 27 124 43
P14805 2024 11 23 61 158 20 24 13 2 1 2 1 32 21 14 11 12 44 4 0 0 0 0 0 0 0 0 0 0 0 0 24 -999
P14805 2024 12 58 41 43 6 3 31 10 8 47 120 206 128 52 30 33 12 0 5 13 0 13 19 46 8 6 15 0 9 0 7 19
P14805 2025 1 1 1 2 104 104 41 15 70 8 4 2 1 1 17 3 2 5 11 9 2 4 0 1 0 1 1 5 36 29 110 49
P14805 2025 2 31 16 24 42 53 100 136 156 40 12 99 58 0 0 0 0 0 0 0 0 0 0 4 0 0 0 0 0 -999 -999 -999
P14805 2025 3 4 16 24 7 1 0 0 35 33 8 10 0 0 0 0 0 0 0 0 0 0 0 0 0 0 0 0 0 0 0 0
P14805 2025 4 0 0 0 18 11 0 0 0 0 0 0 0 0 0 0 0 0 13 13 0 0 0 0 0 0 0 0 18 3 0 -999
P14805 2025 5 0 6 17 19 5 7 0 0 0 0 0 0 10 52 19 5 0 0 0 9 0 0 10 16 13 8 7 9 45 6 7
P14805 2025 6 4 0 0 8 10 3 0 0 0 0 0 0 0 0 0 0 0 0 0 0 0 0 0 0 0 0 0 0 0 0 -999
P14805 2025 7 0 0 0 0 0 0 0 0 0 0 0 0 0 0 0 0 0 0 0 0 0 0 0 0 0 0 0 0 0 0 0
P14805 2025 8 0 0 15 0 0 0 0 0 0 0 0 0 0 0 0 0 0 0 0 0 0 0 0 0 0 0 0 0 0 0 0
P14805 2025 9 0 0 0 0 0 0 0 0 0 0 19 23 0 0 0 0 0 41 0 0 0 0 0 0 0 0 0 11 3 3 -999
P14805 2025 10 9 0 0 0 0 25 0 0 0 0 0 0 0 0 0 0 50 103 81 35 149 57 18 2 2 0 0 3 7 17 27
P14805 2025 11 92 38 15 91 118 36 33 6 23 95 44 0 20 130 120 55 13 0 0 0 0 0 0 0 0 2 0 2 0 0 -999
P14805 2025 12 0 0 0 0 0 7 8 2 10 3 49 16 13 7 24 53 0 42 17 6 20 69 13 23 22 23 0 0 12 0 64
P14805 2026 1 110 18 3 0 0 0 0 0 0 0 2 3 0 0 0 0 7 12 116 26 15 23 9 0 0 0 0 0 0 0 0
P14805 2026 2 0 0 0 0 0 0 0 0 0 0 0 0 4 7 2 40 6 7 6 3 1 2 0 1 3 0 0 0 -999 -999 -999
P14805 2026 3 3 0 6 28 22 0 48 9 0 3 0 0 0 55 10 7 0 0 0 0 0 0 82 43 53 49 28 37 123 80 24
P14805 2026 4 0 15 26 19 14 40 49 4 15 8 11 3 8 0 0 0 0 0 0 0 0 0 0 0 0 0 8 0 22 72 -999
P14805 2026 5 15 9 9 9 0 0 0 0 0 0 0 0 0 0 0 0 0 0 0 0 0 0 0 0 34 13 15 17 22 9 0
P14805 2026 6 0 0 0 0 0 0 0 0 0 0 0 0 0 0 0 23 17 0 0 0 0 0 0 0 0 0 0 0 0 0 -999
P14805 2026 7 0 0 0 0 0 0 0 0 0 0 0 0 0 0 0 0 0 0 0 0 0 0 0 0 0 0 0 0 0 0 0
P14805 2026 8 0 0 0 0 0 0 0 0 0 0 0 0 0 0 0 0 0 0 0 0 0 0 0 0 0 0 0 0 25 0 0
P14805 2026 9 0 0 6 5 0 0 0 0 0 0 0 0 0 0 0 0 0 0 0 0 0 8 0 0 0 0 0 0 0 0 -999
P14805 2026 10 0 0 0 0 0 0 0 0 0 0 0 0 0 0 0 0 14 0 0 23 17 3 2 5 0 0 0 53 48 56 171
P14805 2026 11 46 15 7 9 42 47 6 84 161 24 30 28 4 27 197 32 6 2 0 0 0 0 0 0 0 0 0 0 0 0 -999
P14805 2026 12 2 16 5 0 0 0 0 0 0 10 0 3 0 12 75 28 13 64 41 40 8 28 47 4 6 2 0 3 1 0 0
P14805 2027 1 0 0 0 50 17 38 89 23 8 13 116 19 4 0 0 0 0 6 41 6 24 19 1 5 19 90 112 78 167 0 0
P14805 2027 2 0 0 0 0 0 0 0 0 0 4 44 7 0 0 0 7 14 16 16 31 44 51 93 10 0 26 4 0 -999 -999 -999
P14805 2027 3 4 23 44 27 10 10 5 9 0 0 0 0 0 0 0 0 9 9 44 69 90 40 44 22 10 57 23 2 4 2 0
P14805 2027 4 0 16 0 45 0 0 0 0 0 0 0 3 16 17 0 0 0 0 0 0 0 12 20 0 0 0 0 0 0 0 -999
P14805 2027 5 0 0 0 20 19 57 65 33 0 0 0 12 0 0 0 0 0 0 0 0 0 7 0 0 0 0 0 0 0 0 0
P14805 2027 6 0 0 0 53 17 8 0 0 0 0 0 0 0 0 0 0 0 0 0 0 0 0 0 0 0 0 16 18 4 0 -999
P14805 2027 7 0 47 23 19 74 44 0 0 0 0 0 0 0 0 0 0 0 0 0 0 0 0 0 0 0 0 0 0 0 0 0
P14805 2027 8 0 0 0 0 0 0 0 0 0 0 0 0 0 0 0 0 0 0 32 0 0 0 0 0 0 0 0 0 0 0 0
P14805 2027 9 0 0 0 0 0 0 0 0 0 0 0 0 0 0 0 0 0 0 0 0 0 0 0 0 0 0 0 0 7 14 -999
P14805 2027 10 68 13 7 0 0 0 111 0 0 0 0 0 0 0 0 0 22 4 0 0 2 3 8 15 4 0 1 0 0 0 0
P14805 2027 11 1 0 2 2 6 1 1 1 15 138 50 4 0 0 0 0 0 0 0 0 24 94 55 24 25 125 78 39 5 6 -999
P14805 2027 12 27 13 6 0 16 8 2 0 0 0 0 0 13 3 22 20 61 8 1 10 1 0 0 0 0 1 0 0 0 0 2
P14805 2028 1 2 1 0 0 0 0 0 0 0 0 0 0 0 0 0 5 9 10 11 0 0 0 0 0 0 0 9 0 0 0 0
P14805 2028 2 0 0 57 36 51 43 60 23 0 19 57 75 53 138 135 72 39 23 101 5 7 44 6 0 0 0 0 0 -999 -999 -999
P14805 2028 3 0 0 0 0 2 0 0 0 0 0 41 20 12 17 9 0 0 0 0 0 0 0 0 0 7 24 27 2 5 15 10
P14805 2028 4 2 15 0 2 0 3 0 0 0 104 8 6 0 0 4 0 39 50 109 64 11 0 0 0 0 0 0 0 0 0 -999
P14805 2028 5 25 0 0 0 0 0 41 53 63 35 14 45 59 43 78 29 0 0 0 0 0 0 12 19 4 0 8 28 4 0 4
P14805 2028 6 6 8 16 37 49 44 44 6 0 0 0 0 0 0 0 0 0 0 0 0 0 0 0 0 0 0 0 79 45 24 -999
P14805 2028 7 10 0 0 0 0 0 0 0 0 0 0 6 6 0 0 0 0 0 0 0 0 0 0 0 0 0 0 14 0 0 0
P14805 2028 8 0 0 0 0 0 0 0 0 0 0 0 0 0 0 0 0 0 0 0 0 0 0 0 0 36 18 0 0 0 0 0
P14805 2028 9 0 0 0 0 0 0 0 0 0 0 0 0 0 0 0 0 0 0 0 0 0 0 0 38 11 0 80 0 0 0 -999
P14805 2028 10 0 0 0 0 0 0 0 0 0 28 11 0 0 19 0 0 0 0 16 0 0 0 0 0 0 0 0 0 0 0 0
P14805 2028 11 0 0 18 0 122 45 4 5 4 0 0 0 23 23 2 2 1 35 7 15 112 23 19 7 8 9 46 18 35 6 -999
P14805 2028 12 3 6 17 18 0 0 0 0 0 0 0 6 10 3 0 0 22 75 100 152 168 89 11 9 4 5 11 35 6 66 2
P14805 2029 1 2 0 56 77 12 7 0 33 10 42 54 155 45 15 26 105 37 8 2 0 0 0 0 0 0 0 0 0 16 21 32
P14805 2029 2 128 29 34 32 35 2 2 3 0 28 4 2 25 7 0 4 0 0 0 4 0 1 1 3 4 5 21 0 -999 -999 -999
P14805 2029 3 0 38 0 73 65 108 44 57 29 7 7 1 1 7 3 1 1 3 3 77 9 4 5 0 0 0 0 0 0 0 19
P14805 2029 4 0 0 38 20 0 7 0 0 0 0 0 0 0 53 13 20 4 19 2 1 0 0 0 0 0 0 4 25 29 31 -999
P14805 2029 5 10 2 55 94 117 30 119 44 17 10 3 4 12 0 0 0 0 0 11 8 0 0 0 0 24 0 0 0 0 0 0
P14805 2029 6 0 0 0 0 0 0 0 0 0 0 0 0 0 0 0 0 0 0 0 0 0 0 0 0 0 0 0 0 0 0 -999
P14805 2029 7 0 0 0 0 0 0 0 0 0 0 0 0 0 0 0 0 0 0 0 0 0 0 0 0 0 0 0 0 0 0 0
P14805 2029 8 0 0 0 0 0 0 0 0 0 0 0 0 0 0 0 0 0 0 0 0 0 0 0 0 0 0 0 0 0 0 0
P14805 2029 9 0 0 0 0 0 0 0 0 0 0 0 0 0 0 0 0 0 6 0 57 0 0 11 7 51 87 19 0 0 0 -999
P14805 2029 10 0 0 0 0 0 0 0 0 0 0 0 0 0 0 0 0 0 17 0 1 0 0 0 0 49 46 0 0 39 91 10
P14805 2029 11 0 0 0 0 0 0 0 0 0 0 0 0 0 0 0 0 17 17 5 0 0 17 26 118 4 1 24 6 10 0 -999
P14805 2029 12 3 14 43 59 167 6 6 17 19 4 8 2 11 2 1 1 36 3 0 0 5 147 33 21 33 10 69 97 123 8 0
P14805 2030 1 0 0 0 0 0 26 38 0 0 34 12 0 0 6 16 141 14 0 3 7 36 0 0 10 28 2 27 82 6 0 0
P14805 2030 2 6 28 68 36 109 51 22 9 0 0 0 0 0 0 0 48 17 5 0 0 0 16 4 0 55 10 0 0 -999 -999 -999
P14805 2030 3 0 0 0 0 0 0 0 0 0 0 0 0 0 0 0 0 16 32 10 0 0 10 0 0 0 0 20 26 181 27 77
P14805 2030 4 148 44 13 3 0 0 0 15 21 17 17 0 14 22 65 22 25 67 18 11 4 0 0 7 21 14 6 0 44 4 -999
P14805 2030 5 2 2 4 0 0 0 0 0 0 6 9 8 6 26 117 59 18 78 20 0 0 0 0 0 0 0 0 0 0 0 0
P14805 2030 6 0 0 0 0 0 0 0 0 0 0 0 0 0 0 0 0 11 16 11 11 4 7 0 0 0 0 0 0 0 0 -999
P14805 2030 7 0 0 0 0 0 0 0 0 0 0 0 0 0 0 0 0 0 0 0 0 0 0 0 0 0 0 0 0 0 0 0
P14805 2030 8 0 0 0 0 0 0 0 0 0 0 0 0 0 0 0 0 0 0 0 0 0 0 0 0 0 0 0 0 0 0 0
P14805 2030 9 0 0 0 0 0 0 0 0 38 0 0 0 0 0 0 70 43 8 8 10 77 88 23 4 5 0 21 12 8 3 -999
P14805 2030 10 0 0 0 0 0 18 0 130 63 84 14 60 26 12 9 4 30 75 132 208 108 89 42 107 12 0 0 0 37 26 9
P14805 2030 11 9 0 60 36 51 21 147 74 174 148 36 17 7 78 37 25 144 43 38 14 31 63 26 16 16 21 7 75 28 5 -999
P14805 2030 12 2 2 1 1 5 12 14 5 2 2 18 9 0 0 0 0 0 0 1 0 2 1 0 0 3 15 43 18 55 28 45
P14805 2031 1 31 1 9 32 17 35 19 128 133 37 18 32 218 52 82 0 0 2 5 2 1 0 4 0 0 0 0 0 2 0 0
P14805 2031 2 0 0 0 0 0 0 0 0 20 0 0 0 0 0 0 0 0 0 0 0 15 15 28 8 0 29 0 0 -999 -999 -999
P14805 2031 3 0 1 7 12 16 40 6 18 102 57 16 33 70 5 3 3 4 3 2 1 0 0 0 0 0 0 0 0 5 0 18
P14805 2031 4 12 62 5 2 5 17 76 13 11 31 21 33 117 7 0 0 0 0 0 0 0 0 0 0 0 0 0 0 0 0 -999
P14805 2031 5 0 15 40 19 22 16 0 0 0 0 18 0 0 0 0 0 0 0 0 0 0 0 0 0 0 0 0 0 0 0 0
P14805 2031 6 0 0 0 0 0 0 0 33 0 0 0 0 0 0 0 0 0 0 0 0 0 0 0 0 0 0 0 0 0 0 -999
P14805 2031 7 0 0 0 0 0 0 0 0 0 0 0 0 0 15 6 4 7 0 0 0 0 0 0 0 0 0 0 0 0 0 0
P14805 2031 8 0 0 0 0 0 0 0 0 0 0 5 6 0 0 0 0 0 0 0 0 0 0 0 0 0 0 0 0 0 0 0
P14805 2031 9 0 0 0 0 0 0 0 0 0 0 0 0 0 0 0 0 0 0 0 0 0 97 48 0 41 21 40 13 5 0 -999
P14805 2031 10 0 0 7 0 0 0 0 0 34 0 0 0 0 0 0 0 0 0 0 0 0 19 0 0 34 0 0 34 18 40 9
P14805 2031 11 2 10 55 82 59 56 73 56 25 35 72 51 131 152 176 93 31 127 135 168 196 51 34 5 49 42 0 92 49 50 -999
P14805 2031 12 149 133 60 60 161 21 87 28 13 20 9 5 1 0 5 4 2 3 1 0 59 19 15 14 10 10 6 77 9 28 5
P14805 2032 1 7 29 82 179 111 116 175 100 34 2 9 47 3 20 35 10 0 0 7 4 0 0 1 0 2 23 17 58 40 45 14
P14805 2032 2 5 0 0 0 3 5 7 2 0 0 105 127 8 2 0 0 0 0 0 0 0 9 0 0 0 0 0 66 -999 -999 -999
P14805 2032 3 0 0 0 0 0 0 0 0 0 14 3 2 4 4 0 0 0 0 0 0 0 0 0 0 0 0 0 0 0 0 0
P14805 2032 4 16 16 10 39 61 31 100 71 33 18 7 0 0 44 46 84 21 4 0 0 0 7 21 90 43 7 0 0 0 0 -999
P14805 2032 5 14 12 15 4 0 0 0 0 0 0 0 0 0 0 5 12 12 7 0 0 0 9 9 0 5 5 0 0 0 21 40
P14805 2032 6 0 0 0 0 0 0 0 0 0 0 0 0 0 0 0 0 0 0 0 0 0 0 0 0 0 0 0 0 0 0 -999
P14805 2032 7 0 0 0 0 0 0 0 0 0 0 0 0 0 0 0 0 0 0 0 0 0 0 0 0 0 0 0 0 0 0 0
P14805 2032 8 0 0 0 0 0 0 0 0 0 0 0 0 0 0 0 0 0 0 0 0 0 0 0 0 0 0 0 0 0 0 0
P14805 2032 9 0 0 0 0 0 0 0 0 0 0 0 0 13 15 23 60 69 9 0 0 0 0 0 0 0 0 0 0 0 0 -999
P14805 2032 10 0 0 26 0 0 0 7 7 9 0 0 0 0 0 61 79 21 0 0 0 20 57 83 13 5 0 0 56 148 8 17
P14805 2032 11 4 6 9 20 18 0 0 0 0 0 0 0 0 0 0 0 0 0 0 0 1 1 4 8 14 34 86 11 160 186 -999
P14805 2032 12 33 43 49 30 0 0 0 0 0 14 0 0 0 0 0 0 0 0 0 11 2 0 0 11 12 0 0 0 0 0 0
P14805 2033 1 3 25 54 48 38 20 29 27 47 189 78 66 133 8 54 139 79 0 15 0 0 0 19 11 31 51 51 39 11 57 6
P14805 2033 2 0 0 0 0 6 3 6 28 53 19 147 39 23 0 0 0 0 0 29 4 1 1 0 58 5 2 0 0 -999 -999 -999
P14805 2033 3 5 1 0 0 0 0 5 2 0 7 16 9 12 0 0 0 0 0 0 0 22 18 12 0 0 0 10 72 7 8 0
P14805 2033 4 0 0 0 51 25 10 0 9 12 18 17 19 21 20 14 103 135 53 35 38 75 94 19 22 23 6 19 0 57 10 -999
P14805 2033 5 3 0 27 63 24 0 0 1 1 0 3 9 10 22 9 12 83 24 10 18 84 10 6 4 0 0 0 0 0 0 0
P14805 2033 6 0 0 0 0 0 0 0 0 0 0 0 0 0 0 0 0 0 0 0 0 0 0 0 0 0 0 0 0 0 0 -999
P14805 2033 7 0 0 0 0 0 0 0 0 0 0 0 0 0 0 0 0 0 0 0 0 0 0 0 0 0 0 0 0 0 0 0
P14805 2033 8 0 0 0 0 0 0 0 0 0 0 0 0 0 0 0 0 0 0 0 0 0 0 0 0 0 0 0 0 0 0 0
P14805 2033 9 0 0 0 0 0 0 8 4 0 0 0 0 0 0 50 12 0 0 0 0 0 0 0 0 0 0 0 0 0 0 -999
P14805 2033 10 0 0 0 37 119 75 90 45 23 43 201 122 140 23 0 0 0 0 0 0 0 0 19 32 29 4 0 0 11 7 13
P14805 2033 11 47 90 176 110 7 1 0 0 1 2 4 0 0 0 0 10 9 6 2 1 1 2 0 0 0 0 0 0 0 0 -999
P14805 2033 12 0 0 0 3 1 0 2 8 2 2 19 7 1 0 0 0 0 0 0 0 0 0 0 0 0 0 0 0 0 0 0
P14805 2034 1 0 4 5 3 2 3 5 5 4 5 59 23 63 27 58 13 9 2 5 0 0 0 0 0 0 0 0 0 0 0 0
P14805 2034 2 0 0 0 0 0 0 7 0 0 2 0 0 0 5 17 7 0 0 0 7 0 0 0 0 0 0 8 32 -999 -999 -999
P14805 2034 3 31 68 79 54 52 30 17 26 0 0 0 0 0 0 6 0 0 0 0 0 0 0 16 27 0 0 0 0 0 0 0
P14805 2034 4 0 0 0 0 0 0 0 0 0 0 0 0 0 0 0 0 0 5 9 12 25 3 0 0 0 0 0 0 0 0 -999
P14805 2034 5 0 0 0 0 0 0 0 0 0 7 0 0 0 0 0 0 0 0 0 0 0 0 0 0 0 0 0 0 0 0 0
P14805 2034 6 0 0 0 15 35 21 8 0 0 0 0 0 0 0 0 0 0 0 0 0 0 0 0 0 0 0 0 0 0 0 -999
P14805 2034 7 0 0 0 0 0 0 0 0 13 6 0 0 0 0 0 0 0 0 0 0 0 0 0 0 0 9 0 0 10 11 0
P14805 2034 8 20 74 14 0 0 0 0 0 0 0 0 0 0 0 0 0 0 0 0 0 0 0 0 0 0 0 0 0 0 0 0
P14805 2034 9 0 0 0 0 0 0 0 0 0 0 0 0 0 0 0 0 0 0 0 0 0 0 0 0 0 24 0 0 0 33 -999
P14805 2034 10 28 10 28 12 119 85 0 4 21 97 19 4 1 4 0 10 0 0 0 0 0 0 0 0 37 70 18 44 34 0 0
P14805 2034 11 0 0 0 0 0 0 22 16 88 6 0 16 0 0 0 0 0 0 0 0 0 25 33 129 46 74 4 8 7 72 -999
P14805 2034 12 4 0 0 0 0 16 18 17 16 4 3 1 10 121 179 8 0 11 2 5 4 2 0 3 12 18 25 5 60 11 106
P14805 2035 1 7 4 16 75 68 73 42 60 0 12 33 12 42 23 21 13 42 2 3 30 142 192 26 43 10 6 0 0 0 0 0
P14805 2035 2 11 21 3 1 0 0 17 0 1 0 2 1 0 0 0 0 2 0 0 5 69 48 132 90 31 6 40 64 -999 -999 -999
P14805 2035 3 31 102 28 25 107 34 32 23 9 6 2 8 0 92 150 98 64 31 50 52 168 176 49 19 133 76 7 70 31 61 154
P14805 2035 4 41 35 20 136 120 84 75 87 73 15 9 32 9 0 0 0 0 0 0 0 68 91 87 29 15 11 15 52 68 52 -999
P14805 2035 5 74 0 0 0 0 0 0 0 0 0 0 0 0 0 0 0 0 0 0 0 0 0 49 78 0 0 0 0 0 0 0
P14805 2035 6 0 0 0 0 15 60 23 13 97 23 51 0 0 0 0 0 0 0 0 0 0 0 0 0 0 0 0 0 0 0 -999
P14805 2035 7 0 0 0 0 0 0 0 0 0 0 0 0 0 0 0 0 0 0 0 0 0 0 0 0 0 0 0 0 0 0 0
P14805 2035 8 0 0 0 0 0 0 0 0 0 0 0 0 0 0 0 0 0 0 0 0 0 0 0 0 0 0 0 0 0 0 0
P14805 2035 9 0 0 0 0 0 0 0 0 0 0 0 0 0 0 0 0 0 0 0 0 0 0 0 0 0 0 0 0 0 0 -999
P14805 2035 10 0 0 22 0 0 0 0 0 0 0 0 0 34 101 19 0 0 0 0 92 42 0 0 0 0 0 0 0 0 0 0
P14805 2035 11 0 0 0 23 29 0 25 12 11 0 0 0 0 0 0 0 0 0 0 0 0 0 0 0 3 0 0 0 9 0 -999
P14805 2035 12 22 10 22 71 191 179 47 42 25 25 8 4 7 6 5 7 0 5 54 75 172 39 0 0 0 0 0 0 0 0 3
P14805 2036 1 4 3 2 0 2 5 3 2 3 7 11 20 14 1 0 0 3 26 57 7 64 41 10 2 1 1 16 4 2 2 14
P14805 2036 2 4 0 0 0 5 9 15 25 20 8 15 69 58 14 5 6 5 0 0 0 0 0 0 0 0 0 12 23 -999 -999 -999
P14805 2036 3 155 79 13 26 18 74 0 0 0 0 0 0 0 7 8 3 0 0 0 0 0 0 0 0 0 4 8 16 9 7 43
P14805 2036 4 47 51 32 3 0 0 0 0 5 0 0 0 0 0 0 0 0 0 0 0 0 0 11 18 12 29 4 5 0 0 -999
P14805 2036 5 0 0 17 9 6 2 0 0 0 0 28 27 16 8 7 8 8 3 0 0 0 0 0 0 0 0 0 0 0 0 0
P14805 2036 6 27 27 0 0 0 0 0 0 0 0 0 0 0 0 0 0 0 0 0 0 0 0 0 0 0 0 0 0 0 0 -999
P14805 2036 7 0 0 0 0 0 0 0 0 0 0 0 0 0 0 0 0 0 0 0 0 0 0 0 0 0 0 0 0 0 0 0
P14805 2036 8 0 0 0 0 0 0 0 0 0 0 0 0 0 0 0 0 0 0 0 0 0 0 0 0 0 0 0 0 0 0 0
P14805 2036 9 0 0 0 0 0 0 0 0 0 0 0 0 0 0 0 0 0 0 0 0 0 0 0 0 0 0 0 0 0 0 -999
P14805 2036 10 0 11 0 3 17 2 0 0 0 0 24 0 0 0 0 0 0 0 0 0 0 0 0 0 0 61 0 78 127 79 26
P14805 2036 11 8 0 0 0 0 17 6 143 16 4 9 10 24 81 88 42 8 0 28 27 2 0 0 0 0 7 94 23 3 0 -999
P14805 2036 12 1 2 16 39 29 0 1 0 0 0 5 15 5 6 7 5 0 4 9 0 24 31 26 0 8 7 3 0 0 0 0
P14805 2037 1 0 3 0 0 0 2 3 3 27 55 8 143 66 0 0 0 0 0 84 98 179 31 30 164 81 14 216 68 69 15 3
P14805 2037 2 0 0 0 27 23 16 26 0 39 8 1 0 0 2 0 0 0 0 0 0 0 0 6 3 2 25 36 8 -999 -999 -999
P14805 2037 3 3 0 0 0 0 0 0 4 5 15 8 24 126 80 85 39 22 10 0 0 23 16 38 80 117 9 12 27 37 47 0
P14805 2037 4 22 0 18 8 8 12 15 9 13 2 1 2 9 157 52 14 14 20 8 15 26 45 44 35 16 0 0 0 0 0 -999
P14805 2037 5 0 0 0 0 0 0 0 0 0 8 7 6 0 6 11 3 15 21 6 0 17 57 28 21 113 20 7 3 7 8 0
P14805 2037 6 0 0 0 0 0 0 0 0 16 0 0 0 0 0 0 0 20 21 17 0 0 0 0 0 0 0 0 0 0 0 -999
P14805 2037 7 0 0 0 0 0 0 0 0 0 0 0 0 0 0 0 0 0 0 0 0 0 0 0 0 0 0 0 0 0 0 0
P14805 2037 8 0 0 0 0 0 0 0 0 0 0 0 0 0 0 0 0 0 0 0 0 0 0 0 0 0 0 0 0 0 0 0
P14805 2037 9 0 0 0 0 0 0 0 0 0 0 0 0 0 0 0 0 0 0 0 0 0 0 0 0 0 0 0 0 24 20 -999
P14805 2037 10 3 0 0 0 0 0 0 0 0 3 65 9 0 0 0 0 0 0 4 5 0 0 9 14 23 20 0 0 0 0 0
P14805 2037 11 0 0 0 0 0 0 13 20 0 0 23 40 38 133 43 1 0 0 7 64 10 14 106 39 16 12 34 20 31 7 -999
P14805 2037 12 14 6 22 44 66 25 11 12 48 29 41 13 7 6 1 1 20 25 5 0 0 0 30 0 0 0 0 2 8 4 5
P14805 2038 1 10 56 0 54 33 5 11 1 6 11 14 11 15 66 24 0 87 5 3 0 0 13 38 172 0 66 50 69 135 60 2
P14805 2038 2 5 15 26 95 34 46 10 6 13 11 0 0 0 0 16 12 3 19 3 0 0 0 21 3 0 0 0 12 -999 -999 -999
P14805 2038 3 67 32 50 50 137 62 95 30 17 30 8 0 0 0 0 0 0 14 0 59 20 6 3 9 0 20 9 9 12 10 7
P14805 2038 4 2 0 0 0 0 0 8 26 0 0 0 0 0 0 0 0 0 0 0 0 0 38 0 0 0 16 0 0 0 0 -999
P14805 2038 5 0 0 0 8 0 0 0 0 0 0 0 0 0 0 0 0 0 48 50 24 0 0 0 0 6 5 0 11 9 0 0
P14805 2038 6 0 12 0 35 0 0 0 0 0 0 0 0 5 0 0 0 0 0 0 0 0 0 0 0 0 0 0 0 0 0 -999
P14805 2038 7 0 0 0 0 0 0 0 0 0 0 0 0 0 0 0 0 0 0 0 0 0 0 0 0 0 0 0 0 0 0 0
P14805 2038 8 0 0 0 0 0 0 0 0 0 0 0 0 0 0 0 0 0 0 0 0 0 0 0 0 0 0 0 0 0 0 0
P14805 2038 9 0 0 0 0 0 0 0 0 0 0 0 0 0 0 0 0 0 0 0 0 0 29 0 27 0 0 0 0 0 0 -999
P14805 2038 10 0 0 0 0 0 0 0 0 0 0 0 0 0 0 0 0 0 22 20 11 0 52 78 0 0 0 0 0 0 0 5
P14805 2038 11 29 17 24 4 8 36 11 0 21 26 13 104 28 118 100 26 26 8 5 3 0 1 2 5 1 0 5 0 5 1 -999
P14805 2038 12 4 11 15 14 11 7 18 10 3 12 127 114 187 21 77 61 14 108 68 55 172 0 0 0 0 22 81 20 0 0 42
P14805 2039 1 0 16 18 17 26 6 1 0 0 0 0 0 0 0 6 18 34 3 0 15 6 7 27 26 11 9 10 4 0 1 0
P14805 2039 2 13 0 0 0 0 0 0 0 0 0 0 0 0 12 14 18 10 0 4 0 0 0 7 39 67 8 3 10 -999 -999 -999
P14805 2039 3 3 0 0 0 0 0 5 52 14 0 0 75 17 39 14 7 0 0 0 0 0 0 0 0 0 0 0 0 0 0 0
P14805 2039 4 0 0 0 0 0 0 0 0 0 0 0 0 0 34 15 0 0 0 0 0 8 6 0 0 0 0 0 0 0 0 -999
P14805 2039 5 0 0 0 0 0 0 0 0 0 0 0 0 0 0 0 38 15 6 0 4 5 7 0 0 0 0 0 0 0 0 0
P14805 2039 6 47 28 52 89 19 3 0 0 0 0 0 0 0 0 0 0 0 0 0 0 0 0 0 0 0 0 0 0 0 0 -999
P14805 2039 7 0 0 0 0 0 0 0 0 0 0 0 0 0 0 0 0 0 0 0 0 0 0 0 0 0 0 0 0 0 0 0
P14805 2039 8 0 0 0 0 0 0 0 0 0 0 0 0 0 0 0 0 0 0 0 0 0 0 0 0 0 0 0 0 0 0 0
P14805 2039 9 0 0 0 0 0 0 0 0 0 0 0 0 0 0 0 0 0 0 0 0 0 0 0 0 0 0 0 0 0 0 -999
P14805 2039 10 0 0 0 0 0 0 0 0 0 0 0 0 0 0 0 0 0 5 6 33 8 108 47 19 15 10 143 52 41 144 11
P14805 2039 11 2 0 0 0 0 4 0 14 46 13 16 22 19 16 11 17 6 22 72 41 19 13 18 0 0 0 13 87 4 7 -999
P14805 2039 12 13 37 17 37 208 147 41 83 97 0 0 0 0 32 29 0 10 26 63 45 4 7 23 47 39 23 47 142 39 64 84
P14805 2040 1 53 49 17 88 183 185 59 16 25 34 106 97 66 8 21 88 16 13 87 11 0 0 0 0 0 6 0 0 0 0 0
P14805 2040 2 0 0 4 6 6 0 0 0 1 3 0 0 1 2 3 3 2 3 0 1 0 2 0 0 0 0 0 0 -999 -999 -999
P14805 2040 3 0 0 0 0 0 0 0 0 0 0 0 0 0 0 0 0 0 0 0 0 0 0 31 93 56 90 18 15 54 108 37
P14805 2040 4 22 117 61 22 4 10 10 2 0 0 0 0 8 13 0 68 108 8 0 0 17 17 9 15 45 50 7 3 0 5 -999
P14805 2040 5 2 3 4 0 0 0 0 0 0 0 0 0 0 0 7 0 0 0 0 21 8 0 0 0 0 0 0 0 0 0 0
P14805 2040 6 9 0 0 0 0 0 0 0 0 0 0 0 0 0 0 0 0 0 0 0 0 0 0 0 0 0 0 0 0 0 -999
P14805 2040 7 0 0 0 0 0 0 0 0 0 0 0 0 0 0 0 0 0 0 0 0 0 0 0 0 0 0 0 0 0 0 0
P14805 2040 8 0 0 0 0 0 0 0 0 0 0 0 0 0 0 0 0 0 0 0 0 0 0 0 0 0 0 0 0 0 0 0
P14805 2040 9 0 0 0 0 0 0 0 0 0 0 0 0 0 0 0 0 0 0 0 0 0 0 0 0 0 0 0 21 8 0 -999
P14805 2040 10 2 0 0 0 0 0 0 0 0 0 0 0 0 0 0 0 0 0 0 10 6 4 5 0 0 22 9 19 0 0 31
P14805 2040 11 29 33 4 0 0 24 144 73 57 24 11 11 9 10 10 4 2 2 1 0 0 0 0 32 0 0 0 0 0 0 -999
P14805 2040 12 0 0 0 0 20 69 67 1 8 0 0 0 0 15 4 0 0 0 0 0 7 0 0 0 2 6 11 33 13 7 12
P14805 2041 1 0 0 0 0 0 0 2 0 0 0 0 0 0 8 2 0 0 0 5 9 38 85 82 71 69 129 127 74 31 5 3
P14805 2041 2 0 0 3 0 32 36 172 111 27 90 21 11 83 7 86 105 70 70 61 28 153 36 23 59 19 14 2 1 -999 -999 -999
P14805 2041 3 8 0 0 0 1 2 4 5 24 6 6 9 8 14 16 11 67 121 79 40 13 97 46 12 24 170 97 88 98 112 25
P14805 2041 4 1 0 0 0 0 0 0 0 0 0 2 3 5 2 4 2 25 159 23 38 35 8 20 111 51 19 3 5 0 0 -999
P14805 2041 5 0 0 0 37 0 0 0 0 0 57 20 0 0 0 0 0 0 0 26 22 0 0 26 39 28 49 109 31 8 11 5
P14805 2041 6 2 0 0 0 9 0 0 0 0 0 0 0 0 0 0 0 0 0 0 0 0 0 0 0 0 0 0 0 0 0 -999
P14805 2041 7 0 0 0 0 0 0 0 0 0 17 0 0 0 0 17 42 21 13 8 0 0 0 0 0 38 93 56 21 0 0 0
P14805 2041 8 0 0 0 0 0 0 0 0 0 0 0 0 0 0 0 0 0 0 0 0 0 0 0 0 0 0 0 0 0 0 0
P14805 2041 9 0 0 0 0 0 0 0 0 0 0 0 0 0 0 0 0 0 0 0 0 0 0 43 95 117 17 0 0 0 0 -999
P14805 2041 10 0 79 7 4 0 0 0 0 0 0 0 0 0 0 0 0 0 0 0 0 31 70 13 0 0 24 0 0 0 0 0
P14805 2041 11 0 0 0 28 27 31 24 36 56 61 87 38 102 76 99 47 106 217 59 106 147 108 81 236 37 11 66 51 17 4 -999
P14805 2041 12 4 40 4 89 136 23 0 17 0 7 39 18 28 116 89 133 83 39 72 88 8 2 12 0 0 1 0 2 0 3 0
P14805 2042 1 0 0 0 0 0 17 44 7 3 4 4 4 0 0 0 0 0 0 0 0 0 0 0 0 0 0 0 0 0 0 0
P14805 2042 2 3 0 0 0 0 0 0 0 0 0 0 0 0 0 0 0 0 0 7 0 0 0 0 0 0 0 0 0 -999 -999 -999
P14805 2042 3 0 0 0 0 0 0 8 0 0 0 0 12 13 12 29 27 0 0 18 78 11 10 6 79 9 3 4 8 0 55 154
P14805 2042 4 15 15 7 18 50 19 40 7 14 5 15 18 6 29 10 17 8 0 0 0 0 19 92 42 14 9 13 19 16 70 -999
P14805 2042 5 102 39 20 3 0 0 0 0 0 0 0 0 0 0 0 0 0 0 0 0 0 0 0 0 0 0 0 0 0 0 0
P14805 2042 6 0 5 10 6 0 0 0 0 0 0 0 0 0 0 0 0 0 0 0 0 0 0 0 0 0 0 0 0 0 0 -999
P14805 2042 7 0 0 0 0 0 0 0 0 0 0 0 0 0 0 0 0 0 0 0 0 0 0 0 0 0 0 0 0 0 0 0
P14805 2042 8 0 0 0 0 0 0 0 0 0 0 0 0 0 0 0 0 0 0 0 0 0 0 0 0 0 0 0 0 0 0 0
P14805 2042 9 0 0 0 0 0 0 0 0 0 0 0 0 0 0 0 0 0 0 0 0 0 0 0 0 0 0 0 0 0 0 -999
P14805 2042 10 0 0 21 9 0 0 0 0 0 0 0 0 0 0 8 7 6 22 10 66 33 9 4 1 0 0 10 14 4 0 0
P14805 2042 11 0 0 0 0 0 0 64 29 5 0 0 0 0 0 0 0 5 9 16 64 2 0 0 0 0 0 0 8 68 10 -999
P14805 2042 12 9 26 51 68 22 27 7 39 57 71 30 61 71 137 37 12 174 51 18 8 5 7 132 58 0 3 0 0 0 0 0
P14805 2043 1 6 0 12 15 6 21 4 1 0 0 2 8 22 39 15 50 9 8 22 60 26 129 42 16 2 1 10 11 22 2 0
P14805 2043 2 0 0 0 2 0 32 81 0 0 0 0 0 0 0 0 0 0 0 0 0 0 0 4 3 5 5 0 0 -999 -999 -999
P14805 2043 3 0 5 35 87 16 13 61 178 34 22 17 23 45 0 59 0 0 79 60 0 124 30 21 13 29 7 5 45 8 10 17
P14805 2043 4 38 3 6 17 0 0 0 0 0 0 36 0 0 0 24 63 44 0 12 116 0 0 0 0 0 0 0 0 11 0 -999
P14805 2043 5 0 0 0 0 0 0 0 0 0 0 0 0 0 0 0 0 0 0 0 0 0 0 38 28 0 0 53 50 12 18 17
P14805 2043 6 9 6 0 0 0 0 0 0 0 0 0 0 0 0 0 0 0 0 0 0 0 0 0 0 0 0 0 0 0 0 -999
P14805 2043 7 0 0 0 0 0 0 0 0 0 0 0 0 0 0 0 0 0 0 0 0 0 0 0 0 0 0 0 0 0 0 0
P14805 2043 8 0 0 0 0 0 0 0 0 0 0 0 0 0 0 0 0 0 0 0 0 0 0 0 0 20 13 0 8 10 0 0
P14805 2043 9 0 0 0 0 0 0 0 0 0 0 0 0 0 0 0 0 0 0 0 0 0 0 0 0 0 0 0 0 0 13 -999
P14805 2043 10 0 0 0 0 0 0 0 0 0 8 0 0 0 16 37 0 25 6 0 0 0 48 66 22 57 21 8 71 19 11 40
P14805 2043 11 0 0 0 0 0 0 0 0 0 0 38 39 144 95 5 0 0 0 0 0 0 0 1 9 22 17 6 65 17 8 -999
P14805 2043 12 10 9 0 0 0 0 3 3 21 72 94 109 12 9 7 4 0 56 47 13 208 135 12 0 29 48 16 1 0 0 0
P14805 2044 1 0 4 2 0 1 18 3 1 0 9 8 2 0 0 19 8 40 131 18 3 5 14 0 0 0 7 13 128 8 4 1
P14805 2044 2 0 0 0 0 31 15 0 0 14 37 29 0 0 0 0 0 0 0 0 0 0 0 4 73 59 1 19 19 -999 -999 -999
P14805 2044 3 4 34 15 13 25 8 3 37 6 4 4 3 0 0 0 7 7 16 19 12 5 4 0 0 3 21 55 46 20 41 8
P14805 2044 4 0 4 0 0 0 0 0 0 0 0 0 11 14 19 3 0 0 0 0 0 0 0 0 0 38 54 58 5 13 0 -999
P14805 2044 5 0 0 0 0 36 8 0 13 31 18 7 0 0 18 0 0 0 0 38 33 26 0 0 8 37 36 51 37 11 9 0
P14805 2044 6 0 0 0 0 0 20 10 4 0 0 0 0 0 0 0 0 0 0 0 0 0 0 0 0 0 0 0 0 15 0 -999
P14805 2044 7 35 0 0 0 0 0 0 0 0 0 0 0 0 0 0 0 0 0 0 0 0 0 0 0 0 0 0 0 0 0 0
P14805 2044 8 0 0 0 0 0 0 0 0 0 0 0 0 0 0 0 0 0 0 0 0 0 0 0 0 0 0 0 0 0 0 0
P14805 2044 9 0 0 0 0 0 0 0 0 0 0 0 0 0 0 0 0 0 0 0 0 0 0 0 84 58 23 0 0 37 96 -999
P14805 2044 10 19 0 0 14 0 0 0 0 0 0 0 0 0 0 5 4 13 0 31 168 23 0 0 0 0 0 0 0 0 0 0
P14805 2044 11 16 17 17 0 21 5 13 44 5 1 64 98 47 50 19 50 122 40 97 76 138 40 39 135 71 221 75 15 26 12 -999
P14805 2044 12 10 0 0 0 1 0 0 0 48 74 13 10 21 0 0 0 0 0 0 12 3 22 8 14 3 0 5 5 71 5 40
P14805 2045 1 82 35 12 14 38 36 146 51 7 10 97 43 117 93 44 92 34 6 0 0 0 0 0 0 0 0 0 0 0 0 0
P14805 2045 2 6 32 16 0 31 35 5 0 0 3 7 12 6 0 7 1 1 1 0 0 12 1 0 0 0 0 0 0 -999 -999 -999
P14805 2045 3 0 0 0 0 0 0 10 36 15 0 10 43 35 11 89 12 3 1 1 0 0 0 1 2 3 3 1 0 0 0 0
P14805 2045 4 65 0 14 9 37 112 31 2 12 39 66 5 9 31 0 36 0 0 0 0 0 0 0 0 0 0 0 0 0 0 -999
P14805 2045 5 13 0 0 0 0 0 0 0 19 5 1 0 0 0 0 0 0 0 0 0 52 3 0 0 0 0 0 0 0 0 0
P14805 2045 6 0 0 0 0 0 0 0 0 0 0 0 18 0 0 0 0 0 0 0 0 19 32 57 62 51 25 7 0 0 0 -999
P14805 2045 7 0 0 0 0 0 0 0 0 0 0 0 0 0 0 0 0 0 0 0 0 0 0 0 0 0 0 0 0 0 0 0
P14805 2045 8 0 0 0 0 0 0 0 0 0 0 0 0 0 0 0 0 0 0 0 0 0 0 0 0 0 0 0 0 0 0 0
P14805 2045 9 0 0 0 0 0 0 0 0 0 0 0 0 0 0 0 0 17 0 0 0 0 0 0 0 0 0 0 0 24 52 -999
P14805 2045 10 8 0 0 63 0 0 0 0 0 0 0 0 0 0 137 69 106 109 33 0 0 0 0 0 0 0 0 0 0 0 30
P14805 2045 11 42 34 3 1 14 0 0 0 0 0 0 2 5 6 53 180 205 45 10 0 0 0 35 93 10 38 184 25 25 6 -999
P14805 2045 12 7 11 13 3 8 8 7 7 0 2 0 0 0 0 1 0 0 38 0 45 47 19 27 53 89 109 73 5 1 2 4
P14805 2046 1 6 56 121 53 207 53 141 66 36 62 166 54 16 7 79 47 42 9 15 97 7 5 13 0 2 24 49 31 26 20 0
P14805 2046 2 0 64 31 0 0 7 9 4 6 3 11 19 29 24 28 37 22 12 6 11 7 54 14 10 8 41 81 62 -999 -999 -999
P14805 2046 3 36 150 96 13 12 101 135 144 196 29 39 102 176 25 82 50 203 34 10 15 29 9 5 1 0 0 12 63 27 4 9
P14805 2046 4 1 6 27 95 18 5 7 27 10 12 10 4 15 10 46 5 57 70 50 23 18 16 55 128 22 10 8 22 21 5 -999
P14805 2046 5 0 0 17 12 0 0 9 2 0 0 0 0 0 0 0 0 25 4 1 0 0 0 0 0 0 20 23 8 5 0 0
P14805 2046 6 0 0 0 0 0 0 0 0 0 0 0 0 0 0 0 0 0 17 34 23 0 0 0 0 0 0 0 0 0 0 -999
P14805 2046 7 0 0 0 0 0 0 0 39 0 0 0 0 0 0 0 0 0 0 0 0 0 0 0 0 0 0 0 0 0 0 0
P14805 2046 8 0 0 0 0 0 0 0 0 0 0 0 0 0 0 0 0 18 0 0 0 0 0 0 0 0 0 0 0 0 0 0
P14805 2046 9 0 0 0 0 0 0 0 0 0 0 0 0 0 0 0 0 0 0 0 0 0 0 0 0 0 0 0 0 31 0 -999
P14805 2046 10 0 0 22 0 10 57 27 44 3 0 0 0 0 0 0 0 0 0 0 33 12 89 14 12 48 7 14 27 11 22 50
P14805 2046 11 3 0 0 0 37 51 14 20 6 2 0 0 3 16 0 0 0 0 0 0 0 12 5 13 22 4 3 0 66 88 -999
P14805 2046 12 191 68 36 15 49 44 49 14 15 22 15 52 9 87 106 29 21 56 6 0 2 0 1 0 0 0 0 0 0 0 0
P14805 2047 1 0 0 0 0 1 0 6 44 4 24 35 45 36 77 159 278 248 22 193 7 17 37 7 0 0 0 0 0 0 0 6
P14805 2047 2 17 30 13 21 75 26 43 5 4 0 0 0 4 20 0 1 0 0 1 0 1 1 3 42 40 10 29 8 -999 -999 -999
P14805 2047 3 7 14 20 9 28 107 38 12 0 0 0 0 0 0 0 0 0 0 0 0 0 9 64 15 9 3 6 1 0 24 27
P14805 2047 4 53 4 13 9 5 16 30 25 22 110 183 46 8 30 170 19 1 41 6 0 0 5 0 0 0 0 0 0 0 0 -999
P14805 2047 5 0 0 0 0 0 0 0 0 0 0 0 0 26 19 0 0 0 0 0 0 0 0 0 0 0 0 0 0 0 0 0
P14805 2047 6 0 0 0 0 0 0 0 0 0 0 0 0 0 0 28 15 5 0 0 0 0 0 0 0 0 0 0 0 0 0 -999
P14805 2047 7 0 10 0 0 0 0 0 0 0 0 0 0 9 41 0 0 0 0 36 57 11 0 0 0 0 0 0 0 0 0 0
P14805 2047 8 0 0 0 0 0 0 0 0 0 0 0 0 0 0 0 0 0 0 0 0 0 0 0 0 0 0 0 0 0 0 0
P14805 2047 9 0 0 0 0 0 0 0 0 0 0 0 0 0 0 29 32 9 0 0 0 0 0 0 0 0 0 0 0 0 0 -999
P14805 2047 10 0 57 72 41 19 22 60 13 19 177 69 34 31 53 61 19 55 9 67 8 7 3 5 3 0 18 8 0 2 0 0
P14805 2047 11 5 0 17 5 13 34 0 0 62 80 29 8 17 11 36 108 82 9 0 0 0 0 0 0 0 0 0 0 0 0 -999
P14805 2047 12 0 0 0 0 0 0 0 0 0 0 0 0 0 1 0 0 0 0 0 2 0 0 12 7 7 1 0 0 9 0 0
P14805 2048 1 0 15 0 0 0 0 0 0 0 6 19 116 44 68 33 12 8 2 0 8 10 13 0 0 0 0 0 0 0 2 3
P14805 2048 2 0 0 3 3 8 1 0 1 1 4 10 4 11 21 29 8 3 2 0 0 0 0 0 0 0 0 0 0 -999 -999 -999
P14805 2048 3 0 0 0 0 12 14 19 64 43 76 101 27 82 68 17 30 121 35 27 40 99 18 15 23 23 143 23 64 47 30 6
P14805 2048 4 7 0 0 0 0 0 0 0 0 1 0 0 0 0 0 0 0 0 0 0 10 0 28 0 3 2 2 1 3 0 -999
P14805 2048 5 0 0 31 23 4 3 0 0 0 0 0 0 0 0 0 14 49 95 8 19 43 56 5 0 0 0 0 0 0 0 0
P14805 2048 6 0 0 0 0 0 0 0 0 0 0 0 0 0 0 0 0 0 0 0 0 0 0 0 0 0 0 0 0 0 0 -999
P14805 2048 7 0 0 0 0 0 0 0 0 0 0 0 0 0 0 0 0 0 0 0 0 0 0 0 0 0 0 0 0 0 0 0
P14805 2048 8 0 0 0 0 0 0 0 0 0 0 0 0 0 0 0 0 0 0 0 0 0 0 0 0 0 0 0 0 0 0 0
P14805 2048 9 0 0 0 0 0 0 0 0 0 0 0 0 0 0 0 0 0 12 0 0 0 0 0 0 0 0 65 89 184 62 -999
P14805 2048 10 6 4 4 0 0 10 5 0 0 0 0 0 0 0 0 0 0 0 25 12 23 14 2 0 6 3 3 0 0 3 30
P14805 2048 11 3 0 0 23 0 71 0 0 0 0 0 0 0 6 3 13 85 37 34 71 52 0 0 0 0 23 0 0 13 22 -999
P14805 2048 12 96 106 33 11 61 44 0 0 0 0 0 0 0 0 0 0 0 0 0 2 0 1 1 1 0 0 36 51 0 30 14
P14805 2049 1 12 0 18 15 0 0 16 14 0 0 0 3 29 0 0 0 0 0 0 0 0 0 0 5 0 0 16 43 0 44 23
P14805 2049 2 49 25 11 0 0 0 0 0 0 0 0 0 0 0 28 0 4 0 0 0 9 6 7 35 17 36 10 8 -999 -999 -999
P14805 2049 3 4 0 0 0 0 0 0 0 0 0 0 0 0 0 10 4 1 1 6 6 0 6 13 30 9 0 7 7 10 68 24
P14805 2049 4 0 0 0 0 0 0 0 0 0 0 0 0 0 0 0 46 34 0 0 0 0 0 0 0 11 10 3 3 3 0 -999
P14805 2049 5 5 8 22 13 5 7 31 140 127 46 11 32 8 0 0 0 0 0 0 0 23 29 44 45 36 79 56 83 14 4 4
P14805 2049 6 0 0 0 0 0 0 0 0 0 0 0 0 0 0 0 0 0 0 0 0 0 0 0 0 0 0 0 0 0 0 -999
P14805 2049 7 0 0 0 0 0 0 0 0 0 0 0 0 0 0 0 0 0 0 0 0 0 0 0 0 0 0 0 0 0 0 0
P14805 2049 8 0 0 0 0 0 0 0 0 0 0 0 0 0 0 0 0 0 0 42 0 0 0 0 0 0 0 0 0 0 0 0
P14805 2049 9 0 0 0 0 0 0 0 0 0 0 0 0 0 0 0 0 0 0 0 0 0 32 15 6 0 0 0 0 0 0 -999
P14805 2049 10 0 0 0 0 0 0 0 0 0 0 0 0 0 0 37 99 7 0 0 0 0 0 0 0 22 0 0 0 0 0 0
P14805 2049 11 0 20 131 141 96 25 112 110 63 26 107 15 72 42 59 215 146 34 10 20 9 6 2 46 0 3 3 0 0 13 -999
P14805 2049 12 6 45 36 51 8 7 1 2 1 8 1 0 16 2 16 4 12 21 18 91 91 8 3 46 94 29 43 9 25 37 140
P14805 2050 1 227 80 154 41 29 38 9 13 0 7 11 24 45 34 26 44 95 124 0 0 0 0 0 0 0 0 0 1 1 1 0
P14805 2050 2 0 0 0 0 0 0 0 0 0 0 0 0 0 12 6 14 0 0 26 15 17 19 3 38 9 5 0 0 -999 -999 -999
P14805 2050 3 3 37 43 34 33 30 0 0 0 0 0 20 9 19 28 27 56 13 109 26 10 9 19 39 13 24 35 46 43 40 92
P14805 2050 4 43 23 38 45 95 48 37 20 57 18 0 0 0 40 38 54 17 2 0 0 7 0 0 0 21 8 5 2 0 5 -999
P14805 2050 5 5 5 5 9 8 8 0 0 5 0 0 0 0 0 0 0 0 0 0 17 0 11 0 0 0 12 13 9 0 0 0
P14805 2050 6 0 0 0 0 0 0 0 0 0 0 0 0 0 0 0 0 0 0 0 0 0 0 0 0 0 0 0 0 0 0 -999
P14805 2050 7 0 0 0 0 0 0 0 0 0 0 0 0 0 0 0 0 0 0 0 0 0 0 0 0 13 0 0 0 0 0 0
P14805 2050 8 0 0 0 0 0 0 0 0 0 0 0 0 0 0 0 0 0 0 0 0 0 0 19 0 0 0 0 0 0 0 0
P14805 2050 9 0 0 0 0 0 0 0 0 0 0 0 0 0 0 0 0 0 0 0 0 0 0 0 0 0 0 0 0 0 43 -999
P14805 2050 10 54 27 3 1 0 0 0 0 0 0 0 0 0 0 0 0 24 17 0 0 0 0 22 17 45 19 19 8 3 4 6
P14805 2050 11 4 3 1 11 5 29 30 163 198 126 95 61 42 0 0 6 14 10 7 5 105 151 210 57 6 3 108 17 1 36 -999
P14805 2050 12 4 8 0 0 0 0 25 5 6 0 1 1 0 0 1 0 0 7 7 6 2 2 0 0 0 0 0 0 0 0 3
P14805 2051 1 0 1 0 0 0 0 0 0 0 10 0 0 0 19 4 0 3 0 0 0 0 0 0 0 0 0 0 0 0 0 0
P14805 2051 2 0 0 0 0 0 15 0 3 0 0 16 3 0 0 0 12 2 2 10 37 3 0 1 13 5 3 0 0 -999 -999 -999
P14805 2051 3 0 4 0 0 0 0 0 6 17 12 37 61 36 24 0 0 0 0 75 61 17 0 0 0 0 0 0 0 0 14 33
P14805 2051 4 44 17 0 0 0 0 0 0 0 0 0 0 0 23 37 24 22 34 66 63 8 11 0 0 0 0 0 0 0 0 -999
P14805 2051 5 0 0 0 0 0 0 0 0 0 0 17 40 26 12 3 0 0 0 0 0 0 0 0 0 0 0 0 0 0 0 0
P14805 2051 6 0 0 0 0 0 0 0 0 0 0 0 0 0 0 0 0 0 0 0 0 0 0 0 0 0 0 0 0 0 0 -999
P14805 2051 7 0 0 0 0 0 0 0 0 0 0 0 0 0 0 0 0 0 0 0 0 0 0 0 0 0 0 0 0 0 0 0
P14805 2051 8 0 0 0 0 0 0 0 0 0 0 0 0 0 0 0 0 0 0 0 0 0 0 0 0 0 0 0 0 0 0 0
P14805 2051 9 0 0 0 0 0 0 0 0 0 0 0 0 38 28 0 0 0 0 0 0 0 0 0 0 0 0 0 0 0 0 -999
P14805 2051 10 0 0 0 0 61 0 0 0 0 0 0 0 0 0 0 0 0 0 0 0 0 0 19 6 8 0 73 73 42 39 48
P14805 2051 11 23 51 38 21 8 0 0 1 2 1 2 0 0 6 3 5 0 4 0 0 1 1 2 7 16 2 0 0 0 0 -999
P14805 2051 12 0 0 0 12 74 20 12 122 82 5 51 94 14 13 115 212 39 64 10 1 0 0 0 0 0 0 0 0 0 0 0
P14805 2052 1 0 0 0 0 0 0 0 4 0 0 0 0 0 0 20 0 0 0 0 0 0 0 0 0 0 0 0 0 0 29 42
P14805 2052 2 21 22 0 25 12 166 204 42 20 11 0 0 0 0 18 37 18 20 50 20 2 0 0 47 39 17 0 9 -999 -999 -999
P14805 2052 3 0 0 0 0 0 0 0 0 0 0 0 0 0 17 59 77 41 124 54 35 4 15 93 1 1 2 0 0 0 0 0
P14805 2052 4 0 4 0 0 0 0 43 17 0 0 14 29 14 6 0 10 10 1 0 0 0 0 13 0 0 0 0 0 7 0 -999
P14805 2052 5 0 0 0 0 0 0 0 0 0 0 0 0 0 24 30 22 19 22 52 5 0 0 0 0 0 0 0 0 0 0 0
P14805 2052 6 0 0 0 0 0 0 0 0 0 0 0 0 0 0 0 0 0 0 0 0 0 0 0 0 0 0 0 0 0 0 -999
P14805 2052 7 0 0 0 7 0 0 0 0 0 0 0 0 0 0 0 0 0 0 0 0 0 0 0 0 0 0 0 0 0 6 12
P14805 2052 8 69 67 35 5 0 0 0 0 0 0 0 0 0 0 0 0 0 0 0 0 0 0 0 0 0 0 0 0 0 0 0
P14805 2052 9 0 0 0 0 0 0 0 0 0 0 0 0 0 0 0 0 0 0 0 0 0 0 0 0 0 0 0 0 0 0 -999
P14805 2052 10 0 0 0 0 0 0 0 0 0 0 0 0 0 0 0 0 0 0 0 0 0 0 0 0 0 0 0 0 0 0 32
P14805 2052 11 6 21 13 3 0 0 0 0 0 2 0 0 0 0 0 1 2 29 73 18 206 66 14 14 7 12 67 19 12 12 -999
P14805 2052 12 2 2 7 43 4 0 0 0 0 0 3 2 7 74 9 0 7 54 8 25 61 39 11 12 37 2 2 1 6 5 5
P14805 2053 1 2 15 8 6 7 7 14 19 110 139 195 141 100 10 14 78 43 9 0 0 0 0 0 0 0 0 0 37 35 68 62
P14805 2053 2 33 83 56 32 90 37 99 54 62 17 0 0 0 3 6 16 34 23 0 0 0 0 32 53 21 101 89 24 -999 -999 -999
P14805 2053 3 3 0 0 0 0 0 0 0 0 0 0 0 0 0 0 0 0 0 0 0 0 0 0 0 0 0 0 0 0 0 21
P14805 2053 4 45 36 10 9 1 0 0 0 0 0 0 27 34 142 31 11 14 10 0 0 0 0 0 0 0 86 38 0 0 0 -999
P14805 2053 5 0 0 0 0 0 0 0 0 0 0 16 0 0 0 0 0 0 0 0 0 0 0 0 0 0 0 0 0 6 5 6
P14805 2053 6 0 0 0 0 0 0 0 0 0 0 0 0 0 0 0 0 0 0 0 0 0 0 0 0 0 0 0 0 0 0 -999
P14805 2053 7 0 0 0 0 0 0 0 0 0 0 0 0 0 0 0 0 0 0 0 0 0 0 0 0 0 0 0 0 0 0 0
P14805 2053 8 0 0 0 0 0 0 0 0 0 0 0 0 0 0 0 0 0 0 0 0 0 0 0 0 0 0 0 0 0 0 0
P14805 2053 9 0 0 0 0 0 0 0 0 0 0 0 0 0 0 0 0 0 0 0 0 0 0 0 0 0 0 0 58 100 49 -999
P14805 2053 10 8 0 0 0 0 0 0 0 36 0 0 0 0 0 0 0 0 0 0 0 0 0 0 0 0 0 4 0 0 0 0
P14805 2053 11 0 0 4 3 0 0 0 0 0 0 0 0 0 0 163 44 117 31 161 16 211 33 14 39 6 3 0 0 0 0 -999
P14805 2053 12 0 0 0 0 0 0 0 0 0 13 31 97 56 147 13 18 57 61 30 23 16 0 15 94 37 22 0 0 0 0 0
P14805 2054 1 45 13 11 37 24 27 58 20 19 4 2 1 1 0 0 6 41 40 33 11 4 3 6 2 2 0 1 0 1 1 2
P14805 2054 2 0 11 27 63 71 50 16 15 6 0 0 0 0 9 0 0 0 0 0 18 11 0 27 20 0 0 0 0 -999 -999 -999
P14805 2054 3 0 0 0 0 0 0 0 0 4 0 0 9 2 2 107 10 30 7 3 28 14 36 44 5 11 92 20 20 134 82 183
P14805 2054 4 18 50 26 109 17 27 23 15 10 134 41 0 0 0 41 2 4 51 27 77 28 12 5 40 88 36 25 8 0 0 -999
P14805 2054 5 0 61 41 23 19 6 0 23 78 126 46 19 3 0 0 0 0 0 0 6 11 0 0 0 0 0 0 0 0 0 0
P14805 2054 6 0 0 0 0 0 0 0 0 0 0 0 0 0 24 0 0 0 0 0 0 0 0 0 0 0 0 0 0 0 0 -999
P14805 2054 7 0 0 0 0 0 0 0 0 0 0 0 0 0 0 0 0 0 0 13 7 0 0 0 0 0 0 0 0 0 0 0
P14805 2054 8 0 0 0 0 0 0 0 0 0 0 0 0 0 0 0 0 0 0 0 0 0 0 0 0 0 0 0 0 0 0 0
P14805 2054 9 0 0 0 0 0 0 0 0 0 0 0 0 0 0 0 0 0 0 0 0 0 0 0 35 0 0 0 0 0 0 -999
P14805 2054 10 0 0 0 0 0 0 0 38 29 0 74 28 14 0 0 0 0 0 0 0 70 113 6 11 13 2 0 6 4 8 16
P14805 2054 11 46 119 73 31 198 30 20 43 49 0 0 0 0 0 1 3 3 2 1 0 0 0 0 0 3 2 8 42 44 10 -999
P14805 2054 12 119 12 3 0 0 2 0 0 5 19 8 7 13 5 9 0 2 2 0 0 0 4 12 2 0 0 0 0 0 0 0
P14805 2055 1 0 0 5 99 107 37 0 0 0 0 93 87 124 49 41 102 112 88 51 81 32 179 87 13 4 4 2 3 7 0 0
P14805 2055 2 0 0 0 0 0 0 0 0 0 0 0 0 5 9 17 36 5 4 4 10 7 0 0 0 0 0 0 0 -999 -999 -999
P14805 2055 3 0 0 97 49 17 74 22 30 124 71 37 30 64 66 19 20 32 59 19 17 15 22 25 42 25 100 126 64 94 90 3
P14805 2055 4 0 5 0 12 3 22 90 6 89 30 2 16 22 6 4 0 0 0 0 0 0 0 0 0 32 30 17 12 9 24 -999
P14805 2055 5 57 166 198 42 13 0 118 62 67 8 0 0 0 0 0 0 0 0 0 0 0 0 0 0 0 0 0 0 0 0 0
P14805 2055 6 0 0 0 0 0 0 0 0 0 0 0 0 0 0 103 41 16 14 11 6 6 3 0 0 0 0 0 0 0 0 -999
P14805 2055 7 0 0 0 0 0 0 0 0 0 0 0 0 0 0 0 0 0 0 0 0 0 0 0 0 0 0 0 0 0 0 0
P14805 2055 8 0 0 0 0 0 0 0 0 0 0 0 0 0 0 0 0 0 0 0 0 0 0 0 0 0 0 0 0 0 0 0
P14805 2055 9 0 0 0 0 0 0 0 0 0 0 0 0 0 0 0 0 0 0 0 0 0 0 0 13 17 0 0 0 0 10 -999
P14805 2055 10 2 0 0 0 0 0 19 62 5 1 3 74 8 0 7 0 2 14 6 0 2 3 57 120 25 5 7 0 0 0 0
P14805 2055 11 0 0 0 0 26 157 62 35 5 0 0 6 0 37 0 51 3 0 0 0 7 10 14 31 0 0 0 0 4 42 -999
P14805 2055 12 32 40 6 1 0 0 0 0 0 0 37 80 49 46 56 9 4 25 6 148 55 20 13 8 0 0 0 0 0 7 15
P14805 2056 1 2 1 1 1 2 8 84 7 4 0 1 0 0 0 2 14 7 6 0 4 47 29 69 9 51 4 39 39 3 0 4
P14805 2056 2 0 0 0 2 1 0 0 0 0 0 0 0 0 0 0 1 3 0 0 2 4 8 5 0 0 0 0 0 -999 -999 -999
P14805 2056 3 0 0 0 0 0 0 0 18 29 57 12 0 0 0 0 25 24 6 15 19 6 0 9 12 0 0 15 34 16 25 15
P14805 2056 4 0 0 0 0 0 0 0 0 0 0 6 0 0 0 0 0 0 0 0 0 0 0 45 21 0 0 32 32 6 0 -999
P14805 2056 5 23 40 71 8 10 41 0 0 0 0 8 19 5 0 0 0 0 0 0 0 0 0 0 16 21 4 17 8 13 2 0
P14805 2056 6 33 30 0 0 24 28 13 0 0 0 2 0 0 0 0 0 0 0 0 0 0 0 0 0 0 0 0 0 0 0 -999
P14805 2056 7 0 0 0 0 0 0 0 0 0 0 0 0 0 0 0 0 0 0 0 0 0 0 0 0 0 0 0 0 0 0 0
P14805 2056 8 0 0 0 0 0 0 0 0 0 0 0 0 0 0 0 0 0 0 0 0 0 0 0 0 0 0 0 0 0 0 0
P14805 2056 9 0 0 0 0 0 0 0 0 0 0 0 0 0 0 0 0 0 0 0 0 0 0 0 0 0 0 0 0 30 0 -999
P14805 2056 10 0 35 8 0 0 0 0 0 0 0 0 0 0 0 0 0 0 0 0 0 0 0 36 136 78 17 0 0 0 0 0
P14805 2056 11 0 0 20 38 54 69 86 63 19 0 0 0 0 18 0 0 0 0 45 24 10 5 3 61 109 14 0 0 0 156 -999
P14805 2056 12 40 202 68 26 62 65 131 38 11 161 147 29 5 33 15 99 25 108 88 45 50 23 1 0 0 0 0 0 0 0 0
P14805 2057 1 0 0 0 0 9 19 44 30 4 5 0 0 5 9 0 0 0 0 0 0 0 0 0 7 5 62 52 122 27 9 96
P14805 2057 2 19 37 25 46 151 77 76 180 96 55 0 0 0 0 12 0 0 13 57 133 16 2 3 0 0 0 0 0 -999 -999 -999
P14805 2057 3 0 0 0 0 0 0 0 0 0 0 5 0 0 0 0 0 38 0 0 0 0 0 0 0 13 20 20 17 12 18 33
P14805 2057 4 3 0 0 0 0 0 0 0 0 0 23 40 29 15 98 61 33 29 17 9 9 7 0 0 0 0 0 14 0 0 -999
P14805 2057 5 0 0 0 0 0 0 0 0 0 0 0 0 5 10 44 42 45 24 4 0 0 0 0 0 0 0 19 49 33 18 20
P14805 2057 6 16 8 6 0 0 0 0 0 0 0 0 0 0 0 0 0 0 0 0 0 0 0 0 0 0 0 0 0 0 0 -999
P14805 2057 7 0 0 0 0 0 0 0 0 0 0 0 0 0 0 0 0 0 0 0 0 0 0 0 0 0 0 0 0 0 0 0
P14805 2057 8 0 0 0 0 0 0 0 0 0 0 0 0 0 0 0 0 0 0 0 0 0 0 0 0 0 0 0 0 0 0 0
P14805 2057 9 0 0 0 0 0 0 0 0 0 0 0 0 0 0 0 0 0 0 0 20 0 0 0 0 0 0 25 0 0 0 -999
P14805 2057 10 0 3 5 0 0 0 0 0 0 0 0 0 0 0 0 0 0 14 0 0 0 0 0 0 0 0 0 0 0 15 22
P14805 2057 11 6 11 116 112 25 28 0 24 18 17 162 75 31 33 17 16 8 4 6 17 3 2 0 0 0 0 0 0 0 0 -999
P14805 2057 12 0 0 0 0 0 2 2 0 20 19 68 95 131 25 17 8 1 0 0 0 0 0 0 0 0 0 0 0 0 0 0
P14805 2058 1 0 0 0 0 0 0 0 0 7 19 0 0 0 11 24 0 0 0 0 0 0 0 0 0 0 6 17 5 2 4 2
P14805 2058 2 30 3 0 0 0 0 0 0 0 0 5 7 20 9 37 10 0 0 0 0 0 0 0 0 0 0 0 0 -999 -999 -999
P14805 2058 3 0 0 0 0 1 0 0 0 0 0 0 0 0 0 0 0 0 8 11 14 111 44 29 112 80 157 3 0 5 1 1
P14805 2058 4 0 0 0 0 2 0 0 0 6 18 5 12 7 9 4 0 9 41 15 3 0 0 0 0 0 0 0 0 0 0 -999
P14805 2058 5 0 0 0 0 0 0 0 0 0 0 0 0 0 0 0 0 0 0 0 0 0 0 0 3 0 0 0 0 17 18 0
P14805 2058 6 36 0 0 0 0 0 0 16 0 0 0 0 0 0 0 0 0 0 0 0 0 0 0 0 0 0 0 0 0 0 -999
P14805 2058 7 0 0 0 0 0 0 0 0 0 0 0 0 0 0 0 3 15 11 0 0 0 0 0 0 0 0 0 0 0 0 0
P14805 2058 8 0 0 0 0 0 0 0 0 0 0 0 0 0 0 0 0 0 0 0 0 0 0 0 0 0 0 0 0 0 0 0
P14805 2058 9 0 0 0 0 0 0 0 0 0 0 0 0 10 0 6 0 0 0 0 0 0 16 38 0 20 0 0 0 0 0 -999
P14805 2058 10 0 0 0 0 0 0 0 0 0 0 0 0 0 0 0 0 0 0 0 0 0 0 0 0 0 0 0 0 6 0 0
P14805 2058 11 1 0 0 0 1 0 0 51 33 9 19 25 8 9 17 63 26 234 86 175 20 14 5 1 2 43 37 101 97 31 -999
P14805 2058 12 4 23 21 3 1 5 13 2 3 0 0 0 0 0 19 4 15 57 123 129 83 73 11 28 30 62 129 49 5 6 64
P14805 2059 1 5 62 18 15 9 7 1 1 1 0 0 0 0 0 28 6 1 1 24 6 19 11 8 0 6 11 0 0 0 0 0
P14805 2059 2 3 3 0 0 0 0 0 0 0 0 0 0 0 0 0 0 0 0 0 0 0 0 0 0 0 0 0 0 -999 -999 -999
P14805 2059 3 0 0 0 0 0 0 0 0 0 0 0 0 7 0 0 0 0 0 0 10 41 12 35 67 16 36 6 14 6 8 4
P14805 2059 4 2 2 0 0 0 0 0 0 0 0 0 0 0 0 0 0 0 0 0 0 0 0 0 0 0 0 0 0 0 9 -999
P14805 2059 5 0 0 0 0 18 13 0 0 12 0 0 0 0 0 0 14 8 5 0 0 0 0 0 0 0 0 0 0 0 0 0
P14805 2059 6 0 0 0 0 0 0 0 0 0 0 0 0 0 0 0 0 0 0 0 0 0 0 0 0 0 0 0 0 0 0 -999
P14805 2059 7 0 0 0 0 0 0 0 0 0 0 0 0 0 0 0 15 10 0 0 0 0 0 0 0 0 0 0 0 0 0 0
P14805 2059 8 0 0 0 0 0 0 0 0 0 0 0 0 0 0 0 0 0 0 0 0 0 0 0 0 0 0 0 0 0 0 0
P14805 2059 9 0 0 0 0 0 0 0 0 0 0 0 0 0 0 0 0 0 0 0 0 0 0 0 38 17 0 0 0 0 0 -999
P14805 2059 10 0 0 0 0 0 0 0 0 0 0 0 0 0 0 38 43 0 0 0 58 92 69 180 51 17 21 4 0 0 0 0
P14805 2059 11 0 0 0 0 0 0 0 8 3 5 76 10 3 19 169 37 7 5 3 4 9 12 97 25 3 1 26 4 0 1 -999
P14805 2059 12 0 0 0 0 0 0 4 23 24 7 2 4 4 2 5 0 0 0 0 0 0 0 0 0 0 0 0 32 105 38 15
P14805 2060 1 14 21 28 37 35 39 0 0 0 6 0 0 0 0 0 0 0 0 0 0 0 0 0 0 0 3 2 2 0 3 0
P14805 2060 2 0 0 0 4 10 0 12 8 52 30 59 85 33 84 146 75 78 102 27 6 21 3 18 32 50 15 32 22 -999 -999 -999
P14805 2060 3 91 18 21 94 42 97 84 112 83 25 0 0 4 0 0 0 29 84 167 104 167 40 26 15 1 0 9 96 20 21 4
P14805 2060 4 0 0 0 0 0 0 0 0 0 0 0 34 0 0 0 0 0 0 0 0 0 0 0 0 0 0 0 0 0 0 -999
P14805 2060 5 0 0 0 0 0 0 0 0 0 0 0 0 0 0 0 0 0 0 0 0 0 0 0 0 0 0 0 0 0 0 0
P14805 2060 6 0 0 0 0 33 34 47 39 22 10 10 7 0 7 0 0 0 0 0 0 0 0 0 0 25 29 0 0 0 0 -999
P14805 2060 7 0 0 0 0 0 0 0 0 0 0 0 0 0 0 0 0 0 0 0 0 0 0 0 0 0 0 0 0 0 0 0
P14805 2060 8 0 0 0 0 0 0 0 0 0 0 0 0 0 0 0 0 0 0 0 0 0 0 0 0 0 0 0 0 0 0 0
P14805 2060 9 0 0 0 0 0 0 0 0 0 0 0 0 0 0 0 6 0 0 0 0 0 0 0 0 0 0 29 0 0 0 -999
P14805 2060 10 0 0 0 0 0 0 0 0 0 0 12 67 72 124 8 3 0 12 0 0 30 4 7 9 32 0 0 18 25 14 108
P14805 2060 11 69 21 8 5 2 2 0 0 26 14 2 5 5 2 5 2 1 14 7 0 0 0 0 2 4 19 15 7 5 1 -999
P14805 2060 12 0 24 54 17 55 75 10 0 10 0 0 0 4 14 12 54 3 19 2 77 100 2 5 4 3 9 2 10 7 2 0
P14805 2061 1 0 0 0 4 0 0 0 0 0 2 3 0 0 15 4 0 56 7 31 20 25 172 136 123 131 156 238 54 29 44 32
P14805 2061 2 2 0 0 8 16 0 0 0 29 76 88 28 22 62 91 25 6 65 6 113 28 36 8 13 25 12 21 18 -999 -999 -999
P14805 2061 3 212 31 40 69 20 5 37 10 24 17 134 13 76 18 34 34 7 39 99 24 26 1 0 0 0 0 0 0 0 0 0
P14805 2061 4 0 0 0 32 58 61 28 55 75 23 37 19 15 12 0 0 0 0 35 14 3 0 0 0 0 0 0 0 0 0 -999
P14805 2061 5 0 0 42 10 16 0 0 0 0 0 0 0 0 0 0 0 0 0 0 0 0 0 0 0 0 0 0 0 0 0 0
P14805 2061 6 0 0 0 0 0 0 0 0 0 0 0 0 0 0 0 0 0 0 0 0 0 0 0 0 0 0 0 0 0 0 -999
P14805 2061 7 0 0 0 0 0 0 0 0 0 0 0 0 0 0 0 0 0 0 0 0 0 0 0 0 0 0 0 0 0 0 0
P14805 2061 8 0 0 0 0 0 0 0 0 0 0 0 0 0 0 0 0 0 0 0 0 0 0 0 0 0 0 0 0 0 0 0
P14805 2061 9 0 0 0 0 0 0 0 0 0 0 0 0 0 0 0 18 43 80 175 121 158 37 2 0 0 0 0 0 0 0 -999
P14805 2061 10 0 25 14 4 0 0 106 16 117 15 0 0 0 0 0 2 10 17 3 0 0 0 0 0 47 78 168 55 12 0 0
P14805 2061 11 0 0 6 0 0 0 0 29 0 6 2 0 0 0 0 0 0 0 0 0 0 0 0 0 0 2 7 10 13 12 -999
P14805 2061 12 33 111 124 0 0 0 0 0 0 0 0 4 7 0 0 0 0 22 18 2 1 0 0 0 0 0 0 0 5 23 0
P14805 2062 1 0 0 0 0 0 0 0 0 0 0 0 0 21 14 52 159 34 67 3 2 6 3 0 0 0 0 4 57 2 16 99
P14805 2062 2 49 33 20 30 6 53 33 160 42 20 1 0 0 0 0 0 0 10 11 0 0 5 17 48 121 30 32 2 -999 -999 -999
P14805 2062 3 0 0 0 0 3 27 0 0 0 6 0 0 0 30 0 0 0 0 0 0 0 9 18 60 11 53 2 0 0 0 0
P14805 2062 4 11 34 6 0 0 0 0 0 0 55 22 7 0 0 0 0 5 28 2 5 10 0 21 81 20 9 0 7 0 0 -999
P14805 2062 5 0 0 32 0 0 0 0 0 0 0 0 0 0 0 0 0 0 7 13 0 0 0 0 0 0 0 0 20 19 7 15
P14805 2062 6 15 3 0 0 0 0 0 0 0 0 0 0 0 0 0 0 0 0 0 0 0 0 0 0 0 0 0 0 0 0 -999
P14805 2062 7 0 0 0 0 0 0 0 0 0 0 0 0 0 0 0 0 0 0 0 0 0 0 0 0 0 0 0 0 0 0 0
P14805 2062 8 0 22 0 0 0 0 0 0 0 0 0 0 0 0 0 0 0 0 0 0 0 0 0 0 0 0 0 0 0 0 0
P14805 2062 9 0 0 0 0 0 0 0 0 0 0 0 0 0 0 0 0 0 0 0 0 0 0 0 0 0 0 0 0 0 0 -999
P14805 2062 10 0 0 0 0 0 0 26 42 0 0 16 0 0 0 0 0 0 0 0 112 37 34 63 10 27 43 17 13 9 10 0
P14805 2062 11 0 0 0 74 113 164 9 0 0 0 33 0 0 0 0 0 0 42 22 83 73 20 131 29 32 4 0 4 0 3 -999
P14805 2062 12 1 0 0 0 0 0 20 0 0 62 150 5 3 0 0 27 6 6 18 10 16 9 74 50 18 6 0 0 0 0 0
P14805 2063 1 0 0 0 0 0 4 0 0 0 0 0 2 4 4 0 0 0 0 0 0 6 0 0 9 0 17 36 9 0 0 0
P14805 2063 2 0 0 0 0 0 0 7 11 12 0 0 2 0 0 36 0 0 0 0 0 4 3 4 2 1 0 0 5 -999 -999 -999
P14805 2063 3 4 0 0 0 0 0 14 7 12 18 48 11 78 65 73 64 12 15 22 0 0 0 0 0 0 0 69 133 36 4 0
P14805 2063 4 14 31 30 25 0 0 0 0 0 61 81 13 3 3 6 0 40 73 8 1 2 46 11 7 7 4 23 29 7 2 -999
P14805 2063 5 0 0 0 0 0 0 0 0 0 0 14 9 17 12 20 10 3 5 6 2 3 10 2 0 0 0 0 0 0 0 0
P14805 2063 6 0 0 0 0 0 0 0 10 0 0 0 0 0 0 0 0 0 0 0 0 0 0 0 0 0 0 0 0 0 0 -999
P14805 2063 7 0 0 0 0 0 0 0 0 0 0 0 0 0 0 0 0 0 0 0 0 0 0 0 0 0 0 0 0 0 0 0
P14805 2063 8 0 0 0 0 0 0 0 0 0 0 0 0 0 0 0 0 0 0 0 0 0 0 0 0 0 0 0 0 0 0 0
P14805 2063 9 0 0 0 0 0 0 0 0 0 0 0 0 0 0 0 0 0 0 0 0 0 0 0 0 0 0 109 9 12 0 -999
P14805 2063 10 0 0 0 0 0 10 0 0 27 86 81 16 10 14 26 7 2 2 23 108 30 65 6 0 0 0 0 61 16 8 0
P14805 2063 11 8 0 0 0 0 0 0 0 0 0 0 0 0 7 0 0 0 0 0 0 1 1 1 10 40 0 2 57 8 16 -999
P14805 2063 12 41 50 101 0 0 35 51 20 14 26 57 120 16 85 1 0 44 38 17 0 0 25 47 56 27 0 56 30 41 137 4
P14805 2064 1 11 12 7 84 6 11 1 1 6 42 107 170 53 47 19 2 1 0 0 0 0 0 0 0 0 0 0 5 9 3 0
P14805 2064 2 0 0 0 0 0 0 0 0 0 0 0 0 0 19 35 27 26 18 2 2 0 0 0 0 0 0 0 23 -999 -999 -999
P14805 2064 3 0 14 51 139 58 13 13 11 22 20 64 8 6 10 0 21 4 31 11 2 2 31 58 10 9 3 2 0 0 0 0
P14805 2064 4 0 0 0 58 0 0 0 7 2 1 0 0 0 0 0 0 18 8 4 5 0 0 0 22 18 0 0 35 0 0 -999
P14805 2064 5 0 29 5 0 0 0 0 0 0 0 0 2 2 3 0 0 0 8 10 0 0 0 0 0 0 0 0 0 0 0 0
P14805 2064 6 0 0 0 0 0 0 0 21 23 0 0 0 0 0 0 0 0 0 0 0 0 0 0 0 0 0 0 0 0 0 -999
P14805 2064 7 0 0 0 0 0 0 0 0 0 0 0 0 0 0 0 0 0 0 0 0 0 0 0 0 0 0 0 0 0 0 0
P14805 2064 8 0 0 0 0 0 0 0 0 0 0 0 0 0 0 0 0 0 0 0 0 0 0 0 0 0 0 0 0 0 0 0
P14805 2064 9 0 0 0 0 0 0 0 0 0 0 0 0 0 0 0 0 0 0 0 0 0 0 0 0 0 0 0 18 3 4 -999
P14805 2064 10 5 3 6 10 0 0 0 0 0 0 0 0 0 0 0 0 0 0 0 0 64 16 11 52 6 0 1 0 0 0 0
P14805 2064 11 0 0 0 0 1 5 5 10 2 4 0 0 1 4 4 3 0 0 0 0 0 0 0 25 26 9 35 26 58 5 -999
P14805 2064 12 3 11 11 21 18 7 0 17 50 117 102 14 0 0 0 0 9 7 16 55 54 30 3 4 2 38 71 80 24 97 22
P14805 2065 1 8 13 0 2 0 0 6 12 23 31 8 7 9 2 0 0 0 0 0 0 0 0 12 0 0 0 0 0 0 0 5
P14805 2065 2 25 31 10 34 0 0 0 0 6 0 0 0 0 0 0 0 0 0 5 0 18 0 13 6 35 4 2 7 -999 -999 -999
P14805 2065 3 2 0 0 4 16 48 16 3 15 79 0 0 0 0 6 7 8 26 7 7 3 4 3 46 11 0 33 106 32 68 31
P14805 2065 4 24 19 27 5 4 0 0 0 0 8 15 0 0 0 0 0 0 0 0 0 0 0 0 3 35 26 3 10 32 15 -999
P14805 2065 5 6 2 29 0 0 0 0 0 7 7 3 0 0 0 0 12 19 1 0 8 5 0 0 0 0 0 0 0 0 7 7
P14805 2065 6 17 28 17 56 16 13 19 7 0 0 49 115 49 8 0 0 0 0 39 0 0 0 0 0 0 0 0 0 0 0 -999
P14805 2065 7 0 0 0 0 0 0 0 0 0 0 0 0 0 0 0 0 0 0 0 0 0 0 0 0 0 0 0 0 0 0 0
P14805 2065 8 0 0 0 0 0 0 0 0 0 0 0 0 0 0 0 0 0 0 0 0 0 0 0 0 0 0 0 0 0 0 0
P14805 2065 9 0 0 0 0 0 0 0 0 0 0 0 0 0 0 0 0 0 0 0 0 0 37 105 175 87 70 54 20 0 0 -999
P14805 2065 10 0 0 0 0 0 0 0 0 0 0 0 0 0 0 0 0 35 109 168 6 0 7 25 0 0 0 0 0 0 0 0
P14805 2065 11 14 0 0 13 43 9 7 39 8 0 0 0 34 28 0 16 0 0 0 0 0 0 0 0 11 4 0 0 0 0 -999
P14805 2065 12 0 0 0 0 0 5 0 0 0 17 24 62 3 0 2 5 0 0 0 0 67 11 59 81 48 57 0 0 10 0 11
P14805 2066 1 1 0 2 6 21 0 0 10 7 0 0 0 7 0 0 0 0 0 0 0 0 0 0 0 0 0 0 0 0 0 0
P14805 2066 2 0 0 0 0 0 0 8 7 15 0 0 0 0 0 0 0 0 0 0 5 0 0 0 53 32 141 11 0 -999 -999 -999
P14805 2066 3 42 139 144 127 93 131 121 36 42 17 41 67 19 0 55 60 13 0 0 0 14 16 13 4 2 1 0 54 16 38 134
P14805 2066 4 87 22 0 0 0 0 16 37 0 0 0 0 0 0 0 5 9 12 5 0 7 0 0 0 0 0 0 0 0 0 -999
P14805 2066 5 0 0 0 0 0 22 0 0 0 0 0 0 0 0 0 0 0 0 0 0 0 0 0 0 0 0 0 0 0 0 0
P14805 2066 6 0 0 0 0 0 0 0 0 0 0 0 0 0 0 0 0 0 0 0 0 0 0 0 0 0 0 0 0 0 0 -999
P14805 2066 7 0 0 0 0 0 0 0 0 0 0 0 0 0 0 0 0 0 0 0 0 0 0 0 0 0 0 0 0 0 0 0
P14805 2066 8 0 0 0 0 0 0 0 0 0 0 0 0 0 0 0 0 0 0 0 0 0 0 0 0 0 0 0 0 0 0 0
P14805 2066 9 0 0 0 0 0 0 0 0 0 0 0 0 0 0 0 0 0 0 0 0 0 0 0 0 0 0 0 0 0 0 -999
P14805 2066 10 0 0 0 0 0 0 0 0 0 0 0 0 88 55 73 80 47 37 11 7 0 0 0 0 0 0 22 68 28 25 128
P14805 2066 11 20 17 15 32 22 0 0 56 62 19 0 3 0 0 0 26 34 33 34 28 76 111 7 0 0 46 118 122 138 190 -999
P14805 2066 12 147 109 89 0 0 0 0 0 0 28 15 140 49 92 34 22 118 56 4 2 4 19 22 9 15 25 61 43 10 0 16
P14805 2067 1 0 23 29 34 32 27 20 0 0 7 13 38 87 93 65 45 59 195 112 5 4 37 28 14 11 17 18 7 27 8 5
P14805 2067 2 5 5 3 0 0 0 3 31 85 16 45 86 14 0 0 0 0 5 9 13 11 8 5 5 0 0 0 0 -999 -999 -999
P14805 2067 3 0 0 0 10 1 0 6 11 14 8 8 41 28 17 19 28 33 2 0 0 3 0 0 0 30 19 90 24 3 3 0
P14805 2067 4 0 0 0 0 0 0 0 0 4 4 0 0 0 17 10 10 10 7 9 4 0 0 0 11 48 38 15 11 0 9 -999
P14805 2067 5 0 0 0 0 0 0 0 0 0 11 12 2 12 14 7 0 22 19 74 70 26 17 8 3 0 0 0 0 0 0 0
P14805 2067 6 0 0 0 0 0 0 0 0 0 0 0 0 0 0 0 0 0 0 0 0 0 0 0 0 0 0 0 0 0 0 -999
P14805 2067 7 0 0 0 0 0 0 0 0 0 0 0 0 0 0 0 0 0 0 0 0 0 0 0 0 0 0 0 0 0 0 0
P14805 2067 8 0 0 0 0 0 0 0 0 0 0 0 0 0 0 0 0 0 0 0 0 0 0 0 0 0 0 0 0 0 0 0
P14805 2067 9 0 0 0 0 0 0 0 0 0 0 0 0 0 0 15 0 0 0 0 0 0 0 0 0 0 0 0 0 0 0 -999
P14805 2067 10 0 0 0 0 0 0 0 0 0 0 0 0 0 0 0 0 0 0 0 0 0 0 0 0 0 0 0 0 0 14 40
P14805 2067 11 29 52 199 51 18 27 121 66 34 14 11 52 7 13 63 47 32 110 189 16 0 0 0 0 8 4 4 2 40 2 -999
P14805 2067 12 2 3 2 56 106 144 5 0 58 146 195 104 16 20 0 0 0 0 0 18 0 16 9 0 0 0 0 0 0 0 0
P14805 2068 1 3 0 1 0 0 0 0 7 5 58 11 6 2 1 2 1 2 9 0 0 0 0 0 29 7 18 4 2 63 36 55
P14805 2068 2 17 29 28 3 10 46 31 35 144 60 30 23 0 0 34 33 0 0 5 11 10 0 19 14 6 0 0 0 -999 -999 -999
P14805 2068 3 0 0 15 23 0 0 0 0 0 71 58 12 0 0 0 0 23 0 0 41 7 4 16 64 20 0 0 0 0 11 16
P14805 2068 4 28 24 6 49 50 24 2 0 0 0 0 0 0 0 0 0 0 0 0 0 0 3 3 5 8 8 6 39 3 2 -999
P14805 2068 5 0 0 0 0 0 0 0 6 3 7 37 109 61 12 61 22 10 9 10 12 19 0 0 0 0 0 0 0 0 0 0
P14805 2068 6 0 0 0 0 0 0 0 0 0 0 0 0 24 29 0 0 0 0 0 0 0 0 0 0 0 0 0 0 0 0 -999
P14805 2068 7 0 0 0 0 0 0 0 0 0 0 0 0 0 0 0 0 0 0 0 0 0 0 0 0 0 0 0 0 0 0 0
P14805 2068 8 0 0 0 0 0 0 0 0 0 0 0 0 0 0 0 0 0 0 0 0 0 0 0 0 0 0 0 0 0 0 0
P14805 2068 9 0 0 0 0 0 0 0 0 0 0 0 0 0 0 0 0 0 0 0 0 0 74 111 69 24 0 18 15 0 0 -999
P14805 2068 10 14 0 0 0 0 0 27 65 5 0 0 0 34 23 7 0 0 0 0 6 18 66 113 28 7 3 1 8 59 15 19
P14805 2068 11 2 0 0 0 0 0 0 0 0 0 0 0 0 0 0 89 8 7 4 6 55 168 15 54 18 0 0 0 0 59 -999
P14805 2068 12 18 31 84 60 191 57 8 26 26 31 60 5 46 13 61 75 124 90 42 27 13 7 0 0 1 13 7 3 0 0 0
P14805 2069 1 0 0 0 0 0 6 13 3 5 33 35 13 3 0 0 0 0 0 0 0 0 0 0 0 0 18 27 80 220 88 68
P14805 2069 2 36 19 31 16 89 27 16 71 77 29 17 6 12 30 5 1 0 0 0 0 0 0 6 1 1 1 2 15 -999 -999 -999
P14805 2069 3 105 98 6 0 0 0 0 0 56 30 22 8 0 0 0 0 0 0 0 3 17 2 4 24 5 6 38 58 163 11 3
P14805 2069 4 20 0 0 0 0 0 0 47 8 6 58 156 12 20 98 100 48 143 141 49 11 8 22 17 5 0 11 50 82 59 -999
P14805 2069 5 130 68 11 12 41 77 79 64 30 16 2 1 0 0 0 15 6 0 0 56 12 4 3 8 0 0 26 20 7 4 0
P14805 2069 6 20 9 0 0 0 0 0 0 0 0 0 0 0 0 0 0 0 0 0 0 0 15 0 0 0 0 0 0 0 0 -999
P14805 2069 7 0 24 7 0 0 0 0 0 0 0 0 0 0 0 0 0 0 0 0 0 0 0 0 0 0 0 0 0 0 0 0
P14805 2069 8 0 0 0 0 0 0 0 0 0 0 0 0 0 0 0 0 0 0 0 0 0 0 0 0 0 0 0 0 0 0 0
P14805 2069 9 0 0 0 0 0 0 0 0 60 6 2 0 0 0 0 0 0 0 0 0 0 0 0 0 0 0 37 22 28 64 -999
P14805 2069 10 143 100 120 24 0 0 0 0 0 0 0 0 0 0 33 12 13 1 1 2 0 23 39 11 7 9 0 0 0 0 24
P14805 2069 11 58 39 36 30 4 0 0 0 46 73 120 48 41 63 20 0 0 0 0 0 19 0 38 129 19 60 7 211 76 11 -999
P14805 2069 12 3 42 115 43 17 7 17 12 0 0 0 0 10 0 0 0 0 0 0 0 0 0 50 31 1 9 11 0 15 0 0
P14805 2070 1 16 37 21 65 128 36 3 10 89 7 12 5 8 5 0 0 9 4 30 38 86 34 97 96 25 10 109 10 17 130 66
P14805 2070 2 31 38 109 22 4 6 9 10 12 135 91 22 0 0 0 0 38 4 5 5 8 28 183 98 116 30 132 16 -999 -999 -999
P14805 2070 3 21 0 0 0 0 0 0 0 0 64 87 71 14 6 3 0 22 62 155 12 140 112 81 26 99 0 0 0 0 0 0
P14805 2070 4 74 30 18 4 101 76 38 26 17 9 68 53 6 0 0 46 18 3 3 0 0 17 14 8 9 7 8 18 4 0 -999
P14805 2070 5 0 0 12 54 45 27 14 19 8 33 5 69 33 68 26 28 7 14 13 0 0 0 0 0 0 0 0 0 0 0 0
P14805 2070 6 0 0 0 17 17 0 0 0 0 0 0 0 0 0 0 0 0 0 0 0 0 0 0 0 0 0 0 0 0 0 -999
P14805 2070 7 0 0 0 0 0 0 0 0 0 0 0 0 0 0 0 0 0 0 0 0 0 0 0 0 0 0 0 0 0 0 0
P14805 2070 8 0 0 0 0 0 0 0 0 0 0 0 0 0 0 0 0 0 0 0 0 0 0 0 0 0 0 0 0 0 0 0
P14805 2070 9 0 0 0 0 0 0 0 0 0 0 0 0 0 0 0 0 0 0 0 0 42 0 0 0 0 0 0 62 40 28 -999
P14805 2070 10 0 0 0 0 0 0 0 42 17 17 29 44 0 0 0 0 0 11 36 154 134 96 40 2 0 0 0 0 17 25 14
P14805 2070 11 0 0 59 47 11 25 44 98 57 19 38 209 61 17 3 13 70 5 8 40 56 157 122 65 15 0 0 0 0 0 -999
P14805 2070 12 0 3 6 0 0 0 0 0 0 5 5 0 0 0 0 0 0 0 1 2 3 107 22 21 30 3 40 21 11 10 4
P14805 2071 1 1 10 5 16 13 4 0 4 18 20 16 14 30 47 48 33 137 84 55 33 19 18 81 104 30 4 5 4 4 97 69
P14805 2071 2 12 14 5 6 91 56 9 41 7 0 0 0 0 0 0 2 0 3 28 13 46 28 4 8 33 117 156 6 -999 -999 -999
P14805 2071 3 0 0 0 0 18 8 7 3 4 17 9 3 0 0 0 0 0 7 24 0 0 0 0 0 0 0 0 0 42 10 0
P14805 2071 4 0 0 0 0 0 0 0 0 0 0 0 0 0 0 0 0 0 0 0 0 19 0 0 0 0 0 0 0 0 0 -999
P14805 2071 5 0 0 0 0 0 0 0 0 0 0 0 0 0 0 28 22 33 9 0 0 0 0 0 0 0 0 0 0 0 0 0
P14805 2071 6 0 0 0 0 0 0 0 22 9 0 0 0 0 0 0 0 0 0 0 0 0 0 0 0 0 0 0 0 0 0 -999
P14805 2071 7 0 0 0 0 0 0 0 0 0 0 0 0 0 0 0 0 0 0 0 0 0 0 0 0 0 0 0 0 0 0 0
P14805 2071 8 0 0 0 0 0 0 0 0 0 0 0 0 0 0 0 0 0 0 0 0 0 0 0 0 0 0 0 0 0 0 0
P14805 2071 9 0 0 0 0 0 0 0 0 0 0 0 0 0 0 0 0 0 0 0 0 0 0 0 0 0 0 0 0 0 0 -999
P14805 2071 10 0 0 0 0 0 0 0 7 11 9 7 4 2 0 0 0 0 0 0 0 0 0 0 0 34 8 0 0 0 0 6
P14805 2071 11 93 22 6 3 11 25 60 102 27 14 11 9 2 1 11 36 6 2 0 0 0 0 0 0 0 12 9 0 0 0 -999
P14805 2071 12 0 2 2 3 5 15 4 0 0 0 0 0 0 0 0 0 0 0 0 0 0 1 0 0 0 0 0 0 0 0 1
P14805 2072 1 0 0 0 0 0 9 5 2 1 15 11 9 1 5 82 7 1 0 0 3 4 64 93 0 0 0 0 30 48 12 20
P14805 2072 2 2 3 4 30 146 22 19 72 7 182 37 117 134 117 75 162 137 139 62 85 131 270 71 41 9 23 23 3 -999 -999 -999
P14805 2072 3 0 0 0 31 29 22 65 37 3 3 10 12 0 4 0 0 0 24 34 0 0 0 13 3 0 0 0 0 0 3 1
P14805 2072 4 0 0 0 0 0 0 103 60 38 36 50 24 0 0 0 41 27 0 0 0 0 0 0 0 0 0 0 0 0 0 -999
P14805 2072 5 0 0 0 0 0 0 0 0 24 0 0 0 0 0 0 0 0 0 0 0 0 0 0 0 0 0 0 0 0 0 0
P14805 2072 6 0 0 0 0 0 0 0 0 0 0 0 0 0 0 0 0 0 0 0 0 0 0 0 0 0 0 0 0 0 0 -999
P14805 2072 7 0 0 0 0 0 0 0 0 0 0 0 0 0 0 0 0 0 0 0 0 0 0 0 0 0 0 0 0 0 0 0
P14805 2072 8 0 0 0 0 0 0 0 0 0 0 0 0 0 0 0 0 0 0 0 0 0 0 0 0 0 0 0 0 0 0 0
P14805 2072 9 0 0 0 0 0 0 0 0 0 0 0 0 0 0 0 0 0 0 0 0 0 0 0 0 0 0 0 0 0 0 -999
P14805 2072 10 69 24 13 21 0 0 13 0 0 0 0 0 0 0 0 0 0 0 0 13 20 27 18 81 52 141 42 11 0 99 135
P14805 2072 11 8 8 0 25 191 167 59 133 151 105 40 24 3 0 0 0 0 0 0 0 0 10 33 59 14 60 138 5 3 3 -999
P14805 2072 12 0 0 0 0 9 52 34 8 3 19 3 0 0 0 0 0 0 0 0 0 0 0 0 0 0 4 5 0 0 0 0
P14805 2073 1 0 0 0 0 4 10 0 0 0 0 0 0 0 0 0 0 0 0 0 0 0 0 0 0 0 0 0 0 0 0 0
P14805 2073 2 0 0 4 15 9 3 5 11 102 83 41 11 16 141 33 5 16 11 6 1 6 0 10 0 0 0 0 0 -999 -999 -999
P14805 2073 3 0 0 0 0 0 0 0 48 12 13 4 2 3 4 11 17 24 17 58 64 17 21 2 2 1 0 16 29 15 0 12
P14805 2073 4 0 0 0 0 0 0 0 0 0 0 0 0 0 0 0 0 26 9 0 0 6 7 0 0 0 0 6 4 0 0 -999
P14805 2073 5 21 0 0 0 0 0 0 0 0 0 0 0 0 0 34 34 13 15 30 15 3 8 56 126 5 0 6 4 0 0 0
P14805 2073 6 0 0 0 0 0 0 0 0 0 0 0 0 0 0 0 0 0 0 0 0 0 0 0 0 0 0 0 0 0 0 -999
P14805 2073 7 0 0 0 0 0 0 0 0 0 0 0 0 0 0 0 0 0 0 0 0 0 0 0 0 0 0 0 0 0 0 0
P14805 2073 8 0 0 0 0 0 0 0 0 0 0 0 0 0 0 0 0 0 0 0 0 0 0 0 0 0 0 0 0 0 0 0
P14805 2073 9 0 0 0 42 26 6 0 0 0 0 7 12 0 0 0 0 0 0 0 0 29 11 0 0 0 0 0 10 0 0 -999
P14805 2073 10 0 0 0 0 0 0 61 47 8 41 53 0 0 0 0 0 0 0 118 10 0 0 0 0 0 0 39 71 9 0 0
P14805 2073 11 0 0 0 0 2 15 94 62 42 93 46 6 1 0 0 0 0 0 0 0 1 9 0 4 0 7 19 15 14 29 -999
P14805 2073 12 30 60 27 46 10 18 5 2 0 0 0 0 0 0 0 0 2 2 4 43 36 26 1 5 62 7 4 0 0 0 0
P14805 2074 1 0 3 0 0 0 0 0 0 0 4 2 1 0 0 0 0 0 34 71 23 0 0 0 0 0 0 0 0 0 0 0
P14805 2074 2 0 0 0 0 0 0 9 17 75 6 3 6 13 0 0 0 0 0 0 0 0 8 8 4 13 0 0 0 -999 -999 -999
P14805 2074 3 0 25 0 0 0 0 0 0 0 0 0 14 0 0 42 9 0 0 13 14 10 2 0 0 0 0 7 1 1 0 0
P14805 2074 4 0 0 0 0 0 0 0 0 0 0 0 0 0 0 0 0 0 0 0 0 0 0 0 0 15 26 27 4 0 0 -999
P14805 2074 5 0 0 0 0 0 12 23 17 17 23 29 21 7 0 0 0 10 13 51 116 45 17 41 7 0 0 0 0 0 0 0
P14805 2074 6 0 0 0 0 0 0 0 0 0 0 0 0 0 0 0 0 0 0 0 6 0 0 0 0 0 0 0 0 0 0 -999
P14805 2074 7 0 0 0 0 0 0 0 0 0 0 0 0 0 0 0 0 0 0 0 0 0 0 0 0 0 0 0 0 0 0 0
P14805 2074 8 0 0 0 0 0 0 0 0 0 0 0 0 0 0 0 0 0 0 0 0 0 0 0 0 0 0 0 0 0 0 0
P14805 2074 9 0 0 0 0 0 0 0 0 0 0 0 0 0 0 0 0 0 17 6 0 25 43 24 24 6 6 0 9 0 0 -999
P14805 2074 10 0 0 15 2 0 0 0 37 15 11 4 0 0 0 0 0 0 0 0 0 0 0 0 0 0 0 0 20 65 10 1
P14805 2074 11 1 4 10 0 0 3 0 33 87 172 0 0 18 0 0 0 56 10 0 0 0 0 98 170 138 0 0 25 14 0 -999
P14805 2074 12 0 0 0 19 0 0 0 0 11 8 13 16 56 104 140 276 66 14 37 70 169 70 4 0 0 0 0 125 72 30 38
P14805 2075 1 18 22 111 96 44 21 11 7 4 2 6 26 69 5 2 3 0 0 0 0 0 0 0 0 0 0 0 7 4 24 13
P14805 2075 2 34 3 7 2 58 44 16 6 5 9 60 127 34 59 0 0 13 0 8 23 116 20 10 3 0 1 0 0 -999 -999 -999
P14805 2075 3 1 0 0 0 0 0 0 0 0 0 68 49 117 63 3 4 7 23 152 38 10 15 123 122 32 17 135 25 39 70 102
P14805 2075 4 34 2 30 0 0 0 16 9 0 0 0 0 0 0 0 0 9 16 30 6 8 17 15 0 0 0 0 0 0 0 -999
P14805 2075 5 0 90 60 49 58 92 74 22 3 0 0 9 33 26 15 12 13 19 13 10 8 10 5 2 0 0 0 0 0 0 0
P14805 2075 6 0 0 0 0 0 0 0 0 0 0 0 0 0 0 0 0 0 0 0 0 0 0 0 0 0 0 0 0 0 0 -999
P14805 2075 7 0 0 0 0 0 0 0 0 0 0 0 0 0 0 0 0 0 0 0 0 0 0 0 0 0 0 0 0 0 0 0
P14805 2075 8 0 0 0 0 0 0 0 0 0 0 0 0 0 0 0 0 0 0 0 0 0 0 0 0 0 0 0 0 0 0 0
P14805 2075 9 0 0 0 0 0 0 0 0 0 0 0 0 0 0 24 0 0 0 0 0 0 0 0 0 0 0 0 31 18 0 -999
P14805 2075 10 0 0 16 14 4 5 14 88 16 2 2 0 0 0 0 0 0 0 48 23 8 3 0 4 4 0 48 39 15 0 0
P14805 2075 11 0 35 37 35 15 0 42 28 83 16 8 90 34 15 4 53 141 16 6 18 35 15 0 24 21 28 39 4 11 5 -999
P14805 2075 12 0 8 1 2 19 66 86 39 104 6 14 20 22 5 1 1 0 0 0 0 0 6 2 0 0 10 1 2 4 1 0
P14805 2076 1 0 0 0 0 0 0 0 0 2 5 4 4 4 24 2 0 0 2 6 0 0 0 0 0 0 2 18 9 0 2 1
P14805 2076 2 3 24 4 0 0 0 0 25 26 3 1 0 1 0 0 0 0 0 7 5 17 0 0 0 0 3 0 0 -999 -999 -999
P14805 2076 3 0 0 0 0 25 14 4 0 19 68 15 0 0 0 15 24 65 100 6 0 9 0 2 0 0 0 0 0 0 0 0
P14805 2076 4 0 0 0 89 0 0 0 0 0 0 0 63 6 0 0 0 0 0 0 0 0 43 35 28 0 0 0 0 0 0 -999
P14805 2076 5 22 33 63 6 0 0 0 0 0 0 0 0 0 0 0 0 6 27 23 41 69 25 12 0 0 0 23 39 26 30 7
P14805 2076 6 17 0 0 0 0 0 10 6 0 0 0 0 0 0 0 0 0 0 0 0 0 0 0 0 0 0 0 0 0 0 -999
P14805 2076 7 0 0 0 0 12 10 0 0 0 0 0 0 0 0 0 0 0 0 0 0 0 0 0 0 0 0 0 0 0 0 0
P14805 2076 8 0 0 0 0 0 0 0 0 0 0 0 0 0 0 0 0 0 0 0 0 0 0 0 0 0 0 0 0 0 0 0
P14805 2076 9 0 0 0 0 0 0 0 0 0 0 0 0 0 0 0 0 0 0 0 0 0 0 29 0 0 0 53 113 21 7 -999
P14805 2076 10 12 21 39 0 0 0 0 0 0 0 41 156 126 128 111 11 0 104 6 3 9 6 24 7 4 0 0 0 0 0 0
P14805 2076 11 0 1 0 4 0 0 7 23 66 47 49 114 6 2 0 0 0 0 10 2 0 0 0 9 0 0 0 0 0 0 -999
P14805 2076 12 0 0 0 0 0 0 0 9 5 0 0 0 0 2 4 4 0 0 0 0 0 0 0 0 0 0 5 5 5 11 0
P14805 2077 1 0 0 0 0 0 5 1 1 0 0 2 26 62 164 9 8 5 4 0 0 0 0 72 74 26 7 14 15 3 3 6
P14805 2077 2 4 1 8 30 67 50 4 0 0 0 0 0 0 0 0 25 22 3 0 0 0 0 0 0 0 0 0 0 -999 -999 -999
P14805 2077 3 0 0 36 8 10 39 22 74 72 35 48 56 72 19 10 29 0 0 63 12 0 0 0 0 0 11 7 7 18 2 0
P14805 2077 4 0 0 0 0 0 0 16 48 90 6 11 2 1 0 0 0 0 0 0 0 0 0 0 0 0 0 0 0 0 0 -999
P14805 2077 5 0 0 0 0 0 0 0 0 8 3 0 0 0 0 0 0 0 0 0 0 0 0 56 78 83 102 74 45 0 0 0
P14805 2077 6 0 0 0 16 0 20 0 0 0 15 7 4 10 15 0 0 0 0 0 0 0 0 0 0 0 0 0 0 0 0 -999
P14805 2077 7 0 0 0 0 0 0 0 0 0 0 0 0 0 0 0 0 0 0 0 0 0 0 0 0 0 0 0 0 0 0 0
P14805 2077 8 0 0 0 0 0 0 0 0 0 0 0 0 0 0 0 0 0 0 0 0 0 0 0 0 0 0 0 0 0 0 0
P14805 2077 9 0 0 0 0 0 0 0 0 0 0 0 0 0 0 0 0 0 0 0 0 0 0 0 0 0 0 0 0 0 0 -999
P14805 2077 10 0 0 0 0 0 0 0 0 0 0 0 0 0 0 0 0 0 37 69 100 75 178 40 5 2 1 0 59 4 0 0
P14805 2077 11 0 7 76 90 120 17 19 25 14 13 10 39 136 102 100 83 62 78 5 19 38 109 104 0 0 0 0 0 0 0 -999
P14805 2077 12 0 0 0 5 0 6 4 22 31 107 135 11 12 78 68 18 117 160 171 62 89 69 169 167 234 97 268 69 96 37 21
P14805 2078 1 14 50 96 43 45 166 5 163 12 89 10 0 0 0 0 0 0 0 0 0 2 83 25 7 0 0 0 0 0 0 0
P14805 2078 2 0 13 6 8 17 82 71 3 3 8 48 4 8 15 2 0 7 16 0 0 3 0 3 6 0 0 0 0 -999 -999 -999
P14805 2078 3 0 0 0 0 0 10 13 5 0 0 126 54 69 142 18 3 0 0 0 0 3 5 17 27 2 0 52 26 40 77 8
P14805 2078 4 37 89 19 58 140 45 19 9 13 1 0 0 0 0 0 0 57 63 45 7 0 0 0 0 0 0 0 0 41 20 -999
P14805 2078 5 20 6 9 40 18 16 7 5 3 17 70 85 47 45 33 50 19 7 0 0 0 0 0 0 0 0 0 0 0 0 0
P14805 2078 6 0 0 0 0 0 0 0 0 0 0 0 0 0 0 0 0 0 0 0 0 0 0 0 0 0 0 0 0 0 0 -999
P14805 2078 7 0 0 0 0 0 0 0 0 0 0 0 0 0 0 0 0 0 0 0 0 0 0 0 0 0 0 0 0 0 0 0
P14805 2078 8 0 0 0 0 0 0 0 0 0 0 0 0 0 0 0 0 0 0 0 0 0 0 0 0 0 0 0 0 0 0 0
P14805 2078 9 0 0 0 0 18 0 0 0 0 0 0 0 0 0 0 0 0 0 0 0 0 0 0 0 0 0 0 0 0 0 -999
P14805 2078 10 0 23 0 0 0 0 0 0 0 0 0 0 0 0 0 0 0 0 0 0 0 0 0 0 0 0 0 0 0 0 0
P14805 2078 11 0 0 0 108 25 1 0 0 0 1 2 0 0 0 0 0 0 0 0 9 0 0 0 0 0 0 7 77 6 11 -999
P14805 2078 12 3 1 0 0 0 0 2 12 0 0 6 1 0 0 5 6 1 0 0 0 0 1 0 0 12 14 14 84 28 135 153
P14805 2079 1 15 3 10 43 2 0 0 3 3 3 7 1 4 5 0 0 0 0 0 0 0 0 0 0 0 0 14 16 0 0 0
P14805 2079 2 0 10 0 13 62 17 4 30 46 4 0 0 0 0 0 0 0 0 73 89 81 34 46 42 88 92 73 41 -999 -999 -999
P14805 2079 3 34 135 14 11 41 5 0 0 0 0 0 29 0 0 0 0 0 0 0 0 29 33 34 7 0 0 0 0 0 0 0
P14805 2079 4 0 31 23 6 0 0 17 0 0 0 0 0 0 0 0 0 0 0 0 0 0 0 0 0 0 0 0 0 0 0 -999
P14805 2079 5 35 14 11 0 0 0 0 0 0 0 0 0 0 0 0 0 0 0 0 0 0 0 0 0 0 0 0 0 0 0 0
P14805 2079 6 0 0 0 0 0 0 0 0 0 0 0 0 0 0 0 0 0 0 0 0 0 0 0 0 0 0 0 0 0 0 -999
P14805 2079 7 0 0 0 0 0 0 0 0 0 0 0 0 0 0 0 0 0 0 0 0 0 0 0 0 0 0 22 19 0 0 0
P14805 2079 8 0 0 0 0 0 0 0 0 0 0 0 0 0 0 0 0 0 0 0 0 0 0 0 0 0 0 0 0 0 0 0
P14805 2079 9 0 0 0 0 0 0 0 0 0 0 49 0 0 0 0 0 0 0 0 0 0 0 0 0 0 0 0 0 0 0 -999
P14805 2079 10 0 0 0 0 0 0 0 0 0 0 0 0 0 0 0 0 0 0 35 78 59 48 8 11 11 8 19 2 2 0 0
P14805 2079 11 0 99 52 6 63 4 0 0 0 0 0 0 0 0 0 0 0 0 0 0 14 0 63 6 36 149 74 32 63 103 -999
P14805 2079 12 3 0 0 0 29 38 98 172 169 106 16 0 1 2 136 66 130 86 226 74 23 17 10 1 0 0 0 0 3 0 0
P14805 2080 1 0 0 0 0 0 0 0 0 0 0 0 5 1 6 0 0 0 1 9 8 15 14 49 14 12 7 6 2 3 4 1
P14805 2080 2 2 2 0 7 1 1 0 0 3 6 38 83 24 5 0 2 4 0 0 0 6 6 12 6 0 0 0 0 -999 -999 -999
P14805 2080 3 0 0 0 0 0 0 0 0 0 0 0 0 0 0 0 0 0 0 16 0 0 0 0 0 0 0 0 0 0 0 0
P14805 2080 4 38 15 56 11 34 177 39 58 34 19 4 3 0 0 0 49 57 61 68 21 14 0 0 13 27 0 0 0 0 0 -999
P14805 2080 5 0 0 15 3 0 0 0 0 0 0 0 0 0 0 0 0 0 30 0 21 8 3 0 0 0 0 0 0 0 0 0
P14805 2080 6 0 0 0 0 0 0 0 0 0 0 0 0 0 0 0 0 0 0 0 0 0 0 0 0 0 0 0 0 0 0 -999
P14805 2080 7 0 0 0 0 0 0 0 0 0 0 0 0 0 0 0 0 0 0 0 0 0 0 0 0 0 0 0 0 0 0 0
P14805 2080 8 0 0 0 0 0 0 0 0 0 0 0 0 0 0 0 0 0 0 0 0 0 0 29 17 24 12 4 0 0 0 0
P14805 2080 9 0 0 0 0 0 0 0 0 0 0 0 0 67 41 0 0 0 0 0 0 0 0 0 64 49 11 0 0 0 0 -999
P14805 2080 10 0 0 0 0 0 0 0 0 0 0 0 34 7 0 4 0 0 0 0 0 0 48 11 34 138 67 16 0 0 0 0
P14805 2080 11 0 0 0 39 32 6 4 4 3 17 9 6 0 0 0 14 11 2 2 0 41 3 3 0 2 27 32 114 12 0 -999
P14805 2080 12 0 0 0 0 0 4 10 6 6 192 65 2 7 83 15 9 0 0 0 0 0 13 57 212 73 0 0 13 0 7 0
P14805 2081 1 1 0 0 0 0 0 0 0 0 0 0 0 0 0 0 1 5 28 51 126 142 209 48 7 0 16 0 0 0 0 0
P14805 2081 2 4 47 112 26 7 5 3 1 2 0 0 0 0 0 0 4 12 96 11 0 161 114 57 12 11 26 36 5 -999 -999 -999
P14805 2081 3 0 0 0 0 0 0 0 0 7 28 21 15 91 101 79 23 186 22 100 47 53 25 118 16 82 131 165 114 44 53 91
P14805 2081 4 25 13 7 32 15 0 1 0 0 0 0 3 0 0 0 0 10 9 0 0 0 0 8 0 0 0 0 0 0 0 -999
P14805 2081 5 0 0 0 0 0 7 7 6 1 0 3 0 0 0 0 0 0 0 0 0 0 0 6 0 0 19 27 17 20 13 0
P14805 2081 6 0 0 0 0 0 0 0 0 24 56 39 12 5 0 0 0 0 0 0 0 0 0 0 0 0 0 0 0 0 0 -999
P14805 2081 7 0 0 0 0 0 0 0 0 0 0 0 0 0 0 0 0 0 0 0 0 0 0 0 0 0 0 0 0 0 0 0
P14805 2081 8 0 0 0 0 0 0 0 0 0 0 0 0 0 0 0 0 0 0 0 0 0 0 0 0 0 0 0 0 0 0 0
P14805 2081 9 0 0 0 0 0 0 0 0 0 0 0 0 0 0 0 0 0 0 0 0 0 0 0 0 0 0 0 0 0 0 -999
P14805 2081 10 0 0 45 0 0 0 0 0 0 92 132 96 49 14 81 52 35 0 35 50 39 0 0 0 0 0 0 6 0 0 19
P14805 2081 11 0 0 0 122 55 14 0 0 0 46 66 27 15 66 144 113 68 38 106 213 99 85 171 5 1 0 0 0 53 85 -999
P14805 2081 12 110 28 46 33 39 25 134 130 18 0 0 0 0 0 0 0 0 6 0 13 69 44 82 14 70 89 5 44 0 0 0
P14805 2082 1 0 0 0 0 0 2 10 7 9 1 0 0 0 3 29 84 5 13 6 0 0 0 0 0 5 17 48 42 59 33 0
P14805 2082 2 0 0 2 26 12 3 1 1 0 0 6 2 0 0 0 0 0 0 0 0 0 0 0 0 0 0 2 0 -999 -999 -999
P14805 2082 3 0 4 7 2 0 0 0 0 0 12 12 3 1 2 1 4 12 14 62 59 0 0 54 19 7 0 2 0 0 0 0
P14805 2082 4 0 0 0 0 18 40 117 90 71 173 106 67 115 0 0 32 58 0 0 75 35 0 0 0 0 0 0 22 15 0 -999
P14805 2082 5 0 0 0 0 0 0 0 0 0 0 0 0 0 0 0 0 0 0 0 0 0 0 0 0 0 0 0 0 0 0 0
P14805 2082 6 0 0 0 0 0 17 49 64 27 10 0 0 0 0 0 0 89 45 27 11 25 0 0 0 0 0 0 0 0 0 -999
P14805 2082 7 0 0 0 0 0 0 0 0 0 0 0 0 0 0 0 0 0 0 0 0 0 0 0 0 0 0 0 0 0 0 0
P14805 2082 8 0 23 0 0 0 0 0 0 0 0 0 0 0 0 0 0 0 0 0 0 0 0 0 0 0 0 0 0 0 0 0
P14805 2082 9 0 0 0 0 0 0 0 0 0 0 0 0 0 0 0 0 0 0 0 0 0 0 0 0 0 0 0 0 0 0 -999
P14805 2082 10 0 0 0 0 0 0 0 0 0 0 0 0 0 0 0 0 18 19 18 72 84 3 2 33 0 0 0 0 0 0 0
P14805 2082 11 0 0 0 0 0 0 0 0 1 10 68 18 11 27 40 120 32 4 18 59 39 84 40 17 3 2 6 69 94 14 -999
P14805 2082 12 2 8 6 2 0 0 0 0 0 0 0 0 0 0 0 0 0 0 0 0 0 0 0 0 0 0 0 0 0 1 0
P14805 2083 1 0 6 1 1 0 20 64 75 21 21 2 1 25 164 79 0 0 27 0 46 34 0 39 38 73 20 43 26 0 29 27
P14805 2083 2 24 106 74 13 15 4 0 24 127 33 162 29 54 20 11 110 157 54 11 10 18 92 41 55 0 0 98 137 -999 -999 -999
P14805 2083 3 202 3 0 0 0 0 38 28 1 9 43 3 0 48 17 0 0 0 2 5 2 4 0 0 0 4 7 10 36 69 18
P14805 2083 4 44 16 16 10 6 0 4 9 0 49 15 16 34 19 0 38 8 54 87 15 9 11 2 0 0 0 0 0 0 0 -999
P14805 2083 5 0 0 44 0 0 0 0 0 0 0 0 0 0 0 0 0 0 0 18 6 12 21 0 0 0 0 0 0 0 0 0
P14805 2083 6 0 0 0 0 0 0 0 0 0 0 0 0 0 0 0 0 0 0 0 0 0 0 0 0 0 0 0 18 0 0 -999
P14805 2083 7 0 0 0 0 0 0 0 0 0 0 0 0 0 0 0 0 0 0 0 0 0 0 0 0 0 0 0 0 0 0 0
P14805 2083 8 14 17 0 0 0 0 0 0 0 0 0 0 0 0 0 0 0 0 0 0 0 0 0 0 0 0 0 0 0 0 0
P14805 2083 9 0 0 0 0 0 0 0 0 0 0 0 0 0 0 0 0 0 0 0 0 0 0 0 32 10 0 0 0 0 0 -999
P14805 2083 10 31 22 0 0 2 0 0 0 0 0 0 0 0 7 0 0 0 0 0 0 0 0 0 0 0 0 8 0 0 0 0
P14805 2083 11 0 0 0 0 0 35 83 39 0 87 1 22 78 47 9 10 16 15 9 11 8 12 44 116 4 2 5 16 1 0 -999
P14805 2083 12 0 0 0 0 0 6 11 3 0 0 0 0 0 0 0 0 40 14 0 0 0 0 0 0 0 0 0 0 0 1 1
P14805 2084 1 2 8 6 2 3 9 30 0 0 0 0 0 5 1 0 0 23 116 149 33 40 115 111 16 2 0 0 0 0 0 2
P14805 2084 2 0 0 6 0 0 0 0 0 0 0 11 42 54 0 2 2 8 6 0 23 7 0 63 123 5 24 18 9 -999 -999 -999
P14805 2084 3 35 23 13 0 18 0 0 0 0 0 28 36 63 15 12 30 40 35 29 45 162 48 31 112 63 0 0 0 52 86 47
P14805 2084 4 22 15 60 123 88 18 25 102 82 92 128 23 5 53 32 15 2 0 0 0 0 0 0 0 0 0 0 28 0 0 -999
P14805 2084 5 0 0 0 11 0 0 9 12 0 0 0 0 0 0 0 0 0 0 0 0 0 0 0 0 0 0 16 0 7 3 6
P14805 2084 6 10 0 0 0 0 0 0 0 0 0 0 0 0 0 0 0 0 0 0 0 0 0 0 0 0 0 0 0 0 0 -999
P14805 2084 7 0 0 0 0 0 0 0 0 0 0 0 0 0 0 0 0 0 0 0 0 0 0 0 0 0 0 0 0 0 0 0
P14805 2084 8 0 0 0 0 0 0 0 0 0 0 0 0 0 0 0 0 0 0 0 0 0 0 0 0 0 0 0 0 0 0 0
P14805 2084 9 0 0 0 0 0 0 0 0 0 0 0 0 0 0 0 0 0 0 0 0 0 0 0 0 0 0 0 0 0 0 -999
P14805 2084 10 0 0 0 0 0 0 0 0 0 0 0 0 0 0 0 0 0 0 0 0 0 0 14 4 4 0 0 0 0 0 0
P14805 2084 11 0 0 0 12 114 19 10 23 150 105 65 82 92 23 0 3 4 15 0 0 0 0 0 0 0 0 0 0 0 3 -999
P14805 2084 12 1 0 3 13 9 0 0 0 0 0 0 0 0 0 0 0 5 0 6 0 0 0 6 1 4 25 4 5 1 0 0
P14805 2085 1 0 0 0 0 0 0 0 0 0 0 0 0 0 0 7 0 0 0 0 0 0 0 0 0 15 0 0 0 0 0 0
P14805 2085 2 0 0 0 5 0 0 0 0 0 0 0 0 0 0 0 36 25 0 0 0 0 0 0 0 0 8 7 1 -999 -999 -999
P14805 2085 3 1 0 0 0 20 0 0 0 0 0 78 57 23 0 0 0 0 79 16 56 109 104 42 11 9 3 30 47 105 164 69
P14805 2085 4 155 68 203 18 20 0 0 0 0 0 18 5 0 0 24 0 0 0 0 17 0 0 0 0 9 34 51 35 12 41 -999
P14805 2085 5 21 0 0 29 8 0 6 0 6 84 19 14 18 7 0 0 2 5 10 8 0 0 5 3 31 4 0 0 0 0 0
P14805 2085 6 0 0 0 0 0 0 0 0 0 0 0 0 0 0 0 0 0 0 0 0 0 0 0 0 0 0 0 0 0 0 -999
P14805 2085 7 0 0 0 0 0 0 0 0 0 0 0 0 0 0 0 0 0 0 0 0 0 0 0 0 0 0 0 0 0 0 0
P14805 2085 8 0 0 0 0 0 0 0 0 0 0 0 0 0 0 0 0 0 0 0 0 0 0 0 0 0 0 0 0 0 0 0
P14805 2085 9 0 0 0 0 0 0 0 0 0 0 0 0 0 0 0 0 0 0 0 0 0 0 0 10 0 0 0 0 4 7 -999
P14805 2085 10 0 0 0 0 0 0 0 0 0 0 0 0 0 0 0 27 0 0 0 0 1 0 3 5 0 0 3 0 0 0 0
P14805 2085 11 12 42 64 68 14 10 6 18 0 0 0 0 0 0 0 0 0 14 117 75 194 104 41 67 202 23 150 13 33 25 -999
P14805 2085 12 163 71 11 7 113 38 2 2 14 42 22 16 0 15 0 0 0 0 0 0 4 15 56 70 23 8 15 17 31 11 124
P14805 2086 1 75 81 78 63 11 0 0 0 0 0 0 0 0 0 0 0 0 0 0 0 0 0 0 0 0 0 0 0 0 1 0
P14805 2086 2 0 0 0 0 0 0 0 0 0 0 0 0 14 19 13 21 24 48 11 4 110 5 0 0 0 0 0 4 -999 -999 -999
P14805 2086 3 0 0 0 0 0 0 0 0 0 8 6 0 0 1 0 0 0 0 0 3 0 0 0 0 0 0 0 0 0 0 45
P14805 2086 4 0 0 0 0 5 0 0 41 28 7 5 0 0 16 27 83 149 169 77 64 36 16 35 96 0 0 29 20 0 0 -999
P14805 2086 5 0 0 0 0 0 0 6 0 0 0 0 0 0 0 0 0 6 6 11 12 12 0 0 8 16 5 0 0 0 0 0
P14805 2086 6 0 0 0 0 0 0 0 0 0 0 0 0 0 0 0 0 0 0 0 0 0 0 0 0 0 0 0 0 0 0 -999
P14805 2086 7 0 0 0 0 0 0 0 0 0 0 0 0 0 0 0 0 0 0 0 0 0 0 0 0 0 0 0 0 0 0 0
P14805 2086 8 0 0 0 0 0 0 0 0 0 0 0 0 0 0 0 0 0 0 0 0 0 0 28 0 0 0 0 0 0 0 0
P14805 2086 9 0 0 0 0 0 0 0 0 0 0 0 0 30 12 0 0 21 29 29 0 0 0 0 67 0 0 0 0 0 0 -999
P14805 2086 10 0 0 0 0 0 0 0 0 0 0 0 0 0 0 0 0 0 0 0 0 0 0 30 56 41 22 15 3 18 9 26
P14805 2086 11 0 0 0 0 0 0 0 3 4 7 11 11 36 7 124 130 20 150 38 21 8 0 0 0 0 3 8 11 48 7 -999
P14805 2086 12 7 24 0 0 68 13 0 0 0 0 0 0 0 0 0 0 0 0 14 18 3 0 0 0 0 0 0 0 3 6 16
P14805 2087 1 26 147 9 12 27 30 12 0 0 4 7 3 15 43 93 29 3 9 44 2 6 5 0 0 0 0 0 0 0 7 2
P14805 2087 2 0 0 6 6 0 0 0 0 0 0 0 0 0 0 0 0 4 0 0 4 0 0 0 0 0 0 0 2 -999 -999 -999
P14805 2087 3 4 0 0 11 0 37 22 7 0 0 0 0 0 49 27 5 15 40 46 8 14 26 0 0 0 0 107 23 8 1 0
P14805 2087 4 0 0 24 42 79 3 0 0 0 0 0 0 0 0 0 0 13 46 23 10 4 22 13 0 0 0 0 0 0 0 -999
P14805 2087 5 0 0 0 0 0 0 0 0 88 62 18 0 0 0 0 0 0 0 0 0 0 0 0 0 0 0 0 23 15 7 0
P14805 2087 6 0 0 0 0 0 0 0 0 17 0 0 0 0 0 0 0 0 0 0 0 0 0 0 0 0 0 0 0 0 0 -999
P14805 2087 7 0 0 0 0 0 0 0 0 0 0 0 0 0 0 0 0 0 0 0 0 0 0 0 0 0 0 0 0 0 0 0
P14805 2087 8 0 0 0 0 0 0 0 0 0 0 0 0 0 0 0 0 0 0 0 0 0 0 0 0 0 0 0 0 0 0 0
P14805 2087 9 0 0 0 0 0 0 0 0 0 0 34 0 0 0 0 0 0 0 0 0 0 21 0 0 0 0 0 0 0 0 -999
P14805 2087 10 0 0 0 0 0 0 0 0 0 0 0 0 0 0 0 0 0 2 6 0 24 132 111 8 0 5 0 0 0 0 0
P14805 2087 11 0 0 0 34 68 0 0 30 28 3 2 41 9 5 54 14 5 3 0 0 12 2 5 0 0 0 0 0 24 24 -999
P14805 2087 12 79 139 0 0 0 0 0 0 0 7 20 130 55 27 46 33 22 20 25 11 127 39 0 0 0 0 0 0 0 0 0
P14805 2088 1 0 0 0 0 3 0 19 133 151 33 81 114 194 32 16 136 64 77 6 5 1 2 15 156 142 72 197 35 44 102 14
P14805 2088 2 31 7 3 25 10 5 0 0 0 3 0 0 0 0 0 0 35 36 28 0 0 0 6 5 0 0 0 6 -999 -999 -999
P14805 2088 3 0 0 0 0 34 25 110 5 0 0 0 0 5 11 0 0 0 0 27 9 0 1 2 2 5 7 5 0 0 0 0
P14805 2088 4 0 0 0 0 0 0 0 0 44 24 2 8 53 9 0 0 0 0 0 0 0 0 0 7 6 8 0 0 0 0 -999
P14805 2088 5 0 0 0 0 0 25 16 0 0 0 0 115 39 14 8 0 0 0 0 0 0 0 0 0 0 0 0 0 0 0 0
P14805 2088 6 0 0 0 0 0 0 0 0 0 0 0 0 0 0 0 0 0 0 0 0 0 0 0 0 0 0 0 0 0 0 -999
P14805 2088 7 0 0 0 0 0 0 0 0 0 0 0 0 0 0 0 0 0 0 0 0 0 0 0 0 0 0 0 0 0 0 0
P14805 2088 8 0 0 0 0 0 0 0 0 0 0 0 0 0 0 0 0 0 0 0 0 0 0 0 0 0 0 0 0 0 0 0
P14805 2088 9 0 0 0 0 0 0 0 0 0 0 0 0 0 0 0 0 0 0 0 0 0 0 0 0 0 0 0 0 0 0 -999
P14805 2088 10 0 0 0 0 0 0 0 0 0 0 16 6 42 4 0 0 0 0 0 0 0 0 0 0 0 0 0 0 0 0 0
P14805 2088 11 0 16 116 171 40 42 35 10 118 60 7 5 11 1 1 0 0 0 0 0 0 0 0 24 0 24 62 12 0 24 -999
P14805 2088 12 59 0 18 84 139 35 12 0 0 0 0 0 0 0 0 0 0 0 0 0 3 2 0 0 2 5 14 1 0 4 0
P14805 2089 1 0 0 0 5 16 26 32 0 0 4 8 5 6 49 8 4 35 7 57 206 39 111 162 9 34 34 4 10 33 81 65
P14805 2089 2 63 5 0 32 74 7 11 11 88 128 89 96 111 46 87 102 93 49 73 53 51 2 0 0 0 35 59 27 -999 -999 -999
P14805 2089 3 2 0 0 0 0 0 0 0 0 0 0 0 0 0 0 4 47 11 2 0 0 0 0 0 0 0 0 0 10 0 0
P14805 2089 4 0 0 0 0 0 0 17 79 61 17 5 0 0 0 12 34 0 0 0 0 0 0 0 0 0 0 0 0 42 0 -999
P14805 2089 5 16 5 0 0 0 0 0 0 19 0 0 0 0 0 0 0 0 0 0 0 0 0 0 0 0 0 0 0 0 0 0
P14805 2089 6 33 18 0 0 0 0 0 0 0 0 0 0 0 0 0 0 0 0 0 0 0 0 0 0 0 0 0 0 0 0 -999
P14805 2089 7 0 0 0 0 0 0 0 0 0 0 0 0 0 0 0 0 0 0 0 0 0 0 0 0 0 0 0 0 0 0 0
P14805 2089 8 0 0 0 0 0 0 0 0 0 0 0 0 0 0 0 0 0 0 0 0 0 0 0 0 0 0 0 0 0 0 0
P14805 2089 9 0 0 0 0 0 0 0 0 0 0 0 0 0 0 0 0 0 0 0 0 0 0 0 0 0 0 0 0 0 0 -999
P14805 2089 10 0 0 0 0 0 0 0 0 0 0 0 30 10 11 7 8 0 0 0 0 0 0 0 4 9 4 0 0 0 0 0
P14805 2089 11 8 0 0 0 0 24 3 1 0 0 13 0 0 18 75 178 58 58 92 73 101 159 115 96 0 20 14 12 113 37 -999
P14805 2089 12 45 102 7 19 1 2 1 6 1 0 0 0 0 0 0 0 2 7 72 117 41 17 41 10 0 0 0 0 0 71 15
P14805 2090 1 3 0 0 0 0 15 2 0 0 0 0 0 0 0 0 0 0 2 0 61 47 29 34 18 8 2 2 1 0 13 9
P14805 2090 2 0 43 61 0 0 0 0 0 34 130 146 112 131 131 86 162 224 45 27 52 140 20 4 25 52 123 73 63 -999 -999 -999
P14805 2090 3 12 2 9 0 7 13 98 178 58 14 15 151 68 7 7 0 0 0 0 0 0 0 0 0 10 0 0 0 0 0 0
P14805 2090 4 0 0 80 70 42 20 0 0 0 0 21 24 36 15 0 0 0 0 0 6 0 31 74 71 0 0 61 78 24 13 -999
P14805 2090 5 0 0 0 0 0 0 0 0 0 0 0 0 0 0 0 0 0 20 21 9 8 5 0 0 0 0 0 0 0 0 0
P14805 2090 6 0 0 0 23 116 87 44 14 20 23 13 0 0 0 0 0 0 0 0 0 0 0 37 77 85 53 13 16 0 0 -999
P14805 2090 7 0 0 0 0 0 0 0 0 0 0 0 0 0 0 0 0 0 0 0 0 0 0 0 0 0 0 0 0 0 0 0
P14805 2090 8 0 0 0 0 0 0 0 0 0 0 0 0 0 0 0 0 0 0 0 0 0 0 0 0 0 0 0 0 0 0 0
P14805 2090 9 0 0 0 0 0 0 0 0 0 0 0 0 0 0 0 0 0 0 0 0 0 0 0 0 0 0 0 0 0 0 -999
P14805 2090 10 41 21 0 0 0 0 0 58 18 16 13 4 5 6 0 0 0 25 0 4 0 0 0 0 0 0 0 0 0 2 6
P14805 2090 11 10 20 19 2 0 0 0 0 0 0 0 0 0 0 0 0 0 0 0 0 0 0 0 0 2 11 27 101 122 120 -999
P14805 2090 12 75 20 45 70 5 0 3 0 55 49 8 3 3 5 5 0 0 0 0 0 0 17 0 47 0 0 0 0 6 5 0
P14805 2091 1 0 0 0 0 0 0 0 0 0 0 0 0 0 0 0 0 0 0 12 3 9 19 52 132 19 127 37 58 8 6 8
P14805 2091 2 12 27 37 93 88 74 79 76 48 5 6 5 30 6 10 8 2 1 3 3 0 69 164 40 67 27 5 0 -999 -999 -999
P14805 2091 3 0 0 0 0 0 0 3 9 4 0 0 0 0 0 0 0 0 0 0 4 7 7 0 7 0 0 0 0 12 0 0
P14805 2091 4 12 25 0 0 0 0 0 0 0 0 0 0 0 0 0 0 0 0 0 0 11 0 0 27 40 0 0 0 13 13 -999
P14805 2091 5 18 11 35 0 35 85 37 7 0 0 17 17 37 42 20 70 21 11 8 0 0 0 0 0 0 0 0 0 0 0 0
P14805 2091 6 0 0 0 0 0 0 0 0 0 0 0 0 0 0 0 0 0 0 0 0 0 0 0 0 0 0 0 0 0 0 -999
P14805 2091 7 0 0 0 0 0 0 0 0 0 0 0 0 0 0 0 0 0 0 0 0 0 0 0 0 0 0 0 0 0 0 0
P14805 2091 8 0 0 0 0 0 0 0 0 0 0 0 0 0 0 0 0 0 0 0 0 0 0 0 0 0 0 0 0 0 0 0
P14805 2091 9 0 0 0 0 0 0 0 0 0 0 0 0 0 0 0 0 0 0 0 0 0 28 8 5 13 72 0 0 0 0 -999
P14805 2091 10 0 0 0 0 0 0 0 0 0 62 8 0 0 0 0 0 0 0 0 0 0 0 0 0 0 0 0 6 51 13 28
P14805 2091 11 24 36 28 34 21 66 110 138 27 33 77 33 32 10 2 0 23 25 8 18 13 2 2 0 0 0 0 13 0 0 -999
P14805 2091 12 0 0 0 0 0 0 0 4 0 0 0 29 53 51 22 29 7 36 26 47 70 24 0 0 0 0 0 0 0 0 0
P14805 2092 1 7 1 1 0 41 42 27 34 18 43 6 59 213 21 23 1 0 0 0 0 0 0 13 3 8 72 4 0 2 1 0
P14805 2092 2 0 0 4 41 73 116 10 13 0 0 0 0 0 0 0 0 0 0 22 13 52 39 10 3 0 0 3 2 -999 -999 -999
P14805 2092 3 1 0 0 0 0 0 0 0 0 0 0 0 0 0 0 43 35 100 59 22 90 4 0 0 0 0 9 0 0 0 0
P14805 2092 4 0 0 0 0 6 1 11 6 37 10 14 10 0 0 0 0 0 0 0 0 28 0 0 0 0 36 0 0 0 0 -999
P14805 2092 5 0 0 0 0 0 0 0 0 0 0 0 0 0 0 0 0 0 0 0 0 0 0 0 0 0 0 0 0 0 0 0
P14805 2092 6 0 0 0 0 0 0 0 0 0 0 0 0 0 0 0 0 0 0 0 0 0 0 0 0 0 0 0 0 0 0 -999
P14805 2092 7 0 0 0 0 0 0 0 0 0 0 0 0 0 0 0 0 0 0 0 0 0 0 0 0 0 0 0 0 0 0 0
P14805 2092 8 0 0 0 0 0 0 0 0 0 0 0 0 0 0 0 0 0 0 0 0 0 0 0 0 0 0 0 0 55 40 0
P14805 2092 9 0 0 0 0 0 0 0 0 0 0 0 0 0 0 0 0 0 0 0 49 20 35 0 0 0 0 0 0 0 12 -999
P14805 2092 10 0 0 9 0 0 0 0 0 0 19 0 0 0 9 4 5 11 5 60 12 0 0 0 0 0 0 0 0 0 0 0
P14805 2092 11 0 0 0 0 5 0 20 20 31 0 0 13 84 5 4 7 0 0 0 0 0 0 0 2 4 3 0 0 0 0 -999
P14805 2092 12 0 0 0 0 0 0 0 8 11 2 0 0 1 0 0 0 0 0 0 0 0 0 0 0 0 11 130 22 8 1 0
P14805 2093 1 0 0 2 5 19 20 10 65 159 37 14 8 20 1 10 3 0 0 0 0 0 0 2 0 0 0 0 6 3 2 4
P14805 2093 2 2 5 0 13 4 37 14 67 163 90 51 2 0 0 0 0 0 0 58 74 0 29 14 0 0 0 0 0 -999 -999 -999
P14805 2093 3 0 8 52 32 2 0 0 44 29 44 99 21 25 8 59 28 7 22 114 130 219 22 12 97 18 0 2 0 75 98 85
P14805 2093 4 4 0 0 0 0 7 2 28 37 48 7 16 0 0 0 0 0 73 57 0 0 0 83 7 0 0 0 0 0 0 -999
P14805 2093 5 0 14 6 12 8 8 6 6 18 93 86 0 0 0 0 0 0 0 24 0 0 0 0 0 0 0 0 0 0 0 0
P14805 2093 6 0 0 0 0 0 0 0 0 0 0 76 60 58 28 0 0 0 0 0 0 0 0 0 0 0 0 0 0 0 0 -999
P14805 2093 7 0 0 0 0 0 0 0 0 0 0 0 0 0 0 0 0 0 0 0 0 0 0 0 0 0 0 0 0 0 0 0
P14805 2093 8 0 0 0 0 0 0 0 0 0 0 0 0 0 0 0 0 0 0 0 0 0 0 0 0 0 0 42 26 0 0 0
P14805 2093 9 0 0 0 0 0 0 0 0 0 0 0 0 0 0 0 0 0 0 0 0 0 0 20 0 0 0 0 0 0 0 -999
P14805 2093 10 0 0 0 0 0 0 0 0 26 6 0 0 0 0 0 0 0 0 0 0 0 12 0 0 0 1 1 0 0 0 3
P14805 2093 11 5 9 18 96 21 14 8 30 35 0 0 97 102 0 0 0 7 10 18 0 0 0 0 55 49 83 9 2 7 0 -999
P14805 2093 12 0 0 0 22 0 10 16 6 11 10 20 5 0 0 0 0 0 0 0 0 0 0 0 0 0 0 0 20 91 27 5
P14805 2094 1 0 0 0 8 58 146 101 14 0 0 0 0 0 0 0 0 0 0 0 0 2 0 1 0 0 0 0 0 0 0 8
P14805 2094 2 1 0 0 0 31 4 5 6 0 0 0 0 0 18 37 13 0 0 5 3 5 1 3 90 6 16 136 77 -999 -999 -999
P14805 2094 3 25 79 26 25 126 131 66 77 183 86 41 34 44 6 4 0 13 0 0 0 0 7 0 0 0 0 0 0 0 0 0
P14805 2094 4 0 0 0 0 0 15 9 7 16 69 8 58 11 8 20 14 8 8 28 4 0 0 26 19 100 26 3 0 0 0 -999
P14805 2094 5 0 1 0 1 0 0 0 0 0 0 0 0 0 0 0 0 0 0 0 0 0 0 0 0 0 0 0 0 0 0 0
P14805 2094 6 0 0 0 0 0 0 44 26 13 6 0 0 29 0 0 0 0 0 0 0 0 0 0 0 0 0 0 0 0 0 -999
P14805 2094 7 0 0 0 0 0 0 0 0 0 0 0 0 0 0 0 0 0 0 0 0 0 0 0 0 0 0 0 0 0 0 0
P14805 2094 8 0 0 0 0 0 0 0 0 0 0 0 0 0 0 0 0 0 0 0 0 0 0 0 0 0 0 0 0 0 0 0
P14805 2094 9 0 0 0 0 0 0 0 0 0 0 0 0 0 0 0 0 0 0 0 0 0 0 0 0 0 0 0 0 0 64 -999
P14805 2094 10 92 95 165 70 43 4 0 0 0 0 0 0 0 0 0 0 0 0 0 0 0 0 0 0 0 0 10 18 10 3 0
P14805 2094 11 6 0 0 0 0 46 99 14 5 3 0 28 86 19 6 15 0 0 0 0 0 0 0 0 0 47 167 157 59 13 -999
P14805 2094 12 0 0 15 35 93 221 41 12 21 16 25 10 0 0 64 12 49 26 0 0 0 0 16 0 15 88 145 32 28 9 43
P14805 2095 1 180 8 70 17 9 10 10 5 12 19 50 28 7 18 46 6 151 22 272 122 83 92 39 127 149 44 73 81 10 29 130
P14805 2095 2 11 3 0 90 30 19 36 6 0 0 0 0 27 64 7 35 23 15 12 0 0 0 0 4 0 0 0 0 -999 -999 -999
P14805 2095 3 0 0 0 0 0 0 0 0 0 0 17 56 26 9 15 0 0 47 83 19 10 0 0 0 0 0 0 0 0 0 0
P14805 2095 4 45 9 10 5 0 81 60 64 17 32 16 13 3 0 0 0 16 0 0 0 0 0 0 0 0 0 0 0 0 0 -999
P14805 2095 5 21 3 0 0 0 0 0 0 0 0 0 0 0 0 0 0 0 0 0 0 0 0 0 0 0 0 0 0 0 0 0
P14805 2095 6 0 0 0 0 0 0 0 0 0 0 0 0 0 0 0 0 0 0 0 0 0 0 0 0 0 0 47 17 0 0 -999
P14805 2095 7 0 0 0 0 0 0 0 0 0 0 0 0 0 0 0 0 0 0 0 0 0 0 0 0 0 0 0 0 0 0 0
P14805 2095 8 0 0 0 0 0 0 0 0 0 0 0 0 0 0 0 0 0 0 0 0 0 0 0 0 0 0 0 0 0 0 0
P14805 2095 9 0 0 0 0 0 0 0 0 0 0 0 0 0 0 0 0 0 0 0 0 0 0 0 0 0 0 0 0 0 0 -999
P14805 2095 10 0 0 0 0 0 0 0 0 7 8 6 4 5 0 0 0 21 2 0 0 0 0 0 0 0 0 0 6 49 19 11
P14805 2095 11 4 6 22 15 0 0 8 111 96 23 148 29 10 4 0 0 0 8 2 3 0 0 0 13 7 15 44 18 7 6 -999
P14805 2095 12 2 0 0 0 0 8 0 0 7 0 0 0 0 0 0 3 2 1 0 0 0 0 0 0 0 0 0 0 0 0 0
P14805 2096 1 0 0 0 19 0 9 8 7 16 25 9 0 0 1 1 1 0 0 0 0 2 0 0 0 0 0 2 2 9 0 0
P14805 2096 2 0 0 0 1 1 0 1 2 9 11 18 3 0 0 0 0 0 0 0 0 0 0 0 12 7 0 0 0 -999 -999 -999
P14805 2096 3 0 0 0 0 0 0 0 5 0 0 0 3 6 6 1 0 0 0 0 0 0 0 0 3 0 0 7 0 4 15 15
P14805 2096 4 0 0 0 0 0 0 0 79 69 0 20 38 72 58 21 8 8 26 67 12 0 0 7 0 0 0 0 0 0 0 -999
P14805 2096 5 0 0 0 0 0 0 0 0 0 0 0 0 0 0 0 0 0 0 0 0 0 0 0 0 14 0 9 0 30 115 76
P14805 2096 6 72 11 17 66 0 0 0 6 5 0 0 33 4 0 0 0 0 0 0 0 0 57 0 0 0 0 0 0 0 0 -999
P14805 2096 7 0 0 0 0 0 0 0 0 0 0 0 0 0 0 0 0 0 0 0 0 0 0 0 0 0 0 0 0 0 0 0
P14805 2096 8 0 0 0 0 0 0 0 0 0 0 0 0 0 0 0 0 0 0 0 0 0 0 0 0 0 0 0 0 0 0 20
P14805 2096 9 31 0 0 0 0 0 6 9 0 0 0 0 0 0 0 0 0 0 0 0 0 0 0 0 0 0 0 0 0 0 -999
P14805 2096 10 0 0 0 0 0 0 0 12 42 61 36 22 5 0 0 0 87 169 110 131 53 6 0 5 9 0 0 8 24 74 33
P14805 2096 11 45 55 40 33 31 17 9 12 142 179 47 6 49 70 175 91 206 91 12 20 5 8 6 0 11 22 4 11 44 1 -999
P14805 2096 12 0 0 0 0 0 0 0 0 0 0 0 0 0 0 5 0 0 0 0 0 1 0 0 18 11 51 57 35 41 63 72
P14805 2097 1 32 19 7 8 2 5 80 141 13 8 3 0 0 0 48 114 62 8 100 23 3 0 7 8 0 9 0 0 16 12 13
P14805 2097 2 31 7 1 0 10 8 0 5 0 17 5 22 0 0 0 0 0 0 0 0 0 0 0 0 0 0 0 0 -999 -999 -999
P14805 2097 3 0 0 0 0 0 0 0 0 0 0 0 0 0 0 6 6 0 0 0 70 53 0 0 0 0 0 8 7 6 9 0
P14805 2097 4 61 0 0 0 0 0 0 0 2 7 0 0 0 0 0 0 0 26 32 13 56 85 43 24 192 73 72 12 9 6 -999
P14805 2097 5 0 0 0 0 0 58 26 0 0 0 0 0 0 6 9 0 0 0 0 0 0 0 0 0 0 0 0 0 0 0 6
P14805 2097 6 0 0 0 0 0 0 0 0 0 0 0 0 0 0 0 0 0 0 0 0 0 0 0 0 0 0 0 0 0 0 -999
P14805 2097 7 0 0 0 0 0 0 0 0 0 0 0 0 0 0 0 0 0 0 0 0 0 0 0 0 0 0 0 0 0 0 0
P14805 2097 8 0 0 0 0 0 0 0 0 0 0 0 0 0 0 0 0 0 0 0 0 0 0 0 0 0 0 0 0 0 0 0
P14805 2097 9 0 0 0 0 0 0 0 0 0 0 0 0 0 0 0 0 0 0 0 0 0 0 0 0 0 0 0 0 0 0 -999
P14805 2097 10 0 33 18 13 0 0 0 0 0 0 0 0 0 0 0 0 38 96 120 89 66 15 57 18 4 4 3 0 0 89 51
P14805 2097 11 17 15 7 73 3 0 0 5 4 26 80 23 117 39 21 5 0 0 0 0 75 141 39 6 0 0 0 0 0 0 -999
P14805 2097 12 0 2 100 37 47 44 22 2 0 0 0 0 0 0 89 130 11 9 2 3 10 11 8 3 8 6 39 19 0 0 0
P14805 2098 1 0 6 4 0 10 24 3 13 4 3 0 0 0 2 2 1 0 0 2 4 7 4 6 1 0 0 0 6 0 0 0
P14805 2098 2 15 35 104 47 89 56 110 65 64 44 25 38 53 8 5 10 7 0 12 35 14 0 0 0 14 34 6 2 -999 -999 -999
P14805 2098 3 3 5 1 2 1 3 3 0 0 0 0 0 0 0 0 0 0 0 65 94 52 5 0 0 0 0 0 0 0 0 0
P14805 2098 4 0 0 0 0 0 0 0 23 14 9 11 4 5 4 0 0 0 0 0 0 0 0 0 0 0 0 0 0 0 0 -999
P14805 2098 5 0 0 0 0 0 0 0 0 0 0 0 0 0 0 0 0 0 19 0 0 0 0 0 0 0 0 0 0 0 0 0
P14805 2098 6 0 0 0 0 0 0 0 0 0 0 0 0 0 42 49 20 0 0 0 0 26 28 28 13 0 0 0 0 0 0 -999
P14805 2098 7 0 0 0 0 0 0 0 0 0 0 0 0 0 0 0 0 0 0 0 0 0 0 0 0 0 0 0 0 0 0 0
P14805 2098 8 0 0 0 0 0 0 0 0 0 0 0 0 0 0 0 0 0 0 0 0 0 0 0 0 0 0 0 0 0 0 0
P14805 2098 9 0 0 0 0 0 0 0 0 0 0 0 0 0 0 0 0 0 65 62 56 0 0 0 24 80 15 44 5 0 0 -999
P14805 2098 10 0 0 0 82 13 3 0 0 0 0 9 0 0 0 0 0 0 50 13 21 0 0 33 4 3 3 3 49 11 41 100
P14805 2098 11 165 69 12 26 11 66 8 11 0 107 123 20 4 0 0 35 124 65 14 12 0 19 25 16 0 0 0 6 94 46 -999
P14805 2098 12 11 30 20 116 171 39 0 0 31 0 0 0 0 0 0 0 0 27 8 6 19 34 59 17 7 1 0 3 0 0 0
P14805 2099 1 0 0 2 0 0 0 0 0 0 0 0 2 0 0 2 4 3 0 0 0 0 0 0 0 2 0 0 0 5 0 0
P14805 2099 2 0 57 51 7 5 0 1 1 0 0 0 0 0 0 0 0 0 0 6 8 4 3 1 2 11 0 0 18 -999 -999 -999
P14805 2099 3 17 0 17 0 49 100 75 145 169 239 123 25 0 0 0 0 0 0 0 0 0 0 26 4 8 1 0 0 0 0 19
P14805 2099 4 0 23 3 4 20 1 1 0 0 9 14 12 0 93 17 4 0 0 0 0 0 28 20 13 14 0 0 0 0 0 -999
P14805 2099 5 0 0 0 0 28 14 26 16 8 0 0 0 0 69 0 0 0 0 0 19 0 0 0 0 0 0 0 0 0 0 0
P14805 2099 6 0 0 0 0 0 0 0 0 0 0 0 0 0 0 0 0 0 27 36 28 28 13 0 0 0 0 0 0 0 0 -999
P14805 2099 7 0 0 0 0 0 0 0 0 0 0 0 0 0 0 0 0 0 0 0 0 0 0 0 0 0 0 0 0 0 0 0
P14805 2099 8 0 0 0 0 0 0 0 0 0 0 0 0 0 0 0 0 0 0 0 0 0 0 0 0 0 0 0 0 107 22 0
P14805 2099 9 0 0 0 0 0 0 0 0 0 6 16 0 0 0 0 0 0 0 0 0 0 0 0 0 0 0 0 0 0 0 -999
P14805 2099 10 0 0 0 0 0 0 0 0 0 0 84 0 0 23 88 0 0 0 0 0 0 0 0 0 0 0 0 0 0 0 112
P14805 2099 11 64 24 13 0 21 23 9 11 28 54 49 113 172 19 88 52 64 124 98 92 93 7 0 0 0 0 0 0 0 0 -999
P14805 2099 12 15 0 11 9 9 18 0 0 0 0 0 0 0 0 0 0 6 4 9 9 42 98 52 8 0 7 24 34 31 50 197
P14805 2100 1 9 0 0 0 1 0 0 0 0 0 0 43 46 21 0 27 3 0 0 0 0 3 8 2 0 0 7 0 0 0 0
P14805 2100 2 0 0 29 0 0 2 0 0 0 0 5 0 0 0 0 0 0 0 9 2 0 0 0 0 0 0 0 0 -999 -999 -999
P14805 2100 3 0 0 0 0 0 37 5 14 0 30 0 0 13 71 0 0 0 0 18 0 0 0 0 0 0 0 0 53 6 0 30
P14805 2100 4 2 0 9 0 0 0 0 0 24 13 3 1 1 0 0 0 48 0 0 0 0 61 11 4 0 0 0 0 0 0 -999
P14805 2100 5 0 0 0 0 28 0 7 0 0 8 15 10 5 0 0 5 4 0 0 0 0 0 9 24 8 4 0 0 0 0 0
P14805 2100 6 0 6 0 0 1 0 0 0 0 0 0 0 0 0 0 0 0 0 0 0 0 0 5 0 0 0 47 0 4 0 -999
P14805 2100 7 3 0 0 0 0 0 0 0 0 0 0 0 0 0 5 0 0 0 0 0 0 0 0 0 0 0 0 0 0 0 0
P14805 2100 8 2 1 0 0 0 0 0 0 0 0 0 0 0 0 0 0 0 0 0 0 0 0 0 0 0 0 0 0 0 0 0
P14805 2100 9 0 0 6 0 0 16 4 0 0 0 0 0 0 0 0 0 0 1 0 0 0 0 0 0 0 0 0 0 0 0 -999
P14805 2100 10 10 0 4 0 0 18 18 4 2 3 6 19 0 12 6 12 37 0 18 0 33 0 10 36 15 11 0 131 87 139 13
P14805 2100 11 10 6 0 0 9 11 4 0 0 0 0 86 23 13 23 0 0 0 0 0 0 0 0 0 0 6 0 0 0 0 -999
P14805 2100 12 0 0 0 0 0 0 0 38 0 16 0 0 0 6 28 31 11 0 29 2 0 15 0 17 0 36 39 114 19 0 -999
