precip bcc-csm1-1 rcp60 RNEURONALES decimas 2
P7055 39.465 -3.15 699 geo 2006 2100 -1
P7055 2006 1 0 0 0 0 2 0 0 3 7 32 12 28 15 30 15 9 1 2 1 0 3 8 8 2 8 2 1 8 1 0 0
P7055 2006 2 0 0 4 18 46 42 41 6 123 135 95 89 44 19 17 17 20 1 0 0 10 9 48 52 13 5 0 6 -999 -999 -999
P7055 2006 3 0 6 21 0 0 6 4 0 20 12 41 21 17 24 21 6 31 7 0 0 0 0 0 0 0 0 2 2 4 6 3
P7055 2006 4 3 36 5 0 18 34 14 33 34 94 32 42 14 6 10 0 1 5 7 0 0 8 16 41 0 27 15 0 0 0 -999
P7055 2006 5 0 2 0 11 16 28 6 3 10 24 9 1 3 2 0 4 10 4 8 8 8 17 6 5 0 12 32 68 20 37 15
P7055 2006 6 10 2 22 85 31 9 9 4 0 0 0 0 0 0 0 0 0 0 0 0 4 0 0 0 0 0 0 0 0 0 -999
P7055 2006 7 0 0 0 0 0 17 0 0 0 0 0 0 0 0 0 0 0 0 0 0 0 0 0 0 0 0 0 0 0 0 0
P7055 2006 8 0 0 0 0 0 0 0 0 0 0 0 0 0 0 0 0 0 0 0 0 0 0 0 0 0 3 0 0 0 0 0
P7055 2006 9 0 0 0 0 0 0 0 0 0 2 4 0 0 42 24 35 107 20 6 0 0 0 0 0 0 7 0 0 0 0 -999
P7055 2006 10 23 5 6 27 8 0 0 0 0 0 5 0 0 0 0 0 11 0 0 0 0 0 0 0 0 0 13 6 3 0 0
P7055 2006 11 0 0 0 0 19 14 10 3 0 0 0 0 0 0 0 0 0 0 2 0 0 0 0 0 0 0 0 0 0 0 -999
P7055 2006 12 0 0 7 0 2 4 0 0 0 0 0 0 0 0 0 0 0 0 0 0 2 28 51 15 70 38 73 42 3 2 2
P7055 2007 1 0 0 0 0 0 0 0 0 0 2 2 2 3 0 0 0 2 9 4 1 12 1 11 15 13 24 38 10 32 20 9
P7055 2007 2 0 0 6 15 38 39 50 34 3 13 1 44 30 26 13 0 0 0 14 6 0 0 4 1 2 4 0 2 -999 -999 -999
P7055 2007 3 30 7 0 0 0 0 0 0 0 0 0 20 58 26 7 0 10 14 1 0 0 10 38 39 13 0 0 4 12 5 6
P7055 2007 4 0 5 13 10 9 6 8 1 0 0 0 0 6 2 3 30 1 10 19 2 7 20 40 40 34 23 8 1 8 3 -999
P7055 2007 5 4 0 3 32 7 2 5 18 11 2 8 21 43 32 6 4 9 4 0 1 0 0 0 0 0 0 0 0 0 0 20
P7055 2007 6 0 0 0 0 0 0 0 8 1 0 0 0 0 0 0 0 0 0 0 0 0 0 0 0 0 0 0 0 0 0 -999
P7055 2007 7 0 0 0 0 0 0 0 0 0 0 0 0 0 0 0 0 0 0 0 0 0 0 0 0 0 0 0 0 0 0 0
P7055 2007 8 0 0 0 0 0 0 0 0 0 0 0 0 0 0 0 0 0 0 0 0 0 0 0 89 21 0 13 17 2 0 0
P7055 2007 9 0 0 0 0 0 0 0 0 0 0 0 0 0 0 0 0 0 0 0 0 0 6 0 0 0 0 0 0 0 0 -999
P7055 2007 10 9 28 22 0 0 0 4 7 1 20 11 6 55 66 39 4 36 38 19 6 2 0 0 6 3 35 43 46 6 30 14
P7055 2007 11 0 0 0 0 0 0 0 3 2 17 7 5 0 0 3 0 0 3 1 43 14 57 31 67 74 11 15 10 16 3 -999
P7055 2007 12 2 0 0 0 0 0 0 3 66 93 32 6 6 8 2 85 42 38 24 38 38 9 20 1 5 4 2 4 6 4 5
P7055 2008 1 37 33 43 58 33 78 59 33 1 4 5 24 18 1 3 35 19 30 17 0 0 0 0 0 0 0 0 2 0 0 1
P7055 2008 2 1 1 1 0 0 0 0 0 0 0 0 0 0 0 0 0 0 0 2 35 12 10 5 9 1 0 0 0 -999 -999 -999
P7055 2008 3 0 1 2 0 0 0 0 2 0 0 0 0 9 20 38 22 15 4 1 7 2 0 18 17 16 43 14 0 2 16 7
P7055 2008 4 16 4 8 1 6 71 186 41 20 33 18 28 37 13 0 0 0 11 21 0 0 0 1 1 2 8 2 0 11 8 -999
P7055 2008 5 0 0 6 13 16 16 15 3 7 16 26 2 5 0 0 4 8 0 0 24 0 0 0 0 0 0 0 0 0 0 0
P7055 2008 6 8 0 0 0 0 0 0 0 0 0 0 0 0 0 0 0 0 0 0 0 0 0 0 13 0 0 9 33 4 0 -999
P7055 2008 7 0 15 0 30 75 22 59 6 0 0 0 0 0 0 0 0 0 0 0 0 0 0 0 0 0 0 0 0 0 0 0
P7055 2008 8 0 0 0 0 0 0 0 0 0 0 0 0 0 0 0 0 0 0 0 0 0 0 0 0 0 0 0 0 0 0 0
P7055 2008 9 0 0 0 0 0 0 0 0 0 0 0 0 0 0 0 0 0 0 0 0 0 0 0 0 0 0 0 0 0 0 -999
P7055 2008 10 3 4 4 3 5 8 0 0 0 10 67 9 18 25 37 12 11 2 0 11 11 19 15 11 1 8 0 7 3 1 8
P7055 2008 11 0 2 0 5 1 24 8 24 24 2 4 1 0 3 33 63 41 68 140 5 0 44 7 3 0 4 4 0 0 6 -999
P7055 2008 12 25 19 1 10 0 3 15 39 23 0 0 5 23 45 16 11 2 0 0 3 6 7 5 3 0 0 0 0 0 0 2
P7055 2009 1 1 0 0 0 11 6 3 2 1 9 75 3 28 2 2 4 2 38 19 3 4 28 45 15 6 1 0 0 4 34 7
P7055 2009 2 5 2 0 0 19 52 5 4 9 3 8 17 7 0 0 9 74 41 30 45 81 26 32 22 50 31 41 57 -999 -999 -999
P7055 2009 3 73 68 48 46 33 95 29 3 1 3 3 0 0 0 0 0 0 5 6 9 4 0 0 6 5 31 4 8 3 1 0
P7055 2009 4 0 0 0 0 0 0 6 0 0 0 8 1 7 10 1 0 0 0 5 25 7 0 0 3 0 0 46 0 0 0 -999
P7055 2009 5 0 0 0 0 0 0 0 0 0 0 0 0 0 0 3 0 0 0 0 0 7 0 0 6 0 0 0 3 0 0 0
P7055 2009 6 0 0 10 17 30 0 0 58 15 11 62 74 33 17 11 2 4 25 4 5 7 0 0 0 0 0 0 0 0 0 -999
P7055 2009 7 0 0 0 0 0 0 0 0 0 0 0 0 0 0 0 0 0 0 0 0 0 0 0 0 0 0 0 0 0 0 0
P7055 2009 8 0 0 0 0 0 0 0 0 0 0 0 0 0 0 0 0 0 0 0 0 0 0 0 0 0 0 0 0 0 0 0
P7055 2009 9 0 0 0 0 0 0 0 0 0 0 0 0 0 0 0 0 0 0 0 0 0 0 0 0 0 0 0 0 0 0 -999
P7055 2009 10 0 23 32 46 24 23 19 5 0 0 0 0 0 0 0 0 0 0 0 0 2 1 1 0 5 0 0 0 0 0 0
P7055 2009 11 0 7 18 0 7 0 0 6 8 15 28 13 3 0 0 0 0 0 0 0 0 1 0 0 0 0 0 0 0 0 -999
P7055 2009 12 0 0 2 2 6 3 10 8 0 5 13 9 4 0 5 37 18 12 0 0 0 0 0 6 15 23 28 65 44 18 19
P7055 2010 1 3 2 4 0 2 0 11 2 0 0 5 0 0 0 8 5 7 22 15 4 8 0 0 0 0 2 0 0 0 0 0
P7055 2010 2 0 0 0 0 1 0 0 0 0 7 5 3 10 1 0 6 4 0 0 0 7 10 0 0 0 0 0 1 -999 -999 -999
P7055 2010 3 1 0 0 0 0 4 24 35 18 8 4 0 0 0 0 0 0 0 2 15 23 10 39 4 1 2 1 1 1 0 1
P7055 2010 4 18 51 30 4 6 12 42 20 2 1 0 55 22 0 0 0 0 0 0 0 0 0 0 4 1 0 0 0 0 0 -999
P7055 2010 5 2 0 1 0 0 0 0 0 0 0 0 0 0 0 0 0 0 6 0 4 0 0 0 0 0 0 0 0 0 4 2
P7055 2010 6 4 0 0 0 0 0 0 0 0 0 0 0 0 45 52 12 1 0 0 0 0 0 0 0 0 0 0 0 0 0 -999
P7055 2010 7 0 0 0 0 0 3 0 0 0 0 0 0 0 0 0 0 0 0 0 0 0 0 0 0 0 0 0 0 0 0 0
P7055 2010 8 0 0 0 0 0 0 0 0 0 0 0 3 0 0 0 0 0 0 0 0 0 0 0 0 0 0 0 0 0 0 0
P7055 2010 9 0 0 0 0 0 0 0 0 0 0 0 0 0 0 0 0 0 0 0 0 0 46 0 8 46 38 0 0 0 0 -999
P7055 2010 10 0 0 0 0 0 0 0 0 0 0 0 0 0 0 0 0 0 0 0 0 0 0 11 0 12 7 22 0 0 0 0
P7055 2010 11 0 0 0 0 0 0 0 0 4 5 20 44 41 28 59 3 29 1 9 0 0 0 4 1 0 0 0 0 0 0 -999
P7055 2010 12 0 0 0 0 0 0 0 1 3 0 2 0 0 0 0 3 3 15 6 5 3 0 0 5 5 1 0 3 1 1 1
P7055 2011 1 0 0 0 0 1 0 0 0 0 0 0 9 0 0 0 0 9 24 10 9 8 1 0 0 0 1 2 1 0 7 10
P7055 2011 2 1 5 3 0 0 0 0 0 1 1 1 3 0 0 1 2 1 2 6 6 5 2 3 6 21 14 6 29 -999 -999 -999
P7055 2011 3 7 3 3 11 10 18 47 23 16 11 0 0 0 1 37 17 0 7 4 5 1 1 4 5 1 0 6 8 22 4 6
P7055 2011 4 23 2 12 9 6 0 0 2 3 107 10 3 4 0 0 0 0 0 0 8 0 0 0 1 2 3 1 0 0 0 -999
P7055 2011 5 0 0 0 0 0 0 0 0 0 3 3 0 0 0 0 0 0 3 0 0 0 0 0 0 0 0 6 0 0 0 0
P7055 2011 6 2 0 0 0 0 0 0 0 0 0 0 0 0 0 0 0 0 0 0 0 0 0 0 43 20 10 0 0 0 0 -999
P7055 2011 7 0 0 0 0 0 0 0 0 0 0 0 0 0 0 0 0 0 0 0 0 0 0 0 0 0 0 0 0 0 0 0
P7055 2011 8 0 0 0 0 0 0 0 0 0 0 0 0 0 0 0 0 0 0 0 0 0 0 0 0 0 0 0 0 0 0 0
P7055 2011 9 0 0 0 0 0 0 0 0 0 0 92 0 0 0 0 0 0 4 0 0 0 0 0 0 0 0 0 0 0 0 -999
P7055 2011 10 0 0 4 0 0 0 5 5 0 0 0 0 2 0 0 0 0 0 19 6 2 50 17 7 0 0 0 0 18 37 34
P7055 2011 11 33 38 40 22 2 14 7 17 0 0 8 15 5 11 6 0 0 0 0 2 4 7 30 15 0 7 27 18 26 13 -999
P7055 2011 12 10 10 0 0 0 0 0 0 0 0 4 0 0 3 28 16 19 20 0 0 0 0 0 3 5 31 29 27 13 8 8
P7055 2012 1 11 18 34 24 39 8 0 0 0 1 0 11 2 6 3 8 12 54 14 10 11 12 2 5 0 0 3 1 0 0 1
P7055 2012 2 0 0 0 2 0 0 0 0 0 2 7 19 21 3 11 1 28 5 38 0 6 3 17 40 17 0 3 0 -999 -999 -999
P7055 2012 3 4 0 0 0 0 0 0 0 0 0 0 0 3 1 1 1 1 1 9 5 0 0 0 1 2 1 8 1 0 0 0
P7055 2012 4 0 0 3 0 0 0 0 0 0 0 0 0 0 1 0 0 0 0 0 10 0 0 0 0 0 0 0 0 0 0 -999
P7055 2012 5 0 0 0 0 0 0 0 3 16 41 53 37 81 158 46 0 0 0 0 0 0 5 0 136 14 6 19 20 52 23 0
P7055 2012 6 0 0 0 4 69 17 0 0 0 0 0 0 0 0 0 0 0 0 0 0 0 0 0 0 0 0 0 0 0 0 -999
P7055 2012 7 0 0 0 0 0 0 0 0 0 0 0 0 0 0 0 0 0 0 0 0 0 0 0 0 0 0 0 0 0 0 0
P7055 2012 8 0 0 0 0 0 0 0 0 0 0 0 0 0 0 0 0 0 0 0 0 0 0 0 0 0 0 0 0 0 0 0
P7055 2012 9 0 0 0 0 0 0 0 0 0 0 0 0 0 0 0 0 0 0 0 0 0 0 0 0 0 0 0 0 0 0 -999
P7055 2012 10 0 0 0 0 0 0 0 0 0 11 153 0 2 0 0 0 0 0 0 0 46 48 58 21 3 10 0 0 3 42 18
P7055 2012 11 9 0 0 5 5 19 10 0 0 4 0 0 48 10 0 0 0 0 0 0 0 0 0 0 0 0 0 0 0 2 -999
P7055 2012 12 25 9 1 2 15 1 0 0 0 0 0 0 0 0 0 0 0 17 7 37 1 6 6 11 1 2 0 0 0 0 0
P7055 2013 1 0 0 0 0 0 0 0 0 0 0 0 0 15 3 1 3 0 0 0 2 9 26 12 39 6 3 13 0 0 2 3
P7055 2013 2 0 4 1 8 3 15 51 6 3 1 5 3 0 9 7 6 19 3 9 2 0 6 23 10 18 30 21 46 -999 -999 -999
P7055 2013 3 21 2 2 0 0 0 0 0 0 0 2 5 29 40 30 21 10 15 0 0 0 0 3 0 0 0 0 4 0 0 0
P7055 2013 4 0 7 12 15 23 25 13 7 9 6 0 0 0 4 45 22 12 4 13 27 39 48 24 0 0 0 0 0 0 0 -999
P7055 2013 5 0 3 0 0 0 0 0 0 3 12 17 7 3 0 0 5 1 5 36 35 17 7 3 9 2 0 0 0 0 0 0
P7055 2013 6 0 0 0 0 0 0 0 0 0 0 0 0 0 0 0 0 0 0 0 10 0 0 0 0 0 0 0 0 0 0 -999
P7055 2013 7 0 0 0 0 0 0 0 0 0 0 0 0 0 0 0 0 0 0 0 0 0 0 0 0 0 0 0 0 0 0 0
P7055 2013 8 0 0 0 0 0 0 0 0 0 0 0 0 0 0 0 0 0 0 0 0 0 0 0 0 4 0 0 0 0 16 23
P7055 2013 9 0 0 0 0 0 0 0 0 0 0 0 0 0 0 0 0 0 0 0 0 0 0 0 0 0 0 0 0 0 0 -999
P7055 2013 10 0 0 0 0 0 7 11 0 26 23 37 6 20 32 11 35 4 14 8 1 3 0 27 13 0 0 0 0 0 0 0
P7055 2013 11 0 0 0 0 0 0 0 0 0 0 0 0 4 5 23 8 8 9 0 0 0 0 0 7 8 8 13 16 15 0 -999
P7055 2013 12 8 3 19 49 3 4 1 0 0 0 0 2 0 0 0 11 80 12 0 0 0 0 4 0 0 0 0 0 3 7 19
P7055 2014 1 30 103 16 1 0 0 4 6 48 38 16 5 6 5 0 0 0 3 0 9 10 3 11 35 59 65 8 20 21 40 12
P7055 2014 2 42 5 2 20 18 8 10 1 2 3 0 0 0 0 0 0 0 0 3 4 5 4 0 0 0 0 0 0 -999 -999 -999
P7055 2014 3 0 0 0 0 0 0 0 0 0 0 0 0 0 0 17 1 1 0 0 2 14 93 16 16 9 9 3 0 0 0 7
P7055 2014 4 6 0 5 0 0 0 0 3 17 21 14 2 2 0 0 0 0 0 0 0 0 0 0 0 0 0 0 8 3 13 -999
P7055 2014 5 4 13 0 0 3 19 3 17 0 0 2 28 3 2 10 1 8 48 6 0 0 0 0 0 0 0 0 0 3 39 34
P7055 2014 6 10 4 1 4 8 0 0 0 0 0 0 0 0 0 0 0 0 0 0 0 0 0 0 0 0 0 0 0 0 0 -999
P7055 2014 7 0 0 0 0 0 0 0 0 0 0 0 0 0 0 0 0 0 0 0 0 0 0 0 0 0 0 0 0 3 0 0
P7055 2014 8 0 0 0 0 0 12 0 0 0 0 0 0 0 0 0 0 0 0 0 0 0 1 0 0 0 0 0 0 0 0 0
P7055 2014 9 0 0 0 0 0 0 0 0 0 0 0 0 0 0 0 0 0 0 0 0 0 0 0 7 0 0 0 0 0 0 -999
P7055 2014 10 0 0 0 0 0 0 0 0 0 0 0 0 0 0 0 0 0 0 0 0 4 11 13 0 0 13 5 0 0 0 0
P7055 2014 11 0 18 10 0 0 18 5 1 0 0 0 8 18 0 0 0 0 28 10 25 30 2 0 2 5 55 21 2 1 22 -999
P7055 2014 12 1 0 0 0 0 0 0 0 0 0 3 4 16 2 19 33 34 18 2 86 28 46 28 27 5 8 11 1 0 0 0
P7055 2015 1 0 0 0 0 0 0 0 0 0 0 0 0 0 0 0 0 0 2 0 1 0 3 2 2 26 23 2 7 1 34 4
P7055 2015 2 1 4 0 0 1 0 0 1 21 4 4 24 71 64 18 28 24 41 38 7 32 19 19 0 0 0 4 12 -999 -999 -999
P7055 2015 3 0 0 5 10 6 2 0 0 0 0 2 5 11 6 6 9 21 20 38 19 13 57 20 19 0 0 0 0 0 4 6
P7055 2015 4 6 0 0 0 0 7 4 0 2 29 39 38 14 20 42 51 2 1 25 16 12 26 2 57 22 0 0 0 0 0 -999
P7055 2015 5 5 0 1 7 11 7 3 5 7 0 0 0 0 0 0 0 0 0 0 0 0 0 0 0 0 0 0 0 0 0 0
P7055 2015 6 0 0 0 0 50 11 0 0 0 0 0 0 0 0 3 0 0 0 0 0 0 0 0 0 0 0 0 0 0 0 -999
P7055 2015 7 0 0 0 0 0 0 0 1 0 0 0 0 0 0 0 0 0 0 0 0 0 0 0 0 0 0 0 0 0 0 0
P7055 2015 8 0 0 0 0 0 0 0 0 0 0 0 0 0 0 0 0 0 0 0 0 0 0 0 0 0 0 0 0 0 0 0
P7055 2015 9 6 0 0 0 0 0 0 0 0 0 0 0 0 0 0 6 24 65 28 0 0 0 0 0 8 10 0 0 0 0 -999
P7055 2015 10 0 0 0 0 0 0 0 0 6 13 14 26 5 0 0 2 5 27 66 10 7 1 6 0 0 2 1 1 1 0 0
P7055 2015 11 0 0 0 0 4 0 0 0 0 0 0 1 1 5 0 0 0 0 0 0 0 0 0 0 0 0 0 0 3 0 -999
P7055 2015 12 0 0 0 0 0 0 0 0 0 0 0 16 10 24 12 0 0 0 4 9 7 16 5 2 26 4 11 79 26 60 20
P7055 2016 1 15 2 3 11 11 33 16 33 5 2 96 67 66 39 9 16 5 1 0 52 6 0 0 1 1 0 0 0 0 56 26
P7055 2016 2 23 15 3 0 0 60 2 5 3 0 0 6 14 2 2 0 0 0 0 0 0 0 0 0 0 0 0 0 -999 -999 -999
P7055 2016 3 0 0 0 0 0 0 0 2 4 0 0 0 0 0 0 0 0 20 0 0 0 0 0 0 0 0 0 0 0 12 7
P7055 2016 4 1 0 3 36 33 16 2 2 24 3 7 13 27 3 0 8 22 21 161 3 5 6 9 29 10 0 13 9 0 9 -999
P7055 2016 5 11 11 5 3 2 0 3 0 0 0 0 0 0 0 0 0 0 0 0 0 0 0 0 2 15 0 0 0 0 0 0
P7055 2016 6 4 0 0 0 0 0 0 0 0 0 0 0 0 0 0 0 0 0 0 0 0 0 0 0 0 7 33 70 0 0 -999
P7055 2016 7 0 0 0 0 0 0 0 0 0 0 0 0 0 0 0 0 0 0 0 0 0 0 0 0 0 0 0 0 0 0 0
P7055 2016 8 0 0 0 0 0 0 0 0 0 0 0 0 0 0 0 0 0 0 0 0 0 0 0 0 0 0 0 0 0 0 0
P7055 2016 9 0 0 0 0 0 0 0 0 0 0 0 0 0 0 0 0 0 0 0 0 0 0 0 4 0 0 0 8 0 0 -999
P7055 2016 10 0 0 0 0 0 0 5 11 18 5 3 0 0 0 4 17 7 13 8 13 23 4 11 16 38 49 21 63 3 0 5
P7055 2016 11 0 0 0 41 43 10 35 14 17 4 32 53 73 23 3 54 4 4 7 11 2 0 7 30 44 37 19 6 3 2 -999
P7055 2016 12 0 0 0 0 0 0 0 0 0 0 0 0 1 1 0 0 0 0 0 0 0 0 0 0 0 0 0 0 5 15 0
P7055 2017 1 0 0 38 2 1 2 22 39 32 49 1 2 3 0 3 2 0 0 0 0 7 1 0 0 4 13 9 105 1 0 0
P7055 2017 2 0 3 1 4 3 0 0 6 3 5 3 0 0 8 16 3 2 3 134 42 66 18 6 2 8 17 12 55 -999 -999 -999
P7055 2017 3 22 8 10 51 98 32 5 6 43 23 29 54 29 8 4 4 13 45 38 12 9 61 47 25 24 11 15 23 29 36 230
P7055 2017 4 57 66 15 3 3 2 84 13 2 32 97 66 18 1 56 2 1 3 1 1 9 18 3 1 8 23 5 1 4 2 -999
P7055 2017 5 1 15 1 2 2 6 31 2 2 15 1 0 5 19 0 0 0 0 0 0 5 12 28 261 11 1 0 0 0 0 0
P7055 2017 6 0 0 0 0 0 3 0 11 0 0 0 0 0 0 0 0 0 0 0 0 0 0 0 0 0 0 0 0 0 0 -999
P7055 2017 7 0 0 0 0 0 0 0 0 0 0 0 0 0 0 0 0 0 0 0 0 0 0 0 0 0 0 0 0 0 0 0
P7055 2017 8 0 0 0 0 0 0 0 0 0 0 0 0 0 0 0 0 0 0 0 0 0 0 0 0 0 0 0 0 0 0 0
P7055 2017 9 0 0 0 0 0 3 4 9 0 0 0 0 0 0 0 0 0 0 0 0 0 0 0 0 0 1 0 9 26 23 -999
P7055 2017 10 0 13 5 0 0 0 19 8 13 0 0 0 0 0 0 0 0 0 0 0 0 0 27 4 6 7 4 0 0 0 0
P7055 2017 11 7 7 0 0 10 1 1 7 6 12 31 0 0 0 0 0 1 4 1 1 1 8 4 21 15 9 0 0 0 0 -999
P7055 2017 12 0 3 0 0 0 0 0 0 0 0 7 5 66 48 3 24 32 3 3 6 13 18 11 4 2 5 22 36 44 38 23
P7055 2018 1 0 0 0 0 0 0 0 0 0 0 0 0 0 0 0 0 5 0 0 0 0 0 4 9 21 24 4 0 0 18 10
P7055 2018 2 6 12 40 22 27 35 14 37 5 1 2 30 34 32 12 0 0 0 0 0 0 1 3 6 2 1 2 6 -999 -999 -999
P7055 2018 3 4 3 3 3 4 17 15 1 0 0 8 16 3 1 0 0 0 0 1 20 24 14 13 34 31 48 17 20 8 77 3
P7055 2018 4 40 46 17 19 8 5 0 0 0 3 8 54 42 27 2 61 14 1 1 0 0 0 0 0 11 13 7 9 30 87 -999
P7055 2018 5 63 46 60 49 2 0 0 0 0 0 0 0 0 0 0 2 20 50 18 16 25 0 0 0 0 0 3 6 0 0 0
P7055 2018 6 0 0 0 0 0 5 32 0 0 0 0 0 0 0 0 0 0 0 0 0 0 0 0 0 0 0 0 0 0 0 -999
P7055 2018 7 0 0 0 0 0 0 0 0 0 0 0 0 0 0 0 0 0 0 0 0 0 0 0 0 0 0 0 0 0 0 0
P7055 2018 8 0 0 0 0 0 0 0 0 0 0 0 0 0 0 0 0 0 0 0 0 0 0 0 0 0 0 0 0 0 0 0
P7055 2018 9 0 0 0 0 0 0 0 0 0 0 0 0 0 0 0 0 0 0 0 1 4 10 34 0 0 0 0 0 0 0 -999
P7055 2018 10 0 0 0 0 0 0 0 0 0 0 0 0 0 0 0 0 0 0 5 25 54 12 0 150 57 23 15 4 0 5 21
P7055 2018 11 11 3 7 8 9 0 0 0 0 3 2 0 0 0 0 0 6 0 0 0 0 37 17 16 10 31 25 76 17 3 -999
P7055 2018 12 0 2 0 0 0 0 0 0 0 1 3 0 0 5 0 0 0 0 0 0 0 0 6 7 7 37 15 2 0 0 0
P7055 2019 1 0 0 1 7 1 25 33 29 15 8 7 2 32 5 18 3 0 0 0 2 0 0 0 0 1 1 0 0 0 2 8
P7055 2019 2 0 0 7 4 1 1 1 0 1 3 9 9 5 2 39 20 10 0 0 0 0 0 3 81 90 10 10 37 -999 -999 -999
P7055 2019 3 83 93 89 67 26 24 12 6 18 29 23 20 2 0 0 0 0 0 0 0 0 1 0 0 1 2 9 7 5 10 2
P7055 2019 4 0 2 0 0 0 0 0 0 0 0 0 4 2 0 0 0 0 0 0 0 3 0 1 0 0 2 5 43 3 5 -999
P7055 2019 5 8 5 1 0 0 0 0 0 9 16 0 9 29 9 0 3 0 0 0 0 0 0 0 0 0 0 0 0 4 9 5
P7055 2019 6 0 0 0 0 0 0 0 0 0 0 0 0 0 0 0 0 0 0 0 0 0 0 0 0 0 21 56 0 0 0 -999
P7055 2019 7 0 54 30 5 0 0 0 0 0 0 0 0 0 0 0 0 0 2 0 0 0 0 0 0 0 0 0 0 0 0 0
P7055 2019 8 0 0 0 0 0 0 0 0 0 0 0 0 0 0 0 0 0 0 0 0 0 0 0 0 0 0 0 3 0 0 16
P7055 2019 9 19 8 0 0 0 0 0 0 0 0 0 57 47 0 0 0 6 8 0 0 0 0 0 0 0 0 0 0 0 0 -999
P7055 2019 10 0 0 6 17 16 18 16 3 7 12 0 0 0 0 6 0 0 14 0 0 0 0 0 3 0 3 0 0 0 0 0
P7055 2019 11 0 41 0 13 27 34 28 15 0 0 0 0 4 9 10 3 0 0 0 0 0 0 0 0 0 25 1 4 19 16 -999
P7055 2019 12 1 0 0 0 3 0 0 0 0 0 0 0 2 2 27 24 21 23 32 34 14 33 25 107 127 41 7 0 0 1 0
P7055 2020 1 0 16 56 31 24 51 49 3 2 0 7 8 0 0 0 0 0 0 0 0 0 1 5 0 0 0 0 0 2 2 2
P7055 2020 2 8 6 16 90 6 5 4 1 1 0 0 0 0 13 25 36 64 40 29 11 10 7 36 55 3 0 0 0 -999 -999 -999
P7055 2020 3 0 0 0 0 0 0 0 0 0 0 0 3 8 11 48 29 20 6 0 2 2 10 33 40 52 10 65 1 16 2 4
P7055 2020 4 3 0 4 0 0 0 0 0 11 5 5 3 4 2 0 0 0 0 0 0 28 17 36 41 57 13 0 0 11 12 -999
P7055 2020 5 0 138 30 9 9 2 0 0 0 0 0 7 0 0 0 0 0 3 4 7 12 4 9 24 7 16 41 51 29 20 5
P7055 2020 6 0 0 0 0 0 6 33 24 6 0 0 0 0 0 0 0 0 0 0 0 0 0 0 0 0 0 0 0 0 0 -999
P7055 2020 7 0 0 0 0 0 0 0 0 0 0 0 0 0 0 0 0 0 0 0 0 0 0 0 0 0 0 0 0 0 0 0
P7055 2020 8 0 0 0 0 0 0 0 0 0 0 0 0 0 0 0 0 0 0 0 0 0 0 0 0 0 0 0 0 0 11 0
P7055 2020 9 0 0 0 0 0 0 0 0 4 1 0 0 0 8 73 20 0 0 14 21 4 0 0 0 4 0 0 0 0 3 -999
P7055 2020 10 0 0 0 12 0 0 0 0 0 0 3 4 0 3 0 0 0 0 0 0 0 0 18 29 6 20 38 38 30 4 0
P7055 2020 11 15 0 4 22 3 3 9 5 0 0 0 0 2 1 0 0 18 23 44 103 67 5 5 0 0 0 0 0 0 3 -999
P7055 2020 12 2 2 3 4 9 5 1 2 5 5 5 3 14 2 0 0 0 8 2 9 21 59 92 13 0 4 0 0 0 0 1
P7055 2021 1 0 2 2 1 4 1 0 0 0 0 2 12 5 20 1 3 4 1 3 6 20 13 23 32 47 69 56 49 37 50 39
P7055 2021 2 4 57 37 33 116 70 27 33 1 6 11 18 25 7 3 2 8 0 0 0 0 0 0 3 2 3 33 28 -999 -999 -999
P7055 2021 3 41 49 28 16 32 39 53 60 0 0 2 3 77 5 72 20 41 35 47 30 15 1 13 27 1 0 2 1 14 8 14
P7055 2021 4 8 29 6 25 2 0 0 0 8 81 8 1 0 6 0 8 18 4 10 3 0 0 4 14 40 91 42 1 0 12 -999
P7055 2021 5 1 0 0 1 0 4 4 3 5 3 5 0 3 0 0 0 0 0 0 0 0 0 0 0 0 0 0 21 3 10 4
P7055 2021 6 15 38 3 2 3 3 9 32 2 6 16 2 10 8 14 0 0 0 0 0 0 0 0 0 0 0 0 0 0 0 -999
P7055 2021 7 0 0 0 0 0 0 0 0 0 0 0 0 0 0 0 0 0 0 0 0 0 0 0 0 0 0 0 0 0 0 0
P7055 2021 8 0 0 0 0 0 0 0 34 58 14 0 0 0 0 0 0 0 0 0 0 0 0 0 0 0 0 0 0 0 0 0
P7055 2021 9 0 0 0 0 0 0 0 0 5 0 0 0 8 249 53 10 0 0 0 0 0 0 0 3 36 59 19 14 0 15 -999
P7055 2021 10 40 20 58 17 0 0 7 13 47 0 0 0 31 4 33 0 0 0 8 21 19 5 0 0 24 28 2 0 0 1 30
P7055 2021 11 18 2 12 4 11 8 6 23 4 2 0 0 0 0 0 0 0 0 5 7 10 0 6 2 0 0 0 0 0 2 -999
P7055 2021 12 0 0 0 0 0 0 0 0 0 0 0 0 16 14 65 35 67 68 48 47 95 18 32 45 113 23 61 51 15 34 2
P7055 2022 1 0 0 0 0 0 0 0 0 0 0 0 3 4 1 1 0 0 0 0 16 5 0 0 0 0 0 0 0 0 0 0
P7055 2022 2 0 3 1 1 2 0 0 0 2 11 5 0 0 0 16 7 0 0 0 0 16 8 2 23 3 6 26 73 -999 -999 -999
P7055 2022 3 35 11 0 9 21 32 1 0 0 2 0 0 0 0 0 0 0 0 0 8 19 0 0 7 0 5 2 0 0 2 4
P7055 2022 4 8 26 94 54 13 44 13 6 8 0 0 24 56 0 0 0 0 0 0 110 295 163 18 1 1 3 3 0 0 0 -999
P7055 2022 5 0 0 0 0 0 0 0 0 0 0 0 0 0 0 0 0 0 0 0 0 0 0 0 0 5 0 0 0 0 0 0
P7055 2022 6 0 0 0 0 0 0 2 0 0 0 0 0 0 0 0 0 0 0 0 0 0 0 0 0 0 0 0 0 0 0 -999
P7055 2022 7 0 0 0 0 0 0 0 0 0 0 0 0 0 0 0 0 0 0 0 0 0 0 0 0 0 0 0 0 0 0 0
P7055 2022 8 0 0 0 0 0 0 0 0 0 0 0 0 0 0 0 0 0 0 0 0 0 0 0 0 0 0 0 0 0 0 0
P7055 2022 9 0 0 0 0 0 0 0 0 0 0 0 0 0 0 0 0 0 0 0 0 0 19 11 69 29 0 0 0 0 0 -999
P7055 2022 10 0 0 0 0 0 0 0 0 0 0 0 0 7 9 7 0 0 0 0 22 170 0 0 0 0 0 21 21 0 0 0
P7055 2022 11 5 0 0 15 0 0 0 0 0 0 0 9 28 45 31 33 26 10 5 78 72 41 48 42 1 0 0 0 0 0 -999
P7055 2022 12 6 0 7 3 0 66 34 51 23 2 3 5 0 0 0 0 8 8 19 34 16 14 29 56 24 91 84 47 33 0 6
P7055 2023 1 5 13 7 6 86 69 31 26 20 2 29 23 5 22 2 2 4 16 14 5 3 3 4 2 1 1 0 0 0 0 0
P7055 2023 2 0 0 1 1 0 2 0 0 0 0 0 2 2 13 37 16 16 28 4 54 6 0 0 0 0 0 1 0 -999 -999 -999
P7055 2023 3 0 0 11 1 0 2 0 0 0 0 0 0 0 3 33 5 68 116 9 31 31 17 6 2 0 5 3 0 5 17 3
P7055 2023 4 0 0 0 0 0 0 9 27 12 0 0 4 2 3 48 63 24 14 0 0 5 16 13 5 1 0 0 0 0 0 -999
P7055 2023 5 0 87 39 39 20 22 34 14 28 9 1 1 35 7 0 0 5 11 15 6 17 73 1 3 0 0 0 0 0 0 0
P7055 2023 6 0 0 0 0 7 0 0 0 0 0 0 4 3 2 17 3 3 1 0 0 0 0 0 0 0 0 0 0 0 0 -999
P7055 2023 7 0 0 0 0 0 0 0 0 0 0 0 0 0 0 0 0 0 215 252 0 0 0 0 8 0 0 0 0 0 0 0
P7055 2023 8 0 0 0 0 0 0 0 0 0 0 0 0 0 0 0 0 0 0 0 0 0 0 0 0 0 0 0 0 0 0 5
P7055 2023 9 0 0 0 0 0 0 0 0 0 0 0 0 0 0 0 0 0 0 0 0 0 0 3 2 0 0 0 0 0 14 -999
P7055 2023 10 20 38 0 0 0 0 0 0 7 0 0 0 0 28 2 0 2 11 6 6 1 2 0 0 0 0 2 5 1 4 1
P7055 2023 11 2 0 0 0 0 0 0 0 23 18 22 46 12 0 0 0 0 0 0 0 0 0 0 0 0 0 0 3 0 0 -999
P7055 2023 12 0 9 32 52 0 0 0 0 0 0 0 0 0 0 3 2 8 12 15 51 15 48 7 23 1 0 0 0 0 0 1
P7055 2024 1 2 0 0 0 0 0 0 0 0 0 0 0 0 0 0 0 3 9 13 21 14 16 14 8 3 5 21 15 1 5 3
P7055 2024 2 2 4 0 13 5 0 21 40 57 52 21 17 12 3 0 0 0 0 0 0 0 0 2 0 0 0 0 0 -999 -999 -999
P7055 2024 3 0 0 0 0 0 4 10 0 6 7 13 21 6 45 10 1 8 10 40 23 8 1 0 1 2 2 3 3 5 11 9
P7055 2024 4 7 8 7 3 19 35 69 47 12 26 46 0 0 0 0 0 0 0 0 0 14 40 1 0 0 0 0 0 0 3 -999
P7055 2024 5 2 3 11 10 5 4 23 15 5 0 0 3 3 1 1 1 2 8 0 0 0 0 0 0 8 0 8 30 6 2 0
P7055 2024 6 0 0 0 0 0 0 0 0 0 0 2 12 12 0 0 0 0 0 0 0 0 0 0 0 0 0 0 0 0 0 -999
P7055 2024 7 0 0 0 0 0 0 0 0 0 0 0 0 0 0 0 0 0 0 0 0 0 0 0 0 0 0 0 0 0 0 0
P7055 2024 8 0 0 0 0 0 0 0 0 0 0 0 0 0 0 0 0 0 0 0 0 0 0 0 0 0 0 0 0 0 0 0
P7055 2024 9 0 0 0 0 0 0 0 0 0 0 0 0 0 0 0 3 3 20 90 30 38 33 60 19 0 0 8 3 6 11 -999
P7055 2024 10 6 27 43 4 52 71 5 0 0 0 0 0 0 0 19 0 0 6 0 0 0 0 0 0 0 0 0 0 3 25 13
P7055 2024 11 11 17 60 12 28 14 1 0 0 0 9 21 6 11 258 25 2 2 0 0 0 0 0 0 0 0 0 0 5 14 -999
P7055 2024 12 56 19 16 3 2 5 8 10 8 15 42 10 18 8 2 0 0 2 3 0 3 7 12 8 6 3 3 4 0 1 2
P7055 2025 1 0 0 1 27 43 69 56 33 4 3 1 0 0 4 1 1 3 19 14 1 4 0 0 0 0 0 2 12 21 22 3
P7055 2025 2 4 10 12 4 6 10 27 40 13 2 41 50 0 0 18 14 6 0 0 0 0 0 0 0 0 0 0 0 -999 -999 -999
P7055 2025 3 0 9 4 1 0 0 3 75 31 1 1 0 0 0 0 0 0 0 0 0 0 0 0 0 0 0 4 7 0 0 0
P7055 2025 4 0 0 0 2 1 0 0 0 0 0 2 2 0 0 0 0 0 0 0 0 0 0 0 0 0 1 1 0 1 0 -999
P7055 2025 5 0 0 5 4 2 0 0 0 0 0 0 0 3 6 3 1 0 5 0 0 0 20 4 7 2 2 2 12 72 0 0
P7055 2025 6 0 0 0 0 1 0 0 0 0 0 0 0 0 0 0 0 0 0 0 0 0 0 0 0 0 0 0 0 0 0 -999
P7055 2025 7 0 0 0 0 0 0 0 0 0 0 0 0 0 0 0 0 0 0 0 0 0 0 0 0 0 0 0 0 0 0 0
P7055 2025 8 0 3 90 0 0 0 0 0 0 0 0 0 0 0 0 0 0 0 0 0 0 0 0 0 0 0 0 0 0 0 0
P7055 2025 9 0 0 0 0 0 0 0 0 0 0 8 0 0 0 0 0 0 31 0 0 0 0 0 0 0 0 0 0 0 0 -999
P7055 2025 10 0 0 0 0 0 0 0 0 0 0 0 0 0 0 0 0 31 39 29 29 41 44 30 0 0 0 0 0 3 79 55
P7055 2025 11 43 12 3 48 38 20 18 6 12 74 36 0 3 33 18 25 4 0 0 0 0 0 0 0 0 0 0 0 0 0 -999
P7055 2025 12 0 0 0 0 0 0 1 1 6 1 13 12 14 3 3 16 0 11 27 1 11 35 10 46 28 19 4 9 5 14 20
P7055 2026 1 19 6 2 0 0 0 0 0 0 0 0 0 0 0 0 1 2 3 15 29 13 7 7 0 0 0 0 0 0 0 0
P7055 2026 2 0 0 0 0 0 0 0 0 0 0 0 0 2 2 0 33 2 1 2 0 0 0 1 0 5 0 0 2 -999 -999 -999
P7055 2026 3 5 1 2 39 12 63 37 8 0 0 0 0 6 26 0 0 0 0 0 0 0 0 94 92 32 31 25 9 11 26 5
P7055 2026 4 0 11 4 3 3 7 21 0 9 1 10 1 2 0 0 0 0 0 1 0 2 2 0 0 1 3 0 0 25 26 -999
P7055 2026 5 2 5 3 0 0 0 0 0 0 6 7 5 7 13 0 0 0 0 0 0 0 0 0 0 2 0 0 0 13 0 0
P7055 2026 6 0 0 0 0 0 0 0 0 0 0 0 0 0 0 0 7 0 0 0 0 0 0 0 0 0 0 0 0 0 0 -999
P7055 2026 7 0 0 0 0 0 0 0 0 0 0 0 0 0 0 0 0 0 0 0 0 0 0 0 0 0 0 0 0 0 0 0
P7055 2026 8 0 0 0 0 0 0 0 0 0 0 0 0 0 0 0 0 0 0 0 0 0 0 0 0 0 0 0 0 0 0 0
P7055 2026 9 0 0 14 5 0 0 0 0 0 0 0 0 0 0 0 0 0 0 6 6 13 50 0 0 0 0 0 0 0 0 -999
P7055 2026 10 0 0 0 0 0 0 0 0 0 0 0 0 0 6 7 4 0 0 0 14 8 1 0 0 0 0 0 3 9 8 70
P7055 2026 11 23 46 7 30 58 15 4 27 41 7 35 12 1 14 112 11 2 1 0 0 3 0 0 0 0 0 0 0 0 0 -999
P7055 2026 12 0 4 4 0 0 0 0 0 0 3 0 1 0 3 64 17 6 54 44 28 2 35 20 7 1 0 0 5 0 0 0
P7055 2027 1 0 0 0 8 23 50 126 12 7 22 42 10 1 1 7 14 0 0 25 7 10 36 0 0 2 17 47 48 43 6 0
P7055 2027 2 0 0 0 0 0 0 0 0 0 0 18 4 0 0 0 6 7 17 18 9 6 16 19 3 0 8 1 0 -999 -999 -999
P7055 2027 3 3 14 19 14 4 7 2 5 5 0 0 0 0 0 0 0 9 27 27 45 97 42 41 19 4 11 9 0 0 0 0
P7055 2027 4 0 11 11 21 4 3 0 0 0 0 0 0 2 13 3 0 0 11 0 0 0 7 24 3 1 0 0 1 28 10 -999
P7055 2027 5 0 0 10 9 3 28 16 11 0 0 16 0 0 0 0 0 0 0 0 0 0 4 0 0 0 0 0 0 0 0 0
P7055 2027 6 0 0 0 7 7 1 0 0 0 0 0 0 0 0 0 0 0 0 0 0 0 0 0 0 4 0 0 3 0 0 -999
P7055 2027 7 0 5 3 0 5 0 0 0 0 0 0 0 0 0 0 0 0 0 0 0 0 0 0 0 0 0 0 0 0 0 0
P7055 2027 8 0 0 0 0 0 0 0 0 0 0 0 0 0 0 19 0 0 0 0 0 0 0 0 0 0 0 0 0 0 0 0
P7055 2027 9 0 0 0 0 0 0 0 0 0 0 0 0 7 0 0 0 0 0 0 0 0 0 0 0 0 18 0 0 3 11 -999
P7055 2027 10 10 0 0 0 0 0 6 0 0 0 0 0 0 0 0 0 4 0 0 0 0 1 4 7 1 0 0 0 0 0 0
P7055 2027 11 0 0 2 0 2 0 0 0 3 25 14 1 0 0 0 0 0 0 0 0 7 10 8 3 6 12 9 2 0 6 -999
P7055 2027 12 2 3 0 0 4 3 0 0 0 0 0 0 5 1 4 19 33 8 0 3 0 0 0 0 0 0 0 0 0 0 0
P7055 2028 1 2 0 0 0 0 0 0 0 0 0 0 0 0 0 0 1 9 10 7 0 0 0 0 0 0 0 5 6 0 0 1
P7055 2028 2 1 18 67 25 23 32 13 12 18 21 30 40 21 69 13 22 27 16 17 2 0 11 1 0 0 0 0 0 -999 -999 -999
P7055 2028 3 0 0 0 0 0 0 0 0 0 0 29 10 8 3 2 0 0 0 0 0 0 0 2 0 2 13 20 0 0 0 0
P7055 2028 4 0 0 0 0 0 0 0 3 0 21 1 0 0 0 0 0 18 36 179 73 6 0 0 0 0 0 0 0 0 0 -999
P7055 2028 5 3 0 0 0 0 0 7 110 37 17 5 6 6 4 8 0 0 0 0 5 0 0 7 14 1 0 0 5 1 0 0
P7055 2028 6 5 3 7 9 50 114 111 4 0 0 0 0 0 0 0 0 0 0 0 0 0 0 0 0 0 0 0 173 64 33 -999
P7055 2028 7 10 0 6 0 0 0 0 0 0 0 0 3 2 0 0 0 0 0 0 0 0 0 0 0 0 0 0 0 0 0 0
P7055 2028 8 0 0 0 0 0 0 0 0 0 0 0 0 0 0 0 0 0 0 0 0 0 0 0 0 0 0 0 0 0 0 0
P7055 2028 9 0 0 0 0 0 0 0 0 0 0 0 0 0 0 0 0 0 0 0 0 0 0 0 10 0 0 14 23 62 0 -999
P7055 2028 10 0 0 0 0 0 0 0 0 0 0 2 0 0 0 0 0 0 0 12 0 0 0 0 0 0 0 0 0 0 0 0
P7055 2028 11 0 0 12 4 33 22 0 0 0 0 0 14 7 2 2 1 0 27 1 10 40 9 5 0 0 0 4 11 8 4 -999
P7055 2028 12 1 0 3 3 0 0 0 0 0 0 0 0 5 15 0 4 12 14 36 32 28 57 38 14 6 16 19 12 8 87 0
P7055 2029 1 1 0 9 65 4 1 2 30 10 13 10 50 24 7 6 10 8 2 1 1 0 0 0 0 0 0 0 28 5 7 3
P7055 2029 2 20 28 48 37 74 0 1 1 0 5 1 0 6 2 0 3 2 0 0 0 0 0 0 0 0 3 8 7 -999 -999 -999
P7055 2029 3 11 9 12 38 5 34 22 18 30 4 3 0 0 5 0 0 0 0 5 43 1 1 1 0 0 0 0 0 0 2 10
P7055 2029 4 12 24 13 10 0 0 0 0 0 0 0 0 7 31 27 7 0 32 0 0 0 0 0 0 0 0 0 9 29 30 -999
P7055 2029 5 8 0 16 29 36 10 42 19 13 2 2 0 0 0 0 0 0 0 0 0 0 0 0 0 12 0 0 3 4 29 36
P7055 2029 6 26 26 24 18 0 0 0 0 0 0 0 0 0 0 0 0 0 0 0 0 0 0 0 0 0 0 0 0 0 0 -999
P7055 2029 7 0 0 0 0 0 0 0 0 0 0 0 0 0 0 0 0 0 0 0 0 0 0 0 0 0 0 0 0 0 0 0
P7055 2029 8 0 0 0 0 0 0 0 0 0 0 0 0 0 0 0 0 0 0 0 0 0 0 0 0 0 0 0 0 0 0 0
P7055 2029 9 0 0 0 0 0 0 0 0 0 0 0 0 0 0 0 0 0 0 0 4 0 0 21 5 28 37 124 0 0 0 -999
P7055 2029 10 0 0 0 1 0 0 0 0 0 0 0 0 0 0 0 0 0 19 0 0 0 0 0 0 5 16 0 16 86 84 0
P7055 2029 11 0 0 0 0 0 0 0 0 0 0 0 0 0 0 0 0 5 9 0 0 6 5 7 17 0 0 4 3 7 0 -999
P7055 2029 12 0 4 7 28 54 1 3 25 55 0 8 0 3 1 0 0 4 2 1 0 3 26 22 12 36 6 40 45 52 15 0
P7055 2030 1 0 0 0 3 20 14 12 11 4 32 15 6 2 6 7 29 12 0 0 4 4 0 1 4 4 0 9 8 4 0 0
P7055 2030 2 7 4 20 7 19 15 4 23 0 0 0 0 0 0 0 32 11 4 0 0 0 13 2 0 26 3 0 3 -999 -999 -999
P7055 2030 3 0 0 0 0 0 0 0 0 0 0 0 0 0 0 0 3 10 4 27 2 0 3 5 7 24 19 10 17 40 13 37
P7055 2030 4 29 52 16 0 0 0 0 3 3 6 14 0 0 9 45 12 7 15 13 12 0 0 0 2 21 78 37 0 13 4 -999
P7055 2030 5 0 0 0 0 0 0 0 0 0 8 2 2 2 10 39 58 3 18 1 0 0 0 0 0 0 0 0 0 0 0 0
P7055 2030 6 0 0 0 0 0 0 0 0 0 0 0 0 0 0 0 0 31 38 33 3 0 0 0 0 0 0 0 0 0 0 -999
P7055 2030 7 0 0 0 0 0 0 0 0 0 0 0 0 0 0 0 0 0 0 0 0 0 0 0 0 0 0 0 0 0 0 0
P7055 2030 8 0 0 0 7 0 0 0 0 0 0 0 0 0 0 0 0 0 0 0 0 0 0 0 0 0 0 0 0 0 0 0
P7055 2030 9 0 0 0 0 0 0 0 4 10 0 0 0 0 0 0 76 90 8 0 0 26 20 31 2 0 5 5 9 5 4 -999
P7055 2030 10 0 0 0 0 0 0 11 24 129 41 9 16 5 3 6 0 8 4 35 39 47 32 24 35 4 0 0 5 46 47 0
P7055 2030 11 0 0 21 0 27 8 39 57 38 33 14 7 5 26 27 30 34 21 20 9 19 41 26 18 8 11 1 45 28 3 -999
P7055 2030 12 0 0 0 0 5 16 1 3 2 2 17 7 0 0 0 0 0 0 0 0 0 0 0 0 0 3 8 16 8 16 19
P7055 2031 1 19 0 4 17 15 22 3 24 31 45 17 36 80 46 54 12 0 0 3 0 2 0 0 0 0 0 0 0 0 0 3
P7055 2031 2 2 4 7 5 9 5 2 3 30 7 3 4 7 8 6 0 4 30 4 4 6 9 30 22 0 5 0 0 -999 -999 -999
P7055 2031 3 0 0 1 13 43 38 2 2 25 26 5 26 70 1 0 1 2 1 1 1 0 0 0 0 0 0 0 0 1 1 19
P7055 2031 4 6 8 4 0 3 8 10 6 9 12 9 10 33 4 0 0 0 0 0 0 0 0 0 0 0 0 0 0 0 0 -999
P7055 2031 5 0 1 9 5 8 0 0 0 0 6 6 0 0 0 0 0 0 0 0 0 0 0 0 2 2 1 2 12 0 0 0
P7055 2031 6 0 0 0 0 0 0 22 19 0 0 0 0 0 4 3 0 0 0 0 0 0 0 0 0 0 0 0 0 0 0 -999
P7055 2031 7 0 0 0 0 0 0 0 0 0 0 0 7 46 128 19 0 0 0 0 0 0 0 0 0 0 0 0 0 0 0 0
P7055 2031 8 0 0 0 0 0 0 0 0 0 0 0 11 0 0 0 0 0 0 0 0 0 0 3 0 0 0 0 0 0 0 0
P7055 2031 9 0 0 0 0 0 0 0 0 0 0 0 0 0 0 0 0 0 0 0 0 0 46 64 55 16 6 23 7 5 0 -999
P7055 2031 10 0 0 0 0 0 0 0 0 36 0 0 0 0 0 0 0 4 0 5 6 8 43 0 0 16 0 0 20 4 4 2
P7055 2031 11 0 0 15 36 8 27 22 14 5 5 22 18 52 47 41 33 23 27 26 30 40 12 19 18 35 26 21 70 19 24 -999
P7055 2031 12 37 43 36 34 32 25 34 29 55 5 3 0 0 0 3 3 0 0 0 0 69 12 10 35 16 29 2 49 15 9 4
P7055 2032 1 0 0 21 27 40 17 40 84 24 0 2 32 6 8 26 9 0 0 0 6 0 0 0 0 0 17 8 4 17 37 15
P7055 2032 2 1 1 0 0 1 2 6 0 0 9 36 20 8 0 0 4 0 0 0 0 0 6 0 0 0 3 12 9 -999 -999 -999
P7055 2032 3 11 0 0 0 0 0 0 0 0 2 0 0 0 0 0 0 0 0 0 0 0 0 0 0 0 0 0 1 2 14 0
P7055 2032 4 66 6 2 19 21 25 40 48 28 9 1 0 0 15 20 25 15 2 0 4 0 1 4 38 38 1 0 0 0 0 -999
P7055 2032 5 4 0 1 3 0 0 0 0 0 0 0 12 0 0 0 4 0 3 0 4 0 0 0 0 1 1 0 2 7 36 39
P7055 2032 6 0 0 0 0 0 0 0 0 0 12 0 0 0 0 0 0 61 0 0 0 0 0 0 0 0 0 0 0 0 0 -999
P7055 2032 7 0 0 0 0 0 0 0 0 0 0 0 0 0 0 1 0 0 0 0 0 0 0 0 0 0 0 0 0 0 0 0
P7055 2032 8 0 0 0 0 0 0 0 0 0 0 0 0 0 0 0 0 0 0 0 0 0 0 0 0 0 0 0 0 0 0 0
P7055 2032 9 0 0 0 0 0 0 0 0 0 2 50 0 12 11 0 28 75 0 0 0 0 0 0 0 0 0 0 0 0 0 -999
P7055 2032 10 4 10 23 20 0 0 0 7 33 0 0 0 0 0 101 17 10 0 0 5 23 16 32 20 1 0 0 13 51 3 12
P7055 2032 11 0 5 7 20 7 0 0 0 0 0 0 0 0 0 0 0 0 5 0 0 0 0 4 6 8 7 19 6 25 43 -999
P7055 2032 12 36 52 17 13 0 0 0 0 0 0 0 0 0 0 0 0 0 0 0 6 0 0 0 5 11 15 2 0 0 3 0
P7055 2033 1 0 5 20 69 22 71 42 80 109 65 16 15 29 1 61 76 18 20 10 3 0 0 8 6 9 8 34 31 3 16 3
P7055 2033 2 0 0 0 0 1 1 11 15 20 4 44 21 31 0 0 0 0 2 9 0 0 0 0 14 1 2 0 0 -999 -999 -999
P7055 2033 3 0 0 0 0 0 0 2 0 0 6 37 5 5 5 0 2 7 0 0 4 14 15 12 0 0 0 6 14 3 4 0
P7055 2033 4 0 0 1 18 46 121 174 56 28 23 26 23 25 10 5 56 42 40 29 14 11 35 2 3 31 5 5 0 11 3 -999
P7055 2033 5 1 0 9 8 0 0 0 0 0 0 0 2 2 15 3 4 26 5 7 10 23 5 0 0 0 0 0 0 0 0 0
P7055 2033 6 0 0 0 0 0 0 0 0 0 0 0 3 0 0 0 0 0 0 0 0 0 0 0 0 0 0 0 0 0 0 -999
P7055 2033 7 0 0 0 0 0 0 0 0 0 0 0 0 0 0 0 0 0 0 0 0 0 0 0 0 0 0 0 0 0 0 0
P7055 2033 8 0 0 0 0 0 0 0 0 0 0 0 0 0 0 0 0 0 0 0 0 0 0 0 0 0 0 0 0 0 44 0
P7055 2033 9 0 0 0 0 0 0 0 7 0 0 0 0 5 65 32 25 0 0 0 0 0 0 0 0 0 0 0 0 0 0 -999
P7055 2033 10 0 0 0 44 93 44 39 69 16 25 56 66 33 0 0 0 0 0 0 0 0 0 0 3 4 0 0 6 2 0 0
P7055 2033 11 9 29 37 40 8 0 0 0 0 0 0 0 0 0 0 0 10 1 0 1 0 2 0 0 0 0 0 0 0 0 -999
P7055 2033 12 2 2 1 2 0 0 0 5 1 0 4 6 0 0 0 0 0 0 0 0 0 0 0 0 0 0 0 0 0 0 0
P7055 2034 1 0 2 8 2 2 1 3 1 3 4 20 21 41 46 107 33 12 3 0 0 0 0 0 0 0 0 0 0 0 0 0
P7055 2034 2 0 0 0 0 0 0 2 0 0 2 0 7 7 1 18 20 6 15 37 2 0 0 0 0 0 0 2 15 -999 -999 -999
P7055 2034 3 22 37 55 31 31 13 3 4 0 0 0 0 0 1 2 1 4 1 0 0 0 1 15 26 37 46 0 0 0 0 0
P7055 2034 4 0 0 0 0 0 0 0 0 0 0 2 0 2 3 4 3 0 0 0 2 8 2 0 0 0 0 0 15 6 3 -999
P7055 2034 5 0 0 0 0 0 0 0 0 0 0 0 0 0 0 0 0 0 0 0 0 0 0 0 0 37 0 0 0 0 0 0
P7055 2034 6 0 0 0 0 13 6 2 0 0 0 0 0 0 0 0 0 0 0 0 0 0 0 0 0 0 0 0 0 0 0 -999
P7055 2034 7 0 0 0 0 0 0 0 0 0 0 0 0 0 0 0 0 0 0 0 0 0 0 0 0 0 0 0 0 0 0 0
P7055 2034 8 5 0 0 0 0 0 0 0 0 0 0 0 0 0 0 0 0 0 0 0 0 0 0 0 0 0 0 0 0 0 0
P7055 2034 9 0 0 0 0 0 0 0 4 0 0 0 0 0 0 0 0 0 0 0 0 0 12 0 0 0 12 0 0 0 40 -999
P7055 2034 10 129 5 11 4 20 90 0 0 0 14 10 1 0 1 0 0 0 0 0 0 1 2 0 3 24 20 3 14 13 0 0
P7055 2034 11 0 0 0 0 0 5 10 3 48 0 0 6 6 0 0 0 0 0 0 0 11 30 25 40 27 101 1 16 9 8 -999
P7055 2034 12 4 0 0 0 2 5 18 25 11 2 5 0 3 13 34 4 0 6 0 0 4 0 0 0 9 22 32 1 11 16 26
P7055 2035 1 5 0 3 14 17 17 14 35 16 2 8 8 13 16 18 6 22 0 5 12 38 51 25 54 1 2 0 1 0 0 2
P7055 2035 2 3 20 2 0 0 0 14 0 0 0 0 0 0 0 0 0 0 0 0 2 26 49 58 49 20 2 28 47 -999 -999 -999
P7055 2035 3 20 116 12 27 9 12 30 114 1 1 1 2 27 99 95 86 22 7 44 63 39 48 51 8 19 24 2 28 19 12 45
P7055 2035 4 24 39 46 28 34 40 51 37 68 18 48 13 1 34 0 0 0 21 16 63 97 96 37 42 8 2 5 26 29 43 -999
P7055 2035 5 115 0 0 0 0 0 0 10 29 0 0 0 0 0 0 0 0 0 0 0 0 5 64 97 0 0 0 0 0 15 35
P7055 2035 6 21 0 0 0 27 27 2 0 27 0 14 0 0 0 0 0 0 0 0 0 0 0 0 0 0 0 0 0 0 0 -999
P7055 2035 7 0 0 0 0 0 0 0 0 0 0 0 0 0 0 0 0 0 0 0 0 0 0 0 0 0 0 0 0 0 0 0
P7055 2035 8 0 0 0 0 0 0 0 0 0 0 0 0 0 0 0 0 0 0 0 0 0 0 0 0 0 0 0 0 0 0 0
P7055 2035 9 0 0 0 0 0 0 0 0 0 0 0 0 0 0 0 0 0 0 0 0 0 4 28 39 8 7 16 0 0 0 -999
P7055 2035 10 0 5 24 25 0 0 0 0 0 14 0 0 29 64 10 0 0 0 5 38 18 0 0 0 0 0 0 0 0 0 0
P7055 2035 11 0 0 15 27 44 40 15 0 0 0 0 0 0 0 0 0 0 0 0 0 0 0 0 0 0 0 0 3 3 0 -999
P7055 2035 12 6 18 17 14 62 54 42 52 22 54 2 1 13 7 0 0 0 0 13 25 55 31 0 0 0 0 0 0 0 0 1
P7055 2036 1 1 1 1 0 1 3 8 14 13 15 16 15 12 1 0 0 3 34 43 3 42 13 4 1 0 0 3 2 0 0 7
P7055 2036 2 1 0 0 0 0 0 9 9 14 2 7 9 15 8 4 3 1 0 0 0 0 0 0 0 0 0 3 5 -999 -999 -999
P7055 2036 3 31 13 4 24 18 13 0 0 0 0 0 0 0 2 16 1 0 0 0 2 1 0 0 0 1 1 1 11 5 5 44
P7055 2036 4 24 25 10 5 0 0 0 0 0 0 0 0 0 0 0 0 0 0 0 0 0 0 0 4 3 3 1 0 0 0 -999
P7055 2036 5 0 0 0 2 2 0 0 4 0 0 7 22 9 3 5 9 5 3 0 0 0 0 0 0 0 0 0 0 0 0 4
P7055 2036 6 10 52 0 0 0 10 0 0 0 0 0 0 0 0 0 0 0 0 16 0 0 0 0 0 0 0 0 0 0 0 -999
P7055 2036 7 0 0 0 0 0 0 0 0 0 0 0 0 0 0 0 0 0 0 0 0 0 0 0 0 0 0 0 0 0 0 0
P7055 2036 8 0 0 0 0 0 0 0 0 0 0 0 0 0 0 0 0 0 0 0 0 0 0 0 0 0 0 0 0 0 0 0
P7055 2036 9 0 0 0 0 0 0 0 0 0 25 0 0 0 0 0 0 0 0 0 0 0 0 0 0 0 0 0 0 0 0 -999
P7055 2036 10 0 0 0 0 0 0 0 0 0 0 19 0 0 0 0 0 0 0 0 0 0 0 0 0 0 17 33 28 35 57 35
P7055 2036 11 7 0 0 0 0 9 2 33 18 0 0 2 8 40 24 31 1 0 4 11 1 0 0 0 0 3 26 20 6 0 -999
P7055 2036 12 0 0 7 16 10 0 0 0 0 0 0 6 3 1 3 0 0 2 5 0 5 20 28 8 18 26 2 1 2 0 0
P7055 2037 1 0 2 0 0 0 0 0 0 5 20 8 46 50 0 0 0 0 1 18 36 33 20 14 105 143 32 104 78 58 4 1
P7055 2037 2 0 63 49 27 11 17 29 37 10 3 0 0 0 0 0 0 0 2 0 0 0 0 0 0 0 7 33 1 -999 -999 -999
P7055 2037 3 0 0 0 0 0 0 0 0 0 1 0 3 6 34 81 65 22 8 0 0 11 14 22 12 13 0 2 3 17 5 0
P7055 2037 4 16 0 2 7 2 21 3 3 8 0 0 0 0 14 19 5 16 19 1 3 15 71 85 136 15 0 0 2 3 0 -999
P7055 2037 5 0 0 0 0 1 0 0 0 0 4 1 4 0 2 3 4 4 11 5 0 1 2 17 3 63 33 2 0 0 0 0
P7055 2037 6 0 3 0 0 12 0 0 0 0 0 0 4 0 0 0 0 27 33 39 0 0 0 0 0 0 0 0 0 0 0 -999
P7055 2037 7 0 0 0 0 0 0 0 0 0 0 0 0 0 0 0 0 0 0 0 0 0 0 0 0 0 0 0 0 0 0 0
P7055 2037 8 0 0 0 0 0 0 0 0 0 0 0 0 0 0 0 0 0 0 0 0 0 0 0 0 0 0 0 0 0 0 0
P7055 2037 9 0 0 0 0 0 0 0 0 0 0 0 0 0 0 0 0 0 0 0 0 0 0 0 0 0 0 0 2 0 0 -999
P7055 2037 10 0 0 0 0 0 0 0 0 0 0 10 3 0 0 0 0 7 31 4 0 0 0 0 0 8 6 0 0 0 0 0
P7055 2037 11 0 0 0 0 0 5 2 21 0 0 8 17 23 34 10 0 0 0 0 17 8 9 11 12 12 8 27 26 26 1 -999
P7055 2037 12 57 3 10 47 20 31 9 35 50 25 21 6 2 6 0 0 7 20 2 0 0 10 11 0 0 0 0 0 3 4 0
P7055 2038 1 5 24 3 19 20 0 7 1 2 4 4 0 2 21 18 2 70 2 0 2 0 5 14 40 2 32 30 23 13 15 2
P7055 2038 2 0 0 3 39 20 34 9 0 0 2 0 0 0 0 0 1 0 2 6 0 0 0 5 1 0 0 0 15 -999 -999 -999
P7055 2038 3 36 27 12 8 48 30 24 18 11 14 6 0 0 0 0 0 0 15 33 84 24 1 0 0 0 3 1 5 3 0 3
P7055 2038 4 0 0 0 0 0 0 3 11 12 0 0 0 70 33 12 5 0 0 0 0 30 8 0 0 7 21 0 0 0 0 -999
P7055 2038 5 12 0 0 0 0 0 21 0 0 0 0 0 0 4 2 1 20 84 77 74 0 10 0 0 20 24 50 35 14 4 6
P7055 2038 6 0 0 0 0 0 0 0 0 0 0 0 0 0 0 0 0 0 0 0 0 0 0 0 0 0 0 0 0 0 0 -999
P7055 2038 7 0 0 0 0 0 0 0 0 0 0 0 0 0 0 0 0 0 0 0 0 0 0 0 0 0 0 0 0 0 0 0
P7055 2038 8 0 0 0 0 0 0 0 0 0 0 0 0 0 0 0 0 0 0 0 0 0 0 0 30 0 0 0 0 0 0 0
P7055 2038 9 0 0 0 0 0 0 0 0 0 0 0 0 0 0 0 0 0 0 0 0 0 17 0 8 0 0 0 0 0 0 -999
P7055 2038 10 0 0 3 0 0 0 0 0 0 0 0 0 0 0 0 0 0 4 5 0 11 10 33 0 0 0 3 3 3 0 0
P7055 2038 11 49 48 10 0 0 4 4 0 5 5 3 30 10 58 50 16 8 1 0 1 0 0 0 0 0 0 0 0 7 0 -999
P7055 2038 12 3 13 11 34 33 20 1 8 0 3 72 19 68 6 14 16 21 11 38 33 39 7 8 4 7 7 26 11 0 5 9
P7055 2039 1 6 9 11 4 12 2 3 2 0 0 0 0 0 2 4 12 33 0 10 13 3 1 7 17 24 1 1 1 0 1 1
P7055 2039 2 15 9 0 2 0 0 0 2 3 19 3 0 0 4 4 5 9 0 3 0 0 0 2 28 47 1 1 0 -999 -999 -999
P7055 2039 3 1 0 0 0 0 0 0 9 2 0 0 79 6 20 11 1 1 2 0 0 0 0 0 0 1 5 0 0 0 0 0
P7055 2039 4 0 0 0 0 0 0 0 0 0 0 0 0 3 5 11 1 0 0 0 0 4 2 0 0 0 0 0 0 0 0 -999
P7055 2039 5 0 0 0 0 0 0 0 0 0 0 0 0 0 0 3 84 17 7 0 11 4 15 12 0 0 0 0 0 0 0 0
P7055 2039 6 51 31 19 31 21 4 0 0 4 0 0 0 0 0 0 0 0 0 0 0 0 0 0 0 0 0 0 0 0 0 -999
P7055 2039 7 0 0 0 0 0 0 0 0 0 0 0 0 0 0 0 0 0 0 0 0 0 0 0 0 0 0 0 0 0 0 0
P7055 2039 8 0 0 0 0 0 0 0 0 0 0 0 0 4 0 0 0 0 0 0 0 0 0 0 0 0 0 0 0 0 0 0
P7055 2039 9 0 0 0 0 4 0 0 0 0 0 0 0 0 0 0 0 6 1 2 3 0 0 0 0 0 0 0 0 0 0 -999
P7055 2039 10 9 0 0 0 0 0 0 0 0 0 0 0 0 0 0 0 0 0 0 10 20 55 76 29 15 9 53 38 43 73 18
P7055 2039 11 0 0 0 0 0 0 0 5 9 6 36 49 12 9 4 8 1 17 88 42 26 7 63 0 0 0 5 37 3 3 -999
P7055 2039 12 8 15 15 41 59 26 10 12 22 2 0 0 7 14 4 0 2 3 9 59 2 6 7 13 18 10 20 34 26 26 8
P7055 2040 1 5 4 3 20 38 29 29 22 20 13 13 12 15 10 21 55 1 11 17 7 0 0 2 0 0 0 0 0 0 0 0
P7055 2040 2 0 0 0 4 1 0 0 0 0 5 0 0 0 0 0 1 1 4 2 1 0 0 0 0 0 0 0 0 -999 -999 -999
P7055 2040 3 0 0 0 0 0 0 0 0 0 0 0 0 0 5 4 3 1 0 0 12 6 25 43 90 64 32 12 3 26 23 10
P7055 2040 4 3 37 35 29 3 1 5 1 0 0 0 0 0 4 3 26 5 0 3 0 0 46 5 3 41 109 15 1 0 0 -999
P7055 2040 5 0 0 2 1 3 2 0 0 0 0 0 0 1 0 0 0 0 0 0 2 0 0 0 0 0 0 0 0 0 0 0
P7055 2040 6 0 0 0 0 0 0 0 0 0 3 0 0 0 0 0 0 0 0 0 0 0 0 0 0 0 0 0 0 0 0 -999
P7055 2040 7 0 0 0 0 0 0 0 0 0 0 0 0 0 0 0 2 0 0 0 0 0 0 0 0 0 0 0 0 0 0 0
P7055 2040 8 0 0 0 0 0 0 0 0 0 0 0 0 0 0 0 0 0 0 0 0 0 0 0 0 0 0 0 0 0 0 0
P7055 2040 9 0 0 0 0 0 0 0 0 0 0 0 0 0 0 0 0 0 0 0 0 0 0 5 14 0 0 14 36 30 0 -999
P7055 2040 10 0 0 0 0 0 3 6 0 0 0 0 0 0 0 0 0 12 57 84 64 2 1 2 0 0 5 5 0 0 0 4
P7055 2040 11 0 17 12 16 5 22 43 69 53 20 3 12 17 6 5 3 0 0 0 0 0 0 0 6 6 0 0 0 0 0 -999
P7055 2040 12 0 0 0 0 15 21 34 0 6 2 0 0 227 14 1 0 0 0 7 2 2 5 0 20 0 0 2 23 5 19 14
P7055 2041 1 4 0 0 0 0 0 2 1 0 0 2 1 4 8 2 0 0 0 9 19 26 34 83 77 50 52 42 42 20 4 0
P7055 2041 2 0 0 0 0 8 9 33 37 46 45 19 27 58 5 23 21 27 37 49 12 47 21 28 70 11 5 1 0 -999 -999 -999
P7055 2041 3 3 1 0 0 1 1 2 1 19 1 1 14 1 6 12 8 5 38 40 25 17 13 12 33 25 36 22 13 19 31 8
P7055 2041 4 0 0 0 0 0 0 0 0 0 0 0 0 2 1 1 0 17 25 15 15 10 3 6 30 37 9 0 3 0 0 -999
P7055 2041 5 0 0 4 51 0 0 0 0 7 69 54 18 0 0 0 0 0 21 28 28 144 56 78 51 16 18 36 28 3 7 14
P7055 2041 6 1 0 0 0 0 0 0 0 0 0 0 0 0 0 0 0 0 0 0 0 0 0 0 0 0 0 0 0 0 0 -999
P7055 2041 7 0 0 0 0 5 0 0 0 0 28 0 0 0 0 0 0 0 11 0 0 0 0 0 0 0 12 19 29 0 0 0
P7055 2041 8 0 0 0 0 0 0 0 0 0 0 0 0 0 0 0 0 0 0 0 0 0 0 0 0 0 0 0 0 0 0 0
P7055 2041 9 0 0 0 0 0 0 0 0 0 0 0 3 0 0 0 0 0 0 0 0 0 0 22 39 33 5 0 0 0 0 -999
P7055 2041 10 3 16 7 3 0 0 0 0 3 4 32 22 0 0 0 0 0 0 0 0 10 14 0 0 0 7 0 0 6 0 0
P7055 2041 11 0 0 0 8 3 14 8 0 9 10 26 12 32 23 31 44 64 43 9 27 54 38 14 95 17 17 19 15 12 11 -999
P7055 2041 12 2 21 1 32 40 6 0 7 3 0 2 13 6 23 22 39 76 50 15 17 6 0 8 2 0 0 0 1 0 0 0
P7055 2042 1 0 0 0 0 0 5 32 7 2 1 0 0 0 0 0 0 0 0 0 0 0 0 0 0 0 0 0 0 0 0 0
P7055 2042 2 3 1 0 0 0 0 0 0 0 2 0 0 0 0 0 0 0 1 3 2 0 0 0 8 10 0 0 0 -999 -999 -999
P7055 2042 3 0 0 0 0 0 5 3 0 0 0 0 2 2 4 17 14 4 49 49 69 1 3 1 17 7 2 0 0 5 6 30
P7055 2042 4 2 6 3 2 13 12 14 2 8 6 3 9 4 8 1 11 5 0 0 0 4 52 93 33 25 93 100 11 26 51 -999
P7055 2042 5 42 13 17 1 0 0 0 0 12 15 0 0 0 0 0 0 0 0 0 0 0 0 0 0 0 0 0 0 0 0 0
P7055 2042 6 0 7 15 0 0 0 7 5 0 0 0 0 0 0 0 0 0 0 0 0 0 0 0 0 0 0 0 0 0 0 -999
P7055 2042 7 0 0 0 0 0 0 0 0 0 0 0 0 0 0 15 0 0 0 0 0 0 0 0 0 0 0 0 0 0 0 0
P7055 2042 8 0 0 0 0 0 0 0 0 0 0 0 0 0 0 3 0 0 0 0 0 0 0 0 0 0 0 0 0 0 0 0
P7055 2042 9 0 0 0 0 0 0 0 0 0 0 0 7 0 0 0 0 0 0 0 0 0 0 0 0 0 15 0 0 0 0 -999
P7055 2042 10 0 0 0 0 0 0 5 11 5 4 3 15 76 28 26 11 0 4 0 41 33 13 2 0 0 0 0 9 0 0 0
P7055 2042 11 0 0 0 0 0 0 12 6 4 0 0 0 0 0 0 0 0 0 4 19 1 0 0 0 0 0 0 0 16 5 -999
P7055 2042 12 8 3 15 33 30 14 1 10 15 18 7 39 21 19 19 8 24 32 22 13 3 6 27 31 0 1 1 0 0 0 0
P7055 2043 1 2 4 6 8 0 30 1 2 0 0 0 3 12 128 37 27 11 14 6 14 29 23 44 57 0 0 0 4 13 1 0
P7055 2043 2 0 0 0 1 4 29 25 0 0 0 0 0 0 0 0 0 0 0 0 0 0 0 1 0 0 2 0 0 -999 -999 -999
P7055 2043 3 0 4 19 26 4 5 9 38 32 28 22 7 5 0 5 3 3 2 43 0 52 14 59 11 16 1 3 4 1 5 1
P7055 2043 4 5 1 0 4 0 0 0 0 0 4 63 0 0 0 0 39 77 0 4 19 0 0 0 0 0 0 5 0 0 0 -999
P7055 2043 5 0 0 0 23 0 0 0 6 0 0 0 0 0 0 0 0 0 0 0 64 43 31 110 109 0 26 31 14 0 10 4
P7055 2043 6 3 3 0 0 0 0 0 0 0 0 0 0 0 0 0 0 0 0 0 0 0 0 0 0 0 0 0 0 0 0 -999
P7055 2043 7 0 0 0 0 0 0 0 0 0 0 0 0 0 0 0 0 0 0 0 0 0 0 0 0 0 0 0 0 0 0 0
P7055 2043 8 0 0 0 0 0 0 0 0 0 0 0 0 0 0 0 0 0 0 0 0 0 0 0 0 25 74 0 0 13 0 0
P7055 2043 9 0 0 0 0 0 0 0 0 0 0 0 0 0 7 0 0 0 0 0 0 0 12 4 0 0 0 0 0 5 11 -999
P7055 2043 10 5 17 0 0 0 0 0 0 0 0 0 0 0 0 12 0 31 0 0 0 8 6 16 5 18 16 2 20 8 7 3
P7055 2043 11 0 0 0 0 0 0 0 0 0 4 31 16 82 85 0 0 0 0 0 0 0 0 0 13 11 19 1 52 14 11 -999
P7055 2043 12 2 9 0 0 0 0 6 0 2 10 17 19 2 7 26 1 0 16 36 16 93 18 0 2 7 8 22 0 0 0 0
P7055 2044 1 0 0 1 0 0 4 2 0 0 4 7 0 0 0 5 2 46 55 18 2 8 8 0 0 0 0 2 37 5 1 0
P7055 2044 2 0 0 0 0 9 6 0 0 6 10 7 0 0 0 0 0 0 0 0 0 0 0 1 18 34 6 7 8 -999 -999 -999
P7055 2044 3 1 21 58 31 71 3 0 34 7 1 1 8 0 0 0 3 1 13 9 5 2 2 0 0 2 9 45 52 1 33 1
P7055 2044 4 0 0 2 0 0 0 0 0 0 0 3 3 0 9 0 0 0 0 0 0 0 0 3 0 0 7 31 0 0 0 -999
P7055 2044 5 0 0 0 0 6 0 0 14 6 22 0 0 0 2 0 0 0 4 76 101 27 17 0 0 2 0 5 4 0 46 0
P7055 2044 6 0 0 0 0 20 28 33 0 0 0 0 0 0 0 0 0 0 0 0 0 0 0 0 0 15 0 0 0 0 0 -999
P7055 2044 7 0 0 0 0 0 0 0 0 0 0 0 0 0 0 0 0 0 0 0 0 0 0 0 0 0 0 0 0 0 0 0
P7055 2044 8 0 0 0 0 0 0 0 0 0 0 0 0 0 0 0 0 0 0 0 0 0 0 0 0 0 0 0 0 0 0 0
P7055 2044 9 0 0 0 0 0 0 0 0 0 0 0 0 0 0 0 0 0 0 0 2 11 23 3 18 35 96 0 0 0 48 -999
P7055 2044 10 60 35 34 0 0 0 0 0 11 9 0 0 0 0 0 0 0 12 29 64 73 6 0 0 0 0 0 0 0 0 3
P7055 2044 11 9 2 5 0 9 0 0 9 3 0 46 26 30 45 6 25 35 21 14 26 55 29 37 123 97 59 33 7 14 0 -999
P7055 2044 12 0 0 0 0 0 0 0 0 27 33 3 1 8 11 6 3 3 3 0 3 1 13 4 1 4 0 2 1 15 0 11
P7055 2045 1 59 33 10 5 4 14 47 83 4 1 49 28 38 35 19 14 16 1 0 0 0 1 1 0 1 0 0 0 0 0 2
P7055 2045 2 6 32 10 3 20 34 3 0 0 0 2 3 28 0 4 1 1 0 0 0 3 0 0 0 0 0 0 0 -999 -999 -999
P7055 2045 3 0 0 0 0 0 0 4 9 6 0 0 5 30 37 24 3 0 0 0 0 0 0 0 0 0 0 0 0 0 0 2
P7055 2045 4 11 0 0 1 13 16 27 2 0 7 11 2 0 4 4 10 0 0 0 0 0 0 0 0 0 0 0 0 0 0 -999
P7055 2045 5 12 0 0 0 0 0 0 50 103 4 0 0 0 0 0 0 0 0 0 5 2 0 0 0 0 0 0 0 0 0 0
P7055 2045 6 0 0 0 0 0 0 0 0 0 0 0 9 0 0 0 2 0 0 0 0 18 29 14 27 16 16 6 0 0 0 -999
P7055 2045 7 0 0 0 0 0 0 0 0 0 0 0 0 0 0 0 0 0 0 0 0 0 0 0 0 0 0 0 0 0 0 0
P7055 2045 8 0 0 0 0 0 0 0 0 0 0 0 0 0 0 0 0 0 0 0 0 0 0 0 0 0 0 0 0 0 0 0
P7055 2045 9 0 0 0 0 0 0 0 0 0 0 0 0 0 0 0 0 0 0 0 0 0 0 3 4 0 0 0 0 0 24 -999
P7055 2045 10 2 0 27 55 0 0 0 0 0 0 0 0 0 0 36 36 81 41 7 0 0 0 0 0 0 0 0 0 0 0 0
P7055 2045 11 14 16 0 0 2 0 0 0 0 0 0 0 2 4 6 23 45 34 1 0 0 0 13 44 3 28 28 68 21 12 -999
P7055 2045 12 4 6 3 0 6 2 2 4 4 0 0 0 0 0 0 0 0 12 7 10 16 6 6 12 16 16 11 8 0 0 0
P7055 2046 1 0 4 19 55 42 32 30 14 7 4 68 111 107 5 51 47 22 34 10 11 2 1 5 1 0 68 41 24 19 32 54
P7055 2046 2 84 60 32 12 4 8 17 7 4 8 8 7 17 8 31 24 9 1 4 3 19 121 8 2 17 25 59 53 -999 -999 -999
P7055 2046 3 39 41 46 11 8 23 38 42 43 65 89 59 44 9 110 22 45 16 7 33 77 3 1 0 0 0 5 32 3 0 2
P7055 2046 4 0 0 4 18 2 1 1 28 1 2 7 2 3 2 21 2 17 7 35 18 7 3 17 19 14 5 2 17 12 2 -999
P7055 2046 5 0 0 0 0 0 0 0 0 0 0 0 0 0 3 0 5 0 3 0 0 0 0 0 0 0 20 17 22 3 0 0
P7055 2046 6 0 0 0 0 0 0 0 0 0 0 0 0 0 0 0 0 0 3 22 0 0 0 0 0 0 0 0 0 0 0 -999
P7055 2046 7 0 0 0 0 0 0 0 19 0 0 0 0 0 0 0 0 0 0 0 0 0 0 0 0 0 0 0 0 0 0 0
P7055 2046 8 0 0 0 0 0 0 0 0 0 0 0 0 0 14 0 0 0 4 0 0 0 0 0 0 0 0 0 0 0 0 0
P7055 2046 9 0 0 0 0 0 0 0 0 0 0 0 0 0 0 0 0 0 0 0 0 0 0 0 0 0 0 0 0 0 0 -999
P7055 2046 10 0 5 133 0 0 26 19 55 0 0 0 0 0 0 0 0 0 0 0 2 1 30 13 10 17 4 10 9 4 35 35
P7055 2046 11 0 0 0 0 16 100 33 30 8 4 0 0 0 3 0 0 0 0 0 0 0 0 2 10 14 3 0 14 80 39 -999
P7055 2046 12 39 57 29 4 19 61 42 37 36 29 36 49 10 75 43 15 47 37 5 0 0 0 0 0 0 0 0 0 0 0 0
P7055 2047 1 0 0 0 0 0 0 8 24 4 7 15 8 8 26 22 99 43 20 45 2 76 46 4 0 0 0 0 0 0 0 2
P7055 2047 2 2 4 2 8 20 4 6 8 0 0 0 2 1 71 0 0 0 0 0 0 0 0 0 4 18 5 44 17 -999 -999 -999
P7055 2047 3 2 14 15 1 20 26 7 0 0 0 0 0 0 0 0 0 0 0 0 0 0 0 40 19 2 1 5 0 0 6 11
P7055 2047 4 26 1 12 4 0 4 2 8 23 55 39 16 4 2 30 1 2 19 3 0 0 0 0 0 0 0 0 2 0 0 -999
P7055 2047 5 0 0 0 0 0 0 0 4 4 9 10 13 19 21 0 0 0 0 0 0 0 0 0 0 0 0 0 0 0 0 0
P7055 2047 6 0 0 0 0 0 0 0 0 0 0 0 0 1 0 0 13 0 0 0 0 0 0 0 0 0 0 0 0 0 0 -999
P7055 2047 7 0 0 0 0 20 0 0 0 0 0 0 0 0 16 0 0 0 0 75 55 6 0 0 0 0 0 0 0 0 0 0
P7055 2047 8 0 0 0 0 0 0 0 0 0 0 0 0 0 0 0 0 0 0 0 0 0 0 0 0 0 0 0 0 0 0 0
P7055 2047 9 0 0 0 0 0 0 0 0 0 0 3 7 19 72 77 67 13 0 0 0 0 0 6 8 39 0 0 0 0 0 -999
P7055 2047 10 0 44 84 47 12 39 22 32 14 36 14 41 12 32 46 28 90 5 36 1 2 2 0 0 0 4 4 0 0 0 0
P7055 2047 11 0 0 7 5 9 8 6 5 8 5 4 1 3 3 9 18 11 0 0 0 0 0 0 0 0 0 0 0 0 0 -999
P7055 2047 12 0 0 0 0 0 0 0 0 0 0 0 0 0 0 0 0 0 0 0 0 0 0 5 5 4 1 0 0 3 2 0
P7055 2048 1 0 22 0 0 0 0 0 0 0 0 5 15 14 16 6 0 0 0 0 0 0 0 0 0 0 0 0 0 0 1 1
P7055 2048 2 0 0 2 0 4 0 0 0 1 4 11 7 8 16 20 19 1 1 0 0 0 0 0 0 0 0 0 0 -999 -999 -999
P7055 2048 3 0 0 0 1 7 4 12 37 19 46 37 7 12 24 2 32 5 8 3 3 19 0 0 2 1 19 4 7 39 13 0
P7055 2048 4 1 1 5 3 5 0 0 0 0 0 0 0 1 3 3 0 0 0 0 0 2 0 15 0 0 0 0 0 0 0 -999
P7055 2048 5 0 3 32 14 4 2 0 0 5 4 0 0 0 8 16 4 2 32 2 0 10 58 57 0 0 0 0 0 0 0 0
P7055 2048 6 0 0 0 0 0 0 0 0 0 0 0 0 0 0 4 0 0 0 0 0 0 0 0 0 0 0 0 0 0 0 -999
P7055 2048 7 0 0 0 0 0 0 0 0 0 0 0 0 0 0 0 0 0 0 0 0 0 0 0 0 0 0 0 0 0 0 0
P7055 2048 8 0 0 0 0 0 0 0 0 0 0 0 0 0 0 0 0 0 0 0 0 0 0 0 0 0 0 0 0 0 0 0
P7055 2048 9 0 0 0 0 0 0 0 0 0 0 0 0 0 0 0 0 4 11 0 0 0 0 0 0 0 0 51 55 86 36 -999
P7055 2048 10 4 0 0 0 0 13 0 0 0 0 0 0 0 0 0 0 0 0 3 2 9 3 0 0 0 0 0 0 0 0 7
P7055 2048 11 1 0 0 9 0 55 41 0 0 0 0 0 0 0 0 1 55 8 20 19 7 0 0 0 0 15 30 13 10 21 -999
P7055 2048 12 63 45 20 2 27 31 0 0 0 0 0 0 0 0 0 0 0 0 2 1 0 0 0 0 0 0 27 32 22 21 0
P7055 2049 1 0 2 8 44 2 1 26 19 2 0 4 3 15 3 3 5 7 6 0 0 2 4 3 4 2 4 6 9 5 4 10
P7055 2049 2 16 19 13 33 20 4 2 0 0 2 0 0 0 10 3 0 0 0 0 0 0 1 1 4 2 8 3 1 -999 -999 -999
P7055 2049 3 1 0 0 0 0 0 0 0 0 0 0 0 0 0 4 2 0 0 0 2 0 6 5 18 0 0 0 0 0 31 160
P7055 2049 4 0 0 0 0 0 0 0 0 0 0 0 3 0 0 6 12 20 12 0 0 0 5 0 0 8 21 0 0 0 0 -999
P7055 2049 5 4 4 3 2 1 1 9 23 32 21 2 21 2 0 0 0 0 0 0 3 36 51 32 38 76 17 24 76 12 1 3
P7055 2049 6 0 0 0 7 9 0 0 0 0 0 0 0 0 0 0 0 0 0 0 0 0 0 0 0 0 0 0 0 0 0 -999
P7055 2049 7 0 0 0 5 0 0 0 0 0 0 0 0 0 0 0 0 0 0 0 0 0 0 0 0 0 0 0 0 0 0 0
P7055 2049 8 0 0 0 0 0 0 0 0 0 0 0 0 0 0 0 0 0 0 0 0 0 0 0 0 0 0 0 0 0 0 0
P7055 2049 9 0 0 0 0 0 0 0 0 0 0 0 0 0 0 0 0 0 0 0 0 28 69 7 1 0 0 0 0 0 0 -999
P7055 2049 10 0 0 0 0 0 0 0 0 0 0 0 3 2 0 26 52 2 0 0 0 0 0 3 21 47 12 5 0 4 13 9
P7055 2049 11 0 13 72 39 59 11 35 41 44 41 86 64 57 45 34 40 93 23 4 6 5 9 0 12 0 0 0 0 0 6 -999
P7055 2049 12 2 45 34 31 2 1 0 4 0 10 0 0 4 0 10 3 1 54 6 34 65 2 1 15 10 12 33 31 62 49 57
P7055 2050 1 47 48 47 36 36 56 1 10 11 5 2 9 15 9 11 17 30 32 5 0 0 0 0 11 14 0 0 0 0 2 0
P7055 2050 2 0 0 0 0 0 0 0 0 0 0 0 0 0 3 3 4 2 0 21 9 13 12 0 13 4 5 0 0 -999 -999 -999
P7055 2050 3 0 12 56 54 46 57 55 6 47 37 51 14 10 6 7 2 16 10 18 3 2 0 0 4 3 14 8 4 8 4 40
P7055 2050 4 22 5 7 4 20 37 21 3 19 6 0 0 6 6 0 1 1 0 0 6 0 0 0 0 3 0 2 0 0 0 -999
P7055 2050 5 3 1 0 2 1 1 0 0 0 0 0 0 5 3 2 8 0 0 55 48 0 9 5 0 0 40 42 26 14 10 25
P7055 2050 6 0 0 0 0 0 0 0 0 0 0 0 0 0 0 0 0 0 0 0 0 0 0 0 0 0 0 0 0 0 0 -999
P7055 2050 7 0 0 0 0 0 0 0 0 0 0 0 0 0 0 0 0 0 0 0 0 0 0 0 0 0 0 0 0 0 0 0
P7055 2050 8 0 0 0 0 0 0 0 0 0 0 0 0 0 0 0 0 0 0 0 0 0 0 12 0 0 0 0 0 0 0 0
P7055 2050 9 0 0 0 0 0 0 0 0 0 0 0 0 0 0 0 0 0 0 0 0 0 0 0 0 0 0 0 0 0 0 -999
P7055 2050 10 22 4 1 0 0 0 0 0 0 0 0 10 7 46 9 10 16 5 0 0 0 28 82 48 22 14 10 1 1 1 10
P7055 2050 11 4 3 0 12 3 31 24 46 27 11 28 26 27 41 0 0 0 0 6 0 6 33 76 38 3 6 34 9 0 19 -999
P7055 2050 12 2 4 5 0 0 0 8 3 0 0 0 0 0 0 0 0 0 4 7 12 1 0 0 0 0 0 0 0 0 0 6
P7055 2051 1 0 2 0 0 0 0 0 0 0 7 0 0 0 11 7 0 0 0 0 0 0 0 0 0 0 0 0 0 0 0 0
P7055 2051 2 0 3 5 4 53 23 0 0 0 0 7 2 0 0 0 3 2 0 3 23 1 0 0 19 1 1 0 0 -999 -999 -999
P7055 2051 3 0 2 0 0 0 0 0 0 6 8 11 13 29 3 18 3 3 19 31 27 14 0 0 0 0 0 0 0 0 4 17
P7055 2051 4 51 15 0 0 2 12 6 2 2 16 15 11 28 8 56 26 16 27 8 25 1 6 8 0 0 0 0 10 0 0 -999
P7055 2051 5 0 0 0 0 0 0 0 0 0 0 120 23 11 2 0 0 0 0 0 0 0 0 4 15 54 128 118 0 0 0 0
P7055 2051 6 0 0 0 0 0 0 0 0 0 0 0 0 0 0 0 0 0 0 0 0 0 0 0 0 0 0 0 0 0 0 -999
P7055 2051 7 0 0 0 0 0 0 0 0 0 0 0 0 0 0 0 0 0 0 0 0 0 0 0 0 0 0 0 0 0 0 0
P7055 2051 8 0 0 0 0 0 0 0 0 0 0 0 0 0 0 0 0 0 0 1 4 0 0 0 0 0 0 0 0 0 0 0
P7055 2051 9 0 0 0 0 0 0 0 0 0 0 7 2 63 34 0 0 0 0 0 0 0 0 0 0 0 10 0 0 0 0 -999
P7055 2051 10 0 0 0 27 53 0 0 0 0 0 0 6 0 0 0 0 0 0 0 0 0 0 0 0 2 0 25 46 44 41 68
P7055 2051 11 39 39 46 9 7 1 0 0 0 0 0 0 0 2 1 1 1 4 0 0 0 0 0 3 10 0 0 0 6 1 -999
P7055 2051 12 4 0 0 7 33 5 0 30 25 3 31 49 25 22 38 127 12 31 2 0 0 0 0 0 0 0 0 0 0 0 0
P7055 2052 1 0 0 0 0 0 0 0 3 10 0 0 0 0 21 25 2 0 6 4 0 0 0 3 2 0 0 10 46 86 105 49
P7055 2052 2 8 38 91 96 10 56 71 61 16 47 59 40 5 2 17 39 10 8 11 23 0 0 0 21 40 10 2 5 -999 -999 -999
P7055 2052 3 0 0 0 0 0 0 0 4 4 0 0 0 2 7 12 18 24 21 30 22 2 3 34 1 0 0 0 0 0 0 0
P7055 2052 4 0 2 0 0 0 0 33 1 0 0 0 3 0 0 0 0 1 0 0 0 0 0 0 0 0 0 0 0 0 0 -999
P7055 2052 5 0 0 0 0 0 0 0 0 0 0 1 14 29 47 164 13 12 13 35 6 0 0 0 0 9 0 0 0 0 0 0
P7055 2052 6 0 0 0 0 5 0 0 0 0 0 0 0 0 0 0 0 0 0 0 0 0 0 0 0 64 56 0 0 0 0 -999
P7055 2052 7 0 0 0 0 0 0 0 0 0 0 0 0 0 0 0 0 0 0 0 0 0 0 0 0 0 0 0 0 0 0 0
P7055 2052 8 48 57 14 0 0 0 0 0 0 0 0 0 0 0 0 0 0 0 0 0 0 0 0 0 0 0 0 0 0 0 0
P7055 2052 9 0 0 0 0 0 0 0 0 0 0 0 0 0 0 0 0 0 1 1 0 0 0 0 3 0 0 0 0 0 0 -999
P7055 2052 10 0 0 0 0 0 0 0 0 0 0 0 0 0 6 5 0 0 0 0 0 0 3 0 0 33 42 0 0 0 0 7
P7055 2052 11 3 50 22 2 0 0 0 0 0 0 0 0 0 0 0 0 0 4 54 17 69 103 30 5 8 5 8 5 9 8 -999
P7055 2052 12 1 3 12 18 1 1 0 0 0 0 0 0 3 40 13 7 2 26 2 4 12 9 3 4 25 1 3 0 7 6 2
P7055 2053 1 1 5 3 2 0 0 3 7 32 34 53 23 47 9 8 19 22 8 0 0 0 16 27 16 5 8 13 14 11 11 28
P7055 2053 2 11 42 40 34 38 23 42 8 23 15 0 0 0 2 7 17 17 13 8 2 2 2 11 31 6 57 44 16 -999 -999 -999
P7055 2053 3 0 0 0 0 0 0 0 0 0 0 0 0 0 0 0 0 0 0 0 0 0 0 0 0 0 0 0 2 8 5 34
P7055 2053 4 170 18 2 1 0 0 0 0 0 0 1 15 15 77 21 2 0 0 0 0 10 0 0 29 96 103 169 0 59 11 -999
P7055 2053 5 0 0 0 0 0 0 0 0 0 0 0 0 0 0 0 0 0 0 0 0 0 0 0 0 0 0 0 0 0 6 2
P7055 2053 6 0 0 0 0 0 0 0 0 0 0 0 0 0 0 0 0 0 13 16 0 0 0 0 0 0 0 0 0 0 0 -999
P7055 2053 7 0 0 0 0 0 0 0 0 0 0 0 0 0 0 0 0 0 0 0 0 0 0 0 0 0 0 0 0 0 0 0
P7055 2053 8 0 0 0 0 0 0 0 0 0 0 0 0 0 0 0 0 0 0 0 0 0 0 0 0 23 52 0 0 0 0 0
P7055 2053 9 0 0 0 0 0 0 0 0 0 0 0 0 0 0 0 7 0 0 12 50 43 40 84 0 0 0 0 58 58 14 -999
P7055 2053 10 8 0 0 0 0 0 0 36 43 0 0 0 0 0 0 0 0 0 0 0 0 0 0 0 0 0 0 0 0 0 0
P7055 2053 11 0 0 0 1 1 0 0 0 0 0 0 10 0 0 58 54 123 35 113 33 60 17 18 25 4 0 0 0 0 0 -999
P7055 2053 12 0 0 0 0 0 0 0 0 0 11 20 46 33 19 19 20 14 15 4 3 3 0 11 36 17 10 0 0 0 0 6
P7055 2054 1 38 13 1 18 25 24 7 3 4 0 0 0 0 0 0 0 19 45 35 3 1 3 2 0 2 0 0 0 0 0 0
P7055 2054 2 0 5 3 8 10 11 19 13 0 0 0 4 4 2 0 0 0 0 0 0 1 0 5 3 0 0 0 0 -999 -999 -999
P7055 2054 3 0 0 0 0 0 0 0 0 1 0 0 0 0 0 19 2 51 5 0 2 0 11 10 1 5 8 4 25 8 5 40
P7055 2054 4 4 12 10 10 3 15 30 23 7 22 2 0 0 0 53 1 0 14 18 27 41 43 6 20 33 18 14 4 0 0 -999
P7055 2054 5 0 4 68 6 2 1 0 6 17 29 11 33 4 0 0 0 0 0 0 0 0 0 0 0 0 0 0 0 0 0 0
P7055 2054 6 0 0 0 0 0 0 0 0 0 0 0 0 0 7 0 0 0 0 0 0 0 0 0 0 0 0 0 0 0 0 -999
P7055 2054 7 0 0 0 0 0 0 0 0 0 0 0 0 0 0 0 0 6 25 21 30 0 0 0 0 0 0 0 0 0 0 0
P7055 2054 8 0 0 0 0 0 0 0 0 0 0 0 0 0 0 0 0 0 0 0 0 0 0 0 0 0 0 0 0 0 0 0
P7055 2054 9 0 0 0 0 0 0 0 0 0 0 0 0 0 0 0 0 0 0 0 0 0 0 7 24 0 0 0 0 0 0 -999
P7055 2054 10 0 0 3 0 0 0 0 0 60 0 31 11 5 0 0 0 0 0 0 5 43 86 10 1 11 0 0 0 4 9 112
P7055 2054 11 93 46 37 28 38 25 9 23 78 10 0 0 0 0 0 6 1 0 0 0 0 0 0 0 0 0 3 8 29 18 -999
P7055 2054 12 28 22 0 0 0 0 0 0 0 3 3 3 25 1 15 0 0 0 0 0 0 0 3 1 0 0 0 0 0 0 0
P7055 2055 1 0 0 8 19 47 24 13 0 0 17 71 92 81 28 80 82 24 31 52 47 77 45 43 8 1 2 1 1 2 2 2
P7055 2055 2 1 0 0 0 0 1 1 1 0 2 0 0 4 5 5 29 1 3 0 0 3 6 0 0 0 0 0 0 -999 -999 -999
P7055 2055 3 0 13 28 37 7 11 24 13 53 48 32 6 35 7 7 4 11 13 0 5 2 2 4 30 4 17 16 1 9 13 1
P7055 2055 4 0 0 0 0 0 9 36 2 6 9 0 7 2 0 4 0 0 0 0 5 9 8 58 120 70 34 28 22 9 9 -999
P7055 2055 5 6 26 36 22 13 0 194 291 19 0 0 8 7 13 21 0 0 0 0 0 0 0 0 0 0 0 0 0 0 5 10
P7055 2055 6 106 0 0 0 19 0 0 0 0 0 0 0 0 0 60 17 2 8 3 7 4 0 0 0 0 0 0 0 0 0 -999
P7055 2055 7 0 0 0 0 0 0 0 0 0 0 0 0 0 0 0 0 0 0 0 0 0 0 0 0 0 0 0 0 0 0 0
P7055 2055 8 0 0 0 0 0 0 0 0 0 0 0 0 0 0 0 0 0 0 0 0 0 0 0 0 0 0 0 0 0 0 0
P7055 2055 9 0 0 0 0 0 0 0 0 0 0 0 0 0 0 0 0 0 0 0 0 0 0 0 37 0 0 0 0 0 0 -999
P7055 2055 10 0 0 0 0 0 0 0 15 5 0 0 13 12 0 5 0 0 2 6 0 2 0 7 35 13 1 0 0 0 0 0
P7055 2055 11 0 10 6 0 5 70 43 102 18 0 0 0 0 10 0 9 2 0 0 0 3 3 8 25 0 0 0 0 1 15 -999
P7055 2055 12 20 24 4 1 0 0 0 0 0 10 30 45 23 26 16 8 6 5 3 38 52 18 4 0 0 0 0 0 0 2 18
P7055 2056 1 0 0 0 2 0 1 36 2 6 0 0 0 0 0 0 3 4 2 0 2 9 18 30 14 28 1 9 12 1 0 1
P7055 2056 2 0 0 0 0 0 0 0 0 0 0 0 0 0 0 0 0 6 0 0 1 5 6 4 0 0 0 0 0 -999 -999 -999
P7055 2056 3 0 2 9 2 0 0 4 7 5 40 3 0 0 0 0 53 11 3 2 0 1 0 0 4 0 6 6 9 14 24 5
P7055 2056 4 0 0 0 0 0 3 2 4 3 0 5 0 0 0 0 7 6 0 5 6 2 15 96 81 6 25 27 58 3 0 -999
P7055 2056 5 7 22 17 8 4 41 0 0 0 0 3 6 4 0 0 0 0 0 0 0 0 0 0 27 30 4 17 3 4 0 0
P7055 2056 6 25 17 0 0 21 11 6 0 0 0 0 0 0 0 0 0 0 0 0 0 0 0 0 0 0 0 0 0 0 0 -999
P7055 2056 7 0 0 0 0 0 0 0 0 0 0 0 0 0 0 0 0 0 0 0 0 0 0 0 0 0 0 0 0 0 0 0
P7055 2056 8 0 0 0 0 0 0 0 0 0 0 0 0 0 0 0 0 0 0 0 0 0 0 0 0 0 0 0 0 0 0 0
P7055 2056 9 0 0 0 0 0 0 0 0 0 0 0 0 0 0 0 0 0 0 0 0 0 0 0 0 0 0 0 0 18 26 -999
P7055 2056 10 0 140 24 0 0 0 0 0 0 5 0 0 0 0 0 0 0 0 0 0 0 3 6 23 41 6 0 0 0 0 0
P7055 2056 11 0 0 0 5 14 10 23 12 2 0 0 0 0 8 0 0 0 0 7 8 5 2 0 8 17 43 21 30 76 73 -999
P7055 2056 12 14 29 41 37 64 51 78 53 10 33 55 14 1 25 19 44 23 28 26 19 33 13 0 0 0 0 0 0 0 0 0
P7055 2057 1 0 1 0 0 4 7 6 20 4 3 0 0 3 4 0 0 0 0 0 0 0 0 0 2 4 28 32 26 15 1 25
P7055 2057 2 8 4 6 7 21 43 25 31 23 20 0 0 0 0 3 0 0 6 6 64 5 2 2 4 3 3 0 0 -999 -999 -999
P7055 2057 3 0 0 0 1 7 7 3 0 0 3 1 0 0 0 0 0 4 0 0 0 0 0 0 5 4 6 2 2 2 2 4
P7055 2057 4 0 0 0 0 0 0 0 4 11 6 19 22 43 3 23 38 41 40 7 2 1 7 0 0 0 0 0 14 0 0 -999
P7055 2057 5 0 0 0 0 0 0 0 0 0 0 0 2 2 2 13 21 47 22 2 0 0 0 0 0 6 3 7 55 57 19 13
P7055 2057 6 3 2 2 0 0 0 0 0 0 9 62 0 0 0 0 0 0 0 0 0 0 0 0 0 0 0 0 0 0 0 -999
P7055 2057 7 0 0 0 0 0 0 0 0 0 0 0 0 0 0 0 0 0 0 0 0 0 0 0 0 0 0 0 0 0 0 0
P7055 2057 8 0 0 0 0 0 0 0 0 0 0 0 0 0 0 0 0 0 32 0 0 0 0 0 0 0 0 0 0 0 0 0
P7055 2057 9 0 0 0 0 0 0 0 0 0 0 0 0 0 0 0 0 0 0 0 11 0 0 0 0 0 11 94 0 0 0 -999
P7055 2057 10 0 0 0 0 0 0 0 0 0 0 0 0 0 0 21 8 7 0 0 0 0 0 0 0 0 0 0 0 4 3 4
P7055 2057 11 8 1 46 44 17 59 0 15 18 16 47 84 27 24 6 7 12 5 0 11 1 0 0 0 0 0 0 0 0 0 -999
P7055 2057 12 0 0 0 0 0 0 0 2 11 11 27 24 39 6 18 1 0 0 0 0 0 0 0 0 0 0 0 0 0 3 0
P7055 2058 1 0 0 0 0 0 0 0 0 4 16 7 0 2 23 23 0 0 0 0 0 0 0 0 0 0 2 12 1 1 7 0
P7055 2058 2 6 1 0 0 0 0 0 0 0 0 2 3 9 2 6 3 0 0 0 0 0 0 0 0 0 0 0 0 -999 -999 -999
P7055 2058 3 0 0 0 0 0 0 0 0 0 0 0 0 0 0 0 0 0 1 1 2 21 12 7 18 21 40 3 0 0 0 0
P7055 2058 4 0 0 0 2 28 0 0 0 0 34 1 1 1 0 0 0 0 5 13 1 0 0 0 0 0 0 0 0 0 0 -999
P7055 2058 5 0 0 0 0 3 0 0 3 3 0 0 0 0 0 0 0 0 0 4 0 0 0 0 3 0 0 0 4 31 38 7
P7055 2058 6 24 0 0 0 0 0 0 0 0 0 0 0 0 0 0 0 0 0 0 0 0 0 0 0 0 0 0 0 0 0 -999
P7055 2058 7 0 0 0 0 0 0 0 0 0 0 0 0 0 0 0 0 0 0 0 0 0 0 0 0 0 0 0 0 0 0 0
P7055 2058 8 0 0 0 0 0 0 0 0 0 0 0 0 0 0 0 0 0 0 0 0 0 0 0 0 0 0 0 0 0 0 0
P7055 2058 9 0 0 0 0 0 0 0 0 0 0 5 0 0 0 0 0 0 0 0 0 0 0 19 0 0 0 0 0 0 0 -999
P7055 2058 10 0 0 0 0 0 0 0 0 0 0 0 0 0 0 0 0 0 0 0 0 0 2 4 3 1 0 0 0 0 0 0
P7055 2058 11 0 0 0 0 0 0 0 16 35 11 18 16 1 2 15 41 12 96 59 54 11 5 8 0 0 10 21 43 23 15 -999
P7055 2058 12 1 13 18 4 0 0 4 0 4 0 0 0 0 0 4 2 5 27 29 24 7 6 0 5 3 5 32 28 0 10 56
P7055 2059 1 2 50 18 10 3 6 1 0 0 0 0 0 0 0 10 5 0 0 3 5 18 3 2 0 5 1 0 0 0 0 0
P7055 2059 2 0 0 0 0 0 0 0 0 0 0 0 0 0 0 0 0 0 0 0 0 0 0 0 0 0 0 0 0 -999 -999 -999
P7055 2059 3 0 0 0 0 0 0 0 0 0 0 0 3 3 1 0 0 0 0 0 2 7 14 7 52 10 104 1 1 3 2 1
P7055 2059 4 1 0 0 0 0 0 0 0 0 0 0 0 0 0 0 0 0 0 0 1 2 5 7 22 22 58 0 0 72 11 -999
P7055 2059 5 0 0 1 5 86 22 39 83 96 75 23 18 0 0 0 10 0 3 0 0 0 0 0 0 0 0 4 5 10 0 0
P7055 2059 6 0 0 0 0 0 0 2 18 0 0 0 0 0 0 0 0 0 0 0 0 0 0 0 0 0 0 0 0 0 0 -999
P7055 2059 7 0 0 0 0 0 0 0 0 0 0 0 0 0 0 0 0 16 0 0 0 0 0 0 0 0 0 0 0 0 0 0
P7055 2059 8 0 0 0 0 0 0 0 0 0 0 0 0 0 0 0 0 0 0 0 0 0 0 0 0 0 0 0 0 0 0 0
P7055 2059 9 0 0 0 0 0 0 0 0 0 0 0 0 0 0 0 0 0 0 0 0 0 0 3 14 56 0 0 0 0 0 -999
P7055 2059 10 0 0 0 0 0 0 0 0 0 0 0 0 0 0 43 13 0 0 0 8 12 32 41 32 5 14 1 0 0 37 0
P7055 2059 11 18 27 11 19 23 0 0 0 1 1 20 6 0 8 67 37 4 2 1 0 3 5 24 17 2 0 8 10 0 1 -999
P7055 2059 12 0 0 0 0 0 0 0 4 4 13 0 6 2 1 1 0 0 0 0 0 0 0 0 0 0 0 1 23 52 10 0
P7055 2060 1 3 10 19 29 25 21 0 0 0 6 2 0 0 0 0 0 0 0 0 0 0 0 0 0 0 1 0 1 0 0 0
P7055 2060 2 0 0 0 3 23 4 6 15 33 27 32 26 24 29 68 39 30 17 28 2 11 2 29 17 58 4 11 30 -999 -999 -999
P7055 2060 3 42 46 34 8 11 17 25 46 17 7 0 0 0 0 0 0 53 75 40 44 68 83 14 1 0 0 1 16 5 5 1
P7055 2060 4 0 0 0 0 0 0 0 0 0 0 11 7 0 0 0 0 0 0 0 0 0 0 0 0 0 0 0 0 0 0 -999
P7055 2060 5 0 0 0 0 0 0 0 0 0 0 0 0 0 0 0 0 0 0 0 0 0 0 1 0 0 0 0 0 6 4 4
P7055 2060 6 7 19 112 303 224 128 93 63 16 7 0 9 0 3 0 0 0 0 0 0 0 0 0 0 0 0 0 0 0 0 -999
P7055 2060 7 0 0 0 0 0 0 0 0 0 0 0 0 0 0 0 0 0 0 0 0 0 0 0 0 0 0 0 0 0 0 0
P7055 2060 8 0 0 0 0 0 0 0 0 0 0 0 0 0 0 0 0 0 0 0 0 0 0 0 0 0 0 0 0 0 0 0
P7055 2060 9 0 0 0 0 0 0 0 0 0 0 0 0 0 0 0 16 6 0 0 0 0 0 0 0 0 28 58 0 0 0 -999
P7055 2060 10 0 0 0 0 0 0 0 0 0 0 3 48 13 30 8 0 0 3 0 0 5 1 7 6 13 0 0 13 24 7 46
P7055 2060 11 40 23 5 3 0 0 0 0 5 3 0 4 0 1 2 3 0 12 2 0 0 0 0 0 4 6 14 3 4 0 -999
P7055 2060 12 0 4 17 10 8 30 8 0 3 5 0 0 0 0 4 16 7 11 0 18 83 1 3 3 2 4 3 0 3 0 0
P7055 2061 1 0 0 0 0 0 0 0 0 0 0 3 0 0 9 2 0 21 1 86 18 20 33 34 27 40 20 113 84 14 28 34
P7055 2061 2 0 0 0 0 3 0 0 0 7 15 18 21 13 30 32 6 3 41 2 22 15 37 2 1 8 2 6 3 -999 -999 -999
P7055 2061 3 40 21 32 60 4 2 13 5 5 5 57 3 27 21 45 44 5 32 36 16 8 1 0 0 0 0 0 0 0 0 0
P7055 2061 4 0 0 4 7 3 11 14 64 344 37 62 132 120 66 6 0 65 224 37 5 1 0 0 2 4 2 10 175 0 0 -999
P7055 2061 5 0 0 35 37 7 5 0 0 0 0 0 0 0 0 0 0 0 0 0 0 0 0 0 0 4 0 0 0 0 2 0
P7055 2061 6 0 0 0 0 0 0 0 0 0 0 0 0 0 38 54 0 0 0 0 0 0 0 0 0 0 0 0 0 0 0 -999
P7055 2061 7 0 0 0 0 0 0 0 0 0 0 0 0 0 0 0 0 0 0 0 0 0 0 0 0 0 0 0 0 0 0 0
P7055 2061 8 0 0 0 0 0 0 0 0 0 0 0 0 0 0 0 0 0 0 0 0 0 0 0 0 0 0 0 0 0 0 0
P7055 2061 9 0 0 0 0 0 0 0 0 0 0 2 0 0 0 0 35 80 78 40 30 23 12 0 0 0 0 0 0 0 0 -999
P7055 2061 10 0 10 5 3 0 17 21 7 35 65 0 0 0 0 0 0 0 4 0 0 8 3 0 0 33 15 29 13 0 0 0
P7055 2061 11 0 0 3 0 0 1 3 8 4 1 1 0 0 0 0 0 0 4 7 0 0 0 0 0 0 0 0 1 3 3 -999
P7055 2061 12 19 34 16 0 0 0 0 0 0 0 6 4 3 0 0 0 0 5 8 0 0 0 0 0 0 0 0 0 2 10 0
P7055 2062 1 0 0 0 0 0 0 0 0 0 0 0 4 21 8 38 22 12 20 1 0 0 2 0 0 0 3 6 6 2 29 72
P7055 2062 2 68 14 4 15 2 24 56 20 18 12 0 0 0 0 0 0 4 5 7 13 10 3 10 35 64 24 63 0 -999 -999 -999
P7055 2062 3 0 0 0 0 0 3 0 0 0 6 2 0 3 5 0 0 0 0 0 0 0 0 10 8 2 45 0 0 0 0 0
P7055 2062 4 0 6 1 0 0 17 0 0 12 43 9 2 0 0 0 0 0 2 0 0 7 0 4 9 6 4 0 0 0 0 -999
P7055 2062 5 0 0 16 5 0 0 0 17 14 0 0 0 0 0 0 0 0 0 0 0 0 0 0 0 0 0 0 14 16 2 8
P7055 2062 6 5 0 0 0 0 0 0 0 0 0 0 0 0 0 0 0 0 0 0 0 0 0 0 0 0 0 0 0 0 0 -999
P7055 2062 7 0 0 0 0 0 0 0 0 0 0 0 0 0 0 0 0 0 0 0 0 0 0 0 0 0 0 0 0 0 0 0
P7055 2062 8 0 0 0 0 0 0 0 0 0 0 0 0 0 0 0 0 0 0 0 0 0 0 0 0 0 0 0 0 0 0 0
P7055 2062 9 0 0 0 0 0 0 0 0 0 0 0 0 0 0 0 0 0 0 0 0 0 0 0 0 0 0 0 0 0 0 -999
P7055 2062 10 0 0 0 0 0 0 11 23 0 0 0 0 0 0 0 0 0 5 5 16 28 30 32 6 18 29 104 75 6 5 0
P7055 2062 11 0 0 6 7 30 25 3 0 0 8 33 9 0 0 0 0 0 5 3 10 15 4 33 17 60 1 0 4 0 4 -999
P7055 2062 12 0 0 0 0 0 0 7 0 4 48 28 2 0 0 0 22 3 0 4 4 7 15 5 6 8 0 0 0 1 0 0
P7055 2063 1 0 0 0 2 1 1 0 0 0 0 0 0 0 0 0 0 0 0 0 2 9 1 0 7 0 3 22 6 0 0 0
P7055 2063 2 0 0 0 0 0 0 7 19 10 1 0 0 1 1 16 0 0 0 0 0 3 1 6 1 0 0 0 3 -999 -999 -999
P7055 2063 3 6 3 3 0 0 0 6 1 2 2 20 15 16 15 39 29 6 10 5 36 13 5 11 48 213 17 73 41 54 4 0
P7055 2063 4 7 16 3 3 8 0 0 0 0 12 40 3 1 1 1 28 11 26 0 0 0 10 2 1 3 1 3 35 2 1 -999
P7055 2063 5 2 0 0 0 0 0 0 0 0 3 23 35 52 25 9 9 1 1 0 1 1 9 0 0 0 0 0 0 0 0 0
P7055 2063 6 0 0 0 0 0 0 0 0 0 0 0 0 0 0 0 0 0 0 0 0 0 0 0 0 0 0 0 0 0 0 -999
P7055 2063 7 0 0 0 0 0 0 0 0 0 0 0 0 0 0 0 0 0 0 0 0 0 0 0 0 0 0 0 0 0 0 0
P7055 2063 8 0 0 0 0 0 0 0 0 0 0 0 0 0 0 0 0 0 0 0 0 0 0 0 0 0 0 0 0 0 0 0
P7055 2063 9 0 0 0 0 0 0 0 0 0 0 0 0 0 0 0 0 0 5 0 0 0 0 0 0 0 5 80 0 0 0 -999
P7055 2063 10 0 0 0 0 0 82 0 0 8 12 38 6 3 12 16 3 0 0 6 27 22 32 9 0 0 0 3 25 7 7 0
P7055 2063 11 0 0 0 0 0 0 0 0 0 0 0 0 0 0 0 0 0 0 0 0 0 1 0 4 65 6 0 19 4 31 -999
P7055 2063 12 27 14 15 0 7 16 5 0 0 0 2 11 5 7 0 0 7 3 2 0 0 0 4 13 3 8 5 3 3 20 12
P7055 2064 1 0 0 0 15 4 10 0 0 0 4 21 24 29 12 2 1 1 8 0 0 26 56 39 0 0 0 1 6 14 5 0
P7055 2064 2 0 0 0 0 0 0 0 0 0 0 0 0 5 29 25 19 16 19 0 0 0 0 0 0 1 5 12 14 -999 -999 -999
P7055 2064 3 2 1 57 41 31 25 7 1 0 9 29 4 2 1 0 5 0 5 1 2 0 4 36 2 1 0 1 0 4 17 5
P7055 2064 4 2 11 23 64 0 0 0 6 0 2 0 0 0 0 0 0 9 2 0 0 0 0 0 24 19 4 17 70 0 0 -999
P7055 2064 5 0 3 3 0 0 0 0 0 0 0 0 0 0 1 0 0 0 0 3 0 0 0 0 0 0 0 0 0 0 0 0
P7055 2064 6 0 0 0 0 0 2 0 0 0 0 0 0 0 0 0 0 0 0 0 0 0 0 0 0 0 0 0 0 0 0 -999
P7055 2064 7 0 0 0 0 0 0 0 0 0 0 0 0 0 0 0 0 0 0 0 0 0 0 0 0 0 0 0 0 0 0 0
P7055 2064 8 0 0 0 0 0 0 0 0 0 0 0 0 0 0 0 0 0 0 0 0 0 0 0 0 0 0 0 0 0 0 0
P7055 2064 9 0 0 0 0 0 0 0 0 0 0 0 0 0 0 0 0 0 0 4 0 0 0 0 0 0 0 0 47 0 0 -999
P7055 2064 10 0 1 0 4 0 0 0 0 0 6 0 0 0 0 0 0 0 0 0 6 5 2 10 14 5 0 0 0 0 0 0
P7055 2064 11 0 0 0 0 0 2 1 1 1 3 0 0 0 5 2 1 0 0 0 0 0 0 2 39 7 3 4 20 31 4 -999
P7055 2064 12 0 3 3 3 3 0 0 3 22 32 21 5 0 0 0 0 0 0 5 31 17 56 3 4 0 9 5 11 7 18 12
P7055 2065 1 8 28 3 2 1 2 34 260 36 117 9 5 3 1 0 0 0 0 0 0 0 0 4 0 0 0 0 0 0 0 0
P7055 2065 2 9 8 6 22 0 0 0 0 0 0 0 0 0 0 0 0 0 0 3 4 14 1 0 0 5 6 0 3 -999 -999 -999
P7055 2065 3 0 0 0 0 2 3 13 1 3 10 0 0 0 0 0 0 3 11 0 0 0 1 0 30 3 13 7 30 13 23 35
P7055 2065 4 21 18 31 5 1 0 0 0 0 0 24 208 361 105 63 0 0 0 0 0 0 0 0 0 8 4 1 0 9 3 -999
P7055 2065 5 2 0 4 0 0 0 5 11 8 3 2 0 0 0 0 3 5 0 0 0 0 0 0 0 0 0 0 0 0 0 8
P7055 2065 6 5 17 7 8 4 4 6 1 3 0 10 28 8 0 0 0 0 0 0 0 0 0 0 0 0 0 0 0 0 0 -999
P7055 2065 7 0 0 0 0 0 0 0 0 0 0 0 0 0 0 0 0 0 0 0 0 0 0 0 0 0 0 0 0 0 0 0
P7055 2065 8 0 0 0 0 0 0 0 0 0 0 0 0 0 0 0 0 0 0 0 0 0 0 0 0 0 0 0 0 0 0 0
P7055 2065 9 0 0 0 0 0 0 0 0 0 0 0 0 0 0 0 0 0 0 0 4 16 72 94 56 58 25 34 38 0 0 -999
P7055 2065 10 0 0 0 0 0 0 0 0 0 0 5 3 0 0 0 6 20 25 34 2 0 0 0 0 0 0 0 0 0 0 0
P7055 2065 11 4 0 0 0 26 3 9 18 3 0 0 5 10 6 3 0 0 0 0 0 10 9 0 0 2 3 0 0 0 0 -999
P7055 2065 12 0 0 0 0 0 3 0 0 0 5 11 27 8 0 0 0 0 0 5 9 30 4 77 80 24 22 8 11 6 0 3
P7055 2066 1 0 0 0 2 14 0 0 0 3 3 5 4 3 4 3 2 6 2 0 0 0 0 0 0 0 0 0 0 0 0 0
P7055 2066 2 0 0 0 0 0 2 14 5 10 0 0 0 0 0 0 0 0 6 24 6 0 0 0 9 2 18 1 7 -999 -999 -999
P7055 2066 3 14 40 59 72 96 41 21 33 95 29 11 12 4 6 17 21 9 2 0 7 27 19 2 0 1 0 0 11 9 10 17
P7055 2066 4 8 3 0 0 0 3 15 175 0 0 0 0 0 0 0 1 5 7 3 3 2 0 0 0 0 0 0 0 0 0 -999
P7055 2066 5 0 0 0 0 0 0 0 0 0 0 0 0 0 0 0 0 0 0 0 0 0 0 2 0 0 0 0 0 0 0 3
P7055 2066 6 4 2 1 0 0 0 0 0 0 0 0 0 0 0 0 0 0 0 0 0 0 0 0 0 0 0 0 0 0 0 -999
P7055 2066 7 0 0 0 0 0 0 0 0 0 0 0 0 0 0 0 0 0 0 0 0 0 0 0 0 0 0 0 0 0 0 0
P7055 2066 8 0 0 0 0 0 0 0 0 0 0 0 0 0 0 0 0 0 0 0 0 0 0 0 0 0 0 0 0 0 0 0
P7055 2066 9 0 0 0 0 0 0 0 0 0 0 0 0 0 0 0 0 0 0 0 0 0 0 0 0 0 0 0 0 0 0 -999
P7055 2066 10 0 0 0 0 0 0 0 0 0 0 0 18 75 46 24 28 56 19 5 4 0 8 0 0 0 0 20 28 20 10 38
P7055 2066 11 11 9 16 5 10 31 42 64 49 22 0 0 0 0 0 12 20 11 18 52 35 40 8 0 0 22 31 18 91 80 -999
P7055 2066 12 36 52 86 0 0 0 8 5 11 3 3 31 56 59 24 15 56 34 1 0 0 3 14 4 1 18 32 20 12 3 4
P7055 2067 1 5 33 38 35 52 26 14 38 90 8 14 25 86 89 41 24 22 51 74 6 0 30 49 48 19 15 18 8 11 8 15
P7055 2067 2 3 6 2 0 0 0 1 9 33 2 10 23 7 0 0 0 0 4 1 4 2 7 4 2 0 0 0 0 -999 -999 -999
P7055 2067 3 0 0 1 20 0 0 0 0 0 2 5 5 4 2 3 7 7 0 0 0 0 0 0 0 2 4 21 11 2 0 0
P7055 2067 4 0 0 0 0 0 3 14 9 4 1 0 0 0 12 44 14 4 1 7 7 10 0 0 0 3 11 5 16 0 10 -999
P7055 2067 5 0 0 0 0 0 4 8 2 0 0 12 11 34 30 11 0 7 5 11 20 38 13 1 0 0 0 0 0 0 0 0
P7055 2067 6 0 0 0 0 0 0 13 65 0 0 0 0 0 0 0 0 0 0 0 0 0 0 0 0 0 0 0 0 0 0 -999
P7055 2067 7 0 0 0 0 0 0 0 0 0 0 0 0 0 0 0 0 0 0 0 0 0 0 0 0 0 0 0 0 0 0 0
P7055 2067 8 0 0 0 0 0 0 0 0 0 0 0 0 0 0 0 0 0 0 0 0 0 0 0 0 0 0 0 0 0 0 0
P7055 2067 9 0 0 0 0 0 0 0 0 0 0 0 0 0 0 0 0 0 0 0 0 0 0 0 0 0 0 0 0 0 0 -999
P7055 2067 10 0 0 0 0 0 4 8 16 14 0 0 0 0 0 0 0 0 0 0 0 0 0 0 0 0 0 0 0 8 11 45
P7055 2067 11 16 22 60 21 12 24 43 27 26 21 16 16 11 7 11 5 13 7 33 5 0 0 0 0 11 0 0 1 5 1 -999
P7055 2067 12 3 0 0 6 25 28 3 0 18 12 16 39 9 8 0 0 0 0 0 18 2 2 4 0 0 0 0 0 0 0 0
P7055 2068 1 1 0 0 0 0 0 0 0 0 9 21 8 0 0 0 0 0 4 0 2 4 4 12 36 12 12 3 0 52 29 38
P7055 2068 2 13 11 8 1 0 5 4 29 40 37 12 7 42 16 68 79 0 0 0 2 4 0 8 5 5 0 0 0 -999 -999 -999
P7055 2068 3 0 0 1 3 2 1 0 0 9 83 31 18 0 0 0 14 3 0 0 126 2 0 5 7 0 0 0 0 0 5 0
P7055 2068 4 1 7 0 5 17 15 0 0 0 0 0 0 0 0 0 0 0 0 0 0 0 0 4 2 6 1 0 12 0 0 -999
P7055 2068 5 0 0 0 8 292 0 0 0 0 3 11 36 43 5 32 9 10 6 5 7 16 0 0 0 0 0 0 0 0 0 0
P7055 2068 6 0 0 0 0 0 0 0 0 0 0 0 0 0 0 0 0 0 0 0 0 0 0 0 0 0 0 0 0 0 0 -999
P7055 2068 7 0 0 0 0 0 0 0 0 0 0 0 0 0 0 0 0 0 0 0 0 0 0 0 0 0 0 0 0 0 0 0
P7055 2068 8 0 0 0 0 0 0 0 0 0 0 0 0 0 0 0 0 0 0 0 0 0 0 0 0 0 0 0 0 0 0 0
P7055 2068 9 0 0 0 0 0 0 0 0 0 0 0 0 0 0 0 0 3 5 18 0 115 85 35 52 50 0 32 25 9 42 -999
P7055 2068 10 16 40 0 0 0 0 6 11 0 0 0 0 37 11 0 0 0 0 0 3 8 10 33 7 1 0 0 0 9 6 7
P7055 2068 11 0 0 0 0 0 0 0 0 0 0 0 0 0 0 3 36 3 1 2 0 14 56 7 25 16 0 0 0 25 39 -999
P7055 2068 12 0 8 10 5 40 21 2 7 5 5 16 4 6 3 23 33 40 16 31 4 6 0 0 0 0 6 2 0 0 0 0
P7055 2069 1 0 0 0 0 0 2 8 1 1 56 26 8 1 0 0 0 0 0 0 0 0 0 1 2 15 18 19 30 44 45 128
P7055 2069 2 112 23 31 1 84 16 3 8 35 17 6 2 4 26 1 1 0 0 0 0 0 0 1 0 0 0 0 4 -999 -999 -999
P7055 2069 3 15 16 3 5 6 8 7 6 7 17 33 2 0 0 0 0 0 0 0 0 0 0 0 2 1 0 2 11 21 1 0
P7055 2069 4 2 0 0 0 0 0 4 73 2 7 59 39 3 31 45 23 31 7 31 25 3 0 0 0 0 0 0 6 48 39 -999
P7055 2069 5 37 16 3 0 2 17 14 11 5 4 0 0 0 0 0 0 1 0 0 8 33 0 0 0 0 0 0 0 1 0 0
P7055 2069 6 0 0 0 0 0 0 0 0 0 0 0 0 0 0 0 0 0 0 0 0 0 0 0 0 0 0 0 0 0 0 -999
P7055 2069 7 0 7 0 0 0 0 0 0 0 0 0 0 0 0 0 0 0 0 0 0 0 0 0 0 0 0 0 0 0 0 0
P7055 2069 8 0 0 0 0 0 0 0 0 0 0 0 0 0 0 0 0 0 0 0 0 0 0 0 0 0 0 0 0 0 0 0
P7055 2069 9 0 0 0 0 0 0 0 0 11 0 0 0 0 0 0 0 0 0 0 63 0 0 0 0 0 0 25 13 42 59 -999
P7055 2069 10 23 57 26 18 0 0 0 0 0 0 0 0 0 0 6 2 3 0 0 1 5 27 31 9 5 1 0 0 0 0 6
P7055 2069 11 52 20 66 15 0 0 0 4 29 66 97 157 104 82 16 0 0 0 0 0 14 0 5 38 6 30 14 23 50 1 -999
P7055 2069 12 1 27 18 88 150 51 59 5 0 0 0 0 8 0 0 0 0 0 0 0 0 0 29 17 0 0 7 0 8 1 0
P7055 2070 1 16 21 11 7 15 28 4 4 18 12 5 0 0 0 0 0 6 3 22 52 75 19 22 18 43 7 113 10 4 25 46
P7055 2070 2 20 38 74 13 2 5 4 1 2 29 22 12 4 0 6 36 50 0 0 0 3 3 31 24 25 13 27 14 -999 -999 -999
P7055 2070 3 23 0 0 0 2 0 0 0 23 50 72 79 37 7 0 0 0 12 17 1 22 31 10 5 28 56 0 0 0 0 3
P7055 2070 4 5 35 8 0 25 13 19 54 18 12 7 10 2 4 19 6 13 0 0 0 4 6 5 1 2 1 1 20 5 0 -999
P7055 2070 5 0 0 0 4 25 5 20 12 0 4 0 5 8 91 17 5 0 5 6 0 0 0 0 6 0 0 0 0 0 0 2
P7055 2070 6 20 17 28 22 69 0 0 0 0 0 0 0 0 0 0 0 0 0 0 0 0 0 0 0 0 0 0 0 0 0 -999
P7055 2070 7 0 0 0 0 0 0 0 0 0 0 0 0 0 0 0 0 0 0 0 0 0 0 0 0 0 0 0 0 0 0 0
P7055 2070 8 0 0 0 0 0 0 0 0 0 0 0 0 0 0 0 0 0 0 0 0 0 0 0 0 0 0 0 0 0 0 0
P7055 2070 9 0 0 0 0 0 0 0 0 0 0 0 0 0 0 0 0 0 0 0 0 0 0 0 0 0 0 0 77 47 36 -999
P7055 2070 10 39 0 0 0 0 0 31 249 166 56 68 35 72 21 11 0 21 9 53 40 39 38 35 1 0 0 0 0 8 5 25
P7055 2070 11 0 196 26 27 4 5 12 16 25 6 24 77 53 15 1 7 36 2 6 12 10 34 21 8 0 0 0 0 0 0 -999
P7055 2070 12 0 0 8 0 0 0 0 0 0 2 1 1 1 0 0 0 0 0 1 1 0 31 13 5 5 1 7 19 77 4 4
P7055 2071 1 0 4 9 16 3 1 0 2 25 9 4 17 43 42 84 43 41 41 43 19 11 15 42 28 14 2 3 2 2 12 32
P7055 2071 2 20 5 0 1 6 34 11 4 2 0 0 1 1 0 0 0 0 0 2 20 10 16 2 1 14 13 27 1 -999 -999 -999
P7055 2071 3 0 0 0 0 2 0 6 6 8 15 3 0 0 0 4 0 0 0 8 0 0 0 0 0 7 8 0 0 3 0 0
P7055 2071 4 0 0 0 0 1 0 0 0 0 0 0 0 0 0 0 0 0 0 0 3 19 2 2 9 0 0 0 0 0 0 -999
P7055 2071 5 0 0 0 0 0 0 0 0 0 0 0 0 0 5 57 2 10 0 0 0 0 0 0 0 0 0 0 3 0 0 0
P7055 2071 6 0 0 5 4 0 0 150 30 8 0 0 0 0 0 0 0 0 0 0 0 0 0 0 0 0 0 0 0 0 0 -999
P7055 2071 7 0 0 0 0 0 0 0 0 0 0 0 0 0 0 0 0 0 0 0 0 0 0 0 0 0 0 0 0 0 0 0
P7055 2071 8 0 0 0 0 0 0 0 0 0 0 0 0 0 0 0 0 0 0 0 0 0 0 0 0 0 0 0 0 0 0 0
P7055 2071 9 0 0 0 0 0 0 0 0 0 0 0 0 0 0 0 0 0 0 0 0 0 0 0 0 0 0 0 0 0 0 -999
P7055 2071 10 0 0 0 0 0 0 0 0 5 3 3 0 0 0 0 0 0 0 0 0 0 0 0 0 12 0 0 0 0 0 0
P7055 2071 11 9 14 1 0 0 5 17 31 33 13 4 8 0 0 0 6 0 0 0 0 0 0 0 0 0 6 12 0 0 0 -999
P7055 2071 12 0 0 1 2 4 26 6 0 0 0 0 0 0 0 0 0 0 0 0 0 0 0 0 0 0 0 0 0 0 0 0
P7055 2072 1 0 0 0 0 0 6 1 1 3 29 3 3 0 3 13 5 0 0 0 0 1 28 39 2 0 0 2 19 46 6 24
P7055 2072 2 2 0 1 9 29 19 8 17 7 42 31 39 49 55 35 45 42 41 50 43 63 104 84 20 1 8 6 3 -999 -999 -999
P7055 2072 3 0 0 0 9 12 23 57 22 1 0 0 5 0 0 0 0 0 3 18 12 0 0 51 17 2 0 0 0 47 0 0
P7055 2072 4 0 0 0 0 0 19 45 63 53 13 33 11 0 5 29 54 28 18 0 0 8 4 75 52 10 0 0 0 7 10 -999
P7055 2072 5 8 0 0 51 0 0 0 60 47 30 0 0 0 0 0 0 0 0 0 0 0 0 0 0 0 0 0 0 0 0 0
P7055 2072 6 7 9 20 12 0 0 0 0 0 0 0 0 0 0 0 0 0 0 0 0 0 0 0 0 0 0 0 0 0 0 -999
P7055 2072 7 0 0 0 0 0 0 0 0 0 0 0 0 0 0 0 0 0 0 0 0 0 0 0 0 0 0 0 0 0 0 0
P7055 2072 8 0 0 0 0 0 0 0 0 0 0 0 0 0 0 0 0 0 0 0 0 0 0 0 0 0 0 0 0 0 0 0
P7055 2072 9 0 0 0 0 0 0 0 0 0 0 0 0 0 0 0 0 0 0 0 0 0 0 0 0 0 0 0 0 0 0 -999
P7055 2072 10 26 21 0 8 0 0 17 0 0 0 0 0 0 0 0 0 7 7 5 5 5 11 9 13 9 33 11 0 7 9 21
P7055 2072 11 0 11 0 18 14 32 30 39 47 44 50 13 1 0 0 0 0 0 0 0 0 3 11 68 6 18 56 2 1 2 -999
P7055 2072 12 0 0 0 0 3 13 25 16 0 3 4 0 0 0 0 0 0 0 0 0 0 0 0 0 0 0 0 0 0 0 0
P7055 2073 1 0 0 0 0 1 18 0 0 0 0 0 0 0 0 0 0 0 0 0 0 0 0 0 0 0 0 0 0 0 0 0
P7055 2073 2 0 0 3 23 3 1 8 4 22 55 45 16 18 35 42 2 10 2 3 0 0 0 7 0 0 0 0 0 -999 -999 -999
P7055 2073 3 0 0 0 0 0 0 0 3 3 2 1 0 0 0 7 7 3 4 29 15 8 5 0 0 0 0 0 5 2 0 0
P7055 2073 4 0 0 0 0 0 0 0 0 0 0 0 0 0 3 10 24 13 0 0 0 0 0 0 5 20 0 0 0 0 0 -999
P7055 2073 5 6 0 0 0 0 0 0 5 0 0 0 0 0 3 10 35 4 3 31 28 1 0 7 25 2 0 1 1 0 0 0
P7055 2073 6 0 0 0 0 0 0 0 0 0 0 0 0 0 0 0 0 0 0 0 0 0 0 0 0 0 0 0 0 0 0 -999
P7055 2073 7 0 0 0 0 0 0 0 0 0 0 0 0 0 0 0 0 0 0 0 0 0 0 0 0 0 0 0 0 0 0 0
P7055 2073 8 0 0 0 0 0 0 0 0 0 0 0 0 0 0 0 0 0 0 0 0 0 0 0 0 0 0 0 0 0 0 0
P7055 2073 9 0 0 0 4 0 11 0 0 0 0 0 12 0 0 0 0 0 0 0 0 50 0 9 0 0 0 0 50 0 0 -999
P7055 2073 10 0 0 0 0 0 0 4 187 2 20 43 0 0 0 0 0 0 0 47 2 0 0 0 0 0 0 19 24 0 4 0
P7055 2073 11 10 4 0 0 0 0 88 40 29 71 21 1 1 0 0 0 0 0 0 0 0 15 0 4 5 11 17 7 6 15 -999
P7055 2073 12 21 47 18 27 8 14 1 3 0 0 0 0 0 0 0 0 2 2 2 11 16 23 0 0 24 4 2 0 0 0 0
P7055 2074 1 0 0 0 0 0 0 0 0 0 1 0 0 0 0 0 0 0 8 14 23 4 0 0 0 0 2 2 3 3 1 0
P7055 2074 2 0 0 0 0 0 0 3 4 13 2 0 0 0 0 0 0 0 0 0 0 1 6 4 0 3 3 0 0 -999 -999 -999
P7055 2074 3 3 46 6 0 0 3 3 0 0 0 0 4 0 0 7 0 0 0 5 3 4 0 0 0 0 0 0 0 0 0 0
P7055 2074 4 0 0 0 0 0 0 0 0 0 0 0 0 0 0 0 0 0 0 0 0 0 0 0 0 0 40 10 1 0 0 -999
P7055 2074 5 0 0 1 10 64 274 108 56 55 62 82 90 13 0 0 0 0 0 5 24 26 8 7 0 0 0 0 0 0 0 0
P7055 2074 6 0 0 0 0 0 0 0 0 0 0 0 0 0 0 0 0 0 0 22 0 0 0 0 0 0 0 0 0 0 0 -999
P7055 2074 7 0 1 0 0 0 0 0 0 0 0 0 0 0 0 0 0 0 0 0 0 0 0 0 0 0 0 0 0 0 0 0
P7055 2074 8 0 0 0 0 0 0 0 0 0 0 0 0 0 0 0 0 0 0 0 0 0 0 0 0 0 0 0 0 0 0 0
P7055 2074 9 0 0 0 0 0 0 0 0 0 0 0 0 0 0 0 0 0 0 0 0 0 0 7 11 2 5 0 6 0 0 -999
P7055 2074 10 0 0 8 0 0 0 0 13 9 4 1 0 0 0 0 0 0 0 9 0 0 0 0 0 0 0 0 8 24 1 0
P7055 2074 11 0 0 7 0 0 0 0 8 11 33 0 12 0 0 0 0 14 5 2 0 0 0 26 31 76 25 9 7 5 0 -999
P7055 2074 12 0 0 28 38 0 10 0 9 3 0 3 7 18 48 46 65 53 16 33 3 31 17 2 1 0 0 29 62 61 46 50
P7055 2075 1 51 90 93 16 16 19 4 1 2 0 1 7 20 1 1 3 0 0 0 0 0 0 0 0 0 0 4 2 2 9 5
P7055 2075 2 34 2 0 0 9 20 35 4 6 0 20 18 7 9 0 3 4 0 5 12 86 17 1 3 0 0 0 0 -999 -999 -999
P7055 2075 3 0 0 0 4 50 76 7 0 0 74 32 19 49 17 1 1 2 10 35 29 9 46 30 30 12 7 12 8 9 39 24
P7055 2075 4 7 1 20 0 0 4 0 0 0 0 0 0 0 0 0 0 0 4 4 2 3 4 4 0 0 0 0 0 0 5 -999
P7055 2075 5 31 74 162 41 32 79 57 28 1 0 0 31 34 44 3 5 27 47 51 27 17 5 2 0 0 0 0 0 0 0 0
P7055 2075 6 0 0 0 0 0 0 0 0 0 0 0 0 0 0 0 0 0 0 0 0 0 0 0 0 0 0 0 0 0 0 -999
P7055 2075 7 0 0 0 0 0 0 0 0 0 0 0 0 0 0 0 0 0 0 0 0 0 0 0 0 0 0 0 0 0 0 0
P7055 2075 8 0 0 0 0 0 0 0 0 0 0 0 0 0 0 0 0 0 0 0 0 0 0 0 0 0 0 0 0 0 0 0
P7055 2075 9 0 0 0 0 0 0 0 0 0 0 0 0 0 0 16 0 0 0 0 0 0 0 0 0 0 0 11 44 32 34 -999
P7055 2075 10 0 0 34 9 1 0 0 5 1 0 0 0 0 0 0 4 0 0 28 43 2 0 0 0 0 0 9 21 7 0 0
P7055 2075 11 11 4 4 66 16 1 34 40 90 11 5 18 43 28 1 17 30 21 4 6 8 0 0 7 0 6 37 3 5 3 -999
P7055 2075 12 0 0 0 7 10 14 23 11 43 1 2 21 24 3 0 0 0 0 0 0 0 2 2 0 0 5 1 0 1 0 0
P7055 2076 1 0 0 0 0 0 0 0 0 0 2 3 2 2 5 1 1 0 0 0 0 0 0 0 0 0 0 3 14 0 1 0
P7055 2076 2 0 5 1 0 0 3 0 6 33 0 0 0 0 0 0 0 0 0 4 2 5 0 0 0 0 0 0 0 -999 -999 -999
P7055 2076 3 0 0 0 0 3 6 2 0 11 71 11 0 0 3 9 17 28 54 1 0 0 0 0 0 0 0 0 3 0 0 0
P7055 2076 4 0 0 0 12 0 0 0 0 0 0 0 21 0 0 8 0 0 0 3 0 44 79 31 24 7 0 21 9 4 3 -999
P7055 2076 5 10 59 26 1 0 0 0 0 0 0 0 0 0 4 0 0 0 9 16 13 11 10 13 0 0 14 189 64 12 10 2
P7055 2076 6 21 20 0 0 0 0 5 1 0 0 0 0 0 0 0 0 0 0 0 0 0 0 0 0 0 0 0 0 0 0 -999
P7055 2076 7 0 0 0 0 0 0 0 0 0 0 0 0 0 0 0 0 0 0 0 0 0 0 0 0 0 0 0 0 0 0 0
P7055 2076 8 0 0 0 0 0 0 0 0 0 0 0 0 0 0 0 0 0 0 0 0 0 0 0 0 0 0 0 0 0 0 0
P7055 2076 9 0 0 0 0 0 0 0 0 0 0 0 0 0 2 0 0 0 0 0 0 0 0 20 0 0 0 12 88 25 3 -999
P7055 2076 10 0 0 10 0 0 0 0 0 0 0 24 30 99 43 87 6 0 24 0 0 0 6 5 7 0 0 0 0 0 0 0
P7055 2076 11 0 0 0 2 0 0 0 4 13 41 14 21 4 1 2 0 0 186 2 1 0 0 0 15 15 2 0 0 0 0 -999
P7055 2076 12 0 0 0 0 0 0 0 3 15 0 0 0 0 0 4 1 1 0 0 0 0 0 0 0 0 0 2 0 2 4 0
P7055 2077 1 0 0 0 0 0 2 0 0 0 0 0 6 33 45 20 5 0 0 0 0 0 13 90 34 19 13 43 20 1 2 6
P7055 2077 2 6 0 0 3 23 39 2 0 0 0 0 5 19 5 6 4 9 0 0 0 0 0 0 0 0 0 0 0 -999 -999 -999
P7055 2077 3 0 3 7 2 0 7 5 6 8 8 18 3 20 16 11 177 0 161 32 14 0 0 0 0 0 3 2 6 3 0 0
P7055 2077 4 0 0 0 0 0 0 3 9 7 2 6 0 0 0 0 0 0 0 0 0 0 0 0 0 0 0 5 4 0 0 -999
P7055 2077 5 0 0 0 0 1 7 27 38 8 7 0 0 0 0 0 0 0 0 1 5 0 0 68 199 57 59 66 22 0 0 0
P7055 2077 6 0 0 0 0 0 0 0 0 0 0 37 12 14 20 0 0 0 0 0 0 0 0 0 0 0 0 0 0 0 0 -999
P7055 2077 7 0 0 0 0 0 0 0 0 0 0 0 0 0 0 0 0 0 0 0 0 0 0 0 0 0 0 0 0 0 0 0
P7055 2077 8 0 0 0 0 0 0 0 0 0 0 0 0 0 0 0 0 0 0 0 0 0 0 0 0 0 0 0 0 0 0 0
P7055 2077 9 0 0 0 0 0 0 0 0 0 0 0 0 0 0 0 0 0 0 0 0 0 0 0 0 0 0 0 6 0 0 -999
P7055 2077 10 0 0 0 0 0 0 0 0 0 0 0 0 0 3 6 0 0 11 3 3 5 33 25 1 0 0 0 35 2 0 0
P7055 2077 11 0 0 58 51 50 18 45 56 30 13 2 35 43 42 42 44 43 38 2 6 4 52 32 42 8 0 26 13 0 0 -999
P7055 2077 12 0 0 0 0 0 3 0 9 4 18 80 53 26 113 80 5 61 40 47 49 46 8 15 35 61 88 41 12 4 5 4
P7055 2078 1 0 29 7 14 5 46 3 28 3 16 2 0 0 0 0 0 0 0 0 0 0 12 18 3 0 0 0 0 0 0 0
P7055 2078 2 0 6 1 4 2 14 16 1 0 0 9 4 13 8 5 0 4 7 0 0 1 0 2 6 0 3 0 0 -999 -999 -999
P7055 2078 3 0 0 0 0 0 5 5 4 0 4 80 10 21 27 4 0 0 15 0 0 0 0 3 5 0 0 7 3 7 42 1
P7055 2078 4 10 38 1 67 39 30 10 1 13 0 0 0 5 9 4 3 18 95 87 10 0 0 0 0 0 0 0 0 71 18 -999
P7055 2078 5 9 4 2 15 5 7 9 1 0 3 6 14 131 122 12 49 56 38 0 0 0 0 0 0 0 0 0 0 0 0 0
P7055 2078 6 0 3 0 0 0 0 0 0 0 0 0 0 0 0 0 0 0 0 0 0 0 0 0 0 0 0 0 0 0 0 -999
P7055 2078 7 0 0 0 0 0 0 0 0 0 0 0 0 0 0 0 0 0 0 0 0 0 0 0 0 0 0 0 0 0 0 0
P7055 2078 8 0 0 0 0 0 0 0 0 0 0 0 0 0 0 0 0 0 0 0 0 0 0 0 0 0 0 0 0 0 0 0
P7055 2078 9 0 0 13 44 24 0 0 0 0 0 0 0 0 0 0 0 0 0 0 0 0 0 0 0 0 0 0 0 0 0 -999
P7055 2078 10 0 0 0 0 0 0 0 0 0 0 0 0 0 0 0 3 0 0 0 0 0 0 8 0 0 0 0 0 0 0 0
P7055 2078 11 0 0 55 54 6 0 0 0 0 0 0 0 0 0 0 0 0 0 0 2 0 0 3 3 0 0 3 101 1 13 -999
P7055 2078 12 0 1 0 0 0 0 0 10 0 0 0 0 0 0 1 6 5 0 0 0 0 0 0 0 13 11 13 34 18 30 52
P7055 2079 1 5 0 2 17 1 1 0 1 1 0 0 0 0 0 0 0 0 0 0 0 0 0 0 0 0 1 21 10 0 0 0
P7055 2079 2 0 3 0 3 25 13 2 21 31 2 0 2 3 4 2 0 0 2 41 60 83 14 52 50 50 75 94 49 -999 -999 -999
P7055 2079 3 17 88 2 7 7 0 0 4 4 4 5 33 0 0 0 0 0 0 0 8 94 33 17 10 5 2 0 0 2 4 7
P7055 2079 4 69 30 19 11 0 7 12 8 2 0 0 0 0 0 0 0 0 0 0 0 0 0 0 0 0 0 0 0 0 9 -999
P7055 2079 5 27 9 3 0 0 0 0 3 0 0 0 3 0 0 0 23 0 0 0 0 0 0 0 0 0 0 0 0 0 0 0
P7055 2079 6 0 0 0 0 0 0 0 0 0 32 0 0 0 0 0 0 0 0 0 0 0 0 0 0 0 0 0 0 0 0 -999
P7055 2079 7 0 0 0 0 0 0 0 0 0 0 0 0 0 0 0 0 0 0 0 0 0 0 0 0 0 0 0 0 0 0 0
P7055 2079 8 0 0 0 0 0 0 0 0 0 0 0 0 0 0 0 0 0 0 0 0 0 0 0 0 0 0 0 0 0 0 0
P7055 2079 9 0 0 0 0 13 0 0 0 0 14 58 0 0 0 0 0 11 0 0 0 0 0 0 0 0 0 0 0 0 37 -999
P7055 2079 10 0 0 0 0 0 0 0 7 0 0 0 0 0 0 0 0 0 9 36 50 31 22 8 11 14 6 5 0 0 0 0
P7055 2079 11 0 17 31 0 18 0 0 0 0 0 0 0 0 0 0 0 0 0 0 0 2 0 10 3 7 34 17 16 18 34 -999
P7055 2079 12 1 0 0 0 10 6 27 34 14 9 3 0 0 0 38 77 93 28 37 18 6 3 0 0 0 0 0 0 3 0 0
P7055 2080 1 0 0 0 0 2 0 2 0 0 0 0 2 1 1 0 0 0 1 2 3 3 4 46 8 6 5 0 2 5 6 0
P7055 2080 2 0 0 0 0 0 0 0 0 0 3 15 26 15 3 0 0 2 0 0 0 9 1 3 1 0 0 0 0 -999 -999 -999
P7055 2080 3 0 0 0 0 0 0 0 0 2 0 0 0 0 0 0 0 0 0 0 0 0 0 14 0 0 0 0 0 2 3 3
P7055 2080 4 28 9 18 3 30 38 28 97 68 3 1 1 0 2 1 18 22 9 27 4 1 0 0 0 29 0 0 0 0 0 -999
P7055 2080 5 28 163 6 0 0 0 0 0 0 0 0 0 0 0 0 0 1 6 0 0 0 0 0 0 0 0 0 0 0 6 7
P7055 2080 6 0 0 0 0 0 0 0 0 0 0 0 0 0 0 0 0 0 0 0 0 0 0 0 0 0 0 0 0 0 0 -999
P7055 2080 7 0 0 0 0 0 0 0 0 0 0 0 0 0 0 0 0 0 0 0 0 0 0 0 0 0 0 0 0 0 0 0
P7055 2080 8 0 0 0 0 0 0 0 0 0 0 0 0 0 0 0 0 0 0 0 0 0 0 12 28 25 4 0 0 0 0 0
P7055 2080 9 0 0 0 0 0 0 0 0 0 0 0 0 60 16 0 0 0 0 0 0 0 0 10 63 37 14 0 0 0 0 -999
P7055 2080 10 0 0 0 0 0 0 0 0 0 0 0 12 1 0 0 0 0 0 0 0 0 5 0 22 21 33 35 0 0 0 0
P7055 2080 11 0 0 0 5 11 2 1 0 1 15 4 1 0 0 0 8 20 0 0 0 5 0 0 0 0 6 5 15 2 0 -999
P7055 2080 12 0 0 0 0 0 0 0 7 10 60 34 7 2 19 6 0 0 0 0 0 0 3 15 40 179 37 35 4 1 2 0
P7055 2081 1 0 0 0 0 0 0 0 0 0 0 0 0 0 0 0 0 1 12 19 38 40 39 6 0 11 7 4 0 0 4 0
P7055 2081 2 1 11 26 13 4 3 1 0 0 0 0 0 0 0 0 0 1 8 1 21 7 31 9 7 6 3 6 1 -999 -999 -999
P7055 2081 3 0 0 0 0 0 0 0 0 0 1 8 33 67 84 40 3 65 11 49 34 35 41 42 5 26 39 40 51 18 21 40
P7055 2081 4 51 2 1 10 8 0 0 0 0 0 0 0 0 0 0 0 3 0 0 0 0 0 0 0 0 0 0 11 6 3 -999
P7055 2081 5 0 0 0 0 0 1 3 1 0 0 1 0 0 0 0 0 0 0 0 0 0 0 3 0 0 2 26 13 9 6 0
P7055 2081 6 0 0 0 0 0 0 15 73 88 45 51 6 0 0 0 0 0 0 0 0 0 0 0 0 0 0 0 0 0 0 -999
P7055 2081 7 0 0 0 0 0 0 0 0 0 0 0 0 0 0 0 0 0 0 0 0 0 0 0 0 0 0 0 0 0 0 0
P7055 2081 8 0 0 0 0 0 0 0 0 0 0 0 0 0 0 0 0 0 0 0 0 0 0 0 0 0 0 0 0 0 0 0
P7055 2081 9 0 0 0 0 0 0 0 0 0 0 0 0 0 0 0 0 0 0 0 0 0 0 0 0 0 0 0 0 0 0 -999
P7055 2081 10 0 0 13 0 0 0 0 0 8 17 91 77 26 9 42 34 62 140 101 61 32 5 0 0 0 0 0 0 0 0 9
P7055 2081 11 0 0 14 60 41 5 0 0 0 28 66 5 6 9 23 13 24 21 36 52 65 22 22 1 0 0 0 0 18 19 -999
P7055 2081 12 19 29 8 12 28 3 21 64 5 0 0 0 0 0 0 0 0 0 0 7 26 10 46 4 15 16 5 92 21 0 0
P7055 2082 1 0 0 0 0 0 0 4 2 2 1 0 0 0 1 25 42 2 4 0 2 0 0 0 0 0 4 29 8 25 13 1
P7055 2082 2 0 0 0 6 9 1 2 0 0 0 3 1 0 0 0 0 0 0 0 0 0 0 0 0 0 0 1 0 -999 -999 -999
P7055 2082 3 0 0 2 1 0 0 0 0 2 7 6 1 0 0 0 5 15 25 19 39 0 18 24 24 4 0 3 4 14 8 7
P7055 2082 4 9 7 91 54 7 25 41 63 53 42 56 25 41 2 0 17 7 0 8 358 55 51 0 0 23 9 5 11 21 0 -999
P7055 2082 5 0 3 0 0 0 0 0 0 0 0 0 0 0 0 0 0 0 3 2 0 0 0 0 0 0 0 0 0 0 0 0
P7055 2082 6 0 0 54 37 0 13 20 24 7 9 0 0 0 0 0 8 77 26 31 0 16 0 0 0 0 0 0 0 0 0 -999
P7055 2082 7 0 0 0 0 0 0 0 0 0 0 0 0 0 0 0 0 0 0 0 0 0 0 0 0 0 0 0 0 0 0 0
P7055 2082 8 0 0 0 0 0 0 0 0 0 0 0 0 0 0 0 0 0 0 0 0 0 0 0 0 0 0 0 0 0 0 0
P7055 2082 9 0 0 0 0 0 0 0 0 0 0 0 0 0 0 0 0 0 0 0 0 2 21 0 0 0 0 0 0 0 0 -999
P7055 2082 10 0 0 0 0 0 0 0 0 0 0 0 0 8 3 0 0 0 32 5 122 46 1 1 24 4 9 0 0 0 0 0
P7055 2082 11 0 0 0 0 0 12 4 0 0 12 7 14 5 9 9 34 14 2 3 16 12 27 12 4 3 1 4 14 73 7 -999
P7055 2082 12 1 11 11 1 0 0 0 0 0 0 0 0 0 0 0 0 0 0 0 0 0 0 0 0 0 0 0 0 0 4 0
P7055 2083 1 0 0 0 0 0 4 17 25 7 11 0 0 4 29 41 42 55 20 0 44 37 93 58 10 36 6 17 12 0 10 13
P7055 2083 2 6 15 30 2 7 0 0 6 21 22 70 13 54 6 11 9 45 33 17 20 13 26 7 13 0 3 32 23 -999 -999 -999
P7055 2083 3 40 2 0 0 0 0 0 2 0 0 6 0 0 0 3 0 0 0 0 1 0 0 0 0 0 2 0 0 16 4 3
P7055 2083 4 8 4 4 9 4 0 0 0 0 11 2 13 4 2 0 41 0 4 2 1 2 3 2 0 0 0 0 4 1 0 -999
P7055 2083 5 0 3 5 0 0 0 0 0 4 15 0 0 0 0 0 0 0 0 0 0 0 10 0 0 0 0 0 0 0 0 0
P7055 2083 6 0 0 0 3 0 0 0 0 0 0 0 0 0 0 0 0 0 0 0 0 0 0 0 1 0 0 0 0 0 0 -999
P7055 2083 7 0 0 0 0 0 0 0 0 0 0 0 0 0 0 0 0 0 0 0 0 0 0 0 0 0 0 0 0 0 0 0
P7055 2083 8 0 0 0 0 0 0 0 0 0 0 0 0 0 0 0 0 0 0 0 0 0 0 0 0 0 0 0 0 0 0 0
P7055 2083 9 0 0 0 0 0 0 0 0 0 0 0 0 0 0 0 0 0 0 0 0 0 0 0 0 0 0 0 0 0 55 -999
P7055 2083 10 64 49 0 0 0 0 0 0 0 0 0 0 0 0 0 0 0 0 0 0 0 0 0 0 0 0 0 0 0 0 0
P7055 2083 11 0 0 8 9 8 8 17 7 26 13 0 0 17 45 6 4 46 46 17 18 5 4 13 26 0 2 4 4 0 0 -999
P7055 2083 12 0 0 0 0 0 0 4 1 0 6 20 11 3 0 0 18 31 14 0 0 0 0 0 0 0 0 0 0 0 0 0
P7055 2084 1 0 42 26 1 0 0 4 3 0 0 0 0 3 0 0 0 4 23 32 6 5 14 40 1 0 0 0 0 0 0 0
P7055 2084 2 0 0 5 9 0 0 0 0 0 0 3 18 15 4 0 0 3 1 13 7 1 0 55 38 2 38 6 1 -999 -999 -999
P7055 2084 3 15 22 10 10 15 9 0 13 8 19 26 31 94 14 3 111 49 42 40 25 27 12 5 16 15 0 4 4 3 88 36
P7055 2084 4 39 18 84 41 91 13 6 11 14 10 34 10 0 9 14 3 0 0 5 0 0 0 0 0 0 0 0 0 0 0 -999
P7055 2084 5 0 2 3 90 0 0 0 2 0 0 0 0 0 0 0 0 0 0 0 0 0 0 0 0 5 0 0 0 0 0 1
P7055 2084 6 0 0 0 0 0 0 0 0 0 0 0 8 11 0 0 0 0 0 0 0 0 0 0 0 0 0 0 0 0 0 -999
P7055 2084 7 0 0 0 0 0 0 0 0 0 0 0 0 0 0 0 0 0 0 0 0 0 0 0 0 0 0 0 0 0 0 0
P7055 2084 8 0 0 0 0 0 0 0 0 0 0 0 0 0 0 0 0 0 0 0 0 0 0 0 0 0 0 0 0 0 0 0
P7055 2084 9 0 0 0 0 0 0 0 0 0 0 0 0 0 0 0 0 0 0 0 0 0 0 0 0 5 5 0 0 0 0 -999
P7055 2084 10 0 11 0 0 0 0 0 0 0 0 0 0 0 0 0 8 16 0 0 0 0 0 0 1 1 0 0 0 0 0 0
P7055 2084 11 0 0 0 0 37 34 11 6 39 40 43 49 33 35 0 0 0 0 0 0 0 0 0 0 0 0 0 0 0 3 -999
P7055 2084 12 1 0 0 15 4 0 0 0 0 0 0 0 0 0 0 0 0 0 0 0 0 0 3 2 0 29 1 2 2 0 0
P7055 2085 1 0 0 0 0 0 0 0 0 0 0 0 0 0 0 4 0 0 0 0 0 0 0 0 0 2 0 0 0 0 1 0
P7055 2085 2 0 0 0 5 0 0 0 0 0 0 0 0 0 0 0 18 23 0 0 0 0 0 0 0 0 2 1 0 -999 -999 -999
P7055 2085 3 0 0 0 0 14 0 0 0 0 0 4 18 39 0 0 0 0 15 12 11 27 35 40 5 2 0 5 3 8 38 25
P7055 2085 4 42 43 61 3 25 0 0 0 0 0 0 0 0 0 30 7 0 0 0 2 0 0 0 0 0 3 10 23 6 27 -999
P7055 2085 5 5 6 0 26 11 0 4 0 0 15 14 28 26 15 3 0 1 2 5 9 4 0 0 0 3 0 0 0 0 0 0
P7055 2085 6 0 0 0 0 0 0 0 0 7 0 0 0 0 0 0 0 0 0 0 0 0 0 0 0 0 0 8 0 0 0 -999
P7055 2085 7 0 0 0 0 0 0 0 0 0 0 0 0 0 0 0 0 0 0 0 0 0 0 0 0 0 0 0 0 0 0 0
P7055 2085 8 0 0 0 0 0 0 0 0 0 0 0 0 0 0 0 0 0 0 0 0 0 0 0 0 0 0 0 0 0 0 0
P7055 2085 9 0 0 0 0 0 0 0 0 0 0 0 0 0 0 0 0 0 0 0 0 7 4 0 0 0 0 0 0 0 0 -999
P7055 2085 10 0 0 0 0 9 0 0 0 38 0 0 0 0 0 0 39 0 0 0 0 0 0 0 0 0 0 0 0 0 0 0
P7055 2085 11 0 9 37 40 7 7 4 5 0 0 0 0 0 0 0 0 0 7 51 38 55 55 34 47 41 8 77 4 10 0 -999
P7055 2085 12 23 75 9 1 28 15 0 0 0 10 9 9 9 6 7 0 0 0 0 0 2 4 36 60 60 6 5 18 14 10 67
P7055 2086 1 21 79 82 43 11 0 0 0 0 0 0 0 0 0 0 2 0 0 0 0 0 0 0 0 0 0 0 0 0 0 0
P7055 2086 2 0 0 0 0 0 0 0 0 0 0 0 0 5 3 3 5 2 5 5 0 17 3 1 0 0 1 2 3 -999 -999 -999
P7055 2086 3 0 0 0 0 0 0 0 0 0 0 1 0 0 0 0 0 0 0 0 5 0 5 4 0 0 0 0 0 4 3 27
P7055 2086 4 112 15 11 0 0 0 8 7 58 5 3 5 0 14 78 50 37 39 38 19 20 14 46 25 0 10 36 56 0 0 -999
P7055 2086 5 0 10 20 27 0 0 0 0 0 0 0 0 5 0 0 0 0 1 1 1 2 8 0 0 3 0 0 0 3 2 0
P7055 2086 6 0 0 0 0 0 0 0 0 0 0 0 0 0 0 0 0 0 0 0 0 0 0 0 0 0 0 0 0 0 0 -999
P7055 2086 7 0 0 0 0 0 0 0 0 0 0 0 0 0 0 0 0 0 0 0 0 0 0 0 0 0 0 0 0 0 0 0
P7055 2086 8 0 0 0 0 0 0 0 0 0 0 0 0 0 0 0 0 0 0 0 0 0 0 0 0 0 0 0 0 0 0 0
P7055 2086 9 0 0 0 0 0 0 16 0 0 0 0 16 47 0 0 0 24 20 0 0 0 0 0 0 0 0 0 0 0 0 -999
P7055 2086 10 0 4 11 0 0 0 0 0 0 0 0 4 0 0 3 5 0 0 0 0 0 0 9 20 20 15 27 0 4 8 10
P7055 2086 11 0 21 0 0 0 0 0 0 0 5 0 6 30 3 43 23 35 37 19 74 17 14 6 0 0 0 7 21 42 1 -999
P7055 2086 12 2 9 8 11 65 12 0 0 0 0 0 0 0 0 0 0 0 0 5 11 1 0 0 0 0 0 0 2 2 3 5
P7055 2087 1 4 37 41 14 7 4 3 0 0 0 0 0 3 12 21 23 1 1 12 0 0 2 0 0 0 0 0 0 0 5 1
P7055 2087 2 0 0 0 5 0 0 0 0 0 0 0 0 0 0 0 0 0 0 0 1 0 0 0 0 0 0 0 0 -999 -999 -999
P7055 2087 3 0 0 0 5 0 3 3 0 0 0 0 0 0 7 68 4 2 20 26 27 0 4 0 0 5 3 36 12 2 0 0
P7055 2087 4 0 0 5 3 8 1 0 0 0 0 0 0 7 0 0 0 9 16 3 2 0 4 7 0 0 0 3 0 0 0 -999
P7055 2087 5 0 0 0 0 0 0 0 111 86 35 6 0 0 0 0 0 0 0 0 0 0 0 0 0 0 0 0 7 1 0 0
P7055 2087 6 0 0 0 0 3 0 0 0 0 0 0 0 0 0 0 0 0 0 0 0 0 0 0 0 0 0 0 0 0 0 -999
P7055 2087 7 0 0 0 0 0 0 0 0 0 0 0 0 0 0 0 0 0 0 0 0 0 0 0 0 0 0 0 0 0 0 0
P7055 2087 8 0 0 0 0 0 0 0 0 0 0 0 0 0 0 0 0 0 0 0 0 0 0 0 0 0 0 0 0 0 0 0
P7055 2087 9 0 0 0 0 0 0 0 0 0 15 50 0 0 0 0 0 0 0 4 3 22 21 0 0 0 0 0 0 0 0 -999
P7055 2087 10 0 0 0 14 0 0 0 0 0 10 0 0 0 0 0 0 0 0 0 12 9 58 65 0 4 4 0 0 0 0 0
P7055 2087 11 0 0 0 7 5 0 0 12 5 0 0 14 1 5 22 7 0 6 0 0 0 0 0 0 0 0 0 0 10 29 -999
P7055 2087 12 26 41 5 35 0 0 10 9 0 0 4 31 34 17 30 32 50 131 135 3 31 13 0 0 0 0 0 0 0 0 0
P7055 2088 1 0 0 0 0 0 0 11 22 57 56 60 89 113 95 9 70 32 16 1 1 0 2 7 26 24 66 74 37 20 32 5
P7055 2088 2 19 4 2 8 4 1 0 0 0 0 0 0 0 0 0 4 14 43 30 3 0 0 2 0 0 0 0 0 -999 -999 -999
P7055 2088 3 0 0 0 0 14 2 14 2 1 0 0 0 6 4 20 42 23 9 19 11 0 0 0 0 17 3 8 0 0 0 0
P7055 2088 4 8 3 0 0 0 0 0 0 0 2 2 7 8 1 0 4 0 0 0 0 0 0 0 0 0 0 0 0 0 0 -999
P7055 2088 5 0 0 0 0 3 57 6 0 0 0 9 93 48 8 8 11 0 0 0 0 0 0 0 0 0 0 0 0 0 0 0
P7055 2088 6 0 0 0 0 0 0 0 0 0 0 0 0 0 0 0 0 0 0 0 0 0 0 0 0 0 0 0 0 0 0 -999
P7055 2088 7 0 0 0 0 0 0 0 0 0 0 0 0 0 0 0 0 0 0 0 0 0 0 0 0 0 0 0 0 0 0 0
P7055 2088 8 0 0 0 0 0 0 0 0 0 0 0 0 0 0 0 0 0 0 0 0 0 0 0 0 0 0 0 0 0 0 0
P7055 2088 9 0 0 0 0 0 0 0 0 0 0 0 9 0 0 0 2 0 0 0 0 0 0 0 0 0 0 0 0 0 0 -999
P7055 2088 10 0 0 0 0 0 0 0 0 0 0 13 0 18 2 0 0 0 0 0 0 0 0 0 0 0 0 0 0 0 0 0
P7055 2088 11 0 2 56 41 40 55 31 33 48 31 2 0 4 0 0 0 0 0 0 0 0 0 10 15 3 10 27 5 0 3 -999
P7055 2088 12 41 14 19 23 40 38 8 0 0 0 0 0 0 0 0 0 0 0 0 0 0 0 0 0 0 6 7 0 0 3 0
P7055 2089 1 0 0 0 0 4 3 12 0 0 0 24 8 6 12 14 7 12 3 17 41 16 64 40 1 52 35 3 13 18 28 22
P7055 2089 2 77 7 0 12 56 6 6 15 14 25 25 66 19 20 22 60 32 29 33 27 5 0 0 0 0 8 17 9 -999 -999 -999
P7055 2089 3 0 0 0 0 0 0 0 0 0 0 0 0 0 0 0 0 12 3 1 0 0 0 0 0 0 0 0 6 6 0 0
P7055 2089 4 0 0 0 0 0 0 9 28 37 18 2 0 0 0 17 45 13 2 2 48 14 0 0 0 0 0 0 31 0 0 -999
P7055 2089 5 14 11 0 0 0 0 0 2 20 0 0 0 0 0 0 0 0 0 0 0 0 0 0 0 0 0 0 0 0 3 0
P7055 2089 6 0 6 0 0 0 0 0 0 0 0 0 0 0 0 0 0 0 0 0 0 0 0 0 0 0 0 0 0 0 0 -999
P7055 2089 7 0 0 6 0 0 0 0 0 0 0 0 0 0 0 0 0 0 0 0 0 0 0 0 0 0 0 0 0 0 0 0
P7055 2089 8 0 0 0 0 0 0 0 0 0 0 0 0 0 0 0 0 0 0 0 0 0 0 0 0 0 0 0 0 0 0 0
P7055 2089 9 0 0 0 0 0 0 0 0 0 0 0 0 0 0 0 0 0 0 0 0 0 0 0 0 0 0 0 0 0 0 -999
P7055 2089 10 0 0 0 0 0 0 0 0 0 0 0 71 26 0 34 5 0 0 0 0 0 0 0 0 6 1 0 0 0 0 0
P7055 2089 11 0 0 0 0 0 9 4 0 0 0 3 0 2 8 10 34 34 77 58 22 51 39 40 21 0 0 2 0 26 16 -999
P7055 2089 12 32 26 5 5 0 0 0 8 0 0 0 0 0 0 0 0 0 5 12 22 29 30 7 5 0 0 0 0 0 28 20
P7055 2090 1 0 0 0 0 0 2 0 0 0 2 2 2 0 0 0 0 0 0 0 8 33 49 53 12 2 2 0 0 0 0 2
P7055 2090 2 0 34 47 0 0 0 0 4 13 11 36 57 37 28 46 66 100 51 12 19 28 7 1 2 8 31 40 41 -999 -999 -999
P7055 2090 3 8 0 0 0 6 3 23 34 8 4 14 63 90 1 2 1 0 0 0 0 0 0 1 2 14 4 0 0 0 0 0
P7055 2090 4 2 9 74 63 43 13 0 0 0 0 7 10 27 0 0 0 203 0 0 0 0 4 8 22 0 8 3 77 7 9 -999
P7055 2090 5 5 0 0 0 0 0 0 0 0 0 0 0 0 0 0 13 7 68 39 20 21 6 0 0 0 0 0 0 10 13 0
P7055 2090 6 0 0 7 23 149 35 13 7 24 17 20 0 0 0 0 0 0 0 0 0 0 3 0 19 12 13 0 11 0 0 -999
P7055 2090 7 0 0 0 0 0 0 0 0 0 0 0 0 0 0 0 0 0 0 0 0 0 0 0 0 0 0 0 0 0 0 0
P7055 2090 8 0 0 0 0 0 0 0 0 0 0 0 0 0 0 0 0 0 0 0 0 0 0 0 0 0 0 0 0 0 0 0
P7055 2090 9 0 0 0 0 0 0 0 0 0 0 0 0 0 0 0 0 0 0 0 0 0 0 0 0 0 0 0 10 20 0 -999
P7055 2090 10 0 0 0 0 0 19 0 32 7 6 8 5 0 0 0 0 0 18 0 0 0 0 0 0 0 0 0 0 0 0 8
P7055 2090 11 2 9 6 1 0 0 0 0 0 0 0 0 0 0 0 0 0 0 0 0 0 0 0 0 0 8 14 51 30 46 -999
P7055 2090 12 89 23 6 40 8 0 0 0 14 38 5 1 2 8 3 0 0 0 0 0 0 9 0 26 0 0 0 0 2 3 0
P7055 2091 1 0 0 0 0 0 0 0 0 0 0 0 0 0 0 0 0 0 0 10 2 3 16 16 20 8 33 23 46 8 3 2
P7055 2091 2 5 25 13 25 31 25 16 17 25 13 2 7 37 10 12 8 1 0 0 0 0 5 16 7 18 20 4 0 -999 -999 -999
P7055 2091 3 0 0 0 0 0 0 0 0 2 0 0 0 0 0 0 0 0 0 3 0 0 0 0 1 0 0 0 0 0 0 0
P7055 2091 4 0 0 0 0 0 0 0 0 0 0 0 0 0 0 0 0 0 0 0 15 0 0 0 13 103 30 0 8 11 0 -999
P7055 2091 5 0 0 17 0 53 59 47 3 0 0 11 4 14 28 4 10 13 2 7 0 0 0 0 0 0 0 0 0 0 0 0
P7055 2091 6 0 0 0 0 0 0 0 0 0 0 0 0 0 0 0 0 0 0 0 0 0 0 0 0 0 0 0 0 0 0 -999
P7055 2091 7 0 0 0 0 0 0 0 0 0 0 0 0 0 0 0 0 0 0 0 0 0 0 0 0 0 0 0 0 0 0 0
P7055 2091 8 0 0 0 0 0 0 0 0 0 0 0 0 0 0 0 0 0 0 0 0 0 0 0 0 0 0 0 0 0 0 0
P7055 2091 9 0 0 0 0 0 0 0 0 0 0 0 0 0 0 0 0 4 5 4 24 37 22 0 0 19 57 0 0 0 0 -999
P7055 2091 10 0 0 0 0 0 0 0 14 20 30 0 0 0 0 0 0 0 0 0 0 0 0 29 0 0 0 0 0 38 4 8
P7055 2091 11 35 71 68 32 30 28 44 42 28 32 39 38 67 20 0 0 11 18 3 10 18 1 0 0 0 0 0 4 0 0 -999
P7055 2091 12 0 0 0 0 0 0 0 0 0 0 0 7 43 37 24 37 1 3 6 11 11 4 0 0 0 3 0 0 0 0 0
P7055 2092 1 0 0 0 0 8 12 7 8 1 6 4 18 51 9 6 0 0 0 0 0 0 0 2 1 4 25 1 0 0 0 0
P7055 2092 2 0 0 0 3 11 19 2 4 0 0 0 0 0 0 0 0 0 0 8 2 15 14 7 4 0 0 0 0 -999 -999 -999
P7055 2092 3 2 0 0 0 0 0 0 0 0 0 0 0 0 0 3 22 17 40 25 26 6 2 0 0 0 0 0 0 0 0 0
P7055 2092 4 0 0 0 0 0 0 6 1 20 11 0 0 0 0 4 3 4 0 0 15 50 0 0 0 0 12 0 0 0 0 -999
P7055 2092 5 0 0 0 11 0 0 0 0 0 1 0 0 0 0 0 0 0 0 0 0 0 0 0 0 0 0 0 0 8 0 0
P7055 2092 6 0 39 0 0 0 0 0 13 0 0 0 0 0 0 0 0 0 0 0 0 0 0 0 0 0 0 0 0 0 0 -999
P7055 2092 7 0 0 0 0 0 0 0 0 0 0 0 0 0 0 0 0 0 0 0 0 0 0 0 0 0 0 0 0 0 0 0
P7055 2092 8 0 0 0 0 0 0 0 0 0 0 0 0 0 0 0 0 0 0 0 0 0 0 0 0 0 0 0 0 0 82 0
P7055 2092 9 0 0 0 0 0 0 0 0 0 0 0 0 0 0 0 0 0 0 0 0 0 25 11 0 0 0 0 0 0 33 -999
P7055 2092 10 162 0 0 0 0 0 0 0 0 0 0 0 0 0 0 0 0 0 6 0 0 0 0 0 0 0 0 0 0 0 0
P7055 2092 11 0 0 0 0 6 0 37 50 43 0 0 0 29 2 0 0 0 4 0 0 0 0 0 1 0 0 0 0 0 0 -999
P7055 2092 12 0 0 0 0 3 6 6 11 4 2 0 0 0 0 0 0 0 0 0 0 0 0 0 0 0 4 27 15 4 0 0
P7055 2093 1 0 0 0 2 7 17 15 23 25 28 28 42 66 0 3 15 0 0 0 0 0 0 0 1 0 0 0 0 1 1 8
P7055 2093 2 0 0 0 1 0 12 5 29 78 144 22 1 4 10 8 9 9 12 97 91 51 24 6 0 0 4 0 0 -999 -999 -999
P7055 2093 3 0 2 16 24 4 0 0 26 22 32 75 19 23 1 79 7 1 43 23 30 41 12 9 30 7 0 0 0 6 32 14
P7055 2093 4 3 0 0 0 0 1 0 3 2 4 3 5 5 0 0 0 0 0 3 0 0 0 77 4 0 0 0 0 3 2 -999
P7055 2093 5 3 0 2 10 4 9 4 4 11 19 18 0 0 0 0 0 0 0 0 0 0 0 0 0 0 0 0 0 0 0 0
P7055 2093 6 0 0 0 0 0 0 0 0 0 0 43 107 23 41 0 0 0 0 0 0 0 0 0 0 0 0 0 0 0 0 -999
P7055 2093 7 0 0 0 0 0 0 0 0 0 0 0 0 0 0 0 0 0 0 0 0 0 0 0 0 0 0 0 0 0 0 0
P7055 2093 8 0 0 0 0 0 0 0 0 0 0 0 0 0 0 0 0 0 0 0 0 0 0 0 0 0 0 188 14 0 0 0
P7055 2093 9 0 0 0 0 0 0 0 0 0 0 0 0 18 8 0 0 0 0 0 0 0 0 0 0 0 0 0 0 0 0 -999
P7055 2093 10 0 0 0 0 0 0 0 0 0 8 0 0 0 0 0 0 0 0 0 0 0 0 0 0 0 0 0 0 0 0 1
P7055 2093 11 1 6 41 37 21 7 4 6 20 10 4 21 29 0 0 0 0 6 9 3 0 0 0 38 12 29 10 0 0 0 -999
P7055 2093 12 0 0 16 25 0 3 6 4 6 4 3 7 0 0 0 0 0 0 0 0 0 0 0 0 0 0 0 5 32 27 2
P7055 2094 1 0 0 0 3 23 43 19 7 0 0 0 0 0 0 0 0 0 0 0 0 0 0 0 0 0 0 0 0 0 0 2
P7055 2094 2 0 0 0 0 3 1 6 0 0 0 0 0 0 0 4 0 0 0 0 6 3 0 0 31 4 9 29 34 -999 -999 -999
P7055 2094 3 12 24 13 7 27 60 38 44 52 39 27 5 13 1 0 0 11 0 0 0 0 0 0 0 0 0 0 0 0 0 0
P7055 2094 4 0 0 0 10 11 10 7 3 2 7 1 35 4 0 35 20 1 0 0 0 0 0 1 7 32 13 1 0 0 0 -999
P7055 2094 5 0 0 0 0 0 0 2 0 0 0 0 0 0 0 0 0 0 0 2 0 0 0 0 0 0 0 0 0 0 0 0
P7055 2094 6 0 0 0 0 0 0 13 45 10 1 0 0 0 0 0 0 0 0 0 0 0 0 0 0 0 0 0 0 0 0 -999
P7055 2094 7 0 0 0 0 0 0 0 0 0 0 0 0 0 0 0 0 0 0 0 0 0 0 19 0 0 0 0 0 0 0 0
P7055 2094 8 0 0 0 0 0 0 0 0 0 0 0 0 0 0 0 0 0 0 0 0 0 0 0 0 0 0 0 0 0 0 0
P7055 2094 9 0 0 0 0 0 0 0 0 0 0 0 0 0 0 0 0 0 0 0 0 36 70 79 0 0 0 0 0 17 9 -999
P7055 2094 10 38 61 38 37 21 4 0 0 0 0 0 0 0 0 0 0 0 0 0 3 7 0 0 0 0 0 12 9 2 0 0
P7055 2094 11 0 0 0 0 0 8 27 3 5 0 0 2 8 3 0 0 0 0 0 0 0 0 0 0 0 9 27 19 5 0 -999
P7055 2094 12 0 0 0 3 22 70 96 77 48 71 63 8 0 22 50 4 3 5 0 0 0 0 0 0 4 6 43 23 72 10 10
P7055 2095 1 51 2 39 13 10 58 2 1 10 14 9 16 4 7 19 3 63 55 52 93 112 73 30 23 131 112 38 44 3 12 26
P7055 2095 2 6 0 0 18 6 4 17 1 2 1 5 0 156 32 2 17 4 1 5 0 0 0 0 0 0 0 0 0 -999 -999 -999
P7055 2095 3 0 0 0 0 0 0 0 0 0 0 6 24 29 6 25 16 7 63 30 35 2 3 0 6 10 8 3 0 0 0 0
P7055 2095 4 5 2 1 1 0 12 40 101 5 25 7 4 0 0 0 0 13 0 0 0 0 0 4 0 0 0 0 0 0 0 -999
P7055 2095 5 0 0 0 0 0 0 0 0 0 0 42 13 0 0 0 0 0 0 0 0 0 0 0 0 0 0 0 0 0 0 0
P7055 2095 6 0 0 0 0 0 0 0 0 0 0 0 0 0 0 0 0 0 0 0 0 0 0 0 0 0 0 0 0 0 0 -999
P7055 2095 7 0 0 0 0 0 0 0 0 0 0 0 0 0 0 0 0 0 0 0 0 0 0 0 0 0 0 0 0 0 0 0
P7055 2095 8 0 0 0 0 0 0 0 0 0 0 0 0 0 0 0 0 0 0 0 0 0 0 0 0 0 0 0 0 0 0 0
P7055 2095 9 0 0 0 0 0 0 0 0 0 0 0 0 0 0 0 0 0 0 0 0 0 0 0 59 0 0 0 0 0 0 -999
P7055 2095 10 0 0 0 0 0 0 0 0 0 3 6 0 1 0 0 0 10 0 0 0 0 0 0 0 0 0 0 0 12 7 9
P7055 2095 11 2 15 15 10 4 0 0 31 50 57 112 82 26 12 0 0 0 0 3 1 0 0 0 0 2 2 11 13 5 7 -999
P7055 2095 12 3 0 0 0 0 3 1 0 3 0 0 0 0 0 0 0 0 2 0 0 0 0 0 0 0 0 0 0 0 0 0
P7055 2096 1 0 0 0 19 1 21 37 6 2 10 8 0 0 0 0 0 0 0 0 0 0 0 0 0 0 0 1 1 4 6 0
P7055 2096 2 0 0 0 1 0 0 0 0 0 5 3 2 0 0 0 5 1 1 1 1 1 2 4 42 8 6 2 2 -999 -999 -999
P7055 2096 3 0 11 42 65 8 5 5 6 15 0 0 1 2 2 2 0 0 0 0 0 0 0 0 0 0 3 1 0 3 4 7
P7055 2096 4 2 0 8 3 0 7 7 12 61 14 14 56 59 22 17 3 2 15 35 40 8 0 0 0 0 0 0 8 6 6 -999
P7055 2096 5 0 0 0 0 0 0 0 0 0 0 0 0 0 0 0 0 0 0 0 0 0 0 0 0 0 0 12 0 45 36 37
P7055 2096 6 39 3 7 7 0 0 0 0 0 0 0 0 0 0 0 0 0 0 0 0 0 0 0 0 0 0 0 0 0 0 -999
P7055 2096 7 0 0 0 0 0 0 0 0 0 0 0 0 0 0 0 0 0 0 0 0 0 0 0 0 0 0 0 0 0 0 0
P7055 2096 8 0 0 0 0 0 0 0 0 0 0 0 0 0 0 0 0 0 0 0 0 0 0 0 0 0 0 0 0 0 0 0
P7055 2096 9 0 0 0 0 0 0 0 11 0 0 5 0 0 0 0 0 0 0 0 0 0 0 0 0 0 0 0 0 0 0 -999
P7055 2096 10 0 0 0 0 0 0 0 0 3 11 189 42 0 0 0 0 9 34 35 34 50 8 0 0 0 0 0 4 13 55 42
P7055 2096 11 45 48 47 34 35 28 3 9 37 93 21 5 19 20 50 23 55 34 33 49 3 0 0 0 0 3 6 0 7 0 -999
P7055 2096 12 0 0 0 0 0 0 0 0 0 0 0 0 0 0 3 0 0 0 0 0 0 0 0 3 6 35 13 14 18 29 21
P7055 2097 1 17 5 7 11 0 0 5 16 19 29 8 6 3 5 7 31 25 4 24 12 2 0 0 5 0 3 0 5 5 2 0
P7055 2097 2 3 5 0 0 3 5 0 3 0 11 0 11 3 0 0 0 0 1 3 50 20 0 0 0 0 0 8 5 -999 -999 -999
P7055 2097 3 0 0 0 5 12 3 0 0 0 0 0 0 0 4 4 0 5 4 68 78 56 11 36 22 14 13 4 0 0 0 0
P7055 2097 4 10 0 0 0 0 0 0 0 0 1 0 0 0 0 0 0 0 5 3 4 30 35 23 3 56 43 35 3 3 0 -999
P7055 2097 5 0 0 0 0 4 158 48 0 0 0 0 0 0 0 0 0 0 0 4 12 0 0 0 0 0 3 2 3 0 0 7
P7055 2097 6 0 0 0 0 0 0 0 0 0 0 2 49 87 59 38 0 0 0 0 0 0 0 2 0 0 0 0 0 0 0 -999
P7055 2097 7 0 0 0 0 0 0 0 0 0 0 0 0 0 0 0 0 0 0 0 0 0 0 0 0 0 0 0 0 0 0 0
P7055 2097 8 0 0 0 0 0 0 0 0 0 0 0 0 0 0 0 0 0 0 0 0 0 0 0 0 0 0 0 0 0 0 0
P7055 2097 9 0 0 0 0 0 0 0 0 0 0 0 0 0 0 0 0 0 0 0 8 0 0 0 0 0 0 0 0 0 0 -999
P7055 2097 10 4 70 38 11 25 0 0 0 0 0 0 0 0 0 0 0 18 81 18 18 3 3 20 14 1 0 0 0 0 13 79
P7055 2097 11 13 8 0 16 4 0 0 0 3 14 19 4 54 12 21 10 0 0 0 7 10 17 4 0 0 0 0 0 0 0 -999
P7055 2097 12 0 0 24 51 36 10 8 0 0 0 0 0 0 0 195 40 14 2 1 1 4 25 4 2 0 0 4 10 0 0 0
P7055 2098 1 0 3 1 1 7 30 1 10 2 5 21 0 0 1 0 0 0 0 3 1 11 1 7 0 0 0 0 3 0 0 0
P7055 2098 2 4 13 62 34 26 24 35 17 11 29 10 6 8 6 6 8 8 0 2 16 16 0 0 2 15 32 14 1 -999 -999 -999
P7055 2098 3 0 11 0 0 0 0 2 0 0 0 0 0 0 0 0 0 0 0 10 27 13 1 0 0 0 0 0 0 0 0 0
P7055 2098 4 0 0 0 0 0 0 0 0 21 2 2 6 0 3 0 0 0 0 0 8 38 7 0 0 0 0 10 3 0 0 -999
P7055 2098 5 0 4 0 0 0 0 0 0 0 0 0 0 0 0 0 9 12 10 8 0 0 0 0 0 0 0 0 0 0 0 0
P7055 2098 6 0 0 0 0 0 0 0 0 0 0 0 0 0 44 97 25 0 0 0 0 10 12 15 28 0 0 0 0 0 0 -999
P7055 2098 7 0 0 0 0 0 0 0 0 0 0 0 0 0 0 0 0 0 0 0 0 0 0 0 0 0 0 0 0 0 0 0
P7055 2098 8 0 0 0 0 0 0 0 0 0 0 0 0 0 0 0 0 0 0 0 0 0 0 0 0 0 0 0 0 0 0 0
P7055 2098 9 0 0 0 0 0 0 0 0 0 0 0 0 0 0 0 0 3 33 25 11 0 0 0 0 8 2 10 0 0 0 -999
P7055 2098 10 0 0 0 19 24 4 0 0 0 0 0 0 0 0 9 0 0 28 0 51 245 76 36 0 0 1 0 18 2 43 14
P7055 2098 11 27 36 4 51 4 35 4 16 0 97 44 2 5 0 0 14 83 21 4 0 3 13 9 4 0 0 0 0 14 28 -999
P7055 2098 12 12 75 26 37 30 51 16 0 10 1 0 0 0 0 0 0 0 6 6 9 28 37 96 20 3 5 0 2 0 0 0
P7055 2099 1 0 0 0 0 0 0 0 0 0 0 0 0 0 0 1 0 2 0 0 0 0 0 0 0 0 0 0 0 0 0 0
P7055 2099 2 1 5 30 1 2 0 0 0 0 0 0 0 0 0 0 0 0 0 3 5 0 3 0 0 4 0 7 0 -999 -999 -999
P7055 2099 3 0 0 0 0 6 31 17 42 30 64 44 17 1 0 0 0 0 0 0 0 3 0 2 0 3 0 0 0 0 0 0
P7055 2099 4 0 3 2 0 2 0 0 0 0 3 0 0 12 15 1 7 0 0 3 0 0 0 0 0 46 3 0 0 0 0 -999
P7055 2099 5 0 0 0 14 20 0 0 0 0 0 0 0 0 6 0 0 0 0 39 214 0 0 0 0 0 0 0 0 0 0 0
P7055 2099 6 0 0 0 0 0 0 0 0 0 0 0 18 6 0 0 0 0 0 23 15 28 0 0 0 0 0 0 0 0 0 -999
P7055 2099 7 0 0 0 0 0 0 0 0 0 0 0 0 0 0 0 0 0 0 0 0 0 0 0 0 0 0 0 0 0 0 0
P7055 2099 8 0 0 0 0 0 0 0 0 0 0 0 0 0 0 0 0 0 0 0 0 0 0 0 0 0 0 0 0 0 4 0
P7055 2099 9 0 0 0 0 0 0 0 0 0 0 0 0 0 0 0 0 0 0 0 0 0 0 0 0 0 0 0 0 0 0 -999
P7055 2099 10 0 0 0 0 0 0 0 0 0 0 15 188 0 8 49 0 0 0 0 0 0 0 0 0 0 0 0 0 0 25 73
P7055 2099 11 37 24 16 0 9 9 12 0 5 12 17 36 50 9 11 27 12 21 38 21 33 10 0 0 0 0 0 0 0 3 -999
P7055 2099 12 5 0 0 0 4 10 0 0 16 0 0 0 6 7 0 0 0 0 4 3 5 19 8 0 0 0 6 16 8 9 46
P7055 2100 1 8 0 0 0 1 0 0 0 0 0 0 28 55 15 0 42 3 0 0 0 0 10 18 7 0 0 0 0 0 0 0
P7055 2100 2 0 0 0 1 0 1 0 0 0 0 2 0 0 2 0 0 0 0 6 3 2 0 0 0 0 0 0 0 -999 -999 -999
P7055 2100 3 0 0 0 0 0 20 11 30 0 32 0 0 12 6 0 0 0 0 5 0 0 0 0 0 0 0 0 55 1 0 38
P7055 2100 4 2 0 4 0 0 0 0 0 8 0 2 3 4 0 0 0 7 0 0 0 0 113 32 1 0 0 0 0 0 15 -999
P7055 2100 5 0 0 118 0 20 0 2 0 0 0 5 0 2 0 0 3 4 1 0 0 0 0 0 6 18 4 0 0 0 0 0
P7055 2100 6 0 3 0 0 2 0 0 0 0 0 0 0 0 0 0 0 0 0 0 0 0 0 5 0 0 0 45 0 8 0 -999
P7055 2100 7 6 0 0 0 0 0 0 0 0 0 0 0 0 0 0 0 0 0 0 0 1 1 0 0 0 0 0 0 0 0 0
P7055 2100 8 0 0 0 0 0 0 0 0 0 0 0 0 0 0 0 0 0 0 0 0 0 0 0 0 0 0 0 0 0 0 0
P7055 2100 9 0 0 0 0 0 15 11 0 0 0 0 0 0 0 0 0 0 0 0 2 0 0 0 0 0 0 0 0 0 0 -999
P7055 2100 10 10 0 0 3 0 41 0 0 3 2 2 10 0 0 0 9 9 0 37 0 13 0 3 81 29 2 0 51 31 5 20
P7055 2100 11 5 4 0 0 0 0 5 0 0 0 107 184 58 6 11 0 0 0 0 0 0 0 0 0 0 3 0 0 0 0 -999
P7055 2100 12 0 0 0 0 0 0 0 0 0 0 0 0 0 6 0 39 0 0 3 5 0 31 0 1 0 4 35 40 13 0 -999
