precip bcc-csm1-1 rcp60 RNEURONALES decimas 2
P13947 41.833 -3.987 897 geo 2006 2100 -1
P13947 2006 1 0 0 0 0 6 4 12 27 86 124 212 178 12 23 18 7 7 1 1 2 15 3 10 47 42 11 5 4 1 4 2
P13947 2006 2 10 2 6 24 32 57 13 12 31 145 28 181 169 28 57 124 24 10 3 0 45 31 40 180 81 6 0 0 -999 -999 -999
P13947 2006 3 0 0 22 19 6 30 40 1 14 142 33 40 102 114 35 10 80 9 0 0 0 0 0 0 0 0 6 13 48 37 16
P13947 2006 4 34 158 8 0 0 20 44 60 53 25 18 25 23 3 8 0 4 36 110 4 0 0 44 14 2 27 14 7 2 1 -999
P13947 2006 5 4 3 4 63 114 25 10 3 44 91 36 24 23 25 6 0 49 9 5 9 8 10 5 3 0 0 36 39 50 47 8
P13947 2006 6 42 12 58 120 131 110 64 7 0 0 0 0 0 0 0 0 0 0 0 0 0 0 0 0 0 0 0 0 0 0 -999
P13947 2006 7 0 0 0 0 0 52 0 0 0 0 0 2 0 0 0 0 0 0 0 0 0 0 0 0 0 0 0 0 0 0 0
P13947 2006 8 0 0 0 0 0 0 0 0 0 0 0 0 0 0 0 0 0 0 0 0 0 0 0 0 0 0 0 0 0 0 0
P13947 2006 9 0 0 0 0 0 0 0 1 1 0 1 2 0 0 0 0 11 12 6 0 0 0 0 0 0 0 0 0 0 5 -999
P13947 2006 10 29 9 12 11 17 0 0 0 0 0 0 0 0 0 0 0 0 0 0 0 0 0 0 0 0 0 0 0 0 0 0
P13947 2006 11 2 0 0 0 19 31 58 25 4 0 0 0 0 0 3 2 0 0 2 0 0 0 0 0 0 0 0 0 0 0 -999
P13947 2006 12 0 0 30 0 0 5 0 0 0 0 0 0 1 0 0 0 0 0 0 0 6 126 46 8 13 14 5 103 9 6 2
P13947 2007 1 0 0 0 0 0 0 0 0 0 9 1 4 3 0 0 0 16 24 13 5 61 15 41 55 41 142 124 24 29 18 17
P13947 2007 2 0 0 0 30 53 224 152 46 14 91 5 22 89 182 46 0 0 0 0 10 0 0 3 0 0 0 0 0 -999 -999 -999
P13947 2007 3 17 5 0 0 0 0 0 0 0 1 0 0 21 12 5 4 33 11 6 2 1 12 54 18 3 0 0 0 0 0 0
P13947 2007 4 0 26 3 36 71 115 84 3 0 0 0 0 40 29 41 56 16 30 46 14 26 103 99 83 92 74 8 2 66 17 -999
P13947 2007 5 34 5 14 77 26 17 8 38 4 9 46 60 31 21 47 21 28 1 1 2 0 1 2 0 0 0 0 0 1 6 14
P13947 2007 6 0 0 0 0 0 0 1 2 0 0 1 0 0 0 0 3 1 0 0 0 0 0 0 0 0 0 0 0 0 0 -999
P13947 2007 7 0 0 0 0 0 0 0 0 0 0 0 0 0 0 0 0 0 0 0 0 0 0 0 0 0 0 0 0 0 0 0
P13947 2007 8 0 0 0 0 0 0 0 0 0 0 0 0 0 0 0 0 0 0 0 0 0 0 0 55 0 0 12 2 1 0 0
P13947 2007 9 0 0 0 0 0 0 0 0 0 0 0 0 0 0 0 0 0 0 0 0 0 0 0 0 0 0 0 0 0 0 -999
P13947 2007 10 0 0 0 0 0 0 40 10 5 96 19 3 15 52 69 2 64 114 64 4 2 3 1 8 24 134 128 29 32 75 52
P13947 2007 11 0 0 0 0 0 0 0 11 5 71 12 0 4 5 18 0 3 24 3 151 13 24 166 89 48 25 21 39 124 3 -999
P13947 2007 12 9 4 3 1 0 0 0 17 61 45 20 6 3 3 0 30 106 74 57 140 67 21 93 80 16 14 14 23 27 12 0
P13947 2008 1 0 103 152 28 56 233 138 86 8 12 25 170 5 4 16 45 149 162 24 0 0 0 0 0 0 0 0 0 0 0 0
P13947 2008 2 0 0 0 0 0 0 0 0 0 0 0 0 0 0 0 0 0 0 8 27 20 0 18 47 14 1 2 0 -999 -999 -999
P13947 2008 3 0 0 0 0 3 3 12 1 1 0 5 2 70 173 114 22 37 62 6 12 48 2 79 27 60 186 26 3 10 52 58
P13947 2008 4 45 12 96 20 11 0 76 40 0 0 0 0 67 12 1 0 2 51 52 7 0 0 5 4 4 47 2 0 0 0 -999
P13947 2008 5 0 0 14 13 53 37 25 22 24 16 18 4 10 1 0 0 47 9 2 42 8 2 0 0 0 0 0 11 0 0 0
P13947 2008 6 0 0 0 20 6 5 0 0 0 0 0 0 4 0 3 1 0 0 0 0 8 0 0 0 0 16 8 0 0 0 -999
P13947 2008 7 6 17 3 58 77 29 47 3 1 4 3 3 0 1 1 1 4 2 1 0 0 0 0 0 0 0 0 0 0 0 0
P13947 2008 8 0 0 0 0 0 0 0 0 0 0 0 0 0 0 0 0 0 0 0 0 0 0 0 0 0 0 0 0 0 0 0
P13947 2008 9 0 0 0 0 1 0 0 0 0 0 0 0 0 0 0 0 0 0 0 0 0 0 0 0 0 0 3 6 0 3 -999
P13947 2008 10 1 4 7 6 3 4 0 0 0 0 0 10 35 81 81 54 90 2 2 11 14 40 119 14 5 5 1 9 22 7 3
P13947 2008 11 3 7 0 6 4 6 7 55 34 7 1 1 4 31 85 36 18 14 154 14 1 50 4 7 7 15 8 6 3 19 -999
P13947 2008 12 247 55 5 12 4 4 29 139 34 1 2 38 24 211 73 16 5 0 0 0 12 19 18 45 14 2 4 0 0 0 0
P13947 2009 1 0 0 2 2 39 16 10 14 8 8 14 8 27 21 7 9 5 41 29 0 0 28 60 30 12 3 14 5 18 37 34
P13947 2009 2 17 13 0 0 0 24 41 26 20 28 60 104 0 0 0 0 41 79 63 116 87 26 144 153 198 239 111 85 -999 -999 -999
P13947 2009 3 41 30 198 53 14 134 54 58 26 6 9 2 0 0 0 0 8 35 22 17 17 0 0 0 31 114 20 16 15 7 0
P13947 2009 4 0 0 0 2 3 3 18 5 5 0 63 8 39 46 5 10 0 0 0 47 1 4 0 11 6 0 22 0 0 0 -999
P13947 2009 5 0 0 0 0 0 0 0 0 0 0 0 0 0 0 0 0 0 0 0 0 0 0 0 0 0 0 0 0 0 0 0
P13947 2009 6 0 0 0 0 9 1 3 28 16 10 32 25 6 9 4 2 1 10 1 3 2 0 0 0 0 0 0 0 0 0 -999
P13947 2009 7 0 0 0 0 0 0 0 0 0 0 0 0 0 0 0 0 0 0 0 0 0 0 0 0 0 0 0 0 0 0 0
P13947 2009 8 0 0 0 0 0 0 0 0 0 0 0 0 0 0 0 0 0 0 0 0 0 0 0 0 0 0 0 0 0 0 0
P13947 2009 9 0 0 0 0 0 0 0 0 0 0 0 0 0 0 0 0 0 0 0 0 0 0 0 0 0 0 0 0 0 0 -999
P13947 2009 10 0 0 124 30 30 18 24 8 3 3 0 0 0 0 0 0 0 0 0 0 3 2 1 3 6 0 0 0 0 0 0
P13947 2009 11 0 0 0 0 0 0 0 16 53 68 85 29 6 0 2 0 1 0 1 1 1 9 4 2 0 0 0 0 1 1 -999
P13947 2009 12 1 2 4 7 13 5 21 5 0 27 89 7 17 6 22 79 65 5 3 0 0 0 4 12 22 189 63 139 49 24 87
P13947 2010 1 7 12 6 5 28 0 0 25 0 0 32 1 3 5 32 4 2 41 67 7 7 0 0 0 0 0 0 0 0 0 0
P13947 2010 2 0 0 0 0 0 0 0 0 0 7 12 0 6 0 0 0 2 0 0 0 10 6 0 0 0 3 2 5 -999 -999 -999
P13947 2010 3 2 0 0 0 8 13 24 6 5 5 3 0 0 0 0 0 0 0 0 11 117 24 13 3 12 4 7 3 1 0 0
P13947 2010 4 16 31 50 26 26 89 68 25 7 3 1 18 15 4 0 0 0 0 0 0 0 0 2 15 1 1 0 0 0 0 -999
P13947 2010 5 0 0 0 0 0 0 0 0 0 0 0 0 0 0 0 0 0 36 1 1 0 0 0 0 0 0 0 0 0 0 0
P13947 2010 6 0 0 0 0 0 0 0 0 0 0 5 6 1 22 71 22 8 0 0 0 0 0 0 5 2 0 0 0 0 0 -999
P13947 2010 7 0 0 0 0 0 0 0 0 0 0 0 0 0 0 0 0 0 0 0 0 0 0 0 0 0 0 0 0 0 0 0
P13947 2010 8 0 0 0 0 0 0 0 0 0 0 0 0 0 0 0 0 0 0 0 0 0 0 0 0 0 0 0 0 0 0 0
P13947 2010 9 0 0 0 0 0 0 0 0 0 0 0 0 0 0 0 0 0 0 0 0 0 0 0 0 0 0 0 0 0 0 -999
P13947 2010 10 0 0 0 0 0 0 0 0 0 0 0 0 0 0 4 0 1 0 0 0 0 0 0 0 0 26 48 0 0 0 0
P13947 2010 11 0 0 0 0 0 0 0 0 0 0 45 128 56 17 25 7 44 2 4 5 0 0 6 9 1 10 3 0 0 0 -999
P13947 2010 12 0 0 0 0 0 0 0 0 0 0 0 0 0 0 0 3 0 19 13 0 0 0 0 0 0 2 0 7 4 0 0
P13947 2011 1 0 0 0 0 19 4 0 0 0 0 0 14 0 0 0 0 0 0 0 0 0 0 0 0 0 4 1 3 2 23 4
P13947 2011 2 1 3 1 0 0 0 0 2 3 3 13 1 0 0 2 0 0 0 0 0 0 0 0 11 8 7 9 20 -999 -999 -999
P13947 2011 3 11 3 3 42 7 65 97 86 16 4 0 2 0 12 16 119 1 7 6 33 11 27 8 30 15 2 0 101 160 6 39
P13947 2011 4 33 9 39 27 43 38 0 0 0 60 77 23 9 3 0 0 0 0 0 0 0 0 10 9 23 78 2 0 0 0 -999
P13947 2011 5 0 0 0 0 0 0 0 0 0 0 1 0 0 0 0 0 0 0 0 0 0 0 0 0 22 3 7 0 0 0 0
P13947 2011 6 0 0 0 0 0 0 0 0 0 0 0 0 0 0 0 0 0 0 0 0 0 17 39 21 67 31 1 0 0 0 -999
P13947 2011 7 7 6 7 0 8 1 0 0 0 0 0 0 0 0 0 0 0 0 0 0 0 0 0 0 0 0 0 0 0 0 0
P13947 2011 8 0 0 0 0 0 0 0 0 0 0 0 0 0 0 0 0 0 0 0 0 0 0 0 0 0 0 0 0 0 0 0
P13947 2011 9 0 0 0 0 0 0 0 0 0 0 35 7 0 17 3 0 3 9 1 0 0 0 0 0 0 0 0 0 0 0 -999
P13947 2011 10 0 0 0 0 2 4 12 3 0 5 1 0 3 0 0 0 0 1 57 7 6 114 19 3 2 0 1 1 27 128 45
P13947 2011 11 32 176 133 17 10 68 3 17 5 0 0 130 25 5 8 0 0 0 0 0 30 48 125 15 0 52 116 86 149 85 -999
P13947 2011 12 171 22 3 0 0 0 2 3 2 2 10 0 8 8 171 26 36 51 20 2 5 11 16 6 38 161 138 37 36 56 20
P13947 2012 1 11 24 70 47 93 16 2 6 1 13 11 11 1 11 9 17 11 42 62 17 23 22 3 6 0 7 5 1 0 1 10
P13947 2012 2 9 6 1 10 0 0 0 0 0 4 14 20 0 0 0 18 169 8 69 4 5 29 14 137 29 0 15 4 -999 -999 -999
P13947 2012 3 5 1 0 0 0 0 0 0 0 0 0 0 5 1 17 2 3 0 11 7 0 0 1 2 2 8 28 2 4 1 6
P13947 2012 4 0 9 5 0 0 0 0 0 0 0 0 0 0 0 0 0 0 3 0 0 0 20 4 0 0 0 0 0 0 0 -999
P13947 2012 5 0 0 0 0 0 0 0 0 0 0 0 0 112 35 0 0 0 0 0 0 0 0 0 34 30 5 17 37 66 27 0
P13947 2012 6 1 0 0 0 26 5 1 0 0 0 0 0 0 0 0 0 0 0 0 0 0 0 0 0 0 0 0 0 0 0 -999
P13947 2012 7 0 0 0 0 0 0 0 0 0 0 0 0 0 0 0 0 0 0 0 0 0 0 0 0 0 0 0 0 0 0 0
P13947 2012 8 0 0 0 0 0 0 0 0 0 0 0 0 0 25 2 1 0 0 0 0 0 0 0 0 0 3 7 7 11 27 0
P13947 2012 9 0 0 0 0 0 0 0 0 0 0 0 0 0 0 0 0 0 0 0 0 0 0 0 0 0 0 0 0 0 0 -999
P13947 2012 10 0 0 0 0 0 0 0 0 0 0 0 0 0 0 0 0 0 0 0 0 0 0 80 7 2 18 1 10 8 259 59
P13947 2012 11 10 0 4 17 32 152 24 2 5 54 1 0 94 2 2 0 0 0 0 0 0 0 0 0 0 0 0 0 0 0 -999
P13947 2012 12 86 22 0 11 28 1 6 2 0 0 0 0 0 0 0 26 7 53 18 16 4 25 10 39 13 2 0 0 0 0 0
P13947 2013 1 0 0 0 0 0 4 4 0 0 0 0 2 17 9 2 1 2 1 5 21 65 96 25 152 18 8 0 0 1 24 9
P13947 2013 2 2 33 15 23 14 35 3 4 36 3 7 10 8 32 43 13 16 2 5 8 1 21 60 23 63 37 12 4 -999 -999 -999
P13947 2013 3 16 11 7 2 0 0 0 0 0 0 0 0 13 57 123 76 48 81 0 0 0 0 0 0 0 0 0 0 0 0 0
P13947 2013 4 0 0 0 0 12 13 3 1 12 5 0 0 0 0 0 0 0 0 0 0 32 15 1 1 1 0 0 0 0 0 -999
P13947 2013 5 0 0 0 0 0 0 0 0 0 0 20 16 10 0 0 0 0 0 94 60 25 25 12 8 11 1 1 0 0 0 1
P13947 2013 6 0 0 0 0 0 0 0 0 0 0 0 0 0 0 0 0 0 0 0 0 0 0 0 0 0 0 0 0 0 0 -999
P13947 2013 7 0 0 0 0 0 0 0 0 0 0 0 0 0 0 0 0 0 0 0 0 0 0 0 0 0 0 0 0 0 0 0
P13947 2013 8 0 0 0 0 0 0 0 0 0 0 0 0 0 0 0 0 0 0 0 0 0 0 0 0 0 0 0 0 0 0 0
P13947 2013 9 0 0 0 0 0 0 0 0 0 0 0 0 0 0 0 0 0 0 0 0 0 0 0 0 0 0 0 0 0 0 -999
P13947 2013 10 0 0 0 0 0 0 0 4 93 91 173 10 53 151 23 161 12 13 4 5 5 6 66 10 1 0 0 1 0 0 0
P13947 2013 11 0 0 10 0 0 0 0 0 0 0 0 6 26 13 40 4 11 0 0 0 0 0 0 13 39 46 56 31 0 0 -999
P13947 2013 12 0 0 24 18 16 5 8 1 0 0 2 6 0 0 0 26 72 22 1 1 8 0 16 0 0 0 3 29 43 22 87
P13947 2014 1 151 143 9 1 4 2 8 3 144 16 47 35 31 14 4 0 0 10 7 16 164 17 60 53 168 130 76 108 107 185 29
P13947 2014 2 14 3 5 13 9 1 1 2 11 16 0 0 0 0 0 0 0 0 0 0 0 0 0 0 0 0 0 0 -999 -999 -999
P13947 2014 3 0 0 0 0 0 0 0 0 0 2 5 1 0 4 31 2 0 0 0 2 8 5 7 9 38 6 0 0 0 1 8
P13947 2014 4 4 4 7 4 6 1 7 5 48 118 39 8 4 3 0 0 0 0 0 0 1 0 0 0 0 0 5 13 9 20 -999
P13947 2014 5 12 57 9 0 0 50 11 50 8 3 16 51 36 14 8 5 14 26 2 0 1 0 0 0 0 0 0 0 42 74 110
P13947 2014 6 50 21 2 12 18 0 0 0 0 0 0 0 0 0 0 0 0 0 0 0 0 0 0 0 0 0 0 0 0 0 -999
P13947 2014 7 0 0 0 0 0 0 0 0 0 0 0 0 0 0 0 0 0 0 0 0 0 0 0 0 0 0 0 0 0 0 0
P13947 2014 8 0 0 0 0 0 0 0 0 0 0 0 0 0 0 0 0 0 0 0 0 0 0 0 0 0 0 0 0 0 0 0
P13947 2014 9 0 0 0 0 0 0 0 0 0 0 0 0 0 0 0 0 0 0 0 0 0 0 0 0 0 0 0 0 0 0 -999
P13947 2014 10 0 0 0 0 0 0 0 0 0 0 0 0 0 0 0 0 0 0 0 0 0 4 4 0 0 22 11 0 0 0 3
P13947 2014 11 0 17 0 0 0 36 8 1 0 1 6 36 6 0 0 0 0 0 79 124 43 1 1 0 0 17 26 1 13 31 -999
P13947 2014 12 5 2 0 0 0 0 0 0 2 8 7 12 43 17 137 69 107 59 10 10 102 89 111 224 44 33 74 1 0 0 0
P13947 2015 1 0 0 0 0 0 0 0 0 0 0 0 0 0 0 2 3 1 5 4 13 1 4 8 47 138 7 6 14 16 56 9
P13947 2015 2 1 6 2 9 2 0 1 14 32 4 33 38 38 64 118 124 144 152 27 18 121 126 76 15 6 0 0 0 -999 -999 -999
P13947 2015 3 0 0 0 0 0 0 0 0 0 0 0 0 14 0 0 0 0 0 30 36 52 46 0 0 0 0 0 0 0 0 14
P13947 2015 4 5 1 1 0 0 0 0 6 5 41 38 16 16 42 34 19 8 5 83 181 93 127 8 36 63 4 0 0 0 0 -999
P13947 2015 5 0 4 8 5 7 0 0 0 0 0 0 0 0 0 0 0 0 0 0 0 0 0 0 0 0 0 0 0 0 0 0
P13947 2015 6 0 0 0 10 9 2 0 0 0 0 0 0 0 0 0 0 0 0 0 0 0 0 0 0 0 0 0 0 0 0 -999
P13947 2015 7 0 0 0 0 0 0 0 0 0 0 0 0 0 0 0 0 0 0 0 0 0 0 0 0 0 0 0 0 0 0 0
P13947 2015 8 0 0 0 0 0 0 0 0 0 0 0 0 0 0 0 0 0 0 0 0 0 0 0 0 0 0 0 0 0 0 0
P13947 2015 9 0 0 0 0 0 0 0 0 0 7 0 0 0 0 0 42 136 166 50 5 0 32 9 0 65 57 0 0 2 1 -999
P13947 2015 10 7 5 0 0 0 0 0 4 51 42 2 8 7 0 0 2 4 40 28 8 12 12 22 4 6 3 1 0 5 3 3
P13947 2015 11 2 0 0 0 5 0 0 0 0 0 0 2 1 68 5 1 1 0 0 0 0 0 0 0 2 0 0 0 7 0 -999
P13947 2015 12 0 0 0 0 0 0 0 0 0 0 8 31 26 56 19 8 6 0 21 57 36 79 27 8 104 4 67 102 72 93 30
P13947 2016 1 21 3 7 18 36 25 55 8 16 9 8 15 78 93 33 49 8 2 1 72 5 1 0 3 1 0 0 0 0 0 2
P13947 2016 2 2 4 2 0 14 24 3 2 1 1 5 21 33 3 1 0 0 0 0 0 0 8 0 12 1 0 0 0 -999 -999 -999
P13947 2016 3 1 3 3 0 2 0 0 5 8 1 0 0 0 0 0 0 5 65 2 0 0 0 0 0 1 0 0 1 0 42 4
P13947 2016 4 1 0 13 126 50 15 7 15 38 7 31 39 137 6 2 0 0 71 31 28 16 11 0 40 0 0 64 40 3 34 -999
P13947 2016 5 21 12 28 33 16 2 6 0 0 0 0 0 0 0 0 0 0 22 10 0 0 0 0 16 13 0 0 0 0 0 0
P13947 2016 6 0 0 0 0 2 0 0 0 0 0 0 0 0 0 0 0 0 0 0 0 0 0 0 0 0 0 0 10 0 0 -999
P13947 2016 7 0 0 0 0 0 0 0 0 0 0 0 0 0 0 0 0 0 0 0 0 0 0 0 0 0 0 0 0 0 0 0
P13947 2016 8 0 0 0 0 0 0 0 0 0 0 0 0 0 0 0 0 0 0 0 0 0 0 0 0 0 0 0 0 0 0 0
P13947 2016 9 0 0 0 0 0 0 0 0 0 0 0 0 0 0 0 0 0 0 0 0 0 0 0 0 0 0 0 26 0 0 -999
P13947 2016 10 0 0 0 0 0 0 0 0 0 0 0 0 0 0 1 27 12 12 11 28 58 9 27 76 119 51 29 263 1 3 7
P13947 2016 11 2 1 0 62 39 12 118 21 16 9 72 267 184 38 8 25 17 10 0 62 7 5 40 230 139 70 95 15 0 0 -999
P13947 2016 12 1 0 2 2 8 0 0 0 2 0 3 0 4 1 0 0 0 0 0 0 4 0 0 0 0 0 2 5 48 7 0
P13947 2017 1 0 0 56 10 1 10 58 26 52 10 9 2 1 2 3 0 1 0 0 0 4 0 0 6 26 5 0 88 1 0 0
P13947 2017 2 15 24 3 0 0 0 0 0 0 0 0 0 0 0 7 2 3 6 49 176 66 18 14 20 40 16 1 4 -999 -999 -999
P13947 2017 3 20 53 38 27 29 36 10 15 24 8 3 7 9 10 0 0 5 7 128 14 21 98 10 48 54 39 17 15 79 96 58
P13947 2017 4 44 16 6 2 2 2 10 11 10 23 131 85 16 3 169 32 8 13 0 4 18 15 3 1 4 28 18 4 17 2 -999
P13947 2017 5 2 81 20 29 35 35 148 8 4 52 0 3 0 48 8 0 4 0 0 0 19 65 98 51 18 5 7 0 0 0 0
P13947 2017 6 0 1 1 2 0 12 3 23 6 0 0 0 0 0 0 0 0 0 0 0 0 0 0 0 0 0 0 0 0 0 -999
P13947 2017 7 0 0 0 0 0 0 0 0 0 0 0 0 17 0 0 0 0 0 0 0 1 2 5 3 0 0 0 0 0 0 0
P13947 2017 8 0 0 0 0 0 0 0 0 0 0 0 0 0 0 0 0 0 0 0 0 0 0 0 0 0 0 0 0 0 0 0
P13947 2017 9 0 0 0 0 0 0 0 0 0 0 0 0 0 0 0 0 0 0 0 0 0 0 0 0 6 3 0 5 45 199 -999
P13947 2017 10 2 24 19 0 0 0 13 9 5 0 0 0 0 0 0 0 0 0 0 5 13 0 0 20 55 77 9 0 0 0 0
P13947 2017 11 12 1 0 0 10 1 13 16 10 23 61 5 7 0 0 0 15 16 8 4 9 26 5 37 211 17 3 0 0 5 -999
P13947 2017 12 0 4 0 1 1 2 0 3 2 2 11 45 89 23 21 27 46 23 12 52 127 66 28 18 10 13 68 55 137 94 118
P13947 2018 1 3 0 0 0 0 0 0 0 0 0 0 0 31 32 10 0 14 0 0 0 0 0 9 25 53 59 3 0 0 0 17
P13947 2018 2 5 14 37 38 68 47 14 61 0 0 0 36 61 23 2 0 0 0 0 0 0 0 0 0 0 0 0 0 -999 -999 -999
P13947 2018 3 0 0 0 0 0 0 0 0 0 0 0 104 37 11 0 0 0 0 0 19 35 67 114 52 18 122 24 45 26 22 21
P13947 2018 4 117 33 17 24 67 49 4 2 0 17 18 35 99 16 23 44 11 3 3 0 0 0 0 0 10 17 13 15 0 64 -999
P13947 2018 5 53 15 24 33 1 0 2 0 0 0 0 0 0 1 0 0 0 21 0 0 0 0 0 0 0 0 0 0 16 1 0
P13947 2018 6 0 1 1 0 0 0 14 6 0 0 0 0 0 0 0 0 0 0 0 0 0 0 0 0 0 0 0 0 0 0 -999
P13947 2018 7 0 0 0 0 0 0 0 0 0 0 0 0 0 0 0 0 0 0 0 0 0 0 0 0 0 0 0 0 0 0 0
P13947 2018 8 0 0 0 0 0 0 0 0 0 0 0 0 0 0 0 0 0 0 0 0 0 0 0 0 0 0 0 0 0 0 0
P13947 2018 9 0 0 0 0 0 0 0 0 0 0 0 0 0 0 0 0 0 0 0 0 0 0 61 1 0 0 0 0 0 0 -999
P13947 2018 10 0 0 0 0 0 0 0 0 0 0 0 0 0 0 0 0 0 0 0 0 27 0 0 0 0 0 0 3 0 15 37
P13947 2018 11 0 0 0 0 17 0 0 0 0 9 0 0 0 0 0 0 9 4 2 3 0 32 0 7 21 123 135 66 35 16 -999
P13947 2018 12 4 9 4 0 0 0 0 14 0 3 9 0 0 6 0 0 0 0 0 0 19 35 23 76 15 142 56 7 2 6 0
P13947 2019 1 0 0 4 8 6 80 58 142 21 8 46 1 61 18 41 15 0 0 0 0 0 0 0 6 0 2 0 0 0 0 0
P13947 2019 2 8 5 22 10 3 1 1 1 2 3 6 13 16 8 151 11 26 1 1 0 0 0 0 41 38 19 15 31 -999 -999 -999
P13947 2019 3 32 38 23 143 64 65 60 32 35 111 0 0 56 4 14 0 11 0 14 0 1 8 3 0 0 0 0 0 0 11 1
P13947 2019 4 0 0 0 0 0 0 0 7 2 0 0 28 2 0 0 0 0 0 0 0 0 3 14 12 4 9 49 81 10 26 -999
P13947 2019 5 13 17 26 2 5 2 0 0 0 31 1 11 62 22 1 5 0 0 0 0 0 0 0 9 0 0 0 2 1 0 0
P13947 2019 6 0 0 0 0 0 0 0 0 0 0 0 0 0 0 0 0 0 0 0 0 0 0 0 0 0 0 7 0 0 0 -999
P13947 2019 7 0 37 79 8 0 0 0 0 0 0 0 0 0 0 0 0 0 0 0 0 0 0 0 0 0 0 0 0 0 0 0
P13947 2019 8 0 0 0 0 0 0 0 0 0 0 0 0 0 0 0 0 0 0 0 0 0 0 0 0 0 0 0 0 0 0 0
P13947 2019 9 0 0 0 0 0 0 0 0 0 0 0 0 11 0 0 0 0 0 4 0 0 0 0 0 0 0 0 0 0 0 -999
P13947 2019 10 0 0 0 0 5 9 0 0 2 9 0 0 0 0 0 0 0 0 0 0 0 0 0 12 1 9 1 4 1 0 9
P13947 2019 11 2 17 1 6 162 28 35 46 2 6 6 4 7 64 27 17 0 0 0 0 0 0 0 4 3 22 2 2 14 40 -999
P13947 2019 12 2 11 0 0 0 0 0 0 0 0 0 2 2 6 196 19 13 102 8 7 5 45 13 134 118 97 34 4 6 2 0
P13947 2020 1 4 43 69 112 42 60 62 0 0 0 0 20 0 0 0 0 0 0 0 0 2 1 2 0 0 0 0 1 2 11 7
P13947 2020 2 8 28 37 46 20 8 11 10 1 0 0 0 0 0 23 43 3 0 2 6 10 0 0 30 7 0 0 0 -999 -999 -999
P13947 2020 3 0 0 0 0 0 0 0 0 0 0 0 0 0 0 0 0 0 0 0 0 1 10 50 107 110 14 100 8 71 5 14
P13947 2020 4 10 2 0 0 0 0 0 0 3 4 10 4 6 1 0 0 0 0 0 0 0 41 57 31 19 7 3 0 0 0 -999
P13947 2020 5 0 0 6 16 19 2 0 0 0 0 0 5 1 0 0 0 0 0 0 0 0 0 8 16 5 13 83 114 25 20 14
P13947 2020 6 1 0 0 0 0 15 44 52 17 1 0 0 0 0 0 0 0 0 0 0 0 0 0 0 0 0 0 0 0 0 -999
P13947 2020 7 0 0 0 0 0 0 0 0 0 0 0 0 0 0 0 0 0 0 0 0 0 0 0 0 0 0 0 0 0 0 0
P13947 2020 8 0 0 0 0 0 0 0 0 0 0 0 0 0 0 0 0 0 0 0 0 0 0 0 0 0 0 0 0 0 0 0
P13947 2020 9 0 0 0 0 0 0 0 0 0 0 0 0 0 0 33 11 0 28 59 35 3 0 0 0 0 0 0 0 0 0 -999
P13947 2020 10 0 0 2 4 1 0 0 3 1 0 0 0 0 0 0 0 0 0 0 0 0 0 56 45 16 97 150 135 14 5 0
P13947 2020 11 27 1 40 80 34 0 0 0 0 0 0 0 4 2 0 3 15 19 133 245 69 4 23 0 0 0 0 0 0 0 -999
P13947 2020 12 0 0 0 0 6 6 2 4 10 47 45 26 23 3 4 6 2 77 5 50 176 179 249 20 1 17 3 6 2 3 9
P13947 2021 1 5 16 13 1 9 4 12 4 0 0 33 4 9 32 2 4 12 16 11 16 42 25 135 189 209 229 216 53 212 174 112
P13947 2021 2 5 203 57 200 156 30 25 67 1 10 4 0 45 8 10 14 25 2 16 3 11 2 0 14 9 3 56 78 -999 -999 -999
P13947 2021 3 58 0 70 37 78 119 38 10 2 1 10 25 92 19 183 47 106 116 134 31 39 19 112 113 5 3 11 27 69 65 65
P13947 2021 4 18 170 4 31 5 4 0 6 71 56 22 7 0 0 2 21 102 50 23 4 0 0 0 9 23 73 29 6 2 27 -999
P13947 2021 5 1 1 3 2 2 30 30 15 57 43 31 1 5 5 2 0 0 0 0 0 0 0 0 0 0 0 10 20 11 38 25
P13947 2021 6 42 54 9 6 3 5 10 66 5 4 122 47 43 15 44 0 0 0 0 0 0 0 0 0 0 0 0 0 0 0 -999
P13947 2021 7 0 0 0 0 0 0 0 0 0 0 0 0 0 0 0 0 0 0 0 0 0 0 0 0 0 0 0 0 5 0 0
P13947 2021 8 0 0 0 0 0 0 0 8 29 19 0 0 0 0 0 0 0 0 0 0 0 0 0 0 0 0 0 0 0 1 1
P13947 2021 9 0 0 0 0 0 0 0 0 0 0 0 0 0 23 32 0 0 0 0 0 0 0 0 0 0 50 32 0 0 0 -999
P13947 2021 10 29 14 133 11 0 0 0 0 0 0 0 0 66 1 21 8 0 0 0 30 72 5 0 0 16 22 1 0 0 13 65
P13947 2021 11 101 3 17 14 0 0 23 67 26 2 0 0 0 0 0 0 0 0 6 19 55 5 8 0 0 0 0 0 0 0 -999
P13947 2021 12 0 0 0 0 2 0 0 12 0 0 0 0 23 36 48 70 166 126 40 39 137 44 189 61 122 18 50 173 23 75 3
P13947 2022 1 0 0 0 0 0 0 0 0 0 0 0 6 10 10 3 1 0 0 0 0 0 1 0 0 0 0 0 0 0 0 0
P13947 2022 2 0 0 4 13 6 3 0 1 5 14 10 7 5 0 21 23 0 3 1 0 17 13 6 75 7 38 101 96 -999 -999 -999
P13947 2022 3 11 24 10 108 68 30 1 5 0 16 0 1 0 0 1 0 1 4 2 16 30 0 29 54 4 12 3 0 0 2 0
P13947 2022 4 0 0 0 39 19 96 41 45 66 4 0 40 44 0 0 0 0 0 0 0 98 20 22 7 2 8 7 0 0 0 -999
P13947 2022 5 0 0 0 0 0 0 0 0 0 0 0 0 0 0 0 0 0 20 30 42 3 0 0 0 0 0 0 0 0 0 0
P13947 2022 6 0 0 0 0 0 0 0 0 0 0 0 0 0 0 0 0 0 0 0 0 0 0 0 0 0 0 0 0 0 0 -999
P13947 2022 7 0 0 0 0 0 0 0 0 0 0 0 0 0 0 0 0 0 0 0 0 0 0 0 0 0 0 0 0 0 0 0
P13947 2022 8 0 0 0 0 0 0 0 0 0 0 0 0 0 0 0 0 0 0 0 0 0 0 0 0 0 0 0 0 0 0 0
P13947 2022 9 0 0 0 0 0 0 1 0 0 0 0 0 0 0 0 0 0 0 0 0 13 29 9 9 0 0 0 0 0 0 -999
P13947 2022 10 0 0 0 0 10 0 0 3 3 0 0 8 8 6 7 0 0 0 0 81 31 0 0 1 0 0 18 0 0 0 0
P13947 2022 11 0 0 0 21 2 0 0 0 0 0 0 13 52 0 0 0 0 0 0 32 92 114 170 158 2 19 0 0 12 1 -999
P13947 2022 12 55 3 4 3 7 125 39 123 17 6 12 10 0 0 0 0 36 21 34 125 49 157 166 191 172 190 190 187 75 2 5
P13947 2023 1 6 0 17 0 65 105 70 100 55 5 55 14 10 21 7 4 0 0 0 0 12 4 0 6 2 5 0 0 0 0 0
P13947 2023 2 0 0 0 0 6 13 0 0 0 0 0 0 3 11 98 179 125 142 5 94 3 0 0 3 2 1 14 9 -999 -999 -999
P13947 2023 3 10 9 25 0 10 5 2 1 0 0 0 0 0 33 89 49 172 28 15 109 121 28 45 31 6 9 26 3 3 0 0
P13947 2023 4 0 0 0 0 1 1 10 59 39 0 0 0 0 0 32 70 32 4 0 0 3 1 0 0 2 3 0 0 0 0 -999
P13947 2023 5 0 101 106 58 117 80 140 51 93 32 3 3 32 0 0 0 0 0 0 0 0 25 6 6 4 9 0 0 8 0 0
P13947 2023 6 0 0 0 0 0 0 0 0 0 0 6 3 5 6 23 2 3 1 2 0 0 0 10 0 0 0 0 0 0 0 -999
P13947 2023 7 0 0 0 0 0 4 0 0 0 0 0 0 0 0 0 0 0 0 0 0 0 0 0 0 0 0 0 0 2 0 0
P13947 2023 8 0 0 0 0 0 0 0 0 0 0 0 0 0 0 0 1 2 0 0 0 0 0 0 0 0 0 0 0 0 0 0
P13947 2023 9 0 0 0 0 0 0 0 0 0 0 0 0 0 0 0 0 9 0 0 0 0 0 0 0 0 0 0 0 3 14 -999
P13947 2023 10 5 3 1 0 0 0 0 7 16 1 0 0 2 18 19 2 4 10 0 8 1 2 0 3 0 0 6 16 4 10 7
P13947 2023 11 2 1 3 0 0 0 0 0 0 53 133 164 58 3 3 6 3 0 0 1 7 1 0 0 0 0 15 3 0 5 -999
P13947 2023 12 0 14 30 110 0 0 0 0 0 0 0 0 0 0 7 12 31 106 13 219 51 213 21 115 3 0 0 0 0 1 4
P13947 2024 1 13 1 5 4 0 0 0 0 0 0 0 0 0 0 0 0 12 29 56 163 107 136 135 30 12 25 70 80 1 60 7
P13947 2024 2 23 46 2 9 4 0 0 0 29 0 102 93 51 6 5 0 0 0 0 0 0 6 7 0 0 0 0 0 -999 -999 -999
P13947 2024 3 0 0 2 3 8 34 68 0 0 0 35 29 8 73 30 5 22 21 31 25 15 1 0 0 0 0 0 0 0 7 0
P13947 2024 4 0 0 3 9 52 71 38 23 10 170 29 1 0 0 0 0 0 0 4 1 69 58 17 1 2 2 0 2 0 29 -999
P13947 2024 5 17 18 65 32 10 4 0 0 0 0 5 15 14 9 11 5 0 4 1 0 0 0 0 0 10 7 29 82 38 20 3
P13947 2024 6 0 0 0 0 0 0 0 0 0 0 0 114 15 0 0 0 0 0 0 0 0 0 0 0 0 0 0 0 0 0 -999
P13947 2024 7 0 0 0 0 0 0 0 0 0 0 0 0 0 0 0 0 0 0 0 0 0 0 0 0 0 0 0 0 0 0 0
P13947 2024 8 0 0 0 0 0 0 0 0 0 0 0 0 0 0 0 0 0 0 0 0 0 0 0 0 0 0 0 0 0 0 0
P13947 2024 9 0 0 0 0 0 0 0 0 0 0 0 0 0 0 0 0 0 0 19 29 95 92 43 74 2 8 56 9 9 27 -999
P13947 2024 10 10 108 192 5 104 45 9 1 0 0 0 0 0 0 0 2 4 14 0 0 0 0 0 0 0 0 0 3 19 111 49
P13947 2024 11 17 68 120 21 17 11 3 4 2 2 34 17 2 1 2 63 2 2 0 0 0 0 0 0 0 0 0 0 9 47 -999
P13947 2024 12 38 46 52 20 4 29 38 17 40 164 248 128 75 20 0 0 0 0 20 0 9 19 104 9 4 8 0 0 0 0 10
P13947 2025 1 1 2 4 135 86 53 13 68 15 15 13 3 10 22 1 18 8 47 12 7 6 0 2 0 11 0 10 101 82 172 41
P13947 2025 2 48 33 68 17 42 113 123 174 71 12 140 37 0 0 0 0 0 0 0 0 0 0 5 0 1 0 0 0 -999 -999 -999
P13947 2025 3 4 63 19 10 3 0 0 24 33 4 15 3 0 0 0 0 0 0 0 0 0 0 0 0 0 0 0 0 0 0 0
P13947 2025 4 0 0 0 0 13 0 0 0 0 0 0 0 0 0 0 0 0 17 7 2 0 0 0 0 0 0 0 9 2 0 -999
P13947 2025 5 0 5 11 18 4 4 0 0 0 0 0 0 3 60 10 2 2 0 0 4 1 12 4 12 6 5 2 5 41 3 5
P13947 2025 6 2 0 0 5 5 2 0 0 0 0 0 0 0 0 0 0 0 0 0 0 0 0 0 0 0 0 0 0 0 0 -999
P13947 2025 7 0 0 0 0 0 0 0 0 0 0 0 0 0 0 0 0 0 0 0 0 0 0 0 0 0 0 0 0 0 0 0
P13947 2025 8 0 0 7 1 0 0 0 0 0 0 0 0 0 0 0 0 0 0 0 0 0 0 0 0 0 0 0 0 0 0 0
P13947 2025 9 0 0 0 0 0 0 0 0 0 0 14 7 1 0 0 0 12 37 0 0 0 0 0 0 0 0 0 7 2 2 -999
P13947 2025 10 6 0 0 0 0 0 0 0 0 0 0 0 0 0 0 0 53 101 104 55 95 81 23 1 2 2 1 3 24 53 31
P13947 2025 11 72 9 22 44 168 85 21 4 54 95 43 0 14 146 123 107 9 0 0 0 0 0 0 0 0 1 0 0 0 0 -999
P13947 2025 12 0 0 0 0 0 0 11 10 9 3 49 16 11 43 22 75 1 48 14 3 45 15 12 14 15 8 0 0 8 0 50
P13947 2026 1 111 10 3 0 0 0 0 0 0 1 4 6 0 0 0 0 26 48 93 43 108 55 8 1 0 0 0 0 0 0 0
P13947 2026 2 0 0 0 0 0 0 0 0 0 0 0 2 11 4 7 72 9 1 1 1 1 2 1 2 5 0 0 0 -999 -999 -999
P13947 2026 3 5 0 5 17 0 0 53 10 0 7 0 0 0 51 9 7 0 0 0 0 0 0 71 64 62 18 77 57 162 113 10
P13947 2026 4 0 9 23 11 12 31 59 5 16 5 19 4 1 0 0 0 0 0 0 0 0 0 0 0 0 0 7 0 0 87 -999
P13947 2026 5 21 8 3 6 0 0 0 0 0 0 0 0 0 3 1 0 0 0 0 0 0 0 0 0 0 15 9 23 19 5 0
P13947 2026 6 0 0 0 0 0 0 0 0 0 0 0 0 0 0 0 0 0 0 0 0 0 9 0 0 0 0 0 0 0 0 -999
P13947 2026 7 0 0 0 0 0 0 0 0 0 0 0 0 0 0 0 0 0 0 0 0 0 0 0 0 0 0 0 0 0 0 0
P13947 2026 8 0 0 0 0 0 0 0 0 0 0 0 0 0 0 0 0 0 0 0 0 0 0 0 0 0 0 0 0 14 2 0
P13947 2026 9 0 0 1 2 0 0 0 0 0 0 0 0 0 0 0 0 0 0 0 0 0 17 0 0 0 0 0 0 0 0 -999
P13947 2026 10 0 0 0 0 8 0 0 0 0 0 0 0 0 0 0 0 14 1 0 14 14 2 4 8 0 2 0 51 49 34 261
P13947 2026 11 10 84 46 31 33 18 5 48 200 37 78 19 2 27 197 26 2 1 0 0 0 0 0 0 0 2 0 0 0 0 -999
P13947 2026 12 1 26 28 1 0 0 0 0 0 6 0 5 1 17 161 51 55 140 17 12 7 64 22 13 6 3 1 11 3 0 0
P13947 2027 1 0 0 5 33 17 118 158 16 14 23 186 60 3 0 0 0 0 4 168 7 57 26 2 27 27 187 129 73 189 0 0
P13947 2027 2 0 0 0 0 0 0 0 0 0 5 66 2 0 0 0 4 7 13 27 15 27 42 162 22 0 16 2 3 -999 -999 -999
P13947 2027 3 19 70 34 47 10 16 4 7 0 0 0 0 0 0 0 0 0 6 34 71 116 49 53 46 29 86 28 3 12 2 0
P13947 2027 4 0 0 0 0 0 0 0 0 0 0 1 2 13 13 0 0 0 0 0 0 0 7 0 0 0 0 0 0 0 0 -999
P13947 2027 5 0 0 3 16 6 85 103 23 0 0 0 10 0 1 0 1 1 0 0 0 0 15 0 0 0 0 0 0 0 0 0
P13947 2027 6 0 0 2 48 25 2 1 0 0 0 0 0 0 0 0 0 0 0 0 0 0 0 0 0 0 0 0 13 2 2 -999
P13947 2027 7 9 37 12 14 48 18 0 0 0 0 0 0 0 0 0 0 0 0 0 1 0 0 0 0 0 0 0 0 0 0 0
P13947 2027 8 0 0 0 0 0 0 0 0 0 0 0 0 0 0 0 0 0 0 17 0 0 0 0 0 0 0 0 0 0 0 0
P13947 2027 9 0 0 0 0 0 0 0 0 0 0 0 0 0 0 0 0 0 0 0 0 0 0 0 0 0 0 5 1 4 18 -999
P13947 2027 10 46 8 9 0 0 0 0 0 0 0 0 0 0 3 0 0 19 0 4 2 1 2 1 5 0 2 3 0 0 0 0
P13947 2027 11 3 0 13 3 3 1 4 2 21 136 35 1 0 0 0 0 0 0 0 0 19 42 25 10 27 123 72 31 2 3 -999
P13947 2027 12 19 11 6 2 7 9 4 0 0 0 0 0 12 3 28 9 187 13 4 15 4 0 0 0 0 3 0 0 0 0 0
P13947 2028 1 5 7 0 0 0 0 0 0 0 0 0 1 0 0 0 0 6 16 13 0 0 0 0 0 0 0 6 0 0 0 0
P13947 2028 2 0 0 65 49 45 59 0 0 0 0 43 63 62 104 140 135 99 55 148 4 27 50 2 2 0 0 0 0 -999 -999 -999
P13947 2028 3 0 0 0 0 1 0 0 0 0 0 52 20 14 12 1 3 0 0 0 0 0 0 0 0 7 91 23 2 4 11 5
P13947 2028 4 4 10 3 2 1 2 0 0 0 127 6 7 0 0 5 0 26 40 155 80 16 0 0 0 0 0 0 0 0 0 -999
P13947 2028 5 0 0 0 0 0 0 63 33 94 59 14 43 42 23 0 10 0 0 0 0 0 0 5 20 0 0 5 11 1 0 3
P13947 2028 6 1 1 35 58 67 43 36 6 0 0 0 0 0 0 0 0 0 0 0 0 0 0 0 0 0 0 0 29 36 7 -999
P13947 2028 7 5 1 6 0 0 0 2 1 1 0 4 2 3 0 0 0 0 0 0 0 0 0 0 0 0 0 0 9 0 0 0
P13947 2028 8 0 0 0 0 0 0 0 0 0 0 0 0 0 0 0 0 0 0 0 0 0 0 0 0 21 13 0 0 0 0 0
P13947 2028 9 0 0 0 0 0 0 0 0 0 0 0 0 0 0 0 0 0 0 0 0 0 5 0 36 2 0 61 0 0 0 -999
P13947 2028 10 0 0 0 0 0 0 0 0 0 45 6 0 8 18 0 4 2 4 10 0 0 0 0 0 0 0 0 0 0 0 0
P13947 2028 11 0 0 6 15 65 63 4 7 7 0 0 0 0 18 4 3 8 34 15 26 198 20 15 7 0 5 25 22 31 35 -999
P13947 2028 12 12 8 18 6 3 0 0 0 0 0 0 4 9 0 0 0 21 69 84 168 114 117 88 22 23 34 7 39 9 50 3
P13947 2029 1 7 3 44 94 11 5 0 63 17 38 77 194 84 49 17 71 29 3 4 4 0 0 2 0 0 0 0 0 12 13 44
P13947 2029 2 183 91 177 140 86 13 3 17 0 7 2 6 15 12 0 2 0 0 0 2 0 6 4 6 4 5 17 0 -999 -999 -999
P13947 2029 3 0 0 0 97 64 162 127 73 57 8 5 3 6 21 0 4 4 4 4 135 20 10 1 0 0 0 0 0 0 0 14
P13947 2029 4 0 0 32 21 1 8 0 0 0 0 0 0 0 29 11 23 0 15 2 3 2 1 1 1 0 0 2 21 31 37 -999
P13947 2029 5 14 2 68 93 70 33 63 58 22 3 8 1 10 0 0 0 0 0 11 6 1 1 0 0 0 0 0 0 0 0 0
P13947 2029 6 0 0 0 0 0 0 0 0 0 0 0 0 0 0 0 0 0 0 0 0 0 0 0 0 0 0 0 0 0 0 -999
P13947 2029 7 0 0 0 0 0 0 0 0 0 0 0 0 0 0 0 0 0 0 0 0 0 0 0 0 0 0 0 0 0 0 0
P13947 2029 8 0 0 0 0 0 0 0 0 0 0 0 0 0 0 0 0 0 0 0 0 0 0 0 0 0 0 0 0 0 0 0
P13947 2029 9 0 0 0 0 0 0 0 0 0 0 0 0 0 0 0 0 0 2 0 51 0 0 13 3 63 106 17 0 0 0 -999
P13947 2029 10 0 0 0 0 0 0 0 0 1 0 0 0 0 0 0 0 0 14 0 3 0 0 0 0 16 37 0 0 64 87 6
P13947 2029 11 0 0 0 0 0 0 0 0 0 0 0 0 0 0 0 0 13 11 4 0 0 11 16 131 0 17 13 8 31 0 -999
P13947 2029 12 4 8 39 92 182 14 18 22 17 8 12 2 16 9 2 3 25 4 0 1 13 146 14 17 49 11 65 112 84 8 0
P13947 2030 1 0 0 0 0 0 7 14 0 0 38 6 0 0 7 9 162 7 2 5 4 27 1 0 8 25 2 12 82 5 0 0
P13947 2030 2 0 35 107 24 77 63 34 6 0 0 0 0 0 0 0 0 10 5 0 0 3 11 5 2 35 10 0 0 -999 -999 -999
P13947 2030 3 0 0 0 0 0 0 0 0 0 0 0 0 0 0 0 0 0 0 13 3 0 0 0 0 0 8 10 29 229 29 45
P13947 2030 4 224 74 14 1 0 0 3 24 7 14 29 0 10 14 85 25 15 122 16 10 1 2 0 4 35 11 2 0 73 31 -999
P13947 2030 5 6 5 2 1 0 0 0 0 0 11 8 6 3 8 78 81 6 75 19 0 0 0 0 0 0 0 0 0 0 0 0
P13947 2030 6 0 0 0 0 0 0 0 0 0 0 0 0 0 3 33 0 17 21 15 6 2 4 5 2 0 0 0 0 0 0 -999
P13947 2030 7 0 0 0 0 0 0 0 0 0 0 0 0 0 0 0 0 0 0 0 0 0 0 0 0 0 0 0 0 0 0 0
P13947 2030 8 0 0 0 0 0 0 0 0 0 0 0 0 0 0 0 0 0 0 0 0 0 0 0 0 0 0 0 0 0 0 0
P13947 2030 9 0 0 0 0 0 0 0 0 45 0 0 0 0 5 9 132 87 1 2 5 74 103 22 1 4 4 20 6 4 1 -999
P13947 2030 10 0 0 0 0 16 13 0 113 46 99 18 33 14 10 8 5 13 68 86 204 105 116 42 119 4 2 0 0 22 18 8
P13947 2030 11 11 0 48 27 50 24 187 136 147 214 29 36 7 128 40 35 145 124 82 23 31 160 20 8 35 12 5 130 32 3 -999
P13947 2030 12 4 4 5 4 37 25 3 2 4 11 21 8 0 0 0 0 0 3 2 3 3 5 2 0 0 12 53 27 28 74 128
P13947 2031 1 29 3 5 46 14 79 65 163 226 58 18 24 207 145 102 0 0 8 2 5 11 0 7 0 0 0 0 0 2 0 3
P13947 2031 2 3 10 17 0 0 0 0 0 0 0 0 0 0 0 0 0 0 0 0 0 0 8 15 10 0 29 1 0 -999 -999 -999
P13947 2031 3 0 1 2 25 139 6 14 22 127 6 34 19 56 14 5 15 1 7 1 2 0 0 0 0 0 0 0 0 11 5 16
P13947 2031 4 7 49 4 3 3 16 100 12 11 27 19 46 74 5 0 0 0 0 0 0 0 0 0 0 0 0 0 0 0 0 -999
P13947 2031 5 3 14 41 18 23 12 1 0 0 0 15 0 0 0 0 0 0 0 0 0 0 0 0 0 0 0 0 0 0 0 0
P13947 2031 6 0 0 0 0 0 0 0 30 0 0 0 0 0 0 0 0 0 0 0 0 0 0 0 0 0 0 0 0 0 0 -999
P13947 2031 7 0 0 0 0 0 0 0 0 0 0 0 0 0 12 4 2 2 4 0 0 0 0 0 0 0 0 0 0 0 0 0
P13947 2031 8 0 0 0 0 0 0 0 0 0 0 2 2 0 3 1 0 0 0 0 0 0 0 0 0 0 0 0 0 0 0 0
P13947 2031 9 0 0 0 0 0 0 0 0 0 0 0 0 0 0 0 0 0 0 0 0 0 109 80 8 29 11 39 12 4 0 -999
P13947 2031 10 0 0 5 1 0 2 2 3 38 0 0 0 0 0 0 0 0 0 0 0 0 16 0 0 24 0 0 18 15 25 4
P13947 2031 11 4 14 68 116 34 48 79 35 13 20 55 67 126 152 63 151 26 90 102 131 218 52 26 13 38 22 73 109 65 41 -999
P13947 2031 12 52 144 59 117 198 44 73 19 11 25 10 8 7 0 10 12 10 10 3 1 48 14 16 28 7 11 10 130 58 117 4
P13947 2032 1 2 0 152 223 201 110 149 164 59 1 10 44 3 24 60 8 1 3 10 7 0 4 2 1 2 40 51 83 40 156 33
P13947 2032 2 1 0 0 0 1 17 29 5 0 0 63 156 18 0 0 0 0 0 0 0 0 0 0 0 0 0 0 0 -999 -999 -999
P13947 2032 3 0 0 0 0 0 0 0 0 2 5 1 6 4 2 0 0 0 0 0 0 0 0 0 0 0 0 0 0 0 8 1
P13947 2032 4 14 24 26 43 53 58 105 70 38 15 3 2 0 34 53 101 26 4 0 0 0 9 9 120 30 2 0 0 0 0 -999
P13947 2032 5 17 15 4 2 0 0 0 0 0 0 0 0 0 1 2 5 8 1 1 3 0 6 3 1 3 1 0 1 0 25 27
P13947 2032 6 0 0 0 0 0 0 0 3 0 0 0 0 0 0 0 0 0 0 0 0 0 0 0 3 6 3 0 0 0 0 -999
P13947 2032 7 0 0 0 0 0 0 0 0 0 0 0 0 0 0 0 0 0 0 0 0 0 0 0 0 0 0 0 0 0 0 0
P13947 2032 8 0 0 0 0 0 0 0 0 0 0 0 0 0 0 0 0 0 0 0 0 0 0 0 0 0 0 0 0 0 0 0
P13947 2032 9 0 0 0 0 0 0 0 0 0 0 0 1 16 10 13 80 61 2 0 0 0 0 0 0 0 0 0 0 0 0 -999
P13947 2032 10 0 0 14 0 0 0 7 4 11 1 0 0 2 5 69 111 16 0 0 0 29 63 61 17 2 1 0 29 179 4 57
P13947 2032 11 2 5 8 15 8 0 0 0 0 0 0 0 0 0 0 0 0 0 0 0 3 6 31 31 15 25 139 25 143 208 -999
P13947 2032 12 52 152 46 25 0 0 0 0 0 13 0 0 0 0 0 0 0 0 0 9 14 0 0 9 0 0 0 0 0 0 0
P13947 2033 1 9 20 81 90 20 9 5 115 120 226 59 69 153 4 140 100 50 0 21 0 0 0 9 8 19 49 166 95 16 64 2
P13947 2033 2 2 0 0 0 12 1 11 53 22 18 156 24 31 0 0 0 0 0 24 4 6 6 3 61 7 15 0 0 -999 -999 -999
P13947 2033 3 4 4 1 5 1 0 23 11 9 12 18 4 8 1 0 0 0 0 0 0 16 19 18 0 0 0 17 86 2 23 0
P13947 2033 4 0 0 0 48 50 5 1 2 5 10 11 6 6 7 6 54 124 29 30 25 66 173 23 28 86 5 25 0 56 3 -999
P13947 2033 5 8 8 32 71 16 4 0 1 3 2 3 5 6 16 7 5 136 29 17 5 155 3 3 2 0 0 0 0 0 0 0
P13947 2033 6 0 0 0 0 0 0 0 0 0 0 0 0 0 0 0 0 0 0 0 0 0 0 0 0 0 0 0 0 0 0 -999
P13947 2033 7 0 0 0 0 0 0 0 0 0 0 0 0 0 0 0 0 0 0 0 0 0 0 0 0 0 0 0 0 0 0 0
P13947 2033 8 0 0 0 0 0 0 0 0 0 0 0 0 0 0 0 0 0 0 0 0 0 0 0 0 0 0 0 0 0 23 0
P13947 2033 9 0 0 0 0 0 3 2 2 0 0 0 0 0 0 84 11 0 0 0 0 0 0 0 0 0 0 0 0 0 4 -999
P13947 2033 10 0 0 4 39 166 96 75 48 14 43 152 134 108 16 0 0 0 0 0 0 0 0 13 15 23 2 0 8 10 9 9
P13947 2033 11 40 77 150 99 6 2 3 1 4 2 6 1 0 0 0 5 12 0 1 2 1 1 2 0 0 0 0 0 0 0 -999
P13947 2033 12 0 0 0 8 13 2 0 7 1 8 21 10 0 0 0 0 0 0 0 0 0 0 0 0 0 0 0 0 0 0 0
P13947 2034 1 0 4 20 10 21 6 16 3 4 17 78 26 136 109 151 51 76 7 6 0 1 0 0 0 0 0 0 0 0 0 0
P13947 2034 2 0 0 0 0 0 0 0 0 0 2 0 0 1 7 12 7 0 0 2 4 1 0 0 0 2 0 5 63 -999 -999 -999
P13947 2034 3 29 47 0 41 78 44 16 23 0 0 0 0 1 1 1 1 1 1 0 0 0 0 19 24 0 0 0 0 0 0 0
P13947 2034 4 0 0 0 0 0 0 0 0 0 0 0 0 0 0 0 0 3 4 6 20 39 1 0 0 0 0 0 0 0 0 -999
P13947 2034 5 0 0 0 0 0 0 0 0 0 9 1 0 0 0 0 0 0 0 0 0 0 0 0 0 0 9 0 0 0 1 0
P13947 2034 6 0 0 0 11 43 14 3 0 0 0 0 0 0 0 0 0 0 0 0 0 0 0 0 0 0 0 0 0 0 0 -999
P13947 2034 7 0 0 0 0 0 0 0 4 7 4 1 1 2 0 0 0 0 0 0 0 0 0 0 0 0 4 0 0 9 6 2
P13947 2034 8 14 41 8 1 0 0 0 0 0 0 0 0 0 0 0 0 0 0 0 0 0 0 0 0 0 0 0 0 0 0 0
P13947 2034 9 0 0 0 0 0 0 0 0 0 0 0 0 0 0 0 0 0 0 0 0 0 0 0 0 0 15 0 0 0 63 -999
P13947 2034 10 32 2 18 8 107 73 1 4 15 71 19 1 1 6 0 11 0 0 0 0 0 0 0 0 40 81 12 28 24 0 0
P13947 2034 11 0 0 0 0 0 6 14 19 95 3 0 21 8 0 0 0 0 0 0 0 0 23 45 187 129 76 10 25 15 74 -999
P13947 2034 12 3 1 0 0 9 27 32 99 26 7 4 6 6 130 212 5 4 12 12 38 13 1 1 9 20 78 37 1 157 12 108
P13947 2035 1 4 5 25 110 50 36 0 42 0 13 34 17 61 18 44 47 41 2 0 28 189 143 12 10 5 12 0 0 0 0 0
P13947 2035 2 0 25 3 3 3 0 19 0 5 2 5 3 0 0 0 0 6 1 2 11 70 96 210 67 26 11 76 75 -999 -999 -999
P13947 2035 3 74 128 14 17 46 29 17 21 9 1 7 1 12 87 85 115 77 28 26 36 143 80 132 46 127 120 3 50 69 68 138
P13947 2035 4 41 99 20 134 182 229 103 155 93 30 32 43 2 11 0 0 0 0 0 0 96 127 124 57 6 6 16 32 72 87 -999
P13947 2035 5 97 0 0 0 0 0 0 0 0 0 0 0 0 0 0 0 0 0 0 0 0 0 0 52 0 0 0 0 0 0 0
P13947 2035 6 0 0 0 4 7 80 9 6 111 12 53 0 0 0 0 0 0 0 0 0 0 0 0 0 0 0 0 0 0 0 -999
P13947 2035 7 0 0 0 0 0 0 0 0 0 0 0 0 0 0 0 0 0 0 0 0 0 0 0 0 0 0 0 0 0 0 0
P13947 2035 8 0 0 0 0 0 0 0 0 0 0 0 0 0 0 0 0 0 0 0 0 0 0 0 0 0 0 0 0 0 0 0
P13947 2035 9 0 0 0 0 0 0 0 0 0 0 0 0 0 0 0 0 2 0 0 0 0 0 0 0 0 0 0 0 0 0 -999
P13947 2035 10 0 0 19 10 0 0 0 0 0 0 0 0 0 107 25 0 0 0 0 0 33 6 0 0 0 0 0 0 0 0 0
P13947 2035 11 0 0 0 0 28 0 27 11 10 0 0 0 0 0 0 0 0 0 0 0 0 0 0 0 3 0 0 0 0 0 -999
P13947 2035 12 21 6 35 132 232 191 87 34 11 6 5 2 11 4 10 5 0 0 69 78 181 59 0 0 0 0 0 0 0 0 7
P13947 2036 1 10 5 0 1 5 4 1 3 4 14 26 14 13 1 1 3 6 41 91 17 82 75 16 11 3 0 35 11 21 4 18
P13947 2036 2 3 0 1 0 5 4 11 54 29 15 15 88 52 5 8 1 1 1 0 0 0 0 0 0 0 0 9 19 -999 -999 -999
P13947 2036 3 106 56 12 70 32 103 3 0 0 0 0 0 0 9 10 4 0 0 0 0 0 0 0 0 0 1 1 8 6 8 46
P13947 2036 4 61 94 24 2 0 1 1 0 6 0 3 0 0 0 0 0 0 0 0 0 0 0 14 14 19 11 4 5 1 0 -999
P13947 2036 5 0 0 10 6 8 1 4 0 0 4 35 26 22 13 9 7 2 2 0 0 0 0 0 0 0 0 0 0 0 0 0
P13947 2036 6 0 37 8 0 0 0 0 0 0 0 0 0 0 0 0 0 0 3 11 0 0 0 0 0 0 0 0 0 0 0 -999
P13947 2036 7 0 0 0 0 0 0 0 0 0 0 0 0 0 0 0 0 0 0 0 0 0 0 0 0 0 0 0 0 0 0 0
P13947 2036 8 0 0 0 0 0 0 0 0 0 0 0 0 0 0 0 0 0 0 0 0 0 0 0 0 0 0 0 0 0 0 0
P13947 2036 9 0 0 0 0 0 0 0 0 0 0 0 0 0 0 0 0 0 0 0 0 0 0 0 0 0 0 0 0 0 0 -999
P13947 2036 10 0 7 1 2 10 1 0 0 0 0 18 0 0 5 3 0 0 0 0 0 0 0 0 0 0 35 0 81 77 86 24
P13947 2036 11 8 0 7 1 3 21 12 161 37 1 6 15 18 89 137 36 1 2 12 20 0 0 0 0 0 15 119 73 41 2 -999
P13947 2036 12 6 4 15 39 10 1 14 0 0 0 0 22 5 8 4 0 0 0 11 0 6 13 44 0 7 7 3 0 0 0 0
P13947 2037 1 0 0 0 6 1 5 27 8 26 51 23 187 64 1 0 0 0 0 102 188 185 67 91 115 44 19 151 54 77 26 9
P13947 2037 2 0 0 0 29 18 9 25 15 29 5 1 0 0 0 0 0 0 0 0 0 0 2 6 3 0 24 87 11 -999 -999 -999
P13947 2037 3 1 0 0 0 0 0 0 5 4 12 4 17 55 44 69 22 29 9 0 0 21 20 38 51 77 7 9 52 18 0 0
P13947 2037 4 27 0 10 6 17 95 15 19 10 3 4 4 4 180 31 16 13 7 14 1 23 31 53 42 11 0 0 0 0 0 -999
P13947 2037 5 0 0 0 0 0 0 0 0 9 1 0 3 0 5 5 3 18 18 1 1 9 48 19 12 117 42 13 1 4 6 0
P13947 2037 6 0 0 0 0 0 0 0 0 10 1 0 0 0 0 0 0 29 15 10 0 0 0 0 0 0 0 0 0 0 0 -999
P13947 2037 7 0 0 0 0 0 0 0 0 0 0 0 0 0 0 0 0 0 0 0 0 0 0 0 0 0 0 0 0 0 0 0
P13947 2037 8 0 0 0 0 0 0 0 0 0 0 0 0 0 0 0 0 0 0 0 0 0 0 0 0 0 0 0 0 0 0 0
P13947 2037 9 0 0 0 0 0 0 0 0 0 0 0 0 0 0 0 0 0 0 0 0 0 0 0 0 0 0 0 0 15 11 -999
P13947 2037 10 0 0 0 0 0 0 0 1 1 3 98 0 0 0 0 0 0 15 2 1 0 0 8 10 23 18 0 0 0 0 0
P13947 2037 11 0 0 0 0 0 0 0 14 3 0 14 67 39 157 50 1 0 0 5 96 14 41 134 33 28 17 50 49 12 15 -999
P13947 2037 12 8 4 27 39 20 24 49 34 27 77 40 17 11 18 5 6 21 12 2 0 0 0 46 0 0 0 0 4 8 3 10
P13947 2038 1 12 63 0 38 30 2 37 5 18 40 24 14 34 73 39 2 88 12 4 0 0 12 43 198 5 47 85 89 122 90 5
P13947 2038 2 12 14 13 153 64 102 47 7 7 8 0 0 0 0 6 20 3 24 3 0 0 0 26 1 0 0 0 0 -999 -999 -999
P13947 2038 3 47 55 51 61 125 62 93 38 12 10 10 0 0 0 0 0 0 0 0 73 35 5 4 7 0 12 4 3 30 5 9
P13947 2038 4 6 1 0 0 0 0 8 25 0 0 0 0 0 0 0 0 0 0 0 0 0 0 0 0 0 21 0 0 0 0 -999
P13947 2038 5 0 0 0 3 2 0 0 3 0 0 0 0 0 0 0 0 0 82 75 39 0 0 0 0 4 3 4 4 4 0 0
P13947 2038 6 0 6 9 21 0 0 0 0 0 0 0 0 5 0 0 0 0 0 0 0 0 0 0 0 0 0 0 0 0 0 -999
P13947 2038 7 0 0 0 0 0 0 0 0 0 0 0 0 0 0 0 0 0 0 0 0 0 0 0 0 0 0 0 0 0 0 0
P13947 2038 8 0 0 0 0 0 0 0 0 0 0 0 0 0 0 0 0 0 0 0 0 0 0 0 0 0 0 0 0 0 0 0
P13947 2038 9 0 0 0 0 0 0 0 0 0 0 0 0 0 0 0 0 0 0 0 0 0 32 9 10 0 0 0 0 0 0 -999
P13947 2038 10 0 0 0 0 0 0 0 0 0 0 0 0 0 0 0 0 0 0 15 8 0 50 76 0 0 0 0 0 0 0 4
P13947 2038 11 36 11 23 4 6 20 14 0 11 21 11 181 20 66 139 25 42 1 2 1 3 4 6 12 3 0 5 2 4 1 -999
P13947 2038 12 9 14 14 19 6 8 19 6 5 16 171 170 204 51 72 35 35 87 112 68 240 0 0 0 0 29 77 21 0 0 0
P13947 2039 1 0 0 20 43 46 1 1 0 0 0 0 0 0 0 5 17 55 2 4 13 5 3 32 40 42 4 3 0 2 2 1
P13947 2039 2 12 0 0 0 0 0 0 0 0 0 0 0 0 7 12 21 15 1 15 0 0 0 5 155 135 3 2 18 -999 -999 -999
P13947 2039 3 2 1 0 0 0 0 0 33 8 0 0 65 14 62 15 2 1 0 0 0 0 0 0 0 0 0 0 0 0 0 0
P13947 2039 4 0 0 0 0 0 0 0 0 0 0 0 0 0 44 16 0 0 0 5 0 3 0 1 0 0 0 0 0 0 0 -999
P13947 2039 5 0 0 0 0 0 0 0 0 0 0 0 0 0 0 0 57 17 7 2 3 2 11 0 0 0 0 0 0 0 0 0
P13947 2039 6 59 39 60 113 28 2 0 0 0 0 0 0 0 0 0 0 0 0 0 0 0 0 0 0 0 0 0 0 0 0 -999
P13947 2039 7 0 0 0 0 0 0 0 0 0 0 0 0 0 0 0 0 0 0 0 0 0 0 0 0 0 0 0 0 0 0 0
P13947 2039 8 0 4 0 0 0 0 0 0 0 0 0 0 0 0 0 0 0 0 0 0 0 0 0 0 0 0 0 0 0 0 0
P13947 2039 9 0 0 0 0 0 0 0 0 0 0 0 0 0 0 0 0 0 0 0 0 0 0 0 0 0 0 0 0 0 0 -999
P13947 2039 10 0 0 0 0 0 0 0 0 0 0 0 0 1 0 0 1 0 3 5 37 22 142 68 65 22 16 170 56 39 134 17
P13947 2039 11 0 1 0 0 0 7 0 0 58 5 12 17 7 8 37 14 2 58 94 34 8 18 24 0 0 0 10 122 6 34 -999
P13947 2039 12 23 30 17 91 241 40 24 51 156 5 0 0 0 12 19 0 20 32 57 79 4 6 12 35 28 11 20 216 117 67 59
P13947 2040 1 26 13 6 32 172 180 70 6 10 21 52 112 139 28 38 73 5 22 97 4 0 0 0 0 0 2 0 0 0 0 0
P13947 2040 2 0 0 1 7 1 0 2 2 2 2 1 1 5 1 3 9 3 5 2 1 0 1 0 0 0 0 0 0 -999 -999 -999
P13947 2040 3 0 0 0 0 0 0 0 0 0 0 0 0 0 0 0 0 0 0 0 0 0 0 37 138 62 111 18 6 128 195 60
P13947 2040 4 22 125 35 44 2 7 5 8 3 0 0 2 6 6 0 95 140 4 0 0 16 12 9 13 39 50 5 2 0 4 -999
P13947 2040 5 3 1 12 0 0 0 0 0 0 0 0 0 0 0 2 1 1 3 4 18 3 10 0 0 0 0 0 0 0 0 0
P13947 2040 6 5 0 0 0 0 0 0 0 0 0 0 0 0 0 0 0 0 0 0 0 0 0 0 0 0 0 0 0 0 0 -999
P13947 2040 7 0 0 0 0 0 0 0 0 0 0 0 0 0 0 0 0 0 0 0 0 0 0 0 0 0 0 0 0 0 0 0
P13947 2040 8 0 0 0 0 0 0 0 0 0 0 0 0 0 0 0 0 0 0 0 0 0 0 0 0 0 0 0 0 0 0 0
P13947 2040 9 0 0 0 0 0 0 0 0 0 0 0 0 0 0 4 1 0 0 0 0 0 0 0 0 0 0 0 22 4 0 -999
P13947 2040 10 1 0 0 0 0 0 9 0 0 0 0 0 0 0 0 0 0 0 18 9 1 1 3 0 0 23 6 12 0 0 0
P13947 2040 11 32 36 2 18 0 25 190 98 12 13 7 14 11 1 4 2 2 4 2 0 0 0 0 27 1 0 0 0 0 0 -999
P13947 2040 12 0 0 0 0 29 62 111 1 12 0 0 0 0 5 3 0 0 0 0 0 6 0 0 0 2 6 14 27 5 22 13
P13947 2041 1 0 0 0 0 4 0 5 0 0 0 0 0 0 31 9 0 0 0 0 0 28 100 83 63 48 70 81 117 14 6 3
P13947 2041 2 0 0 5 0 28 24 192 105 164 109 17 141 126 11 188 102 138 55 90 22 79 60 30 36 7 9 3 1 -999 -999 -999
P13947 2041 3 10 0 0 2 5 4 2 49 23 12 9 33 10 14 14 20 96 167 68 19 27 125 54 24 20 48 144 79 78 92 36
P13947 2041 4 1 1 0 0 0 0 0 0 0 0 1 2 2 7 6 2 27 221 29 46 51 24 28 145 52 18 2 16 0 0 -999
P13947 2041 5 0 0 0 46 0 0 0 0 0 0 24 4 0 0 0 0 0 0 0 51 0 0 37 53 23 28 200 33 2 10 4
P13947 2041 6 1 0 0 3 6 0 0 0 0 0 0 0 0 0 0 0 0 0 0 0 0 0 0 0 0 0 0 0 0 0 -999
P13947 2041 7 0 0 0 0 0 0 0 0 0 18 3 0 0 0 8 37 5 15 3 2 0 0 0 0 32 75 48 22 0 0 0
P13947 2041 8 0 0 0 0 0 0 0 0 0 0 0 0 0 0 0 0 0 0 0 0 0 0 0 0 0 0 0 0 0 0 0
P13947 2041 9 0 0 0 0 0 0 0 0 0 0 0 0 0 0 0 0 0 0 0 0 0 0 57 99 136 21 0 0 0 0 -999
P13947 2041 10 0 56 6 1 0 0 0 0 0 0 0 0 0 0 0 0 0 0 0 0 9 46 9 0 0 19 0 0 8 1 0
P13947 2041 11 1 0 0 20 20 27 11 13 23 53 107 85 107 97 145 35 150 215 55 154 153 184 101 240 35 26 68 45 55 33 -999
P13947 2041 12 24 49 16 75 186 32 0 0 9 5 34 6 28 87 72 102 156 115 78 129 6 1 11 0 0 1 1 0 1 4 0
P13947 2042 1 0 0 11 0 0 17 41 7 5 1 8 2 0 0 0 0 0 0 0 0 0 0 0 0 0 0 0 0 0 0 0
P13947 2042 2 2 0 0 0 0 0 0 0 0 0 0 0 0 0 0 0 0 0 4 0 0 0 0 0 0 0 0 0 -999 -999 -999
P13947 2042 3 0 0 0 0 0 0 0 0 0 0 0 7 15 12 29 50 0 0 50 104 7 24 1 123 76 19 7 4 0 63 199
P13947 2042 4 2 18 6 8 90 19 17 16 19 8 30 21 35 20 3 55 7 0 0 0 0 54 103 47 13 3 3 9 10 78 -999
P13947 2042 5 148 42 11 2 0 1 0 0 0 0 0 0 0 0 0 0 0 0 0 0 0 0 0 0 0 0 0 0 0 2 2
P13947 2042 6 0 4 10 3 0 0 0 0 0 0 0 0 0 0 0 0 0 0 0 0 0 0 0 0 0 0 0 0 0 0 -999
P13947 2042 7 0 0 0 0 0 0 0 0 0 0 0 0 0 0 0 0 0 0 0 0 0 0 0 0 0 0 0 0 0 0 0
P13947 2042 8 0 0 0 0 0 0 0 0 0 0 0 0 0 0 0 0 0 0 0 0 0 0 0 0 0 0 0 0 0 0 0
P13947 2042 9 0 0 0 0 0 0 0 0 0 0 0 0 0 0 0 0 0 0 0 0 0 0 0 0 0 0 0 0 0 0 -999
P13947 2042 10 0 0 23 6 0 0 0 0 0 0 0 0 0 9 8 0 3 14 5 134 40 29 3 4 1 0 11 6 3 0 0
P13947 2042 11 0 0 0 0 0 0 32 28 3 0 0 0 0 0 0 0 4 8 10 59 3 0 0 0 0 0 0 11 86 21 -999
P13947 2042 12 11 14 55 33 20 37 7 107 69 91 44 57 76 154 44 38 192 34 50 9 15 21 132 64 0 10 2 0 0 0 0
P13947 2043 1 3 4 11 17 7 40 2 1 0 0 7 40 75 64 24 93 13 13 6 73 133 229 111 93 2 10 30 30 60 1 0
P13947 2043 2 0 0 0 9 12 47 83 4 0 0 0 0 2 0 1 0 0 0 0 0 0 4 5 12 24 2 0 0 -999 -999 -999
P13947 2043 3 0 7 38 106 6 7 36 86 53 18 13 6 25 0 0 0 0 0 56 0 126 23 22 7 23 3 7 24 5 14 21
P13947 2043 4 49 5 4 23 2 0 0 0 0 0 50 0 0 0 13 43 28 1 13 107 0 0 0 0 0 0 0 0 0 3 -999
P13947 2043 5 0 0 0 0 0 0 0 0 0 0 0 0 0 0 0 0 0 0 0 0 0 0 71 35 0 0 57 52 7 25 26
P13947 2043 6 3 3 1 0 0 0 0 0 0 0 0 0 0 0 0 0 0 0 0 0 0 0 0 0 0 0 0 0 0 0 -999
P13947 2043 7 0 0 0 0 0 0 0 0 0 0 0 0 0 0 0 0 0 0 0 0 0 0 0 0 0 0 0 0 0 0 0
P13947 2043 8 0 0 0 0 0 0 0 0 0 0 0 0 0 0 0 0 0 0 0 0 0 0 0 0 11 5 1 4 6 0 0
P13947 2043 9 0 0 0 0 0 0 0 0 0 0 0 0 0 0 0 0 0 0 0 0 0 0 0 0 0 0 0 0 0 9 -999
P13947 2043 10 0 0 0 0 0 4 0 0 5 2 1 1 1 16 23 2 26 1 2 0 0 0 58 15 42 32 2 80 23 12 19
P13947 2043 11 0 0 0 0 0 0 0 0 0 0 31 46 72 114 4 0 0 0 0 0 0 1 1 30 35 34 2 109 24 7 -999
P13947 2043 12 8 36 1 0 0 0 16 4 13 55 78 130 18 13 19 9 1 49 61 20 192 146 7 0 14 93 22 3 3 3 1
P13947 2044 1 0 12 14 3 3 25 6 3 1 28 19 12 0 0 19 25 146 198 15 3 18 54 2 0 0 17 19 165 8 9 0
P13947 2044 2 0 0 0 0 23 11 0 0 20 38 14 0 0 0 0 0 0 0 0 0 0 0 0 75 87 1 27 28 -999 -999 -999
P13947 2044 3 1 75 88 27 60 15 2 96 14 8 2 2 0 0 0 6 4 9 3 3 4 10 1 0 3 39 94 8 17 143 1
P13947 2044 4 0 2 0 0 0 0 0 0 0 0 0 0 16 23 3 2 2 0 0 0 0 0 0 0 61 55 88 4 7 0 -999
P13947 2044 5 0 0 0 0 0 6 0 14 9 5 6 0 0 0 1 0 0 0 26 27 7 5 0 4 26 25 25 0 3 8 0
P13947 2044 6 0 0 0 0 0 0 15 2 0 0 0 0 0 0 0 0 0 0 0 0 0 0 0 0 0 3 1 4 9 4 -999
P13947 2044 7 27 3 0 0 0 0 0 0 0 0 0 0 0 0 0 0 0 0 0 0 0 0 0 0 0 0 0 0 0 0 0
P13947 2044 8 0 0 0 0 0 0 0 0 0 0 0 0 0 0 0 0 0 0 0 2 0 0 0 0 0 0 0 0 0 0 0
P13947 2044 9 0 0 0 0 0 0 0 0 0 0 0 0 0 0 0 0 0 0 0 0 0 0 0 75 65 17 0 0 22 86 -999
P13947 2044 10 15 6 0 13 0 0 0 0 0 0 0 0 0 0 3 2 5 0 38 197 13 2 0 0 0 0 0 0 0 0 0
P13947 2044 11 0 16 8 0 11 5 9 36 2 1 53 154 43 77 9 30 167 69 95 130 164 46 109 170 101 245 60 13 26 8 -999
P13947 2044 12 16 0 0 0 1 1 0 0 27 147 10 14 17 0 0 0 0 0 0 20 7 35 4 4 1 0 18 4 102 2 87
P13947 2045 1 124 35 13 17 33 14 219 47 2 36 116 54 37 176 62 71 13 0 0 0 0 0 0 0 0 0 0 0 0 0 0
P13947 2045 2 5 43 11 5 18 75 5 0 0 6 15 14 16 0 24 1 1 1 1 0 21 1 0 0 0 0 0 0 -999 -999 -999
P13947 2045 3 0 0 0 0 0 3 8 16 25 0 24 32 31 12 130 16 3 1 1 1 2 0 1 4 1 4 1 0 0 0 0
P13947 2045 4 41 0 16 6 27 78 47 0 17 45 89 4 7 17 0 0 0 0 0 0 0 0 0 0 0 0 0 0 0 0 -999
P13947 2045 5 13 1 0 0 0 0 0 0 14 4 1 1 1 0 0 0 0 0 0 0 29 0 0 0 0 0 0 0 0 0 0
P13947 2045 6 0 0 0 0 0 0 0 0 3 1 2 13 2 0 0 0 0 0 0 2 8 42 48 55 54 25 2 1 0 0 -999
P13947 2045 7 0 0 0 0 0 0 0 0 0 0 0 0 0 0 0 0 0 0 0 0 0 0 0 0 0 0 0 0 0 0 0
P13947 2045 8 0 0 0 0 0 0 0 0 0 0 0 0 0 0 0 0 0 0 0 0 0 0 0 0 0 0 0 0 0 0 0
P13947 2045 9 0 0 0 0 0 0 0 0 0 0 0 0 0 0 0 0 6 0 0 0 0 0 0 0 0 0 0 0 18 53 -999
P13947 2045 10 1 0 0 92 7 1 0 0 0 0 0 0 0 0 160 110 87 103 26 0 0 0 0 0 0 0 0 0 0 0 0
P13947 2045 11 65 22 0 7 11 2 0 0 0 0 0 4 3 18 40 180 215 30 3 0 0 0 52 152 2 59 244 66 73 25 -999
P13947 2045 12 3 7 5 6 8 14 12 2 1 2 0 0 0 0 0 0 0 19 12 17 33 12 16 35 70 68 45 4 7 5 7
P13947 2046 1 2 41 140 68 250 87 38 129 23 44 227 21 171 18 217 53 69 46 10 66 6 2 3 1 2 38 68 40 31 16 32
P13947 2046 2 51 38 9 0 0 8 14 6 4 2 18 8 8 20 26 56 20 7 5 21 38 150 18 16 93 84 92 64 -999 -999 -999
P13947 2046 3 59 50 51 19 9 36 165 103 162 13 38 167 179 26 122 28 191 17 17 12 21 6 3 1 1 0 0 109 27 3 21
P13947 2046 4 1 17 22 133 5 7 8 78 8 5 7 24 22 15 84 10 27 65 64 33 13 13 94 149 20 17 2 9 28 5 -999
P13947 2046 5 0 0 11 7 0 0 4 0 0 0 0 0 0 27 4 0 22 3 1 0 0 0 0 0 0 22 32 12 1 0 0
P13947 2046 6 0 0 0 0 0 0 0 0 0 0 0 0 0 0 0 0 0 9 34 20 0 0 0 0 0 0 0 0 0 0 -999
P13947 2046 7 0 0 0 0 0 0 0 0 0 0 0 0 0 0 0 0 0 0 0 0 0 0 0 0 0 0 0 0 0 0 0
P13947 2046 8 0 0 0 0 0 0 0 0 0 0 0 0 0 0 0 3 22 0 0 0 0 0 0 0 0 0 0 0 0 0 0
P13947 2046 9 0 0 0 0 0 0 0 0 0 0 0 0 0 0 0 0 0 0 0 0 0 0 0 0 0 0 0 0 15 7 -999
P13947 2046 10 0 0 14 5 5 61 24 66 0 0 1 0 0 0 0 0 0 0 0 19 9 151 11 10 66 1 20 30 2 60 60
P13947 2046 11 1 0 0 0 76 42 8 16 23 16 1 2 5 10 0 0 0 0 0 0 0 6 2 11 6 4 2 0 35 98 -999
P13947 2046 12 214 71 39 17 78 53 46 28 18 25 24 79 19 118 82 12 32 60 5 0 4 0 7 0 0 0 0 0 0 0 0
P13947 2047 1 0 0 0 0 3 0 25 59 5 18 17 11 11 52 232 322 255 32 248 3 13 25 8 0 0 0 0 0 0 0 12
P13947 2047 2 27 42 20 9 31 33 68 14 6 2 0 7 3 49 0 1 0 0 2 0 4 0 0 88 5 5 58 41 -999 -999 -999
P13947 2047 3 1 18 41 29 36 68 42 7 0 0 0 0 0 0 0 0 0 0 0 0 2 14 60 16 13 5 20 8 3 30 67
P13947 2047 4 36 10 18 29 3 13 27 13 21 122 224 28 13 29 185 13 2 55 6 0 3 4 1 0 0 0 6 0 0 0 -999
P13947 2047 5 0 0 0 0 0 0 0 0 0 0 0 0 30 0 0 0 0 0 0 0 0 0 0 0 0 0 0 0 0 0 0
P13947 2047 6 0 0 0 0 0 0 0 0 0 0 0 0 0 0 12 22 0 1 0 0 0 0 0 0 0 0 0 0 0 0 -999
P13947 2047 7 0 3 1 4 5 0 0 0 0 0 0 0 4 32 0 0 0 3 51 63 6 0 0 0 0 0 0 0 0 0 0
P13947 2047 8 0 0 0 0 0 0 0 0 0 0 0 0 0 0 0 0 0 0 0 0 0 0 0 0 0 0 0 0 0 0 0
P13947 2047 9 0 0 0 0 0 0 0 0 0 0 0 0 0 0 63 70 6 0 0 0 0 0 0 0 0 0 0 0 0 0 -999
P13947 2047 10 0 64 106 23 8 16 69 58 9 224 57 37 17 54 63 20 48 7 117 11 2 6 7 5 0 0 3 1 3 1 0
P13947 2047 11 6 1 16 16 8 20 0 0 0 53 27 12 19 12 41 121 84 5 0 0 0 0 0 0 0 0 0 0 0 0 -999
P13947 2047 12 0 0 0 0 0 0 0 0 0 0 0 0 0 13 0 0 0 0 0 5 0 0 5 6 3 1 0 0 16 2 0
P13947 2048 1 0 8 0 0 0 0 0 0 0 8 13 127 62 58 37 6 7 2 0 0 0 0 0 0 0 0 0 0 0 0 2
P13947 2048 2 1 3 6 10 13 1 3 6 8 4 44 19 8 18 49 14 4 1 1 0 0 0 0 1 0 0 0 0 -999 -999 -999
P13947 2048 3 0 0 0 0 0 0 14 24 44 44 157 19 37 139 8 31 110 21 17 50 104 13 7 45 11 123 14 113 64 26 6
P13947 2048 4 2 1 3 0 0 0 0 0 2 3 0 0 0 0 0 0 0 0 0 0 9 1 40 0 2 2 2 4 2 2 -999
P13947 2048 5 0 0 28 16 4 6 0 0 0 0 0 0 0 0 0 11 58 128 2 13 0 0 0 0 0 0 0 0 0 0 0
P13947 2048 6 0 0 0 0 0 0 0 0 0 0 0 0 0 0 0 0 0 0 0 0 0 0 0 0 0 0 0 0 0 0 -999
P13947 2048 7 0 0 0 0 0 0 0 0 0 0 0 0 0 0 0 0 0 0 0 0 0 0 0 0 0 0 0 0 0 0 0
P13947 2048 8 0 0 0 0 0 0 0 0 0 0 0 0 0 0 0 0 0 0 0 0 0 0 0 0 0 0 0 0 0 0 0
P13947 2048 9 0 0 0 0 0 0 0 0 0 3 0 0 0 0 0 0 0 10 0 0 0 0 0 0 0 0 0 61 139 142 -999
P13947 2048 10 3 2 2 0 0 11 0 0 0 0 0 0 0 0 0 0 0 0 15 5 17 13 2 2 5 4 4 2 2 5 48
P13947 2048 11 2 1 0 0 0 63 0 0 0 0 0 0 0 8 1 20 112 45 25 44 23 0 0 0 0 23 0 0 16 20 -999
P13947 2048 12 57 73 31 21 62 31 1 0 0 0 0 0 0 0 0 0 0 2 1 3 0 6 4 7 0 0 70 73 0 0 0
P13947 2049 1 5 5 10 20 2 0 16 21 1 0 3 11 35 0 0 0 0 0 0 0 0 0 0 0 0 0 14 38 23 16 12
P13947 2049 2 0 14 16 0 0 0 0 0 0 0 4 1 0 0 0 0 0 0 0 0 8 11 4 10 16 40 11 6 -999 -999 -999
P13947 2049 3 3 0 0 0 0 0 0 0 0 0 0 0 0 0 5 5 6 3 0 17 1 7 11 23 6 4 6 5 5 117 36
P13947 2049 4 0 2 0 1 1 0 0 0 0 0 0 0 0 0 0 0 51 0 0 0 0 0 0 0 11 5 1 1 2 1 -999
P13947 2049 5 1 6 5 20 6 4 29 141 139 49 10 19 10 2 2 0 0 0 0 0 11 31 63 60 53 94 76 95 20 3 1
P13947 2049 6 0 0 0 0 11 0 0 0 0 0 0 0 0 0 0 0 0 0 0 0 0 0 0 0 0 0 0 0 0 0 -999
P13947 2049 7 0 0 0 0 0 0 0 0 0 0 0 0 0 0 0 0 0 0 0 0 0 0 0 0 0 0 0 0 0 0 0
P13947 2049 8 0 0 0 0 0 0 0 0 0 0 0 0 0 0 0 0 0 0 0 0 0 0 0 0 0 0 0 0 0 0 0
P13947 2049 9 0 0 0 0 0 0 0 0 0 0 0 0 0 0 0 0 0 0 0 0 0 31 13 1 0 0 0 0 0 0 -999
P13947 2049 10 0 0 0 0 0 0 3 1 0 0 0 0 0 0 33 165 0 0 0 0 0 0 0 20 25 0 0 0 0 6 3
P13947 2049 11 4 32 89 152 114 11 102 133 87 52 150 25 65 73 51 190 152 26 10 15 19 8 2 42 1 7 5 0 3 41 -999
P13947 2049 12 7 186 45 19 13 1 6 20 1 30 5 0 27 2 66 6 1 29 23 102 129 31 18 65 69 14 32 13 26 24 99
P13947 2050 1 255 148 138 48 44 54 4 3 0 7 5 104 34 46 21 19 61 102 7 0 0 0 0 0 0 0 0 2 5 7 0
P13947 2050 2 0 0 0 0 0 0 0 0 0 0 0 0 0 0 0 9 0 0 31 20 15 18 3 52 10 3 0 0 -999 -999 -999
P13947 2050 3 0 55 58 0 0 31 0 0 0 0 0 23 13 17 28 28 94 11 100 28 7 9 13 41 4 21 27 59 61 40 143
P13947 2050 4 27 17 24 41 123 67 28 25 81 12 0 0 0 64 16 46 7 2 0 0 6 1 3 0 0 4 6 1 0 4 -999
P13947 2050 5 4 3 5 12 2 3 0 2 3 0 0 0 0 0 0 0 0 0 45 11 8 4 0 0 0 17 30 6 0 0 0
P13947 2050 6 0 0 0 0 0 0 0 0 0 0 0 0 0 0 0 0 0 0 0 0 0 0 0 0 0 0 0 0 0 0 -999
P13947 2050 7 0 0 0 0 0 0 0 0 0 0 0 0 0 0 0 0 0 0 0 0 0 0 0 0 7 0 0 0 0 0 0
P13947 2050 8 0 0 0 0 0 0 0 0 0 0 0 0 0 0 0 0 0 0 0 0 0 10 14 0 0 1 0 0 0 0 0
P13947 2050 9 0 0 0 0 0 0 0 0 0 0 0 0 0 0 0 0 0 0 0 0 0 0 0 0 0 0 13 0 0 51 -999
P13947 2050 10 56 20 2 3 0 0 0 0 0 0 0 0 0 0 0 0 19 18 0 0 0 0 26 17 44 19 9 1 3 4 1
P13947 2050 11 5 4 3 19 4 43 17 179 182 78 90 88 35 15 0 4 15 11 4 3 45 201 226 17 16 14 102 11 2 94 -999
P13947 2050 12 7 3 2 0 0 0 29 4 6 4 7 7 2 0 0 2 0 8 17 27 1 1 0 0 0 0 0 0 0 0 8
P13947 2051 1 0 3 0 0 0 0 0 0 0 14 0 0 0 14 5 0 5 1 0 0 0 0 0 0 0 0 0 0 0 0 0
P13947 2051 2 0 0 0 0 0 19 7 10 0 0 18 3 0 0 0 19 2 4 5 47 1 0 5 10 5 1 0 0 -999 -999 -999
P13947 2051 3 0 0 2 0 0 0 6 10 15 20 80 105 50 18 0 0 0 0 75 104 22 0 0 0 0 0 0 0 0 8 40
P13947 2051 4 62 4 0 0 0 0 0 0 0 0 0 0 0 0 58 18 24 55 95 102 5 11 0 0 0 0 0 0 0 0 -999
P13947 2051 5 0 0 0 0 0 0 0 0 0 0 10 48 40 7 2 0 0 0 0 0 0 0 0 0 0 18 0 0 0 0 0
P13947 2051 6 0 0 0 0 0 0 0 0 0 0 0 0 0 0 0 0 0 0 0 0 0 0 0 0 0 0 0 0 0 0 -999
P13947 2051 7 0 0 0 0 0 0 0 0 0 0 0 0 0 0 0 0 0 0 0 0 0 0 0 0 0 0 0 0 0 0 0
P13947 2051 8 0 0 0 0 0 0 0 0 0 0 0 0 0 0 0 0 0 0 0 0 0 0 0 0 0 0 0 0 0 0 0
P13947 2051 9 0 0 0 0 0 0 0 0 0 0 0 0 67 9 0 0 0 0 0 0 0 0 0 0 0 0 0 0 0 0 -999
P13947 2051 10 0 0 0 0 95 0 0 0 0 0 0 12 0 0 0 0 0 0 0 0 0 0 14 1 15 1 69 115 55 73 54
P13947 2051 11 17 32 19 8 2 0 0 3 2 5 3 0 0 8 2 1 1 2 0 0 3 2 2 18 20 4 0 0 0 0 -999
P13947 2051 12 0 0 0 13 38 21 9 137 125 3 92 205 75 62 158 218 14 181 4 5 0 0 0 0 0 0 0 0 0 0 0
P13947 2052 1 0 0 0 0 0 0 0 13 0 0 0 0 0 0 0 0 0 0 0 0 0 0 0 0 0 0 0 0 47 14 46
P13947 2052 2 10 27 20 19 6 161 279 52 20 9 0 0 0 0 11 10 23 11 49 15 6 0 0 36 42 26 0 7 -999 -999 -999
P13947 2052 3 0 0 0 0 0 0 0 0 0 0 0 0 0 0 69 65 128 160 128 137 4 24 124 3 24 3 0 0 0 0 0
P13947 2052 4 0 0 0 0 0 0 40 22 0 0 9 30 4 3 1 7 10 3 0 0 0 0 17 1 0 0 0 0 4 0 -999
P13947 2052 5 0 0 0 0 0 0 0 0 0 0 2 14 0 33 53 25 20 20 62 4 0 0 0 0 0 0 0 0 0 0 0
P13947 2052 6 0 0 0 0 0 0 0 0 0 0 0 0 0 0 0 0 0 0 0 0 0 0 0 0 0 6 0 0 0 0 -999
P13947 2052 7 0 0 0 5 0 0 0 0 0 0 0 0 0 0 0 0 0 0 0 0 0 0 0 0 0 0 0 0 0 4 7
P13947 2052 8 78 63 40 2 0 0 0 0 0 0 0 0 0 0 0 0 0 0 0 0 0 0 0 0 0 0 0 0 0 0 0
P13947 2052 9 0 0 0 0 0 0 0 0 0 0 0 0 0 0 0 0 0 0 0 0 0 0 0 0 0 0 0 0 0 0 -999
P13947 2052 10 0 0 0 0 0 0 0 0 0 0 0 0 0 0 0 0 0 0 0 0 0 0 0 0 0 0 0 0 0 0 18
P13947 2052 11 3 47 1 3 0 0 0 0 0 3 2 0 1 0 2 2 3 39 131 32 173 40 13 1 28 11 58 11 5 38 -999
P13947 2052 12 1 2 112 13 7 0 1 0 0 0 3 4 5 122 12 1 35 89 10 14 57 70 33 50 32 2 3 4 46 16 3
P13947 2053 1 13 31 33 28 4 7 11 17 191 163 225 144 182 10 19 69 82 25 0 0 0 0 0 0 0 0 0 64 93 76 101
P13947 2053 2 39 43 78 37 89 152 134 76 49 39 0 0 0 0 7 6 15 0 0 0 0 0 0 92 40 143 46 76 -999 -999 -999
P13947 2053 3 9 0 0 0 0 0 0 0 0 0 0 0 0 0 0 0 0 0 0 0 0 0 0 0 0 0 0 0 0 0 23
P13947 2053 4 43 13 10 3 2 4 0 3 0 0 0 0 0 155 58 1 14 0 0 0 0 0 0 0 0 84 31 0 0 0 -999
P13947 2053 5 0 0 4 0 0 0 0 0 0 0 13 0 0 0 0 0 0 0 0 0 0 0 0 0 0 0 0 0 2 2 0
P13947 2053 6 0 0 0 0 0 0 0 0 0 0 0 0 0 0 0 0 0 0 0 0 0 0 0 0 0 0 0 0 0 0 -999
P13947 2053 7 0 0 0 0 0 0 0 0 0 0 0 0 0 0 0 0 0 0 0 0 0 0 0 0 0 0 0 0 0 0 0
P13947 2053 8 0 0 0 0 0 0 0 0 0 0 0 0 0 0 0 0 0 0 0 0 0 0 0 0 0 0 0 0 0 0 0
P13947 2053 9 0 0 0 0 0 0 0 0 0 0 0 0 0 0 0 0 0 0 0 0 0 0 0 0 0 0 0 0 101 55 -999
P13947 2053 10 3 0 0 0 0 0 0 0 35 0 0 0 0 0 0 0 0 0 0 1 0 0 0 0 0 0 4 0 0 0 0
P13947 2053 11 0 0 4 5 2 0 0 0 0 0 0 0 0 0 206 53 85 43 179 75 249 15 26 121 8 3 0 0 0 0 -999
P13947 2053 12 0 0 0 0 0 0 0 0 3 5 17 71 78 158 23 29 85 57 24 21 11 0 16 73 27 20 0 0 0 0 0
P13947 2054 1 63 32 8 0 42 24 73 9 12 10 7 2 2 1 0 13 55 39 18 5 2 16 30 3 10 0 3 2 6 6 4
P13947 2054 2 0 0 38 59 75 29 9 18 3 0 0 0 0 0 0 0 0 0 0 6 16 4 11 13 0 0 0 0 -999 -999 -999
P13947 2054 3 0 0 0 0 0 0 0 5 2 1 0 10 6 1 110 8 99 8 3 14 9 0 55 5 51 98 17 15 83 107 210
P13947 2054 4 17 33 15 97 19 66 24 38 6 102 42 0 0 0 12 2 0 59 21 57 42 32 2 62 85 60 21 13 1 0 -999
P13947 2054 5 0 0 28 33 29 4 2 17 51 154 53 29 4 0 0 0 0 0 0 4 4 1 0 0 0 0 0 0 0 0 0
P13947 2054 6 0 0 0 0 0 0 0 0 0 0 0 0 0 14 0 0 0 0 0 0 0 0 0 0 0 0 1 0 0 0 -999
P13947 2054 7 0 0 0 0 0 0 0 0 0 0 0 0 0 0 0 0 0 0 21 6 0 0 0 0 0 0 0 0 0 0 0
P13947 2054 8 0 0 0 0 0 0 0 0 0 0 0 0 0 0 0 0 0 0 0 0 0 0 0 0 0 0 0 0 0 0 0
P13947 2054 9 0 0 0 0 0 0 0 0 0 0 0 0 0 0 0 0 0 0 0 0 0 0 0 43 0 0 0 0 0 0 -999
P13947 2054 10 0 0 0 0 0 0 0 46 21 2 70 14 4 0 0 0 0 0 0 0 61 102 3 10 6 1 0 4 2 10 158
P13947 2054 11 82 176 117 40 170 66 21 16 100 0 0 0 0 0 6 11 3 1 4 1 0 0 0 0 4 1 18 89 138 9 -999
P13947 2054 12 149 30 1 1 2 10 0 0 0 16 13 8 53 5 10 1 10 8 0 0 0 5 13 1 0 0 0 0 0 0 0
P13947 2055 1 0 0 0 121 150 13 0 0 0 0 51 77 57 78 33 94 51 136 112 70 64 165 96 14 5 4 2 2 5 2 0
P13947 2055 2 0 0 0 0 0 0 0 0 0 0 0 0 3 8 22 46 1 11 3 7 0 0 0 0 0 0 0 0 -999 -999 -999
P13947 2055 3 0 0 50 45 6 90 51 46 104 138 58 65 105 67 29 14 0 56 10 10 11 34 67 124 19 68 124 52 50 103 9
P13947 2055 4 1 3 0 8 9 21 86 4 120 35 8 13 6 2 4 2 0 0 0 0 0 0 0 54 39 23 13 11 8 23 -999
P13947 2055 5 58 167 179 63 10 0 0 33 85 6 0 2 1 2 1 0 0 0 0 0 0 0 0 0 0 0 0 0 0 0 0
P13947 2055 6 0 0 0 0 0 0 0 0 0 0 0 0 6 10 134 31 5 7 2 3 3 2 0 0 0 0 0 0 0 0 -999
P13947 2055 7 0 0 0 0 0 0 0 0 0 0 0 0 0 0 0 0 0 0 0 0 0 0 0 0 0 0 0 0 0 0 0
P13947 2055 8 0 0 0 0 0 0 0 0 0 0 0 0 0 0 0 0 0 0 0 0 0 0 0 0 0 0 0 0 0 0 0
P13947 2055 9 0 0 0 0 0 0 0 0 0 0 0 0 0 0 0 0 0 0 0 0 0 0 0 18 14 0 0 0 0 8 -999
P13947 2055 10 1 0 0 0 0 0 12 87 3 1 7 63 6 0 5 0 3 12 7 0 12 2 29 166 6 2 18 0 0 0 0
P13947 2055 11 0 0 0 0 24 211 64 55 4 0 0 7 0 24 0 33 2 0 0 0 0 14 14 31 0 2 0 0 0 50 -999
P13947 2055 12 86 26 2 2 3 0 0 0 0 0 23 117 91 76 79 29 11 19 11 180 147 11 5 0 0 0 0 0 0 0 12
P13947 2056 1 0 3 6 14 12 15 160 14 4 0 20 0 0 0 9 14 5 9 0 8 43 29 78 19 106 4 76 85 2 3 3
P13947 2056 2 0 0 0 12 7 0 0 0 0 0 0 0 0 0 0 3 3 0 0 4 5 12 6 1 0 0 0 0 -999 -999 -999
P13947 2056 3 0 0 0 0 0 0 0 0 0 27 20 0 0 0 0 46 7 2 15 11 5 0 7 13 2 14 19 43 24 23 9
P13947 2056 4 0 0 0 0 0 0 0 0 0 0 5 0 0 0 0 0 0 0 0 0 0 0 79 45 0 0 30 23 5 0 -999
P13947 2056 5 29 38 81 9 3 36 1 1 0 1 4 13 3 0 0 0 0 0 0 0 0 0 0 15 22 2 15 6 15 1 2
P13947 2056 6 0 0 0 0 29 16 15 2 0 0 2 0 0 0 0 0 5 0 0 0 0 0 0 0 0 0 0 0 0 0 -999
P13947 2056 7 0 0 0 0 0 0 0 0 0 0 0 0 0 5 0 0 0 0 0 0 0 0 0 0 0 0 0 0 0 0 0
P13947 2056 8 0 0 0 0 0 0 0 0 0 0 0 0 0 0 0 0 0 0 0 0 0 0 0 0 0 0 0 0 0 0 0
P13947 2056 9 0 0 0 0 0 0 0 0 0 0 0 0 0 0 0 0 0 0 0 0 0 0 0 0 0 0 0 0 18 0 -999
P13947 2056 10 0 27 8 0 0 0 0 0 0 0 0 0 0 0 0 0 0 0 0 0 0 0 29 119 103 22 0 0 0 0 0
P13947 2056 11 0 0 11 26 39 47 101 48 9 0 0 0 0 0 0 0 0 0 25 18 11 18 2 47 121 14 0 0 0 77 -999
P13947 2056 12 22 136 79 19 29 52 179 128 14 141 194 37 3 69 27 154 36 92 58 98 159 28 1 0 0 0 0 0 0 0 0
P13947 2057 1 0 0 0 0 14 24 50 29 10 9 0 0 0 10 0 0 0 0 0 0 0 0 0 13 19 81 138 171 27 5 125
P13947 2057 2 39 45 28 114 153 172 201 236 135 94 0 0 0 0 0 0 0 20 71 189 4 4 3 1 1 0 0 0 -999 -999 -999
P13947 2057 3 0 0 0 0 0 0 0 0 0 0 4 2 0 0 0 0 12 0 0 0 0 0 0 0 38 25 21 15 11 18 48
P13947 2057 4 1 3 1 0 0 0 0 0 0 0 0 55 22 5 151 72 8 7 4 3 3 8 0 0 1 0 0 13 1 1 -999
P13947 2057 5 0 0 0 0 0 0 0 0 0 0 0 1 1 1 44 43 51 24 1 0 0 0 1 2 0 0 0 49 24 9 15
P13947 2057 6 3 0 2 1 0 0 0 0 0 8 0 0 0 0 0 0 0 0 0 0 0 0 0 0 0 0 0 0 0 0 -999
P13947 2057 7 0 0 0 0 0 0 0 0 0 0 0 0 0 0 0 0 0 0 0 0 0 0 0 0 0 0 0 0 0 0 0
P13947 2057 8 0 0 0 0 0 0 0 0 0 0 0 0 0 0 0 0 0 0 0 0 0 0 0 0 0 0 0 0 0 0 0
P13947 2057 9 0 0 0 0 0 0 0 0 0 0 0 0 0 0 0 0 0 0 0 24 0 0 0 0 0 0 8 0 0 0 -999
P13947 2057 10 0 1 2 0 0 0 0 0 0 0 0 0 0 0 0 0 0 16 0 0 0 0 0 0 0 0 0 0 0 19 15
P13947 2057 11 20 6 182 191 4 24 1 32 12 9 104 94 17 24 20 57 4 1 7 16 2 1 0 0 0 0 0 0 0 0 -999
P13947 2057 12 0 0 0 0 0 4 2 0 8 9 25 45 191 22 19 1 3 0 0 0 0 0 0 0 0 0 0 0 0 0 0
P13947 2058 1 0 0 0 0 0 0 0 0 18 24 0 0 0 21 28 0 0 0 0 0 0 0 0 0 0 8 15 8 1 23 5
P13947 2058 2 23 3 0 0 0 0 0 0 0 0 0 5 12 13 25 5 0 0 0 0 0 0 0 0 0 0 0 0 -999 -999 -999
P13947 2058 3 0 0 0 1 2 0 0 0 0 0 0 0 0 0 0 0 0 0 0 18 135 102 37 199 114 118 2 3 2 1 3
P13947 2058 4 0 0 0 0 3 1 0 0 5 19 4 3 5 6 4 3 7 24 13 4 0 0 1 0 0 0 0 0 0 0 -999
P13947 2058 5 0 0 0 0 0 0 0 0 0 0 0 0 0 0 0 0 0 0 0 0 0 2 0 2 2 2 1 1 10 18 6
P13947 2058 6 43 0 0 0 0 0 0 8 0 0 0 0 0 0 0 0 0 0 0 0 0 0 0 0 0 0 0 0 0 0 -999
P13947 2058 7 0 0 0 0 0 0 0 0 0 0 0 0 0 0 1 4 13 3 0 0 0 0 0 0 0 0 0 0 0 0 0
P13947 2058 8 0 0 0 0 0 0 0 0 0 0 0 0 0 0 0 0 0 0 0 0 0 0 0 0 0 0 0 0 0 0 0
P13947 2058 9 0 0 0 0 0 0 0 0 0 0 0 0 3 1 4 1 0 0 0 0 0 10 24 3 16 3 0 0 0 0 -999
P13947 2058 10 0 0 0 2 0 0 0 0 0 0 0 0 0 0 0 0 0 0 0 0 0 0 0 0 0 0 0 0 5 1 0
P13947 2058 11 1 1 0 0 1 1 0 28 43 17 24 26 25 13 12 63 42 223 125 169 19 15 5 3 5 31 96 55 131 78 -999
P13947 2058 12 1 29 40 40 4 14 24 2 4 0 0 0 0 0 28 2 9 39 73 82 63 83 5 15 12 33 144 74 7 16 26
P13947 2059 1 10 64 10 9 7 3 2 6 4 0 0 0 0 0 7 12 15 3 24 4 29 19 14 0 0 3 0 0 0 0 0
P13947 2059 2 9 7 0 0 0 0 0 0 0 0 0 0 0 0 0 0 0 0 0 0 0 0 0 0 0 0 0 0 -999 -999 -999
P13947 2059 3 0 0 0 0 0 0 0 0 0 0 0 0 1 0 0 0 0 0 0 9 30 9 53 65 16 144 15 3 3 2 1
P13947 2059 4 3 4 0 0 0 0 0 0 0 0 0 0 0 0 0 0 0 0 0 0 0 0 0 0 0 0 0 0 0 8 -999
P13947 2059 5 0 0 0 0 45 4 3 7 6 8 0 0 0 0 0 8 5 2 0 0 0 0 0 0 0 0 0 0 0 0 0
P13947 2059 6 0 0 0 0 0 0 0 0 0 0 0 0 0 0 0 0 0 0 0 0 0 0 0 0 0 0 0 0 0 0 -999
P13947 2059 7 0 0 0 0 0 0 0 0 0 0 0 0 0 0 0 7 3 0 0 0 0 0 0 0 0 0 0 0 0 0 0
P13947 2059 8 0 0 0 0 0 0 0 0 0 0 0 0 0 0 0 0 0 0 0 0 0 0 0 0 0 0 0 0 0 0 0
P13947 2059 9 0 0 0 0 0 0 0 0 0 0 0 0 0 0 0 0 0 0 0 0 0 0 0 40 21 0 0 0 0 0 -999
P13947 2059 10 0 0 0 0 0 0 0 0 0 0 0 0 0 0 40 0 0 0 0 42 79 55 233 29 19 25 2 0 0 0 4
P13947 2059 11 14 8 0 0 0 0 0 6 3 4 77 6 2 18 223 32 1 2 1 12 38 38 124 26 2 5 30 2 0 5 -999
P13947 2059 12 0 0 0 0 0 0 0 19 16 50 1 18 6 1 1 0 0 0 0 0 0 0 0 0 0 0 0 18 68 36 10
P13947 2060 1 12 22 49 47 44 34 1 0 0 3 0 0 0 0 0 0 0 0 0 0 0 0 0 0 0 7 2 6 2 4 1
P13947 2060 2 0 0 0 7 32 5 25 10 41 34 97 110 69 86 263 88 87 123 27 21 88 21 33 15 22 17 64 18 -999 -999 -999
P13947 2060 3 195 47 37 121 73 84 36 68 98 54 0 0 2 1 0 0 17 126 188 107 168 53 15 28 4 0 7 130 9 19 3
P13947 2060 4 0 0 0 0 0 0 0 0 0 0 0 0 0 0 0 0 0 0 0 0 0 0 0 0 0 0 0 0 0 0 -999
P13947 2060 5 0 0 0 0 0 0 0 0 0 0 0 0 0 0 0 0 0 0 0 0 0 0 0 0 0 0 0 0 0 0 0
P13947 2060 6 0 0 0 0 14 22 87 52 15 3 2 2 0 2 1 1 0 0 0 0 0 0 0 0 17 13 0 0 0 0 -999
P13947 2060 7 0 0 0 0 0 0 0 0 0 0 0 0 0 0 0 0 0 0 0 0 0 0 0 0 0 0 0 0 0 0 0
P13947 2060 8 0 0 0 0 0 0 0 0 0 0 0 0 0 0 0 0 0 0 0 0 0 0 0 0 0 0 0 0 0 0 0
P13947 2060 9 0 0 0 0 0 0 0 0 0 0 0 0 0 0 2 4 0 0 0 0 0 0 0 0 0 0 44 0 0 0 -999
P13947 2060 10 0 0 0 0 0 0 0 0 0 0 0 65 67 157 1 1 10 9 0 0 18 3 10 5 27 2 5 19 21 9 215
P13947 2060 11 35 5 20 12 3 4 0 0 15 10 2 5 13 1 8 3 3 27 9 0 0 1 0 6 11 36 29 4 22 7 -999
P13947 2060 12 2 14 46 15 30 76 19 0 5 1 1 0 0 15 10 53 14 36 12 88 122 3 23 14 15 27 13 15 8 10 0
P13947 2061 1 0 0 0 18 0 0 0 0 0 2 18 0 0 17 8 0 54 1 29 75 15 209 134 67 80 164 247 76 119 23 140
P13947 2061 2 7 0 0 0 15 4 0 0 0 0 41 29 18 101 133 8 34 55 13 133 9 43 14 2 14 10 32 4 -999 -999 -999
P13947 2061 3 120 50 131 60 37 2 37 8 13 12 159 14 197 31 101 47 15 60 149 14 26 1 0 0 0 0 0 0 0 0 0
P13947 2061 4 0 0 6 26 64 45 52 96 63 18 26 18 15 15 0 0 0 9 34 9 0 0 0 0 0 0 0 0 0 0 -999
P13947 2061 5 0 0 37 11 13 3 0 0 0 0 0 0 0 0 0 0 0 0 0 0 0 0 0 0 0 0 0 0 0 0 0
P13947 2061 6 0 0 0 0 0 0 0 0 0 0 0 0 0 0 0 0 0 0 0 0 0 0 0 0 0 0 0 0 0 0 -999
P13947 2061 7 0 0 0 0 0 0 0 0 0 0 0 0 0 0 0 0 0 0 0 0 0 0 0 0 0 0 0 0 0 0 0
P13947 2061 8 0 0 0 0 0 0 0 0 0 0 0 0 0 0 0 0 0 0 0 0 0 0 0 0 0 0 0 0 0 0 0
P13947 2061 9 0 0 0 0 0 0 0 0 0 0 0 0 0 0 0 29 57 134 99 120 100 38 1 0 0 0 0 0 0 0 -999
P13947 2061 10 0 18 8 2 0 19 123 8 82 16 0 0 1 2 2 1 5 12 1 0 0 0 0 0 33 77 229 30 5 0 0
P13947 2061 11 0 0 5 0 0 0 0 26 1 8 0 1 0 2 1 0 0 0 0 0 0 0 0 0 2 4 5 12 12 11 -999
P13947 2061 12 31 55 98 0 0 0 0 0 0 0 0 4 0 0 0 0 0 6 8 4 7 6 2 0 0 0 0 0 5 21 0
P13947 2062 1 0 0 0 0 0 0 0 0 0 0 0 0 11 11 29 100 34 43 3 15 9 0 0 0 0 0 4 28 10 86 101
P13947 2062 2 32 21 21 11 9 120 55 164 70 14 1 0 0 0 0 0 0 0 13 0 1 12 19 47 81 20 95 5 -999 -999 -999
P13947 2062 3 0 0 0 0 10 28 1 0 0 5 0 0 0 0 3 0 0 0 0 0 0 8 16 61 5 25 0 0 0 0 0
P13947 2062 4 4 20 11 1 0 0 0 0 0 66 42 12 1 0 0 0 5 18 1 3 4 1 10 195 17 2 2 5 0 0 -999
P13947 2062 5 0 0 0 0 0 0 0 0 0 0 0 0 0 0 0 0 0 11 8 0 0 0 0 0 1 2 2 22 24 1 6
P13947 2062 6 15 1 0 0 0 0 0 0 0 0 8 9 0 0 0 0 0 0 0 0 0 0 0 0 0 0 0 0 0 0 -999
P13947 2062 7 0 0 0 0 0 0 0 0 0 0 0 0 0 0 0 0 0 0 0 0 0 0 0 0 0 0 0 0 0 0 0
P13947 2062 8 0 7 3 0 0 0 0 0 0 0 0 0 0 0 0 0 0 0 0 0 0 0 0 0 0 0 0 0 0 0 0
P13947 2062 9 0 0 0 0 0 0 0 0 0 0 0 0 0 0 0 0 0 0 0 0 0 0 0 0 0 0 0 0 0 0 -999
P13947 2062 10 0 0 0 0 0 0 34 0 0 0 0 0 0 0 0 0 0 0 0 96 20 28 52 10 19 0 17 14 5 9 2
P13947 2062 11 0 0 0 53 184 225 4 0 0 0 24 7 2 0 4 0 0 15 18 72 87 20 157 23 64 2 0 14 0 9 -999
P13947 2062 12 3 1 1 2 0 0 23 0 0 42 235 3 2 0 0 59 8 7 14 14 8 26 142 39 25 0 0 0 0 0 0
P13947 2063 1 0 0 0 0 0 5 0 0 0 0 0 9 16 30 0 0 0 0 0 0 0 0 0 12 0 20 45 7 0 0 0
P13947 2063 2 0 0 0 0 0 0 4 8 16 0 0 7 2 4 36 1 0 0 0 0 2 6 1 3 2 3 0 5 -999 -999 -999
P13947 2063 3 5 0 0 0 0 2 5 5 3 11 123 19 73 103 80 77 9 11 17 0 0 0 0 0 0 0 90 158 65 4 1
P13947 2063 4 25 34 30 20 0 0 0 1 1 38 32 16 4 5 9 0 0 74 5 4 2 47 7 1 3 11 10 7 3 3 -999
P13947 2063 5 0 0 0 0 0 0 0 0 0 0 14 8 8 5 5 4 1 1 2 4 7 13 1 0 0 0 0 0 0 0 0
P13947 2063 6 0 0 0 0 0 0 2 5 0 0 0 0 0 0 0 0 0 0 0 0 0 0 0 0 0 0 0 0 0 0 -999
P13947 2063 7 0 0 0 0 0 0 0 0 0 0 0 0 0 0 0 0 0 0 0 0 0 0 0 0 0 0 0 0 0 0 0
P13947 2063 8 0 0 0 0 0 0 0 0 0 0 0 0 0 0 0 0 0 0 0 0 0 0 0 0 0 0 0 0 0 0 0
P13947 2063 9 0 0 0 0 0 0 0 0 0 0 0 0 0 0 0 0 0 0 0 0 0 0 0 0 0 0 112 10 10 1 -999
P13947 2063 10 1 0 0 0 0 8 0 3 22 82 128 7 4 13 32 0 4 1 16 136 27 48 1 0 0 0 0 70 3 7 1
P13947 2063 11 0 0 0 0 0 0 0 0 0 6 1 1 0 8 6 2 0 0 0 0 1 7 4 10 43 1 6 91 3 44 -999
P13947 2063 12 156 66 122 2 0 0 29 11 7 14 49 127 19 72 2 0 12 24 6 0 0 0 45 33 27 0 30 15 21 154 8
P13947 2064 1 6 10 6 51 2 30 4 2 8 44 161 125 50 55 10 3 1 0 0 0 0 0 0 0 0 0 0 3 7 3 0
P13947 2064 2 0 0 0 0 0 0 0 0 0 0 0 0 0 22 34 31 34 9 3 2 0 0 0 0 0 0 0 26 -999 -999 -999
P13947 2064 3 0 17 37 75 124 34 10 8 22 48 144 16 10 7 0 16 1 18 2 2 1 12 56 14 1 5 2 3 0 0 0
P13947 2064 4 0 0 0 0 0 0 0 4 1 6 0 0 0 0 0 0 5 8 6 1 2 0 0 9 8 3 0 28 0 0 -999
P13947 2064 5 5 27 1 0 0 0 0 0 0 0 7 1 3 2 0 0 0 6 16 0 0 0 0 0 0 0 0 0 0 0 0
P13947 2064 6 0 0 0 0 0 0 0 0 15 0 0 0 0 0 0 0 0 0 0 0 0 0 0 0 0 0 0 0 0 0 -999
P13947 2064 7 0 0 0 0 0 0 0 0 0 0 0 0 0 0 0 0 0 0 0 0 0 0 0 0 0 0 0 0 0 0 0
P13947 2064 8 0 0 0 0 0 0 0 0 0 0 0 0 0 0 0 0 0 0 0 0 0 0 0 0 0 0 0 0 0 0 0
P13947 2064 9 0 0 0 0 0 0 0 0 0 0 0 0 0 0 0 0 0 0 0 0 0 0 0 0 0 0 0 19 1 2 -999
P13947 2064 10 3 2 3 7 2 0 0 0 0 0 0 0 0 0 0 0 0 0 0 0 42 7 6 48 5 1 3 0 0 0 0
P13947 2064 11 0 2 1 0 1 6 4 1 4 5 2 3 4 3 5 0 0 0 0 0 0 0 0 28 36 6 22 36 81 1 -999
P13947 2064 12 3 21 11 11 17 6 0 0 27 176 133 10 0 0 0 0 10 6 7 60 53 42 15 28 5 17 39 111 16 82 11
P13947 2065 1 10 18 3 3 2 2 1 6 32 10 4 12 5 1 0 0 0 0 0 0 0 0 18 0 0 0 0 0 0 0 5
P13947 2065 2 35 25 7 23 3 0 0 0 0 0 0 0 0 0 0 0 0 0 8 0 15 0 16 3 77 2 2 7 -999 -999 -999
P13947 2065 3 1 6 2 5 7 23 56 8 8 77 3 3 0 0 3 4 5 23 13 4 7 15 6 71 5 13 37 121 26 58 49
P13947 2065 4 21 9 14 5 1 0 0 0 0 6 15 0 0 0 0 0 0 0 0 0 0 0 0 2 38 34 0 6 20 25 -999
P13947 2065 5 15 1 14 0 0 0 0 2 7 2 0 1 1 0 0 8 33 2 4 6 2 0 0 0 0 0 0 0 0 4 5
P13947 2065 6 6 21 16 68 24 20 16 6 0 0 0 139 56 3 0 0 0 0 30 0 0 0 0 0 0 0 0 0 0 0 -999
P13947 2065 7 0 0 0 0 0 0 0 0 0 0 0 0 0 0 0 0 0 0 0 0 0 0 0 0 0 0 0 0 0 0 0
P13947 2065 8 0 0 0 0 0 0 0 0 0 0 0 0 0 0 0 0 0 0 0 0 0 0 0 0 0 0 0 0 0 0 0
P13947 2065 9 0 0 0 0 0 0 0 0 0 0 0 0 0 0 0 0 0 0 0 0 10 32 112 125 95 52 46 11 0 0 -999
P13947 2065 10 0 0 0 0 0 0 0 0 0 0 0 0 0 0 0 0 29 112 213 1 6 8 15 1 0 0 0 0 0 0 0
P13947 2065 11 9 0 2 12 60 6 15 24 1 0 0 0 24 17 0 14 0 0 0 0 0 0 0 0 0 4 0 0 0 0 -999
P13947 2065 12 0 0 0 0 0 5 0 0 0 18 16 176 24 3 3 3 0 0 0 0 86 10 57 45 28 44 8 0 4 0 11
P13947 2066 1 1 0 6 10 28 0 0 14 6 0 0 0 0 0 0 0 0 0 0 0 0 0 0 0 0 0 0 0 0 0 0
P13947 2066 2 0 0 0 0 0 0 4 10 8 0 0 0 0 0 0 0 0 0 0 4 0 0 0 37 24 201 3 5 -999 -999 -999
P13947 2066 3 31 148 147 82 68 94 139 47 37 8 39 54 14 0 39 93 19 1 0 0 14 14 7 18 5 3 0 57 18 49 207
P13947 2066 4 32 12 0 0 0 0 41 39 0 0 0 0 0 0 4 3 25 26 3 0 0 0 0 0 0 0 0 0 0 0 -999
P13947 2066 5 3 0 0 0 0 0 2 0 0 0 0 0 0 0 0 0 10 0 0 0 0 0 0 0 0 0 0 0 0 0 0
P13947 2066 6 0 0 0 0 2 1 0 0 0 0 0 0 0 0 0 0 0 0 0 0 0 0 0 0 0 0 0 0 0 0 -999
P13947 2066 7 0 0 0 0 0 0 0 0 0 0 0 0 0 0 0 0 0 0 0 0 0 0 0 0 0 0 0 0 0 0 0
P13947 2066 8 0 0 0 0 0 0 0 0 0 0 0 0 0 0 0 0 0 0 0 0 0 0 0 0 0 0 0 0 0 0 0
P13947 2066 9 0 0 0 0 0 0 0 0 0 0 0 0 0 0 0 0 0 0 0 0 0 0 0 0 0 0 0 0 0 0 -999
P13947 2066 10 0 0 0 0 0 0 0 0 0 0 9 19 95 31 68 133 55 32 3 5 0 0 0 0 0 10 31 71 30 28 186
P13947 2066 11 31 19 24 28 12 0 0 0 56 6 0 2 2 4 0 14 30 28 27 41 75 230 4 0 0 31 152 168 99 226 -999
P13947 2066 12 136 135 116 0 0 0 0 0 0 22 16 107 82 193 19 33 162 104 1 8 20 24 16 9 5 51 33 55 8 0 0
P13947 2067 1 0 0 36 29 25 17 17 0 0 3 13 8 43 36 43 51 34 42 163 6 6 44 39 13 5 26 10 6 3 3 7
P13947 2067 2 10 9 4 1 1 1 20 41 128 20 23 154 4 1 0 0 1 6 16 7 3 8 6 5 0 0 0 4 -999 -999 -999
P13947 2067 3 0 0 0 7 4 0 5 10 18 8 10 27 16 50 23 20 28 3 0 0 2 0 0 0 44 14 117 40 7 3 0
P13947 2067 4 0 0 0 0 0 0 13 4 2 1 0 0 0 22 9 2 1 5 10 11 1 0 0 20 42 43 13 12 0 10 -999
P13947 2067 5 0 0 0 0 0 0 0 0 0 9 6 2 9 10 5 2 25 23 109 76 25 21 2 4 0 0 0 0 0 0 0
P13947 2067 6 0 0 0 0 0 0 0 0 0 0 0 0 0 0 0 0 0 0 0 0 0 0 0 0 0 0 0 0 0 0 -999
P13947 2067 7 0 0 0 0 0 0 0 0 0 0 0 0 0 0 0 0 0 0 0 0 0 0 0 0 0 0 0 0 0 0 0
P13947 2067 8 0 0 0 0 0 0 0 0 0 0 0 0 0 0 0 0 0 0 0 0 0 0 0 0 0 0 0 0 0 0 0
P13947 2067 9 0 0 0 0 0 0 0 0 0 0 0 0 0 0 7 0 0 0 0 0 0 0 0 0 0 0 0 0 0 0 -999
P13947 2067 10 0 0 0 0 0 0 0 0 0 0 0 0 0 0 0 0 0 0 0 0 0 0 0 0 0 0 0 0 0 0 45
P13947 2067 11 21 78 241 43 23 23 48 78 82 47 17 55 3 6 40 55 13 66 128 44 0 0 0 0 8 11 0 7 98 7 -999
P13947 2067 12 5 19 0 30 102 221 3 0 48 120 148 197 49 9 0 0 0 0 0 21 3 13 0 0 0 0 0 0 0 0 0
P13947 2068 1 0 1 9 2 0 0 0 4 5 83 18 6 8 5 6 4 5 5 0 0 0 0 0 0 5 40 3 3 67 59 152
P13947 2068 2 28 62 22 6 8 57 18 62 97 64 21 0 0 0 48 40 2 2 5 11 15 2 8 14 6 0 0 0 -999 -999 -999
P13947 2068 3 0 0 5 11 8 0 0 0 0 82 78 24 0 0 0 0 37 0 0 36 7 4 0 36 20 7 0 0 0 0 26
P13947 2068 4 24 14 4 37 46 28 1 0 0 0 0 0 0 0 0 0 0 0 0 0 0 2 3 5 3 9 5 14 4 1 -999
P13947 2068 5 0 0 0 0 0 0 3 3 2 9 38 195 100 7 80 30 11 8 7 5 15 1 0 0 0 0 0 0 0 0 0
P13947 2068 6 0 0 0 0 0 0 0 0 0 0 0 0 29 9 0 0 0 0 0 0 0 0 0 0 0 0 0 0 0 0 -999
P13947 2068 7 0 0 0 0 0 0 0 0 0 0 0 0 0 0 0 0 0 0 0 0 0 0 0 0 0 0 0 0 0 0 0
P13947 2068 8 0 0 0 0 0 0 0 0 0 0 0 0 0 0 0 0 0 0 0 0 0 0 0 0 0 0 0 0 0 0 0
P13947 2068 9 0 0 0 0 0 0 0 0 0 0 0 0 0 0 0 0 0 0 0 0 54 113 98 76 34 0 24 24 0 0 -999
P13947 2068 10 6 0 0 0 0 0 19 83 1 0 0 0 26 20 6 1 0 0 1 5 12 54 144 25 9 1 1 7 34 12 16
P13947 2068 11 2 0 0 0 0 0 0 0 0 0 0 0 0 0 0 98 8 3 3 5 30 243 9 40 13 0 0 0 0 27 -999
P13947 2068 12 12 0 100 39 161 56 12 25 16 35 43 5 33 9 44 114 91 165 21 0 0 19 0 2 3 49 15 1 1 0 0
P13947 2069 1 0 0 0 0 0 14 6 4 9 24 13 7 4 0 0 0 0 0 0 0 0 0 0 0 0 12 21 114 235 114 50
P13947 2069 2 64 85 47 26 163 11 32 128 178 44 11 21 102 28 6 0 0 0 0 0 0 0 27 1 6 6 3 16 -999 -999 -999
P13947 2069 3 139 84 7 1 3 0 0 0 59 46 35 0 0 0 0 0 0 0 0 0 11 3 3 30 2 16 37 74 212 2 3
P13947 2069 4 30 2 0 0 0 0 15 39 7 16 41 204 14 18 113 166 45 82 182 118 19 5 13 37 2 0 15 40 72 97 -999
P13947 2069 5 96 102 10 8 50 65 91 109 36 19 6 4 0 0 0 9 3 1 0 62 8 0 2 3 4 13 17 11 1 1 1
P13947 2069 6 18 8 6 0 0 0 0 0 0 0 0 0 0 0 0 0 0 0 0 0 0 0 0 0 0 0 0 0 0 0 -999
P13947 2069 7 0 8 1 2 0 0 0 0 0 0 0 0 0 0 0 0 0 0 0 0 0 0 0 0 0 0 0 0 0 0 0
P13947 2069 8 0 0 0 0 0 0 0 0 0 0 0 0 0 0 0 0 0 0 0 0 0 0 0 0 0 0 0 0 0 0 0
P13947 2069 9 0 0 0 0 0 0 0 0 43 1 2 0 0 0 0 0 0 0 0 0 0 0 0 1 3 3 37 14 20 74 -999
P13947 2069 10 128 102 105 13 0 0 0 0 0 0 0 0 0 0 21 10 6 1 1 5 9 9 49 11 15 2 0 0 0 0 19
P13947 2069 11 66 61 66 41 3 0 0 0 33 97 123 40 31 29 24 0 0 0 0 0 14 3 24 137 11 164 3 206 63 8 -999
P13947 2069 12 1 67 141 52 15 6 9 9 2 0 0 0 8 0 0 0 0 0 0 0 0 0 73 72 4 6 8 0 0 0 0
P13947 2070 1 0 20 21 49 81 26 4 6 130 10 28 11 5 3 0 0 12 2 70 72 81 63 56 92 172 25 118 9 32 182 77
P13947 2070 2 29 72 173 23 18 5 9 11 11 144 72 15 0 0 0 0 30 3 3 0 0 23 120 158 85 46 176 27 -999 -999 -999
P13947 2070 3 14 0 0 0 0 0 0 0 0 35 62 92 12 1 0 1 14 93 177 8 115 71 48 20 99 4 0 0 0 0 0
P13947 2070 4 62 41 8 1 90 113 44 144 49 27 104 90 4 3 0 40 12 1 1 0 5 8 24 15 10 2 3 22 5 0 -999
P13947 2070 5 2 2 8 37 82 16 17 18 4 21 2 98 38 81 34 40 4 10 19 0 0 0 0 0 0 0 0 0 0 0 0
P13947 2070 6 0 0 0 13 20 0 0 0 0 0 0 0 0 0 0 0 0 0 0 0 0 0 0 0 0 0 0 0 0 0 -999
P13947 2070 7 0 0 0 0 0 0 0 0 0 0 0 0 0 0 0 0 0 0 0 0 0 0 0 0 0 0 0 0 0 0 0
P13947 2070 8 0 0 0 0 0 0 0 0 0 0 0 0 0 0 0 0 0 0 0 0 0 0 0 0 0 0 0 0 0 0 0
P13947 2070 9 0 0 0 0 0 0 0 0 0 0 0 0 0 0 0 0 0 0 0 0 48 0 0 0 0 0 0 58 24 45 -999
P13947 2070 10 0 0 0 0 0 0 0 24 17 17 33 0 0 0 0 0 0 11 67 103 171 134 51 0 0 0 0 0 11 32 5
P13947 2070 11 0 0 99 65 10 14 33 92 107 11 75 231 69 29 1 33 102 0 38 32 78 140 166 49 12 0 0 0 0 1 -999
P13947 2070 12 0 6 8 0 0 0 0 0 3 4 4 0 0 0 0 0 0 0 1 1 3 148 50 45 26 2 41 66 103 14 8
P13947 2071 1 2 9 35 19 3 1 1 6 23 27 15 40 134 30 54 23 49 98 119 46 28 24 103 122 66 9 9 5 12 87 61
P13947 2071 2 13 22 7 14 147 52 13 39 4 0 0 0 0 0 1 3 2 1 26 46 51 30 7 16 36 168 225 8 -999 -999 -999
P13947 2071 3 3 2 0 0 10 6 9 7 17 47 4 3 0 0 0 0 0 8 22 5 0 0 0 0 0 0 0 0 49 5 0
P13947 2071 4 0 0 0 0 0 0 0 0 0 0 0 0 0 0 0 0 0 0 0 0 0 0 0 0 0 0 0 0 0 0 -999
P13947 2071 5 0 0 0 0 0 0 0 0 0 0 0 0 0 0 43 17 22 15 0 0 0 0 0 0 0 0 0 0 0 0 0
P13947 2071 6 0 0 0 0 0 0 0 27 5 1 0 0 0 0 0 0 0 0 0 0 0 0 0 0 0 0 0 0 0 0 -999
P13947 2071 7 0 0 0 0 0 0 0 0 0 0 0 0 0 0 0 0 0 0 0 0 0 0 0 0 0 0 0 0 0 0 0
P13947 2071 8 0 0 0 0 0 0 0 0 0 0 0 0 0 0 0 0 0 0 0 0 0 0 0 0 0 0 0 0 0 0 0
P13947 2071 9 0 0 0 0 0 0 0 0 0 0 0 0 0 0 0 0 0 0 0 0 0 0 0 0 0 0 0 0 0 0 -999
P13947 2071 10 0 0 0 0 0 0 0 3 6 2 1 1 6 0 0 0 0 0 0 3 0 0 0 0 43 8 0 0 0 0 4
P13947 2071 11 79 33 4 5 6 17 44 157 36 12 11 8 3 4 12 30 3 4 0 0 0 0 0 0 0 10 6 1 0 0 -999
P13947 2071 12 6 4 6 2 31 43 4 0 2 0 0 0 0 0 0 0 0 0 0 1 4 11 0 0 0 0 0 0 0 0 5
P13947 2072 1 3 5 2 0 0 12 1 0 10 29 7 1 1 9 70 3 1 0 0 3 15 121 101 4 0 0 0 59 28 9 64
P13947 2072 2 2 1 7 28 193 37 48 80 13 179 47 157 172 95 109 65 57 91 99 73 84 261 97 32 12 11 33 2 -999 -999 -999
P13947 2072 3 0 0 0 19 58 37 124 51 5 8 8 44 5 8 0 0 0 0 63 0 0 9 15 3 1 0 0 0 0 0 4
P13947 2072 4 0 0 0 0 0 0 60 61 29 23 40 30 0 0 0 64 33 5 0 0 0 0 0 57 19 0 0 0 0 0 -999
P13947 2072 5 0 0 0 0 0 0 0 10 24 0 0 0 0 0 0 0 0 0 0 0 0 0 0 0 0 0 0 0 0 0 0
P13947 2072 6 0 0 0 0 0 0 0 0 0 0 0 0 0 0 0 0 0 0 0 0 0 0 0 0 0 0 0 0 0 0 -999
P13947 2072 7 0 0 0 0 0 0 0 0 0 0 0 0 0 0 0 0 0 0 0 0 0 0 0 0 0 0 0 0 0 0 0
P13947 2072 8 0 0 0 0 0 0 0 0 0 0 0 0 0 0 0 0 0 0 0 0 0 0 0 0 0 0 0 0 0 0 0
P13947 2072 9 0 0 0 0 0 0 0 0 0 0 0 0 0 0 0 0 0 0 0 0 0 0 0 0 0 0 0 0 0 0 -999
P13947 2072 10 70 21 15 19 1 2 9 7 0 0 0 0 0 0 0 0 0 14 8 8 17 23 0 0 48 106 36 7 0 76 125
P13947 2072 11 3 3 0 23 104 190 84 130 207 166 33 10 1 0 0 0 0 0 0 0 0 0 24 98 13 43 133 3 0 4 -999
P13947 2072 12 1 1 0 0 10 74 27 15 5 24 11 2 0 0 0 0 0 0 0 0 0 0 0 0 0 0 6 0 0 0 0
P13947 2073 1 0 0 0 0 0 12 0 0 0 0 0 0 0 0 0 0 0 0 0 0 0 0 0 0 0 0 0 0 0 0 0
P13947 2073 2 0 0 6 11 2 6 22 12 104 115 39 4 14 151 13 13 17 1 1 1 9 2 5 0 0 0 0 0 -999 -999 -999
P13947 2073 3 0 0 0 0 0 0 0 30 16 9 1 2 6 0 10 18 20 14 60 116 34 17 1 2 3 0 0 44 5 1 5
P13947 2073 4 0 0 0 0 0 0 0 0 0 0 0 0 0 0 0 0 0 11 0 5 4 3 0 0 0 0 2 6 2 0 -999
P13947 2073 5 25 0 0 0 0 0 0 0 0 0 0 0 0 0 30 40 16 16 22 25 0 7 64 189 3 1 4 2 0 0 0
P13947 2073 6 0 0 0 0 0 0 0 0 0 0 0 0 0 0 0 0 0 0 0 0 0 0 0 0 0 0 0 0 0 0 -999
P13947 2073 7 0 0 0 0 0 0 0 0 0 0 0 0 0 0 0 0 0 0 0 0 0 0 0 0 0 0 0 0 0 0 0
P13947 2073 8 0 0 0 0 0 0 0 0 0 0 0 0 0 0 0 0 0 0 0 0 0 0 0 0 0 0 0 0 0 0 0
P13947 2073 9 0 0 0 0 12 6 0 0 0 0 4 7 0 0 0 0 0 0 0 0 22 5 17 0 0 0 0 8 0 0 -999
P13947 2073 10 6 0 0 0 0 0 32 49 1 23 45 0 0 0 0 0 0 0 112 9 1 0 0 0 0 0 31 64 4 4 0
P13947 2073 11 0 5 1 1 2 9 144 55 101 162 9 8 2 0 2 0 0 0 0 0 1 11 0 4 2 6 23 10 13 25 -999
P13947 2073 12 24 54 25 31 15 37 7 2 0 0 0 0 0 0 0 0 2 1 7 125 80 21 4 0 83 4 10 4 0 0 0
P13947 2074 1 0 12 1 4 0 0 0 0 0 8 3 9 0 0 0 0 0 25 46 12 0 0 0 0 0 0 0 0 0 0 0
P13947 2074 2 0 0 0 0 0 0 11 28 106 3 6 14 16 3 0 0 0 0 0 0 0 5 12 3 7 13 0 0 -999 -999 -999
P13947 2074 3 0 0 0 0 0 0 0 0 0 0 0 0 0 0 0 5 0 0 0 0 17 2 0 0 0 0 4 1 1 2 0
P13947 2074 4 0 0 0 0 0 0 0 0 0 0 0 0 0 0 0 0 0 0 0 0 0 0 0 0 9 24 22 2 1 0 -999
P13947 2074 5 0 0 0 0 20 10 16 11 9 25 42 23 4 1 0 0 5 6 36 126 55 22 31 3 0 0 0 0 0 0 0
P13947 2074 6 0 0 0 0 0 0 0 0 0 0 0 0 0 0 0 0 0 0 0 2 0 0 0 0 0 0 0 0 0 0 -999
P13947 2074 7 0 0 0 0 0 0 0 0 0 0 0 0 0 0 0 0 0 0 0 0 0 0 0 0 0 0 0 0 0 0 0
P13947 2074 8 0 0 0 0 0 0 0 0 0 0 0 0 0 0 0 0 0 0 0 0 0 0 0 0 0 0 0 0 0 0 0
P13947 2074 9 0 0 0 0 0 0 0 0 0 0 0 0 0 0 0 0 0 10 2 3 13 23 23 19 3 2 0 6 0 0 -999
P13947 2074 10 0 0 11 1 1 1 1 31 14 3 1 0 0 0 0 0 0 0 5 1 1 0 0 0 0 0 0 0 70 7 3
P13947 2074 11 1 2 8 0 0 2 0 9 40 178 5 0 18 0 0 0 29 2 0 0 0 0 61 145 167 0 0 26 7 0 -999
P13947 2074 12 0 0 0 0 0 0 0 0 10 11 10 8 39 117 171 201 91 17 67 49 154 62 1 0 0 0 0 97 63 40 20
P13947 2075 1 14 13 131 92 42 26 6 8 4 3 8 62 74 2 1 3 0 0 0 0 0 0 0 0 0 0 0 0 6 51 11
P13947 2075 2 130 5 6 3 60 43 21 2 17 10 83 98 9 49 5 0 17 0 5 16 130 33 3 11 0 2 0 0 -999 -999 -999
P13947 2075 3 3 1 0 0 0 0 0 0 0 0 46 41 157 79 0 6 14 19 205 13 25 9 59 142 33 16 89 83 112 59 134
P13947 2075 4 40 2 21 0 0 0 19 9 0 0 0 0 0 0 0 1 5 18 36 4 16 12 20 0 0 0 0 0 0 0 -999
P13947 2075 5 0 0 48 40 77 142 88 22 1 0 0 12 38 35 8 10 20 10 11 3 3 1 2 2 1 0 0 0 0 0 0
P13947 2075 6 0 0 0 0 0 0 0 0 0 0 0 5 2 0 0 0 0 0 0 0 0 0 0 0 0 0 0 0 0 0 -999
P13947 2075 7 0 0 0 0 0 0 0 0 0 0 0 0 0 0 0 0 0 0 0 0 0 0 0 0 0 0 0 0 0 0 0
P13947 2075 8 0 0 0 0 0 0 0 0 0 0 0 0 0 0 0 0 0 0 0 0 0 0 0 0 0 0 0 0 0 0 0
P13947 2075 9 0 0 0 0 0 0 0 0 0 0 0 0 0 0 0 0 0 0 0 0 0 0 0 0 0 0 0 0 26 14 -999
P13947 2075 10 0 0 13 2 3 3 6 55 7 1 3 0 0 0 0 0 0 0 68 31 3 1 1 4 3 1 16 76 6 0 0
P13947 2075 11 0 35 24 78 21 0 56 19 146 45 15 130 64 102 2 72 176 4 3 17 20 8 0 0 0 0 74 2 9 2 -999
P13947 2075 12 0 3 2 11 8 59 121 41 242 1 14 21 24 7 8 6 2 2 0 0 0 8 2 1 0 11 1 9 17 3 0
P13947 2076 1 0 0 0 0 0 0 0 0 0 8 4 12 10 20 2 2 1 28 19 2 0 0 0 0 0 4 25 5 0 7 8
P13947 2076 2 11 23 4 3 0 0 0 24 79 1 2 0 3 1 0 0 0 0 27 7 24 2 0 0 0 4 2 2 -999 -999 -999
P13947 2076 3 3 3 1 0 16 10 2 0 24 39 12 0 0 0 0 22 52 92 1 0 4 3 3 0 0 0 0 0 0 0 0
P13947 2076 4 0 0 0 99 7 0 0 0 0 0 0 46 4 0 0 0 0 0 0 0 0 83 70 38 0 0 0 0 0 0 -999
P13947 2076 5 0 21 92 1 0 0 0 0 0 0 0 0 0 0 0 0 5 22 37 62 118 14 2 1 0 0 31 77 29 27 4
P13947 2076 6 11 0 0 0 0 0 3 0 0 0 0 0 0 0 0 0 0 0 0 0 0 0 0 0 0 0 0 0 0 0 -999
P13947 2076 7 0 0 0 0 11 7 0 0 0 0 0 0 0 0 0 0 0 0 0 0 0 0 0 0 0 0 0 0 0 0 0
P13947 2076 8 0 0 0 0 0 0 0 0 0 0 0 0 0 0 0 0 0 0 0 0 0 0 0 0 0 0 0 0 0 0 0
P13947 2076 9 0 0 0 0 0 0 0 0 0 0 0 0 0 0 0 0 0 0 0 0 0 0 0 0 0 0 0 114 24 7 -999
P13947 2076 10 8 14 29 0 0 0 0 0 0 0 41 152 102 111 113 13 3 98 4 2 7 3 25 2 6 0 0 0 0 0 0
P13947 2076 11 0 1 1 3 2 0 11 22 43 53 44 136 3 0 0 0 0 12 5 1 0 0 0 15 0 0 0 0 0 0 -999
P13947 2076 12 0 0 0 0 0 0 0 22 2 0 0 2 2 10 5 3 0 0 0 0 0 0 0 0 0 0 8 9 14 18 1
P13947 2077 1 0 0 0 0 0 14 1 1 0 0 3 50 188 186 33 9 7 7 0 0 0 0 26 107 50 68 42 40 4 12 29
P13947 2077 2 10 5 6 19 67 84 0 0 0 0 0 0 0 0 0 18 21 11 0 0 0 0 0 0 0 0 0 0 -999 -999 -999
P13947 2077 3 0 0 0 14 7 40 11 72 61 47 30 34 81 28 15 36 0 0 70 10 0 0 0 0 0 13 5 35 17 0 0
P13947 2077 4 0 0 0 0 3 0 0 39 142 5 10 2 3 1 2 0 0 0 0 0 0 0 0 0 0 0 0 0 0 0 -999
P13947 2077 5 0 0 0 0 0 0 0 4 3 4 1 0 0 0 0 0 0 0 0 0 0 0 0 72 94 90 64 37 0 0 0
P13947 2077 6 0 0 15 7 5 13 0 0 0 7 10 7 7 15 0 0 0 0 0 0 0 0 0 0 0 0 0 0 0 0 -999
P13947 2077 7 0 0 0 0 0 0 0 0 0 0 0 0 0 0 0 0 0 0 0 0 0 0 0 0 0 0 0 0 0 0 0
P13947 2077 8 0 0 0 0 0 0 0 0 0 0 0 0 0 0 0 0 0 0 0 0 0 0 0 0 0 0 0 0 0 0 0
P13947 2077 9 0 0 0 0 0 0 0 0 0 0 0 0 0 0 0 0 0 0 0 0 0 0 0 0 0 0 0 0 0 0 -999
P13947 2077 10 1 0 1 2 0 0 0 0 0 0 0 0 0 0 0 0 0 40 53 56 51 170 23 21 2 2 3 107 1 0 0
P13947 2077 11 0 5 83 119 124 27 26 33 18 9 2 52 148 36 95 82 79 149 9 27 33 152 108 0 0 0 0 0 0 0 -999
P13947 2077 12 0 0 0 4 0 4 4 7 26 105 232 121 136 84 29 23 79 114 144 93 143 98 154 159 309 182 286 37 49 20 10
P13947 2078 1 7 35 114 44 23 214 16 101 8 47 12 0 0 0 0 0 0 0 0 2 4 64 20 1 2 0 2 0 0 0 0
P13947 2078 2 0 0 17 0 14 61 115 2 10 5 28 7 14 33 3 0 6 10 1 0 2 1 2 7 0 0 0 0 -999 -999 -999
P13947 2078 3 0 0 0 0 0 9 6 10 1 0 77 55 115 163 9 3 0 0 0 0 3 7 7 37 5 0 36 34 44 88 4
P13947 2078 4 18 157 3 80 189 40 24 4 21 1 0 0 0 0 0 0 0 71 26 7 1 0 0 3 0 0 0 0 67 22 -999
P13947 2078 5 20 6 5 40 28 18 31 4 1 17 58 72 60 44 34 46 20 15 1 0 0 0 0 2 0 0 0 1 0 0 0
P13947 2078 6 0 0 0 2 0 0 0 0 0 0 0 0 0 0 0 0 0 0 0 0 0 0 0 0 0 0 0 0 0 0 -999
P13947 2078 7 0 0 0 0 0 0 0 0 0 0 0 0 0 0 0 0 0 0 0 0 0 0 0 0 0 0 0 0 0 0 0
P13947 2078 8 0 0 0 0 0 0 0 0 0 0 0 0 0 0 0 0 0 0 0 0 0 0 0 0 0 0 0 1 0 0 0
P13947 2078 9 0 0 0 0 24 0 0 0 0 0 0 0 0 0 0 0 0 0 0 0 0 0 0 0 0 0 0 0 0 0 -999
P13947 2078 10 0 7 0 0 0 0 0 0 0 0 0 0 0 0 0 0 0 0 0 0 0 0 0 0 0 0 0 0 0 0 0
P13947 2078 11 0 0 0 80 17 2 0 0 0 1 1 1 0 0 0 0 1 1 0 15 0 0 0 0 0 0 8 22 10 19 -999
P13947 2078 12 2 9 1 0 0 0 6 9 2 0 4 2 0 0 4 2 2 0 0 0 1 14 0 0 12 16 15 132 30 132 192
P13947 2079 1 6 7 12 33 1 1 0 2 10 11 10 1 16 22 0 0 0 0 0 0 0 0 0 0 0 0 7 15 0 0 0
P13947 2079 2 0 0 0 19 106 20 8 101 62 2 0 0 0 0 0 0 0 0 23 34 59 33 53 55 51 67 67 14 -999 -999 -999
P13947 2079 3 41 149 7 16 23 8 0 0 0 0 0 24 0 0 0 1 0 0 0 0 26 27 20 8 0 0 0 0 0 0 0
P13947 2079 4 0 35 20 6 0 22 20 0 0 0 0 0 0 0 0 0 0 0 5 2 0 0 0 0 0 0 0 0 0 0 -999
P13947 2079 5 70 4 5 0 0 0 0 0 0 0 0 0 0 0 0 0 0 0 0 0 0 0 0 0 0 0 0 0 9 0 0
P13947 2079 6 0 0 0 0 0 0 0 0 0 0 0 0 0 0 0 0 0 0 0 0 0 0 0 0 0 0 0 0 0 0 -999
P13947 2079 7 0 0 0 0 0 0 0 0 0 0 0 0 0 0 0 0 0 0 0 0 0 0 0 0 0 0 14 11 0 0 0
P13947 2079 8 0 0 0 0 0 0 0 0 0 0 0 0 0 0 0 0 0 0 0 0 0 0 0 0 0 0 0 0 0 0 0
P13947 2079 9 0 0 0 0 0 0 0 0 0 0 43 0 0 0 0 0 0 0 0 0 7 0 0 0 0 0 0 0 0 0 -999
P13947 2079 10 0 0 0 0 0 0 0 0 0 0 0 0 0 0 0 0 0 0 0 64 77 49 6 28 13 5 8 1 1 0 0
P13947 2079 11 0 67 41 6 68 9 0 0 0 0 0 0 0 0 0 0 0 0 0 0 14 0 20 4 0 95 102 68 57 127 -999
P13947 2079 12 0 0 0 0 27 61 60 171 158 85 9 2 3 4 176 40 167 82 255 98 0 0 16 5 0 0 0 0 4 0 0
P13947 2080 1 0 0 0 0 0 0 0 0 0 2 0 3 1 1 0 0 1 7 29 2 4 16 81 5 54 10 38 3 3 16 4
P13947 2080 2 2 2 0 9 3 0 1 2 6 5 29 161 16 6 2 0 4 0 0 0 3 8 2 1 0 0 0 0 -999 -999 -999
P13947 2080 3 0 0 0 0 0 0 0 0 0 0 0 0 0 0 0 0 0 0 0 0 9 0 0 0 0 0 0 0 0 0 0
P13947 2080 4 36 10 56 15 14 173 56 22 72 9 6 0 0 5 4 38 68 94 129 21 8 3 2 8 30 12 5 1 0 0 -999
P13947 2080 5 0 20 7 0 0 0 3 2 0 0 0 0 0 0 0 0 0 0 0 13 6 1 0 0 0 0 0 0 0 0 0
P13947 2080 6 0 0 0 0 0 0 0 0 1 1 0 0 0 0 0 0 0 0 0 0 0 0 0 0 0 0 0 0 0 0 -999
P13947 2080 7 0 0 0 0 0 0 0 0 0 0 0 0 0 0 0 0 0 0 0 0 0 0 0 0 0 0 0 0 0 0 0
P13947 2080 8 0 0 0 0 0 0 0 0 0 0 0 0 0 0 0 0 0 0 0 0 0 0 41 21 30 9 2 0 0 0 0
P13947 2080 9 0 0 0 0 0 0 0 0 0 0 0 0 58 50 2 11 0 0 0 0 0 0 0 84 70 4 0 0 0 0 -999
P13947 2080 10 0 0 0 0 0 0 0 0 0 0 0 49 1 1 2 0 0 0 0 0 0 32 4 49 65 91 15 1 0 0 0
P13947 2080 11 0 0 0 0 15 1 1 1 10 27 3 1 0 0 0 11 4 3 1 2 16 2 2 2 2 20 12 73 3 0 -999
P13947 2080 12 0 0 0 0 0 4 10 15 13 166 60 2 17 102 11 0 0 0 0 0 0 0 70 238 62 14 14 6 0 25 0
P13947 2081 1 4 0 0 0 0 0 0 0 0 0 0 0 0 0 0 5 8 25 46 102 156 268 40 0 0 0 0 0 0 0 0
P13947 2081 2 6 77 143 24 16 5 11 3 6 2 0 0 0 0 0 4 22 111 3 18 82 172 68 28 8 17 21 4 -999 -999 -999
P13947 2081 3 3 0 0 0 0 0 0 0 0 23 82 73 139 81 149 35 189 17 59 103 83 16 78 17 51 52 142 119 46 37 103
P13947 2081 4 51 4 5 36 9 1 2 0 0 0 0 7 1 1 1 0 0 10 1 0 0 8 3 0 0 0 0 4 0 0 -999
P13947 2081 5 2 1 3 0 0 4 13 5 1 0 4 1 0 0 0 0 0 0 0 0 1 0 4 1 8 16 19 19 36 14 0
P13947 2081 6 1 0 0 0 0 0 0 0 27 68 25 17 3 0 0 0 0 0 0 0 0 0 0 0 0 0 0 0 0 0 -999
P13947 2081 7 0 0 0 0 0 0 0 0 0 0 0 0 0 0 0 0 0 0 0 0 0 0 0 0 0 0 0 0 0 0 0
P13947 2081 8 0 0 0 0 0 0 0 0 0 0 0 0 0 0 0 0 0 0 0 0 0 0 0 0 0 0 0 0 0 0 0
P13947 2081 9 0 0 0 0 0 0 0 0 0 0 0 0 0 0 0 0 0 0 0 0 0 15 0 0 0 0 0 0 0 0 -999
P13947 2081 10 0 0 29 2 0 0 0 0 0 0 115 52 51 6 91 52 58 0 54 65 70 2 0 0 0 4 0 5 1 0 9
P13947 2081 11 0 0 0 124 58 7 2 0 0 0 55 34 9 30 90 81 42 103 119 285 132 98 245 5 2 0 0 0 63 142 -999
P13947 2081 12 163 31 34 23 74 51 144 125 14 6 0 0 0 0 0 0 0 0 0 11 128 32 60 10 57 80 6 62 15 2 0
P13947 2082 1 0 0 0 0 0 2 24 12 2 1 0 0 0 0 33 88 4 7 8 11 0 0 0 0 7 0 23 21 32 22 0
P13947 2082 2 0 0 3 27 9 1 8 3 1 0 10 1 2 0 0 0 0 0 0 0 0 0 0 0 0 0 2 1 -999 -999 -999
P13947 2082 3 2 15 20 4 0 0 0 0 0 11 5 1 3 8 1 4 28 36 73 72 0 0 112 24 2 2 3 0 4 6 4
P13947 2082 4 0 0 0 0 16 53 81 90 70 113 137 62 96 1 0 31 55 0 0 59 61 0 0 0 0 0 3 12 26 0 -999
P13947 2082 5 0 0 0 0 0 0 0 0 0 0 0 0 0 0 0 0 0 0 0 0 0 0 0 0 0 0 0 0 0 0 0
P13947 2082 6 0 0 17 0 0 44 54 80 25 9 0 0 0 0 0 0 66 56 13 4 32 0 0 0 0 0 0 0 0 0 -999
P13947 2082 7 0 0 0 0 0 0 0 0 0 0 0 0 0 0 0 0 0 0 0 0 0 0 0 0 0 0 0 0 0 0 0
P13947 2082 8 0 7 2 0 0 0 0 0 0 0 0 0 0 0 0 0 0 0 0 0 0 0 0 0 0 0 0 0 0 0 0
P13947 2082 9 0 0 0 0 0 0 0 0 0 0 0 0 0 0 0 0 0 0 0 0 0 0 0 0 0 0 0 0 0 0 -999
P13947 2082 10 0 0 0 0 0 0 0 0 0 0 0 0 0 0 0 0 7 28 2 81 173 1 1 36 0 0 0 0 0 0 0
P13947 2082 11 0 0 0 0 0 0 0 1 3 5 69 20 6 20 24 182 38 3 9 37 34 122 42 12 3 2 19 215 46 12 -999
P13947 2082 12 2 25 7 0 0 1 0 0 0 0 0 0 0 0 0 0 0 0 0 0 0 0 0 0 0 0 0 0 0 9 2
P13947 2083 1 0 7 4 5 0 25 39 104 10 15 8 7 27 212 90 0 0 21 0 56 23 0 45 30 49 0 52 33 0 29 39
P13947 2083 2 28 133 86 5 8 4 0 51 165 67 212 26 51 16 26 100 201 15 8 4 32 82 35 41 0 0 141 151 -999 -999 -999
P13947 2083 3 236 2 0 0 0 0 23 27 3 11 26 0 0 0 0 0 0 0 5 13 1 3 1 0 0 7 7 9 37 96 12
P13947 2083 4 40 16 13 6 5 1 3 6 0 39 4 10 26 16 0 47 4 45 72 11 15 10 1 0 0 0 0 0 0 0 -999
P13947 2083 5 0 0 0 0 0 0 0 0 0 0 0 0 0 0 0 0 0 0 8 4 8 24 3 0 0 0 0 0 0 0 0
P13947 2083 6 0 0 0 0 0 0 0 0 0 0 0 0 0 0 0 0 0 0 0 0 0 0 0 0 0 0 0 0 0 0 -999
P13947 2083 7 0 0 0 0 0 0 0 0 0 0 0 0 0 0 0 0 0 0 0 0 0 0 0 0 0 0 0 1 0 0 0
P13947 2083 8 10 19 0 0 0 0 0 0 0 0 0 0 0 0 0 0 0 0 0 0 0 0 0 0 0 0 0 0 0 0 0
P13947 2083 9 0 0 0 0 0 0 0 0 0 0 0 0 0 0 0 0 0 0 0 0 0 0 0 16 5 0 0 0 0 0 -999
P13947 2083 10 38 33 0 0 2 0 0 0 0 0 0 0 0 7 0 0 0 0 0 0 0 0 0 0 0 6 6 0 0 0 0
P13947 2083 11 0 0 0 0 0 35 77 27 0 87 1 0 56 66 2 12 71 81 29 19 4 7 12 162 0 18 10 10 1 0 -999
P13947 2083 12 0 0 0 0 0 4 9 16 0 0 0 0 0 0 0 0 55 13 0 0 0 0 0 0 0 0 0 0 0 4 3
P13947 2084 1 8 66 38 8 5 0 16 0 0 0 0 0 2 8 0 0 17 90 180 41 34 138 72 6 1 0 0 0 0 0 1
P13947 2084 2 1 0 6 0 0 0 0 0 0 0 10 45 79 8 6 6 7 3 8 25 1 1 85 122 3 78 33 3 -999 -999 -999
P13947 2084 3 44 24 10 0 0 0 0 0 0 0 19 25 81 12 31 49 10 14 13 114 194 42 25 46 59 0 0 0 0 82 57
P13947 2084 4 27 22 66 137 87 23 22 99 84 108 159 17 5 54 107 14 1 0 0 0 0 0 0 0 0 0 0 35 1 0 -999
P13947 2084 5 0 0 0 15 1 0 6 6 0 0 0 0 0 0 0 0 0 0 0 0 0 0 0 0 0 0 11 4 3 1 3
P13947 2084 6 7 0 0 0 0 0 0 0 0 0 0 0 0 0 0 0 0 0 0 0 0 0 0 0 0 0 0 0 0 0 -999
P13947 2084 7 0 0 0 0 0 0 0 0 0 0 0 0 0 0 0 0 0 0 0 0 0 0 0 0 0 0 0 0 0 0 0
P13947 2084 8 0 0 0 0 0 0 0 0 0 0 0 0 0 0 0 0 0 0 0 0 0 0 0 0 0 0 0 0 0 0 0
P13947 2084 9 0 0 0 0 0 0 0 0 0 0 0 0 0 0 0 0 0 0 0 0 0 0 0 0 0 0 0 0 0 0 -999
P13947 2084 10 0 0 0 0 0 0 0 1 0 0 0 0 0 0 0 7 0 0 0 0 0 0 6 2 1 1 0 0 0 0 0
P13947 2084 11 0 0 0 16 182 45 23 27 115 150 54 64 143 28 0 2 4 13 0 0 0 0 0 0 0 0 0 0 0 7 -999
P13947 2084 12 4 0 1 11 11 3 0 0 0 0 0 0 0 0 0 0 5 0 0 0 0 0 11 1 33 25 6 10 7 0 0
P13947 2085 1 0 0 0 0 0 0 0 0 0 0 0 0 0 0 0 0 0 0 0 0 0 0 0 0 11 0 0 0 0 0 0
P13947 2085 2 0 0 0 10 0 0 0 0 0 0 0 0 0 0 0 0 26 0 0 0 0 0 0 0 0 0 13 0 -999 -999 -999
P13947 2085 3 5 0 0 0 0 0 0 0 0 0 0 0 31 0 0 0 0 92 23 52 32 117 35 41 17 5 33 50 72 140 95
P13947 2085 4 149 79 211 17 30 0 0 0 0 0 0 2 0 0 9 5 0 0 0 0 0 0 0 0 4 20 36 27 7 21 -999
P13947 2085 5 10 0 0 36 4 1 4 0 4 149 26 9 22 10 0 0 1 3 4 7 2 2 3 3 26 1 2 1 3 0 0
P13947 2085 6 0 0 0 0 0 0 0 0 0 0 0 0 0 0 0 0 0 0 0 0 0 0 0 0 0 0 0 0 0 0 -999
P13947 2085 7 0 0 0 0 0 0 0 0 0 0 0 0 0 0 0 0 0 0 0 0 0 0 0 0 0 0 0 0 0 0 0
P13947 2085 8 0 0 0 0 0 0 0 0 0 0 0 0 0 0 0 0 0 0 0 0 0 0 0 0 0 0 0 0 0 0 0
P13947 2085 9 0 0 0 0 0 0 0 0 0 0 0 0 0 0 0 0 0 0 0 0 0 0 0 10 0 0 0 0 2 4 -999
P13947 2085 10 8 0 0 0 0 0 0 0 0 0 0 2 0 0 0 10 0 0 0 0 1 1 2 2 0 0 3 0 0 1 0
P13947 2085 11 0 49 76 62 11 21 4 15 0 0 0 0 0 0 0 0 0 15 155 113 234 164 22 22 256 8 126 8 14 8 -999
P13947 2085 12 134 52 18 2 96 67 1 4 10 35 19 0 0 0 0 0 0 0 0 0 7 8 28 32 33 4 20 17 54 6 156
P13947 2086 1 89 111 58 49 13 0 0 0 0 0 0 0 0 0 0 0 0 0 0 0 0 0 0 0 0 0 0 0 0 10 0
P13947 2086 2 0 0 0 0 0 0 0 0 0 0 0 0 7 21 12 14 7 31 8 2 192 9 0 0 0 1 3 4 -999 -999 -999
P13947 2086 3 0 0 0 0 0 0 0 0 0 6 2 0 1 2 0 0 0 0 0 3 0 0 0 0 0 0 0 0 0 0 80
P13947 2086 4 7 7 2 0 4 2 0 0 19 1 4 3 3 13 33 51 117 184 112 97 46 14 56 76 0 0 0 20 0 0 -999
P13947 2086 5 0 0 0 0 2 5 4 1 0 0 0 0 0 0 0 0 3 4 1 1 6 6 0 3 3 0 0 0 0 0 0
P13947 2086 6 0 0 0 0 0 0 0 0 0 0 0 0 0 0 0 0 0 0 0 0 0 0 0 0 0 0 0 0 0 0 -999
P13947 2086 7 0 0 0 0 0 0 0 0 0 0 0 0 0 0 0 0 0 0 0 0 0 0 0 0 0 0 0 0 0 0 0
P13947 2086 8 0 0 0 0 0 0 0 0 0 0 0 0 0 0 0 0 0 0 0 0 0 0 0 0 0 0 0 0 0 0 0
P13947 2086 9 0 0 0 0 0 0 0 0 0 0 0 0 42 6 0 0 23 35 25 0 0 0 0 0 0 0 0 0 0 0 -999
P13947 2086 10 0 0 0 0 0 0 0 0 0 0 0 0 0 2 1 0 0 0 0 0 0 0 29 55 42 12 7 2 14 15 14
P13947 2086 11 0 0 0 0 0 0 5 5 3 5 4 2 28 24 107 100 62 126 99 35 3 3 3 2 0 2 9 6 96 17 -999
P13947 2086 12 3 19 0 0 0 21 0 0 0 0 0 0 0 0 0 0 0 0 16 73 1 0 0 0 0 0 0 0 0 0 8
P13947 2087 1 31 177 13 10 21 30 15 0 0 0 5 4 11 58 169 44 0 14 56 2 4 4 0 0 0 0 0 0 0 7 0
P13947 2087 2 2 9 6 4 0 0 0 0 0 0 0 0 0 0 0 0 3 0 2 5 0 0 0 0 0 0 0 4 -999 -999 -999
P13947 2087 3 3 4 0 0 0 13 24 8 0 0 0 0 0 62 31 2 17 21 65 4 12 38 0 0 0 0 98 18 6 1 0
P13947 2087 4 0 0 16 26 65 2 0 0 0 0 0 0 0 0 0 0 28 83 26 13 4 0 35 9 0 0 0 0 0 0 -999
P13947 2087 5 0 0 0 0 0 0 0 0 90 81 11 3 1 1 0 0 2 0 0 0 0 0 0 0 0 0 1 18 6 3 1
P13947 2087 6 0 0 0 0 0 0 3 0 8 6 0 0 0 0 0 0 0 0 0 0 0 0 0 0 0 0 0 0 0 0 -999
P13947 2087 7 0 0 0 0 0 0 0 0 0 0 0 0 0 0 0 0 0 0 0 0 0 0 0 0 0 0 0 0 0 0 0
P13947 2087 8 0 0 0 0 0 0 0 0 0 0 0 0 0 0 0 0 0 0 0 0 0 0 0 0 0 0 0 0 0 0 0
P13947 2087 9 0 0 0 0 0 0 0 0 0 0 17 4 0 0 0 0 0 0 0 0 0 38 0 0 0 0 0 0 0 0 -999
P13947 2087 10 0 0 0 0 0 0 0 0 0 0 0 0 0 0 0 0 0 1 4 6 32 120 124 2 3 9 0 0 0 0 0
P13947 2087 11 0 0 0 22 41 0 0 25 27 0 4 32 3 6 68 16 1 3 0 0 18 1 21 4 0 0 0 0 0 30 -999
P13947 2087 12 104 188 9 0 0 0 0 0 0 7 11 134 125 51 83 32 95 183 56 15 77 27 0 0 0 0 0 0 0 0 0
P13947 2088 1 0 0 4 0 8 4 7 159 238 39 148 135 261 76 8 113 124 42 9 1 1 5 10 200 140 168 92 64 24 76 11
P13947 2088 2 88 4 27 64 13 2 4 2 2 8 0 0 0 0 0 0 0 29 18 0 11 1 14 2 0 0 0 4 -999 -999 -999
P13947 2088 3 0 0 0 0 28 37 115 4 0 0 0 0 5 8 13 0 0 0 37 7 0 3 6 7 49 3 5 0 0 0 0
P13947 2088 4 0 0 0 0 0 0 0 0 47 20 8 16 77 2 1 0 0 0 0 0 0 0 4 2 3 6 0 0 0 0 -999
P13947 2088 5 0 0 0 0 0 30 20 0 0 0 0 88 29 9 5 0 0 0 0 0 0 0 0 0 0 0 0 0 0 0 0
P13947 2088 6 0 0 0 0 0 0 0 0 0 0 0 0 0 0 0 0 0 0 0 0 0 0 0 0 0 0 0 0 0 0 -999
P13947 2088 7 0 0 0 0 0 0 0 0 0 0 0 0 0 0 0 0 0 0 0 0 0 0 0 0 0 0 0 0 0 0 0
P13947 2088 8 0 0 0 0 0 0 0 0 0 0 0 0 0 0 0 0 0 0 0 0 0 0 0 0 0 0 0 0 0 0 0
P13947 2088 9 0 0 0 0 0 0 0 0 0 0 0 0 0 0 0 0 0 0 0 0 0 0 0 0 0 0 0 0 0 0 -999
P13947 2088 10 0 0 0 0 0 0 0 0 0 0 15 6 51 0 0 0 0 0 0 0 0 0 0 1 0 0 0 0 0 0 0
P13947 2088 11 0 17 186 171 33 29 18 28 175 76 1 9 11 2 2 0 0 0 0 0 0 0 0 0 0 21 32 19 2 23 -999
P13947 2088 12 72 0 30 72 176 50 5 0 0 0 0 0 0 0 0 0 0 0 0 0 0 5 0 0 0 4 9 1 0 15 0
P13947 2089 1 0 0 0 9 24 19 39 0 0 10 16 42 51 125 58 11 25 24 39 259 23 112 155 1 54 49 11 7 33 112 51
P13947 2089 2 81 45 2 12 144 4 32 22 42 65 59 65 92 49 108 164 166 67 107 101 68 5 0 0 0 25 46 10 -999 -999 -999
P13947 2089 3 5 0 0 0 0 0 0 0 0 0 0 0 1 0 0 6 67 2 1 3 0 0 0 0 0 0 0 0 10 0 0
P13947 2089 4 0 0 0 0 0 1 8 159 66 15 1 0 0 0 17 35 0 0 0 0 0 0 0 0 0 0 0 0 0 0 -999
P13947 2089 5 17 3 0 0 0 0 0 0 51 0 0 0 0 0 0 0 0 0 0 0 0 0 0 0 0 0 0 0 0 0 0
P13947 2089 6 11 6 1 0 0 0 0 0 0 0 0 0 0 0 0 0 0 0 0 0 0 0 0 0 0 0 0 0 0 0 -999
P13947 2089 7 0 0 0 0 0 0 0 0 0 0 0 0 0 0 0 0 0 0 0 0 0 0 0 0 0 0 0 0 0 0 0
P13947 2089 8 0 0 0 0 0 0 0 0 0 0 0 0 0 0 0 0 0 0 0 0 0 0 0 0 0 0 0 0 0 0 0
P13947 2089 9 0 0 0 0 0 0 0 0 0 0 0 0 0 0 0 0 0 0 1 0 0 0 0 0 0 0 0 0 0 0 -999
P13947 2089 10 0 0 0 0 0 0 0 0 0 0 22 8 3 10 7 5 0 0 0 0 0 0 0 5 0 1 2 3 2 0 0
P13947 2089 11 8 0 0 0 0 24 1 0 1 2 12 1 2 16 50 205 65 88 137 104 93 128 52 41 0 0 28 12 91 31 -999
P13947 2089 12 68 146 26 27 2 6 6 10 2 0 1 0 0 0 0 0 1 8 108 142 91 134 32 14 0 0 0 0 0 130 9
P13947 2090 1 7 3 2 0 0 26 3 0 0 0 0 0 0 0 0 0 0 8 1 32 116 84 12 6 3 2 2 6 2 4 17
P13947 2090 2 0 40 55 0 0 0 0 0 0 95 202 95 129 104 135 185 289 52 57 94 164 16 9 34 59 131 129 59 -999 -999 -999
P13947 2090 3 14 7 5 0 4 15 75 257 45 22 21 194 118 9 18 3 0 0 0 0 0 0 0 0 9 1 0 0 0 0 0
P13947 2090 4 0 0 96 80 28 19 0 0 0 0 22 10 40 12 0 0 0 2 0 3 0 38 64 38 6 0 0 58 17 12 -999
P13947 2090 5 0 0 0 0 0 0 0 0 0 1 0 0 0 0 0 0 0 15 13 7 5 2 0 0 0 0 0 0 0 0 0
P13947 2090 6 0 0 0 0 113 115 39 9 13 19 7 0 0 0 0 0 0 0 0 0 0 0 9 55 71 40 5 17 0 0 -999
P13947 2090 7 0 0 0 0 0 0 0 0 0 0 0 0 0 0 0 0 0 0 0 0 0 0 0 0 0 0 0 0 0 0 0
P13947 2090 8 0 0 0 0 0 0 0 0 0 0 0 0 0 0 0 0 0 0 0 0 0 0 0 0 0 0 0 0 0 0 0
P13947 2090 9 0 0 0 0 0 0 0 0 0 0 0 0 0 0 0 0 0 0 0 0 0 0 0 0 0 0 0 0 0 0 -999
P13947 2090 10 25 10 0 0 0 0 0 83 4 9 23 3 2 3 0 0 0 19 2 4 0 0 0 0 0 0 0 0 0 1 15
P13947 2090 11 2 14 9 4 1 0 0 0 0 0 0 0 0 0 0 0 0 0 0 0 0 0 0 0 8 31 14 67 205 119 -999
P13947 2090 12 118 11 28 111 4 1 4 2 59 38 11 4 7 31 6 0 0 0 0 0 0 12 0 22 0 0 0 0 0 0 0
P13947 2091 1 0 0 0 0 0 0 0 0 0 0 0 0 0 0 0 0 0 0 35 1 35 14 82 122 14 190 28 80 8 16 11
P13947 2091 2 13 74 65 144 144 109 120 100 146 31 6 21 75 15 10 9 17 5 7 1 0 33 87 43 0 38 12 0 -999 -999 -999
P13947 2091 3 0 0 0 0 0 0 5 8 3 0 0 0 0 0 0 0 0 0 0 4 5 6 0 16 0 0 0 0 6 0 0
P13947 2091 4 9 19 0 0 0 5 0 1 0 0 12 0 0 0 0 0 0 0 0 0 4 1 0 21 31 7 0 0 13 13 -999
P13947 2091 5 11 5 32 0 46 118 23 1 1 0 10 5 49 19 9 149 28 2 4 0 0 0 0 0 0 0 0 0 0 0 0
P13947 2091 6 0 0 0 0 0 0 0 0 0 0 0 0 0 0 0 0 0 0 0 0 0 0 0 0 0 0 0 0 0 0 -999
P13947 2091 7 0 0 0 0 0 0 0 0 0 0 0 0 0 0 0 0 0 0 0 0 0 0 0 0 0 0 0 0 0 0 0
P13947 2091 8 0 0 0 0 0 0 0 0 0 0 0 0 0 0 0 0 0 0 0 0 0 0 0 0 0 0 0 0 0 0 0
P13947 2091 9 0 0 0 0 0 0 0 0 0 0 0 0 0 0 0 0 0 0 0 0 0 27 5 3 14 57 0 0 0 0 -999
P13947 2091 10 0 0 0 0 0 0 0 0 0 68 5 0 0 0 0 0 0 0 0 0 0 0 0 0 0 0 0 5 17 4 5
P13947 2091 11 32 74 16 8 11 50 234 198 11 53 126 24 45 10 0 3 73 20 10 13 10 3 26 0 0 0 0 7 11 0 -999
P13947 2091 12 0 0 0 0 0 0 0 3 1 1 0 0 55 55 22 42 13 15 18 35 45 17 0 0 0 0 0 0 0 0 0
P13947 2092 1 7 3 8 0 21 29 0 15 0 22 4 63 254 5 26 2 0 0 0 0 0 0 17 2 19 86 1 2 6 0 0
P13947 2092 2 0 0 8 62 151 139 5 8 0 0 0 0 0 0 0 0 0 0 12 9 43 51 13 30 0 1 4 6 -999 -999 -999
P13947 2092 3 7 0 0 0 0 0 0 0 0 0 0 0 0 0 0 82 42 124 98 38 126 4 0 0 0 0 20 0 0 0 0
P13947 2092 4 0 0 0 0 13 2 9 0 61 2 7 4 1 0 0 0 0 0 0 0 37 0 0 0 0 0 6 0 0 0 -999
P13947 2092 5 0 0 0 0 0 0 0 0 0 1 0 0 0 0 0 0 0 0 0 0 0 0 0 0 0 0 0 0 22 0 0
P13947 2092 6 0 0 0 0 0 0 0 0 0 0 0 0 0 0 0 0 0 0 0 0 0 0 0 0 0 0 0 0 0 0 -999
P13947 2092 7 0 0 0 0 0 0 0 0 0 0 0 0 0 0 0 0 0 0 0 0 0 0 0 0 0 0 0 0 0 0 0
P13947 2092 8 0 0 0 0 0 0 0 0 0 0 0 0 0 0 0 0 0 0 0 0 0 0 0 0 0 0 0 0 49 30 3
P13947 2092 9 0 0 0 0 0 0 0 0 0 0 0 0 0 0 0 0 0 0 0 44 19 54 0 0 0 0 0 0 0 4 -999
P13947 2092 10 0 0 4 0 0 0 0 0 0 12 17 0 0 9 3 5 8 2 38 10 0 0 0 0 0 0 0 0 0 0 0
P13947 2092 11 0 0 0 2 3 3 23 27 30 0 0 8 146 7 1 5 0 0 0 0 0 0 1 2 1 2 0 0 0 0 -999
P13947 2092 12 0 0 0 0 0 3 0 9 1 0 1 0 5 0 0 0 0 0 0 0 0 0 0 0 0 8 161 9 3 1 0
P13947 2093 1 0 0 4 8 24 20 11 38 164 139 34 85 70 2 18 3 0 0 0 0 0 0 0 0 0 0 0 4 1 3 9
P13947 2093 2 6 8 0 22 12 36 8 47 248 132 10 1 0 0 0 0 0 0 27 34 0 49 16 0 0 0 0 0 -999 -999 -999
P13947 2093 3 2 3 84 10 1 0 0 40 31 53 75 24 11 15 66 6 18 69 162 156 241 13 9 50 9 2 4 0 0 159 86
P13947 2093 4 5 0 0 0 0 8 6 28 61 31 5 21 23 0 0 0 0 84 52 0 0 0 82 0 0 0 0 0 0 0 -999
P13947 2093 5 0 6 12 17 9 9 5 4 23 104 130 1 4 0 0 0 0 0 0 1 0 0 1 0 0 0 0 0 0 0 0
P13947 2093 6 0 0 0 1 0 0 0 0 0 0 67 30 36 20 4 0 0 0 0 0 0 0 0 0 0 0 0 0 0 0 -999
P13947 2093 7 0 0 0 0 0 0 0 0 0 0 0 0 0 0 0 0 0 0 0 0 0 0 0 0 0 0 0 0 0 0 0
P13947 2093 8 0 0 0 0 0 0 0 0 0 0 0 0 0 0 0 0 0 0 0 0 0 0 0 0 0 0 0 15 0 0 0
P13947 2093 9 0 0 0 0 0 0 0 0 0 0 0 0 0 0 0 0 0 0 2 0 0 0 8 3 0 0 0 0 0 0 -999
P13947 2093 10 0 0 0 0 0 0 0 0 11 9 0 0 0 0 0 1 1 0 0 0 0 0 8 8 0 3 1 1 0 0 1
P13947 2093 11 0 10 24 159 21 21 10 20 23 0 0 53 88 0 0 0 2 2 7 6 0 0 0 60 55 131 14 4 3 0 -999
P13947 2093 12 0 0 0 23 0 9 38 7 21 5 15 7 0 0 0 0 5 0 0 0 0 0 0 0 0 0 0 12 130 25 11
P13947 2094 1 0 0 0 8 70 123 109 12 0 0 0 0 0 0 0 0 0 0 0 0 4 3 6 0 0 0 2 2 0 0 10
P13947 2094 2 6 0 0 0 35 2 5 5 0 0 0 0 0 7 16 10 0 0 11 3 16 2 9 113 19 48 99 77 -999 -999 -999
P13947 2094 3 15 69 17 19 180 113 64 68 201 147 77 23 98 5 22 0 0 0 0 0 0 1 0 0 0 0 0 0 0 0 0
P13947 2094 4 0 0 0 0 0 11 5 5 6 86 4 53 23 1 95 32 2 7 13 2 0 0 16 10 80 13 1 1 0 0 -999
P13947 2094 5 1 1 1 1 0 0 0 0 0 0 0 0 0 0 0 0 0 0 0 0 0 0 0 0 0 0 0 0 0 0 0
P13947 2094 6 0 0 0 0 0 8 60 24 15 6 0 0 23 2 0 0 0 0 0 0 0 0 0 0 0 0 0 0 0 0 -999
P13947 2094 7 0 0 0 0 0 0 0 0 0 0 0 0 0 0 0 0 0 0 0 0 0 0 0 0 0 0 0 0 0 0 0
P13947 2094 8 0 0 0 0 0 0 0 0 0 0 0 0 0 0 0 0 0 0 0 0 0 0 0 0 0 0 0 0 0 0 0
P13947 2094 9 0 0 0 0 0 0 0 0 0 0 0 0 0 0 0 0 0 0 0 0 0 0 0 0 0 0 0 0 0 0 -999
P13947 2094 10 70 138 205 90 76 9 1 0 0 0 0 0 0 0 0 0 0 0 0 0 0 0 0 0 0 0 10 21 10 7 2
P13947 2094 11 7 0 0 0 0 17 91 10 11 5 0 21 55 18 3 13 0 0 0 0 0 0 0 0 0 31 149 163 24 0 -999
P13947 2094 12 0 0 0 0 99 226 132 36 52 28 23 11 1 0 25 9 23 6 0 0 0 0 0 0 9 68 200 45 140 97 27
P13947 2095 1 220 9 98 103 33 95 15 5 8 20 59 37 9 11 50 5 113 82 242 153 52 125 38 175 185 21 68 172 4 28 202
P13947 2095 2 15 3 0 71 19 41 23 4 2 0 0 0 41 55 16 88 27 31 14 0 0 0 0 7 0 0 0 0 -999 -999 -999
P13947 2095 3 0 0 0 0 0 0 0 0 0 0 0 28 25 7 7 4 0 0 113 24 2 0 0 0 0 0 0 0 0 0 0
P13947 2095 4 42 16 1 1 2 127 69 81 23 57 18 10 3 0 0 0 21 0 0 0 0 0 0 0 0 0 0 2 0 0 -999
P13947 2095 5 7 1 2 0 0 0 0 0 0 0 0 0 0 0 0 0 0 0 0 0 12 0 0 0 0 0 0 0 0 1 0
P13947 2095 6 0 0 0 0 0 0 0 0 0 0 0 0 0 0 0 0 0 0 0 0 0 0 0 0 0 0 17 7 0 0 -999
P13947 2095 7 0 0 0 0 0 0 0 0 0 0 0 0 0 0 0 0 0 0 0 0 0 0 0 0 0 0 0 0 0 0 0
P13947 2095 8 0 0 0 0 0 0 0 0 0 0 0 0 0 0 0 0 0 0 0 0 0 0 0 0 0 0 0 0 0 0 0
P13947 2095 9 0 0 0 0 0 0 0 0 0 0 0 0 0 0 0 0 0 0 0 0 0 0 0 0 0 0 0 0 0 0 -999
P13947 2095 10 0 0 0 0 0 0 0 1 1 2 5 2 1 0 0 6 19 1 1 0 0 0 0 1 1 1 2 12 72 10 18
P13947 2095 11 9 13 15 3 0 1 31 149 104 24 213 91 16 3 0 0 0 6 12 0 0 0 0 12 7 19 39 29 14 20 -999
P13947 2095 12 15 0 0 0 0 16 1 0 9 0 0 0 0 0 0 12 1 5 3 3 0 0 3 1 0 0 0 0 0 0 8
P13947 2096 1 0 0 0 26 2 8 3 10 6 13 9 1 2 3 4 4 0 0 0 0 2 0 0 0 0 0 2 2 7 0 0
P13947 2096 2 0 0 0 1 1 0 6 22 15 8 24 2 2 0 3 3 0 0 0 0 0 0 0 11 7 0 0 0 -999 -999 -999
P13947 2096 3 0 6 40 0 0 0 0 5 1 0 0 4 11 21 2 0 0 0 0 0 9 2 4 0 0 5 1 0 2 14 9
P13947 2096 4 1 0 0 0 0 0 0 0 89 0 0 41 122 92 19 6 3 23 87 9 0 0 5 0 3 0 0 0 0 0 -999
P13947 2096 5 0 0 0 0 0 0 0 0 0 0 0 0 0 0 0 0 0 0 0 1 1 0 0 0 6 2 6 5 19 106 131
P13947 2096 6 151 7 12 48 0 0 3 3 2 0 12 28 2 0 0 0 0 0 0 5 0 39 0 0 0 0 0 0 0 0 -999
P13947 2096 7 0 7 0 0 0 0 0 0 0 0 0 0 0 0 0 0 0 0 0 0 0 0 0 0 0 0 0 0 0 0 0
P13947 2096 8 0 0 0 0 0 0 0 0 0 0 0 0 0 0 0 0 0 0 0 0 0 0 0 0 0 0 0 0 0 0 0
P13947 2096 9 13 0 0 0 0 0 2 3 0 0 0 0 0 0 0 0 0 0 0 0 0 0 0 0 0 0 0 0 0 0 -999
P13947 2096 10 0 0 0 0 0 0 4 6 19 57 50 17 2 0 0 0 76 140 128 134 63 2 1 4 8 0 0 6 23 60 16
P13947 2096 11 52 40 9 27 24 10 13 31 148 144 57 2 50 107 153 127 207 120 31 11 21 5 11 2 16 14 9 6 34 0 -999
P13947 2096 12 0 0 1 3 0 1 0 0 0 0 0 0 0 0 4 3 0 1 0 0 10 2 0 20 4 46 34 0 44 60 145
P13947 2097 1 125 35 21 20 6 10 59 142 56 66 12 4 3 0 16 62 103 5 115 52 4 0 19 11 0 6 0 0 0 26 12
P13947 2097 2 28 4 2 0 25 6 5 6 0 9 5 25 2 0 0 0 0 0 0 0 0 0 0 0 0 0 0 0 -999 -999 -999
P13947 2097 3 0 0 0 0 0 0 0 0 0 0 0 0 0 0 7 1 1 0 0 64 55 0 0 0 0 7 6 6 4 4 0
P13947 2097 4 53 0 0 0 0 0 0 0 1 0 0 0 0 0 0 0 0 43 31 13 42 134 74 11 107 136 103 17 7 4 -999
P13947 2097 5 0 0 0 0 0 43 10 0 0 0 0 1 0 4 8 2 0 0 0 0 0 0 0 0 0 0 0 0 0 2 4
P13947 2097 6 0 0 0 0 0 0 0 0 0 0 0 0 0 0 0 0 0 0 0 0 0 0 0 0 0 0 0 0 0 0 -999
P13947 2097 7 0 0 0 0 0 0 0 0 0 0 0 0 0 0 0 0 0 0 0 0 0 0 0 0 0 0 0 0 0 0 0
P13947 2097 8 0 0 0 0 0 0 0 0 0 0 0 0 0 0 0 0 0 0 0 0 0 0 0 0 0 0 0 0 0 0 0
P13947 2097 9 0 0 0 0 0 0 0 0 0 0 0 0 0 0 0 0 0 0 0 0 0 0 0 0 0 0 0 0 0 0 -999
P13947 2097 10 0 26 18 15 0 0 0 0 0 0 0 0 0 0 0 0 41 101 113 65 21 7 75 8 1 4 3 1 0 102 57
P13947 2097 11 7 13 3 84 2 0 0 5 1 22 79 25 98 55 21 4 0 0 0 0 51 114 43 0 0 0 0 0 0 0 -999
P13947 2097 12 0 3 129 39 38 36 39 2 0 0 0 0 0 0 32 157 13 6 3 0 9 11 9 3 11 6 20 16 0 0 0
P13947 2098 1 0 0 2 2 17 28 1 42 2 13 0 0 0 2 1 0 0 0 10 1 43 8 18 3 0 0 0 5 0 0 0
P13947 2098 2 8 26 42 59 112 74 113 67 49 91 31 21 73 14 4 4 12 0 10 51 15 0 0 0 20 39 10 2 -999 -999 -999
P13947 2098 3 3 14 2 7 1 3 2 0 0 0 0 0 0 0 0 0 0 0 53 96 63 4 0 0 0 0 0 0 0 0 0
P13947 2098 4 0 0 0 0 0 0 0 14 14 3 8 16 1 3 0 0 0 0 0 0 0 0 0 0 0 0 0 0 0 0 -999
P13947 2098 5 0 0 0 0 0 0 0 0 0 0 0 0 0 0 0 0 0 0 0 0 0 0 0 0 0 0 0 0 0 0 0
P13947 2098 6 0 0 0 0 0 0 0 0 0 0 0 0 0 72 65 6 3 1 0 0 22 11 22 9 0 0 0 0 0 0 -999
P13947 2098 7 0 0 0 0 0 0 0 0 0 0 0 0 0 0 0 0 0 0 0 0 0 0 0 0 0 0 0 0 0 0 0
P13947 2098 8 0 0 0 0 0 0 0 0 0 0 0 0 0 0 0 0 0 0 0 0 0 0 0 0 0 0 0 0 0 0 0
P13947 2098 9 0 0 0 0 0 0 0 0 0 0 0 0 0 0 0 0 0 68 60 55 0 0 0 11 62 9 26 1 0 0 -999
P13947 2098 10 0 1 4 50 8 1 0 0 0 0 5 0 0 0 0 0 0 41 7 19 0 0 0 8 3 0 5 41 7 50 143
P13947 2098 11 156 66 18 11 6 83 1 20 1 136 128 6 2 0 0 30 215 101 14 15 8 10 8 0 0 0 0 6 78 39 -999
P13947 2098 12 28 79 31 175 162 29 1 2 31 0 0 0 0 0 0 0 2 45 5 5 36 89 31 8 2 1 3 24 2 2 4
P13947 2099 1 0 0 0 0 0 0 0 0 0 0 0 4 0 0 9 7 2 0 3 0 0 0 0 0 20 5 0 0 0 0 0
P13947 2099 2 0 21 64 8 1 3 13 0 0 0 0 0 0 0 0 0 0 0 5 6 1 6 5 4 3 0 0 0 -999 -999 -999
P13947 2099 3 0 0 0 0 36 164 160 160 234 224 176 43 1 0 0 0 0 0 0 0 0 0 37 2 10 4 1 0 0 0 9
P13947 2099 4 2 24 1 6 19 1 6 0 0 0 11 8 0 65 25 6 0 0 0 0 0 12 18 6 11 0 0 0 0 1 -999
P13947 2099 5 0 0 0 0 31 0 14 7 7 2 0 0 7 59 6 0 0 0 0 0 0 0 0 0 0 0 0 0 0 0 0
P13947 2099 6 0 0 0 0 0 0 0 0 0 0 0 0 0 0 0 0 0 0 47 31 27 5 0 0 0 0 0 0 0 0 -999
P13947 2099 7 0 0 0 0 0 0 0 0 0 0 0 0 0 0 0 0 0 0 0 0 0 0 0 0 0 0 0 0 0 0 0
P13947 2099 8 0 0 0 0 0 0 0 0 0 0 0 0 0 0 0 0 0 0 0 1 0 1 0 0 0 0 0 0 0 10 0
P13947 2099 9 0 0 0 0 0 0 0 0 7 4 9 0 0 0 0 0 0 0 0 0 0 0 0 0 0 0 0 0 0 0 -999
P13947 2099 10 0 0 0 0 0 0 0 0 0 0 44 0 0 21 62 0 0 0 0 0 0 0 0 0 0 0 0 0 0 0 131
P13947 2099 11 108 29 11 0 33 20 13 9 16 42 51 95 172 10 67 25 48 113 197 155 148 2 0 0 0 0 0 0 0 0 -999
P13947 2099 12 13 6 12 7 11 20 1 0 8 0 0 0 0 0 0 0 7 2 7 12 39 93 42 7 0 0 17 29 42 89 206
P13947 2100 1 5 5 5 0 1 0 1 0 0 0 0 58 96 15 0 12 2 0 0 0 0 1 2 1 0 2 11 0 0 2 0
P13947 2100 2 0 37 103 0 2 2 2 0 0 0 2 0 0 0 0 0 0 0 24 2 0 0 0 0 0 0 0 0 -999 -999 -999
P13947 2100 3 0 0 0 0 60 30 8 15 4 146 25 128 12 70 0 0 0 0 5 0 0 0 0 0 0 0 0 61 0 0 43
P13947 2100 4 2 0 8 0 0 0 0 0 11 9 3 3 2 0 0 0 70 14 0 0 0 36 30 8 0 0 0 0 0 0 -999
P13947 2100 5 0 0 12 13 18 0 4 0 0 0 10 11 13 0 0 5 4 0 0 0 0 0 0 18 8 4 0 0 0 0 0
P13947 2100 6 0 5 0 0 0 0 0 0 0 0 0 0 0 0 0 0 0 0 0 0 0 0 7 0 0 0 45 0 3 0 -999
P13947 2100 7 6 0 0 0 0 0 0 0 0 0 0 0 0 0 0 0 0 0 0 0 0 0 0 0 0 0 0 0 0 0 0
P13947 2100 8 0 0 0 0 0 0 0 0 0 0 0 0 0 0 0 0 0 0 0 0 0 0 0 0 0 0 0 0 0 0 0
P13947 2100 9 0 0 5 0 0 63 2 0 0 0 0 0 0 0 0 0 0 3 0 0 0 0 0 0 0 0 0 0 0 0 -999
P13947 2100 10 4 6 3 1 0 15 18 1 10 3 3 13 47 17 2 4 11 15 16 68 29 23 2 155 87 1 0 164 119 131 6
P13947 2100 11 3 5 0 0 4 3 6 0 0 0 0 70 53 12 82 1 0 0 0 0 0 0 0 0 0 26 0 0 0 0 -999
P13947 2100 12 0 0 0 0 0 0 0 16 0 8 0 0 0 7 16 133 17 0 28 2 76 55 0 19 26 22 17 110 19 0 -999
