precip bcc-csm1-1 rcp60 RNEURONALES decimas 2
P434 36.894 -4.877 541 geo 2006 2100 -1
P434 2006 1 0 0 1 1 0 0 0 0 2 5 5 18 20 30 12 11 1 4 2 0 0 2 1 0 0 1 4 2 1 0 0
P434 2006 2 0 0 0 4 48 145 123 14 19 44 25 75 79 18 9 5 8 3 0 0 7 3 11 2 6 5 18 0 -999 -999 -999
P434 2006 3 0 14 12 0 0 8 5 0 0 7 3 1 1 3 3 4 3 2 0 0 0 0 0 0 0 0 0 0 0 0 0
P434 2006 4 0 33 5 0 60 8 1 6 36 123 53 14 7 6 5 0 0 22 12 0 0 0 0 5 0 29 0 0 0 0 -999
P434 2006 5 0 3 0 2 12 7 2 3 4 18 2 0 0 0 0 0 0 15 7 2 1 7 13 10 0 0 24 21 37 18 8
P434 2006 6 19 14 0 20 48 55 27 7 0 0 0 0 0 0 0 0 0 0 0 0 0 0 0 0 0 0 0 0 0 0 -999
P434 2006 7 0 0 0 0 0 0 0 0 0 0 0 0 0 0 0 0 0 0 0 0 0 0 0 0 0 0 0 0 0 0 0
P434 2006 8 0 0 0 0 0 0 0 0 0 0 0 0 0 0 0 0 0 0 0 0 0 0 0 0 0 0 0 0 0 0 0
P434 2006 9 0 0 0 0 0 0 0 0 2 2 3 0 0 31 32 0 7 12 11 0 0 0 0 0 0 0 0 0 0 0 -999
P434 2006 10 0 11 43 50 0 0 0 0 0 0 0 0 0 0 0 0 9 0 0 0 0 0 0 0 0 7 15 12 13 8 0
P434 2006 11 0 0 0 21 17 13 14 7 0 0 0 0 0 0 0 0 0 0 2 0 0 0 0 0 0 0 0 0 0 0 -999
P434 2006 12 0 0 11 0 7 9 0 0 0 0 0 0 3 0 0 0 0 0 0 0 0 13 33 22 201 20 207 185 11 12 12
P434 2007 1 6 0 0 0 0 0 0 0 0 3 1 3 1 0 0 0 0 1 2 13 1 0 4 8 6 8 27 26 143 16 4
P434 2007 2 1 9 16 6 44 56 192 48 7 4 11 92 21 23 7 0 0 0 8 8 1 7 8 46 78 60 30 179 -999 -999 -999
P434 2007 3 147 13 1 0 0 0 0 0 0 0 0 33 122 8 0 0 1 5 1 1 7 44 25 0 10 4 0 31 26 0 0
P434 2007 4 0 0 4 14 9 7 8 2 0 0 0 0 0 0 0 9 1 23 19 2 7 57 84 68 36 13 1 2 4 4 -999
P434 2007 5 1 0 0 16 10 25 13 8 15 2 11 27 15 10 13 8 7 2 1 1 1 1 0 0 0 0 0 0 0 0 11
P434 2007 6 0 0 0 0 0 0 0 27 11 8 0 0 0 0 0 0 0 0 0 0 0 0 0 0 0 0 0 0 0 0 -999
P434 2007 7 0 0 0 0 0 0 0 0 0 0 0 0 0 0 0 0 0 0 0 0 0 0 0 0 0 0 0 0 0 0 0
P434 2007 8 0 0 0 0 0 0 0 0 0 0 0 0 0 0 0 0 0 0 0 0 0 0 0 28 14 0 7 7 14 10 0
P434 2007 9 0 0 0 0 0 0 0 0 0 0 0 0 0 0 0 0 0 0 0 0 0 0 0 0 0 0 0 0 0 0 -999
P434 2007 10 68 85 21 0 0 0 0 2 7 20 7 16 27 27 18 2 14 16 2 1 0 0 0 0 0 16 58 45 4 24 15
P434 2007 11 0 0 0 0 0 0 0 0 8 10 1 1 3 0 0 0 0 0 0 8 5 32 64 70 52 14 8 2 5 2 -999
P434 2007 12 0 0 0 0 0 0 0 5 237 76 10 6 2 6 14 190 148 122 44 84 29 1 5 0 2 0 0 3 4 7 28
P434 2008 1 100 43 83 30 11 20 28 5 4 4 0 5 7 8 5 47 15 16 8 0 0 0 0 0 0 0 0 0 0 5 6
P434 2008 2 4 4 4 4 1 0 0 1 1 1 0 0 0 0 3 0 0 0 7 16 7 15 8 8 0 0 1 2 -999 -999 -999
P434 2008 3 5 7 10 2 0 0 0 2 0 1 1 1 4 2 6 9 1 0 0 0 0 0 4 1 1 19 1 1 2 18 1
P434 2008 4 3 0 0 0 0 88 172 40 48 27 33 17 14 5 0 2 3 12 5 0 0 0 0 3 2 8 6 0 89 0 -999
P434 2008 5 0 0 6 5 15 26 16 3 7 6 8 2 7 0 0 0 0 0 13 0 14 0 0 0 0 0 0 0 0 0 0
P434 2008 6 0 0 0 0 7 0 0 0 0 0 0 0 0 0 0 0 0 0 0 0 0 0 0 0 0 0 15 0 0 0 -999
P434 2008 7 0 17 0 22 30 22 25 0 0 0 0 0 0 0 0 0 0 0 0 0 0 0 0 0 0 0 0 0 0 0 0
P434 2008 8 0 0 0 0 0 0 0 0 0 0 0 0 0 0 0 0 0 0 0 0 0 0 0 0 0 0 0 0 0 0 0
P434 2008 9 0 0 0 0 0 0 0 0 0 0 0 0 0 0 19 15 0 0 0 0 0 0 0 0 0 0 0 0 0 0 -999
P434 2008 10 5 8 14 22 22 14 12 0 0 32 12 0 9 34 66 21 8 5 15 33 22 29 12 10 5 2 0 2 6 1 2
P434 2008 11 0 0 0 0 2 2 3 1 7 2 1 2 0 3 22 84 80 58 57 5 2 2 0 0 0 0 0 0 0 3 -999
P434 2008 12 6 14 7 2 0 0 2 7 4 1 0 2 4 11 6 16 3 0 0 11 6 0 0 0 0 0 0 0 14 17 7
P434 2009 1 4 0 0 0 3 1 1 2 2 4 92 3 6 1 4 2 2 8 9 7 25 44 21 13 12 3 0 0 14 29 3
P434 2009 2 1 3 0 0 54 31 7 4 0 0 9 14 8 0 0 0 85 23 16 44 91 12 33 26 26 27 91 62 -999 -999 -999
P434 2009 3 30 39 129 119 4 49 1 1 1 4 0 0 0 0 0 0 0 0 11 3 2 0 0 0 9 17 7 1 4 0 0
P434 2009 4 0 0 0 0 0 0 0 0 0 0 0 4 16 8 6 1 0 0 0 12 2 3 0 0 0 0 0 0 0 0 -999
P434 2009 5 0 0 0 0 0 0 0 0 0 0 0 0 0 0 0 0 0 0 0 0 0 0 0 0 0 0 0 0 0 0 0
P434 2009 6 0 0 16 41 2 2 2 6 7 23 33 29 19 11 6 5 5 6 2 6 3 0 0 0 0 0 0 0 0 0 -999
P434 2009 7 0 0 0 0 0 0 0 0 0 0 0 0 0 0 0 0 0 0 0 0 0 0 0 0 0 0 0 0 0 0 0
P434 2009 8 0 0 0 0 0 0 0 0 0 0 0 0 0 0 0 0 0 0 0 0 0 0 0 0 0 0 0 0 0 0 0
P434 2009 9 0 0 0 0 0 0 0 0 0 0 0 0 0 0 0 0 0 0 0 0 0 0 0 0 0 0 0 0 0 0 -999
P434 2009 10 0 103 71 28 18 14 13 9 0 0 0 0 0 0 0 0 0 0 0 0 0 3 2 3 10 18 17 0 0 0 0
P434 2009 11 0 14 23 0 0 9 0 0 11 9 25 10 1 0 0 0 0 0 0 0 0 0 0 0 0 0 0 0 0 2 -999
P434 2009 12 3 0 1 0 0 4 7 5 0 10 7 2 0 0 21 23 18 6 2 0 0 0 0 8 14 22 3 8 6 8 8
P434 2010 1 3 0 0 0 0 0 0 3 0 0 4 0 0 0 4 5 34 18 14 6 2 1 0 5 9 8 3 0 0 0 0
P434 2010 2 0 0 0 1 1 0 0 0 3 8 2 9 8 7 5 8 11 7 7 4 8 4 1 0 0 0 0 0 -999 -999 -999
P434 2010 3 1 1 1 0 0 2 11 29 82 33 13 5 0 10 8 0 4 2 4 72 47 3 11 10 4 1 4 8 2 3 16
P434 2010 4 41 115 35 0 19 14 79 15 2 1 2 40 8 0 0 0 0 0 0 0 0 0 0 6 1 0 0 0 0 0 -999
P434 2010 5 0 0 0 0 0 0 0 0 0 0 0 0 0 0 0 0 0 0 0 11 0 0 7 0 0 0 0 0 0 0 0
P434 2010 6 0 0 0 0 0 0 0 0 0 0 0 0 7 63 10 9 7 0 0 0 8 4 0 0 0 0 0 0 0 0 -999
P434 2010 7 0 0 0 0 0 0 0 0 0 0 0 0 0 0 0 0 0 0 0 0 0 0 0 0 0 0 0 0 0 0 0
P434 2010 8 0 0 0 0 0 0 0 0 0 0 0 0 0 0 0 0 0 0 0 0 0 0 0 0 0 0 0 0 0 0 0
P434 2010 9 0 0 0 0 0 0 0 0 0 0 0 0 0 0 0 0 0 0 0 0 43 0 0 0 145 127 0 0 0 0 -999
P434 2010 10 0 0 0 0 0 0 0 0 0 0 0 0 0 0 0 0 0 0 0 0 0 0 19 0 15 19 24 0 0 0 0
P434 2010 11 0 0 0 0 0 0 0 0 0 0 23 150 82 28 69 3 2 16 4 0 2 8 7 1 0 0 0 0 0 0 -999
P434 2010 12 0 6 2 2 5 20 13 21 4 0 26 8 5 4 5 6 7 5 8 9 4 0 17 10 7 3 3 3 4 5 4
P434 2011 1 0 0 0 0 0 0 0 0 0 0 0 4 17 48 13 60 142 83 53 33 12 8 3 0 5 21 5 3 0 7 3
P434 2011 2 1 1 1 0 0 0 0 0 1 3 6 1 0 0 2 3 2 16 45 42 14 0 8 18 24 2 2 17 -999 -999 -999
P434 2011 3 3 2 5 2 4 17 13 6 3 2 0 1 0 5 5 11 0 3 6 3 0 0 7 16 0 0 0 0 8 0 0
P434 2011 4 6 11 14 15 0 0 0 0 0 25 8 6 2 0 0 0 0 0 61 92 0 0 0 0 0 0 5 0 0 0 -999
P434 2011 5 0 0 0 0 0 0 0 0 0 5 5 0 0 0 0 0 0 0 0 0 0 0 0 0 0 0 0 0 0 0 0
P434 2011 6 0 0 0 0 0 0 0 0 0 0 0 0 0 0 0 0 0 0 0 0 0 0 0 0 0 36 0 0 0 0 -999
P434 2011 7 0 0 0 0 7 0 0 0 0 0 0 0 0 0 0 0 0 0 0 0 0 0 0 0 0 0 0 0 0 0 0
P434 2011 8 0 0 0 0 0 0 0 0 0 0 0 0 0 0 0 0 0 0 0 0 0 0 0 0 0 0 0 0 0 0 0
P434 2011 9 0 0 0 0 0 0 0 0 0 0 0 0 0 0 0 0 0 0 0 0 0 0 0 0 0 0 0 0 0 0 -999
P434 2011 10 0 0 0 0 0 0 9 6 8 2 0 0 5 0 0 0 0 0 2 12 7 10 2 0 0 0 0 0 12 41 25
P434 2011 11 5 20 51 9 1 13 10 17 0 0 0 9 10 68 6 0 0 0 0 0 12 20 44 15 15 11 7 9 7 3 -999
P434 2011 12 9 5 6 0 0 0 0 0 0 0 0 0 0 3 8 8 45 3 0 0 0 0 0 0 6 30 129 60 14 3 16
P434 2012 1 16 19 90 23 36 2 4 0 0 1 0 2 6 1 1 2 9 27 11 1 1 1 7 2 0 0 5 3 1 0 1
P434 2012 2 0 0 0 1 0 0 0 0 0 4 14 38 20 7 15 8 81 5 5 0 0 2 1 9 10 0 13 0 -999 -999 -999
P434 2012 3 0 0 0 0 0 0 0 0 0 0 0 0 5 6 0 1 1 11 2 3 0 0 0 2 2 1 1 1 0 0 0
P434 2012 4 0 0 0 0 0 0 0 0 0 0 0 0 0 0 0 0 0 0 0 0 0 0 0 0 0 0 0 0 0 0 -999
P434 2012 5 0 0 0 0 0 0 0 0 34 158 91 0 16 0 0 0 0 0 0 0 0 0 0 8 17 39 19 17 37 22 3
P434 2012 6 0 0 0 0 0 10 2 0 0 0 0 0 0 0 0 0 0 0 0 0 0 0 0 0 0 0 0 0 0 0 -999
P434 2012 7 0 0 0 0 0 0 0 0 0 0 0 0 0 0 0 0 0 0 0 0 0 0 0 0 0 0 0 0 0 0 0
P434 2012 8 0 0 0 0 0 0 0 0 0 0 0 0 0 0 0 0 0 0 0 0 0 0 0 0 0 0 0 0 0 0 0
P434 2012 9 0 0 0 0 0 0 0 0 0 0 0 0 0 0 0 0 0 0 0 0 0 0 0 0 0 0 0 0 0 0 -999
P434 2012 10 0 0 0 0 0 0 0 0 0 0 0 17 22 0 0 0 0 26 22 72 145 75 18 2 3 2 0 0 0 122 36
P434 2012 11 6 0 0 0 12 14 10 0 0 0 4 33 16 3 0 0 0 0 0 0 0 0 0 0 0 0 0 0 0 7 -999
P434 2012 12 21 6 3 1 3 3 0 0 0 0 0 6 7 3 0 3 1 4 1 4 0 4 1 1 0 0 0 0 0 0 0
P434 2013 1 9 11 0 0 0 0 0 0 0 0 0 0 3 2 1 2 0 0 0 0 0 1 2 1 2 0 1 3 5 1 2
P434 2013 2 1 1 1 1 1 9 26 5 15 2 1 0 0 0 2 1 3 1 4 2 0 28 18 9 22 32 33 3 -999 -999 -999
P434 2013 3 1 1 0 0 0 0 0 0 0 2 4 29 147 102 11 8 14 20 0 0 0 0 0 0 0 0 0 0 0 0 0
P434 2013 4 0 60 121 68 38 14 14 6 26 8 0 0 0 166 150 126 25 23 130 237 56 21 5 0 0 0 2 3 3 0 -999
P434 2013 5 2 0 0 0 0 0 0 0 0 7 11 8 8 0 0 0 0 0 10 18 14 33 24 20 8 9 0 0 0 0 0
P434 2013 6 0 0 0 0 0 0 0 0 0 0 0 0 0 0 0 0 0 0 0 0 0 0 0 0 0 0 0 0 0 0 -999
P434 2013 7 0 0 0 0 0 0 0 0 0 0 0 0 0 0 0 0 0 0 0 0 0 0 0 0 0 0 0 0 0 0 0
P434 2013 8 0 0 0 0 0 0 0 0 0 0 0 0 0 0 0 0 0 0 0 0 0 0 0 0 0 0 0 0 0 0 0
P434 2013 9 0 0 0 0 0 0 0 0 0 0 0 0 0 0 0 0 0 0 0 0 0 0 0 0 0 0 0 0 0 0 -999
P434 2013 10 0 0 0 0 34 63 0 0 24 0 34 7 40 31 88 28 11 19 6 5 0 4 28 10 9 0 0 0 0 0 0
P434 2013 11 0 0 0 0 0 0 0 4 0 0 0 0 5 6 18 7 0 9 0 0 0 0 0 11 6 8 12 29 25 76 -999
P434 2013 12 159 22 48 17 6 3 2 1 1 2 2 1 0 0 0 14 81 5 0 0 0 0 1 1 0 0 0 0 0 0 3
P434 2014 1 3 14 5 8 8 0 2 1 5 9 7 4 5 7 0 0 0 4 0 2 2 1 4 9 18 18 10 13 50 146 12
P434 2014 2 68 1 3 8 42 15 8 27 2 1 0 0 0 0 0 0 16 33 38 26 19 16 2 1 0 0 0 0 -999 -999 -999
P434 2014 3 0 0 0 0 0 0 0 0 0 0 0 0 0 4 11 3 4 2 2 4 33 36 4 7 8 15 17 7 3 10 33
P434 2014 4 12 0 0 0 0 0 0 6 26 42 26 4 0 0 0 0 0 0 0 0 0 0 0 0 0 0 0 9 23 23 -999
P434 2014 5 17 12 0 0 0 0 7 9 5 0 9 14 13 12 7 5 9 2 2 3 0 0 0 0 0 0 0 0 0 19 28
P434 2014 6 16 16 10 0 0 0 0 0 0 0 0 0 0 0 0 0 0 0 0 0 0 0 0 0 0 0 0 0 0 0 -999
P434 2014 7 0 0 0 0 0 0 0 0 0 0 0 0 0 0 0 0 0 0 0 0 0 0 0 0 0 0 0 0 0 0 0
P434 2014 8 0 0 0 0 0 0 0 0 0 0 0 0 0 0 0 0 0 0 0 0 0 0 0 0 0 0 0 0 0 0 0
P434 2014 9 0 0 0 0 0 0 0 0 0 0 0 0 0 0 0 0 0 0 0 0 0 0 0 0 0 0 0 0 0 0 -999
P434 2014 10 0 0 12 0 0 0 0 0 57 0 0 0 0 0 0 0 0 0 0 0 8 6 13 23 0 13 0 0 0 0 0
P434 2014 11 0 0 13 13 36 20 5 2 0 4 0 12 11 0 0 0 0 18 10 45 12 1 3 50 67 62 23 8 4 15 -999
P434 2014 12 2 1 0 0 0 0 0 0 0 2 4 1 1 0 10 5 55 25 5 281 11 17 27 31 9 8 5 3 0 0 0
P434 2015 1 0 0 0 0 0 0 0 0 0 0 0 0 0 0 0 0 3 0 0 0 0 1 0 0 4 19 3 2 0 5 1
P434 2015 2 4 0 0 0 0 0 0 0 4 4 8 36 205 134 62 21 55 146 45 13 23 9 1 0 0 0 10 8 -999 -999 -999
P434 2015 3 0 18 239 248 46 7 4 3 0 14 24 83 68 12 21 139 171 219 216 6 21 35 0 0 4 7 0 0 0 0 10
P434 2015 4 0 0 0 0 20 57 14 0 13 61 49 3 5 13 8 15 2 5 27 12 9 8 14 34 0 0 0 0 0 0 -999
P434 2015 5 0 3 1 6 28 19 0 0 0 0 0 0 0 0 0 0 0 0 0 0 0 0 0 0 0 0 0 0 0 0 0
P434 2015 6 0 0 0 0 44 64 25 0 0 0 0 0 0 0 0 0 0 0 0 0 0 0 0 0 0 0 0 0 0 0 -999
P434 2015 7 0 0 0 0 0 0 0 0 0 0 0 0 0 0 0 0 0 0 0 0 0 0 0 0 0 0 0 0 0 0 0
P434 2015 8 0 0 0 0 0 0 0 0 0 0 0 0 0 0 0 0 0 0 0 0 0 0 0 0 0 0 0 0 0 0 0
P434 2015 9 0 0 0 0 0 9 0 0 0 0 0 0 0 0 0 0 20 49 41 0 0 0 0 0 0 0 0 0 0 0 -999
P434 2015 10 0 0 0 0 0 0 0 0 0 32 71 79 17 14 0 12 9 9 13 6 3 7 8 0 0 0 1 4 0 0 0
P434 2015 11 0 0 0 0 7 0 0 48 22 0 0 0 2 0 1 2 0 0 0 0 0 0 0 0 0 0 0 0 0 0 -999
P434 2015 12 0 0 0 0 0 0 0 0 0 0 0 5 5 1 1 0 0 0 5 4 5 13 5 6 22 10 21 10 2 7 4
P434 2016 1 5 3 0 3 3 1 3 4 1 3 38 16 9 41 6 5 4 0 1 7 1 3 1 1 0 1 1 0 9 3 2
P434 2016 2 2 2 1 1 4 11 3 1 1 1 2 1 1 1 2 0 0 0 0 0 0 0 0 0 0 0 0 0 -999 -999 -999
P434 2016 3 0 0 0 0 0 0 0 4 3 0 0 0 0 0 0 0 0 6 1 0 0 0 0 0 1 0 1 0 0 10 8
P434 2016 4 3 0 11 86 48 1 3 1 16 2 8 17 13 9 0 0 56 38 9 11 21 19 70 0 0 0 19 11 0 23 -999
P434 2016 5 8 3 5 5 6 0 0 0 0 0 3 0 0 0 0 0 0 0 0 0 0 0 0 0 6 0 0 0 0 0 0
P434 2016 6 0 0 0 0 0 4 0 0 0 0 0 0 0 0 0 0 0 0 0 0 0 0 0 0 0 0 0 6 0 0 -999
P434 2016 7 0 0 0 0 0 0 0 0 0 0 0 0 0 0 0 0 0 0 0 0 0 0 0 0 0 0 0 0 0 0 0
P434 2016 8 0 0 0 0 0 0 0 0 0 0 0 0 0 0 0 0 0 0 0 0 0 0 0 0 0 0 0 0 0 0 0
P434 2016 9 0 0 0 0 0 0 0 0 0 0 0 0 0 0 0 0 0 0 0 0 0 0 0 0 0 0 0 0 0 0 -999
P434 2016 10 0 0 0 0 0 0 0 32 37 0 0 0 0 0 0 7 12 13 10 0 7 4 6 46 56 22 58 50 17 0 1
P434 2016 11 0 0 0 52 31 13 4 3 3 3 16 24 82 36 18 32 0 0 0 9 0 0 8 29 62 23 5 8 0 0 -999
P434 2016 12 0 0 0 0 0 0 0 0 0 0 1 1 1 1 6 0 0 3 1 0 0 0 0 0 0 0 0 0 5 9 1
P434 2017 1 3 3 30 2 23 1 2 1 1 11 4 4 0 0 0 1 2 0 13 54 13 2 0 0 7 13 46 70 1 0 0
P434 2017 2 0 0 0 10 11 10 20 15 9 13 19 29 57 176 71 11 9 21 126 50 137 3 4 1 3 8 20 7 -999 -999 -999
P434 2017 3 1 3 26 67 213 7 1 5 39 31 66 65 5 2 9 31 48 80 20 25 4 123 6 3 8 26 19 25 65 20 59
P434 2017 4 49 4 4 4 7 70 234 11 3 76 167 9 2 8 2 1 1 1 4 7 16 17 6 2 5 14 1 1 1 1 -999
P434 2017 5 5 7 0 0 0 9 12 7 2 7 5 2 0 18 0 0 0 0 0 0 0 0 20 14 11 0 0 0 0 0 0
P434 2017 6 0 0 0 0 0 0 0 0 0 0 0 0 0 0 0 0 0 0 0 0 0 0 0 0 0 0 0 0 0 0 -999
P434 2017 7 0 0 0 0 0 0 0 0 0 0 0 0 0 0 0 0 0 0 0 0 0 0 0 9 0 0 0 0 0 0 0
P434 2017 8 0 0 0 0 0 0 0 0 0 0 3 0 0 0 0 0 0 0 0 0 0 0 0 0 0 0 0 0 0 0 0
P434 2017 9 0 0 0 0 0 0 0 0 0 0 0 0 0 0 0 0 0 0 0 0 0 0 0 0 0 0 4 25 32 33 -999
P434 2017 10 16 20 0 0 0 0 8 10 3 7 0 0 0 0 0 0 0 0 0 0 0 0 23 0 0 8 7 2 5 5 0
P434 2017 11 8 8 0 0 12 5 0 5 21 37 14 15 0 0 0 0 3 1 1 1 0 2 2 16 13 1 0 0 0 0 -999
P434 2017 12 2 1 1 0 0 0 0 0 0 0 1 1 1 3 3 3 7 2 2 5 22 26 1 2 3 4 4 43 133 12 10
P434 2018 1 1 0 0 0 0 0 0 0 0 0 0 0 0 0 0 0 7 4 0 0 0 0 8 17 28 30 23 17 64 63 14
P434 2018 2 11 81 96 10 22 32 19 42 4 7 15 67 59 6 0 0 0 7 13 17 0 30 30 19 8 5 19 42 -999 -999 -999
P434 2018 3 38 37 64 46 25 29 9 0 0 0 21 56 15 0 0 0 0 0 2 6 13 1 2 9 3 7 3 4 4 22 2
P434 2018 4 3 3 5 3 11 0 0 0 0 0 0 50 41 3 7 50 8 7 2 0 0 0 0 0 0 11 15 0 51 37 -999
P434 2018 5 21 24 70 5 1 0 0 0 0 0 0 0 0 0 0 0 20 34 39 25 0 0 0 0 0 0 0 0 0 0 0
P434 2018 6 0 0 0 0 0 0 0 6 0 0 0 0 0 0 0 0 0 0 0 0 0 0 0 0 0 0 0 0 0 0 -999
P434 2018 7 0 0 0 0 0 0 0 0 0 0 0 0 0 0 0 0 0 0 0 0 0 0 0 0 0 0 0 0 0 0 0
P434 2018 8 0 0 0 0 0 0 0 0 0 0 0 0 0 0 0 0 0 0 0 0 0 0 0 0 0 0 0 0 0 0 0
P434 2018 9 0 0 0 0 0 52 0 0 0 0 0 0 0 0 0 0 0 0 0 0 0 0 11 2 0 0 0 0 0 0 -999
P434 2018 10 0 0 0 0 24 0 0 0 0 0 0 0 0 23 41 27 0 27 59 90 118 51 0 57 9 0 3 1 0 5 40
P434 2018 11 29 14 16 20 15 0 0 0 29 33 0 0 0 0 0 0 0 0 0 0 43 60 36 34 19 33 19 9 1 0 -999
P434 2018 12 0 0 0 0 0 0 0 0 5 6 4 0 4 3 0 0 0 0 0 0 0 0 4 6 12 31 15 5 1 0 0
P434 2019 1 0 0 0 2 1 15 12 4 4 1 1 1 1 2 4 0 0 0 0 0 0 0 0 5 5 4 0 0 3 6 11
P434 2019 2 5 0 8 5 5 9 11 23 5 9 15 6 1 3 4 10 4 0 0 0 0 19 158 301 54 6 41 166 -999 -999 -999
P434 2019 3 184 63 63 24 14 46 5 23 76 45 37 17 5 0 0 0 0 0 0 0 0 0 4 8 37 88 140 9 8 11 3
P434 2019 4 3 0 0 0 0 0 0 0 0 0 0 3 3 0 0 0 0 0 0 0 0 0 0 0 0 0 0 14 11 15 -999
P434 2019 5 16 0 0 0 0 0 0 0 0 0 0 0 17 12 0 0 0 0 0 0 0 0 0 0 0 0 0 0 20 71 30
P434 2019 6 0 0 0 0 0 0 0 0 0 0 0 0 0 0 0 0 0 0 0 0 0 0 0 0 0 0 0 0 0 0 -999
P434 2019 7 0 0 15 0 0 0 0 0 0 0 0 0 0 0 0 0 0 0 0 0 0 0 0 0 0 0 0 0 0 0 0
P434 2019 8 0 0 0 0 0 0 0 0 0 0 0 0 0 0 0 0 0 0 0 0 0 0 0 0 0 0 0 0 0 0 0
P434 2019 9 0 0 0 0 0 0 0 0 0 0 0 15 11 0 0 0 0 0 0 0 0 0 0 0 0 0 0 0 0 0 -999
P434 2019 10 0 0 31 12 9 16 15 9 15 7 0 0 0 0 0 0 0 0 0 0 0 0 0 0 0 0 0 0 0 0 0
P434 2019 11 0 5 0 0 16 8 2 1 0 0 0 0 0 11 10 0 0 0 0 0 0 0 0 0 0 6 7 35 24 11 -999
P434 2019 12 2 4 12 0 9 0 0 0 0 0 0 0 0 0 5 6 2 7 17 5 7 19 10 3 8 1 2 0 0 2 0
P434 2020 1 0 4 18 56 39 155 32 6 5 11 18 6 0 0 0 0 0 0 0 0 0 1 2 5 4 19 5 4 1 4 7
P434 2020 2 12 3 6 3 1 4 1 0 1 4 6 0 0 65 18 50 10 5 7 12 50 152 235 29 0 5 13 22 -999 -999 -999
P434 2020 3 0 0 0 0 0 0 0 0 0 0 0 14 32 22 64 56 40 8 2 2 2 15 102 132 23 1 3 1 6 1 0
P434 2020 4 0 0 0 0 0 0 0 78 27 56 18 22 7 4 2 0 0 0 0 25 81 0 51 65 44 1 0 0 42 70 -999
P434 2020 5 120 22 5 3 4 1 2 3 0 0 9 0 0 0 0 0 0 0 0 0 0 0 0 12 14 22 84 85 28 15 10
P434 2020 6 1 4 7 0 0 12 8 15 6 0 0 0 0 0 0 0 0 0 0 0 0 0 0 0 0 0 0 0 0 0 -999
P434 2020 7 0 0 0 0 0 0 0 0 0 0 0 0 0 0 0 0 0 0 0 0 0 0 0 0 0 0 0 0 0 0 0
P434 2020 8 0 0 0 0 0 0 0 0 0 0 0 0 0 0 0 0 0 0 0 0 0 0 0 0 0 0 0 0 0 0 0
P434 2020 9 0 0 0 0 0 0 0 0 0 0 0 0 0 0 20 0 0 0 43 11 7 0 0 0 0 0 0 0 0 0 -999
P434 2020 10 0 0 0 8 3 26 3 0 0 0 15 0 0 0 0 0 0 0 0 0 0 0 15 44 5 31 112 52 8 0 0
P434 2020 11 0 4 21 33 0 0 27 17 0 0 0 0 0 5 1 0 13 16 34 44 21 14 5 0 0 0 0 0 0 8 -999
P434 2020 12 0 13 18 18 5 6 0 1 0 5 4 0 3 5 0 0 0 5 0 6 23 76 55 5 0 0 0 0 0 0 0
P434 2021 1 0 1 1 3 1 0 0 0 0 0 0 7 4 6 1 2 3 32 11 4 19 8 23 26 35 62 167 41 24 13 99
P434 2021 2 11 37 11 16 21 21 5 10 2 27 17 67 28 7 9 0 0 3 0 0 0 0 0 0 5 21 69 34 -999 -999 -999
P434 2021 3 0 22 48 32 57 99 73 78 9 0 0 1 11 9 78 32 182 105 164 22 7 2 15 9 0 0 0 0 5 2 5
P434 2021 4 0 8 7 27 2 0 0 0 0 12 9 4 0 0 0 5 21 8 0 0 19 0 0 95 167 81 3 4 2 5 -999
P434 2021 5 1 2 0 7 0 10 7 4 3 0 6 8 16 0 0 0 0 0 0 0 0 0 0 20 0 0 0 10 30 24 21
P434 2021 6 30 21 9 6 0 1 5 14 13 8 16 6 16 31 21 0 0 0 0 0 0 0 0 0 0 0 0 0 0 0 -999
P434 2021 7 0 0 0 0 0 0 0 0 0 0 0 0 0 0 0 0 0 0 0 0 0 0 0 0 0 0 0 0 0 0 0
P434 2021 8 0 0 0 0 0 0 0 20 22 12 9 0 0 0 0 0 0 0 0 0 0 0 0 0 0 0 0 0 0 0 0
P434 2021 9 0 0 0 0 0 0 0 0 0 0 0 0 0 0 13 6 0 0 0 0 0 0 0 0 87 27 18 14 0 24 -999
P434 2021 10 4 46 77 20 0 0 0 0 0 0 0 0 0 39 41 8 0 26 50 15 31 11 0 0 12 11 18 5 12 6 31
P434 2021 11 20 5 3 0 27 28 14 16 4 1 0 0 0 0 0 0 0 0 0 6 3 0 0 4 0 0 0 0 0 0 -999
P434 2021 12 0 0 0 0 0 0 0 0 0 0 0 5 11 14 91 19 66 88 31 30 67 10 9 9 16 17 40 52 24 1 1
P434 2022 1 1 0 0 0 0 0 0 0 0 0 0 0 5 15 14 4 2 2 31 46 5 2 1 3 6 0 0 0 0 0 0
P434 2022 2 0 3 7 5 2 0 0 0 5 6 1 0 0 0 20 6 3 2 0 0 7 8 1 17 5 5 6 55 -999 -999 -999
P434 2022 3 3 2 0 7 15 14 4 0 0 7 0 0 0 0 0 4 0 0 0 6 10 0 0 0 12 9 0 0 3 2 3
P434 2022 4 39 153 231 15 8 79 14 8 7 0 0 49 9 1 0 0 0 0 0 0 5 36 1 2 2 6 5 0 0 8 -999
P434 2022 5 0 0 0 0 0 0 0 0 0 0 0 0 0 0 0 0 0 0 0 0 0 11 0 0 0 0 0 0 0 0 0
P434 2022 6 0 0 0 0 0 0 0 0 0 0 0 0 0 0 0 0 0 0 0 0 0 0 0 0 0 0 0 0 0 0 -999
P434 2022 7 0 0 0 0 0 0 0 0 0 0 0 0 0 0 0 0 0 0 0 0 0 0 0 0 0 0 0 0 0 0 0
P434 2022 8 0 0 0 0 0 0 0 0 0 0 0 0 0 0 0 0 0 0 0 0 0 0 0 0 0 0 0 0 0 0 0
P434 2022 9 0 0 0 0 0 0 0 0 0 0 0 0 0 0 0 0 0 0 0 0 0 0 10 29 8 7 0 0 0 0 -999
P434 2022 10 0 0 0 0 6 6 0 0 0 0 0 0 0 0 0 0 0 0 0 17 23 0 0 0 0 0 24 15 0 0 0
P434 2022 11 0 0 0 5 3 4 0 0 0 0 0 12 53 35 73 24 10 12 9 173 47 120 146 94 2 0 0 0 0 0 -999
P434 2022 12 0 1 1 0 0 9 8 2 2 0 3 2 0 0 0 0 6 5 8 17 12 4 7 23 23 33 22 36 48 7 9
P434 2023 1 6 54 16 133 149 110 34 44 8 1 28 16 38 42 10 2 36 36 22 10 4 9 33 3 2 3 3 0 0 0 0
P434 2023 2 0 12 9 6 0 0 0 0 0 0 0 17 2 7 20 9 8 12 8 22 1 0 0 0 0 0 2 0 -999 -999 -999
P434 2023 3 0 0 3 2 0 0 0 0 0 0 0 0 0 0 31 45 47 25 11 7 21 24 1 0 0 0 0 6 33 0 0
P434 2023 4 0 0 0 0 0 0 5 16 10 0 0 0 0 0 59 34 8 1 2 0 2 3 2 2 3 1 2 0 0 0 -999
P434 2023 5 36 110 45 61 15 13 22 72 49 17 2 6 26 0 0 0 0 0 0 0 0 4 6 9 0 0 0 0 0 0 0
P434 2023 6 0 0 0 0 0 0 0 0 0 0 0 21 0 0 25 3 2 6 16 0 0 0 0 0 0 0 0 0 0 0 -999
P434 2023 7 0 0 0 0 0 0 0 0 0 0 0 0 0 0 0 0 0 9 11 27 0 0 0 0 0 0 0 0 0 0 0
P434 2023 8 0 0 0 0 0 0 0 0 0 0 0 0 0 0 0 0 0 0 0 0 0 0 0 0 0 0 0 0 0 0 0
P434 2023 9 0 0 0 0 0 0 0 0 0 0 0 0 0 0 0 0 0 16 0 0 0 0 0 0 0 0 0 0 0 11 -999
P434 2023 10 42 7 1 0 0 0 0 0 0 0 0 0 10 20 3 4 3 2 9 17 3 5 0 0 0 0 0 0 4 2 6
P434 2023 11 1 4 0 0 0 0 0 34 53 47 41 33 7 0 0 0 0 0 0 0 0 0 0 0 0 0 0 4 0 0 -999
P434 2023 12 7 20 85 31 0 0 0 0 0 0 0 3 0 6 7 3 3 5 5 32 9 6 1 5 2 0 0 0 0 0 1
P434 2024 1 1 0 0 0 0 0 0 0 0 0 0 0 0 0 0 0 5 12 47 50 12 8 16 6 6 12 27 16 3 1 1
P434 2024 2 1 0 0 7 6 14 105 194 186 12 33 46 3 0 0 0 0 0 0 0 0 0 2 0 0 0 0 0 -999 -999 -999
P434 2024 3 0 0 0 0 0 0 0 11 0 0 11 30 12 68 5 7 16 28 52 6 2 1 0 4 2 2 4 2 3 21 24
P434 2024 4 9 4 2 4 32 39 56 36 5 19 11 0 0 0 0 0 4 0 0 0 0 54 1 1 0 0 0 0 0 0 -999
P434 2024 5 4 5 7 9 18 42 50 18 0 0 0 7 3 3 3 2 4 14 0 0 0 0 0 0 0 0 0 15 10 0 0
P434 2024 6 0 0 0 0 0 0 0 0 0 0 0 0 0 0 0 0 0 0 0 0 0 0 0 0 0 0 0 0 0 0 -999
P434 2024 7 0 0 0 0 0 0 0 0 0 0 0 0 0 0 0 0 0 0 0 0 0 0 0 0 0 0 0 0 0 0 0
P434 2024 8 0 0 0 0 0 0 0 0 0 0 0 0 0 0 0 0 0 0 0 0 0 0 0 0 0 0 0 0 0 0 0
P434 2024 9 0 0 0 0 0 0 0 0 0 0 0 0 0 0 0 0 0 0 6 30 70 31 25 13 0 0 0 0 8 0 -999
P434 2024 10 0 66 63 26 75 19 12 0 0 0 0 0 0 0 0 0 0 0 0 0 0 0 0 0 0 0 0 0 0 14 17
P434 2024 11 15 99 35 36 18 22 0 0 0 0 5 26 7 40 78 7 6 3 1 1 0 0 0 0 0 0 0 6 11 36 -999
P434 2024 12 66 26 8 1 0 0 2 3 6 11 27 7 18 6 0 0 0 14 6 0 0 5 5 1 0 0 5 0 0 0 0
P434 2025 1 0 0 7 32 190 190 15 2 2 1 1 0 0 0 1 1 0 3 7 4 6 0 0 0 0 0 0 7 11 5 0
P434 2025 2 0 3 1 0 3 3 7 106 16 19 135 99 9 46 76 18 0 0 0 0 0 0 0 0 10 0 0 0 -999 -999 -999
P434 2025 3 0 15 9 1 0 0 54 83 6 4 1 0 0 0 0 0 0 0 0 0 0 0 0 0 0 0 0 11 0 0 0
P434 2025 4 0 0 0 0 0 0 0 0 0 0 0 0 0 0 0 0 0 0 0 0 0 0 0 0 0 0 0 0 8 2 -999
P434 2025 5 0 0 5 12 2 0 0 0 0 0 0 0 0 17 8 0 0 0 0 0 0 0 7 10 12 11 8 29 23 0 0
P434 2025 6 0 0 0 0 0 0 0 0 0 0 0 0 0 0 0 0 0 0 0 0 0 0 0 0 0 0 0 0 0 0 -999
P434 2025 7 0 0 0 0 0 0 0 0 0 0 0 0 0 0 0 0 0 0 0 0 0 0 0 0 0 0 0 0 0 0 0
P434 2025 8 0 0 10 0 0 0 0 0 0 0 0 0 0 12 0 0 0 0 0 0 0 0 0 0 0 0 0 0 0 0 0
P434 2025 9 0 0 0 0 0 0 0 0 0 0 0 0 0 0 0 0 0 28 0 0 0 0 0 0 0 0 0 0 0 0 -999
P434 2025 10 0 0 0 0 0 0 0 0 0 0 0 0 0 0 0 0 0 137 49 73 170 61 6 1 0 0 0 0 8 22 40
P434 2025 11 69 19 3 162 19 8 6 5 33 224 41 0 0 41 32 5 0 0 0 0 0 0 0 0 0 0 0 0 0 0 -999
P434 2025 12 0 0 0 0 0 0 0 0 0 1 4 6 5 0 2 4 0 19 6 2 3 30 34 59 34 31 14 27 9 6 17
P434 2026 1 21 6 2 0 0 0 0 0 0 0 0 0 0 0 5 3 2 3 3 5 1 0 2 2 0 0 0 0 0 0 0
P434 2026 2 0 0 0 0 0 0 0 0 0 0 0 0 1 1 0 11 1 6 1 2 1 1 1 4 2 8 4 24 -999 -999 -999
P434 2026 3 16 9 14 44 62 62 15 5 4 0 0 0 28 36 0 0 0 0 0 0 0 0 184 12 55 47 7 8 9 14 10
P434 2026 4 0 0 0 4 3 6 4 1 9 1 1 0 2 6 5 6 8 26 10 0 0 0 0 0 0 0 0 0 0 23 -999
P434 2026 5 11 12 0 0 0 0 0 0 0 5 0 13 0 0 0 0 0 0 0 0 0 0 0 0 0 0 0 0 0 0 0
P434 2026 6 0 0 0 0 0 0 0 0 0 0 0 0 0 0 0 0 0 0 0 0 0 0 0 0 0 0 0 0 0 0 -999
P434 2026 7 0 0 0 0 0 0 0 0 0 0 0 0 0 0 0 0 0 0 0 0 0 0 0 0 0 0 0 0 0 0 0
P434 2026 8 0 0 0 0 0 0 0 0 0 0 0 0 0 0 0 0 0 0 0 0 0 0 0 0 0 0 0 0 0 0 0
P434 2026 9 11 12 10 9 0 0 0 0 0 0 0 0 0 0 0 0 0 0 0 0 0 5 0 0 0 0 0 0 0 0 -999
P434 2026 10 0 0 0 0 0 0 0 0 0 0 0 0 0 0 0 0 0 5 5 0 4 2 0 0 0 0 0 0 13 16 31
P434 2026 11 26 33 5 18 38 14 24 25 44 11 24 24 3 28 55 16 8 5 0 0 11 0 0 0 0 0 0 2 0 0 -999
P434 2026 12 0 0 2 0 0 0 0 0 0 0 2 1 0 9 104 25 13 11 22 11 1 8 8 1 1 2 3 1 0 0 0
P434 2027 1 0 0 0 2 2 6 11 8 8 17 88 22 8 10 68 21 12 0 3 1 1 3 1 0 7 49 40 31 102 13 0
P434 2027 2 0 0 0 0 0 0 0 0 0 3 10 4 4 0 30 10 17 21 13 15 8 26 39 15 0 2 1 0 -999 -999 -999
P434 2027 3 0 4 5 3 4 9 9 20 13 0 14 0 0 0 0 0 18 51 41 18 40 40 33 10 7 9 6 1 0 0 0
P434 2027 4 0 11 19 51 0 0 0 0 0 0 0 0 0 0 17 0 0 0 0 0 0 11 32 0 0 0 0 0 42 27 -999
P434 2027 5 46 0 14 20 20 54 15 10 0 0 0 0 0 0 0 0 0 0 0 0 0 0 0 0 0 3 0 0 0 0 0
P434 2027 6 0 0 0 19 32 5 0 0 0 0 0 0 0 0 0 0 0 0 0 0 0 0 0 0 0 0 0 6 0 0 -999
P434 2027 7 0 0 10 0 0 0 0 0 0 0 0 0 0 0 0 0 0 0 0 0 0 0 0 0 0 0 0 0 0 0 0
P434 2027 8 0 0 0 0 0 0 0 0 0 0 0 0 0 0 0 0 0 0 0 0 0 0 0 0 0 0 0 0 0 0 0
P434 2027 9 0 0 0 0 0 0 0 0 0 0 0 0 0 0 0 0 0 0 0 0 0 0 0 0 0 0 0 0 0 0 -999
P434 2027 10 0 0 0 0 0 0 0 0 0 0 0 0 0 0 0 0 0 2 0 0 0 6 24 10 10 0 0 0 0 0 0
P434 2027 11 0 0 0 0 2 0 0 0 0 15 10 5 6 0 0 0 0 0 0 0 5 5 10 0 11 14 5 4 0 0 -999
P434 2027 12 0 0 0 0 0 0 0 0 0 0 0 0 4 4 12 5 1 1 0 0 0 0 0 0 5 1 0 0 0 0 0
P434 2028 1 0 0 0 0 0 0 0 0 0 0 0 2 3 0 0 14 80 52 7 0 0 0 2 3 0 0 43 3 0 0 25
P434 2028 2 23 106 36 20 34 56 49 42 21 29 63 69 13 11 32 32 19 9 6 0 0 10 5 0 0 0 0 0 -999 -999 -999
P434 2028 3 0 0 0 4 0 0 0 0 0 9 28 19 13 5 7 0 0 0 0 0 0 0 0 0 1 1 2 0 0 0 0
P434 2028 4 0 0 0 0 0 0 0 0 0 0 4 0 0 0 0 0 0 0 18 26 7 2 0 0 0 0 0 0 0 0 -999
P434 2028 5 0 0 0 0 0 0 0 11 31 19 14 12 23 0 0 0 0 0 0 0 0 0 0 8 3 0 0 13 3 3 0
P434 2028 6 3 6 3 9 13 23 12 14 11 0 0 0 0 0 0 0 0 0 0 0 0 0 0 0 0 0 0 0 35 8 -999
P434 2028 7 3 0 0 0 0 0 0 0 0 0 0 22 9 0 0 0 0 0 0 0 0 0 0 0 0 0 0 0 0 0 0
P434 2028 8 0 0 0 0 0 0 0 0 0 0 0 0 0 0 0 0 0 0 0 0 0 0 0 0 0 0 0 0 0 0 0
P434 2028 9 0 0 0 0 0 0 0 0 0 0 0 0 0 0 0 0 0 0 0 0 0 0 0 0 0 0 0 0 37 0 -999
P434 2028 10 0 0 0 0 0 0 0 0 0 0 8 0 0 0 0 0 0 0 0 0 0 0 0 0 0 0 0 0 0 7 0
P434 2028 11 0 0 9 0 40 17 6 0 0 0 29 18 6 0 0 0 0 2 1 17 16 5 0 0 0 0 0 5 0 0 -999
P434 2028 12 0 0 0 0 0 10 11 0 0 0 0 2 8 16 13 19 17 6 8 13 15 10 5 0 0 1 1 2 3 19 1
P434 2029 1 1 0 20 71 9 0 30 27 13 18 11 37 3 0 0 6 9 8 11 13 6 2 0 0 0 0 37 50 5 7 5
P434 2029 2 8 6 12 5 4 1 0 0 0 5 3 0 0 2 1 10 0 0 0 0 0 0 0 0 0 0 8 6 -999 -999 -999
P434 2029 3 10 0 0 41 83 72 21 22 17 17 4 0 0 1 4 0 0 0 0 11 2 2 4 1 0 0 0 0 0 0 8
P434 2029 4 7 0 14 7 2 3 0 0 0 0 0 0 22 54 6 2 1 2 0 0 0 0 0 0 0 0 0 1 6 1 -999
P434 2029 5 1 0 12 26 50 22 80 44 7 1 1 2 0 0 0 0 0 0 0 0 3 0 0 13 0 0 0 0 0 0 138
P434 2029 6 177 0 0 0 0 0 0 0 0 0 0 0 0 0 0 0 0 0 0 0 0 0 0 0 0 0 0 0 0 0 -999
P434 2029 7 0 0 0 0 0 0 0 0 0 0 0 0 0 0 0 0 0 0 0 0 0 0 0 0 0 0 0 0 0 0 0
P434 2029 8 0 0 0 0 0 0 0 0 0 0 0 0 0 0 0 0 0 0 0 0 0 0 0 0 0 0 0 0 0 0 0
P434 2029 9 0 0 0 0 0 0 0 0 0 0 0 0 0 0 0 0 0 0 0 0 0 0 9 0 19 35 10 11 0 0 -999
P434 2029 10 0 0 0 0 0 0 0 0 0 0 0 0 0 0 0 0 0 9 0 0 0 0 0 0 0 31 47 82 247 34 6
P434 2029 11 0 0 0 0 0 0 0 0 0 0 0 0 0 0 0 0 7 11 3 0 9 5 6 5 2 0 4 3 2 0 -999
P434 2029 12 6 0 8 16 19 3 0 1 19 2 1 0 0 0 0 0 2 3 4 0 0 14 36 36 101 7 24 39 100 8 0
P434 2030 1 0 0 0 34 34 8 14 14 23 62 11 4 6 21 11 19 4 0 0 0 2 3 5 7 5 3 4 6 4 2 6
P434 2030 2 19 10 43 6 10 3 1 2 1 3 0 0 0 0 0 34 8 5 3 0 0 0 1 0 44 0 0 0 -999 -999 -999
P434 2030 3 0 0 0 0 0 0 0 0 0 0 0 0 0 0 0 0 19 0 6 6 10 20 42 47 62 37 14 10 47 19 77
P434 2030 4 31 33 4 4 2 0 0 8 11 29 19 0 0 0 16 6 3 7 8 3 3 0 0 3 23 71 1 2 8 3 -999
P434 2030 5 0 0 0 0 0 0 0 0 0 0 17 33 8 75 48 21 3 13 11 0 0 0 0 0 0 0 0 0 0 0 0
P434 2030 6 0 0 0 0 0 0 0 0 0 0 0 0 0 0 0 6 17 18 14 10 0 0 10 8 0 0 0 0 0 0 -999
P434 2030 7 0 0 0 0 0 0 0 0 0 0 0 0 0 0 0 0 0 0 0 0 0 0 0 0 0 0 0 0 0 0 0
P434 2030 8 0 0 0 0 0 0 0 0 0 0 0 0 0 0 0 0 0 0 0 0 0 0 0 0 0 0 0 0 0 0 0
P434 2030 9 0 0 0 0 0 0 0 0 0 0 0 0 0 0 0 57 32 24 30 0 28 16 7 2 24 10 0 3 3 2 -999
P434 2030 10 0 0 0 0 0 0 0 40 29 31 6 25 14 8 3 0 0 0 114 91 92 50 27 15 11 0 0 0 0 8 19
P434 2030 11 17 0 0 0 9 28 40 48 45 32 17 5 1 18 6 19 29 35 27 11 13 45 31 4 3 8 2 55 28 3 -999
P434 2030 12 0 0 0 0 0 1 3 2 0 1 5 3 0 0 0 0 0 0 0 0 0 0 0 0 0 5 11 9 19 9 12
P434 2031 1 4 0 0 19 10 11 4 18 56 49 37 10 19 67 203 11 0 0 3 0 1 0 0 0 0 0 0 0 0 0 1
P434 2031 2 1 1 3 43 107 61 8 32 36 12 18 29 25 37 52 62 155 56 9 16 32 30 32 16 2 0 0 0 -999 -999 -999
P434 2031 3 3 4 2 2 2 10 1 3 19 22 7 3 22 1 1 0 1 0 1 1 1 0 0 0 0 0 0 0 0 13 27
P434 2031 4 7 5 5 2 6 19 0 7 2 10 0 12 22 1 1 0 0 0 0 0 0 0 0 0 0 0 0 0 0 0 -999
P434 2031 5 0 0 7 0 0 0 0 0 0 6 0 0 0 0 0 0 0 0 0 0 0 0 0 0 0 0 0 0 0 0 0
P434 2031 6 0 0 0 0 0 0 0 0 0 0 0 0 0 0 0 0 0 0 0 0 0 0 0 0 0 0 0 0 0 0 -999
P434 2031 7 0 0 0 0 0 0 0 0 0 0 0 0 0 9 9 0 12 13 0 0 0 0 0 0 0 0 0 0 0 0 0
P434 2031 8 0 0 0 0 0 0 0 0 0 0 0 11 5 0 0 0 0 0 0 0 0 0 0 0 0 0 0 0 0 0 0
P434 2031 9 0 0 0 0 0 0 0 0 0 0 8 19 6 0 0 0 0 0 0 0 0 23 24 0 13 14 30 8 3 0 -999
P434 2031 10 0 0 0 0 0 0 0 0 45 0 0 0 0 0 0 18 13 0 21 29 69 19 0 0 36 0 33 32 0 0 4
P434 2031 11 0 0 6 22 7 21 27 20 0 0 0 0 60 93 91 16 25 41 43 74 51 20 6 26 33 18 38 28 11 19 -999
P434 2031 12 74 103 31 13 59 51 15 14 26 7 5 0 0 0 0 0 0 0 0 2 17 1 4 8 15 11 3 8 1 2 2
P434 2032 1 0 15 22 45 98 24 26 37 15 1 16 28 24 120 85 5 0 0 0 2 0 0 0 0 0 2 2 3 4 9 2
P434 2032 2 1 13 23 8 2 1 0 0 0 54 112 13 15 0 0 22 0 16 0 0 0 6 20 0 22 18 66 44 -999 -999 -999
P434 2032 3 11 0 0 0 0 0 0 0 0 0 0 0 0 0 0 0 0 0 0 0 0 0 0 0 0 0 0 0 17 17 0
P434 2032 4 30 15 11 24 38 26 59 59 18 4 2 2 0 19 0 23 6 6 0 0 0 0 15 60 7 1 0 0 0 0 -999
P434 2032 5 0 0 0 3 1 2 0 0 0 0 0 4 0 0 10 0 0 0 0 0 0 0 0 0 0 18 6 6 8 10 12
P434 2032 6 0 0 0 0 0 0 0 0 0 0 0 0 0 0 0 0 0 0 0 0 0 0 0 0 0 0 0 0 0 0 -999
P434 2032 7 0 0 0 12 0 0 0 0 0 0 0 0 0 0 0 0 0 0 0 0 0 0 0 0 0 0 0 0 0 0 0
P434 2032 8 0 0 0 0 0 0 0 0 0 0 0 0 0 0 0 0 0 0 0 0 0 0 0 0 0 0 0 0 0 0 0
P434 2032 9 0 0 0 0 0 0 0 0 0 0 20 0 12 0 0 0 12 0 2 0 0 0 0 0 0 0 0 0 0 0 -999
P434 2032 10 0 44 39 13 0 0 0 0 14 0 0 0 0 8 55 12 8 0 0 33 19 0 32 5 0 0 0 27 19 2 1
P434 2032 11 1 2 2 7 5 0 0 0 0 0 0 0 0 0 0 23 9 0 0 0 0 0 0 1 4 10 10 1 13 110 -999
P434 2032 12 17 4 6 7 13 0 0 0 0 0 0 0 0 0 0 0 0 0 0 3 0 0 0 6 15 27 5 0 0 7 0
P434 2033 1 1 11 10 47 24 30 8 11 51 23 7 32 32 1 85 154 31 44 14 8 0 12 5 6 9 11 31 28 1 7 7
P434 2033 2 0 0 0 0 5 12 26 32 14 13 53 39 16 3 0 0 0 29 9 0 0 0 0 17 4 1 0 0 -999 -999 -999
P434 2033 3 0 0 3 3 0 0 0 0 0 0 9 106 110 16 19 75 70 23 49 35 16 15 6 0 0 0 0 24 10 8 0
P434 2033 4 0 0 0 21 4 6 14 14 8 9 5 63 60 4 10 278 226 73 2 4 31 68 6 7 8 7 7 0 7 4 -999
P434 2033 5 3 0 27 0 0 0 0 0 0 0 0 14 19 13 1 4 21 27 9 19 26 3 2 3 0 0 0 0 0 0 0
P434 2033 6 0 0 0 0 0 0 0 0 0 0 0 0 0 0 0 0 0 0 0 0 0 0 0 0 0 0 0 0 0 0 -999
P434 2033 7 0 0 0 0 0 0 0 0 0 0 0 0 0 0 0 0 0 0 0 0 0 0 0 0 0 0 0 0 0 0 0
P434 2033 8 0 0 0 0 0 0 0 0 0 0 0 0 0 0 0 0 0 0 0 0 0 0 0 0 0 0 0 0 0 0 0
P434 2033 9 0 0 0 0 0 0 0 0 0 0 0 0 0 0 26 5 0 0 0 0 0 0 0 0 0 0 0 0 0 0 -999
P434 2033 10 8 0 0 42 67 18 27 47 3 10 40 43 54 0 0 0 0 0 0 0 0 0 0 0 0 0 0 23 0 0 0
P434 2033 11 0 21 81 67 9 3 0 0 0 0 0 0 0 0 0 0 7 2 2 1 0 0 0 0 0 0 0 0 0 0 -999
P434 2033 12 3 8 9 6 0 0 0 2 1 0 3 3 3 0 0 0 0 0 0 0 0 0 0 0 0 0 0 11 15 5 0
P434 2034 1 0 3 1 0 0 0 1 1 1 0 0 9 15 3 12 3 1 0 0 0 5 1 0 0 0 0 0 0 0 0 0
P434 2034 2 0 0 0 0 0 0 3 0 0 0 1 2 3 5 3 26 79 137 32 4 0 0 0 0 0 0 3 10 -999 -999 -999
P434 2034 3 42 77 106 25 39 18 3 0 0 0 0 0 0 8 12 7 3 2 1 0 0 2 26 162 136 16 0 5 0 0 0
P434 2034 4 0 0 0 0 0 0 0 0 0 0 9 0 0 0 0 0 0 0 0 0 9 1 0 0 0 0 0 34 0 0 -999
P434 2034 5 0 0 0 0 0 0 0 0 0 0 0 0 0 0 0 0 0 0 0 0 0 0 0 0 0 0 0 0 0 16 0
P434 2034 6 0 0 0 0 21 13 13 0 0 0 0 0 0 0 0 0 0 0 0 0 0 0 0 0 0 0 0 0 0 0 -999
P434 2034 7 0 0 0 0 0 0 0 0 0 0 0 0 0 0 0 0 0 0 0 0 0 0 0 0 0 0 0 0 0 0 0
P434 2034 8 0 0 0 9 0 0 0 0 0 0 0 0 0 0 0 0 0 0 0 0 0 0 0 0 0 0 0 0 0 0 0
P434 2034 9 0 0 0 0 0 0 0 0 0 0 0 0 0 0 0 0 0 0 0 0 0 0 0 0 0 0 0 0 0 0 -999
P434 2034 10 13 7 13 12 46 20 5 0 0 20 6 2 1 4 0 17 8 16 0 0 0 25 0 27 47 29 18 0 7 0 0
P434 2034 11 0 0 0 0 0 0 10 13 23 0 0 12 9 0 0 0 0 0 0 10 22 44 32 21 6 10 2 1 1 3 -999
P434 2034 12 3 0 0 0 2 7 4 2 4 1 1 0 0 14 26 5 2 0 0 0 0 0 0 0 2 1 3 2 2 2 7
P434 2035 1 4 0 7 12 18 19 37 60 15 4 4 4 5 5 3 1 5 1 8 27 189 108 96 26 2 1 0 23 10 0 7
P434 2035 2 10 21 5 0 0 0 3 2 1 0 0 0 0 0 0 0 0 0 0 1 6 32 36 63 32 1 4 6 -999 -999 -999
P434 2035 3 9 11 19 24 19 13 46 125 36 5 18 13 222 241 113 28 2 8 32 82 67 46 14 5 29 14 9 21 9 16 21
P434 2035 4 29 8 2 34 33 2 5 18 59 9 3 4 6 16 0 0 0 176 137 271 265 18 11 7 3 2 8 29 18 37 -999
P434 2035 5 17 3 0 0 0 0 0 0 0 0 0 0 12 0 0 0 0 0 0 0 0 0 0 5 1 0 0 0 0 0 0
P434 2035 6 0 0 0 0 15 27 15 13 17 11 22 0 0 0 0 0 0 0 0 0 0 0 0 0 0 0 0 0 0 0 -999
P434 2035 7 0 0 0 0 0 0 0 0 0 0 0 0 0 0 0 0 0 0 0 0 0 0 0 0 0 0 0 0 0 0 0
P434 2035 8 0 0 0 0 0 0 0 0 0 0 0 0 0 0 0 0 0 0 0 0 0 0 0 0 0 0 0 0 0 0 0
P434 2035 9 0 0 0 0 0 0 0 0 0 0 0 0 0 0 0 0 0 0 0 0 0 0 0 0 0 0 111 0 0 0 -999
P434 2035 10 0 0 34 0 0 0 0 0 0 0 0 0 65 47 26 0 0 0 0 39 14 10 0 0 0 0 0 0 0 0 0
P434 2035 11 0 11 22 25 24 20 0 0 0 0 0 0 0 0 0 0 0 0 0 0 0 0 0 0 0 7 24 12 4 0 -999
P434 2035 12 5 2 3 5 13 48 118 20 14 79 3 3 36 5 6 6 0 3 12 27 21 16 0 20 7 0 0 0 0 0 1
P434 2036 1 3 2 1 0 1 5 1 2 1 1 3 11 6 0 0 0 1 0 2 1 13 5 1 0 0 0 2 0 1 0 2
P434 2036 2 0 0 0 0 0 0 4 8 8 6 16 12 19 12 2 11 4 1 0 0 0 0 0 0 0 0 0 0 -999 -999 -999
P434 2036 3 61 19 15 8 9 4 0 0 0 0 0 0 0 6 5 10 0 0 0 0 0 0 0 2 3 3 4 13 16 17 0
P434 2036 4 13 41 16 4 1 0 0 0 0 0 0 0 0 0 0 0 0 0 0 0 0 0 0 0 0 4 6 0 0 0 -999
P434 2036 5 0 0 0 9 17 2 0 0 0 0 0 7 9 6 8 19 14 1 1 0 0 0 0 0 0 0 0 0 0 0 0
P434 2036 6 0 0 0 0 0 0 0 0 0 0 0 0 0 0 0 0 0 10 6 0 0 0 0 0 0 0 0 0 0 0 -999
P434 2036 7 0 0 0 0 0 0 0 0 0 0 0 0 0 0 0 0 0 0 0 0 0 0 0 0 0 0 0 0 0 0 0
P434 2036 8 0 0 0 0 0 0 0 0 0 0 0 0 0 0 0 0 0 0 0 0 0 0 0 0 0 0 0 0 0 0 0
P434 2036 9 0 0 0 0 0 0 0 0 0 0 0 0 0 0 0 0 0 0 0 0 0 0 0 0 0 0 0 0 0 0 -999
P434 2036 10 0 0 0 0 0 0 0 0 0 0 29 0 0 0 12 22 25 0 0 0 0 0 0 0 0 38 41 15 69 67 15
P434 2036 11 28 23 0 0 0 7 0 19 2 3 0 0 24 57 19 6 7 0 0 6 5 5 0 0 0 5 10 1 0 0 -999
P434 2036 12 0 0 0 3 3 1 0 0 0 0 0 4 1 2 6 0 0 0 4 5 8 27 24 17 21 13 4 4 7 0 0
P434 2037 1 3 3 2 0 0 0 0 0 5 32 5 9 3 0 0 0 0 11 26 28 19 10 31 34 52 12 44 32 118 3 2
P434 2037 2 60 112 18 17 12 51 72 18 7 2 1 0 0 0 0 0 5 5 0 0 0 0 0 0 0 6 21 4 -999 -999 -999
P434 2037 3 1 1 0 0 0 0 0 0 0 0 0 0 51 228 123 12 28 32 2 0 6 18 24 11 8 3 0 7 22 0 0
P434 2037 4 0 0 6 14 6 2 1 2 2 0 0 0 0 11 28 49 48 23 8 12 92 44 49 16 1 0 0 0 8 0 -999
P434 2037 5 0 0 0 0 0 0 0 0 0 9 6 14 0 9 6 14 0 5 8 0 0 0 0 0 23 24 2 2 0 0 0
P434 2037 6 0 0 0 0 0 0 0 0 0 0 0 0 0 0 0 0 0 17 20 12 0 0 0 0 0 0 0 0 0 0 -999
P434 2037 7 0 0 0 0 0 0 0 0 0 0 0 0 0 0 0 0 0 0 0 0 0 0 0 0 0 0 0 0 0 0 0
P434 2037 8 0 0 0 0 0 0 0 0 0 0 0 0 0 0 0 0 0 0 0 0 0 0 0 0 0 0 0 0 0 0 0
P434 2037 9 0 0 0 0 0 0 0 0 0 0 0 0 0 0 0 0 0 16 0 0 0 0 0 21 0 0 0 0 0 0 -999
P434 2037 10 2 0 0 0 0 0 0 0 0 0 0 9 0 0 0 0 25 38 25 4 0 0 0 0 0 10 0 0 0 0 0
P434 2037 11 0 0 0 0 21 25 0 0 5 0 21 20 15 12 7 0 0 0 0 19 8 5 12 13 3 1 2 7 15 13 -999
P434 2037 12 185 1 9 2 11 3 2 2 6 9 3 1 1 1 0 0 5 10 12 4 73 60 19 4 0 0 0 0 0 4 0
P434 2038 1 8 13 5 8 3 2 1 0 0 2 2 0 0 7 9 38 40 2 2 33 13 5 13 15 8 28 14 8 10 4 1
P434 2038 2 0 0 13 62 17 14 1 0 0 0 0 0 0 0 0 3 0 0 2 0 0 0 7 0 0 0 0 97 -999 -999 -999
P434 2038 3 25 9 27 25 121 1 3 9 8 6 2 0 7 0 0 0 0 30 71 14 10 2 4 7 0 0 0 18 0 0 2
P434 2038 4 0 0 0 0 9 0 11 22 25 0 0 0 101 22 7 13 0 0 0 0 99 0 0 0 0 0 0 0 0 6 -999
P434 2038 5 6 0 0 0 0 0 11 0 0 0 0 0 0 0 0 0 224 60 31 27 0 0 0 0 0 0 0 13 10 11 0
P434 2038 6 0 0 0 0 0 0 0 0 0 0 0 0 0 0 0 0 0 0 0 0 0 0 0 0 0 0 0 0 0 0 -999
P434 2038 7 0 0 0 0 0 0 0 0 0 0 0 0 0 0 0 0 0 0 0 0 0 0 0 0 0 0 0 0 0 0 0
P434 2038 8 0 0 0 0 0 0 0 0 0 0 0 0 0 0 0 0 0 0 0 0 0 0 0 0 0 0 0 0 0 0 0
P434 2038 9 0 0 0 0 0 0 0 0 0 0 0 0 0 0 0 0 0 0 0 0 0 0 0 0 0 10 0 0 0 0 -999
P434 2038 10 0 0 0 0 0 0 0 0 0 0 0 0 0 0 0 0 0 0 14 0 22 17 51 5 0 0 0 0 6 0 0
P434 2038 11 27 12 8 0 0 0 9 27 13 7 10 18 12 43 81 1 3 2 5 0 0 0 0 0 0 0 0 0 4 0 -999
P434 2038 12 0 1 1 17 34 5 6 17 1 8 55 24 16 3 4 8 1 9 12 9 80 7 0 0 11 11 30 7 0 6 13
P434 2039 1 9 9 6 4 10 7 14 23 6 0 0 0 0 7 10 15 15 9 161 6 1 3 1 1 1 1 2 2 2 0 1
P434 2039 2 10 43 17 9 10 94 106 106 72 77 11 0 0 6 6 9 3 0 3 0 0 0 5 2 12 2 2 0 -999 -999 -999
P434 2039 3 2 0 0 0 0 0 0 6 4 0 0 74 9 35 12 24 7 15 13 15 0 0 0 0 0 9 2 0 0 0 0
P434 2039 4 0 0 0 0 0 0 0 0 0 0 0 0 0 0 3 6 2 0 21 0 3 3 4 0 0 0 0 0 0 0 -999
P434 2039 5 0 0 0 0 0 0 0 0 0 0 0 0 0 0 0 6 1 1 1 6 3 18 10 0 5 0 0 0 0 0 0
P434 2039 6 0 10 45 27 10 8 30 0 0 0 0 0 0 0 0 0 0 0 0 0 0 0 0 0 0 0 0 39 32 0 -999
P434 2039 7 0 0 0 0 0 0 0 0 0 0 0 0 0 0 0 0 0 0 0 0 0 0 0 0 0 0 0 0 0 0 0
P434 2039 8 0 0 0 0 0 0 0 0 0 0 0 0 0 0 0 0 0 0 0 0 0 0 0 0 0 0 0 0 0 0 0
P434 2039 9 0 0 0 0 0 0 0 0 0 0 0 0 0 0 0 0 0 0 0 0 0 0 0 0 0 0 0 0 0 0 -999
P434 2039 10 0 0 0 0 0 0 0 0 0 0 0 0 0 9 7 3 0 5 0 0 4 15 10 10 3 13 85 58 118 145 1
P434 2039 11 3 0 0 0 0 0 0 9 10 26 49 41 3 4 2 2 1 1 23 58 16 3 17 0 0 0 8 14 1 0 -999
P434 2039 12 3 3 10 32 16 19 10 10 65 9 15 15 11 10 6 5 4 4 7 12 3 19 8 12 14 9 30 65 6 10 7
P434 2040 1 5 0 0 32 51 23 4 12 4 3 14 6 3 3 8 11 3 3 18 7 11 20 2 0 0 0 0 0 0 0 0
P434 2040 2 0 0 0 1 14 3 0 0 0 4 1 0 0 1 4 2 1 1 1 1 0 0 3 0 0 0 0 0 -999 -999 -999
P434 2040 3 0 0 0 0 0 0 0 0 0 0 0 0 0 0 0 0 0 0 0 185 0 86 252 74 38 4 4 4 54 13 5
P434 2040 4 0 24 26 1 2 2 2 0 0 0 0 0 0 0 0 16 26 0 0 0 0 0 4 13 63 24 0 1 0 0 -999
P434 2040 5 1 2 1 2 2 1 0 0 0 0 0 0 0 0 0 0 0 0 0 0 0 0 0 0 0 0 0 0 0 0 0
P434 2040 6 0 0 0 0 0 0 0 0 0 0 0 0 0 0 0 0 0 0 0 0 0 0 0 0 0 0 0 0 0 0 -999
P434 2040 7 0 0 0 0 0 0 0 0 0 0 0 0 0 0 0 0 0 0 0 0 0 0 0 0 0 0 0 0 0 0 0
P434 2040 8 0 0 0 0 0 0 0 0 0 0 0 0 0 0 0 0 0 0 0 0 0 0 0 0 0 0 0 0 0 0 0
P434 2040 9 0 0 0 0 0 0 0 0 0 0 0 0 0 0 0 4 0 0 0 0 0 0 0 0 0 0 0 0 9 3 -999
P434 2040 10 3 0 0 0 0 0 0 0 0 0 0 0 0 0 0 0 33 71 56 5 2 1 0 0 0 0 0 0 0 0 0
P434 2040 11 0 8 18 0 0 0 60 190 128 17 3 1 3 1 4 1 0 0 0 0 0 0 0 7 8 25 24 13 9 20 -999
P434 2040 12 0 0 0 25 48 40 8 3 3 4 8 46 19 2 2 0 0 8 14 12 5 24 13 7 0 0 24 14 8 3 3
P434 2041 1 3 17 0 2 0 0 5 7 16 67 71 27 20 3 2 0 0 17 43 58 155 65 263 165 196 136 291 177 1 3 0
P434 2041 2 0 0 0 0 10 13 32 35 9 8 8 1 6 11 26 41 20 105 20 14 74 26 14 47 25 1 1 0 -999 -999 -999
P434 2041 3 4 1 0 0 0 1 2 0 3 1 2 2 2 2 3 1 10 51 112 20 7 14 35 13 56 98 15 15 14 23 6
P434 2041 4 1 1 0 0 0 0 0 0 0 0 4 2 1 0 6 3 17 23 20 28 15 2 0 24 40 15 1 4 0 0 -999
P434 2041 5 0 0 22 18 0 0 0 0 0 12 11 0 0 0 0 0 0 0 11 11 20 30 66 18 6 23 21 18 0 9 8
P434 2041 6 1 0 0 0 0 0 0 0 0 0 0 0 0 0 0 0 0 0 0 0 0 0 0 0 0 0 0 0 0 0 -999
P434 2041 7 0 0 0 0 0 0 0 0 0 0 0 0 0 0 0 0 0 0 0 0 0 0 0 0 0 19 14 10 0 0 0
P434 2041 8 0 0 0 0 0 0 0 0 0 0 0 0 0 0 0 0 0 0 0 0 0 0 0 0 0 0 0 0 0 0 0
P434 2041 9 0 0 0 0 0 0 0 0 0 0 0 0 0 0 0 0 0 0 0 0 0 0 0 32 28 6 0 0 0 0 -999
P434 2041 10 0 19 9 9 0 0 0 0 0 0 0 0 0 0 0 0 0 0 0 0 0 14 0 0 0 0 0 34 14 0 14
P434 2041 11 0 0 0 0 0 8 0 0 12 8 22 10 30 20 28 24 99 43 9 20 29 124 24 30 13 14 11 6 3 0 -999
P434 2041 12 0 13 0 42 133 43 38 8 4 0 0 10 7 13 22 97 81 39 17 18 7 0 23 2 0 0 0 1 0 0 0
P434 2042 1 0 0 3 0 0 15 17 4 1 2 0 0 0 2 3 0 0 0 0 0 0 0 0 6 4 1 1 0 0 4 6
P434 2042 2 19 14 2 0 0 0 7 6 7 7 4 0 0 0 5 0 5 3 4 5 0 0 0 47 8 0 0 0 -999 -999 -999
P434 2042 3 0 0 0 0 0 3 5 0 0 0 0 0 7 9 13 18 0 130 287 38 3 6 5 8 5 0 0 0 0 0 10
P434 2042 4 5 3 0 0 6 22 14 3 6 1 5 5 0 4 4 7 0 0 0 0 17 41 67 28 5 2 2 3 20 43 -999
P434 2042 5 35 23 8 1 1 1 0 0 0 0 0 3 0 0 0 0 0 0 0 0 0 0 0 0 0 0 0 0 0 0 0
P434 2042 6 0 0 0 10 0 0 0 0 0 0 0 0 0 0 0 0 0 0 0 0 0 0 0 0 0 0 0 0 0 0 -999
P434 2042 7 0 0 0 0 0 0 0 0 0 0 0 0 0 0 0 0 0 0 0 0 0 0 0 0 0 0 0 0 0 0 0
P434 2042 8 0 0 0 0 0 0 0 0 0 0 0 0 0 0 0 0 0 0 0 0 0 0 0 0 0 0 0 0 0 0 0
P434 2042 9 0 0 0 0 0 0 0 0 0 0 0 0 0 0 0 0 0 0 0 0 0 0 0 0 0 0 0 0 0 0 -999
P434 2042 10 0 0 0 0 0 19 49 56 0 0 0 66 95 8 3 6 0 0 0 28 30 8 2 0 0 0 0 0 0 0 0
P434 2042 11 0 0 0 0 0 0 7 9 6 0 0 0 0 0 0 0 0 0 0 12 0 0 0 0 0 0 0 0 10 5 -999
P434 2042 12 2 0 15 67 4 4 2 1 3 4 4 5 6 22 17 3 21 13 3 1 0 0 6 11 2 8 1 0 0 0 0
P434 2043 1 2 5 8 4 0 7 3 1 0 0 0 0 1 12 29 7 2 4 0 13 4 8 3 11 0 0 0 4 5 3 5
P434 2043 2 0 0 0 5 6 21 27 0 0 0 0 0 1 0 0 0 0 0 0 0 4 5 1 0 0 3 0 0 -999 -999 -999
P434 2043 3 0 36 29 25 7 0 42 141 44 10 12 14 10 0 0 0 0 0 20 0 10 15 52 2 5 0 1 0 3 3 0
P434 2043 4 4 5 8 7 0 0 0 0 0 0 77 0 0 0 0 31 38 0 4 15 1 0 0 0 0 0 0 0 0 0 -999
P434 2043 5 0 0 0 0 0 0 0 0 0 0 0 0 0 0 0 0 0 0 0 0 15 58 25 15 0 24 32 21 9 13 8
P434 2043 6 9 2 0 0 0 0 0 0 0 0 0 0 0 0 0 0 0 0 0 0 0 0 0 0 0 0 0 0 0 0 -999
P434 2043 7 0 0 0 0 0 0 0 0 0 0 0 0 0 0 0 0 0 0 0 0 0 0 0 0 0 0 0 0 0 0 0
P434 2043 8 0 0 0 0 0 0 0 0 0 0 0 0 0 0 0 0 0 0 0 0 0 0 0 0 0 0 0 0 8 2 0
P434 2043 9 0 0 0 0 0 0 0 0 0 0 0 0 0 0 0 0 0 0 0 0 0 0 0 0 0 0 0 0 20 0 -999
P434 2043 10 0 0 0 0 0 0 0 0 0 10 0 0 0 0 0 0 10 0 0 0 0 0 16 0 13 11 7 14 15 3 9
P434 2043 11 0 0 0 0 0 0 0 0 0 14 81 37 98 51 0 0 0 0 0 0 0 0 1 1 3 3 2 18 9 8 -999
P434 2043 12 5 3 0 0 0 0 3 0 0 5 14 21 3 4 1 2 7 25 45 7 60 7 0 12 8 7 7 0 0 0 0
P434 2044 1 0 0 0 0 0 1 1 0 0 0 1 0 0 0 0 2 4 11 5 4 2 3 0 0 0 3 9 30 7 1 0
P434 2044 2 0 0 0 0 12 5 2 0 10 5 7 5 14 15 0 0 0 0 0 0 0 0 5 129 28 2 5 2 -999 -999 -999
P434 2044 3 4 2 13 21 5 1 4 2 1 2 2 2 11 0 0 0 0 20 6 2 1 1 2 6 10 13 25 48 8 7 2
P434 2044 4 5 3 2 2 0 0 0 0 0 0 0 0 0 7 0 0 0 0 0 0 0 0 0 0 0 0 12 6 0 0 -999
P434 2044 5 0 0 0 0 0 5 0 28 34 7 0 0 0 0 0 0 0 0 37 45 5 3 0 0 0 0 0 0 0 4 7
P434 2044 6 0 0 0 0 0 0 4 0 0 0 0 0 0 0 0 0 0 0 0 0 0 0 0 0 0 0 0 0 0 0 -999
P434 2044 7 0 0 0 0 0 0 0 0 0 0 0 0 0 0 0 0 0 0 0 0 0 0 0 0 0 0 0 0 0 0 0
P434 2044 8 0 0 0 0 0 0 0 0 0 0 0 0 0 0 0 0 0 0 0 0 0 0 0 0 0 0 0 0 0 0 0
P434 2044 9 0 0 0 0 0 0 0 0 0 0 0 0 0 0 0 0 0 0 0 0 0 0 0 29 24 17 0 0 0 34 -999
P434 2044 10 27 31 36 0 0 0 0 0 0 0 0 0 0 0 0 0 0 20 26 16 39 6 4 0 9 7 0 0 0 0 9
P434 2044 11 14 0 6 21 12 0 0 0 7 8 51 23 17 18 3 38 30 11 9 14 22 12 5 45 25 76 72 62 36 0 -999
P434 2044 12 0 0 0 0 0 5 8 16 21 31 4 0 28 31 14 47 25 10 3 4 1 2 1 3 2 0 1 1 6 1 17
P434 2045 1 131 72 39 4 0 6 116 75 5 6 42 28 73 39 16 7 3 3 6 0 0 8 14 19 9 0 0 0 0 5 9
P434 2045 2 12 61 2 4 7 30 1 1 0 0 0 1 1 1 0 2 1 0 0 0 3 1 0 0 0 0 0 0 -999 -999 -999
P434 2045 3 0 0 7 1 0 0 0 8 12 5 0 0 13 6 12 2 0 0 0 0 0 0 0 0 1 0 0 0 0 0 0
P434 2045 4 10 0 0 0 0 45 21 4 3 5 8 1 0 10 0 0 0 0 0 0 0 0 0 0 0 0 0 0 6 4 -999
P434 2045 5 28 0 0 0 0 0 39 36 0 0 0 0 0 0 0 0 0 0 0 0 0 0 0 0 0 0 0 0 0 0 0
P434 2045 6 3 0 0 0 0 0 11 16 0 0 11 0 0 0 0 0 0 0 0 0 27 27 0 0 12 12 8 0 0 0 -999
P434 2045 7 0 0 0 0 0 0 0 0 0 0 0 0 0 0 0 0 0 0 0 0 0 0 0 0 0 0 0 0 0 0 0
P434 2045 8 0 0 0 0 0 0 0 0 0 0 0 0 0 0 0 0 0 0 0 0 0 0 0 0 0 0 0 0 0 0 0
P434 2045 9 0 0 0 0 0 0 0 0 0 0 0 0 0 0 0 0 0 0 0 0 0 0 0 0 0 0 0 0 0 17 -999
P434 2045 10 9 4 28 34 0 0 0 0 0 0 0 0 0 0 51 38 64 16 0 0 0 0 0 0 0 0 0 0 0 0 0
P434 2045 11 13 11 7 2 23 3 0 0 0 0 0 1 3 0 0 22 126 26 6 0 0 0 6 23 3 3 35 7 1 3 -999
P434 2045 12 0 0 0 0 1 4 1 1 2 1 1 0 6 6 0 0 6 18 8 14 16 9 16 10 24 14 6 8 0 0 0
P434 2046 1 0 0 6 17 17 16 47 11 6 4 23 20 4 4 7 4 5 8 6 12 4 6 4 7 9 69 65 57 34 58 39
P434 2046 2 112 169 43 24 14 15 26 8 2 4 5 6 9 21 101 21 4 2 1 1 1 6 1 4 1 15 42 36 -999 -999 -999
P434 2046 3 67 186 19 5 4 95 58 109 196 55 27 9 65 43 56 23 63 6 11 1 3 5 2 1 0 0 13 33 15 1 1
P434 2046 4 0 4 7 18 5 1 1 3 4 7 6 0 0 0 5 1 20 0 21 31 10 13 8 6 2 4 3 11 12 2 -999
P434 2046 5 0 0 0 0 0 0 0 2 0 0 0 0 0 0 0 0 0 5 1 0 0 0 0 0 0 0 0 0 2 0 0
P434 2046 6 0 0 0 0 0 0 0 0 0 0 0 0 0 0 0 6 6 0 0 5 3 0 0 0 0 0 0 0 0 0 -999
P434 2046 7 0 0 0 0 0 0 0 0 0 0 0 0 0 0 0 0 0 0 0 0 0 0 0 0 0 0 0 0 0 0 0
P434 2046 8 0 0 0 0 0 0 0 0 0 0 0 0 0 0 0 8 0 0 0 0 0 0 0 0 0 0 0 0 0 0 0
P434 2046 9 0 0 0 0 0 0 0 0 0 0 0 0 0 0 0 0 0 0 0 0 0 0 0 0 0 0 0 0 0 0 -999
P434 2046 10 0 0 0 9 10 18 27 17 0 0 0 0 0 0 0 0 0 0 0 0 0 20 8 13 8 2 3 7 16 13 18
P434 2046 11 8 0 0 0 16 89 32 13 0 1 4 0 0 0 0 0 0 0 0 0 0 0 3 2 6 2 16 91 113 24 -999
P434 2046 12 27 88 24 2 37 181 58 15 9 2 4 4 10 134 178 18 5 52 14 4 7 0 0 0 0 33 14 0 0 0 0
P434 2047 1 0 0 0 0 0 0 3 4 1 23 27 19 12 47 100 239 136 12 51 22 13 4 3 5 0 0 0 0 0 0 0
P434 2047 2 0 0 0 8 15 0 4 0 0 0 0 0 0 2 7 0 0 0 0 0 1 0 0 6 11 1 8 1 -999 -999 -999
P434 2047 3 10 17 4 1 57 50 16 0 0 0 0 0 0 0 5 0 0 0 0 0 0 0 17 6 4 1 1 0 0 4 4
P434 2047 4 18 6 2 0 0 0 0 0 17 38 50 37 5 8 25 18 4 10 9 2 4 0 0 0 0 0 0 0 0 0 -999
P434 2047 5 0 0 0 6 9 0 117 0 0 0 0 0 8 0 0 0 0 0 0 0 0 0 0 0 0 0 0 0 0 0 0
P434 2047 6 0 0 0 0 0 0 0 0 0 0 0 0 0 0 0 8 2 0 0 0 0 0 0 0 0 0 0 0 0 0 -999
P434 2047 7 0 24 15 0 20 17 0 0 0 0 0 0 0 0 0 0 0 0 22 26 10 0 0 0 0 0 0 0 0 0 0
P434 2047 8 0 0 0 0 0 0 0 0 0 0 0 0 0 0 0 0 0 0 0 0 0 0 0 0 0 0 0 0 0 0 0
P434 2047 9 0 0 0 0 0 0 0 0 0 0 0 0 80 22 32 22 9 0 0 0 0 0 0 0 0 0 0 0 0 0 -999
P434 2047 10 0 0 26 7 8 11 14 11 17 36 30 34 12 16 16 114 67 12 20 1 5 0 0 0 0 0 4 2 0 0 0
P434 2047 11 0 0 0 4 14 12 0 0 16 0 7 4 5 5 9 13 8 0 0 0 0 0 0 0 0 0 0 0 0 0 -999
P434 2047 12 0 0 0 0 0 0 0 0 0 0 0 0 0 0 3 0 0 0 0 0 0 6 3 7 7 1 1 0 1 3 0
P434 2048 1 6 10 0 0 0 0 0 0 0 0 0 10 9 9 0 0 0 0 0 0 0 0 0 0 0 0 0 0 0 0 0
P434 2048 2 0 2 1 0 3 0 0 0 0 2 1 1 1 9 1 3 2 3 1 0 0 0 0 0 0 0 0 0 -999 -999 -999
P434 2048 3 0 0 0 0 5 7 18 45 33 27 41 5 6 16 7 48 7 0 0 0 13 0 0 0 0 5 5 6 11 10 4
P434 2048 4 4 2 6 0 0 0 0 0 0 0 0 0 0 0 0 0 0 0 0 0 0 18 9 2 0 0 0 0 0 0 -999
P434 2048 5 0 0 0 4 0 0 0 5 0 0 0 0 0 28 0 0 10 20 4 0 0 14 3 0 0 0 0 0 0 0 0
P434 2048 6 0 0 0 0 0 0 0 0 0 0 0 0 0 0 0 0 0 0 0 0 0 0 0 0 0 0 0 0 0 0 -999
P434 2048 7 0 0 0 0 0 0 0 0 0 0 0 0 0 0 0 0 0 0 0 0 0 0 0 0 0 0 0 0 0 0 0
P434 2048 8 0 0 0 0 0 0 0 0 0 0 0 0 0 0 0 0 0 0 0 0 0 0 0 0 0 0 0 0 0 0 0
P434 2048 9 0 0 0 0 0 0 0 0 0 0 36 0 0 0 0 0 0 0 0 0 0 0 0 0 0 0 67 38 37 12 -999
P434 2048 10 2 0 0 0 0 13 6 12 0 0 0 0 0 0 0 0 0 0 0 10 8 7 0 0 0 0 0 0 0 0 0
P434 2048 11 1 0 0 0 0 35 0 0 0 0 0 0 0 0 3 12 30 32 75 10 8 0 0 0 0 24 28 22 16 22 -999
P434 2048 12 51 181 7 3 56 20 3 0 0 0 0 0 0 0 0 0 0 0 2 3 2 1 0 0 0 0 36 95 55 16 0
P434 2049 1 0 0 3 5 47 72 15 32 14 15 62 7 40 14 19 22 10 8 0 0 7 10 10 6 4 4 6 10 6 7 48
P434 2049 2 49 53 60 62 63 17 6 4 3 9 0 0 0 24 0 0 0 0 0 0 0 3 0 0 0 6 4 0 -999 -999 -999
P434 2049 3 0 0 0 5 0 0 0 0 0 0 0 0 0 0 5 2 0 0 0 0 0 24 23 16 0 0 0 0 0 25 6
P434 2049 4 4 7 2 3 0 0 0 0 0 0 0 0 0 0 41 48 33 14 0 0 0 0 0 0 0 0 0 2 0 0 -999
P434 2049 5 4 2 5 1 1 3 12 23 31 42 6 9 4 0 0 0 0 0 0 0 41 9 51 60 28 33 39 34 6 1 2
P434 2049 6 0 0 0 0 0 0 0 0 0 0 0 0 0 0 0 0 0 0 0 0 0 0 0 0 0 0 0 0 0 0 -999
P434 2049 7 0 0 13 16 0 0 0 0 0 0 0 0 0 0 0 0 0 0 0 0 0 0 0 0 0 0 0 0 0 0 0
P434 2049 8 0 0 0 0 0 0 0 0 0 0 0 0 0 0 0 0 0 0 0 0 0 0 0 0 0 0 0 0 0 0 0
P434 2049 9 0 0 0 0 0 0 0 0 0 0 0 0 30 0 0 0 0 0 0 0 54 21 30 6 5 0 0 0 0 0 -999
P434 2049 10 0 0 0 0 0 0 0 8 10 0 0 0 0 0 0 19 6 4 0 0 6 3 11 24 49 35 0 0 0 5 6
P434 2049 11 8 61 112 90 37 3 20 15 17 39 58 33 29 29 74 198 94 4 1 5 1 1 0 6 0 0 0 0 0 4 -999
P434 2049 12 2 3 7 14 3 1 1 0 1 1 1 0 0 0 3 1 9 9 6 34 27 2 1 3 5 5 27 14 48 25 50
P434 2050 1 74 35 135 24 18 189 12 9 5 8 3 2 9 9 17 25 18 21 6 0 0 25 27 35 16 0 0 0 0 0 2
P434 2050 2 5 0 0 0 0 0 2 0 0 0 0 0 0 6 3 9 6 12 36 19 19 9 5 17 4 2 0 0 -999 -999 -999
P434 2050 3 0 37 64 54 119 247 56 32 111 21 20 9 6 5 3 0 4 4 11 6 17 4 0 0 12 22 25 0 6 14 54
P434 2050 4 27 17 7 11 16 25 25 15 26 9 0 0 0 0 0 0 0 4 0 0 0 0 0 0 0 0 9 2 4 0 -999
P434 2050 5 8 2 0 1 3 4 3 0 0 0 0 0 0 0 0 0 0 0 0 0 7 5 4 0 0 7 27 21 0 0 0
P434 2050 6 0 0 0 0 0 0 0 0 0 0 0 0 0 0 0 0 0 0 0 0 0 0 0 0 0 0 0 0 0 0 -999
P434 2050 7 0 0 0 0 0 0 0 0 0 0 0 0 0 0 0 0 0 0 0 0 0 0 0 0 0 0 0 0 0 0 0
P434 2050 8 0 0 0 0 0 0 0 0 0 0 0 0 0 0 0 0 0 0 0 0 0 0 0 0 0 0 0 0 0 0 0
P434 2050 9 0 0 0 0 0 0 0 0 0 0 0 0 0 0 0 0 0 0 0 0 0 0 0 0 0 0 0 0 0 0 -999
P434 2050 10 20 12 4 0 0 0 0 0 0 0 0 0 0 48 0 0 6 7 0 0 0 19 19 29 15 10 5 2 0 0 1
P434 2050 11 1 0 0 1 2 2 11 30 39 39 42 17 15 10 0 0 0 0 0 0 0 14 40 9 3 0 6 6 4 8 -999
P434 2050 12 6 63 13 0 0 0 3 0 0 0 0 0 0 0 0 0 0 3 3 1 1 1 0 0 0 0 0 0 0 0 5
P434 2051 1 1 1 0 0 0 0 0 0 0 3 0 0 6 10 5 0 0 0 4 5 4 3 0 0 0 0 0 0 16 8 11
P434 2051 2 16 13 25 38 64 6 0 0 0 0 4 4 0 0 0 0 3 2 11 15 3 1 0 3 2 1 0 0 -999 -999 -999
P434 2051 3 0 0 0 0 7 8 0 0 9 9 15 29 12 14 42 0 0 66 35 17 6 6 0 0 0 0 0 0 0 0 0
P434 2051 4 17 14 0 0 0 123 65 24 31 98 30 0 44 0 0 18 24 10 13 21 6 11 0 0 0 0 0 0 0 0 -999
P434 2051 5 0 0 0 0 0 0 0 0 0 0 0 26 20 10 4 0 0 0 0 0 0 0 0 0 0 11 4 0 0 0 0
P434 2051 6 0 0 0 0 0 0 0 0 0 0 0 0 0 0 0 0 0 0 0 0 0 0 0 0 0 0 0 0 0 0 -999
P434 2051 7 0 0 0 0 0 0 0 0 0 0 0 0 0 0 0 0 0 0 0 0 0 0 0 0 0 0 0 0 0 0 0
P434 2051 8 0 0 0 0 0 0 0 0 0 0 0 0 0 0 0 0 0 0 0 0 0 0 0 0 0 0 0 0 0 0 0
P434 2051 9 0 0 0 0 0 0 0 0 0 0 0 0 0 19 0 0 0 0 0 0 0 0 0 0 31 0 0 0 0 0 -999
P434 2051 10 0 0 0 172 53 0 0 0 46 11 7 11 0 0 0 0 0 0 0 0 0 0 0 1 1 0 48 46 7 30 18
P434 2051 11 32 64 52 19 22 10 2 0 0 0 0 0 0 0 0 2 9 7 0 0 0 0 4 5 2 1 0 16 12 11 -999
P434 2051 12 10 7 5 29 11 5 0 28 36 7 3 6 4 4 29 72 11 18 5 0 0 0 0 0 0 0 0 0 0 0 0
P434 2052 1 0 0 0 0 0 0 6 6 19 14 21 52 231 142 17 7 23 35 8 8 16 35 26 8 0 21 65 158 247 17 28
P434 2052 2 22 84 179 110 10 223 275 30 35 110 87 32 28 13 20 49 5 2 32 12 0 0 0 18 9 3 6 22 -999 -999 -999
P434 2052 3 0 0 0 0 0 0 0 60 23 0 0 0 0 0 15 24 8 25 27 29 4 3 36 2 0 0 0 0 0 0 0
P434 2052 4 0 0 0 0 0 0 12 0 0 0 0 0 0 0 0 0 4 0 0 0 0 0 0 0 0 0 0 0 0 4 -999
P434 2052 5 0 0 0 0 0 0 0 0 12 10 7 20 30 39 26 3 14 29 17 1 0 0 0 0 9 0 0 0 0 0 0
P434 2052 6 0 0 0 0 0 0 0 0 0 0 0 0 0 0 0 0 0 0 0 0 0 0 0 0 17 0 0 0 0 0 -999
P434 2052 7 0 0 0 0 0 0 0 0 0 0 0 0 0 0 0 0 0 0 0 0 0 0 0 0 0 0 0 0 0 0 0
P434 2052 8 27 22 12 0 0 0 0 0 0 0 0 0 0 0 0 0 0 0 0 0 0 0 0 0 0 0 0 0 0 0 0
P434 2052 9 0 0 0 0 0 0 0 0 0 0 0 0 0 0 0 0 0 0 0 0 0 0 0 0 0 0 0 0 0 0 -999
P434 2052 10 0 0 0 0 0 0 0 0 0 0 0 0 0 0 0 0 0 0 0 0 0 0 0 0 24 24 0 0 0 0 0
P434 2052 11 6 77 3 3 0 0 0 0 0 0 0 0 0 0 0 0 0 0 29 2 50 11 80 3 4 0 5 4 8 4 -999
P434 2052 12 0 0 0 4 1 3 5 0 0 0 0 0 2 8 3 1 5 1 2 5 5 3 0 0 3 1 2 0 1 1 3
P434 2053 1 0 0 0 0 0 0 0 11 32 64 63 22 11 6 5 13 7 3 0 3 83 168 67 25 57 58 16 6 5 9 16
P434 2053 2 34 82 65 4 5 25 27 6 10 9 21 20 10 15 12 22 22 20 8 5 0 0 18 40 20 111 53 13 -999 -999 -999
P434 2053 3 0 0 0 0 0 0 0 0 0 0 0 0 0 0 0 0 0 0 0 0 0 0 0 0 0 0 0 17 0 0 45
P434 2053 4 9 18 3 3 0 0 0 0 0 0 0 72 0 24 12 4 0 0 0 0 0 0 0 190 264 32 2 0 0 0 -999
P434 2053 5 0 0 0 0 0 0 0 0 0 0 0 0 0 0 0 0 0 0 0 0 0 0 0 0 0 0 0 0 0 9 3
P434 2053 6 0 0 0 0 0 0 0 0 0 0 0 0 0 0 0 0 0 19 0 0 0 0 0 0 0 0 0 0 0 0 -999
P434 2053 7 0 0 0 0 0 0 0 0 0 0 0 0 0 0 0 0 0 0 0 0 0 0 0 0 0 0 0 0 0 0 0
P434 2053 8 0 0 0 0 0 0 0 0 0 0 0 0 0 0 0 0 0 0 0 0 0 0 0 0 98 62 0 0 0 0 0
P434 2053 9 0 0 0 0 0 0 0 0 0 0 0 0 0 0 0 0 0 0 0 59 58 0 0 0 0 0 0 52 30 13 -999
P434 2053 10 14 11 38 39 0 0 0 70 0 5 1 0 0 0 0 0 0 0 0 0 0 0 0 0 0 0 0 0 0 7 0
P434 2053 11 0 0 0 9 7 16 0 0 0 16 28 11 0 0 8 32 74 37 24 6 11 7 7 6 6 7 0 0 0 0 -999
P434 2053 12 0 0 0 0 0 0 0 0 0 9 20 161 46 10 5 1 3 5 4 4 0 5 14 44 25 9 0 0 4 20 49
P434 2054 1 159 7 8 26 10 4 4 4 3 0 0 0 0 0 0 0 2 8 14 7 3 1 2 0 0 0 0 0 0 0 0
P434 2054 2 0 0 8 20 12 5 3 5 0 0 0 9 0 0 0 0 0 0 0 0 0 4 0 0 0 0 0 0 -999 -999 -999
P434 2054 3 0 0 0 0 0 0 0 5 0 0 0 0 0 0 5 6 4 1 0 0 0 0 0 0 0 21 7 22 0 7 16
P434 2054 4 22 2 0 0 5 10 5 4 14 33 4 0 0 0 5 2 3 47 23 51 36 8 3 12 46 46 31 6 3 0 -999
P434 2054 5 0 0 12 0 6 7 11 0 29 28 13 11 1 1 1 0 0 0 0 0 0 0 0 0 0 0 0 0 0 0 0
P434 2054 6 0 0 0 0 0 0 0 0 0 0 0 0 0 0 0 0 0 0 0 0 0 0 0 0 0 0 0 0 0 0 -999
P434 2054 7 0 0 0 0 0 0 0 0 0 0 0 0 0 0 0 0 0 0 13 8 0 0 0 0 0 0 0 0 0 0 0
P434 2054 8 0 0 0 0 0 0 0 0 0 0 0 0 0 0 0 0 0 0 0 0 0 0 0 0 0 0 0 0 0 0 0
P434 2054 9 0 0 0 0 0 0 0 0 0 0 0 0 0 0 0 0 0 0 0 0 0 0 0 0 15 14 0 0 0 0 -999
P434 2054 10 0 0 0 0 0 0 0 0 0 0 21 14 30 10 0 0 0 0 0 0 110 30 1 2 1 0 0 0 2 2 4
P434 2054 11 53 78 44 39 76 16 6 31 12 0 0 0 0 0 0 0 1 0 0 0 0 0 0 0 0 0 1 4 6 1 -999
P434 2054 12 7 3 3 1 0 0 0 0 0 0 0 0 4 0 1 0 0 0 0 0 0 0 0 0 0 0 0 0 0 0 0
P434 2055 1 0 0 0 7 70 58 30 41 137 64 55 188 127 24 133 37 15 21 20 105 50 217 201 1 2 1 1 1 2 1 7
P434 2055 2 9 6 0 0 4 6 8 7 14 0 0 5 9 6 7 15 4 2 0 0 16 15 0 0 0 0 0 0 -999 -999 -999
P434 2055 3 0 27 39 14 2 7 15 3 15 42 10 18 33 13 11 0 36 0 0 3 0 4 7 13 8 33 15 0 0 10 0
P434 2055 4 0 0 0 0 0 0 10 7 22 8 1 0 5 4 5 0 0 0 0 0 0 0 84 111 74 78 11 3 10 30 -999
P434 2055 5 0 23 37 21 8 0 0 27 13 0 0 7 17 5 4 0 0 0 0 0 0 0 0 0 0 0 0 0 0 0 0
P434 2055 6 0 0 0 0 0 0 0 0 0 0 0 0 0 0 22 24 20 18 4 3 0 0 0 0 0 0 0 0 0 0 -999
P434 2055 7 0 0 0 0 0 0 0 0 0 0 0 0 0 0 0 0 0 0 0 0 0 0 0 0 0 0 0 0 0 0 0
P434 2055 8 0 0 0 0 0 0 0 0 0 0 0 0 0 0 0 0 0 0 0 0 0 0 0 0 0 0 0 0 0 0 0
P434 2055 9 0 0 0 0 0 0 0 0 0 0 0 0 0 0 0 0 0 0 0 0 0 0 0 0 0 0 0 0 0 0 -999
P434 2055 10 0 0 0 0 0 0 0 0 5 8 0 18 6 0 2 0 0 0 5 7 1 0 8 33 6 4 0 0 0 0 0
P434 2055 11 23 24 22 0 0 47 152 147 1 0 0 0 0 6 0 0 4 0 0 0 6 3 4 8 4 0 0 0 8 7 -999
P434 2055 12 17 21 4 2 0 0 0 0 0 40 48 106 21 8 4 1 0 0 4 6 13 3 0 0 0 0 0 0 0 0 7
P434 2056 1 1 0 0 0 0 5 18 1 4 4 1 0 0 0 0 0 0 0 0 0 10 8 9 1 1 1 15 5 2 6 2
P434 2056 2 3 0 0 0 0 0 0 0 0 0 0 0 0 0 0 0 3 0 0 0 0 0 0 0 1 2 8 0 -999 -999 -999
P434 2056 3 0 139 30 8 0 10 9 7 16 36 8 0 0 0 97 142 3 2 0 0 0 0 0 0 0 60 27 14 0 0 0
P434 2056 4 0 0 0 0 0 0 0 0 6 0 7 0 0 0 0 5 5 0 0 0 0 0 0 13 0 10 15 11 0 0 -999
P434 2056 5 0 8 11 1 2 26 1 0 3 0 0 9 3 3 0 0 0 0 0 0 0 0 0 0 11 5 31 18 0 0 0
P434 2056 6 0 0 0 0 0 0 0 0 0 0 0 0 0 0 0 0 0 0 0 0 0 0 0 0 0 0 0 0 0 0 -999
P434 2056 7 0 0 0 0 0 0 0 0 0 0 0 0 0 0 0 0 0 0 0 0 0 0 0 0 0 0 0 0 0 0 0
P434 2056 8 0 0 0 0 0 0 0 0 0 0 0 0 0 0 0 0 0 0 0 0 0 0 0 0 0 0 0 0 0 0 0
P434 2056 9 0 0 0 0 0 0 0 0 0 0 0 0 0 0 0 0 0 0 0 0 0 0 0 0 0 0 0 0 0 39 -999
P434 2056 10 0 14 0 0 0 0 0 0 0 38 0 0 0 0 0 0 0 0 0 0 0 0 0 68 35 12 0 0 0 0 0
P434 2056 11 0 0 0 7 11 13 17 10 0 0 0 0 0 7 0 0 0 0 13 9 0 0 0 0 15 19 46 146 47 52 -999
P434 2056 12 33 63 67 12 157 13 20 7 5 9 17 16 11 8 5 8 7 12 12 13 32 6 0 0 0 0 0 3 4 11 25
P434 2057 1 15 4 0 0 3 4 9 6 18 9 0 0 7 7 4 0 0 0 0 0 0 0 0 0 3 9 17 46 28 4 12
P434 2057 2 7 4 4 4 22 22 36 20 16 19 6 0 0 0 0 0 11 6 7 13 9 18 17 17 15 7 2 1 -999 -999 -999
P434 2057 3 4 8 4 9 18 41 42 13 0 6 0 0 0 0 0 0 8 0 0 0 0 0 0 0 0 0 0 0 0 0 0
P434 2057 4 0 0 0 0 0 0 0 50 36 35 0 0 11 13 24 40 21 6 1 1 2 2 0 0 0 0 0 0 0 0 -999
P434 2057 5 0 0 0 0 0 0 0 0 0 0 6 5 24 17 27 28 35 4 2 2 2 0 2 14 0 0 0 27 12 5 2
P434 2057 6 2 4 2 8 0 0 0 0 0 0 0 0 0 0 0 0 0 0 0 0 0 0 0 0 0 0 0 0 0 0 -999
P434 2057 7 0 0 0 0 0 0 0 0 0 0 0 0 0 0 0 0 0 0 0 0 0 0 0 0 0 0 0 0 0 0 0
P434 2057 8 0 0 0 0 0 0 0 0 0 0 0 0 0 0 0 0 0 0 0 0 0 0 0 0 0 0 0 0 0 0 0
P434 2057 9 0 0 0 0 0 0 0 0 0 0 0 0 0 0 0 0 0 0 0 0 0 0 0 0 0 0 0 2 0 0 -999
P434 2057 10 0 0 0 0 0 0 0 0 0 0 0 0 0 0 91 0 0 0 0 0 0 0 0 0 0 0 0 0 0 0 5
P434 2057 11 2 7 8 29 21 43 0 12 20 23 198 109 3 12 6 3 2 2 0 0 1 2 0 0 0 0 0 0 0 0 -999
P434 2057 12 0 0 0 7 0 0 0 12 18 30 68 59 48 16 12 3 0 0 0 0 0 0 0 0 0 0 8 5 15 27 10
P434 2058 1 5 0 0 0 0 0 0 0 10 30 7 6 15 113 9 0 2 2 11 0 0 0 0 0 0 4 4 6 5 1 3
P434 2058 2 7 3 0 0 0 0 3 10 0 0 0 4 5 0 4 3 0 0 0 0 0 0 0 0 0 0 0 0 -999 -999 -999
P434 2058 3 0 0 0 0 0 0 0 0 0 0 0 0 0 0 0 0 0 0 0 0 9 5 0 13 33 25 1 0 0 0 0
P434 2058 4 0 0 0 0 3 3 0 0 0 5 2 5 1 0 0 0 0 0 0 12 3 3 0 0 0 0 0 0 0 0 -999
P434 2058 5 0 0 0 0 0 0 0 0 0 0 0 0 0 0 0 0 0 0 0 0 0 0 3 2 0 0 0 7 19 17 19
P434 2058 6 0 0 0 0 0 0 0 0 0 0 0 0 0 0 0 0 0 0 0 0 0 0 0 0 0 0 0 0 0 0 -999
P434 2058 7 0 0 0 0 0 0 0 0 0 0 0 0 0 0 0 0 0 0 0 0 0 0 0 0 0 0 0 0 0 0 0
P434 2058 8 0 0 0 0 0 0 0 0 0 0 0 0 0 0 0 0 0 0 0 0 0 0 0 0 0 0 0 0 0 0 0
P434 2058 9 0 0 0 0 0 0 0 0 0 0 0 0 0 31 0 0 0 0 0 0 0 0 14 0 0 0 0 0 0 0 -999
P434 2058 10 0 0 0 0 0 0 0 0 0 0 0 0 0 0 2 0 0 0 0 0 0 5 12 8 2 0 0 0 0 0 0
P434 2058 11 0 0 0 0 0 0 0 11 15 2 8 8 1 1 1 8 21 69 34 109 12 2 1 0 0 14 19 100 29 25 -999
P434 2058 12 12 49 5 0 0 5 4 0 1 0 0 0 0 0 7 0 11 66 20 22 8 5 0 0 0 9 25 8 1 7 30
P434 2059 1 21 60 3 3 1 1 0 0 0 0 0 0 5 6 8 3 0 0 0 5 12 4 5 6 7 0 0 0 0 0 0
P434 2059 2 0 0 0 0 0 0 0 0 0 0 0 0 0 0 0 4 1 0 0 0 0 0 0 0 0 0 0 0 -999 -999 -999
P434 2059 3 0 0 0 0 0 0 0 0 0 0 2 18 11 5 5 2 1 0 0 0 22 6 5 18 7 3 5 6 20 5 3
P434 2059 4 0 0 0 0 0 0 0 0 0 0 0 0 2 2 0 0 0 0 0 0 0 0 0 0 0 0 0 0 9 2 -999
P434 2059 5 0 0 0 0 0 0 4 15 16 0 0 0 0 0 0 0 0 3 0 0 0 0 0 0 0 0 0 0 74 0 0
P434 2059 6 0 0 0 0 0 0 0 0 0 0 0 0 0 0 0 0 0 0 0 0 0 0 0 0 0 0 0 0 0 0 -999
P434 2059 7 0 0 0 0 0 0 0 0 0 0 0 0 0 0 0 11 21 0 0 0 0 0 0 0 0 0 0 0 0 0 0
P434 2059 8 0 0 0 0 0 0 0 0 0 0 0 0 0 0 0 0 0 0 0 0 0 0 0 0 0 0 0 0 0 0 0
P434 2059 9 0 0 0 0 0 0 0 0 0 0 0 0 0 0 0 0 0 0 0 0 0 0 0 0 15 0 0 0 0 0 -999
P434 2059 10 0 0 0 0 0 0 0 0 0 0 0 0 0 0 29 28 0 0 0 0 10 39 28 37 14 16 12 24 83 54 21
P434 2059 11 63 161 61 117 17 0 0 0 0 3 8 4 8 44 68 27 6 4 1 0 0 0 28 22 2 1 15 8 3 4 -999
P434 2059 12 0 0 0 7 0 0 0 0 2 3 2 0 0 0 2 4 0 0 0 0 0 2 0 0 0 6 12 122 87 7 0
P434 2060 1 4 33 55 29 53 16 0 0 0 6 5 11 0 0 0 0 0 0 0 0 0 0 0 0 0 0 0 0 0 0 0
P434 2060 2 0 0 0 2 7 1 6 9 24 2 12 38 21 121 230 17 4 5 3 0 3 1 11 13 26 1 7 13 -999 -999 -999
P434 2060 3 7 8 2 4 13 47 126 117 16 7 6 0 0 9 3 0 25 14 60 138 263 70 1 1 0 0 4 13 10 14 3
P434 2060 4 0 0 0 0 0 0 0 0 0 0 29 0 0 0 0 0 0 0 0 0 0 0 0 0 0 0 0 0 0 0 -999
P434 2060 5 0 0 0 0 0 0 0 0 0 0 0 0 0 0 0 0 0 0 0 0 0 0 0 0 0 0 0 0 0 0 0
P434 2060 6 0 0 0 0 15 37 42 21 9 9 15 10 3 6 0 0 0 0 0 0 0 0 0 0 0 0 0 0 0 0 -999
P434 2060 7 0 0 0 0 0 0 0 0 0 0 0 0 0 0 0 0 0 0 0 0 0 0 0 0 0 0 0 0 0 0 0
P434 2060 8 0 0 0 0 0 0 0 0 0 0 0 0 0 0 0 0 0 0 0 0 0 0 0 0 0 0 0 0 0 0 0
P434 2060 9 0 0 0 0 0 0 0 0 0 0 0 0 0 0 0 13 0 0 0 0 0 0 0 0 0 0 19 0 0 0 -999
P434 2060 10 0 0 0 0 0 0 0 0 0 0 0 39 18 22 5 2 0 0 0 0 0 7 9 0 0 0 0 0 27 6 62
P434 2060 11 61 2 3 1 0 0 0 0 16 0 0 4 3 2 1 1 0 4 1 0 1 0 0 0 1 3 4 1 1 0 -999
P434 2060 12 0 5 7 8 16 29 5 0 8 24 0 0 0 0 0 4 0 0 0 6 9 1 2 1 0 4 2 6 2 0 0
P434 2061 1 0 0 0 0 0 0 0 0 0 0 0 0 0 6 8 0 12 6 19 5 6 22 55 43 144 31 25 17 5 4 4
P434 2061 2 0 0 0 0 0 0 0 0 15 28 37 23 6 4 23 7 8 7 3 13 4 13 0 6 1 1 2 2 -999 -999 -999
P434 2061 3 75 26 9 17 0 1 4 1 12 5 16 9 15 2 1 8 3 34 33 6 3 0 0 0 0 0 0 0 0 0 0
P434 2061 4 0 0 11 8 10 11 0 41 27 23 25 34 27 20 20 19 107 18 4 3 3 0 0 0 0 0 0 0 0 0 -999
P434 2061 5 0 0 2 2 1 2 0 0 0 0 0 8 4 13 0 0 0 0 0 0 0 0 0 0 0 0 0 0 0 0 0
P434 2061 6 0 0 0 0 0 0 0 0 0 0 0 0 0 17 0 0 0 0 0 0 0 0 0 0 0 0 0 0 0 0 -999
P434 2061 7 0 0 0 0 0 0 0 0 0 0 0 0 0 0 0 0 0 0 0 0 0 0 0 0 0 0 0 0 0 0 0
P434 2061 8 0 0 0 0 0 0 0 0 0 0 0 0 0 0 0 0 0 0 0 0 0 0 0 0 0 0 0 0 0 0 0
P434 2061 9 0 0 0 0 0 0 0 0 0 0 0 0 0 0 0 0 124 95 152 34 37 6 0 0 0 0 0 0 0 0 -999
P434 2061 10 0 0 0 27 0 0 13 14 28 9 0 0 0 0 0 0 0 0 0 0 0 0 0 0 21 27 23 14 0 0 0
P434 2061 11 0 0 1 0 5 11 12 13 20 6 1 0 0 0 0 0 0 0 10 7 0 0 0 0 0 0 0 0 0 10 -999
P434 2061 12 51 76 26 0 0 0 0 0 0 10 12 7 5 0 0 0 12 12 7 0 0 0 0 0 0 0 0 0 0 11 0
P434 2062 1 0 0 0 0 0 0 3 2 7 24 52 38 19 11 22 29 10 7 2 0 0 3 0 0 0 10 15 5 3 6 30
P434 2062 2 9 9 3 2 2 8 2 6 14 7 1 0 0 0 0 0 5 8 5 3 20 49 36 51 334 12 5 0 -999 -999 -999
P434 2062 3 0 0 0 0 0 4 5 0 0 0 0 0 0 0 0 0 0 0 0 0 0 0 0 0 5 17 1 0 0 0 0
P434 2062 4 0 0 5 3 0 0 0 0 0 10 16 1 0 0 0 0 0 0 0 0 0 0 14 29 13 8 0 0 0 0 -999
P434 2062 5 24 72 43 0 0 0 0 0 0 0 0 0 0 0 0 0 0 0 5 2 0 0 0 0 0 0 0 10 14 3 5
P434 2062 6 10 7 4 2 0 0 0 0 0 0 0 0 0 0 0 0 0 0 0 0 0 0 0 0 0 0 0 0 0 0 -999
P434 2062 7 0 0 0 0 0 0 0 0 0 0 0 0 0 0 0 0 0 0 0 0 0 0 0 0 0 0 0 0 0 0 0
P434 2062 8 0 0 0 0 0 0 0 0 0 0 0 0 0 0 0 0 0 0 0 0 0 0 0 0 0 0 0 0 0 0 0
P434 2062 9 0 0 0 0 0 0 0 0 0 0 0 0 0 0 0 0 0 0 0 0 0 0 0 0 0 0 0 0 0 0 -999
P434 2062 10 0 0 0 0 0 0 48 0 0 0 0 0 0 0 0 0 0 0 0 56 15 6 8 20 47 41 17 16 23 5 0
P434 2062 11 0 0 0 0 18 23 7 11 25 25 45 9 0 25 0 0 0 4 0 7 14 10 13 12 10 6 3 2 0 0 -999
P434 2062 12 0 0 0 0 0 0 8 2 40 61 17 1 0 0 11 28 6 0 0 4 5 11 6 7 8 0 0 4 6 10 0
P434 2063 1 12 11 13 12 8 3 1 0 0 0 0 0 0 0 0 0 0 0 0 5 8 4 3 6 0 0 12 7 5 27 0
P434 2063 2 0 0 0 0 0 0 8 10 7 2 0 0 1 7 13 4 0 0 0 8 4 3 3 5 1 2 0 11 -999 -999 -999
P434 2063 3 12 12 4 9 0 0 10 1 2 10 7 12 38 48 142 17 2 6 13 25 32 0 0 47 36 11 74 116 7 1 0
P434 2063 4 16 23 9 13 0 0 0 0 0 0 60 2 2 2 7 27 0 20 0 0 0 10 9 2 5 0 8 13 15 6 -999
P434 2063 5 1 0 0 0 0 0 0 0 0 0 0 8 32 5 4 2 2 2 2 0 2 5 0 0 0 0 0 0 0 0 0
P434 2063 6 0 0 0 0 0 0 0 0 0 0 0 0 0 0 0 0 0 0 0 0 0 0 0 0 0 0 0 0 0 0 -999
P434 2063 7 0 0 0 0 0 0 0 0 0 0 0 0 0 0 0 0 0 0 0 0 0 0 0 0 0 0 0 0 0 0 0
P434 2063 8 0 0 0 0 0 0 0 0 0 0 0 0 0 0 0 0 0 0 0 0 0 0 0 0 0 0 0 0 0 0 0
P434 2063 9 0 0 0 0 0 0 0 0 0 0 0 0 0 0 0 0 0 0 0 0 0 0 0 0 0 0 15 3 0 0 -999
P434 2063 10 0 0 0 0 0 6 0 3 10 12 19 9 7 6 6 2 0 0 0 40 13 20 1 0 0 0 0 33 18 7 0
P434 2063 11 0 0 0 7 0 0 0 0 0 0 5 0 0 0 0 0 0 0 0 9 0 1 0 0 24 5 0 6 2 2 -999
P434 2063 12 5 8 7 0 40 31 0 0 0 0 0 4 0 3 0 0 0 5 0 0 0 0 0 16 9 0 7 0 0 5 0
P434 2064 1 0 0 0 2 5 1 0 0 0 0 20 53 29 29 5 11 3 20 25 30 111 33 3 0 0 0 18 15 23 3 4
P434 2064 2 0 0 0 0 0 0 0 0 0 0 0 0 74 60 5 7 8 2 0 0 0 0 0 0 32 90 74 9 -999 -999 -999
P434 2064 3 2 5 40 90 20 3 0 0 0 3 3 1 0 0 0 0 0 0 0 1 0 0 12 1 3 0 1 0 30 49 30
P434 2064 4 27 30 46 27 0 2 0 2 1 0 0 0 0 0 0 0 0 11 3 3 3 0 73 30 9 10 55 25 0 0 -999
P434 2064 5 0 0 2 0 0 0 0 0 0 0 0 0 0 0 0 0 0 0 0 0 0 0 0 0 0 0 0 0 0 0 0
P434 2064 6 0 0 0 0 0 0 0 0 0 0 0 0 0 0 0 0 0 0 0 0 0 0 0 0 0 0 0 0 0 0 -999
P434 2064 7 0 0 0 0 0 0 0 0 0 0 0 0 0 0 0 0 0 0 0 0 0 0 0 0 0 0 0 0 0 0 0
P434 2064 8 0 0 0 0 0 0 0 0 0 0 0 0 0 0 0 0 0 0 0 0 0 0 0 0 0 0 0 0 0 0 0
P434 2064 9 0 0 0 0 0 0 0 0 0 0 0 0 0 0 0 0 0 0 0 0 0 0 0 0 0 0 0 13 0 0 -999
P434 2064 10 0 0 0 0 0 0 0 0 0 0 0 0 0 0 0 0 0 0 0 0 0 6 8 8 2 4 0 0 0 0 0
P434 2064 11 0 0 0 0 0 5 5 9 1 1 0 0 0 0 2 3 3 0 0 0 5 22 51 57 2 2 8 19 23 13 -999
P434 2064 12 2 0 0 0 0 0 0 14 55 39 15 6 0 0 0 0 0 0 9 36 14 6 0 0 0 0 0 11 7 9 4
P434 2065 1 0 7 5 7 5 52 178 55 137 171 8 2 1 0 0 0 0 0 0 0 0 0 4 1 0 0 0 0 0 0 0
P434 2065 2 5 4 3 4 5 0 0 0 0 3 6 0 0 0 0 0 0 0 5 10 12 0 0 0 0 1 0 0 -999 -999 -999
P434 2065 3 1 0 0 0 0 8 11 5 13 12 0 0 0 0 0 0 0 0 0 0 0 0 2 15 0 0 15 35 12 36 29
P434 2065 4 27 5 51 1 1 2 0 0 0 0 19 43 88 16 16 13 3 0 0 0 0 0 0 0 0 19 4 0 6 1 -999
P434 2065 5 1 1 3 5 9 0 24 12 2 1 1 1 4 8 0 0 4 2 0 0 0 0 0 0 0 0 0 0 0 0 8
P434 2065 6 41 24 21 26 35 14 10 7 0 0 14 20 7 0 0 0 0 0 0 0 0 0 0 0 0 0 0 0 0 0 -999
P434 2065 7 0 0 0 0 0 0 0 0 0 0 0 0 0 0 0 0 0 0 0 0 0 0 0 0 0 0 0 0 0 0 0
P434 2065 8 0 0 0 0 0 0 0 0 0 0 0 0 0 0 0 0 0 0 0 0 0 0 0 0 0 0 0 0 0 0 0
P434 2065 9 0 0 0 0 0 0 0 0 0 0 0 0 0 0 0 0 0 0 0 0 20 66 158 169 58 19 13 13 5 0 -999
P434 2065 10 0 0 0 0 0 0 0 0 0 0 12 5 0 0 0 35 42 72 39 10 23 0 0 0 0 0 0 0 0 0 0
P434 2065 11 0 0 0 0 5 3 0 5 4 3 24 18 0 0 0 0 0 0 0 0 0 0 0 0 0 3 1 0 0 0 -999
P434 2065 12 0 0 0 0 0 6 0 0 0 4 10 1 0 0 0 0 0 0 0 10 10 39 128 24 26 19 11 13 0 0 0
P434 2066 1 1 1 0 2 11 0 0 0 7 19 21 16 7 7 10 35 55 9 0 0 0 0 0 1 3 0 5 4 0 6 4
P434 2066 2 0 0 0 8 11 27 26 14 10 0 0 0 0 0 0 0 10 35 19 11 0 0 0 0 0 14 6 23 -999 -999 -999
P434 2066 3 32 139 147 219 321 65 7 168 234 8 17 14 11 0 12 10 5 3 13 82 58 8 4 0 1 0 12 12 17 0 13
P434 2066 4 0 0 0 0 0 0 31 11 2 0 0 0 0 0 0 0 6 19 9 0 0 0 0 0 0 0 0 0 0 0 -999
P434 2066 5 0 0 0 0 0 0 0 0 0 0 0 0 0 0 0 0 0 3 0 0 0 0 0 0 0 0 0 0 0 0 0
P434 2066 6 0 0 0 0 0 0 0 0 0 0 0 0 0 0 0 0 0 0 0 0 0 0 0 0 0 0 0 0 0 0 -999
P434 2066 7 0 0 0 0 0 0 0 0 0 0 0 0 0 0 0 0 0 0 0 0 0 0 0 0 0 0 0 0 0 0 0
P434 2066 8 0 0 0 0 0 0 0 0 0 0 0 0 0 0 0 0 0 0 0 0 0 0 0 0 0 0 0 0 0 0 0
P434 2066 9 0 0 0 0 0 0 0 0 0 0 0 0 0 0 0 0 0 0 0 0 0 0 0 0 0 0 0 0 0 0 -999
P434 2066 10 0 0 0 0 0 0 0 0 0 0 0 22 77 21 10 20 4 10 14 0 0 0 0 0 33 43 50 20 12 20 56
P434 2066 11 38 7 5 19 21 51 109 149 104 10 4 0 0 0 0 0 7 9 12 15 20 17 4 0 10 24 70 18 34 35 -999
P434 2066 12 49 176 109 13 0 0 8 10 12 0 4 13 17 30 14 3 56 10 1 0 0 0 5 14 20 26 16 22 21 22 24
P434 2067 1 39 96 178 261 46 20 52 131 6 2 15 56 208 123 28 15 53 193 102 1 0 20 38 50 5 10 12 8 40 13 2
P434 2067 2 8 3 2 1 0 0 6 12 35 0 0 11 6 0 0 0 0 0 1 8 21 6 3 2 1 1 3 3 -999 -999 -999
P434 2067 3 0 1 3 3 0 0 0 0 0 0 5 0 3 5 9 0 0 6 0 0 0 0 0 0 0 6 14 15 3 3 0
P434 2067 4 0 0 0 0 0 0 15 8 6 2 5 0 12 20 0 4 6 2 1 1 1 0 0 0 4 8 4 4 2 13 -999
P434 2067 5 0 0 0 0 0 0 0 0 0 1 2 2 3 6 2 2 2 12 26 24 10 9 0 0 0 0 0 0 0 0 0
P434 2067 6 0 0 0 0 0 0 0 155 0 0 0 0 0 0 0 0 0 0 0 0 0 0 0 0 0 0 0 0 0 0 -999
P434 2067 7 0 0 0 0 0 0 0 0 0 0 0 0 0 0 0 0 0 0 0 0 0 0 0 0 0 0 0 0 0 0 0
P434 2067 8 0 0 0 0 0 0 0 0 0 0 0 0 0 0 0 0 0 0 0 0 0 0 0 0 0 0 0 0 0 0 0
P434 2067 9 0 0 0 0 0 0 0 0 0 0 0 0 0 0 0 0 0 0 0 0 0 0 0 0 0 0 0 0 0 0 -999
P434 2067 10 0 0 0 0 0 0 78 39 0 0 0 9 3 0 0 0 0 0 0 0 0 0 0 0 0 0 0 83 49 19 25
P434 2067 11 12 20 33 27 22 26 104 28 7 2 2 4 6 0 9 4 0 16 89 5 0 6 0 5 4 1 5 0 2 0 -999
P434 2067 12 0 0 0 17 27 19 9 30 31 13 11 22 9 17 0 0 0 0 0 11 5 8 6 0 0 0 0 0 0 0 0
P434 2068 1 3 0 0 0 0 0 0 0 0 4 1 1 0 0 0 0 1 0 3 6 47 65 65 64 8 22 4 3 18 38 17
P434 2068 2 3 3 0 0 0 4 6 30 194 35 11 25 25 27 92 28 1 0 0 0 0 0 0 10 16 0 0 0 -999 -999 -999
P434 2068 3 0 0 0 0 7 22 16 31 215 196 15 15 4 0 0 88 0 0 0 5 4 0 23 0 0 0 0 0 0 0 0
P434 2068 4 0 0 0 0 11 9 0 0 0 0 0 0 0 0 0 0 0 0 0 0 0 0 5 17 6 0 0 9 4 3 -999
P434 2068 5 0 0 0 0 31 0 3 2 8 2 6 27 28 3 21 8 7 9 15 24 12 0 0 0 0 0 0 0 0 0 0
P434 2068 6 0 0 0 0 0 0 0 0 0 0 0 0 0 0 0 0 0 0 0 0 0 0 0 0 0 0 0 0 0 0 -999
P434 2068 7 0 0 0 0 0 0 0 0 0 0 0 0 0 0 0 0 0 0 0 0 0 0 0 0 0 0 0 0 0 0 0
P434 2068 8 0 0 0 0 0 0 0 0 0 0 0 0 0 0 0 0 0 0 0 0 0 0 0 0 0 8 0 0 0 0 0
P434 2068 9 0 0 0 0 0 0 0 0 0 0 0 0 0 0 0 0 0 0 0 0 32 76 39 27 18 14 26 0 0 0 -999
P434 2068 10 15 30 21 0 0 0 0 8 7 0 0 0 26 20 0 6 0 0 10 9 11 0 27 13 1 5 0 0 8 9 15
P434 2068 11 0 0 0 0 0 21 16 5 0 0 0 0 0 0 22 18 2 3 1 0 22 41 10 35 17 0 0 81 56 26 -999
P434 2068 12 0 38 9 0 79 18 5 7 18 5 6 1 5 5 31 43 164 97 34 9 7 0 0 0 0 0 1 2 0 0 0
P434 2069 1 0 0 0 0 0 0 2 1 3 155 34 10 2 1 0 0 0 0 0 7 15 23 13 21 29 29 17 17 44 109 13
P434 2069 2 7 1 1 1 42 7 5 5 26 20 1 0 0 2 1 1 0 0 0 0 1 0 0 0 0 0 0 0 -999 -999 -999
P434 2069 3 22 42 31 43 26 21 0 0 7 9 6 1 2 0 0 0 0 0 0 0 0 0 0 0 4 0 0 16 11 4 0
P434 2069 4 0 0 0 0 0 0 0 15 3 2 57 47 9 32 40 74 31 0 37 25 8 8 0 0 0 0 0 0 16 37 -999
P434 2069 5 29 10 3 0 7 20 25 24 16 10 0 0 0 0 0 0 0 0 0 0 8 0 0 0 0 0 0 0 2 3 2
P434 2069 6 0 0 0 0 0 0 0 0 0 0 0 0 0 0 0 0 0 0 0 0 0 0 0 0 0 0 0 0 0 0 -999
P434 2069 7 0 0 14 0 0 0 0 0 0 0 0 0 0 0 0 0 0 0 0 0 0 0 0 0 0 0 0 0 0 0 0
P434 2069 8 0 0 0 0 0 0 0 0 0 0 0 0 0 0 0 0 0 0 0 0 0 0 0 0 0 0 0 0 0 0 0
P434 2069 9 0 0 0 0 0 0 0 0 0 0 0 0 0 0 0 0 0 0 0 15 0 0 0 0 0 0 22 7 18 39 -999
P434 2069 10 34 29 54 32 0 0 0 0 0 0 0 0 0 0 0 0 8 1 0 0 2 4 4 2 1 2 2 0 0 0 18
P434 2069 11 42 50 40 13 0 0 0 0 25 77 245 193 136 88 6 5 0 0 0 0 0 0 0 7 10 6 1 10 36 2 -999
P434 2069 12 1 7 27 147 26 20 6 5 4 0 0 0 7 3 0 0 0 0 0 0 0 7 18 11 0 0 3 18 35 9 11
P434 2070 1 26 13 11 5 5 6 3 7 8 11 4 0 0 0 0 0 5 1 2 3 6 21 49 24 3 6 43 6 10 28 72
P434 2070 2 18 19 39 8 8 6 0 0 9 13 8 12 41 141 197 117 22 0 0 0 10 0 26 10 21 9 56 11 -999 -999 -999
P434 2070 3 15 0 0 0 8 0 0 16 190 73 21 17 14 2 0 0 0 5 8 0 17 40 27 16 74 0 0 0 0 0 0
P434 2070 4 0 22 3 3 9 14 11 18 16 2 8 11 4 8 0 0 8 2 0 0 0 15 5 4 3 3 2 4 1 2 -999
P434 2070 5 3 3 0 0 10 6 7 9 0 0 0 13 23 82 30 7 0 0 0 0 0 0 0 0 0 0 0 0 0 0 0
P434 2070 6 0 0 0 0 0 0 0 0 0 0 0 0 0 0 0 0 0 0 0 0 0 0 0 0 0 0 0 0 0 0 -999
P434 2070 7 0 0 0 0 0 0 0 0 0 0 0 0 0 0 0 0 0 0 0 0 0 0 0 0 0 0 0 0 0 0 0
P434 2070 8 0 0 0 0 0 0 0 0 0 0 0 0 0 0 0 0 0 0 0 0 0 0 0 0 0 0 0 0 0 0 0
P434 2070 9 0 0 0 0 0 0 0 0 0 0 0 0 0 0 0 0 0 0 0 0 0 0 0 0 0 0 0 0 18 36 -999
P434 2070 10 14 0 0 0 0 0 0 19 9 32 118 41 18 10 0 0 6 9 91 72 45 47 13 6 0 0 0 0 0 0 18
P434 2070 11 66 149 14 15 4 5 11 11 11 15 3 19 17 13 4 0 8 1 3 10 7 14 12 7 0 0 0 0 0 0 -999
P434 2070 12 0 0 4 0 0 0 0 0 0 6 5 7 8 5 0 0 0 0 0 1 0 16 1 0 0 1 5 2 1 3 0
P434 2071 1 0 0 1 1 3 2 3 0 5 4 2 1 5 8 96 179 374 336 145 18 22 9 61 18 8 3 0 0 0 0 9
P434 2071 2 4 0 0 0 8 11 2 0 0 0 0 5 1 0 0 0 0 0 0 1 4 3 1 0 4 13 23 0 -999 -999 -999
P434 2071 3 0 0 0 0 0 0 0 0 0 2 3 0 0 0 8 0 0 0 0 0 0 0 0 0 49 0 0 0 0 0 0
P434 2071 4 23 0 0 0 0 0 0 0 0 0 0 0 0 0 0 0 0 0 0 0 47 0 0 0 0 0 0 0 0 0 -999
P434 2071 5 0 0 0 0 0 0 0 0 0 0 0 0 0 0 7 0 0 0 0 14 0 0 0 0 0 0 0 0 0 0 0
P434 2071 6 0 0 0 0 0 0 12 8 4 0 0 0 0 0 0 0 0 0 0 0 0 0 0 0 0 0 0 0 0 0 -999
P434 2071 7 0 0 0 0 0 0 0 0 0 0 0 0 0 0 0 0 0 0 0 0 0 0 0 0 0 0 0 0 0 0 0
P434 2071 8 0 0 0 0 0 0 0 0 0 0 0 0 0 0 0 0 0 0 0 0 0 0 0 0 0 0 0 0 0 0 0
P434 2071 9 0 0 0 0 0 0 0 0 0 0 0 0 0 0 0 0 0 0 0 0 0 0 0 0 0 0 0 0 0 0 -999
P434 2071 10 0 0 0 0 0 0 0 0 13 12 5 2 0 0 0 0 0 0 0 0 0 0 0 0 0 0 0 0 0 0 0
P434 2071 11 13 11 4 0 0 8 18 57 50 10 5 8 0 0 0 4 3 5 0 0 0 0 0 0 0 24 13 0 0 0 -999
P434 2071 12 0 0 0 0 0 2 7 0 0 0 0 0 0 0 0 0 0 0 13 2 0 0 0 0 0 0 0 0 0 0 0
P434 2072 1 0 0 0 0 0 2 1 4 1 1 1 1 3 0 3 2 1 0 0 0 12 79 108 13 0 0 12 14 48 2 1
P434 2072 2 0 1 2 9 9 4 0 4 3 11 5 58 38 64 39 186 331 149 224 196 20 57 32 10 1 6 9 8 -999 -999 -999
P434 2072 3 0 0 0 0 0 7 8 7 1 1 0 6 0 0 0 0 0 0 22 0 0 0 7 3 1 0 0 36 13 2 0
P434 2072 4 0 0 0 0 0 33 18 28 14 2 40 8 12 49 119 17 10 0 0 31 52 0 122 4 0 0 0 0 0 0 -999
P434 2072 5 0 0 0 0 0 0 10 14 21 0 0 0 1 0 0 0 0 0 0 0 0 0 0 0 0 0 0 0 0 0 0
P434 2072 6 0 0 23 10 5 0 0 0 0 0 0 0 0 0 0 0 0 0 0 0 0 0 0 0 0 0 0 0 0 0 -999
P434 2072 7 0 0 0 0 0 0 0 0 0 0 0 0 0 0 0 0 0 0 0 0 0 0 0 0 0 0 0 0 0 0 0
P434 2072 8 0 0 0 0 0 0 0 0 0 0 0 0 0 0 0 0 0 0 0 0 0 0 0 0 0 0 0 0 0 0 0
P434 2072 9 0 0 0 0 0 0 0 0 0 0 0 0 0 0 0 0 0 0 0 0 0 0 0 0 0 0 0 0 0 0 -999
P434 2072 10 0 22 0 0 0 0 0 0 0 0 0 0 0 0 0 20 20 19 4 0 0 7 0 26 24 21 11 0 0 0 27
P434 2072 11 0 0 0 0 43 25 27 30 53 89 27 3 4 4 41 40 6 6 0 0 0 6 30 50 9 22 114 5 6 2 -999
P434 2072 12 0 0 0 0 0 7 5 1 0 0 0 0 0 0 0 0 0 10 10 37 0 0 0 0 0 0 3 0 0 15 7
P434 2073 1 0 5 4 5 6 8 3 0 0 0 6 6 14 1 0 0 0 0 0 0 0 0 0 0 0 8 3 0 0 0 0
P434 2073 2 0 0 3 4 2 2 1 0 6 22 78 20 3 5 5 5 5 2 6 2 0 0 0 0 0 0 0 0 -999 -999 -999
P434 2073 3 0 0 0 0 0 0 0 0 9 11 4 2 0 0 9 11 0 12 17 8 2 1 1 0 0 0 0 8 5 0 0
P434 2073 4 0 0 0 0 0 0 0 0 0 0 0 0 0 108 170 86 0 0 0 0 0 0 0 37 0 0 0 3 0 0 -999
P434 2073 5 0 0 0 0 0 0 0 0 0 0 0 0 0 0 0 12 30 22 30 7 2 1 9 17 2 0 0 1 0 0 0
P434 2073 6 0 0 0 0 0 0 0 0 0 0 0 0 0 0 0 0 0 0 0 0 0 0 0 0 0 0 0 0 0 0 -999
P434 2073 7 0 0 0 0 0 0 0 0 0 0 0 0 0 0 0 0 0 0 0 0 0 0 0 0 0 0 0 0 0 0 0
P434 2073 8 0 0 0 0 0 0 0 0 0 0 0 0 0 0 0 0 0 0 0 0 0 0 0 0 0 0 0 0 0 0 0
P434 2073 9 0 0 0 0 0 18 9 0 0 0 0 0 4 0 0 0 0 0 0 0 0 0 23 0 0 0 0 0 0 0 -999
P434 2073 10 0 0 0 0 0 0 0 12 3 61 47 0 0 0 0 0 0 0 17 10 4 0 0 0 0 0 13 13 5 19 29
P434 2073 11 36 6 0 0 0 0 122 72 19 20 13 3 1 3 3 0 0 0 1 1 4 9 7 33 30 40 19 12 4 19 -999
P434 2073 12 72 49 19 14 6 2 1 1 0 0 0 0 0 0 0 0 0 1 1 4 5 4 0 5 16 6 1 0 0 0 0
P434 2074 1 0 0 0 0 0 0 0 0 0 1 1 5 5 4 0 0 0 11 15 20 10 10 6 0 0 6 3 1 2 4 0
P434 2074 2 1 0 0 0 0 5 5 5 12 5 0 0 0 0 0 0 0 0 0 8 6 2 1 0 0 10 0 0 -999 -999 -999
P434 2074 3 0 18 0 0 0 0 0 0 0 0 0 0 0 0 10 0 0 8 0 0 0 0 0 0 0 0 0 0 0 0 0
P434 2074 4 19 4 0 0 0 0 0 0 0 0 0 0 0 0 0 0 0 0 0 0 0 0 0 0 0 14 20 8 2 0 -999
P434 2074 5 0 0 0 0 0 8 6 17 23 58 49 17 1 5 3 0 0 0 0 11 15 20 0 0 0 0 0 0 0 0 0
P434 2074 6 0 0 0 0 0 0 0 0 0 0 0 0 0 0 0 0 0 0 21 0 0 0 0 0 0 0 0 0 0 0 -999
P434 2074 7 0 0 0 0 0 0 0 0 0 0 0 0 0 0 0 0 0 0 0 0 0 0 0 0 0 0 0 0 0 0 0
P434 2074 8 0 0 0 0 0 0 0 0 0 0 0 0 0 0 0 0 0 0 0 0 0 0 0 0 0 0 0 0 0 0 0
P434 2074 9 0 0 0 0 0 0 0 0 0 0 0 0 0 0 0 0 0 0 0 0 0 0 0 5 8 7 3 2 0 0 -999
P434 2074 10 0 0 13 0 0 0 0 0 15 2 2 0 0 0 0 0 0 0 22 0 0 0 0 0 0 0 0 0 27 0 0
P434 2074 11 0 8 7 0 0 0 0 0 15 46 27 0 0 0 0 0 8 72 118 15 22 0 6 29 75 26 15 13 10 8 -999
P434 2074 12 0 0 63 47 15 0 0 21 0 0 0 8 21 229 170 201 40 12 4 5 13 9 8 11 7 18 210 51 248 14 31
P434 2075 1 125 285 268 8 13 5 4 4 1 2 2 3 9 3 2 1 0 0 0 0 0 0 0 0 0 11 10 0 6 5 2
P434 2075 2 1 0 0 0 9 9 11 5 2 0 12 8 5 10 4 14 0 9 14 10 134 13 7 1 0 0 0 0 -999 -999 -999
P434 2075 3 0 0 14 117 199 95 18 33 131 88 12 24 32 24 3 1 1 7 18 19 23 49 19 13 10 17 20 5 7 19 22
P434 2075 4 17 4 9 0 0 0 0 0 0 0 0 0 0 0 0 0 0 0 0 2 3 0 0 0 0 0 0 0 24 88 -999
P434 2075 5 87 93 58 93 32 54 31 18 2 3 12 29 17 10 2 3 20 17 17 10 1 2 2 0 0 0 0 0 0 0 0
P434 2075 6 0 0 0 0 0 0 0 0 0 0 0 0 0 0 0 0 0 0 0 0 0 0 0 0 0 0 0 0 0 0 -999
P434 2075 7 0 0 0 0 0 0 0 0 0 0 0 0 0 0 0 0 0 0 0 0 0 0 0 0 0 0 0 0 0 0 0
P434 2075 8 0 0 0 0 0 0 0 0 0 0 0 0 0 0 0 0 0 0 0 0 0 0 0 0 0 0 0 0 0 0 0
P434 2075 9 0 0 0 0 0 0 0 0 0 0 0 0 0 0 0 0 0 0 0 0 0 0 0 0 0 0 0 37 34 13 -999
P434 2075 10 0 0 21 4 0 0 0 0 7 3 0 0 0 0 0 0 0 0 27 24 3 0 0 0 0 0 0 11 16 54 0
P434 2075 11 0 0 31 14 4 7 134 7 24 1 1 6 6 1 1 7 13 6 1 0 0 0 0 10 0 0 15 13 1 1 -999
P434 2075 12 0 0 3 25 14 12 22 19 42 3 2 5 2 1 0 0 0 0 0 0 0 0 1 0 0 7 1 1 0 1 6
P434 2076 1 10 0 0 0 0 0 0 0 0 3 2 2 0 0 2 3 0 0 0 0 0 0 0 0 0 0 4 9 7 2 1
P434 2076 2 0 0 0 0 0 0 0 0 2 1 0 0 0 0 0 0 0 0 3 8 4 0 0 0 0 0 0 0 -999 -999 -999
P434 2076 3 0 0 0 0 0 6 5 0 108 97 1 0 0 34 25 16 38 33 2 0 0 0 0 0 0 0 0 0 0 0 0
P434 2076 4 0 0 0 0 4 0 0 0 0 0 0 22 4 0 0 0 0 0 47 155 201 72 23 9 0 0 24 15 0 0 -999
P434 2076 5 0 0 6 2 2 0 0 0 0 0 0 0 0 7 4 0 0 17 16 19 38 24 5 0 0 0 0 29 4 9 2
P434 2076 6 5 6 0 0 0 0 0 5 0 0 0 0 0 0 0 0 0 0 0 0 0 0 0 5 4 0 0 0 0 0 -999
P434 2076 7 0 0 0 0 0 0 0 0 0 0 0 0 0 0 0 0 0 0 0 0 0 0 0 0 0 0 0 0 0 0 0
P434 2076 8 0 0 0 0 0 0 0 0 0 0 0 0 0 0 0 0 0 0 0 0 0 0 0 0 0 0 0 0 0 0 0
P434 2076 9 0 0 0 0 0 0 0 0 0 0 0 0 0 0 0 0 0 0 0 0 0 0 0 0 0 0 0 23 8 2 -999
P434 2076 10 0 0 20 0 0 0 0 0 0 0 0 107 101 157 65 3 11 35 0 0 15 12 14 3 0 0 0 0 0 0 0
P434 2076 11 0 0 0 1 0 0 0 0 22 50 36 29 6 7 8 15 128 7 4 1 0 0 0 63 12 0 0 0 0 0 -999
P434 2076 12 0 0 0 0 0 0 0 2 1 6 0 0 0 0 0 3 5 16 0 0 0 0 0 0 0 0 0 0 0 10 4
P434 2077 1 2 2 0 0 0 1 0 0 0 0 0 3 5 11 11 4 0 0 5 16 97 100 114 37 4 1 12 4 2 2 1
P434 2077 2 0 0 0 6 22 25 1 2 0 0 30 29 18 12 17 10 20 0 0 0 0 0 0 0 0 0 0 0 -999 -999 -999
P434 2077 3 0 16 15 0 0 6 0 0 0 37 9 10 25 7 4 22 32 112 29 10 1 0 0 0 0 2 7 3 7 0 2
P434 2077 4 0 0 0 0 0 0 0 0 6 0 0 0 0 0 0 0 0 0 0 0 0 0 0 0 0 0 0 0 0 0 -999
P434 2077 5 0 0 0 0 0 33 0 0 2 3 1 0 0 0 0 0 0 0 0 0 0 0 0 40 134 85 32 0 0 0 0
P434 2077 6 0 0 0 0 0 0 0 0 0 0 12 14 29 27 0 0 0 0 0 0 0 0 0 0 0 0 0 0 0 0 -999
P434 2077 7 0 0 0 0 0 0 0 0 0 0 0 0 0 0 0 0 0 0 0 0 0 0 0 0 0 0 0 0 0 0 0
P434 2077 8 0 0 0 0 0 0 0 0 0 0 0 0 0 0 0 0 0 0 0 0 0 0 0 0 0 0 0 0 0 0 0
P434 2077 9 0 0 0 0 0 0 0 0 0 0 0 0 0 0 0 0 0 0 0 0 0 0 0 0 0 0 0 0 0 0 -999
P434 2077 10 4 0 9 0 0 0 0 0 0 0 0 0 0 21 0 0 0 0 0 0 0 45 10 1 4 0 0 7 0 0 0
P434 2077 11 0 2 44 84 124 69 78 62 20 15 5 9 129 239 105 11 18 34 3 0 18 57 75 37 35 71 90 28 15 5 -999
P434 2077 12 0 0 0 0 5 4 6 6 6 19 27 1 6 15 12 10 58 194 131 11 10 8 8 60 65 86 100 14 11 7 7
P434 2078 1 0 32 9 8 0 14 6 21 4 14 4 0 0 0 0 0 0 0 0 0 0 5 7 2 0 0 0 0 0 0 0
P434 2078 2 0 13 0 0 5 28 14 2 0 0 5 7 11 4 1 2 3 8 0 0 2 3 13 8 0 2 0 12 -999 -999 -999
P434 2078 3 12 6 4 0 0 42 16 7 0 0 42 4 7 18 9 1 0 16 0 0 0 1 7 0 0 0 0 0 0 9 3
P434 2078 4 31 19 23 92 36 49 1 1 3 0 0 0 18 32 0 0 83 85 6 1 0 0 0 0 0 4 7 22 26 7 -999
P434 2078 5 13 2 5 14 10 21 9 1 0 0 0 0 16 10 66 41 8 7 6 0 0 0 0 0 0 0 0 0 0 0 0
P434 2078 6 0 0 0 0 0 0 0 0 0 0 0 0 0 0 0 0 0 0 0 0 0 0 0 0 0 0 0 0 0 0 -999
P434 2078 7 0 0 0 0 0 0 0 0 0 0 0 0 0 0 0 0 0 0 0 0 0 0 0 0 0 0 0 0 0 0 0
P434 2078 8 0 0 0 0 0 0 0 0 0 0 0 0 0 0 0 0 0 0 0 0 0 0 0 0 0 0 0 0 0 0 0
P434 2078 9 0 0 81 24 0 0 0 0 0 0 0 0 0 0 0 0 0 0 0 0 0 0 0 0 0 0 0 0 0 0 -999
P434 2078 10 0 0 0 0 0 0 0 0 0 0 0 0 0 0 0 0 0 0 0 0 0 0 0 16 0 0 0 0 0 0 0
P434 2078 11 36 180 155 21 7 0 0 0 0 0 2 0 0 0 0 0 0 0 19 5 0 0 8 8 16 14 0 13 3 1 -999
P434 2078 12 0 0 0 0 0 0 0 0 0 2 0 0 0 0 1 6 1 1 0 0 0 0 0 13 21 14 6 25 5 15 106
P434 2079 1 7 8 0 4 2 16 9 3 0 0 0 1 0 0 0 0 0 0 0 0 0 0 0 0 0 10 31 10 0 0 0
P434 2079 2 0 0 0 0 28 8 4 32 20 8 17 49 46 24 2 2 7 18 92 110 67 11 67 101 63 150 188 7 -999 -999 -999
P434 2079 3 2 65 3 1 0 3 12 12 40 26 27 26 9 0 0 3 0 0 12 27 178 8 8 9 18 28 18 30 47 41 96
P434 2079 4 217 18 5 4 0 11 50 8 4 0 0 0 0 0 0 0 0 0 0 0 0 0 0 0 0 3 3 0 0 0 -999
P434 2079 5 0 5 4 0 0 0 0 0 0 0 0 0 0 0 0 30 0 0 0 0 0 0 0 0 0 0 0 0 0 0 0
P434 2079 6 0 0 0 0 0 0 0 0 0 8 5 0 0 0 0 0 0 0 0 0 0 0 0 0 0 0 0 0 0 0 -999
P434 2079 7 0 0 0 0 0 0 0 0 0 0 0 0 0 0 0 0 0 0 0 0 0 0 0 0 0 0 0 0 0 0 0
P434 2079 8 0 0 0 0 0 0 0 0 0 0 0 0 0 0 0 0 0 0 0 0 0 0 0 0 0 0 0 0 0 0 0
P434 2079 9 0 0 0 0 0 0 0 0 0 0 10 0 0 0 0 0 0 0 0 0 0 0 0 0 0 0 0 0 0 0 -999
P434 2079 10 0 0 0 0 0 0 0 0 0 0 0 0 0 0 0 0 0 77 71 53 25 31 2 1 2 0 0 0 0 0 0
P434 2079 11 0 8 16 0 8 8 0 0 0 0 0 0 0 0 0 0 0 0 0 0 6 6 14 0 12 50 8 8 19 54 -999
P434 2079 12 7 2 0 0 9 12 13 10 8 7 4 0 0 0 8 24 50 15 34 8 7 0 2 0 0 0 0 6 3 0 5
P434 2080 1 5 0 15 16 5 2 22 14 8 4 2 7 1 1 4 0 0 0 1 1 5 12 8 21 6 1 0 2 1 0 0
P434 2080 2 0 0 0 0 2 0 0 0 0 0 16 23 12 1 0 0 0 0 0 0 2 5 4 11 0 0 0 0 -999 -999 -999
P434 2080 3 0 0 0 0 0 0 0 8 9 0 0 0 0 0 0 0 0 0 0 0 0 0 0 0 0 0 0 0 0 0 0
P434 2080 4 51 0 12 22 48 70 43 11 29 6 7 3 4 0 3 47 20 13 20 11 0 0 0 26 0 0 0 14 0 0 -999
P434 2080 5 161 55 2 1 0 0 0 0 0 0 0 0 0 0 0 0 0 0 0 13 0 0 0 0 0 0 0 0 0 0 0
P434 2080 6 0 0 0 0 0 0 0 0 0 0 0 0 0 0 0 0 0 0 0 0 0 0 0 0 0 0 0 0 0 0 -999
P434 2080 7 0 0 0 0 0 0 0 0 0 0 0 0 0 0 0 0 0 0 0 0 0 0 0 0 0 0 0 0 0 0 0
P434 2080 8 0 0 0 0 0 0 0 0 0 0 0 0 0 0 0 0 0 0 0 0 0 0 0 13 31 17 0 0 0 0 0
P434 2080 9 0 0 0 0 0 0 0 0 0 0 0 0 40 20 0 0 0 0 0 0 0 0 0 34 21 26 34 49 0 0 -999
P434 2080 10 0 0 0 0 0 0 0 0 0 0 0 6 11 0 0 0 0 0 0 0 0 0 0 35 36 19 6 0 0 0 0
P434 2080 11 0 0 0 0 12 13 4 0 0 2 1 2 0 0 0 22 9 0 0 0 0 0 0 0 0 0 5 14 3 0 -999
P434 2080 12 0 0 0 0 0 0 0 1 0 13 22 19 11 16 5 0 0 0 0 0 0 0 17 109 136 49 7 2 2 1 0
P434 2081 1 0 0 3 8 0 0 0 0 0 9 4 0 0 0 0 3 3 5 21 150 115 48 8 0 18 12 6 0 0 0 0
P434 2081 2 6 9 64 19 8 7 1 0 0 0 0 0 0 0 0 0 0 11 0 26 34 22 7 16 8 0 6 1 -999 -999 -999
P434 2081 3 0 0 0 0 0 0 0 0 0 0 3 2 8 43 62 85 100 11 28 14 23 74 120 20 98 59 142 74 3 24 87
P434 2081 4 6 3 4 12 15 0 0 0 0 0 0 0 0 0 0 0 0 0 0 0 0 0 0 0 0 0 7 9 4 0 -999
P434 2081 5 0 0 0 0 0 0 8 2 2 2 2 0 0 0 0 0 0 0 0 0 0 0 7 17 20 0 8 29 18 9 0
P434 2081 6 0 0 0 0 0 0 0 0 10 37 26 7 9 0 0 0 0 0 0 0 0 0 0 0 0 0 0 0 0 0 -999
P434 2081 7 0 0 0 0 0 0 0 0 0 0 0 0 0 0 0 0 0 0 0 0 0 0 0 0 0 0 0 0 0 0 0
P434 2081 8 0 0 0 0 0 0 0 0 0 0 0 0 0 0 0 0 0 0 0 0 0 0 0 0 0 0 0 0 0 0 0
P434 2081 9 0 0 0 0 0 0 0 0 0 0 0 0 0 0 0 0 0 0 0 0 0 0 0 0 0 0 0 0 0 0 -999
P434 2081 10 0 0 26 5 0 0 0 0 0 42 251 60 17 11 42 26 89 99 28 34 21 8 0 0 0 0 0 0 0 0 0
P434 2081 11 0 0 73 120 18 9 0 0 0 57 45 11 13 36 26 32 10 13 17 50 36 6 11 1 0 0 0 0 13 10 -999
P434 2081 12 8 12 12 20 23 10 13 50 12 0 51 13 0 0 0 0 0 0 0 13 56 26 27 3 7 13 17 124 9 0 0
P434 2082 1 0 2 3 0 0 0 1 3 3 1 0 0 0 6 21 32 2 0 0 2 0 0 0 0 0 7 53 17 50 9 0
P434 2082 2 0 0 0 0 4 6 0 0 0 0 0 2 0 0 0 0 0 0 0 0 0 0 0 0 0 0 0 0 -999 -999 -999
P434 2082 3 0 0 3 1 2 1 0 6 19 10 2 2 0 0 1 2 1 1 15 36 0 51 7 5 1 1 1 2 11 14 33
P434 2082 4 173 183 78 20 3 22 74 28 94 129 11 67 76 1 0 21 0 0 0 19 4 7 0 0 17 0 0 6 6 0 -999
P434 2082 5 0 0 0 0 0 0 0 0 0 0 0 0 0 0 0 0 0 0 0 0 0 0 0 0 0 0 0 0 0 0 0
P434 2082 6 0 0 14 14 0 0 13 16 19 15 11 0 0 0 0 0 0 30 16 15 0 0 0 0 0 0 0 0 0 0 -999
P434 2082 7 0 0 0 0 0 0 0 0 0 0 0 0 0 0 0 0 0 0 0 0 0 0 0 0 0 0 0 0 0 0 0
P434 2082 8 0 0 0 0 0 0 0 0 0 0 0 0 0 0 0 0 0 0 0 0 0 0 0 0 0 0 0 0 0 0 0
P434 2082 9 0 0 0 0 0 0 0 0 0 0 0 0 0 0 0 0 0 0 0 0 0 0 0 0 0 0 0 0 0 0 -999
P434 2082 10 0 0 0 0 0 0 0 0 0 0 0 0 0 0 0 0 0 6 30 101 20 3 13 65 36 32 0 0 0 0 0
P434 2082 11 0 0 0 29 0 19 8 0 0 2 9 15 0 18 0 51 10 4 0 16 18 17 15 10 10 42 6 8 10 6 -999
P434 2082 12 1 1 3 5 0 0 0 3 0 8 14 9 0 0 7 4 5 45 12 0 0 4 3 0 0 0 0 0 0 0 0
P434 2083 1 0 0 0 0 0 3 2 8 7 5 0 0 8 29 59 76 60 14 22 65 30 53 50 19 11 13 16 6 0 29 12
P434 2083 2 6 5 14 2 5 0 0 3 16 4 23 28 61 11 1 9 75 73 112 5 7 13 9 8 0 0 44 21 -999 -999 -999
P434 2083 3 63 4 0 0 0 0 0 7 0 0 6 0 0 0 0 0 0 0 0 2 1 0 0 0 0 0 0 0 13 13 17
P434 2083 4 19 26 16 7 2 0 0 0 0 0 3 3 14 0 0 0 0 0 13 16 15 28 3 1 0 0 0 10 0 0 -999
P434 2083 5 0 0 0 0 8 0 0 0 0 0 0 0 0 0 0 0 0 0 0 0 0 0 0 0 0 0 0 0 0 0 0
P434 2083 6 0 0 0 0 0 0 0 0 0 0 0 0 0 0 0 0 0 0 0 0 0 0 0 0 0 0 0 0 0 0 -999
P434 2083 7 0 0 0 0 0 0 0 0 0 0 0 0 0 0 0 0 0 0 0 0 0 0 0 0 0 0 0 0 0 0 0
P434 2083 8 0 0 0 0 0 0 0 0 0 0 0 0 0 0 0 0 0 0 0 0 0 0 0 0 0 0 0 0 0 0 0
P434 2083 9 0 0 0 0 0 0 0 0 0 0 0 0 0 0 0 0 0 0 0 0 0 0 0 0 0 0 0 0 0 28 -999
P434 2083 10 39 30 0 0 0 0 0 0 0 0 0 0 0 0 0 0 0 0 0 0 0 0 0 0 0 0 0 0 0 0 0
P434 2083 11 0 0 67 0 0 0 0 9 24 5 0 14 14 11 2 2 5 12 3 2 2 0 14 20 3 3 9 10 0 0 -999
P434 2083 12 0 0 0 0 0 0 5 10 25 95 10 13 30 17 11 59 16 13 0 0 0 0 0 0 0 0 0 0 0 0 0
P434 2084 1 0 1 1 0 0 0 0 5 0 0 0 0 2 2 0 0 0 34 61 16 7 9 51 3 0 2 0 0 0 0 0
P434 2084 2 2 0 14 10 6 4 0 0 0 0 15 26 21 8 0 0 0 5 13 8 7 8 127 35 10 51 26 9 -999 -999 -999
P434 2084 3 4 43 20 21 55 34 129 107 76 88 20 24 15 24 17 38 124 123 4 3 12 6 15 40 12 0 0 0 0 15 39
P434 2084 4 22 75 77 150 190 4 12 5 13 15 47 16 2 7 10 4 0 0 0 0 0 0 0 0 0 0 0 0 0 0 -999
P434 2084 5 0 0 0 0 0 0 0 6 6 0 0 0 0 0 0 0 0 0 0 0 0 0 0 0 0 0 0 0 0 0 0
P434 2084 6 0 0 0 0 0 0 0 0 0 0 0 0 0 0 6 6 0 0 0 0 0 0 0 0 0 0 0 0 0 0 -999
P434 2084 7 0 0 0 0 0 0 0 0 0 0 0 0 0 0 0 0 0 0 0 0 0 0 0 0 0 0 0 0 0 0 0
P434 2084 8 0 0 0 0 0 0 0 0 0 0 0 0 0 0 0 0 12 6 0 0 0 0 0 0 0 0 0 0 0 0 0
P434 2084 9 0 0 0 0 0 0 0 0 0 0 0 0 0 0 0 0 0 0 0 0 0 0 0 0 0 0 0 0 0 0 -999
P434 2084 10 0 0 0 0 0 0 0 0 0 0 0 0 0 0 0 19 0 0 0 0 0 0 0 7 6 0 0 0 0 0 0
P434 2084 11 0 0 6 9 24 5 8 9 54 119 106 103 44 29 5 2 2 0 0 0 0 0 0 23 27 4 20 19 0 5 -999
P434 2084 12 1 0 13 41 8 4 2 5 2 0 0 0 0 0 0 7 0 0 6 0 0 0 0 1 0 4 1 3 0 0 0
P434 2085 1 0 0 0 0 0 0 0 0 0 0 0 0 2 7 8 4 0 0 0 0 0 0 0 0 0 3 8 10 0 0 0
P434 2085 2 0 0 4 5 0 0 0 0 0 0 0 0 0 0 0 40 12 0 0 0 0 0 0 0 0 0 3 2 -999 -999 -999
P434 2085 3 0 0 0 0 10 0 0 0 0 0 0 30 16 0 0 0 0 7 7 4 70 31 13 1 4 0 0 0 0 69 12
P434 2085 4 26 16 41 8 2 0 0 0 0 0 0 0 0 0 74 2 0 0 0 0 0 0 0 0 0 0 10 9 29 15 -999
P434 2085 5 7 6 4 19 10 4 3 0 7 25 24 3 2 1 2 3 2 1 2 7 6 4 8 0 0 0 0 0 0 0 0
P434 2085 6 0 0 0 0 0 0 0 0 0 0 0 0 0 0 0 0 0 0 0 0 0 0 0 0 0 0 0 0 0 0 -999
P434 2085 7 0 0 0 0 0 0 0 0 0 0 0 0 0 0 0 0 0 0 0 0 0 0 0 0 0 0 0 0 0 0 0
P434 2085 8 0 0 0 0 0 0 0 0 0 0 0 0 0 0 0 0 0 0 0 0 0 0 0 0 0 0 0 0 0 0 0
P434 2085 9 0 0 0 0 0 0 0 0 0 0 0 0 0 0 0 0 0 0 0 0 0 0 0 9 9 0 0 0 0 0 -999
P434 2085 10 0 0 0 0 0 0 0 0 30 0 0 0 0 0 0 11 27 16 0 0 0 0 0 0 0 0 10 0 0 0 0
P434 2085 11 0 0 18 91 5 1 0 0 0 0 0 0 0 0 0 0 0 26 45 32 28 74 24 111 136 14 41 0 0 0 -999
P434 2085 12 11 14 6 12 19 7 0 0 0 14 11 14 0 9 6 0 0 0 0 0 2 7 93 161 88 4 3 7 2 1 23
P434 2086 1 31 221 87 32 1 0 0 0 0 0 2 0 6 0 0 14 0 0 0 0 0 0 0 0 0 1 0 0 0 0 0
P434 2086 2 0 0 0 0 0 0 0 0 0 0 0 6 8 5 4 4 5 8 5 6 17 8 1 2 5 8 5 8 -999 -999 -999
P434 2086 3 2 0 0 0 0 0 0 0 0 0 3 3 5 0 0 0 0 0 0 0 0 0 0 0 0 0 0 0 0 0 13
P434 2086 4 21 51 9 3 0 0 0 0 7 4 2 5 2 45 126 90 74 68 43 44 17 25 89 30 0 0 0 17 0 0 -999
P434 2086 5 0 7 34 0 0 0 0 0 0 0 0 10 0 0 0 0 0 2 5 4 2 2 0 0 14 0 0 0 0 0 0
P434 2086 6 0 0 0 0 0 0 0 0 0 0 0 0 0 0 0 0 0 0 0 0 0 0 0 0 0 0 0 0 0 0 -999
P434 2086 7 0 0 0 0 0 0 0 0 0 0 0 0 0 0 0 0 0 0 0 0 0 0 0 0 0 0 0 0 0 0 0
P434 2086 8 0 0 0 0 0 0 0 0 0 0 0 0 0 0 0 0 0 0 0 0 0 0 0 0 0 0 0 0 0 0 0
P434 2086 9 0 0 0 0 0 0 0 0 0 0 0 0 0 0 0 0 0 0 0 0 0 0 0 0 0 0 0 0 0 0 -999
P434 2086 10 0 0 0 0 0 0 0 0 0 0 0 0 0 0 38 70 45 37 0 0 0 0 0 24 16 33 21 0 0 0 0
P434 2086 11 0 139 0 0 0 0 6 19 10 0 0 0 4 5 50 56 167 30 12 3 1 0 0 0 0 0 0 1 10 2 -999
P434 2086 12 7 21 25 47 54 16 32 0 0 2 0 14 9 4 0 0 0 0 5 5 1 0 0 0 0 0 0 9 8 5 5
P434 2087 1 5 10 12 12 26 10 0 0 0 0 0 0 3 9 100 29 17 4 15 1 0 0 4 0 1 0 0 0 0 1 1
P434 2087 2 3 6 0 13 0 8 0 0 0 0 0 0 0 6 0 0 0 0 0 0 0 0 0 0 0 0 0 0 -999 -999 -999
P434 2087 3 0 0 0 0 0 0 8 3 3 0 0 0 0 6 11 1 8 35 34 9 14 8 0 0 0 0 95 20 4 0 0
P434 2087 4 0 0 0 0 6 3 0 0 0 0 0 0 0 0 0 0 0 0 6 4 0 0 0 0 0 0 0 0 0 0 -999
P434 2087 5 0 0 0 0 0 0 0 167 102 57 11 0 0 0 0 0 0 0 0 0 0 0 0 0 0 0 0 0 0 0 0
P434 2087 6 0 0 0 0 0 0 0 0 0 0 0 0 0 0 0 0 0 0 0 0 0 0 0 0 0 0 0 0 0 0 -999
P434 2087 7 0 0 0 0 0 0 0 0 0 0 0 0 0 0 0 0 0 0 0 0 0 0 0 0 0 0 0 0 0 0 0
P434 2087 8 0 0 0 0 0 0 0 0 0 0 0 0 0 0 0 0 0 0 0 0 0 0 0 0 0 0 0 0 0 0 0
P434 2087 9 0 0 0 0 0 0 0 0 0 0 0 0 0 0 0 0 0 0 0 0 0 0 0 0 0 0 0 35 35 0 -999
P434 2087 10 0 0 0 0 0 0 0 0 0 34 0 0 0 0 0 0 0 0 0 0 0 50 22 10 43 21 0 0 0 0 0
P434 2087 11 0 0 0 17 0 0 6 6 0 3 0 4 6 1 5 8 3 1 0 0 0 0 0 0 0 0 0 0 41 34 -999
P434 2087 12 90 131 15 44 11 0 49 13 0 0 0 12 13 7 5 7 4 6 30 17 53 6 0 0 0 0 0 0 0 0 0
P434 2088 1 0 0 0 0 2 0 13 48 136 13 9 16 59 73 7 45 12 7 1 1 1 0 1 9 17 22 125 37 117 50 2
P434 2088 2 1 1 0 3 1 2 0 0 0 0 0 0 0 0 0 0 28 53 38 0 0 7 6 0 0 0 0 0 -999 -999 -999
P434 2088 3 0 0 0 0 12 6 11 7 6 5 7 10 12 6 32 56 60 8 9 4 0 0 1 1 1 1 0 0 0 0 0
P434 2088 4 0 0 0 0 0 0 0 0 0 7 1 0 0 3 8 31 0 0 0 0 0 0 0 0 0 0 0 0 0 0 -999
P434 2088 5 0 0 0 0 0 0 8 0 0 0 0 44 32 7 9 9 0 0 0 0 0 0 0 0 0 0 0 0 0 0 0
P434 2088 6 0 0 0 0 0 0 0 0 0 0 0 0 0 0 0 0 0 0 0 0 0 0 0 0 0 0 0 0 0 0 -999
P434 2088 7 0 0 0 0 0 0 0 0 0 0 0 0 0 0 0 0 0 0 0 0 0 0 0 0 0 0 0 0 0 0 0
P434 2088 8 0 0 0 0 0 0 0 0 0 0 0 0 0 0 0 0 0 0 0 0 0 0 0 0 0 0 0 0 0 0 0
P434 2088 9 0 0 0 0 0 0 0 0 0 0 0 0 0 0 0 0 0 0 0 0 0 0 0 0 0 0 0 0 0 0 -999
P434 2088 10 0 0 0 0 0 0 0 0 5 0 5 0 9 1 0 0 0 0 0 0 0 0 0 0 0 0 0 0 0 0 0
P434 2088 11 0 0 77 230 58 121 19 4 15 11 2 2 0 0 0 0 0 0 0 0 0 0 31 13 9 21 30 5 0 12 -999
P434 2088 12 56 30 17 41 140 45 1 0 0 0 0 0 0 0 0 0 0 0 0 0 0 0 0 0 7 7 8 0 0 0 0
P434 2089 1 0 0 0 0 0 0 8 0 0 0 1 0 1 2 3 1 2 2 10 22 13 32 30 5 2 3 0 0 2 6 15
P434 2089 2 32 5 5 33 38 1 0 1 8 101 50 41 9 18 44 76 48 85 61 33 15 3 0 0 0 0 15 21 -999 -999 -999
P434 2089 3 12 2 0 0 0 0 0 0 0 0 0 0 0 0 0 0 4 1 0 0 0 0 0 0 0 0 0 0 7 0 0
P434 2089 4 0 0 0 0 0 0 11 17 55 25 9 0 0 0 7 29 49 75 119 143 0 0 0 0 0 0 0 0 0 0 -999
P434 2089 5 9 8 4 0 0 0 0 0 0 0 0 0 0 0 0 0 0 0 0 0 0 0 0 0 0 0 0 0 0 0 0
P434 2089 6 0 16 0 0 0 0 0 0 0 0 0 0 0 0 0 0 0 0 0 0 0 0 0 0 0 0 0 0 0 0 -999
P434 2089 7 0 0 0 0 0 0 0 0 0 0 0 0 0 0 0 0 0 0 0 0 0 0 0 0 0 0 0 0 0 0 0
P434 2089 8 0 0 0 0 0 0 0 0 0 0 0 0 0 0 0 0 0 0 0 0 0 0 0 0 0 0 0 0 0 0 0
P434 2089 9 0 0 0 0 0 0 0 0 0 0 0 0 0 0 0 0 0 0 0 0 0 0 0 0 0 0 0 0 0 0 -999
P434 2089 10 0 0 0 0 0 0 0 0 0 0 0 12 8 1 2 2 0 0 0 0 0 0 0 0 1 5 0 0 0 0 0
P434 2089 11 0 0 0 0 0 6 4 1 0 0 0 3 2 0 19 29 9 25 18 21 55 200 108 32 0 0 0 0 13 5 -999
P434 2089 12 3 9 5 7 0 0 0 3 0 2 0 0 0 0 0 0 1 3 5 12 1 4 3 3 0 0 0 0 0 14 5
P434 2090 1 0 0 0 0 0 0 1 1 2 12 8 8 0 0 0 0 0 0 0 3 4 2 9 4 1 0 0 0 0 0 0
P434 2090 2 0 28 55 0 0 0 0 0 0 16 17 16 14 25 22 46 34 4 6 8 45 7 1 10 7 19 30 90 -999 -999 -999
P434 2090 3 2 0 0 0 0 0 29 74 16 5 14 99 34 1 6 9 0 0 0 0 0 1 6 5 6 10 0 0 0 0 0
P434 2090 4 0 126 20 60 23 1 0 0 0 0 0 12 0 0 0 0 0 0 0 0 0 0 0 9 0 0 0 24 7 8 -999
P434 2090 5 8 1 0 0 0 0 0 0 0 0 0 0 0 0 0 93 0 14 2 1 2 2 3 0 0 0 0 0 0 0 0
P434 2090 6 0 0 0 0 57 57 20 11 12 13 8 0 0 0 0 0 0 0 0 0 0 0 0 0 0 10 9 0 0 0 -999
P434 2090 7 0 0 0 0 0 0 0 0 0 0 0 0 0 0 0 0 0 0 0 0 0 0 0 0 0 0 0 0 0 0 0
P434 2090 8 0 0 0 0 0 0 0 0 0 0 0 0 0 0 0 0 0 0 0 0 0 0 0 0 0 0 0 0 0 0 0
P434 2090 9 0 0 0 0 0 0 0 0 0 0 0 0 0 0 0 0 0 0 0 0 0 0 0 0 0 0 0 0 0 0 -999
P434 2090 10 0 0 0 0 0 0 0 22 7 8 4 0 0 0 0 0 0 26 0 0 0 0 0 0 0 0 0 0 0 0 1
P434 2090 11 8 14 3 0 0 0 0 0 0 0 0 0 14 0 0 0 0 5 0 0 0 0 0 0 0 0 5 47 125 261 -999
P434 2090 12 236 16 12 12 7 3 2 0 13 46 26 75 35 12 4 0 0 0 0 0 21 11 8 11 0 0 0 0 13 9 0
P434 2091 1 0 13 13 0 0 0 0 0 0 0 0 0 0 3 0 0 0 0 2 1 5 2 6 9 7 62 39 72 2 5 0
P434 2091 2 27 25 17 26 23 45 24 16 6 1 0 0 4 3 6 2 1 0 0 0 0 11 37 26 39 20 4 0 -999 -999 -999
P434 2091 3 0 0 0 0 0 0 0 4 10 0 0 0 0 0 0 0 0 0 0 0 0 0 0 0 0 0 0 0 0 0 0
P434 2091 4 0 0 0 0 0 0 0 0 0 0 0 0 0 0 0 0 0 0 0 0 0 0 0 36 66 6 8 38 15 0 -999
P434 2091 5 0 0 0 0 21 26 15 4 0 0 2 4 43 39 15 29 39 5 1 0 0 0 0 0 0 0 0 0 0 0 0
P434 2091 6 0 0 0 0 0 0 0 0 0 0 0 0 0 0 0 0 0 0 0 0 0 0 0 0 0 0 0 0 0 0 -999
P434 2091 7 0 0 0 0 0 0 0 0 0 0 0 0 0 0 0 0 0 0 0 0 0 0 0 0 0 0 0 0 0 0 0
P434 2091 8 0 0 0 0 0 0 0 0 0 0 0 0 0 0 0 0 0 0 0 0 0 0 0 0 0 0 0 0 0 0 0
P434 2091 9 0 0 0 0 0 0 0 0 0 0 0 0 0 0 0 0 0 0 0 0 0 0 0 0 50 44 0 0 0 0 -999
P434 2091 10 0 0 0 0 0 0 0 0 0 0 0 0 0 0 0 0 0 0 0 0 0 0 16 0 1 1 0 0 19 2 9
P434 2091 11 4 4 28 28 14 72 141 70 8 7 34 91 64 7 1 0 1 8 1 1 1 1 0 0 0 0 0 0 0 0 -999
P434 2091 12 0 0 0 0 0 0 0 0 0 0 0 33 78 246 6 22 0 7 9 13 15 0 0 0 0 0 0 0 0 0 0
P434 2092 1 0 0 0 0 17 19 0 10 0 0 5 24 54 12 4 0 0 0 0 0 0 0 0 4 10 6 1 0 0 0 0
P434 2092 2 0 0 0 5 33 46 13 4 5 5 0 0 0 0 0 0 0 0 6 7 15 8 5 1 0 0 0 0 -999 -999 -999
P434 2092 3 0 0 0 0 0 0 0 0 0 0 0 0 0 0 0 10 11 54 16 4 8 3 0 0 0 0 0 0 0 0 0
P434 2092 4 0 0 0 0 0 0 6 10 46 4 0 0 0 0 0 0 0 0 0 211 35 0 0 0 0 0 0 0 0 0 -999
P434 2092 5 0 0 0 0 0 0 0 0 0 0 9 7 0 0 0 0 0 0 0 0 0 0 0 0 0 0 0 0 0 0 0
P434 2092 6 0 0 0 0 0 0 0 0 0 0 0 0 0 0 0 0 0 0 0 0 0 0 0 0 0 0 0 0 0 0 -999
P434 2092 7 0 0 0 0 0 0 0 0 0 0 0 0 0 0 0 0 0 0 0 0 0 0 0 0 0 0 0 0 0 0 0
P434 2092 8 0 0 0 0 0 0 0 0 0 0 0 0 0 0 0 0 0 0 0 0 0 0 0 0 0 0 0 0 0 39 17
P434 2092 9 0 0 0 0 0 0 0 0 0 0 0 0 0 0 0 0 0 0 0 0 0 0 0 0 0 0 0 0 0 13 -999
P434 2092 10 12 6 8 0 0 0 0 0 0 0 0 0 0 0 0 0 7 0 0 0 0 0 0 0 0 0 0 0 0 0 0
P434 2092 11 0 0 0 0 1 1 28 43 18 0 0 0 9 4 2 0 0 0 0 0 0 0 0 0 0 0 0 0 0 0 -999
P434 2092 12 0 0 0 3 8 13 61 74 3 4 0 0 0 0 0 0 0 0 0 0 0 0 0 0 0 6 27 6 1 1 0
P434 2093 1 0 0 0 0 7 8 19 30 27 4 3 1 4 1 11 3 0 0 0 0 0 0 6 6 6 0 0 0 2 1 2
P434 2093 2 0 0 0 3 5 5 5 20 26 67 18 12 63 179 125 109 162 221 262 128 172 11 5 2 0 2 5 3 -999 -999 -999
P434 2093 3 2 2 3 1 1 0 0 18 13 71 72 13 13 12 130 2 3 5 13 21 23 1 16 6 3 1 0 0 37 23 10
P434 2093 4 0 0 0 0 0 0 0 6 0 0 2 16 0 0 0 0 0 0 10 0 0 0 47 10 4 0 0 0 0 0 -999
P434 2093 5 0 0 5 9 23 19 9 25 49 23 17 0 0 0 0 0 0 0 0 0 0 0 0 0 0 0 0 0 0 0 0
P434 2093 6 0 0 0 0 0 0 0 0 0 0 0 34 48 25 22 0 0 0 0 0 0 0 0 0 0 0 0 0 0 0 -999
P434 2093 7 0 0 0 0 0 0 0 0 0 0 0 0 0 0 0 0 0 0 0 0 0 0 0 0 0 0 0 0 0 0 0
P434 2093 8 0 0 0 0 0 0 0 0 0 0 0 0 0 0 0 0 0 0 0 0 0 0 0 0 0 0 18 23 0 0 0
P434 2093 9 0 0 0 0 0 0 0 0 0 0 0 0 0 0 0 0 0 0 0 0 0 0 0 0 0 0 0 0 0 0 -999
P434 2093 10 0 0 0 0 0 0 0 0 0 7 0 0 0 0 0 0 0 0 0 0 0 0 12 0 0 0 0 0 0 0 0
P434 2093 11 5 4 1 18 20 6 1 12 34 68 26 13 29 0 0 11 0 8 8 0 0 0 0 24 6 8 1 0 0 0 -999
P434 2093 12 0 22 38 22 0 0 3 0 0 0 0 3 1 0 0 0 0 0 0 0 0 0 0 0 0 0 0 11 56 22 9
P434 2094 1 0 0 12 10 25 41 39 15 0 0 0 0 0 0 0 0 6 4 2 3 7 1 0 0 0 0 0 0 0 0 0
P434 2094 2 0 0 0 0 4 3 12 0 0 0 0 0 0 6 6 0 0 0 0 1 0 0 4 17 3 2 36 44 -999 -999 -999
P434 2094 3 21 17 9 15 21 118 39 122 24 14 4 0 13 6 0 0 0 0 0 0 0 0 1 0 0 0 0 0 0 0 0
P434 2094 4 0 80 94 78 33 0 0 0 11 6 0 15 3 5 5 7 4 0 0 0 0 0 5 6 59 8 1 0 0 0 -999
P434 2094 5 0 0 0 0 8 0 0 0 0 0 0 0 0 0 0 0 0 0 0 0 0 0 0 0 0 0 0 0 0 0 0
P434 2094 6 0 0 0 0 0 0 0 13 7 3 0 0 0 0 0 0 0 0 0 0 0 0 0 0 0 0 0 0 0 0 -999
P434 2094 7 0 0 0 0 0 0 0 0 0 0 0 0 0 0 0 0 0 0 0 0 0 0 0 0 0 0 0 0 0 0 0
P434 2094 8 0 0 0 0 0 0 0 0 0 0 0 0 0 0 0 0 0 0 0 0 0 0 0 0 0 0 0 0 0 0 0
P434 2094 9 0 0 0 0 0 0 0 0 0 0 0 0 0 0 0 0 0 0 0 0 0 37 19 0 0 0 0 0 0 0 -999
P434 2094 10 14 35 32 29 19 1 0 0 0 0 0 0 0 0 0 0 0 0 0 0 0 0 0 0 39 32 3 3 2 1 6
P434 2094 11 0 0 0 0 0 7 20 5 0 0 0 0 0 6 11 0 0 0 0 0 0 0 0 0 0 0 22 13 0 0 -999
P434 2094 12 0 0 0 0 12 39 12 11 7 11 21 9 15 136 40 0 0 0 0 0 0 0 0 0 0 6 50 7 4 2 7
P434 2095 1 38 11 26 1 1 2 3 2 5 5 6 4 0 0 11 6 53 17 125 128 148 44 13 9 52 75 50 31 7 19 16
P434 2095 2 2 0 0 20 4 4 5 4 4 24 45 22 13 31 10 2 3 6 6 0 0 0 5 5 4 5 16 9 -999 -999 -999
P434 2095 3 0 0 0 0 0 0 0 0 0 0 0 48 9 17 18 19 104 106 20 12 3 15 17 57 46 30 10 0 0 0 0
P434 2095 4 11 10 8 2 0 23 19 20 7 12 3 12 0 0 0 0 0 0 0 0 0 0 0 0 0 0 0 0 0 0 -999
P434 2095 5 0 19 24 3 0 0 0 0 0 0 129 0 0 0 0 0 0 0 0 0 0 0 0 0 0 0 0 0 0 0 0
P434 2095 6 0 0 0 0 0 0 0 0 0 0 0 0 0 0 0 0 0 0 0 0 0 0 0 0 0 0 0 0 0 0 -999
P434 2095 7 0 0 0 0 0 0 0 0 0 0 0 0 0 0 0 0 0 0 0 0 0 0 0 0 0 0 0 0 0 0 0
P434 2095 8 0 0 0 0 0 0 0 0 0 0 0 0 0 0 0 0 0 0 0 0 0 0 0 0 0 0 0 0 0 0 0
P434 2095 9 0 0 0 0 0 0 0 0 0 0 33 0 0 0 0 0 0 0 0 0 0 0 0 0 0 0 0 0 0 0 -999
P434 2095 10 0 0 0 0 0 0 0 0 0 0 4 3 4 0 0 0 12 0 0 0 0 0 0 0 0 0 0 0 7 8 5
P434 2095 11 4 12 14 2 2 0 0 31 125 5 29 17 3 0 0 0 0 0 0 3 5 0 0 0 0 0 6 4 0 3 -999
P434 2095 12 3 0 0 0 0 0 3 7 4 0 0 0 0 0 0 0 2 1 0 0 0 0 0 0 1 4 25 13 2 0 0
P434 2096 1 0 0 4 15 11 52 4 1 4 5 1 0 0 0 0 0 0 0 0 0 0 0 0 0 0 0 2 1 5 10 3
P434 2096 2 3 4 22 2 1 0 0 0 0 2 0 0 0 1 2 6 8 20 7 29 22 67 89 18 17 85 87 47 -999 -999 -999
P434 2096 3 8 98 207 34 18 32 31 4 2 3 0 1 1 2 3 1 1 0 0 0 0 0 0 0 0 0 12 8 11 14 6
P434 2096 4 6 6 22 9 0 46 0 66 9 0 31 54 44 57 14 2 3 31 45 9 0 0 0 0 0 0 0 0 0 0 -999
P434 2096 5 0 0 0 0 0 0 0 0 0 0 0 0 0 0 0 0 0 0 0 0 9 0 0 0 0 17 30 0 39 82 55
P434 2096 6 30 7 29 49 0 0 0 0 0 0 0 0 0 0 0 0 0 0 0 0 0 0 0 0 0 0 0 0 0 0 -999
P434 2096 7 0 0 0 0 0 0 0 0 0 0 0 0 0 0 0 0 0 0 0 0 0 0 0 0 0 0 0 0 0 0 0
P434 2096 8 0 0 0 0 0 0 0 0 0 0 0 0 0 0 0 0 0 0 0 0 0 0 0 0 0 0 0 0 0 0 0
P434 2096 9 0 0 0 0 0 0 9 25 0 0 0 0 0 0 0 0 0 0 0 0 0 0 0 0 0 0 0 0 0 0 -999
P434 2096 10 0 0 0 0 0 0 0 0 0 0 30 17 5 0 0 0 45 108 41 41 13 2 0 0 0 0 0 3 6 75 11
P434 2096 11 21 76 33 22 13 4 3 7 47 88 6 2 19 23 67 26 15 18 9 2 0 0 0 0 0 0 0 0 3 1 -999
P434 2096 12 0 0 0 0 0 0 0 0 0 0 0 0 0 0 2 0 0 0 0 0 0 0 0 3 6 21 42 52 55 36 28
P434 2097 1 10 1 1 1 0 0 4 3 6 2 1 5 2 15 29 57 13 1 14 6 0 0 0 0 0 4 0 0 8 5 0
P434 2097 2 0 3 1 0 7 3 0 0 0 5 0 4 5 2 5 17 33 68 102 85 17 13 0 0 0 82 77 30 -999 -999 -999
P434 2097 3 0 0 0 35 180 31 0 0 0 0 0 0 0 0 0 0 29 100 147 60 52 23 35 25 12 8 4 0 0 0 0
P434 2097 4 12 0 0 0 0 11 10 0 0 3 4 0 0 0 0 0 0 0 9 5 13 21 14 7 18 17 16 2 0 0 -999
P434 2097 5 0 0 0 0 0 31 6 7 0 0 0 0 0 0 0 0 0 0 0 0 0 0 0 0 0 0 0 0 0 0 10
P434 2097 6 0 0 0 0 0 0 0 0 0 0 0 0 5 14 8 0 0 0 0 0 0 0 0 0 0 0 0 0 0 0 -999
P434 2097 7 0 0 0 0 0 0 0 0 0 0 0 0 0 0 0 0 0 0 0 0 0 0 0 0 0 0 0 0 0 0 0
P434 2097 8 0 0 0 0 0 0 0 0 0 0 0 0 0 0 0 0 0 0 0 0 0 0 0 0 0 0 0 0 0 0 0
P434 2097 9 0 0 0 0 0 0 0 0 0 0 0 0 0 0 0 0 0 0 0 0 0 0 0 13 20 11 0 0 0 0 -999
P434 2097 10 0 21 9 13 22 0 0 0 0 0 0 0 0 0 0 0 0 74 51 38 7 7 14 14 9 0 0 0 0 19 26
P434 2097 11 28 2 0 6 4 0 0 0 1 0 6 13 34 29 64 5 20 27 25 25 21 31 0 0 0 0 0 0 0 0 -999
P434 2097 12 0 0 7 23 15 7 7 0 0 0 0 0 0 154 215 78 12 1 1 2 6 2 1 1 0 0 5 3 0 0 0
P434 2098 1 0 10 1 0 3 11 2 6 1 1 1 3 3 2 1 0 0 0 1 1 1 1 1 0 0 0 0 3 0 0 0
P434 2098 2 0 19 187 39 51 10 22 21 40 27 5 6 7 8 23 23 5 5 5 14 8 3 14 19 16 13 7 0 -999 -999 -999
P434 2098 3 0 0 0 0 0 0 0 0 0 0 0 0 0 0 0 0 0 0 30 13 11 0 0 0 0 0 0 0 0 0 0
P434 2098 4 0 0 0 0 0 0 0 0 9 8 2 2 4 2 0 0 0 0 0 116 126 0 0 0 0 0 74 0 0 0 -999
P434 2098 5 0 0 0 0 0 0 0 0 0 0 0 0 0 0 0 0 0 0 0 0 0 0 0 0 0 0 0 0 0 0 0
P434 2098 6 0 0 0 0 0 0 0 0 0 0 0 0 0 37 25 14 0 0 0 0 0 0 20 15 0 0 0 0 0 0 -999
P434 2098 7 0 0 0 0 0 0 0 0 0 0 0 0 0 0 0 0 0 0 0 0 0 0 0 0 0 0 0 0 0 0 0
P434 2098 8 0 0 0 0 0 0 0 0 0 0 0 0 0 0 0 0 0 0 0 0 0 0 0 0 0 0 0 0 0 0 0
P434 2098 9 0 0 0 0 0 0 0 0 0 0 0 0 0 0 0 0 0 0 32 29 0 0 0 0 0 16 0 0 0 0 -999
P434 2098 10 0 0 0 0 6 5 4 0 0 0 0 0 0 0 0 0 104 29 10 38 35 35 7 0 0 1 0 6 4 29 16
P434 2098 11 15 22 2 7 3 8 2 1 1 44 48 12 10 0 0 57 83 6 0 0 0 18 20 0 0 0 0 0 11 13 -999
P434 2098 12 3 7 4 12 9 57 36 15 4 1 0 0 1 0 1 1 1 1 4 1 1 2 10 14 1 1 6 1 0 0 0
P434 2099 1 0 0 0 0 0 0 0 0 0 0 0 0 0 0 0 0 1 0 0 0 0 0 0 0 0 0 0 0 0 0 0
P434 2099 2 5 9 26 1 1 0 0 0 0 0 0 0 0 0 0 3 12 25 9 4 2 0 0 4 6 0 11 0 -999 -999 -999
P434 2099 3 0 0 0 0 12 19 18 18 29 32 62 10 6 0 0 0 0 0 0 0 0 0 4 1 0 0 0 0 0 0 0
P434 2099 4 0 5 10 5 5 2 0 0 0 0 0 0 0 15 19 1 0 0 0 0 0 0 0 0 3 18 4 0 0 3 -999
P434 2099 5 2 0 0 0 0 0 0 0 0 0 0 0 0 0 6 10 0 0 0 0 0 0 0 0 0 0 0 0 0 0 0
P434 2099 6 0 0 0 0 0 0 0 0 0 0 0 0 0 0 0 0 0 0 0 0 15 0 0 0 0 0 0 0 0 0 -999
P434 2099 7 0 0 0 0 0 0 0 0 0 0 0 0 0 0 0 0 0 0 0 0 0 0 0 0 0 0 0 0 0 0 0
P434 2099 8 0 0 0 0 0 0 0 0 0 0 0 0 0 0 0 0 0 0 0 0 0 0 0 0 0 0 0 0 0 12 0
P434 2099 9 0 0 0 0 0 0 0 0 0 0 0 0 0 0 0 0 0 0 0 0 0 0 0 0 0 0 0 0 0 0 -999
P434 2099 10 0 0 0 0 0 0 0 0 0 0 0 0 10 36 35 0 0 0 0 0 0 0 0 0 0 0 0 0 0 38 36
P434 2099 11 15 20 14 0 0 11 9 0 0 7 21 35 85 2 11 33 23 62 59 34 18 6 0 0 0 0 0 0 0 0 -999
P434 2099 12 5 0 0 0 6 7 2 12 35 7 0 18 51 4 0 0 0 0 0 0 0 4 0 0 0 0 0 16 11 11 102
P434 2100 1 6 0 0 0 0 0 0 0 0 1 3 41 28 12 128 10 0 0 0 0 7 2 1 2 0 0 0 0 0 0 0
P434 2100 2 0 18 41 3 0 1 0 0 0 0 0 0 0 0 0 0 0 0 0 0 0 0 4 0 0 0 0 19 -999 -999 -999
P434 2100 3 0 0 0 0 62 11 1 1 9 1 25 90 48 37 0 0 0 0 0 0 0 0 0 17 0 0 0 3 6 32 4
P434 2100 4 0 3 0 0 0 0 0 0 0 0 0 0 0 0 0 0 0 0 0 0 0 0 6 4 0 0 0 0 0 179 -999
P434 2100 5 0 162 207 0 4 0 0 0 0 0 0 0 0 0 0 0 1 0 0 0 0 0 0 0 1 0 0 0 0 0 0
P434 2100 6 0 0 0 0 0 0 0 0 0 0 0 0 0 0 0 0 0 0 0 0 0 0 0 0 0 0 14 137 0 0 -999
P434 2100 7 0 0 0 0 0 0 0 0 0 0 0 0 0 0 0 0 0 0 0 0 0 0 0 0 0 0 0 0 0 0 0
P434 2100 8 0 0 0 0 0 0 0 0 0 0 0 0 0 0 0 0 0 0 0 0 0 0 0 0 0 0 0 0 0 0 0
P434 2100 9 0 0 0 0 0 0 0 0 0 0 0 0 0 0 0 0 0 0 0 0 0 0 0 0 0 0 0 0 0 0 -999
P434 2100 10 0 69 7 2 11 47 42 51 3 1 0 0 44 73 7 2 25 34 15 93 8 0 2 2 3 9 216 161 50 55 3
P434 2100 11 0 0 0 0 0 0 0 0 0 0 151 123 16 2 0 0 0 0 0 0 0 0 0 0 0 0 0 0 0 0 -999
P434 2100 12 0 0 0 0 0 0 36 21 0 13 0 0 0 2 0 1 8 50 10 3 125 5 19 5 64 33 51 127 13 46 -999
