precip bcc-csm1-1 rcp60 RNEURONALES decimas 2
P10244 40.456 -0.213 1091 geo 2006 2100 -1
P10244 2006 1 0 0 0 0 0 0 0 0 0 0 0 8 10 6 6 6 6 6 0 0 0 6 0 0 7 8 6 7 6 0 6
P10244 2006 2 0 0 0 7 7 17 12 14 6 6 6 7 9 10 7 0 0 7 0 0 15 6 7 0 0 0 0 0 -999 -999 -999
P10244 2006 3 0 0 16 11 0 0 10 0 0 10 6 6 6 0 6 6 7 7 6 0 0 0 0 0 0 0 0 0 0 8 16
P10244 2006 4 0 13 10 0 69 65 44 42 99 139 28 8 7 8 12 9 0 0 0 0 0 0 22 25 0 21 26 8 0 0 -999
P10244 2006 5 0 7 6 7 7 9 10 10 8 7 0 0 0 8 9 14 18 9 9 9 9 8 13 12 17 48 51 20 13 16 9
P10244 2006 6 12 0 0 29 29 25 25 10 0 0 0 0 0 0 0 17 25 0 0 0 0 24 0 0 0 0 45 48 38 25 -999
P10244 2006 7 60 127 23 0 0 52 23 0 0 0 0 0 0 0 0 0 0 0 0 0 9 11 16 0 0 0 0 0 0 0 0
P10244 2006 8 0 0 0 0 0 0 9 13 13 0 0 0 0 0 0 0 0 0 9 0 0 0 0 10 19 25 53 45 18 0 10
P10244 2006 9 0 0 0 0 0 13 10 11 7 12 13 0 0 42 74 97 71 14 9 9 9 12 12 11 0 0 0 0 13 13 -999
P10244 2006 10 9 8 12 25 0 0 25 0 0 0 0 0 0 0 0 0 0 0 10 0 0 0 0 0 0 0 15 53 24 10 9
P10244 2006 11 0 0 0 0 0 0 0 0 0 0 0 0 0 0 0 0 0 0 0 0 0 0 0 0 0 0 0 0 0 0 -999
P10244 2006 12 0 0 0 0 0 0 0 0 0 0 0 7 0 0 0 0 0 0 0 0 0 0 8 7 13 11 49 25 9 13 0
P10244 2007 1 0 0 0 0 0 0 0 0 0 0 8 0 0 6 0 0 0 6 7 10 0 6 0 0 7 0 10 15 13 11 8
P10244 2007 2 0 0 0 10 8 11 21 22 7 0 6 14 11 0 0 0 0 0 15 31 58 15 17 21 17 0 0 0 -999 -999 -999
P10244 2007 3 62 12 10 0 0 0 0 0 0 0 0 9 43 135 49 8 0 6 6 6 0 9 132 25 13 18 0 0 0 14 26
P10244 2007 4 10 9 9 0 9 9 9 6 0 0 0 9 0 0 0 12 6 8 15 6 7 14 37 24 7 9 8 7 7 6 -999
P10244 2007 5 0 0 0 11 8 8 11 40 9 7 0 15 45 17 25 11 6 7 6 8 8 0 0 0 0 0 0 0 12 21 45
P10244 2007 6 34 22 14 10 0 0 19 38 9 8 6 7 8 0 0 0 0 0 0 0 0 0 0 9 15 13 23 29 0 0 -999
P10244 2007 7 0 0 0 0 0 0 0 0 0 0 0 0 0 15 14 20 15 15 0 25 19 18 18 0 0 0 0 0 0 25 0
P10244 2007 8 0 0 0 0 22 38 24 19 25 0 0 0 16 0 0 11 16 44 84 82 54 26 18 23 0 0 11 9 13 21 0
P10244 2007 9 0 0 22 0 0 0 82 123 149 47 0 0 0 0 0 0 0 31 0 0 0 0 0 0 18 14 0 0 0 0 -999
P10244 2007 10 0 0 0 0 0 0 0 6 6 0 8 9 33 67 18 8 0 30 9 10 7 0 0 0 0 10 22 19 7 0 0
P10244 2007 11 0 0 0 0 0 0 0 0 0 10 11 8 0 0 0 0 0 0 7 0 7 10 16 85 207 14 8 0 0 6 -999
P10244 2007 12 0 0 0 0 0 6 8 9 35 86 14 9 11 13 9 10 23 11 10 10 7 8 8 6 0 0 0 0 0 0 0
P10244 2008 1 17 44 26 7 7 0 7 6 0 0 0 0 6 6 6 11 8 7 18 15 0 0 0 0 0 0 0 0 0 16 15
P10244 2008 2 0 0 8 8 0 0 0 7 7 8 0 0 0 0 8 0 0 0 0 0 7 9 10 9 7 6 6 0 -999 -999 -999
P10244 2008 3 0 0 0 0 0 0 0 7 6 6 0 6 7 0 6 6 0 0 0 0 0 0 6 6 0 7 6 6 7 12 6
P10244 2008 4 0 0 6 0 8 33 331 280 146 56 56 330 186 18 10 11 9 11 10 0 0 0 7 8 7 7 7 0 0 25 -999
P10244 2008 5 9 11 22 10 20 19 10 6 6 6 10 10 0 0 0 0 14 10 0 0 0 10 0 0 0 0 8 9 0 0 0
P10244 2008 6 14 16 47 11 0 0 0 0 0 0 0 0 0 0 0 0 24 73 45 0 0 13 0 0 20 22 14 29 21 17 -999
P10244 2008 7 11 19 19 32 71 28 26 12 0 0 0 0 0 0 0 0 0 11 12 0 0 0 0 0 29 21 29 0 0 0 0
P10244 2008 8 13 12 0 0 0 0 0 0 0 36 44 15 0 0 0 0 0 0 0 0 0 0 0 0 0 0 0 0 0 0 0
P10244 2008 9 17 0 0 0 0 0 0 0 0 0 0 31 183 86 19 0 0 0 0 0 0 8 0 0 0 0 0 0 13 16 -999
P10244 2008 10 8 7 8 7 8 11 12 10 0 0 53 8 0 0 0 0 20 7 8 26 19 12 0 9 6 6 0 0 0 6 6
P10244 2008 11 0 0 0 0 6 8 0 0 7 7 9 9 0 0 8 10 18 7 7 8 6 0 0 0 0 0 0 0 0 0 -999
P10244 2008 12 0 8 9 7 0 0 0 7 7 6 0 0 7 0 0 0 0 0 0 0 0 0 0 0 0 0 0 8 0 0 0
P10244 2009 1 0 0 0 0 0 6 10 12 7 7 14 8 7 7 7 7 6 0 0 7 0 0 9 9 9 8 0 0 0 11 7
P10244 2009 2 7 0 0 0 0 22 0 0 0 0 0 0 0 11 0 0 19 9 17 15 50 15 11 9 8 7 46 10 -999 -999 -999
P10244 2009 3 8 7 10 15 8 7 6 6 6 0 0 0 0 0 0 0 0 0 7 0 0 0 0 0 0 10 27 6 0 6 0
P10244 2009 4 0 0 0 0 0 0 0 0 0 0 8 7 0 8 7 0 0 0 0 18 19 0 0 0 0 11 18 0 0 0 -999
P10244 2009 5 0 0 0 0 0 0 0 0 9 9 8 0 9 0 0 0 10 14 12 14 17 11 27 32 11 11 0 0 19 15 17
P10244 2009 6 16 21 21 34 71 17 12 19 13 11 23 25 12 7 8 7 8 10 11 0 0 11 14 0 10 11 10 0 0 0 -999
P10244 2009 7 0 0 0 0 0 0 0 0 0 0 0 0 0 0 0 0 0 21 17 23 21 19 17 18 21 24 28 31 45 68 24
P10244 2009 8 0 0 0 0 0 15 86 0 0 0 0 0 13 0 0 0 16 0 0 0 0 0 0 0 0 0 0 0 0 0 0
P10244 2009 9 0 27 71 270 203 179 196 104 54 33 16 13 15 0 0 15 19 18 17 0 0 0 21 29 32 65 116 53 0 0 -999
P10244 2009 10 0 0 70 28 43 12 9 0 0 0 0 0 0 0 0 0 0 0 0 0 0 8 8 0 0 0 0 0 0 0 0
P10244 2009 11 0 0 0 0 0 0 0 0 0 7 10 8 0 0 0 0 0 0 0 0 0 0 0 0 0 0 0 0 0 7 -999
P10244 2009 12 7 0 0 0 0 0 9 7 0 0 8 0 0 0 0 0 17 7 0 0 0 0 0 0 0 9 6 6 6 0 0
P10244 2010 1 0 0 0 0 0 0 0 0 0 0 0 0 0 0 0 11 38 26 9 11 0 0 0 0 0 0 0 0 0 0 0
P10244 2010 2 0 0 0 0 0 0 0 0 0 8 9 0 12 0 0 0 0 0 0 0 0 9 7 0 0 0 0 0 -999 -999 -999
P10244 2010 3 6 6 0 0 0 0 7 10 29 29 14 7 0 0 0 0 0 7 9 10 14 6 7 7 8 7 7 8 8 0 0
P10244 2010 4 0 42 33 16 10 12 26 10 6 6 6 11 32 9 0 0 0 0 0 0 29 0 0 8 7 0 0 0 0 0 -999
P10244 2010 5 0 0 0 9 0 0 0 0 0 0 0 0 0 0 0 0 0 0 11 17 11 7 0 0 9 11 13 8 0 0 0
P10244 2010 6 35 13 9 10 15 16 0 10 9 10 13 11 7 12 29 8 8 11 19 34 8 8 0 0 0 0 0 0 11 19 -999
P10244 2010 7 22 35 22 0 11 17 38 0 0 0 0 37 27 26 56 54 16 27 0 0 0 0 10 19 0 19 0 0 0 30 0
P10244 2010 8 0 0 24 20 12 0 0 0 0 0 0 53 23 0 0 33 26 25 12 10 11 14 13 15 19 21 23 0 0 0 0
P10244 2010 9 0 0 0 0 0 0 27 0 0 0 0 0 0 0 0 0 0 0 17 58 0 98 78 85 115 0 0 0 0 0 -999
P10244 2010 10 13 17 13 0 0 0 0 0 0 0 0 16 18 0 12 0 0 0 0 0 0 0 0 0 29 0 41 85 58 31 0
P10244 2010 11 0 0 0 0 0 0 0 0 0 0 16 18 15 7 14 12 6 6 8 9 0 0 0 6 0 0 0 0 0 0 -999
P10244 2010 12 0 8 9 10 0 0 0 0 0 0 0 0 0 0 0 0 0 19 0 0 0 0 0 0 0 0 0 0 0 0 0
P10244 2011 1 0 0 0 0 0 0 0 0 0 0 0 0 19 0 0 0 13 16 48 103 40 21 0 0 9 7 6 0 0 0 7
P10244 2011 2 6 7 7 0 0 0 0 0 6 6 7 6 6 7 6 6 7 8 10 12 0 0 7 9 18 31 10 9 -999 -999 -999
P10244 2011 3 12 14 10 7 8 9 12 7 7 7 6 0 10 12 0 8 7 0 0 6 0 0 0 0 7 0 0 0 0 0 0
P10244 2011 4 7 6 0 9 9 8 10 17 0 0 13 7 0 0 0 0 10 0 0 0 0 0 0 0 0 0 6 0 0 0 -999
P10244 2011 5 0 0 0 0 7 0 0 15 8 8 0 0 10 12 8 0 0 0 0 0 0 0 12 29 21 13 19 0 0 0 0
P10244 2011 6 0 0 0 0 0 0 0 0 0 0 0 0 9 13 12 12 0 0 0 8 18 23 0 0 35 12 0 0 0 11 -999
P10244 2011 7 21 0 0 12 14 16 15 22 24 15 0 0 0 0 0 0 0 0 0 11 13 17 16 0 0 0 0 0 0 0 0
P10244 2011 8 0 0 16 0 0 0 0 0 0 0 0 0 0 0 12 25 39 0 0 0 0 0 0 0 21 16 17 0 0 17 23
P10244 2011 9 42 41 22 0 0 31 29 0 0 31 21 0 0 0 0 0 0 0 0 0 0 0 14 0 0 0 0 0 0 0 -999
P10244 2011 10 0 0 0 0 0 0 9 33 35 0 0 0 0 8 0 0 0 0 0 10 9 0 0 0 8 8 0 0 0 14 23
P10244 2011 11 8 10 34 10 6 0 0 0 0 0 0 14 7 0 0 0 0 0 0 0 0 0 13 16 82 11 9 0 8 6 -999
P10244 2011 12 0 0 8 0 0 0 0 0 0 0 0 0 0 0 0 8 10 0 0 0 0 0 0 0 0 8 13 57 13 0 0
P10244 2012 1 0 0 17 12 18 9 7 0 0 0 6 8 8 7 6 0 0 9 8 7 7 7 8 8 0 0 0 19 7 0 0
P10244 2012 2 0 0 0 0 0 0 0 0 0 9 13 0 15 14 0 0 59 8 9 0 0 0 6 0 7 16 0 0 -999 -999 -999
P10244 2012 3 0 0 0 0 0 0 0 0 0 0 0 0 10 9 0 6 6 6 9 10 0 0 0 6 6 6 6 6 0 0 0
P10244 2012 4 0 0 0 0 8 0 8 0 0 0 0 0 0 0 0 8 9 0 0 0 9 8 8 0 0 0 0 25 0 21 -999
P10244 2012 5 24 21 15 15 0 0 0 0 18 247 308 498 435 315 136 26 18 18 16 12 0 14 14 14 10 11 9 13 20 21 8
P10244 2012 6 0 0 0 0 24 15 7 10 8 9 11 0 0 0 15 0 8 0 0 0 12 13 13 14 40 24 26 10 0 0 -999
P10244 2012 7 0 12 11 0 0 0 35 53 14 16 0 0 0 0 0 0 0 0 0 0 0 20 14 19 17 36 0 0 0 0 0
P10244 2012 8 0 0 0 0 0 0 0 0 0 0 12 14 17 16 0 9 0 0 0 0 0 0 0 0 0 0 0 0 0 31 14
P10244 2012 9 0 0 0 0 0 0 0 0 0 0 0 0 0 65 76 333 205 0 0 0 26 20 17 22 30 25 18 14 32 82 -999
P10244 2012 10 61 28 22 18 19 33 0 0 0 53 47 13 10 10 0 0 0 0 0 0 0 120 70 17 16 9 7 0 0 0 20
P10244 2012 11 0 0 0 0 0 12 0 0 0 0 8 0 15 8 0 0 0 0 0 0 0 0 0 0 0 0 0 0 0 0 -999
P10244 2012 12 0 7 6 0 7 7 0 0 0 0 0 0 0 0 0 0 0 0 0 6 6 7 6 6 6 0 0 0 0 0 0
P10244 2013 1 0 0 0 0 0 0 0 0 0 0 0 0 7 6 7 7 0 0 0 0 0 0 7 6 6 7 16 54 0 0 6
P10244 2013 2 6 0 6 24 6 7 9 9 9 6 0 0 0 0 0 6 9 7 8 0 0 0 14 8 13 14 31 25 -999 -999 -999
P10244 2013 3 9 6 6 0 0 0 0 7 7 13 23 36 22 31 13 0 0 0 11 10 10 0 0 0 0 0 0 0 8 26 26
P10244 2013 4 19 25 20 15 13 19 12 8 7 11 8 7 10 0 112 153 67 37 41 66 264 335 30 10 7 10 14 18 25 28 -999
P10244 2013 5 11 18 9 0 0 7 9 9 12 20 12 11 0 9 11 20 18 39 36 10 10 15 11 0 0 8 7 6 0 0 0
P10244 2013 6 0 0 0 0 0 0 0 0 0 0 0 0 10 11 0 0 15 15 15 25 0 0 0 0 0 0 14 0 0 0 -999
P10244 2013 7 0 0 0 37 63 44 31 27 47 35 0 0 0 0 0 0 0 0 0 0 0 0 0 0 27 0 0 0 14 0 0
P10244 2013 8 0 0 15 13 0 0 0 0 0 0 0 15 19 12 12 10 8 10 48 70 0 24 41 67 102 97 125 149 178 159 133
P10244 2013 9 40 19 0 24 31 0 11 0 0 0 0 0 0 0 0 0 0 0 0 0 0 0 28 0 24 15 20 0 0 0 -999
P10244 2013 10 0 15 18 14 20 26 27 7 0 0 32 0 0 18 33 47 0 111 32 9 0 0 17 0 0 0 0 0 0 0 0
P10244 2013 11 0 0 0 0 7 0 0 0 0 0 0 0 0 9 0 7 0 0 0 11 0 0 0 0 0 0 0 0 10 24 -999
P10244 2013 12 62 0 0 8 11 7 8 8 7 22 0 0 0 0 0 9 15 39 11 7 0 0 0 9 0 0 0 0 0 0 0
P10244 2014 1 0 6 8 13 20 13 8 8 7 8 0 0 0 0 0 0 0 0 0 0 6 0 0 6 6 6 0 0 9 67 23
P10244 2014 2 13 122 27 17 19 24 19 11 0 0 0 0 0 0 0 0 0 0 23 23 20 24 17 0 0 0 0 0 -999 -999 -999
P10244 2014 3 0 0 0 0 0 0 0 0 0 0 0 0 0 0 6 8 11 0 0 0 9 47 34 23 14 14 0 0 0 0 8
P10244 2014 4 10 0 0 0 0 0 0 7 7 9 10 7 0 0 0 0 0 0 0 0 0 0 0 0 0 0 0 17 21 11 -999
P10244 2014 5 7 9 0 0 10 10 0 14 11 0 0 18 13 8 7 7 7 10 8 8 7 8 8 11 9 0 0 0 9 15 19
P10244 2014 6 29 8 0 0 32 0 0 0 0 0 0 0 0 0 0 13 21 0 0 0 0 0 0 0 0 0 0 22 21 14 -999
P10244 2014 7 15 12 0 0 44 28 13 0 0 0 0 0 0 0 0 13 11 14 0 0 32 51 22 0 12 20 46 81 38 21 17
P10244 2014 8 0 16 17 21 19 16 25 36 26 18 15 12 11 11 22 32 25 0 0 10 13 16 21 0 0 54 130 78 52 57 39
P10244 2014 9 25 29 46 28 19 34 0 0 0 0 0 18 0 0 78 76 41 34 19 32 12 0 0 0 9 0 0 0 0 0 -999
P10244 2014 10 0 0 11 0 0 0 0 0 0 0 0 0 0 0 0 0 0 0 0 0 0 9 23 0 12 0 0 0 0 0 0
P10244 2014 11 9 19 13 26 0 15 7 0 0 0 0 0 9 0 0 0 0 0 0 23 11 9 7 7 11 40 11 10 9 7 -999
P10244 2014 12 6 0 0 0 0 0 0 0 0 0 0 0 0 0 0 0 17 20 8 16 11 7 0 14 0 0 0 7 0 0 0
P10244 2015 1 0 0 0 0 0 0 0 0 0 0 0 0 0 0 0 6 7 0 0 0 6 0 0 0 0 9 8 6 6 6 6
P10244 2015 2 7 7 0 0 6 6 0 0 7 8 10 16 11 28 15 8 11 39 30 13 10 7 6 0 0 0 0 10 -999 -999 -999
P10244 2015 3 25 19 40 147 225 158 61 21 0 39 21 24 37 26 69 62 32 0 90 111 14 28 74 129 204 285 72 14 0 7 9
P10244 2015 4 9 10 0 0 9 12 12 7 7 21 32 9 8 7 6 7 6 6 8 0 0 0 8 32 52 0 0 0 0 0 -999
P10244 2015 5 14 9 7 9 17 26 11 18 15 10 9 0 0 0 0 0 0 12 0 30 0 0 0 36 31 28 23 19 33 18 25
P10244 2015 6 17 15 23 18 31 37 26 12 0 0 0 0 0 0 49 34 27 0 0 0 25 0 13 14 0 18 59 21 20 12 -999
P10244 2015 7 0 0 0 0 0 0 0 33 24 0 0 0 20 36 19 16 0 0 0 0 0 0 11 13 0 0 0 0 0 0 0
P10244 2015 8 0 0 28 0 0 0 0 23 35 28 0 0 0 0 16 15 0 0 0 0 0 0 0 0 0 0 0 0 0 0 0
P10244 2015 9 0 0 0 0 12 28 17 10 9 0 0 0 0 0 0 0 0 51 0 0 0 0 0 0 0 0 13 0 0 6 -999
P10244 2015 10 0 0 0 0 0 0 0 0 0 12 18 207 12 11 21 10 10 9 7 6 7 0 0 0 0 8 8 7 0 0 0
P10244 2015 11 0 0 0 0 0 0 0 0 0 0 0 7 6 0 6 0 0 0 0 0 0 0 0 0 0 0 0 0 0 0 -999
P10244 2015 12 0 0 0 0 0 0 0 0 0 0 0 0 7 0 0 0 0 0 0 0 0 9 0 0 0 10 0 7 6 7 6
P10244 2016 1 6 6 0 0 6 7 6 6 6 6 23 221 43 13 35 13 6 6 7 8 10 10 9 6 8 18 50 123 289 268 50
P10244 2016 2 45 46 18 8 0 0 7 6 8 0 0 0 6 6 6 0 0 0 0 0 0 0 0 0 0 0 0 0 -999 -999 -999
P10244 2016 3 0 0 0 0 0 6 8 0 0 6 0 0 0 0 0 0 0 0 0 0 0 0 7 8 7 9 0 0 0 0 12
P10244 2016 4 7 0 0 19 127 56 8 7 11 7 7 13 22 9 0 0 27 30 38 21 8 0 0 12 13 12 16 8 6 15 -999
P10244 2016 5 13 7 6 6 7 7 0 0 14 7 6 7 0 0 0 0 14 0 0 16 14 13 64 16 15 16 11 8 0 0 0
P10244 2016 6 0 21 11 16 21 10 0 17 19 27 33 58 52 20 34 77 21 21 0 0 0 0 15 18 12 27 30 25 12 0 -999
P10244 2016 7 17 0 0 0 0 0 0 0 0 0 14 0 0 15 17 12 12 0 0 28 14 15 25 40 76 33 0 0 0 18 29
P10244 2016 8 48 27 30 29 21 0 0 0 0 0 0 0 0 17 15 13 16 18 20 32 0 0 0 50 0 0 0 0 0 0 0
P10244 2016 9 0 0 9 12 34 0 0 0 0 0 0 0 0 0 0 0 0 0 0 0 0 0 0 0 0 0 0 0 17 19 -999
P10244 2016 10 8 10 0 0 0 0 0 0 0 0 0 0 0 0 0 0 0 0 0 0 0 10 0 0 30 148 32 21 9 0 0
P10244 2016 11 0 0 0 0 45 24 8 6 6 7 0 0 10 9 6 0 0 0 0 0 0 0 0 0 16 7 0 0 0 0 -999
P10244 2016 12 0 0 0 0 0 0 0 0 0 0 7 0 0 10 31 0 0 0 0 0 0 7 0 0 0 0 0 0 0 14 50
P10244 2017 1 14 0 0 14 12 6 6 6 6 6 8 10 0 0 0 6 7 0 0 0 0 0 0 0 0 8 12 33 8 0 0
P10244 2017 2 0 0 0 9 15 9 0 0 9 10 0 0 0 9 29 14 8 0 13 15 9 10 6 6 6 6 26 32 -999 -999 -999
P10244 2017 3 9 10 19 24 355 427 39 13 28 57 94 151 99 21 15 13 14 20 17 8 6 10 6 6 0 0 0 0 21 13 19
P10244 2017 4 24 12 15 10 9 7 19 48 8 10 131 30 13 7 7 7 6 7 11 11 0 12 10 7 7 8 7 8 8 9 -999
P10244 2017 5 7 8 0 0 6 0 11 8 6 0 6 0 0 0 15 8 0 0 0 0 0 12 23 33 15 0 0 0 0 0 0
P10244 2017 6 15 10 7 0 0 17 11 39 23 7 0 0 0 86 39 17 0 0 0 0 0 0 0 0 11 16 14 0 0 0 -999
P10244 2017 7 0 12 27 28 18 14 14 0 0 0 17 0 0 0 0 0 0 0 0 0 0 0 12 21 0 0 0 0 0 0 0
P10244 2017 8 0 0 0 0 0 0 0 0 0 15 11 10 0 0 0 15 33 12 8 12 24 26 0 0 0 0 0 0 20 157 353
P10244 2017 9 45 0 13 0 0 29 64 33 16 0 0 0 0 0 0 0 0 0 0 0 0 45 0 0 0 9 9 20 0 0 -999
P10244 2017 10 15 0 0 77 139 25 15 0 8 10 0 0 0 23 0 0 0 0 0 0 0 0 25 0 0 0 28 9 8 0 0
P10244 2017 11 0 11 0 0 8 7 0 0 0 0 0 0 0 0 0 10 0 6 6 0 0 0 0 0 8 0 0 0 0 0 -999
P10244 2017 12 0 7 9 6 6 0 0 0 0 0 0 0 6 6 6 7 6 6 0 0 0 12 6 0 0 0 6 6 12 8 7
P10244 2018 1 0 0 0 0 0 0 0 0 0 0 0 0 0 0 0 0 0 0 0 0 0 0 0 0 11 15 22 47 0 0 22
P10244 2018 2 35 87 40 128 20 41 0 0 0 0 0 12 28 48 45 28 16 14 35 0 0 0 0 0 0 0 42 83 -999 -999 -999
P10244 2018 3 83 93 136 154 133 62 44 17 13 0 0 51 0 0 0 7 8 13 11 20 16 6 6 6 6 6 8 7 6 7 6
P10244 2018 4 6 6 6 6 0 8 0 0 0 0 9 12 42 9 0 9 10 8 0 0 0 0 6 6 14 20 11 14 94 120 -999
P10244 2018 5 16 16 32 43 8 7 0 0 0 0 0 0 7 8 0 9 18 32 48 57 24 9 15 13 13 13 15 17 0 0 0
P10244 2018 6 13 11 0 0 0 0 23 15 17 0 0 0 0 0 0 0 0 0 0 0 0 27 11 17 0 15 20 16 15 0 -999
P10244 2018 7 0 0 0 0 0 0 0 0 15 0 0 0 0 0 12 0 21 20 0 17 24 39 23 16 19 0 0 0 0 10 0
P10244 2018 8 0 0 0 0 0 0 17 0 0 14 16 25 25 33 21 29 21 33 31 0 0 0 0 0 0 24 15 0 0 0 0
P10244 2018 9 0 0 0 0 22 52 65 45 26 13 14 0 0 0 0 0 0 0 0 0 11 46 18 0 0 0 0 0 0 0 -999
P10244 2018 10 0 0 0 0 0 0 0 0 0 0 0 0 0 0 0 0 0 0 0 25 54 45 80 225 79 34 22 11 8 10 0
P10244 2018 11 0 0 12 11 12 14 0 0 17 0 0 0 0 0 0 0 13 9 0 0 0 0 0 0 0 17 14 6 6 0 -999
P10244 2018 12 0 0 0 0 0 0 0 0 0 0 0 0 0 0 0 0 0 0 0 0 0 0 0 0 0 0 0 7 0 0 0
P10244 2019 1 0 0 0 8 0 0 10 9 8 7 0 6 0 7 0 0 0 0 0 0 0 0 0 0 0 0 0 0 0 0 0
P10244 2019 2 0 0 0 9 6 8 10 10 7 8 7 8 6 8 6 8 6 6 0 0 0 0 9 88 205 13 0 81 -999 -999 -999
P10244 2019 3 158 151 132 137 10 14 0 0 0 0 12 15 10 0 0 0 0 0 0 0 0 0 9 13 14 24 44 32 30 27 8
P10244 2019 4 0 0 0 0 0 0 0 0 0 0 0 0 7 0 0 0 9 0 0 0 0 0 0 0 0 8 0 13 11 0 -999
P10244 2019 5 12 13 0 7 0 0 11 16 29 13 0 0 30 12 0 0 0 0 0 0 19 0 0 9 12 0 0 7 9 16 0
P10244 2019 6 0 0 0 0 12 15 14 11 0 9 9 12 20 13 14 15 12 0 0 38 69 54 18 13 13 33 33 7 0 0 -999
P10244 2019 7 20 0 0 0 0 0 27 12 0 0 19 0 0 0 0 0 0 67 0 0 0 0 0 0 0 32 13 0 0 0 9
P10244 2019 8 18 37 40 11 13 0 0 0 0 0 0 0 0 0 0 48 37 14 0 21 12 0 0 0 0 0 26 32 48 47 47
P10244 2019 9 37 30 37 46 33 15 15 50 90 117 125 56 27 16 13 0 25 19 0 8 0 0 15 191 316 236 74 0 0 0 -999
P10244 2019 10 0 0 17 33 20 16 22 13 17 28 0 0 0 0 0 0 0 54 31 41 99 44 14 0 0 0 0 0 0 0 0
P10244 2019 11 0 0 0 0 7 6 0 6 0 0 0 0 0 0 0 0 0 0 0 0 0 0 0 0 0 7 14 100 47 13 -999
P10244 2019 12 0 0 0 0 0 0 0 0 0 0 0 0 0 0 7 6 0 6 9 33 132 21 8 6 6 0 0 0 0 0 6
P10244 2020 1 0 0 7 8 10 16 0 0 0 0 0 0 0 0 0 0 0 0 0 0 0 9 19 10 18 0 0 0 7 7 25
P10244 2020 2 7 6 6 6 6 7 0 0 9 27 0 0 0 19 24 76 129 115 85 56 52 25 40 108 20 13 0 0 -999 -999 -999
P10244 2020 3 0 0 0 0 0 0 0 0 0 0 0 0 0 11 23 61 67 33 10 7 7 0 8 12 10 7 6 6 0 0 0
P10244 2020 4 0 0 0 0 7 32 0 10 40 28 21 11 8 8 7 0 0 0 0 0 15 41 22 24 19 9 8 7 17 47 -999
P10244 2020 5 346 481 106 16 15 11 11 11 8 0 0 9 8 0 0 0 0 23 27 37 35 18 15 17 9 9 30 15 9 10 10
P10244 2020 6 9 7 0 0 0 13 29 11 0 0 8 8 7 9 0 0 0 0 0 0 0 0 0 17 38 0 32 89 168 76 -999
P10244 2020 7 0 0 0 0 0 23 30 44 57 70 25 0 15 0 0 0 15 17 21 26 21 0 0 0 18 18 17 28 65 77 76
P10244 2020 8 73 84 57 68 50 18 17 0 0 0 0 0 0 0 0 0 0 0 0 0 0 0 24 29 23 26 0 0 32 48 0
P10244 2020 9 0 0 0 16 0 0 17 25 15 14 13 0 0 21 37 19 11 0 0 22 0 0 0 0 29 11 0 0 0 0 -999
P10244 2020 10 20 0 14 40 21 16 9 0 0 0 17 23 23 20 0 0 0 0 0 0 0 0 28 25 0 0 30 84 40 0 0
P10244 2020 11 0 10 0 0 9 0 0 0 0 0 0 0 0 9 10 0 6 8 8 7 8 8 0 0 0 0 0 0 0 0 -999
P10244 2020 12 0 0 0 0 0 0 0 0 0 0 0 0 0 6 0 0 0 0 0 0 7 14 9 0 0 0 0 0 0 0 0
P10244 2021 1 0 0 7 7 0 0 0 0 0 0 0 0 0 0 6 7 6 7 9 7 6 0 0 7 8 9 17 8 0 0 26
P10244 2021 2 19 0 7 0 0 6 6 6 6 9 16 0 14 14 16 13 0 10 0 0 0 0 0 0 9 22 117 76 -999 -999 -999
P10244 2021 3 24 26 28 12 24 51 21 129 240 19 7 6 6 6 14 7 35 26 16 7 8 6 7 6 0 0 0 6 0 0 0
P10244 2021 4 0 7 8 29 7 0 0 0 0 6 6 0 0 10 7 6 0 8 8 9 10 0 10 15 76 86 9 8 7 8 -999
P10244 2021 5 10 0 0 0 0 0 15 9 0 0 0 0 0 0 0 0 0 0 0 15 0 0 0 15 21 15 14 10 10 37 13
P10244 2021 6 18 33 8 0 0 0 0 7 7 0 0 10 10 15 0 0 0 0 0 0 0 0 0 0 0 0 0 0 0 0 -999
P10244 2021 7 0 25 0 0 0 0 0 0 0 0 0 0 0 0 14 32 29 15 15 16 17 19 21 0 0 0 0 0 0 20 32
P10244 2021 8 25 22 23 0 0 0 26 13 27 19 0 11 0 0 0 0 0 0 0 0 0 0 0 0 0 0 0 16 20 0 0
P10244 2021 9 0 0 0 0 0 0 0 0 0 0 0 0 53 52 45 14 0 0 0 0 0 0 0 0 0 31 0 0 26 66 -999
P10244 2021 10 16 0 0 0 0 0 0 35 18 0 0 0 18 21 0 0 0 0 0 0 39 0 0 0 0 88 32 7 8 0 0
P10244 2021 11 7 6 0 0 0 0 0 0 12 0 0 0 0 0 0 0 0 0 0 0 0 0 0 8 0 0 0 0 0 0 -999
P10244 2021 12 0 0 0 0 0 0 0 0 0 0 0 0 0 0 22 75 13 10 9 7 11 8 0 6 6 7 20 10 7 0 6
P10244 2022 1 7 0 0 0 0 0 0 0 0 0 0 0 8 10 17 0 11 13 46 339 53 7 11 18 0 0 0 0 0 0 0
P10244 2022 2 11 0 0 0 0 0 0 0 7 6 0 0 0 0 0 11 8 0 0 0 9 9 7 8 7 0 0 8 -999 -999 -999
P10244 2022 3 6 6 0 0 7 7 6 0 0 0 0 0 0 0 6 7 0 0 0 0 16 24 18 11 8 7 9 16 13 17 17
P10244 2022 4 26 22 340 130 7 30 20 8 7 0 0 19 146 32 20 81 121 106 132 188 24 46 10 10 7 6 0 0 0 0 -999
P10244 2022 5 8 0 0 0 0 0 0 0 0 0 0 0 10 0 9 12 8 0 12 0 0 11 10 0 0 9 0 0 15 53 23
P10244 2022 6 9 10 0 0 0 0 19 36 71 14 59 45 0 0 0 25 0 16 35 0 0 0 0 0 0 0 0 0 0 65 -999
P10244 2022 7 0 0 0 0 0 0 0 0 0 23 0 13 13 18 17 32 36 12 0 0 0 0 0 0 0 0 0 0 0 0 0
P10244 2022 8 0 0 0 0 0 13 18 56 68 0 0 0 0 0 0 0 0 0 0 14 33 62 76 47 20 19 26 0 0 0 0
P10244 2022 9 0 0 0 0 0 0 0 0 0 0 0 0 0 0 16 25 49 43 0 0 0 0 34 149 43 27 23 96 13 0 -999
P10244 2022 10 0 0 0 0 20 24 0 0 13 10 0 0 0 0 11 0 0 0 0 13 22 19 0 0 0 0 0 19 0 0 0
P10244 2022 11 0 0 28 11 6 7 0 0 0 0 0 0 0 11 30 26 49 65 20 0 17 15 13 28 7 0 0 0 0 0 -999
P10244 2022 12 0 6 7 7 0 7 7 6 6 0 0 0 0 0 0 0 0 8 7 0 9 0 0 12 9 8 0 10 17 7 8
P10244 2023 1 0 8 40 68 119 71 134 11 12 8 10 12 15 33 28 0 0 27 35 11 9 10 17 17 14 0 0 0 0 0 0
P10244 2023 2 0 0 16 18 0 0 0 0 0 0 0 0 0 0 0 0 0 8 9 0 16 10 0 0 0 0 0 0 -999 -999 -999
P10244 2023 3 0 0 6 6 0 0 0 0 0 0 0 0 0 0 27 31 13 6 7 6 23 8 6 0 0 0 0 8 0 23 10
P10244 2023 4 9 8 7 0 6 6 0 0 8 9 12 7 8 10 13 84 53 93 301 16 14 24 33 31 11 8 0 0 0 0 -999
P10244 2023 5 7 102 44 30 7 7 10 9 17 7 7 7 21 32 28 50 25 19 20 24 26 13 6 8 9 0 13 0 17 15 17
P10244 2023 6 0 0 0 0 0 0 28 25 0 0 0 17 11 9 29 10 7 7 9 0 17 22 0 0 36 37 20 0 0 0 -999
P10244 2023 7 0 0 0 0 0 18 0 0 0 0 18 27 17 0 0 0 18 28 58 23 0 0 0 15 22 0 16 13 11 0 0
P10244 2023 8 0 0 0 0 0 0 0 0 0 0 0 0 0 0 0 0 0 0 0 0 0 0 0 16 17 24 47 0 0 0 0
P10244 2023 9 0 0 0 0 0 11 0 0 0 0 0 0 0 0 18 8 25 64 0 0 0 0 0 13 16 0 9 0 10 11 -999
P10244 2023 10 112 165 29 10 0 0 0 0 0 9 8 8 0 0 7 6 8 8 9 11 7 7 7 0 0 0 0 0 9 6 6
P10244 2023 11 9 10 0 0 0 0 0 0 0 0 12 18 0 0 0 0 0 0 0 0 0 0 0 0 0 0 0 0 0 0 -999
P10244 2023 12 0 0 18 24 7 0 0 0 0 0 8 0 0 0 0 0 0 0 6 9 8 7 0 0 6 0 0 0 0 0 6
P10244 2024 1 0 0 0 0 0 0 0 0 0 0 0 0 0 0 0 0 0 0 0 0 0 0 0 0 0 0 0 12 10 0 0
P10244 2024 2 0 0 0 0 12 371 172 38 53 215 14 14 0 0 0 0 0 0 0 0 0 0 0 6 0 0 0 0 -999 -999 -999
P10244 2024 3 0 0 0 0 0 0 0 22 102 15 30 116 9 22 54 8 33 62 39 55 29 16 12 0 0 9 10 14 28 53 45
P10244 2024 4 44 25 13 13 12 9 9 10 7 8 7 7 0 0 0 0 7 0 0 0 7 36 9 0 0 0 0 0 0 10 -999
P10244 2024 5 10 11 13 17 18 13 38 26 14 10 9 9 8 8 7 6 7 9 0 0 0 0 11 15 16 13 15 14 9 0 0
P10244 2024 6 0 0 0 0 0 0 0 0 0 0 0 0 0 23 0 0 19 20 22 22 0 0 0 0 0 0 0 0 0 63 -999
P10244 2024 7 0 0 0 0 0 0 0 0 0 0 0 0 0 0 0 17 16 0 0 0 14 13 14 17 0 0 0 0 0 0 0
P10244 2024 8 34 26 21 0 0 0 0 0 10 19 23 15 16 0 0 14 22 0 0 0 0 0 0 0 0 19 18 0 0 0 0
P10244 2024 9 0 0 0 0 0 0 0 0 0 0 0 0 0 0 0 11 20 141 27 15 31 30 36 19 0 0 0 9 15 0 -999
P10244 2024 10 0 28 59 0 44 31 23 0 0 0 0 0 0 0 0 0 0 0 20 57 73 25 0 0 0 0 0 0 0 0 15
P10244 2024 11 12 15 14 8 17 25 0 0 0 0 0 8 8 14 171 9 8 12 0 0 0 0 0 0 0 0 0 9 24 70 -999
P10244 2024 12 30 10 9 6 0 0 0 0 0 0 0 0 0 13 0 0 0 0 0 0 0 0 0 0 0 0 0 0 0 0 0
P10244 2025 1 7 0 0 0 30 200 102 12 6 0 6 0 0 0 6 0 0 0 7 0 0 0 0 0 0 0 0 9 7 0 0
P10244 2025 2 0 0 0 0 0 0 0 14 12 6 10 41 10 0 158 59 0 0 8 0 0 0 0 6 6 0 0 0 -999 -999 -999
P10244 2025 3 0 0 11 0 0 0 0 118 34 13 0 0 0 0 0 0 0 0 0 0 0 0 0 0 0 0 0 0 12 0 0
P10244 2025 4 0 0 0 0 0 0 0 0 0 10 19 9 8 13 31 12 17 34 10 0 0 0 0 0 0 0 0 10 9 7 -999
P10244 2025 5 0 0 11 12 0 0 0 0 0 0 0 9 12 12 7 7 9 20 13 8 7 63 19 10 8 10 7 10 52 8 0
P10244 2025 6 0 0 11 11 0 0 0 0 0 26 21 0 0 0 12 12 13 16 0 0 0 0 0 0 0 0 0 0 0 0 -999
P10244 2025 7 0 0 0 0 0 33 0 0 0 0 0 0 0 0 0 0 0 0 0 0 0 0 0 0 0 35 16 0 0 0 0
P10244 2025 8 0 16 11 9 0 0 0 0 0 0 15 34 16 0 32 41 27 20 0 20 23 23 0 0 0 0 0 0 0 0 0
P10244 2025 9 0 0 0 0 0 0 0 12 8 0 0 11 0 0 0 14 23 0 27 22 26 28 39 32 12 13 12 0 7 0 -999
P10244 2025 10 0 0 0 0 0 0 0 0 0 0 0 13 0 0 0 20 43 135 26 11 50 23 9 6 0 0 0 0 6 6 13
P10244 2025 11 11 9 8 20 19 7 7 12 39 101 23 0 0 25 12 0 0 0 0 0 0 0 0 0 0 0 0 0 0 0 -999
P10244 2025 12 0 0 0 0 0 0 0 0 0 0 0 8 7 0 0 0 7 0 9 13 6 7 17 26 6 11 14 37 0 0 0
P10244 2026 1 11 8 0 0 0 0 0 0 0 0 0 0 0 0 0 0 0 0 0 0 0 0 0 11 0 0 0 0 0 0 0
P10244 2026 2 0 0 0 0 0 0 0 0 0 0 0 0 0 0 0 7 9 9 10 7 7 6 11 7 0 7 0 0 -999 -999 -999
P10244 2026 3 0 0 0 0 17 80 36 13 9 0 0 0 0 18 8 0 0 15 7 0 0 0 68 35 8 7 0 0 8 0 0
P10244 2026 4 0 0 0 6 0 0 6 6 6 7 6 0 6 6 7 7 0 0 0 0 25 0 0 13 35 0 0 0 0 23 -999
P10244 2026 5 16 12 15 0 0 0 0 7 8 11 9 10 11 13 8 7 0 0 0 0 0 0 0 0 0 0 0 11 9 0 0
P10244 2026 6 0 0 0 0 0 0 0 0 0 0 0 0 0 0 8 14 0 0 19 31 49 30 38 25 0 0 0 0 0 0 -999
P10244 2026 7 0 0 0 0 0 0 18 19 14 19 0 33 20 0 0 15 10 11 10 0 0 0 0 0 20 0 0 0 0 0 0
P10244 2026 8 0 0 0 0 0 0 0 0 18 38 54 0 0 24 29 36 29 0 0 8 12 17 14 12 13 23 49 11 0 18 31
P10244 2026 9 22 21 12 0 0 0 0 0 0 0 0 0 0 20 12 10 0 26 35 31 58 25 17 50 88 30 14 0 0 0 -999
P10244 2026 10 0 11 13 17 0 0 0 0 0 0 0 0 0 0 0 0 0 8 0 0 0 0 0 0 0 0 0 0 0 0 19
P10244 2026 11 9 6 6 6 12 10 8 0 13 35 8 9 8 0 0 11 10 0 0 0 0 0 0 8 0 0 6 10 0 0 -999
P10244 2026 12 0 0 0 0 0 0 0 0 0 0 0 0 0 0 19 75 35 10 7 7 7 7 7 6 0 0 0 0 0 0 0
P10244 2027 1 0 0 0 0 6 6 6 6 6 0 19 9 7 18 70 56 70 9 0 6 0 6 6 0 0 12 11 7 13 12 0
P10244 2027 2 0 0 0 0 0 0 0 0 0 0 0 10 0 0 0 0 0 0 16 10 0 0 16 0 0 0 6 0 -999 -999 -999
P10244 2027 3 0 0 0 6 7 6 9 13 13 0 0 0 11 0 0 0 0 14 18 35 40 29 41 41 7 0 8 6 0 0 0
P10244 2027 4 0 0 0 0 15 0 0 0 0 0 0 0 7 14 25 9 0 0 18 10 8 13 21 0 0 0 14 0 0 0 -999
P10244 2027 5 0 17 18 28 11 12 33 0 0 27 98 10 17 14 0 7 0 0 0 0 10 25 9 7 7 10 10 12 11 9 0
P10244 2027 6 10 9 0 10 19 7 0 0 0 0 0 0 16 13 10 15 15 12 14 10 10 10 11 13 0 0 0 0 0 0 -999
P10244 2027 7 0 0 0 0 0 0 0 0 0 0 13 15 0 0 15 19 11 15 0 0 0 0 0 0 0 0 0 0 0 0 0
P10244 2027 8 0 0 0 0 0 0 0 0 0 0 19 21 0 0 62 30 15 18 0 0 0 0 0 0 0 0 0 0 0 0 0
P10244 2027 9 0 0 0 0 0 0 0 0 0 0 0 21 0 0 0 0 23 40 22 0 0 0 13 22 66 24 0 11 0 0 -999
P10244 2027 10 0 0 0 0 0 0 66 18 0 0 0 0 0 25 0 0 0 13 0 0 0 7 18 31 11 0 0 0 0 0 0
P10244 2027 11 0 6 0 6 7 0 0 0 0 0 12 36 16 0 0 0 0 0 0 0 0 7 0 0 0 0 0 0 0 0 -999
P10244 2027 12 0 0 0 0 0 0 0 0 0 0 0 0 0 6 8 9 0 6 0 0 0 0 0 0 0 0 6 0 0 0 0
P10244 2028 1 0 0 0 0 0 0 0 0 0 0 0 7 0 0 0 0 11 95 139 15 0 8 18 53 39 21 13 12 9 0 23
P10244 2028 2 11 65 79 11 13 17 19 0 24 0 15 19 9 7 0 8 17 0 0 0 0 0 8 0 0 0 0 0 -999 -999 -999
P10244 2028 3 0 7 7 0 0 0 0 0 0 0 20 10 13 6 6 0 0 0 0 6 0 0 8 0 0 0 0 0 0 0 0
P10244 2028 4 0 0 0 0 0 0 0 0 0 15 7 0 0 0 0 0 18 14 19 47 30 8 0 0 0 0 0 0 0 0 -999
P10244 2028 5 0 7 12 20 11 19 17 14 19 8 0 13 0 0 32 0 0 0 0 26 11 0 0 15 7 0 0 7 7 0 0
P10244 2028 6 8 10 7 8 22 39 174 35 24 0 0 10 10 0 0 11 22 31 15 0 0 0 0 0 0 0 14 16 28 15 -999
P10244 2028 7 9 0 12 0 0 0 0 0 0 0 11 12 12 0 0 0 0 0 0 0 0 0 0 0 0 32 30 27 0 0 0
P10244 2028 8 12 0 0 0 0 0 0 0 16 0 0 0 0 10 14 13 0 0 0 0 0 0 40 0 0 0 0 0 0 0 22
P10244 2028 9 13 0 0 0 0 0 0 27 0 0 0 0 0 0 0 12 16 16 14 18 12 37 56 0 0 0 0 41 114 37 -999
P10244 2028 10 27 0 0 0 0 0 0 0 0 10 20 16 0 0 11 0 0 0 0 21 0 0 11 0 0 0 0 0 0 0 0
P10244 2028 11 0 0 0 9 21 11 0 0 0 0 0 0 0 0 0 0 0 0 6 0 0 0 0 0 0 0 0 0 0 0 -999
P10244 2028 12 0 0 0 0 0 0 0 0 0 0 0 0 16 60 40 14 35 47 8 9 10 7 6 0 0 6 6 6 0 15 6
P10244 2029 1 0 0 0 10 8 0 0 14 11 15 9 12 9 0 0 0 10 19 21 0 0 0 0 0 0 0 0 0 0 0 0
P10244 2029 2 0 6 6 6 6 6 0 0 0 0 7 0 0 0 0 0 0 0 0 0 6 0 0 0 0 0 0 9 -999 -999 -999
P10244 2029 3 17 19 20 23 31 40 15 8 18 13 6 6 0 6 6 0 0 0 0 8 7 6 7 8 0 0 0 0 0 0 11
P10244 2029 4 13 31 15 13 9 0 9 0 0 0 0 0 0 0 19 7 7 11 0 0 0 0 0 0 0 0 7 8 6 19 -999
P10244 2029 5 7 6 0 10 20 7 14 31 12 7 6 0 0 0 0 0 18 37 12 0 16 0 0 0 20 14 0 0 0 22 31
P10244 2029 6 96 294 335 140 24 11 0 0 0 0 0 0 0 0 0 0 0 0 0 0 0 0 0 0 0 0 0 0 0 0 -999
P10244 2029 7 0 25 0 0 0 0 0 0 0 25 14 0 0 0 21 83 64 18 10 11 13 19 39 10 0 0 10 0 0 15 11
P10244 2029 8 0 25 111 34 0 20 0 0 0 0 17 0 0 0 0 0 15 14 0 0 0 0 0 0 33 59 67 83 49 54 112
P10244 2029 9 128 69 44 0 0 0 0 0 0 0 0 0 17 0 0 0 0 8 0 12 10 44 12 8 17 39 29 33 16 0 -999
P10244 2029 10 0 0 0 0 0 0 0 0 12 0 0 0 0 0 0 0 0 11 7 0 0 0 0 0 0 18 32 93 178 106 11
P10244 2029 11 0 0 0 0 0 0 0 0 0 0 0 0 0 0 0 0 0 0 0 0 0 0 0 10 7 0 0 0 0 0 -999
P10244 2029 12 0 0 0 0 11 6 0 6 9 6 7 0 0 0 0 0 0 6 0 0 0 6 8 12 82 10 0 0 15 10 0
P10244 2030 1 0 0 0 0 0 0 0 17 0 35 42 25 16 0 0 0 8 0 0 0 0 0 0 0 0 0 0 7 19 11 0
P10244 2030 2 0 11 16 11 0 9 0 6 15 0 0 0 0 0 0 20 17 20 24 0 0 0 6 0 0 0 0 0 -999 -999 -999
P10244 2030 3 12 22 15 0 0 0 0 0 0 0 0 0 0 0 0 0 0 9 10 24 9 9 0 35 183 321 149 19 9 9 7
P10244 2030 4 0 21 21 9 8 7 7 0 9 12 18 21 13 19 31 13 9 8 10 39 12 11 9 11 11 17 71 11 0 0 -999
P10244 2030 5 0 0 0 0 0 0 0 0 7 10 8 9 7 9 71 30 9 0 0 0 0 0 0 0 20 40 14 11 0 0 0
P10244 2030 6 0 0 0 0 0 0 0 0 10 14 35 53 29 14 44 47 29 145 19 0 0 10 25 17 0 0 0 0 0 0 -999
P10244 2030 7 0 0 0 13 0 0 0 0 9 10 0 0 0 0 0 9 16 11 0 0 0 0 0 0 25 0 0 0 0 0 0
P10244 2030 8 0 11 17 40 65 76 0 0 0 0 0 0 0 0 0 12 16 0 0 0 0 13 0 0 0 18 67 134 45 31 30
P10244 2030 9 36 43 39 91 33 0 0 35 16 0 18 29 18 0 0 40 25 11 0 0 0 17 24 8 0 15 11 13 9 0 -999
P10244 2030 10 0 0 0 0 0 0 0 31 38 61 22 13 10 10 0 0 0 0 46 46 43 33 0 0 10 0 0 0 21 47 38
P10244 2030 11 24 45 25 16 34 21 9 0 0 10 17 6 6 0 7 0 0 14 9 8 11 12 33 13 7 7 0 0 15 10 -999
P10244 2030 12 0 0 0 0 0 6 6 7 0 6 7 7 0 0 0 0 0 0 0 7 0 0 0 0 0 0 0 0 8 11 8
P10244 2031 1 0 0 0 0 12 52 0 0 0 76 10 11 7 12 83 13 0 0 7 0 0 0 0 0 0 0 0 0 0 0 0
P10244 2031 2 7 7 10 17 9 13 18 10 32 27 26 48 38 30 14 0 0 307 36 21 14 12 12 23 10 0 10 8 -999 -999 -999
P10244 2031 3 0 0 8 0 0 7 8 7 0 7 11 6 6 6 0 0 7 0 0 6 8 7 0 0 0 0 0 0 0 0 19
P10244 2031 4 0 8 7 7 7 10 10 6 7 7 11 9 16 8 7 7 10 8 0 0 0 0 0 0 0 0 0 0 0 11 -999
P10244 2031 5 0 0 31 13 19 15 16 0 0 14 13 15 17 25 22 24 33 30 24 15 0 0 14 13 0 13 27 29 17 0 0
P10244 2031 6 0 12 0 0 0 0 121 11 9 7 0 0 0 0 0 11 11 25 28 22 27 17 17 27 20 0 0 29 28 25 -999
P10244 2031 7 16 0 19 15 41 39 20 0 0 0 14 31 65 18 14 0 0 0 0 17 15 11 0 0 0 25 0 0 0 0 0
P10244 2031 8 0 0 0 0 0 0 0 0 0 14 12 11 0 0 0 0 0 0 0 0 0 0 28 19 0 0 0 32 0 0 0
P10244 2031 9 0 0 18 0 0 18 0 0 0 23 32 17 0 0 0 0 0 37 58 19 0 23 52 48 0 15 0 10 0 0 -999
P10244 2031 10 0 0 0 0 0 0 8 14 36 45 29 52 74 33 32 37 15 12 9 11 13 37 0 0 0 0 0 0 0 0 11
P10244 2031 11 0 0 0 0 0 32 15 8 0 0 0 12 15 24 33 7 0 0 0 27 14 6 6 0 0 8 36 60 7 7 -999
P10244 2031 12 9 18 11 0 9 0 0 11 19 12 0 0 0 0 0 0 0 0 0 0 20 15 11 8 55 7 6 7 6 0 0
P10244 2032 1 0 0 0 0 18 11 0 8 10 8 0 25 24 0 99 25 0 0 0 6 6 0 0 0 0 6 0 0 7 7 7
P10244 2032 2 7 18 0 0 6 0 0 0 0 0 31 10 0 0 0 0 0 0 0 0 0 0 11 0 0 0 0 25 -999 -999 -999
P10244 2032 3 42 0 0 20 8 0 0 0 0 0 0 0 0 7 8 7 6 0 0 0 0 0 0 0 0 0 12 14 0 11 11
P10244 2032 4 11 8 6 9 26 34 116 66 9 6 7 6 8 15 27 10 9 8 9 8 9 9 12 75 102 20 8 0 0 0 -999
P10244 2032 5 0 0 10 16 7 7 0 9 16 14 27 31 15 16 15 0 10 10 14 11 9 0 8 8 7 8 11 17 20 31 0
P10244 2032 6 0 28 25 0 18 24 14 11 0 49 27 17 35 34 38 44 21 9 9 10 10 0 0 0 0 0 0 0 0 0 -999
P10244 2032 7 0 0 13 15 0 0 28 31 20 0 0 0 0 0 0 40 36 34 40 50 90 71 0 0 34 17 17 16 0 0 0
P10244 2032 8 0 26 18 16 0 0 0 0 0 0 0 23 30 0 0 0 27 0 0 0 0 55 84 22 0 25 84 0 0 0 0
P10244 2032 9 0 15 20 16 13 15 15 0 0 0 39 13 0 0 0 41 31 14 16 22 29 20 16 17 18 18 14 13 0 0 -999
P10244 2032 10 12 15 29 43 40 0 0 0 16 10 0 0 7 8 20 13 0 0 0 0 14 12 86 13 8 0 0 0 0 9 0
P10244 2032 11 6 0 0 0 0 0 0 0 0 0 19 0 0 0 0 0 0 0 0 0 0 0 0 0 0 0 7 0 0 14 -999
P10244 2032 12 16 7 6 0 0 0 0 0 0 0 0 0 0 0 0 0 0 0 0 7 0 0 0 0 0 0 0 0 0 0 0
P10244 2033 1 0 0 0 8 13 7 10 7 6 0 0 0 13 9 0 13 13 102 0 0 0 0 0 0 0 0 12 23 9 0 0
P10244 2033 2 0 0 0 0 0 10 15 20 17 14 11 12 8 8 0 0 0 0 0 0 0 0 0 0 6 0 0 0 -999 -999 -999
P10244 2033 3 0 0 0 0 0 0 0 6 0 0 7 18 31 19 0 0 13 36 0 0 0 0 0 8 0 0 0 12 11 8 7
P10244 2033 4 0 0 0 14 82 183 140 48 28 17 24 24 19 10 7 38 61 15 8 0 0 16 15 7 6 0 0 0 17 10 -999
P10244 2033 5 6 6 0 23 12 0 0 0 0 6 0 9 10 24 6 7 10 15 7 7 13 7 0 0 0 0 19 0 0 0 0
P10244 2033 6 0 0 0 0 11 0 0 0 39 52 98 85 73 23 23 49 31 44 0 0 0 45 15 21 0 0 0 12 12 0 -999
P10244 2033 7 0 0 58 19 13 0 0 0 0 10 14 0 20 14 0 0 44 0 0 13 11 0 0 20 23 0 0 0 0 0 0
P10244 2033 8 0 0 56 34 0 0 0 0 9 13 14 0 0 35 0 0 0 0 17 0 0 0 0 0 0 0 0 8 13 57 25
P10244 2033 9 66 39 23 0 0 0 0 0 0 0 0 0 0 60 21 0 0 0 0 0 0 0 0 0 0 0 0 13 12 20 -999
P10244 2033 10 41 14 0 18 187 32 18 32 13 0 0 0 0 0 0 0 13 0 0 0 0 0 0 0 0 7 6 0 0 0 0
P10244 2033 11 0 0 15 76 16 0 0 0 0 0 0 0 0 0 0 0 7 9 7 0 0 0 0 0 0 0 0 0 0 0 -999
P10244 2033 12 0 0 0 0 0 0 0 0 6 0 0 6 7 0 0 0 0 0 0 0 0 0 0 0 0 0 0 0 0 0 0
P10244 2034 1 0 0 0 0 0 6 6 6 6 0 0 8 7 6 6 6 0 0 0 0 0 0 0 0 0 0 0 0 0 0 0
P10244 2034 2 0 0 0 0 0 0 0 0 0 0 9 23 17 8 9 14 27 73 282 17 7 0 0 0 0 0 0 0 -999 -999 -999
P10244 2034 3 11 21 17 81 77 46 10 0 0 0 0 0 9 20 16 11 9 7 7 7 10 0 0 77 155 228 18 10 0 8 0
P10244 2034 4 0 0 0 0 0 0 0 0 0 0 0 0 15 20 0 0 0 0 0 0 25 12 0 0 0 12 24 36 26 13 -999
P10244 2034 5 12 11 10 18 33 23 0 0 0 0 8 0 0 0 0 0 0 0 7 8 0 0 8 15 35 11 14 13 9 20 10
P10244 2034 6 0 0 13 13 0 8 9 10 13 0 0 0 0 0 0 0 13 20 18 0 0 0 44 79 100 64 0 0 0 11 -999
P10244 2034 7 11 9 0 11 12 20 10 0 0 0 0 0 0 0 0 0 0 0 13 14 0 0 0 0 0 0 0 0 0 0 0
P10244 2034 8 0 0 0 11 0 0 0 0 0 0 0 0 0 0 0 0 0 25 15 0 0 0 0 0 20 15 0 30 101 399 256
P10244 2034 9 78 29 31 24 29 28 0 43 111 77 76 20 23 22 23 0 0 0 0 0 0 0 0 50 0 0 0 0 25 65 -999
P10244 2034 10 23 13 0 0 0 31 21 0 0 0 19 9 0 0 0 0 17 20 12 14 0 0 0 0 22 14 11 0 0 0 0
P10244 2034 11 0 0 0 0 0 0 8 0 0 0 0 0 15 49 36 0 0 0 0 0 33 18 21 13 6 6 6 0 0 0 -999
P10244 2034 12 6 0 0 0 0 0 0 0 6 6 0 0 0 0 0 9 0 0 0 0 0 0 0 0 0 0 6 6 0 0 0
P10244 2035 1 7 0 0 7 11 13 13 0 0 0 0 0 0 9 6 0 6 0 0 0 0 18 22 7 6 0 0 0 0 0 0
P10244 2035 2 0 0 0 0 0 0 0 15 0 0 0 0 0 0 0 0 0 0 0 0 0 6 6 11 20 7 6 7 -999 -999 -999
P10244 2035 3 6 0 6 0 0 0 23 271 16 6 6 9 0 118 197 32 13 9 21 36 52 13 9 6 0 7 6 11 9 11 7
P10244 2035 4 7 6 7 9 44 7 6 6 9 6 6 0 6 32 16 0 0 190 0 61 570 161 16 16 12 9 8 14 81 35 -999
P10244 2035 5 42 15 9 9 15 18 19 21 47 51 11 8 11 20 0 0 0 0 0 12 12 53 195 67 17 18 47 75 0 57 87
P10244 2035 6 21 0 0 13 13 10 0 0 38 10 0 0 0 0 0 17 0 0 0 0 0 0 0 0 0 0 0 0 0 0 -999
P10244 2035 7 0 0 0 0 0 0 0 0 0 0 0 29 0 0 10 11 17 23 25 25 0 0 0 0 0 0 0 0 0 0 0
P10244 2035 8 0 0 0 0 0 19 15 0 0 0 0 0 0 0 0 0 0 0 0 0 0 0 0 0 0 0 0 0 0 46 104
P10244 2035 9 0 0 0 0 0 0 0 0 0 0 0 0 0 40 36 31 0 0 0 0 0 0 56 0 189 0 0 89 98 121 -999
P10244 2035 10 0 0 54 43 21 0 0 0 0 0 22 0 0 31 0 0 0 71 0 58 0 11 14 14 0 0 0 0 0 0 0
P10244 2035 11 0 0 0 30 44 60 71 15 0 0 0 0 0 0 0 0 0 0 0 0 0 0 0 0 0 15 0 0 0 0 -999
P10244 2035 12 0 7 9 7 0 0 29 9 6 8 6 7 0 0 0 0 0 0 0 0 0 0 0 0 0 0 0 0 0 0 7
P10244 2036 1 6 6 7 8 6 11 28 48 22 8 7 7 8 8 0 0 0 6 6 6 0 0 0 0 0 0 0 0 0 0 0
P10244 2036 2 6 6 0 0 0 0 0 0 0 10 0 9 8 14 10 12 7 7 0 0 0 0 0 0 0 0 0 0 -999 -999 -999
P10244 2036 3 0 26 12 6 0 0 0 0 0 0 0 0 0 0 16 17 0 0 0 0 9 7 0 7 8 7 9 11 13 33 25
P10244 2036 4 12 14 11 8 7 6 0 0 0 0 0 0 0 0 0 0 0 0 0 0 0 0 0 8 0 0 6 8 0 0 -999
P10244 2036 5 0 0 11 8 7 6 0 10 0 9 0 12 21 8 8 15 15 7 7 0 0 0 14 14 37 0 0 10 14 18 22
P10244 2036 6 34 173 89 69 137 101 21 0 0 0 0 0 11 15 27 21 15 0 19 11 0 0 0 0 13 0 0 0 0 0 -999
P10244 2036 7 0 0 0 0 0 0 0 0 0 0 10 15 0 0 0 0 0 0 0 0 0 0 0 13 22 0 0 0 0 0 0
P10244 2036 8 0 0 0 0 0 0 0 0 0 0 0 0 0 0 0 0 0 0 0 0 0 0 0 0 0 0 0 0 18 20 22
P10244 2036 9 23 16 15 15 11 10 21 102 24 0 17 17 0 0 0 0 0 0 0 0 0 0 0 0 0 0 0 0 0 0 -999
P10244 2036 10 10 0 0 0 0 0 0 0 0 0 0 0 0 0 13 10 0 0 0 0 0 0 0 0 0 0 18 26 0 87 50
P10244 2036 11 43 0 0 0 0 8 0 0 6 6 0 0 0 53 19 13 9 0 0 0 21 14 0 0 0 0 9 6 0 0 -999
P10244 2036 12 0 0 0 0 0 0 0 0 0 0 0 0 6 0 0 0 0 0 0 0 0 16 32 12 0 0 7 7 11 9 0
P10244 2037 1 0 0 0 0 0 0 0 0 0 12 6 0 6 0 0 0 0 0 9 0 0 11 9 7 8 6 0 6 14 6 0
P10244 2037 2 11 218 273 135 17 26 70 63 13 8 0 0 0 0 0 0 0 20 0 0 0 0 0 0 0 0 12 6 -999 -999 -999
P10244 2037 3 6 0 0 0 0 0 0 0 0 0 0 0 0 26 231 109 8 17 20 14 11 18 14 0 0 0 8 8 0 0 10
P10244 2037 4 28 9 14 19 8 6 6 6 6 0 0 0 0 0 10 7 8 10 6 8 15 63 157 182 120 40 8 7 10 11 -999
P10244 2037 5 0 0 0 0 9 0 11 27 17 14 9 10 0 0 8 0 0 15 8 0 0 8 9 0 33 58 7 0 0 0 0
P10244 2037 6 0 23 26 53 116 101 29 20 0 0 0 0 25 167 86 14 0 0 0 14 25 15 22 0 10 0 0 0 0 0 -999
P10244 2037 7 0 0 0 0 0 0 0 0 0 0 29 0 0 0 0 55 57 35 30 30 32 0 0 0 0 0 0 0 0 0 0
P10244 2037 8 0 0 0 0 0 0 0 0 0 0 0 0 0 0 0 18 29 13 0 0 0 0 0 0 0 36 47 0 0 0 0
P10244 2037 9 0 19 28 14 0 0 24 66 36 0 0 0 0 12 13 0 21 18 0 0 0 0 0 0 0 0 0 0 0 10 -999
P10244 2037 10 9 0 0 0 0 0 0 0 0 0 0 14 0 0 0 0 0 0 12 8 0 0 0 0 13 0 0 0 0 0 0
P10244 2037 11 0 0 0 0 0 0 9 15 11 0 0 0 8 8 7 0 0 0 0 0 13 8 0 8 7 0 0 7 6 6 -999
P10244 2037 12 42 14 6 8 7 6 6 6 8 7 6 7 6 0 0 0 0 9 30 41 72 0 0 0 0 0 0 0 0 0 0
P10244 2038 1 0 0 0 10 7 6 0 6 0 0 0 0 0 0 11 9 22 9 0 0 0 0 0 0 8 14 12 0 0 8 0
P10244 2038 2 0 0 0 0 16 8 6 0 0 0 0 0 0 0 0 0 0 0 0 0 0 0 0 8 7 0 0 0 -999 -999 -999
P10244 2038 3 18 10 11 10 31 15 8 7 8 8 8 0 9 0 0 0 0 0 43 58 12 6 0 0 0 0 0 0 8 7 0
P10244 2038 4 0 0 8 10 0 0 0 0 23 13 11 35 276 226 25 17 16 0 0 0 0 22 11 22 62 65 64 65 49 54 -999
P10244 2038 5 36 16 9 9 11 38 55 8 0 9 0 0 0 23 17 19 122 302 55 60 42 31 13 9 12 12 14 15 17 10 25
P10244 2038 6 32 15 0 0 0 15 0 0 0 0 0 0 0 50 98 46 23 81 131 153 96 96 73 78 95 63 35 23 0 0 -999
P10244 2038 7 0 0 34 49 64 91 94 93 0 0 0 19 28 46 73 26 0 0 19 14 0 0 0 0 0 25 0 0 20 0 0
P10244 2038 8 0 18 0 0 0 13 11 0 50 55 46 55 64 59 44 55 0 0 0 0 28 52 48 87 80 29 0 0 0 0 0
P10244 2038 9 0 0 0 0 41 0 0 0 17 21 0 0 0 0 0 0 0 0 0 22 39 36 23 0 11 0 0 0 0 0 -999
P10244 2038 10 0 0 0 0 0 0 0 0 0 0 0 0 0 0 0 0 0 0 0 0 0 20 76 47 0 0 0 0 0 0 11
P10244 2038 11 15 20 11 7 0 0 0 0 0 0 0 0 8 0 116 18 7 7 8 0 0 0 0 0 0 0 0 0 0 0 -999
P10244 2038 12 0 0 11 26 65 63 8 8 8 0 13 9 8 0 0 0 0 0 11 6 13 7 13 0 0 0 0 0 8 0 0
P10244 2039 1 0 0 0 8 7 14 101 33 0 0 0 0 0 0 0 0 11 6 17 112 14 8 0 0 6 6 7 8 8 7 13
P10244 2039 2 17 30 7 8 0 0 14 51 62 130 107 0 0 0 10 9 7 9 0 0 0 0 0 0 6 7 0 0 -999 -999 -999
P10244 2039 3 0 0 0 0 0 0 0 0 9 31 30 235 7 9 12 22 0 0 17 57 11 0 0 0 7 9 9 0 0 0 0
P10244 2039 4 0 0 0 0 0 0 0 0 0 0 15 0 0 0 10 8 7 0 0 7 10 13 0 0 0 0 0 0 0 0 -999
P10244 2039 5 0 0 0 0 0 0 0 0 0 0 0 8 0 11 13 42 17 11 9 9 8 8 10 10 10 7 7 8 0 0 0
P10244 2039 6 12 14 15 44 37 12 0 0 0 19 20 15 15 0 16 19 16 14 13 12 18 18 0 0 0 0 12 36 31 13 -999
P10244 2039 7 15 14 14 13 13 25 28 42 45 73 68 45 0 0 0 0 0 12 0 0 0 0 0 0 0 0 35 51 38 20 15
P10244 2039 8 12 17 20 0 0 0 0 0 0 0 0 0 0 47 0 0 0 14 16 16 22 20 25 33 50 88 163 250 42 28 0
P10244 2039 9 0 17 17 0 48 0 19 34 24 20 19 19 15 11 16 0 0 0 0 25 12 0 0 0 0 0 0 0 0 0 -999
P10244 2039 10 0 0 0 0 0 0 17 0 0 0 0 17 16 15 9 9 0 0 0 0 0 0 6 6 6 6 11 14 40 243 12
P10244 2039 11 9 0 0 0 0 0 0 0 9 15 10 19 16 7 6 6 7 7 7 14 18 6 10 10 0 0 0 7 7 0 -999
P10244 2039 12 0 0 6 0 0 0 0 0 17 0 0 0 0 0 0 0 0 0 0 0 6 0 0 0 10 11 0 11 6 0 0
P10244 2040 1 0 0 0 0 9 7 6 7 8 0 0 7 0 6 6 7 7 0 0 7 0 0 0 0 0 0 0 0 0 0 0
P10244 2040 2 0 0 0 9 10 7 0 0 0 0 0 0 0 6 6 6 7 17 15 0 0 6 7 0 0 0 0 0 -999 -999 -999
P10244 2040 3 0 0 0 0 0 0 0 0 0 0 0 0 0 18 17 13 15 12 60 50 0 0 0 66 38 9 7 6 0 9 7
P10244 2040 4 6 13 24 10 8 7 8 0 0 0 0 0 8 0 0 0 17 0 30 18 0 13 13 9 30 205 12 7 0 0 -999
P10244 2040 5 6 6 7 11 19 18 11 8 8 10 0 9 0 0 0 0 0 0 0 0 0 31 15 0 0 0 0 0 0 0 11
P10244 2040 6 14 13 0 0 0 0 0 13 22 48 99 73 91 133 0 0 0 0 0 0 0 0 0 0 0 0 0 20 0 17 -999
P10244 2040 7 0 0 0 0 0 0 0 0 0 0 0 0 0 0 0 0 0 0 0 0 0 18 16 0 0 0 0 0 0 0 0
P10244 2040 8 0 0 0 23 24 17 0 0 0 15 20 0 0 0 18 22 0 0 0 0 0 49 54 114 0 0 0 0 0 0 20
P10244 2040 9 51 83 61 22 12 0 0 0 0 0 25 19 0 0 0 11 0 14 19 13 13 16 18 13 18 67 107 36 14 13 -999
P10244 2040 10 0 0 0 0 0 0 0 0 0 0 0 0 0 0 0 0 0 23 65 19 9 0 0 0 0 0 0 0 0 0 0
P10244 2040 11 15 0 0 0 18 12 11 9 11 7 6 0 7 11 9 9 0 0 0 0 0 0 0 0 17 89 54 29 0 0 -999
P10244 2040 12 0 0 0 0 0 0 11 0 0 13 102 395 499 32 8 0 0 0 0 0 17 20 42 78 7 0 0 0 14 6 8
P10244 2041 1 39 12 0 0 0 0 0 0 70 91 81 20 20 9 0 0 0 0 0 0 47 0 80 174 223 75 116 89 11 0 0
P10244 2041 2 0 0 0 0 0 14 12 10 0 8 6 0 6 6 0 0 13 39 65 9 14 17 6 7 8 6 6 0 -999 -999 -999
P10244 2041 3 0 12 0 0 0 6 0 0 6 6 6 6 9 6 12 0 0 17 93 7 6 0 7 8 8 33 19 9 8 9 10
P10244 2041 4 6 0 0 0 0 0 6 9 21 0 10 7 6 6 7 6 0 10 7 8 7 0 0 10 35 14 7 0 0 0 -999
P10244 2041 5 0 0 0 18 26 43 50 49 62 86 56 21 10 22 35 25 64 240 295 306 378 384 146 16 10 8 8 12 0 12 20
P10244 2041 6 10 6 0 0 0 0 17 19 0 0 0 0 0 0 0 0 0 0 0 0 0 0 0 0 53 25 18 13 0 0 -999
P10244 2041 7 0 9 9 0 24 14 0 9 12 26 20 0 0 0 0 24 0 0 12 0 0 0 0 0 0 0 0 30 25 0 0
P10244 2041 8 0 17 0 0 0 0 0 0 0 34 72 137 177 212 243 102 0 0 0 97 123 131 171 247 255 41 0 0 0 0 12
P10244 2041 9 0 0 0 22 0 0 0 0 0 0 0 0 0 0 0 0 0 0 0 0 26 27 35 23 24 0 0 0 0 0 -999
P10244 2041 10 0 24 13 9 17 18 0 0 32 20 52 51 0 0 0 0 0 0 0 0 0 0 0 0 0 0 9 0 0 0 0
P10244 2041 11 0 0 0 0 10 0 0 0 0 0 23 14 0 12 14 9 10 0 9 0 0 78 9 0 12 7 0 0 0 0 -999
P10244 2041 12 0 0 6 9 110 25 0 0 0 0 0 0 0 14 0 28 76 97 9 9 13 0 10 12 0 0 6 6 0 0 0
P10244 2042 1 0 0 0 0 0 0 11 7 6 6 0 0 0 7 0 0 0 6 7 7 0 0 0 0 8 9 0 0 0 0 0
P10244 2042 2 0 18 10 0 0 0 0 0 0 0 0 0 0 0 0 0 0 0 0 0 0 0 0 0 47 14 9 0 -999 -999 -999
P10244 2042 3 0 0 0 0 7 11 0 0 0 0 12 0 11 0 0 14 10 0 0 304 12 7 6 0 0 6 0 0 10 0 11
P10244 2042 4 9 0 0 0 8 7 9 6 7 6 7 6 0 6 6 0 8 12 19 25 175 414 271 57 76 302 103 21 10 12 -999
P10244 2042 5 18 7 10 7 7 0 0 8 22 45 19 10 0 0 0 0 0 7 0 0 0 0 0 0 0 0 18 12 8 9 14
P10244 2042 6 13 13 16 18 19 23 27 36 19 16 0 12 14 0 0 0 0 0 16 0 18 0 0 0 0 0 0 0 0 0 -999
P10244 2042 7 0 0 0 0 15 26 19 9 12 15 0 12 19 36 37 12 0 8 0 16 49 40 10 0 0 0 0 10 22 20 13
P10244 2042 8 9 0 0 13 19 20 20 0 0 0 0 19 19 0 84 0 0 0 0 0 0 0 0 0 0 0 0 0 0 0 0
P10244 2042 9 52 74 78 57 80 0 0 0 0 0 0 0 0 0 0 0 32 0 0 33 56 37 39 0 0 0 0 0 0 0 -999
P10244 2042 10 0 0 0 0 11 17 0 27 18 18 31 34 85 105 21 20 0 0 0 7 7 6 7 0 0 0 0 0 0 0 0
P10244 2042 11 0 0 0 0 0 0 0 0 0 0 0 0 0 0 0 0 0 0 0 0 7 0 0 0 0 0 0 0 0 6 -999
P10244 2042 12 0 0 0 14 14 11 7 6 6 0 0 0 0 0 13 7 0 10 6 0 0 0 0 7 14 0 0 0 0 0 0
P10244 2043 1 0 9 9 0 0 9 18 0 0 0 0 0 0 6 6 0 0 0 0 13 0 0 6 6 6 0 0 0 0 9 25
P10244 2043 2 0 0 0 0 12 27 15 0 0 0 0 0 0 7 0 0 0 0 0 0 0 9 7 0 0 0 8 0 -999 -999 -999
P10244 2043 3 0 0 10 10 8 0 0 28 102 7 12 9 0 0 0 0 0 0 22 7 9 7 30 15 14 10 0 0 0 0 0
P10244 2043 4 7 6 0 9 0 0 0 0 0 11 22 0 0 11 14 13 92 35 11 16 7 0 0 0 0 0 0 0 0 0 -999
P10244 2043 5 15 127 253 144 15 0 0 37 17 0 114 0 0 0 0 0 0 10 35 190 245 347 401 200 24 12 16 8 0 9 12
P10244 2043 6 7 7 8 10 0 0 0 15 0 10 11 9 11 13 0 0 0 0 0 0 17 16 22 0 0 0 20 16 0 0 -999
P10244 2043 7 0 0 0 0 0 0 0 0 0 0 0 0 0 0 0 0 0 0 0 0 0 0 0 0 0 0 0 0 0 15 0
P10244 2043 8 0 0 0 0 0 0 0 0 0 0 12 16 13 0 0 0 0 0 0 78 23 0 0 0 0 18 11 0 15 9 0
P10244 2043 9 0 0 0 0 0 0 0 18 35 59 51 46 104 141 101 93 70 0 0 0 0 0 0 0 0 0 12 10 10 13 -999
P10244 2043 10 17 82 15 17 22 0 0 0 42 11 0 0 0 0 0 14 11 11 0 0 0 0 0 14 20 30 11 0 10 10 0
P10244 2043 11 0 0 0 0 0 0 0 0 0 0 29 15 22 79 0 0 0 0 0 0 0 6 0 0 0 6 7 0 0 9 -999
P10244 2043 12 8 0 7 0 0 0 0 0 0 0 0 0 0 0 7 8 0 0 13 7 7 0 0 0 0 0 0 0 0 0 0
P10244 2044 1 0 0 0 0 0 0 0 0 0 0 0 0 0 0 0 0 0 0 9 13 0 0 0 0 0 0 0 0 21 0 0
P10244 2044 2 0 0 0 0 0 8 8 0 0 0 0 14 46 0 0 0 0 0 0 0 0 0 0 18 13 21 38 11 -999 -999 -999
P10244 2044 3 8 6 6 6 6 6 6 0 6 6 6 7 0 0 0 0 6 11 9 7 7 10 8 0 0 9 8 9 6 0 7
P10244 2044 4 6 7 10 17 0 0 0 0 0 0 9 11 7 7 0 0 0 0 0 7 9 9 14 7 10 9 13 0 0 0 -999
P10244 2044 5 0 0 7 0 11 13 7 12 29 10 11 8 0 11 22 9 0 0 117 283 33 14 10 0 0 0 0 0 0 46 48
P10244 2044 6 19 0 0 0 0 35 16 0 0 0 0 0 0 0 0 0 0 0 0 0 0 10 16 25 71 17 0 0 0 30 -999
P10244 2044 7 0 0 0 0 0 0 0 0 0 0 0 0 0 0 0 0 0 0 0 0 0 0 44 32 0 0 0 0 18 13 0
P10244 2044 8 0 0 24 13 0 0 0 18 26 41 56 0 11 14 10 0 0 14 22 16 0 0 0 0 0 0 0 0 0 0 0
P10244 2044 9 0 0 0 0 0 0 0 0 0 0 0 0 0 0 0 0 0 0 0 43 37 0 0 0 30 20 21 0 0 0 -999
P10244 2044 10 16 18 70 29 0 0 0 0 0 0 0 0 0 0 0 0 0 0 55 10 20 30 13 0 18 0 0 0 0 0 0
P10244 2044 11 0 0 0 8 0 0 0 0 0 7 0 14 11 11 7 16 28 0 0 0 8 7 0 7 8 0 12 11 0 0 -999
P10244 2044 12 0 0 0 0 0 0 0 0 0 11 10 0 0 12 23 39 35 16 0 0 6 7 10 15 11 6 0 0 7 7 0
P10244 2045 1 13 20 14 0 0 0 24 44 18 7 8 0 14 29 10 0 6 10 11 0 11 25 18 14 0 0 0 0 0 0 0
P10244 2045 2 0 22 133 63 19 24 20 13 0 0 7 6 6 0 0 7 0 0 0 0 0 0 0 0 0 0 0 0 -999 -999 -999
P10244 2045 3 0 0 0 0 0 0 0 0 0 17 0 0 16 31 9 7 6 0 0 0 0 0 0 0 0 0 0 0 0 0 13
P10244 2045 4 17 0 0 0 0 20 20 15 0 0 8 0 0 0 11 17 26 18 0 0 0 18 11 0 0 0 0 9 14 12 -999
P10244 2045 5 0 9 0 0 0 0 58 81 17 10 6 7 0 0 0 0 0 11 0 0 0 0 0 0 0 0 0 0 7 9 10
P10244 2045 6 10 13 10 14 17 14 15 15 16 12 10 14 17 10 0 0 14 14 13 10 14 13 0 0 15 11 11 0 0 0 -999
P10244 2045 7 0 0 0 0 0 0 0 0 0 0 0 0 0 0 0 0 0 0 0 16 18 18 11 0 25 0 0 0 0 0 0
P10244 2045 8 0 0 0 0 0 8 12 0 0 0 0 0 0 0 0 0 0 0 0 0 0 0 0 0 0 0 14 20 17 16 14
P10244 2045 9 0 0 0 0 0 0 0 0 0 0 0 18 24 44 83 27 15 0 0 0 0 0 0 0 0 0 0 0 0 28 -999
P10244 2045 10 16 0 0 68 53 0 0 0 0 0 0 0 0 0 22 11 43 13 0 0 0 0 0 0 0 0 0 0 0 0 0
P10244 2045 11 0 37 38 0 0 0 0 0 0 0 14 6 0 0 0 0 22 10 8 0 0 0 0 10 8 0 10 7 0 0 -999
P10244 2045 12 0 0 0 7 6 6 6 15 12 0 0 0 0 0 0 0 0 0 0 0 0 0 0 0 0 0 0 9 0 0 0
P10244 2046 1 0 0 8 7 8 8 9 0 0 0 9 6 6 6 0 6 0 6 0 0 7 8 8 8 6 8 32 10 9 9 26
P10244 2046 2 39 294 218 83 21 25 17 19 14 13 12 10 16 15 11 17 10 6 0 0 6 6 6 6 6 6 7 8 -999 -999 -999
P10244 2046 3 9 177 11 6 6 0 13 45 24 7 9 0 10 6 7 7 15 6 6 8 10 8 7 0 0 0 0 13 17 6 6
P10244 2046 4 0 0 0 9 6 6 6 6 8 7 6 0 0 0 0 6 7 8 12 12 12 6 7 8 6 6 8 11 10 7 -999
P10244 2046 5 6 0 0 0 0 11 12 8 0 0 0 0 17 7 10 22 13 13 6 0 0 7 0 0 14 29 23 12 8 7 0
P10244 2046 6 0 0 0 0 0 0 0 0 0 16 69 31 23 26 20 12 6 0 31 52 31 13 0 0 0 15 11 0 0 0 -999
P10244 2046 7 0 0 0 0 0 0 79 0 0 0 0 0 0 0 0 0 0 0 0 0 0 0 0 0 0 0 0 0 0 11 0
P10244 2046 8 0 0 0 13 28 0 24 50 33 0 0 0 57 21 0 16 0 0 36 26 0 0 0 0 27 52 65 67 67 23 0
P10244 2046 9 0 0 0 37 78 134 133 100 73 42 0 0 0 0 45 52 38 0 0 0 0 0 0 0 0 0 15 16 20 0 -999
P10244 2046 10 0 59 40 40 65 30 13 20 8 7 0 0 0 0 0 0 0 0 0 0 7 0 8 0 0 7 0 0 12 0 0
P10244 2046 11 0 0 0 0 0 39 40 7 0 0 6 0 0 0 0 0 0 0 0 0 0 0 7 7 7 0 0 0 34 11 -999
P10244 2046 12 10 7 9 6 10 91 40 6 7 9 0 6 6 13 15 13 6 8 34 63 18 0 0 0 0 0 0 0 0 0 0
P10244 2047 1 0 0 0 0 0 0 0 0 7 0 0 0 0 0 10 15 12 9 8 7 16 13 8 8 0 0 0 0 0 0 0
P10244 2047 2 0 0 0 0 12 8 0 0 0 0 0 7 0 8 7 0 0 0 0 6 0 0 0 0 7 6 7 6 -999 -999 -999
P10244 2047 3 7 0 8 6 0 21 10 0 0 0 0 0 0 10 0 0 0 0 0 0 0 0 0 24 11 6 6 6 0 0 0
P10244 2047 4 8 6 0 0 0 0 0 13 19 15 16 7 6 0 14 7 6 0 6 9 0 0 0 0 0 0 8 12 12 0 -999
P10244 2047 5 0 0 0 10 16 10 14 33 33 59 95 112 93 26 16 55 55 45 82 19 10 0 0 0 0 0 0 0 0 0 0
P10244 2047 6 0 0 0 0 0 0 0 11 21 0 0 0 40 42 11 11 7 0 0 13 10 10 8 9 0 0 0 11 20 24 -999
P10244 2047 7 31 23 0 22 24 22 0 0 0 0 21 13 0 0 0 0 13 15 37 26 0 0 0 0 0 0 0 0 0 0 0
P10244 2047 8 0 20 0 0 0 0 0 0 0 0 0 41 29 14 10 0 0 0 20 29 40 53 41 28 0 0 0 18 0 0 15
P10244 2047 9 0 0 0 26 21 0 0 0 0 0 0 49 305 316 126 44 0 0 27 0 0 0 0 0 75 35 0 0 0 0 -999
P10244 2047 10 18 23 22 12 7 0 9 6 0 0 16 18 8 7 7 8 23 7 12 6 6 0 0 0 0 0 11 8 0 0 0
P10244 2047 11 0 0 0 0 0 0 0 0 0 0 0 14 11 7 0 0 0 0 0 0 0 0 0 0 0 0 0 0 0 0 -999
P10244 2047 12 0 0 0 0 0 0 0 0 0 0 0 0 0 0 0 0 0 0 0 0 0 0 0 0 7 6 7 6 0 0 0
P10244 2048 1 0 0 0 0 0 0 0 0 0 0 0 0 0 0 0 0 0 0 0 0 0 0 0 0 0 0 0 0 0 0 0
P10244 2048 2 6 0 0 0 0 0 0 0 6 0 0 0 10 11 0 10 7 7 8 7 0 0 0 0 0 0 0 0 -999 -999 -999
P10244 2048 3 0 0 0 0 0 12 19 79 22 0 15 8 0 0 10 46 9 0 0 8 8 0 0 0 0 0 7 6 7 6 6
P10244 2048 4 7 7 0 0 0 0 0 8 9 0 0 0 0 0 0 0 0 14 8 0 0 12 18 8 0 0 0 0 0 0 -999
P10244 2048 5 0 18 14 7 0 6 6 0 9 16 26 14 11 18 36 14 11 13 0 0 0 150 232 208 0 51 30 31 47 14 0
P10244 2048 6 0 0 0 0 10 0 0 0 0 12 0 0 0 0 0 0 0 0 0 0 0 0 0 0 0 0 0 13 0 0 -999
P10244 2048 7 0 0 0 0 0 0 0 0 0 0 0 48 28 61 0 0 24 0 0 0 0 0 0 0 0 0 0 0 17 0 0
P10244 2048 8 0 42 19 18 25 29 0 0 13 19 17 18 28 43 20 16 0 0 0 0 0 0 0 0 0 0 0 18 0 0 46
P10244 2048 9 65 66 0 0 0 0 0 0 17 20 26 13 0 0 0 0 19 32 14 0 0 0 23 0 0 0 0 0 27 9 -999
P10244 2048 10 0 0 0 0 0 9 7 0 0 0 0 0 0 0 0 0 0 0 0 17 0 0 0 0 0 0 0 0 0 0 0
P10244 2048 11 0 0 0 0 0 38 62 22 0 0 0 0 0 0 0 0 16 14 0 0 0 0 0 0 0 0 35 22 13 14 -999
P10244 2048 12 34 63 17 0 0 0 12 0 0 0 0 0 0 0 0 0 0 8 20 15 0 0 0 0 0 0 0 0 36 40 0
P10244 2049 1 0 0 0 7 24 0 0 8 9 16 9 0 0 0 0 0 0 0 0 0 0 16 26 14 8 8 10 11 9 10 0
P10244 2049 2 0 0 0 64 0 0 0 0 0 0 0 0 0 0 0 0 0 0 0 0 0 0 0 0 0 0 8 8 -999 -999 -999
P10244 2049 3 0 0 0 0 0 0 0 0 0 0 0 0 0 0 0 7 0 0 0 0 10 8 10 11 0 0 0 0 0 23 23
P10244 2049 4 19 0 13 0 0 0 0 0 0 0 0 0 0 0 0 0 17 18 0 0 0 12 7 0 0 24 7 0 0 7 -999
P10244 2049 5 7 0 7 6 7 7 8 12 15 9 6 0 0 0 7 7 0 0 8 12 84 17 11 24 38 8 15 63 8 0 0
P10244 2049 6 0 0 0 0 19 9 0 0 0 0 0 0 0 0 0 0 0 0 0 0 0 25 0 0 0 0 0 0 0 0 -999
P10244 2049 7 10 16 10 18 14 0 0 13 11 0 0 0 0 0 0 13 15 25 18 0 0 0 0 0 0 0 0 0 0 0 0
P10244 2049 8 0 0 0 0 0 0 12 0 0 0 16 0 0 0 0 0 0 0 14 0 22 0 0 0 0 0 0 0 0 0 0
P10244 2049 9 0 0 29 0 0 25 73 96 76 44 33 18 0 0 36 49 35 67 90 36 38 22 13 7 0 0 0 8 0 0 -999
P10244 2049 10 0 0 0 0 0 9 7 9 0 0 0 0 12 14 13 14 16 14 21 35 0 0 0 11 17 19 27 23 10 18 32
P10244 2049 11 27 27 0 12 11 9 9 7 9 7 10 8 13 7 10 47 60 11 7 0 0 0 0 0 8 0 0 0 0 0 -999
P10244 2049 12 0 0 7 7 6 7 0 0 0 0 0 0 0 0 0 6 11 9 9 9 11 6 0 0 0 0 0 7 39 31 14
P10244 2050 1 8 10 10 11 6 14 10 15 52 191 17 8 0 0 0 0 0 0 0 0 0 0 42 39 33 15 0 0 0 0 6
P10244 2050 2 9 0 0 0 0 0 0 0 0 0 0 0 0 0 0 0 0 0 0 19 23 21 0 0 9 7 0 0 -999 -999 -999
P10244 2050 3 0 0 25 28 100 245 175 52 47 56 93 47 28 12 8 0 7 7 0 9 30 19 9 10 12 0 0 0 10 9 39
P10244 2050 4 12 6 0 0 9 14 10 7 0 12 16 22 30 19 12 9 0 7 0 0 7 0 0 0 0 0 8 7 0 0 -999
P10244 2050 5 10 7 6 7 7 8 8 0 10 0 0 0 0 0 16 25 31 130 219 99 43 30 38 23 18 44 29 12 22 16 12
P10244 2050 6 10 15 17 13 0 0 0 0 0 36 10 0 0 10 19 35 11 0 0 22 0 0 0 0 0 0 20 19 26 0 -999
P10244 2050 7 0 0 38 62 43 30 29 21 23 21 19 18 18 15 14 0 0 0 0 0 0 0 0 0 0 0 0 0 24 32 19
P10244 2050 8 0 0 0 0 0 0 0 0 0 0 0 0 0 0 0 0 0 0 0 0 0 16 15 0 0 0 0 0 0 0 0
P10244 2050 9 0 0 0 0 0 0 0 0 0 0 0 0 0 0 0 0 0 0 0 0 0 0 0 0 10 18 24 17 36 14 -999
P10244 2050 10 0 15 0 0 0 0 0 0 0 0 0 0 20 88 49 23 20 13 12 19 27 18 29 12 10 8 6 8 0 0 7
P10244 2050 11 0 0 0 0 6 0 7 0 0 0 0 0 26 52 0 0 0 0 0 0 0 10 9 6 6 0 0 6 0 0 -999
P10244 2050 12 6 7 11 0 0 0 0 0 0 0 0 0 6 0 0 0 0 0 0 0 6 6 0 0 0 0 0 0 0 0 0
P10244 2051 1 14 0 0 0 0 0 0 0 0 0 0 0 0 9 9 0 0 0 0 0 0 0 0 0 0 0 0 0 0 0 0
P10244 2051 2 0 0 0 0 46 23 0 0 0 0 0 0 0 0 0 0 12 11 0 0 8 7 0 0 6 7 0 0 -999 -999 -999
P10244 2051 3 0 0 0 0 0 0 0 0 0 19 12 15 8 0 0 13 0 26 35 27 12 37 25 0 11 0 0 0 0 0 18
P10244 2051 4 17 14 12 11 0 0 0 0 0 0 46 55 187 78 16 16 0 17 8 8 0 0 10 19 21 13 0 17 12 31 -999
P10244 2051 5 15 11 8 12 22 171 201 128 96 30 18 26 23 10 6 0 0 10 13 7 0 0 0 170 256 240 64 16 0 0 0
P10244 2051 6 0 0 0 0 0 0 0 0 0 0 0 0 0 13 49 44 19 0 0 27 31 37 32 70 79 52 54 32 16 16 -999
P10244 2051 7 16 15 0 0 0 12 15 17 22 12 15 0 0 0 0 0 0 0 221 150 20 0 41 101 146 54 0 0 0 0 0
P10244 2051 8 0 0 0 0 0 0 0 0 0 22 20 0 0 0 0 0 0 0 0 41 112 39 0 0 0 13 0 0 14 0 0
P10244 2051 9 0 0 0 18 26 15 0 32 38 26 29 47 123 0 0 0 0 0 0 0 19 21 15 14 17 26 22 12 0 0 -999
P10244 2051 10 0 0 0 0 111 0 0 0 13 168 221 52 0 0 0 0 0 0 0 0 0 0 0 8 0 0 0 12 7 8 7
P10244 2051 11 8 19 17 10 8 10 0 0 0 0 0 0 0 0 0 7 9 8 7 0 0 0 0 0 0 0 0 0 0 0 -999
P10244 2051 12 0 0 0 0 0 0 0 0 19 13 0 0 0 6 0 9 10 13 6 0 0 0 0 0 0 0 0 0 0 0 0
P10244 2052 1 0 0 0 0 0 0 0 0 0 29 216 0 0 115 50 10 18 53 37 73 78 87 76 29 10 0 19 67 139 224 44
P10244 2052 2 12 15 85 209 14 13 29 13 8 62 194 51 15 11 10 26 18 9 0 18 0 0 0 0 19 8 0 0 -999 -999 -999
P10244 2052 3 0 0 0 0 0 0 0 0 0 0 0 0 0 0 18 57 12 0 26 33 10 0 9 7 0 0 7 0 0 0 0
P10244 2052 4 0 0 0 0 0 0 45 7 0 0 0 7 0 0 0 0 6 0 0 0 0 0 0 0 0 0 11 0 10 16 -999
P10244 2052 5 0 0 0 0 11 0 0 8 10 9 8 13 67 82 39 7 8 11 35 18 9 7 0 0 13 16 0 0 23 21 0
P10244 2052 6 22 48 74 88 117 201 194 0 0 16 48 30 18 18 18 15 16 13 13 13 0 0 14 20 22 20 0 0 0 12 -999
P10244 2052 7 0 0 0 0 0 0 0 0 0 0 18 25 33 31 0 28 29 0 35 22 17 25 15 0 0 0 0 15 13 11 14
P10244 2052 8 30 38 0 0 0 0 0 0 0 0 0 0 0 0 0 0 0 0 0 0 10 10 0 0 0 0 14 13 0 0 0
P10244 2052 9 0 0 0 0 0 0 0 0 0 0 0 0 0 0 0 9 11 10 0 24 0 0 0 0 11 12 0 0 0 0 -999
P10244 2052 10 0 0 0 0 0 0 0 0 0 0 0 0 0 24 43 25 19 0 0 0 0 0 0 0 0 24 0 0 0 0 0
P10244 2052 11 11 16 8 0 0 0 0 0 0 0 8 8 6 11 0 0 0 0 9 7 8 6 26 43 0 0 0 0 0 6 -999
P10244 2052 12 6 0 0 6 6 8 14 0 0 0 0 0 0 0 9 9 0 7 0 0 0 0 0 0 6 6 0 0 0 6 6
P10244 2053 1 0 0 0 0 0 0 0 0 11 0 16 0 9 6 0 0 0 6 7 125 173 0 104 244 87 0 0 12 0 0 8
P10244 2053 2 13 19 16 14 10 11 9 0 10 0 0 0 0 0 0 0 0 0 27 19 17 23 20 21 22 10 12 6 -999 -999 -999
P10244 2053 3 0 0 0 0 0 0 0 0 0 0 0 0 0 0 0 0 0 0 0 0 0 0 0 0 0 0 0 0 0 8 79
P10244 2053 4 40 14 6 6 6 0 0 0 0 10 12 18 60 43 30 7 0 0 0 0 0 16 25 192 556 416 533 515 457 112 -999
P10244 2053 5 38 32 11 0 0 0 0 0 0 0 0 0 0 0 0 0 0 0 0 0 0 0 0 0 0 0 0 0 12 12 7
P10244 2053 6 0 0 0 9 11 13 14 14 27 25 21 21 37 42 0 0 0 35 58 26 0 0 0 54 72 145 104 27 0 0 -999
P10244 2053 7 0 0 0 0 0 0 84 119 0 0 0 0 0 0 0 0 0 0 0 0 0 0 0 0 0 0 12 14 17 0 0
P10244 2053 8 0 17 18 19 22 21 17 0 0 12 10 0 0 0 0 0 0 0 0 0 0 0 0 99 334 231 53 0 25 35 12
P10244 2053 9 0 0 10 0 0 0 0 0 0 11 15 21 19 32 0 0 71 34 55 82 104 121 240 227 97 83 68 81 49 0 -999
P10244 2053 10 0 16 0 0 0 0 0 112 67 24 50 94 47 0 0 0 0 0 0 0 7 0 0 0 0 0 0 0 0 0 10
P10244 2053 11 0 0 10 7 0 0 0 0 0 12 47 31 0 0 8 7 7 7 7 0 0 7 0 0 0 0 0 0 0 0 -999
P10244 2053 12 0 0 0 0 0 0 0 0 0 11 16 31 29 7 6 0 0 0 0 0 0 0 9 45 0 0 0 0 76 90 52
P10244 2054 1 134 25 0 0 19 17 0 0 0 0 0 0 0 0 0 0 0 6 6 8 10 0 0 0 0 6 0 0 0 0 0
P10244 2054 2 0 0 0 0 0 0 0 7 0 0 0 0 0 0 0 0 0 0 0 0 0 0 0 0 0 0 0 0 -999 -999 -999
P10244 2054 3 0 0 0 0 0 0 0 0 7 0 0 0 0 0 0 8 8 0 0 0 0 0 0 7 0 0 7 0 9 0 0
P10244 2054 4 6 0 0 0 6 6 7 0 0 18 9 0 0 11 20 7 8 0 9 27 27 10 11 0 18 44 9 6 0 0 -999
P10244 2054 5 0 11 17 11 8 7 8 11 56 15 11 28 8 8 7 8 0 9 0 0 8 0 0 0 0 0 0 0 0 0 0
P10244 2054 6 0 0 0 0 11 0 0 0 0 15 13 14 0 0 0 0 0 20 0 0 0 27 16 0 0 0 0 0 0 0 -999
P10244 2054 7 0 0 0 0 0 0 0 0 0 0 0 0 0 0 13 18 38 27 0 11 0 0 0 0 0 0 0 0 0 61 0
P10244 2054 8 0 0 0 0 0 13 0 0 0 0 0 0 0 0 0 0 0 0 0 0 0 0 0 0 0 0 0 0 0 0 196
P10244 2054 9 116 65 50 55 67 81 139 174 138 0 0 0 0 19 46 26 24 28 19 0 0 0 49 25 14 37 19 0 0 0 -999
P10244 2054 10 0 0 0 48 26 21 24 40 15 13 0 14 34 11 13 0 0 0 0 0 31 109 10 0 8 8 0 0 8 0 6
P10244 2054 11 8 13 17 13 43 13 7 7 28 22 21 0 0 0 0 0 6 0 0 0 0 0 0 0 0 7 0 0 0 0 -999
P10244 2054 12 0 6 6 0 0 0 0 0 0 0 0 0 6 0 0 0 0 0 0 0 0 0 0 6 0 0 0 0 0 0 0
P10244 2055 1 0 0 0 8 9 13 25 56 0 0 17 58 39 12 39 90 12 16 10 15 6 17 21 8 11 0 0 0 0 11 24
P10244 2055 2 0 0 0 0 0 0 0 0 0 0 0 0 0 0 0 16 11 0 0 0 0 0 0 0 0 0 0 0 -999 -999 -999
P10244 2055 3 0 0 25 105 11 7 13 7 0 8 7 0 0 19 0 0 0 20 8 10 0 0 11 18 9 9 0 0 20 10 0
P10244 2055 4 0 0 0 0 0 0 6 6 0 6 0 0 6 6 0 0 0 0 8 11 137 142 71 458 417 143 64 22 8 10 -999
P10244 2055 5 11 15 18 14 19 81 95 48 0 0 11 15 41 106 120 30 11 0 0 9 9 8 0 0 0 0 0 0 0 22 31
P10244 2055 6 21 23 21 17 35 45 10 0 0 0 0 0 8 14 28 14 11 10 10 8 0 0 0 0 0 0 0 0 0 0 -999
P10244 2055 7 0 0 0 0 0 0 12 15 20 24 64 0 0 12 13 19 34 35 92 50 36 32 29 26 21 25 25 18 13 19 18
P10244 2055 8 0 0 0 9 14 18 0 0 0 0 0 0 0 0 12 15 0 0 0 0 12 11 10 0 0 0 0 15 18 19 16
P10244 2055 9 11 0 0 0 0 0 0 0 0 0 0 0 0 0 0 0 0 0 0 0 0 0 0 17 35 13 0 0 0 0 -999
P10244 2055 10 0 0 0 0 0 0 0 0 9 0 0 0 11 11 0 0 0 0 8 6 0 0 0 0 13 13 0 0 0 0 0
P10244 2055 11 0 0 0 41 17 0 42 195 21 13 0 0 0 0 0 0 0 0 0 0 0 0 9 7 9 0 0 0 0 8 -999
P10244 2055 12 8 9 11 9 0 0 0 0 0 0 0 27 15 11 0 0 0 0 0 0 0 0 0 0 0 0 0 0 0 0 0
P10244 2056 1 10 0 0 0 0 0 7 6 8 17 0 0 0 0 0 0 0 0 0 0 0 0 0 6 6 7 0 0 7 0 0
P10244 2056 2 11 0 0 0 0 0 0 0 8 0 0 0 0 0 0 0 0 0 0 0 0 0 0 9 23 0 0 0 -999 -999 -999
P10244 2056 3 0 0 0 0 0 0 0 0 0 28 15 8 7 0 0 36 20 8 0 0 0 7 0 7 9 20 16 17 11 16 30
P10244 2056 4 13 0 0 0 23 47 33 20 16 11 17 18 10 23 121 208 122 72 70 52 25 41 201 27 15 29 30 47 13 8 -999
P10244 2056 5 10 15 15 7 8 33 24 30 16 10 0 0 7 0 0 0 7 0 9 17 21 13 11 20 50 14 18 0 0 0 0
P10244 2056 6 26 54 27 22 21 15 8 11 0 0 0 0 0 0 0 0 0 0 0 0 0 0 0 0 0 0 0 0 0 0 -999
P10244 2056 7 0 31 62 0 0 0 0 0 20 26 0 0 0 0 0 0 0 0 0 0 0 0 0 0 0 0 0 0 0 0 0
P10244 2056 8 0 0 0 0 0 0 14 0 0 0 0 0 0 0 0 0 0 0 0 0 0 0 0 0 0 0 0 0 0 0 0
P10244 2056 9 0 0 0 0 0 0 0 0 0 68 250 155 30 17 0 0 0 0 0 0 0 0 0 0 0 0 0 0 0 0 -999
P10244 2056 10 164 29 18 11 0 0 0 0 0 40 35 0 0 0 0 0 0 0 0 0 0 0 0 23 61 43 0 0 0 0 0
P10244 2056 11 0 0 0 0 17 0 0 0 0 0 0 0 0 0 0 0 0 0 0 0 0 0 0 0 0 11 48 127 207 36 -999
P10244 2056 12 0 0 13 10 31 7 7 6 0 0 10 11 8 0 0 0 7 0 0 10 21 7 6 0 0 0 0 0 0 0 0
P10244 2057 1 0 0 0 0 0 0 0 0 0 0 0 0 0 0 0 0 0 0 0 0 0 0 0 0 0 0 7 10 9 6 0
P10244 2057 2 0 0 0 6 0 10 7 0 9 12 0 0 0 0 0 0 0 11 7 7 10 12 22 65 62 27 9 32 -999 -999 -999
P10244 2057 3 0 0 17 40 81 67 74 22 0 0 0 0 0 0 0 0 0 0 10 0 0 0 0 0 7 8 7 0 0 0 7
P10244 2057 4 7 7 0 19 38 0 0 0 0 0 28 24 18 20 8 15 9 7 9 7 8 0 0 0 0 0 0 0 13 0 -999
P10244 2057 5 0 0 0 10 9 9 0 8 13 11 10 10 11 11 12 11 21 21 12 7 0 0 7 8 8 12 21 18 9 8 8
P10244 2057 6 12 13 0 0 0 0 0 0 0 12 28 111 71 21 0 0 0 0 0 40 67 17 11 12 0 0 0 0 0 43 -999
P10244 2057 7 17 0 0 0 0 0 0 18 28 0 0 0 0 0 16 0 0 0 0 0 0 0 0 0 0 0 0 0 0 0 0
P10244 2057 8 0 0 15 0 0 0 0 0 0 16 17 0 0 15 19 27 51 45 35 33 27 30 52 85 58 26 0 19 0 0 0
P10244 2057 9 39 40 28 0 26 62 49 82 84 91 75 0 64 86 286 184 25 0 0 0 0 0 0 0 36 50 31 15 0 18 -999
P10244 2057 10 0 0 9 0 0 0 0 0 0 0 0 0 0 0 0 0 0 0 0 0 0 0 0 0 0 0 0 0 0 0 0
P10244 2057 11 7 6 0 12 14 30 14 10 33 21 37 114 9 0 0 0 6 0 0 0 6 0 0 0 0 0 0 0 0 0 -999
P10244 2057 12 0 0 0 0 0 0 0 0 0 0 0 0 15 13 9 7 0 0 0 0 0 0 0 0 0 0 0 0 0 0 0
P10244 2058 1 0 0 0 0 0 0 0 0 0 0 0 0 0 0 22 0 0 0 0 0 0 10 0 0 0 0 7 7 9 0 0
P10244 2058 2 0 0 0 0 0 8 0 0 0 0 0 0 0 0 0 0 0 0 0 0 0 0 0 0 0 0 0 0 -999 -999 -999
P10244 2058 3 0 0 0 0 0 0 0 0 0 0 0 0 0 0 0 0 0 0 0 0 11 6 0 8 9 9 6 6 6 6 0
P10244 2058 4 0 0 0 0 19 15 0 0 9 24 9 6 0 0 0 0 0 0 10 10 6 6 0 0 0 0 0 0 0 0 -999
P10244 2058 5 15 0 0 0 16 27 37 0 0 0 0 13 23 27 11 0 0 0 0 14 0 9 8 7 7 8 20 35 13 15 0
P10244 2058 6 25 26 0 0 19 0 0 0 0 0 28 16 0 15 0 0 0 0 0 18 9 0 0 0 0 0 0 0 0 0 -999
P10244 2058 7 0 0 0 0 0 0 0 0 0 0 0 0 0 11 9 0 0 16 15 0 0 0 0 0 0 0 0 0 0 0 0
P10244 2058 8 0 0 0 0 0 0 0 0 0 0 0 0 0 11 0 0 0 0 0 0 0 0 0 0 0 0 0 0 0 0 17
P10244 2058 9 0 0 0 0 0 0 0 0 0 0 0 0 0 14 0 0 0 0 0 0 0 0 0 11 0 0 0 0 0 0 -999
P10244 2058 10 0 0 0 7 9 0 0 0 0 0 0 0 0 0 0 0 0 0 0 0 0 15 16 16 0 0 0 0 0 0 0
P10244 2058 11 0 0 0 0 0 0 0 0 9 0 0 6 6 6 7 10 7 0 8 24 16 7 0 0 0 0 15 17 22 21 -999
P10244 2058 12 10 0 8 0 0 0 0 6 6 7 0 0 0 0 0 0 0 39 14 0 0 0 0 0 0 0 0 7 9 6 7
P10244 2059 1 11 8 6 6 6 6 0 0 0 0 0 0 0 0 0 0 0 0 0 13 18 0 0 0 0 0 0 0 0 0 0
P10244 2059 2 0 0 0 0 0 0 0 0 0 0 0 0 0 0 0 0 0 0 0 0 0 0 0 0 0 0 0 0 -999 -999 -999
P10244 2059 3 0 0 0 0 0 0 0 0 0 0 0 0 11 14 9 7 0 0 0 0 13 8 7 7 6 6 6 6 22 38 9
P10244 2059 4 8 0 0 0 0 0 0 0 0 0 0 10 13 8 0 0 0 0 0 0 0 14 22 89 70 29 22 234 130 12 -999
P10244 2059 5 0 0 15 25 286 26 12 19 24 27 17 19 23 17 0 0 10 11 19 20 10 0 0 0 0 0 0 0 0 0 0
P10244 2059 6 0 15 19 19 13 13 23 73 60 14 0 0 11 12 17 14 12 15 78 76 35 0 0 9 11 21 25 13 0 0 -999
P10244 2059 7 0 0 0 0 0 0 0 0 0 0 14 0 0 0 15 32 24 0 0 14 17 0 0 0 0 0 0 0 0 0 0
P10244 2059 8 0 0 0 0 0 0 0 16 47 0 0 0 0 0 0 0 0 0 0 0 0 0 0 0 30 18 0 0 0 0 0
P10244 2059 9 16 60 74 46 26 0 0 0 0 0 0 0 0 0 0 0 0 0 0 0 0 0 0 9 23 33 35 0 0 0 -999
P10244 2059 10 0 0 0 0 0 0 0 0 0 0 0 0 0 24 27 29 0 0 13 0 0 0 12 9 7 0 0 17 0 28 8
P10244 2059 11 9 11 16 24 151 97 0 0 7 0 0 0 0 0 0 43 35 13 0 0 0 0 0 17 11 0 0 11 31 0 -999
P10244 2059 12 0 0 0 0 0 0 0 0 0 6 0 0 6 6 7 13 0 0 0 0 0 0 0 0 0 0 0 0 0 0 0
P10244 2060 1 0 0 0 0 0 17 0 0 0 0 0 0 0 0 0 0 0 0 0 0 0 0 0 0 0 0 7 0 0 0 8
P10244 2060 2 0 0 0 0 6 10 0 0 13 15 7 9 7 0 99 66 8 6 6 6 0 6 7 8 8 7 7 6 -999 -999 -999
P10244 2060 3 6 6 6 0 0 16 14 115 6 0 0 0 0 0 0 0 10 26 16 8 101 36 7 6 0 0 0 10 9 0 7
P10244 2060 4 0 0 0 0 0 0 0 0 0 0 0 0 12 0 0 0 0 15 9 0 0 0 9 16 0 0 0 0 0 0 -999
P10244 2060 5 0 13 11 25 17 0 0 0 0 0 0 0 7 0 0 0 0 16 10 10 0 0 0 27 74 57 55 101 68 14 11
P10244 2060 6 15 37 68 81 33 17 40 17 0 0 16 11 10 14 0 0 0 0 28 0 26 16 0 0 0 12 0 21 0 0 -999
P10244 2060 7 0 0 0 0 0 0 0 0 0 0 0 0 0 0 14 19 55 39 0 0 0 0 0 0 16 40 49 20 0 0 0
P10244 2060 8 0 0 0 0 29 52 44 0 0 0 0 0 0 16 21 26 34 43 82 61 0 0 0 11 0 0 20 21 0 0 0
P10244 2060 9 0 0 0 0 0 0 0 0 0 0 0 0 0 0 16 17 13 14 10 9 0 0 0 0 0 269 52 0 0 0 -999
P10244 2060 10 0 0 0 15 0 0 0 0 0 0 0 0 0 14 7 0 0 0 0 0 0 0 0 0 8 0 0 0 18 11 10
P10244 2060 11 24 9 6 6 0 0 0 0 0 0 0 0 6 6 0 0 0 0 7 7 7 0 0 0 0 0 7 6 0 0 -999
P10244 2060 12 0 0 0 0 0 0 10 0 0 9 0 0 0 0 0 0 0 0 6 0 6 6 0 0 0 0 0 0 0 0 0
P10244 2061 1 0 0 0 0 0 0 0 0 0 0 0 0 0 0 0 0 0 0 0 6 7 0 11 0 107 11 8 0 0 0 6
P10244 2061 2 0 0 0 0 0 0 0 0 0 0 11 25 13 0 8 9 11 0 0 0 7 8 7 6 6 6 7 6 -999 -999 -999
P10244 2061 3 11 30 8 6 6 6 7 9 7 6 7 6 6 6 6 6 6 9 18 10 7 6 8 0 0 0 0 0 0 0 0
P10244 2061 4 0 0 0 0 0 12 17 48 352 77 47 35 107 73 16 17 106 420 49 9 6 0 0 8 10 13 27 61 44 28 -999
P10244 2061 5 89 235 98 101 46 30 16 0 0 0 11 0 0 11 27 0 0 0 0 0 0 0 0 0 0 23 17 24 20 29 43
P10244 2061 6 149 179 155 61 30 21 0 0 0 19 35 34 20 14 13 9 8 0 0 0 0 15 0 0 0 0 0 0 0 0 -999
P10244 2061 7 0 0 0 0 0 0 40 0 0 0 0 0 0 0 0 0 0 0 0 0 0 0 0 0 0 15 21 16 19 29 33
P10244 2061 8 31 0 0 0 10 16 26 0 0 0 0 0 0 0 0 0 0 0 0 0 0 0 0 22 0 22 19 21 22 0 0
P10244 2061 9 0 12 15 23 22 22 0 16 12 19 26 0 0 0 0 12 16 29 30 0 0 9 0 0 0 0 0 0 0 0 -999
P10244 2061 10 0 0 0 0 12 28 13 0 50 23 28 15 0 0 0 0 0 0 0 0 0 0 0 0 0 0 12 0 0 0 10
P10244 2061 11 7 0 0 12 0 0 0 0 14 0 7 0 0 0 0 0 0 0 0 0 0 0 0 0 0 0 0 0 0 0 -999
P10244 2061 12 0 0 0 0 0 0 0 10 0 0 0 0 0 0 0 0 0 0 0 0 0 0 0 0 0 0 0 0 0 0 0
P10244 2062 1 0 0 0 0 0 19 143 173 159 33 29 15 12 10 11 8 0 9 6 0 0 0 0 0 0 0 0 0 0 6 8
P10244 2062 2 6 10 6 7 6 0 0 0 8 7 7 0 0 0 0 0 17 25 58 39 148 178 38 41 253 19 6 0 -999 -999 -999
P10244 2062 3 0 0 0 0 0 0 7 0 0 0 0 0 0 13 0 12 11 0 0 0 0 0 0 0 0 15 6 0 0 0 0
P10244 2062 4 0 0 6 6 0 0 10 26 136 13 37 7 6 6 0 0 0 0 0 0 7 7 9 17 9 8 0 0 13 13 -999
P10244 2062 5 0 0 42 18 15 0 0 0 23 16 10 8 9 0 20 11 0 18 24 17 0 0 0 7 0 0 0 14 13 9 7
P10244 2062 6 9 9 9 8 8 0 0 0 8 0 16 14 23 13 0 0 17 22 17 0 0 0 0 0 0 0 0 0 0 0 -999
P10244 2062 7 0 0 0 0 0 0 0 0 0 0 0 0 0 0 0 0 0 0 0 0 13 14 14 0 0 14 16 48 0 0 14
P10244 2062 8 0 22 15 0 0 0 0 0 14 21 30 24 22 16 0 33 25 0 0 0 0 0 0 0 0 0 0 0 15 0 0
P10244 2062 9 19 25 0 0 0 0 0 0 0 0 0 0 0 0 0 0 0 0 0 0 0 0 0 19 0 0 0 0 67 81 -999
P10244 2062 10 24 14 0 0 0 0 0 20 14 18 23 0 0 0 0 0 0 0 0 0 10 9 0 0 0 0 64 217 38 0 0
P10244 2062 11 0 0 0 0 0 0 14 97 87 0 0 12 13 23 13 0 0 0 0 0 0 12 0 0 7 12 12 0 0 0 -999
P10244 2062 12 6 0 0 0 0 0 0 7 0 0 12 0 0 0 0 0 14 0 0 0 8 0 0 0 0 0 0 0 0 15 0
P10244 2063 1 0 0 0 0 0 0 0 0 0 0 0 0 0 0 0 0 0 0 0 0 0 9 0 0 0 0 0 6 9 0 0
P10244 2063 2 0 0 0 0 0 9 11 10 0 8 7 0 0 0 0 0 0 0 0 0 8 8 10 10 0 0 0 0 -999 -999 -999
P10244 2063 3 13 28 19 23 0 0 8 7 7 8 6 7 10 11 132 48 7 0 0 17 27 30 9 106 419 61 17 36 9 6 0
P10244 2063 4 0 20 14 0 0 0 0 0 0 8 11 7 8 0 0 32 45 28 0 0 0 7 9 7 9 0 9 29 23 7 -999
P10244 2063 5 7 0 0 0 0 0 0 0 0 14 14 12 15 19 11 8 7 8 8 6 0 7 6 0 0 0 0 0 0 0 0
P10244 2063 6 0 0 0 0 0 0 0 0 0 0 0 0 0 0 17 0 0 32 17 0 0 25 0 0 0 0 0 0 0 0 -999
P10244 2063 7 0 0 0 0 0 0 0 0 0 0 0 0 0 0 0 0 0 0 0 0 0 0 0 0 0 22 0 0 0 0 0
P10244 2063 8 0 0 0 0 0 0 12 18 23 0 0 0 0 0 0 0 0 0 0 0 0 0 0 0 0 30 35 35 27 24 0
P10244 2063 9 0 15 20 42 28 0 0 0 0 16 0 0 47 0 0 36 113 53 34 0 0 0 0 0 26 56 87 0 0 0 -999
P10244 2063 10 0 0 0 0 56 25 8 0 0 0 10 8 11 0 0 7 0 0 0 13 22 10 10 0 0 0 0 23 21 13 0
P10244 2063 11 0 0 22 0 0 0 0 0 0 0 8 0 0 0 0 0 0 0 0 0 7 0 0 0 13 10 0 0 7 0 -999
P10244 2063 12 0 0 0 0 0 0 0 0 0 0 0 0 0 0 0 0 0 0 0 0 0 0 0 0 0 0 0 0 0 0 0
P10244 2064 1 0 0 0 0 12 0 0 0 0 0 8 0 0 0 10 7 18 102 0 0 17 111 256 143 17 0 0 0 0 0 0
P10244 2064 2 0 0 0 9 15 0 0 0 0 0 0 0 0 152 14 10 12 0 0 0 0 0 0 0 0 18 86 60 -999 -999 -999
P10244 2064 3 21 13 17 32 11 6 0 0 0 0 0 6 0 0 0 0 0 0 7 0 0 0 13 7 6 0 6 0 0 0 0
P10244 2064 4 0 0 38 86 108 36 14 10 8 0 0 0 0 0 0 0 12 8 6 7 0 0 0 34 34 0 0 52 16 0 -999
P10244 2064 5 0 26 8 7 0 0 0 0 0 0 9 7 7 6 7 9 0 0 0 19 10 13 23 43 19 12 14 26 18 15 23
P10244 2064 6 30 23 20 0 23 16 0 0 0 14 18 11 0 0 0 0 0 0 25 23 17 0 0 26 16 16 31 26 31 33 -999
P10244 2064 7 30 32 0 0 0 79 32 11 10 10 8 9 13 16 20 25 25 28 0 58 48 33 27 23 22 16 0 0 0 0 0
P10244 2064 8 0 0 18 13 0 0 0 0 14 16 18 25 35 17 14 28 54 72 30 0 0 0 0 13 0 39 33 0 0 0 0
P10244 2064 9 0 0 0 0 0 0 0 0 0 42 67 94 73 42 0 0 0 0 17 24 22 100 72 14 0 0 20 12 7 0 -999
P10244 2064 10 0 0 0 0 0 0 0 0 0 17 53 45 49 0 0 0 0 0 0 0 0 0 0 0 7 10 0 0 0 0 0
P10244 2064 11 0 0 0 0 0 6 6 7 6 0 0 0 0 0 8 7 0 0 0 0 0 0 0 86 24 0 0 0 0 26 -999
P10244 2064 12 11 0 0 0 0 0 0 0 0 12 8 0 0 0 0 0 0 0 0 0 12 0 0 0 0 0 0 0 0 0 0
P10244 2065 1 9 12 12 9 6 11 82 333 34 95 26 6 6 7 0 0 0 0 0 0 0 0 0 8 0 0 0 0 0 0 0
P10244 2065 2 0 0 11 11 0 0 0 0 0 0 0 0 0 0 0 0 0 0 0 0 0 0 0 0 0 0 0 0 -999 -999 -999
P10244 2065 3 0 0 0 0 0 0 10 0 0 12 0 0 0 0 0 0 0 0 0 0 0 0 0 0 11 34 10 10 7 10 57
P10244 2065 4 13 7 11 16 10 19 0 0 0 0 37 143 225 329 191 23 10 0 0 0 0 0 0 0 11 16 13 0 14 13 -999
P10244 2065 5 6 6 0 0 12 13 15 62 55 12 11 8 7 9 10 10 0 6 0 0 8 0 0 0 0 0 0 0 0 0 11
P10244 2065 6 15 22 10 14 17 9 9 8 9 26 27 18 8 0 0 0 0 16 0 0 28 68 41 0 0 0 0 0 0 0 -999
P10244 2065 7 0 0 0 0 0 0 0 0 0 0 0 0 0 24 0 0 0 0 0 13 0 0 0 0 0 0 0 0 0 0 0
P10244 2065 8 0 0 0 0 0 0 0 0 0 0 0 17 29 42 26 27 0 0 0 0 0 0 0 0 0 0 0 0 0 0 0
P10244 2065 9 0 0 0 14 0 0 0 0 0 0 0 0 0 29 30 23 18 10 0 10 40 146 90 57 62 0 0 24 12 0 -999
P10244 2065 10 0 0 0 0 0 0 0 11 13 31 50 0 0 0 0 0 0 0 17 0 0 0 0 9 0 0 0 0 0 0 0
P10244 2065 11 0 8 0 0 6 6 0 0 8 0 0 0 0 0 0 0 0 0 0 0 0 0 0 0 0 10 12 0 0 0 -999
P10244 2065 12 0 0 0 0 0 0 0 0 0 0 0 0 0 0 0 0 0 0 0 9 13 13 156 211 10 0 0 0 16 0 0
P10244 2066 1 0 0 0 0 0 0 0 0 0 0 0 0 0 0 11 17 0 0 0 0 0 0 0 0 0 0 0 0 0 0 0
P10244 2066 2 0 0 0 0 0 0 0 17 15 0 0 0 0 0 0 0 13 72 20 0 0 0 0 16 0 10 0 0 -999 -999 -999
P10244 2066 3 12 15 31 48 439 14 7 12 205 59 8 0 0 18 8 6 7 7 0 9 24 12 7 6 6 0 0 0 0 13 10
P10244 2066 4 0 0 0 0 0 0 13 25 17 0 0 0 0 0 0 7 7 7 10 0 9 10 10 0 0 0 0 0 0 0 -999
P10244 2066 5 0 0 0 0 0 0 0 0 0 12 19 53 24 18 21 15 18 12 0 11 14 19 25 11 33 75 32 0 0 8 10
P10244 2066 6 15 12 0 0 0 0 0 9 15 8 0 0 0 0 0 0 0 0 0 8 23 0 0 0 0 0 0 0 0 0 -999
P10244 2066 7 0 0 22 51 19 20 16 0 20 43 50 46 28 19 0 0 0 0 10 18 56 45 22 0 0 0 0 0 15 11 0
P10244 2066 8 0 0 0 0 0 0 0 0 0 0 0 0 0 0 0 26 38 0 0 0 0 16 0 0 0 0 21 23 0 29 26
P10244 2066 9 21 0 0 0 0 0 22 38 0 0 0 0 0 9 11 12 16 28 20 0 0 0 0 0 0 0 0 0 0 9 -999
P10244 2066 10 0 0 0 0 0 0 0 0 0 0 0 0 0 21 9 0 0 8 0 0 0 0 21 17 23 19 0 16 15 13 18
P10244 2066 11 13 9 0 0 0 0 46 70 70 141 52 17 0 0 0 0 0 9 14 8 7 7 0 0 0 0 20 14 7 0 -999
P10244 2066 12 13 151 153 24 0 0 0 0 11 0 0 13 7 7 6 6 0 7 9 0 0 0 10 9 6 15 8 9 11 0 0
P10244 2067 1 0 15 29 188 302 203 170 249 191 13 7 8 97 202 16 8 9 22 26 11 0 24 60 75 23 7 7 7 18 110 82
P10244 2067 2 16 13 10 7 0 6 0 0 0 7 0 11 16 0 0 0 0 0 7 8 22 21 12 8 8 7 8 8 -999 -999 -999
P10244 2067 3 0 8 8 0 0 0 0 0 0 0 0 0 7 0 0 0 0 0 0 0 0 0 0 15 9 7 0 69 14 8 0
P10244 2067 4 0 0 0 0 0 10 10 30 17 6 7 0 8 12 18 31 12 6 8 11 10 11 8 0 8 8 8 7 7 0 -999
P10244 2067 5 0 0 0 0 0 39 78 23 18 64 16 12 13 11 9 9 0 8 18 41 20 10 7 0 0 0 0 0 0 0 10
P10244 2067 6 10 7 0 0 0 0 20 78 143 0 0 0 20 13 11 13 0 0 0 0 0 0 18 0 0 0 0 0 0 0 -999
P10244 2067 7 0 0 0 0 0 0 0 0 0 0 0 0 0 0 0 0 0 0 0 0 0 0 0 17 13 0 0 0 0 16 0
P10244 2067 8 0 0 0 0 0 0 0 0 0 0 0 0 0 0 0 0 0 0 0 0 0 11 9 0 0 0 0 0 0 0 0
P10244 2067 9 0 0 0 0 0 0 30 67 0 0 0 0 0 0 0 0 0 0 0 0 0 14 0 0 30 40 82 69 81 0 -999
P10244 2067 10 0 35 28 23 15 16 23 112 133 30 13 13 8 10 0 0 0 0 0 0 0 0 0 0 0 0 0 0 0 0 0
P10244 2067 11 0 0 0 13 8 8 38 18 7 0 0 0 0 0 0 7 0 0 18 0 0 0 0 0 0 6 7 0 0 0 -999
P10244 2067 12 0 0 0 0 17 12 0 0 0 0 0 11 7 0 0 0 0 0 0 0 0 0 0 0 0 0 0 0 0 0 0
P10244 2068 1 0 0 0 0 0 0 0 0 0 0 0 0 0 0 0 0 0 18 8 9 14 30 18 0 0 0 12 9 10 0 8
P10244 2068 2 7 0 0 0 0 0 10 19 37 169 8 0 67 11 25 36 22 0 0 0 0 0 0 10 26 12 0 0 -999 -999 -999
P10244 2068 3 0 0 0 8 22 57 20 0 0 256 17 9 8 0 0 0 0 9 10 19 7 7 0 18 0 0 0 0 0 0 0
P10244 2068 4 0 0 0 0 6 7 6 0 0 0 0 0 0 0 0 0 0 0 0 0 7 7 7 8 11 0 7 8 6 6 -999
P10244 2068 5 0 0 0 13 89 298 125 9 8 0 0 24 50 8 9 12 12 17 18 21 18 9 0 0 10 11 10 0 0 81 51
P10244 2068 6 30 16 15 15 9 0 0 0 0 0 0 0 9 0 0 0 0 0 0 0 0 0 0 0 0 0 0 0 0 0 -999
P10244 2068 7 0 0 0 0 0 0 0 0 0 0 0 0 0 0 0 0 0 0 0 0 0 0 0 0 0 0 17 26 0 0 0
P10244 2068 8 0 0 0 0 0 0 0 0 0 0 0 0 0 0 0 0 0 0 0 0 0 0 0 15 14 20 10 0 0 0 0
P10244 2068 9 0 0 0 0 0 0 0 0 0 0 0 0 21 0 0 0 0 0 27 67 44 32 24 0 53 22 18 13 17 74 -999
P10244 2068 10 0 21 21 0 11 0 0 0 8 0 0 0 26 52 0 0 0 0 14 0 0 0 18 11 6 7 0 0 0 0 0
P10244 2068 11 0 0 0 0 0 0 0 0 0 0 0 0 0 0 0 0 6 6 0 0 0 19 9 0 0 0 0 0 42 36 -999
P10244 2068 12 0 0 0 0 11 19 12 0 0 0 10 0 0 0 0 0 34 52 0 0 0 0 0 0 0 0 6 0 0 0 0
P10244 2069 1 0 0 0 0 0 0 0 6 6 16 11 7 8 7 0 0 0 0 0 0 0 0 0 0 28 16 11 8 9 22 8
P10244 2069 2 6 6 6 0 7 13 6 0 0 10 7 6 6 6 7 7 10 0 0 0 0 0 0 0 0 0 0 0 -999 -999 -999
P10244 2069 3 0 11 10 8 9 0 0 16 11 9 9 8 8 0 0 0 0 0 0 0 0 0 0 0 0 0 0 0 9 6 0
P10244 2069 4 0 6 0 0 0 0 8 33 10 7 19 10 7 9 12 11 0 0 12 10 6 0 0 0 0 0 0 0 19 35 -999
P10244 2069 5 20 7 7 0 0 11 29 35 8 7 0 0 0 0 0 9 8 7 10 20 12 8 0 0 14 20 14 13 11 7 0
P10244 2069 6 0 11 23 0 0 0 0 0 0 0 60 35 0 0 0 0 15 0 0 0 37 0 0 57 28 0 0 0 0 0 -999
P10244 2069 7 11 15 14 0 0 0 0 0 0 0 56 32 23 22 0 0 0 0 39 0 0 0 0 17 18 0 0 0 17 0 0
P10244 2069 8 0 0 0 0 0 0 0 0 0 0 0 0 0 0 0 19 26 21 0 0 0 24 121 151 94 32 24 0 0 0 0
P10244 2069 9 0 0 67 139 0 0 0 0 0 0 0 0 0 0 43 0 26 25 40 20 0 0 10 0 9 9 11 8 0 0 -999
P10244 2069 10 0 23 34 0 0 0 0 0 0 0 0 0 0 0 0 0 9 6 0 6 7 22 14 7 7 7 7 0 0 0 0
P10244 2069 11 18 20 0 0 0 0 0 0 0 30 240 505 547 291 47 11 21 0 0 0 0 0 0 0 13 0 0 0 10 6 -999
P10244 2069 12 6 0 8 117 190 482 199 8 0 0 0 0 0 0 0 0 0 0 0 0 0 0 0 7 0 0 0 0 0 0 0
P10244 2070 1 0 25 0 0 0 0 0 0 0 0 0 0 0 0 0 0 0 0 6 6 0 12 20 13 6 6 6 6 0 9 14
P10244 2070 2 11 8 7 8 0 0 0 0 9 7 7 11 12 0 0 36 47 10 0 0 0 0 10 8 9 9 16 10 -999 -999 -999
P10244 2070 3 14 8 0 0 0 0 13 14 18 83 94 64 8 9 0 0 0 0 0 0 0 10 7 0 17 14 0 0 0 0 0
P10244 2070 4 17 40 10 7 0 8 6 6 6 6 0 7 6 0 0 8 8 8 8 0 8 14 9 6 7 7 6 10 13 12 -999
P10244 2070 5 0 0 0 0 11 12 12 12 0 0 0 0 15 138 13 9 0 0 0 0 0 0 0 0 23 12 0 17 36 37 71
P10244 2070 6 194 189 50 17 15 17 0 0 0 13 13 17 19 111 158 48 0 0 0 0 0 0 0 0 0 0 0 0 0 0 -999
P10244 2070 7 34 19 0 0 0 0 0 0 0 0 0 0 14 0 0 0 0 0 0 0 0 0 0 0 0 0 0 0 0 0 29
P10244 2070 8 63 28 0 0 0 0 0 0 18 0 0 0 0 0 0 0 0 0 0 0 0 0 0 0 0 0 0 0 0 0 0
P10244 2070 9 0 0 0 0 18 21 20 0 0 0 0 0 0 0 0 37 0 0 0 0 0 0 35 47 98 120 40 106 37 35 -999
P10244 2070 10 41 54 100 48 0 22 47 98 136 131 30 58 78 42 23 39 41 11 0 64 11 17 10 0 0 0 0 0 0 0 22
P10244 2070 11 188 271 141 0 9 0 0 0 11 11 0 0 8 7 7 0 0 14 0 0 0 0 0 0 0 0 0 0 0 7 -999
P10244 2070 12 7 0 0 0 0 0 0 0 0 0 0 0 0 0 0 0 0 0 6 0 0 7 0 0 0 0 0 6 6 6 6
P10244 2071 1 0 0 0 7 6 7 8 7 7 9 6 6 6 6 8 24 354 179 104 10 11 12 0 8 11 7 0 0 0 0 6
P10244 2071 2 0 0 0 0 0 7 0 0 0 0 0 0 0 0 0 0 0 0 0 0 0 6 6 0 0 8 9 0 -999 -999 -999
P10244 2071 3 0 0 0 0 0 0 0 0 0 6 6 0 0 0 0 13 22 19 15 0 0 0 0 0 0 0 0 0 0 13 0
P10244 2071 4 0 0 0 0 39 14 8 8 0 0 0 0 0 0 0 9 8 0 0 0 19 29 20 31 11 0 0 0 0 0 -999
P10244 2071 5 0 0 0 0 0 12 11 0 10 0 0 0 0 0 14 0 0 12 13 18 18 44 17 14 0 9 10 10 0 13 16
P10244 2071 6 18 33 44 21 17 47 62 12 0 0 9 12 16 12 0 0 0 0 0 0 0 0 0 0 0 0 0 0 0 0 -999
P10244 2071 7 0 0 0 0 0 0 0 10 0 0 0 0 0 0 0 0 0 0 0 0 0 0 0 14 18 0 0 0 0 0 0
P10244 2071 8 0 0 13 10 12 20 0 0 0 20 16 19 33 22 23 0 0 0 0 0 0 0 0 0 0 0 0 18 14 0 0
P10244 2071 9 0 0 12 18 0 0 0 0 30 31 0 0 0 0 0 0 0 0 0 14 20 62 21 0 0 0 0 0 0 0 -999
P10244 2071 10 0 0 14 0 0 0 0 10 12 15 12 6 0 0 0 13 0 0 0 0 0 0 0 0 13 0 0 0 0 0 0
P10244 2071 11 0 7 6 0 0 0 0 19 68 42 16 10 0 0 0 0 12 12 0 0 0 0 0 0 0 0 0 7 8 0 -999
P10244 2071 12 0 0 0 0 0 0 7 14 0 0 0 0 0 0 0 0 0 6 9 0 0 0 0 0 0 0 0 0 0 0 0
P10244 2072 1 0 0 0 0 0 0 9 11 0 6 6 8 7 0 0 8 0 0 0 0 0 0 17 30 0 0 0 7 8 6 6
P10244 2072 2 6 0 0 0 0 7 0 0 0 0 6 0 9 31 12 81 55 35 10 33 12 7 8 7 7 0 0 11 -999 -999 -999
P10244 2072 3 0 0 0 0 13 15 10 6 6 0 0 0 9 0 0 0 0 0 13 27 38 29 40 26 8 0 0 154 363 12 0
P10244 2072 4 0 0 0 0 18 169 30 134 275 42 25 12 9 24 168 225 22 10 11 21 89 61 364 380 139 120 183 374 387 71 -999
P10244 2072 5 39 19 14 58 27 10 11 13 17 101 15 9 7 7 7 10 15 16 16 19 27 32 13 0 0 0 0 11 12 15 14
P10244 2072 6 20 21 96 116 15 0 0 22 35 18 27 0 0 0 24 20 12 8 12 7 0 0 17 15 19 31 29 0 0 0 -999
P10244 2072 7 0 0 0 0 0 0 0 0 0 15 0 0 0 0 0 0 0 0 0 0 0 0 0 13 16 0 0 16 16 0 0
P10244 2072 8 0 0 0 0 0 0 0 0 0 0 0 0 0 0 15 23 31 26 28 18 0 0 0 19 0 0 0 0 0 0 0
P10244 2072 9 0 0 94 52 0 0 0 0 0 0 0 25 28 29 30 46 26 13 23 17 0 0 0 0 0 0 23 53 55 19 -999
P10244 2072 10 17 13 0 0 0 0 0 0 0 0 0 0 0 0 14 10 10 9 8 8 0 0 0 16 0 20 0 0 0 13 0
P10244 2072 11 0 0 0 0 0 0 17 30 16 17 7 7 7 14 42 109 34 0 0 0 0 0 0 0 33 12 27 18 46 22 -999
P10244 2072 12 12 7 0 0 0 0 0 0 0 0 0 0 7 0 0 0 0 0 0 0 0 0 0 0 0 0 0 0 0 0 0
P10244 2073 1 0 0 0 0 0 0 11 0 0 0 0 0 0 0 0 0 0 0 0 0 0 0 0 0 0 0 0 0 0 0 0
P10244 2073 2 0 0 0 8 6 0 0 0 7 7 15 32 23 11 6 6 7 24 17 0 0 0 0 0 0 0 0 0 -999 -999 -999
P10244 2073 3 0 0 0 0 0 0 0 8 8 8 9 0 0 0 0 0 9 0 8 9 6 7 6 0 0 0 0 0 0 0 0
P10244 2073 4 0 10 11 9 0 0 0 0 0 8 0 0 0 0 0 94 32 0 22 17 0 0 10 0 29 17 9 0 0 0 -999
P10244 2073 5 0 11 18 0 0 0 0 0 8 16 0 0 0 0 8 17 8 7 13 11 6 0 9 14 8 0 7 7 0 0 10
P10244 2073 6 0 0 0 0 0 0 0 0 0 0 0 0 11 9 8 0 0 0 0 17 25 27 16 0 0 0 11 11 0 0 -999
P10244 2073 7 0 0 0 0 0 0 50 43 0 0 0 0 0 0 0 0 0 0 0 0 0 0 0 0 0 0 0 0 0 24 42
P10244 2073 8 0 0 0 0 83 158 43 0 0 0 9 12 22 36 0 0 84 100 180 176 43 0 0 0 0 0 76 99 0 0 0
P10244 2073 9 0 0 0 31 16 22 20 14 0 0 0 12 12 0 0 0 0 0 0 60 40 0 0 0 0 0 0 27 26 0 -999
P10244 2073 10 0 12 0 0 0 0 0 41 8 0 0 17 27 27 20 20 14 0 0 18 0 0 0 0 0 50 23 21 12 18 27
P10244 2073 11 0 48 10 13 0 0 40 176 12 7 7 6 7 8 0 0 0 14 0 11 14 0 0 0 0 16 14 10 10 0 -999
P10244 2073 12 0 34 13 12 7 0 6 0 0 0 0 0 0 0 0 0 6 6 0 0 0 0 0 0 0 12 0 0 0 0 0
P10244 2074 1 0 0 0 0 0 0 0 0 0 0 6 0 0 0 0 0 0 0 8 19 25 0 0 0 0 0 0 9 24 21 12
P10244 2074 2 0 0 0 0 0 0 0 0 0 7 0 0 0 0 0 0 0 0 0 0 0 0 0 0 0 0 17 21 -999 -999 -999
P10244 2074 3 0 0 17 11 18 0 0 0 0 0 0 0 0 0 0 0 0 0 0 0 9 7 0 0 0 0 0 0 0 0 11
P10244 2074 4 33 19 0 0 0 0 0 0 0 0 0 0 0 0 0 0 0 0 0 0 0 0 0 0 14 21 14 6 0 0 -999
P10244 2074 5 0 10 14 36 162 214 76 14 12 37 119 64 11 8 0 0 0 0 0 11 13 7 0 0 0 0 0 14 33 14 0
P10244 2074 6 0 0 0 0 0 0 0 0 0 0 0 0 0 19 22 0 11 8 19 21 0 0 21 0 0 0 0 0 0 0 -999
P10244 2074 7 0 0 134 102 18 0 0 0 0 0 0 0 0 0 0 0 0 0 0 0 0 0 0 0 22 18 0 0 0 0 15
P10244 2074 8 0 0 0 0 0 0 0 0 0 0 0 0 16 0 0 0 0 0 0 0 0 0 0 0 0 0 0 0 0 0 0
P10244 2074 9 0 0 0 0 14 0 0 0 35 24 0 0 0 0 0 0 0 0 0 0 0 0 0 17 0 18 12 11 0 0 -999
P10244 2074 10 0 0 0 0 0 0 0 0 13 8 7 0 0 0 0 0 0 0 19 10 0 0 0 0 0 0 0 0 22 9 0
P10244 2074 11 0 0 0 0 0 0 0 0 0 0 17 50 0 19 0 0 14 30 125 41 327 193 14 0 0 23 17 13 10 13 -999
P10244 2074 12 0 0 0 0 16 30 0 0 0 0 0 0 0 108 48 25 14 6 0 0 0 0 9 8 74 91 27 76 26 7 6
P10244 2075 1 13 175 364 9 8 7 6 6 7 6 6 0 0 7 6 0 8 0 0 0 0 0 0 0 0 65 0 0 0 8 8
P10244 2075 2 6 0 0 0 0 9 6 6 0 0 0 0 0 0 9 11 8 0 0 9 25 21 8 6 0 0 0 0 -999 -999 -999
P10244 2075 3 0 0 0 0 34 393 137 0 0 217 32 0 32 7 7 0 0 0 8 7 6 0 29 11 7 0 9 10 10 0 10
P10244 2075 4 9 7 0 0 0 0 0 0 7 0 0 8 0 0 0 0 0 0 7 6 0 0 9 8 12 24 22 73 61 0 -999
P10244 2075 5 0 85 171 19 8 16 19 11 9 7 9 25 36 13 8 7 7 19 12 34 9 8 0 0 0 0 0 0 0 0 0
P10244 2075 6 0 0 0 0 13 13 0 0 0 0 8 0 0 0 0 0 0 0 0 0 0 0 0 0 21 0 0 0 0 0 -999
P10244 2075 7 0 0 0 0 0 0 0 0 0 0 0 0 19 50 360 48 0 0 0 0 0 0 0 0 0 0 74 50 0 0 27
P10244 2075 8 0 0 0 0 0 19 0 0 0 0 0 20 14 14 0 0 26 19 14 11 15 24 37 62 16 0 0 0 0 0 0
P10244 2075 9 0 0 0 0 0 0 0 0 0 0 0 0 0 0 0 0 0 0 0 0 0 0 0 0 0 25 50 34 0 0 -999
P10244 2075 10 0 0 15 10 0 0 0 0 9 0 0 0 0 0 0 0 0 0 30 14 6 0 0 0 0 0 0 14 12 0 0
P10244 2075 11 0 0 0 30 51 15 30 33 15 7 0 0 6 6 6 0 8 8 0 0 0 0 0 0 0 0 0 14 0 0 -999
P10244 2075 12 0 0 6 0 0 0 0 12 15 13 0 7 6 0 0 0 0 0 0 0 0 0 0 0 0 0 11 0 0 0 0
P10244 2076 1 0 0 0 0 9 0 0 0 0 0 0 0 0 0 0 9 0 0 0 0 0 0 0 0 0 0 0 8 0 0 0
P10244 2076 2 0 0 0 0 0 0 0 0 8 6 0 0 0 0 0 0 0 0 0 0 0 0 0 0 0 0 0 0 -999 -999 -999
P10244 2076 3 0 0 0 0 0 8 11 9 22 185 30 14 0 0 0 0 14 38 7 0 0 0 0 0 0 0 0 0 0 0 0
P10244 2076 4 0 12 10 25 11 0 0 0 0 0 0 0 13 0 0 11 0 0 0 0 287 340 154 39 0 0 0 33 16 11 -999
P10244 2076 5 20 46 18 7 7 0 0 0 9 0 0 7 12 21 10 0 0 12 26 70 26 15 12 8 0 18 67 18 8 9 9
P10244 2076 6 0 18 12 0 0 0 10 10 9 0 0 0 0 14 14 11 12 18 0 0 0 10 9 10 13 14 0 13 15 18 -999
P10244 2076 7 0 0 12 11 0 0 0 0 22 26 21 0 0 0 0 0 0 0 0 0 25 0 0 0 0 0 0 0 0 0 0
P10244 2076 8 0 0 0 0 19 0 0 0 0 0 0 0 0 0 0 0 0 0 0 0 0 0 0 0 23 0 0 0 0 0 29
P10244 2076 9 26 25 36 19 0 0 0 0 0 0 0 0 0 0 13 28 37 37 15 0 0 0 29 18 0 0 24 32 27 7 -999
P10244 2076 10 0 0 0 0 0 0 0 0 0 0 0 57 124 45 95 7 0 0 0 0 0 0 11 0 0 0 0 0 0 0 0
P10244 2076 11 0 0 0 0 0 0 0 0 0 0 0 0 19 22 33 57 261 187 8 0 0 0 0 0 14 19 0 0 0 0 -999
P10244 2076 12 0 0 0 0 0 0 0 0 0 0 0 0 0 0 0 7 14 58 0 0 0 0 0 0 0 0 0 0 0 0 10
P10244 2077 1 21 0 0 0 0 0 0 0 0 0 0 0 0 0 6 0 0 0 14 87 0 0 41 36 9 0 7 6 0 0 0
P10244 2077 2 0 0 0 0 9 27 16 13 47 24 0 0 0 0 0 0 0 0 0 0 0 0 0 0 0 0 0 0 -999 -999 -999
P10244 2077 3 0 0 0 0 7 11 9 13 0 0 19 0 16 23 24 109 70 457 63 13 19 16 9 11 14 8 7 0 0 6 7
P10244 2077 4 8 0 0 0 0 0 0 14 9 0 0 0 0 0 0 0 0 0 0 0 0 0 0 0 0 0 10 11 0 0 -999
P10244 2077 5 0 0 0 20 24 32 186 209 22 8 8 10 0 0 0 0 0 0 0 0 13 11 91 152 60 70 28 29 0 0 0
P10244 2077 6 9 10 17 24 17 0 0 0 58 25 89 70 43 0 0 33 21 17 0 0 0 0 0 0 0 0 0 0 0 0 -999
P10244 2077 7 19 0 0 0 36 90 33 13 16 0 0 0 0 0 0 0 0 0 0 0 0 0 0 0 0 0 0 0 0 0 0
P10244 2077 8 0 0 23 46 53 0 0 0 0 0 0 0 0 0 0 20 18 0 0 0 0 0 0 0 0 0 16 0 0 0 0
P10244 2077 9 0 0 0 0 0 0 0 0 0 0 0 0 0 0 0 0 0 0 0 0 0 0 0 0 0 0 0 0 0 12 -999
P10244 2077 10 10 0 7 9 7 11 10 0 0 0 0 0 0 0 0 0 0 0 0 0 0 29 17 0 0 0 0 12 9 7 0
P10244 2077 11 0 0 12 14 18 6 10 23 11 9 9 12 26 134 98 8 6 8 6 0 0 0 30 60 0 0 0 0 0 0 -999
P10244 2077 12 0 0 0 0 0 0 0 0 0 10 9 6 0 0 6 6 0 39 20 7 0 0 0 0 10 0 17 0 0 0 13
P10244 2078 1 0 0 9 0 0 9 0 0 0 0 0 0 0 0 0 0 0 0 0 0 0 0 7 6 0 0 0 0 0 0 0
P10244 2078 2 0 0 0 0 9 0 16 7 0 0 0 8 22 7 0 7 0 0 7 7 0 0 8 0 0 0 7 24 -999 -999 -999
P10244 2078 3 47 65 201 39 10 14 7 0 0 0 80 14 7 10 7 0 0 0 0 0 6 0 0 0 0 0 0 0 0 7 6
P10244 2078 4 0 8 7 20 17 18 8 7 7 0 0 0 0 22 31 30 36 213 34 8 0 0 0 0 7 7 7 0 49 22 -999
P10244 2078 5 10 9 8 11 17 7 6 7 0 0 0 23 158 154 20 0 81 22 20 0 0 0 8 0 0 0 0 0 0 0 0
P10244 2078 6 0 0 0 0 0 0 0 0 0 0 0 19 15 0 0 0 0 0 0 0 0 0 0 0 0 142 0 0 0 0 -999
P10244 2078 7 0 0 0 0 0 0 0 0 0 0 0 0 0 0 0 0 0 0 0 0 0 0 0 0 0 0 0 0 0 0 0
P10244 2078 8 0 0 0 27 0 0 0 0 0 0 0 11 13 16 0 0 0 27 0 0 0 0 0 0 0 0 15 9 10 21 0
P10244 2078 9 0 0 0 64 0 0 0 0 0 0 0 0 66 51 27 80 122 92 35 20 0 0 0 0 0 0 0 0 0 0 -999
P10244 2078 10 0 0 0 0 16 0 0 0 0 0 0 0 0 0 0 0 0 0 0 0 0 0 0 0 0 11 0 8 8 11 17
P10244 2078 11 34 0 79 72 14 0 0 0 0 0 0 0 0 0 0 0 0 0 0 0 0 0 0 0 0 0 0 7 7 0 -999
P10244 2078 12 0 0 6 0 0 0 0 0 0 0 0 6 0 0 8 26 10 7 0 0 0 0 0 0 0 10 9 13 8 0 0
P10244 2079 1 25 0 0 0 9 8 0 0 0 0 0 0 0 0 0 0 0 0 0 0 0 0 0 0 7 0 0 0 0 0 0
P10244 2079 2 0 0 0 0 12 27 14 13 0 8 0 0 50 106 43 13 0 0 0 16 101 16 17 34 12 19 161 36 -999 -999 -999
P10244 2079 3 10 25 9 0 0 0 0 0 0 0 0 19 9 9 12 9 7 8 8 12 76 285 68 23 15 16 24 0 0 0 14
P10244 2079 4 105 266 32 15 39 21 23 32 15 0 12 0 0 0 0 0 0 0 0 8 7 0 0 0 0 10 10 0 0 15 -999
P10244 2079 5 24 12 9 14 28 0 0 0 0 11 25 39 0 0 44 160 0 0 0 0 0 0 0 16 0 14 17 10 0 0 19
P10244 2079 6 32 0 0 0 0 0 0 12 17 0 0 0 15 17 15 13 12 14 11 11 12 11 0 0 0 0 0 13 26 24 -999
P10244 2079 7 15 0 0 0 0 15 21 0 0 0 0 0 0 0 23 46 0 0 0 0 13 14 0 0 0 0 0 0 0 0 0
P10244 2079 8 0 22 34 25 12 13 15 0 0 0 0 0 0 0 18 26 0 0 0 0 16 14 18 19 0 0 0 0 0 0 0
P10244 2079 9 0 0 0 144 91 27 57 78 41 68 31 0 0 0 0 0 0 36 36 0 0 0 0 0 0 30 45 0 0 19 -999
P10244 2079 10 43 236 466 418 110 0 0 41 35 0 0 0 9 9 0 0 0 0 28 19 13 0 7 0 0 0 0 0 0 0 0
P10244 2079 11 0 0 0 0 0 0 0 0 0 0 0 0 0 0 0 0 0 0 0 0 0 0 0 0 0 0 10 0 0 15 -999
P10244 2079 12 11 0 0 0 0 7 0 9 0 0 0 0 0 0 0 7 7 0 0 0 0 0 0 0 0 0 0 0 0 0 0
P10244 2080 1 0 0 0 0 0 0 0 0 0 0 0 0 6 8 16 0 0 6 6 11 54 9 7 7 7 0 0 0 0 0 0
P10244 2080 2 0 0 0 0 0 0 0 0 0 0 11 17 8 6 0 0 0 0 0 0 7 7 8 15 0 0 0 0 -999 -999 -999
P10244 2080 3 0 0 0 0 0 0 0 0 0 0 0 0 0 0 0 0 0 0 0 0 8 0 0 0 0 0 10 16 20 14 0
P10244 2080 4 15 8 9 17 34 49 18 6 7 7 7 8 0 8 8 0 23 9 10 8 9 0 0 10 16 23 12 10 7 0 -999
P10244 2080 5 61 391 15 8 0 0 0 0 0 0 0 13 0 0 0 16 20 40 21 0 0 0 0 17 18 0 0 18 25 72 57
P10244 2080 6 13 14 26 18 0 0 0 17 20 7 0 0 12 30 72 20 0 0 16 13 0 0 0 0 48 0 0 0 0 0 -999
P10244 2080 7 0 0 0 0 0 0 0 0 0 0 0 0 0 0 0 0 0 0 0 0 0 0 0 0 0 0 0 0 0 0 0
P10244 2080 8 12 0 0 0 20 45 60 34 21 11 9 0 0 0 0 15 16 0 0 0 0 47 45 15 11 0 0 0 0 0 0
P10244 2080 9 0 0 0 0 0 9 0 0 0 104 211 125 0 0 0 0 0 0 0 0 0 13 32 48 13 0 0 0 0 0 -999
P10244 2080 10 0 0 0 0 0 0 0 0 0 0 0 8 6 0 0 0 31 0 0 0 0 0 0 0 0 37 37 0 0 0 0
P10244 2080 11 0 0 0 0 11 18 8 6 7 6 8 7 0 0 0 0 0 0 0 0 0 0 0 0 0 0 0 0 8 0 -999
P10244 2080 12 0 0 0 0 0 0 0 0 0 0 14 67 0 0 0 0 0 0 0 0 0 0 8 10 75 234 43 7 0 0 7
P10244 2081 1 8 7 23 0 0 0 0 0 0 0 0 0 0 0 0 0 0 0 0 25 34 10 0 0 0 0 0 0 0 0 10
P10244 2081 2 11 11 18 25 10 22 0 0 0 0 0 0 0 0 0 0 0 0 0 0 9 11 9 0 0 0 0 0 -999 -999 -999
P10244 2081 3 0 0 0 0 0 0 0 0 0 0 0 0 6 7 27 7 26 7 7 8 8 16 77 7 10 59 26 15 8 0 53
P10244 2081 4 87 9 8 10 17 0 0 9 0 0 0 0 0 0 0 0 0 7 0 0 0 16 17 16 14 12 15 11 14 16 -999
P10244 2081 5 13 9 8 7 0 7 7 6 6 7 0 0 0 0 0 0 0 0 0 0 0 0 8 9 0 0 21 48 13 9 0
P10244 2081 6 0 0 0 0 0 11 58 93 15 27 81 16 0 0 0 0 0 0 15 14 16 0 0 0 18 0 0 0 0 0 -999
P10244 2081 7 0 79 35 16 0 0 0 0 0 0 0 0 0 0 0 42 55 28 20 23 0 0 17 34 31 25 23 16 12 0 17
P10244 2081 8 18 0 0 0 0 16 0 0 0 0 0 0 0 19 58 93 38 0 0 0 0 0 0 19 23 25 12 0 0 0 13
P10244 2081 9 0 0 0 0 20 0 0 0 0 0 0 0 0 20 16 0 0 57 92 29 0 0 31 30 28 32 0 0 0 0 -999
P10244 2081 10 0 0 0 15 0 0 0 0 0 61 323 179 57 11 0 27 216 253 223 13 0 0 0 0 0 0 0 0 0 0 0
P10244 2081 11 11 12 0 104 65 0 0 0 0 0 30 11 0 0 0 0 17 35 8 11 38 0 0 6 0 0 0 0 0 9 -999
P10244 2081 12 8 0 0 0 17 0 0 0 24 0 0 0 0 0 0 0 0 0 0 0 14 17 0 0 0 0 7 33 13 0 0
P10244 2082 1 0 11 0 0 0 0 6 6 7 7 9 0 0 0 0 0 0 0 0 0 0 0 0 0 0 0 0 12 12 26 12
P10244 2082 2 0 0 0 0 8 8 0 0 0 0 0 7 0 0 0 0 0 0 0 0 0 0 0 0 0 0 0 0 -999 -999 -999
P10244 2082 3 0 0 6 7 13 0 0 0 0 17 9 8 0 6 6 0 0 6 8 16 7 18 20 7 8 0 8 13 19 10 159
P10244 2082 4 213 36 342 406 17 10 33 53 14 42 11 9 23 7 0 14 10 20 102 269 425 197 23 12 54 22 16 14 18 9 -999
P10244 2082 5 18 17 10 0 0 0 0 0 0 0 0 0 0 0 0 0 0 0 0 0 0 15 25 20 16 0 12 12 12 19 16
P10244 2082 6 11 0 12 12 16 13 12 18 10 16 10 0 0 14 0 15 30 21 16 0 0 0 0 0 0 34 14 0 0 0 -999
P10244 2082 7 0 0 0 18 0 0 0 0 0 0 0 0 0 0 0 0 0 0 0 0 0 0 0 0 0 0 11 0 0 0 0
P10244 2082 8 0 0 0 0 0 0 0 0 0 0 23 0 0 0 29 21 0 0 0 0 0 0 0 0 27 27 26 0 0 0 16
P10244 2082 9 20 36 31 53 129 21 0 0 0 0 0 0 0 0 0 0 0 0 0 15 34 159 201 54 40 30 0 0 0 0 -999
P10244 2082 10 0 0 0 0 0 0 98 0 0 0 0 0 0 0 0 0 0 7 18 0 0 7 0 0 0 0 0 0 0 0 0
P10244 2082 11 0 0 0 0 0 0 0 0 0 0 0 0 0 0 0 35 11 0 0 0 0 15 11 13 13 93 0 0 6 7 -999
P10244 2082 12 6 0 6 0 0 0 0 0 0 0 0 0 0 0 0 0 0 0 0 0 0 0 0 0 0 0 0 0 0 0 0
P10244 2083 1 0 0 0 0 0 0 0 0 0 8 0 0 0 9 23 43 85 86 34 169 194 164 147 20 0 0 0 0 0 0 14
P10244 2083 2 0 0 0 0 0 0 0 0 8 7 8 10 11 7 0 0 11 7 9 88 13 0 0 0 0 0 12 0 -999 -999 -999
P10244 2083 3 28 7 0 0 0 0 21 9 0 0 0 0 0 0 0 0 0 0 0 6 0 0 0 0 0 0 0 10 26 11 0
P10244 2083 4 12 28 23 9 0 0 0 0 0 15 7 0 0 0 14 18 7 9 14 7 7 7 7 9 0 0 0 0 0 0 -999
P10244 2083 5 0 0 40 15 28 23 39 25 0 72 0 0 22 57 46 27 14 11 12 0 0 13 11 0 27 16 15 15 0 0 0
P10244 2083 6 0 0 0 28 0 0 0 53 58 0 0 32 44 12 0 0 0 0 12 20 12 0 0 18 51 33 24 26 24 0 -999
P10244 2083 7 0 23 24 30 35 14 0 0 0 0 0 15 17 13 0 0 0 0 0 0 21 37 26 0 0 0 0 12 0 0 0
P10244 2083 8 0 23 13 0 0 0 0 0 0 0 0 0 0 0 0 0 0 0 0 0 0 0 0 0 0 0 0 16 0 0 0
P10244 2083 9 0 0 0 0 0 0 18 0 0 0 0 0 0 0 0 0 0 0 0 0 0 119 29 0 0 0 0 0 0 209 -999
P10244 2083 10 136 96 62 0 0 0 0 0 0 0 0 0 0 0 0 0 0 0 0 44 25 0 0 0 14 11 0 0 0 0 0
P10244 2083 11 16 22 31 57 31 16 11 12 27 0 0 0 0 13 8 0 6 6 6 0 7 0 0 9 10 0 0 0 7 0 -999
P10244 2083 12 0 0 0 0 0 0 7 6 7 0 11 9 11 0 0 0 17 11 0 0 0 0 0 0 0 0 0 0 0 0 0
P10244 2084 1 0 0 6 0 0 0 0 0 0 0 0 0 7 0 0 0 0 0 10 0 0 0 11 7 6 8 0 0 0 0 0
P10244 2084 2 0 0 0 0 20 11 0 0 0 0 0 0 0 11 0 0 0 8 11 11 8 0 21 35 14 10 23 9 -999 -999 -999
P10244 2084 3 0 14 22 42 68 279 175 125 37 47 91 156 65 10 6 7 9 14 7 6 7 0 0 0 16 8 33 56 21 23 19
P10244 2084 4 9 7 19 41 26 8 0 0 0 0 23 7 0 0 0 0 0 0 0 0 0 0 0 0 0 0 8 0 0 0 -999
P10244 2084 5 0 0 16 13 11 0 0 9 15 12 0 13 15 0 0 10 0 0 0 0 0 0 101 65 62 30 22 13 9 7 0
P10244 2084 6 0 0 0 0 0 0 0 0 9 14 16 24 53 45 19 9 0 0 0 0 0 0 0 0 44 17 0 0 0 0 -999
P10244 2084 7 0 0 0 0 0 0 0 0 0 0 10 10 0 0 0 0 0 0 0 0 0 0 0 0 0 0 0 0 0 0 0
P10244 2084 8 0 0 0 0 0 0 0 0 0 0 0 20 51 21 0 47 70 0 0 16 18 0 0 0 0 0 0 0 0 0 38
P10244 2084 9 34 28 18 0 0 0 0 0 27 25 0 0 0 20 24 32 32 33 32 0 0 0 0 0 0 0 0 0 0 0 -999
P10244 2084 10 0 0 0 0 0 0 0 0 0 0 0 0 0 0 0 16 20 0 0 25 13 0 0 8 8 0 0 0 0 0 0
P10244 2084 11 0 0 0 0 0 6 6 7 0 57 139 23 22 52 13 0 0 0 0 0 0 0 0 0 0 0 0 0 0 0 -999
P10244 2084 12 0 0 0 0 9 7 0 0 0 0 0 0 0 0 0 0 0 0 0 0 0 0 0 0 0 0 6 0 0 0 0
P10244 2085 1 0 0 0 0 0 0 0 0 0 0 0 0 8 15 0 0 0 0 0 0 0 0 0 0 0 0 11 0 0 0 0
P10244 2085 2 0 0 0 0 0 0 0 0 0 0 0 0 0 0 0 0 25 25 0 0 0 0 0 0 0 0 11 11 -999 -999 -999
P10244 2085 3 0 0 0 0 20 19 23 0 30 24 29 16 45 11 0 14 22 0 11 10 7 23 8 6 6 0 0 0 0 37 16
P10244 2085 4 7 6 7 7 0 0 0 0 13 14 8 0 7 6 11 19 8 0 0 0 0 0 0 0 0 0 12 9 8 11 -999
P10244 2085 5 9 15 10 63 24 8 0 7 0 19 25 16 11 9 9 8 8 10 14 11 11 0 0 0 0 8 0 0 0 0 0
P10244 2085 6 0 0 0 0 0 17 36 49 51 60 49 15 0 0 0 0 0 0 14 34 49 12 12 16 26 31 123 236 0 0 -999
P10244 2085 7 17 0 0 0 0 20 19 0 0 0 0 0 0 0 0 0 0 0 0 0 0 0 0 0 0 0 0 0 0 22 0
P10244 2085 8 0 0 0 25 0 0 0 0 0 0 0 0 0 0 0 0 0 0 0 0 0 0 0 0 0 0 0 0 0 0 0
P10244 2085 9 0 0 0 0 30 26 0 0 0 0 0 0 0 0 0 0 0 0 0 0 0 28 0 19 23 22 8 0 0 0 -999
P10244 2085 10 0 0 36 56 55 0 0 15 41 78 36 17 64 175 211 46 17 50 19 0 0 0 0 0 9 0 0 0 0 0 0
P10244 2085 11 0 0 27 33 9 6 0 0 0 0 0 0 0 0 0 0 0 0 0 9 9 11 6 8 35 10 0 0 0 0 -999
P10244 2085 12 0 7 6 6 0 7 0 0 0 0 0 0 0 0 0 0 0 0 0 0 0 0 15 23 25 39 20 11 8 7 9
P10244 2086 1 12 78 193 46 30 15 13 42 36 0 0 0 0 0 0 0 0 0 0 0 0 0 0 0 0 0 0 0 0 0 0
P10244 2086 2 0 0 0 0 0 0 0 0 0 0 0 0 0 0 0 0 0 0 7 0 17 6 7 9 12 17 16 11 -999 -999 -999
P10244 2086 3 0 8 0 0 0 0 0 0 0 0 8 6 0 0 0 0 0 0 0 0 13 0 0 0 0 0 0 0 0 0 9
P10244 2086 4 31 16 10 9 0 0 0 20 38 18 9 10 11 12 35 49 23 26 12 10 14 12 33 91 82 158 133 110 99 42 -999
P10244 2086 5 22 30 62 34 10 7 0 0 8 0 0 0 0 8 16 45 21 8 7 9 12 17 11 11 10 9 0 0 0 22 9
P10244 2086 6 0 0 0 13 13 10 0 0 0 0 0 0 0 0 0 0 0 0 0 7 8 0 0 0 8 14 40 35 19 0 -999
P10244 2086 7 0 0 0 0 0 0 0 0 0 21 12 0 0 0 0 0 12 14 0 0 0 0 0 0 0 0 0 0 0 33 86
P10244 2086 8 0 0 0 0 0 0 0 0 0 0 25 22 0 0 0 0 0 0 0 0 0 0 0 0 0 0 0 0 0 0 0
P10244 2086 9 0 0 0 0 0 0 0 0 0 0 0 60 41 0 0 16 13 0 0 31 0 0 15 0 0 0 0 20 17 0 -999
P10244 2086 10 0 0 0 13 0 0 0 0 0 0 0 0 0 10 100 0 0 212 121 65 18 13 0 0 12 17 0 0 0 0 0
P10244 2086 11 0 0 0 0 0 0 18 0 9 0 0 0 0 6 0 36 100 56 6 0 0 0 8 0 0 0 0 7 7 6 -999
P10244 2086 12 0 0 0 0 0 40 0 0 0 0 0 0 0 0 0 0 0 0 0 0 0 0 0 0 0 0 0 0 0 0 0
P10244 2087 1 0 0 15 14 0 0 0 0 0 0 0 0 0 0 19 19 16 0 0 0 0 0 21 90 21 19 32 44 45 13 8
P10244 2087 2 0 0 0 0 12 0 0 0 0 0 0 0 0 0 0 0 0 0 0 0 0 0 0 0 0 0 0 0 -999 -999 -999
P10244 2087 3 0 0 0 0 0 0 0 0 0 0 0 0 0 0 21 15 20 0 15 17 28 10 0 0 0 0 63 21 15 0 0
P10244 2087 4 0 0 0 0 0 8 0 0 0 0 0 0 0 0 0 8 12 9 10 0 0 0 10 0 0 0 0 0 0 0 -999
P10244 2087 5 0 11 23 9 15 48 306 133 41 60 0 0 0 0 0 13 14 0 0 0 0 0 0 12 0 21 19 0 0 0 0
P10244 2087 6 0 0 0 0 0 0 0 0 0 35 33 15 0 0 0 0 0 0 0 0 0 0 0 0 0 0 0 0 0 0 -999
P10244 2087 7 0 0 0 0 0 0 0 16 17 19 30 23 17 0 29 27 40 0 0 0 0 0 0 0 0 14 20 14 0 0 13
P10244 2087 8 0 0 0 0 0 0 0 0 0 0 0 0 0 0 0 0 0 0 0 0 0 14 13 0 0 0 0 0 0 0 19
P10244 2087 9 0 0 0 0 64 54 0 0 0 0 31 26 0 0 0 21 0 0 0 0 0 48 0 0 0 0 11 24 15 0 -999
P10244 2087 10 0 0 0 0 0 0 0 0 0 0 0 0 0 0 0 0 0 0 8 20 16 0 25 12 0 0 0 0 0 0 0
P10244 2087 11 0 0 0 0 0 0 18 14 0 10 0 7 6 0 0 7 6 0 0 0 0 0 0 0 0 0 0 0 0 24 -999
P10244 2087 12 22 17 22 44 12 0 0 18 16 0 0 0 6 0 7 6 6 6 6 7 0 0 0 0 0 0 0 0 0 0 0
P10244 2088 1 0 0 0 0 0 0 0 11 13 10 7 6 6 8 6 20 7 0 6 9 0 0 9 7 7 9 13 26 18 166 9
P10244 2088 2 0 6 0 0 6 6 0 0 0 0 0 0 0 0 0 0 0 15 16 11 11 18 0 0 0 0 0 0 -999 -999 -999
P10244 2088 3 0 0 0 0 0 0 14 11 9 7 0 9 9 7 11 177 130 16 22 13 8 0 6 0 0 0 0 0 0 0 0
P10244 2088 4 0 10 0 10 24 36 0 0 0 8 0 0 0 8 12 35 15 0 0 0 0 0 0 0 0 0 9 14 19 10 -999
P10244 2088 5 0 225 103 0 0 0 12 7 0 0 37 224 53 7 9 15 49 44 28 10 7 0 0 0 0 0 0 0 0 0 0
P10244 2088 6 0 0 0 0 0 0 0 0 0 0 0 0 15 29 21 21 0 0 12 9 8 10 12 10 14 30 40 16 0 0 -999
P10244 2088 7 0 0 16 25 18 0 0 0 0 0 0 0 0 0 0 0 0 0 0 0 0 0 0 0 0 0 0 0 0 0 0
P10244 2088 8 0 0 0 0 0 0 0 0 0 11 0 0 0 0 0 0 0 0 0 0 0 0 0 0 0 0 0 0 0 0 0
P10244 2088 9 0 0 0 0 0 0 0 0 0 0 0 43 0 0 0 0 0 0 0 0 0 0 0 0 0 0 0 0 0 0 -999
P10244 2088 10 0 19 0 0 0 27 14 20 37 0 0 0 0 8 19 31 13 0 0 0 0 0 0 0 0 0 0 0 0 0 0
P10244 2088 11 0 0 18 151 28 9 9 6 0 9 7 0 0 0 0 0 0 0 0 0 0 0 0 0 0 0 0 0 0 0 -999
P10244 2088 12 0 13 18 13 83 34 12 8 0 0 0 0 0 0 0 0 0 0 0 0 0 0 0 0 0 0 0 0 0 0 0
P10244 2089 1 0 0 0 0 0 0 0 8 0 0 0 0 6 0 0 0 0 6 0 8 7 0 25 7 7 6 0 0 0 0 8
P10244 2089 2 7 6 0 0 13 9 0 0 0 17 43 0 0 0 0 91 71 18 95 26 36 0 0 0 0 0 10 8 -999 -999 -999
P10244 2089 3 7 0 0 0 0 0 0 0 0 0 0 0 0 0 0 0 0 8 6 0 0 0 0 10 12 0 0 23 59 12 0
P10244 2089 4 0 0 0 0 0 10 12 8 8 53 18 0 0 0 16 32 59 0 0 78 233 39 0 0 111 77 61 179 155 25 -999
P10244 2089 5 11 11 8 0 0 0 9 20 32 18 14 0 0 0 0 0 9 0 0 11 0 0 0 0 0 0 0 0 0 26 30
P10244 2089 6 13 20 0 22 45 102 0 57 173 101 18 10 9 10 0 0 0 0 0 0 0 0 0 23 15 14 0 0 0 0 -999
P10244 2089 7 0 0 43 0 0 0 22 0 0 0 0 0 0 0 0 0 0 0 0 0 0 33 0 0 0 0 0 0 0 0 0
P10244 2089 8 0 0 0 0 0 0 0 0 0 0 0 0 0 0 0 0 0 0 0 0 0 0 0 0 0 0 0 27 0 0 0
P10244 2089 9 27 0 0 0 0 0 17 39 67 66 95 115 62 35 0 0 0 0 0 0 0 0 0 0 0 0 0 0 0 0 -999
P10244 2089 10 0 0 0 0 0 0 17 18 0 0 56 28 133 108 16 0 0 0 15 14 0 0 0 0 11 0 0 0 0 0 0
P10244 2089 11 0 0 0 0 0 11 11 7 0 0 0 7 0 0 0 0 7 7 8 9 25 79 194 0 0 0 0 12 0 9 -999
P10244 2089 12 0 0 0 0 0 0 0 0 6 6 0 0 0 0 0 0 6 7 7 8 7 0 0 0 0 0 0 0 0 9 9
P10244 2090 1 0 0 0 0 0 0 6 8 23 40 0 0 0 0 0 0 0 0 0 0 6 6 6 6 6 0 0 0 0 0 0
P10244 2090 2 0 0 31 26 0 0 0 0 0 12 12 8 9 11 10 0 0 6 0 6 10 9 0 0 0 9 13 40 -999 -999 -999
P10244 2090 3 9 0 0 0 0 0 9 16 25 7 6 11 14 7 0 8 8 9 0 0 8 41 34 11 12 8 0 0 0 0 0
P10244 2090 4 0 40 87 19 192 61 15 8 0 0 0 11 22 10 14 11 25 18 0 0 0 0 0 16 0 49 0 14 13 23 -999
P10244 2090 5 132 81 9 0 0 0 13 12 11 11 7 0 0 0 9 32 74 58 21 10 11 9 8 0 0 12 0 0 0 210 62
P10244 2090 6 0 18 22 36 76 10 9 16 18 25 26 14 0 0 0 0 0 0 0 0 0 0 0 0 0 0 0 26 0 0 -999
P10244 2090 7 0 0 0 0 0 0 0 0 0 0 0 0 0 14 17 20 0 0 0 36 14 0 0 0 0 0 0 0 0 0 0
P10244 2090 8 0 0 0 0 0 0 0 0 0 0 12 0 0 0 0 0 0 0 24 35 0 0 12 14 23 0 0 0 0 0 13
P10244 2090 9 20 21 0 0 38 33 18 13 16 21 20 0 0 0 0 0 0 0 0 0 0 0 22 15 0 0 0 0 67 0 -999
P10244 2090 10 0 0 18 0 0 0 20 24 12 7 7 0 0 0 0 0 0 11 0 0 0 0 11 0 0 0 8 0 0 0 7
P10244 2090 11 7 0 7 6 0 0 0 0 0 0 0 0 0 0 0 0 0 0 0 0 0 0 0 0 0 0 0 23 33 106 -999
P10244 2090 12 143 183 0 22 13 0 0 0 0 20 53 203 21 0 0 0 0 0 0 0 0 0 0 13 0 0 0 0 0 0 0
P10244 2091 1 0 0 0 0 0 9 0 0 0 0 0 0 6 8 0 8 0 0 7 8 8 8 0 0 8 10 9 39 15 0 0
P10244 2091 2 0 0 11 15 17 26 13 15 6 6 6 0 6 6 7 0 0 0 0 0 0 0 9 0 0 0 16 20 -999 -999 -999
P10244 2091 3 10 0 0 0 0 0 0 0 0 0 0 0 0 0 0 0 8 0 0 0 0 0 0 0 0 0 0 0 0 0 0
P10244 2091 4 0 0 0 0 0 0 0 0 0 0 0 0 0 0 0 0 0 15 15 36 36 11 10 15 271 321 14 0 0 9 -999
P10244 2091 5 8 10 21 15 16 55 60 18 0 0 14 20 9 10 7 10 7 7 8 0 0 0 0 0 0 0 0 0 0 0 0
P10244 2091 6 0 0 0 0 0 0 0 0 0 0 0 0 10 14 14 31 22 0 0 0 10 10 0 0 0 0 38 72 0 0 -999
P10244 2091 7 0 0 0 0 0 0 38 32 11 0 0 0 0 0 0 0 0 0 0 0 0 0 0 0 0 0 0 0 0 0 0
P10244 2091 8 0 0 0 0 0 0 0 0 18 16 18 0 0 0 39 73 0 0 0 0 0 0 0 0 0 0 0 18 21 22 20
P10244 2091 9 22 35 0 0 0 36 29 0 0 0 0 0 0 0 0 27 66 74 43 58 199 13 0 0 0 0 0 0 0 0 -999
P10244 2091 10 0 0 21 22 43 41 45 27 0 33 0 0 0 0 0 0 0 0 0 0 14 0 23 54 32 16 10 7 13 10 8
P10244 2091 11 8 6 7 12 7 7 13 30 7 0 10 24 31 17 8 7 0 7 7 6 0 0 0 0 0 0 0 0 0 0 -999
P10244 2091 12 0 0 0 0 0 0 0 0 0 0 0 0 0 44 18 13 6 0 0 0 0 0 0 0 0 0 0 0 0 0 0
P10244 2092 1 0 0 0 0 0 0 0 0 0 0 12 0 8 7 0 0 0 0 0 0 0 0 0 9 0 0 6 0 0 0 0
P10244 2092 2 0 0 0 0 0 11 0 0 0 0 0 0 0 0 0 0 0 0 0 8 0 8 0 0 0 0 0 0 -999 -999 -999
P10244 2092 3 0 0 0 0 0 0 0 0 0 0 0 0 0 0 0 0 23 25 50 0 0 0 0 0 0 0 0 0 0 0 0
P10244 2092 4 0 0 0 0 0 0 6 15 12 8 0 0 0 0 0 0 0 10 0 0 57 8 0 0 0 0 12 0 0 10 -999
P10244 2092 5 0 0 0 0 0 0 0 9 16 18 14 0 0 0 0 0 0 0 0 0 0 0 0 0 0 0 11 11 13 20 29
P10244 2092 6 20 56 98 28 0 0 0 0 0 0 0 0 0 0 0 0 0 53 36 39 0 0 0 0 0 0 84 25 0 0 -999
P10244 2092 7 0 0 0 0 0 0 0 0 0 0 0 0 0 0 0 0 0 0 15 18 0 22 30 34 0 0 0 0 0 0 0
P10244 2092 8 0 0 0 0 0 0 0 0 0 0 0 14 13 11 13 14 12 0 0 0 0 0 0 0 0 33 24 0 24 43 35
P10244 2092 9 0 0 0 0 0 0 0 0 0 11 0 0 0 0 0 30 24 28 20 30 17 0 0 50 55 50 36 0 0 15 -999
P10244 2092 10 109 51 0 0 0 0 0 0 0 0 37 27 0 0 0 0 0 0 0 0 0 0 0 0 0 11 0 0 0 0 0
P10244 2092 11 0 0 0 0 0 7 0 22 54 15 9 9 0 6 6 0 0 0 0 18 0 0 0 7 9 0 0 0 0 0 -999
P10244 2092 12 0 0 8 11 16 37 49 21 20 7 6 0 0 0 0 0 0 0 0 0 0 0 0 0 0 0 0 8 8 0 0
P10244 2093 1 0 0 0 0 0 0 34 14 16 6 6 6 6 6 0 7 0 0 0 0 0 0 0 0 17 0 0 0 8 0 0
P10244 2093 2 0 0 0 0 0 0 0 12 7 7 7 9 63 95 48 26 18 19 114 188 422 540 34 57 136 124 224 153 -999 -999 -999
P10244 2093 3 50 11 10 10 11 9 8 12 20 12 91 9 8 7 17 7 6 7 0 0 8 7 8 22 9 7 0 0 0 13 14
P10244 2093 4 0 0 0 0 0 0 0 0 0 7 0 0 13 0 0 0 19 0 0 0 0 0 36 11 7 0 0 0 0 18 -999
P10244 2093 5 10 8 7 7 9 12 7 8 17 35 15 0 0 0 0 0 0 0 0 0 0 0 11 0 0 0 0 10 0 0 0
P10244 2093 6 0 0 16 26 29 27 34 0 0 14 50 32 0 73 41 17 0 0 0 0 13 27 20 36 52 28 19 12 0 0 -999
P10244 2093 7 0 0 0 0 0 0 0 0 0 16 17 13 0 13 15 0 0 19 18 16 0 0 0 0 11 0 0 0 0 0 17
P10244 2093 8 17 28 0 0 0 22 25 17 0 0 0 0 0 0 0 0 0 0 0 21 34 112 53 19 20 29 0 0 0 0 0
P10244 2093 9 0 0 0 0 0 0 0 0 0 0 0 0 0 0 0 39 0 0 0 0 0 0 0 0 12 0 0 14 0 0 -999
P10244 2093 10 0 0 0 0 0 0 0 0 0 0 8 0 0 0 0 0 6 0 0 0 0 0 0 0 0 0 0 0 0 0 0
P10244 2093 11 7 6 0 0 24 9 0 0 0 0 0 0 0 0 0 0 8 23 10 10 0 0 0 0 11 0 0 0 0 0 -999
P10244 2093 12 0 0 0 0 0 0 0 0 0 0 0 0 10 0 0 0 0 0 0 0 0 0 0 0 0 0 0 0 0 13 0
P10244 2094 1 0 0 0 0 0 0 0 0 0 0 0 0 0 0 7 0 0 0 0 0 0 0 0 0 0 0 0 0 0 0 0
P10244 2094 2 0 0 0 0 0 0 0 0 0 0 0 0 0 0 0 0 0 0 0 0 0 6 0 0 6 0 0 29 -999 -999 -999
P10244 2094 3 14 0 0 0 13 9 17 8 10 17 0 0 0 8 0 0 0 0 0 0 0 0 8 0 0 0 0 0 10 14 8
P10244 2094 4 0 0 0 0 23 15 10 10 9 8 7 7 6 7 7 6 6 0 0 0 0 0 0 8 8 8 6 7 0 0 -999
P10244 2094 5 0 0 0 6 7 7 10 0 0 0 0 0 0 0 0 0 0 0 0 0 0 25 30 95 140 0 0 0 0 0 0
P10244 2094 6 23 15 21 26 22 20 17 22 18 7 0 0 0 0 0 0 0 0 16 0 0 0 0 0 0 0 0 0 0 0 -999
P10244 2094 7 0 0 24 0 0 0 0 0 0 0 0 0 0 13 15 16 0 25 30 70 69 155 0 0 35 0 0 0 0 0 0
P10244 2094 8 0 9 22 0 0 0 0 43 22 13 0 0 0 0 0 0 0 0 19 43 0 0 0 0 0 40 29 0 0 0 0
P10244 2094 9 0 0 0 0 0 0 0 0 0 0 0 0 0 0 0 0 0 15 14 0 65 165 0 62 26 18 16 0 0 0 -999
P10244 2094 10 0 0 14 7 10 0 0 0 0 0 0 0 0 0 0 0 0 0 0 0 12 21 0 0 0 23 10 6 6 6 0
P10244 2094 11 0 0 0 0 0 0 0 9 0 0 0 0 0 0 0 0 0 0 0 0 0 0 0 0 0 0 0 0 0 0 -999
P10244 2094 12 0 0 0 0 0 0 6 7 7 7 11 8 0 0 0 0 0 0 0 0 0 0 0 0 0 0 13 7 6 0 0
P10244 2095 1 7 7 16 0 0 6 6 6 7 0 0 0 0 0 0 7 17 6 8 8 7 7 6 0 8 6 0 11 7 0 0
P10244 2095 2 0 0 0 0 7 0 0 7 8 37 319 570 153 9 7 0 0 0 0 0 0 0 0 0 14 116 0 0 -999 -999 -999
P10244 2095 3 0 0 0 0 0 0 0 0 0 0 0 12 9 16 15 18 0 24 18 9 10 17 10 28 146 236 31 0 0 0 0
P10244 2095 4 8 7 6 7 0 10 9 0 6 6 7 0 0 0 0 0 0 16 0 0 0 0 0 0 0 0 0 0 0 0 -999
P10244 2095 5 10 9 15 6 0 0 0 0 0 0 0 77 21 10 0 0 0 0 0 0 15 13 16 0 0 0 16 13 10 15 28
P10244 2095 6 22 16 0 0 0 0 18 35 49 24 19 22 44 25 0 52 0 0 0 0 0 0 31 16 0 0 0 19 0 0 -999
P10244 2095 7 35 0 0 0 11 0 0 0 0 0 0 0 0 0 18 26 21 19 0 0 0 20 0 0 0 0 0 0 0 0 0
P10244 2095 8 0 0 0 0 0 0 0 0 0 0 0 0 0 20 29 38 70 33 25 23 28 35 0 0 12 15 19 22 0 0 0
P10244 2095 9 0 0 0 0 0 0 0 0 0 32 28 0 0 0 0 0 0 0 41 24 57 84 246 72 0 0 44 0 0 0 -999
P10244 2095 10 12 13 0 0 0 0 0 7 13 0 7 7 8 0 0 0 0 7 0 6 0 0 0 0 0 7 0 0 0 7 6
P10244 2095 11 6 9 41 68 27 0 0 0 24 6 0 6 7 0 0 0 0 0 0 6 8 0 0 0 0 0 0 0 0 0 -999
P10244 2095 12 6 0 0 0 0 0 10 10 0 6 0 0 0 0 0 0 8 0 0 0 0 0 0 6 8 30 103 0 0 0 0
P10244 2096 1 0 0 0 0 7 24 134 14 6 11 7 0 0 0 0 0 0 0 0 0 0 0 0 0 0 0 8 8 10 11 13
P10244 2096 2 34 0 0 10 0 0 0 0 0 0 0 0 0 0 0 11 16 12 8 7 9 23 84 13 10 14 16 22 -999 -999 -999
P10244 2096 3 12 0 87 176 227 42 10 13 121 43 0 6 6 7 6 6 0 0 0 0 0 0 0 0 0 15 15 8 7 13 11
P10244 2096 4 20 0 0 26 17 0 15 22 79 68 27 39 83 19 6 7 8 9 12 23 37 18 13 13 0 0 0 0 18 27 -999
P10244 2096 5 14 0 11 8 9 0 20 23 18 0 0 0 134 73 0 0 0 0 9 9 16 9 7 7 11 9 0 16 18 25 11
P10244 2096 6 9 6 0 0 0 0 0 0 0 0 0 0 0 0 0 0 0 0 0 25 61 0 0 44 37 33 16 33 14 0 -999
P10244 2096 7 11 33 31 0 0 0 0 0 0 0 0 0 0 0 0 0 0 0 0 0 19 12 0 0 0 13 0 0 0 0 0
P10244 2096 8 0 0 0 0 0 0 0 0 0 0 0 0 0 0 0 0 0 0 0 0 0 0 0 0 0 0 0 0 48 32 0
P10244 2096 9 0 0 0 0 0 0 12 19 0 0 0 0 0 0 0 0 0 0 0 0 0 0 0 0 36 59 52 34 20 0 -999
P10244 2096 10 0 0 0 0 0 0 0 0 0 0 93 48 6 0 0 0 0 23 34 30 14 8 0 0 0 0 0 0 9 13 31
P10244 2096 11 9 10 8 7 6 11 7 0 0 32 7 0 0 0 16 10 8 10 6 13 0 0 0 0 0 0 0 0 0 0 -999
P10244 2096 12 0 0 0 0 0 0 0 0 0 0 0 0 0 0 0 0 0 0 0 0 0 0 0 0 0 0 0 0 0 0 48
P10244 2097 1 13 6 0 6 0 0 0 0 0 0 6 7 0 0 0 0 9 0 0 8 0 0 0 0 0 0 0 0 0 0 0
P10244 2097 2 0 8 0 0 0 0 0 0 0 0 0 0 14 38 18 0 0 0 0 69 18 0 13 11 22 32 61 64 -999 -999 -999
P10244 2097 3 29 18 37 93 80 16 0 0 0 0 0 0 18 19 7 9 9 0 242 199 58 21 72 75 32 18 0 0 0 0 0
P10244 2097 4 0 8 0 0 8 10 11 8 6 7 8 0 0 0 0 0 0 0 7 6 7 7 13 7 8 7 14 6 0 0 -999
P10244 2097 5 0 0 0 0 0 59 96 11 0 0 0 8 7 0 0 9 9 0 11 23 18 0 0 0 0 0 0 0 15 18 19
P10244 2097 6 0 0 0 0 0 0 0 0 8 12 40 68 45 29 0 0 0 0 0 0 0 0 25 23 12 16 23 21 25 28 -999
P10244 2097 7 30 14 0 0 13 11 16 0 0 15 37 15 13 12 14 0 0 0 0 0 0 0 0 0 0 0 0 0 0 0 0
P10244 2097 8 0 0 0 0 0 0 0 0 0 0 0 0 0 0 0 0 0 27 39 0 0 0 24 0 0 0 0 0 0 0 0
P10244 2097 9 0 0 0 0 0 0 0 0 0 0 0 0 0 0 0 0 0 20 56 124 19 31 49 66 62 16 0 0 0 0 -999
P10244 2097 10 19 15 10 0 13 11 0 0 0 0 0 0 15 20 21 25 10 57 26 0 0 0 0 8 0 0 0 0 0 10 18
P10244 2097 11 13 0 0 0 13 0 0 0 0 0 0 0 44 13 7 10 0 0 0 0 0 12 0 0 0 0 0 0 0 0 -999
P10244 2097 12 0 0 0 7 10 9 0 0 0 0 0 0 16 22 128 29 15 6 7 8 8 13 8 0 0 0 0 0 0 0 0
P10244 2098 1 0 19 11 0 0 0 9 0 6 6 31 97 32 9 7 7 0 0 0 6 6 6 0 0 0 0 0 0 0 0 0
P10244 2098 2 0 0 44 37 42 12 8 10 0 23 22 0 0 8 8 17 16 13 0 0 9 20 22 21 51 87 12 0 -999 -999 -999
P10244 2098 3 0 0 7 0 0 0 0 9 8 0 0 13 0 0 0 0 0 0 0 13 19 0 0 0 0 0 16 0 9 0 0
P10244 2098 4 0 0 0 0 0 0 0 9 52 15 0 6 6 7 0 0 0 0 0 0 0 0 0 0 9 30 27 0 0 0 -999
P10244 2098 5 32 65 0 9 8 17 26 9 14 42 400 166 29 16 30 60 26 14 0 0 0 0 16 19 0 0 0 0 0 0 0
P10244 2098 6 0 10 13 22 19 16 23 0 11 19 22 22 11 24 31 14 14 13 0 0 0 0 22 0 0 0 0 0 0 0 -999
P10244 2098 7 0 0 0 0 0 26 0 0 0 0 38 31 0 0 0 0 19 0 0 0 0 0 0 45 83 0 0 0 0 0 0
P10244 2098 8 16 0 0 0 0 0 0 0 29 79 0 0 0 0 0 0 0 0 0 0 0 0 0 0 0 0 0 0 0 0 0
P10244 2098 9 0 0 0 0 0 0 0 0 0 22 0 0 0 0 0 0 57 46 0 0 0 0 0 0 0 0 0 0 0 0 -999
P10244 2098 10 0 0 0 0 21 10 14 0 0 0 0 0 0 0 0 0 0 69 15 56 82 48 0 0 0 8 0 0 7 0 0
P10244 2098 11 0 17 8 8 0 0 8 0 7 11 15 24 0 0 0 0 32 10 0 0 0 23 0 0 0 0 0 0 0 7 -999
P10244 2098 12 6 6 7 0 0 36 73 22 0 14 0 0 0 10 0 0 0 0 7 0 6 6 6 7 9 16 24 0 0 0 0
P10244 2099 1 0 0 0 0 0 0 0 0 0 0 0 0 0 0 0 0 0 0 0 0 0 0 0 0 0 0 0 0 0 0 0
P10244 2099 2 0 0 9 6 8 0 0 0 0 0 0 0 0 0 0 0 0 0 0 0 6 0 0 0 0 0 0 0 -999 -999 -999
P10244 2099 3 0 0 0 0 0 16 9 9 11 0 14 32 9 0 0 0 0 0 0 0 0 7 8 6 0 0 0 0 0 0 0
P10244 2099 4 0 0 8 0 0 0 0 0 0 0 8 0 23 22 11 0 0 0 0 0 25 0 0 20 30 49 18 8 8 13 -999
P10244 2099 5 0 0 0 0 52 14 0 0 12 23 0 0 0 19 21 35 96 172 162 42 0 27 208 46 15 16 0 0 0 0 0
P10244 2099 6 0 0 0 0 0 0 0 11 20 111 59 0 0 0 0 0 0 0 0 0 0 0 0 14 0 0 0 0 0 0 -999
P10244 2099 7 0 0 0 0 0 0 0 0 0 0 0 0 0 0 0 15 0 0 0 0 0 0 0 0 0 0 0 0 0 0 0
P10244 2099 8 0 0 0 0 0 0 0 0 0 0 0 0 0 0 0 0 0 0 13 0 0 0 0 0 0 0 0 0 0 0 0
P10244 2099 9 0 0 30 0 0 0 15 20 0 0 0 0 0 0 0 0 0 0 0 0 0 34 28 14 7 0 0 0 0 0 -999
P10244 2099 10 0 0 0 0 0 0 0 0 0 0 0 44 29 0 0 0 19 29 16 15 9 0 0 0 0 0 0 0 17 25 42
P10244 2099 11 0 0 10 0 0 8 6 0 0 0 0 0 80 9 0 0 0 26 129 27 32 10 0 0 0 0 0 0 0 0 -999
P10244 2099 12 0 0 0 0 0 0 0 0 0 17 33 34 0 0 0 0 0 0 0 0 0 0 0 0 0 0 0 0 0 13 31
P10244 2100 1 7 0 0 0 0 0 0 6 0 0 9 8 13 7 13 67 10 0 0 0 16 8 7 0 6 6 0 0 0 0 0
P10244 2100 2 8 9 13 10 0 0 0 0 0 0 0 0 0 0 0 0 0 0 0 0 0 0 0 0 0 0 0 16 -999 -999 -999
P10244 2100 3 45 0 0 29 30 18 6 0 7 0 0 21 9 9 21 21 0 60 0 32 336 68 42 11 0 0 0 11 12 12 11
P10244 2100 4 7 0 0 0 0 0 10 62 0 0 0 0 0 0 0 0 0 10 19 14 35 30 6 6 0 9 24 157 76 260 -999
P10244 2100 5 109 182 86 11 0 23 0 10 100 105 19 22 13 0 12 10 0 0 9 0 0 0 22 0 0 0 0 0 0 88 38
P10244 2100 6 32 15 39 16 0 0 0 0 0 0 12 0 0 0 0 0 0 0 16 11 8 13 0 14 14 0 0 30 0 0 -999
P10244 2100 7 0 0 0 0 0 0 0 14 20 0 0 19 16 22 0 23 60 70 47 0 0 32 55 51 70 51 51 44 48 39 20
P10244 2100 8 0 0 0 0 36 0 0 0 75 138 0 47 35 35 43 100 46 23 0 21 24 0 29 18 0 0 0 25 49 154 0
P10244 2100 9 56 0 0 0 0 0 0 25 0 0 0 27 29 0 0 0 0 0 0 0 0 53 89 105 60 113 56 20 22 0 -999
P10244 2100 10 0 8 0 0 0 0 65 40 0 0 0 10 56 14 7 0 9 14 0 23 0 18 0 0 6 0 24 68 14 17 7
P10244 2100 11 0 0 0 12 0 0 0 0 0 14 39 67 97 7 6 6 0 0 0 0 0 0 0 0 0 0 0 0 0 0 -999
P10244 2100 12 0 0 0 0 0 0 0 8 7 7 0 0 0 0 0 0 0 8 17 0 0 38 13 0 9 11 7 8 11 12 -999
