precip bcc-csm1-1 rcp60 RNEURONALES decimas 2
P3123 38.086 -4.223 303 geo 2006 2100 -1
P3123 2006 1 0 0 1 1 2 4 2 5 11 81 27 99 21 23 11 10 2 2 4 0 3 6 3 3 9 4 2 6 1 1 1
P3123 2006 2 1 0 1 8 60 106 82 45 85 282 101 231 179 50 29 62 14 4 0 3 8 3 73 33 25 4 14 4 -999 -999 -999
P3123 2006 3 0 5 5 1 0 3 2 0 7 14 17 17 11 16 4 6 51 1 0 0 0 0 0 0 0 0 2 2 2 2 2
P3123 2006 4 3 34 6 0 22 8 10 59 39 84 65 46 27 8 6 0 0 10 6 0 0 0 5 9 6 28 0 0 0 0 -999
P3123 2006 5 0 4 3 20 36 26 10 12 21 121 13 4 3 2 10 0 3 18 15 7 6 7 7 6 0 0 16 60 70 45 17
P3123 2006 6 36 5 7 12 61 75 34 6 0 0 0 0 0 0 0 0 0 0 0 0 0 0 0 0 0 0 0 0 0 0 -999
P3123 2006 7 0 0 0 0 0 0 0 0 0 0 0 0 0 0 0 0 0 0 0 0 0 0 0 0 0 0 0 0 0 0 0
P3123 2006 8 0 0 0 0 0 0 0 0 0 0 0 0 0 0 0 0 0 0 0 0 0 0 0 0 0 0 0 0 0 0 0
P3123 2006 9 0 0 0 0 0 0 0 5 4 5 13 2 0 30 14 11 11 16 5 0 0 0 0 0 4 6 0 0 0 0 -999
P3123 2006 10 10 10 33 40 16 0 0 0 0 0 0 0 0 0 0 5 5 0 0 0 0 0 0 0 0 2 16 9 8 5 4
P3123 2006 11 8 0 0 12 15 6 9 3 0 0 0 0 0 0 4 4 0 0 5 0 0 0 0 0 0 0 2 0 0 0 -999
P3123 2006 12 0 3 11 1 5 5 0 0 0 0 0 5 5 0 0 0 0 0 0 0 3 26 114 31 227 33 137 158 9 4 4
P3123 2007 1 2 0 0 0 0 0 0 0 0 2 7 17 4 0 0 0 2 7 4 8 17 3 12 23 18 21 78 38 90 16 8
P3123 2007 2 4 3 20 18 68 142 256 80 12 9 6 59 57 56 28 0 0 0 6 15 1 3 3 3 10 31 13 21 -999 -999 -999
P3123 2007 3 51 16 0 0 0 0 0 0 0 0 0 22 48 21 6 8 15 10 4 3 6 38 18 6 9 3 3 13 26 10 0
P3123 2007 4 0 0 13 10 7 7 17 10 0 0 0 0 3 2 3 22 5 11 23 8 14 49 72 88 55 36 7 6 10 5 -999
P3123 2007 5 5 3 3 20 20 22 9 8 9 8 7 20 14 19 15 8 11 11 4 6 3 2 2 0 0 0 0 0 0 6 6
P3123 2007 6 5 8 0 0 0 0 0 9 9 6 0 0 0 0 0 0 0 0 0 0 0 0 0 0 0 0 0 0 0 0 -999
P3123 2007 7 0 0 0 0 0 0 0 0 0 0 0 0 0 0 0 0 0 0 0 0 0 0 0 0 0 0 0 0 0 0 0
P3123 2007 8 0 0 0 0 0 0 0 0 0 0 0 0 0 0 0 0 0 0 0 0 0 0 0 31 8 3 4 6 9 0 0
P3123 2007 9 0 0 0 0 0 0 0 0 0 0 0 0 0 0 0 0 0 0 0 0 0 0 0 0 0 0 0 0 16 0 -999
P3123 2007 10 29 38 9 0 0 0 3 16 19 26 10 15 18 26 33 12 60 37 12 4 6 0 0 7 8 22 102 56 18 43 14
P3123 2007 11 0 0 0 0 0 0 0 4 4 17 8 1 3 2 5 4 0 3 3 85 17 159 126 79 83 18 15 9 72 16 -999
P3123 2007 12 11 7 0 0 0 0 0 9 79 99 24 9 7 5 10 152 203 109 72 182 69 8 49 6 2 6 7 7 9 6 15
P3123 2008 1 104 82 193 55 91 118 143 10 6 11 6 12 10 5 4 62 60 66 7 0 0 0 0 0 0 0 0 3 0 0 5
P3123 2008 2 4 3 2 0 0 0 0 1 2 0 0 0 0 0 3 0 0 0 4 64 12 24 4 8 4 3 2 5 -999 -999 -999
P3123 2008 3 6 10 6 3 1 0 4 4 2 1 1 3 15 45 12 26 14 12 2 8 2 0 10 12 11 41 10 3 10 23 7
P3123 2008 4 7 5 3 2 8 40 101 61 34 21 19 22 31 8 4 2 5 17 15 2 0 0 1 4 4 12 7 14 73 0 -999
P3123 2008 5 0 0 6 13 26 25 18 7 18 26 21 9 5 0 0 0 2 3 10 7 5 0 0 0 0 0 0 0 4 0 0
P3123 2008 6 6 0 0 0 3 0 0 0 0 0 0 0 0 0 0 0 0 0 0 0 0 0 0 0 0 0 14 12 0 0 -999
P3123 2008 7 4 12 8 20 26 18 36 6 3 4 4 0 0 0 0 0 0 0 0 0 0 0 0 0 0 0 0 0 0 0 0
P3123 2008 8 0 0 0 0 0 0 0 0 0 0 0 0 0 0 0 0 0 0 0 0 0 0 0 0 0 0 0 0 0 0 0
P3123 2008 9 0 0 0 0 0 0 0 0 0 0 0 0 0 0 6 5 0 0 0 0 0 0 0 0 0 0 0 0 0 0 -999
P3123 2008 10 7 21 40 17 16 10 6 0 0 29 32 8 15 33 56 37 20 6 10 23 12 35 34 17 9 12 3 3 3 5 9
P3123 2008 11 4 3 1 3 7 14 9 41 20 5 1 6 1 6 93 155 76 61 176 5 2 73 15 19 5 4 3 2 3 6 -999
P3123 2008 12 59 35 4 24 0 2 10 29 9 1 0 4 25 57 11 26 2 0 0 6 8 4 5 9 0 0 0 4 0 7 5
P3123 2009 1 3 0 0 0 5 7 3 1 2 11 91 3 30 8 6 5 4 37 26 16 25 52 25 26 11 4 1 3 13 53 5
P3123 2009 2 5 2 0 0 28 55 7 3 11 3 15 14 3 0 0 0 92 52 22 84 105 33 102 78 217 75 112 149 -999 -999 -999
P3123 2009 3 90 92 282 133 22 311 36 7 6 9 2 0 0 0 0 0 2 4 16 5 6 0 0 0 4 25 26 11 3 1 1
P3123 2009 4 0 0 0 0 0 3 7 3 1 0 4 5 17 11 7 1 0 0 3 11 6 1 0 0 0 0 0 0 0 0 -999
P3123 2009 5 0 0 0 0 0 0 0 0 0 0 0 0 0 0 0 0 0 0 0 0 0 0 0 0 0 0 0 0 0 0 0
P3123 2009 6 0 0 9 12 6 5 9 15 16 17 40 23 22 20 12 8 10 17 6 19 23 12 0 0 0 0 0 0 0 0 -999
P3123 2009 7 0 0 0 0 0 0 0 0 0 0 0 0 0 0 0 0 0 0 0 0 0 0 0 0 0 0 0 0 0 0 0
P3123 2009 8 0 0 0 0 0 0 0 0 0 0 0 0 0 0 0 0 0 0 0 0 0 0 0 0 0 0 0 0 0 0 0
P3123 2009 9 0 0 0 0 0 0 0 0 0 0 0 0 0 0 0 0 0 0 0 0 0 0 0 0 0 0 0 0 0 0 -999
P3123 2009 10 0 41 57 51 40 30 20 7 0 0 0 0 0 0 0 0 0 0 0 0 2 5 4 2 9 17 23 12 0 0 0
P3123 2009 11 0 6 15 0 7 2 0 4 6 17 50 17 6 0 0 1 0 0 0 0 2 3 4 0 0 0 0 0 0 2 -999
P3123 2009 12 5 2 2 5 13 3 10 9 0 27 26 24 12 0 41 42 30 13 3 0 0 0 2 8 14 74 89 56 51 22 68
P3123 2010 1 2 5 7 6 5 0 17 4 4 0 4 0 0 4 5 6 13 24 21 8 5 2 0 5 6 9 2 0 0 0 0
P3123 2010 2 0 0 0 2 2 0 0 0 2 7 6 10 11 6 3 10 6 3 4 4 7 6 0 0 0 0 0 2 -999 -999 -999
P3123 2010 3 5 1 1 0 2 3 37 18 44 9 6 1 0 0 0 0 0 3 5 47 66 19 21 6 8 4 3 2 1 8 10
P3123 2010 4 44 99 44 5 14 15 47 23 11 4 7 36 8 6 0 0 0 0 0 0 0 0 0 6 2 1 0 0 0 0 -999
P3123 2010 5 0 0 0 0 0 0 0 0 0 0 0 0 0 0 0 0 0 2 0 5 0 0 14 8 0 0 0 0 19 20 0
P3123 2010 6 0 0 0 0 0 0 0 0 0 0 7 4 7 73 21 10 5 0 0 0 6 12 0 0 0 0 0 0 0 0 -999
P3123 2010 7 0 0 0 0 0 0 0 0 0 0 0 0 0 0 0 0 0 0 0 0 0 0 0 0 0 0 0 0 0 0 0
P3123 2010 8 0 0 0 0 0 0 0 0 0 0 0 0 0 0 0 0 0 0 0 0 0 0 0 0 0 0 0 0 0 0 0
P3123 2010 9 0 0 0 0 0 0 0 0 0 0 0 0 0 0 0 0 0 0 0 0 25 19 0 0 83 38 0 0 0 0 -999
P3123 2010 10 0 0 0 0 0 0 0 0 0 0 0 0 0 0 0 2 0 0 0 0 0 0 12 3 8 6 10 0 0 0 0
P3123 2010 11 0 2 0 0 0 0 0 0 4 6 20 187 123 22 87 14 57 5 10 3 2 3 11 5 1 0 0 0 0 0 -999
P3123 2010 12 0 3 0 0 11 0 0 8 7 3 4 7 7 3 2 3 12 17 7 7 3 0 4 11 6 2 2 3 3 5 5
P3123 2011 1 0 0 0 0 1 1 0 0 0 0 0 7 5 0 0 10 20 28 31 24 8 5 0 0 2 5 5 4 2 7 6
P3123 2011 2 1 2 2 0 0 0 0 1 6 1 1 1 0 0 2 8 6 9 13 11 17 2 9 17 17 6 7 21 -999 -999 -999
P3123 2011 3 8 2 7 18 7 47 104 67 13 4 0 2 0 4 18 39 2 17 7 2 1 1 8 9 1 2 8 6 25 3 4
P3123 2011 4 13 16 9 9 0 0 0 0 0 57 39 10 7 3 0 0 0 0 11 38 43 0 1 2 3 3 6 0 0 0 -999
P3123 2011 5 0 0 0 0 0 0 0 0 4 5 11 0 0 4 0 0 0 0 0 0 0 0 0 0 0 0 7 0 0 0 0
P3123 2011 6 0 0 0 0 0 0 0 0 0 0 0 0 0 0 0 0 0 0 0 0 0 0 0 3 5 24 6 0 0 0 -999
P3123 2011 7 0 3 0 0 4 6 0 0 0 0 0 0 0 0 0 0 0 0 0 0 0 0 0 0 0 0 0 0 0 0 0
P3123 2011 8 0 0 0 0 0 0 0 0 0 0 0 0 0 0 0 0 0 0 0 0 0 0 0 0 0 0 0 0 0 0 0
P3123 2011 9 0 0 0 0 0 0 0 0 0 0 4 0 0 0 0 2 0 15 0 0 0 0 0 0 0 0 0 0 0 0 -999
P3123 2011 10 0 0 0 0 0 5 8 5 4 1 1 0 3 0 0 0 0 0 37 14 7 41 59 8 4 0 3 4 14 44 42
P3123 2011 11 56 50 87 13 6 21 14 21 0 0 10 9 15 32 45 0 0 0 0 6 16 25 30 11 9 20 48 62 30 4 -999
P3123 2011 12 61 8 5 0 0 0 0 0 0 0 4 0 3 2 68 22 29 37 0 0 0 0 0 1 6 76 111 47 24 15 6
P3123 2012 1 17 28 94 33 147 10 6 0 1 2 3 7 6 11 4 9 18 153 33 10 7 9 4 4 0 2 4 4 1 0 1
P3123 2012 2 1 0 0 3 0 0 0 2 2 6 19 41 37 3 6 3 132 9 17 5 5 1 8 32 30 0 5 0 -999 -999 -999
P3123 2012 3 2 0 0 0 0 0 0 0 0 0 0 0 6 6 9 5 4 4 7 5 0 0 2 3 3 6 13 3 1 0 0
P3123 2012 4 0 0 0 0 0 0 0 0 0 0 0 0 0 0 0 0 0 0 0 3 0 0 0 0 0 0 0 0 0 0 -999
P3123 2012 5 0 0 0 0 0 0 0 11 45 52 33 0 46 21 19 0 0 7 0 0 0 0 0 16 21 34 28 23 46 22 7
P3123 2012 6 0 0 0 0 0 11 5 0 0 0 0 0 0 0 0 0 0 0 0 0 0 0 0 0 0 0 0 0 0 0 -999
P3123 2012 7 0 0 0 0 0 0 0 0 0 0 0 0 0 0 0 0 0 0 0 0 0 0 0 0 0 0 0 0 0 0 0
P3123 2012 8 0 0 0 0 0 0 0 0 0 0 0 0 0 0 0 0 0 0 0 0 0 0 0 0 0 0 3 0 0 0 0
P3123 2012 9 0 0 0 0 0 0 0 0 0 0 0 0 0 0 0 0 0 0 0 0 0 0 0 0 0 0 0 0 0 0 -999
P3123 2012 10 0 0 0 0 0 0 0 0 0 25 9 12 18 0 0 0 0 9 11 0 94 84 29 7 7 44 0 10 6 122 66
P3123 2012 11 6 0 7 5 7 11 26 0 0 4 5 20 38 9 0 0 0 0 3 2 0 0 0 0 0 0 5 0 0 6 -999
P3123 2012 12 52 10 2 2 9 3 2 1 0 0 0 4 8 0 0 3 3 13 7 10 3 6 20 23 4 2 0 0 0 0 0
P3123 2013 1 6 4 0 0 0 2 1 0 1 0 0 2 8 6 1 2 0 2 0 3 9 7 36 59 7 4 1 3 10 2 4
P3123 2013 2 4 4 8 7 4 52 74 14 9 2 6 10 4 11 7 5 34 4 5 3 0 37 21 10 38 44 31 13 -999 -999 -999
P3123 2013 3 6 4 5 0 0 0 0 0 0 2 6 8 50 83 23 19 25 17 0 0 0 0 0 0 0 0 0 0 0 0 0
P3123 2013 4 0 20 33 27 18 15 8 6 20 9 0 0 0 41 56 53 28 15 52 71 25 23 11 6 0 3 2 2 0 0 -999
P3123 2013 5 6 4 0 0 0 0 0 0 0 8 14 7 6 0 0 0 0 0 14 33 15 25 16 20 2 6 0 0 0 0 0
P3123 2013 6 0 0 0 0 0 0 0 0 0 0 0 0 0 0 0 0 0 0 0 12 0 0 0 0 0 0 0 0 0 0 -999
P3123 2013 7 0 0 0 0 0 0 0 0 0 0 0 0 0 0 0 0 0 0 0 0 0 0 0 0 0 0 0 0 0 0 0
P3123 2013 8 0 0 0 0 0 0 0 0 0 0 0 0 0 0 0 0 0 0 0 0 0 0 0 0 0 0 0 0 0 0 0
P3123 2013 9 0 0 0 0 0 0 0 0 0 0 0 0 0 0 0 0 0 0 0 0 0 0 0 0 0 0 0 0 0 0 -999
P3123 2013 10 0 0 0 0 0 12 11 3 31 14 60 42 65 39 50 33 25 21 6 4 5 3 37 14 7 0 0 0 0 0 0
P3123 2013 11 0 5 0 0 0 0 0 2 0 0 0 0 4 9 39 7 18 11 0 0 0 0 0 13 6 7 10 36 14 15 -999
P3123 2013 12 17 18 41 41 11 6 1 2 1 4 9 1 0 0 0 30 74 21 2 0 1 1 5 1 0 0 0 0 4 4 15
P3123 2014 1 61 96 14 2 11 2 9 7 35 22 28 17 17 7 0 0 0 4 2 4 3 5 8 17 103 151 37 16 30 126 21
P3123 2014 2 159 9 4 26 28 11 6 16 14 6 0 0 0 0 0 0 0 11 10 8 6 5 2 0 0 0 0 0 -999 -999 -999
P3123 2014 3 0 0 0 0 0 0 0 0 0 0 0 2 1 4 9 7 3 2 2 9 12 13 5 6 14 10 7 12 7 11 14
P3123 2014 4 9 3 6 2 0 0 2 5 24 52 59 8 1 0 0 0 0 0 0 0 0 0 0 0 0 0 0 6 14 23 -999
P3123 2014 5 11 4 2 0 0 1 8 7 5 5 2 9 23 13 10 8 8 55 5 4 7 5 0 0 0 0 0 0 0 16 51
P3123 2014 6 40 22 5 3 0 0 0 0 0 0 0 0 0 0 0 0 0 0 0 0 0 0 0 0 0 0 0 0 0 0 -999
P3123 2014 7 0 0 0 0 0 0 0 0 0 0 0 0 0 0 0 0 0 0 0 0 0 0 0 0 0 0 0 0 0 0 0
P3123 2014 8 0 0 0 0 0 0 0 0 0 0 0 0 0 0 0 0 0 0 0 0 0 0 0 0 0 0 0 0 0 0 0
P3123 2014 9 0 0 0 0 0 0 0 0 0 0 0 0 0 0 0 0 0 0 0 0 0 0 0 0 0 0 0 0 0 0 -999
P3123 2014 10 0 0 17 0 0 0 0 0 0 26 0 0 0 0 0 0 0 0 0 0 10 8 27 21 0 21 7 0 0 0 0
P3123 2014 11 0 7 10 0 29 18 3 5 3 3 14 21 13 0 0 0 0 15 6 42 43 4 2 4 18 68 20 10 7 44 -999
P3123 2014 12 6 1 0 0 0 0 0 2 4 3 5 4 4 4 74 22 112 68 6 214 49 68 54 74 6 22 7 3 0 0 0
P3123 2015 1 0 0 0 0 0 0 0 0 0 0 0 0 0 0 0 1 2 1 2 3 4 3 3 3 31 41 8 6 4 35 4
P3123 2015 2 2 5 1 2 4 0 0 2 18 5 6 25 89 114 80 60 94 126 59 32 48 39 19 2 0 0 4 8 -999 -999 -999
P3123 2015 3 0 14 20 17 16 7 4 0 0 3 4 14 25 11 13 29 33 31 49 26 26 27 6 0 4 0 0 0 0 9 6
P3123 2015 4 4 7 7 5 18 15 2 1 10 39 40 19 38 23 119 35 6 9 47 14 13 6 12 44 17 0 0 0 0 0 -999
P3123 2015 5 0 4 4 8 14 5 5 0 0 4 0 0 0 0 0 0 0 0 0 0 0 0 0 0 0 0 0 0 0 0 0
P3123 2015 6 0 0 0 0 19 26 12 0 0 0 0 0 0 0 0 0 0 0 0 0 0 0 0 0 0 0 0 0 0 0 -999
P3123 2015 7 0 0 0 0 0 0 0 0 0 0 0 0 0 0 0 0 0 0 0 0 0 0 0 0 0 0 0 0 0 0 0
P3123 2015 8 0 0 0 0 0 0 0 0 0 0 0 0 0 0 0 0 0 0 0 0 0 0 0 0 0 0 0 0 0 0 0
P3123 2015 9 0 0 0 0 0 8 0 0 0 0 0 0 0 0 0 4 15 110 69 0 0 0 3 5 5 3 0 0 0 4 -999
P3123 2015 10 4 0 0 0 0 0 0 0 18 42 58 42 13 7 0 14 29 107 133 9 7 10 8 4 0 3 2 4 3 0 0
P3123 2015 11 0 0 0 0 4 3 6 17 24 0 0 1 1 13 4 2 1 0 0 0 0 0 0 0 0 0 0 0 11 3 -999
P3123 2015 12 0 0 0 0 0 0 0 0 0 0 2 9 12 10 5 2 3 0 12 6 9 28 7 7 34 20 48 88 17 29 32
P3123 2016 1 14 11 6 4 13 15 36 17 4 2 114 55 25 48 17 35 5 3 1 68 3 3 2 2 3 1 1 0 0 5 5
P3123 2016 2 4 3 2 1 5 29 4 2 4 2 2 5 11 5 3 0 0 0 0 0 0 0 0 0 0 0 0 0 -999 -999 -999
P3123 2016 3 2 1 2 0 2 0 0 5 4 0 0 0 0 0 0 3 2 11 4 0 0 0 2 2 1 0 2 1 0 15 8
P3123 2016 4 2 0 7 103 63 8 8 6 34 11 8 12 18 12 3 13 54 23 38 20 21 7 44 0 0 0 4 39 5 31 -999
P3123 2016 5 33 18 9 8 4 0 4 0 0 0 2 0 0 0 0 0 0 0 0 0 0 0 0 2 6 0 0 0 0 0 0
P3123 2016 6 0 0 0 0 6 16 0 0 0 0 0 0 0 0 0 0 0 0 0 0 0 0 0 0 0 0 0 9 0 0 -999
P3123 2016 7 0 0 0 0 0 0 0 0 0 0 0 0 0 0 0 0 0 0 0 0 0 0 0 0 0 0 0 0 0 0 0
P3123 2016 8 0 0 0 0 0 0 0 0 0 0 0 0 0 0 0 0 0 0 0 0 0 0 0 0 0 0 0 0 0 0 0
P3123 2016 9 0 0 0 0 0 0 0 0 0 0 0 0 0 0 0 0 0 0 0 0 0 0 0 0 0 0 0 0 0 0 -999
P3123 2016 10 0 0 0 0 0 0 0 21 20 9 0 0 0 0 7 13 13 11 13 36 8 9 12 52 99 61 69 141 64 7 4
P3123 2016 11 1 0 0 38 69 14 134 21 33 19 89 133 160 79 13 106 11 15 27 11 3 7 18 67 168 95 33 23 13 2 -999
P3123 2016 12 0 0 0 0 2 0 0 0 0 0 3 3 1 4 4 0 0 1 2 0 0 1 0 0 0 0 0 2 9 28 7
P3123 2017 1 4 2 82 2 15 4 21 10 23 46 4 7 3 1 2 2 3 0 0 6 5 2 0 0 8 28 26 120 3 0 0
P3123 2017 2 0 2 2 7 12 11 13 19 9 13 17 11 6 38 42 5 9 15 225 108 127 24 11 6 10 8 42 21 -999 -999 -999
P3123 2017 3 10 20 17 31 104 43 6 17 65 37 39 43 22 7 6 10 18 57 33 14 16 249 22 28 16 24 12 46 75 27 75
P3123 2017 4 77 33 16 6 3 6 73 35 11 62 140 48 6 7 38 8 7 8 3 8 29 22 6 7 12 32 6 3 6 4 -999
P3123 2017 5 14 13 2 2 4 14 32 10 6 9 9 3 0 9 0 0 3 0 0 0 2 7 16 16 16 4 0 0 0 0 0
P3123 2017 6 0 5 0 0 0 0 0 9 7 0 0 0 0 0 0 0 0 0 0 0 0 0 0 0 0 0 0 0 0 0 -999
P3123 2017 7 0 0 0 0 0 0 0 0 0 0 0 0 6 0 0 0 0 0 0 0 0 0 8 6 0 0 0 0 0 0 0
P3123 2017 8 0 0 0 0 0 0 0 0 0 0 9 0 0 0 0 0 0 0 0 0 0 0 0 0 0 0 0 0 0 0 0
P3123 2017 9 0 0 0 0 0 0 0 0 0 0 0 0 0 0 0 0 0 0 0 0 0 0 0 0 0 4 5 17 17 32 -999
P3123 2017 10 37 19 4 0 0 0 13 9 14 3 0 0 0 0 0 0 0 0 0 0 9 0 26 6 14 9 9 2 1 0 0
P3123 2017 11 5 7 0 0 17 5 2 7 10 23 32 11 7 0 4 0 3 11 5 2 2 7 4 22 20 12 0 0 20 3 -999
P3123 2017 12 7 4 1 0 0 0 0 1 0 0 4 29 29 16 5 21 53 7 5 11 34 86 34 3 4 7 5 93 229 104 33
P3123 2018 1 3 0 1 0 0 0 0 0 0 0 0 0 0 0 3 2 5 3 0 0 0 0 8 24 52 33 8 9 17 18 15
P3123 2018 2 6 24 98 30 122 116 21 94 9 8 16 83 95 17 3 0 0 0 5 7 0 11 14 14 3 4 7 12 -999 -999 -999
P3123 2018 3 7 4 5 6 7 20 11 0 0 0 13 73 9 3 0 0 0 0 2 18 40 22 23 65 17 155 25 54 34 76 9
P3123 2018 4 55 58 52 62 9 2 0 0 0 3 4 47 84 18 23 139 12 14 7 0 0 0 0 0 6 7 10 9 21 64 -999
P3123 2018 5 32 33 68 52 5 0 0 0 0 0 0 0 0 0 17 12 17 41 22 13 0 0 0 0 0 0 0 0 3 0 0
P3123 2018 6 0 0 0 0 0 5 2 3 0 0 0 0 0 0 0 0 0 0 0 0 0 0 0 0 0 0 0 0 0 0 -999
P3123 2018 7 0 0 0 0 0 0 0 0 0 0 0 0 0 0 0 0 0 0 0 0 0 0 0 0 0 0 0 0 0 0 0
P3123 2018 8 0 0 0 0 0 0 0 0 0 0 0 0 0 0 0 0 0 0 0 0 0 0 0 0 0 0 0 0 0 0 0
P3123 2018 9 0 0 15 0 0 20 0 0 0 0 0 0 0 0 0 0 0 0 0 0 0 17 11 6 0 0 0 0 0 0 -999
P3123 2018 10 0 0 0 0 10 0 0 0 0 0 0 0 0 0 14 16 0 0 25 42 51 21 0 48 46 12 14 9 7 13 82
P3123 2018 11 33 16 16 10 7 0 0 0 12 28 0 0 0 0 0 0 7 0 4 3 10 57 43 29 9 49 60 50 12 12 -999
P3123 2018 12 0 3 2 0 0 0 0 2 0 2 3 0 2 3 0 0 0 0 0 0 0 8 8 11 12 100 27 7 2 0 0
P3123 2019 1 0 0 1 10 6 40 35 22 11 7 4 7 32 4 11 5 0 0 0 3 0 0 0 3 5 2 1 2 3 5 8
P3123 2019 2 2 3 8 9 4 5 5 14 4 9 13 11 8 5 116 26 9 2 2 2 0 6 44 34 86 18 44 81 -999 -999 -999
P3123 2019 3 113 80 54 56 64 85 26 26 61 62 26 21 6 0 0 0 0 0 0 0 0 4 6 5 9 10 19 10 8 17 12
P3123 2019 4 7 11 0 0 0 0 0 0 0 0 0 1 6 0 0 0 0 0 0 0 0 0 5 6 2 2 3 31 13 16 -999
P3123 2019 5 9 5 1 0 6 1 0 0 10 8 6 0 12 14 2 2 0 0 0 0 0 0 0 0 0 0 0 4 7 11 19
P3123 2019 6 0 0 0 0 0 0 0 0 0 0 0 0 0 0 0 0 0 0 0 0 0 0 0 0 0 7 7 0 0 0 -999
P3123 2019 7 0 4 11 5 0 0 0 0 0 0 0 0 0 0 0 0 0 0 0 0 0 0 0 0 0 0 0 0 0 0 0
P3123 2019 8 0 0 0 0 0 0 0 0 0 0 0 0 0 0 0 0 0 0 0 0 0 0 0 0 0 0 0 0 0 0 0
P3123 2019 9 0 0 0 0 0 0 0 0 0 0 0 23 19 9 0 0 0 0 2 0 0 0 0 0 0 0 0 0 0 0 -999
P3123 2019 10 0 0 16 22 21 30 30 15 60 20 0 0 0 0 6 0 4 0 0 0 0 0 0 0 3 5 0 5 0 0 0
P3123 2019 11 3 30 0 43 37 131 23 6 2 0 0 0 7 10 23 8 0 0 0 0 0 0 0 0 6 12 6 6 10 21 -999
P3123 2019 12 9 6 6 0 16 4 11 0 0 0 0 0 2 3 12 11 23 34 18 6 5 34 64 157 114 34 11 1 2 1 0
P3123 2020 1 1 14 80 101 43 155 81 3 2 4 15 8 2 0 0 0 0 0 0 0 0 4 2 8 11 0 0 4 2 5 3
P3123 2020 2 14 16 40 55 4 4 6 1 3 0 0 0 0 50 35 65 11 3 4 10 14 16 43 46 7 6 12 10 -999 -999 -999
P3123 2020 3 0 0 0 0 0 0 0 0 0 0 3 7 45 16 47 26 22 7 3 2 4 32 70 134 87 7 46 4 5 14 9
P3123 2020 4 4 0 4 0 0 0 0 11 15 11 11 15 19 9 3 0 0 0 0 9 22 20 34 64 49 11 4 6 25 12 -999
P3123 2020 5 0 13 12 29 9 5 3 3 5 0 10 6 0 0 0 0 0 0 0 0 10 7 5 11 13 14 65 104 27 13 8
P3123 2020 6 4 5 5 0 0 8 16 24 10 2 0 0 0 0 13 0 0 0 0 0 0 0 0 0 0 0 0 0 0 0 -999
P3123 2020 7 0 0 0 0 0 0 0 0 0 0 0 0 0 0 0 0 0 0 0 0 0 0 0 0 0 0 0 0 0 0 0
P3123 2020 8 0 0 0 0 0 9 9 7 0 0 0 0 0 0 0 0 0 0 0 0 0 0 0 0 0 0 0 0 0 0 0
P3123 2020 9 0 0 0 0 0 0 0 0 11 0 0 0 0 0 32 15 0 6 19 9 3 0 0 0 0 0 0 0 0 0 -999
P3123 2020 10 0 0 0 5 2 4 2 0 3 8 12 7 0 0 0 0 0 0 0 0 0 3 25 65 6 60 130 75 13 3 0
P3123 2020 11 5 5 14 67 6 7 9 3 0 2 0 0 4 5 2 3 34 18 95 151 150 23 6 0 0 0 0 0 0 13 -999
P3123 2020 12 10 10 13 32 9 6 2 5 6 6 5 5 4 6 3 0 0 12 4 10 46 218 123 42 5 4 2 3 0 0 2
P3123 2021 1 1 6 3 1 3 2 3 0 0 0 4 18 11 19 4 3 8 5 5 3 18 19 37 58 75 140 274 89 65 44 105
P3123 2021 2 14 92 38 113 85 37 9 24 5 12 14 60 48 11 8 11 8 4 1 0 0 0 0 6 6 8 45 18 -999 -999 -999
P3123 2021 3 6 18 72 42 44 76 47 31 0 3 3 7 301 40 243 44 99 121 165 33 25 9 35 27 5 0 1 2 5 6 5
P3123 2021 4 8 5 8 21 6 0 0 0 6 14 19 2 0 0 2 42 15 7 10 10 11 8 8 41 77 67 34 12 6 11 -999
P3123 2021 5 3 1 0 2 2 5 9 18 5 4 4 4 15 0 0 0 3 0 0 0 0 0 0 0 0 0 0 10 15 22 16
P3123 2021 6 24 20 10 3 8 5 29 31 23 32 8 6 19 29 7 0 0 0 0 0 0 0 0 0 0 0 0 0 0 0 -999
P3123 2021 7 0 0 0 0 0 0 0 0 0 0 0 0 0 0 0 0 0 0 0 0 0 0 0 0 0 0 0 0 0 0 0
P3123 2021 8 0 0 0 0 0 0 0 9 17 6 3 0 0 0 0 0 0 0 0 0 0 0 0 0 0 0 0 0 0 0 0
P3123 2021 9 0 0 0 0 0 0 0 0 0 0 0 0 0 8 23 24 0 0 0 0 0 0 0 0 78 22 9 5 0 19 -999
P3123 2021 10 21 54 93 25 0 0 0 26 5 0 0 0 6 29 56 3 0 0 35 5 32 24 0 0 7 15 10 1 3 8 19
P3123 2021 11 38 29 25 6 20 26 24 10 7 5 0 0 0 0 0 0 0 0 9 14 17 5 5 6 0 0 0 0 0 5 -999
P3123 2021 12 0 0 0 0 0 0 0 1 0 0 0 8 19 33 110 66 355 234 68 61 197 24 35 45 98 11 76 106 38 30 5
P3123 2022 1 1 0 0 0 0 0 0 0 0 0 0 2 6 4 10 6 2 1 0 11 12 4 1 6 0 0 0 0 0 0 0
P3123 2022 2 0 6 2 2 3 0 0 0 3 13 3 0 1 5 23 7 3 3 0 3 14 7 9 43 6 8 15 164 -999 -999 -999
P3123 2022 3 13 40 3 14 41 68 3 6 0 3 0 0 0 0 3 2 0 0 2 8 10 0 0 7 7 6 4 0 3 2 3
P3123 2022 4 12 26 83 33 12 89 31 13 10 3 0 39 30 2 0 0 0 0 0 12 25 50 7 14 5 11 4 0 0 2 -999
P3123 2022 5 0 0 0 0 0 0 0 0 0 0 0 0 0 0 0 0 0 0 0 0 2 5 0 0 0 0 0 0 0 0 0
P3123 2022 6 0 0 0 0 0 0 0 0 0 0 0 0 0 0 0 0 0 0 0 0 0 0 0 0 0 0 0 0 0 0 -999
P3123 2022 7 0 0 0 0 0 0 0 0 0 0 0 0 0 0 0 0 0 0 0 0 0 0 0 0 0 0 0 0 0 0 0
P3123 2022 8 0 0 0 0 0 0 0 0 0 0 0 0 0 0 0 0 0 0 0 0 0 0 0 0 0 0 0 0 0 0 0
P3123 2022 9 0 0 0 0 0 0 0 0 0 0 0 0 0 0 0 0 0 0 0 0 0 4 9 12 7 10 0 0 0 0 -999
P3123 2022 10 0 0 0 0 7 2 0 0 0 3 0 10 38 10 3 0 0 0 0 16 10 0 0 0 0 0 16 9 0 0 0
P3123 2022 11 9 0 0 7 3 2 0 0 2 0 0 9 82 70 93 43 16 21 12 145 170 230 266 121 4 0 0 0 0 4 -999
P3123 2022 12 8 4 5 3 3 66 55 54 14 4 4 2 0 0 0 0 10 12 23 40 41 22 69 50 93 105 66 50 89 6 8
P3123 2023 1 10 29 16 25 99 98 60 89 33 4 62 34 16 25 6 6 25 36 21 12 6 9 14 5 3 5 2 0 0 0 0
P3123 2023 2 0 6 6 4 1 2 3 0 0 0 0 8 4 5 52 26 18 31 11 108 8 0 0 2 0 1 2 2 -999 -999 -999
P3123 2023 3 0 0 8 1 1 5 0 0 0 0 0 0 0 0 34 69 270 68 14 8 50 37 6 3 3 4 0 5 19 34 0
P3123 2023 4 0 0 0 0 0 0 23 8 7 0 0 0 0 13 42 29 13 1 0 0 6 2 2 2 5 8 6 0 0 0 -999
P3123 2023 5 24 64 52 68 22 11 29 57 74 12 5 7 14 0 0 0 0 0 0 0 0 8 6 10 0 0 0 0 0 0 0
P3123 2023 6 0 0 0 0 0 0 0 0 0 0 0 9 7 4 29 8 6 6 9 0 0 0 0 0 0 0 0 0 0 0 -999
P3123 2023 7 0 0 0 0 0 0 0 0 0 0 0 0 0 0 0 0 0 6 9 13 0 0 0 0 0 0 0 0 0 0 0
P3123 2023 8 0 0 0 0 0 0 0 0 0 0 0 0 0 0 0 0 0 0 0 0 0 0 0 0 0 0 0 0 0 0 0
P3123 2023 9 0 0 0 0 0 0 0 0 0 0 0 0 0 0 0 0 0 7 0 0 0 0 0 0 0 0 0 0 0 12 -999
P3123 2023 10 20 7 3 3 0 0 0 0 5 9 0 0 7 15 12 8 13 13 3 24 9 11 4 5 0 0 9 4 6 8 10
P3123 2023 11 6 6 2 0 0 0 0 0 40 26 49 53 14 0 5 0 0 0 0 2 2 1 0 0 0 0 4 3 2 0 -999
P3123 2023 12 5 25 80 43 0 0 0 0 0 0 2 8 0 3 2 2 7 62 13 71 25 39 10 27 4 0 0 0 0 0 5
P3123 2024 1 2 0 2 0 0 0 0 0 0 0 0 0 0 0 0 1 3 12 55 125 23 47 87 19 4 15 26 55 4 6 14
P3123 2024 2 5 6 4 26 5 0 0 65 58 10 57 122 53 6 4 0 0 0 0 0 0 0 1 0 0 0 0 0 -999 -999 -999
P3123 2024 3 0 0 0 0 0 3 7 5 0 5 38 48 15 71 13 8 16 14 42 13 10 4 0 3 2 3 4 3 3 21 10
P3123 2024 4 3 3 4 7 57 60 60 42 14 99 99 0 2 0 0 0 4 2 2 0 14 72 8 2 0 0 0 0 0 2 -999
P3123 2024 5 6 11 11 10 17 16 33 17 6 0 0 7 9 7 5 3 5 19 4 0 0 0 0 0 0 0 11 15 16 4 3
P3123 2024 6 0 0 0 0 0 0 0 0 0 0 0 5 3 0 0 0 0 0 0 0 0 0 0 0 0 0 0 0 0 0 -999
P3123 2024 7 0 0 0 0 0 0 0 0 0 0 0 0 0 0 0 0 0 0 0 0 0 0 0 0 0 0 0 0 0 0 0
P3123 2024 8 0 0 0 0 0 0 0 0 0 0 0 0 0 0 0 0 0 0 0 0 0 0 0 0 0 0 0 0 0 0 0
P3123 2024 9 0 0 0 0 0 0 0 0 0 0 0 0 0 0 0 0 44 0 9 13 77 53 21 19 13 18 6 3 7 6 -999
P3123 2024 10 4 73 103 21 82 57 29 0 0 0 0 0 0 0 20 0 0 4 0 0 0 0 0 0 0 0 0 0 9 15 29
P3123 2024 11 25 100 109 29 15 18 5 0 0 2 6 27 11 11 40 19 10 2 3 1 0 0 0 0 0 0 0 7 10 23 -999
P3123 2024 12 63 53 18 4 10 8 3 4 19 81 141 44 60 5 5 0 0 20 5 0 7 10 11 19 6 6 4 2 0 0 2
P3123 2025 1 3 0 3 87 180 115 23 30 12 17 4 3 6 2 3 3 6 16 7 4 4 0 0 0 0 0 2 19 26 60 10
P3123 2025 2 9 9 14 3 5 8 14 131 39 22 87 58 7 0 33 19 4 0 0 0 0 0 2 0 4 0 0 0 -999 -999 -999
P3123 2025 3 3 12 6 5 0 0 17 61 12 4 6 2 0 0 0 0 0 0 0 0 0 0 0 0 0 0 3 3 0 0 0
P3123 2025 4 0 0 0 0 1 2 0 0 0 0 0 0 0 0 0 0 0 0 7 0 0 0 0 0 10 0 0 2 5 1 -999
P3123 2025 5 0 0 6 17 6 3 0 0 0 0 0 0 6 15 8 2 0 0 0 0 5 5 4 6 9 7 7 11 41 3 3
P3123 2025 6 0 0 0 1 4 0 0 0 0 0 0 0 0 0 0 0 0 0 0 0 0 0 0 0 0 0 0 0 0 0 -999
P3123 2025 7 0 0 0 0 0 0 0 0 0 0 0 0 0 0 0 0 0 0 0 0 0 0 0 0 0 0 0 0 0 0 0
P3123 2025 8 0 0 7 0 0 0 0 0 0 0 0 0 0 13 0 0 0 0 0 0 0 0 0 0 0 0 0 0 0 0 0
P3123 2025 9 0 0 0 0 0 0 0 0 0 0 0 0 0 0 0 0 0 9 0 0 0 0 0 0 0 0 0 11 3 5 -999
P3123 2025 10 0 0 0 0 0 0 0 0 0 0 0 0 0 0 0 0 30 151 85 60 114 78 12 4 6 0 0 3 7 69 94
P3123 2025 11 153 27 14 188 82 17 15 8 25 139 52 0 2 83 140 22 4 0 0 5 1 0 0 0 0 1 0 0 0 0 -999
P3123 2025 12 0 0 0 0 0 2 2 2 3 3 15 10 12 9 4 15 0 26 11 3 18 77 27 50 12 33 9 32 15 23 20
P3123 2026 1 42 10 2 0 0 0 0 1 0 2 3 3 0 2 3 4 2 7 41 21 38 10 2 3 0 0 0 0 0 0 0
P3123 2026 2 0 0 0 0 0 0 2 0 0 0 0 0 2 5 2 55 4 2 1 2 3 1 1 6 4 6 0 8 -999 -999 -999
P3123 2026 3 6 5 16 41 18 42 16 9 3 3 0 0 13 25 0 0 0 0 0 0 0 0 163 74 82 63 13 7 11 23 11
P3123 2026 4 7 19 5 4 10 13 4 4 10 4 8 6 14 2 2 6 11 4 13 5 6 0 0 0 0 0 0 0 19 37 -999
P3123 2026 5 21 12 6 2 0 0 0 0 0 6 5 4 4 4 0 0 0 0 0 0 0 0 0 0 0 0 0 0 2 0 0
P3123 2026 6 0 0 0 0 0 0 0 0 0 0 0 0 0 0 0 5 0 0 0 0 0 0 0 0 0 0 0 0 0 0 -999
P3123 2026 7 0 0 0 0 0 0 0 0 0 0 0 0 0 0 0 0 0 0 0 0 0 0 0 0 0 0 0 0 0 0 0
P3123 2026 8 0 0 0 0 0 0 0 0 0 0 0 0 0 0 0 0 0 0 0 0 0 0 0 0 0 0 0 0 0 0 0
P3123 2026 9 6 5 7 5 0 0 0 0 0 0 0 0 0 0 0 0 0 0 0 0 11 7 0 0 0 0 0 0 0 0 -999
P3123 2026 10 0 0 0 0 0 0 0 0 0 0 0 0 0 0 0 0 1 4 3 33 4 2 0 0 0 0 0 6 13 29 99
P3123 2026 11 48 78 37 63 155 30 16 79 67 36 38 32 3 16 142 27 9 4 0 0 7 0 1 4 0 0 1 0 0 0 -999
P3123 2026 12 1 2 4 0 0 0 0 0 0 2 2 2 2 15 129 76 27 268 52 16 5 114 17 8 6 1 2 9 0 0 0
P3123 2027 1 0 3 3 10 5 113 66 8 7 18 150 44 5 2 15 20 0 5 16 5 17 15 1 1 10 168 164 123 150 11 0
P3123 2027 2 0 0 0 0 0 0 2 0 0 3 17 6 4 0 8 8 10 38 22 25 6 17 71 9 0 2 1 1 -999 -999 -999
P3123 2027 3 6 10 4 5 6 10 6 11 6 0 7 0 0 0 0 0 17 25 23 8 29 47 53 35 10 14 7 4 2 0 0
P3123 2027 4 0 6 7 16 0 0 0 0 0 0 0 0 0 6 6 0 0 9 0 0 0 9 18 0 0 0 0 0 23 8 -999
P3123 2027 5 23 6 7 14 38 68 31 6 0 0 11 4 0 0 0 0 0 0 0 0 0 0 0 0 0 5 0 0 0 0 0
P3123 2027 6 0 0 0 12 17 9 3 0 0 0 0 0 0 0 0 0 0 0 0 0 0 0 0 0 0 0 0 4 0 0 -999
P3123 2027 7 0 3 10 0 0 4 0 0 0 0 0 0 0 0 0 0 0 0 0 0 0 0 0 0 0 0 0 0 0 0 0
P3123 2027 8 0 0 0 0 0 0 0 0 0 0 0 0 0 0 0 0 0 0 0 0 0 0 0 0 0 0 0 0 0 0 0
P3123 2027 9 0 0 0 0 0 0 0 0 0 0 0 0 4 0 0 0 0 0 0 0 0 0 0 0 0 10 5 0 9 12 -999
P3123 2027 10 6 0 22 0 0 0 0 0 0 0 0 0 0 0 0 0 3 11 3 0 0 6 11 17 6 0 0 0 0 0 0
P3123 2027 11 0 2 6 2 6 8 4 0 3 34 22 4 6 0 0 0 0 0 0 0 6 6 8 11 20 62 52 9 3 6 -999
P3123 2027 12 4 5 3 3 2 3 0 0 0 0 0 0 3 6 21 17 27 9 0 2 0 0 0 0 3 4 1 0 0 0 0
P3123 2028 1 1 3 0 0 0 0 0 0 0 0 3 3 8 0 4 12 24 21 8 0 0 0 1 0 0 0 14 7 0 0 6
P3123 2028 2 5 27 61 41 47 58 24 26 23 34 72 77 70 113 59 24 65 12 26 3 2 9 6 0 0 0 0 0 -999 -999 -999
P3123 2028 3 2 0 0 2 0 1 0 0 0 6 36 20 18 22 7 1 0 0 0 0 0 3 4 0 4 10 8 2 2 0 4
P3123 2028 4 0 0 0 0 2 4 0 0 0 8 7 3 0 0 0 0 13 0 33 66 12 3 0 0 0 0 0 0 0 0 -999
P3123 2028 5 0 0 0 0 0 0 0 9 24 18 9 14 11 4 0 2 0 0 0 0 0 0 6 6 8 2 4 13 9 4 2
P3123 2028 6 7 12 6 3 11 34 51 17 7 0 0 0 0 0 0 0 0 0 0 0 0 0 0 0 0 0 0 12 41 44 -999
P3123 2028 7 10 8 4 0 0 0 0 0 0 0 0 11 10 0 0 0 0 0 0 0 0 0 0 0 0 0 0 0 0 0 0
P3123 2028 8 0 0 0 0 0 0 0 0 0 0 0 0 0 0 0 0 0 0 0 0 0 0 0 0 5 0 0 0 0 0 0
P3123 2028 9 0 0 0 0 0 0 0 0 0 0 0 0 0 0 0 0 0 0 0 0 0 0 0 10 5 27 44 0 13 0 -999
P3123 2028 10 0 0 0 0 0 0 0 0 0 0 5 0 0 0 0 0 14 9 0 0 0 0 0 0 0 0 0 0 0 2 0
P3123 2028 11 0 0 5 2 42 35 10 0 2 0 7 34 3 3 4 8 6 8 4 43 73 12 10 0 0 0 10 13 26 5 -999
P3123 2028 12 7 8 5 3 1 0 0 0 0 0 0 7 9 3 5 9 14 23 72 55 74 38 77 20 7 13 17 7 6 62 4
P3123 2029 1 2 0 25 112 8 5 17 55 13 22 19 98 49 17 12 38 31 8 2 12 3 2 0 0 0 0 0 64 3 6 4
P3123 2029 2 50 30 41 18 21 6 5 3 0 6 3 3 9 1 3 3 2 0 0 2 0 0 0 2 1 4 5 6 -999 -999 -999
P3123 2029 3 6 6 6 70 83 97 41 45 42 16 9 0 2 2 2 3 0 0 2 20 7 1 1 2 0 0 0 0 0 6 6
P3123 2029 4 4 5 14 10 4 9 0 0 0 0 0 0 21 60 8 3 5 19 4 3 0 0 0 0 0 0 0 7 34 16 -999
P3123 2029 5 5 4 16 27 86 23 85 70 15 5 3 3 4 0 0 0 0 0 0 4 4 0 0 13 7 0 0 0 0 0 26
P3123 2029 6 34 0 33 34 0 0 0 0 0 0 0 0 0 0 0 0 0 0 0 0 0 0 0 0 0 0 0 0 0 0 -999
P3123 2029 7 0 0 0 0 0 0 0 0 0 0 0 0 0 0 0 0 0 0 0 0 0 0 0 0 0 0 0 0 0 0 0
P3123 2029 8 0 0 0 0 0 0 0 0 0 0 0 0 0 0 0 0 0 0 0 0 0 0 0 0 0 0 0 0 0 0 0
P3123 2029 9 0 0 0 0 0 0 0 0 0 0 0 0 0 0 0 0 0 0 0 0 0 0 3 7 22 39 16 11 0 0 -999
P3123 2029 10 0 0 6 3 0 0 0 0 0 0 0 0 0 0 0 0 0 6 6 0 0 0 0 0 3 27 15 36 126 71 11
P3123 2029 11 0 0 0 0 0 0 0 0 0 0 0 0 0 0 0 3 5 8 5 9 10 4 7 17 2 0 6 2 5 0 -999
P3123 2029 12 3 10 23 34 136 6 9 9 32 3 4 1 2 2 4 0 7 4 2 1 1 108 37 30 28 8 36 148 165 17 0
P3123 2030 1 0 0 0 14 36 21 32 25 12 61 29 8 5 10 8 64 9 1 2 4 6 4 3 7 7 2 6 6 7 2 0
P3123 2030 2 20 8 41 16 52 4 23 3 1 0 0 0 0 0 0 54 19 6 0 0 0 5 4 4 49 2 0 0 -999 -999 -999
P3123 2030 3 0 0 0 0 0 0 0 0 0 0 0 0 0 0 0 3 16 0 6 6 0 15 19 21 33 12 12 35 132 29 190
P3123 2030 4 92 71 18 4 1 0 0 6 11 29 9 0 0 17 18 11 18 17 10 4 3 4 3 14 32 63 5 3 19 17 -999
P3123 2030 5 5 2 0 0 0 0 0 0 0 10 13 12 8 39 42 45 11 15 3 0 0 0 0 0 0 0 0 0 0 0 0
P3123 2030 6 0 0 0 0 0 0 0 0 0 0 0 0 0 0 0 5 7 13 11 5 0 0 6 7 0 0 0 0 0 0 -999
P3123 2030 7 0 0 0 0 0 0 0 0 0 0 0 0 0 0 0 0 0 0 0 0 0 0 0 0 0 0 0 0 0 0 0
P3123 2030 8 0 0 0 0 0 0 0 0 0 0 0 0 0 0 0 0 0 0 0 0 0 0 0 0 0 0 0 0 0 0 0
P3123 2030 9 0 0 0 0 0 0 0 0 0 0 0 0 0 0 0 66 234 92 12 6 14 21 15 7 14 5 3 14 12 5 -999
P3123 2030 10 0 0 0 0 0 0 4 13 42 68 17 31 16 12 25 5 5 6 85 87 103 80 33 26 11 0 0 24 12 7 12
P3123 2030 11 12 0 11 10 24 32 204 159 68 64 40 23 5 52 22 41 53 75 56 16 26 80 49 22 17 10 7 119 51 7 -999
P3123 2030 12 1 0 0 0 4 14 1 5 2 5 25 6 0 0 0 0 0 0 1 1 1 1 0 0 1 5 30 13 32 25 14
P3123 2031 1 32 2 9 44 19 27 3 92 102 114 38 98 146 108 120 15 0 0 4 1 8 0 0 0 0 0 0 0 0 1 4
P3123 2031 2 5 8 10 10 19 14 7 22 36 12 7 10 10 16 18 0 29 39 8 7 15 15 36 18 4 11 0 2 -999 -999 -999
P3123 2031 3 6 7 4 30 44 32 5 10 71 44 18 28 84 4 2 2 5 2 3 4 1 0 0 0 0 0 0 0 2 11 68
P3123 2031 4 5 2 7 2 12 11 6 14 7 6 6 10 54 7 1 0 0 0 0 0 0 0 0 0 0 0 0 0 0 0 -999
P3123 2031 5 0 2 8 6 0 0 5 0 8 12 11 0 0 0 0 0 0 0 0 5 0 0 0 0 0 0 0 0 0 0 0
P3123 2031 6 0 0 0 0 0 0 46 2 0 0 0 0 0 0 0 0 0 0 0 0 0 0 0 0 0 0 0 0 0 0 -999
P3123 2031 7 0 0 0 0 0 0 0 0 0 0 0 0 0 7 8 3 4 5 0 0 0 0 0 0 0 0 0 0 0 0 0
P3123 2031 8 0 0 0 0 0 0 0 0 0 0 4 7 8 0 0 0 0 0 0 0 0 0 0 0 0 0 0 0 0 0 0
P3123 2031 9 0 0 0 0 0 0 0 0 0 0 5 10 0 0 0 0 0 0 0 0 0 12 48 12 8 17 30 9 19 0 -999
P3123 2031 10 0 0 0 0 0 0 0 16 26 0 0 0 0 0 0 17 14 19 45 34 37 31 0 61 61 0 15 21 4 6 4
P3123 2031 11 1 6 7 79 6 19 26 45 12 12 11 8 81 129 129 52 54 51 45 67 87 29 8 29 105 17 21 55 27 28 -999
P3123 2031 12 105 125 56 48 131 133 59 31 11 11 3 2 0 0 5 4 0 4 1 6 53 15 11 21 17 21 10 61 13 22 3
P3123 2032 1 3 13 37 113 172 81 79 192 40 2 4 86 8 22 73 9 0 0 0 4 0 0 1 0 3 9 5 10 17 142 11
P3123 2032 2 1 11 17 12 2 2 5 0 0 28 111 51 15 0 0 7 0 6 2 0 0 5 8 0 12 11 30 34 -999 -999 -999
P3123 2032 3 14 0 0 3 0 0 0 0 0 4 3 0 0 0 0 0 0 0 0 0 0 0 0 0 0 0 0 5 11 13 5
P3123 2032 4 23 38 21 31 39 18 48 81 37 10 7 5 11 10 7 38 7 6 0 7 0 0 7 55 44 6 0 0 0 0 -999
P3123 2032 5 0 0 2 5 0 0 0 0 0 0 0 12 0 0 11 5 0 9 9 8 0 3 2 0 7 6 6 8 14 41 25
P3123 2032 6 0 0 0 0 0 0 0 21 19 0 0 0 0 0 0 16 14 5 0 0 0 0 0 0 0 0 0 0 0 0 -999
P3123 2032 7 0 0 0 12 0 0 0 0 0 0 0 0 0 0 0 0 0 0 0 0 0 0 0 0 0 0 0 0 0 0 0
P3123 2032 8 0 0 0 0 0 0 0 0 0 0 0 0 0 0 0 0 0 0 0 0 0 0 0 0 0 0 0 0 0 0 0
P3123 2032 9 0 0 0 0 0 0 0 0 0 0 21 7 17 9 6 11 11 10 8 0 0 0 0 0 0 0 0 0 0 0 -999
P3123 2032 10 25 21 18 9 0 0 0 7 18 0 0 0 0 50 153 20 8 0 0 24 11 8 52 17 9 4 0 52 52 8 9
P3123 2032 11 4 14 24 41 15 0 0 0 0 0 0 0 0 0 0 9 6 2 0 0 0 2 2 5 4 9 20 25 35 158 -999
P3123 2032 12 26 39 18 41 7 0 0 0 0 5 0 0 0 0 0 0 0 0 2 2 2 0 0 12 26 40 7 0 2 2 2
P3123 2033 1 1 9 30 73 50 63 40 115 322 121 30 45 70 3 34 157 49 43 8 2 2 14 5 4 7 11 65 62 6 17 8
P3123 2033 2 0 0 0 0 3 9 18 44 31 19 159 53 43 4 0 0 5 8 7 5 5 2 3 20 6 2 0 0 -999 -999 -999
P3123 2033 3 2 2 4 3 0 0 3 5 2 4 9 27 13 5 0 12 11 9 0 13 14 11 6 0 0 0 7 39 6 7 0
P3123 2033 4 0 0 6 14 40 20 8 14 19 17 15 28 44 18 17 157 145 75 21 53 16 63 17 20 75 8 4 7 8 12 -999
P3123 2033 5 11 0 41 9 0 0 0 0 3 3 3 13 13 22 5 17 43 31 28 22 88 18 8 7 0 0 0 0 0 0 0
P3123 2033 6 0 0 0 0 0 0 0 0 0 0 0 0 0 0 0 0 0 0 0 0 0 0 0 0 0 0 0 0 0 0 -999
P3123 2033 7 0 0 0 0 0 0 0 0 0 0 0 0 0 0 0 0 0 0 0 0 0 0 0 0 0 0 0 0 0 0 0
P3123 2033 8 0 0 0 0 0 0 0 0 0 0 0 0 0 0 0 0 0 0 0 0 0 0 0 0 0 0 0 0 0 13 0
P3123 2033 9 0 0 0 0 0 0 4 16 0 0 0 0 0 0 53 70 0 0 0 0 0 0 0 0 0 0 0 0 0 5 -999
P3123 2033 10 5 0 0 51 87 52 45 45 25 35 149 58 37 4 0 0 0 0 0 0 0 0 16 8 11 1 0 12 2 3 4
P3123 2033 11 5 18 84 105 18 2 0 0 5 0 2 0 0 0 0 0 10 3 2 2 2 3 0 0 0 0 0 0 0 0 -999
P3123 2033 12 3 12 11 6 1 0 0 2 1 1 5 5 1 0 0 0 0 0 0 0 0 0 0 0 0 0 0 0 4 1 0
P3123 2034 1 1 2 4 11 8 4 4 11 15 5 13 22 170 150 73 69 23 10 6 0 2 1 0 0 0 0 0 0 0 0 0
P3123 2034 2 0 0 0 0 0 2 3 0 0 2 1 1 2 4 22 18 21 12 9 4 2 0 0 0 0 0 5 32 -999 -999 -999
P3123 2034 3 38 77 89 26 59 34 13 7 0 0 0 0 5 2 3 2 1 2 1 0 0 4 26 55 20 4 0 0 0 0 0
P3123 2034 4 0 0 0 0 0 0 0 0 0 0 9 0 0 0 9 0 0 0 0 2 23 2 0 0 0 0 0 9 7 0 -999
P3123 2034 5 0 0 0 0 0 0 0 0 0 0 0 0 0 0 0 0 0 0 0 0 0 0 0 0 0 5 5 0 0 8 0
P3123 2034 6 0 0 0 0 13 10 8 0 0 0 0 0 0 0 0 0 0 0 0 0 0 0 0 0 0 0 0 0 0 0 -999
P3123 2034 7 0 0 0 0 0 0 0 0 0 3 0 0 0 0 0 0 0 0 0 0 0 0 0 0 0 0 0 0 0 0 0
P3123 2034 8 12 0 2 3 0 0 0 0 0 0 0 0 0 0 0 0 0 0 0 0 0 0 0 0 0 0 0 0 0 0 0
P3123 2034 9 0 0 0 0 0 0 0 0 0 0 0 0 0 0 0 0 0 0 0 0 0 6 0 0 0 25 0 0 0 0 -999
P3123 2034 10 14 12 27 12 39 50 6 5 0 11 10 5 2 3 0 7 6 0 0 0 17 13 9 21 36 21 16 17 6 0 0
P3123 2034 11 0 0 0 0 0 2 8 20 27 3 0 23 12 0 0 0 0 0 0 0 19 37 41 78 22 43 10 21 14 20 -999
P3123 2034 12 5 0 0 0 2 9 36 41 5 6 4 2 3 40 85 7 2 11 0 3 6 4 0 0 3 8 10 4 13 5 22
P3123 2035 1 5 0 13 32 29 33 40 99 36 6 4 4 8 14 11 5 23 3 8 25 98 202 85 32 3 1 0 4 4 0 6
P3123 2035 2 14 22 7 1 0 0 4 2 1 0 4 0 0 0 0 0 0 0 1 3 13 216 161 99 60 5 49 44 -999 -999 -999
P3123 2035 3 125 56 65 21 19 5 11 65 25 3 11 10 39 158 110 60 18 21 65 66 130 127 39 10 61 53 8 36 9 35 97
P3123 2035 4 46 149 21 49 68 25 10 85 204 24 44 10 6 11 0 0 0 22 93 129 128 134 88 35 14 10 11 26 26 45 -999
P3123 2035 5 23 7 0 0 0 0 0 0 0 0 0 0 0 0 0 0 0 0 0 0 0 0 35 10 0 0 0 0 0 49 29
P3123 2035 6 8 0 0 12 18 42 14 4 18 7 22 0 0 0 0 0 0 0 0 0 0 0 0 0 0 0 0 0 0 0 -999
P3123 2035 7 0 0 0 0 0 0 0 0 0 0 0 0 0 0 0 0 0 0 0 0 0 0 0 0 0 0 0 0 0 0 0
P3123 2035 8 0 0 0 0 0 0 0 0 0 0 0 0 0 0 0 0 0 0 0 0 0 0 0 0 0 0 0 0 0 0 0
P3123 2035 9 0 0 0 0 0 0 0 0 0 0 0 0 0 0 0 0 0 0 0 0 0 0 30 32 0 38 34 0 0 0 -999
P3123 2035 10 0 28 32 16 0 0 0 0 0 4 0 0 30 45 34 15 0 0 0 23 6 5 0 0 0 0 0 0 0 0 0
P3123 2035 11 4 8 28 21 23 21 7 4 6 0 0 0 0 0 0 0 0 0 0 0 0 0 0 0 2 0 8 16 6 2 -999
P3123 2035 12 5 20 25 9 63 69 124 34 8 40 6 2 13 13 7 5 0 6 45 109 79 56 0 0 3 0 0 0 0 0 5
P3123 2036 1 3 2 1 1 4 6 2 1 1 9 36 23 11 3 0 1 8 29 27 14 52 12 3 2 4 0 2 2 1 1 3
P3123 2036 2 3 1 1 0 0 1 4 18 9 7 16 8 48 12 1 3 3 2 0 0 0 0 0 0 0 2 3 6 -999 -999 -999
P3123 2036 3 38 42 12 19 34 9 0 0 0 0 0 0 0 5 6 5 0 0 0 6 4 0 0 4 1 3 4 23 13 8 9
P3123 2036 4 19 62 29 4 2 1 0 0 0 0 0 0 0 0 0 0 0 0 0 0 0 0 0 2 5 2 5 0 0 0 -999
P3123 2036 5 0 0 0 7 6 7 9 0 0 0 3 9 11 6 6 12 10 4 4 0 0 0 0 0 0 0 0 0 0 0 0
P3123 2036 6 15 15 0 0 0 0 0 0 0 0 0 0 0 0 0 0 0 3 3 0 0 0 0 0 0 0 0 0 0 0 -999
P3123 2036 7 0 0 0 0 0 0 0 0 0 0 0 0 0 0 0 0 0 0 0 0 0 0 0 0 0 0 0 0 0 0 0
P3123 2036 8 0 0 0 0 0 0 0 0 0 0 0 0 0 0 0 0 0 0 0 0 0 0 0 0 0 0 0 0 0 0 0
P3123 2036 9 0 0 0 0 0 0 0 0 0 0 0 0 0 0 0 0 0 0 0 0 0 0 0 0 0 0 0 0 0 0 -999
P3123 2036 10 0 11 0 0 0 0 0 0 0 0 61 0 0 0 6 5 0 0 0 0 0 0 0 0 0 17 15 7 56 91 34
P3123 2036 11 20 0 0 0 11 10 4 28 15 6 4 9 20 83 36 13 4 8 21 5 4 4 0 0 0 12 33 43 8 2 -999
P3123 2036 12 0 0 6 15 7 1 1 0 0 0 0 7 4 4 4 5 0 6 7 4 14 59 55 12 22 27 7 6 6 0 1
P3123 2037 1 1 2 1 0 0 1 0 0 6 84 20 107 23 0 0 0 0 5 75 68 71 44 35 268 295 25 158 110 200 6 3
P3123 2037 2 7 36 28 38 24 28 48 24 22 9 1 0 0 0 0 0 3 6 2 1 1 0 2 2 0 7 25 6 -999 -999 -999
P3123 2037 3 1 1 0 0 0 0 0 2 2 2 0 3 14 118 107 28 36 18 2 0 22 21 46 32 13 2 1 5 18 11 0
P3123 2037 4 3 0 16 10 12 12 6 9 12 3 0 2 2 8 52 29 28 14 8 16 54 46 54 32 11 3 0 6 8 0 -999
P3123 2037 5 0 0 0 0 0 0 0 0 0 7 9 8 0 4 6 9 2 6 7 4 2 2 8 12 39 31 6 2 3 3 0
P3123 2037 6 0 0 0 0 0 0 0 0 2 0 0 0 0 0 0 3 6 23 24 0 0 0 0 0 0 0 0 0 0 0 -999
P3123 2037 7 0 0 0 0 0 0 0 0 0 0 0 0 0 0 0 0 0 0 0 0 0 0 0 0 0 0 0 0 0 0 0
P3123 2037 8 0 0 0 0 0 0 0 0 0 0 0 0 0 0 0 0 0 0 0 0 0 0 0 0 0 0 0 0 0 0 0
P3123 2037 9 0 0 0 0 0 0 0 0 0 0 0 0 0 0 0 0 0 5 0 0 0 0 0 0 0 0 0 0 0 0 -999
P3123 2037 10 6 0 0 0 0 0 0 0 0 0 6 9 0 0 0 0 18 24 14 4 0 0 0 0 6 5 0 0 0 0 0
P3123 2037 11 0 0 0 0 7 26 10 9 11 7 23 32 29 15 13 1 0 0 7 25 12 12 19 30 37 15 35 35 20 17 -999
P3123 2037 12 137 6 139 77 47 9 25 59 180 117 71 10 11 18 8 7 17 18 7 1 0 59 22 6 0 0 0 0 1 3 4
P3123 2038 1 8 25 6 11 11 1 10 2 2 3 4 3 5 20 38 16 115 5 1 6 7 6 25 81 19 54 39 20 55 14 3
P3123 2038 2 0 6 12 49 61 97 12 0 0 3 0 0 0 0 0 3 0 2 6 0 0 0 5 4 0 0 0 61 -999 -999 -999
P3123 2038 3 45 9 46 41 245 18 28 14 21 35 17 0 4 0 0 0 5 34 31 26 31 4 2 3 0 10 2 9 1 4 7
P3123 2038 4 5 0 0 3 9 2 6 19 12 0 0 0 0 44 34 13 0 0 0 0 45 12 0 0 0 7 0 0 0 10 -999
P3123 2038 5 17 9 0 0 0 0 9 0 0 0 0 0 0 0 0 0 61 107 60 23 0 0 0 0 5 9 6 8 6 5 0
P3123 2038 6 0 0 0 4 0 0 0 0 0 0 0 0 0 0 0 0 0 0 0 0 0 0 0 0 0 0 0 0 0 0 -999
P3123 2038 7 0 0 0 0 0 0 0 0 0 0 0 0 0 0 0 0 0 0 0 0 0 0 0 0 0 0 0 0 0 0 0
P3123 2038 8 0 0 0 0 0 0 0 0 0 0 0 0 0 0 0 0 0 0 0 0 0 0 0 11 0 0 0 0 0 0 0
P3123 2038 9 0 0 0 0 0 0 0 0 0 0 0 0 0 0 0 0 0 0 0 0 0 0 0 8 0 0 0 0 0 0 -999
P3123 2038 10 0 0 6 0 0 0 0 0 0 0 0 0 0 0 0 0 0 0 3 0 14 6 45 7 0 0 0 3 2 0 0
P3123 2038 11 27 12 30 3 0 12 6 12 13 4 7 30 17 124 104 10 37 9 5 2 0 0 0 0 0 0 0 3 3 3 -999
P3123 2038 12 3 6 16 28 11 9 5 23 3 4 124 76 87 3 22 30 36 85 70 44 153 5 6 7 6 7 35 7 4 6 10
P3123 2039 1 6 10 10 5 28 6 3 5 4 0 0 0 0 5 8 18 64 5 29 16 5 9 12 19 16 1 2 1 3 3 2
P3123 2039 2 10 12 8 7 5 10 11 12 13 21 8 0 2 8 6 13 7 0 9 0 0 0 7 19 54 4 1 14 -999 -999 -999
P3123 2039 3 1 0 0 0 0 0 0 7 5 0 0 63 17 56 11 8 10 14 9 9 0 10 3 0 3 8 2 0 0 0 0
P3123 2039 4 0 0 0 0 0 0 0 0 0 0 0 0 0 7 7 3 2 0 7 4 7 3 4 0 0 0 0 0 0 0 -999
P3123 2039 5 0 0 0 0 0 0 0 0 0 0 0 0 0 0 0 13 6 8 8 10 11 17 8 5 5 6 0 0 0 0 0
P3123 2039 6 4 11 60 23 25 7 0 0 0 0 0 0 0 0 0 0 0 0 0 0 0 0 0 0 0 0 0 14 9 0 -999
P3123 2039 7 0 0 0 0 0 0 0 0 0 0 0 0 0 0 0 0 0 0 0 0 0 0 0 0 0 0 0 0 0 0 0
P3123 2039 8 0 0 0 0 0 0 0 0 0 0 0 0 0 0 0 0 0 0 0 0 0 0 0 0 0 0 0 0 0 0 0
P3123 2039 9 0 0 0 0 0 0 0 0 0 0 0 0 0 0 0 0 0 0 0 0 0 0 0 0 0 0 0 0 0 0 -999
P3123 2039 10 7 0 0 0 0 0 0 0 0 0 0 0 0 6 4 4 6 7 3 9 7 75 28 20 10 27 314 61 89 126 7
P3123 2039 11 3 1 0 0 0 0 5 6 6 20 53 34 10 9 3 5 2 17 115 62 19 15 44 2 0 0 12 57 5 3 -999
P3123 2039 12 16 18 19 117 68 37 9 6 110 8 9 8 6 8 3 5 3 11 47 66 12 18 21 20 22 6 39 112 24 27 15
P3123 2040 1 4 4 5 28 117 80 8 46 17 23 22 10 10 6 32 30 10 19 30 11 11 12 3 0 1 1 1 0 0 0 0
P3123 2040 2 0 0 0 5 3 4 0 0 1 6 2 0 1 4 2 1 2 1 2 3 0 2 2 0 0 0 0 0 -999 -999 -999
P3123 2040 3 0 0 0 0 0 0 0 0 0 0 0 0 9 14 15 0 0 0 0 40 39 33 81 104 96 34 10 12 92 41 11
P3123 2040 4 3 43 55 11 4 12 14 5 0 0 0 0 0 0 0 4 56 3 0 0 0 6 5 8 42 26 6 5 2 2 -999
P3123 2040 5 4 2 9 3 2 2 0 0 0 0 0 0 0 0 0 0 0 0 0 3 0 0 0 0 0 0 0 0 0 0 0
P3123 2040 6 0 0 0 0 0 0 0 0 0 0 0 0 0 0 0 0 0 0 0 0 0 0 0 0 0 0 0 0 0 0 -999
P3123 2040 7 0 0 0 0 0 0 0 0 0 0 0 0 0 0 0 0 0 0 0 0 0 0 0 0 0 0 0 0 0 0 0
P3123 2040 8 0 0 0 0 0 0 0 0 0 0 0 0 0 0 0 0 0 0 0 0 0 0 0 0 0 0 0 0 0 0 0
P3123 2040 9 0 0 0 0 0 0 0 0 0 0 0 0 0 0 4 6 3 0 0 0 0 0 0 9 0 0 0 11 8 6 -999
P3123 2040 10 2 0 0 0 0 0 0 0 0 0 0 0 0 0 0 0 27 47 41 10 6 5 3 0 0 11 14 0 0 0 0
P3123 2040 11 0 10 25 18 0 5 94 391 147 8 7 5 11 6 7 11 2 1 0 0 0 0 0 12 8 2 0 0 0 0 -999
P3123 2040 12 0 0 0 5 22 90 38 4 3 4 2 0 33 22 7 0 0 9 9 8 5 19 7 10 1 1 13 44 9 27 13
P3123 2041 1 6 0 0 3 1 0 2 4 1 2 5 7 7 8 2 0 0 0 21 21 49 78 177 116 106 124 192 138 10 7 0
P3123 2041 2 0 2 1 0 27 18 82 123 57 26 18 45 38 13 71 52 23 88 74 34 222 55 11 88 32 8 3 1 -999 -999 -999
P3123 2041 3 2 1 0 0 2 5 4 3 10 5 5 21 6 13 9 13 9 70 109 27 41 16 77 93 57 93 48 35 16 24 15
P3123 2041 4 1 1 0 0 0 0 0 0 0 4 4 4 7 5 6 6 15 43 35 49 21 8 8 21 47 30 3 3 0 0 -999
P3123 2041 5 0 0 19 12 0 0 0 0 0 31 17 8 0 0 0 0 0 0 20 45 50 32 61 34 13 81 39 37 7 7 7
P3123 2041 6 5 0 0 0 0 0 0 0 0 0 0 0 0 0 0 0 0 0 0 0 0 0 0 0 0 0 0 0 0 0 -999
P3123 2041 7 0 0 0 0 0 0 0 0 0 9 0 0 0 0 0 0 3 2 0 0 0 0 0 0 0 6 9 6 0 0 0
P3123 2041 8 0 0 0 0 0 0 0 0 0 0 0 0 0 0 0 0 0 0 0 0 0 0 0 0 0 0 0 0 0 0 0
P3123 2041 9 0 0 0 0 0 0 0 0 0 0 0 0 0 0 0 0 0 0 0 0 0 0 12 15 74 7 0 0 0 0 -999
P3123 2041 10 0 8 7 6 0 0 0 0 0 0 13 0 0 0 0 0 0 0 15 0 5 4 0 0 0 2 0 6 6 0 8
P3123 2041 11 0 0 0 3 2 9 15 9 10 5 26 22 89 52 62 43 191 80 21 92 52 122 88 134 36 26 44 53 29 7 -999
P3123 2041 12 4 36 3 81 124 34 17 16 3 0 5 9 5 12 38 144 99 81 42 63 9 4 17 3 0 0 1 1 0 0 0
P3123 2042 1 0 0 1 0 0 24 47 8 9 4 3 3 0 0 0 0 0 0 0 0 0 0 0 0 4 0 0 0 0 0 9
P3123 2042 2 14 5 0 0 0 0 1 3 7 9 2 0 0 0 0 0 2 5 4 5 0 0 0 25 11 0 0 0 -999 -999 -999
P3123 2042 3 0 0 0 0 0 8 3 0 0 1 0 1 4 5 8 10 0 49 89 65 11 12 4 40 6 3 5 4 5 3 18
P3123 2042 4 18 12 6 2 2 48 28 4 22 6 5 15 6 4 12 21 6 0 0 0 7 56 92 32 28 10 11 22 31 39 -999
P3123 2042 5 64 35 12 3 3 3 3 0 6 0 0 5 6 0 0 0 0 0 0 0 0 0 0 0 0 0 0 0 0 0 6
P3123 2042 6 0 6 4 6 0 0 0 0 0 0 0 0 0 0 0 0 0 0 0 0 0 0 0 0 0 0 0 0 0 0 -999
P3123 2042 7 0 0 0 0 0 0 0 0 0 0 0 0 0 0 4 0 0 0 0 0 0 0 0 0 0 0 0 0 0 0 0
P3123 2042 8 0 0 0 0 0 0 0 0 0 0 0 0 0 0 0 0 0 0 0 0 0 0 0 0 0 0 0 0 0 0 0
P3123 2042 9 0 0 0 0 0 0 0 0 0 0 0 0 0 0 0 0 0 0 0 0 0 0 0 0 0 0 0 0 0 0 -999
P3123 2042 10 0 0 0 2 6 7 16 21 0 0 22 31 57 32 12 10 8 8 9 54 28 30 8 8 0 0 18 12 0 0 0
P3123 2042 11 0 0 0 0 0 0 12 5 11 0 0 0 0 0 0 0 0 2 4 14 4 0 0 0 0 3 3 4 16 9 -999
P3123 2042 12 6 10 44 101 29 8 6 18 19 20 17 45 38 35 39 15 49 51 22 25 7 8 66 56 1 10 2 0 0 0 1
P3123 2043 1 2 4 16 5 3 29 4 1 0 0 0 3 44 98 122 61 6 19 6 62 9 41 8 102 2 1 8 29 18 5 1
P3123 2043 2 1 0 0 4 12 48 44 0 0 0 0 0 1 1 0 0 0 0 0 0 4 6 5 1 1 2 0 0 -999 -999 -999
P3123 2043 3 0 9 37 41 8 9 31 135 89 35 21 26 11 5 6 0 0 0 17 11 19 17 48 10 20 3 3 6 3 10 4
P3123 2043 4 2 6 4 7 0 0 0 0 0 10 73 0 0 0 2 53 48 6 15 44 1 0 0 0 0 0 6 0 0 0 -999
P3123 2043 5 0 0 0 13 0 0 0 0 0 0 0 0 0 0 0 0 0 0 0 14 30 50 55 33 11 11 22 33 2 8 8
P3123 2043 6 7 8 5 0 0 0 0 0 0 0 0 0 0 0 0 0 0 0 0 0 0 0 0 0 0 0 0 0 0 0 -999
P3123 2043 7 0 0 0 0 0 0 0 0 0 0 0 0 0 0 0 0 0 0 0 0 0 0 0 0 0 0 0 0 0 0 0
P3123 2043 8 0 0 0 0 0 0 0 0 0 0 0 0 0 0 0 0 0 0 0 0 0 0 0 0 0 11 0 0 7 0 0
P3123 2043 9 0 0 0 0 0 0 0 0 0 0 0 0 0 0 0 0 0 0 0 0 0 10 0 0 0 0 0 0 12 13 -999
P3123 2043 10 0 14 0 0 0 0 0 22 19 9 2 0 0 12 6 0 24 6 5 0 0 9 8 4 13 13 8 15 20 12 6
P3123 2043 11 0 0 0 0 0 0 0 0 0 10 79 40 139 68 9 0 0 3 0 0 0 1 1 17 19 7 6 58 14 14 -999
P3123 2043 12 6 3 2 0 0 0 12 11 9 20 24 23 2 7 20 4 5 42 104 32 212 26 0 20 17 15 47 4 3 2 0
P3123 2044 1 0 3 5 0 0 1 2 0 0 6 5 2 0 0 4 2 95 118 11 3 2 8 1 0 0 2 6 77 11 2 0
P3123 2044 2 0 0 0 0 8 7 1 2 35 25 7 4 0 0 0 0 0 0 0 0 0 0 4 103 42 3 10 10 -999 -999 -999
P3123 2044 3 4 39 242 185 57 4 3 27 12 7 3 3 2 3 2 2 4 17 16 5 3 2 3 4 8 24 45 54 9 36 3
P3123 2044 4 2 6 3 2 0 0 0 0 0 0 0 0 0 8 7 0 0 0 0 0 0 0 0 0 0 11 23 4 5 0 -999
P3123 2044 5 0 0 0 34 11 5 0 15 14 52 2 0 0 0 0 0 0 18 32 79 36 11 0 0 3 4 0 0 0 11 5
P3123 2044 6 0 0 0 0 0 0 7 1 0 0 0 0 0 0 0 0 0 0 0 0 0 0 0 0 0 0 0 0 2 0 -999
P3123 2044 7 5 0 0 0 0 0 0 0 0 0 0 0 0 0 0 0 0 0 0 0 0 0 0 0 0 0 0 0 0 0 0
P3123 2044 8 0 0 0 0 0 0 0 0 0 0 0 0 0 0 0 0 0 0 0 5 0 0 0 0 0 0 0 0 0 0 0
P3123 2044 9 0 0 0 0 0 0 0 0 0 0 0 0 0 0 0 0 0 0 0 0 22 9 0 7 22 14 0 0 0 24 -999
P3123 2044 10 40 26 22 0 0 0 0 0 0 0 0 0 0 0 0 5 3 13 22 54 29 7 3 0 6 0 0 0 0 0 6
P3123 2044 11 5 2 3 11 18 3 15 12 6 7 117 35 30 36 16 56 88 21 28 31 108 25 65 126 124 174 120 51 37 7 -999
P3123 2044 12 0 0 0 0 2 2 0 3 49 45 6 4 34 17 13 12 10 8 2 4 4 61 5 1 2 1 3 5 27 7 34
P3123 2045 1 124 76 20 9 11 12 167 74 10 6 132 51 124 83 26 53 10 1 4 0 0 5 4 4 4 1 0 0 0 4 13
P3123 2045 2 11 57 17 6 21 65 5 1 0 0 5 6 27 1 3 3 2 0 0 0 2 1 0 0 0 0 0 0 -999 -999 -999
P3123 2045 3 0 0 2 1 0 2 3 7 7 5 0 11 19 7 44 4 3 0 0 0 0 0 0 0 2 2 0 0 0 0 14
P3123 2045 4 3 0 0 2 5 42 70 2 4 5 11 6 4 4 6 3 0 0 0 0 0 0 0 0 0 0 0 0 4 4 -999
P3123 2045 5 23 0 0 0 0 0 0 17 6 6 3 2 2 0 0 0 0 0 0 0 0 3 0 0 0 0 0 0 0 0 5
P3123 2045 6 5 0 0 0 0 0 5 7 0 8 10 6 0 0 0 0 0 0 0 0 26 11 7 4 11 14 8 0 0 0 -999
P3123 2045 7 0 0 0 0 0 0 0 0 0 0 0 0 0 0 0 0 0 0 0 0 0 0 0 0 0 0 0 0 0 0 0
P3123 2045 8 0 0 0 0 0 0 0 0 0 0 0 0 0 0 0 0 0 0 0 0 0 0 0 0 0 0 0 0 0 0 0
P3123 2045 9 0 0 0 0 0 0 0 0 0 0 0 0 0 0 0 0 0 0 0 0 0 0 0 0 0 0 0 0 5 25 -999
P3123 2045 10 16 10 26 16 6 0 0 0 0 0 0 0 0 3 73 74 103 36 6 0 0 0 0 0 0 0 0 0 0 0 0
P3123 2045 11 4 18 6 0 8 5 0 0 0 0 6 6 11 9 15 51 258 44 11 3 0 41 8 151 12 43 175 148 24 15 -999
P3123 2045 12 7 8 12 4 19 6 1 1 2 1 0 0 0 1 1 0 5 39 13 20 29 13 19 18 26 20 7 11 1 0 0
P3123 2046 1 0 4 34 139 114 44 159 40 11 6 65 77 44 55 43 13 10 35 87 20 4 4 4 3 9 72 73 62 39 30 51
P3123 2046 2 103 108 49 9 5 12 20 10 4 3 7 7 27 19 43 23 9 4 3 2 14 212 6 5 39 63 129 54 -999 -999 -999
P3123 2046 3 69 111 122 42 47 191 92 118 251 33 216 22 145 36 173 38 106 30 49 38 28 5 2 1 0 0 6 27 30 3 4
P3123 2046 4 1 3 4 35 5 4 5 50 8 3 9 2 2 5 15 7 10 6 45 65 13 26 16 24 9 11 8 22 12 5 -999
P3123 2046 5 0 0 0 0 0 0 0 3 0 0 0 0 0 0 0 0 0 6 2 1 0 0 0 0 0 9 0 5 7 0 0
P3123 2046 6 0 0 0 0 0 0 0 0 0 0 0 0 0 0 0 6 7 4 7 7 5 0 0 0 0 0 0 0 0 0 -999
P3123 2046 7 0 0 0 0 0 0 0 0 0 0 0 0 0 0 0 0 0 0 0 0 0 0 0 0 0 0 0 0 0 0 0
P3123 2046 8 0 0 0 0 0 0 0 0 0 0 0 0 0 0 0 4 0 0 0 0 0 0 0 0 0 0 0 0 0 0 0
P3123 2046 9 0 0 0 0 0 0 0 0 0 0 0 0 0 0 0 0 0 0 0 0 0 0 0 0 0 0 0 0 0 0 -999
P3123 2046 10 0 0 4 9 10 45 37 30 6 2 1 0 0 0 0 0 0 0 0 3 2 41 15 14 25 14 31 5 21 47 46
P3123 2046 11 3 0 0 0 14 44 17 61 50 16 8 4 0 7 0 0 0 0 0 0 0 2 3 13 16 5 3 51 141 50 -999
P3123 2046 12 130 259 40 10 84 114 145 75 87 17 56 19 16 348 145 36 76 152 11 3 10 0 0 0 0 0 0 0 0 0 2
P3123 2047 1 0 0 0 0 0 0 7 23 7 15 27 24 8 84 229 408 291 18 172 25 103 43 3 6 0 0 0 0 0 4 2
P3123 2047 2 2 3 5 7 22 2 6 16 5 5 4 4 3 71 3 1 0 0 1 0 1 0 0 11 20 4 95 10 -999 -999 -999
P3123 2047 3 4 35 9 5 58 51 40 6 0 0 0 0 0 0 0 0 0 0 0 0 0 6 57 18 5 3 7 2 2 4 14
P3123 2047 4 65 4 12 4 3 4 0 5 24 87 109 34 15 7 33 31 10 9 8 4 5 4 0 0 0 0 19 9 0 0 -999
P3123 2047 5 0 0 0 4 8 0 0 0 0 8 0 11 16 7 0 0 0 0 0 0 0 0 0 0 0 0 0 0 0 0 0
P3123 2047 6 0 0 0 0 0 0 0 0 0 0 0 0 0 0 5 7 5 2 3 0 0 0 0 0 0 0 0 0 0 0 -999
P3123 2047 7 0 7 5 5 11 10 0 0 0 0 0 0 0 5 0 0 0 0 17 14 4 0 0 0 0 0 0 0 0 0 0
P3123 2047 8 0 0 0 0 0 0 0 0 0 0 0 0 0 0 0 0 0 0 0 0 0 0 0 0 0 0 0 0 0 0 0
P3123 2047 9 0 0 0 0 0 0 0 0 0 0 0 0 34 57 54 43 6 0 0 0 0 0 0 0 27 0 0 0 0 0 -999
P3123 2047 10 0 15 63 58 67 106 21 12 32 85 29 22 13 28 27 126 191 16 55 5 7 19 5 0 0 0 6 2 2 0 0
P3123 2047 11 3 3 17 6 22 11 3 5 8 15 2 2 6 6 15 18 38 4 0 0 0 0 0 0 0 0 0 0 0 0 -999
P3123 2047 12 0 0 0 0 0 0 0 0 0 0 0 0 0 1 1 0 0 0 0 0 0 6 3 5 7 2 1 0 3 3 0
P3123 2048 1 4 25 0 0 0 0 0 0 0 4 4 56 14 72 17 0 0 0 0 0 0 0 0 0 0 0 0 0 0 0 2
P3123 2048 2 0 2 2 2 2 1 0 0 1 5 7 3 11 14 22 15 4 2 1 0 0 0 0 0 0 0 0 0 -999 -999 -999
P3123 2048 3 0 0 0 2 9 7 11 38 48 63 95 17 12 11 10 47 5 5 0 0 35 6 0 2 3 12 5 6 23 12 6
P3123 2048 4 1 2 9 10 6 0 0 0 0 0 0 0 0 0 0 0 0 0 0 0 2 9 13 1 2 0 3 0 0 0 -999
P3123 2048 5 0 0 5 36 5 6 12 11 9 0 0 0 10 8 0 0 3 51 4 0 8 20 8 0 0 0 0 0 0 0 0
P3123 2048 6 0 0 0 0 0 0 0 0 0 0 0 0 0 0 32 0 0 0 0 0 0 0 0 0 0 0 0 0 0 0 -999
P3123 2048 7 0 0 0 0 0 0 0 0 0 0 0 0 0 0 0 0 0 0 0 0 0 0 0 0 0 0 0 0 0 0 0
P3123 2048 8 0 0 0 0 0 0 0 0 0 0 0 0 0 0 0 0 0 0 0 0 0 0 0 0 0 0 0 0 0 0 0
P3123 2048 9 0 0 0 0 0 0 0 0 0 0 15 0 0 0 0 0 0 0 0 0 0 0 0 0 0 0 23 24 101 32 -999
P3123 2048 10 4 9 0 0 0 13 6 9 0 0 0 0 0 0 0 0 0 0 14 3 5 3 0 0 0 6 4 0 6 0 3
P3123 2048 11 3 0 0 4 8 30 7 0 0 0 0 0 0 0 3 10 85 46 64 15 8 0 0 0 0 18 36 24 17 18 -999
P3123 2048 12 56 146 25 5 59 71 3 0 0 0 0 0 0 0 0 0 0 3 5 5 3 2 1 2 0 0 84 94 45 29 3
P3123 2049 1 3 7 12 13 8 16 34 53 9 8 11 13 21 18 16 8 12 4 0 0 12 12 9 10 5 6 6 11 8 9 41
P3123 2049 2 52 49 64 68 43 10 2 2 1 5 3 0 0 12 8 0 0 0 0 0 1 2 4 3 1 4 4 3 -999 -999 -999
P3123 2049 3 3 0 0 2 0 1 0 0 0 0 0 0 0 0 4 8 0 0 0 2 0 11 12 24 4 0 0 0 0 15 9
P3123 2049 4 3 12 2 2 0 0 0 0 0 0 0 0 0 0 16 15 11 7 0 0 0 8 0 0 56 5 4 7 2 0 -999
P3123 2049 5 13 4 6 4 5 10 6 14 64 50 14 11 2 0 0 0 0 0 0 0 41 37 54 58 46 45 37 55 9 3 5
P3123 2049 6 0 0 0 0 0 0 0 0 0 0 0 0 0 0 0 0 0 0 0 0 0 0 0 0 0 0 0 0 0 0 -999
P3123 2049 7 0 0 5 7 0 0 0 0 0 0 0 0 0 0 0 0 0 0 0 0 0 0 0 0 0 0 0 0 0 0 0
P3123 2049 8 0 0 0 0 0 0 0 0 0 0 0 0 0 0 0 0 0 0 0 0 0 0 0 0 0 0 0 0 0 0 0
P3123 2049 9 0 0 0 0 0 0 0 0 0 0 0 0 0 0 0 0 0 0 21 0 37 37 19 9 5 0 0 0 0 0 -999
P3123 2049 10 0 0 0 0 0 0 0 3 9 0 0 11 0 0 14 36 12 3 0 0 8 11 14 15 24 14 0 0 10 9 5
P3123 2049 11 7 44 147 219 55 22 64 32 47 139 257 91 142 146 158 204 100 17 11 8 4 22 4 10 0 0 0 0 5 8 -999
P3123 2049 12 23 75 23 27 7 1 1 5 1 14 3 0 4 0 5 6 4 60 21 122 215 21 4 10 12 8 97 47 51 33 151
P3123 2050 1 274 101 260 56 21 292 11 32 2 4 5 8 7 13 18 48 69 72 5 0 0 18 0 21 16 0 0 0 0 2 2
P3123 2050 2 0 0 0 0 0 2 1 0 0 0 0 0 0 7 3 5 3 6 23 23 24 14 5 15 9 4 0 0 -999 -999 -999
P3123 2050 3 4 50 63 43 52 50 46 18 42 12 20 10 6 9 4 3 12 33 48 9 6 4 0 2 17 20 12 10 3 31 87
P3123 2050 4 37 58 12 6 9 25 37 18 43 6 0 0 0 0 0 0 2 4 8 0 0 0 0 0 0 0 9 4 3 4 -999
P3123 2050 5 6 4 3 4 4 10 4 3 4 0 0 0 0 0 0 0 0 0 18 0 6 14 6 0 0 8 23 8 0 0 5
P3123 2050 6 0 0 0 0 0 0 0 0 0 0 0 0 0 0 0 0 0 0 0 0 0 0 0 0 0 0 0 0 0 0 -999
P3123 2050 7 0 0 0 0 0 0 0 0 0 0 0 0 0 0 0 0 0 0 0 0 0 0 0 0 0 0 0 0 0 0 0
P3123 2050 8 0 0 0 0 0 0 0 0 0 0 0 0 0 0 0 0 0 0 0 0 0 0 8 0 0 0 0 0 0 0 0
P3123 2050 9 0 0 0 0 0 0 0 0 0 0 0 0 0 0 0 0 0 0 0 0 0 0 0 0 0 0 0 0 0 0 -999
P3123 2050 10 12 20 7 2 0 0 0 0 0 0 0 3 10 43 0 0 4 6 0 0 0 11 12 23 18 15 23 11 3 4 10
P3123 2050 11 10 12 3 8 12 33 40 98 71 83 53 12 11 9 0 0 0 0 11 6 9 35 183 19 28 9 48 14 4 17 -999
P3123 2050 12 5 23 21 0 0 0 7 4 2 1 6 2 1 0 0 1 1 4 3 3 2 1 0 0 0 0 0 0 0 0 6
P3123 2051 1 2 2 0 0 0 0 0 0 0 5 0 4 5 21 11 0 2 1 1 2 2 2 0 0 0 0 0 0 12 4 0
P3123 2051 2 10 9 11 19 66 15 0 0 0 0 4 3 0 0 0 5 4 2 5 29 4 1 0 5 3 1 0 0 -999 -999 -999
P3123 2051 3 0 2 0 0 1 3 3 6 7 6 27 64 42 11 27 0 0 49 60 38 10 5 0 0 0 0 0 0 0 3 10
P3123 2051 4 11 14 0 0 0 20 21 14 13 58 11 0 19 0 7 30 18 9 21 47 9 9 6 0 0 0 0 0 0 0 -999
P3123 2051 5 0 0 0 0 0 0 0 0 0 0 7 23 28 13 4 0 0 0 0 0 0 0 35 30 25 35 29 0 0 0 0
P3123 2051 6 0 0 0 0 0 0 0 0 0 0 0 0 0 0 0 0 0 0 0 0 0 0 0 0 0 0 0 0 0 0 -999
P3123 2051 7 0 0 0 0 0 0 0 0 0 0 0 0 0 0 0 0 0 0 0 0 0 0 0 0 0 0 0 0 0 0 0
P3123 2051 8 0 0 0 0 0 0 0 0 0 0 0 0 0 0 0 0 0 0 0 0 0 0 0 0 0 0 0 0 0 0 0
P3123 2051 9 0 0 0 0 0 0 0 0 0 0 12 0 16 14 0 0 0 0 0 0 0 0 0 0 11 16 0 0 0 0 -999
P3123 2051 10 0 0 0 171 39 0 0 0 30 13 11 20 10 12 0 0 0 0 0 0 0 0 0 5 2 3 46 97 165 101 56
P3123 2051 11 31 59 49 18 19 4 0 0 0 1 0 0 0 3 2 9 3 12 0 0 0 2 1 4 4 3 0 7 20 10 -999
P3123 2051 12 5 2 6 24 18 4 7 80 96 8 36 42 8 9 96 147 23 58 9 1 0 0 0 0 0 0 0 0 0 0 0
P3123 2052 1 0 0 0 0 0 0 2 3 32 5 5 0 21 23 31 7 6 17 15 7 0 5 7 7 6 12 51 79 94 78 39
P3123 2052 2 11 28 73 98 40 332 269 33 22 56 29 8 6 4 16 65 37 10 25 20 0 0 0 28 17 8 2 14 -999 -999 -999
P3123 2052 3 0 0 0 0 0 0 0 21 9 0 0 0 0 3 6 60 55 47 64 83 8 7 83 3 0 0 0 0 0 5 0
P3123 2052 4 0 0 0 0 0 0 14 3 0 2 0 0 2 3 0 0 2 0 0 0 0 0 0 0 0 0 0 0 0 4 -999
P3123 2052 5 0 0 0 0 0 0 0 0 4 8 8 7 8 33 36 22 35 40 47 6 4 0 0 0 9 0 0 0 0 0 0
P3123 2052 6 0 0 0 0 0 0 0 0 0 0 0 0 0 0 0 0 0 0 0 0 0 0 0 0 18 13 0 0 0 0 -999
P3123 2052 7 0 0 0 0 0 0 0 0 0 0 0 0 0 0 0 0 0 0 0 0 0 0 0 0 0 0 0 0 0 0 0
P3123 2052 8 11 15 7 2 0 0 0 0 0 0 0 0 0 0 0 0 0 0 0 0 0 0 0 0 0 0 0 0 0 0 0
P3123 2052 9 0 0 0 0 0 0 0 0 0 0 0 0 0 0 0 0 0 0 0 0 0 0 0 0 0 0 0 0 0 0 -999
P3123 2052 10 0 0 0 0 0 0 0 0 0 0 0 0 0 0 0 0 0 0 0 0 0 0 0 0 28 20 4 0 0 0 3
P3123 2052 11 5 47 18 6 0 0 0 0 0 2 2 4 0 5 0 0 0 7 87 12 194 25 26 3 14 10 41 5 7 6 -999
P3123 2052 12 4 8 21 8 3 1 5 3 0 0 2 1 7 28 8 1 10 29 11 10 23 9 10 7 8 2 6 0 13 20 6
P3123 2053 1 3 5 10 3 0 0 4 16 111 94 125 57 45 9 17 50 10 5 1 3 0 39 43 20 13 17 22 8 7 20 29
P3123 2053 2 42 81 58 17 59 26 107 11 38 14 2 5 7 13 13 25 29 33 13 6 0 5 8 31 32 206 106 31 -999 -999 -999
P3123 2053 3 2 0 0 0 0 0 0 0 0 0 0 0 0 0 0 0 0 0 0 0 0 0 0 0 0 0 0 12 7 0 7
P3123 2053 4 12 28 8 5 2 0 0 0 0 0 0 17 8 41 56 8 10 0 0 0 0 0 0 59 122 93 51 0 0 0 -999
P3123 2053 5 0 8 5 0 0 0 0 0 0 0 0 0 0 0 0 0 0 0 0 0 0 0 0 0 0 0 0 0 0 8 6
P3123 2053 6 0 0 0 0 0 0 0 0 0 0 0 0 0 0 0 0 0 35 23 0 0 0 0 0 0 0 0 0 0 0 -999
P3123 2053 7 0 0 0 0 0 0 0 0 7 4 0 0 0 0 0 0 0 0 0 0 0 0 0 0 0 0 0 0 0 0 0
P3123 2053 8 0 0 0 0 0 0 0 0 0 0 0 0 0 0 0 0 0 0 0 0 0 0 0 0 46 49 6 0 0 0 0
P3123 2053 9 0 5 0 0 0 0 0 0 0 0 0 0 0 0 0 30 0 0 12 50 93 23 0 0 0 0 0 68 20 11 -999
P3123 2053 10 17 7 0 22 0 0 0 56 12 6 4 0 0 0 0 0 0 0 0 0 0 0 0 0 0 0 6 0 0 5 0
P3123 2053 11 0 0 0 9 11 15 0 0 0 13 27 12 0 0 41 57 282 56 119 29 87 12 70 19 7 4 0 0 0 0 -999
P3123 2053 12 0 0 0 0 0 0 0 0 2 14 38 171 83 46 14 18 35 39 30 20 6 3 13 73 16 6 0 0 0 2 11
P3123 2054 1 86 15 11 57 29 38 7 15 9 0 5 4 2 0 0 3 5 39 18 6 2 4 2 2 2 0 0 0 0 0 0
P3123 2054 2 0 6 7 41 68 29 9 5 3 0 3 5 4 0 0 0 0 5 2 3 2 2 3 3 0 0 0 0 -999 -999 -999
P3123 2054 3 0 0 0 0 0 0 0 4 3 0 0 0 6 3 4 8 49 10 5 3 3 6 3 3 5 12 8 24 9 6 27
P3123 2054 4 37 31 7 7 6 13 62 27 5 29 7 0 0 0 4 3 3 60 17 49 41 8 6 21 81 67 18 11 3 0 -999
P3123 2054 5 0 5 8 6 5 7 6 11 21 66 21 19 4 2 1 0 0 0 0 0 1 0 0 0 0 0 0 0 0 0 0
P3123 2054 6 0 0 0 0 0 0 0 0 0 0 0 0 0 0 0 0 0 0 0 0 0 0 0 0 0 0 0 0 0 0 -999
P3123 2054 7 0 0 0 0 0 0 0 0 0 0 0 0 0 0 0 0 0 4 6 6 0 0 0 0 0 0 0 0 0 0 0
P3123 2054 8 0 0 0 0 0 0 0 0 0 0 0 0 0 0 0 0 0 0 0 0 0 0 0 0 0 0 0 0 0 0 0
P3123 2054 9 0 0 0 0 0 0 0 0 0 0 0 0 0 0 0 0 0 0 0 0 0 0 0 4 9 5 0 0 0 0 -999
P3123 2054 10 0 0 0 0 0 0 0 0 9 0 19 27 21 5 0 0 0 0 0 0 84 46 5 10 6 2 0 0 11 20 51
P3123 2054 11 207 179 75 48 79 31 10 93 46 3 0 0 0 0 0 7 3 2 0 0 0 0 0 0 2 1 5 8 49 13 -999
P3123 2054 12 41 17 2 1 0 3 0 0 4 5 3 2 22 14 10 1 0 0 0 0 0 0 3 4 0 0 0 0 0 0 0
P3123 2055 1 0 0 3 30 205 58 11 19 16 59 90 154 120 48 77 78 29 64 58 168 109 176 135 8 4 4 3 3 5 4 4
P3123 2055 2 5 0 0 0 2 5 6 4 4 1 0 5 7 8 9 54 3 6 7 4 11 7 0 0 0 0 0 0 -999 -999 -999
P3123 2055 3 0 48 40 37 13 21 37 35 98 117 27 17 58 27 17 9 38 16 0 12 4 2 7 11 13 50 16 4 8 27 4
P3123 2055 4 0 0 0 0 0 10 9 16 43 12 4 6 5 6 8 0 0 0 0 41 51 34 50 83 61 46 34 15 11 22 -999
P3123 2055 5 3 28 75 52 8 0 0 74 50 0 0 4 7 4 4 3 0 0 0 0 0 0 0 0 0 0 0 0 0 0 0
P3123 2055 6 6 0 0 0 0 0 0 0 0 0 0 0 0 0 14 28 11 11 9 7 3 10 0 0 0 0 0 0 0 0 -999
P3123 2055 7 0 0 0 0 0 0 0 0 0 0 0 0 0 0 0 0 0 0 0 0 0 0 0 0 0 0 0 0 0 0 0
P3123 2055 8 0 0 0 0 0 0 0 0 0 0 0 0 0 0 0 0 0 0 0 0 0 0 0 0 0 0 0 0 0 0 0
P3123 2055 9 0 0 0 0 0 0 0 0 0 0 0 0 0 0 0 0 0 0 0 0 0 0 0 0 5 0 0 0 0 0 -999
P3123 2055 10 0 0 0 0 0 0 18 6 5 6 0 58 6 0 5 0 0 7 6 3 5 3 13 39 10 4 3 0 0 0 0
P3123 2055 11 12 20 14 0 7 106 117 98 5 0 0 0 4 11 0 14 4 0 0 0 12 2 7 27 4 0 0 0 5 16 -999
P3123 2055 12 39 28 4 3 0 0 0 0 0 42 73 119 43 25 24 11 11 6 6 71 95 27 5 0 0 0 0 0 0 4 22
P3123 2056 1 2 0 1 3 1 5 93 5 7 2 1 0 0 0 0 4 3 2 0 2 20 13 65 14 37 3 11 25 4 3 5
P3123 2056 2 3 0 0 0 1 0 0 0 0 0 0 0 0 0 0 1 4 0 0 1 8 9 3 3 0 0 0 0 -999 -999 -999
P3123 2056 3 0 16 19 4 0 3 5 5 12 53 6 0 0 0 15 48 12 9 5 2 2 0 0 3 0 28 21 22 9 10 0
P3123 2056 4 0 0 0 4 0 5 0 0 11 0 4 0 0 0 0 4 6 9 27 12 0 0 8 8 0 16 25 14 5 0 -999
P3123 2056 5 12 13 23 7 13 52 6 4 2 2 5 12 10 3 0 0 0 0 0 0 0 0 0 5 12 10 32 6 7 5 0
P3123 2056 6 13 0 0 0 7 3 5 0 0 0 0 0 0 0 0 0 0 0 0 0 0 0 0 0 0 0 0 0 0 0 -999
P3123 2056 7 0 0 0 0 0 0 0 0 0 0 0 0 0 0 0 0 0 0 0 0 0 0 0 0 0 0 0 0 0 0 0
P3123 2056 8 0 0 0 0 0 0 0 0 0 0 0 0 0 0 0 0 0 0 0 0 0 0 0 0 0 0 0 0 0 0 0
P3123 2056 9 0 0 0 0 0 0 0 0 6 0 0 0 0 0 0 0 0 0 0 0 0 0 0 0 0 0 0 17 16 17 -999
P3123 2056 10 0 25 7 0 0 0 0 0 0 20 13 0 0 0 0 0 0 0 0 0 0 0 4 36 62 17 0 0 0 0 0
P3123 2056 11 2 0 2 4 12 10 9 10 4 0 0 0 10 9 0 0 0 0 5 8 19 8 3 13 34 55 29 75 72 125 -999
P3123 2056 12 49 78 83 61 398 262 167 42 26 50 72 36 9 15 37 95 15 106 30 30 71 19 2 0 0 0 0 3 2 0 3
P3123 2057 1 4 3 0 0 4 3 18 20 7 7 0 0 6 4 2 0 0 0 0 0 0 0 0 2 4 19 84 127 62 9 32
P3123 2057 2 7 5 5 3 47 86 123 59 54 25 5 0 0 0 3 0 6 6 7 51 8 4 8 9 7 7 3 5 -999 -999 -999
P3123 2057 3 9 0 0 3 7 5 7 7 0 9 7 0 0 0 0 0 9 0 0 0 0 0 0 2 1 3 3 4 2 0 2
P3123 2057 4 7 6 0 0 0 0 0 23 41 18 22 11 11 9 62 67 23 20 6 4 4 14 0 0 0 0 0 7 0 0 -999
P3123 2057 5 0 0 0 0 0 0 0 0 0 0 6 7 9 12 31 51 68 18 4 2 4 4 11 10 8 0 0 24 35 12 10
P3123 2057 6 9 12 11 3 0 0 0 0 0 0 0 0 0 0 0 0 0 0 0 0 0 0 0 0 0 0 0 0 0 0 -999
P3123 2057 7 0 0 0 0 0 0 0 0 0 0 0 0 0 0 0 0 0 0 0 0 0 0 0 0 0 0 0 0 0 0 0
P3123 2057 8 0 0 0 0 0 0 0 0 0 0 0 0 0 0 0 0 0 0 0 0 0 0 0 0 0 0 0 0 0 0 0
P3123 2057 9 0 0 0 0 0 0 0 0 0 0 0 0 0 0 0 0 0 0 0 0 0 0 0 0 0 0 11 6 0 0 -999
P3123 2057 10 0 0 3 0 0 0 0 0 0 0 0 0 0 0 48 0 16 0 0 0 0 0 0 0 0 0 0 0 3 2 6
P3123 2057 11 12 12 51 118 49 112 6 21 25 37 218 107 23 20 6 18 38 11 11 3 5 2 0 0 0 0 2 0 0 0 -999
P3123 2057 12 0 0 0 0 0 2 2 6 16 22 41 58 61 30 19 2 1 0 0 0 0 0 0 0 0 0 0 0 9 14 7
P3123 2058 1 0 0 0 0 0 0 0 2 7 17 11 2 6 21 33 2 1 4 0 0 0 0 0 0 0 4 12 5 4 6 4
P3123 2058 2 16 2 0 0 0 0 2 0 0 0 3 5 9 9 25 2 1 0 0 0 0 0 0 0 0 0 0 0 -999 -999 -999
P3123 2058 3 0 0 0 0 1 0 0 0 0 0 0 0 0 0 0 0 5 0 0 2 8 6 4 27 104 79 7 1 3 3 1
P3123 2058 4 0 0 0 1 3 3 0 0 0 6 5 6 7 4 0 0 4 0 3 5 1 1 0 0 0 0 0 0 0 0 -999
P3123 2058 5 0 0 0 0 0 0 0 0 0 0 0 0 0 0 0 0 0 0 0 0 0 0 6 8 7 0 0 13 20 23 17
P3123 2058 6 10 0 0 0 0 0 0 0 0 0 0 0 0 0 0 0 0 0 0 0 0 0 0 0 0 0 0 0 0 0 -999
P3123 2058 7 0 0 0 0 0 0 0 0 0 0 0 0 0 0 0 0 2 4 0 0 0 0 0 0 0 0 0 0 0 0 0
P3123 2058 8 0 0 0 0 0 0 0 0 0 0 0 0 0 0 0 0 0 0 0 0 0 0 0 0 0 0 0 0 0 0 0
P3123 2058 9 0 0 0 0 0 0 0 0 0 0 0 0 0 9 27 0 0 0 0 0 0 0 8 0 0 0 0 0 0 0 -999
P3123 2058 10 0 0 0 0 0 0 0 0 0 0 0 0 0 0 5 0 0 0 0 0 0 8 10 9 7 0 0 0 0 0 0
P3123 2058 11 0 2 0 0 0 0 0 9 40 20 27 14 4 14 7 29 51 160 162 224 22 9 21 4 11 35 53 145 73 44 -999
P3123 2058 12 7 26 6 6 2 3 3 3 5 0 0 0 0 0 9 2 7 85 44 72 41 21 5 9 6 11 27 21 4 19 133
P3123 2059 1 18 192 11 8 4 2 2 1 0 0 0 0 0 3 17 3 1 0 6 9 28 8 7 5 16 3 0 0 0 0 0
P3123 2059 2 0 2 0 0 0 0 0 0 0 0 0 0 0 0 4 5 3 0 0 0 0 0 0 0 0 0 0 0 -999 -999 -999
P3123 2059 3 0 0 0 0 0 0 0 0 0 0 6 22 9 4 3 0 0 0 0 4 53 9 12 54 12 67 9 13 7 2 3
P3123 2059 4 2 1 0 0 0 0 0 0 0 0 0 0 1 0 0 0 0 0 0 0 4 1 0 6 6 0 0 0 31 4 -999
P3123 2059 5 0 0 0 0 10 13 12 17 14 10 10 0 0 0 0 0 0 9 0 0 0 0 0 0 0 0 0 0 18 0 0
P3123 2059 6 0 0 0 0 0 0 0 0 0 0 0 0 0 0 0 0 0 0 0 0 0 0 0 0 0 0 0 0 0 0 -999
P3123 2059 7 0 0 0 0 0 0 0 0 0 0 0 0 0 0 0 12 12 0 0 0 0 0 0 0 0 0 0 0 0 0 0
P3123 2059 8 0 0 0 0 0 0 0 0 0 0 0 0 0 0 0 0 0 0 0 0 0 0 0 0 0 0 0 0 0 0 0
P3123 2059 9 0 0 0 0 0 0 0 0 0 0 0 0 0 0 0 0 0 0 0 0 0 0 0 3 15 0 0 0 0 0 -999
P3123 2059 10 0 0 0 0 0 0 0 0 0 0 0 0 0 3 18 12 0 0 0 4 17 53 56 84 16 11 8 0 0 68 21
P3123 2059 11 54 68 34 49 29 0 0 0 2 6 54 4 6 29 174 44 8 5 5 3 10 7 34 36 4 1 18 10 3 5 -999
P3123 2059 12 0 0 0 0 0 0 0 13 12 6 2 10 3 2 1 2 0 0 0 0 0 0 0 0 0 2 4 43 169 39 25
P3123 2060 1 13 42 45 48 78 33 0 0 0 7 9 4 0 0 0 0 0 0 0 0 0 0 0 0 0 1 3 1 1 1 0
P3123 2060 2 0 0 0 3 24 7 12 15 55 21 68 92 20 137 154 72 32 12 13 4 22 11 30 24 54 6 54 19 -999 -999 -999
P3123 2060 3 167 85 23 14 10 30 56 114 47 13 3 0 0 5 13 9 119 26 130 158 190 87 9 5 1 0 2 23 13 10 2
P3123 2060 4 0 0 0 0 0 0 0 0 0 9 18 5 0 0 0 0 0 0 0 5 0 0 0 0 0 0 0 0 0 0 -999
P3123 2060 5 0 0 0 0 0 0 0 0 0 0 0 0 0 0 0 0 0 0 0 0 0 0 0 0 0 0 0 0 0 0 0
P3123 2060 6 0 12 12 17 26 28 34 38 14 6 16 8 8 11 12 15 0 0 0 0 0 0 0 0 0 0 0 0 0 0 -999
P3123 2060 7 0 0 0 0 0 0 0 0 0 0 0 0 0 0 0 0 0 0 0 0 0 0 0 0 0 0 0 0 0 0 0
P3123 2060 8 0 0 0 0 0 0 0 0 0 0 0 0 0 0 0 0 0 0 0 0 0 0 0 0 0 0 0 0 0 0 0
P3123 2060 9 0 0 0 0 0 0 0 0 0 0 0 0 0 0 0 9 6 0 0 0 0 0 0 0 0 50 19 8 0 0 -999
P3123 2060 10 0 0 0 0 0 0 0 0 0 0 6 41 8 17 13 5 7 3 0 0 16 4 16 3 8 5 10 31 14 20 216
P3123 2060 11 75 9 23 5 3 0 0 3 17 5 0 3 5 3 4 5 6 17 4 1 1 0 0 0 3 8 13 4 14 9 -999
P3123 2060 12 0 8 7 6 22 37 9 0 5 18 0 0 0 33 13 36 7 10 1 50 29 3 1 3 3 21 5 9 3 0 0
P3123 2061 1 0 0 0 2 0 0 0 0 0 0 6 0 0 9 5 18 46 5 116 10 20 74 54 63 150 63 112 35 17 8 9
P3123 2061 2 4 0 0 0 5 0 0 0 7 25 21 26 16 62 84 11 4 14 2 31 8 29 3 3 13 5 26 15 -999 -999 -999
P3123 2061 3 279 61 65 61 5 2 12 5 10 21 110 16 73 45 43 56 10 51 60 26 7 3 0 0 0 0 0 0 0 0 0
P3123 2061 4 0 0 10 3 4 4 9 28 56 44 52 51 32 23 14 10 23 46 36 9 3 1 0 8 8 5 0 0 0 0 -999
P3123 2061 5 0 22 40 15 17 8 0 0 0 0 0 8 9 6 5 0 0 0 0 0 0 0 0 0 0 0 0 0 0 0 0
P3123 2061 6 0 0 0 0 0 0 0 0 0 0 0 0 15 17 9 0 0 0 0 0 0 0 0 0 0 0 0 0 0 0 -999
P3123 2061 7 0 0 0 0 0 0 0 0 0 0 0 0 0 0 0 0 0 0 0 0 0 0 0 0 0 0 0 0 0 0 0
P3123 2061 8 0 0 0 0 0 0 0 0 0 0 0 0 0 0 0 0 0 0 0 0 0 0 0 0 0 0 0 0 0 0 0
P3123 2061 9 0 0 0 0 0 0 0 0 0 0 0 0 0 0 0 13 83 92 267 40 22 7 0 0 0 0 0 0 0 0 -999
P3123 2061 10 8 21 14 14 0 0 9 7 64 38 0 0 0 6 0 0 16 8 6 0 15 0 0 0 14 21 26 11 2 3 4
P3123 2061 11 0 0 7 0 4 3 5 6 11 9 4 0 0 0 2 0 0 12 10 3 0 0 0 0 0 0 0 2 10 11 -999
P3123 2061 12 32 67 55 0 0 0 0 2 2 5 6 4 3 0 0 0 6 19 11 2 6 6 0 0 0 0 0 0 3 21 3
P3123 2062 1 0 0 0 0 0 0 1 0 0 4 7 15 23 12 65 33 17 24 4 0 6 3 2 0 0 3 6 26 4 13 200
P3123 2062 2 33 72 9 13 6 29 56 50 30 12 1 0 0 0 0 0 4 7 8 3 11 21 20 29 191 48 61 6 -999 -999 -999
P3123 2062 3 0 0 0 0 5 17 5 0 0 10 2 0 0 4 0 0 0 0 0 0 0 0 18 5 3 37 4 0 0 0 0
P3123 2062 4 0 3 5 3 7 22 0 0 0 15 48 5 3 0 0 0 3 5 4 0 2 9 10 37 26 24 9 0 0 0 -999
P3123 2062 5 17 34 64 8 0 0 0 30 0 0 0 0 0 0 0 0 0 0 5 4 0 0 0 0 0 0 0 11 13 8 29
P3123 2062 6 7 5 4 0 0 0 0 0 0 0 6 7 0 0 0 0 0 0 0 0 0 0 0 0 0 0 0 0 0 0 -999
P3123 2062 7 0 0 0 0 0 0 0 0 0 0 0 0 0 0 0 0 0 0 0 0 0 0 0 0 0 0 0 0 0 0 0
P3123 2062 8 0 0 0 0 0 0 0 0 0 0 0 0 0 0 0 0 0 0 0 0 0 0 0 0 0 0 0 0 0 0 0
P3123 2062 9 0 0 0 0 0 0 0 0 0 0 0 0 0 0 0 0 0 0 0 0 0 0 0 0 0 0 0 0 0 0 -999
P3123 2062 10 0 0 0 0 0 0 54 20 0 0 0 0 0 0 0 0 0 12 7 25 16 58 20 13 23 11 12 24 21 4 0
P3123 2062 11 0 17 6 4 63 72 11 5 0 10 54 7 0 14 0 0 0 12 6 25 15 6 42 36 49 4 1 9 0 9 -999
P3123 2062 12 2 1 0 0 0 0 9 8 26 116 47 4 0 0 17 34 10 3 3 4 13 16 9 17 12 0 0 3 3 3 0
P3123 2063 1 0 3 4 6 3 2 1 0 0 0 0 0 1 1 0 0 0 0 0 3 12 6 2 5 2 17 39 6 2 0 0
P3123 2063 2 0 0 0 0 0 0 12 20 13 5 0 0 4 5 13 2 2 0 0 4 6 2 2 7 2 2 1 7 -999 -999 -999
P3123 2063 3 9 4 2 3 0 4 13 4 1 9 46 12 67 48 60 34 6 8 9 15 9 11 11 45 29 34 90 95 75 7 0
P3123 2063 4 32 16 10 9 0 0 0 0 0 13 75 9 2 4 3 13 12 13 0 0 0 3 9 6 13 3 8 10 15 4 -999
P3123 2063 5 1 0 0 0 0 0 0 0 0 0 0 7 29 11 13 11 7 8 9 4 6 4 5 0 0 0 0 0 0 0 0
P3123 2063 6 0 0 0 0 0 0 0 0 0 0 0 0 0 0 0 0 0 0 0 0 0 0 0 0 0 0 0 0 0 0 -999
P3123 2063 7 0 0 0 0 0 0 0 0 0 0 0 0 0 0 0 0 0 0 0 0 0 0 0 0 0 0 0 0 0 0 0
P3123 2063 8 0 0 0 0 0 0 0 0 0 0 0 0 0 0 0 0 0 0 0 0 0 0 0 0 0 0 0 0 0 0 0
P3123 2063 9 0 0 0 0 0 0 0 0 0 0 0 0 0 0 0 0 0 0 0 0 0 0 0 0 0 0 24 6 8 0 -999
P3123 2063 10 0 0 0 0 0 6 0 2 21 12 31 9 6 8 10 9 10 0 9 39 20 71 10 0 0 0 11 25 16 19 0
P3123 2063 11 0 0 0 7 0 0 0 0 0 0 6 0 0 0 5 0 0 0 0 9 0 2 0 5 26 4 0 14 18 27 -999
P3123 2063 12 15 18 25 4 34 24 22 0 4 10 3 20 11 14 3 7 11 9 3 0 0 0 19 20 8 10 6 8 7 25 12
P3123 2064 1 0 6 0 11 8 5 0 0 5 14 70 86 33 25 4 6 2 18 13 0 45 43 16 0 0 0 10 7 10 4 3
P3123 2064 2 3 2 1 0 0 0 0 0 0 0 0 0 16 21 27 15 18 11 2 0 0 0 0 0 10 15 17 17 -999 -999 -999
P3123 2064 3 5 19 60 146 72 57 16 2 5 10 19 7 11 5 0 2 0 2 2 11 0 3 20 4 2 1 2 1 10 49 21
P3123 2064 4 13 17 16 19 0 5 0 5 1 2 0 0 0 0 0 0 0 15 6 3 4 0 23 38 14 30 44 31 0 0 -999
P3123 2064 5 0 5 8 0 0 0 0 0 0 0 0 0 2 2 5 5 0 0 0 0 0 0 0 0 0 0 0 0 0 0 0
P3123 2064 6 0 0 0 0 0 0 0 0 0 0 0 0 0 0 0 0 0 0 0 0 0 0 0 0 0 0 0 0 0 0 -999
P3123 2064 7 0 0 0 0 0 0 0 0 0 0 0 0 0 0 0 0 0 0 0 0 0 0 0 0 0 0 0 0 0 0 0
P3123 2064 8 0 0 0 0 0 0 0 0 0 0 0 0 0 0 0 0 0 0 0 0 0 0 0 0 0 0 0 0 0 0 0
P3123 2064 9 0 0 0 0 0 0 0 0 0 0 0 0 0 0 0 0 0 0 0 0 0 0 0 0 0 0 0 16 0 3 -999
P3123 2064 10 8 6 4 6 0 0 0 0 0 5 0 0 0 0 0 9 0 0 0 0 3 3 9 15 7 5 3 0 0 0 3
P3123 2064 11 0 0 0 0 3 16 2 2 3 12 0 0 3 2 4 1 3 0 0 0 10 7 10 42 16 11 15 25 83 10 -999
P3123 2064 12 3 3 2 5 5 5 16 16 41 114 50 31 0 0 0 0 2 2 6 39 54 86 11 5 2 28 19 57 8 47 36
P3123 2065 1 4 26 7 3 4 10 32 73 82 74 14 6 3 1 0 0 0 0 0 0 2 0 3 3 0 0 0 0 0 0 2
P3123 2065 2 10 15 5 28 5 0 0 0 0 2 3 0 0 0 0 0 0 0 4 11 9 2 4 0 5 11 0 2 -999 -999 -999
P3123 2065 3 1 0 0 2 0 8 5 4 4 4 0 0 0 0 0 1 5 4 0 0 7 10 7 9 4 16 11 53 27 43 54
P3123 2065 4 25 14 58 6 4 1 0 0 0 0 9 8 35 19 9 6 0 0 0 0 0 0 0 0 8 15 6 5 12 6 -999
P3123 2065 5 2 2 8 2 8 5 7 6 4 9 4 5 5 6 3 2 11 3 0 0 4 0 0 0 0 0 0 0 0 0 7
P3123 2065 6 24 12 16 29 32 12 10 5 0 0 3 41 5 5 0 0 0 0 0 0 0 0 0 0 0 0 0 0 0 0 -999
P3123 2065 7 0 0 0 0 0 0 0 0 0 0 0 0 0 0 0 0 0 0 0 0 0 0 0 0 0 0 0 0 0 0 0
P3123 2065 8 0 0 0 0 0 0 0 0 0 0 0 0 0 0 0 0 0 0 0 0 0 0 0 0 0 0 0 0 0 0 0
P3123 2065 9 0 0 0 0 0 0 0 0 0 0 0 0 0 0 0 0 0 0 0 38 32 53 130 217 33 6 7 18 0 0 -999
P3123 2065 10 0 0 0 0 0 0 0 0 0 0 14 10 0 0 0 13 19 43 31 6 21 0 15 0 0 0 0 0 0 0 0
P3123 2065 11 3 0 0 0 13 14 30 20 4 3 7 39 13 5 3 0 0 0 0 0 9 6 0 0 2 4 1 0 0 0 -999
P3123 2065 12 0 0 0 0 7 6 0 0 0 4 17 64 9 5 0 0 0 0 4 10 24 38 126 71 50 41 10 25 2 0 4
P3123 2066 1 2 1 1 4 17 0 0 19 8 7 7 6 3 4 10 10 16 5 0 0 0 0 0 1 0 0 1 1 0 0 1
P3123 2066 2 0 0 0 0 4 10 24 15 11 0 0 0 0 0 0 2 7 23 18 10 0 0 0 7 2 20 4 22 -999 -999 -999
P3123 2066 3 64 122 126 120 143 92 38 91 93 37 29 12 5 9 6 31 8 5 8 27 24 8 7 6 6 1 9 12 17 3 9
P3123 2066 4 20 0 0 0 0 0 8 13 2 0 0 0 0 0 0 3 22 18 8 0 0 0 0 0 0 0 0 0 0 0 -999
P3123 2066 5 0 0 0 0 0 0 0 0 0 0 0 0 0 0 0 0 0 6 0 0 0 0 0 0 0 0 0 0 0 0 0
P3123 2066 6 0 0 0 0 0 0 0 0 0 0 0 0 0 0 0 0 0 0 0 0 0 0 0 0 0 0 0 0 0 0 -999
P3123 2066 7 0 0 0 0 0 0 0 0 0 0 0 0 0 0 0 0 0 0 0 0 0 0 0 0 0 0 0 0 0 0 0
P3123 2066 8 0 0 0 0 0 0 0 0 0 0 0 0 0 0 0 0 0 0 0 0 0 0 0 0 0 0 0 0 0 0 0
P3123 2066 9 0 0 0 0 0 0 0 0 0 0 0 0 0 0 0 0 0 0 0 0 0 0 0 0 0 0 0 0 0 0 -999
P3123 2066 10 0 0 0 0 0 0 0 0 0 0 0 6 86 24 25 44 54 10 6 18 0 17 0 0 8 11 42 24 18 24 123
P3123 2066 11 31 26 27 19 16 65 68 93 103 27 5 5 0 10 0 54 8 14 21 181 114 95 8 0 19 17 92 25 109 121 -999
P3123 2066 12 58 121 115 0 0 0 4 3 4 4 2 65 65 137 29 24 71 51 3 0 2 4 13 10 7 22 57 42 22 18 22
P3123 2067 1 32 65 88 45 64 33 34 29 12 10 20 55 111 96 47 33 82 366 128 8 2 49 67 50 30 16 20 14 27 11 2
P3123 2067 2 4 5 3 3 1 1 2 18 103 3 7 26 10 0 0 0 0 2 7 2 8 7 4 5 4 2 5 6 -999 -999 -999
P3123 2067 3 2 2 4 12 3 0 0 0 4 2 4 8 8 3 4 6 5 4 0 0 0 0 0 0 3 5 8 38 6 2 0
P3123 2067 4 0 0 0 0 0 9 8 9 10 3 2 0 7 12 4 3 3 5 7 5 2 0 0 2 6 24 21 41 5 8 -999
P3123 2067 5 0 0 0 0 0 44 21 0 0 6 9 10 17 30 20 6 6 20 26 17 16 15 3 5 0 0 0 0 0 0 0
P3123 2067 6 0 0 0 0 0 0 22 88 0 0 0 0 0 0 0 0 0 0 0 0 0 0 0 0 0 0 0 0 0 0 -999
P3123 2067 7 0 0 0 0 0 0 0 0 0 0 0 0 0 0 0 0 0 0 0 0 0 0 0 0 0 0 0 0 0 0 0
P3123 2067 8 0 0 0 0 0 0 0 0 0 0 0 0 0 0 0 0 0 0 0 0 0 0 0 0 0 0 0 0 0 0 0
P3123 2067 9 0 0 0 0 0 0 0 0 0 0 0 0 0 0 0 0 0 0 0 0 0 0 0 0 0 0 0 0 0 0 -999
P3123 2067 10 0 0 0 0 0 14 28 26 8 8 5 9 6 0 0 0 0 0 0 0 0 0 0 0 0 0 0 12 30 19 40
P3123 2067 11 6 45 74 52 27 33 164 54 116 32 17 19 15 11 9 3 6 27 79 4 0 18 0 6 5 3 3 1 9 5 -999
P3123 2067 12 8 0 0 19 37 66 10 5 78 33 48 31 18 10 0 0 0 0 4 19 17 10 3 0 0 0 0 0 0 0 0
P3123 2068 1 3 1 1 0 0 0 0 0 2 11 25 5 1 0 0 1 3 5 3 4 4 8 33 67 14 24 5 3 64 86 109
P3123 2068 2 8 12 9 2 8 9 10 18 95 70 20 29 14 13 33 26 3 0 0 3 8 4 4 9 8 0 0 0 -999 -999 -999
P3123 2068 3 0 0 2 3 4 2 1 0 75 121 53 29 5 0 0 45 6 0 0 11 9 4 8 7 0 0 0 0 0 0 0
P3123 2068 4 5 7 0 5 20 11 4 0 0 0 0 0 0 0 0 0 0 0 0 0 0 6 9 10 6 2 0 13 6 2 -999
P3123 2068 5 0 0 0 25 15 0 20 10 6 5 4 37 51 13 41 13 8 7 9 14 10 0 0 11 0 0 0 0 0 0 0
P3123 2068 6 0 0 0 0 0 0 0 0 0 0 0 0 0 0 0 0 0 0 0 0 0 0 0 0 0 0 0 0 0 0 -999
P3123 2068 7 0 0 0 0 0 0 0 0 0 0 0 0 0 0 0 0 0 0 0 0 0 0 0 0 0 0 0 0 0 0 0
P3123 2068 8 0 0 0 0 0 0 0 0 0 0 0 0 0 0 0 0 0 0 0 0 0 0 0 0 0 4 0 0 0 0 0
P3123 2068 9 0 0 0 0 0 0 0 0 0 0 0 0 0 0 0 0 0 0 0 0 19 86 60 29 16 11 26 13 0 6 -999
P3123 2068 10 13 19 0 0 0 0 9 7 8 0 0 0 25 29 4 7 0 0 5 13 43 10 45 22 5 5 0 0 14 8 25
P3123 2068 11 8 0 0 0 0 0 6 0 0 0 0 0 0 0 9 28 5 6 7 4 19 101 24 59 17 0 0 0 51 53 -999
P3123 2068 12 0 40 13 15 85 47 9 12 51 4 8 6 15 3 27 38 163 124 39 18 10 2 0 0 0 11 6 2 1 0 0
P3123 2069 1 0 0 0 0 0 3 2 3 6 100 42 10 2 1 0 0 0 0 0 0 0 14 12 15 21 28 23 81 242 224 247
P3123 2069 2 51 36 16 4 97 13 9 22 48 56 6 5 6 19 6 2 0 0 0 0 0 0 2 1 2 0 0 1 -999 -999 -999
P3123 2069 3 27 65 14 20 55 56 41 29 8 17 23 7 2 0 0 0 0 0 0 0 2 2 3 4 3 4 3 12 17 14 4
P3123 2069 4 2 0 0 0 0 0 16 39 15 14 106 148 20 53 92 88 20 15 55 49 7 6 0 0 0 0 0 9 17 48 -999
P3123 2069 5 63 18 6 5 2 22 60 43 18 12 3 0 0 0 0 0 2 2 8 6 11 6 0 0 0 0 0 6 6 7 4
P3123 2069 6 2 0 0 0 0 0 0 0 0 0 0 0 0 0 0 0 0 0 0 0 0 0 0 0 0 0 0 0 0 0 -999
P3123 2069 7 0 3 5 0 0 0 0 0 0 0 0 0 0 0 0 0 0 0 0 0 0 0 0 0 0 0 0 0 0 0 0
P3123 2069 8 0 0 0 0 0 0 0 0 0 0 0 0 0 0 0 0 0 0 0 0 0 0 0 0 0 0 0 0 0 0 0
P3123 2069 9 0 0 0 0 0 0 0 0 19 7 20 0 0 0 0 0 0 0 0 19 4 0 0 0 9 5 11 42 142 72 -999
P3123 2069 10 29 18 33 9 15 0 0 0 0 0 0 0 0 0 6 4 6 2 1 3 15 14 71 15 7 3 1 0 0 0 15
P3123 2069 11 56 76 131 76 0 0 0 13 28 67 123 110 94 73 10 7 0 0 0 0 13 0 14 13 15 62 20 93 116 6 -999
P3123 2069 12 2 41 100 105 42 34 37 10 2 2 0 0 12 2 0 0 0 0 0 0 0 5 35 44 10 0 2 7 21 5 7
P3123 2070 1 30 24 10 30 33 8 2 6 23 8 7 3 0 2 0 1 6 4 14 57 32 26 54 60 40 83 146 10 13 111 100
P3123 2070 2 77 268 220 24 6 3 9 2 6 37 11 11 14 8 22 50 22 6 3 3 4 3 54 29 62 11 120 14 -999 -999 -999
P3123 2070 3 17 0 0 0 13 0 0 10 78 80 33 29 15 7 7 0 0 15 15 3 19 50 53 7 49 7 0 0 0 0 0
P3123 2070 4 3 54 8 4 11 33 16 81 24 27 6 14 16 25 58 5 9 4 6 0 0 7 13 6 8 4 10 10 3 2 -999
P3123 2070 5 3 4 3 3 4 10 9 11 0 3 2 21 32 89 43 5 6 5 2 0 0 0 0 0 0 0 0 0 0 0 0
P3123 2070 6 0 0 9 4 10 0 0 0 0 0 0 0 0 0 0 0 0 0 0 0 0 0 0 0 0 0 0 0 0 0 -999
P3123 2070 7 0 0 0 0 0 0 0 0 0 0 0 0 0 0 0 0 0 0 0 0 0 0 0 0 0 0 0 0 0 0 0
P3123 2070 8 0 0 0 0 0 0 0 0 0 0 0 0 0 0 0 0 0 0 0 0 0 0 0 0 0 0 0 0 0 0 0
P3123 2070 9 0 0 0 0 0 0 0 0 0 0 0 0 0 0 0 0 0 0 0 0 0 0 0 0 0 0 0 7 30 42 -999
P3123 2070 10 11 0 0 0 0 0 15 15 16 43 61 29 25 13 7 0 9 11 83 148 102 82 29 10 0 0 0 0 0 3 8
P3123 2070 11 0 87 60 41 7 5 58 31 23 22 48 96 40 25 5 25 43 6 11 60 19 47 31 23 10 0 0 0 0 3 -999
P3123 2070 12 1 2 3 0 0 0 0 0 0 3 8 6 6 2 0 0 0 0 2 1 3 66 7 7 8 3 12 29 26 52 4
P3123 2071 1 0 3 4 16 2 1 3 3 15 17 24 11 32 27 118 97 157 135 113 37 29 23 111 72 28 5 4 10 4 6 64
P3123 2071 2 55 7 4 2 11 31 36 13 1 0 0 3 2 0 0 1 0 0 3 11 14 8 4 3 4 18 67 4 -999 -999 -999
P3123 2071 3 0 0 0 0 2 2 6 6 5 7 17 4 0 0 9 0 0 0 10 7 0 0 0 0 25 4 0 0 2 4 0
P3123 2071 4 9 0 0 0 0 0 0 0 0 0 0 0 0 0 0 0 0 0 0 27 28 0 0 0 0 0 0 0 0 0 -999
P3123 2071 5 0 0 0 0 0 0 0 0 0 0 0 0 0 0 3 3 0 0 0 0 0 0 0 0 0 0 0 0 0 0 0
P3123 2071 6 0 0 0 0 0 0 10 11 2 0 0 0 0 0 0 0 0 0 0 0 0 0 0 0 0 0 0 0 0 0 -999
P3123 2071 7 0 0 0 0 0 0 0 0 0 0 0 0 0 0 0 0 0 0 0 0 0 0 0 0 0 0 0 0 0 0 0
P3123 2071 8 0 0 0 0 0 0 0 0 0 0 0 0 0 0 0 0 0 0 0 0 0 0 0 0 0 0 0 0 0 0 0
P3123 2071 9 0 0 0 0 0 0 0 0 0 0 0 0 0 0 0 0 0 0 0 0 0 0 0 0 0 0 0 0 0 0 -999
P3123 2071 10 0 0 0 0 0 17 0 0 6 6 5 5 3 0 0 0 0 0 0 2 0 0 0 0 5 0 0 0 0 0 0
P3123 2071 11 22 14 18 0 4 6 11 37 54 18 9 44 9 0 0 7 4 3 0 0 0 0 0 0 0 20 12 6 0 0 -999
P3123 2071 12 2 2 4 3 10 60 12 6 0 0 0 0 0 0 0 0 0 1 5 1 0 0 0 0 0 0 0 0 0 0 0
P3123 2072 1 0 0 2 0 0 2 2 5 2 10 4 1 6 6 45 5 2 0 0 0 11 65 144 8 0 0 5 33 110 9 42
P3123 2072 2 3 2 3 13 43 11 5 10 14 57 19 240 69 87 45 134 187 134 146 142 275 235 87 29 7 10 8 8 -999 -999 -999
P3123 2072 3 0 0 0 4 6 12 111 27 4 3 13 6 0 4 0 0 0 4 13 0 0 0 22 5 2 0 0 0 18 3 1
P3123 2072 4 0 0 0 0 0 31 24 51 28 10 65 14 7 13 47 17 12 5 0 10 15 0 82 42 14 0 0 0 0 0 -999
P3123 2072 5 0 0 0 10 7 0 12 11 8 6 0 0 1 0 0 0 0 0 0 0 0 0 0 0 0 0 0 0 0 0 0
P3123 2072 6 6 6 11 6 4 0 0 0 0 0 0 0 0 0 0 0 0 0 0 0 0 0 0 0 0 0 0 0 0 0 -999
P3123 2072 7 0 0 0 0 0 0 0 0 0 0 0 0 0 0 0 0 0 0 0 0 0 0 0 0 0 0 0 0 0 0 0
P3123 2072 8 0 0 0 0 0 0 0 0 0 0 0 0 0 0 0 0 0 0 0 0 0 0 0 0 0 0 0 0 0 0 0
P3123 2072 9 0 0 0 0 0 0 0 0 0 0 0 0 0 0 0 0 0 0 0 0 0 0 0 0 0 0 0 0 0 0 -999
P3123 2072 10 5 11 0 6 0 0 10 0 0 0 0 0 0 0 0 33 56 55 21 8 4 11 5 13 7 13 6 0 0 9 54
P3123 2072 11 18 16 0 47 71 30 42 79 170 192 56 9 5 2 5 4 0 0 0 0 0 13 50 52 20 53 297 7 5 6 -999
P3123 2072 12 0 0 0 0 2 26 36 19 5 7 3 0 0 0 0 0 0 3 0 5 11 0 5 0 0 6 2 0 0 0 2
P3123 2073 1 0 0 0 1 2 18 3 0 0 0 0 0 9 2 0 0 0 0 0 0 0 0 0 0 0 4 2 0 0 0 0
P3123 2073 2 0 0 4 14 5 1 4 9 51 106 92 24 7 73 19 7 65 3 5 2 2 2 9 2 0 0 0 0 -999 -999 -999
P3123 2073 3 0 0 0 0 0 0 0 2 9 10 4 3 0 5 5 5 3 9 35 15 8 5 3 1 0 0 7 5 3 4 0
P3123 2073 4 0 0 0 0 0 0 0 0 0 0 8 0 0 20 30 50 14 0 0 0 0 3 0 30 7 0 5 6 0 0 -999
P3123 2073 5 4 0 0 0 0 0 0 2 0 0 0 0 0 0 0 10 22 27 25 9 4 2 4 25 7 0 3 7 0 0 0
P3123 2073 6 0 0 0 0 0 0 0 0 0 13 0 0 0 0 0 0 0 0 0 0 0 0 0 0 0 0 0 0 0 0 -999
P3123 2073 7 0 0 0 0 0 0 0 0 0 0 0 0 0 0 0 0 0 0 0 0 0 0 0 0 0 0 0 0 0 0 0
P3123 2073 8 0 0 0 0 0 0 0 0 0 0 0 0 0 0 0 0 0 0 0 0 0 0 0 0 0 0 0 0 0 0 0
P3123 2073 9 0 0 0 0 3 8 0 0 0 0 0 7 13 0 0 0 0 0 0 0 0 3 12 0 0 0 0 6 0 0 -999
P3123 2073 10 0 0 0 0 0 0 8 17 4 41 34 0 0 0 0 0 0 11 21 11 2 0 0 0 0 0 5 12 8 8 14
P3123 2073 11 27 7 5 2 6 15 148 94 159 120 16 9 2 1 3 0 0 0 2 2 2 6 7 16 14 21 22 14 14 26 -999
P3123 2073 12 53 65 34 31 9 25 6 2 0 0 0 0 0 0 0 0 2 2 2 18 65 41 8 10 27 8 2 0 0 0 0
P3123 2074 1 0 2 0 0 0 0 0 0 0 2 3 2 3 3 0 0 0 18 37 24 7 6 4 0 0 9 6 4 3 2 0
P3123 2074 2 1 0 0 0 0 2 6 4 16 7 2 10 4 2 0 0 0 0 0 2 6 5 6 0 2 5 5 0 -999 -999 -999
P3123 2074 3 0 20 2 0 0 0 0 0 0 0 0 2 0 2 3 0 0 5 2 0 1 2 0 0 0 0 0 0 0 0 0
P3123 2074 4 4 0 0 0 0 0 0 0 0 0 0 0 0 0 0 0 0 0 0 0 0 0 0 0 0 18 20 7 3 0 -999
P3123 2074 5 0 0 0 0 7 15 25 12 11 14 30 39 12 6 7 0 2 3 5 9 29 22 7 0 0 0 0 0 0 0 0
P3123 2074 6 0 0 0 0 0 0 0 0 0 0 0 0 0 0 0 0 0 0 13 4 0 0 0 0 0 0 0 0 0 0 -999
P3123 2074 7 0 0 0 0 0 0 0 0 0 0 0 0 0 0 0 0 0 0 0 0 0 0 0 0 0 0 0 0 0 0 0
P3123 2074 8 0 0 0 0 0 0 0 0 0 0 0 0 0 0 0 0 0 0 0 0 0 0 0 0 0 0 0 0 0 0 0
P3123 2074 9 0 0 0 0 0 0 0 0 0 0 0 0 0 0 0 0 0 0 15 0 0 4 3 6 9 7 6 4 0 0 -999
P3123 2074 10 0 0 6 8 0 0 0 3 13 7 5 0 0 0 0 0 0 8 15 7 0 0 0 0 0 0 0 5 21 3 10
P3123 2074 11 12 15 15 0 0 0 0 19 26 53 14 25 0 0 0 58 5 22 6 0 0 0 44 58 167 34 12 18 12 3 -999
P3123 2074 12 0 0 57 50 10 7 0 13 3 6 4 7 28 160 231 232 114 20 84 25 76 14 5 3 2 9 80 106 198 14 34
P3123 2075 1 96 115 126 65 32 8 5 4 4 2 4 14 35 4 4 4 0 0 0 0 0 0 0 0 0 10 10 3 7 11 11
P3123 2075 2 25 7 0 2 20 28 15 22 4 4 23 57 10 11 5 10 3 8 28 11 85 21 9 6 0 0 0 0 -999 -999 -999
P3123 2075 3 0 0 7 23 60 83 23 0 52 85 26 25 50 51 3 2 4 10 24 34 17 70 41 33 15 12 8 2 18 42 38
P3123 2075 4 58 4 8 4 0 0 0 0 0 0 0 0 0 0 0 0 2 0 1 14 10 3 0 0 0 0 0 0 20 80 -999
P3123 2075 5 55 70 95 113 64 79 57 29 6 5 6 11 8 12 9 11 42 20 12 14 7 9 5 0 0 0 0 0 0 0 0
P3123 2075 6 0 0 0 0 0 0 0 0 0 0 0 0 0 0 0 0 0 0 0 0 0 0 0 0 0 0 0 0 0 0 -999
P3123 2075 7 0 0 0 0 0 0 0 0 0 0 0 0 0 0 0 0 2 3 0 0 0 0 0 0 0 0 0 0 0 0 0
P3123 2075 8 0 0 0 0 0 0 0 0 0 0 0 0 0 0 0 0 0 0 0 0 0 0 0 0 0 0 0 0 0 0 0
P3123 2075 9 0 0 0 0 0 0 0 0 0 0 0 0 0 0 7 0 0 0 0 0 0 0 0 0 0 0 0 19 9 6 -999
P3123 2075 10 5 6 16 13 11 0 0 9 5 4 3 0 0 0 0 0 0 0 11 15 9 2 0 0 13 0 11 11 15 10 22
P3123 2075 11 33 5 24 34 12 3 51 40 190 9 12 42 21 26 5 18 26 24 6 18 23 13 0 15 8 38 18 12 8 3 -999
P3123 2075 12 0 6 4 7 18 14 30 35 132 4 3 17 31 19 3 4 2 0 0 0 0 1 3 0 1 4 3 3 1 1 3
P3123 2076 1 0 0 0 0 0 0 0 0 1 3 2 2 2 13 1 5 0 3 3 0 0 0 0 0 0 0 6 15 9 3 1
P3123 2076 2 3 14 2 3 0 4 0 7 38 2 1 0 0 1 0 0 0 0 3 4 2 0 0 0 0 0 2 1 -999 -999 -999
P3123 2076 3 0 1 1 0 3 10 4 0 30 71 9 0 0 16 33 35 49 61 9 0 3 0 0 0 0 0 0 0 0 0 0
P3123 2076 4 0 0 0 12 5 0 0 0 0 0 0 7 8 0 0 0 0 0 20 0 78 71 54 36 8 0 33 12 0 0 -999
P3123 2076 5 6 8 44 7 3 0 0 0 0 0 0 0 0 3 3 0 8 16 12 23 42 30 28 5 0 0 7 31 13 13 9
P3123 2076 6 48 22 0 0 0 0 4 12 0 0 0 0 0 0 0 0 0 0 0 0 0 0 0 0 8 0 0 0 0 0 -999
P3123 2076 7 0 0 0 0 9 0 0 0 0 0 0 0 0 0 0 0 0 0 0 0 0 0 0 0 0 0 0 0 0 0 0
P3123 2076 8 0 0 0 0 0 0 0 0 0 0 0 0 0 0 0 0 0 0 0 0 0 0 0 0 0 0 0 0 0 0 0
P3123 2076 9 0 0 0 0 0 0 0 0 0 0 0 0 0 0 0 0 0 0 0 0 0 0 22 0 0 0 0 50 11 5 -999
P3123 2076 10 3 0 5 0 0 0 0 0 0 0 13 61 89 106 87 3 6 48 6 3 13 8 9 18 9 0 0 0 0 0 0
P3123 2076 11 0 0 2 4 0 0 0 33 42 30 14 34 9 5 2 0 0 42 10 2 0 0 0 68 11 4 0 0 0 0 -999
P3123 2076 12 0 0 0 0 0 0 0 3 6 7 0 0 0 0 2 4 2 12 0 0 0 0 0 0 0 0 3 0 17 11 4
P3123 2077 1 1 0 0 0 0 3 1 1 0 0 0 5 50 93 49 26 0 0 3 0 12 18 94 71 108 10 45 9 2 2 6
P3123 2077 2 6 3 6 8 40 32 3 1 0 0 0 14 36 5 11 9 14 0 0 0 0 0 0 0 0 0 0 0 -999 -999 -999
P3123 2077 3 0 3 5 0 0 7 5 3 7 8 23 6 12 27 9 11 0 110 74 12 1 0 0 0 0 8 7 5 7 4 1
P3123 2077 4 0 0 0 0 3 0 4 2 5 7 7 1 0 2 0 0 0 0 0 0 0 0 0 0 0 0 9 0 0 0 -999
P3123 2077 5 0 0 0 0 0 9 8 10 7 5 3 0 0 0 0 0 0 0 0 0 0 0 0 59 104 74 33 3 0 0 0
P3123 2077 6 0 0 0 0 0 0 0 0 0 4 10 11 27 28 0 0 0 0 0 0 0 0 0 0 0 0 0 0 0 0 -999
P3123 2077 7 0 0 0 0 0 0 0 0 0 0 0 0 0 0 0 0 0 0 0 0 0 0 0 0 0 0 0 0 0 0 0
P3123 2077 8 0 0 0 0 0 0 0 0 0 0 0 0 0 0 0 0 0 0 0 0 0 0 0 0 0 0 0 0 0 0 0
P3123 2077 9 0 0 0 0 0 0 0 0 0 0 0 0 0 0 0 0 0 0 0 0 0 0 0 0 0 0 0 18 0 0 -999
P3123 2077 10 3 0 6 2 0 0 0 0 0 0 0 0 0 18 6 3 0 5 4 0 2 36 22 4 2 0 0 14 5 0 0
P3123 2077 11 0 8 95 98 265 97 114 81 18 15 14 66 154 146 115 42 61 91 5 4 22 103 73 26 14 0 61 30 5 2 -999
P3123 2077 12 2 0 0 2 3 2 3 6 4 43 130 18 35 76 41 24 148 145 225 42 47 49 37 96 148 229 132 24 36 4 3
P3123 2078 1 2 52 9 58 14 46 4 81 3 16 3 0 0 0 0 0 0 0 0 1 0 15 13 2 0 0 0 0 0 0 0
P3123 2078 2 3 8 2 3 2 21 57 4 8 3 7 6 11 3 4 2 5 5 0 0 6 4 8 6 2 5 0 3 -999 -999 -999
P3123 2078 3 0 0 0 0 0 24 15 19 4 38 50 30 31 91 14 3 0 14 0 0 0 4 6 2 2 7 7 8 10 23 9
P3123 2078 4 24 21 29 201 93 87 10 4 20 2 0 0 13 13 11 0 25 85 86 20 1 0 0 0 0 3 7 28 18 8 -999
P3123 2078 5 13 6 9 16 16 28 16 6 4 4 10 7 59 27 48 39 12 7 7 0 0 0 0 0 0 0 0 0 0 0 0
P3123 2078 6 8 0 0 0 0 0 0 0 0 0 0 0 0 0 0 0 0 0 0 0 0 0 0 0 0 0 0 0 0 0 -999
P3123 2078 7 0 0 0 0 0 0 0 0 0 0 0 0 0 0 0 0 0 0 0 0 0 0 0 0 0 0 0 0 0 0 0
P3123 2078 8 0 0 0 0 0 0 0 0 0 0 0 0 0 0 0 0 0 0 0 0 0 0 0 0 0 0 0 0 0 0 0
P3123 2078 9 0 0 73 19 6 0 0 0 0 0 0 0 0 0 0 0 0 0 0 0 0 0 0 0 0 0 0 0 0 0 -999
P3123 2078 10 0 0 0 0 0 0 0 0 0 0 0 0 0 0 0 0 0 0 0 0 0 0 7 13 0 0 0 0 0 0 0
P3123 2078 11 0 20 124 39 12 1 0 0 0 2 2 0 0 0 0 0 2 1 6 5 0 0 12 5 12 3 7 58 6 18 -999
P3123 2078 12 4 2 0 0 0 0 5 16 2 2 8 1 0 1 4 3 1 1 0 0 0 0 1 8 30 23 22 85 26 73 122
P3123 2079 1 16 2 8 5 1 2 11 4 2 0 5 1 3 0 0 0 0 0 0 0 0 0 0 0 0 6 43 7 0 0 0
P3123 2079 2 0 7 0 5 43 18 6 19 59 9 7 10 9 10 5 3 5 15 150 98 90 15 57 80 95 76 99 30 -999 -999 -999
P3123 2079 3 25 103 8 21 21 2 3 7 25 18 22 26 0 0 0 4 0 0 7 21 83 25 16 9 8 7 3 5 8 11 21
P3123 2079 4 82 45 24 7 5 12 37 13 9 0 0 0 0 0 0 0 0 0 0 0 0 0 0 0 0 0 4 0 0 10 -999
P3123 2079 5 7 11 15 4 0 0 0 0 0 0 0 0 0 0 0 20 0 0 0 0 0 0 0 0 0 0 0 0 0 0 0
P3123 2079 6 0 0 0 0 0 0 0 0 0 4 2 0 0 0 0 0 0 0 0 0 0 0 0 0 0 0 0 0 0 0 -999
P3123 2079 7 0 0 0 0 0 0 0 0 0 0 0 0 0 0 0 0 0 0 0 0 0 0 0 0 0 0 0 4 0 0 0
P3123 2079 8 0 0 0 0 0 0 0 0 0 0 0 0 0 0 0 0 0 0 0 0 0 0 0 0 0 0 0 0 0 0 0
P3123 2079 9 0 0 0 0 0 0 0 0 0 0 5 0 0 0 0 0 0 0 0 0 0 0 0 0 0 0 0 0 0 8 -999
P3123 2079 10 0 0 0 0 0 0 0 13 0 0 0 0 0 0 0 9 0 63 88 48 30 54 11 20 23 8 9 7 28 0 0
P3123 2079 11 0 12 13 3 11 3 0 0 0 0 15 0 0 0 0 0 0 0 0 7 4 3 19 14 8 48 34 7 33 107 -999
P3123 2079 12 4 0 0 0 8 13 22 33 41 48 21 0 0 4 30 107 138 58 121 10 9 4 2 3 0 0 0 3 2 2 2
P3123 2080 1 1 0 0 4 3 2 4 2 2 3 3 11 2 1 4 0 0 3 6 6 4 13 23 12 9 2 4 2 10 8 2
P3123 2080 2 2 2 0 2 3 0 0 0 0 2 28 44 16 3 0 0 2 3 0 0 11 2 1 10 0 0 0 0 -999 -999 -999
P3123 2080 3 0 0 0 0 0 0 0 5 8 0 0 0 0 0 0 0 0 0 0 0 0 0 4 0 0 0 0 0 0 0 0
P3123 2080 4 49 4 22 20 34 84 62 44 53 11 5 3 6 7 8 26 35 26 38 14 2 0 0 17 14 0 8 8 0 0 -999
P3123 2080 5 44 42 14 4 0 0 2 0 0 0 0 0 0 0 0 0 0 0 0 8 0 0 0 0 0 0 0 0 0 0 0
P3123 2080 6 0 0 0 0 0 0 0 0 0 14 0 0 0 0 0 0 0 0 0 0 0 0 0 0 0 0 0 0 0 0 -999
P3123 2080 7 0 0 0 0 0 0 0 0 0 0 0 0 0 0 0 0 0 0 0 0 0 0 0 0 0 0 0 0 0 0 0
P3123 2080 8 0 0 0 0 0 0 0 0 0 0 0 0 0 0 0 0 0 0 0 0 0 0 0 9 17 7 6 0 0 0 0
P3123 2080 9 0 0 0 0 0 0 0 0 0 0 0 0 16 10 0 0 0 0 0 0 0 0 0 47 39 16 28 0 0 0 -999
P3123 2080 10 0 0 0 0 0 0 0 0 0 0 0 3 16 11 11 0 0 0 0 0 0 3 0 81 36 6 8 0 0 0 0
P3123 2080 11 0 0 0 4 6 10 4 3 5 6 4 1 0 0 0 11 25 10 0 0 8 4 0 0 3 7 4 69 2 0 -999
P3123 2080 12 0 0 0 0 0 0 5 15 26 61 43 12 13 32 4 8 5 0 0 0 0 4 17 256 66 18 13 11 4 3 1
P3123 2081 1 0 2 0 0 0 0 0 0 0 0 1 0 0 0 0 1 2 5 33 189 151 199 15 0 17 6 4 0 0 2 0
P3123 2081 2 8 14 109 42 9 10 1 3 4 1 0 0 0 0 0 0 2 7 3 27 19 21 20 18 12 7 8 4 -999 -999 -999
P3123 2081 3 0 0 0 0 5 0 0 0 0 3 11 53 29 113 97 48 220 13 40 14 29 41 101 26 79 63 131 115 31 26 79
P3123 2081 4 26 6 8 10 18 1 1 0 0 0 0 0 0 0 0 0 2 1 4 0 0 0 0 0 0 0 10 20 8 0 -999
P3123 2081 5 0 0 0 0 0 4 9 5 4 5 3 3 0 0 0 0 0 0 0 0 0 3 11 8 9 1 7 24 19 10 2
P3123 2081 6 0 0 0 0 0 0 0 7 10 43 30 11 4 0 0 0 0 0 0 0 0 0 0 0 0 0 0 0 0 0 -999
P3123 2081 7 0 0 0 0 0 0 0 0 0 0 0 0 0 0 0 0 0 0 0 0 0 0 0 0 0 0 0 0 0 0 0
P3123 2081 8 0 0 0 0 0 0 0 0 0 0 0 0 0 0 0 0 0 0 0 0 0 0 0 0 0 0 0 0 0 0 0
P3123 2081 9 0 0 0 0 0 0 0 0 0 0 0 0 0 0 0 0 0 0 0 0 0 0 0 0 0 0 0 0 0 0 -999
P3123 2081 10 0 0 37 5 0 0 0 0 0 21 173 92 34 17 82 49 69 62 58 100 54 8 0 0 0 7 0 6 0 0 33
P3123 2081 11 0 0 86 173 28 8 6 0 0 72 66 7 13 75 57 78 9 33 64 272 79 74 42 6 7 0 0 0 20 15 -999
P3123 2081 12 37 22 17 27 27 7 66 57 24 0 9 8 7 0 0 0 0 0 3 16 100 52 129 10 47 26 16 289 22 0 0
P3123 2082 1 0 0 0 0 0 1 7 3 3 3 0 0 0 3 44 78 4 9 5 3 0 0 0 2 2 5 65 9 67 31 1
P3123 2082 2 0 0 3 11 6 6 7 2 0 0 2 3 0 0 0 0 0 0 0 0 0 0 0 0 0 0 5 2 -999 -999 -999
P3123 2082 3 0 0 5 1 1 0 0 0 9 9 11 5 0 2 1 3 11 14 54 82 0 36 13 13 6 3 5 4 3 3 4
P3123 2082 4 5 9 17 21 31 45 77 43 93 145 119 80 158 6 0 13 7 0 24 84 31 9 6 0 9 0 8 19 14 0 -999
P3123 2082 5 0 0 0 0 0 0 0 0 0 0 0 0 0 0 0 0 0 0 0 0 0 0 0 0 0 0 0 0 0 0 0
P3123 2082 6 0 0 12 9 0 2 16 22 17 10 6 0 0 0 0 0 5 38 22 9 4 0 0 0 0 0 0 0 0 0 -999
P3123 2082 7 0 0 0 0 0 0 0 0 0 0 0 0 0 0 0 0 0 0 0 0 0 0 0 0 0 0 0 0 0 0 0
P3123 2082 8 0 0 0 0 0 0 0 0 0 0 0 0 0 0 0 0 0 0 0 0 0 0 0 0 0 0 0 0 0 0 0
P3123 2082 9 0 0 0 0 0 0 0 0 0 0 0 0 0 0 0 0 0 0 0 0 0 0 0 0 14 0 0 0 0 0 -999
P3123 2082 10 0 0 0 0 0 0 0 0 0 0 0 0 12 0 0 0 20 15 18 151 68 6 11 82 37 54 0 0 0 0 0
P3123 2082 11 0 0 0 15 0 10 3 0 8 17 27 48 41 28 10 35 24 9 14 27 21 32 37 17 12 8 7 54 43 8 -999
P3123 2082 12 2 9 8 7 0 0 1 0 0 0 3 0 0 2 1 0 1 5 3 0 0 0 0 1 0 0 0 0 0 9 0
P3123 2083 1 0 2 2 0 0 5 6 41 11 10 0 4 13 60 74 57 84 25 18 71 64 39 58 40 34 11 20 6 0 28 49
P3123 2083 2 19 21 51 2 17 0 5 3 59 96 203 60 140 23 15 30 183 92 50 13 37 56 9 35 11 41 29 27 -999 -999 -999
P3123 2083 3 114 6 0 0 0 0 2 4 0 15 6 0 0 0 6 0 0 0 0 1 1 0 0 0 8 5 1 0 9 11 14
P3123 2083 4 49 44 31 35 7 0 0 0 0 6 19 18 7 2 0 6 0 4 21 17 10 15 4 0 0 0 0 3 0 0 -999
P3123 2083 5 0 0 7 0 0 0 0 0 0 17 0 0 0 0 0 0 0 0 0 0 0 0 0 0 0 0 0 0 0 0 0
P3123 2083 6 0 0 0 0 0 0 0 0 0 0 0 0 0 0 0 0 0 0 0 0 0 0 0 0 0 0 0 0 0 0 -999
P3123 2083 7 0 0 0 0 0 0 0 0 0 0 0 0 0 0 0 0 0 0 0 0 0 0 0 0 0 0 0 0 0 0 0
P3123 2083 8 0 0 0 0 0 0 0 0 0 0 0 0 0 0 0 0 0 0 0 0 0 0 0 0 0 0 0 0 0 0 0
P3123 2083 9 0 0 0 0 0 0 0 0 0 0 0 0 0 0 0 0 0 0 0 0 0 0 0 0 0 0 0 0 0 21 -999
P3123 2083 10 51 29 0 0 15 0 0 0 0 0 0 0 0 0 0 0 0 0 0 0 0 0 0 0 0 0 16 0 0 0 0
P3123 2083 11 0 0 49 10 0 0 4 4 14 13 0 25 13 28 9 23 69 156 36 22 3 4 14 22 3 3 5 9 2 0 -999
P3123 2083 12 0 0 0 0 0 3 4 7 6 38 17 12 25 7 5 61 48 18 0 0 0 0 0 0 0 0 0 0 0 0 1
P3123 2084 1 7 42 17 4 0 5 6 4 0 0 0 0 2 3 0 0 7 99 142 14 9 11 83 5 1 2 0 0 0 0 1
P3123 2084 2 1 0 8 15 4 0 0 0 0 0 17 35 19 7 0 4 7 5 11 8 8 9 159 56 10 48 29 8 -999 -999 -999
P3123 2084 3 21 36 11 10 21 15 14 18 27 36 28 50 57 55 20 237 74 70 18 35 55 6 7 16 3 0 0 0 0 19 54
P3123 2084 4 41 70 129 131 180 35 20 25 40 16 101 21 2 24 17 7 0 0 18 0 0 0 0 0 0 0 0 0 0 0 -999
P3123 2084 5 0 0 0 0 0 0 0 5 4 0 0 0 0 0 0 0 0 0 0 0 0 0 0 0 0 0 0 0 2 0 3
P3123 2084 6 4 0 0 0 0 0 0 0 0 0 0 0 0 0 7 5 0 0 0 0 0 0 0 0 0 0 0 0 0 0 -999
P3123 2084 7 0 0 0 0 0 0 0 0 0 0 0 0 0 0 0 0 0 0 0 0 0 0 0 0 0 0 0 0 0 0 0
P3123 2084 8 0 0 0 0 0 0 0 0 0 0 0 0 0 0 0 0 10 8 0 0 0 0 0 0 0 0 0 0 0 0 0
P3123 2084 9 0 0 0 0 0 0 0 0 0 0 0 0 0 0 0 0 0 0 0 0 0 0 0 0 27 24 0 0 0 0 -999
P3123 2084 10 0 7 0 0 0 0 0 0 0 0 0 0 0 0 0 12 4 0 0 0 0 0 0 6 7 0 0 0 0 0 0
P3123 2084 11 0 0 3 6 49 19 26 15 62 106 101 206 81 48 6 4 5 7 0 0 0 0 0 3 6 0 0 4 2 4 -999
P3123 2084 12 4 4 10 26 21 7 5 3 1 0 0 0 0 0 2 4 6 2 5 0 0 0 3 3 5 13 4 5 3 0 0
P3123 2085 1 0 0 0 0 0 0 0 0 0 0 0 0 2 5 13 2 0 0 0 0 0 0 0 0 5 2 8 9 2 1 0
P3123 2085 2 0 0 2 4 1 0 0 0 0 0 0 0 0 0 0 36 14 0 0 0 2 0 4 0 0 0 2 3 -999 -999 -999
P3123 2085 3 0 0 0 0 11 0 0 0 0 0 0 20 15 0 0 0 0 7 15 11 110 64 46 17 2 4 7 5 7 62 42
P3123 2085 4 70 19 42 10 29 0 0 0 0 0 0 0 0 10 31 6 0 0 0 2 0 0 0 0 0 2 6 11 10 17 -999
P3123 2085 5 15 5 4 13 9 4 4 0 10 26 24 17 10 5 4 3 8 5 7 13 9 14 6 0 3 3 4 0 0 0 0
P3123 2085 6 0 0 0 0 0 0 0 0 0 0 0 0 0 0 0 0 0 0 0 0 0 0 0 0 0 0 0 0 0 0 -999
P3123 2085 7 0 0 0 0 0 0 0 0 0 0 0 0 0 0 0 0 0 0 0 0 0 0 0 0 0 0 0 0 0 0 0
P3123 2085 8 0 0 0 0 0 0 0 0 0 0 0 0 0 0 0 0 0 0 0 0 0 0 0 0 0 0 0 0 0 0 0
P3123 2085 9 0 0 0 0 0 0 0 0 0 0 0 0 0 0 0 0 0 0 0 0 0 0 0 7 5 0 0 0 0 0 -999
P3123 2085 10 0 0 0 0 0 0 0 14 19 0 0 0 0 0 0 21 15 11 0 0 0 0 17 5 0 0 18 1 0 0 0
P3123 2085 11 0 5 17 81 19 5 4 11 0 0 0 0 0 0 0 10 5 24 129 93 117 174 16 170 166 23 134 3 15 5 -999
P3123 2085 12 43 76 11 13 88 14 5 0 0 25 10 10 12 7 5 0 0 0 0 0 2 6 100 108 57 8 15 15 28 12 117
P3123 2086 1 64 142 107 72 6 0 0 0 0 0 0 0 8 0 0 9 2 0 0 0 0 0 0 0 1 1 0 0 0 0 0
P3123 2086 2 0 0 0 0 0 0 0 0 0 2 1 3 9 5 6 5 8 19 8 7 53 6 2 1 2 4 5 5 -999 -999 -999
P3123 2086 3 3 0 0 0 0 0 0 0 0 2 2 1 2 0 0 0 0 0 5 4 0 18 8 0 0 0 0 0 0 0 9
P3123 2086 4 20 38 11 5 0 4 13 12 25 5 9 5 4 20 70 84 75 84 61 52 23 20 34 19 0 0 17 20 0 0 -999
P3123 2086 5 0 11 12 0 0 5 0 0 0 0 16 26 14 0 0 0 0 6 12 8 8 9 0 4 8 3 0 0 0 0 0
P3123 2086 6 0 0 0 0 0 0 0 0 0 0 0 0 0 0 0 0 0 0 0 0 6 0 0 0 0 0 0 0 0 0 -999
P3123 2086 7 0 0 0 0 0 0 0 0 0 0 0 0 0 0 0 0 0 0 0 0 0 0 0 0 0 0 0 0 0 0 0
P3123 2086 8 0 0 0 0 0 0 0 0 0 0 0 0 0 0 0 0 0 0 0 0 0 0 0 0 0 0 0 0 0 0 0
P3123 2086 9 0 0 0 0 0 0 24 0 0 0 0 0 4 7 5 6 5 3 0 0 0 0 0 0 0 0 0 0 0 0 -999
P3123 2086 10 0 12 0 0 0 0 0 0 0 0 0 12 0 0 16 17 11 13 0 0 0 0 4 11 16 52 52 0 5 22 6
P3123 2086 11 0 59 0 0 0 0 0 6 4 9 15 12 43 4 99 104 109 90 89 90 20 10 5 5 0 6 9 10 52 6 -999
P3123 2086 12 16 34 23 28 80 20 16 0 0 2 0 3 3 3 0 0 0 0 8 9 3 0 0 0 0 0 0 6 7 8 7
P3123 2087 1 8 113 36 16 23 20 5 0 0 0 3 2 4 13 128 46 10 5 34 2 3 2 4 0 0 0 0 0 0 10 2
P3123 2087 2 3 2 3 14 0 10 0 0 0 0 0 0 0 9 0 0 0 0 0 2 0 0 0 0 0 0 0 2 -999 -999 -999
P3123 2087 3 2 0 3 3 0 7 3 1 0 0 0 0 0 5 23 3 14 37 50 9 12 8 0 0 0 0 104 27 6 1 0
P3123 2087 4 0 0 5 6 5 5 0 0 0 0 0 0 0 0 0 0 2 2 14 4 2 8 0 0 0 0 0 0 0 0 -999
P3123 2087 5 0 0 0 0 0 0 0 128 135 101 20 2 0 0 0 0 0 0 0 0 0 0 0 0 0 0 0 7 5 32 0
P3123 2087 6 0 0 0 0 0 0 0 0 0 0 0 0 0 0 0 0 0 0 0 0 0 0 0 0 0 0 0 0 0 0 -999
P3123 2087 7 0 0 0 0 0 0 0 0 0 0 0 0 0 0 0 0 0 0 0 0 0 0 0 0 0 0 0 0 0 0 0
P3123 2087 8 0 0 0 0 0 0 0 0 0 0 0 0 0 0 0 0 0 0 0 0 0 0 0 0 0 0 0 0 0 0 0
P3123 2087 9 0 0 0 0 0 0 0 0 0 0 0 0 0 0 0 0 0 0 0 0 57 5 0 0 0 0 0 18 12 11 -999
P3123 2087 10 16 0 0 6 0 0 0 0 0 10 0 0 0 0 0 0 0 19 8 18 0 53 34 10 12 6 0 0 0 0 0
P3123 2087 11 0 0 0 16 12 2 4 4 3 7 4 5 8 15 32 14 3 22 0 0 7 6 0 0 0 0 0 0 38 56 -999
P3123 2087 12 84 206 12 39 0 0 61 28 9 0 17 47 71 36 23 12 146 120 191 30 118 19 0 0 0 0 0 0 0 0 0
P3123 2088 1 0 0 0 0 2 2 18 149 378 185 33 60 151 358 13 140 54 33 4 1 2 1 16 46 112 121 238 76 76 89 12
P3123 2088 2 9 5 4 14 6 3 2 0 0 0 0 0 0 0 0 6 23 37 25 9 0 9 10 3 0 0 0 0 -999 -999 -999
P3123 2088 3 0 0 0 0 4 2 16 8 3 3 0 4 8 20 25 25 27 20 28 5 1 0 4 3 12 6 8 0 0 0 0
P3123 2088 4 7 0 0 0 0 0 0 0 0 8 6 9 5 4 4 8 0 0 0 0 0 0 0 0 0 0 0 0 0 0 -999
P3123 2088 5 0 0 0 0 0 5 16 0 0 0 0 94 70 12 9 6 0 0 0 0 0 0 0 0 0 0 0 0 0 0 0
P3123 2088 6 0 0 0 0 0 0 0 0 0 0 0 0 0 0 0 0 0 0 0 0 0 0 0 0 0 0 0 0 0 0 -999
P3123 2088 7 0 0 0 0 0 0 0 0 0 0 0 0 0 0 0 0 0 0 0 0 0 0 0 0 0 0 0 0 0 0 0
P3123 2088 8 0 0 0 0 0 0 0 0 0 0 0 0 0 0 0 0 0 0 0 0 0 0 0 0 0 0 0 0 0 0 0
P3123 2088 9 0 0 0 0 0 0 0 0 0 0 0 0 0 0 0 0 0 0 0 0 0 0 0 0 0 0 0 0 0 0 -999
P3123 2088 10 0 0 0 0 0 0 0 0 0 0 21 5 12 4 0 0 0 0 0 0 0 0 0 0 0 0 0 0 0 0 0
P3123 2088 11 0 20 115 174 50 175 24 37 86 38 6 7 5 3 2 0 0 0 0 0 0 0 18 15 5 15 34 3 0 23 -999
P3123 2088 12 95 33 31 58 129 65 6 0 0 0 0 0 0 0 0 0 0 0 0 0 0 0 0 0 2 6 6 2 0 7 2
P3123 2089 1 0 0 0 3 5 7 13 4 0 4 21 7 4 62 34 19 9 2 29 91 31 84 93 7 43 58 19 7 6 14 49
P3123 2089 2 174 9 10 52 101 11 11 22 8 134 95 87 36 36 39 125 90 77 66 37 40 4 0 0 0 4 36 22 -999 -999 -999
P3123 2089 3 4 2 0 0 0 0 0 0 0 0 0 0 0 0 0 0 5 8 1 0 0 0 0 0 0 0 0 2 3 0 0
P3123 2089 4 0 0 0 0 2 3 14 50 110 18 4 0 0 0 12 11 12 7 19 67 18 0 0 0 0 0 0 0 0 0 -999
P3123 2089 5 8 7 5 0 0 0 0 0 0 0 0 0 0 0 0 0 0 0 0 0 0 0 0 0 0 0 0 0 0 0 0
P3123 2089 6 3 10 0 0 0 0 0 0 0 0 0 0 0 0 0 0 0 0 0 0 0 0 0 0 0 0 0 0 0 0 -999
P3123 2089 7 0 0 0 5 0 0 0 0 0 0 0 0 0 0 0 0 0 0 0 0 0 0 0 0 0 0 0 0 0 0 0
P3123 2089 8 0 0 0 0 0 0 0 0 0 0 0 0 0 0 0 0 0 0 0 0 0 0 0 0 0 0 0 0 0 0 0
P3123 2089 9 0 0 0 0 0 0 0 0 0 0 0 0 0 0 0 0 0 0 0 0 0 0 0 0 0 0 0 0 0 0 -999
P3123 2089 10 0 0 0 0 0 0 0 0 0 0 7 12 7 6 18 8 0 0 0 0 0 0 0 0 9 8 4 0 0 0 0
P3123 2089 11 0 0 0 0 0 2 4 1 0 0 11 3 9 14 39 37 31 102 86 51 67 150 117 71 45 0 2 0 18 14 -999
P3123 2089 12 72 70 4 11 4 7 5 7 2 1 0 0 0 0 0 0 1 9 15 74 40 12 6 2 0 0 0 0 0 43 39
P3123 2090 1 4 0 0 0 0 2 4 1 3 11 9 7 0 0 0 0 0 0 2 15 18 71 30 5 2 4 5 0 0 10 5
P3123 2090 2 8 23 48 0 0 0 0 3 7 12 69 42 36 46 105 131 89 18 6 18 107 15 3 17 5 15 57 100 -999 -999 -999
P3123 2090 3 9 1 0 0 2 2 30 87 37 6 18 220 98 6 9 7 0 0 0 0 0 0 0 3 10 10 0 0 0 0 0
P3123 2090 4 0 68 35 86 67 12 4 0 0 0 4 8 10 0 0 0 11 0 0 0 0 6 4 8 8 0 0 39 17 10 -999
P3123 2090 5 7 0 0 0 0 0 0 0 0 0 0 0 0 0 9 29 12 20 16 8 10 6 6 0 0 0 0 0 0 0 0
P3123 2090 6 0 0 0 0 61 61 25 9 8 10 8 0 0 0 0 0 0 0 0 0 0 0 0 5 6 4 3 3 0 0 -999
P3123 2090 7 0 0 0 0 0 0 0 0 0 0 0 0 0 0 0 0 0 0 0 0 0 0 0 0 0 0 0 0 0 0 0
P3123 2090 8 0 0 0 0 0 0 0 0 0 0 0 0 0 0 0 0 0 0 0 0 0 0 0 0 0 0 0 0 0 0 0
P3123 2090 9 0 0 0 0 0 0 0 0 0 0 0 0 0 0 0 0 0 0 0 0 0 0 0 0 0 0 0 38 14 0 -999
P3123 2090 10 0 4 0 0 0 5 0 28 27 9 4 13 4 0 0 0 0 20 15 28 0 0 0 0 0 0 0 0 0 5 13
P3123 2090 11 26 12 6 4 0 0 0 0 0 0 0 0 6 0 0 0 0 5 2 0 0 0 2 0 6 13 10 82 138 266 -999
P3123 2090 12 164 41 16 51 12 7 3 5 22 67 20 12 15 15 6 1 0 0 0 0 5 15 4 42 0 0 0 0 13 8 0
P3123 2091 1 0 0 4 1 0 0 0 0 0 0 0 0 1 1 0 0 0 0 11 3 10 23 13 67 21 250 67 98 10 7 6
P3123 2091 2 13 38 16 32 29 70 63 30 19 12 6 7 15 17 26 16 3 0 0 0 0 21 21 9 17 13 5 0 -999 -999 -999
P3123 2091 3 0 0 0 0 0 0 0 4 9 0 0 0 0 0 0 0 0 0 2 3 5 0 0 2 0 0 0 15 2 0 0
P3123 2091 4 0 2 0 0 0 0 0 0 0 0 0 0 0 0 0 0 0 0 0 8 0 0 7 10 36 14 4 13 7 0 -999
P3123 2091 5 0 0 0 0 12 25 36 9 2 0 10 12 49 55 19 54 70 16 4 0 0 0 0 0 0 0 0 0 0 0 0
P3123 2091 6 0 0 0 0 0 0 0 0 0 0 0 0 0 0 0 0 0 0 0 0 0 0 0 0 0 0 0 0 0 0 -999
P3123 2091 7 0 0 0 0 0 0 0 0 0 0 0 0 0 0 0 0 0 0 0 0 0 0 0 0 0 0 0 0 0 0 0
P3123 2091 8 0 0 0 0 0 0 0 0 0 0 0 0 0 0 0 0 0 0 0 0 0 0 0 0 0 0 0 0 0 0 0
P3123 2091 9 0 0 0 0 0 0 0 0 0 0 0 0 0 0 0 0 0 0 0 15 5 4 3 4 34 37 0 0 0 0 -999
P3123 2091 10 0 0 0 0 0 0 0 0 10 9 0 0 0 0 0 0 0 0 0 0 0 0 7 5 1 2 0 21 27 6 31
P3123 2091 11 25 66 53 19 11 102 233 125 33 83 104 77 62 9 3 0 11 14 5 11 14 2 2 0 0 0 0 0 5 0 -999
P3123 2091 12 0 0 0 0 0 0 0 0 2 0 0 26 107 56 33 62 4 7 13 15 46 42 0 0 0 8 0 0 0 0 0
P3123 2092 1 3 0 0 0 22 31 10 24 3 12 11 68 157 59 27 1 0 0 0 0 0 0 2 4 7 15 4 0 0 1 0
P3123 2092 2 0 0 2 7 35 84 9 3 2 3 0 0 0 0 0 0 0 0 4 3 19 18 7 10 0 0 0 2 -999 -999 -999
P3123 2092 3 3 0 0 0 0 0 0 0 0 0 0 0 0 0 3 3 13 68 43 15 14 3 0 4 0 0 0 0 0 0 0
P3123 2092 4 0 0 0 0 0 0 6 8 56 17 0 0 0 0 0 0 0 0 0 175 91 0 0 0 0 11 0 0 0 0 -999
P3123 2092 5 0 0 0 0 0 0 0 0 0 4 3 3 0 0 0 0 0 0 0 0 0 0 0 0 0 0 0 0 0 0 0
P3123 2092 6 0 0 0 0 0 0 0 0 0 0 0 0 0 0 0 0 0 0 0 0 0 0 0 0 0 0 0 0 0 0 -999
P3123 2092 7 0 0 0 0 0 0 0 0 0 0 0 0 0 0 0 0 0 0 0 0 0 0 0 0 0 0 0 0 0 0 0
P3123 2092 8 0 0 0 0 0 0 0 0 0 0 0 0 0 0 0 0 0 0 0 0 0 0 0 0 0 0 0 0 0 42 12
P3123 2092 9 0 0 0 0 0 0 0 0 0 0 0 0 0 0 0 0 0 0 0 0 9 11 0 0 0 0 0 0 0 5 -999
P3123 2092 10 7 7 4 4 0 0 0 0 0 0 0 0 0 0 2 4 4 5 16 6 0 0 0 0 0 0 0 0 0 0 0
P3123 2092 11 0 0 0 0 9 3 67 48 17 0 0 2 19 9 7 4 0 23 2 0 0 0 0 6 10 3 0 0 0 0 -999
P3123 2092 12 0 0 0 3 8 14 16 23 7 4 0 0 0 0 0 0 0 0 0 0 0 0 0 0 0 13 75 10 4 2 0
P3123 2093 1 0 0 0 3 21 20 21 42 116 23 63 27 16 3 6 6 0 0 0 0 0 0 6 3 5 0 0 3 4 2 4
P3123 2093 2 4 0 0 2 5 18 5 38 120 135 37 4 4 14 23 37 27 35 82 83 26 24 10 4 0 4 3 4 -999 -999 -999
P3123 2093 3 4 5 18 7 1 0 0 49 27 82 114 15 11 13 318 14 4 47 43 41 83 11 18 15 6 2 3 0 15 22 12
P3123 2093 4 4 0 0 0 0 2 3 4 2 4 12 7 0 0 0 0 0 0 6 0 0 0 49 8 2 0 0 0 0 0 -999
P3123 2093 5 0 0 11 17 14 12 7 14 36 12 11 4 0 0 0 0 0 0 0 0 0 0 0 0 0 0 0 0 0 0 0
P3123 2093 6 0 0 0 0 0 0 0 0 0 0 0 17 50 25 12 0 0 0 0 0 0 0 0 0 0 0 0 0 0 0 -999
P3123 2093 7 0 0 0 0 0 0 0 0 0 0 0 0 0 0 0 0 0 0 0 0 0 0 0 0 0 0 0 0 0 0 0
P3123 2093 8 0 0 0 0 0 0 0 0 0 0 0 0 0 0 0 0 0 0 0 0 0 0 0 0 0 0 16 21 2 0 0
P3123 2093 9 0 0 0 0 0 0 0 0 0 0 0 0 0 0 0 0 0 0 0 0 0 0 0 0 0 0 0 0 0 0 -999
P3123 2093 10 0 0 0 0 0 0 0 0 14 9 0 0 0 0 0 0 0 0 0 0 0 19 12 0 0 0 0 0 0 0 2
P3123 2093 11 3 36 33 37 25 15 3 11 20 32 8 12 42 0 0 11 3 23 72 8 0 0 67 88 14 22 15 9 0 0 -999
P3123 2093 12 0 8 34 40 0 5 4 9 13 6 7 5 1 0 0 0 0 0 0 0 0 0 0 0 0 0 4 13 115 61 5
P3123 2094 1 2 0 3 4 29 62 83 30 0 0 0 0 0 0 0 0 2 4 4 1 2 1 1 0 0 0 0 0 0 0 2
P3123 2094 2 0 0 0 0 7 2 12 0 0 0 0 0 0 4 3 2 0 0 4 12 7 3 3 29 13 6 63 70 -999 -999 -999
P3123 2094 3 28 35 9 10 50 217 81 272 76 56 33 10 14 9 2 0 5 0 0 0 0 1 1 0 0 0 0 0 0 0 0
P3123 2094 4 0 0 11 21 18 7 0 4 5 5 5 53 9 4 110 27 18 6 5 3 0 0 2 39 144 11 2 1 0 0 -999
P3123 2094 5 0 0 2 3 5 0 6 0 0 0 0 0 0 0 0 0 0 0 0 0 0 0 0 0 0 0 0 0 0 0 0
P3123 2094 6 0 0 0 0 0 0 5 12 10 3 2 0 4 0 0 0 0 0 0 0 0 0 0 0 0 0 0 0 0 0 -999
P3123 2094 7 0 0 0 0 0 0 0 0 0 0 0 0 0 0 0 0 0 0 0 0 0 0 0 0 0 0 0 0 0 0 0
P3123 2094 8 0 0 0 0 0 0 0 0 0 0 0 0 0 0 0 0 0 0 0 0 0 0 0 0 0 0 0 0 0 0 0
P3123 2094 9 0 0 0 0 0 0 0 0 0 0 0 0 0 0 0 0 0 0 0 0 0 25 8 0 0 0 0 0 9 5 -999
P3123 2094 10 9 62 81 62 33 7 0 0 0 0 0 0 0 0 0 0 0 0 0 0 4 5 0 0 0 16 13 5 5 4 4
P3123 2094 11 17 0 0 0 0 18 17 8 5 0 17 6 10 12 25 6 0 0 0 0 0 0 0 10 5 10 43 32 20 8 -999
P3123 2094 12 0 0 6 8 21 97 40 31 20 30 49 14 9 74 58 9 11 10 7 0 0 0 9 0 7 23 134 31 23 22 42
P3123 2095 1 79 14 105 8 17 36 4 1 7 11 36 66 18 19 13 10 139 184 334 373 355 141 22 29 104 185 93 134 10 19 71
P3123 2095 2 18 7 0 34 11 3 7 4 1 1 1 4 36 65 13 6 3 6 5 0 0 0 6 3 2 4 16 0 -999 -999 -999
P3123 2095 3 0 0 0 0 0 0 0 0 0 0 7 35 10 14 26 18 33 71 37 24 8 13 6 15 13 9 4 0 0 0 2
P3123 2095 4 7 8 4 4 0 16 41 48 10 20 14 7 0 0 0 0 3 0 0 0 0 0 4 0 0 0 0 0 0 0 -999
P3123 2095 5 2 9 6 0 0 8 0 0 0 0 101 38 0 0 0 0 0 0 0 0 0 0 0 0 0 0 0 0 0 0 0
P3123 2095 6 0 0 0 0 0 0 0 0 0 0 0 0 0 0 0 0 0 0 0 0 0 0 0 0 0 0 0 6 0 0 -999
P3123 2095 7 0 0 0 0 0 0 0 0 0 0 0 0 0 0 0 0 0 0 0 0 0 0 0 0 0 0 0 0 0 0 0
P3123 2095 8 0 0 0 0 0 0 0 0 0 0 0 0 0 0 0 0 0 0 0 0 0 0 0 0 0 0 0 0 0 0 0
P3123 2095 9 0 0 0 0 0 0 0 0 0 0 0 0 0 0 0 0 0 0 0 0 0 0 0 0 0 0 0 0 0 0 -999
P3123 2095 10 0 0 0 0 0 0 0 0 18 11 12 8 7 2 0 5 7 2 0 0 0 0 0 0 2 0 0 4 12 7 7
P3123 2095 11 7 32 9 6 2 0 4 41 212 27 152 55 32 28 0 0 0 0 6 7 2 0 0 9 3 11 12 14 11 12 -999
P3123 2095 12 2 0 0 0 0 21 4 3 3 1 0 0 0 0 0 0 3 2 0 0 0 0 0 1 1 6 19 16 0 0 0
P3123 2096 1 0 0 2 21 14 26 10 2 4 16 12 1 0 0 2 0 0 0 0 0 3 1 0 0 0 0 5 4 7 7 4
P3123 2096 2 6 0 7 2 2 0 0 3 4 2 2 3 5 5 7 9 7 13 5 3 2 4 12 17 7 8 9 6 -999 -999 -999
P3123 2096 3 3 24 162 60 14 9 12 5 1 0 0 2 1 1 2 1 0 0 0 0 0 0 0 0 0 4 3 4 7 13 20
P3123 2096 4 10 6 21 5 7 50 22 36 18 0 27 45 44 82 17 8 10 32 59 21 6 0 6 0 0 0 0 9 10 0 -999
P3123 2096 5 0 0 0 0 0 8 0 0 0 0 0 0 0 0 0 0 0 0 0 13 12 0 0 0 0 0 10 0 14 78 110
P3123 2096 6 63 13 24 15 0 0 0 0 0 0 0 2 0 0 0 0 0 0 0 0 0 0 0 0 0 0 0 0 0 0 -999
P3123 2096 7 0 0 0 0 0 0 0 0 0 0 0 0 0 0 0 0 0 0 0 0 0 0 0 0 0 0 0 0 0 0 0
P3123 2096 8 0 0 0 0 0 0 0 0 0 0 0 0 0 0 0 0 0 0 0 0 0 0 0 0 0 0 0 0 0 0 0
P3123 2096 9 0 0 0 0 0 0 6 15 0 0 0 0 0 0 0 0 0 0 0 0 0 0 0 0 0 0 0 0 0 0 -999
P3123 2096 10 0 0 0 0 0 0 0 0 0 7 31 22 8 3 0 0 32 72 34 35 24 15 10 8 11 0 0 10 10 191 35
P3123 2096 11 113 98 31 24 14 16 10 22 47 190 79 13 35 39 176 148 57 64 83 42 11 8 4 5 9 6 9 10 7 1 -999
P3123 2096 12 0 0 0 0 0 0 0 0 0 0 0 0 0 0 2 0 0 0 0 0 0 0 0 5 7 54 37 45 41 75 66
P3123 2097 1 33 13 17 16 7 7 22 16 23 14 15 27 9 19 42 78 43 7 35 18 2 0 0 3 0 6 0 5 10 4 5
P3123 2097 2 13 7 2 0 6 3 3 4 2 6 2 4 8 0 0 0 8 8 18 67 20 0 0 0 0 10 19 16 -999 -999 -999
P3123 2097 3 6 0 0 10 29 11 6 0 0 0 0 0 0 16 5 7 25 41 84 89 64 14 17 19 21 20 17 0 0 0 0
P3123 2097 4 5 0 0 0 0 8 4 0 0 5 2 0 0 0 0 0 0 2 10 23 43 47 43 16 43 30 33 14 4 4 -999
P3123 2097 5 0 0 0 0 0 57 28 7 0 0 0 0 0 0 0 0 0 0 0 0 9 0 0 0 0 0 0 0 0 0 9
P3123 2097 6 0 0 0 0 0 0 0 0 0 0 0 16 30 10 6 0 0 0 0 0 0 0 0 0 0 0 0 0 0 0 -999
P3123 2097 7 0 0 0 0 0 0 0 0 0 0 0 0 0 0 0 0 0 0 0 0 0 0 0 0 0 0 0 0 0 0 0
P3123 2097 8 0 0 0 0 0 0 0 0 0 0 0 0 0 0 0 0 0 0 0 0 0 0 0 0 0 0 0 0 0 0 0
P3123 2097 9 0 0 0 0 0 0 0 0 0 0 0 0 0 0 0 0 0 0 0 0 0 0 0 5 7 8 0 0 0 0 -999
P3123 2097 10 0 27 13 6 12 0 0 0 0 0 0 0 0 0 0 0 0 64 34 20 5 5 14 19 10 0 0 0 0 21 46
P3123 2097 11 26 19 0 10 6 0 0 0 7 48 30 8 46 42 172 11 7 4 13 21 18 26 5 0 0 0 0 0 0 0 -999
P3123 2097 12 0 0 29 133 82 12 57 12 0 0 0 0 0 14 207 75 14 6 2 1 6 26 3 3 3 2 9 3 0 0 0
P3123 2098 1 0 9 5 3 5 34 2 14 4 6 1 1 2 3 1 1 0 0 2 2 10 5 6 1 0 0 0 2 0 0 3
P3123 2098 2 4 34 130 24 74 31 70 47 26 24 16 6 6 7 14 11 8 2 8 30 13 0 0 11 15 18 9 6 -999 -999 -999
P3123 2098 3 3 3 3 2 0 3 6 5 0 0 0 0 0 0 0 0 0 12 30 13 28 4 0 0 0 0 0 0 0 0 0
P3123 2098 4 0 0 0 0 0 0 0 0 9 10 9 20 3 4 0 0 0 0 0 29 44 5 0 0 0 0 14 0 0 0 -999
P3123 2098 5 0 0 0 0 0 0 0 0 0 0 0 0 0 0 0 0 16 15 0 0 0 0 0 0 0 0 0 0 0 0 0
P3123 2098 6 0 0 0 0 0 0 0 0 0 0 0 0 0 13 30 15 7 0 0 0 4 3 7 7 0 0 0 0 0 0 -999
P3123 2098 7 0 0 0 0 0 0 0 0 0 0 0 0 0 0 0 0 0 0 0 0 0 0 0 0 0 0 0 0 0 0 0
P3123 2098 8 0 0 0 0 0 0 0 0 0 0 0 0 0 0 0 0 0 0 0 0 0 0 0 0 0 0 0 0 0 0 0
P3123 2098 9 0 0 0 0 0 0 0 0 0 0 0 0 0 0 0 0 0 5 10 33 0 0 0 0 4 12 41 0 0 0 -999
P3123 2098 10 0 0 0 10 8 5 0 0 0 0 13 0 0 0 18 0 25 15 11 26 30 36 9 0 0 4 2 14 18 55 20
P3123 2098 11 62 61 7 141 16 61 12 18 5 130 68 23 17 0 0 36 120 24 8 0 4 14 22 25 0 0 3 4 27 36 -999
P3123 2098 12 18 280 38 104 56 60 10 12 11 6 0 0 2 0 0 0 4 4 6 4 26 68 94 11 4 1 10 1 0 0 0
P3123 2099 1 0 0 0 0 0 0 0 0 0 0 2 0 0 0 1 3 2 0 0 0 0 0 0 0 0 0 0 0 0 0 1
P3123 2099 2 3 13 72 4 1 0 0 0 0 0 0 0 0 0 0 3 2 7 10 5 7 5 0 2 4 0 11 0 -999 -999 -999
P3123 2099 3 0 0 0 0 6 28 58 70 81 107 101 25 7 0 0 0 0 0 0 0 0 0 6 3 2 0 0 0 4 0 0
P3123 2099 4 0 2 7 5 6 1 0 0 0 0 0 0 0 7 36 9 0 0 0 0 0 0 0 0 9 7 4 0 0 5 -999
P3123 2099 5 3 0 0 4 11 0 0 0 0 0 0 0 0 0 7 0 0 0 0 0 0 0 0 0 0 0 0 0 0 0 0
P3123 2099 6 0 0 0 0 0 0 0 0 0 0 0 0 0 0 0 0 0 0 4 7 5 0 0 0 0 0 0 0 0 0 -999
P3123 2099 7 0 0 0 0 0 0 0 0 0 0 0 0 0 0 0 0 0 0 0 0 0 0 0 0 0 0 0 0 0 0 0
P3123 2099 8 0 0 0 0 0 0 0 0 0 0 0 0 0 0 0 0 0 0 0 0 0 0 0 0 0 0 0 0 0 10 0
P3123 2099 9 0 0 0 0 0 0 0 0 0 0 0 0 0 0 0 0 0 0 0 0 0 0 0 0 0 0 0 0 0 0 -999
P3123 2099 10 0 0 0 0 0 0 0 0 0 0 0 7 0 23 91 0 0 0 0 0 0 0 0 0 0 0 0 0 0 36 75
P3123 2099 11 25 46 24 0 7 23 18 8 12 10 60 29 89 11 14 31 14 36 86 75 68 20 0 0 0 0 0 0 0 10 -999
P3123 2099 12 5 4 7 3 5 4 4 11 28 0 0 0 17 3 0 0 6 2 6 6 35 57 51 0 0 0 9 13 5 7 236
P3123 2100 1 9 21 0 0 5 0 0 0 0 2 0 64 46 26 28 45 5 1 0 0 2 1 2 3 0 2 0 0 0 0 0
P3123 2100 2 0 6 47 5 0 3 0 0 0 0 0 0 0 0 0 0 0 0 2 2 0 0 0 0 0 0 0 0 -999 -999 -999
P3123 2100 3 0 0 0 0 8 13 8 91 14 42 0 34 28 30 0 0 0 0 2 0 0 0 0 17 0 0 0 14 7 14 12
P3123 2100 4 1 5 2 0 0 0 0 0 1 3 10 4 7 0 0 0 2 0 0 0 0 12 50 11 0 0 0 0 0 63 -999
P3123 2100 5 0 0 87 0 12 0 2 0 0 0 5 0 8 0 0 5 23 10 0 0 0 0 0 3 7 6 0 0 0 0 0
P3123 2100 6 0 4 0 0 5 0 0 0 0 0 0 0 0 0 0 0 0 0 0 0 0 0 0 0 0 4 22 0 4 0 -999
P3123 2100 7 12 0 0 0 0 0 0 0 0 0 0 0 0 0 0 0 0 0 0 0 0 0 0 0 0 0 0 0 0 0 0
P3123 2100 8 0 0 0 0 0 0 0 0 0 0 0 0 0 0 0 0 0 0 0 0 0 0 0 0 0 0 0 0 0 0 0
P3123 2100 9 0 0 0 0 0 8 4 0 0 0 0 0 0 0 0 0 0 0 0 0 0 0 0 0 0 0 0 0 0 0 -999
P3123 2100 10 12 11 6 15 22 22 0 15 23 23 8 9 15 18 9 13 16 19 54 19 5 4 24 73 21 24 0 79 120 65 102
P3123 2100 11 15 6 0 0 10 4 4 0 0 0 81 84 32 10 8 0 0 0 0 0 0 0 0 0 0 11 0 0 0 0 -999
P3123 2100 12 0 0 0 0 0 0 13 7 0 8 0 0 0 5 15 35 12 0 28 5 33 23 0 3 17 153 109 83 28 14 -999
