precip bcc-csm1-1 rcp60 RNEURONALES decimas 2
P8374 39.594 3.034 135 geo 2006 2100 -1
P8374 2006 1 0 7 0 0 0 0 0 0 0 5 0 6 26 15 7 16 3 5 27 4 0 7 8 5 21 25 8 33 18 3 2
P8374 2006 2 3 0 0 8 11 63 51 59 13 6 8 7 8 28 10 4 7 7 0 0 11 4 11 9 0 4 0 10 -999 -999 -999
P8374 2006 3 0 0 0 0 0 0 9 5 3 13 11 4 2 0 3 4 22 48 13 0 0 0 0 0 0 0 0 0 0 0 14
P8374 2006 4 9 17 28 0 9 81 114 111 101 105 72 29 12 7 15 8 0 0 0 0 0 0 0 15 15 8 20 11 0 0 -999
P8374 2006 5 0 14 7 10 9 36 30 27 31 25 5 0 0 7 5 0 12 33 31 34 21 10 21 18 19 45 56 43 45 82 33
P8374 2006 6 10 18 10 23 23 39 52 48 5 0 0 0 0 0 0 0 0 0 0 0 0 34 0 0 0 0 0 0 0 0 -999
P8374 2006 7 0 0 0 0 0 0 29 0 0 11 0 0 0 0 0 0 0 0 0 0 0 0 0 0 0 0 0 0 0 0 0
P8374 2006 8 0 0 0 0 0 0 0 0 0 0 0 0 0 0 0 0 0 0 0 0 0 0 0 0 0 0 0 0 0 0 0
P8374 2006 9 0 0 0 0 0 0 19 53 13 22 95 32 19 32 29 22 36 34 13 12 16 24 20 15 0 0 0 0 0 40 -999
P8374 2006 10 15 20 19 51 19 20 0 0 0 0 0 0 0 0 0 0 0 0 0 0 0 0 0 0 0 0 9 26 21 9 28
P8374 2006 11 9 7 0 0 0 13 0 0 0 0 0 0 0 0 0 0 0 4 7 0 0 0 0 0 0 0 0 0 0 0 -999
P8374 2006 12 0 0 0 0 0 0 0 0 0 0 0 10 12 0 0 0 0 0 0 0 0 6 15 48 66 68 60 42 19 34 10
P8374 2007 1 0 0 0 0 0 0 0 0 0 0 9 91 5 9 14 0 0 8 18 58 7 3 0 0 6 16 27 54 69 47 17
P8374 2007 2 0 0 0 9 9 13 22 84 24 0 3 4 19 8 0 0 0 0 0 47 69 37 88 83 20 5 0 0 -999 -999 -999
P8374 2007 3 14 12 20 25 0 0 0 0 0 0 0 0 33 112 112 17 7 10 5 3 3 4 24 50 36 48 8 0 0 16 34
P8374 2007 4 28 12 9 10 10 6 14 13 0 0 0 0 0 0 0 16 7 6 52 8 6 15 56 50 18 24 20 8 8 5 -999
P8374 2007 5 5 0 0 12 29 53 41 65 30 12 7 13 26 12 19 40 8 9 10 22 17 9 6 10 0 5 6 0 13 27 45
P8374 2007 6 38 18 11 8 0 8 51 90 28 16 8 14 10 0 0 0 0 0 0 0 0 8 0 0 0 0 0 0 0 0 -999
P8374 2007 7 0 0 0 0 0 0 0 0 0 0 0 0 0 0 0 0 0 0 0 0 0 0 0 0 0 0 0 0 0 0 0
P8374 2007 8 0 0 0 0 0 0 0 0 0 0 0 0 0 0 0 0 0 0 0 0 0 0 0 31 0 0 10 14 29 13 0
P8374 2007 9 0 16 19 0 0 49 70 89 77 41 0 0 0 0 0 0 0 0 0 0 0 0 0 0 0 0 0 0 0 0 -999
P8374 2007 10 0 0 0 0 0 0 0 15 8 18 14 22 48 51 48 22 8 41 28 34 20 20 0 0 0 7 42 83 31 7 0
P8374 2007 11 0 0 0 0 0 0 0 0 0 11 77 28 15 0 4 6 0 0 8 7 12 18 30 70 116 98 10 8 6 12 -999
P8374 2007 12 4 4 3 0 0 5 16 13 21 70 30 7 15 16 13 8 34 15 0 10 15 23 16 7 0 0 0 0 0 0 0
P8374 2008 1 0 16 41 39 18 6 7 4 0 0 0 0 6 11 4 14 20 7 13 11 0 0 0 0 0 0 0 0 0 0 0
P8374 2008 2 0 0 0 0 0 5 31 15 4 5 0 0 0 0 7 4 0 0 0 9 4 0 0 6 10 3 4 7 -999 -999 -999
P8374 2008 3 5 7 0 0 0 0 0 9 4 6 13 9 14 8 4 4 4 0 0 0 0 0 7 7 5 7 9 5 6 18 7
P8374 2008 4 4 0 0 0 5 10 74 92 30 10 22 107 78 25 9 20 16 8 27 6 0 0 0 45 25 10 9 0 0 0 -999
P8374 2008 5 14 9 34 29 37 47 37 7 6 9 22 21 8 0 0 0 0 0 8 7 14 21 6 0 0 0 0 0 8 0 0
P8374 2008 6 10 18 24 40 17 9 0 0 0 0 0 0 0 12 0 0 16 26 29 0 0 19 16 0 0 0 14 0 0 0 -999
P8374 2008 7 0 22 46 50 50 49 45 41 10 12 13 21 0 9 10 0 7 19 14 0 0 0 0 0 0 25 19 0 0 0 0
P8374 2008 8 0 36 13 0 0 0 0 0 0 0 0 0 0 0 0 0 0 0 0 0 0 0 0 0 0 0 0 0 0 0 0
P8374 2008 9 0 0 0 0 7 12 0 0 0 0 0 27 76 74 26 16 0 0 0 0 0 0 0 0 0 0 0 0 0 15 -999
P8374 2008 10 32 57 54 19 16 19 12 6 0 0 54 34 10 0 0 43 63 15 8 37 30 20 9 42 13 15 5 4 3 10 14
P8374 2008 11 12 4 4 4 5 18 18 10 29 38 24 24 8 0 9 26 66 20 9 27 4 21 5 7 5 0 0 5 0 0 -999
P8374 2008 12 7 33 68 48 11 6 9 7 15 7 7 4 9 6 0 0 0 0 0 0 8 0 0 0 0 0 0 5 10 0 0
P8374 2009 1 0 0 3 6 3 10 53 52 14 5 18 33 6 27 36 13 6 8 4 4 0 6 18 23 24 14 4 0 4 15 18
P8374 2009 2 6 8 0 0 0 20 0 0 0 0 0 0 0 0 0 0 0 11 32 15 56 59 12 12 13 6 42 49 -999 -999 -999
P8374 2009 3 15 10 38 58 35 11 8 4 5 0 0 0 0 0 0 0 0 0 18 22 0 4 0 0 0 0 30 8 8 4 9
P8374 2009 4 7 0 0 0 0 3 8 0 0 0 0 8 7 11 26 4 0 0 0 34 50 21 0 0 0 0 34 11 0 0 -999
P8374 2009 5 0 0 0 0 0 0 0 0 0 0 0 5 14 0 0 0 6 0 8 28 21 0 38 61 0 0 0 0 0 0 0
P8374 2009 6 0 21 31 64 123 86 51 54 35 21 46 63 44 11 11 12 22 37 33 53 24 33 25 10 0 0 0 0 0 0 -999
P8374 2009 7 0 0 0 0 0 0 0 0 0 0 0 0 0 0 0 0 0 0 0 0 0 0 0 0 0 0 0 0 0 0 0
P8374 2009 8 0 0 0 0 0 0 0 0 0 0 0 0 0 0 0 0 0 0 0 0 0 0 0 0 0 0 0 0 0 0 0
P8374 2009 9 0 0 0 85 93 77 84 58 34 0 0 0 0 0 0 0 0 0 0 0 41 36 23 45 40 44 45 0 0 0 -999
P8374 2009 10 0 0 0 21 40 46 19 15 10 0 0 0 0 0 29 0 0 0 0 0 0 25 23 33 0 0 0 0 0 0 0
P8374 2009 11 0 0 0 0 0 0 0 14 12 8 20 25 5 0 0 9 11 0 3 5 6 0 7 0 0 0 0 0 4 12 -999
P8374 2009 12 23 6 7 4 0 0 9 8 4 0 7 12 0 0 0 0 15 15 9 0 0 0 0 0 0 14 11 5 3 0 0
P8374 2010 1 0 0 0 0 0 0 0 0 0 0 0 4 0 0 6 11 51 50 22 23 15 0 0 0 0 0 0 0 0 0 0
P8374 2010 2 0 0 0 0 0 0 0 0 0 0 0 0 0 0 0 0 0 0 0 0 0 26 18 4 7 0 10 4 -999 -999 -999
P8374 2010 3 10 7 4 0 0 4 13 38 97 63 30 3 0 0 0 0 0 4 7 5 19 15 13 14 25 12 15 11 6 0 0
P8374 2010 4 0 17 26 71 15 29 26 48 11 15 5 9 60 20 0 0 0 0 0 0 26 28 0 23 23 9 0 0 0 0 -999
P8374 2010 5 0 0 0 0 0 0 0 0 0 0 0 0 0 0 13 0 0 0 11 21 41 22 7 6 8 8 13 9 0 0 0
P8374 2010 6 0 0 0 0 0 31 19 17 13 12 23 23 10 12 37 9 11 10 12 25 15 10 7 11 13 0 0 0 0 18 -999
P8374 2010 7 24 36 33 24 0 34 41 0 0 0 0 0 0 39 71 50 0 0 0 0 0 0 0 0 0 0 0 0 0 0 0
P8374 2010 8 0 0 24 0 0 0 0 0 0 0 0 0 0 0 0 0 0 0 0 0 0 0 0 0 0 0 0 0 0 0 0
P8374 2010 9 0 0 0 0 0 0 0 0 0 0 0 0 0 0 0 0 0 0 0 0 0 0 0 0 0 0 0 0 0 0 -999
P8374 2010 10 0 0 0 0 0 0 0 0 0 0 0 0 0 0 28 17 9 0 0 0 0 0 8 0 0 0 30 45 23 0 0
P8374 2010 11 0 0 0 0 0 0 0 0 0 0 0 43 85 15 68 64 16 9 48 22 0 0 0 7 7 0 0 0 0 0 -999
P8374 2010 12 7 15 9 10 9 0 0 0 0 0 0 0 0 0 0 0 0 14 0 0 0 0 0 0 0 0 0 0 0 0 0
P8374 2011 1 0 0 0 0 0 0 0 0 0 0 0 0 17 0 0 0 0 5 25 27 27 26 0 0 0 4 3 0 4 0 7
P8374 2011 2 15 12 14 19 0 0 0 2 3 4 10 5 5 6 3 3 4 5 8 11 4 0 0 4 11 57 18 19 -999 -999 -999
P8374 2011 3 42 33 21 8 19 43 72 15 34 34 10 7 18 22 5 15 8 7 0 4 0 0 0 8 6 3 0 0 4 0 0
P8374 2011 4 4 18 5 8 0 0 0 0 0 0 12 7 11 4 0 0 6 0 0 0 0 0 0 6 0 7 8 5 0 0 -999
P8374 2011 5 0 0 0 0 0 0 0 19 16 8 0 10 8 24 8 6 0 0 0 0 0 0 7 10 0 10 23 23 0 0 0
P8374 2011 6 0 0 0 0 0 0 9 8 0 0 0 0 0 8 0 0 0 0 0 0 26 31 0 0 34 29 31 11 0 0 -999
P8374 2011 7 23 39 39 0 18 31 8 0 26 15 11 0 0 0 0 0 0 0 0 0 0 0 23 0 0 0 0 0 0 0 0
P8374 2011 8 0 0 0 0 0 0 0 0 0 0 0 0 0 0 0 0 0 0 0 0 0 0 0 0 0 0 0 0 0 0 0
P8374 2011 9 0 0 0 31 29 0 0 0 0 0 0 0 0 0 0 7 9 8 7 0 0 0 0 18 18 38 38 0 0 0 -999
P8374 2011 10 0 0 0 0 11 8 10 56 106 36 6 10 0 7 9 0 0 7 9 57 34 39 8 6 9 8 5 0 0 19 75
P8374 2011 11 14 8 65 62 7 4 6 0 0 0 0 13 21 13 0 0 0 0 0 0 0 0 0 9 36 31 9 6 9 4 -999
P8374 2011 12 0 6 16 5 0 0 0 0 0 0 0 0 0 7 6 12 17 16 0 0 0 0 0 0 0 0 18 69 43 10 0
P8374 2012 1 14 8 12 18 44 77 49 8 4 3 10 51 67 24 5 4 5 6 26 16 28 11 37 33 7 0 0 17 12 7 0
P8374 2012 2 0 0 0 4 0 0 0 0 0 4 6 6 10 13 0 0 40 28 11 0 0 0 4 7 5 20 19 8 -999 -999 -999
P8374 2012 3 0 0 0 0 0 0 0 0 0 0 0 0 16 37 3 6 6 5 44 23 0 0 0 10 17 5 13 15 5 0 0
P8374 2012 4 0 0 0 0 0 0 0 0 0 0 0 0 0 0 0 0 0 0 0 0 0 0 0 0 0 0 0 43 21 0 -999
P8374 2012 5 0 17 19 0 0 0 0 0 0 115 116 127 145 129 81 41 21 0 16 17 0 0 0 0 25 40 41 35 51 71 19
P8374 2012 6 5 0 0 0 28 50 11 24 15 10 15 0 0 0 0 0 0 0 0 0 0 0 26 18 29 32 0 0 0 0 -999
P8374 2012 7 0 0 0 0 0 0 0 0 0 20 0 0 0 0 0 0 0 0 0 0 0 0 0 0 0 0 0 0 0 0 0
P8374 2012 8 0 0 0 0 0 0 0 0 0 0 0 0 0 0 11 11 8 0 0 0 0 0 16 10 0 10 14 22 26 0 0
P8374 2012 9 0 0 0 0 0 0 0 0 0 0 0 0 0 51 107 113 71 0 0 0 0 0 0 0 0 0 0 0 0 36 -999
P8374 2012 10 31 0 0 0 24 27 0 0 0 38 86 27 7 6 0 0 0 0 0 0 10 28 31 53 59 17 7 0 0 13 24
P8374 2012 11 15 0 0 0 0 15 9 0 0 0 8 4 10 20 6 0 6 9 0 0 0 0 0 0 0 0 0 0 0 0 -999
P8374 2012 12 7 20 8 6 7 24 10 4 0 0 0 0 0 0 0 0 0 0 4 4 8 13 24 15 5 3 0 0 0 0 0
P8374 2013 1 0 0 3 0 0 0 3 4 0 0 0 0 6 14 17 38 5 8 0 0 4 3 18 8 15 22 51 44 16 6 6
P8374 2013 2 3 4 3 90 22 49 79 96 64 14 5 3 0 0 3 6 21 8 4 7 0 0 21 17 47 53 98 92 -999 -999 -999
P8374 2013 3 71 8 3 0 0 0 0 6 12 30 30 32 17 18 20 12 0 0 16 0 0 0 0 0 0 0 0 0 0 15 17
P8374 2013 4 23 30 12 12 18 43 56 27 4 7 8 0 0 0 0 17 22 36 47 53 105 154 102 29 17 24 32 25 42 54 -999
P8374 2013 5 21 28 14 5 4 9 7 0 0 0 0 0 0 9 0 0 0 19 26 13 15 44 46 20 12 10 10 6 4 0 0
P8374 2013 6 6 0 0 0 0 0 0 0 0 0 0 0 0 0 0 0 0 13 26 23 0 0 0 0 0 0 0 0 0 0 -999
P8374 2013 7 0 0 0 0 0 0 0 0 0 0 0 0 0 0 0 0 0 0 0 0 0 0 0 0 0 0 0 0 0 0 0
P8374 2013 8 0 0 0 0 0 0 0 0 0 0 0 0 0 0 0 0 0 0 0 0 0 0 0 0 67 57 0 0 0 0 0
P8374 2013 9 0 0 0 0 0 0 0 0 0 0 0 0 0 0 0 0 0 0 0 0 0 0 0 0 0 0 0 0 0 0 -999
P8374 2013 10 0 0 19 16 0 14 66 8 6 0 25 29 0 0 65 37 16 118 88 22 0 7 14 17 18 0 0 0 0 0 0
P8374 2013 11 0 0 0 0 11 12 0 0 0 0 0 0 6 21 7 5 8 0 0 0 0 0 0 0 0 0 0 0 0 5 -999
P8374 2013 12 18 15 0 12 90 30 17 9 10 84 36 5 0 0 0 0 20 103 46 16 5 0 0 27 0 0 0 0 0 0 0
P8374 2014 1 4 8 50 104 79 42 21 12 12 14 0 0 0 0 0 0 0 0 0 0 4 4 5 5 5 9 0 0 0 33 104
P8374 2014 2 82 131 81 53 21 53 33 59 8 5 0 0 0 0 0 0 0 25 45 33 33 39 20 0 0 0 0 0 -999 -999 -999
P8374 2014 3 0 0 0 0 0 0 0 0 0 0 0 7 14 8 5 43 74 5 0 4 19 98 107 99 58 9 9 6 3 6 5
P8374 2014 4 13 9 0 0 0 0 0 6 12 10 17 23 4 5 0 3 0 0 0 0 0 0 5 0 0 0 0 22 57 57 -999
P8374 2014 5 8 9 0 0 0 0 8 12 41 5 0 16 20 38 19 7 8 45 63 26 13 12 13 11 10 0 0 0 0 0 18
P8374 2014 6 28 31 11 9 26 24 0 0 0 0 0 0 0 0 0 0 0 0 0 0 0 0 0 0 0 0 0 0 0 0 -999
P8374 2014 7 0 0 0 0 0 0 0 0 0 0 19 13 0 0 0 0 0 0 0 0 0 0 0 0 0 0 28 39 26 0 0
P8374 2014 8 0 16 14 15 19 0 0 29 30 0 0 0 0 0 0 0 0 0 0 0 0 0 0 0 0 0 0 0 0 49 59
P8374 2014 9 52 27 42 0 0 14 0 0 0 0 0 0 0 0 25 76 65 77 70 50 17 0 0 0 0 11 0 0 0 0 -999
P8374 2014 10 0 16 46 9 5 6 0 0 0 0 0 0 0 0 0 0 0 0 0 0 0 11 41 10 10 0 0 0 0 0 0
P8374 2014 11 0 11 12 11 0 0 11 21 38 12 0 0 11 8 0 0 0 0 0 19 15 24 17 4 9 24 16 42 23 9 -999
P8374 2014 12 5 5 0 0 0 0 0 7 6 0 0 0 0 3 0 7 12 24 23 26 49 7 0 11 15 0 0 13 5 0 0
P8374 2015 1 0 0 0 0 0 0 0 0 0 0 0 0 0 0 0 6 5 0 4 0 7 6 0 0 0 28 74 18 5 5 6
P8374 2015 2 21 18 9 0 4 6 5 0 13 27 44 94 13 19 32 31 21 62 103 87 55 7 10 0 0 0 0 0 -999 -999 -999
P8374 2015 3 18 14 36 71 60 102 80 27 0 0 0 13 21 30 53 26 19 0 27 113 27 32 55 107 134 138 100 18 0 0 5
P8374 2015 4 11 16 6 4 7 14 58 17 8 18 41 30 18 16 19 22 9 4 15 7 5 5 11 19 13 0 0 0 0 0 -999
P8374 2015 5 0 18 16 13 36 29 7 0 0 9 8 6 5 7 6 0 0 0 0 0 0 0 0 31 28 34 27 0 0 0 0
P8374 2015 6 0 0 34 30 50 69 34 12 0 0 0 0 0 0 0 0 0 0 0 0 0 0 0 27 0 0 28 33 28 21 -999
P8374 2015 7 12 0 0 0 0 0 0 0 0 0 0 0 0 45 40 0 0 0 0 0 0 0 0 0 0 0 0 0 0 0 0
P8374 2015 8 0 0 0 0 0 0 0 0 0 30 12 0 12 0 10 0 0 0 0 0 0 0 0 0 0 0 0 0 0 0 0
P8374 2015 9 0 0 0 0 0 48 56 37 16 0 0 0 0 0 0 0 26 47 27 14 0 0 0 10 0 0 15 14 0 9 -999
P8374 2015 10 18 0 7 0 0 0 0 0 0 20 62 126 21 8 41 32 58 68 56 23 13 29 7 0 0 13 30 12 8 4 5
P8374 2015 11 0 0 0 0 0 0 0 0 0 0 0 11 22 5 5 12 0 0 0 0 0 0 0 5 0 0 0 0 0 0 -999
P8374 2015 12 0 0 0 0 0 0 0 0 0 0 0 0 7 6 5 0 0 0 0 0 0 6 0 0 0 14 9 13 6 7 5
P8374 2016 1 4 7 4 5 14 30 16 17 47 15 38 134 133 39 50 27 9 3 7 13 82 47 26 5 6 35 40 38 77 110 52
P8374 2016 2 36 34 25 9 0 7 11 9 42 4 6 5 6 8 15 16 0 0 0 0 0 0 0 0 0 0 0 0 -999 -999 -999
P8374 2016 3 0 4 7 4 0 11 13 10 0 5 6 0 0 0 0 0 0 8 0 0 0 0 11 51 20 29 6 5 0 0 27
P8374 2016 4 19 0 0 12 104 146 41 9 22 19 6 10 15 26 0 0 11 0 0 39 17 0 0 0 0 0 0 24 4 18 -999
P8374 2016 5 86 20 8 6 6 6 5 0 17 18 8 10 7 0 0 0 0 0 0 0 0 0 65 26 25 35 16 27 7 0 0
P8374 2016 6 0 0 0 0 26 29 8 0 0 37 36 38 0 0 0 38 50 0 0 0 0 0 0 24 0 0 33 26 33 8 -999
P8374 2016 7 15 0 0 0 0 0 0 0 0 0 0 0 0 0 0 0 0 0 0 0 0 0 0 0 40 41 0 0 0 0 0
P8374 2016 8 0 0 0 37 26 0 0 0 0 0 0 0 0 0 0 0 0 0 0 0 0 0 0 0 0 0 0 0 0 0 0
P8374 2016 9 0 0 0 0 36 9 0 0 0 0 0 0 0 0 0 0 0 0 0 0 0 0 0 0 0 0 0 0 0 32 -999
P8374 2016 10 22 20 13 0 0 0 0 0 0 0 0 0 0 0 13 15 6 6 9 9 14 48 20 0 0 65 95 32 77 56 6
P8374 2016 11 15 7 0 0 40 72 36 18 11 11 14 0 16 38 19 19 0 0 0 0 0 5 0 0 21 12 0 0 0 0 -999
P8374 2016 12 5 11 5 0 0 0 0 0 0 10 18 8 4 11 38 0 0 0 3 17 0 13 8 0 0 0 0 0 0 17 41
P8374 2017 1 18 0 7 84 103 19 3 4 3 4 24 94 9 4 5 14 26 0 0 0 10 14 8 0 0 9 11 22 22 0 0
P8374 2017 2 0 0 0 5 6 9 0 0 5 7 8 4 3 3 51 32 5 3 10 46 20 83 10 5 4 9 85 107 -999 -999 -999
P8374 2017 3 30 25 30 13 56 139 82 38 33 44 40 62 53 28 30 29 36 37 29 29 11 18 10 3 6 0 7 4 20 16 14
P8374 2017 4 48 30 35 37 20 5 17 108 15 14 104 136 89 23 7 12 13 12 37 67 8 6 16 11 13 31 15 18 25 23 -999
P8374 2017 5 12 21 4 0 5 4 18 30 16 7 19 9 0 0 20 17 4 5 4 0 0 9 15 0 22 8 0 0 0 0 0
P8374 2017 6 15 24 19 10 6 20 12 30 52 11 0 0 0 38 49 26 0 0 0 0 0 0 0 0 0 0 17 19 0 0 -999
P8374 2017 7 0 0 27 11 7 0 0 0 0 0 0 0 0 0 0 0 0 0 0 0 0 11 13 37 18 0 0 0 0 0 0
P8374 2017 8 0 0 0 0 0 0 0 0 0 18 39 25 0 0 0 0 0 0 0 8 15 19 0 0 0 0 0 0 0 57 108
P8374 2017 9 49 0 15 0 0 11 14 17 20 0 0 0 0 0 0 0 0 0 0 0 0 0 0 0 17 16 36 52 13 16 -999
P8374 2017 10 60 16 12 31 79 32 18 16 26 94 14 0 0 31 13 0 0 0 0 0 0 6 8 0 0 0 58 50 11 8 0
P8374 2017 11 0 15 13 0 7 36 8 0 6 9 10 21 0 0 0 18 12 8 11 7 0 0 0 4 13 5 0 0 0 0 -999
P8374 2017 12 4 13 27 34 36 8 0 0 0 0 0 3 5 11 6 17 23 13 7 0 0 33 8 0 0 0 6 6 28 31 10
P8374 2018 1 6 0 0 0 0 0 0 0 0 0 0 0 0 0 0 0 0 6 0 0 0 0 0 0 10 21 52 127 6 0 30
P8374 2018 2 55 95 57 78 21 16 9 7 8 5 0 6 26 88 107 79 24 11 17 0 0 0 0 0 0 0 32 80 -999 -999 -999
P8374 2018 3 73 67 48 46 45 29 44 18 28 0 0 36 14 0 0 6 10 13 10 35 43 9 7 7 9 9 38 20 10 15 21
P8374 2018 4 5 8 12 15 7 0 0 0 0 0 9 11 61 18 9 16 34 12 6 0 0 0 4 3 9 37 23 15 34 47 -999
P8374 2018 5 35 30 51 108 28 7 8 0 6 0 5 4 4 18 4 0 17 34 43 21 12 0 7 10 0 0 0 0 0 7 0
P8374 2018 6 0 16 10 0 0 0 0 13 23 0 0 0 0 0 0 0 0 0 0 0 0 59 33 23 17 0 0 0 24 11 -999
P8374 2018 7 0 10 0 0 0 0 0 0 0 0 0 0 0 0 0 0 0 17 0 0 0 0 0 0 22 15 12 0 0 0 0
P8374 2018 8 0 0 16 0 0 0 0 0 0 0 0 44 36 0 0 0 0 0 0 0 0 0 0 0 0 0 0 0 0 0 0
P8374 2018 9 0 0 0 33 19 19 30 26 28 0 0 0 0 0 0 0 0 0 0 0 0 0 25 24 0 0 0 0 0 0 -999
P8374 2018 10 0 0 0 0 0 0 0 0 0 0 0 0 0 37 0 0 0 0 0 0 38 57 52 102 90 55 36 29 14 13 12
P8374 2018 11 10 0 0 0 0 16 18 13 16 7 0 0 0 0 0 0 9 15 0 0 0 0 0 0 0 15 38 13 3 0 -999
P8374 2018 12 0 0 4 0 0 0 0 0 0 0 0 0 0 0 0 0 0 0 0 0 0 0 0 0 6 9 13 5 7 0 0
P8374 2019 1 0 0 0 10 22 12 11 19 12 17 8 15 13 6 7 0 0 0 0 0 0 0 0 0 5 7 0 0 0 0 0
P8374 2019 2 0 9 0 18 5 20 37 49 11 15 16 12 16 39 6 18 13 4 5 0 0 0 4 37 107 24 8 12 -999 -999 -999
P8374 2019 3 26 53 79 121 35 25 5 0 0 0 0 0 0 0 0 0 0 0 0 3 9 6 8 15 8 11 17 59 47 54 19
P8374 2019 4 6 0 0 0 0 0 0 0 0 0 0 0 7 0 0 0 0 0 0 0 0 0 5 5 3 9 0 0 57 13 -999
P8374 2019 5 21 13 0 6 0 0 10 7 12 17 10 0 12 37 9 8 8 0 0 0 10 0 0 0 11 7 0 8 16 24 0
P8374 2019 6 0 0 0 0 0 24 18 11 0 11 13 29 24 12 0 0 0 0 0 0 30 26 11 0 13 46 72 9 0 0 -999
P8374 2019 7 0 0 0 12 0 0 18 20 14 16 21 0 0 0 0 0 0 0 0 0 0 0 0 0 0 0 0 0 0 0 0
P8374 2019 8 0 0 0 0 0 0 0 0 0 0 0 0 0 0 0 23 67 35 0 0 0 0 0 9 0 0 0 0 0 34 49
P8374 2019 9 35 0 0 27 27 0 0 55 42 0 0 37 61 27 13 20 0 20 0 0 0 0 0 91 103 83 45 0 0 0 -999
P8374 2019 10 0 0 9 41 33 14 33 25 23 27 0 0 0 0 0 0 0 28 28 21 16 31 19 7 14 9 5 5 0 0 0
P8374 2019 11 6 16 4 0 8 38 8 5 3 0 0 0 0 0 0 0 0 0 0 0 0 0 0 0 0 6 28 66 27 30 -999
P8374 2019 12 12 0 0 0 0 0 0 0 0 0 0 0 5 4 5 15 8 6 37 83 109 89 29 16 6 3 4 0 0 0 4
P8374 2020 1 9 4 7 17 39 17 13 0 0 0 0 0 0 0 0 0 0 0 0 0 4 16 35 11 46 5 0 3 17 26 57
P8374 2020 2 67 13 10 5 6 25 5 4 13 14 0 0 0 0 21 80 117 120 87 54 46 15 13 49 25 26 11 6 -999 -999 -999
P8374 2020 3 0 0 0 0 0 0 0 0 0 0 0 0 0 0 15 16 15 18 7 4 4 6 6 31 32 18 6 3 3 6 4
P8374 2020 4 4 0 0 0 0 22 6 16 113 108 84 59 24 34 7 0 0 0 0 0 11 36 31 51 56 33 14 12 8 12 -999
P8374 2020 5 90 127 85 27 23 13 17 25 9 8 6 9 10 0 0 0 0 21 0 27 31 41 17 29 20 15 40 48 22 17 31
P8374 2020 6 37 14 12 0 0 16 57 28 12 0 0 0 0 0 0 0 0 0 0 37 0 0 0 0 0 44 69 93 103 48 -999
P8374 2020 7 0 0 0 0 0 0 0 0 0 0 0 0 0 0 0 0 0 0 0 0 0 0 0 0 0 0 0 0 0 0 54
P8374 2020 8 0 0 0 0 0 0 0 29 26 0 0 0 0 0 0 0 0 0 0 0 0 0 0 0 0 0 0 0 0 0 0
P8374 2020 9 0 0 0 0 0 0 24 43 38 19 0 0 0 0 54 57 23 13 0 25 9 0 0 0 0 0 0 0 0 0 -999
P8374 2020 10 0 0 16 106 104 50 28 6 5 10 8 17 21 0 0 0 0 8 7 0 0 0 42 79 18 0 0 33 44 13 0
P8374 2020 11 0 24 8 0 0 0 0 0 0 0 0 0 0 11 17 0 11 34 8 10 23 48 4 0 0 0 0 0 0 0 -999
P8374 2020 12 0 0 0 0 0 0 8 4 0 0 0 0 0 9 0 0 3 0 4 0 0 15 9 0 0 0 3 0 0 0 0
P8374 2021 1 0 3 20 26 15 3 3 0 0 0 0 5 5 4 13 24 15 23 52 24 4 4 5 0 5 7 8 25 5 0 26
P8374 2021 2 84 36 20 7 0 9 3 3 11 6 8 6 0 0 18 10 12 30 8 0 0 0 0 0 7 19 47 60 -999 -999 -999
P8374 2021 3 46 26 46 15 18 47 70 115 135 93 14 5 9 10 24 29 95 95 56 35 14 8 6 8 5 0 0 4 5 4 3
P8374 2021 4 0 5 11 41 22 0 0 0 0 6 6 3 7 0 21 5 8 14 10 12 15 5 0 0 26 66 58 40 25 10 -999
P8374 2021 5 25 11 6 5 9 7 28 29 7 5 7 7 12 9 7 8 8 0 0 10 0 0 0 0 26 14 32 19 42 69 32
P8374 2021 6 29 58 17 7 5 12 28 17 23 19 18 15 16 53 28 0 0 0 0 0 0 0 0 9 13 0 0 0 0 0 -999
P8374 2021 7 0 0 0 0 14 0 0 0 0 0 0 0 0 0 0 0 0 0 0 0 0 0 17 0 0 0 0 0 0 19 15
P8374 2021 8 0 0 0 0 0 0 0 36 44 38 33 24 15 0 0 0 9 10 0 0 10 0 0 0 0 0 0 0 0 15 22
P8374 2021 9 0 0 9 0 0 0 0 0 0 0 0 0 23 46 51 61 13 0 0 0 0 0 0 0 0 42 0 20 24 71 -999
P8374 2021 10 51 19 18 15 5 0 9 0 0 0 0 0 24 38 17 16 14 9 0 13 25 13 0 0 0 61 103 46 8 6 7
P8374 2021 11 12 27 4 0 0 0 0 0 25 8 0 0 0 0 0 0 0 0 0 5 4 8 0 6 0 0 0 0 0 0 -999
P8374 2021 12 0 0 0 0 0 0 0 0 8 0 0 0 0 12 14 56 48 33 26 6 15 13 4 4 4 13 31 17 21 5 9
P8374 2022 1 27 24 17 0 0 0 0 0 0 0 0 0 14 59 73 16 12 11 29 59 34 7 12 18 0 0 0 0 0 0 0
P8374 2022 2 8 9 0 0 0 0 0 0 3 11 5 0 0 0 0 17 31 4 0 0 0 14 9 5 10 0 5 29 -999 -999 -999
P8374 2022 3 4 4 3 0 9 27 11 0 0 0 5 0 0 0 6 13 11 0 0 0 9 16 10 14 14 0 8 30 11 13 12
P8374 2022 4 13 13 58 103 14 24 74 17 10 5 0 0 73 118 58 87 117 68 39 93 82 97 38 65 22 4 0 0 0 0 -999
P8374 2022 5 0 0 0 0 0 0 0 0 0 0 0 0 0 0 0 0 0 0 0 0 10 19 8 0 0 0 0 0 12 30 34
P8374 2022 6 13 16 17 0 0 0 0 0 66 31 62 81 48 0 0 21 0 0 0 0 0 0 0 0 0 0 0 0 0 0 -999
P8374 2022 7 0 0 0 0 0 0 0 0 0 0 0 0 0 0 0 0 0 0 0 26 0 0 0 0 0 0 0 0 0 0 0
P8374 2022 8 0 0 0 0 0 0 0 0 0 0 0 0 0 0 0 0 0 0 0 0 0 0 0 0 0 0 0 0 0 0 0
P8374 2022 9 0 0 0 0 0 0 0 0 0 0 0 0 0 0 0 0 0 0 0 0 0 18 30 98 72 19 33 88 0 0 -999
P8374 2022 10 0 0 0 0 48 74 36 0 18 39 7 5 0 7 14 0 0 0 0 0 31 18 9 0 0 0 0 24 0 0 0
P8374 2022 11 0 0 11 23 11 9 22 6 5 0 0 8 10 14 23 17 12 28 14 4 11 29 22 47 59 0 0 0 0 6 -999
P8374 2022 12 4 8 10 7 0 7 22 7 6 3 0 4 10 0 0 0 0 5 7 9 30 8 0 7 7 6 0 0 21 34 24
P8374 2023 1 0 6 84 100 96 87 121 27 13 16 8 22 16 50 86 15 0 0 16 0 7 5 13 27 14 6 9 0 0 0 0
P8374 2023 2 0 36 29 24 12 0 0 7 0 0 0 11 6 0 5 5 6 0 12 21 53 40 0 0 3 11 3 0 -999 -999 -999
P8374 2023 3 0 0 4 17 6 0 0 0 0 0 0 0 0 0 0 63 64 6 14 6 30 37 5 0 3 0 0 10 12 10 0
P8374 2023 4 0 0 0 0 4 5 5 0 0 5 12 6 0 0 0 19 97 151 164 70 42 63 68 72 37 10 0 0 0 0 -999
P8374 2023 5 3 29 37 67 6 0 14 17 58 27 7 3 0 13 36 62 28 14 11 0 0 21 7 6 8 8 0 0 0 24 19
P8374 2023 6 0 0 8 5 0 0 0 0 0 0 0 33 37 22 72 55 13 11 16 15 0 0 0 0 23 0 0 0 0 0 -999
P8374 2023 7 0 0 0 0 0 0 17 0 0 0 0 23 0 0 0 0 31 41 61 62 16 0 0 0 0 0 0 0 0 0 0
P8374 2023 8 0 0 0 0 0 0 0 0 0 0 0 0 0 0 0 0 0 0 0 0 0 0 0 0 0 0 0 0 0 0 0
P8374 2023 9 0 0 0 0 47 0 0 0 0 0 0 0 0 0 0 0 16 63 42 0 0 0 0 0 0 0 0 0 12 34 -999
P8374 2023 10 104 135 71 23 8 0 0 0 0 15 12 8 7 11 28 23 29 45 65 66 41 21 14 4 0 0 0 0 15 24 15
P8374 2023 11 43 39 0 0 0 0 0 0 0 0 15 30 0 0 0 0 0 0 0 0 8 7 7 0 0 0 0 6 0 0 -999
P8374 2023 12 0 0 10 26 9 0 0 4 13 15 20 19 0 0 0 0 0 0 5 9 10 7 3 5 11 7 0 0 0 0 4
P8374 2024 1 0 0 4 0 0 0 0 0 0 0 0 0 0 0 0 0 0 0 0 0 4 0 0 0 5 0 7 13 18 0 3
P8374 2024 2 4 0 3 5 15 65 9 0 56 123 56 30 9 0 0 0 0 0 0 0 0 0 0 4 0 0 0 0 -999 -999 -999
P8374 2024 3 0 0 0 0 0 0 0 17 43 0 13 107 27 12 50 22 22 20 14 32 32 24 10 9 0 0 10 36 51 38 50
P8374 2024 4 51 36 25 19 41 20 27 56 17 28 17 7 6 14 0 0 8 6 0 0 0 38 83 6 0 0 0 0 4 6 -999
P8374 2024 5 9 10 6 18 65 24 16 14 13 13 10 16 45 36 42 9 5 19 9 0 0 0 6 17 19 21 17 18 19 5 6
P8374 2024 6 0 0 0 0 0 0 0 0 0 0 0 0 0 0 0 0 0 0 0 24 17 0 0 0 0 0 0 0 0 0 -999
P8374 2024 7 0 0 0 0 0 0 0 0 0 0 0 0 0 0 0 0 0 0 0 0 0 0 0 0 0 0 0 0 0 0 0
P8374 2024 8 0 0 0 0 0 0 0 0 0 0 0 0 0 0 0 0 27 0 0 0 0 0 0 0 0 0 0 0 0 0 0
P8374 2024 9 0 0 0 0 0 0 0 0 0 0 0 0 0 6 0 0 0 45 74 32 42 29 17 22 7 0 16 7 25 0 -999
P8374 2024 10 14 12 31 19 15 0 21 8 0 0 0 0 0 0 0 12 0 0 11 0 0 0 0 0 0 7 9 0 4 8 27
P8374 2024 11 41 68 74 37 20 25 19 5 0 0 4 50 58 40 131 75 18 20 4 0 0 0 0 0 0 0 0 18 77 80 -999
P8374 2024 12 36 25 31 9 3 0 3 3 0 0 0 0 0 0 0 0 0 0 0 0 0 7 9 4 0 0 0 0 0 0 0
P8374 2025 1 10 0 0 0 20 63 96 70 15 4 7 14 0 3 7 8 0 4 14 5 0 0 0 0 0 0 0 6 7 4 0
P8374 2025 2 0 6 4 0 0 0 0 9 33 3 8 45 7 0 0 25 0 0 6 5 0 0 0 3 3 11 0 0 -999 -999 -999
P8374 2025 3 0 0 22 11 0 0 0 76 79 65 11 0 0 0 0 0 0 7 0 0 0 0 0 0 0 0 0 0 0 0 0
P8374 2025 4 0 0 0 0 0 7 0 0 0 0 0 0 0 13 36 11 0 81 12 0 0 0 0 10 0 0 0 15 36 22 -999
P8374 2025 5 0 0 9 30 8 6 5 0 0 0 0 8 18 39 12 7 8 12 0 0 4 47 41 16 22 32 15 10 63 10 0
P8374 2025 6 0 0 0 0 11 0 0 0 0 0 11 9 0 0 0 0 0 0 0 0 0 0 0 0 0 0 0 0 0 0 -999
P8374 2025 7 63 57 0 0 0 0 0 0 0 0 0 0 0 0 0 0 0 0 0 0 0 0 0 0 0 0 0 0 0 0 0
P8374 2025 8 0 0 24 14 0 0 0 0 0 0 0 0 0 0 0 0 0 0 0 0 0 0 0 0 0 0 0 0 0 0 0
P8374 2025 9 0 0 0 0 0 0 0 19 16 20 10 0 10 0 0 16 27 28 25 0 0 0 0 14 18 36 30 9 11 8 -999
P8374 2025 10 0 0 0 0 0 0 0 0 0 0 0 0 12 0 17 26 30 46 49 46 73 70 33 5 7 0 0 0 7 10 27
P8374 2025 11 17 48 34 47 52 10 5 38 86 56 21 0 0 31 47 5 0 0 0 0 0 0 0 0 0 0 0 0 0 0 -999
P8374 2025 12 0 0 0 0 0 0 0 7 0 6 3 41 60 4 0 4 5 0 17 51 15 11 65 83 16 15 9 13 11 0 0
P8374 2026 1 0 24 8 0 0 0 0 0 0 0 0 0 0 0 0 0 0 0 0 8 4 0 4 35 19 6 0 0 0 0 0
P8374 2026 2 0 0 0 0 0 0 0 0 19 18 6 3 7 14 4 4 56 72 81 17 15 17 63 11 4 4 0 0 -999 -999 -999
P8374 2026 3 0 0 0 0 13 26 40 32 13 9 0 0 0 20 14 0 0 10 0 0 0 0 63 122 19 18 4 4 10 5 10
P8374 2026 4 11 5 0 5 11 5 6 8 5 10 4 7 19 13 8 9 12 0 0 0 0 0 0 0 0 0 0 0 0 23 -999
P8374 2026 5 47 26 25 25 5 5 0 6 13 7 11 15 20 47 12 5 0 0 0 0 0 0 0 0 0 0 0 0 0 0 0
P8374 2026 6 0 8 0 0 0 0 0 0 0 0 5 5 0 0 0 0 0 0 0 10 22 46 54 39 11 0 0 0 0 0 -999
P8374 2026 7 0 0 0 0 0 0 0 0 0 0 0 0 0 0 0 0 0 21 21 0 0 0 0 0 0 0 0 0 0 0 0
P8374 2026 8 0 0 0 0 0 0 0 0 0 0 0 0 0 0 0 0 0 0 0 0 0 0 0 0 0 0 0 0 0 25 46
P8374 2026 9 49 53 31 15 0 0 0 8 12 12 0 0 0 0 0 0 0 0 31 0 0 39 43 62 55 55 21 15 0 0 -999
P8374 2026 10 0 0 9 10 0 0 0 0 0 0 0 0 0 0 0 0 0 23 9 0 6 12 0 0 0 0 0 0 15 24 21
P8374 2026 11 37 21 13 9 36 29 38 9 13 66 47 35 53 19 14 25 43 7 6 0 0 0 15 41 8 0 6 33 4 0 -999
P8374 2026 12 0 0 0 4 0 0 0 0 0 0 0 4 0 0 9 56 112 50 30 19 29 8 18 7 4 0 0 0 0 0 0
P8374 2027 1 0 0 0 0 13 7 3 7 4 4 25 69 25 20 21 38 39 22 8 18 5 4 3 0 0 8 22 15 13 10 0
P8374 2027 2 0 0 0 0 0 0 0 0 0 0 0 13 69 0 0 0 0 0 0 0 0 8 19 12 0 0 14 9 -999 -999 -999
P8374 2027 3 0 3 4 4 12 9 6 0 0 0 0 0 0 0 0 0 0 12 28 34 67 54 32 54 16 6 9 6 0 0 0
P8374 2027 4 0 0 0 0 0 0 0 0 0 0 0 3 0 14 66 13 4 0 39 27 0 10 17 0 0 0 0 0 0 0 -999
P8374 2027 5 0 37 28 97 81 51 35 0 11 8 23 14 14 26 8 5 8 0 0 3 5 35 35 10 12 26 11 13 12 0 0
P8374 2027 6 0 6 0 23 99 18 12 0 0 0 0 0 0 0 0 0 25 0 0 0 0 10 12 0 0 0 0 0 5 0 -999
P8374 2027 7 0 34 15 7 0 0 0 0 0 0 0 0 0 0 0 0 0 0 0 7 11 0 0 0 0 0 0 0 0 0 0
P8374 2027 8 0 0 0 0 0 0 0 0 0 0 0 0 0 0 49 45 0 0 0 0 0 0 0 0 0 0 0 0 0 0 0
P8374 2027 9 0 0 0 0 0 0 0 0 0 0 0 0 0 0 0 0 0 34 58 42 24 0 0 0 21 20 0 12 0 11 -999
P8374 2027 10 19 0 0 0 0 0 0 0 0 0 0 0 0 17 6 0 14 50 67 0 6 15 66 90 73 19 31 0 0 0 0
P8374 2027 11 0 16 6 6 23 8 4 0 0 0 11 60 45 16 0 0 0 0 0 0 0 0 0 0 0 0 0 0 0 0 -999
P8374 2027 12 0 0 0 0 4 0 0 0 0 0 0 0 0 5 8 19 10 6 7 0 4 0 0 0 0 7 13 6 0 0 0
P8374 2028 1 0 0 0 0 0 0 0 0 0 0 3 5 7 0 0 0 0 57 74 31 0 5 29 33 21 8 9 24 11 0 10
P8374 2028 2 8 18 32 17 14 10 0 0 0 0 0 25 49 8 0 0 12 4 0 6 0 0 20 0 0 0 0 0 -999 -999 -999
P8374 2028 3 0 4 6 0 0 20 4 0 0 0 21 24 56 13 23 11 0 0 0 0 0 0 4 9 8 7 7 4 0 0 0
P8374 2028 4 0 0 0 0 6 5 0 0 0 10 14 4 0 0 0 0 0 0 0 26 77 13 0 0 0 0 0 0 0 0 -999
P8374 2028 5 0 0 0 0 0 0 0 15 20 11 6 40 0 0 0 0 9 0 0 0 33 0 0 52 20 11 4 19 26 9 5
P8374 2028 6 29 27 10 0 19 0 83 65 52 14 10 19 33 10 0 0 17 26 16 23 0 0 0 0 0 0 0 29 114 82 -999
P8374 2028 7 19 12 10 15 0 28 17 7 0 0 11 52 31 17 0 0 0 0 0 0 0 0 0 0 0 0 0 0 0 0 0
P8374 2028 8 17 25 0 0 0 0 0 0 0 0 0 0 0 0 0 0 0 0 0 0 0 0 0 0 0 0 0 0 0 0 0
P8374 2028 9 0 0 0 0 0 0 0 0 0 0 0 0 0 0 0 0 0 0 0 26 24 43 50 24 21 16 0 0 72 44 -999
P8374 2028 10 0 0 0 0 0 0 0 0 0 0 18 29 20 14 19 6 0 6 8 15 0 0 0 0 0 0 0 0 0 0 0
P8374 2028 11 0 0 12 9 25 24 7 0 0 0 0 0 0 0 6 4 0 0 5 4 3 4 0 0 0 0 0 6 0 5 -999
P8374 2028 12 5 5 0 0 0 7 0 0 0 0 0 5 27 62 30 25 67 104 18 7 10 6 7 4 4 8 9 6 3 9 10
P8374 2029 1 4 0 0 8 14 0 0 0 11 16 15 16 26 6 0 0 9 44 100 42 5 0 0 0 0 0 0 0 0 0 6
P8374 2029 2 5 10 8 6 7 2 3 3 0 0 7 0 0 5 0 0 0 0 0 0 5 0 0 0 3 0 0 0 -999 -999 -999
P8374 2029 3 11 15 14 26 72 58 31 10 14 67 20 3 0 4 15 5 0 0 0 10 40 4 9 16 0 0 0 0 0 0 0
P8374 2029 4 0 72 39 22 8 0 14 22 0 0 0 0 0 0 0 18 15 33 21 5 3 0 0 4 0 0 5 18 9 95 -999
P8374 2029 5 43 8 4 7 35 17 30 65 76 16 7 9 0 0 0 0 0 0 0 10 24 9 6 0 0 0 0 0 0 0 0
P8374 2029 6 56 108 106 62 0 0 0 0 0 0 0 0 0 0 0 0 0 0 0 0 0 0 0 0 0 0 0 0 0 0 -999
P8374 2029 7 0 0 0 0 0 0 0 0 0 0 0 0 0 0 32 74 70 0 14 0 0 0 34 0 0 0 0 0 0 0 0
P8374 2029 8 0 0 0 0 0 0 0 0 0 0 0 0 0 0 0 0 0 0 0 0 0 0 0 0 0 33 42 47 30 0 43
P8374 2029 9 59 0 0 0 0 0 0 0 0 0 0 0 0 0 0 0 0 10 9 0 0 16 16 11 25 30 49 31 21 22 -999
P8374 2029 10 9 0 0 0 0 0 0 0 15 17 0 6 30 8 0 0 0 21 14 0 0 0 0 0 0 11 18 22 68 103 35
P8374 2029 11 7 0 0 0 0 0 0 7 0 0 0 0 0 0 0 0 0 8 7 0 0 0 0 31 62 7 0 5 0 5 -999
P8374 2029 12 4 0 0 11 32 10 8 11 30 17 9 0 0 3 10 0 0 6 4 3 4 10 22 33 125 30 22 16 15 14 0
P8374 2030 1 0 0 0 0 0 8 0 11 28 30 33 19 0 9 6 11 19 11 0 0 0 0 0 0 0 0 4 0 27 23 0
P8374 2030 2 0 10 0 11 0 10 4 4 76 71 0 7 5 0 0 0 21 30 17 0 0 3 12 4 0 0 0 0 -999 -999 -999
P8374 2030 3 0 19 17 0 0 0 0 0 0 0 0 0 0 0 0 0 0 0 0 56 9 0 0 22 78 162 136 79 25 26 17
P8374 2030 4 13 32 62 20 24 9 4 5 8 13 9 45 39 28 54 44 18 15 35 118 87 52 37 26 26 59 119 28 8 4 -999
P8374 2030 5 6 5 0 0 8 0 0 0 6 16 35 62 29 20 67 88 33 9 0 0 0 0 0 0 0 0 16 11 15 0 0
P8374 2030 6 0 0 0 0 0 0 0 0 0 0 47 77 83 20 28 38 39 84 39 15 10 7 30 22 9 0 0 0 0 0 -999
P8374 2030 7 0 0 0 0 0 0 0 0 0 0 9 0 0 0 0 0 0 0 0 0 0 0 0 0 0 0 0 0 0 0 22
P8374 2030 8 20 0 20 33 0 0 0 0 0 0 0 0 0 0 0 0 0 0 0 0 0 0 0 0 0 0 45 74 41 30 0
P8374 2030 9 0 0 0 45 0 0 0 0 0 0 0 0 0 0 15 57 96 79 51 15 16 34 45 50 14 31 35 58 32 11 -999
P8374 2030 10 0 0 0 0 0 0 0 29 32 34 66 27 19 26 12 0 0 0 0 52 65 70 35 9 25 12 0 0 18 35 37
P8374 2030 11 16 20 37 12 36 65 31 8 0 0 48 25 11 12 13 7 6 22 28 13 21 26 116 77 10 18 7 5 16 42 -999
P8374 2030 12 0 0 0 0 4 26 11 16 4 6 11 6 8 0 0 0 4 0 7 7 3 3 0 0 0 0 0 6 4 21 16
P8374 2031 1 0 0 0 0 6 28 7 0 10 55 66 34 9 12 59 13 0 0 6 3 0 0 0 5 7 0 0 0 0 3 5
P8374 2031 2 6 9 60 21 3 7 19 8 14 19 12 9 15 17 7 0 12 30 21 13 5 0 0 21 28 13 13 13 -999 -999 -999
P8374 2031 3 31 5 36 30 8 16 36 28 5 11 74 27 9 8 6 3 28 18 5 9 13 9 0 0 0 0 0 0 0 18 27
P8374 2031 4 8 0 16 24 9 10 15 6 10 7 10 12 42 29 14 17 44 29 0 0 0 0 0 0 0 0 0 0 0 8 -999
P8374 2031 5 19 8 23 13 19 19 24 13 8 14 11 0 0 18 29 48 73 81 47 26 10 0 0 0 0 0 26 47 27 10 14
P8374 2031 6 26 24 0 0 0 0 44 22 14 0 0 0 0 0 0 0 0 0 28 0 0 0 0 0 0 0 0 0 0 0 -999
P8374 2031 7 0 0 0 0 0 0 0 0 0 0 8 41 79 46 53 26 8 0 0 0 0 10 10 0 19 32 0 0 0 0 0
P8374 2031 8 0 0 0 0 0 0 0 0 0 14 31 41 36 0 0 16 10 0 0 0 0 0 0 0 0 0 0 0 0 0 0
P8374 2031 9 0 0 0 0 0 0 0 0 0 15 33 32 27 0 0 0 0 0 23 22 15 25 69 82 29 20 44 25 7 0 -999
P8374 2031 10 0 0 0 27 0 0 7 32 26 48 18 18 52 71 53 28 12 13 11 13 16 33 15 0 0 13 0 0 0 0 9
P8374 2031 11 10 0 5 8 7 20 27 14 0 0 0 0 21 19 31 14 5 0 0 15 27 4 3 3 10 8 26 65 8 4 -999
P8374 2031 12 6 15 46 4 8 10 5 13 28 24 0 0 0 0 0 0 0 0 3 12 39 45 54 20 141 12 14 14 3 3 0
P8374 2032 1 0 0 0 6 0 26 15 14 18 9 0 25 47 61 66 60 8 0 0 6 4 4 3 4 5 4 11 0 7 42 22
P8374 2032 2 29 85 71 19 21 5 0 0 0 0 17 35 7 0 0 0 0 0 0 0 0 0 0 0 0 0 0 0 -999 -999 -999
P8374 2032 3 21 21 0 15 9 0 0 0 0 0 4 4 0 4 12 30 5 4 0 0 0 0 0 0 0 0 0 0 0 17 22
P8374 2032 4 16 77 18 28 66 28 21 66 66 8 6 5 0 9 33 18 30 6 12 0 0 0 13 47 76 89 17 0 0 0 -999
P8374 2032 5 0 0 9 46 29 12 8 16 28 19 39 50 44 20 18 14 14 26 42 18 17 6 9 20 16 32 41 43 16 17 34
P8374 2032 6 24 0 0 0 0 18 22 10 0 0 0 0 51 52 36 34 52 23 0 10 12 6 7 22 12 0 0 0 0 0 -999
P8374 2032 7 0 0 37 75 25 0 0 0 0 0 0 0 0 0 0 0 0 0 0 0 0 0 0 0 0 0 0 0 0 0 0
P8374 2032 8 0 0 0 0 0 0 0 0 0 0 0 27 44 34 0 0 0 41 0 0 0 0 56 0 0 0 0 0 0 0 0
P8374 2032 9 0 0 0 0 0 0 0 0 0 0 31 44 9 10 0 16 0 43 48 42 53 42 26 21 0 0 14 10 22 9 -999
P8374 2032 10 10 6 14 61 54 0 0 0 26 18 0 0 10 25 23 15 9 0 0 0 10 14 75 90 13 21 0 8 21 41 5
P8374 2032 11 10 9 6 8 0 0 0 0 0 0 20 8 8 0 0 0 0 0 0 5 0 4 3 4 4 0 8 0 0 20 -999
P8374 2032 12 90 21 5 0 0 0 0 0 0 0 0 0 0 0 0 0 0 0 0 6 0 0 0 0 0 0 0 0 0 0 0
P8374 2033 1 0 5 6 17 64 25 48 13 9 6 0 0 23 46 12 11 10 13 0 0 0 0 0 0 0 0 14 64 39 8 11
P8374 2033 2 0 0 0 0 0 16 23 23 25 22 30 61 53 27 8 0 24 28 0 6 0 2 3 0 14 4 0 0 -999 -999 -999
P8374 2033 3 0 3 4 5 4 3 4 7 4 4 14 108 121 27 0 0 0 0 0 0 0 18 27 7 8 0 0 9 29 8 6
P8374 2033 4 17 7 0 15 139 154 120 54 40 21 44 50 67 47 10 44 113 61 13 4 0 0 64 24 8 4 6 0 11 35 -999
P8374 2033 5 11 12 7 11 0 0 0 0 5 6 7 24 45 95 19 13 10 70 50 9 32 36 6 9 0 0 0 0 0 0 0
P8374 2033 6 0 0 0 0 16 0 0 0 0 33 53 37 99 0 0 0 0 0 0 0 66 53 0 0 0 0 0 18 29 15 -999
P8374 2033 7 0 0 32 0 0 0 0 0 0 0 0 0 0 0 0 0 0 0 0 0 0 0 0 0 0 0 0 14 0 0 0
P8374 2033 8 0 0 0 0 0 0 0 0 0 0 0 0 0 0 0 0 0 0 0 0 0 0 0 0 0 0 0 0 14 60 16
P8374 2033 9 0 15 18 0 0 0 19 27 9 0 0 0 0 43 57 24 0 0 0 0 0 0 0 0 0 0 0 0 20 33 -999
P8374 2033 10 42 22 9 19 87 126 88 81 54 8 14 16 17 0 0 0 0 0 0 0 0 0 0 0 0 6 6 5 6 0 0
P8374 2033 11 0 0 29 46 76 18 0 7 0 0 0 5 0 0 0 0 8 38 28 7 7 11 34 0 0 0 0 0 0 0 -999
P8374 2033 12 0 0 0 0 0 0 0 5 14 0 0 8 12 24 0 0 0 0 0 0 0 0 0 0 0 0 0 0 0 0 0
P8374 2034 1 0 0 9 0 0 3 5 8 12 9 5 39 63 13 10 8 3 0 0 3 0 10 9 0 0 0 0 0 0 0 0
P8374 2034 2 0 0 0 0 0 0 0 0 3 0 16 29 28 16 10 11 36 95 152 66 11 8 0 0 0 6 3 0 -999 -999 -999
P8374 2034 3 0 0 0 18 50 97 39 18 17 0 0 0 12 123 97 22 13 9 9 6 0 0 0 43 98 135 91 17 0 0 0
P8374 2034 4 0 0 10 13 0 0 0 0 0 0 0 0 0 0 0 0 0 0 0 4 49 89 44 13 0 7 25 38 30 15 -999
P8374 2034 5 0 0 0 0 13 0 0 0 0 0 0 0 0 0 0 0 0 0 0 0 0 0 0 0 22 0 0 32 12 30 21
P8374 2034 6 12 13 13 13 19 23 27 31 14 0 0 0 0 0 0 0 0 0 0 0 0 0 0 41 40 0 0 0 0 0 -999
P8374 2034 7 0 0 0 0 0 0 0 0 0 22 14 15 0 10 0 0 0 0 0 0 0 0 0 0 0 0 0 0 25 0 14
P8374 2034 8 0 0 0 24 15 18 0 0 0 0 0 0 0 0 0 0 0 0 0 0 0 0 0 0 0 0 0 41 67 95 75
P8374 2034 9 67 0 0 0 0 0 0 0 0 39 68 26 37 41 26 0 0 0 0 0 0 0 0 46 48 23 0 0 0 52 -999
P8374 2034 10 52 15 0 0 25 30 78 26 0 0 42 42 17 13 0 0 29 21 19 13 0 0 0 0 13 23 13 0 18 0 0
P8374 2034 11 0 0 0 0 0 5 10 6 9 13 0 0 17 19 0 0 0 0 0 0 15 27 62 36 7 5 3 5 4 0 -999
P8374 2034 12 7 4 0 0 0 4 7 3 8 5 6 0 0 0 5 14 7 0 0 0 4 8 4 0 4 4 4 5 4 4 5
P8374 2035 1 9 6 0 5 10 0 0 31 14 11 0 5 6 13 12 5 7 21 0 0 26 72 108 30 22 4 0 0 0 0 0
P8374 2035 2 0 0 13 0 0 0 9 82 8 0 0 0 0 0 0 0 0 0 3 5 7 11 8 24 85 35 9 8 -999 -999 -999
P8374 2035 3 13 3 6 8 0 0 22 112 119 23 7 26 16 51 117 85 48 14 21 30 40 33 22 7 7 16 5 0 10 43 6
P8374 2035 4 19 16 10 0 40 15 4 7 38 13 7 3 4 25 19 0 0 41 21 17 160 136 70 54 34 17 7 8 35 40 -999
P8374 2035 5 28 19 18 0 0 19 19 18 18 19 0 0 0 15 0 0 0 0 0 12 0 32 107 121 77 73 89 81 0 35 73
P8374 2035 6 42 20 0 15 23 18 20 10 13 25 0 0 0 0 0 0 0 0 0 0 0 0 0 0 13 7 0 0 0 0 -999
P8374 2035 7 0 0 0 0 0 0 0 0 0 0 0 0 0 0 0 0 0 0 0 0 0 0 0 0 0 0 0 0 0 0 0
P8374 2035 8 0 0 0 0 0 0 0 0 0 0 0 0 0 0 0 0 0 0 0 0 0 0 0 0 0 0 0 0 0 0 0
P8374 2035 9 0 0 0 0 0 0 0 0 0 0 0 0 0 37 42 23 0 0 0 0 0 0 0 0 51 49 66 76 88 50 -999
P8374 2035 10 0 62 66 60 54 16 0 0 0 0 27 28 52 44 19 31 51 32 0 0 0 13 15 8 0 0 0 0 0 0 0
P8374 2035 11 0 0 0 18 32 38 79 27 0 0 0 0 0 0 0 0 0 0 0 0 0 0 0 0 0 7 0 0 0 0 -999
P8374 2035 12 6 18 25 7 4 5 26 37 6 40 19 9 5 0 0 0 0 0 0 7 8 13 6 0 0 0 0 0 0 0 13
P8374 2036 1 15 7 12 27 14 25 46 88 104 59 17 6 7 7 4 4 5 5 5 7 7 5 4 4 0 0 0 5 5 0 0
P8374 2036 2 5 3 5 0 0 0 4 7 0 8 10 15 22 94 99 68 10 21 0 0 0 0 0 0 0 0 0 0 -999 -999 -999
P8374 2036 3 0 44 32 7 9 3 0 0 0 0 0 0 0 0 12 18 0 0 0 0 0 0 6 8 20 20 44 54 20 20 35
P8374 2036 4 42 17 25 25 10 7 5 0 0 4 4 0 0 0 0 0 0 0 0 0 0 0 0 0 6 4 5 7 0 5 -999
P8374 2036 5 0 0 12 16 36 12 6 0 0 10 14 14 57 34 25 44 70 16 4 0 0 0 0 0 15 18 0 0 9 19 24
P8374 2036 6 25 66 121 111 109 57 0 0 0 0 0 0 0 0 18 0 22 19 21 20 11 0 0 0 19 0 0 0 0 0 -999
P8374 2036 7 0 0 0 0 0 0 0 0 0 0 0 0 0 0 0 0 0 0 0 0 0 0 0 0 0 0 0 0 0 0 0
P8374 2036 8 0 0 19 0 0 0 0 0 0 0 0 0 0 0 0 0 0 0 0 0 0 0 0 0 0 0 0 0 0 0 0
P8374 2036 9 0 0 0 0 0 0 0 67 35 0 0 0 0 0 0 0 0 0 0 0 0 0 0 0 0 0 0 0 0 0 -999
P8374 2036 10 0 13 10 17 0 7 7 0 0 0 0 14 0 0 20 36 9 8 0 0 0 0 0 0 0 0 16 24 0 0 36
P8374 2036 11 42 35 18 6 5 10 4 5 12 5 4 0 0 22 30 61 45 14 0 0 46 91 0 0 0 0 10 13 4 0 -999
P8374 2036 12 0 0 0 4 7 7 5 0 0 0 0 0 8 7 0 0 0 0 0 0 0 0 0 0 0 11 7 3 4 0 0
P8374 2037 1 0 0 0 0 0 0 0 0 0 26 17 6 5 5 0 0 0 0 11 13 0 10 63 14 16 4 9 9 42 8 0
P8374 2037 2 8 36 54 93 69 39 36 68 51 34 28 0 0 0 9 0 0 8 0 0 0 0 0 0 0 0 8 23 -999 -999 -999
P8374 2037 3 12 4 0 0 0 0 0 0 0 0 0 0 0 0 36 108 21 37 75 92 28 25 20 6 0 0 6 8 5 0 0
P8374 2037 4 9 33 28 63 40 9 16 7 11 8 4 0 0 6 17 45 47 67 13 16 28 37 74 76 90 66 7 0 0 16 -999
P8374 2037 5 10 0 0 0 0 0 8 17 12 46 32 29 11 9 15 9 0 15 23 7 7 7 11 11 36 116 36 7 5 0 0
P8374 2037 6 0 0 0 0 0 44 34 35 39 11 0 0 0 52 31 18 11 12 13 14 20 0 0 0 0 0 0 0 0 0 -999
P8374 2037 7 0 0 0 0 21 0 0 0 0 0 0 0 0 0 0 0 0 0 0 0 0 0 0 0 0 0 0 0 0 0 0
P8374 2037 8 0 0 0 0 0 0 0 0 0 0 0 0 0 0 0 0 0 0 0 0 0 0 0 0 0 0 0 0 0 0 0
P8374 2037 9 0 0 0 0 0 0 0 0 0 0 0 0 0 0 0 14 31 48 10 0 0 28 0 0 0 0 0 0 0 0 -999
P8374 2037 10 17 41 0 0 0 0 0 0 12 0 0 54 7 0 0 0 0 10 44 40 17 0 0 0 12 15 0 0 0 0 0
P8374 2037 11 0 0 0 0 0 0 0 15 29 11 12 18 14 8 9 4 0 0 0 0 33 45 5 10 23 0 5 12 17 11 -999
P8374 2037 12 89 53 13 14 11 23 16 9 30 26 20 33 7 6 0 3 3 17 101 68 11 0 24 19 0 0 0 0 0 0 0
P8374 2038 1 0 8 0 0 17 9 6 3 0 0 0 0 0 0 8 12 21 19 0 0 0 0 0 5 6 7 24 7 0 7 8
P8374 2038 2 0 0 0 0 24 51 12 0 0 0 0 0 0 0 0 0 0 0 6 0 0 0 0 8 10 0 0 0 -999 -999 -999
P8374 2038 3 14 12 16 16 36 106 19 11 25 19 11 0 8 0 0 0 0 0 49 79 35 10 0 0 0 6 3 0 0 4 8
P8374 2038 4 6 0 11 22 24 0 0 0 30 27 8 14 80 116 41 16 0 0 0 0 0 0 0 10 29 93 122 94 54 49 -999
P8374 2038 5 47 37 11 6 11 10 15 11 0 0 0 0 0 0 0 0 40 71 35 47 89 108 41 11 29 39 31 23 28 12 13
P8374 2038 6 30 25 22 23 0 0 0 0 0 0 0 0 0 0 0 44 49 81 76 60 55 73 75 74 62 39 0 0 0 0 -999
P8374 2038 7 0 0 0 0 0 0 0 64 0 0 0 0 0 0 0 0 0 0 0 0 0 0 26 0 0 0 0 0 0 0 0
P8374 2038 8 0 0 0 0 0 0 0 0 0 0 48 62 60 48 0 0 0 0 0 0 0 52 58 67 49 34 0 0 0 0 0
P8374 2038 9 0 0 0 0 0 0 0 0 0 0 0 0 0 0 0 0 0 0 0 18 21 25 0 21 37 45 30 0 0 0 -999
P8374 2038 10 0 0 0 0 0 0 0 0 0 0 0 0 0 8 0 0 0 0 0 22 25 39 37 64 0 0 0 0 0 10 9
P8374 2038 11 58 78 66 32 0 0 0 14 13 8 8 15 15 6 55 113 9 31 38 6 4 0 0 0 0 0 0 0 9 10 -999
P8374 2038 12 11 5 19 33 86 114 32 10 7 8 29 16 15 0 0 6 9 0 8 5 9 0 0 0 0 0 0 0 0 0 0
P8374 2039 1 0 0 0 0 6 19 73 37 5 8 0 0 0 0 0 0 29 8 21 83 56 23 5 5 5 13 18 21 15 8 24
P8374 2039 2 77 67 7 4 6 0 7 16 8 20 61 23 12 6 11 14 7 14 20 6 0 0 4 8 9 25 7 0 -999 -999 -999
P8374 2039 3 0 2 0 0 0 0 0 0 6 15 6 44 17 8 24 75 20 7 17 74 26 31 9 0 0 6 6 9 0 0 0
P8374 2039 4 0 0 0 0 0 0 0 0 0 0 0 0 0 0 8 31 4 0 0 10 14 49 20 5 5 0 0 0 0 0 -999
P8374 2039 5 0 0 0 0 0 0 0 0 0 0 0 0 0 0 0 14 61 38 19 13 15 12 15 20 17 6 0 8 0 0 0
P8374 2039 6 0 14 28 34 31 35 17 0 0 0 0 32 35 22 16 0 0 0 0 0 0 0 16 10 0 0 10 55 46 12 -999
P8374 2039 7 0 0 0 0 0 0 0 0 0 0 0 51 0 0 0 0 0 0 0 0 0 0 0 0 0 0 0 49 60 29 0
P8374 2039 8 0 13 39 44 0 0 0 12 0 0 0 0 0 0 0 0 0 15 19 0 0 0 0 0 0 37 37 37 0 0 0
P8374 2039 9 0 0 0 0 63 0 0 37 42 37 30 0 0 0 0 0 0 0 0 27 0 0 0 0 0 0 0 0 0 0 -999
P8374 2039 10 0 0 0 0 0 0 0 0 0 0 0 0 23 83 28 35 7 15 0 5 8 6 7 9 10 12 41 46 77 120 95
P8374 2039 11 40 27 0 0 0 0 0 0 0 57 68 80 77 19 6 14 14 15 12 44 99 12 11 11 0 0 0 13 9 0 -999
P8374 2039 12 0 0 7 14 0 0 0 0 17 5 0 10 17 0 0 0 0 0 0 5 8 4 0 0 13 7 0 23 9 4 0
P8374 2040 1 0 0 0 0 10 9 4 9 7 0 0 10 4 6 6 12 23 6 4 11 23 0 0 0 0 0 0 0 0 0 0
P8374 2040 2 0 0 0 44 47 25 3 3 0 0 12 0 5 8 5 8 7 13 19 7 18 5 8 0 0 0 0 0 -999 -999 -999
P8374 2040 3 0 0 0 0 0 0 0 0 0 0 0 0 0 11 7 0 0 0 11 0 0 0 41 62 81 55 14 5 10 29 9
P8374 2040 4 0 14 71 62 31 8 10 7 0 0 0 0 7 0 0 0 30 7 0 0 0 17 30 10 13 73 69 9 9 0 -999
P8374 2040 5 7 5 19 37 35 32 14 0 7 10 8 0 0 0 0 9 0 0 5 0 7 16 22 0 0 0 0 0 0 0 0
P8374 2040 6 0 11 0 0 0 0 0 10 0 0 43 43 44 38 0 0 0 0 0 0 0 0 0 0 0 0 0 0 0 0 -999
P8374 2040 7 0 0 0 0 0 0 0 0 0 12 11 0 0 0 0 0 0 0 0 0 0 0 0 0 0 0 0 0 0 0 0
P8374 2040 8 0 0 0 0 0 0 0 0 0 0 0 0 0 0 0 0 0 0 0 0 0 0 0 0 0 0 0 0 0 0 0
P8374 2040 9 56 60 43 0 0 0 0 0 0 0 0 0 0 0 0 34 16 18 17 0 0 20 19 0 0 33 91 83 40 36 -999
P8374 2040 10 11 13 0 0 0 0 0 0 0 0 0 0 0 0 0 0 0 29 76 55 20 12 0 0 0 0 0 0 0 0 0
P8374 2040 11 19 12 12 41 14 13 53 43 88 44 8 8 16 28 29 18 12 0 7 0 0 0 0 0 19 52 32 13 0 0 -999
P8374 2040 12 7 8 0 0 30 26 0 11 8 24 62 87 139 65 16 6 0 0 0 45 43 23 28 49 13 0 0 14 27 8 11
P8374 2041 1 63 31 4 14 0 0 0 5 75 57 53 24 19 8 6 0 0 0 0 10 35 37 87 71 102 97 81 110 59 10 0
P8374 2041 2 0 0 0 0 0 16 11 31 8 9 13 3 4 7 6 0 0 0 21 16 14 64 7 8 50 14 8 6 -999 -999 -999
P8374 2041 3 12 27 37 0 5 3 4 4 6 16 7 12 35 5 52 6 0 16 86 50 6 6 13 28 5 6 39 29 12 9 35
P8374 2041 4 6 6 11 11 0 0 6 22 34 20 11 6 10 7 10 5 6 22 32 18 16 7 0 8 66 95 33 0 0 0 -999
P8374 2041 5 0 0 0 10 20 17 11 0 0 23 43 50 26 29 28 25 76 140 141 136 139 114 94 46 16 10 14 43 20 13 38
P8374 2041 6 45 8 0 8 8 0 0 21 0 0 0 0 0 0 0 0 0 0 14 0 0 0 34 42 27 0 0 0 0 0 -999
P8374 2041 7 0 0 0 11 16 0 0 0 0 38 41 8 0 0 0 24 0 0 13 15 0 0 0 0 0 22 22 28 0 0 0
P8374 2041 8 0 0 0 0 0 0 0 0 0 0 0 0 52 65 60 0 0 0 0 40 63 66 65 67 74 28 0 0 18 22 22
P8374 2041 9 16 0 0 0 0 0 0 0 0 0 0 0 0 0 0 0 0 0 0 0 0 0 20 0 30 14 0 0 0 0 -999
P8374 2041 10 0 25 40 23 26 14 0 0 0 0 30 52 0 0 0 0 0 0 0 0 0 0 0 0 0 0 8 0 0 11 10
P8374 2041 11 0 5 0 0 9 11 0 0 0 0 14 21 16 18 23 24 33 9 8 6 11 86 46 6 38 17 4 6 3 0 -999
P8374 2041 12 2 4 5 4 34 84 42 13 0 0 0 7 0 9 9 30 48 65 34 10 33 8 13 35 19 0 6 5 15 0 0
P8374 2042 1 0 0 0 4 0 0 29 48 5 12 6 0 0 0 19 0 0 9 44 19 5 0 0 0 6 9 10 0 0 0 0
P8374 2042 2 7 26 5 0 0 0 0 0 0 0 0 0 0 0 0 0 0 0 0 0 0 0 0 17 30 14 10 0 -999 -999 -999
P8374 2042 3 0 0 0 0 4 6 0 0 0 0 0 0 0 9 0 0 0 0 29 137 87 33 8 6 4 4 4 0 0 0 7
P8374 2042 4 56 15 0 0 6 9 71 12 22 4 8 9 7 5 10 7 9 9 0 29 108 139 117 101 123 159 140 60 15 22 -999
P8374 2042 5 43 10 37 16 8 4 0 5 13 47 42 19 14 0 0 0 0 6 9 0 0 0 0 0 0 32 42 15 10 19 33
P8374 2042 6 33 22 20 35 28 21 17 18 0 0 0 0 0 0 0 0 0 0 0 0 0 0 0 0 0 0 0 0 0 0 -999
P8374 2042 7 0 0 0 0 0 0 0 0 0 0 0 0 0 0 0 20 0 0 0 18 35 46 14 10 15 12 0 0 0 19 0
P8374 2042 8 0 0 0 0 26 0 0 0 0 0 0 0 0 0 0 0 0 0 0 0 0 0 0 0 0 0 0 0 0 0 0
P8374 2042 9 0 59 52 48 79 0 0 0 0 0 0 0 0 0 0 0 0 0 0 28 23 0 0 0 0 0 0 0 0 0 -999
P8374 2042 10 0 0 0 0 9 11 0 0 0 0 0 11 43 99 68 51 16 0 6 11 29 22 10 9 0 0 0 0 0 0 0
P8374 2042 11 0 0 0 0 0 0 0 9 7 0 0 0 0 0 0 0 0 0 0 10 12 13 8 0 0 4 0 0 0 8 -999
P8374 2042 12 6 0 0 0 42 25 12 6 6 5 0 0 0 0 16 27 0 29 11 6 7 0 0 7 45 20 6 0 0 0 0
P8374 2043 1 0 8 9 8 0 6 39 24 0 0 0 0 6 4 8 4 3 9 0 11 22 7 5 8 11 4 0 0 0 12 23
P8374 2043 2 7 0 0 0 8 28 28 7 0 0 0 5 9 21 40 0 0 0 0 0 0 8 6 0 0 5 9 0 -999 -999 -999
P8374 2043 3 0 0 11 17 12 5 0 10 100 41 27 5 0 0 0 0 0 0 0 6 6 12 91 71 20 19 5 0 0 0 0
P8374 2043 4 0 8 4 7 6 0 0 0 0 0 25 48 17 0 20 14 69 87 25 40 40 9 0 0 0 0 0 0 0 0 -999
P8374 2043 5 0 0 31 83 41 0 0 20 39 0 0 70 0 0 0 0 0 0 0 91 138 130 128 121 50 0 0 14 0 0 20
P8374 2043 6 11 10 9 32 20 15 11 18 16 13 0 0 0 0 0 0 0 0 0 0 0 0 0 0 0 0 22 46 0 0 -999
P8374 2043 7 0 0 0 0 0 0 0 0 0 0 0 0 0 0 0 0 0 0 0 0 0 0 0 0 0 0 0 0 0 0 0
P8374 2043 8 0 0 0 0 0 0 0 0 0 0 0 0 0 0 0 0 0 0 0 0 0 0 0 16 31 41 37 12 36 31 15
P8374 2043 9 14 0 0 0 0 0 0 0 0 0 0 0 25 46 34 36 41 0 0 0 0 0 0 0 0 0 0 8 9 0 -999
P8374 2043 10 0 27 0 0 0 0 56 43 62 56 35 5 9 0 0 20 19 15 38 0 0 0 0 0 0 25 30 10 16 33 0
P8374 2043 11 0 0 0 0 0 0 0 0 0 0 0 41 29 64 22 0 0 0 0 0 0 4 4 4 0 5 13 10 9 10 -999
P8374 2043 12 7 5 13 0 0 0 0 0 0 0 0 21 6 6 14 22 4 0 10 45 12 0 0 0 0 0 7 0 3 5 4
P8374 2044 1 0 0 0 0 0 0 8 0 0 4 0 0 0 0 0 5 5 7 26 49 8 0 5 0 0 0 0 13 66 12 0
P8374 2044 2 0 0 0 0 0 14 29 6 0 0 0 7 51 0 0 0 0 0 0 0 0 0 0 18 46 25 60 62 -999 -999 -999
P8374 2044 3 30 16 6 20 28 7 7 6 10 8 6 9 0 0 0 0 5 52 75 17 11 8 6 0 11 19 14 53 12 7 33
P8374 2044 4 7 14 34 56 12 0 0 0 0 0 0 0 0 8 7 0 5 0 0 0 0 0 0 0 0 0 0 5 0 0 -999
P8374 2044 5 0 0 4 4 0 14 9 8 90 46 19 0 0 0 30 23 7 9 53 139 69 25 9 0 0 0 0 0 0 0 95
P8374 2044 6 84 18 0 0 0 0 0 11 0 0 0 0 0 0 0 0 0 0 0 0 6 9 21 25 33 20 17 0 0 25 -999
P8374 2044 7 0 0 0 0 0 0 0 0 0 0 0 0 0 0 0 0 8 0 11 0 0 0 0 0 47 0 0 0 0 0 0
P8374 2044 8 0 0 0 0 0 0 0 0 0 0 0 0 0 32 26 0 0 0 32 32 24 11 0 0 0 0 0 0 0 0 0
P8374 2044 9 0 0 0 0 0 0 0 0 0 0 0 0 0 0 0 0 0 0 0 0 0 0 0 0 32 38 22 0 0 0 -999
P8374 2044 10 54 30 36 31 0 0 0 0 0 0 0 0 0 0 0 0 0 0 66 21 63 68 38 7 22 28 0 0 0 0 0
P8374 2044 11 0 0 11 13 0 0 0 0 7 11 5 18 17 22 11 16 39 12 0 7 12 26 8 9 10 8 15 49 12 0 -999
P8374 2044 12 0 0 0 0 4 9 5 0 0 9 19 6 0 9 15 26 23 17 12 13 12 19 50 62 31 12 10 0 5 8 0
P8374 2045 1 7 23 21 11 0 0 25 66 127 21 14 6 12 9 18 6 5 90 114 19 9 23 32 16 6 0 0 0 0 0 0
P8374 2045 2 0 16 90 62 29 34 95 42 14 8 11 8 11 11 0 12 23 7 12 0 0 8 0 0 0 0 0 0 -999 -999 -999
P8374 2045 3 0 0 0 0 0 0 0 0 0 14 11 0 20 60 15 17 5 13 6 8 0 0 0 3 14 0 0 0 0 0 0
P8374 2045 4 0 0 0 0 0 0 22 101 28 6 20 12 0 0 0 0 43 38 0 29 0 50 0 0 0 0 0 0 43 33 -999
P8374 2045 5 8 16 0 0 0 0 25 73 50 37 11 6 5 0 0 0 0 0 11 0 0 15 5 0 0 0 0 0 0 15 19
P8374 2045 6 24 25 18 19 24 16 15 17 27 27 9 15 20 11 0 0 0 0 0 26 29 12 0 0 23 27 21 15 0 0 -999
P8374 2045 7 0 0 0 0 0 0 0 0 0 0 0 0 0 0 0 0 0 0 0 0 0 0 0 0 0 0 0 0 0 0 0
P8374 2045 8 0 0 0 0 0 0 0 0 0 0 0 0 0 0 0 0 0 0 0 0 0 0 0 0 0 0 0 0 22 26 18
P8374 2045 9 0 0 0 0 0 0 0 0 0 0 0 18 41 57 74 61 29 17 0 0 0 0 0 0 0 0 0 0 0 55 -999
P8374 2045 10 55 34 0 17 71 21 0 0 0 0 0 0 0 0 42 38 88 21 0 0 0 0 0 0 0 0 0 0 0 0 0
P8374 2045 11 0 25 88 13 15 11 8 0 0 0 12 5 6 0 0 0 28 62 54 10 0 0 0 22 54 14 24 26 4 0 -999
P8374 2045 12 0 0 0 9 16 18 16 30 25 10 0 0 0 0 0 0 0 0 0 0 0 0 0 0 0 0 0 25 0 0 0
P8374 2046 1 0 0 12 10 14 11 5 9 0 0 9 16 5 4 4 4 4 4 7 0 5 25 51 28 5 6 60 23 24 12 28
P8374 2046 2 21 99 121 57 19 20 22 46 35 15 38 54 102 98 9 15 25 14 6 5 4 19 11 7 7 6 10 12 -999 -999 -999
P8374 2046 3 18 61 62 5 4 5 20 77 99 28 25 0 5 8 15 4 10 24 12 25 26 14 21 5 0 0 0 0 40 27 3
P8374 2046 4 0 0 0 18 14 3 5 8 58 35 23 0 0 5 12 4 4 0 8 25 86 9 16 14 10 10 12 22 33 21 -999
P8374 2046 5 4 0 0 0 0 0 0 16 0 0 0 0 0 0 0 0 0 33 7 8 8 7 11 0 10 25 18 19 14 11 0
P8374 2046 6 0 0 0 0 0 0 0 0 0 0 0 0 0 0 26 60 6 8 29 63 88 40 21 0 0 0 0 0 0 0 -999
P8374 2046 7 0 0 0 0 0 0 0 0 0 0 0 0 0 0 0 0 0 0 0 0 0 0 0 0 0 0 0 0 0 0 0
P8374 2046 8 0 0 0 0 0 0 0 0 0 0 0 0 25 28 26 26 16 0 0 0 0 0 0 0 0 0 0 56 37 0 0
P8374 2046 9 0 0 0 0 48 65 60 0 0 0 0 0 0 0 28 24 0 0 0 0 0 0 0 0 0 0 0 0 32 22 -999
P8374 2046 10 0 0 56 61 60 45 23 51 30 10 5 5 0 0 0 0 0 0 0 0 10 10 18 28 8 37 12 10 42 32 11
P8374 2046 11 26 8 0 0 0 30 89 38 3 4 5 10 0 0 0 0 0 0 0 0 0 0 11 21 12 15 0 0 34 13 -999
P8374 2046 12 22 18 38 17 31 139 129 25 13 23 19 6 4 23 26 104 12 9 50 72 33 0 0 0 0 0 0 0 0 0 0
P8374 2047 1 0 0 0 0 0 0 4 5 13 0 0 0 0 0 22 55 30 41 12 9 20 14 9 11 0 0 0 0 0 0 0
P8374 2047 2 0 0 0 0 0 0 7 0 0 0 6 5 5 37 43 25 0 0 0 5 0 0 0 0 11 9 15 8 -999 -999 -999
P8374 2047 3 23 6 12 3 0 16 16 0 0 0 0 0 11 19 15 0 0 0 0 16 0 8 24 89 56 7 9 5 0 5 33
P8374 2047 4 17 12 6 4 6 0 0 10 14 21 37 39 6 0 11 33 6 9 9 35 8 0 0 0 6 22 10 12 51 16 -999
P8374 2047 5 0 14 17 16 29 9 8 12 13 14 41 49 49 23 0 18 25 0 66 89 26 0 0 0 0 0 0 0 0 0 0
P8374 2047 6 0 0 0 0 0 0 0 0 0 0 0 0 0 43 43 26 16 0 0 19 19 0 0 0 0 0 0 0 17 50 -999
P8374 2047 7 69 33 45 38 51 61 17 0 0 0 0 0 0 0 0 0 0 30 48 25 21 9 0 0 0 0 0 0 0 0 0
P8374 2047 8 0 0 0 0 0 0 0 0 0 0 0 0 0 0 0 0 0 0 0 0 0 0 52 53 40 0 0 0 0 0 0
P8374 2047 9 0 0 0 25 26 13 0 0 0 0 0 44 118 114 86 68 25 19 20 0 0 0 0 0 0 57 23 14 0 0 -999
P8374 2047 10 20 44 56 68 49 13 21 7 10 12 26 45 36 9 10 19 80 8 21 22 7 12 0 0 0 0 19 49 12 10 8
P8374 2047 11 0 7 4 4 4 0 0 0 0 0 0 14 10 7 5 7 0 0 0 0 0 0 0 0 0 0 0 0 0 0 -999
P8374 2047 12 0 0 0 0 0 0 0 0 4 5 0 0 0 0 0 0 0 0 0 0 0 0 0 0 18 8 11 9 3 0 0
P8374 2048 1 0 0 7 0 0 0 0 0 0 0 0 7 17 8 0 0 0 0 0 0 0 0 0 0 0 0 0 0 0 0 0
P8374 2048 2 7 11 3 0 0 4 0 0 5 12 5 6 16 10 9 20 23 14 12 14 30 9 5 0 0 0 0 0 -999 -999 -999
P8374 2048 3 0 0 0 0 0 0 14 59 58 36 34 21 0 0 17 29 17 0 0 0 0 0 0 0 6 5 13 5 10 9 23
P8374 2048 4 34 25 7 0 0 0 0 0 10 8 0 0 0 0 0 0 0 0 14 0 0 24 43 48 9 6 0 3 0 0 -999
P8374 2048 5 5 9 19 14 9 9 10 5 10 22 44 22 10 12 41 26 19 41 8 0 0 0 54 89 66 0 0 0 0 0 0
P8374 2048 6 0 0 0 0 0 6 0 0 0 19 0 0 0 0 0 22 0 0 0 0 0 0 0 0 0 0 0 0 0 0 -999
P8374 2048 7 0 0 0 0 0 0 0 0 0 0 0 0 0 0 67 34 33 0 0 0 0 0 0 0 0 0 0 0 0 0 0
P8374 2048 8 0 0 0 0 0 0 0 0 0 45 39 31 28 0 0 0 13 0 0 0 0 0 0 0 0 0 0 0 0 0 0
P8374 2048 9 0 0 0 0 0 0 0 0 0 30 21 0 0 0 0 13 0 20 26 0 0 0 17 0 0 0 0 38 38 36 -999
P8374 2048 10 7 0 0 0 7 40 11 18 31 0 0 0 0 0 0 0 0 0 0 45 30 0 9 0 0 0 0 5 8 0 0
P8374 2048 11 6 0 0 0 0 0 0 0 0 0 0 0 0 0 8 10 9 35 32 0 0 0 0 0 0 0 18 0 0 9 -999
P8374 2048 12 31 27 44 23 18 29 13 0 0 0 0 0 7 0 0 8 5 5 22 36 26 6 0 0 0 0 0 9 17 0 0
P8374 2049 1 0 0 0 6 85 0 0 6 18 42 6 5 9 0 0 0 0 0 15 0 7 24 30 13 0 0 7 9 7 0 0
P8374 2049 2 0 0 0 29 0 0 0 0 0 0 0 0 0 0 0 0 0 0 0 0 0 4 0 0 0 7 7 12 -999 -999 -999
P8374 2049 3 7 0 0 0 0 0 0 0 0 0 0 0 0 0 8 6 9 0 0 0 8 8 30 30 8 0 0 0 0 26 70
P8374 2049 4 38 52 34 13 3 4 0 0 0 0 0 0 0 0 0 0 0 26 0 0 0 11 6 4 9 89 19 6 5 8 -999
P8374 2049 5 17 8 18 6 7 9 10 9 16 53 16 11 7 6 7 4 5 6 4 6 32 46 27 66 96 16 46 70 45 5 6
P8374 2049 6 5 0 8 11 14 17 0 0 0 0 0 0 0 0 0 0 0 0 0 0 0 0 0 0 0 0 0 0 0 12 -999
P8374 2049 7 21 39 21 29 22 0 0 8 16 11 0 0 0 0 0 0 0 0 0 0 0 0 0 0 0 0 0 0 0 0 0
P8374 2049 8 0 0 0 0 0 0 0 0 0 0 0 0 0 0 0 0 0 0 0 0 0 0 0 0 0 0 0 0 0 0 0
P8374 2049 9 0 0 0 0 0 21 51 36 47 48 36 31 0 31 0 39 0 24 71 45 36 58 89 46 40 0 0 9 0 0 -999
P8374 2049 10 0 0 0 0 0 8 13 16 26 11 6 0 0 13 27 23 50 58 31 32 15 11 7 10 23 23 20 14 12 39 57
P8374 2049 11 44 62 33 15 33 27 11 6 13 18 15 15 38 13 16 43 91 84 18 5 5 5 0 0 9 0 0 0 4 6 -999
P8374 2049 12 4 6 4 15 23 20 6 4 3 4 0 0 0 0 4 18 33 61 41 48 66 5 3 4 0 6 11 13 37 52 24
P8374 2050 1 10 26 21 35 5 40 49 85 86 120 65 15 0 0 0 8 6 8 0 0 0 0 0 0 8 11 0 0 0 4 7
P8374 2050 2 25 55 13 0 0 0 0 0 0 0 0 0 0 0 0 0 0 0 0 15 15 26 27 15 30 17 21 0 -999 -999 -999
P8374 2050 3 0 0 12 25 70 79 67 25 12 15 31 61 42 37 10 0 12 12 8 12 48 15 0 0 23 7 0 0 0 8 53
P8374 2050 4 85 16 7 0 8 25 56 16 10 14 13 7 0 0 0 7 6 8 6 0 0 6 0 0 0 0 16 24 13 5 -999
P8374 2050 5 15 18 5 12 10 22 17 12 13 0 0 0 0 0 0 0 35 108 128 106 66 56 88 67 79 95 67 14 0 0 0
P8374 2050 6 0 11 18 10 0 0 0 0 0 0 0 0 0 13 12 0 0 0 0 0 25 0 0 0 0 0 0 0 0 0 -999
P8374 2050 7 0 0 0 0 0 0 0 0 0 0 0 0 0 0 0 0 0 0 0 0 0 0 0 0 0 0 0 0 0 0 0
P8374 2050 8 0 0 0 0 0 0 0 0 0 0 0 0 0 0 0 9 0 0 0 0 0 11 30 11 0 8 21 0 0 0 0
P8374 2050 9 0 0 0 0 0 0 0 0 0 0 0 0 0 0 0 0 0 0 0 0 0 0 0 0 0 0 0 0 0 0 -999
P8374 2050 10 0 32 22 10 0 0 0 0 0 0 0 0 0 33 22 0 0 18 11 0 0 13 43 27 17 23 14 46 6 6 19
P8374 2050 11 8 5 5 4 7 9 12 9 7 0 0 0 0 26 0 0 0 0 4 0 0 11 15 23 4 0 0 9 7 4 -999
P8374 2050 12 7 8 37 5 0 0 0 9 6 4 0 0 4 7 0 0 0 0 0 8 6 5 17 0 0 0 0 0 0 0 0
P8374 2051 1 18 8 0 0 0 0 0 0 0 0 0 0 0 0 16 0 0 4 0 0 0 0 0 0 0 0 0 0 0 13 11
P8374 2051 2 0 0 0 17 10 22 0 0 0 0 0 7 8 0 0 0 13 19 0 12 13 8 0 4 18 6 7 0 -999 -999 -999
P8374 2051 3 0 0 0 0 0 0 0 0 0 22 20 25 17 0 0 0 0 0 30 101 49 52 24 0 0 0 0 0 0 0 64
P8374 2051 4 47 25 23 0 0 21 0 0 0 0 0 0 51 33 0 16 15 11 6 19 6 0 0 22 46 19 0 0 0 18 -999
P8374 2051 5 19 0 0 7 18 50 60 54 50 65 34 41 34 50 10 0 0 7 10 0 0 0 15 71 104 111 79 35 12 0 0
P8374 2051 6 0 0 0 0 0 0 0 0 0 0 0 0 0 0 68 35 34 0 0 0 0 0 0 57 92 72 59 0 0 0 -999
P8374 2051 7 25 0 0 0 0 0 12 18 21 0 0 0 0 0 0 0 0 0 70 0 0 0 0 0 0 0 0 0 0 0 0
P8374 2051 8 0 0 0 0 0 0 0 0 0 0 0 0 0 0 0 0 0 0 0 0 0 0 0 0 0 0 0 0 0 0 0
P8374 2051 9 0 0 0 0 0 0 0 42 46 0 0 27 59 29 11 0 0 0 21 14 27 22 0 0 19 24 49 20 0 0 -999
P8374 2051 10 0 0 0 0 61 0 0 8 17 105 129 80 8 0 0 0 0 0 0 0 0 0 0 13 5 6 6 28 26 20 16
P8374 2051 11 16 44 36 42 37 28 9 4 14 5 0 0 0 0 7 19 34 29 9 16 4 9 6 0 4 0 0 0 10 0 -999
P8374 2051 12 0 0 0 0 0 0 0 0 47 59 16 5 3 5 5 11 13 43 28 5 0 0 0 0 0 0 0 0 7 0 0
P8374 2052 1 0 0 0 0 0 0 0 0 13 32 107 11 0 18 26 8 10 27 21 30 19 18 13 16 10 4 6 22 56 128 74
P8374 2052 2 23 41 61 105 37 25 83 36 5 45 126 90 31 23 29 34 38 7 0 19 6 0 0 0 15 10 0 0 -999 -999 -999
P8374 2052 3 0 0 0 0 0 0 0 0 0 0 0 0 0 0 0 54 59 0 23 38 61 16 10 24 0 0 4 0 0 0 0
P8374 2052 4 0 0 0 0 0 0 71 11 4 0 0 0 0 0 0 0 4 3 0 0 0 0 0 9 0 0 0 0 12 64 -999
P8374 2052 5 11 0 0 9 9 10 0 17 66 32 6 12 32 52 91 20 19 20 53 68 20 9 0 0 0 22 8 0 24 21 0
P8374 2052 6 0 0 0 52 76 109 105 0 0 39 81 47 24 0 33 46 38 23 0 0 0 0 0 0 0 47 0 0 0 0 -999
P8374 2052 7 0 0 0 13 15 12 0 0 0 0 0 0 0 0 0 0 0 0 0 0 0 0 0 0 0 0 0 8 20 19 28
P8374 2052 8 40 39 25 12 6 20 8 0 9 9 0 0 0 0 0 0 0 0 0 11 15 13 0 0 0 0 0 0 0 0 0
P8374 2052 9 0 0 0 0 0 0 0 0 0 0 0 0 0 0 0 0 0 0 0 0 0 0 0 0 0 0 0 0 0 0 -999
P8374 2052 10 0 0 0 0 0 0 0 0 0 0 0 0 0 0 20 22 0 0 0 0 0 0 0 0 17 35 0 0 0 0 0
P8374 2052 11 43 105 28 16 0 0 0 0 8 8 13 12 7 47 0 0 0 0 16 14 19 8 91 119 28 0 0 0 15 10 -999
P8374 2052 12 5 6 3 14 5 8 36 37 12 22 8 5 19 4 17 28 31 12 8 0 0 0 0 0 4 11 16 5 4 5 13
P8374 2053 1 0 0 0 0 0 0 0 0 0 11 22 8 6 15 4 0 5 7 8 48 24 0 0 13 0 15 21 15 3 4 8
P8374 2053 2 27 53 57 39 19 41 20 17 13 39 0 0 0 0 0 0 14 0 0 19 0 20 0 9 34 29 27 13 -999 -999 -999
P8374 2053 3 0 0 0 0 0 0 0 0 0 0 0 0 0 0 0 0 0 0 0 0 0 4 0 0 7 0 5 0 0 0 65
P8374 2053 4 76 42 11 9 8 8 0 0 0 0 0 0 65 86 131 32 8 0 0 0 0 9 0 67 141 132 164 159 147 99 -999
P8374 2053 5 82 81 18 0 0 0 0 0 0 0 0 9 0 0 0 0 0 0 0 0 0 0 0 0 0 0 0 0 17 53 14
P8374 2053 6 0 0 0 0 0 0 0 0 30 38 0 0 30 35 0 0 0 40 51 51 0 0 0 0 0 0 0 0 0 0 -999
P8374 2053 7 0 0 0 0 0 0 0 0 0 0 27 21 0 0 0 0 0 0 0 0 0 0 0 0 0 0 0 36 31 0 0
P8374 2053 8 0 0 0 0 0 0 0 13 0 21 17 0 0 0 0 0 0 0 0 0 0 0 0 64 131 108 44 0 0 0 16
P8374 2053 9 0 18 17 14 0 0 0 0 0 13 17 34 22 32 30 0 40 44 67 84 66 36 52 98 86 73 64 47 33 40 -999
P8374 2053 10 28 30 16 0 0 0 25 58 56 29 96 111 61 21 14 14 8 0 0 26 18 16 0 0 0 0 10 20 0 0 7
P8374 2053 11 0 0 11 9 6 17 0 0 0 0 23 39 0 0 11 22 12 18 8 6 6 21 6 5 10 6 0 0 0 0 -999
P8374 2053 12 0 0 0 0 0 0 0 0 0 10 19 19 70 17 6 8 0 0 0 0 0 0 6 18 22 16 0 7 41 31 40
P8374 2054 1 71 88 0 0 17 43 11 0 0 0 0 8 11 12 10 0 3 9 11 27 34 20 0 0 5 5 5 4 0 0 0
P8374 2054 2 0 0 0 0 0 0 0 6 4 0 0 0 0 0 0 0 0 0 0 0 0 7 0 0 0 0 0 0 -999 -999 -999
P8374 2054 3 0 0 0 6 7 13 0 0 8 0 0 0 0 0 0 19 32 7 0 0 0 0 0 6 0 7 8 9 0 0 6
P8374 2054 4 9 5 0 0 4 7 14 7 0 13 14 0 0 0 14 36 23 17 24 61 76 37 28 24 56 100 77 30 6 0 -999
P8374 2054 5 0 0 0 15 6 6 11 5 14 22 19 53 36 12 8 10 9 9 22 0 6 12 0 0 0 0 5 5 13 0 0
P8374 2054 6 0 0 0 0 0 6 7 13 14 14 15 0 0 0 0 0 0 0 0 0 0 0 0 0 0 10 27 20 0 0 -999
P8374 2054 7 0 0 0 0 0 0 0 0 0 0 0 0 0 0 12 14 22 23 0 11 10 10 0 0 0 0 0 0 0 0 0
P8374 2054 8 0 0 0 0 0 0 0 0 0 0 0 0 0 0 0 0 0 0 0 0 0 0 0 0 0 0 0 0 0 0 53
P8374 2054 9 0 0 0 0 0 0 34 65 42 0 0 0 0 0 0 65 55 52 29 0 0 0 36 38 25 26 19 0 0 14 -999
P8374 2054 10 0 0 0 17 23 23 28 30 0 23 11 16 78 38 29 0 0 0 0 0 19 107 71 10 11 22 9 0 11 7 6
P8374 2054 11 18 23 22 16 38 18 12 9 74 112 103 39 21 9 0 0 10 26 0 0 0 0 0 0 0 6 12 5 8 23 -999
P8374 2054 12 4 9 6 5 0 0 0 0 0 0 0 6 6 8 8 3 0 0 0 0 0 0 0 8 26 0 0 0 0 0 0
P8374 2055 1 0 0 0 7 16 19 23 32 14 7 7 35 32 25 24 68 20 20 18 41 6 34 50 29 10 9 7 10 16 13 18
P8374 2055 2 8 0 0 0 0 0 0 3 0 0 0 0 0 0 0 21 66 13 0 0 0 0 0 0 0 0 0 0 -999 -999 -999
P8374 2055 3 0 0 10 64 68 8 27 26 5 7 18 7 0 51 10 0 0 9 11 6 0 0 9 16 22 9 7 0 9 9 4
P8374 2055 4 0 0 0 0 0 0 4 5 4 5 0 0 6 12 6 0 0 0 8 7 39 93 28 113 143 78 56 32 9 10 -999
P8374 2055 5 14 12 9 8 10 0 0 0 0 12 13 15 53 128 128 49 13 0 0 7 15 13 7 7 8 0 0 0 0 0 62
P8374 2055 6 31 34 46 25 42 40 27 20 0 0 0 0 0 12 27 44 42 31 37 31 11 9 0 0 0 0 0 0 0 0 -999
P8374 2055 7 0 0 0 0 0 0 0 0 0 0 0 0 0 0 0 0 0 0 0 0 0 0 0 0 0 0 0 0 0 0 0
P8374 2055 8 0 0 0 0 0 0 0 0 0 0 0 0 0 0 0 0 0 0 0 0 0 0 0 0 0 0 0 0 0 0 32
P8374 2055 9 22 0 0 0 0 0 0 0 0 0 0 0 0 0 0 0 0 0 0 0 0 0 0 0 0 46 18 0 0 0 -999
P8374 2055 10 13 13 0 0 0 0 0 0 22 57 0 0 29 26 21 13 0 0 15 6 5 0 0 8 48 58 0 0 0 0 0
P8374 2055 11 0 0 0 21 25 16 63 128 118 77 62 23 12 0 7 0 24 9 0 0 0 0 15 16 34 0 0 0 0 7 -999
P8374 2055 12 9 18 33 22 0 0 0 0 0 0 0 48 39 17 10 5 3 0 3 4 9 0 0 0 0 0 4 0 0 0 6
P8374 2056 1 59 6 3 3 4 0 5 7 22 52 6 0 0 0 0 0 0 0 0 0 0 9 11 10 5 21 4 0 0 7 8
P8374 2056 2 26 0 0 0 0 0 0 0 7 6 0 0 0 0 0 0 0 5 0 0 0 0 4 10 22 15 0 0 -999 -999 -999
P8374 2056 3 0 0 0 0 0 0 0 0 0 0 34 6 5 0 0 53 80 17 0 5 0 5 0 0 12 7 15 17 7 9 20
P8374 2056 4 20 0 0 11 20 21 15 16 18 21 24 36 20 33 103 115 76 79 85 34 13 15 84 27 0 0 34 61 73 29 -999
P8374 2056 5 11 18 51 24 11 51 67 91 91 86 13 16 15 6 6 0 9 9 10 0 18 0 0 24 59 95 51 22 13 10 9
P8374 2056 6 10 14 41 28 33 24 11 19 12 0 22 0 0 0 0 0 0 0 11 7 0 0 0 0 0 0 0 0 0 0 -999
P8374 2056 7 0 0 86 28 0 0 0 0 0 0 0 0 0 0 0 0 0 0 0 0 0 0 0 0 0 0 0 0 0 0 0
P8374 2056 8 0 0 0 0 0 0 0 0 0 0 0 0 0 0 0 0 0 0 0 0 0 0 0 0 0 0 0 0 0 0 0
P8374 2056 9 0 0 0 0 0 0 0 0 0 37 49 47 0 0 0 0 26 0 0 0 0 0 0 0 0 0 0 0 0 35 -999
P8374 2056 10 105 67 74 28 0 0 0 0 24 53 39 0 0 0 0 0 0 0 0 0 0 0 0 0 0 21 0 0 0 0 0
P8374 2056 11 0 0 0 0 20 0 0 8 0 0 0 0 0 0 0 0 0 0 0 11 0 3 4 0 0 16 62 71 31 33 -999
P8374 2056 12 14 0 52 36 79 13 9 4 4 0 7 21 47 7 5 9 14 5 0 9 46 24 4 6 0 0 0 6 0 0 0
P8374 2057 1 0 0 0 0 0 5 0 6 16 0 0 0 0 0 0 0 0 0 0 0 0 0 0 0 0 7 11 16 30 14 5
P8374 2057 2 5 0 0 4 0 13 29 5 8 31 14 0 0 0 0 0 0 11 8 11 33 69 101 110 109 58 27 80 -999 -999 -999
P8374 2057 3 18 0 9 18 31 29 39 25 9 7 6 0 0 0 0 0 0 0 0 0 0 0 0 0 0 0 5 0 0 0 0
P8374 2057 4 16 8 7 39 45 12 7 12 0 0 16 58 64 66 19 26 47 16 53 8 10 9 0 0 0 0 0 0 22 10 -999
P8374 2057 5 0 0 0 6 6 10 6 15 19 10 17 24 53 53 53 43 61 83 68 10 10 14 13 8 7 0 0 27 32 16 14
P8374 2057 6 33 24 16 20 11 10 8 7 42 13 17 76 69 35 0 0 0 0 0 0 0 0 0 0 0 0 0 0 0 0 -999
P8374 2057 7 0 0 0 0 0 0 0 0 0 0 0 0 0 0 0 0 0 0 0 0 0 0 0 0 0 0 0 0 0 0 0
P8374 2057 8 0 0 0 0 0 0 0 0 0 0 0 0 0 0 0 0 0 0 0 0 0 0 0 0 0 0 0 0 0 0 0
P8374 2057 9 0 46 0 0 50 67 46 48 55 44 0 0 35 56 97 97 40 0 0 0 14 0 0 0 0 0 36 48 32 31 -999
P8374 2057 10 23 35 20 23 0 0 0 0 0 0 0 0 0 0 0 0 0 22 0 0 0 0 0 0 0 0 0 0 0 0 0
P8374 2057 11 27 8 7 11 68 87 54 21 77 101 69 118 26 15 0 8 12 16 0 5 7 13 0 0 0 0 0 0 0 0 -999
P8374 2057 12 0 0 0 0 0 0 0 0 0 0 18 26 11 40 45 13 7 0 0 0 0 0 0 0 0 0 0 0 0 0 0
P8374 2058 1 0 0 0 0 0 0 0 0 0 0 0 10 10 47 95 10 8 11 0 0 0 42 12 0 0 0 7 21 50 6 6
P8374 2058 2 0 7 0 0 0 7 5 0 0 0 0 0 0 0 0 0 6 0 0 0 0 0 0 0 0 0 0 0 -999 -999 -999
P8374 2058 3 0 0 0 0 5 0 0 0 0 0 0 0 0 0 0 4 4 0 0 0 14 7 0 7 22 39 20 17 5 6 4
P8374 2058 4 0 0 0 0 26 42 10 0 9 49 58 10 6 0 0 0 0 0 0 60 20 5 3 0 0 0 0 0 0 0 -999
P8374 2058 5 0 0 0 0 0 31 15 0 0 0 0 0 35 50 13 0 0 0 0 0 0 9 10 12 11 11 26 81 36 32 19
P8374 2058 6 16 0 0 0 0 0 0 0 0 0 0 0 0 0 0 0 0 0 0 0 9 0 0 0 0 0 0 0 0 0 -999
P8374 2058 7 0 0 0 0 0 0 0 6 0 9 0 0 0 0 22 14 16 25 20 0 0 0 0 0 0 0 0 0 0 0 0
P8374 2058 8 0 0 0 0 0 0 0 0 0 0 0 0 0 0 0 0 0 0 0 0 0 0 0 0 0 0 0 0 0 0 0
P8374 2058 9 0 0 0 0 0 0 0 0 0 0 0 0 22 39 11 0 7 0 0 0 6 13 30 11 0 0 0 0 0 12 -999
P8374 2058 10 28 7 0 6 22 12 0 0 0 0 0 0 0 0 8 10 7 0 0 0 0 0 0 13 11 6 0 0 0 0 0
P8374 2058 11 0 13 5 0 0 0 0 0 18 15 6 11 6 4 11 17 24 25 20 23 34 15 9 4 0 0 16 25 28 72 -999
P8374 2058 12 40 17 21 0 0 4 0 3 6 32 0 0 0 0 0 0 0 23 10 0 0 0 0 0 0 0 0 7 31 4 9
P8374 2059 1 58 61 15 6 6 5 7 0 0 0 0 0 0 0 0 0 0 0 0 15 23 8 0 0 0 0 0 0 0 0 0
P8374 2059 2 0 0 0 0 0 0 0 0 0 0 0 0 0 0 0 7 0 0 0 0 0 0 0 0 0 0 0 0 -999 -999 -999
P8374 2059 3 0 0 0 0 0 4 4 0 0 4 22 4 20 83 35 10 5 0 0 0 14 40 6 8 21 6 5 15 91 114 72
P8374 2059 4 6 0 6 0 0 0 0 0 0 0 0 11 57 10 5 0 0 0 0 0 0 0 0 0 0 18 39 71 63 31 -999
P8374 2059 5 9 0 0 0 78 77 22 26 35 42 25 28 24 0 0 0 13 36 60 34 14 0 0 0 0 0 0 0 0 0 0
P8374 2059 6 0 0 0 0 16 11 0 27 41 18 0 13 20 16 0 0 0 0 0 0 0 0 0 0 21 23 0 0 0 0 -999
P8374 2059 7 0 0 0 0 0 0 0 0 0 0 0 0 0 0 0 30 38 27 0 0 20 0 0 0 0 0 0 0 0 0 0
P8374 2059 8 0 0 0 0 0 0 0 0 0 0 0 0 0 0 0 0 0 0 0 0 0 0 0 0 0 0 0 0 0 0 0
P8374 2059 9 0 0 55 59 30 0 0 0 0 0 0 0 0 0 0 22 0 0 0 0 0 0 0 0 34 34 27 0 0 0 -999
P8374 2059 10 0 0 0 0 0 0 0 0 0 0 0 0 0 0 39 0 0 0 0 0 0 8 16 32 31 8 23 66 12 34 16
P8374 2059 11 19 24 33 16 60 86 13 0 11 7 0 6 8 8 18 57 67 57 23 0 0 0 11 33 77 5 0 19 76 32 -999
P8374 2059 12 8 0 0 0 0 0 0 0 0 4 8 0 9 5 57 62 14 0 0 0 7 26 0 0 0 0 0 8 23 6 0
P8374 2060 1 0 0 0 0 0 10 4 3 0 0 0 0 0 0 0 0 0 0 0 0 0 0 0 4 0 0 15 5 4 3 9
P8374 2060 2 5 0 0 4 8 22 0 4 10 52 10 17 20 13 67 49 15 4 8 3 3 4 8 27 23 54 11 15 -999 -999 -999
P8374 2060 3 11 13 7 0 0 13 0 104 12 0 0 0 0 5 4 4 11 62 55 23 107 115 25 0 0 0 0 9 12 8 8
P8374 2060 4 5 4 5 0 12 15 0 0 6 0 0 0 0 0 0 0 0 13 10 12 0 0 0 16 11 0 0 0 0 0 -999
P8374 2060 5 0 0 0 0 0 0 0 0 0 0 0 0 0 0 0 0 0 35 30 10 0 0 0 0 52 33 36 81 51 0 0
P8374 2060 6 0 60 99 103 65 18 33 33 9 7 28 46 23 35 43 35 7 0 25 10 27 28 11 0 0 0 0 0 0 0 -999
P8374 2060 7 0 0 0 0 0 0 0 0 0 0 0 0 0 0 0 0 0 0 0 0 0 0 0 0 0 0 0 0 0 0 0
P8374 2060 8 0 0 0 0 0 0 0 0 0 0 0 0 0 0 0 0 0 0 52 48 0 0 0 14 0 0 0 0 0 0 0
P8374 2060 9 0 0 0 0 0 0 0 0 0 0 0 0 0 0 23 48 79 49 19 13 9 11 0 0 24 99 63 48 38 27 -999
P8374 2060 10 14 0 0 19 26 0 0 0 0 0 0 15 14 15 13 11 0 0 0 0 0 9 6 5 11 6 7 15 37 41 22
P8374 2060 11 81 58 4 7 4 0 0 0 0 0 0 6 11 8 12 0 0 0 31 12 15 7 11 0 7 0 9 14 8 0 -999
P8374 2060 12 4 0 6 7 0 0 0 7 0 17 10 0 0 0 0 0 0 5 3 0 4 5 0 0 0 0 0 0 0 0 0
P8374 2061 1 0 0 0 0 0 0 0 0 0 0 0 0 0 0 13 0 0 8 42 4 8 6 0 0 53 23 6 3 2 0 4
P8374 2061 2 4 0 0 0 0 0 0 0 0 0 0 16 40 12 19 24 29 15 6 7 14 17 67 11 7 11 14 14 -999 -999 -999
P8374 2061 3 18 89 45 15 7 9 12 54 28 20 11 9 13 16 17 7 7 18 31 33 8 7 16 8 0 0 0 0 0 0 0
P8374 2061 4 0 0 0 0 0 0 0 20 75 105 72 68 88 112 48 14 58 146 134 43 6 6 0 0 0 0 10 26 68 55 -999
P8374 2061 5 58 87 97 97 87 59 21 10 0 5 32 48 16 9 16 22 0 0 0 0 0 0 0 0 0 0 0 0 0 0 0
P8374 2061 6 94 106 100 0 0 0 0 0 0 0 15 33 44 29 26 16 10 0 0 0 0 0 0 0 0 0 0 0 0 0 -999
P8374 2061 7 0 0 0 0 0 0 0 0 0 0 0 0 0 0 0 0 0 0 0 0 0 0 0 0 0 0 43 0 0 0 0
P8374 2061 8 0 0 0 0 21 31 35 0 0 0 0 0 0 0 0 0 0 0 0 0 0 0 0 0 0 0 0 0 0 0 0
P8374 2061 9 0 0 0 0 0 0 0 0 0 0 0 0 30 25 20 18 28 54 46 9 0 11 0 0 0 0 0 0 0 0 -999
P8374 2061 10 0 0 22 35 43 15 16 12 46 85 86 50 9 13 0 0 0 0 12 0 0 0 0 0 0 21 20 7 0 6 15
P8374 2061 11 14 7 8 8 0 0 15 11 30 56 12 13 5 8 6 8 0 0 0 0 0 6 0 0 0 0 0 0 0 0 -999
P8374 2061 12 0 0 0 0 0 0 0 0 0 0 0 0 0 0 0 0 0 0 0 5 5 0 0 0 0 0 0 0 0 0 0
P8374 2062 1 0 0 0 0 0 15 60 53 41 0 0 0 7 13 9 0 5 7 13 10 0 0 0 0 0 0 0 0 0 5 31
P8374 2062 2 7 69 16 30 6 4 6 0 10 15 20 0 0 0 0 0 16 34 98 80 112 126 70 97 159 130 17 4 -999 -999 -999
P8374 2062 3 0 0 25 9 0 0 7 4 0 0 0 0 0 0 0 7 0 0 0 0 0 0 4 0 4 51 10 0 0 0 5
P8374 2062 4 0 5 12 4 0 0 0 0 16 13 60 20 4 10 12 0 5 5 11 0 9 13 9 52 39 26 13 0 19 25 -999
P8374 2062 5 51 25 19 9 0 0 0 0 0 35 17 22 26 70 84 21 0 0 25 36 8 0 5 9 6 0 0 29 34 46 12
P8374 2062 6 17 13 20 13 9 8 0 0 0 12 19 18 18 14 0 0 0 0 0 0 0 0 0 0 0 0 0 0 0 0 -999
P8374 2062 7 15 19 0 0 0 0 0 0 0 0 0 0 0 0 0 0 0 0 0 0 0 0 0 0 0 0 0 0 0 0 0
P8374 2062 8 0 0 36 0 0 0 15 20 0 0 0 0 0 0 0 0 0 0 0 0 0 0 0 0 0 0 0 0 0 0 0
P8374 2062 9 0 28 0 0 0 0 0 0 0 0 0 0 0 0 0 0 0 0 0 0 0 0 0 0 0 0 0 0 0 50 -999
P8374 2062 10 55 22 0 0 0 0 0 0 0 0 0 0 0 0 0 0 0 0 0 0 33 13 0 0 0 35 46 135 108 17 0
P8374 2062 11 0 0 0 0 14 28 23 43 0 0 21 16 13 12 14 0 0 0 0 0 0 10 7 21 19 48 51 13 0 0 -999
P8374 2062 12 9 16 0 0 0 0 4 5 0 0 30 24 0 0 0 0 10 0 0 5 11 15 0 0 0 0 0 0 0 17 5
P8374 2063 1 0 0 0 0 8 0 0 0 0 0 0 0 0 0 0 0 0 0 0 0 0 0 0 7 0 0 9 19 12 0 0
P8374 2063 2 0 0 0 0 0 9 9 9 8 11 7 0 6 6 0 5 8 0 0 0 15 85 25 37 6 0 0 0 -999 -999 -999
P8374 2063 3 17 25 31 40 16 11 29 31 17 26 7 12 20 14 79 99 9 6 0 0 21 21 21 76 128 47 10 39 64 15 7
P8374 2063 4 0 8 24 9 0 0 0 0 0 4 31 49 34 3 0 6 10 27 6 5 0 7 29 22 37 6 9 46 68 26 -999
P8374 2063 5 9 9 0 0 0 0 0 0 0 9 11 33 32 43 36 24 17 20 18 11 5 9 6 0 0 0 0 0 0 0 0
P8374 2063 6 0 0 0 0 0 12 0 0 0 0 0 0 0 0 0 0 0 0 0 0 0 0 0 0 0 0 0 0 0 0 -999
P8374 2063 7 0 0 0 0 0 0 0 0 0 0 0 0 0 0 0 0 0 0 0 0 0 0 0 0 0 0 0 0 0 0 0
P8374 2063 8 0 0 0 0 0 0 0 0 0 0 0 0 0 0 0 0 0 0 0 0 0 0 0 0 0 0 0 26 37 25 0
P8374 2063 9 0 0 0 66 47 0 0 0 0 0 0 0 0 0 0 0 49 41 40 39 0 0 0 0 0 36 0 42 0 17 -999
P8374 2063 10 18 0 0 0 54 41 21 8 0 7 15 11 14 7 11 17 8 0 0 14 53 36 21 0 0 0 0 28 57 57 0
P8374 2063 11 0 0 23 43 0 0 0 0 0 0 17 6 0 0 0 0 0 0 0 6 13 10 4 0 26 16 5 6 27 14 -999
P8374 2063 12 5 5 0 0 0 0 0 0 0 0 0 0 0 0 3 0 0 0 0 0 0 0 0 0 0 0 0 0 0 0 0
P8374 2064 1 0 0 0 0 32 8 6 0 0 0 0 9 0 0 13 33 34 106 0 0 0 32 103 73 26 0 0 0 0 6 0
P8374 2064 2 0 0 0 9 42 21 7 13 0 0 0 0 0 104 69 17 12 12 0 0 0 0 0 0 0 0 46 64 -999 -999 -999
P8374 2064 3 45 17 9 18 39 6 0 0 0 4 3 4 3 0 0 0 0 0 10 6 0 0 20 71 7 9 4 0 0 0 0
P8374 2064 4 0 0 24 57 90 50 26 21 16 9 0 0 0 0 0 0 24 40 19 16 10 0 0 24 69 13 0 21 17 0 -999
P8374 2064 5 0 32 37 12 0 0 0 0 0 0 0 14 12 8 9 15 9 0 0 28 0 0 0 31 0 0 0 0 0 0 0
P8374 2064 6 0 0 0 0 0 0 0 0 0 0 18 16 0 0 0 0 0 0 0 0 26 0 0 0 0 0 0 0 0 0 -999
P8374 2064 7 0 0 0 0 0 0 0 0 0 22 0 0 0 0 0 0 0 0 0 0 0 0 0 0 0 0 0 0 0 0 0
P8374 2064 8 0 0 0 0 0 0 0 0 0 0 0 0 0 0 0 0 0 0 0 0 0 0 0 0 0 0 36 0 0 0 0
P8374 2064 9 0 0 0 0 13 0 0 0 0 0 0 0 28 0 0 0 0 0 0 25 0 65 61 0 0 0 0 29 9 10 -999
P8374 2064 10 0 8 23 5 17 0 0 0 0 0 58 59 28 0 0 0 0 0 0 0 0 13 13 9 19 37 5 0 0 0 0
P8374 2064 11 0 10 10 0 4 17 24 14 7 16 18 0 4 5 19 14 23 9 0 16 46 0 0 48 55 8 0 0 11 51 -999
P8374 2064 12 37 0 0 0 0 0 0 0 0 8 8 0 0 0 0 0 0 0 0 0 24 36 4 0 3 0 0 0 5 5 5
P8374 2065 1 8 16 70 55 7 68 126 158 78 126 84 12 3 5 6 0 0 0 0 0 0 0 0 12 0 0 0 0 0 0 0
P8374 2065 2 0 0 15 14 0 0 0 0 0 0 0 0 0 0 0 0 0 0 0 0 0 0 0 0 0 9 0 0 -999 -999 -999
P8374 2065 3 8 0 0 0 0 0 0 9 0 13 9 0 0 0 0 0 4 0 0 0 0 3 4 4 6 7 0 22 9 8 48
P8374 2065 4 81 29 25 54 18 17 11 0 0 0 35 48 41 116 135 78 13 0 0 0 0 0 0 0 7 32 62 12 14 29 -999
P8374 2065 5 12 7 6 0 4 13 22 94 119 39 31 13 6 7 8 33 8 5 0 0 14 11 7 0 0 0 0 0 0 0 18
P8374 2065 6 47 62 26 38 73 40 16 11 7 14 20 22 11 7 0 0 0 0 0 0 0 25 0 0 0 0 0 0 0 0 -999
P8374 2065 7 0 0 0 0 0 0 0 0 0 0 0 0 0 0 0 0 0 0 0 0 0 0 0 0 0 0 0 0 0 0 0
P8374 2065 8 0 0 0 0 0 0 0 0 0 0 0 0 0 0 0 0 0 0 0 0 0 0 0 0 0 0 0 0 0 0 0
P8374 2065 9 0 0 0 0 0 0 0 0 0 0 0 0 0 0 0 38 28 11 9 14 78 112 83 65 53 0 24 28 21 9 -999
P8374 2065 10 0 0 0 0 0 0 0 9 13 30 34 11 0 0 0 26 0 24 41 15 10 0 0 17 4 0 0 0 0 0 0
P8374 2065 11 0 12 5 0 7 9 5 0 27 12 6 0 0 0 0 0 0 0 0 0 0 0 0 0 0 8 34 17 0 0 -999
P8374 2065 12 0 0 0 0 0 0 0 0 0 0 10 5 3 4 0 0 0 0 0 0 12 26 59 84 28 0 0 6 13 7 6
P8374 2066 1 8 17 8 9 8 0 0 0 0 0 0 0 0 0 6 6 7 0 0 0 0 0 0 0 0 0 0 0 0 0 0
P8374 2066 2 0 0 0 0 0 0 0 13 14 0 0 0 0 0 0 0 16 16 8 0 0 0 0 0 0 7 0 3 -999 -999 -999
P8374 2066 3 7 19 80 76 138 56 12 24 144 97 14 0 0 9 9 5 7 7 0 3 18 53 42 5 4 0 0 0 14 25 0
P8374 2066 4 0 0 0 0 0 0 0 15 77 11 0 0 0 0 0 11 30 23 15 0 0 9 12 0 0 0 0 0 0 0 -999
P8374 2066 5 0 0 0 0 0 0 0 0 0 0 0 0 0 0 0 0 31 47 6 0 8 17 0 0 36 47 36 0 0 8 0
P8374 2066 6 0 0 0 0 0 11 5 6 22 12 0 0 0 0 0 0 0 0 0 0 0 0 0 0 59 0 0 0 0 0 -999
P8374 2066 7 0 0 0 0 0 0 0 0 0 0 0 0 0 0 0 0 0 0 0 0 0 0 0 0 0 0 0 0 17 23 24
P8374 2066 8 0 0 0 0 0 0 0 0 0 0 0 0 0 0 0 0 0 0 0 0 0 0 0 0 0 0 0 0 0 0 0
P8374 2066 9 0 0 0 0 0 0 0 0 0 0 0 0 0 0 0 0 0 0 0 0 0 0 0 0 0 17 0 0 0 13 -999
P8374 2066 10 22 19 0 0 0 0 0 0 0 0 0 0 80 39 13 10 13 18 16 8 0 0 24 36 27 13 13 20 38 37 39
P8374 2066 11 54 55 16 0 0 33 21 27 37 42 30 23 10 0 0 0 0 16 73 52 15 13 8 0 0 0 21 48 6 8 -999
P8374 2066 12 9 56 69 22 0 0 0 0 0 0 0 8 9 14 21 7 23 12 28 10 0 0 16 44 14 37 9 0 10 10 0
P8374 2067 1 0 5 8 42 117 92 77 94 132 37 6 6 40 77 63 10 13 20 42 52 7 32 83 94 89 17 10 11 78 163 150
P8374 2067 2 96 60 34 19 5 5 0 0 10 0 0 0 56 11 0 0 0 4 37 40 77 100 54 13 6 9 29 21 -999 -999 -999
P8374 2067 3 10 8 4 6 5 0 0 0 0 0 3 0 7 0 0 0 0 0 0 0 0 0 0 8 7 10 4 67 126 77 19
P8374 2067 4 0 0 22 0 0 0 13 34 37 18 9 4 0 6 21 80 53 13 11 25 21 20 10 0 5 18 31 37 13 10 -999
P8374 2067 5 6 0 0 0 0 13 52 25 24 124 87 85 79 87 43 27 10 8 21 38 36 25 10 0 0 0 0 0 0 0 0
P8374 2067 6 0 0 5 0 0 0 0 63 102 0 0 0 0 0 0 16 13 0 0 0 0 0 0 0 0 0 0 0 0 0 -999
P8374 2067 7 0 0 0 0 0 0 0 0 0 0 0 0 0 0 0 0 0 0 0 0 0 0 0 10 0 0 0 0 0 17 19
P8374 2067 8 0 0 0 0 0 0 0 0 0 0 0 0 0 0 0 0 0 0 0 0 0 0 0 0 0 0 0 0 0 0 0
P8374 2067 9 0 0 0 0 0 0 0 53 48 0 0 0 0 0 0 11 0 0 0 0 0 6 8 9 12 35 53 60 64 34 -999
P8374 2067 10 0 35 36 30 17 23 22 58 98 38 22 19 14 14 11 0 0 0 0 0 0 0 0 0 0 0 0 29 28 0 0
P8374 2067 11 19 9 16 31 41 18 50 53 18 9 11 0 18 5 0 7 0 0 0 0 0 0 0 0 8 17 19 4 3 3 -999
P8374 2067 12 3 0 0 0 10 14 23 0 0 0 0 0 10 0 0 0 0 0 0 5 3 0 0 0 0 0 0 0 0 0 0
P8374 2068 1 0 6 0 4 4 0 0 0 0 0 8 12 0 0 0 0 3 28 14 12 13 20 6 0 0 0 10 10 15 22 13
P8374 2068 2 16 0 0 0 0 0 0 12 12 89 35 0 24 25 26 103 66 8 0 0 0 3 0 12 19 0 0 0 -999 -999 -999
P8374 2068 3 0 0 0 8 29 101 77 8 0 67 68 25 6 0 0 0 0 0 0 20 10 0 0 0 0 0 0 0 0 0 0
P8374 2068 4 4 4 0 0 6 13 5 7 0 0 0 0 0 0 0 0 0 0 0 0 5 17 12 9 13 7 6 17 19 6 -999
P8374 2068 5 4 0 0 9 36 89 99 42 13 9 6 41 113 43 12 9 16 18 21 32 33 24 12 15 23 23 0 0 0 30 59
P8374 2068 6 40 41 38 31 19 15 12 14 0 0 0 0 0 0 0 0 0 0 0 0 0 0 0 0 0 0 0 0 0 0 -999
P8374 2068 7 0 0 0 0 0 0 0 0 0 0 0 0 0 0 0 0 0 0 0 0 0 0 0 0 0 0 0 0 0 0 0
P8374 2068 8 0 0 0 0 0 0 0 0 0 0 0 0 0 0 0 0 0 0 0 0 0 0 0 0 0 53 50 12 0 0 0
P8374 2068 9 0 0 0 0 0 0 0 0 0 0 0 0 0 0 0 0 0 0 0 78 75 48 31 26 58 31 26 13 0 45 -999
P8374 2068 10 27 32 17 12 11 20 0 13 40 11 0 0 20 53 34 18 0 0 37 66 0 0 16 52 16 5 6 0 0 0 0
P8374 2068 11 0 0 0 0 7 7 8 9 0 0 0 0 0 0 0 10 16 5 7 5 0 29 45 0 0 0 0 0 0 23 -999
P8374 2068 12 0 0 0 0 0 38 74 0 0 0 9 10 0 0 0 0 7 46 23 0 0 0 6 0 0 0 3 3 6 0 0
P8374 2069 1 0 0 0 0 0 0 6 11 8 46 48 19 33 10 0 0 0 0 0 0 0 0 0 0 20 14 16 24 19 68 23
P8374 2069 2 5 14 6 4 6 44 15 0 0 24 34 5 6 6 11 12 32 9 6 7 0 0 0 4 3 0 0 0 -999 -999 -999
P8374 2069 3 10 31 55 23 12 4 0 0 0 11 23 34 54 5 0 0 0 0 0 0 0 0 0 0 7 3 0 9 11 35 0
P8374 2069 4 0 5 0 0 0 0 5 49 49 9 11 29 22 14 27 30 22 0 0 20 6 4 0 0 0 0 0 0 28 66 -999
P8374 2069 5 36 15 8 0 0 6 17 46 29 10 10 4 0 0 0 6 16 6 9 10 19 20 7 0 13 22 31 33 48 17 4
P8374 2069 6 0 12 41 39 0 0 0 0 0 0 0 0 0 0 0 0 0 0 0 0 0 0 0 0 0 0 0 0 0 0 -999
P8374 2069 7 0 35 42 32 0 0 0 0 0 0 0 0 0 0 0 0 0 0 0 0 0 0 0 0 0 0 0 0 0 0 0
P8374 2069 8 0 0 0 0 0 0 0 0 0 0 0 0 0 0 0 0 0 0 0 0 0 0 0 0 0 0 0 0 0 0 0
P8374 2069 9 0 0 0 82 42 0 0 0 0 22 19 0 0 0 0 0 0 31 36 28 25 20 19 18 17 16 22 23 13 40 -999
P8374 2069 10 0 0 18 27 27 10 18 26 7 13 8 0 0 0 0 7 27 7 3 4 8 56 84 34 16 14 15 4 0 0 0
P8374 2069 11 21 44 19 8 0 0 0 0 0 27 88 116 147 130 81 17 29 18 0 0 16 9 0 0 26 8 11 4 14 35 -999
P8374 2069 12 4 8 7 85 136 160 127 11 0 0 0 0 0 0 0 0 0 0 0 0 0 0 8 13 4 0 0 0 0 18 0
P8374 2070 1 18 18 14 0 0 5 5 0 0 10 0 0 0 0 0 0 0 10 10 17 0 14 36 56 8 6 5 8 4 5 56
P8374 2070 2 90 29 7 17 13 0 0 0 12 5 4 9 23 5 0 18 40 14 5 0 0 0 14 17 18 18 21 26 -999 -999 -999
P8374 2070 3 14 9 0 0 0 0 10 12 21 22 22 76 15 19 9 0 0 0 8 5 8 6 15 0 0 15 0 0 0 0 0
P8374 2070 4 0 56 75 13 5 16 10 8 11 7 6 12 13 4 6 7 10 28 10 5 5 36 98 8 14 16 10 21 35 20 -999
P8374 2070 5 12 10 0 9 0 9 14 12 0 0 0 26 35 88 29 23 0 0 0 6 0 0 0 0 16 0 0 0 19 0 0
P8374 2070 6 30 67 59 33 30 25 22 0 0 0 0 0 0 52 83 75 48 0 0 0 0 0 0 0 0 0 0 0 0 0 -999
P8374 2070 7 0 0 0 0 0 0 0 0 0 0 0 0 0 0 0 0 0 0 0 0 0 0 0 0 0 0 0 0 0 0 0
P8374 2070 8 0 0 0 0 0 0 0 0 0 12 0 0 0 0 0 0 0 0 0 0 0 0 0 0 0 0 0 0 0 0 0
P8374 2070 9 0 0 0 0 0 26 52 21 0 0 0 0 0 0 0 0 0 0 0 32 31 0 0 0 44 43 38 35 51 49 -999
P8374 2070 10 37 31 39 38 0 28 65 68 100 101 26 23 41 31 25 27 36 30 13 55 11 17 13 10 0 0 0 0 0 15 27
P8374 2070 11 30 59 111 22 11 0 0 0 0 21 13 5 18 49 32 11 13 41 9 0 0 5 6 0 0 0 0 0 0 10 -999
P8374 2070 12 23 6 7 6 5 0 0 0 0 4 4 0 0 0 0 0 14 0 4 3 5 6 6 0 0 13 0 10 4 4 7
P8374 2071 1 0 0 5 13 18 24 40 9 6 37 26 8 10 10 20 89 117 92 104 59 27 34 44 11 21 12 0 3 5 0 9
P8374 2071 2 13 0 0 0 0 11 5 0 0 3 0 0 0 7 0 4 0 0 0 7 0 5 3 4 4 6 13 7 -999 -999 -999
P8374 2071 3 0 0 0 0 0 0 3 0 0 3 10 11 0 0 0 0 15 33 51 12 0 0 0 0 0 0 0 0 0 12 9
P8374 2071 4 6 0 0 0 0 0 0 0 0 0 0 0 0 0 0 0 0 7 8 0 11 11 0 0 0 0 0 0 0 0 -999
P8374 2071 5 0 0 0 0 0 0 12 7 8 15 0 0 0 0 0 8 0 0 0 16 27 120 71 16 11 0 0 0 0 0 0
P8374 2071 6 17 28 58 29 14 36 35 20 8 0 12 12 0 0 0 0 0 0 0 0 0 0 0 0 0 0 0 0 0 0 -999
P8374 2071 7 0 0 0 0 0 0 0 0 0 0 0 0 0 0 0 0 0 0 0 0 0 0 0 0 0 0 0 0 0 0 0
P8374 2071 8 0 0 0 0 0 20 0 0 0 0 0 0 0 0 0 0 0 0 0 0 0 0 0 0 0 0 0 0 0 0 0
P8374 2071 9 0 0 0 0 0 0 0 0 0 0 0 0 0 0 0 0 0 0 0 0 0 22 22 0 0 0 0 24 0 0 -999
P8374 2071 10 0 0 15 0 0 0 0 11 56 92 89 9 0 0 11 22 0 0 0 6 0 0 0 0 0 0 0 0 0 0 0
P8374 2071 11 0 19 4 9 0 0 0 21 72 114 80 51 21 0 0 0 10 10 0 0 0 0 0 0 0 0 9 10 16 24 -999
P8374 2071 12 0 0 4 9 4 4 14 35 5 0 0 0 5 7 0 0 0 2 12 16 0 0 0 0 0 0 0 0 0 0 0
P8374 2072 1 0 0 4 4 0 0 29 75 6 4 17 18 32 10 0 0 12 0 0 0 0 0 16 40 8 0 0 10 44 17 8
P8374 2072 2 7 3 0 0 7 10 4 5 7 6 4 16 16 74 56 109 95 103 12 112 47 7 7 13 10 0 0 17 -999 -999 -999
P8374 2072 3 5 0 0 0 0 17 31 10 7 4 0 0 0 6 0 0 0 0 0 0 0 0 46 71 14 7 0 75 145 66 4
P8374 2072 4 0 0 0 0 0 14 18 39 117 74 40 30 13 20 55 74 44 9 7 19 33 14 56 143 126 90 55 123 117 25 -999
P8374 2072 5 0 0 0 44 38 14 12 13 12 53 11 13 13 7 8 12 17 12 0 0 0 0 0 0 0 0 0 0 13 20 21
P8374 2072 6 18 13 80 101 22 0 0 24 57 20 0 0 0 0 0 0 0 15 23 8 0 0 0 0 0 0 0 0 0 0 -999
P8374 2072 7 0 0 0 0 0 0 0 0 0 0 0 0 0 0 0 0 0 0 0 0 0 0 0 0 0 0 0 0 0 0 0
P8374 2072 8 0 0 0 0 0 0 0 0 0 0 0 0 0 0 0 0 0 0 0 0 0 0 0 0 0 0 0 0 0 0 0
P8374 2072 9 0 0 39 0 0 0 0 0 0 0 0 0 0 0 0 0 0 0 0 21 9 0 15 23 18 0 0 56 50 0 -999
P8374 2072 10 22 27 23 0 16 16 12 20 0 0 0 0 0 0 25 47 32 17 10 7 8 0 0 0 0 28 13 0 0 0 12
P8374 2072 11 6 5 4 6 0 0 23 34 36 46 28 16 14 31 77 70 34 12 0 0 0 0 0 0 42 41 52 118 110 76 -999
P8374 2072 12 67 18 6 0 0 0 8 10 5 0 0 3 31 47 0 0 0 0 0 0 0 0 0 0 0 0 0 0 0 0 0
P8374 2073 1 0 0 0 0 0 0 11 0 0 0 0 0 0 5 11 0 0 0 0 0 0 0 0 0 0 0 0 4 18 4 0
P8374 2073 2 0 0 0 14 13 21 0 0 6 22 50 110 63 37 32 6 11 81 98 28 0 5 0 0 0 0 0 0 -999 -999 -999
P8374 2073 3 0 0 0 0 0 0 0 0 7 13 31 6 0 0 0 10 17 8 16 17 7 14 8 7 0 0 0 0 8 5 0
P8374 2073 4 0 0 0 0 0 0 0 0 0 8 6 6 0 0 16 31 13 0 0 0 9 11 12 0 22 25 20 13 0 0 -999
P8374 2073 5 0 0 26 0 0 0 0 0 0 0 0 0 0 0 0 36 44 20 24 37 7 4 8 16 25 4 7 17 9 0 12
P8374 2073 6 18 0 0 0 0 0 0 0 0 0 0 0 20 31 12 0 0 0 0 0 17 0 25 0 0 0 0 10 0 0 -999
P8374 2073 7 0 0 0 0 0 0 0 0 0 0 0 0 0 0 0 0 0 0 0 0 0 0 0 0 0 0 0 0 0 0 0
P8374 2073 8 0 0 0 0 0 56 50 0 0 0 0 0 0 0 0 0 0 0 0 66 38 0 0 0 0 31 47 0 0 0 0
P8374 2073 9 0 0 0 0 0 23 29 27 0 6 13 22 32 10 0 0 0 0 0 0 37 0 0 0 0 0 0 34 44 22 -999
P8374 2073 10 18 19 0 0 0 0 0 59 34 8 0 0 0 0 0 0 0 0 0 40 10 0 0 0 0 0 34 47 33 17 22
P8374 2073 11 18 79 25 51 8 11 19 128 90 12 23 16 17 8 28 20 33 81 52 28 30 12 15 26 24 36 37 13 10 9 -999
P8374 2073 12 10 18 21 17 24 4 11 4 16 0 0 0 0 0 0 0 5 18 12 5 4 8 5 0 0 24 4 0 0 0 0
P8374 2074 1 0 0 5 0 0 0 0 0 0 0 9 0 0 0 0 0 0 0 6 12 16 0 0 0 0 5 0 8 22 13 0
P8374 2074 2 0 0 0 0 0 0 0 0 9 13 4 0 0 0 0 0 3 0 0 0 0 0 0 0 0 0 12 5 -999 -999 -999
P8374 2074 3 0 0 0 0 0 0 0 0 0 0 0 0 0 0 0 0 0 0 0 0 0 6 0 0 0 0 0 0 0 0 6
P8374 2074 4 36 17 0 0 0 0 0 0 0 0 0 0 0 0 0 0 0 0 0 0 0 0 0 0 9 21 31 14 13 5 -999
P8374 2074 5 0 0 11 21 103 121 85 31 15 56 88 84 34 9 8 6 8 8 7 8 15 12 6 0 0 0 0 0 0 18 12
P8374 2074 6 0 0 0 0 0 0 0 0 0 0 0 0 0 0 0 0 0 10 20 30 0 0 0 0 0 0 0 0 0 0 -999
P8374 2074 7 0 0 55 37 0 0 0 0 0 0 0 0 0 0 0 0 0 0 0 0 0 0 0 0 0 0 0 0 0 0 0
P8374 2074 8 0 0 0 0 0 0 0 0 0 9 0 0 13 14 13 0 0 0 0 0 0 0 0 0 0 0 0 0 0 0 0
P8374 2074 9 0 0 0 0 0 0 0 0 34 49 0 0 0 0 0 0 0 0 15 0 0 0 0 15 12 64 60 36 0 0 -999
P8374 2074 10 0 0 9 18 0 0 0 6 68 38 6 0 0 0 15 29 11 7 47 40 11 0 0 0 0 0 0 0 0 14 8
P8374 2074 11 0 6 0 5 3 0 0 0 0 13 21 41 0 19 11 0 20 59 126 100 126 111 33 18 14 31 34 29 23 48 -999
P8374 2074 12 5 0 0 33 0 0 0 0 0 0 0 9 10 56 52 32 42 8 6 0 0 9 33 19 45 55 40 62 46 10 3
P8374 2075 1 50 104 145 39 32 6 6 8 7 4 4 3 0 9 6 4 6 12 0 0 0 0 0 0 0 19 14 0 8 11 35
P8374 2075 2 12 4 0 0 0 18 8 13 9 0 6 6 0 0 6 0 0 4 0 0 55 63 42 8 0 0 5 0 -999 -999 -999
P8374 2075 3 0 4 4 0 14 82 43 0 0 22 26 0 64 12 14 11 8 4 9 11 10 24 38 16 11 4 0 0 15 6 0
P8374 2075 4 21 10 5 0 0 0 0 0 6 5 0 0 0 0 0 0 12 0 0 12 5 0 0 0 0 0 0 39 28 0 -999
P8374 2075 5 0 0 63 72 14 36 37 22 23 19 16 28 57 40 18 9 13 57 31 96 20 8 15 0 0 0 0 0 0 0 0
P8374 2075 6 0 0 5 0 0 15 0 0 0 0 0 0 12 0 0 0 0 0 0 0 0 0 0 0 0 0 0 0 0 0 -999
P8374 2075 7 0 0 0 0 0 0 0 0 0 0 0 0 0 35 90 31 0 13 0 0 0 0 0 0 0 0 0 0 0 0 0
P8374 2075 8 0 0 0 0 0 0 0 0 0 0 0 0 0 0 0 0 45 33 0 0 0 19 26 0 0 30 18 0 8 0 0
P8374 2075 9 0 0 0 0 0 0 0 0 0 0 0 0 0 0 0 26 0 0 0 0 0 0 0 0 0 0 15 0 25 22 -999
P8374 2075 10 27 20 34 55 9 0 0 0 18 8 0 0 0 0 0 0 0 0 32 69 10 9 9 0 6 0 0 18 23 18 0
P8374 2075 11 0 13 44 38 73 66 35 84 47 21 4 6 7 5 4 6 7 18 15 0 0 0 0 0 0 0 0 25 45 0 -999
P8374 2075 12 12 0 7 14 7 0 0 14 46 59 13 13 11 4 0 0 0 6 0 0 0 0 12 13 6 5 17 14 0 0 0
P8374 2076 1 0 0 0 0 40 23 6 0 0 0 0 0 0 0 0 10 0 0 0 4 0 0 0 0 0 0 0 8 23 10 6
P8374 2076 2 0 0 8 5 0 0 0 5 27 15 5 0 0 5 7 0 0 0 0 5 6 7 0 0 0 0 0 3 -999 -999 -999
P8374 2076 3 0 3 17 0 0 6 17 8 11 66 78 44 17 22 12 10 14 55 22 0 0 0 0 0 0 0 0 0 0 0 0
P8374 2076 4 0 0 6 9 7 6 0 0 0 0 0 0 20 0 0 0 7 0 0 23 44 56 67 53 9 0 21 27 11 0 -999
P8374 2076 5 12 64 74 31 12 6 0 0 15 0 0 10 56 39 22 13 5 15 24 45 54 51 48 29 9 0 36 50 21 13 18
P8374 2076 6 18 29 19 0 0 8 14 54 35 12 0 0 0 0 0 18 31 34 0 0 0 10 21 11 15 14 8 0 0 0 -999
P8374 2076 7 0 0 23 29 17 12 0 15 22 0 0 0 0 0 0 0 0 0 0 0 0 0 0 0 0 0 0 0 0 0 0
P8374 2076 8 0 0 0 0 0 0 0 0 0 0 0 0 0 0 0 0 0 0 0 0 0 0 0 0 0 0 0 0 0 0 0
P8374 2076 9 0 0 0 0 0 0 0 0 0 0 0 0 0 0 0 0 44 28 0 0 0 0 24 34 0 0 0 19 73 22 -999
P8374 2076 10 0 0 22 0 0 0 0 0 0 0 0 43 73 47 65 11 6 7 15 0 6 15 22 21 8 0 0 0 11 0 0
P8374 2076 11 0 0 14 14 0 0 0 0 0 0 0 19 34 68 70 39 66 116 16 22 0 0 0 0 13 12 0 0 0 0 -999
P8374 2076 12 0 0 0 0 0 0 0 0 8 37 0 0 10 0 0 14 40 73 0 0 0 0 0 0 0 0 0 0 0 0 10
P8374 2077 1 77 49 0 0 0 0 5 0 0 0 0 0 6 8 19 0 0 0 5 56 37 38 29 62 61 5 17 4 3 0 0
P8374 2077 2 0 4 0 0 0 22 60 59 69 16 0 0 0 0 0 0 0 0 0 0 0 0 0 0 0 0 0 0 -999 -999 -999
P8374 2077 3 0 0 0 0 0 6 0 0 0 0 0 10 11 25 12 14 0 53 118 44 45 20 16 29 33 6 13 7 6 17 10
P8374 2077 4 16 9 0 0 0 0 0 0 10 7 0 3 0 3 3 0 0 0 0 0 0 0 0 0 0 6 6 0 0 0 -999
P8374 2077 5 0 0 0 0 0 28 138 140 63 16 14 16 10 8 0 0 0 0 0 0 0 0 0 104 69 77 28 0 0 0 0
P8374 2077 6 0 9 18 23 19 0 0 0 0 0 86 107 68 34 17 0 0 0 0 0 0 0 0 0 0 0 0 0 0 0 -999
P8374 2077 7 0 0 0 0 0 0 0 0 0 0 0 0 0 0 0 0 0 0 0 0 0 0 0 0 0 0 0 0 0 0 0
P8374 2077 8 0 0 0 0 0 0 0 0 0 0 0 0 0 0 0 0 0 0 0 0 0 0 0 0 0 0 0 0 0 0 0
P8374 2077 9 0 0 0 0 0 0 0 0 0 0 0 0 0 0 0 0 0 0 0 0 0 0 0 0 0 0 0 0 0 25 -999
P8374 2077 10 63 15 32 28 15 30 26 0 0 6 12 6 0 0 0 0 0 0 0 0 0 21 35 5 0 0 4 14 34 15 8
P8374 2077 11 6 5 15 38 72 29 34 45 24 20 17 39 37 51 87 19 3 8 7 0 0 0 0 0 0 0 0 0 0 0 -999
P8374 2077 12 0 0 0 0 0 4 0 7 0 9 23 4 0 0 4 7 8 14 77 14 3 0 0 11 13 14 12 6 0 0 11
P8374 2078 1 10 0 14 0 0 7 0 0 4 0 0 0 0 0 0 0 0 0 0 0 0 0 31 6 20 0 0 0 0 0 0
P8374 2078 2 0 0 0 0 0 0 21 23 0 0 5 9 29 10 4 22 8 5 6 6 10 7 7 17 3 4 7 11 -999 -999 -999
P8374 2078 3 21 38 87 63 11 13 11 8 6 0 29 70 15 12 11 8 0 0 0 0 0 4 0 4 3 9 0 0 0 13 8
P8374 2078 4 4 6 22 25 20 56 67 15 14 5 0 0 0 0 0 17 13 48 102 23 5 0 0 0 13 7 5 5 43 53 -999
P8374 2078 5 23 17 7 0 17 18 9 8 7 0 0 0 46 126 61 21 61 52 74 19 0 0 0 7 0 0 0 0 0 6 14
P8374 2078 6 7 0 0 0 11 0 0 0 0 0 0 0 0 0 0 0 0 0 0 0 0 0 0 0 0 0 0 0 0 0 -999
P8374 2078 7 0 0 0 0 0 0 0 0 0 0 0 0 0 0 0 0 0 0 0 0 0 0 0 0 0 0 0 0 0 0 0
P8374 2078 8 0 0 0 0 0 0 0 0 0 0 0 0 0 0 0 0 0 0 0 0 0 0 0 0 0 0 0 29 24 35 29
P8374 2078 9 0 0 0 48 0 0 0 0 0 0 0 0 0 36 0 0 48 0 0 0 0 0 0 32 0 0 0 0 0 0 -999
P8374 2078 10 0 0 0 0 0 0 16 9 0 0 0 0 0 0 0 0 0 0 0 0 0 0 0 13 15 24 37 19 7 11 17
P8374 2078 11 16 0 12 27 23 7 0 0 6 11 61 0 0 0 0 0 5 24 0 0 0 0 0 0 0 0 5 6 35 7 -999
P8374 2078 12 12 4 7 8 5 0 0 0 7 3 0 4 4 4 28 68 25 10 4 0 0 0 0 0 0 14 10 27 16 6 9
P8374 2079 1 26 0 0 6 57 21 19 18 0 0 0 8 0 0 0 0 0 0 0 0 0 0 0 0 0 0 0 12 0 0 0
P8374 2079 2 0 0 0 0 9 28 30 20 21 12 10 10 43 65 39 15 6 0 0 0 45 35 25 53 24 21 106 125 -999 -999 -999
P8374 2079 3 34 26 56 7 0 0 0 0 0 0 0 12 15 16 22 20 6 6 10 17 59 102 51 18 9 0 0 0 0 0 9
P8374 2079 4 45 136 86 31 38 9 9 10 9 0 0 11 15 0 0 0 0 0 0 4 5 0 0 5 11 10 8 5 6 9 -999
P8374 2079 5 30 88 31 49 29 0 0 0 0 0 0 0 0 0 47 80 46 0 0 0 0 0 0 0 0 63 28 0 0 0 0
P8374 2079 6 0 0 0 0 0 0 0 0 0 0 0 0 0 0 0 0 0 0 0 0 0 0 0 0 0 0 0 0 30 0 -999
P8374 2079 7 0 0 0 0 0 0 0 0 0 0 0 18 9 0 23 0 0 0 0 0 0 0 0 0 0 0 0 0 0 0 0
P8374 2079 8 0 0 0 0 0 0 0 0 0 0 0 0 0 0 0 28 0 0 0 0 0 0 0 0 0 0 0 0 0 0 0
P8374 2079 9 0 0 0 0 0 0 0 0 0 0 0 0 0 0 0 0 39 0 0 0 0 0 0 0 0 0 0 0 0 0 -999
P8374 2079 10 42 68 69 63 43 28 0 25 18 0 0 0 0 8 0 0 0 20 23 25 29 17 16 7 7 0 0 0 6 0 0
P8374 2079 11 0 0 22 0 6 0 0 0 0 0 0 0 0 0 0 0 0 0 0 0 0 0 0 0 0 0 13 6 0 10 -999
P8374 2079 12 45 22 0 0 0 7 0 0 0 0 0 0 0 0 5 14 10 6 7 9 0 0 0 0 0 0 0 0 0 7 0
P8374 2080 1 0 0 0 0 0 0 0 0 0 0 8 5 13 12 49 10 5 10 16 27 64 50 8 18 18 0 0 5 14 0 4
P8374 2080 2 0 0 0 0 7 8 0 0 0 0 6 23 46 7 0 0 0 0 0 0 14 35 11 46 0 0 0 0 -999 -999 -999
P8374 2080 3 0 0 0 0 0 0 0 0 0 0 0 0 0 0 0 0 0 0 0 0 0 5 0 0 0 0 0 0 0 0 0
P8374 2080 4 0 10 12 36 51 30 68 16 12 12 17 15 7 6 7 14 17 28 21 14 10 6 7 12 27 35 22 12 10 5 -999
P8374 2080 5 28 134 64 28 7 0 0 7 0 0 0 0 0 0 0 0 0 18 24 0 0 0 14 16 0 0 0 0 0 78 83
P8374 2080 6 19 17 30 29 12 7 7 16 35 20 4 0 0 32 110 48 19 0 0 0 0 0 0 0 0 0 0 0 0 0 -999
P8374 2080 7 0 0 0 0 0 0 0 0 0 0 0 0 0 0 0 0 0 0 0 0 0 0 0 0 0 0 0 0 0 0 0
P8374 2080 8 0 0 0 0 0 0 54 43 0 20 24 18 0 0 0 0 0 0 0 0 0 0 57 51 28 31 12 0 0 0 0
P8374 2080 9 0 0 0 0 0 0 0 0 0 61 80 64 31 43 16 13 0 0 0 0 0 0 14 25 30 17 25 6 0 0 -999
P8374 2080 10 0 0 0 0 0 0 0 0 0 0 0 8 14 9 0 0 14 19 0 0 0 0 0 20 0 0 32 21 0 0 0
P8374 2080 11 0 0 0 0 0 67 79 6 13 13 33 8 9 5 0 0 16 0 0 0 0 0 0 0 10 0 7 8 11 4 -999
P8374 2080 12 5 0 0 0 0 0 0 4 7 0 23 74 70 24 6 0 0 0 0 0 0 0 0 14 66 122 111 16 12 6 23
P8374 2081 1 23 6 33 28 0 0 0 0 0 0 0 0 0 15 0 0 4 0 8 38 55 22 0 0 0 0 0 0 0 0 0
P8374 2081 2 7 16 28 92 61 102 15 6 0 4 0 0 0 0 0 0 0 9 6 6 0 0 16 19 0 0 6 24 -999 -999 -999
P8374 2081 3 0 0 0 0 0 0 0 0 0 0 3 3 6 9 49 27 42 10 5 8 9 37 74 10 0 33 67 62 24 5 14
P8374 2081 4 127 53 32 9 23 21 10 35 34 10 0 0 0 5 0 0 0 0 7 0 0 10 17 15 19 18 23 15 12 17 -999
P8374 2081 5 32 25 11 8 7 7 27 11 3 5 19 4 0 0 0 0 0 0 0 0 0 10 9 14 11 15 22 71 78 25 9
P8374 2081 6 0 0 0 0 0 7 13 42 19 33 91 29 0 0 0 0 0 0 13 23 18 0 0 0 0 0 0 0 0 0 -999
P8374 2081 7 0 0 0 0 0 0 0 0 0 0 0 0 0 0 0 0 0 0 0 0 0 0 0 0 0 0 0 0 0 0 0
P8374 2081 8 0 0 0 23 23 21 0 0 0 0 0 0 0 30 50 0 0 0 0 0 0 0 0 0 0 0 0 0 0 0 0
P8374 2081 9 0 0 0 0 0 0 0 0 0 0 0 0 0 0 0 0 0 25 32 0 0 0 0 0 0 35 0 0 0 0 -999
P8374 2081 10 0 0 20 30 18 0 0 0 0 0 70 84 88 51 28 31 69 77 119 39 18 8 0 0 0 0 0 7 6 7 0
P8374 2081 11 15 11 0 48 55 19 6 0 0 0 17 23 0 0 0 0 14 33 15 17 93 28 8 16 6 0 0 0 0 9 -999
P8374 2081 12 7 7 0 0 0 8 9 12 28 12 0 0 15 0 0 0 0 0 0 0 9 48 14 0 0 8 22 40 12 4 0
P8374 2082 1 0 18 48 15 13 3 10 13 10 20 10 0 0 0 0 8 0 0 0 0 0 0 0 0 0 0 0 12 0 32 37
P8374 2082 2 7 0 0 0 16 58 0 3 0 0 0 10 8 0 0 0 0 0 5 8 0 0 0 0 0 4 5 11 -999 -999 -999
P8374 2082 3 0 0 6 17 19 9 0 0 0 28 28 26 0 4 3 10 10 6 12 34 6 0 32 13 15 4 5 8 38 26 97
P8374 2082 4 96 41 125 141 42 9 21 36 44 76 70 12 45 16 0 0 0 0 26 33 125 125 63 26 36 14 22 32 37 29 -999
P8374 2082 5 18 15 0 0 0 0 0 0 0 0 0 0 0 0 0 0 0 0 0 0 0 0 0 25 10 0 0 0 0 0 0
P8374 2082 6 0 0 17 15 0 0 17 31 23 42 14 10 0 12 0 0 0 43 70 15 29 0 0 0 0 0 0 0 0 0 -999
P8374 2082 7 0 0 0 30 0 0 0 0 0 0 0 0 0 0 0 0 0 0 0 0 0 0 0 0 0 0 0 0 0 0 0
P8374 2082 8 0 0 0 0 0 0 0 0 0 0 0 0 0 0 0 55 0 0 0 0 0 0 16 0 0 33 0 0 0 0 0
P8374 2082 9 0 0 0 0 0 26 0 0 0 0 0 0 0 0 0 0 0 15 16 17 30 74 102 58 41 0 0 0 0 27 -999
P8374 2082 10 0 0 0 0 0 0 117 45 0 0 0 0 0 0 0 0 5 10 83 109 19 42 33 44 0 0 0 0 0 0 0
P8374 2082 11 0 0 0 0 14 0 0 0 5 8 0 11 0 0 0 23 56 8 0 0 12 36 13 18 51 107 44 4 5 31 -999
P8374 2082 12 7 5 8 21 0 5 60 0 0 0 0 0 0 0 11 0 0 0 0 0 0 0 0 0 0 0 0 0 0 0 0
P8374 2083 1 0 0 7 0 0 0 5 7 6 12 3 0 0 7 10 9 12 57 25 42 80 73 74 71 9 0 0 0 0 0 45
P8374 2083 2 0 8 6 5 0 0 0 0 9 21 14 29 29 28 5 0 7 50 46 109 18 6 7 0 0 0 0 0 -999 -999 -999
P8374 2083 3 16 6 0 0 0 0 9 12 6 0 0 0 0 0 0 0 0 0 0 4 6 0 4 4 0 0 0 7 25 14 17
P8374 2083 4 29 46 45 37 28 4 4 0 0 12 35 8 0 0 0 23 0 0 15 22 28 25 13 11 14 0 0 0 0 0 -999
P8374 2083 5 0 0 0 0 38 32 0 0 0 0 0 0 36 48 57 47 33 0 14 7 0 19 44 0 0 0 0 26 11 0 0
P8374 2083 6 9 0 0 0 0 0 0 0 0 0 0 0 0 0 0 0 0 0 0 0 10 14 0 0 45 36 0 35 0 0 -999
P8374 2083 7 0 0 0 0 37 0 0 0 0 0 0 0 0 0 0 0 0 0 0 0 0 0 0 0 0 0 0 14 12 0 0
P8374 2083 8 0 0 37 29 0 0 0 0 0 0 0 0 0 0 0 0 0 0 0 0 0 0 0 0 0 0 0 0 0 0 0
P8374 2083 9 0 0 0 0 0 0 0 0 0 0 0 0 0 0 0 0 0 0 0 0 0 0 0 0 0 0 0 0 0 0 -999
P8374 2083 10 0 43 54 0 11 22 0 0 0 0 0 0 0 0 0 0 0 0 0 0 0 0 0 0 22 11 0 0 0 0 0
P8374 2083 11 0 7 7 16 0 0 0 0 0 19 0 0 0 26 33 9 4 6 5 6 7 7 0 11 53 15 13 9 8 7 -999
P8374 2083 12 0 0 0 0 0 0 5 9 6 0 0 5 5 0 0 0 19 11 7 0 0 0 0 0 0 0 0 0 0 6 6
P8374 2084 1 0 3 2 5 0 0 0 0 0 0 0 0 6 5 0 0 0 0 11 0 0 5 24 37 5 19 4 0 0 0 7
P8374 2084 2 16 0 0 0 18 11 0 0 0 0 0 0 0 7 0 0 0 6 10 19 30 6 5 49 42 13 80 68 -999 -999 -999
P8374 2084 3 5 14 26 20 38 90 42 23 0 17 69 82 92 113 14 33 53 67 38 4 6 0 0 0 0 0 0 0 12 17 46
P8374 2084 4 34 10 26 35 63 25 3 0 8 6 43 48 6 0 8 4 4 0 0 0 0 0 0 0 0 0 0 0 0 0 -999
P8374 2084 5 0 0 0 0 14 0 8 18 36 8 0 0 25 0 0 7 0 0 0 0 0 0 60 60 46 34 37 57 20 8 7
P8374 2084 6 6 0 0 0 0 0 0 0 0 0 19 0 0 30 25 18 0 0 0 0 0 0 0 17 0 0 0 0 0 0 -999
P8374 2084 7 0 0 0 0 0 0 0 0 0 0 0 0 0 0 0 0 0 0 0 0 0 0 0 0 0 0 0 0 0 0 0
P8374 2084 8 0 0 0 0 0 0 0 0 0 0 0 0 0 0 0 0 0 0 12 13 12 0 0 0 0 0 0 0 0 0 0
P8374 2084 9 0 0 0 0 0 0 0 17 0 0 0 0 0 0 0 41 0 0 41 0 0 0 0 39 0 0 0 0 0 0 -999
P8374 2084 10 0 0 0 0 0 0 0 0 9 10 0 5 0 0 0 9 15 21 30 28 16 0 0 11 26 7 4 7 11 7 0
P8374 2084 11 0 0 0 0 15 17 12 12 8 48 145 71 13 33 45 13 9 0 0 0 0 0 16 0 0 0 0 0 0 0 -999
P8374 2084 12 7 8 14 6 13 4 9 0 0 0 0 0 0 0 0 0 0 0 0 0 0 0 0 6 0 6 12 14 5 98 20
P8374 2085 1 0 0 0 0 0 0 0 0 0 0 0 0 8 28 12 6 0 0 0 0 0 0 0 0 0 0 5 8 0 0 0
P8374 2085 2 0 0 0 0 9 0 0 0 3 0 0 0 0 0 0 0 0 22 0 0 0 0 0 0 0 0 0 21 -999 -999 -999
P8374 2085 3 0 0 0 0 0 0 0 0 0 0 0 0 38 0 0 0 0 0 18 29 4 27 9 8 4 4 0 0 0 0 43
P8374 2085 4 15 7 5 16 4 0 0 0 0 0 0 0 14 9 15 31 7 0 0 0 0 0 0 0 0 8 11 28 12 13 -999
P8374 2085 5 8 27 19 62 76 29 10 9 9 25 80 80 70 40 15 18 18 18 27 25 27 18 7 0 6 12 7 7 0 0 0
P8374 2085 6 0 0 0 0 0 12 29 41 31 38 36 20 0 0 0 0 0 0 0 0 24 20 0 0 0 0 50 45 0 0 -999
P8374 2085 7 0 0 0 0 0 0 0 0 0 0 0 0 0 0 0 0 0 0 0 13 14 0 0 0 0 0 0 0 0 0 0
P8374 2085 8 0 0 0 0 0 0 0 0 0 0 0 0 0 0 0 0 0 0 0 0 0 0 0 0 0 0 0 0 0 0 0
P8374 2085 9 0 0 0 0 0 0 0 0 0 0 0 0 0 0 0 0 0 0 0 0 0 0 0 18 22 21 22 0 8 12 -999
P8374 2085 10 16 24 26 0 0 30 18 20 24 55 60 43 86 110 104 72 42 95 58 11 9 0 0 16 21 30 8 8 0 0 0
P8374 2085 11 0 0 11 97 80 10 0 0 0 5 0 0 6 15 0 0 0 0 7 12 13 21 25 16 45 43 8 7 0 0 -999
P8374 2085 12 0 16 14 9 4 12 13 0 0 0 0 0 0 0 0 0 0 0 0 0 0 0 0 22 37 73 51 21 18 16 15
P8374 2086 1 34 64 121 102 90 58 38 69 24 0 0 0 17 0 0 0 0 0 0 0 0 0 0 0 0 4 8 0 0 0 0
P8374 2086 2 0 0 0 0 0 4 10 0 0 0 0 0 0 0 0 0 0 0 14 4 24 7 6 18 34 45 41 13 -999 -999 -999
P8374 2086 3 6 5 6 0 0 0 0 0 0 0 12 9 12 0 0 0 0 0 0 7 0 0 0 0 0 0 0 0 0 0 0
P8374 2086 4 40 39 33 11 0 0 0 0 66 107 34 15 22 16 60 64 26 69 44 41 67 17 15 17 31 53 71 66 75 33 -999
P8374 2086 5 0 29 62 95 38 4 0 0 16 7 5 0 0 0 13 42 68 23 21 20 35 36 22 12 26 27 0 0 0 0 0
P8374 2086 6 5 8 0 0 0 0 0 0 0 0 0 0 0 0 13 11 0 0 11 14 33 10 0 0 0 0 0 34 0 0 -999
P8374 2086 7 0 0 0 0 0 0 0 0 0 0 0 0 0 0 0 0 0 0 0 0 0 0 0 0 0 0 0 0 0 0 0
P8374 2086 8 0 0 0 0 0 0 0 0 0 0 0 0 0 0 0 0 0 0 0 0 0 0 0 0 0 0 0 0 8 0 0
P8374 2086 9 0 0 0 0 0 0 0 0 0 0 17 21 39 19 14 15 19 14 0 0 0 0 0 0 0 0 0 0 9 0 -999
P8374 2086 10 0 0 0 21 20 0 0 0 0 0 0 0 0 0 79 89 85 40 27 20 0 18 0 11 21 63 26 0 0 12 0
P8374 2086 11 0 0 0 0 0 0 11 20 17 8 0 8 9 6 9 56 97 89 9 12 7 7 6 6 4 0 0 25 31 5 -999
P8374 2086 12 14 0 0 0 0 15 31 26 7 5 0 0 0 0 0 0 0 0 0 7 0 0 0 0 0 0 0 0 0 0 0
P8374 2087 1 0 8 24 21 13 0 0 0 0 0 0 0 0 0 16 69 110 14 0 9 15 0 13 85 58 26 25 27 79 73 12
P8374 2087 2 16 0 0 7 60 97 24 6 0 0 0 0 0 0 0 0 0 0 0 0 24 0 0 0 0 0 0 0 -999 -999 -999
P8374 2087 3 0 0 0 0 0 0 0 0 5 0 0 0 0 0 11 72 53 8 0 14 43 17 8 0 0 0 24 72 57 14 6
P8374 2087 4 0 0 0 0 7 18 17 0 0 0 0 10 7 0 0 0 0 0 8 9 0 0 0 0 0 0 0 0 0 0 -999
P8374 2087 5 0 0 0 0 0 19 0 0 30 32 29 10 7 4 0 11 16 0 0 0 15 0 0 0 0 9 27 33 21 9 5
P8374 2087 6 0 0 0 0 0 0 0 0 51 39 16 15 0 0 0 0 0 0 0 0 0 0 0 0 0 0 0 0 0 0 -999
P8374 2087 7 0 0 0 0 0 0 0 0 0 0 0 0 0 0 0 0 0 0 0 0 0 0 0 0 0 0 0 0 0 0 0
P8374 2087 8 20 28 0 0 0 0 0 0 0 0 0 0 0 0 0 0 0 0 0 0 0 0 24 13 0 0 0 0 0 0 0
P8374 2087 9 0 0 0 0 45 39 0 0 0 0 0 0 0 0 0 0 0 0 0 0 0 46 0 0 14 9 12 27 11 5 -999
P8374 2087 10 14 16 0 0 0 0 0 0 0 0 0 0 0 0 0 0 0 8 17 42 21 31 48 28 37 0 0 0 0 0 0
P8374 2087 11 0 0 0 0 0 0 7 17 0 25 7 8 17 10 6 36 6 13 0 0 0 12 0 0 0 0 0 0 0 21 -999
P8374 2087 12 33 50 15 13 12 0 7 32 10 0 0 9 9 6 8 10 6 5 13 40 13 0 0 0 0 0 0 0 0 0 0
P8374 2088 1 0 0 0 0 0 0 0 21 45 32 9 7 7 17 5 14 25 9 7 34 22 5 33 7 8 8 14 29 42 121 71
P8374 2088 2 13 14 0 4 6 6 4 0 0 0 0 0 0 0 0 0 0 0 16 0 16 39 36 0 0 0 0 0 -999 -999 -999
P8374 2088 3 0 0 0 0 0 0 12 33 28 11 4 6 11 8 8 43 35 17 34 54 21 6 7 2 3 5 5 0 0 0 0
P8374 2088 4 0 0 0 0 10 0 0 0 0 22 3 0 0 7 14 17 19 0 0 0 0 0 0 0 0 0 0 0 12 0 -999
P8374 2088 5 0 65 52 0 0 0 0 9 0 0 0 31 90 20 9 13 23 20 16 17 0 0 0 0 0 0 0 0 0 0 0
P8374 2088 6 0 0 0 0 0 0 0 10 0 0 0 0 0 0 0 0 0 0 0 0 0 0 0 0 0 36 55 22 0 0 -999
P8374 2088 7 0 0 0 22 0 0 0 0 0 0 0 0 0 0 0 0 0 0 0 0 0 0 0 16 0 0 0 0 0 0 0
P8374 2088 8 0 0 0 0 0 0 0 0 0 0 0 0 0 0 0 0 0 0 0 0 0 0 0 0 0 0 0 0 0 0 0
P8374 2088 9 0 0 0 0 0 0 0 0 0 0 0 0 0 0 0 0 0 0 0 0 0 0 0 0 0 0 0 0 0 0 -999
P8374 2088 10 0 0 0 0 24 42 59 89 85 59 40 9 7 46 72 99 67 16 7 0 0 0 0 0 5 4 0 0 0 0 0
P8374 2088 11 6 6 12 107 120 28 55 9 6 18 28 7 0 0 5 14 0 0 0 0 0 0 0 0 0 0 0 13 4 0 -999
P8374 2088 12 6 21 35 16 91 99 68 12 0 0 0 0 0 0 0 0 0 0 0 0 0 0 0 0 0 0 7 0 0 0 7
P8374 2089 1 11 7 0 0 0 0 0 15 10 0 11 4 3 0 2 3 0 3 4 13 18 6 69 54 9 9 5 0 4 4 18
P8374 2089 2 12 6 10 6 10 31 5 4 0 0 58 20 0 0 30 65 74 20 48 0 0 0 0 0 0 18 21 47 -999 -999 -999
P8374 2089 3 36 32 0 0 0 0 0 0 0 0 0 0 12 4 3 0 9 28 21 4 0 0 0 0 0 0 0 0 49 40 12
P8374 2089 4 0 0 0 0 0 25 11 19 21 74 34 0 0 0 19 34 26 13 0 0 74 29 0 0 0 0 40 46 67 73 -999
P8374 2089 5 21 28 20 0 0 0 0 0 32 22 0 0 0 0 0 0 0 0 0 18 38 0 0 9 0 0 0 0 0 0 38
P8374 2089 6 21 22 25 19 21 53 0 37 79 104 50 0 0 0 0 0 0 0 0 0 0 0 0 40 33 29 31 23 0 0 -999
P8374 2089 7 0 0 0 0 0 0 0 0 0 0 0 0 0 0 0 0 0 0 0 0 0 0 0 0 0 0 0 0 0 0 0
P8374 2089 8 0 0 0 0 0 0 0 0 0 0 0 0 0 0 0 0 0 0 0 0 0 0 0 0 0 0 0 0 0 0 0
P8374 2089 9 0 0 0 0 0 0 0 0 0 0 78 65 0 0 0 0 0 0 0 9 0 0 0 0 0 0 0 0 0 0 -999
P8374 2089 10 0 0 0 0 0 0 0 0 0 0 34 74 138 149 133 16 11 18 16 16 26 31 0 8 28 64 0 0 0 0 0
P8374 2089 11 0 0 0 0 0 0 41 23 8 0 0 7 13 0 0 0 15 8 9 12 23 45 94 0 0 0 0 0 11 24 -999
P8374 2089 12 5 8 5 5 4 0 0 4 8 9 25 6 0 0 0 3 4 13 4 13 15 4 4 0 0 0 0 0 0 10 55
P8374 2090 1 22 0 0 0 0 0 5 19 31 36 23 0 0 0 0 0 0 0 3 3 6 12 10 11 5 29 17 0 0 0 0
P8374 2090 2 0 0 47 31 0 0 0 0 0 0 14 6 10 14 23 25 5 4 3 6 14 48 4 0 0 5 12 97 -999 -999 -999
P8374 2090 3 70 4 0 0 0 0 0 43 45 25 6 29 58 9 4 5 8 7 0 0 5 25 14 0 8 11 0 0 0 0 0
P8374 2090 4 0 0 74 49 114 115 58 24 6 0 0 10 27 0 0 0 24 78 12 0 0 0 0 0 0 0 0 0 17 32 -999
P8374 2090 5 85 91 14 8 0 0 0 0 0 21 17 5 0 0 0 20 50 53 30 16 30 22 10 0 0 0 11 0 0 43 48
P8374 2090 6 0 0 9 11 59 44 25 26 42 45 56 28 0 0 0 0 0 0 0 5 0 0 0 20 13 19 13 22 0 0 -999
P8374 2090 7 0 0 0 0 0 0 0 0 0 0 0 0 0 0 0 0 0 0 10 15 0 0 0 0 0 0 0 0 0 0 0
P8374 2090 8 0 0 0 0 0 0 0 0 0 0 0 0 0 0 0 0 0 0 0 0 0 0 0 0 22 22 0 0 0 0 0
P8374 2090 9 0 0 0 0 28 40 34 0 0 0 0 0 0 0 0 0 0 0 0 0 0 0 12 16 16 0 0 0 54 0 -999
P8374 2090 10 0 0 27 0 0 0 33 69 55 9 9 5 0 0 0 0 0 10 20 0 0 0 21 44 0 0 29 28 0 4 21
P8374 2090 11 27 11 8 3 4 0 0 0 0 0 0 19 0 0 0 0 0 0 0 0 0 0 0 0 0 0 13 23 53 46 -999
P8374 2090 12 40 62 32 32 33 17 7 0 0 32 110 137 118 24 11 0 0 0 0 0 0 0 0 13 0 0 0 0 0 0 0
P8374 2091 1 7 0 0 0 0 15 13 0 0 0 0 0 3 11 13 22 7 4 5 16 22 11 8 0 14 34 61 92 74 21 0
P8374 2091 2 0 13 12 7 20 26 17 24 13 6 6 0 5 6 26 4 6 0 0 0 0 0 0 0 0 0 0 16 -999 -999 -999
P8374 2091 3 8 9 7 0 0 0 0 0 12 0 0 0 0 0 0 0 0 0 0 9 13 0 7 0 8 0 0 0 0 4 0
P8374 2091 4 0 0 5 0 0 0 35 0 0 0 0 0 0 0 0 0 0 0 11 15 99 29 9 13 90 158 43 0 0 10 -999
P8374 2091 5 6 7 13 59 19 34 38 57 11 12 30 60 37 54 25 27 28 22 20 7 0 0 0 0 0 0 0 0 0 0 0
P8374 2091 6 0 0 0 0 16 0 0 20 9 0 0 6 9 27 27 35 17 0 0 0 0 0 0 0 0 0 50 74 41 0 -999
P8374 2091 7 0 0 0 0 0 0 0 35 22 0 0 0 0 0 0 0 0 0 0 0 0 0 0 0 0 0 0 0 0 0 0
P8374 2091 8 0 0 0 0 0 0 0 0 0 0 0 0 0 0 0 0 0 0 0 0 0 0 0 0 0 0 0 0 0 0 0
P8374 2091 9 0 0 0 0 0 0 37 0 0 0 0 0 35 47 18 22 50 57 51 44 87 36 17 0 15 38 0 0 0 0 -999
P8374 2091 10 0 0 0 0 0 58 53 30 26 31 0 11 0 0 0 0 0 0 0 0 0 0 27 59 102 102 68 28 38 98 18
P8374 2091 11 45 15 15 38 24 12 42 103 34 20 19 66 66 43 13 10 5 20 10 8 10 5 0 0 0 0 0 0 0 0 -999
P8374 2091 12 0 0 0 0 0 6 0 0 6 5 0 0 0 36 72 19 0 0 0 0 0 0 0 0 0 0 0 0 0 0 0
P8374 2092 1 0 0 0 0 0 0 0 0 0 0 11 10 14 23 0 0 0 0 0 0 0 0 0 36 13 4 10 0 0 4 13
P8374 2092 2 0 0 0 0 0 9 13 0 0 0 0 0 0 0 0 0 0 0 0 10 5 15 7 6 0 0 0 4 -999 -999 -999
P8374 2092 3 4 7 0 0 0 0 0 0 0 0 0 0 0 0 0 0 8 10 54 25 0 0 0 0 0 0 0 0 0 0 0
P8374 2092 4 0 0 0 0 0 0 7 79 39 28 6 0 7 4 0 0 0 7 0 9 63 16 8 0 0 0 0 0 0 8 -999
P8374 2092 5 0 0 0 0 0 0 0 0 13 41 41 22 0 0 0 0 0 0 0 0 0 0 0 0 0 0 0 0 0 11 0
P8374 2092 6 0 50 48 31 0 0 0 0 68 0 0 0 0 0 0 70 89 68 0 0 0 0 0 0 0 0 0 0 0 21 -999
P8374 2092 7 19 0 0 0 0 0 0 0 0 0 0 0 0 0 0 0 0 0 0 0 0 0 0 0 0 0 0 0 0 0 0
P8374 2092 8 0 0 0 0 0 0 0 0 0 0 0 0 0 0 0 0 0 0 0 0 0 0 0 0 0 0 0 0 0 30 37
P8374 2092 9 0 0 0 0 0 0 0 0 0 0 0 0 0 0 0 0 0 0 0 0 0 0 0 56 109 103 66 0 0 32 -999
P8374 2092 10 106 88 37 0 0 0 0 0 0 0 0 0 0 0 5 0 0 0 0 0 0 0 0 0 0 7 0 0 0 0 6
P8374 2092 11 0 0 0 0 6 7 7 17 56 0 0 0 8 13 8 5 0 0 0 14 0 0 6 24 56 9 0 5 10 0 -999
P8374 2092 12 0 19 11 15 23 41 43 31 58 52 16 0 0 0 0 0 0 0 0 0 0 0 0 0 0 0 5 35 18 10 0
P8374 2093 1 0 0 0 0 0 0 20 24 29 12 9 5 6 4 0 6 11 0 0 0 0 0 0 0 0 0 0 0 13 4 0
P8374 2093 2 0 0 0 0 6 0 5 28 11 10 25 31 74 29 26 18 9 6 13 57 112 152 87 50 49 87 107 80 -999 -999 -999
P8374 2093 3 84 48 35 44 71 35 14 17 56 28 67 54 19 21 43 36 4 9 5 8 20 18 9 15 10 5 0 0 0 0 20
P8374 2093 4 0 0 0 0 0 0 7 0 0 9 10 11 0 0 0 0 0 0 12 6 0 0 44 48 13 9 0 0 0 0 -999
P8374 2093 5 0 0 10 18 33 63 17 10 37 50 25 7 11 0 0 0 0 0 0 0 0 0 11 5 0 0 0 0 0 0 0
P8374 2093 6 0 0 20 38 34 27 38 0 0 0 0 45 40 36 41 30 0 0 0 0 0 0 0 0 0 55 0 0 0 0 -999
P8374 2093 7 0 0 0 0 0 0 0 0 0 0 11 0 0 0 0 0 0 0 0 0 0 0 0 0 0 0 0 0 0 0 0
P8374 2093 8 0 0 0 0 0 0 0 0 0 0 0 0 0 0 0 0 0 0 0 0 0 0 41 0 0 0 0 37 16 0 0
P8374 2093 9 16 0 0 0 0 0 0 0 0 0 0 0 0 0 43 0 0 0 25 17 0 0 0 0 14 0 0 12 11 0 -999
P8374 2093 10 0 0 0 0 0 0 0 0 0 10 28 28 0 0 0 5 7 7 0 0 0 0 0 0 6 5 8 8 0 0 8
P8374 2093 11 26 16 8 9 45 30 0 0 0 0 0 0 10 0 0 0 11 105 14 29 0 0 0 0 10 12 5 0 0 0 -999
P8374 2093 12 0 0 0 0 16 0 6 5 0 0 0 0 43 48 0 0 0 0 0 0 0 0 0 0 0 0 0 0 6 28 9
P8374 2094 1 6 13 16 13 18 14 0 0 0 0 0 0 0 0 11 21 0 6 0 0 0 5 0 0 0 0 0 3 0 0 0
P8374 2094 2 4 0 0 0 0 5 9 0 0 0 0 0 0 0 0 0 0 0 0 7 0 4 4 7 5 4 8 36 -999 -999 -999
P8374 2094 3 59 14 6 6 24 24 42 26 13 14 6 0 0 16 6 0 0 0 0 0 0 0 23 0 0 0 0 0 8 30 0
P8374 2094 4 0 0 0 0 19 17 11 19 8 8 8 14 9 14 37 8 11 6 0 6 0 0 6 32 22 86 6 10 8 5 -999
P8374 2094 5 0 7 6 8 12 5 0 8 10 0 0 0 0 0 0 0 0 0 0 0 0 0 0 0 0 0 0 0 0 0 0
P8374 2094 6 0 0 0 0 32 29 22 50 33 10 0 0 0 14 0 0 0 0 0 0 0 0 0 0 0 0 0 0 0 0 -999
P8374 2094 7 0 0 0 0 0 0 0 0 0 0 0 0 0 0 0 0 0 0 0 0 0 92 0 0 0 0 0 0 0 0 0
P8374 2094 8 0 0 0 0 0 0 0 0 0 0 0 0 0 0 0 0 0 0 0 0 0 0 0 0 0 0 0 0 0 0 0
P8374 2094 9 0 0 0 0 0 0 0 0 0 0 0 0 0 0 0 0 0 0 0 0 0 0 74 67 48 0 0 0 0 0 -999
P8374 2094 10 0 19 36 18 26 6 0 0 0 0 0 0 0 0 0 0 0 0 0 0 0 22 13 0 4 28 43 12 5 4 10
P8374 2094 11 0 0 0 0 0 0 0 18 0 0 0 0 0 0 0 0 0 0 0 0 0 0 0 0 0 0 13 0 0 0 -999
P8374 2094 12 0 0 0 0 0 7 6 13 9 8 18 22 19 16 8 0 0 0 0 0 0 0 0 0 0 0 9 27 4 0 0
P8374 2095 1 0 22 43 3 4 6 9 8 20 6 0 0 0 0 5 19 37 17 14 13 13 15 11 0 6 7 7 9 15 7 5
P8374 2095 2 6 0 0 0 8 4 3 14 25 108 159 162 120 24 31 8 0 0 0 0 0 0 0 0 20 71 119 0 -999 -999 -999
P8374 2095 3 0 0 0 0 0 0 0 0 0 0 0 0 22 41 64 52 6 6 48 22 29 82 14 34 121 97 13 0 0 11 10
P8374 2095 4 10 25 6 19 4 8 35 4 8 9 11 10 0 0 0 0 0 46 46 0 0 0 0 0 0 0 0 0 0 0 -999
P8374 2095 5 28 34 49 9 8 7 40 27 0 0 0 72 71 17 0 14 0 0 0 0 0 8 11 0 0 0 0 0 0 13 14
P8374 2095 6 0 0 0 0 0 0 0 0 0 0 0 0 0 0 0 0 0 0 0 0 0 0 35 0 0 0 0 24 0 0 -999
P8374 2095 7 0 0 0 0 0 14 0 0 0 0 0 0 0 0 0 0 0 0 0 0 0 0 0 0 0 0 0 0 0 0 0
P8374 2095 8 0 0 0 0 0 0 0 0 0 0 0 0 0 0 0 0 0 0 0 0 0 0 0 0 0 0 0 0 0 0 0
P8374 2095 9 0 0 0 0 0 0 0 0 0 24 39 0 0 0 0 0 0 0 0 0 0 0 67 63 0 0 0 0 0 0 -999
P8374 2095 10 0 14 0 0 0 0 0 7 66 20 15 38 18 17 36 11 9 12 12 12 16 0 0 5 7 10 7 5 0 13 10
P8374 2095 11 6 10 51 82 62 9 0 14 64 13 5 9 14 0 0 0 0 0 5 6 24 0 0 0 0 0 6 20 5 4 -999
P8374 2095 12 6 8 0 0 0 0 17 33 13 7 13 0 0 0 0 0 10 6 0 0 0 0 0 5 21 79 92 14 0 0 0
P8374 2096 1 0 0 0 0 6 65 145 80 20 28 12 16 0 0 0 4 0 0 0 0 0 3 3 6 7 5 5 10 11 8 8
P8374 2096 2 14 10 19 22 9 0 0 0 0 0 0 4 5 4 8 39 97 89 23 7 6 12 19 10 14 25 9 11 -999 -999 -999
P8374 2096 3 8 8 71 104 90 30 12 31 105 67 10 16 16 12 5 4 4 0 0 0 0 0 0 0 0 9 49 43 6 23 23
P8374 2096 4 32 10 0 20 17 12 0 9 34 98 30 14 22 59 19 10 17 16 38 53 46 14 12 15 14 0 0 0 0 0 -999
P8374 2096 5 0 0 7 0 7 13 13 27 14 0 0 0 58 66 13 0 5 9 24 42 76 32 8 0 12 15 10 30 27 43 50
P8374 2096 6 25 7 9 0 0 0 0 0 0 0 9 18 11 0 0 0 0 0 0 0 0 0 0 0 0 0 0 0 0 0 -999
P8374 2096 7 0 34 0 0 0 0 0 0 0 0 0 0 0 0 0 0 0 0 0 0 0 0 0 0 16 14 0 0 0 0 0
P8374 2096 8 0 0 0 0 0 0 0 0 0 0 0 0 0 0 0 0 0 0 0 0 0 0 0 0 0 0 0 0 0 0 0
P8374 2096 9 0 0 0 0 0 0 27 49 28 0 0 0 0 0 0 0 0 0 0 0 0 0 0 0 0 0 72 72 38 46 -999
P8374 2096 10 35 0 0 0 0 0 0 0 0 0 64 99 15 5 0 0 0 0 26 23 34 20 7 0 0 0 10 8 19 51 146
P8374 2096 11 53 46 30 33 6 55 10 4 7 30 36 11 4 12 11 35 9 34 9 47 4 0 0 0 0 0 4 0 0 8 -999
P8374 2096 12 12 0 0 0 0 0 0 0 0 0 0 0 0 0 0 5 0 0 5 0 0 0 0 0 10 8 0 0 0 0 35
P8374 2097 1 45 7 7 10 6 0 0 0 7 5 10 17 9 7 0 0 16 8 11 26 5 0 0 0 3 3 0 0 0 0 0
P8374 2097 2 0 8 21 0 0 0 0 0 4 5 0 8 29 30 0 0 0 8 7 46 28 7 9 0 0 16 32 57 -999 -999 -999
P8374 2097 3 65 53 62 64 53 14 0 0 0 0 0 0 0 13 8 13 32 12 28 72 29 30 54 84 85 31 13 0 0 0 0
P8374 2097 4 0 10 0 0 0 12 38 34 5 25 26 10 0 0 0 0 0 0 7 12 9 5 59 13 10 5 18 8 0 0 -999
P8374 2097 5 0 0 0 0 0 0 42 34 0 11 0 6 8 6 0 10 9 6 7 49 30 0 0 0 0 0 0 0 0 25 29
P8374 2097 6 16 0 0 0 0 0 0 0 0 0 78 72 52 38 19 17 0 0 0 0 0 0 0 0 0 0 0 0 0 0 -999
P8374 2097 7 0 0 0 0 0 0 0 0 0 0 0 0 0 0 0 0 0 0 21 31 0 0 0 0 0 0 0 0 0 0 0
P8374 2097 8 0 0 0 0 0 0 0 0 0 0 0 0 0 0 0 0 0 0 0 0 0 0 0 0 0 0 0 0 0 0 0
P8374 2097 9 0 0 0 0 0 0 0 0 0 0 0 0 0 0 0 0 0 0 0 0 51 52 54 60 71 74 28 0 0 0 -999
P8374 2097 10 0 26 36 15 8 13 0 0 0 0 0 0 0 0 0 16 0 78 0 0 0 0 9 17 21 8 0 0 0 15 46
P8374 2097 11 30 17 0 0 31 27 0 0 8 6 0 7 24 39 47 20 21 7 0 0 0 0 0 0 0 0 0 0 0 0 -999
P8374 2097 12 0 0 5 14 16 12 0 0 0 0 0 0 41 42 48 35 59 41 12 16 18 34 11 6 13 11 7 0 0 0 0
P8374 2098 1 0 18 12 0 9 15 33 62 10 20 80 90 46 26 14 9 0 0 3 12 6 5 4 5 0 0 0 0 5 0 0
P8374 2098 2 0 0 25 30 77 60 7 0 0 0 19 9 11 31 22 49 62 33 15 7 6 11 0 25 57 94 20 9 -999 -999 -999
P8374 2098 3 6 8 12 3 0 6 0 7 4 0 0 14 0 0 0 0 0 0 0 16 22 5 0 0 0 0 0 0 0 0 0
P8374 2098 4 0 0 0 0 0 0 0 0 70 39 13 18 11 16 17 7 0 0 0 0 0 0 0 0 0 0 0 0 0 0 -999
P8374 2098 5 0 0 0 0 0 0 0 0 0 27 69 47 22 13 32 79 62 0 0 0 0 0 0 0 0 0 0 0 0 0 0
P8374 2098 6 0 0 8 25 38 16 10 0 0 0 0 0 0 26 45 30 19 20 19 0 0 18 29 25 13 0 0 0 0 0 -999
P8374 2098 7 0 0 0 0 0 64 0 0 0 0 0 0 0 0 0 0 0 0 0 0 0 0 0 0 0 0 0 0 0 0 0
P8374 2098 8 0 0 0 0 0 0 0 0 0 0 0 0 0 0 0 0 0 0 0 0 0 0 0 0 0 0 0 0 0 0 0
P8374 2098 9 0 0 0 0 0 0 0 0 0 0 0 0 0 0 0 0 0 38 0 0 0 0 0 0 0 19 0 8 0 0 -999
P8374 2098 10 0 0 14 13 28 25 22 0 0 5 0 0 0 0 0 13 26 73 36 44 48 19 0 0 5 17 7 4 34 15 7
P8374 2098 11 8 42 80 16 17 6 28 16 7 10 27 93 25 0 0 0 23 37 0 0 0 0 0 0 0 0 0 0 8 23 -999
P8374 2098 12 5 12 26 5 0 19 101 75 17 38 34 20 16 31 24 20 18 7 14 26 8 10 11 25 21 15 43 9 5 0 0
P8374 2099 1 0 0 0 0 0 0 0 0 0 0 0 0 0 0 0 6 6 16 0 0 0 0 0 0 0 0 0 0 0 0 0
P8374 2099 2 0 0 12 18 17 5 0 0 0 0 0 0 0 0 0 0 0 0 0 8 4 8 0 0 0 0 0 0 -999 -999 -999
P8374 2099 3 0 0 0 0 0 15 15 7 34 8 10 46 11 0 0 0 0 0 0 0 0 0 9 6 5 0 0 0 0 0 0
P8374 2099 4 0 0 32 11 4 5 0 0 0 0 0 0 0 0 40 6 0 0 0 0 0 0 0 0 0 53 89 12 14 32 -999
P8374 2099 5 15 0 10 0 39 0 0 10 0 17 0 0 0 15 69 71 47 0 0 50 0 0 47 0 0 0 0 0 0 0 0
P8374 2099 6 0 0 0 0 0 0 0 0 0 84 0 0 0 0 0 0 0 0 0 0 0 20 22 23 0 0 0 0 0 0 -999
P8374 2099 7 0 0 0 0 0 0 0 0 0 0 0 0 0 0 0 0 0 0 0 58 0 0 0 0 0 0 0 0 0 0 0
P8374 2099 8 0 0 0 0 0 0 0 0 0 0 0 0 0 0 0 0 0 0 0 0 16 0 0 0 0 0 0 0 0 0 44
P8374 2099 9 13 0 0 0 0 0 0 0 0 0 0 0 0 0 0 0 0 28 0 0 0 0 64 22 9 16 14 0 0 12 -999
P8374 2099 10 31 0 0 0 0 0 0 56 74 37 0 63 49 17 0 0 0 30 17 23 11 0 0 0 0 0 0 18 21 12 38
P8374 2099 11 7 9 10 17 12 14 10 0 0 0 0 0 80 25 0 0 0 0 78 21 20 18 0 0 0 0 0 0 0 0 -999
P8374 2099 12 0 0 0 0 0 10 16 30 51 17 0 0 0 0 0 0 0 0 0 0 0 0 0 0 0 0 0 0 0 17 31
P8374 2100 1 28 0 0 0 0 0 0 10 19 12 7 10 43 26 12 8 49 11 0 0 28 41 18 34 3 3 0 0 0 0 0
P8374 2100 2 3 0 6 33 5 5 0 0 0 0 0 15 0 0 0 0 0 0 0 8 7 0 0 0 0 0 0 0 -999 -999 -999
P8374 2100 3 0 0 0 7 7 72 7 32 11 9 5 10 26 7 11 9 0 10 7 28 73 36 24 12 0 0 0 44 82 7 27
P8374 2100 4 76 0 0 0 0 0 0 7 0 17 8 0 0 0 0 0 0 0 4 0 13 23 30 10 3 0 0 0 25 73 -999
P8374 2100 5 46 21 60 39 0 9 0 0 0 26 98 107 67 0 0 14 28 0 0 0 0 0 9 0 24 35 11 0 0 28 41
P8374 2100 6 0 0 0 0 0 0 0 0 0 0 0 0 0 0 0 0 0 0 0 0 0 0 0 16 15 0 34 50 20 20 -999
P8374 2100 7 0 0 0 0 0 0 0 0 0 0 0 0 0 0 0 0 0 0 0 0 0 0 0 0 0 0 0 0 0 0 0
P8374 2100 8 0 0 0 0 0 0 0 0 0 0 0 0 0 0 0 0 0 0 0 0 0 0 0 0 0 0 0 0 0 0 0
P8374 2100 9 0 0 0 0 0 0 22 9 0 0 0 0 0 0 0 0 0 0 0 0 0 0 0 0 0 10 24 23 26 0 -999
P8374 2100 10 19 35 8 59 36 29 65 79 40 17 0 19 36 59 10 15 17 25 13 10 17 29 19 13 28 10 4 8 52 53 44
P8374 2100 11 19 0 0 6 0 5 5 0 0 0 15 55 90 28 9 5 4 0 0 0 0 0 0 0 0 0 0 0 0 0 -999
P8374 2100 12 0 0 0 0 0 0 0 5 5 4 4 0 0 6 4 7 0 0 11 57 8 76 48 12 12 51 19 8 19 29 -999
