precip bcc-csm1-1 rcp60 RNEURONALES decimas 2
P7277 39.599 -6.454 350 geo 2006 2100 -1
P7277 2006 1 0 0 2 2 3 2 0 5 23 79 81 73 32 26 10 8 6 9 0 0 5 4 5 5 8 7 6 6 0 0 0
P7277 2006 2 0 0 3 16 53 65 56 20 57 97 65 136 74 36 33 69 17 1 0 0 29 18 38 42 49 7 8 17 -999 -999 -999
P7277 2006 3 15 18 8 6 8 20 8 0 13 26 31 11 27 46 18 6 10 0 0 0 0 0 0 0 0 0 9 10 14 14 8
P7277 2006 4 27 81 0 0 15 0 11 48 51 56 60 50 29 13 0 0 0 17 22 3 0 13 12 6 0 13 0 0 0 0 -999
P7277 2006 5 0 4 0 15 34 8 5 7 10 19 26 8 20 7 0 14 11 7 6 0 0 5 0 0 0 0 17 32 38 16 5
P7277 2006 6 18 5 38 57 63 44 35 0 0 0 0 0 0 0 0 0 0 0 0 0 0 0 0 0 0 0 0 0 0 0 -999
P7277 2006 7 0 0 0 0 0 10 0 0 0 0 0 0 0 0 0 0 0 0 0 0 0 0 0 0 0 0 0 0 0 0 0
P7277 2006 8 0 0 0 0 0 0 0 0 0 0 0 0 0 0 0 0 0 0 0 0 0 0 0 0 0 0 0 0 0 0 0
P7277 2006 9 0 0 0 0 0 0 0 0 0 0 0 0 0 23 17 11 6 10 5 0 0 0 0 0 6 17 21 0 0 9 -999
P7277 2006 10 6 6 14 34 9 0 0 0 0 0 26 15 8 7 0 7 0 0 0 0 0 0 0 0 0 4 16 9 0 0 0
P7277 2006 11 0 0 0 12 31 15 40 12 0 0 0 0 0 10 18 0 0 0 9 0 0 0 0 0 0 0 2 2 0 0 -999
P7277 2006 12 0 5 27 0 18 9 0 0 0 0 0 0 0 0 0 0 0 0 0 0 3 41 58 20 64 28 89 61 14 11 3
P7277 2007 1 0 0 0 0 0 0 0 0 0 5 5 15 2 0 0 0 3 7 7 7 10 3 18 19 16 39 36 28 51 14 8
P7277 2007 2 0 0 19 17 42 141 179 51 19 11 7 66 107 114 42 17 0 0 15 6 0 6 4 3 8 25 15 39 -999 -999 -999
P7277 2007 3 63 4 0 0 0 0 0 0 0 0 6 34 38 0 0 5 14 9 3 0 0 44 31 0 5 0 0 12 10 0 0
P7277 2007 4 0 0 7 21 17 26 29 5 0 0 0 0 23 10 26 40 7 40 34 8 23 73 65 64 49 35 9 6 10 5 -999
P7277 2007 5 6 4 13 32 26 16 14 17 5 6 10 22 23 21 16 18 13 5 0 0 0 0 0 0 0 0 0 0 0 5 0
P7277 2007 6 0 0 0 0 0 0 0 0 0 0 0 0 0 0 0 0 0 0 0 0 0 0 0 0 0 0 0 0 0 0 -999
P7277 2007 7 0 0 0 0 0 0 0 0 0 0 0 0 0 0 0 0 0 0 0 0 0 0 0 0 0 0 0 0 0 0 0
P7277 2007 8 0 0 0 0 0 0 0 0 0 0 0 0 0 0 0 0 0 0 0 0 0 0 8 18 13 7 0 0 5 0 0
P7277 2007 9 0 0 0 0 0 0 0 9 0 0 0 0 0 0 0 0 0 0 0 0 0 0 0 0 0 0 0 0 19 20 -999
P7277 2007 10 32 38 0 0 0 0 8 8 10 19 9 10 19 32 10 7 28 11 14 6 7 0 0 8 24 44 65 50 13 114 31
P7277 2007 11 3 0 0 0 0 0 0 7 4 13 7 0 0 2 4 0 0 5 4 61 15 84 69 52 42 29 13 18 78 8 -999
P7277 2007 12 10 0 0 0 0 0 0 35 115 57 42 30 16 7 22 209 155 125 129 129 36 11 34 14 8 17 16 24 34 25 25
P7277 2008 1 68 58 83 45 23 108 55 19 5 13 35 42 12 6 6 65 70 49 11 0 0 0 0 0 0 0 0 9 0 0 4
P7277 2008 2 3 0 0 0 0 0 0 0 0 0 0 0 0 0 0 0 0 0 11 70 27 29 5 24 3 0 0 10 -999 -999 -999
P7277 2008 3 14 7 5 0 0 0 3 1 0 0 0 2 15 16 28 12 21 19 3 18 9 2 20 9 23 55 8 0 7 17 6
P7277 2008 4 14 10 21 8 23 87 27 19 24 12 0 0 10 0 0 0 0 15 9 4 0 0 0 0 4 9 0 10 34 0 -999
P7277 2008 5 0 0 0 11 21 34 26 6 10 16 16 5 7 0 0 11 8 4 6 7 0 0 0 0 0 0 0 0 0 0 0
P7277 2008 6 0 0 0 6 3 0 0 0 0 0 0 0 0 0 0 0 0 0 0 0 0 0 0 0 0 4 5 0 0 0 -999
P7277 2008 7 7 7 0 19 24 13 15 0 0 0 6 0 0 0 0 0 0 0 0 0 0 0 0 0 0 0 0 0 0 0 0
P7277 2008 8 0 0 0 0 0 0 0 0 0 0 0 0 0 0 0 0 0 0 0 0 0 0 0 0 0 0 0 0 0 0 0
P7277 2008 9 0 0 0 0 0 0 0 0 0 0 0 0 0 0 0 0 0 0 0 0 0 0 0 0 0 0 0 0 0 0 -999
P7277 2008 10 0 7 8 7 8 0 0 0 0 0 7 6 48 69 117 25 23 3 4 19 9 38 31 10 9 8 0 5 6 6 8
P7277 2008 11 5 4 0 3 4 7 9 16 10 7 5 5 0 10 53 66 60 52 124 6 4 42 10 10 4 5 6 3 4 22 -999
P7277 2008 12 90 16 7 8 0 2 18 37 19 0 1 7 16 74 26 17 4 0 6 8 11 12 14 19 5 2 5 0 0 0 10
P7277 2009 1 4 0 0 0 9 15 7 6 6 31 17 6 30 7 9 14 7 58 53 25 26 33 25 25 12 6 2 3 11 21 15
P7277 2009 2 7 5 0 0 28 31 37 9 38 24 46 53 7 0 0 23 70 31 19 57 61 27 91 74 145 128 67 74 -999 -999 -999
P7277 2009 3 61 67 103 67 34 92 34 11 4 18 2 0 0 0 0 2 3 15 11 7 5 0 0 7 16 24 19 7 3 2 0
P7277 2009 4 0 0 0 0 0 7 14 3 3 0 14 6 17 15 4 2 0 0 7 13 6 0 0 0 0 0 0 0 0 0 -999
P7277 2009 5 0 0 0 0 0 0 0 0 0 0 0 0 0 0 9 0 0 0 0 0 0 0 0 0 0 0 0 18 0 0 0
P7277 2009 6 0 0 0 0 0 0 0 7 9 8 15 9 9 7 5 5 5 7 0 8 0 0 0 0 0 0 0 0 0 0 -999
P7277 2009 7 0 0 0 0 0 0 0 0 0 0 0 0 0 0 0 0 0 0 0 0 0 0 0 0 0 0 0 0 0 0 0
P7277 2009 8 0 0 0 0 0 0 0 0 0 0 0 0 0 0 0 0 0 0 0 0 0 0 0 0 0 0 0 0 0 0 0
P7277 2009 9 0 0 0 0 0 0 0 0 0 0 0 0 0 0 0 0 0 0 0 0 0 0 0 0 0 0 0 0 0 0 -999
P7277 2009 10 0 69 50 32 28 26 8 6 5 0 0 0 0 0 0 0 0 0 0 0 3 4 4 0 9 10 16 8 0 0 0
P7277 2009 11 0 23 29 15 21 0 0 5 16 22 48 19 7 0 0 0 0 0 0 0 0 3 6 0 0 0 0 0 0 0 -999
P7277 2009 12 0 0 5 5 6 7 16 4 0 31 24 13 8 13 36 51 30 6 8 0 0 4 7 29 70 101 19 105 43 65 62
P7277 2010 1 6 16 9 10 3 0 25 20 4 12 14 0 0 0 11 5 10 28 19 8 6 0 0 4 0 8 0 0 0 0 0
P7277 2010 2 0 0 0 0 0 0 0 0 3 7 5 11 8 2 0 5 9 4 6 6 20 5 0 0 0 0 0 0 -999 -999 -999
P7277 2010 3 0 0 0 0 1 6 21 25 34 24 8 0 0 0 0 0 0 0 10 47 29 11 32 18 11 9 10 8 1 0 5
P7277 2010 4 39 50 44 10 34 19 56 12 8 0 5 39 6 3 0 0 0 8 0 0 0 0 0 6 0 0 0 0 0 0 -999
P7277 2010 5 0 0 0 0 0 0 0 0 0 0 0 0 0 0 0 0 0 9 0 0 0 0 0 0 0 0 0 0 0 18 0
P7277 2010 6 0 0 0 0 0 0 0 0 0 0 0 0 0 40 13 11 4 0 0 0 0 0 0 0 0 0 0 0 0 0 -999
P7277 2010 7 0 0 0 0 0 0 0 0 0 0 0 0 0 0 0 0 0 0 0 0 0 0 0 0 0 0 0 0 0 0 0
P7277 2010 8 0 0 0 0 0 0 0 0 0 0 0 0 0 0 0 0 0 0 0 0 0 0 0 0 0 0 0 0 0 0 0
P7277 2010 9 0 0 0 0 0 0 0 0 0 0 0 0 0 0 0 0 0 0 0 11 11 0 0 0 29 92 16 0 0 0 -999
P7277 2010 10 0 0 0 0 0 0 0 0 0 0 0 0 0 0 0 0 0 0 0 0 0 0 11 0 11 25 21 0 0 0 0
P7277 2010 11 0 0 0 0 0 0 0 0 0 11 46 109 50 23 44 8 11 9 6 0 0 3 4 0 0 2 0 0 0 0 -999
P7277 2010 12 0 0 0 0 0 0 0 8 7 5 16 13 13 4 4 5 3 10 10 9 4 0 11 9 7 3 4 5 3 3 2
P7277 2011 1 0 0 0 0 2 0 0 0 0 0 7 7 0 0 0 7 36 35 21 21 12 4 0 0 0 4 4 0 0 9 5
P7277 2011 2 5 3 6 0 0 0 0 0 6 6 6 0 0 0 4 7 13 22 21 24 23 7 18 33 28 8 9 10 -999 -999 -999
P7277 2011 3 9 6 6 9 15 40 30 25 10 7 0 2 0 13 44 36 0 11 15 9 3 3 3 14 6 2 11 22 55 9 16
P7277 2011 4 38 8 11 7 9 8 0 0 22 57 28 10 7 0 0 0 0 0 13 24 19 7 2 4 6 14 3 0 0 0 -999
P7277 2011 5 0 0 0 0 0 0 0 0 0 8 0 0 0 0 0 0 0 0 0 0 0 0 0 0 0 0 5 0 0 0 10
P7277 2011 6 15 0 0 0 0 0 0 0 0 0 0 0 0 0 0 0 0 0 0 0 0 5 14 9 14 12 0 0 0 0 -999
P7277 2011 7 0 0 0 0 0 0 0 0 0 0 0 0 0 0 0 0 0 0 0 0 0 0 0 0 0 0 0 0 0 0 0
P7277 2011 8 0 0 0 0 0 0 0 0 0 0 0 0 0 0 0 0 0 0 0 0 0 0 0 0 0 0 0 0 0 0 0
P7277 2011 9 0 0 0 0 0 0 0 5 0 8 8 5 0 0 0 0 8 0 0 0 0 0 0 0 0 0 0 0 0 0 -999
P7277 2011 10 0 7 9 0 0 0 7 0 8 0 0 0 3 0 0 0 0 0 12 12 7 24 17 5 0 0 0 0 37 44 8
P7277 2011 11 22 38 54 21 6 30 12 22 0 0 0 40 9 24 24 0 13 0 9 17 36 50 69 17 6 15 58 99 28 17 -999
P7277 2011 12 61 15 2 0 0 0 5 4 3 0 5 0 5 5 77 23 44 12 0 0 0 0 4 22 46 98 69 16 15 11 22
P7277 2012 1 11 15 106 29 115 7 8 0 0 3 0 7 0 7 6 20 30 97 34 11 15 11 8 0 0 2 3 2 0 0 2
P7277 2012 2 0 0 0 4 0 0 0 3 4 11 22 54 28 10 21 10 119 11 15 19 11 4 6 29 16 0 7 0 -999 -999 -999
P7277 2012 3 4 0 0 0 0 0 0 0 0 0 0 0 4 7 4 3 6 9 5 0 0 0 0 6 4 5 7 5 0 0 3
P7277 2012 4 4 9 12 0 0 0 0 0 0 0 0 0 0 0 0 0 0 0 0 0 0 0 0 0 0 0 0 0 0 0 -999
P7277 2012 5 0 0 0 0 0 0 0 0 10 9 0 0 8 0 6 0 0 0 0 0 0 0 0 15 12 9 9 11 22 7 0
P7277 2012 6 0 0 0 0 0 5 0 0 0 0 0 0 0 0 0 0 0 0 0 0 0 0 0 0 0 0 0 0 0 0 -999
P7277 2012 7 0 0 0 0 0 0 0 0 0 0 0 0 0 0 0 0 0 0 0 0 0 0 0 0 0 0 0 0 0 0 0
P7277 2012 8 0 0 0 0 0 0 0 0 0 0 0 0 0 0 0 0 0 0 0 0 0 0 0 0 0 0 6 0 7 5 0
P7277 2012 9 0 0 0 0 0 0 0 0 0 0 0 0 0 0 0 0 0 0 0 0 0 0 0 0 0 0 0 0 0 0 -999
P7277 2012 10 0 0 0 0 0 0 0 0 0 0 0 0 0 0 0 0 0 0 0 0 42 45 8 0 7 9 0 7 19 177 40
P7277 2012 11 8 0 11 41 36 45 26 6 12 12 3 11 73 7 0 0 0 0 4 0 0 0 0 0 0 0 0 0 3 7 -999
P7277 2012 12 38 7 7 2 9 0 3 0 0 0 0 4 6 3 2 3 4 23 9 20 4 9 7 7 3 6 0 0 0 3 3
P7277 2013 1 6 3 0 0 0 2 0 0 0 0 2 4 8 6 6 0 0 0 0 4 9 14 22 16 12 7 0 0 0 5 2
P7277 2013 2 2 6 10 6 6 11 47 12 8 6 8 8 3 8 8 6 24 0 5 0 0 15 31 28 42 49 41 15 -999 -999 -999
P7277 2013 3 7 6 4 0 0 0 0 0 0 0 0 8 44 72 37 43 52 45 0 0 0 0 12 0 0 0 0 0 0 0 0
P7277 2013 4 0 17 25 19 13 9 7 8 21 8 0 0 0 48 56 29 20 20 50 39 9 7 0 0 0 0 0 0 0 0 -999
P7277 2013 5 0 0 0 0 0 0 0 15 15 22 17 10 6 0 0 0 0 19 16 18 10 14 6 8 3 0 0 0 0 0 0
P7277 2013 6 0 0 0 0 0 0 0 0 0 0 0 0 0 0 0 0 0 0 0 0 0 0 0 0 0 0 0 0 0 0 -999
P7277 2013 7 0 0 0 0 0 0 0 0 0 0 0 0 0 0 0 0 0 0 0 0 0 0 0 0 0 0 0 0 0 0 0
P7277 2013 8 0 0 0 0 0 0 0 0 0 0 0 0 0 0 0 0 0 0 0 0 0 0 0 0 16 0 0 0 0 0 0
P7277 2013 9 0 0 0 0 0 0 0 0 0 0 0 0 0 0 0 0 0 0 0 0 0 0 7 0 0 0 0 0 0 0 -999
P7277 2013 10 0 0 0 0 0 0 0 5 38 56 51 24 83 40 53 81 11 10 5 12 4 2 61 9 0 0 0 0 0 0 11
P7277 2013 11 22 22 13 10 0 0 0 0 0 2 0 4 10 8 46 13 10 15 6 7 4 5 3 26 15 25 33 46 26 0 -999
P7277 2013 12 31 35 71 15 7 8 6 4 0 0 3 5 0 0 0 36 37 7 0 0 3 2 4 0 0 0 0 2 4 6 22
P7277 2014 1 44 82 32 8 7 3 13 6 22 17 27 27 48 28 8 0 14 10 5 11 14 6 30 30 80 91 40 43 98 81 17
P7277 2014 2 78 0 9 16 0 0 0 12 8 12 0 0 0 0 0 0 0 4 7 7 7 6 3 0 0 0 0 0 -999 -999 -999
P7277 2014 3 0 0 0 0 0 0 0 0 0 0 0 0 0 0 10 6 0 0 0 0 12 15 8 11 26 7 0 0 0 0 0
P7277 2014 4 0 0 9 2 0 0 5 9 25 129 42 4 2 0 0 0 0 0 0 0 0 0 0 0 0 0 0 10 19 29 -999
P7277 2014 5 13 30 4 0 17 17 6 12 0 5 5 19 19 7 7 6 13 7 0 0 0 0 0 0 0 0 0 0 7 42 59
P7277 2014 6 39 13 2 4 0 0 0 0 0 0 0 0 0 0 0 0 0 0 0 0 0 0 0 0 0 0 0 0 0 0 -999
P7277 2014 7 0 0 0 0 0 0 0 0 0 0 0 0 0 0 0 0 0 0 0 0 0 0 0 0 0 0 0 0 0 0 0
P7277 2014 8 0 0 0 0 0 0 0 0 0 0 0 0 0 0 0 0 0 0 0 0 0 0 0 0 0 0 0 0 0 0 0
P7277 2014 9 0 0 0 0 0 0 0 0 0 0 0 0 0 0 0 0 0 0 0 0 0 0 0 0 0 0 0 0 0 0 -999
P7277 2014 10 0 0 0 0 0 0 0 0 0 27 12 0 0 0 0 0 0 0 0 0 7 7 9 0 0 33 6 0 0 6 0
P7277 2014 11 0 0 0 0 27 30 5 9 0 0 7 39 6 0 0 0 16 27 22 127 20 4 2 9 41 23 7 6 6 25 -999
P7277 2014 12 6 0 0 0 0 0 0 0 0 4 6 7 7 5 80 34 80 40 17 158 25 88 98 123 26 37 21 2 0 0 0
P7277 2015 1 0 0 0 0 0 0 0 0 0 0 0 0 0 0 0 0 3 2 4 3 0 6 5 12 64 38 10 10 5 30 6
P7277 2015 2 7 5 0 3 0 0 0 2 23 12 13 70 146 78 58 32 76 70 46 11 48 43 12 2 1 0 17 14 -999 -999 -999
P7277 2015 3 0 21 52 14 8 0 0 0 0 0 0 16 27 17 27 36 35 53 50 13 25 16 0 0 0 0 0 0 0 8 10
P7277 2015 4 0 0 0 0 18 17 0 0 16 49 39 9 19 18 21 18 7 7 34 40 37 44 10 29 24 2 0 0 0 0 -999
P7277 2015 5 0 0 7 7 15 7 0 0 0 0 0 0 0 0 0 0 0 0 0 0 0 0 0 0 0 0 0 0 0 0 0
P7277 2015 6 0 0 0 7 9 8 0 0 0 0 0 0 0 0 0 0 0 0 0 0 0 0 0 0 0 0 0 0 0 0 -999
P7277 2015 7 0 0 0 0 0 0 0 0 0 0 0 0 0 0 0 0 0 0 0 0 0 0 0 0 0 0 0 0 0 0 0
P7277 2015 8 0 0 0 0 0 0 0 0 0 0 0 0 0 0 0 0 0 0 0 0 0 0 0 0 0 0 0 0 0 0 0
P7277 2015 9 0 0 0 0 0 0 0 0 0 0 0 0 0 0 19 33 81 98 18 0 0 21 9 11 34 16 0 0 0 0 -999
P7277 2015 10 0 0 0 0 0 0 0 0 36 32 18 10 0 0 0 0 9 12 10 11 7 12 9 0 0 0 0 5 0 0 0
P7277 2015 11 0 0 0 3 7 0 14 27 21 0 3 0 0 7 7 0 0 0 0 0 0 0 3 0 0 0 0 0 17 4 -999
P7277 2015 12 0 0 0 0 0 0 0 0 0 0 4 17 13 16 10 2 2 5 22 15 20 75 13 12 59 5 27 50 19 43 27
P7277 2016 1 6 12 3 6 10 13 8 9 7 7 22 8 8 18 9 43 5 4 0 23 6 0 0 4 0 0 0 0 0 0 7
P7277 2016 2 6 6 5 0 8 8 3 5 0 0 2 5 7 6 0 0 0 0 0 0 0 0 0 0 0 0 0 0 -999 -999 -999
P7277 2016 3 6 0 0 0 4 0 0 10 7 0 0 0 0 0 0 0 0 14 0 0 0 0 0 0 0 0 0 0 0 12 6
P7277 2016 4 0 0 7 67 53 8 7 7 40 7 8 15 33 7 0 6 26 34 34 20 12 14 30 7 17 6 24 11 0 22 -999
P7277 2016 5 10 9 6 6 5 0 0 0 0 0 0 0 0 0 0 0 0 6 0 0 0 0 0 3 3 0 0 0 0 0 0
P7277 2016 6 11 0 0 0 0 0 0 0 0 0 0 0 0 0 0 0 0 0 0 0 0 0 0 0 0 0 0 5 0 0 -999
P7277 2016 7 0 0 0 0 0 0 0 0 0 0 0 0 0 0 0 0 0 0 0 0 0 0 0 0 0 0 0 0 0 0 0
P7277 2016 8 0 0 0 0 0 0 0 0 0 0 0 0 0 0 0 0 0 0 0 0 0 0 0 0 0 0 0 0 0 0 0
P7277 2016 9 0 0 0 0 0 0 0 0 0 0 0 12 0 0 0 0 0 0 0 0 0 0 6 8 0 0 0 12 0 0 -999
P7277 2016 10 0 0 0 0 0 0 0 13 11 9 0 0 0 0 4 16 13 21 21 44 26 9 26 105 65 40 40 134 22 5 5
P7277 2016 11 0 0 17 69 35 9 13 8 12 10 78 174 149 48 8 66 23 25 39 39 6 8 50 154 69 77 56 26 19 9 -999
P7277 2016 12 0 0 0 0 3 0 0 0 0 0 0 0 2 4 0 0 0 2 0 0 0 0 0 0 0 0 2 5 20 22 0
P7277 2017 1 0 0 25 7 8 6 18 11 13 36 7 5 4 0 3 0 0 0 5 18 16 0 0 2 15 11 46 53 0 0 0
P7277 2017 2 3 14 4 9 19 13 18 15 0 15 23 0 0 55 12 7 8 30 205 65 70 35 8 4 8 18 36 15 -999 -999 -999
P7277 2017 3 18 27 38 38 58 24 7 31 39 35 29 29 25 17 11 17 34 56 30 26 12 76 17 10 17 29 16 76 88 37 53
P7277 2017 4 35 16 7 6 6 7 28 8 7 65 58 14 0 12 25 8 6 6 0 5 11 5 0 4 4 12 7 0 6 6 -999
P7277 2017 5 8 13 4 8 4 11 32 5 9 10 8 0 5 26 0 0 0 0 0 0 0 12 38 27 9 4 0 0 0 0 0
P7277 2017 6 0 0 0 0 0 0 0 6 0 0 0 0 0 0 0 0 0 0 0 0 0 0 0 0 0 0 0 0 0 0 -999
P7277 2017 7 0 0 0 0 0 0 0 0 0 0 0 0 9 0 0 0 0 0 0 0 0 0 0 0 0 0 0 0 0 0 0
P7277 2017 8 0 0 0 0 0 0 0 0 0 0 0 0 0 0 0 0 0 0 0 0 0 0 0 0 0 0 0 0 0 0 0
P7277 2017 9 0 0 0 0 0 0 0 0 0 0 0 0 0 0 0 0 0 0 0 0 0 0 0 0 0 0 0 6 18 28 -999
P7277 2017 10 14 14 4 0 0 0 7 7 7 0 0 0 0 0 0 0 0 0 0 0 6 0 24 13 39 28 5 0 0 0 0
P7277 2017 11 10 0 0 0 5 8 4 9 8 24 20 7 10 4 4 0 5 7 6 6 1 14 6 75 57 13 3 20 23 0 -999
P7277 2017 12 0 3 0 0 0 0 0 1 0 0 5 7 11 9 7 9 11 7 7 20 55 46 17 11 7 12 8 60 69 24 38
P7277 2018 1 2 2 0 0 0 0 0 0 0 0 0 2 2 2 7 5 10 0 0 0 0 0 9 37 75 29 7 0 0 24 14
P7277 2018 2 11 42 69 34 112 88 34 76 3 5 22 94 33 9 0 0 0 0 0 0 0 8 14 11 3 0 0 5 -999 -999 -999
P7277 2018 3 5 3 4 0 0 9 0 0 0 0 52 36 27 5 0 0 0 0 0 26 32 11 17 40 10 47 12 9 9 40 7
P7277 2018 4 29 11 9 11 35 16 0 3 0 10 0 79 72 6 14 36 5 6 0 0 0 0 0 10 19 6 6 19 44 46 -999
P7277 2018 5 22 13 29 13 0 0 0 0 0 0 0 0 0 0 0 25 16 10 12 11 0 0 0 0 0 0 0 11 7 0 0
P7277 2018 6 0 0 0 0 0 10 7 4 0 0 0 0 0 0 0 0 0 0 0 0 0 0 0 0 0 0 0 0 0 0 -999
P7277 2018 7 0 0 0 0 0 0 0 0 0 0 0 0 0 0 0 0 0 0 0 0 0 0 0 0 0 0 0 0 0 0 0
P7277 2018 8 0 0 0 0 0 0 0 0 0 0 0 0 0 0 0 0 0 0 0 0 0 0 0 0 0 0 0 0 0 0 0
P7277 2018 9 0 0 0 0 0 0 0 0 0 0 0 0 0 0 5 0 0 0 0 15 25 39 12 0 0 0 0 0 0 0 -999
P7277 2018 10 0 0 0 0 6 0 0 0 0 0 0 0 0 0 6 7 0 7 13 23 20 0 0 0 0 0 0 5 0 8 43
P7277 2018 11 0 0 16 8 0 0 0 0 8 13 0 0 0 0 0 5 0 0 4 0 14 68 15 29 43 56 40 33 18 9 -999
P7277 2018 12 7 8 0 0 0 0 0 2 0 4 4 0 6 7 0 0 0 0 0 0 3 7 18 29 32 102 16 4 2 2 0
P7277 2019 1 0 3 2 5 5 38 22 14 15 6 5 6 39 6 24 12 4 3 5 3 0 0 0 0 2 0 0 0 3 7 22
P7277 2019 2 4 4 19 5 3 3 7 0 4 6 11 8 8 5 32 11 8 0 0 0 0 0 35 159 71 26 63 114 -999 -999 -999
P7277 2019 3 113 50 55 26 92 51 40 30 64 44 19 17 12 6 9 16 0 0 0 0 0 3 0 0 0 0 11 0 0 8 0
P7277 2019 4 0 0 0 0 0 0 0 6 0 7 10 9 0 0 0 4 0 0 0 7 0 0 3 4 3 5 28 52 9 10 -999
P7277 2019 5 5 4 5 3 4 0 0 0 10 6 0 0 15 7 0 3 0 0 0 0 0 0 0 0 0 0 0 0 0 0 0
P7277 2019 6 0 0 0 0 0 0 0 0 0 0 0 0 0 0 0 0 0 0 0 0 0 0 0 0 0 0 0 0 0 0 -999
P7277 2019 7 10 20 32 3 0 0 0 0 0 0 0 0 0 0 0 0 0 0 0 0 0 0 0 0 0 0 0 0 0 0 0
P7277 2019 8 0 0 0 0 0 0 0 0 0 0 0 0 0 0 0 0 0 0 0 0 0 0 0 0 0 0 0 0 0 0 0
P7277 2019 9 9 0 0 0 0 0 0 0 0 0 0 10 8 0 0 0 0 5 0 0 0 0 0 0 0 0 0 0 0 0 -999
P7277 2019 10 0 0 0 11 11 23 10 14 22 21 0 0 0 15 14 0 11 0 0 0 0 0 0 8 6 4 0 5 0 0 0
P7277 2019 11 6 31 0 11 46 10 16 8 0 3 10 12 22 37 91 11 0 0 9 9 0 0 0 11 18 30 6 7 6 22 -999
P7277 2019 12 7 18 11 15 22 8 18 6 0 0 0 0 4 12 48 9 12 36 22 7 7 35 32 31 57 21 16 0 8 2 0
P7277 2020 1 4 30 68 57 31 166 73 18 13 19 34 14 10 6 4 0 0 0 0 0 0 3 0 0 0 0 0 2 4 8 7
P7277 2020 2 6 8 11 25 8 11 6 3 0 0 0 0 0 27 42 19 0 0 0 11 26 28 77 53 5 0 0 0 -999 -999 -999
P7277 2020 3 0 0 0 0 0 0 0 0 0 4 7 9 23 11 27 30 22 9 0 0 0 14 72 74 49 16 16 3 16 7 16
P7277 2020 4 11 10 21 0 0 0 0 0 7 12 9 7 6 0 0 0 0 0 0 9 45 25 40 51 21 7 0 0 18 0 -999
P7277 2020 5 0 0 0 7 6 0 0 0 0 0 0 0 0 0 0 0 0 0 0 0 0 0 9 9 6 14 46 28 19 18 5
P7277 2020 6 0 0 0 0 0 5 8 9 6 0 0 0 0 0 0 0 0 0 0 0 0 0 0 0 0 0 0 0 0 0 -999
P7277 2020 7 0 0 0 0 0 0 0 0 0 0 0 0 0 0 0 0 0 0 0 0 0 0 0 0 0 0 0 0 0 0 0
P7277 2020 8 0 0 0 0 0 0 0 0 0 0 0 0 0 0 0 0 0 0 0 0 0 0 0 0 0 0 0 0 0 0 0
P7277 2020 9 0 0 0 0 0 0 0 0 0 0 0 0 0 12 12 0 0 9 43 11 4 0 0 0 7 0 0 0 0 0 -999
P7277 2020 10 0 0 0 0 0 5 0 0 0 0 6 0 0 0 0 0 0 0 0 0 0 6 25 36 7 113 110 55 7 5 0
P7277 2020 11 6 5 20 89 31 27 41 19 9 0 0 0 3 0 0 0 14 23 77 114 68 9 8 0 6 0 0 0 8 17 -999
P7277 2020 12 17 26 36 36 8 11 0 12 19 18 19 9 13 4 0 0 2 18 5 19 119 106 153 59 10 6 0 3 3 3 9
P7277 2021 1 0 3 6 6 6 4 0 0 0 6 20 15 11 18 0 3 8 7 7 7 16 13 86 91 126 153 129 60 112 62 58
P7277 2021 2 7 88 19 124 108 39 20 30 2 25 6 25 18 6 4 9 8 0 0 0 0 0 0 12 5 0 43 35 -999 -999 -999
P7277 2021 3 13 34 43 40 59 52 25 0 0 0 4 5 44 13 80 20 125 71 79 48 27 10 39 44 0 3 5 6 12 11 23
P7277 2021 4 45 52 9 25 6 0 0 4 35 61 23 3 0 0 0 11 39 9 5 4 0 0 0 36 48 10 7 7 0 8 -999
P7277 2021 5 4 0 0 3 0 5 11 6 8 10 12 3 4 0 0 0 0 0 0 0 0 0 0 0 0 0 0 6 7 23 8
P7277 2021 6 26 18 6 4 7 7 15 15 9 14 21 12 11 20 9 0 0 0 0 0 0 0 0 0 0 0 0 0 0 0 -999
P7277 2021 7 0 0 0 0 0 0 0 0 0 0 0 0 0 0 0 0 0 0 0 0 0 0 0 0 0 0 0 0 0 0 0
P7277 2021 8 0 0 0 0 0 0 0 6 7 7 0 0 0 0 0 0 0 0 0 0 0 0 0 0 0 0 0 0 0 0 0
P7277 2021 9 0 0 0 0 0 0 0 0 0 0 0 0 0 12 10 0 0 0 0 0 0 0 0 14 29 19 20 0 0 0 -999
P7277 2021 10 9 32 117 16 0 0 43 21 8 0 0 0 7 16 23 0 0 0 20 0 33 16 0 10 8 16 6 4 3 7 20
P7277 2021 11 20 10 19 11 26 37 43 32 6 5 0 0 0 0 0 0 0 0 8 13 13 4 6 0 0 0 0 5 7 4 -999
P7277 2021 12 0 0 0 0 0 0 0 4 0 0 10 22 41 84 101 42 186 100 48 75 62 27 57 36 68 28 94 67 13 11 4
P7277 2022 1 0 0 0 0 0 0 0 0 0 0 0 5 7 7 6 2 1 0 0 0 3 0 0 0 0 0 0 0 0 6 0
P7277 2022 2 0 3 3 3 2 0 0 0 7 7 6 1 2 7 36 9 6 4 5 18 49 6 6 49 5 18 20 65 -999 -999 -999
P7277 2022 3 16 12 4 46 51 16 7 4 5 9 0 0 0 0 0 0 0 2 3 21 9 0 8 7 4 10 0 0 0 2 4
P7277 2022 4 22 24 55 13 14 41 8 8 7 4 3 18 18 0 0 0 0 0 0 0 15 40 13 9 4 10 7 0 0 0 -999
P7277 2022 5 0 0 0 0 0 0 0 0 0 0 0 0 0 0 0 0 0 10 8 14 0 0 0 0 0 0 0 0 0 0 0
P7277 2022 6 0 0 0 0 0 0 0 0 0 0 0 0 0 0 0 0 0 0 0 0 0 0 0 0 0 0 0 0 0 0 -999
P7277 2022 7 0 0 0 0 0 0 0 0 0 0 0 0 0 0 0 0 0 0 0 0 0 0 0 0 0 0 0 0 0 0 0
P7277 2022 8 0 0 0 0 0 0 0 0 0 0 0 0 0 0 0 0 0 0 0 0 0 0 0 0 0 0 0 0 0 0 0
P7277 2022 9 0 0 0 0 0 0 0 0 0 0 0 0 0 0 0 0 0 0 0 0 0 12 9 12 4 6 0 0 0 0 -999
P7277 2022 10 0 0 0 0 6 0 0 0 0 0 0 4 18 9 5 0 0 0 0 22 10 0 0 0 0 0 50 12 0 0 0
P7277 2022 11 44 0 0 6 6 0 0 0 0 0 9 30 59 51 41 48 18 8 19 161 122 182 139 65 6 2 0 0 4 5 -999
P7277 2022 12 8 0 6 3 5 44 19 21 7 5 10 2 0 0 0 3 23 9 16 87 15 34 96 70 98 116 122 60 42 4 18
P7277 2023 1 9 16 20 44 101 58 11 86 41 5 41 8 19 13 5 6 37 25 8 6 7 5 6 3 0 3 0 0 0 0 0
P7277 2023 2 0 0 0 0 3 6 3 0 0 0 0 9 3 14 64 46 41 26 7 32 0 0 0 2 0 0 3 0 -999 -999 -999
P7277 2023 3 0 4 12 0 2 6 0 5 7 0 0 0 5 24 33 25 97 49 26 12 34 24 4 4 4 13 5 2 16 16 0
P7277 2023 4 0 0 0 0 0 0 22 33 10 0 0 0 6 15 21 10 7 0 0 0 0 6 0 0 5 4 0 0 5 0 -999
P7277 2023 5 73 105 60 63 45 48 43 83 46 16 4 6 19 0 0 0 0 0 0 0 13 9 3 5 0 0 0 0 0 0 0
P7277 2023 6 0 0 0 0 0 0 0 0 0 0 0 5 6 0 8 0 0 0 0 0 0 0 6 0 0 0 0 0 0 0 -999
P7277 2023 7 0 0 0 0 0 0 0 0 0 0 0 0 0 0 0 0 0 0 0 0 0 0 0 0 0 0 0 0 0 0 0
P7277 2023 8 0 0 0 0 0 0 0 0 0 0 0 0 0 0 0 0 0 0 0 0 0 0 0 0 0 0 0 0 0 0 0
P7277 2023 9 0 0 0 0 0 0 0 0 0 0 0 0 0 0 0 0 0 0 0 0 0 0 0 0 0 0 0 0 0 8 -999
P7277 2023 10 14 0 0 0 0 0 0 0 6 0 0 0 0 10 7 6 5 7 0 10 0 9 0 0 0 0 7 4 4 6 7
P7277 2023 11 7 5 3 0 0 0 0 15 49 55 67 64 33 4 3 0 4 0 0 0 0 0 0 0 0 0 5 4 0 2 -999
P7277 2023 12 5 26 79 17 0 0 0 0 0 0 0 0 2 4 7 3 10 47 45 109 28 46 16 54 3 0 0 0 0 2 3
P7277 2024 1 3 0 0 1 0 0 0 0 0 4 5 5 4 0 3 2 7 32 61 76 43 77 74 19 8 19 45 27 2 8 4
P7277 2024 2 3 6 0 35 0 0 0 19 0 0 51 61 75 10 10 0 0 11 4 0 0 6 5 0 0 7 0 0 -999 -999 -999
P7277 2024 3 0 0 0 0 5 16 15 0 15 27 23 23 11 81 7 6 7 8 31 4 7 4 0 0 0 4 6 2 5 6 0
P7277 2024 4 7 0 6 8 38 56 59 58 18 44 14 0 0 0 0 0 0 0 0 0 17 54 8 0 0 0 0 0 0 10 -999
P7277 2024 5 13 9 14 12 6 4 12 12 0 0 0 5 6 7 6 0 4 7 0 0 0 0 0 0 0 0 22 25 7 9 0
P7277 2024 6 0 0 0 0 0 0 0 0 0 0 0 28 8 0 0 0 0 0 0 0 0 0 0 0 0 0 0 0 0 0 -999
P7277 2024 7 0 0 0 0 0 0 0 0 0 0 35 0 0 0 0 0 0 0 0 0 0 0 0 0 0 0 0 0 0 0 0
P7277 2024 8 0 0 0 0 0 0 0 0 0 0 0 0 0 0 0 0 0 0 0 0 0 0 0 0 0 0 0 0 0 0 0
P7277 2024 9 0 0 0 0 0 0 0 0 0 0 0 0 0 0 0 25 31 0 7 20 66 45 41 19 6 12 16 7 6 11 -999
P7277 2024 10 5 83 56 7 92 30 5 0 0 0 0 0 17 0 28 0 8 17 0 0 0 0 0 0 0 0 0 0 8 41 30
P7277 2024 11 26 103 54 22 16 10 0 0 3 4 16 22 21 30 19 18 5 3 2 0 0 0 0 0 0 0 0 7 11 39 -999
P7277 2024 12 27 22 23 7 8 16 7 9 37 97 156 60 48 19 28 16 17 20 9 0 9 7 24 10 8 24 12 7 0 5 11
P7277 2025 1 0 0 4 103 130 55 6 15 12 9 5 0 3 7 0 8 7 19 9 2 5 0 0 0 0 0 6 24 38 75 17
P7277 2025 2 13 16 18 11 26 36 52 122 12 29 30 21 0 0 0 8 9 0 0 0 0 0 4 0 0 0 0 0 -999 -999 -999
P7277 2025 3 4 12 6 5 0 0 0 44 16 6 4 2 0 0 0 0 0 0 0 0 0 0 0 0 4 7 7 0 0 0 0
P7277 2025 4 0 0 0 6 4 0 0 0 0 0 0 0 0 0 0 0 0 0 4 0 0 0 0 0 10 5 0 0 3 0 -999
P7277 2025 5 0 0 7 7 3 0 0 0 0 0 0 0 0 10 8 2 0 0 0 0 0 0 0 5 7 6 10 10 19 0 3
P7277 2025 6 3 0 0 2 4 0 0 0 0 0 0 0 0 0 0 0 0 0 0 0 0 0 0 0 0 0 0 0 0 0 -999
P7277 2025 7 0 0 0 0 0 0 0 0 0 0 0 0 0 0 0 0 0 0 0 0 0 0 0 0 0 0 0 0 0 0 0
P7277 2025 8 0 0 0 0 0 0 0 0 0 0 0 0 0 10 0 0 0 0 0 0 0 0 0 0 0 0 0 0 0 0 0
P7277 2025 9 0 0 0 0 0 0 0 0 0 0 0 0 0 0 0 0 6 10 0 0 0 0 0 0 0 0 0 0 0 0 -999
P7277 2025 10 0 0 0 0 0 15 0 0 0 0 0 0 0 0 0 0 37 108 49 47 70 54 9 0 6 0 0 3 7 49 83
P7277 2025 11 64 27 17 119 48 20 13 5 41 150 28 9 15 80 72 31 9 0 0 12 4 0 6 0 0 5 4 3 0 0 -999
P7277 2025 12 4 0 2 0 0 4 2 4 4 4 15 12 9 6 17 26 0 26 8 4 12 38 53 58 30 16 6 19 13 33 38
P7277 2026 1 68 7 6 0 0 0 0 2 0 2 2 3 4 9 12 11 7 6 33 34 16 20 7 0 0 0 0 0 0 0 0
P7277 2026 2 0 0 0 0 0 6 4 0 0 0 0 0 5 4 2 29 6 0 0 0 0 3 0 5 5 0 0 6 -999 -999 -999
P7277 2026 3 5 0 21 44 30 23 16 5 0 0 0 0 15 17 0 3 0 0 0 0 0 0 47 17 62 51 32 18 38 69 11
P7277 2026 4 0 18 19 6 10 19 15 3 7 4 7 0 7 0 0 0 5 6 9 0 9 0 0 0 0 0 0 0 10 36 -999
P7277 2026 5 15 19 0 0 0 0 0 0 0 0 0 0 0 0 0 0 0 0 0 0 0 0 0 14 13 4 0 6 5 4 0
P7277 2026 6 0 0 0 0 0 0 0 0 0 0 0 0 0 0 0 40 0 0 0 0 0 0 0 0 0 0 0 0 0 0 -999
P7277 2026 7 0 0 0 0 0 0 0 0 0 0 0 0 0 0 0 0 0 0 0 0 0 0 0 0 0 0 0 0 0 0 0
P7277 2026 8 0 0 0 0 0 0 0 0 0 0 0 0 0 0 0 0 0 0 0 0 0 0 0 0 0 0 0 0 0 0 0
P7277 2026 9 0 0 0 0 0 0 0 0 0 0 0 0 0 0 0 0 0 0 0 0 0 0 0 0 0 0 0 0 0 0 -999
P7277 2026 10 0 0 0 0 0 0 0 0 0 0 0 11 11 9 0 13 4 0 8 19 7 5 0 0 0 0 0 15 62 30 128
P7277 2026 11 32 30 18 24 96 12 22 93 92 32 32 11 4 62 150 15 2 2 0 0 0 0 0 0 0 0 0 0 0 0 -999
P7277 2026 12 3 8 5 0 0 0 0 0 2 13 2 3 0 26 66 48 12 75 43 42 8 48 25 11 15 2 2 12 0 0 0
P7277 2027 1 0 6 4 17 8 39 65 16 9 15 93 32 7 4 7 0 0 0 17 5 26 9 4 3 25 115 109 55 80 0 0
P7277 2027 2 9 0 0 4 0 0 4 0 0 4 31 3 0 0 9 13 25 14 12 21 24 56 72 12 0 6 6 0 -999 -999 -999
P7277 2027 3 4 21 14 9 4 5 0 4 0 0 0 0 0 0 0 0 12 25 30 21 48 47 44 29 9 24 11 0 0 0 0
P7277 2027 4 5 10 15 12 0 0 0 0 0 0 0 0 6 15 0 0 0 0 0 0 0 10 22 14 0 0 0 0 19 10 -999
P7277 2027 5 0 0 0 7 8 25 39 11 0 0 0 0 0 0 0 0 0 0 0 0 0 0 0 0 0 0 0 0 0 0 0
P7277 2027 6 0 0 0 14 11 6 0 0 0 0 0 0 0 0 0 0 0 0 0 0 0 0 0 0 0 0 8 5 0 0 -999
P7277 2027 7 0 10 9 7 18 12 0 0 0 0 0 0 0 0 0 0 0 0 0 0 0 0 0 0 0 0 0 0 0 0 0
P7277 2027 8 0 0 0 0 0 0 0 0 0 0 0 0 0 0 0 0 0 0 5 0 0 0 0 0 0 0 0 0 0 0 0
P7277 2027 9 0 0 0 0 0 0 0 0 0 0 0 0 0 0 0 0 0 0 0 0 0 0 0 0 0 0 0 0 7 9 -999
P7277 2027 10 14 9 14 0 0 0 59 0 0 0 0 8 0 0 0 0 8 0 0 0 0 0 6 8 0 0 0 0 0 0 0
P7277 2027 11 0 0 4 0 7 0 0 0 8 96 26 3 0 0 0 0 0 0 0 0 19 50 49 25 27 100 58 18 5 8 -999
P7277 2027 12 16 12 4 5 6 9 3 0 0 0 0 2 9 0 15 7 16 11 0 8 0 0 0 0 3 0 0 0 0 0 5
P7277 2028 1 2 3 0 0 0 0 0 0 0 0 0 0 0 0 6 9 19 15 8 0 0 0 0 0 0 0 10 0 0 0 0
P7277 2028 2 0 15 31 23 58 70 35 20 7 17 55 33 38 132 83 47 37 34 40 3 5 25 0 0 0 0 0 0 -999 -999 -999
P7277 2028 3 0 0 0 0 0 0 0 0 0 12 20 11 12 9 7 0 0 0 0 0 0 4 0 0 5 14 27 4 5 10 17
P7277 2028 4 0 6 0 0 0 0 0 7 0 27 4 0 0 0 0 0 8 11 58 51 6 0 0 0 0 0 0 0 0 0 -999
P7277 2028 5 20 0 0 0 0 0 7 33 47 26 12 7 21 15 15 5 0 0 0 0 0 0 0 0 0 0 3 7 0 0 0
P7277 2028 6 5 5 8 18 28 39 28 4 0 0 0 0 0 0 0 0 0 0 0 0 0 0 0 0 0 0 0 11 8 10 -999
P7277 2028 7 10 0 0 0 0 0 0 0 0 0 0 6 6 0 0 0 0 0 0 0 0 0 0 0 0 0 0 0 0 0 0
P7277 2028 8 0 0 0 0 0 0 0 0 0 0 0 0 0 0 0 0 0 0 0 0 0 0 0 7 11 5 0 0 0 0 0
P7277 2028 9 0 0 0 0 0 0 0 0 0 0 0 0 0 0 0 0 0 0 0 0 0 0 0 22 0 12 40 38 12 0 -999
P7277 2028 10 0 0 0 0 0 0 0 0 0 0 0 0 0 5 0 0 0 0 6 0 0 0 0 0 0 0 0 0 5 3 0
P7277 2028 11 0 6 24 10 47 20 0 4 3 0 13 19 10 5 7 8 3 21 5 22 72 15 19 8 6 4 32 17 22 6 -999
P7277 2028 12 5 8 17 12 2 0 0 0 0 0 0 4 7 7 0 0 8 14 60 65 90 53 26 17 13 23 13 20 12 29 4
P7277 2029 1 5 4 64 57 6 4 14 28 8 20 24 73 18 19 29 52 23 10 6 4 0 0 0 0 0 0 0 25 8 10 10
P7277 2029 2 75 30 36 23 16 4 4 2 0 18 3 5 32 2 0 13 3 0 0 6 0 0 0 5 2 6 8 6 -999 -999 -999
P7277 2029 3 8 10 7 66 79 80 45 61 29 7 7 0 2 3 8 0 2 7 6 37 7 6 5 1 0 0 0 0 0 7 11
P7277 2029 4 0 0 10 7 0 0 0 0 0 0 0 0 14 22 4 5 0 9 0 0 0 0 0 0 0 0 0 10 31 12 -999
P7277 2029 5 6 0 29 54 62 29 86 53 20 5 3 0 4 0 0 0 0 0 0 3 0 0 0 0 6 0 0 0 0 0 0
P7277 2029 6 0 0 0 0 0 0 0 0 0 0 0 0 0 0 0 0 0 0 0 0 0 0 0 0 0 0 0 0 0 0 -999
P7277 2029 7 0 0 0 0 0 0 0 0 0 0 0 0 0 0 0 0 0 0 0 0 0 0 0 0 0 0 0 0 0 0 0
P7277 2029 8 0 0 0 0 0 0 0 0 0 0 0 0 0 0 0 0 0 0 0 0 0 0 0 0 0 0 0 0 0 0 0
P7277 2029 9 0 0 0 0 0 0 0 0 0 0 0 0 0 0 0 0 0 0 0 11 12 18 0 0 18 34 9 0 0 0 -999
P7277 2029 10 0 0 0 0 0 0 0 0 0 0 0 0 0 0 0 0 0 7 0 0 0 0 0 6 26 20 0 52 96 14 4
P7277 2029 11 0 0 0 0 0 0 0 0 0 0 0 0 0 7 5 5 11 8 5 8 25 10 29 12 0 3 8 5 6 0 -999
P7277 2029 12 4 13 47 58 73 7 9 17 23 6 7 4 3 3 0 0 12 2 1 0 4 40 40 16 42 9 104 102 105 0 0
P7277 2030 1 0 0 0 9 18 17 35 0 6 45 4 0 0 13 14 100 6 0 4 5 19 0 5 26 16 3 24 28 5 0 0
P7277 2030 2 6 10 36 15 103 13 20 7 0 0 0 0 0 0 0 18 9 3 0 0 0 7 4 0 67 0 0 7 -999 -999 -999
P7277 2030 3 0 0 0 0 0 0 0 0 0 0 0 0 0 0 0 7 14 9 9 0 3 12 19 18 11 10 11 18 67 34 101
P7277 2030 4 120 51 6 0 0 0 0 7 8 11 0 0 0 5 17 7 14 24 13 6 5 0 0 5 16 14 0 0 29 10 -999
P7277 2030 5 0 0 0 0 0 0 0 0 0 0 7 6 6 35 59 22 7 33 9 11 0 0 0 0 0 0 0 0 0 0 0
P7277 2030 6 0 0 0 0 0 0 0 0 0 0 0 0 0 0 9 0 6 7 5 4 0 0 0 0 0 0 0 0 0 0 -999
P7277 2030 7 0 0 0 0 0 0 0 0 0 0 0 0 0 0 0 0 0 0 0 0 0 0 0 0 0 0 0 0 0 0 0
P7277 2030 8 0 0 0 0 0 0 0 0 0 0 0 0 0 0 0 0 0 0 0 0 0 0 0 0 0 0 0 0 0 0 0
P7277 2030 9 0 0 0 0 0 0 0 13 8 0 0 0 0 0 0 41 11 18 8 6 32 23 10 5 10 0 4 7 6 0 -999
P7277 2030 10 0 0 0 0 0 11 17 38 47 49 10 34 11 8 15 4 16 34 113 51 74 40 26 32 6 0 0 8 7 7 8
P7277 2030 11 6 0 23 6 16 9 47 99 127 124 37 11 5 40 20 49 74 56 47 13 13 54 48 18 10 12 7 97 23 7 -999
P7277 2030 12 2 0 2 0 5 7 7 5 3 5 14 3 0 0 0 0 0 0 0 0 0 0 0 0 6 21 53 19 58 19 28
P7277 2031 1 21 3 10 40 19 21 6 115 164 50 44 10 98 67 59 7 10 0 4 2 5 0 0 0 0 0 0 0 0 0 5
P7277 2031 2 4 5 19 51 23 12 9 25 25 12 5 7 7 10 16 0 18 19 4 0 6 10 18 0 0 10 0 0 -999 -999 -999
P7277 2031 3 0 0 0 8 15 38 7 6 56 31 23 33 47 6 0 3 0 0 0 0 0 0 0 0 0 0 0 0 3 7 45
P7277 2031 4 14 12 5 0 4 9 10 10 11 17 6 20 48 0 0 0 0 0 0 0 0 0 0 0 0 0 0 0 0 0 -999
P7277 2031 5 0 0 13 5 5 0 0 0 0 0 9 0 0 0 0 0 0 0 0 0 0 0 0 0 0 0 0 0 0 0 0
P7277 2031 6 0 0 0 0 0 0 36 8 0 0 0 0 0 0 0 0 0 0 0 0 0 0 0 0 0 0 0 0 0 0 -999
P7277 2031 7 0 0 0 0 0 0 0 0 0 0 0 0 0 0 0 0 0 0 0 0 0 0 0 0 0 0 0 0 0 0 0
P7277 2031 8 0 0 0 0 0 0 0 0 0 0 0 0 0 0 0 0 0 0 0 0 0 0 0 0 0 0 0 0 0 0 0
P7277 2031 9 0 0 0 0 0 0 0 0 0 0 0 0 0 0 0 0 21 0 0 0 10 24 15 0 9 9 17 6 14 0 -999
P7277 2031 10 0 0 0 0 0 0 0 0 14 0 0 0 0 0 0 0 0 0 0 11 18 12 14 25 39 0 29 37 11 22 2
P7277 2031 11 0 6 16 99 22 40 37 36 15 31 32 16 128 95 90 31 45 102 139 133 63 33 13 31 119 74 87 18 27 47 -999
P7277 2031 12 130 79 51 83 106 91 86 37 12 11 7 2 0 0 5 4 4 4 0 4 39 18 9 17 17 17 10 38 11 27 13
P7277 2032 1 13 30 68 158 118 57 153 100 28 0 20 33 10 36 38 4 0 0 2 2 0 0 0 0 0 8 9 23 18 25 8
P7277 2032 2 5 0 0 0 0 4 4 3 0 27 92 47 10 2 0 10 0 0 0 7 5 12 0 0 9 13 22 18 -999 -999 -999
P7277 2032 3 0 0 0 0 0 0 0 0 0 7 4 4 4 0 0 0 0 0 0 0 0 0 0 0 0 0 0 7 18 21 0
P7277 2032 4 8 9 8 26 45 37 55 61 51 21 7 0 10 24 9 59 6 0 0 0 0 0 9 59 23 4 0 0 0 0 -999
P7277 2032 5 6 3 3 0 0 0 0 0 0 0 0 0 0 0 0 0 0 0 0 0 0 0 0 0 0 6 0 0 0 17 13
P7277 2032 6 0 0 0 0 0 0 0 0 0 0 0 0 0 0 0 0 0 0 0 0 0 0 0 0 0 0 0 0 0 0 -999
P7277 2032 7 0 0 0 0 0 0 0 0 0 0 0 0 0 0 0 0 0 0 0 0 0 0 0 0 0 0 0 0 0 0 0
P7277 2032 8 0 0 0 0 0 0 0 0 0 0 0 0 0 0 0 0 0 0 0 0 0 0 0 0 0 0 0 0 0 0 0
P7277 2032 9 0 0 0 0 0 0 0 0 0 0 0 0 15 8 7 38 9 0 0 0 0 0 0 0 0 0 0 0 0 0 -999
P7277 2032 10 15 19 10 0 0 0 0 7 9 0 0 0 0 15 97 32 19 0 0 11 0 18 47 17 0 0 0 82 77 6 7
P7277 2032 11 6 14 11 49 23 17 17 0 0 0 0 0 0 0 0 11 12 8 0 0 0 4 5 10 9 23 31 20 85 83 -999
P7277 2032 12 11 40 37 57 11 12 0 20 17 13 0 0 0 0 0 0 0 4 5 5 4 0 6 19 31 44 6 0 7 7 3
P7277 2033 1 2 12 31 60 49 50 25 20 141 135 54 67 37 5 80 143 47 41 18 7 8 17 12 10 18 30 45 44 9 26 3
P7277 2033 2 0 0 0 4 5 4 7 23 24 15 85 45 23 0 0 0 20 18 10 4 0 0 5 25 4 4 0 0 -999 -999 -999
P7277 2033 3 3 0 0 0 0 0 4 0 0 8 10 14 11 6 0 0 0 0 0 14 16 10 5 0 0 0 5 21 4 4 0
P7277 2033 4 0 0 4 11 12 0 0 9 20 22 12 31 41 24 23 99 65 61 27 55 55 62 14 11 22 10 4 8 6 5 -999
P7277 2033 5 6 0 30 15 0 0 0 0 4 0 0 7 14 23 6 6 37 18 14 10 37 7 8 9 0 0 0 0 0 0 0
P7277 2033 6 0 0 0 0 0 0 0 0 0 0 0 0 0 0 0 0 0 0 0 0 0 0 0 0 0 0 0 0 0 0 -999
P7277 2033 7 0 0 0 0 0 0 0 0 0 0 0 0 0 0 0 0 0 0 0 0 0 0 0 0 0 0 0 0 0 0 0
P7277 2033 8 0 0 0 0 0 0 0 0 0 0 0 0 0 0 0 0 0 0 0 0 0 0 0 0 0 0 0 0 0 20 0
P7277 2033 9 0 0 0 0 0 0 8 9 0 0 0 0 0 0 14 23 0 0 0 0 0 0 0 0 0 0 0 0 0 0 -999
P7277 2033 10 0 0 0 26 33 21 28 18 10 40 159 95 76 10 0 0 0 0 0 0 0 0 14 19 22 0 0 13 3 4 8
P7277 2033 11 18 85 157 54 7 0 0 0 0 0 3 0 0 0 0 3 4 6 0 0 0 0 0 0 0 0 0 0 0 0 -999
P7277 2033 12 5 8 5 3 0 0 0 3 0 2 11 4 0 0 0 0 0 0 0 0 0 0 0 0 0 0 0 0 3 0 0
P7277 2034 1 2 3 5 6 5 3 7 8 8 6 33 19 32 14 53 15 24 5 5 0 0 0 0 0 0 0 0 0 0 0 0
P7277 2034 2 0 0 0 0 0 0 5 0 0 2 0 0 3 10 17 10 7 0 0 6 0 0 0 0 0 0 10 20 -999 -999 -999
P7277 2034 3 74 84 29 22 43 12 14 17 0 0 0 0 0 0 6 0 0 0 0 0 0 5 20 17 9 0 0 0 0 0 0
P7277 2034 4 0 0 0 0 0 0 0 0 0 0 0 0 0 16 22 0 0 0 0 6 22 0 0 0 0 0 0 11 0 0 -999
P7277 2034 5 0 0 0 0 0 0 0 0 5 6 0 0 0 0 0 0 0 0 0 0 0 0 0 0 0 0 0 0 0 0 0
P7277 2034 6 0 0 0 4 14 10 4 0 0 0 0 0 0 0 0 0 0 0 0 0 0 0 0 0 0 0 0 0 0 0 -999
P7277 2034 7 0 0 0 0 0 0 0 0 4 6 0 0 0 0 0 0 0 0 0 0 0 0 0 0 0 0 0 0 0 0 0
P7277 2034 8 9 10 3 0 0 0 0 0 0 0 0 0 0 0 0 0 0 0 0 0 0 0 0 0 0 0 0 0 0 0 0
P7277 2034 9 0 0 0 0 0 0 0 0 0 0 0 6 0 0 0 0 0 0 0 0 25 11 0 0 0 10 0 0 0 0 -999
P7277 2034 10 7 8 14 9 83 24 0 12 13 25 7 0 3 4 0 5 0 0 0 0 0 0 0 8 18 19 12 57 26 0 15
P7277 2034 11 0 0 0 0 0 7 12 14 68 0 0 16 0 0 0 0 0 0 0 0 8 19 10 46 29 36 8 12 12 33 -999
P7277 2034 12 3 0 0 10 4 10 23 19 7 5 7 2 5 66 100 5 4 8 0 3 6 0 0 2 7 9 8 8 19 9 42
P7277 2035 1 3 0 17 30 48 81 47 40 5 4 12 10 25 9 7 8 21 0 8 60 153 69 50 35 6 2 0 13 7 7 13
P7277 2035 2 26 24 2 2 0 0 9 0 0 0 2 0 0 0 0 0 0 0 2 4 27 82 73 65 51 7 49 46 -999 -999 -999
P7277 2035 3 26 91 16 42 43 29 52 13 7 6 4 10 64 134 53 22 16 42 49 64 104 114 43 14 103 37 5 28 31 23 66
P7277 2035 4 27 21 15 64 57 49 25 41 55 13 13 23 6 13 0 0 0 17 35 120 45 24 34 14 7 5 17 45 37 103 -999
P7277 2035 5 24 0 0 0 0 0 0 0 0 0 0 0 0 0 0 0 0 0 0 0 0 0 22 8 0 0 0 0 0 0 15
P7277 2035 6 9 0 0 0 6 13 6 12 21 8 38 0 0 0 0 0 0 0 0 0 0 0 0 0 0 0 0 0 0 0 -999
P7277 2035 7 0 0 0 0 0 0 0 0 0 0 0 0 0 0 0 0 0 0 0 0 0 0 0 0 0 0 0 0 0 0 0
P7277 2035 8 0 0 0 0 0 0 0 0 0 0 0 0 0 0 0 0 0 0 0 0 0 0 0 0 0 0 0 0 0 0 0
P7277 2035 9 0 0 0 0 0 0 0 0 0 0 0 0 0 0 0 0 0 0 0 0 0 0 25 0 0 0 0 0 0 0 -999
P7277 2035 10 0 17 10 0 0 0 0 14 12 0 0 0 12 20 15 14 17 0 31 60 17 0 0 0 0 0 0 0 0 0 6
P7277 2035 11 0 8 12 16 17 10 0 12 13 0 0 0 0 0 0 0 0 0 0 0 0 0 0 0 0 0 0 11 8 4 -999
P7277 2035 12 8 8 8 25 80 104 55 50 23 20 14 6 43 18 8 6 0 7 52 92 137 20 0 0 0 0 0 0 0 0 3
P7277 2036 1 6 5 0 0 3 5 6 0 0 10 16 31 14 3 0 0 9 55 37 10 57 24 8 3 4 8 10 4 3 2 6
P7277 2036 2 1 0 2 2 4 5 9 33 16 7 12 29 33 15 6 9 6 0 0 0 0 0 0 0 4 4 8 23 -999 -999 -999
P7277 2036 3 69 26 10 14 42 21 0 13 0 0 0 0 0 6 3 3 0 0 0 0 0 0 0 0 0 0 0 10 10 7 0
P7277 2036 4 20 50 28 0 0 0 0 0 0 0 0 0 0 0 0 0 0 0 0 0 0 0 7 8 6 7 3 0 0 0 -999
P7277 2036 5 0 0 0 0 5 0 0 0 0 0 11 17 13 9 12 12 10 0 0 0 0 0 0 0 0 0 0 0 0 0 21
P7277 2036 6 17 0 0 0 0 0 0 0 0 0 0 0 0 0 0 0 0 4 0 0 0 0 0 0 0 0 0 0 0 0 -999
P7277 2036 7 0 0 0 0 0 0 0 0 0 0 0 0 0 0 0 0 0 0 0 0 0 0 0 0 0 0 0 0 0 0 0
P7277 2036 8 0 0 0 0 0 0 0 0 0 0 0 0 0 0 0 0 0 0 0 0 0 0 0 0 0 0 0 0 0 0 0
P7277 2036 9 0 0 0 0 0 0 0 0 0 0 0 0 0 0 0 0 0 0 0 0 0 0 0 0 0 0 0 0 0 0 -999
P7277 2036 10 0 9 0 0 3 0 0 0 0 16 39 0 0 0 0 0 0 0 0 0 0 0 0 0 9 40 21 25 127 46 12
P7277 2036 11 11 7 0 0 0 7 6 62 8 0 4 6 28 67 36 13 11 8 35 11 4 0 0 0 0 18 29 9 6 0 -999
P7277 2036 12 0 0 8 29 12 0 2 0 0 0 4 7 6 5 5 5 4 10 8 7 20 38 17 6 25 22 5 3 0 0 8
P7277 2037 1 7 9 0 0 0 0 0 3 22 46 12 81 31 0 0 0 0 10 48 92 105 27 38 80 68 21 183 52 65 16 4
P7277 2037 2 0 27 10 7 9 14 21 0 10 6 2 0 0 4 0 0 0 0 0 0 0 0 2 0 0 19 29 6 -999 -999 -999
P7277 2037 3 2 0 0 0 0 0 3 2 0 4 5 18 55 115 53 11 11 6 0 0 7 12 41 89 39 5 5 14 39 28 0
P7277 2037 4 5 0 4 5 12 9 8 8 7 0 0 4 6 54 53 21 30 14 7 11 71 47 45 14 0 0 0 0 0 0 -999
P7277 2037 5 0 0 0 0 0 0 0 0 0 6 0 0 0 0 3 0 3 9 4 0 0 7 11 7 40 26 5 0 4 7 8
P7277 2037 6 0 0 0 0 0 0 0 0 4 0 0 0 0 0 0 0 7 8 7 0 0 0 0 0 0 0 0 0 0 0 -999
P7277 2037 7 0 0 0 0 0 0 0 0 0 0 0 0 0 0 0 0 0 0 0 0 0 0 0 0 0 0 0 0 0 0 0
P7277 2037 8 0 0 0 0 0 0 0 0 0 0 0 0 0 0 0 0 0 0 0 0 0 0 0 0 0 0 0 0 0 0 0
P7277 2037 9 0 0 0 0 0 0 0 0 0 0 0 0 0 0 0 0 0 0 0 0 0 0 0 0 0 0 0 8 0 0 -999
P7277 2037 10 0 0 0 0 0 0 0 0 0 0 18 6 0 0 0 0 26 15 0 0 0 0 0 0 8 9 0 0 0 0 0
P7277 2037 11 0 0 0 0 0 16 17 7 0 0 9 19 14 30 11 0 0 0 6 35 7 10 43 22 13 10 16 22 11 8 -999
P7277 2037 12 65 5 42 46 26 19 11 14 14 24 9 7 8 8 6 0 26 16 10 0 0 25 12 0 0 0 0 0 5 5 4
P7277 2038 1 14 33 8 19 20 7 14 0 4 7 7 8 16 58 18 15 55 4 7 14 15 16 65 71 5 43 24 56 58 38 9
P7277 2038 2 2 10 24 90 41 45 8 5 10 10 0 0 0 5 11 6 0 2 6 0 0 0 10 0 0 0 10 28 -999 -999 -999
P7277 2038 3 34 13 22 54 165 9 39 30 22 17 8 0 0 0 0 0 6 14 17 22 21 4 2 4 0 5 2 10 7 3 7
P7277 2038 4 4 0 0 0 0 0 8 24 0 0 0 0 0 10 9 0 0 0 0 0 22 17 0 0 0 0 0 0 0 0 -999
P7277 2038 5 0 0 0 0 0 0 0 0 0 0 0 0 0 0 0 0 0 23 19 9 0 0 0 0 0 0 0 7 0 0 0
P7277 2038 6 0 6 6 8 0 0 0 0 0 0 0 0 4 0 0 0 0 0 0 0 0 0 0 0 0 0 0 0 0 0 -999
P7277 2038 7 0 0 0 0 0 0 0 0 0 0 0 0 0 0 0 0 0 0 0 0 0 0 0 0 0 0 0 0 0 0 0
P7277 2038 8 0 0 0 0 0 0 0 0 0 0 0 0 0 0 0 0 0 0 0 0 0 0 0 0 0 0 0 0 0 0 0
P7277 2038 9 0 0 0 51 0 0 0 0 0 0 0 0 0 0 0 0 0 0 0 0 0 0 0 10 0 0 0 0 0 0 -999
P7277 2038 10 0 0 0 0 0 0 0 0 0 0 0 0 0 0 0 0 0 11 6 0 9 18 44 0 0 0 17 16 8 0 0
P7277 2038 11 18 14 8 0 0 20 6 8 9 5 11 31 9 96 64 12 12 8 0 3 0 0 0 0 0 0 4 3 5 0 -999
P7277 2038 12 4 8 11 18 11 8 9 12 0 10 84 44 82 12 33 54 21 70 40 51 143 25 24 17 9 25 92 15 13 30 21
P7277 2039 1 20 19 12 11 15 4 5 0 0 0 0 0 0 10 19 32 15 6 15 8 5 19 20 21 7 6 5 0 0 0 0
P7277 2039 2 13 10 0 4 0 0 0 10 10 9 0 0 2 11 4 13 7 0 12 0 0 0 3 20 34 5 4 4 -999 -999 -999
P7277 2039 3 2 0 0 0 2 0 9 17 6 0 0 22 8 31 11 7 0 0 0 0 0 0 0 0 0 0 0 0 0 0 0
P7277 2039 4 0 0 0 13 12 13 0 0 0 0 0 0 11 11 8 0 0 0 5 0 5 6 0 0 0 0 0 0 0 0 -999
P7277 2039 5 0 0 11 0 0 0 0 0 0 0 0 0 0 0 14 0 0 5 0 4 6 10 0 0 0 0 0 0 0 0 0
P7277 2039 6 10 15 25 40 17 0 0 0 0 0 0 0 0 0 0 0 0 0 0 0 0 0 0 0 0 0 0 0 0 0 -999
P7277 2039 7 0 0 0 0 0 0 0 0 0 0 0 0 0 0 0 0 0 0 0 0 0 0 0 0 0 0 0 0 0 0 0
P7277 2039 8 0 0 0 0 0 0 0 0 0 0 0 0 0 0 0 0 0 0 0 0 0 0 0 0 0 0 0 0 0 0 0
P7277 2039 9 0 0 0 0 0 0 0 0 0 0 0 0 0 0 0 0 0 0 0 0 0 0 0 0 0 0 0 0 0 0 -999
P7277 2039 10 17 0 0 0 0 8 0 0 0 0 0 0 0 8 0 0 0 0 0 9 10 66 32 11 8 10 63 31 57 35 6
P7277 2039 11 5 0 0 0 0 4 7 16 14 8 26 12 7 7 4 8 6 14 57 53 32 19 12 0 0 0 18 42 3 3 -999
P7277 2039 12 9 27 11 78 146 86 26 46 84 8 10 12 17 44 18 19 13 20 80 54 8 10 23 50 53 27 75 80 23 70 39
P7277 2040 1 26 24 25 61 105 126 25 46 48 74 37 35 22 7 16 34 8 14 55 7 0 15 5 5 4 6 3 0 0 4 3
P7277 2040 2 0 0 3 7 7 0 0 0 0 2 0 0 0 0 6 5 5 7 2 0 0 0 0 0 0 0 0 0 -999 -999 -999
P7277 2040 3 0 0 0 0 0 0 0 0 0 0 0 0 0 0 0 0 0 0 22 36 25 42 113 40 16 25 25 7 67 25 12
P7277 2040 4 13 61 55 8 0 5 8 5 0 0 9 0 8 23 20 50 40 5 0 0 7 8 4 5 50 15 0 0 0 2 -999
P7277 2040 5 5 5 5 0 0 0 0 0 0 0 0 0 0 0 5 0 0 0 0 6 0 0 0 0 0 0 0 0 0 0 0
P7277 2040 6 2 0 0 0 0 0 0 0 0 0 0 0 0 0 0 0 0 0 0 0 0 0 0 0 0 0 0 0 0 0 -999
P7277 2040 7 0 0 0 0 0 0 0 0 0 0 0 0 0 0 0 0 0 0 0 0 0 0 0 0 0 0 0 0 0 0 0
P7277 2040 8 0 0 0 0 0 0 0 0 0 0 0 0 0 0 0 0 0 0 0 0 0 0 0 0 0 0 0 0 0 0 0
P7277 2040 9 0 0 0 0 0 0 0 0 0 0 0 0 0 0 0 0 0 0 0 0 0 0 0 0 0 0 0 0 6 0 -999
P7277 2040 10 0 0 0 0 0 0 0 0 0 0 0 0 0 0 0 7 16 15 0 7 5 0 3 0 3 12 13 18 0 0 12
P7277 2040 11 7 12 13 14 0 6 49 55 38 10 7 6 6 6 7 5 0 0 0 0 0 0 0 18 5 0 0 0 0 0 -999
P7277 2040 12 0 0 0 0 28 106 37 4 4 0 0 0 0 6 3 0 6 24 10 0 4 4 0 0 2 4 22 22 6 14 17
P7277 2041 1 0 0 0 0 1 0 3 2 0 0 6 6 5 10 5 0 0 0 16 19 100 136 200 53 117 94 91 69 15 19 2
P7277 2041 2 4 4 0 4 42 14 105 53 41 58 13 15 40 7 108 67 54 92 35 38 134 43 21 46 38 13 4 0 -999 -999 -999
P7277 2041 3 4 0 0 0 2 5 5 5 15 6 6 13 8 9 7 10 21 62 66 42 19 33 86 15 67 70 57 43 31 56 28
P7277 2041 4 3 0 0 0 0 0 0 0 0 0 0 0 0 0 3 3 8 43 10 19 10 7 17 60 52 14 2 2 0 0 -999
P7277 2041 5 0 0 12 9 0 0 0 0 0 12 7 0 0 0 0 0 0 0 11 13 8 8 9 10 13 39 40 9 0 3 4
P7277 2041 6 0 0 0 0 0 0 0 0 0 0 0 0 0 0 0 0 0 0 0 0 0 0 0 0 0 0 0 0 0 0 -999
P7277 2041 7 0 0 0 0 0 0 0 0 0 9 0 0 0 0 0 0 0 0 0 0 0 0 0 6 23 24 19 4 0 0 0
P7277 2041 8 0 0 0 0 0 0 0 0 0 0 0 0 0 0 0 0 0 0 0 0 0 0 0 0 0 0 0 0 0 0 0
P7277 2041 9 0 0 0 0 0 0 0 0 0 0 24 18 0 0 0 0 0 0 0 0 0 17 15 49 43 6 0 0 0 0 -999
P7277 2041 10 0 10 6 0 0 0 0 0 0 0 0 0 0 0 0 0 0 0 11 13 48 21 2 0 0 11 0 0 0 0 0
P7277 2041 11 0 0 0 10 11 19 19 15 33 25 36 32 92 39 61 34 186 104 22 89 107 67 59 135 37 16 45 57 30 10 -999
P7277 2041 12 4 47 4 114 91 16 39 24 5 4 10 20 26 44 107 151 53 46 42 41 6 2 15 0 0 0 0 0 0 2 0
P7277 2042 1 0 0 0 0 0 26 13 8 6 7 4 3 0 0 0 0 0 0 0 0 0 0 0 0 0 0 0 0 0 0 3
P7277 2042 2 6 3 0 0 0 0 0 5 10 9 3 4 0 0 0 0 0 4 5 5 3 0 0 9 0 0 0 0 -999 -999 -999
P7277 2042 3 0 0 0 0 0 4 4 0 0 0 0 6 7 4 22 13 0 28 72 28 15 7 7 54 10 4 4 7 22 20 63
P7277 2042 4 7 11 8 9 16 40 14 6 10 4 4 8 4 6 7 7 0 0 0 0 0 38 47 41 11 0 0 7 13 43 -999
P7277 2042 5 31 30 9 0 0 0 0 0 0 0 0 0 0 0 0 0 0 0 0 0 0 0 0 0 0 0 0 0 0 0 0
P7277 2042 6 0 0 0 4 0 0 0 0 0 0 0 0 0 0 0 0 0 0 0 0 0 0 0 0 0 0 0 0 0 0 -999
P7277 2042 7 0 0 0 0 0 0 0 0 0 0 0 0 0 0 0 0 0 0 0 0 0 0 0 0 0 0 0 0 0 0 0
P7277 2042 8 0 0 0 0 0 0 0 0 0 0 0 0 0 0 0 0 0 0 0 0 0 0 0 0 0 0 0 0 0 0 0
P7277 2042 9 0 0 0 0 0 0 0 0 0 0 0 0 0 0 0 0 0 0 0 0 0 0 0 0 0 0 0 0 0 0 -999
P7277 2042 10 0 0 6 6 5 0 9 12 0 0 15 18 13 0 0 8 9 8 6 27 11 10 9 8 0 0 9 11 0 0 0
P7277 2042 11 0 0 0 5 10 9 47 25 10 0 0 0 0 0 0 0 4 6 12 27 0 0 0 0 0 3 0 3 35 6 -999
P7277 2042 12 10 19 58 43 24 8 8 17 28 41 18 32 31 69 34 12 78 45 10 14 6 9 75 40 0 7 0 0 0 0 2
P7277 2043 1 4 4 11 6 6 17 6 0 0 0 2 4 20 69 16 54 7 16 15 45 41 61 29 47 0 1 4 20 10 3 3
P7277 2043 2 1 0 0 3 7 33 30 0 0 0 0 0 0 0 0 0 0 0 0 4 0 0 2 2 2 2 0 0 -999 -999 -999
P7277 2043 3 0 13 21 43 5 9 36 100 55 34 16 41 20 15 18 15 40 26 36 0 22 36 26 10 18 4 5 10 8 8 11
P7277 2043 4 14 3 3 3 0 0 0 0 0 26 12 8 0 0 4 37 12 0 6 16 0 0 0 0 0 0 0 0 7 0 -999
P7277 2043 5 0 0 0 0 0 0 0 0 0 0 0 0 0 0 0 0 0 0 0 0 0 15 18 9 0 14 41 14 4 9 9
P7277 2043 6 6 5 0 0 0 0 0 0 0 0 0 0 0 0 0 0 0 0 0 0 0 0 0 0 0 0 0 0 0 0 -999
P7277 2043 7 0 0 0 0 0 0 0 0 0 0 0 0 0 0 0 0 0 0 0 0 0 0 0 0 0 0 0 0 0 0 0
P7277 2043 8 0 0 0 0 0 0 0 0 0 0 0 0 0 0 0 0 0 0 0 0 0 0 0 0 0 0 0 0 0 0 0
P7277 2043 9 0 0 0 0 0 0 0 0 0 0 0 0 0 0 0 0 0 0 0 0 15 23 0 0 0 0 0 0 0 12 -999
P7277 2043 10 0 0 0 10 11 6 0 16 0 6 0 0 0 8 11 0 11 0 0 0 8 20 24 6 25 11 6 21 13 11 18
P7277 2043 11 10 0 0 0 0 0 0 0 0 16 53 26 129 41 29 0 0 0 0 0 0 0 0 10 14 13 5 39 12 5 -999
P7277 2043 12 3 6 0 0 0 0 10 5 18 61 83 58 8 8 11 5 6 48 48 27 136 61 16 19 26 36 40 3 2 0 0
P7277 2044 1 0 5 5 0 3 8 3 0 0 4 5 2 0 0 5 3 56 73 10 7 6 14 0 0 5 3 14 81 5 2 0
P7277 2044 2 0 0 0 0 16 6 0 0 12 34 12 0 0 0 0 0 0 0 0 0 0 0 8 99 24 5 11 7 -999 -999 -999
P7277 2044 3 7 12 25 31 11 7 5 20 4 6 0 2 0 8 0 0 0 15 29 19 11 6 0 0 2 12 54 41 7 22 5
P7277 2044 4 0 4 0 0 0 0 0 0 0 0 8 0 3 8 8 0 0 0 0 0 0 13 0 0 10 32 35 3 5 0 -999
P7277 2044 5 0 0 0 22 12 0 0 7 8 10 0 0 0 0 0 0 0 22 17 14 9 0 0 0 10 12 22 18 11 6 0
P7277 2044 6 0 0 0 0 0 0 5 0 0 0 0 0 0 0 0 0 0 0 0 0 0 0 0 0 0 0 0 0 0 5 -999
P7277 2044 7 7 0 0 0 0 0 0 0 0 0 0 0 0 0 0 0 0 0 0 0 0 0 0 0 0 0 0 0 0 0 0
P7277 2044 8 0 0 0 0 0 0 0 0 0 0 0 0 0 0 0 0 0 0 0 0 0 0 0 0 0 0 0 0 0 0 0
P7277 2044 9 0 0 0 0 0 0 0 0 0 0 0 0 0 0 0 0 0 0 0 19 36 23 7 23 13 8 10 14 32 65 -999
P7277 2044 10 12 11 11 0 8 9 0 23 31 19 6 0 0 0 7 4 12 25 11 55 20 0 0 0 0 0 0 0 0 5 11
P7277 2044 11 6 5 7 0 16 4 8 12 4 0 88 42 32 14 23 53 67 35 54 44 69 24 75 135 183 182 61 24 41 13 -999
P7277 2044 12 7 0 0 0 0 0 0 8 44 28 5 4 20 12 13 13 9 8 4 7 3 9 6 6 0 0 4 5 29 0 49
P7277 2045 1 61 21 9 8 10 11 153 14 16 9 90 82 111 68 40 85 11 6 0 0 0 5 3 0 3 0 0 0 0 7 9
P7277 2045 2 8 49 7 6 34 22 4 0 0 0 4 6 7 0 3 0 0 0 0 0 4 2 0 0 0 0 0 0 -999 -999 -999
P7277 2045 3 4 3 3 0 0 4 18 34 8 0 4 15 17 5 41 5 3 0 0 0 0 0 0 0 3 0 0 0 0 0 26
P7277 2045 4 15 0 0 3 18 62 47 4 9 9 19 5 5 15 0 9 0 0 0 0 0 0 0 0 0 0 0 0 0 0 -999
P7277 2045 5 5 0 0 0 0 0 0 0 0 0 0 0 0 0 0 0 0 0 0 0 8 0 0 0 0 0 0 0 0 0 0
P7277 2045 6 0 0 0 0 0 0 0 0 0 0 0 0 0 0 0 0 0 0 0 0 9 12 25 21 12 7 0 0 0 0 -999
P7277 2045 7 0 0 0 0 0 0 0 0 0 0 0 0 0 0 0 0 0 0 0 0 0 0 0 0 0 0 0 0 0 0 0
P7277 2045 8 0 0 0 0 0 0 0 0 0 0 0 0 0 0 0 0 0 0 0 0 0 0 0 0 0 0 0 0 0 0 0
P7277 2045 9 0 0 0 0 0 0 0 16 0 0 0 0 0 0 0 0 0 0 0 0 0 0 0 0 0 0 0 0 7 10 -999
P7277 2045 10 7 0 13 13 0 0 0 0 0 0 0 0 0 8 56 35 58 45 16 0 0 0 0 0 0 0 0 0 0 0 14
P7277 2045 11 21 9 8 0 6 0 0 0 0 0 0 3 10 8 37 128 91 44 7 0 0 23 23 39 8 26 85 27 48 28 -999
P7277 2045 12 14 30 26 0 7 7 6 6 0 2 0 0 0 1 1 0 10 60 22 53 56 29 36 56 95 87 32 4 3 0 2
P7277 2046 1 5 23 48 65 59 37 138 40 27 40 103 43 19 15 76 22 30 11 49 46 0 0 6 0 0 34 52 55 41 56 71
P7277 2046 2 95 73 40 13 8 24 7 5 5 8 11 7 9 19 32 11 14 7 6 4 10 37 9 7 9 50 66 58 -999 -999 -999
P7277 2046 3 59 93 56 11 22 93 81 92 76 48 106 115 87 39 85 85 79 16 20 22 27 8 5 0 0 0 15 23 26 0 6
P7277 2046 4 0 7 12 34 7 4 4 11 7 7 6 4 7 6 20 4 41 35 46 38 18 14 9 21 10 10 7 16 9 5 -999
P7277 2046 5 0 0 7 0 0 0 2 0 0 0 0 0 44 0 0 0 0 4 0 0 0 0 0 0 0 12 0 4 0 0 0
P7277 2046 6 0 0 0 0 0 0 0 0 0 0 0 0 0 0 0 0 0 4 4 5 0 0 0 0 0 0 0 0 0 0 -999
P7277 2046 7 0 0 0 0 0 0 0 10 0 0 0 0 0 0 0 0 0 0 0 0 0 0 0 0 0 0 0 0 0 0 0
P7277 2046 8 0 0 0 0 0 0 0 0 0 0 0 0 0 0 0 0 6 0 0 0 0 0 0 0 0 0 0 0 0 0 0
P7277 2046 9 0 0 0 0 0 0 0 0 0 0 0 0 0 0 0 0 0 0 0 0 0 0 0 0 0 0 0 0 0 0 -999
P7277 2046 10 0 16 8 7 7 34 17 10 0 0 0 0 0 0 0 0 0 0 0 7 4 43 14 10 15 11 15 7 10 29 29
P7277 2046 11 0 0 0 0 22 18 7 12 11 10 0 0 0 7 0 0 0 0 0 0 0 7 3 7 9 5 3 32 72 46 -999
P7277 2046 12 66 56 31 13 67 57 31 15 30 7 25 33 9 212 72 36 42 61 8 0 5 0 2 0 0 0 0 6 0 0 4
P7277 2047 1 4 0 0 0 0 0 9 29 6 30 56 32 37 117 200 243 90 13 75 13 61 74 10 0 0 0 0 0 0 13 9
P7277 2047 2 9 13 7 24 30 11 24 12 8 5 4 0 3 11 0 0 0 0 0 0 2 0 0 23 28 9 16 7 -999 -999 -999
P7277 2047 3 12 82 8 5 40 89 18 9 0 0 0 0 0 0 0 0 0 0 0 0 0 5 31 18 7 5 7 0 0 8 14
P7277 2047 4 44 7 8 4 0 5 5 4 13 67 71 30 7 11 67 15 3 11 5 0 0 0 0 0 0 0 0 0 0 0 -999
P7277 2047 5 0 0 0 0 0 0 0 0 21 0 0 0 10 0 0 0 0 0 0 0 0 0 0 0 0 0 0 0 0 0 0
P7277 2047 6 0 0 0 0 0 0 0 0 0 0 0 0 0 0 0 5 5 0 0 0 0 0 0 0 0 0 0 0 0 0 -999
P7277 2047 7 0 0 0 0 0 0 0 0 0 0 0 0 0 9 0 0 0 0 19 13 0 0 0 0 0 0 0 0 0 0 0
P7277 2047 8 0 0 0 0 0 0 0 0 0 0 0 0 0 0 0 0 0 0 0 0 0 0 0 0 0 0 0 0 0 0 0
P7277 2047 9 0 0 0 0 0 0 0 0 0 0 0 0 0 10 9 9 0 0 0 0 0 18 0 0 0 0 0 0 0 0 -999
P7277 2047 10 0 8 14 9 9 24 19 15 29 97 41 28 18 40 32 94 37 8 29 5 9 10 10 3 0 10 4 0 0 0 0
P7277 2047 11 4 0 12 7 29 17 13 23 35 44 15 4 9 4 7 30 40 6 0 0 0 0 0 0 0 0 0 0 0 0 -999
P7277 2047 12 0 0 0 0 0 0 0 0 0 0 0 0 0 2 0 0 0 0 0 1 0 12 14 15 6 0 0 0 6 6 0
P7277 2048 1 10 16 0 0 0 0 0 0 0 9 10 80 41 89 27 9 11 5 7 6 8 12 0 0 0 0 0 0 0 0 0
P7277 2048 2 0 0 3 2 3 0 0 1 3 4 8 7 7 7 13 12 0 0 0 0 0 0 0 0 0 3 0 0 -999 -999 -999
P7277 2048 3 0 0 0 5 9 9 14 36 18 45 59 11 38 35 6 53 52 17 16 22 32 4 8 12 6 34 8 19 28 18 5
P7277 2048 4 4 0 5 11 8 0 0 0 0 0 0 0 8 6 12 0 0 0 0 0 0 0 7 0 0 0 0 0 0 0 -999
P7277 2048 5 0 0 6 9 6 7 0 0 0 0 0 0 0 0 0 0 10 36 4 7 15 14 0 0 0 0 0 0 0 0 0
P7277 2048 6 0 0 0 0 0 0 0 0 0 0 0 0 0 0 0 0 0 0 0 0 0 0 0 0 0 0 0 0 0 0 -999
P7277 2048 7 0 0 0 0 0 0 0 0 0 0 0 0 0 0 0 0 0 0 0 0 0 0 0 0 0 0 0 0 0 0 0
P7277 2048 8 0 0 0 0 0 0 0 0 0 0 0 0 0 0 0 0 0 0 0 0 0 0 0 0 0 0 0 0 0 0 0
P7277 2048 9 0 0 0 0 0 0 0 0 0 0 0 0 0 0 0 0 14 0 0 0 0 0 0 0 0 0 69 65 71 16 -999
P7277 2048 10 8 7 0 0 0 6 11 0 0 0 0 0 0 0 0 0 0 0 19 6 7 5 0 0 4 7 4 0 0 0 7
P7277 2048 11 7 0 15 7 23 34 4 0 0 0 0 0 0 0 4 8 40 24 65 39 27 5 0 0 10 25 6 8 12 22 -999
P7277 2048 12 92 111 13 21 104 21 2 0 0 0 0 0 0 0 0 0 2 2 6 5 0 2 0 4 0 5 64 63 34 20 9
P7277 2049 1 11 14 28 17 11 23 22 19 0 0 4 10 40 8 13 17 22 3 0 4 4 0 5 5 4 5 8 29 19 25 28
P7277 2049 2 54 47 24 26 12 6 3 0 0 3 0 0 7 23 17 7 6 0 0 0 5 5 12 15 6 26 6 5 -999 -999 -999
P7277 2049 3 0 0 0 0 0 0 0 0 0 0 0 0 0 0 5 7 0 0 5 4 0 5 7 11 0 0 0 0 7 31 9
P7277 2049 4 0 0 0 0 0 0 0 0 0 0 7 0 0 0 26 14 15 0 0 0 0 0 0 0 12 0 0 0 0 0 -999
P7277 2049 5 7 5 5 6 6 6 11 61 56 25 7 19 3 0 0 0 0 0 0 22 18 8 31 41 26 27 28 28 6 5 5
P7277 2049 6 0 0 0 0 0 0 0 0 0 0 0 0 0 0 0 0 0 0 0 0 0 0 0 0 0 0 0 0 0 0 -999
P7277 2049 7 0 0 0 0 0 0 0 0 0 0 0 0 0 0 0 0 0 0 0 0 0 0 0 0 0 0 0 0 0 0 0
P7277 2049 8 0 0 0 0 0 0 0 0 0 0 0 0 0 0 0 0 0 0 0 0 0 0 0 0 0 0 0 0 0 0 0
P7277 2049 9 0 0 0 0 0 0 0 0 0 0 0 0 0 0 0 0 0 0 0 0 23 11 8 6 0 0 0 0 0 0 -999
P7277 2049 10 0 0 0 18 0 0 0 0 0 0 0 0 0 0 12 30 9 0 0 0 0 6 0 8 13 0 0 0 0 0 0
P7277 2049 11 9 18 180 100 15 11 55 60 41 67 73 52 96 46 90 136 20 7 6 12 7 17 7 22 0 0 0 0 4 8 -999
P7277 2049 12 11 41 29 32 7 4 3 3 0 8 5 0 7 0 8 6 8 13 12 58 44 11 4 29 38 19 84 13 41 34 136
P7277 2050 1 177 64 174 51 32 61 12 14 0 7 7 19 64 49 48 84 139 135 15 6 0 0 0 7 5 0 0 0 0 0 0
P7277 2050 2 0 0 0 0 0 4 2 0 0 0 0 0 7 16 10 11 0 5 25 8 19 9 6 16 6 6 0 0 -999 -999 -999
P7277 2050 3 3 31 23 19 41 74 30 11 39 11 8 5 4 6 7 12 20 15 83 14 8 3 0 14 6 17 24 23 38 28 65
P7277 2050 4 31 21 23 17 33 43 47 11 27 0 0 0 0 12 5 9 3 0 0 0 0 0 0 0 8 2 4 0 0 0 -999
P7277 2050 5 3 0 0 5 6 6 0 0 0 0 0 14 18 0 0 0 0 0 0 0 0 6 0 0 0 4 10 10 0 0 0
P7277 2050 6 0 0 0 0 0 0 0 0 0 0 0 0 0 0 0 0 0 0 0 0 0 0 0 0 0 0 0 0 0 0 -999
P7277 2050 7 0 0 0 0 0 0 0 0 0 0 0 0 0 0 0 0 0 0 0 0 0 0 0 0 5 0 0 0 0 0 0
P7277 2050 8 0 0 0 0 0 0 0 0 0 0 0 0 0 0 0 0 0 0 0 0 0 0 10 0 0 0 0 0 0 0 0
P7277 2050 9 0 0 0 0 0 0 0 0 0 0 0 0 0 0 0 0 0 0 0 0 0 0 0 0 0 0 0 0 0 11 -999
P7277 2050 10 22 10 4 0 0 0 0 0 0 0 8 0 0 25 21 17 13 7 0 0 0 0 9 12 11 10 8 5 0 4 7
P7277 2050 11 8 6 0 8 11 24 36 139 141 120 76 66 42 0 0 4 6 0 8 9 60 52 100 24 12 7 94 14 2 14 -999
P7277 2050 12 3 15 20 8 0 0 21 0 3 0 4 3 0 0 2 0 4 7 4 4 0 0 0 0 0 0 0 0 0 3 4
P7277 2051 1 0 7 0 0 0 0 0 0 9 12 0 0 0 9 0 0 2 2 2 4 2 0 0 0 0 0 0 0 3 0 0
P7277 2051 2 0 7 6 0 22 4 0 0 0 0 15 2 0 0 5 12 3 5 16 12 0 0 0 6 6 0 0 0 -999 -999 -999
P7277 2051 3 0 4 0 0 0 3 0 5 5 6 42 63 24 7 17 14 0 57 71 16 8 0 0 0 0 0 0 0 5 0 14
P7277 2051 4 12 7 0 0 14 25 20 11 10 59 7 0 13 0 13 14 23 19 40 35 5 6 12 0 0 0 0 0 0 0 -999
P7277 2051 5 0 0 0 0 0 0 0 0 0 0 0 24 32 10 0 0 0 0 0 0 0 0 0 0 0 0 0 0 0 0 0
P7277 2051 6 0 0 0 0 0 0 0 0 0 0 0 0 0 0 0 0 0 0 0 0 0 0 0 0 0 0 0 0 0 0 -999
P7277 2051 7 0 0 0 0 0 0 0 0 0 0 0 0 0 0 0 0 0 0 0 0 0 0 0 0 0 0 0 0 0 0 0
P7277 2051 8 0 0 0 0 0 0 0 0 0 0 0 0 0 0 0 0 0 0 0 0 0 0 0 0 0 0 0 0 0 0 0
P7277 2051 9 0 0 0 0 0 0 0 0 0 0 22 0 0 8 0 0 0 0 0 0 0 0 0 0 0 0 0 0 0 0 -999
P7277 2051 10 0 0 0 82 62 0 0 0 0 0 0 9 13 23 5 0 0 0 0 0 15 0 0 3 3 0 72 60 15 25 38
P7277 2051 11 32 35 39 15 9 0 0 0 0 0 0 0 0 3 3 8 0 7 0 0 0 0 0 6 6 5 0 8 11 9 -999
P7277 2051 12 10 5 11 46 56 5 7 138 47 5 65 54 25 10 90 188 32 51 9 0 0 0 0 0 0 0 0 0 0 0 0
P7277 2052 1 0 0 0 0 0 0 3 10 17 0 0 0 14 33 19 7 0 13 6 0 0 0 0 0 4 9 62 94 54 13 33
P7277 2052 2 27 39 68 19 14 211 76 15 23 23 9 0 0 0 36 30 20 40 69 4 0 0 0 31 16 15 0 10 -999 -999 -999
P7277 2052 3 0 0 0 0 0 0 9 24 14 12 5 5 8 6 39 42 43 84 35 40 5 13 48 0 0 2 0 0 7 8 0
P7277 2052 4 0 6 0 0 0 0 16 5 0 0 5 9 4 3 0 8 3 0 0 0 0 0 0 0 0 0 0 0 0 0 -999
P7277 2052 5 0 0 0 0 0 0 0 0 0 0 0 11 16 16 10 8 8 15 26 0 0 0 0 0 0 0 0 0 0 0 0
P7277 2052 6 0 0 0 0 0 0 0 0 0 0 0 0 0 0 0 0 0 0 0 0 0 0 0 0 0 0 0 0 0 0 -999
P7277 2052 7 0 0 0 0 0 0 0 0 0 0 0 0 0 0 0 0 0 0 0 0 0 0 0 0 0 0 0 0 0 0 0
P7277 2052 8 27 24 9 0 0 0 0 0 0 0 0 0 0 0 0 0 0 0 0 0 0 0 0 0 0 0 0 0 0 0 0
P7277 2052 9 0 0 0 0 0 0 0 0 0 0 0 0 0 0 0 0 0 0 0 0 0 0 0 0 0 0 0 0 0 0 -999
P7277 2052 10 0 0 0 0 0 0 0 0 0 0 0 0 0 0 0 0 0 0 0 0 0 0 0 0 41 27 0 0 0 0 8
P7277 2052 11 5 22 8 7 0 0 0 0 0 0 0 0 0 0 0 0 0 15 35 13 76 46 9 7 31 21 39 7 8 5 -999
P7277 2052 12 0 8 11 13 5 8 0 0 0 0 4 3 14 29 6 0 7 15 10 37 43 20 13 9 11 5 7 0 9 8 8
P7277 2053 1 3 9 6 10 5 8 13 30 114 156 169 136 57 9 41 78 19 5 0 0 0 12 15 8 5 7 6 13 21 35 35
P7277 2053 2 47 67 42 8 21 44 58 18 28 16 3 16 18 24 24 21 26 16 8 0 0 6 18 20 41 90 52 20 -999 -999 -999
P7277 2053 3 0 0 0 0 0 0 0 0 0 0 0 0 0 0 0 0 0 0 0 0 0 0 0 0 0 0 0 0 0 0 0
P7277 2053 4 14 17 8 6 0 0 0 0 0 0 13 39 0 46 15 6 4 0 0 0 0 0 0 33 27 14 7 0 0 0 -999
P7277 2053 5 0 0 0 0 0 0 0 0 0 0 4 0 0 0 0 0 0 0 0 0 0 0 0 0 0 0 0 0 0 6 0
P7277 2053 6 0 0 0 0 0 0 0 0 0 0 0 0 0 0 0 0 0 10 0 0 0 0 0 0 0 0 0 0 0 0 -999
P7277 2053 7 0 0 0 0 0 0 0 0 0 0 0 0 0 0 0 0 0 0 0 0 0 0 0 0 0 0 0 0 0 0 0
P7277 2053 8 0 0 0 0 0 0 0 0 0 0 0 0 0 0 0 0 0 0 0 0 0 0 0 0 9 12 12 0 0 0 0
P7277 2053 9 0 0 0 0 0 0 0 0 0 0 0 0 0 0 19 22 0 0 6 29 33 16 8 0 0 0 18 49 46 12 -999
P7277 2053 10 5 0 0 0 0 0 0 15 0 0 0 0 0 0 0 0 0 0 0 0 0 0 0 0 0 0 6 0 0 0 0
P7277 2053 11 0 0 0 5 6 0 0 0 0 0 18 0 0 0 42 44 78 64 118 24 104 22 17 20 7 7 0 0 0 0 -999
P7277 2053 12 0 0 0 6 0 0 0 0 4 19 43 163 17 53 9 22 40 47 37 21 12 15 26 100 44 10 0 0 0 0 11
P7277 2054 1 71 12 42 46 17 34 20 20 15 2 2 0 0 0 0 3 13 34 25 15 6 5 4 3 2 0 0 0 0 0 0
P7277 2054 2 0 16 23 47 77 53 47 12 6 0 7 9 7 7 5 0 0 15 5 20 10 7 15 10 7 11 0 0 -999 -999 -999
P7277 2054 3 0 0 0 0 0 0 0 2 0 0 0 4 6 5 34 7 15 7 4 12 13 36 14 2 4 28 10 29 44 32 98
P7277 2054 4 11 66 56 40 8 32 11 12 7 51 12 0 0 0 6 4 0 16 23 47 22 9 6 12 42 51 17 6 0 0 -999
P7277 2054 5 23 26 18 9 7 5 0 16 61 60 18 16 0 0 0 0 0 0 0 0 3 0 0 0 0 0 0 0 0 0 0
P7277 2054 6 0 0 0 0 0 0 0 0 0 0 0 0 0 0 0 0 0 0 0 0 0 0 0 0 0 0 0 0 0 0 -999
P7277 2054 7 0 0 0 0 0 0 0 0 0 0 0 0 0 0 0 0 0 0 7 0 0 0 0 0 0 0 0 0 0 0 0
P7277 2054 8 0 0 0 0 0 0 0 0 0 0 0 0 0 0 0 0 0 0 0 0 0 0 0 0 0 0 0 0 0 0 0
P7277 2054 9 0 0 0 0 0 0 0 0 0 0 0 0 0 0 0 0 0 0 0 0 0 0 0 7 0 0 0 0 0 0 -999
P7277 2054 10 0 0 0 0 0 0 0 11 5 0 28 13 7 0 0 0 0 0 0 0 42 8 6 7 6 0 0 2 8 12 17
P7277 2054 11 85 80 69 53 96 26 16 51 8 0 0 0 0 0 0 8 6 0 3 0 0 0 0 0 2 0 5 13 25 12 -999
P7277 2054 12 38 8 5 2 0 2 0 0 6 11 6 4 19 19 10 0 0 1 0 0 0 3 6 0 0 0 0 0 0 0 0
P7277 2055 1 0 0 8 41 93 31 8 0 0 79 70 120 83 50 97 61 51 48 52 55 57 85 64 7 6 6 3 4 5 3 5
P7277 2055 2 3 0 0 0 0 4 4 4 7 3 0 11 10 7 14 27 8 7 5 11 16 13 0 0 0 0 6 0 -999 -999 -999
P7277 2055 3 0 40 45 22 8 27 42 16 143 65 38 23 53 15 7 8 26 14 5 9 6 12 16 34 23 80 77 16 47 38 4
P7277 2055 4 0 6 0 6 0 22 38 7 30 10 6 9 5 6 6 0 0 0 0 0 0 14 40 36 33 28 13 12 6 22 -999
P7277 2055 5 22 92 100 38 5 26 46 58 44 3 0 0 0 0 0 0 0 0 0 0 0 0 0 0 0 0 0 0 0 0 0
P7277 2055 6 0 0 0 0 0 0 0 0 0 0 0 0 0 0 32 7 6 7 6 6 4 9 0 0 0 0 0 0 0 0 -999
P7277 2055 7 0 0 0 0 0 0 0 0 0 0 0 0 0 0 0 0 0 0 0 0 0 0 0 0 0 0 0 0 0 0 0
P7277 2055 8 0 0 0 0 0 0 0 0 0 0 0 0 0 0 0 0 0 0 0 0 0 0 0 0 0 0 0 0 0 0 0
P7277 2055 9 0 0 0 0 0 0 0 0 0 0 0 0 0 0 0 0 0 0 0 0 0 0 0 0 6 0 0 0 0 0 -999
P7277 2055 10 0 0 0 0 0 0 9 17 0 0 0 21 5 0 3 0 0 5 6 12 4 2 24 47 9 7 5 0 0 0 9
P7277 2055 11 17 13 0 0 8 89 60 10 0 0 0 5 5 11 0 16 3 0 0 0 10 3 6 12 0 0 0 0 5 10 -999
P7277 2055 12 38 33 6 4 0 0 0 0 0 35 54 46 36 15 36 26 10 10 9 82 131 59 21 14 0 0 0 0 0 11 6
P7277 2056 1 0 0 0 3 0 7 54 8 8 0 2 0 0 0 4 8 8 6 4 6 37 30 50 6 20 4 36 24 2 0 2
P7277 2056 2 0 0 0 0 0 0 0 0 0 0 0 0 0 0 0 3 5 0 0 0 7 11 7 0 0 0 0 0 -999 -999 -999
P7277 2056 3 0 20 16 6 0 8 19 18 31 20 5 0 0 0 0 10 7 3 3 3 0 0 0 0 0 12 12 19 7 25 0
P7277 2056 4 0 0 0 0 0 14 0 0 4 0 0 0 0 0 0 0 8 11 30 0 0 0 8 14 11 23 33 23 0 0 -999
P7277 2056 5 8 9 18 6 7 8 0 0 0 0 4 10 6 0 0 0 0 0 0 0 0 0 0 4 11 6 11 7 7 0 0
P7277 2056 6 13 0 0 0 5 4 8 0 0 0 0 0 0 0 0 0 0 0 0 0 0 0 0 0 0 0 0 0 0 0 -999
P7277 2056 7 0 0 0 0 0 0 0 0 0 0 0 0 0 0 0 0 0 0 0 0 0 0 0 0 0 0 0 0 0 0 0
P7277 2056 8 0 0 0 0 0 0 0 0 0 0 0 0 0 0 0 0 0 0 0 0 0 0 0 0 0 0 0 0 0 0 0
P7277 2056 9 0 0 0 0 0 0 0 0 14 0 0 0 0 0 0 0 0 0 0 0 0 0 0 0 0 0 0 23 18 0 -999
P7277 2056 10 0 9 0 0 0 0 0 0 0 0 0 0 0 0 0 0 0 0 11 0 0 0 18 139 50 20 12 0 0 0 12
P7277 2056 11 10 0 12 30 66 32 42 37 13 0 15 16 20 21 0 0 0 6 20 12 8 6 5 31 60 44 38 63 58 85 -999
P7277 2056 12 123 132 49 12 87 61 62 20 50 113 67 32 5 18 33 66 22 89 54 29 34 19 0 0 0 0 0 0 0 0 7
P7277 2057 1 11 5 3 0 8 5 20 12 9 8 0 0 10 9 0 0 0 0 0 0 0 0 0 4 5 36 45 103 19 10 39
P7277 2057 2 16 11 13 25 81 68 75 108 48 38 0 0 0 6 8 0 0 6 20 65 16 7 8 7 5 0 0 0 -999 -999 -999
P7277 2057 3 0 0 0 0 9 9 11 6 5 0 0 0 0 0 0 0 21 0 0 0 0 0 0 8 7 8 5 4 4 4 8
P7277 2057 4 0 0 0 0 0 0 0 7 10 16 22 7 8 6 38 53 44 34 11 7 5 6 0 0 0 0 0 0 0 0 -999
P7277 2057 5 0 0 0 0 0 0 0 0 0 0 0 0 5 5 12 18 19 8 0 0 0 0 0 0 14 15 10 17 10 7 5
P7277 2057 6 6 7 0 0 0 0 0 0 0 0 0 0 0 0 0 0 0 0 0 0 0 0 0 0 0 0 0 0 0 0 -999
P7277 2057 7 0 0 0 0 0 0 0 0 0 0 0 0 0 0 0 0 0 0 0 0 0 0 0 0 0 0 0 0 0 0 0
P7277 2057 8 0 0 0 0 0 0 0 0 0 0 0 0 0 0 0 0 0 0 0 0 0 0 0 0 0 0 0 0 0 0 0
P7277 2057 9 0 0 0 0 0 0 0 0 0 0 0 0 0 0 0 0 0 0 0 0 0 0 0 0 0 0 6 0 0 0 -999
P7277 2057 10 0 0 0 0 0 0 0 0 0 0 0 0 0 0 17 17 21 0 0 0 0 0 0 0 0 0 0 0 6 4 10
P7277 2057 11 8 9 41 54 11 13 0 12 19 23 74 43 12 23 7 10 15 8 5 7 9 0 0 0 3 5 8 3 0 0 -999
P7277 2057 12 0 0 0 0 2 2 0 7 42 42 58 92 93 24 18 7 0 0 0 0 0 0 0 0 0 0 0 0 0 5 5
P7277 2058 1 3 2 1 0 0 0 0 3 26 41 4 3 3 29 10 0 3 0 0 0 0 0 0 0 0 3 9 5 6 6 9
P7277 2058 2 21 1 0 0 0 0 0 0 0 10 9 15 20 7 24 5 2 0 0 0 0 0 0 0 0 0 0 0 -999 -999 -999
P7277 2058 3 0 0 0 0 0 0 0 0 0 0 0 0 0 0 0 0 0 6 5 15 32 14 10 49 43 48 0 0 0 0 0
P7277 2058 4 0 0 0 0 0 0 0 0 0 8 6 7 4 0 0 0 5 8 3 4 0 0 0 0 0 6 0 0 0 0 -999
P7277 2058 5 0 0 0 0 0 0 0 0 0 0 0 0 0 0 0 0 0 16 0 0 0 0 0 0 0 0 0 0 7 8 9
P7277 2058 6 10 0 5 0 0 0 0 0 0 0 0 0 0 0 0 0 0 0 0 0 0 0 0 0 0 0 0 0 0 0 -999
P7277 2058 7 0 0 0 0 0 0 0 0 0 0 0 0 0 0 0 0 4 0 0 0 0 0 0 0 0 0 0 0 0 0 0
P7277 2058 8 0 0 0 0 0 0 0 0 0 0 0 0 0 0 0 0 0 0 0 0 0 0 0 0 0 0 0 0 0 0 0
P7277 2058 9 0 0 0 0 0 0 0 0 0 0 0 0 8 11 0 0 0 0 0 0 0 0 9 0 7 0 0 0 0 0 -999
P7277 2058 10 0 0 0 0 0 0 0 0 0 0 0 0 0 0 0 0 0 0 0 0 0 4 5 0 0 0 0 0 0 0 0
P7277 2058 11 0 0 0 0 0 0 6 24 12 13 23 10 6 8 13 28 21 135 109 73 7 10 12 4 8 51 31 152 53 30 -999
P7277 2058 12 5 18 6 4 0 4 8 0 4 0 0 0 0 6 20 5 24 76 121 146 68 35 17 26 23 27 48 30 5 10 46
P7277 2059 1 11 39 10 9 8 6 0 0 0 0 0 0 4 15 41 3 3 0 15 6 16 7 4 0 7 6 4 6 3 0 0
P7277 2059 2 2 2 0 0 0 0 0 0 0 0 0 0 0 0 0 3 0 0 0 0 0 0 0 0 0 0 0 0 -999 -999 -999
P7277 2059 3 0 0 0 0 0 0 0 0 0 0 0 8 5 0 0 0 0 0 0 8 25 14 16 44 10 18 7 7 8 6 4
P7277 2059 4 0 0 0 0 0 0 0 0 0 0 0 0 0 0 0 0 0 0 0 6 7 0 0 0 0 0 0 0 0 0 -999
P7277 2059 5 0 0 0 0 0 0 0 0 0 0 0 0 0 0 0 0 0 5 0 0 0 0 0 0 0 0 30 25 24 9 0
P7277 2059 6 0 0 0 0 0 0 0 0 0 0 0 0 0 0 0 0 0 0 0 0 0 0 0 0 0 9 0 0 0 0 -999
P7277 2059 7 0 0 0 0 0 0 0 0 0 0 0 0 0 0 0 6 0 0 0 0 0 0 0 0 0 0 0 0 0 0 0
P7277 2059 8 0 0 0 0 0 0 0 0 0 0 0 0 0 0 0 0 0 0 0 0 0 0 0 0 0 0 0 0 0 0 0
P7277 2059 9 0 0 0 0 0 0 0 0 0 0 0 0 0 0 0 0 0 0 0 0 0 0 0 12 7 0 0 0 0 0 -999
P7277 2059 10 0 0 0 0 0 0 0 0 0 0 0 0 5 5 19 26 15 7 5 21 36 112 69 40 9 14 4 0 0 21 0
P7277 2059 11 22 16 13 19 0 0 0 5 0 7 58 8 4 29 91 22 5 5 0 0 8 7 60 9 4 2 33 3 0 2 -999
P7277 2059 12 0 0 0 10 4 4 6 19 21 9 7 4 3 0 0 0 0 0 0 0 0 0 0 0 0 3 9 113 160 27 16
P7277 2060 1 16 37 111 58 60 12 0 0 0 11 6 0 0 0 0 0 0 0 0 0 0 0 0 0 0 4 0 4 0 0 0
P7277 2060 2 0 0 0 4 22 5 23 11 29 7 41 49 23 143 180 46 38 44 16 6 19 9 27 16 55 8 11 25 -999 -999 -999
P7277 2060 3 56 20 37 36 30 61 67 72 43 14 3 7 0 7 0 13 67 16 67 65 67 53 17 10 2 0 5 37 8 7 2
P7277 2060 4 0 0 0 0 0 0 0 0 0 19 31 11 0 0 0 0 0 0 0 0 0 0 0 0 0 0 0 0 0 0 -999
P7277 2060 5 0 0 0 0 0 0 0 0 0 0 0 0 0 0 0 0 0 0 0 0 0 0 0 0 0 0 0 0 0 0 0
P7277 2060 6 0 0 0 0 9 21 25 15 8 0 0 0 0 11 0 0 0 0 0 0 0 0 0 0 0 0 0 0 0 0 -999
P7277 2060 7 0 0 0 0 0 0 0 0 0 0 0 0 0 0 0 0 0 0 0 0 0 0 0 0 0 0 0 0 0 0 0
P7277 2060 8 0 0 0 0 0 0 0 0 0 0 0 0 0 0 0 0 0 0 0 0 0 0 0 0 0 0 0 0 0 0 0
P7277 2060 9 0 0 0 0 0 0 0 0 0 0 0 0 0 0 0 0 0 0 0 0 0 0 0 0 0 0 7 0 0 0 -999
P7277 2060 10 0 0 0 0 0 0 0 0 0 0 39 54 39 35 8 6 8 0 0 0 11 6 10 6 13 0 0 8 0 9 46
P7277 2060 11 39 13 8 7 0 3 0 9 29 5 6 5 5 4 4 6 0 10 6 0 0 0 0 2 4 9 9 5 8 0 -999
P7277 2060 12 0 10 17 10 36 67 6 2 15 6 0 0 3 10 8 39 6 12 0 61 47 3 3 6 7 10 3 18 3 0 0
P7277 2061 1 0 0 8 3 0 0 0 0 0 2 6 0 7 19 6 6 50 5 108 19 67 172 120 114 101 122 148 64 57 40 22
P7277 2061 2 4 0 0 10 12 0 0 0 21 25 24 21 6 27 60 15 7 15 3 44 14 43 6 7 18 7 9 9 -999 -999 -999
P7277 2061 3 188 49 28 34 8 6 15 9 8 10 74 8 26 11 17 15 7 37 51 8 6 0 0 0 0 0 0 0 0 0 0
P7277 2061 4 0 0 6 11 22 24 20 30 11 18 21 16 13 6 0 0 0 0 7 7 5 0 0 11 0 0 0 0 0 0 -999
P7277 2061 5 0 0 7 6 7 0 0 0 0 0 0 0 0 0 0 0 0 0 0 0 0 0 0 0 0 0 0 0 0 0 0
P7277 2061 6 0 0 0 0 0 0 0 0 0 0 0 0 0 0 0 0 0 0 0 0 0 0 0 0 0 0 0 0 0 0 -999
P7277 2061 7 0 0 0 0 0 0 0 0 0 0 0 0 0 0 0 0 0 0 0 0 0 0 0 0 0 0 0 0 0 0 0
P7277 2061 8 0 0 0 0 0 0 0 0 0 0 0 0 0 0 0 0 0 0 0 0 0 0 0 0 0 0 0 0 0 0 0
P7277 2061 9 0 0 0 0 0 0 0 0 0 0 0 0 0 0 0 9 39 53 145 65 90 16 0 0 0 0 0 0 0 0 -999
P7277 2061 10 0 23 15 5 0 0 15 10 55 8 0 0 0 4 0 0 6 9 0 0 37 19 0 0 30 50 87 35 7 10 0
P7277 2061 11 0 0 8 0 0 0 0 10 8 6 0 0 0 0 0 0 0 13 18 0 0 0 0 0 0 0 6 11 15 15 -999
P7277 2061 12 73 133 109 8 6 3 0 3 0 6 7 8 8 3 0 0 11 23 17 0 5 0 0 0 0 0 0 0 8 12 0
P7277 2062 1 0 4 3 0 0 0 0 0 0 0 4 19 38 12 102 86 22 22 4 2 9 5 4 5 4 11 12 36 7 10 90
P7277 2062 2 50 10 8 11 12 30 42 63 29 11 0 0 0 0 0 0 0 6 6 6 11 18 11 60 74 25 18 4 -999 -999 -999
P7277 2062 3 0 0 0 0 0 15 0 0 0 17 7 0 6 15 0 0 0 0 0 0 0 0 15 26 6 27 0 0 0 0 0
P7277 2062 4 7 9 3 0 6 9 0 0 29 32 31 6 0 0 0 0 3 5 0 3 7 0 6 47 8 9 0 0 0 0 -999
P7277 2062 5 0 16 18 0 0 0 0 14 0 0 0 0 0 0 0 0 0 0 4 0 0 0 0 0 0 0 0 8 9 6 8
P7277 2062 6 5 0 0 0 0 0 0 0 0 0 0 0 0 0 0 0 0 0 0 0 0 0 0 0 0 0 0 0 0 0 -999
P7277 2062 7 0 0 0 0 0 0 0 0 0 0 0 0 0 0 0 0 0 0 0 0 0 0 0 0 0 0 0 0 0 0 0
P7277 2062 8 0 0 0 0 0 0 0 0 0 0 0 0 0 0 0 0 0 0 0 0 0 0 0 0 0 0 0 0 0 0 0
P7277 2062 9 0 0 0 0 0 0 0 0 0 0 0 0 0 0 0 0 0 0 0 0 0 0 0 0 0 0 0 0 0 0 -999
P7277 2062 10 0 0 0 0 0 0 35 15 0 6 6 0 0 0 0 0 0 13 28 40 9 23 33 19 37 19 7 6 6 4 0
P7277 2062 11 0 9 0 25 102 81 6 0 0 17 27 0 0 0 0 0 0 36 27 58 49 6 73 34 26 3 0 7 0 4 -999
P7277 2062 12 0 0 0 0 0 0 8 0 24 90 36 7 4 3 13 36 3 6 8 8 7 6 23 22 20 9 0 9 6 0 0
P7277 2063 1 0 0 0 3 3 4 0 0 0 0 0 0 2 2 0 0 0 0 0 7 6 0 0 6 0 10 46 7 0 0 0
P7277 2063 2 0 0 0 0 0 0 8 10 10 0 0 5 2 4 20 0 3 0 0 0 0 6 7 0 0 0 0 3 -999 -999 -999
P7277 2063 3 0 0 0 0 0 0 7 6 7 8 29 24 85 39 100 42 10 24 21 22 19 0 0 0 12 32 69 58 16 0 0
P7277 2063 4 19 15 12 25 8 0 0 0 0 83 41 14 4 2 4 19 13 0 0 0 0 12 7 5 6 3 6 10 12 4 -999
P7277 2063 5 0 0 0 0 0 0 0 0 0 0 0 0 18 0 7 6 0 5 7 0 6 7 0 0 0 0 0 0 0 0 0
P7277 2063 6 0 0 0 0 0 0 0 0 0 0 0 0 0 0 0 0 0 0 0 0 0 0 0 0 0 0 0 0 0 0 -999
P7277 2063 7 0 0 0 0 0 0 0 0 0 0 0 0 0 0 0 0 0 0 0 0 0 0 0 0 0 0 0 0 0 0 0
P7277 2063 8 0 0 0 0 0 0 0 0 0 0 0 0 0 0 0 0 0 0 0 0 0 0 0 0 0 0 0 0 0 0 0
P7277 2063 9 0 0 0 0 0 0 0 0 0 0 0 0 0 0 0 0 0 0 0 0 0 0 0 0 0 30 22 12 12 0 -999
P7277 2063 10 0 0 0 0 0 0 0 7 15 25 43 7 4 11 7 0 7 0 11 33 16 39 6 0 0 0 13 25 8 12 0
P7277 2063 11 0 0 0 0 0 0 0 0 0 4 0 0 0 0 0 0 0 0 0 0 0 5 0 6 17 0 0 13 9 13 -999
P7277 2063 12 28 39 45 5 28 50 47 21 9 24 16 57 20 29 3 11 26 40 13 14 9 15 35 41 19 32 27 29 28 52 4
P7277 2064 1 15 11 8 43 4 7 0 0 7 39 94 137 46 40 6 3 5 0 0 0 19 21 0 0 0 0 24 9 30 5 3
P7277 2064 2 7 4 3 0 0 0 0 0 0 0 0 0 10 16 21 11 19 11 2 0 0 0 0 0 0 13 16 9 -999 -999 -999
P7277 2064 3 0 24 56 116 56 36 27 4 7 19 46 5 7 6 4 7 0 13 3 7 3 14 38 6 6 0 0 0 8 17 7
P7277 2064 4 7 8 11 10 0 0 0 0 0 3 0 0 0 0 0 0 0 7 6 0 0 0 12 11 7 6 25 8 0 0 -999
P7277 2064 5 0 4 6 0 0 0 0 0 0 0 0 0 0 0 0 0 0 0 0 0 0 0 0 0 0 0 0 0 0 0 0
P7277 2064 6 0 0 0 0 0 0 9 7 7 0 0 0 0 0 0 0 0 0 0 0 0 0 0 0 0 0 0 0 0 0 -999
P7277 2064 7 0 0 0 0 0 0 0 0 0 0 0 0 0 0 0 0 0 0 0 0 0 0 0 0 0 0 0 0 0 0 0
P7277 2064 8 0 0 0 0 0 0 0 0 0 0 0 0 0 0 0 0 0 0 0 0 0 0 0 0 0 0 0 0 0 0 0
P7277 2064 9 0 0 0 0 0 0 0 0 0 0 0 0 0 0 0 0 0 0 0 0 0 0 0 0 0 0 12 7 0 0 -999
P7277 2064 10 5 6 0 7 0 0 0 0 0 0 0 0 0 0 0 0 0 0 7 9 10 5 8 17 6 8 4 0 0 0 0
P7277 2064 11 0 0 0 0 0 8 7 7 6 7 0 0 4 5 5 6 0 0 0 0 0 0 5 22 8 15 32 53 47 5 -999
P7277 2064 12 4 7 5 10 9 5 26 36 84 94 49 34 0 0 0 5 6 8 20 66 29 34 10 4 3 20 30 54 13 77 54
P7277 2065 1 19 26 0 0 5 9 14 14 31 16 15 9 6 3 0 0 0 0 0 0 4 4 10 0 0 0 0 0 0 0 2
P7277 2065 2 10 18 20 36 5 0 0 0 7 4 6 0 0 0 0 0 0 4 4 7 10 0 9 3 14 10 3 4 -999 -999 -999
P7277 2065 3 0 0 0 4 10 21 12 2 10 30 0 0 0 0 0 0 0 11 0 0 4 11 4 22 7 31 35 45 8 31 41
P7277 2065 4 40 17 30 0 3 0 0 0 0 0 11 11 0 0 0 0 0 0 0 0 0 0 0 0 12 16 4 3 6 4 -999
P7277 2065 5 4 3 10 0 10 0 0 0 0 5 0 0 0 0 0 0 6 0 0 0 3 0 0 0 0 0 0 0 0 0 5
P7277 2065 6 8 9 8 13 17 16 14 3 3 0 40 62 7 5 0 0 0 0 9 0 0 0 0 0 0 0 0 0 0 0 -999
P7277 2065 7 0 0 0 0 0 0 0 0 0 0 0 0 0 0 0 0 0 0 0 0 0 0 0 0 0 0 0 0 0 0 0
P7277 2065 8 0 0 0 0 0 0 0 0 0 0 0 0 0 0 0 0 0 0 0 0 0 0 0 0 0 0 0 0 0 0 0
P7277 2065 9 0 0 0 0 0 0 0 0 0 0 0 0 0 0 0 0 0 0 0 0 14 22 69 153 95 41 16 6 0 0 -999
P7277 2065 10 0 0 0 0 0 0 0 0 0 0 0 0 0 0 0 32 63 98 61 7 9 8 9 0 0 0 0 0 0 0 0
P7277 2065 11 6 0 0 9 20 16 18 26 6 7 0 16 49 29 28 0 0 0 0 0 9 7 6 6 7 0 0 0 0 0 -999
P7277 2065 12 0 0 0 3 6 6 0 0 3 11 28 48 12 0 4 6 5 11 9 18 21 36 110 40 33 66 18 45 6 10 3
P7277 2066 1 3 0 3 8 21 0 0 6 5 7 7 9 6 8 9 24 26 6 0 0 0 0 0 0 0 0 2 0 0 0 0
P7277 2066 2 0 0 0 0 3 10 17 12 13 0 0 0 0 0 0 0 0 11 7 4 0 0 0 19 11 56 4 26 -999 -999 -999
P7277 2066 3 73 66 49 63 59 67 33 70 36 9 37 41 15 24 22 35 12 4 0 13 11 6 7 5 3 0 9 30 15 15 66
P7277 2066 4 51 11 0 0 0 14 16 11 0 0 0 0 0 0 0 4 8 9 0 0 0 0 0 0 0 0 0 0 0 0 -999
P7277 2066 5 0 0 0 0 0 8 0 0 0 0 0 0 0 0 0 0 0 0 0 0 0 0 0 0 0 0 0 0 0 0 0
P7277 2066 6 0 0 0 0 0 0 0 0 0 0 0 0 0 0 0 0 0 0 0 0 0 0 0 0 0 0 0 0 0 0 -999
P7277 2066 7 0 0 0 0 0 0 0 0 0 0 0 0 0 0 0 0 0 0 0 0 0 0 0 0 0 0 0 0 0 0 0
P7277 2066 8 0 0 0 0 0 0 0 0 0 0 0 0 0 0 0 0 0 0 0 0 0 0 0 0 0 0 0 0 0 0 0
P7277 2066 9 0 0 0 0 0 0 0 0 0 0 0 0 0 0 0 0 0 0 0 0 0 0 0 0 0 0 0 0 0 0 -999
P7277 2066 10 0 0 0 0 0 8 0 0 0 0 0 13 42 9 30 25 36 14 10 11 0 14 0 0 0 13 14 17 13 14 63
P7277 2066 11 13 10 13 32 29 47 69 62 61 7 0 0 0 5 0 15 13 20 19 28 95 81 10 4 23 49 42 37 148 151 -999
P7277 2066 12 91 170 50 0 0 10 11 13 11 15 8 69 57 87 33 12 102 18 0 0 0 4 14 9 8 56 43 34 12 22 23
P7277 2067 1 44 59 48 72 36 20 39 17 0 7 21 57 90 65 49 35 68 187 58 5 4 24 27 19 14 19 14 9 16 12 8
P7277 2067 2 7 7 6 0 0 0 5 44 55 6 20 37 6 0 0 0 0 3 6 7 7 7 5 3 0 0 0 3 -999 -999 -999
P7277 2067 3 0 0 6 14 0 0 5 4 7 3 11 24 9 4 8 17 20 5 0 0 0 0 0 0 7 6 29 30 5 4 0
P7277 2067 4 0 0 0 0 0 9 0 0 0 0 0 0 0 14 0 6 0 5 6 6 0 0 0 4 13 12 8 10 0 6 -999
P7277 2067 5 0 0 12 13 15 16 0 0 0 0 0 0 0 7 0 0 5 21 35 33 19 10 4 0 0 0 0 0 0 0 0
P7277 2067 6 0 0 0 0 0 0 21 0 0 0 0 0 0 0 0 0 0 0 0 0 0 0 0 0 0 0 0 0 0 0 -999
P7277 2067 7 0 0 0 0 0 0 0 0 0 0 0 0 0 0 0 0 0 0 0 0 0 0 0 0 0 0 0 0 0 0 0
P7277 2067 8 0 0 0 0 0 0 0 0 0 0 0 0 0 0 0 0 0 0 0 0 0 0 0 0 0 0 0 0 0 0 0
P7277 2067 9 0 0 0 0 0 0 0 0 0 0 0 0 0 0 0 0 0 0 0 0 0 0 0 0 0 0 0 0 0 0 -999
P7277 2067 10 0 0 0 0 0 11 19 12 0 0 0 0 0 0 0 0 0 0 0 0 0 0 0 0 0 0 0 9 21 18 46
P7277 2067 11 7 35 93 35 23 36 114 42 31 17 8 29 20 11 25 8 11 86 144 22 0 7 0 16 7 6 0 2 8 3 -999
P7277 2067 12 4 2 4 58 75 65 5 5 87 66 94 53 15 23 18 19 8 0 4 29 9 25 9 6 6 0 0 0 0 0 0
P7277 2068 1 4 0 0 0 0 0 0 3 3 16 10 5 4 2 2 3 4 0 0 5 4 9 18 24 5 34 2 2 56 57 42
P7277 2068 2 10 19 9 2 5 19 11 25 60 47 38 26 0 0 10 11 0 0 2 7 12 3 11 5 4 0 0 0 -999 -999 -999
P7277 2068 3 12 9 10 11 4 3 0 0 25 88 25 13 0 0 0 21 16 7 9 7 5 4 28 20 11 15 0 0 0 25 7
P7277 2068 4 7 11 7 27 26 15 0 0 0 5 0 0 0 0 0 0 0 0 0 0 0 0 5 5 5 3 0 9 6 0 -999
P7277 2068 5 0 0 13 17 0 0 0 0 0 6 10 31 11 7 25 16 6 4 6 6 0 0 0 0 0 0 0 0 0 0 0
P7277 2068 6 0 0 0 0 0 0 0 0 0 0 0 0 0 0 0 0 0 0 0 0 0 0 0 0 0 0 0 0 0 0 -999
P7277 2068 7 0 0 0 0 0 0 0 0 0 0 0 0 0 0 0 0 0 0 0 0 0 0 0 0 0 0 0 0 0 0 0
P7277 2068 8 0 0 0 0 0 0 0 0 0 0 0 0 0 0 0 0 0 0 0 0 0 0 0 0 0 0 0 0 0 0 0
P7277 2068 9 0 0 0 0 0 0 0 0 0 0 0 0 0 0 0 8 8 15 0 0 12 47 70 30 9 6 9 8 0 0 -999
P7277 2068 10 0 0 0 0 0 0 6 11 11 0 0 8 8 13 6 9 0 0 6 13 21 18 51 25 4 12 0 3 27 18 29
P7277 2068 11 9 0 0 0 0 0 0 0 0 0 0 0 0 0 9 28 4 8 7 6 55 37 11 51 22 0 0 0 53 39 -999
P7277 2068 12 13 32 25 32 137 19 12 24 28 12 19 9 22 11 51 74 137 103 68 23 18 7 0 0 0 17 4 5 0 0 0
P7277 2069 1 0 0 0 0 0 7 5 3 10 53 47 17 5 0 0 0 0 0 0 0 6 8 0 9 10 18 16 41 137 56 66
P7277 2069 2 34 23 12 17 61 29 14 48 49 37 14 7 9 11 3 0 0 0 0 0 0 0 1 0 2 0 2 7 -999 -999 -999
P7277 2069 3 110 49 8 11 21 26 33 32 20 29 15 0 0 0 0 0 0 0 0 7 8 3 4 11 4 0 7 23 32 7 2
P7277 2069 4 6 0 0 0 0 0 21 9 8 9 136 54 9 32 77 38 35 80 69 42 5 7 9 4 0 0 0 27 34 39 -999
P7277 2069 5 56 31 5 15 9 74 52 36 9 7 0 0 0 0 0 4 0 0 7 11 0 0 0 0 0 0 0 4 5 0 5
P7277 2069 6 3 2 8 0 0 0 0 0 0 0 0 0 0 0 0 0 0 0 0 0 0 0 0 0 0 0 0 0 0 0 -999
P7277 2069 7 0 7 0 0 0 0 0 0 0 0 0 0 0 0 0 0 0 0 0 0 0 0 0 0 0 0 0 0 0 0 0
P7277 2069 8 0 0 0 0 0 0 0 0 0 0 0 0 0 0 0 0 0 0 0 0 0 0 0 0 0 0 0 0 0 0 0
P7277 2069 9 0 0 0 0 0 0 0 0 22 11 0 0 0 0 0 0 0 0 0 0 0 0 0 0 0 0 9 11 40 101 -999
P7277 2069 10 84 58 60 18 0 0 0 0 0 0 0 0 0 0 8 7 5 0 0 5 8 7 11 8 6 6 0 0 0 0 19
P7277 2069 11 25 28 33 27 4 0 0 27 47 53 52 38 55 49 5 0 0 0 0 0 9 8 30 55 6 50 17 122 54 5 -999
P7277 2069 12 3 38 68 27 9 0 11 7 2 6 4 9 18 0 0 0 0 0 0 0 0 11 57 21 8 8 8 8 21 4 0
P7277 2070 1 29 23 26 37 48 22 3 15 43 10 8 3 7 5 0 2 9 5 15 62 43 24 66 18 18 16 97 7 11 81 62
P7277 2070 2 11 68 84 26 9 6 11 3 8 105 42 36 0 0 37 42 16 0 3 4 7 16 122 32 68 22 105 17 -999 -999 -999
P7277 2070 3 18 0 0 0 11 0 0 19 82 60 41 40 11 0 0 0 6 52 71 6 55 82 18 11 50 0 0 0 0 0 33
P7277 2070 4 29 43 9 6 36 31 15 27 12 14 21 14 6 9 32 23 8 0 0 0 0 7 7 6 6 6 5 7 5 0 -999
P7277 2070 5 4 3 6 18 22 11 13 5 3 12 4 31 36 39 25 5 6 11 4 0 0 0 0 0 0 0 0 0 0 0 0
P7277 2070 6 0 0 9 8 0 0 0 0 0 0 0 0 0 0 0 0 0 0 0 0 0 0 0 0 0 0 0 0 0 0 -999
P7277 2070 7 0 0 0 0 0 0 0 0 0 0 0 0 0 0 0 0 0 0 0 0 0 0 0 0 0 0 0 0 0 0 0
P7277 2070 8 0 0 0 0 0 0 0 0 0 0 0 0 0 0 0 0 0 0 0 0 0 0 0 0 0 0 0 0 0 0 0
P7277 2070 9 0 0 0 0 0 0 0 0 0 0 0 0 0 0 0 0 0 0 0 0 13 0 0 0 0 0 0 15 16 9 -999
P7277 2070 10 0 0 0 0 0 0 0 0 0 14 35 31 21 13 6 0 0 6 74 109 75 61 29 5 0 0 0 0 8 7 9
P7277 2070 11 0 71 34 23 3 11 45 57 28 12 28 125 41 11 9 16 20 0 18 53 21 72 70 49 17 0 0 0 0 0 -999
P7277 2070 12 0 4 6 0 0 0 0 0 0 3 5 3 3 0 0 0 0 0 0 7 0 39 11 8 11 4 15 11 10 10 0
P7277 2071 1 0 5 5 8 7 0 0 4 10 8 9 12 37 32 69 64 76 74 63 45 20 16 105 62 25 4 3 6 5 19 25
P7277 2071 2 16 6 9 7 44 37 21 25 5 0 0 4 4 0 0 0 0 4 12 14 32 13 5 3 15 55 59 0 -999 -999 -999
P7277 2071 3 0 0 0 9 10 5 14 14 11 10 8 0 0 0 0 0 0 0 5 0 0 0 0 21 9 5 0 0 11 3 0
P7277 2071 4 0 0 0 0 0 0 0 0 0 0 0 0 0 0 0 0 0 0 0 14 23 0 0 0 0 0 0 0 0 7 -999
P7277 2071 5 0 0 0 0 0 0 0 0 0 0 0 0 0 35 11 7 7 0 0 0 0 0 0 0 0 0 0 0 0 0 0
P7277 2071 6 0 0 0 0 0 0 0 8 0 0 0 0 0 0 0 0 0 0 0 0 0 0 0 0 0 0 0 0 0 0 -999
P7277 2071 7 0 0 0 0 0 0 0 0 0 0 0 0 0 0 0 0 0 0 0 0 0 0 0 0 0 0 0 0 0 0 0
P7277 2071 8 0 0 0 0 0 0 0 0 0 0 0 0 0 0 0 0 0 0 0 0 0 0 0 0 0 0 0 0 0 0 0
P7277 2071 9 0 0 0 0 0 0 0 0 0 0 0 0 0 0 0 0 0 0 0 0 0 0 0 0 0 0 0 0 0 0 -999
P7277 2071 10 0 0 0 0 0 11 0 0 0 0 0 5 2 0 0 0 0 0 0 0 0 0 0 0 10 0 0 0 0 0 0
P7277 2071 11 27 9 11 0 7 17 44 64 24 14 8 10 0 5 5 22 0 3 0 0 0 0 0 0 0 12 12 0 0 0 -999
P7277 2071 12 3 2 6 0 7 19 13 0 0 0 0 0 0 0 0 0 0 0 11 0 0 0 0 0 0 0 0 0 0 0 0
P7277 2072 1 0 0 0 0 0 3 5 0 3 8 7 6 0 6 32 3 3 0 0 2 19 116 56 4 0 0 2 14 50 12 12
P7277 2072 2 3 2 4 25 64 11 12 27 24 87 21 185 69 95 59 117 87 65 71 67 64 155 64 35 8 15 13 4 -999 -999 -999
P7277 2072 3 0 0 0 9 9 15 49 13 4 3 12 10 0 5 0 0 0 14 12 0 0 4 12 0 0 0 0 0 0 0 0
P7277 2072 4 0 0 0 0 0 49 38 46 35 10 53 10 4 7 0 8 6 0 0 0 0 0 24 0 0 0 0 0 0 0 -999
P7277 2072 5 0 0 0 0 0 0 0 8 12 0 0 0 0 0 0 0 0 0 0 0 0 0 0 0 0 0 0 0 0 0 0
P7277 2072 6 0 0 0 0 0 0 0 0 0 0 0 0 0 0 0 0 0 0 0 0 0 0 0 0 0 0 0 0 0 0 -999
P7277 2072 7 0 0 0 0 0 0 0 0 0 0 0 0 0 0 0 0 0 0 0 0 0 0 0 0 0 0 0 0 0 0 0
P7277 2072 8 0 0 0 0 0 0 0 0 0 0 0 0 0 0 0 0 0 0 0 0 0 0 0 0 0 0 0 0 0 0 0
P7277 2072 9 0 0 0 0 0 0 0 0 0 0 0 0 0 0 0 0 0 0 0 0 0 0 0 0 0 0 0 0 0 0 -999
P7277 2072 10 18 7 0 11 0 0 0 0 0 0 0 0 0 0 0 0 22 21 9 9 7 30 21 52 43 70 21 12 25 43 112
P7277 2072 11 10 11 0 27 109 82 33 68 87 62 34 10 5 0 0 0 0 0 0 0 8 14 58 57 10 63 68 6 6 5 -999
P7277 2072 12 0 0 0 2 7 52 35 13 6 6 3 0 0 0 0 0 0 7 3 8 11 13 7 0 0 7 0 0 0 0 5
P7277 2073 1 0 0 2 2 8 6 0 0 0 0 0 0 0 0 0 0 0 0 4 2 0 0 0 0 0 6 0 0 0 0 0
P7277 2073 2 0 0 2 8 7 3 4 4 35 57 63 16 10 27 18 7 16 5 6 0 2 2 11 5 3 0 0 0 -999 -999 -999
P7277 2073 3 0 0 0 0 0 0 0 13 5 5 4 0 0 5 5 13 5 11 27 16 9 6 6 0 0 4 19 16 11 5 0
P7277 2073 4 0 0 0 0 0 0 0 0 0 0 0 0 0 0 26 29 0 0 0 0 0 0 0 5 0 0 0 6 0 0 -999
P7277 2073 5 11 0 0 0 0 0 7 0 0 0 0 0 0 27 0 8 12 8 22 7 0 3 28 34 0 0 4 4 0 0 0
P7277 2073 6 0 0 0 0 0 0 0 0 0 0 9 0 0 0 0 0 0 0 0 0 0 0 0 0 0 0 0 0 0 0 -999
P7277 2073 7 0 0 0 0 0 0 0 0 0 0 0 0 0 0 0 0 0 0 0 0 0 0 0 0 0 0 0 0 0 0 0
P7277 2073 8 0 0 0 0 0 0 0 0 0 0 0 0 0 0 0 0 0 0 0 0 0 0 0 0 0 0 0 0 0 0 0
P7277 2073 9 0 0 0 26 0 3 0 0 0 0 0 7 0 0 0 0 0 0 0 0 0 4 14 0 0 0 0 0 0 0 -999
P7277 2073 10 0 0 0 0 0 0 22 14 6 108 44 0 0 0 0 0 0 15 37 7 0 0 0 0 0 0 19 14 5 6 5
P7277 2073 11 8 0 0 0 6 8 86 43 47 71 16 7 5 0 0 0 0 0 0 0 2 7 0 8 4 7 18 12 10 22 -999
P7277 2073 12 37 35 10 22 9 14 5 6 0 0 0 0 0 0 0 0 3 6 6 17 34 31 3 14 33 4 8 0 0 0 0
P7277 2074 1 0 2 0 0 0 0 0 0 0 3 0 3 5 4 2 0 0 38 39 15 0 4 0 0 4 8 6 4 4 3 0
P7277 2074 2 2 0 0 0 0 4 7 6 27 3 2 6 8 9 5 0 0 0 0 3 3 7 7 3 7 10 12 0 -999 -999 -999
P7277 2074 3 23 20 0 0 11 6 0 0 0 0 0 7 0 9 17 0 0 10 10 8 4 0 0 0 0 0 0 0 0 0 0
P7277 2074 4 0 0 0 0 0 0 0 0 0 0 0 0 0 0 0 0 0 0 0 0 0 0 0 0 0 15 8 5 0 0 -999
P7277 2074 5 0 0 0 0 0 0 7 6 8 10 10 10 7 0 0 0 0 4 28 34 32 20 11 3 0 0 0 0 0 0 0
P7277 2074 6 0 0 0 0 0 0 0 0 0 0 0 0 0 0 0 0 0 0 7 0 0 0 0 0 0 0 0 0 0 0 -999
P7277 2074 7 0 0 0 0 0 0 0 0 0 0 0 0 0 0 0 0 0 0 0 0 0 0 0 0 0 0 0 0 0 0 0
P7277 2074 8 0 0 0 0 0 0 0 0 0 0 0 0 0 0 0 0 0 0 0 0 0 0 0 0 0 0 0 0 0 0 0
P7277 2074 9 0 0 0 0 0 0 0 0 0 0 0 0 0 0 0 0 0 8 7 0 0 23 10 5 4 0 5 5 0 0 -999
P7277 2074 10 0 0 7 0 0 0 0 6 10 8 6 0 0 0 0 0 0 0 0 0 0 0 0 8 8 0 0 14 31 4 11
P7277 2074 11 12 10 9 0 0 0 0 21 63 119 13 0 12 0 0 18 8 14 0 0 0 10 118 131 104 0 0 7 8 0 -999
P7277 2074 12 0 0 26 16 0 0 0 18 4 7 7 9 51 174 167 209 52 12 77 48 94 40 2 0 0 0 121 60 109 42 33
P7277 2075 1 42 36 19 39 41 15 6 7 7 4 9 28 54 3 4 3 0 0 0 0 0 0 0 0 2 6 9 4 3 11 11
P7277 2075 2 21 8 5 3 50 32 14 13 5 6 44 70 29 35 5 11 0 0 0 20 49 10 7 3 0 0 0 0 -999 -999 -999
P7277 2075 3 0 0 0 16 44 40 10 0 24 53 35 31 39 18 0 3 5 27 73 46 12 44 66 45 18 26 68 17 29 46 74
P7277 2075 4 27 3 13 0 0 12 5 3 0 0 0 0 0 0 0 0 0 11 6 6 6 8 0 0 0 0 0 0 20 43 -999
P7277 2075 5 32 37 57 56 31 39 20 8 0 0 0 0 10 11 7 8 25 10 13 11 7 6 0 0 0 0 0 0 0 0 0
P7277 2075 6 0 0 0 0 0 0 0 0 0 0 0 0 0 0 0 0 0 0 0 0 0 0 0 0 0 0 0 0 0 0 -999
P7277 2075 7 0 0 0 0 0 0 0 0 0 0 0 0 0 0 0 0 0 0 0 0 0 0 0 0 0 0 0 0 0 0 0
P7277 2075 8 0 0 0 0 0 0 0 0 0 0 0 0 0 0 0 0 0 0 0 0 0 0 0 0 0 0 0 0 0 0 0
P7277 2075 9 0 0 0 0 0 0 0 0 0 0 0 0 0 0 9 0 8 0 0 0 0 0 0 0 0 0 13 12 15 9 -999
P7277 2075 10 0 0 7 7 13 0 0 32 5 7 3 0 0 0 23 16 0 0 15 10 6 3 0 3 10 0 19 15 9 0 0
P7277 2075 11 26 12 17 26 14 7 91 7 34 9 9 53 17 9 7 34 56 9 7 10 24 11 15 21 21 24 16 5 8 5 -999
P7277 2075 12 0 6 2 11 12 22 40 21 32 0 5 10 18 10 2 2 0 0 0 0 0 3 3 0 0 4 0 0 2 2 0
P7277 2076 1 0 0 0 0 0 0 0 0 4 4 4 3 2 8 2 2 0 3 4 0 0 0 0 0 0 0 9 6 0 0 3
P7277 2076 2 2 9 3 3 0 9 0 8 21 0 0 0 0 0 0 0 0 0 4 5 3 0 0 0 3 3 0 0 -999 -999 -999
P7277 2076 3 0 0 0 0 12 8 0 0 20 47 6 0 0 14 12 12 39 34 6 0 2 0 0 0 0 0 0 0 0 0 0
P7277 2076 4 0 0 0 14 0 0 0 0 0 0 0 15 2 0 0 0 0 0 0 0 25 16 10 10 7 9 8 0 0 0 -999
P7277 2076 5 0 5 9 6 0 0 0 0 0 0 0 0 0 0 0 0 5 11 19 32 27 11 8 0 0 0 8 16 7 8 5
P7277 2076 6 8 0 0 0 0 0 0 0 0 0 0 0 0 0 0 0 0 0 0 0 0 0 0 0 0 0 0 0 0 0 -999
P7277 2076 7 0 0 0 0 9 0 0 0 0 0 0 0 0 0 0 0 0 0 0 0 0 0 0 0 0 0 0 0 0 0 0
P7277 2076 8 0 0 0 0 0 0 0 0 0 0 0 0 0 0 0 0 0 0 0 0 0 0 0 0 0 0 0 0 0 0 0
P7277 2076 9 0 0 0 0 0 0 0 0 0 0 0 0 0 0 0 0 0 0 0 0 0 0 0 0 0 0 20 28 9 8 -999
P7277 2076 10 5 16 10 0 0 0 0 0 0 0 30 49 51 76 50 6 17 59 0 0 10 5 12 16 8 7 0 0 0 0 0
P7277 2076 11 0 0 0 5 0 0 5 22 75 45 54 59 4 3 3 0 0 0 6 3 0 0 5 31 18 8 0 0 0 0 -999
P7277 2076 12 0 0 0 0 0 0 2 7 7 0 0 0 0 0 2 4 6 0 0 0 0 0 0 0 0 5 4 6 17 10 0
P7277 2077 1 0 0 0 0 1 4 2 2 0 0 0 8 32 86 21 17 3 5 0 0 0 24 98 17 29 29 13 11 2 2 7
P7277 2077 2 5 2 8 21 35 25 6 0 0 0 0 24 15 12 33 19 36 0 0 5 5 6 6 0 0 0 0 0 -999 -999 -999
P7277 2077 3 6 16 11 0 0 17 17 35 54 42 25 31 38 17 9 26 0 59 38 4 0 0 0 0 0 7 5 7 4 0 0
P7277 2077 4 0 0 0 0 0 0 14 10 23 4 7 0 0 0 0 0 0 0 0 0 0 0 0 0 0 0 0 0 0 0 -999
P7277 2077 5 0 0 0 0 0 0 0 0 0 0 0 0 0 0 0 0 0 11 21 0 0 0 0 46 68 62 56 22 0 0 0
P7277 2077 6 0 0 0 0 0 3 0 0 0 4 5 0 0 6 0 0 0 0 0 0 0 0 0 0 0 0 0 0 0 0 -999
P7277 2077 7 0 0 0 0 0 0 0 0 0 0 0 0 0 0 0 0 0 0 0 0 0 0 0 0 0 0 0 0 0 0 0
P7277 2077 8 0 0 0 0 0 0 0 0 0 0 0 0 0 0 0 0 0 0 0 0 0 0 0 0 0 0 0 0 0 0 0
P7277 2077 9 0 0 0 0 0 0 0 0 0 0 0 0 0 0 0 0 0 0 0 0 0 0 0 0 0 0 39 38 0 0 -999
P7277 2077 10 0 0 0 0 0 0 0 0 0 0 0 0 14 22 20 6 7 28 37 23 30 65 16 4 3 0 0 9 0 0 0
P7277 2077 11 0 6 26 48 44 15 55 17 12 10 7 48 83 94 62 53 52 47 4 14 49 89 71 19 18 20 22 7 6 6 -999
P7277 2077 12 7 3 0 6 5 4 5 31 19 104 144 23 54 120 43 15 111 123 111 36 65 55 103 167 178 194 200 72 51 21 18
P7277 2078 1 11 64 32 58 41 71 11 79 19 39 9 0 0 0 0 0 0 0 0 0 0 27 11 7 0 0 0 0 0 0 9
P7277 2078 2 9 19 0 10 11 50 40 7 6 4 17 5 11 4 5 0 8 6 0 0 3 0 3 4 0 0 0 0 -999 -999 -999
P7277 2078 3 0 0 0 0 0 16 5 10 0 13 35 10 27 67 9 0 0 20 0 0 0 5 11 9 0 0 18 15 22 33 6
P7277 2078 4 33 47 9 94 72 57 12 5 8 0 0 0 0 13 0 0 20 31 12 6 0 0 0 0 0 0 0 24 14 5 -999
P7277 2078 5 9 4 4 15 18 9 9 0 0 6 34 44 38 11 29 29 11 5 0 0 0 0 0 0 0 0 0 0 0 0 0
P7277 2078 6 0 0 0 0 0 0 0 0 0 0 0 0 0 0 0 0 0 0 0 0 0 0 0 0 0 0 0 0 0 0 -999
P7277 2078 7 0 0 0 0 0 0 0 0 0 0 0 0 0 0 0 0 0 0 0 0 0 0 0 0 0 0 0 0 0 0 0
P7277 2078 8 0 0 0 0 0 0 0 0 0 0 0 0 0 0 0 0 0 0 0 0 0 0 0 0 0 0 0 0 0 0 0
P7277 2078 9 0 0 32 11 8 0 0 0 0 0 0 0 0 0 0 0 0 0 0 0 0 0 0 0 0 0 0 0 0 0 -999
P7277 2078 10 0 9 12 0 0 0 0 0 0 0 0 0 0 8 0 9 0 0 0 0 0 0 8 0 0 0 0 0 0 0 0
P7277 2078 11 0 0 78 44 6 5 0 0 0 0 0 0 0 0 0 0 0 0 4 4 0 0 9 4 0 0 4 39 6 9 -999
P7277 2078 12 0 0 0 0 0 0 7 9 3 4 12 0 0 0 6 7 0 0 0 0 0 0 0 3 15 9 10 19 17 102 110
P7277 2079 1 5 5 5 9 3 2 5 8 5 2 5 2 3 3 0 0 0 0 0 0 0 0 0 0 0 7 38 8 0 0 0
P7277 2079 2 7 11 0 6 44 11 7 60 22 2 0 0 0 7 0 0 7 35 93 63 49 17 58 66 78 108 49 8 -999 -999 -999
P7277 2079 3 13 19 8 15 15 3 5 11 11 9 15 10 0 0 0 0 0 0 0 29 43 12 24 3 0 0 0 0 9 11 25
P7277 2079 4 62 11 8 0 0 8 17 7 4 0 0 0 0 0 0 0 0 0 0 0 0 0 0 0 0 0 0 0 0 12 -999
P7277 2079 5 9 7 6 0 0 0 0 8 0 0 0 0 0 0 0 10 11 0 0 0 0 0 0 0 0 0 0 0 0 8 11
P7277 2079 6 0 0 0 0 0 0 0 0 0 7 0 0 0 0 0 0 0 0 0 0 0 0 0 0 0 0 0 0 0 0 -999
P7277 2079 7 0 0 0 0 0 0 0 0 0 0 0 0 0 0 0 0 0 0 0 0 0 0 0 0 0 0 7 0 0 0 0
P7277 2079 8 0 0 0 0 0 0 0 0 0 0 0 0 0 0 0 0 0 0 0 0 0 0 0 0 0 0 0 0 0 0 0
P7277 2079 9 0 0 0 0 0 0 0 0 0 22 19 0 0 0 0 0 0 0 0 0 0 0 0 0 0 0 0 8 15 14 -999
P7277 2079 10 0 0 0 0 0 0 0 0 0 0 0 0 0 0 0 0 13 24 21 42 16 29 11 11 17 10 11 7 12 18 29
P7277 2079 11 22 49 19 4 17 5 0 0 0 13 18 9 5 0 0 0 0 0 0 10 10 9 42 15 26 93 37 16 53 37 -999
P7277 2079 12 5 0 0 0 18 20 66 76 74 58 21 0 4 3 59 54 142 97 161 28 21 16 7 3 0 6 0 0 3 0 3
P7277 2080 1 5 0 5 18 11 4 9 6 3 3 0 4 0 6 0 0 0 0 7 10 7 13 25 12 10 5 4 3 9 6 3
P7277 2080 2 4 0 0 2 0 0 0 0 0 3 16 43 15 6 0 0 0 0 0 0 6 6 7 6 0 0 0 0 -999 -999 -999
P7277 2080 3 0 0 0 0 0 0 0 7 9 4 4 0 0 0 5 6 0 0 6 0 0 0 7 0 0 0 0 13 11 10 24
P7277 2080 4 37 7 26 13 31 86 56 44 35 7 3 0 0 0 4 26 29 17 40 18 4 0 0 6 15 0 0 0 0 0 -999
P7277 2080 5 0 0 5 0 0 0 0 0 0 0 0 0 0 0 0 0 0 0 0 6 0 0 0 0 0 0 0 0 0 0 0
P7277 2080 6 0 0 0 0 0 0 0 0 0 0 0 0 0 0 0 0 0 0 0 0 0 0 0 0 0 0 0 0 0 0 -999
P7277 2080 7 0 0 0 0 0 0 0 0 0 0 0 0 0 0 0 0 0 0 0 0 0 0 0 0 0 0 0 0 0 0 0
P7277 2080 8 0 0 0 0 0 0 0 0 0 0 0 0 0 0 0 0 0 0 0 0 0 0 0 5 17 7 0 0 0 0 0
P7277 2080 9 0 0 0 0 0 0 0 0 0 0 0 14 25 24 0 0 0 0 0 0 0 0 13 32 19 10 0 0 0 0 -999
P7277 2080 10 0 0 0 0 0 0 0 0 0 0 0 11 12 0 7 0 0 0 0 0 0 13 11 95 82 22 5 0 0 0 0
P7277 2080 11 0 0 0 23 29 0 0 0 0 8 7 6 0 0 2 32 16 6 0 5 24 0 0 3 4 12 15 75 3 0 -999
P7277 2080 12 0 0 0 0 0 2 4 12 8 85 19 13 11 58 13 10 9 0 0 0 15 14 32 160 13 0 7 7 6 9 0
P7277 2081 1 0 0 0 0 0 0 0 0 0 0 3 0 0 0 0 1 3 13 41 164 91 151 32 13 15 13 9 0 0 0 0
P7277 2081 2 3 15 75 39 8 6 5 5 4 0 0 0 0 0 0 0 5 38 0 24 67 60 31 11 9 7 11 5 -999 -999 -999
P7277 2081 3 0 0 0 8 11 6 0 0 7 8 10 29 77 76 66 34 80 33 54 36 44 52 70 24 83 70 100 69 8 45 57
P7277 2081 4 29 7 8 18 5 0 0 0 0 0 0 0 0 0 0 0 5 3 0 0 0 0 0 0 0 0 0 7 0 0 -999
P7277 2081 5 0 0 0 0 0 0 6 5 0 0 5 0 0 0 0 11 0 0 0 0 0 0 5 0 5 3 6 13 17 6 0
P7277 2081 6 0 0 0 0 0 0 0 0 9 37 23 6 0 0 0 0 0 0 0 0 0 0 0 0 0 0 0 0 0 0 -999
P7277 2081 7 0 0 0 0 0 0 0 0 0 0 0 0 0 0 0 0 0 0 0 0 0 0 0 0 0 0 0 0 0 0 0
P7277 2081 8 0 0 0 0 0 0 0 0 0 0 0 0 0 0 0 0 0 0 0 0 0 0 0 0 0 0 0 0 0 0 0
P7277 2081 9 0 0 0 0 0 0 0 0 0 0 0 0 0 0 0 0 0 0 0 0 0 7 0 0 0 0 0 0 0 0 -999
P7277 2081 10 0 0 15 0 0 0 0 0 13 30 77 18 23 9 67 28 28 12 9 16 11 0 0 0 0 0 0 0 0 0 16
P7277 2081 11 0 0 61 135 15 20 7 0 26 81 28 10 20 67 108 85 17 38 49 143 17 68 81 6 7 0 0 0 31 44 -999
P7277 2081 12 38 31 33 35 24 17 91 97 8 6 0 0 0 0 0 0 4 5 6 29 38 41 115 17 42 47 12 138 12 0 0
P7277 2082 1 0 0 0 0 0 0 7 7 6 0 0 0 0 8 52 74 7 10 11 4 0 4 0 4 5 11 48 29 55 16 0
P7277 2082 2 0 0 3 12 6 9 4 0 0 0 5 3 0 0 0 0 0 0 0 0 0 0 0 0 0 0 0 0 -999 -999 -999
P7277 2082 3 0 0 4 0 0 0 0 0 0 7 6 0 0 0 5 5 14 14 44 30 0 37 22 9 0 0 0 0 5 7 9
P7277 2082 4 14 0 0 8 13 58 82 41 63 73 33 66 58 0 8 20 19 16 40 30 7 0 0 0 0 0 0 5 8 0 -999
P7277 2082 5 0 0 0 0 0 0 0 0 0 0 0 0 0 0 0 0 0 37 0 0 0 0 0 0 0 0 0 0 0 0 0
P7277 2082 6 0 0 8 8 0 14 27 25 9 6 0 0 0 0 0 0 7 15 8 6 8 4 0 0 0 0 0 0 0 0 -999
P7277 2082 7 0 0 0 0 0 0 0 0 0 0 0 0 0 0 0 0 0 0 0 0 0 0 0 0 0 0 0 0 0 0 0
P7277 2082 8 0 0 0 0 0 0 0 0 0 0 0 0 0 0 0 0 0 0 0 0 0 0 0 0 0 0 0 0 0 0 0
P7277 2082 9 0 0 0 0 0 0 0 0 0 0 0 0 0 0 0 0 0 0 0 0 0 0 0 0 0 0 0 0 0 0 -999
P7277 2082 10 0 0 0 0 0 0 0 0 0 0 0 0 21 15 0 0 9 21 12 150 42 7 13 30 12 17 0 0 0 0 0
P7277 2082 11 0 0 0 0 0 10 0 0 0 13 31 26 20 27 43 84 22 11 8 35 13 35 36 16 5 7 7 21 49 14 -999
P7277 2082 12 3 6 6 0 0 0 0 0 0 0 0 0 0 0 0 0 0 5 6 0 0 0 2 1 0 0 0 0 0 5 0
P7277 2083 1 0 5 0 0 0 17 18 90 28 10 0 3 22 113 98 91 98 7 10 24 12 0 7 19 40 32 59 16 14 34 15
P7277 2083 2 34 37 86 4 23 4 12 17 58 16 122 41 86 13 11 40 114 52 33 9 29 63 30 58 27 42 57 111 -999 -999 -999
P7277 2083 3 110 0 0 0 13 0 9 5 0 13 12 0 13 19 12 0 0 0 0 2 0 2 0 0 12 10 0 0 11 28 12
P7277 2083 4 38 33 21 10 4 0 0 0 0 12 10 13 21 6 0 8 0 23 33 8 9 9 0 0 0 0 0 0 0 0 -999
P7277 2083 5 0 22 16 0 0 0 0 0 0 0 0 0 0 0 0 0 0 0 0 0 0 0 0 0 0 0 0 0 0 0 0
P7277 2083 6 0 0 0 0 0 0 0 0 0 0 0 0 0 0 0 0 0 0 0 0 0 0 0 0 0 0 0 5 0 0 -999
P7277 2083 7 0 0 0 0 0 0 0 0 0 0 0 0 0 0 0 0 0 0 0 0 0 0 0 0 0 0 0 0 0 0 0
P7277 2083 8 0 10 0 0 0 0 0 0 0 0 0 0 0 0 0 0 0 0 0 0 0 0 0 0 0 0 0 0 0 0 0
P7277 2083 9 0 0 0 0 0 0 0 0 0 0 0 0 0 0 0 0 0 0 0 0 0 0 0 8 9 0 0 0 0 13 -999
P7277 2083 10 15 9 0 0 0 0 0 0 0 0 0 0 0 0 0 0 0 0 0 0 0 0 0 0 0 0 9 0 0 0 0
P7277 2083 11 0 0 19 0 0 14 27 14 69 22 4 36 25 19 7 9 10 19 13 26 9 9 41 40 9 9 5 6 0 0 -999
P7277 2083 12 0 0 0 0 0 5 7 0 0 25 21 16 23 10 14 44 40 11 0 0 0 0 7 5 0 0 0 0 0 0 5
P7277 2084 1 5 14 10 3 3 12 27 10 0 0 0 5 4 0 0 6 24 150 101 11 17 54 51 12 0 0 0 0 0 0 0
P7277 2084 2 0 0 9 3 0 0 0 0 0 5 23 29 41 0 0 0 5 5 19 12 7 0 116 47 13 32 9 7 -999 -999 -999
P7277 2084 3 9 17 5 9 20 12 0 0 14 25 12 13 11 7 7 38 61 60 37 42 69 33 24 64 16 0 52 53 23 35 41
P7277 2084 4 24 20 89 85 20 8 55 54 83 37 68 11 3 20 28 9 0 0 0 0 0 0 0 0 0 0 0 0 0 0 -999
P7277 2084 5 0 0 0 0 0 0 0 4 0 0 0 0 0 0 0 0 0 0 0 0 0 0 0 0 0 0 0 0 0 0 0
P7277 2084 6 5 0 0 0 0 0 0 0 0 0 0 0 0 0 0 0 0 0 0 0 0 0 0 0 0 0 0 0 0 0 -999
P7277 2084 7 0 0 0 0 0 0 0 0 0 0 0 0 0 0 0 0 0 0 0 0 0 0 0 0 0 0 0 0 0 0 0
P7277 2084 8 0 0 0 0 0 0 0 0 0 0 0 0 0 0 0 0 0 0 0 0 0 0 0 0 0 0 0 0 0 0 0
P7277 2084 9 0 0 0 0 0 0 0 0 0 0 0 0 0 0 0 0 0 0 0 0 0 0 0 0 0 0 0 0 0 0 -999
P7277 2084 10 16 15 0 0 0 0 0 0 0 0 0 0 0 0 9 9 0 0 0 0 0 0 4 5 5 0 0 0 0 0 0
P7277 2084 11 0 0 0 5 35 9 9 12 87 58 42 136 61 15 0 6 6 13 0 0 0 0 0 5 0 0 0 0 3 5 -999
P7277 2084 12 7 0 0 9 7 7 7 5 2 0 0 0 0 2 2 3 4 2 4 0 0 0 3 5 4 16 5 10 0 0 0
P7277 2085 1 0 0 0 0 0 0 0 0 0 0 0 1 2 10 18 0 0 0 0 0 0 0 5 7 14 6 8 8 5 3 0
P7277 2085 2 0 0 4 3 0 0 0 0 0 0 0 0 0 0 7 20 9 0 0 0 0 0 14 0 0 6 4 0 -999 -999 -999
P7277 2085 3 0 0 0 6 7 0 0 0 0 26 26 28 8 0 0 9 5 31 28 23 131 50 40 13 5 9 29 44 39 76 46
P7277 2085 4 63 45 84 8 27 0 11 0 0 0 0 0 0 0 26 0 0 0 0 6 0 0 0 0 0 7 31 10 22 16 -999
P7277 2085 5 14 0 0 6 6 0 3 0 3 17 18 8 9 6 0 0 0 0 5 7 0 0 0 0 5 0 0 0 0 0 0
P7277 2085 6 0 0 0 0 0 0 0 0 0 0 0 0 0 0 0 0 0 0 0 0 0 0 0 0 0 0 0 0 0 0 -999
P7277 2085 7 0 0 0 0 0 0 0 0 0 0 0 0 0 0 0 0 0 0 0 0 0 0 0 0 0 0 0 0 0 0 0
P7277 2085 8 0 0 0 0 0 0 0 0 0 0 0 0 0 0 0 0 0 0 0 0 0 0 0 0 0 0 0 0 0 0 0
P7277 2085 9 0 0 0 0 0 0 0 0 0 0 0 0 0 0 0 0 11 0 0 0 32 25 0 5 0 0 0 0 0 5 -999
P7277 2085 10 5 0 0 0 0 0 0 7 0 0 0 0 0 0 0 0 0 0 0 0 0 0 8 7 0 0 4 0 0 0 0
P7277 2085 11 13 11 35 36 10 8 6 13 0 0 0 0 0 0 0 14 9 53 69 115 80 74 36 156 80 10 155 6 18 15 -999
P7277 2085 12 74 39 8 11 65 11 7 2 16 62 37 33 23 17 5 6 0 16 9 7 6 18 64 59 15 6 15 7 16 7 37
P7277 2086 1 36 84 58 46 8 0 0 0 0 0 0 0 0 0 0 10 0 0 0 0 0 0 0 4 0 0 0 0 0 0 0
P7277 2086 2 0 0 0 0 3 0 0 0 0 0 0 3 21 14 15 31 25 34 4 14 67 5 0 0 0 5 8 7 -999 -999 -999
P7277 2086 3 0 0 0 0 0 0 0 0 0 4 0 5 4 0 0 0 5 0 25 6 0 0 0 0 0 0 0 7 12 12 23
P7277 2086 4 8 8 0 0 0 0 12 30 9 6 4 0 0 15 53 97 74 66 53 20 14 13 61 23 0 0 8 7 0 0 -999
P7277 2086 5 0 0 0 0 0 0 0 0 0 0 0 12 0 0 0 0 0 5 7 6 0 0 0 0 6 0 0 0 0 0 0
P7277 2086 6 0 0 0 0 0 0 0 0 0 0 0 0 0 0 0 0 0 0 0 0 0 0 0 0 0 0 0 0 0 0 -999
P7277 2086 7 0 0 0 0 0 0 0 0 0 0 0 0 0 0 0 0 0 0 0 0 0 0 0 0 0 0 0 0 0 0 0
P7277 2086 8 0 0 0 0 0 0 0 0 0 0 0 0 0 0 0 0 0 0 0 0 0 0 8 0 0 0 0 0 0 0 0
P7277 2086 9 0 0 0 0 0 0 14 0 0 0 0 21 9 8 13 13 10 9 9 12 9 0 22 25 0 0 0 0 0 0 -999
P7277 2086 10 0 0 0 0 0 0 0 0 0 0 0 30 0 0 8 6 5 9 0 0 0 0 13 20 17 11 12 0 5 11 7
P7277 2086 11 0 38 0 0 0 0 0 7 5 9 6 9 25 8 153 65 143 54 41 27 17 14 6 5 0 9 15 9 25 6 -999
P7277 2086 12 9 29 25 52 47 9 0 0 0 10 7 10 10 5 3 0 0 0 13 11 6 0 0 0 5 4 6 11 15 16 16
P7277 2087 1 17 117 18 8 36 40 17 6 7 6 5 3 13 39 101 11 10 13 41 3 4 2 0 0 0 0 0 0 0 7 0
P7277 2087 2 0 0 3 4 0 0 0 0 0 0 0 12 11 13 5 0 0 0 0 2 0 0 0 0 0 0 0 0 -999 -999 -999
P7277 2087 3 3 0 6 12 6 23 13 5 0 0 0 0 0 24 27 4 32 53 18 7 5 7 0 0 0 58 76 8 5 0 0
P7277 2087 4 0 0 7 9 27 2 0 0 0 0 0 0 0 0 0 0 11 29 17 5 3 17 0 0 0 0 0 0 0 0 -999
P7277 2087 5 0 0 0 0 0 0 0 17 59 37 5 3 0 0 0 0 0 0 0 0 0 0 0 0 0 0 0 7 10 11 0
P7277 2087 6 0 0 0 0 0 0 0 7 0 0 0 0 0 0 0 0 0 0 0 0 0 0 0 0 0 0 0 0 0 0 -999
P7277 2087 7 0 0 0 0 0 0 0 0 0 0 0 0 0 0 0 0 0 0 0 0 0 0 0 0 0 0 0 0 0 0 0
P7277 2087 8 0 0 0 0 0 0 0 0 0 0 0 0 0 0 0 0 0 0 0 0 0 0 0 0 0 0 0 0 0 0 0
P7277 2087 9 0 0 0 0 0 0 0 0 0 0 5 0 0 0 0 0 0 0 18 17 21 0 0 0 0 0 0 10 0 0 -999
P7277 2087 10 0 0 0 0 0 0 0 0 14 0 0 0 0 0 0 0 0 0 7 11 12 102 30 7 7 12 0 0 0 0 0
P7277 2087 11 0 0 5 29 26 16 31 8 5 10 0 10 9 11 30 8 8 9 0 0 5 0 4 0 0 0 6 9 43 12 -999
P7277 2087 12 99 117 24 26 0 0 12 8 0 5 36 68 34 24 30 22 29 49 24 14 117 24 0 0 0 0 0 0 0 0 0
P7277 2088 1 0 0 0 0 4 5 33 94 96 59 54 106 132 136 15 155 23 21 3 0 4 4 12 72 97 68 186 48 77 37 8
P7277 2088 2 14 4 4 9 6 7 0 0 0 2 0 0 5 5 0 16 32 39 26 0 0 0 10 3 0 0 0 0 -999 -999 -999
P7277 2088 3 0 0 10 26 9 17 47 4 0 0 0 0 7 11 9 35 17 0 8 0 0 0 3 5 11 4 7 0 0 0 0
P7277 2088 4 13 0 0 0 0 0 0 0 9 7 6 10 17 2 0 0 0 0 0 0 0 0 0 0 0 0 0 0 0 0 -999
P7277 2088 5 0 0 0 0 16 15 7 0 0 0 38 37 9 5 0 0 0 0 0 0 0 0 0 0 0 0 0 0 0 0 0
P7277 2088 6 0 0 0 0 0 0 0 0 0 0 0 0 0 0 0 0 0 0 0 0 0 0 0 0 0 0 0 0 0 0 -999
P7277 2088 7 0 0 0 0 0 0 0 0 0 0 0 0 0 0 0 0 0 0 0 0 0 0 0 0 0 0 0 0 0 0 0
P7277 2088 8 0 0 0 0 0 0 0 0 0 0 0 0 0 0 0 0 0 0 0 0 0 0 0 0 0 0 0 0 0 0 0
P7277 2088 9 0 0 0 0 0 0 0 0 0 0 16 0 0 0 0 0 0 0 0 0 0 0 0 0 0 0 0 0 0 0 -999
P7277 2088 10 0 0 0 0 0 0 0 0 0 0 12 6 13 0 0 0 0 0 0 0 0 0 0 0 0 0 0 0 0 0 0
P7277 2088 11 0 7 61 65 31 49 14 12 72 31 7 10 6 0 0 0 0 0 0 0 0 21 37 20 23 36 52 4 0 25 -999
P7277 2088 12 37 10 12 50 93 56 8 0 0 0 0 9 0 0 0 0 0 0 0 3 4 2 0 0 6 14 12 0 0 6 0
P7277 2089 1 0 0 0 5 7 19 22 0 0 3 12 12 4 56 20 24 21 3 82 153 28 84 55 9 22 20 11 12 16 41 37
P7277 2089 2 113 5 7 29 36 7 7 15 44 104 54 128 83 65 100 124 58 72 63 41 13 3 0 0 0 10 40 30 -999 -999 -999
P7277 2089 3 5 0 0 0 0 0 0 0 0 0 0 0 0 0 0 2 11 6 0 0 0 0 0 0 0 0 0 0 0 0 0
P7277 2089 4 0 0 0 0 0 0 0 25 44 10 5 0 0 0 0 6 0 0 0 36 0 0 0 0 0 18 0 0 0 0 -999
P7277 2089 5 5 4 0 0 0 0 0 27 0 0 0 0 0 0 0 0 0 0 0 0 0 0 0 0 0 0 0 0 0 0 0
P7277 2089 6 6 5 0 0 0 0 0 0 0 0 0 0 0 0 0 0 0 0 0 0 0 0 0 0 0 0 0 0 0 0 -999
P7277 2089 7 0 0 0 0 0 0 0 0 6 0 0 0 0 0 0 0 0 0 0 0 0 0 0 0 0 0 0 0 0 0 0
P7277 2089 8 0 0 0 0 0 0 0 0 0 0 0 0 0 0 0 0 0 0 0 0 0 0 0 0 0 0 0 0 0 0 0
P7277 2089 9 0 0 0 0 0 0 0 0 0 0 0 0 0 0 8 0 0 0 0 0 0 0 0 0 0 0 0 0 0 0 -999
P7277 2089 10 0 0 0 0 0 0 0 0 0 0 0 11 0 6 7 7 0 0 0 0 0 0 0 0 0 0 0 0 0 0 0
P7277 2089 11 8 0 9 14 0 5 0 0 0 0 6 5 8 21 66 85 26 81 66 53 98 158 96 106 21 19 13 4 57 20 -999
P7277 2089 12 34 66 9 8 4 5 6 6 0 0 0 0 0 0 0 0 0 6 22 46 18 19 19 5 0 0 0 0 5 25 8
P7277 2090 1 0 0 0 0 8 6 4 0 0 3 4 8 0 2 0 0 0 2 3 27 23 20 34 20 6 0 6 0 3 15 4
P7277 2090 2 0 53 23 0 0 11 15 13 43 75 73 55 56 112 76 143 170 21 23 19 61 13 6 27 16 50 61 59 -999 -999 -999
P7277 2090 3 7 4 3 0 6 9 86 94 35 9 31 127 17 4 3 0 0 0 0 0 0 0 0 0 6 0 0 0 0 0 0
P7277 2090 4 20 38 16 58 42 8 0 0 0 0 7 7 0 0 0 0 0 0 0 0 0 22 42 33 6 21 32 28 5 7 -999
P7277 2090 5 0 0 0 0 0 0 0 0 0 0 0 0 0 0 15 43 18 13 7 6 0 0 0 0 0 0 0 0 16 0 0
P7277 2090 6 0 0 0 18 31 22 15 5 5 8 0 0 0 0 0 0 0 0 0 0 0 0 12 16 27 11 4 6 8 17 -999
P7277 2090 7 0 0 0 0 0 0 0 0 0 0 0 0 0 0 0 0 0 0 0 0 0 0 0 0 0 0 0 0 0 0 0
P7277 2090 8 0 0 0 0 0 0 0 0 0 0 0 0 0 0 0 0 0 0 0 0 0 0 0 0 0 0 0 0 0 0 0
P7277 2090 9 0 0 0 0 0 0 0 0 0 0 0 0 0 0 0 0 0 0 0 0 0 0 0 0 0 0 0 0 0 0 -999
P7277 2090 10 11 6 0 0 0 0 0 10 8 15 5 9 4 0 0 0 9 23 20 13 0 0 0 0 0 0 0 0 0 0 7
P7277 2090 11 9 8 4 4 0 0 0 0 0 0 0 0 0 0 0 0 0 7 6 0 0 8 3 0 0 10 19 86 94 244 -999
P7277 2090 12 120 10 97 27 5 0 6 0 27 36 13 11 9 15 9 0 0 0 0 0 9 19 5 28 0 0 0 5 22 20 0
P7277 2091 1 0 0 6 2 0 0 0 0 0 0 0 0 0 0 0 0 0 0 9 5 11 14 30 65 13 126 19 58 9 11 9
P7277 2091 2 23 18 28 83 46 82 34 35 16 7 6 6 23 9 13 11 4 2 2 0 8 52 69 33 26 17 4 0 -999 -999 -999
P7277 2091 3 0 0 0 21 0 0 3 3 3 0 0 0 0 0 0 0 0 0 0 5 5 0 0 6 0 0 0 0 0 0 0
P7277 2091 4 0 8 0 0 0 0 0 0 0 0 0 0 0 0 0 0 0 0 0 0 0 0 0 13 12 0 0 5 5 0 -999
P7277 2091 5 4 0 0 0 17 30 14 4 0 0 0 6 18 41 14 28 13 6 5 0 0 0 0 0 0 0 0 0 0 0 0
P7277 2091 6 0 0 0 0 0 0 0 0 0 0 0 0 0 0 0 0 0 0 0 0 0 0 0 0 0 0 0 0 0 0 -999
P7277 2091 7 0 0 0 0 0 0 0 0 0 0 0 0 0 0 0 0 0 0 0 0 0 0 0 0 0 0 0 0 0 0 0
P7277 2091 8 0 0 0 0 0 0 0 0 0 0 0 0 0 0 0 0 0 0 0 0 0 0 0 0 0 0 0 0 0 0 0
P7277 2091 9 0 0 0 0 0 0 0 0 0 0 0 0 0 0 0 0 0 0 0 0 0 6 0 5 55 25 0 0 0 0 -999
P7277 2091 10 0 0 0 0 0 0 0 0 14 16 0 0 0 0 0 0 0 0 0 0 0 0 21 0 0 0 0 0 18 8 9
P7277 2091 11 10 15 21 20 23 45 74 39 7 18 41 39 41 6 0 0 9 19 7 8 7 4 3 0 4 0 0 21 5 0 -999
P7277 2091 12 0 0 0 7 0 0 0 5 0 0 5 45 120 67 7 21 10 40 40 57 104 32 0 0 12 11 0 0 0 0 0
P7277 2092 1 8 0 0 5 47 54 30 35 8 19 3 88 126 12 16 2 0 0 0 0 0 0 6 3 5 18 5 0 0 0 0
P7277 2092 2 0 0 5 19 70 69 24 14 15 4 0 0 0 0 0 3 0 0 8 5 28 17 5 8 0 0 0 0 -999 -999 -999
P7277 2092 3 3 0 0 0 0 0 0 0 0 0 0 0 0 0 13 15 37 63 12 23 47 4 0 6 0 0 0 0 0 0 0
P7277 2092 4 0 0 0 0 0 0 5 7 13 10 0 0 0 0 0 39 0 0 0 41 12 0 0 0 0 14 0 0 0 0 -999
P7277 2092 5 0 0 0 0 0 0 0 0 0 0 0 0 0 0 0 0 0 0 0 0 0 0 0 0 0 0 0 0 50 0 0
P7277 2092 6 0 0 0 0 0 0 0 0 0 0 0 0 0 0 0 0 0 0 0 0 0 0 0 0 0 0 0 0 0 0 -999
P7277 2092 7 0 0 0 0 0 0 0 0 0 0 0 0 0 0 0 0 0 0 0 0 0 0 0 0 0 0 0 0 0 0 0
P7277 2092 8 0 0 0 0 0 0 0 0 0 0 0 0 0 0 0 0 0 0 0 0 0 0 0 0 0 0 0 0 12 10 0
P7277 2092 9 0 0 0 0 0 0 0 0 0 0 0 0 0 0 0 0 0 0 0 9 10 18 8 0 0 0 0 0 0 0 -999
P7277 2092 10 0 0 6 5 6 0 0 0 0 4 13 0 0 0 2 0 3 6 54 9 0 14 9 0 0 0 23 0 0 0 0
P7277 2092 11 12 0 0 0 9 8 44 28 39 0 14 3 19 6 0 7 17 45 0 0 0 0 0 0 0 0 0 0 0 0 -999
P7277 2092 12 0 0 0 0 6 12 18 15 6 7 0 0 0 0 0 0 0 0 0 0 0 0 0 0 5 38 67 14 6 0 0
P7277 2093 1 0 0 3 6 47 9 17 56 73 19 17 15 17 4 9 3 0 0 0 0 0 0 10 0 0 0 0 3 0 3 8
P7277 2093 2 0 3 9 4 7 32 10 75 139 154 41 7 7 28 45 51 30 52 143 56 0 9 5 0 0 0 0 0 -999 -999 -999
P7277 2093 3 0 6 10 10 6 0 3 21 11 53 59 38 19 8 137 16 6 34 78 128 45 15 49 25 7 4 3 11 33 28 60
P7277 2093 4 7 0 0 0 0 2 0 9 9 8 10 6 0 0 0 0 0 22 13 0 0 0 11 8 0 0 0 0 16 12 -999
P7277 2093 5 0 0 6 8 6 7 5 5 33 63 16 0 0 0 0 0 0 0 0 0 0 0 0 0 0 0 0 0 0 0 0
P7277 2093 6 0 0 0 0 0 0 0 0 0 0 12 20 19 11 6 0 0 0 0 0 0 0 0 0 0 0 0 0 0 0 -999
P7277 2093 7 0 0 0 0 0 0 0 0 0 0 0 0 0 0 0 0 0 0 0 0 0 0 0 0 0 0 0 0 0 0 0
P7277 2093 8 0 0 0 0 0 0 0 0 0 0 0 0 0 0 0 0 0 0 0 0 0 0 0 0 0 0 9 8 5 0 0
P7277 2093 9 0 0 0 0 0 0 0 0 0 0 0 0 0 0 0 0 0 0 0 0 0 0 5 0 0 0 0 0 0 0 -999
P7277 2093 10 0 0 0 0 0 0 0 0 8 7 0 0 0 0 0 0 0 0 0 0 5 19 7 0 0 0 0 0 0 0 0
P7277 2093 11 8 9 13 42 18 9 6 19 27 36 39 40 68 0 0 0 4 13 35 0 0 0 27 68 12 30 11 0 3 5 -999
P7277 2093 12 9 18 63 9 0 4 7 8 7 7 23 9 0 0 0 0 0 0 0 0 0 0 8 0 0 5 7 43 73 12 7
P7277 2094 1 0 0 4 5 34 130 125 28 12 10 0 0 0 0 0 0 2 3 3 1 2 0 0 0 0 0 0 0 0 0 3
P7277 2094 2 0 0 0 9 22 2 10 4 0 0 0 0 0 10 14 7 0 0 3 8 5 0 4 38 8 8 83 53 -999 -999 -999
P7277 2094 3 10 40 18 18 56 166 55 184 70 52 33 17 22 3 2 6 6 0 0 0 0 0 0 0 0 0 0 0 0 0 0
P7277 2094 4 0 0 4 11 8 0 0 0 5 14 4 24 6 7 10 8 6 4 8 0 0 0 4 9 58 15 0 0 0 0 -999
P7277 2094 5 0 0 0 0 0 0 0 0 0 0 0 0 0 0 0 0 0 0 0 0 0 0 0 0 0 0 0 0 0 0 0
P7277 2094 6 0 0 0 0 0 0 9 9 7 0 0 0 8 0 0 0 0 0 0 0 0 0 0 0 0 0 0 0 0 0 -999
P7277 2094 7 0 0 0 0 0 0 0 0 0 0 0 0 0 0 0 0 0 0 0 0 0 0 0 0 0 0 0 0 0 0 0
P7277 2094 8 0 0 0 0 0 0 0 0 0 0 0 0 0 0 0 0 0 0 0 0 0 0 0 0 0 0 0 0 0 0 0
P7277 2094 9 0 0 0 0 0 0 0 0 0 0 0 0 0 0 0 0 0 0 0 12 11 16 11 0 0 0 0 10 20 24 -999
P7277 2094 10 27 55 46 33 13 8 0 0 0 0 0 0 0 0 0 0 0 0 0 10 19 0 0 0 0 0 6 7 7 4 6
P7277 2094 11 6 4 0 0 0 35 37 5 5 3 13 12 54 8 18 7 0 0 10 5 0 0 12 15 9 38 142 78 30 15 -999
P7277 2094 12 11 17 18 23 63 134 49 40 39 43 94 9 6 52 86 17 33 24 16 12 10 12 18 0 12 45 68 25 33 21 37
P7277 2095 1 88 9 61 13 10 10 7 6 8 26 45 40 8 16 20 9 69 40 99 89 94 83 33 69 76 47 115 56 6 29 60
P7277 2095 2 15 5 9 51 12 7 12 4 4 2 0 0 7 29 12 24 8 10 8 0 0 0 6 2 0 0 0 0 -999 -999 -999
P7277 2095 3 0 0 0 0 0 0 5 0 0 5 19 38 9 10 18 20 27 57 36 14 7 10 0 0 7 6 0 0 0 0 0
P7277 2095 4 10 7 7 0 0 42 36 66 14 20 8 5 0 0 0 0 0 0 0 0 0 0 0 0 0 0 0 0 0 0 -999
P7277 2095 5 8 4 0 0 0 0 0 0 0 21 26 0 0 0 0 0 0 0 0 0 0 0 0 0 0 0 0 0 0 0 0
P7277 2095 6 0 0 0 0 0 0 0 0 0 0 0 0 0 0 0 0 0 0 0 0 0 0 0 0 0 0 7 6 0 0 -999
P7277 2095 7 0 0 0 0 0 0 0 0 0 0 0 0 0 0 0 0 0 0 0 0 0 0 0 0 0 0 0 0 0 0 0
P7277 2095 8 0 0 0 0 0 0 0 0 0 0 0 0 0 0 0 0 0 0 0 0 0 0 0 0 0 0 0 0 0 0 0
P7277 2095 9 0 0 0 0 0 0 0 0 0 0 0 0 0 0 0 0 0 0 0 0 0 0 0 0 0 0 10 7 0 0 -999
P7277 2095 10 0 0 0 0 0 0 0 0 0 0 8 0 0 0 0 4 8 0 0 0 0 0 0 0 0 0 0 4 17 9 8
P7277 2095 11 7 12 11 8 5 0 4 74 66 20 128 60 19 17 0 14 0 7 8 11 0 0 0 9 3 8 12 12 9 9 -999
P7277 2095 12 3 0 0 0 0 15 0 0 6 0 0 0 0 0 0 1 0 7 0 0 0 0 0 0 0 0 0 0 0 0 0
P7277 2096 1 0 0 6 28 0 11 9 7 7 15 8 0 0 0 2 0 0 0 0 0 4 0 0 0 0 0 0 3 10 5 0
P7277 2096 2 0 0 0 2 0 0 0 4 6 11 8 5 0 6 7 10 0 0 0 0 0 0 0 12 9 7 6 5 -999 -999 -999
P7277 2096 3 4 24 88 25 8 0 0 0 6 0 0 6 6 6 5 0 0 0 0 0 0 0 0 0 0 0 6 0 5 8 7
P7277 2096 4 0 0 0 0 0 13 27 44 16 9 28 35 35 52 18 6 7 16 35 7 0 0 0 0 0 0 0 20 0 0 -999
P7277 2096 5 0 0 0 0 0 0 0 0 0 0 0 0 0 0 0 0 0 0 0 0 0 0 0 0 0 0 5 0 18 35 55
P7277 2096 6 31 7 28 38 12 0 0 0 5 0 0 5 0 0 0 0 0 0 0 0 7 11 0 0 0 0 0 0 0 0 -999
P7277 2096 7 0 0 0 0 0 0 0 0 0 0 0 0 0 0 0 0 0 0 0 0 0 0 0 0 0 0 0 0 0 0 0
P7277 2096 8 0 0 0 0 0 0 0 0 0 0 0 0 0 0 0 0 0 0 0 0 0 0 0 0 0 0 0 0 0 0 9
P7277 2096 9 6 0 0 0 0 0 0 0 0 0 0 0 0 0 0 0 0 0 0 0 0 0 0 0 0 0 0 0 0 0 -999
P7277 2096 10 0 0 0 0 0 0 0 0 21 26 30 14 6 0 0 16 84 105 87 59 13 9 0 5 5 0 0 5 6 44 13
P7277 2096 11 24 47 46 35 27 11 8 22 113 81 9 8 65 51 162 59 104 33 19 15 12 14 6 0 6 8 6 8 16 10 -999
P7277 2096 12 0 0 0 0 0 3 0 0 0 0 0 0 0 5 4 0 0 0 0 0 0 0 0 18 7 87 58 59 65 59 34
P7277 2097 1 33 10 13 12 8 6 51 60 18 20 11 19 8 17 45 117 12 9 47 22 5 0 2 7 0 8 0 14 17 10 9
P7277 2097 2 17 4 2 0 10 4 2 3 0 7 0 7 0 0 0 0 0 0 0 16 0 0 0 0 0 0 0 0 -999 -999 -999
P7277 2097 3 0 0 0 19 51 10 0 0 0 0 0 0 0 13 0 0 0 31 54 41 20 0 0 8 9 0 0 0 0 0 6
P7277 2097 4 23 0 0 0 0 0 0 0 0 0 0 0 0 0 0 0 13 11 10 9 31 49 28 18 56 54 27 7 4 5 -999
P7277 2097 5 0 14 20 0 23 39 11 0 0 0 0 0 0 0 0 0 0 0 0 0 0 0 0 0 0 0 0 0 0 0 0
P7277 2097 6 0 0 0 0 0 0 0 0 0 0 0 0 0 0 0 0 0 0 0 0 0 0 0 0 0 0 0 0 0 0 -999
P7277 2097 7 0 0 0 0 0 0 0 0 0 0 0 0 0 0 0 0 0 0 0 0 0 0 0 0 0 0 0 0 0 0 0
P7277 2097 8 0 0 0 0 0 0 0 0 0 0 0 0 0 0 0 0 0 0 0 0 0 0 0 0 0 0 0 0 0 0 0
P7277 2097 9 0 0 0 0 0 0 0 0 0 0 0 0 0 0 0 0 0 0 0 0 0 0 0 0 0 0 0 0 0 0 -999
P7277 2097 10 14 11 8 16 15 0 0 0 0 0 0 0 0 0 0 0 12 31 88 83 34 12 24 9 0 0 0 0 9 29 19
P7277 2097 11 11 14 5 23 3 0 0 0 9 25 31 19 94 27 55 6 0 0 7 22 48 64 21 7 0 0 0 0 0 0 -999
P7277 2097 12 0 0 29 64 42 22 27 6 0 0 0 0 0 18 155 35 7 6 5 5 12 10 7 6 3 3 34 7 0 0 0
P7277 2098 1 0 10 6 4 11 13 6 12 4 5 0 0 0 3 0 0 0 0 2 0 6 4 5 0 0 0 0 5 0 0 7
P7277 2098 2 9 31 126 9 95 10 79 52 46 17 13 17 22 5 9 10 6 0 5 20 6 0 0 9 12 14 0 0 -999 -999 -999
P7277 2098 3 0 5 0 0 0 0 0 0 0 0 0 0 0 0 0 0 0 13 44 16 12 3 0 0 0 0 0 0 0 0 0
P7277 2098 4 0 0 0 0 0 0 0 5 7 6 7 8 0 0 0 0 0 0 0 35 24 0 0 0 0 16 39 0 0 0 -999
P7277 2098 5 0 0 0 0 0 0 0 0 0 0 0 0 0 0 0 0 9 13 0 0 0 0 0 0 0 0 0 0 0 0 0
P7277 2098 6 0 0 0 0 0 0 0 0 0 0 0 0 6 17 10 6 0 0 0 0 7 6 11 8 0 0 0 0 0 0 -999
P7277 2098 7 0 0 0 0 0 0 0 0 0 0 0 0 0 0 0 0 0 0 0 0 0 0 0 0 0 0 0 0 0 0 0
P7277 2098 8 0 0 0 0 0 0 0 0 0 0 0 0 0 0 0 0 0 0 0 0 0 0 0 0 0 0 0 0 0 0 0
P7277 2098 9 0 0 0 0 0 0 0 0 0 0 0 0 0 0 0 0 13 19 32 52 0 0 0 0 14 12 20 0 0 0 -999
P7277 2098 10 0 0 0 14 6 0 0 0 0 0 0 0 0 0 14 0 16 12 4 21 29 30 13 2 0 0 0 16 8 61 35
P7277 2098 11 87 38 8 12 11 26 7 10 10 109 18 10 12 0 0 59 55 24 8 10 11 54 50 23 11 0 14 7 34 20 -999
P7277 2098 12 8 29 13 88 67 18 7 15 27 0 0 0 0 0 0 0 0 7 6 6 9 15 36 21 9 5 0 4 0 0 0
P7277 2099 1 0 0 4 0 0 0 0 0 0 0 2 0 0 0 0 0 2 0 0 0 0 0 0 0 0 0 0 4 3 0 0
P7277 2099 2 7 25 39 6 5 0 0 0 0 0 0 0 0 0 0 0 0 10 13 7 9 5 0 3 11 0 33 13 -999 -999 -999
P7277 2099 3 11 8 10 7 28 44 41 68 62 183 66 27 0 0 0 0 0 0 0 0 7 0 6 3 2 0 0 0 11 7 9
P7277 2099 4 6 9 4 3 8 2 0 0 0 0 0 3 12 38 12 6 0 0 0 0 0 9 6 6 9 0 0 0 0 0 -999
P7277 2099 5 0 0 0 7 11 0 8 0 0 0 0 0 0 11 0 0 0 0 0 8 0 0 0 0 0 0 0 0 0 0 0
P7277 2099 6 0 0 0 0 0 0 0 0 0 0 0 0 0 0 0 0 0 14 15 10 9 0 0 0 0 0 0 0 0 0 -999
P7277 2099 7 0 0 0 0 0 0 0 0 0 0 0 0 0 0 0 0 0 0 0 0 0 0 0 0 0 0 0 0 0 0 0
P7277 2099 8 0 0 0 0 0 0 0 0 0 0 0 0 0 0 0 0 0 0 0 0 0 0 0 0 0 0 0 0 75 7 0
P7277 2099 9 0 0 0 0 0 0 0 0 0 10 11 18 0 0 0 0 0 0 0 0 0 0 0 0 0 0 0 0 0 0 -999
P7277 2099 10 0 0 0 0 0 0 0 0 0 0 18 0 0 18 92 0 0 0 0 0 0 0 0 0 0 0 0 0 0 37 71
P7277 2099 11 19 12 8 0 9 10 10 7 12 26 45 93 38 6 46 31 64 129 85 96 52 7 0 0 0 0 0 0 0 21 -999
P7277 2099 12 11 5 9 10 13 7 0 7 7 0 0 9 19 3 0 0 7 3 8 11 28 81 39 7 8 9 20 44 18 31 86
P7277 2100 1 7 0 0 0 4 0 0 0 0 0 0 23 9 8 0 41 6 0 0 0 0 6 7 0 0 0 0 0 0 0 0
P7277 2100 2 0 0 18 0 0 7 0 0 0 0 0 0 0 2 0 0 0 0 7 6 0 0 0 0 0 0 0 0 -999 -999 -999
P7277 2100 3 0 0 0 0 10 19 8 12 4 30 0 0 11 18 0 0 0 0 27 0 0 0 0 0 0 0 0 14 0 0 27
P7277 2100 4 6 0 3 0 0 0 0 0 14 0 6 0 5 0 0 0 22 0 0 0 0 8 8 0 0 0 0 0 0 48 -999
P7277 2100 5 0 0 0 0 24 0 4 0 0 0 8 0 9 0 0 6 9 0 0 0 0 0 11 24 10 6 0 0 0 0 0
P7277 2100 6 0 7 0 0 8 0 0 0 0 0 0 0 0 0 0 0 0 0 0 0 0 0 7 0 0 0 27 0 8 0 -999
P7277 2100 7 10 0 0 0 0 0 0 0 0 0 0 0 0 0 0 0 0 0 25 27 10 8 0 0 0 0 0 0 0 0 0
P7277 2100 8 7 0 0 0 0 0 0 0 0 0 0 0 0 0 0 0 0 0 0 0 0 0 0 0 0 0 0 0 0 0 0
P7277 2100 9 0 0 7 0 6 13 0 0 0 0 0 0 0 0 0 0 0 8 0 13 0 0 0 0 0 0 0 0 6 0 -999
P7277 2100 10 13 0 5 7 9 15 0 9 9 9 6 9 0 0 7 9 0 14 28 0 10 0 16 21 11 0 0 43 46 24 14
P7277 2100 11 9 9 0 0 7 10 5 0 0 16 41 44 25 8 12 0 0 0 0 0 0 0 0 0 0 8 0 0 6 0 -999
P7277 2100 12 0 0 0 0 0 0 0 0 0 6 0 0 0 6 0 34 0 0 31 4 14 8 0 5 0 13 36 23 8 0 -999
