precip bcc-csm1-1 rcp60 RNEURONALES decimas 2
P9196 40.225 -3.577 561 geo 2006 2100 -1
P9196 2006 1 0 0 1 1 2 2 1 2 4 30 33 60 31 6 2 1 0 2 1 1 2 3 3 2 7 2 3 4 1 1 0
P9196 2006 2 1 1 2 10 29 47 32 14 21 49 48 63 74 39 6 15 6 2 3 0 26 7 30 21 13 3 0 15 -999 -999 -999
P9196 2006 3 0 9 12 3 2 12 5 0 21 35 9 3 4 10 4 1 25 0 0 0 0 0 0 0 0 0 2 4 6 6 8
P9196 2006 4 5 55 4 0 31 30 11 25 27 27 14 11 18 6 8 0 2 14 14 3 0 22 26 4 0 47 8 0 0 0 -999
P9196 2006 5 0 2 0 8 31 17 5 7 17 41 9 4 7 5 10 39 7 6 9 4 4 4 4 3 0 28 44 42 38 31 8
P9196 2006 6 22 6 37 32 52 39 30 2 0 0 0 0 0 0 0 0 0 0 0 0 0 0 0 0 0 0 0 0 0 0 -999
P9196 2006 7 0 0 0 0 0 30 0 0 0 0 0 0 0 0 0 0 0 0 0 0 0 0 0 0 0 0 0 0 0 0 0
P9196 2006 8 0 0 0 0 0 0 0 0 0 0 0 0 0 0 0 0 0 0 0 0 0 0 0 0 0 0 0 0 0 0 0
P9196 2006 9 0 0 0 0 0 0 0 0 0 3 5 3 0 41 45 44 7 5 6 0 0 0 0 0 0 13 0 0 0 0 -999
P9196 2006 10 27 4 14 23 12 0 0 0 0 0 0 0 0 0 0 0 0 0 0 0 0 0 0 0 0 0 9 10 4 0 0
P9196 2006 11 0 0 0 0 21 12 22 6 2 0 2 0 0 0 4 2 0 0 7 0 0 0 0 0 0 0 2 1 0 0 -999
P9196 2006 12 0 0 11 0 5 3 0 0 0 0 0 2 0 0 0 0 0 0 0 0 3 33 63 11 55 41 83 78 7 3 1
P9196 2007 1 0 0 0 0 0 0 0 0 0 2 4 18 2 0 0 0 2 4 4 6 5 1 5 9 12 18 56 28 29 21 6
P9196 2007 2 2 0 7 13 35 73 72 69 3 2 1 18 39 48 13 0 0 0 33 5 0 0 4 2 7 13 0 0 -999 -999 -999
P9196 2007 3 22 9 0 0 0 0 0 0 0 0 0 13 18 23 15 5 8 4 0 0 1 29 31 9 5 4 8 25 16 0 0
P9196 2007 4 0 15 15 12 16 19 22 2 0 0 0 0 0 5 12 44 1 16 25 2 9 51 68 60 27 35 6 1 10 2 -999
P9196 2007 5 2 3 3 28 9 3 4 19 2 2 9 31 27 5 20 6 4 3 1 2 1 1 0 0 0 0 0 0 0 9 18
P9196 2007 6 0 0 0 0 0 0 0 16 2 0 0 0 0 0 0 0 0 0 0 0 0 0 0 0 0 0 0 0 0 0 -999
P9196 2007 7 0 0 0 0 0 0 0 0 0 0 0 0 0 0 0 0 0 0 0 0 0 0 0 0 0 0 0 0 0 0 0
P9196 2007 8 0 0 0 0 0 0 0 0 0 0 0 0 0 0 0 0 0 0 0 0 0 0 0 27 14 0 7 3 4 0 0
P9196 2007 9 0 0 0 0 0 0 0 0 0 0 0 0 0 0 0 0 0 0 0 0 0 0 0 0 0 0 0 0 0 0 -999
P9196 2007 10 0 36 15 0 0 0 8 5 2 28 9 7 44 54 36 4 35 47 21 2 3 2 0 4 5 47 76 38 8 43 18
P9196 2007 11 0 0 0 0 0 0 0 3 3 16 5 1 3 2 3 1 0 2 3 43 11 49 76 74 71 11 7 7 35 3 -999
P9196 2007 12 2 2 1 1 0 0 0 10 38 24 13 7 6 6 0 38 60 53 45 61 48 8 21 2 3 2 3 6 11 7 0
P9196 2008 1 40 58 61 29 24 55 45 2 0 2 3 16 5 1 1 26 45 49 24 0 0 0 0 0 0 0 0 2 0 0 0
P9196 2008 2 1 1 0 0 0 0 0 0 0 0 0 0 0 1 1 0 0 0 4 31 8 19 7 17 1 0 0 0 -999 -999 -999
P9196 2008 3 0 5 3 0 0 0 2 2 0 0 1 0 9 15 10 3 7 6 2 7 3 2 16 8 8 43 3 0 5 29 4
P9196 2008 4 8 3 11 3 11 79 76 37 18 19 22 34 37 7 2 0 0 19 21 2 0 0 2 1 2 9 3 0 31 19 -999
P9196 2008 5 0 0 8 11 35 32 15 1 10 11 33 5 6 0 0 16 13 3 5 23 0 0 0 0 0 0 0 0 0 0 0
P9196 2008 6 11 0 0 0 3 0 0 0 0 0 0 0 0 0 0 0 0 0 0 0 0 0 0 12 0 0 7 17 26 0 -999
P9196 2008 7 0 12 0 31 57 8 40 4 0 6 5 0 0 0 0 0 3 0 0 0 0 0 0 0 0 0 0 0 0 0 0
P9196 2008 8 0 0 0 0 0 0 0 0 0 0 0 0 0 0 0 0 0 0 0 0 0 0 0 0 0 0 0 0 0 0 0
P9196 2008 9 0 0 0 0 0 0 0 0 0 0 0 0 0 0 0 0 0 0 0 0 0 0 0 0 0 0 0 4 0 0 -999
P9196 2008 10 4 7 13 4 6 6 0 0 0 34 40 8 23 38 56 19 17 2 3 18 16 44 25 11 1 7 0 3 4 1 3
P9196 2008 11 2 3 0 3 2 13 9 7 11 2 1 3 1 5 57 75 74 26 75 3 0 45 4 7 2 2 3 2 0 6 -999
P9196 2008 12 44 43 3 11 0 3 14 30 5 0 0 3 15 33 11 10 1 0 0 2 6 3 4 3 2 2 2 1 0 0 0
P9196 2009 1 1 0 0 1 3 6 3 5 2 6 52 4 15 6 4 4 1 16 7 11 14 17 33 23 11 4 1 2 6 36 2
P9196 2009 2 3 3 0 0 7 27 8 5 14 6 28 25 4 0 0 0 52 43 27 49 48 33 59 59 64 64 79 39 -999 -999 -999
P9196 2009 3 26 33 72 45 14 33 18 1 1 3 2 1 0 0 0 0 2 7 15 5 2 0 0 0 6 40 16 3 2 1 1
P9196 2009 4 0 0 0 0 0 0 10 3 2 0 8 5 10 8 1 1 0 0 0 21 2 1 0 3 0 0 7 0 0 0 -999
P9196 2009 5 0 0 0 0 0 0 0 0 0 0 0 0 0 0 0 0 0 0 0 0 0 0 0 0 0 0 0 0 0 0 0
P9196 2009 6 0 0 0 25 16 0 0 17 18 22 39 27 10 7 6 3 6 21 5 15 4 0 0 0 0 0 0 0 0 0 -999
P9196 2009 7 0 0 0 0 0 0 0 0 0 0 0 0 0 0 0 0 0 0 0 0 0 0 0 0 0 0 0 0 0 0 0
P9196 2009 8 0 0 0 0 0 0 0 0 0 0 0 0 0 0 0 0 0 0 0 0 0 0 0 0 0 0 0 0 0 0 0
P9196 2009 9 0 0 0 0 0 0 0 0 0 0 0 0 0 0 0 0 12 0 0 0 0 0 17 0 0 0 0 0 0 0 -999
P9196 2009 10 0 40 74 28 30 20 11 5 3 0 0 0 0 0 0 0 0 0 0 0 3 1 1 4 6 0 0 0 0 0 0
P9196 2009 11 0 10 13 0 0 0 0 11 15 19 42 17 3 0 2 1 0 0 0 0 0 2 2 2 0 0 0 0 0 1 -999
P9196 2009 12 0 1 3 2 2 3 12 4 0 13 20 6 2 0 13 26 27 5 3 0 0 0 2 5 17 51 34 49 23 14 31
P9196 2010 1 2 3 2 2 2 0 7 6 0 0 5 0 0 0 13 5 14 22 22 4 3 0 0 0 0 3 0 0 0 0 0
P9196 2010 2 0 0 0 1 1 1 0 0 0 5 3 5 5 1 0 2 3 0 1 0 8 4 0 0 0 0 0 2 -999 -999 -999
P9196 2010 3 1 0 0 0 1 3 14 34 54 25 5 0 0 0 0 0 0 0 6 16 48 6 30 5 4 2 3 1 0 0 0
P9196 2010 4 15 40 41 4 16 23 67 20 4 1 0 49 22 3 0 0 0 0 0 0 0 0 0 6 1 0 0 0 0 0 -999
P9196 2010 5 0 0 0 0 0 0 0 0 0 0 0 0 0 0 0 0 0 5 0 5 0 0 0 0 0 0 0 0 0 24 33
P9196 2010 6 38 0 0 0 0 0 0 0 0 0 0 0 0 45 34 7 3 0 0 0 0 0 0 0 0 0 0 0 0 0 -999
P9196 2010 7 0 0 0 0 0 0 0 0 0 0 0 0 0 0 0 0 0 0 0 0 0 0 0 0 0 0 0 0 0 0 0
P9196 2010 8 0 0 0 0 0 0 0 0 0 0 0 0 0 0 0 0 0 0 0 0 0 0 0 0 0 0 0 0 0 0 0
P9196 2010 9 0 0 0 0 0 0 0 0 0 0 0 0 0 0 0 0 0 0 0 0 0 0 0 0 0 69 0 0 0 0 -999
P9196 2010 10 0 0 0 0 0 0 0 0 0 0 0 0 0 0 0 0 0 0 0 0 0 0 22 0 0 18 25 0 0 0 0
P9196 2010 11 0 0 0 0 0 0 0 0 4 5 30 68 71 19 51 16 23 1 5 12 3 3 3 1 0 2 1 0 0 0 -999
P9196 2010 12 0 0 0 0 0 0 0 0 3 0 0 3 3 2 0 3 3 14 6 7 2 0 0 5 2 1 2 2 1 1 1
P9196 2011 1 0 0 0 0 1 1 0 0 0 0 2 5 0 0 0 0 0 23 23 12 8 0 0 0 0 1 1 2 1 5 4
P9196 2011 2 0 1 1 0 0 0 0 0 0 2 2 0 0 0 1 2 4 12 13 9 8 4 2 14 18 11 9 21 -999 -999 -999
P9196 2011 3 9 4 3 10 7 11 54 28 12 5 0 2 0 0 22 23 0 9 3 3 1 1 3 13 3 1 12 10 15 3 6
P9196 2011 4 26 2 8 10 7 3 0 0 0 30 23 6 3 0 0 0 0 0 0 0 0 0 2 3 4 8 2 0 0 0 -999
P9196 2011 5 0 0 0 0 0 0 0 0 0 0 5 0 0 0 0 0 0 0 0 0 0 0 0 0 0 0 15 0 0 0 0
P9196 2011 6 19 0 0 0 0 0 0 0 0 0 0 0 0 0 0 0 0 0 0 0 0 0 11 8 28 18 0 0 0 0 -999
P9196 2011 7 6 5 0 0 0 0 0 0 0 0 0 0 0 0 0 0 0 0 0 0 0 0 0 0 0 0 0 0 0 0 0
P9196 2011 8 0 0 0 0 0 0 0 0 0 0 0 0 0 0 0 0 0 0 0 0 0 0 0 0 0 0 0 0 0 0 0
P9196 2011 9 0 0 0 0 0 0 0 0 0 0 8 0 0 4 0 0 0 5 0 0 0 0 0 0 0 0 0 0 0 0 -999
P9196 2011 10 0 0 0 0 0 3 5 5 2 2 1 0 2 0 0 0 0 0 12 11 2 24 10 4 3 0 0 2 18 53 40
P9196 2011 11 28 49 71 12 1 11 7 29 0 0 0 40 5 8 11 0 0 0 0 0 12 25 60 5 0 12 45 35 27 4 -999
P9196 2011 12 25 4 2 0 0 0 1 1 2 0 2 0 3 3 39 19 25 18 2 2 2 2 2 2 6 47 57 53 22 11 10
P9196 2012 1 13 16 59 34 54 9 3 2 1 1 2 11 6 11 5 9 5 56 27 15 5 13 3 6 0 2 3 1 0 0 1
P9196 2012 2 1 2 1 4 0 0 0 0 0 3 12 31 20 5 15 5 66 5 26 0 2 1 2 11 15 0 11 1 -999 -999 -999
P9196 2012 3 3 0 0 0 0 0 0 0 0 0 0 0 3 4 2 1 0 1 8 10 0 0 2 1 1 1 9 1 1 0 1
P9196 2012 4 0 2 3 0 0 0 0 0 0 0 0 0 0 0 0 0 0 0 0 0 0 0 0 0 0 0 0 0 0 0 -999
P9196 2012 5 0 0 0 0 0 0 0 0 12 42 62 0 61 42 31 4 0 0 0 0 0 22 0 7 12 18 21 17 48 24 2
P9196 2012 6 0 0 0 7 3 3 0 0 0 0 0 0 0 0 0 0 0 0 0 0 0 0 0 0 0 0 0 0 0 0 -999
P9196 2012 7 0 0 0 0 0 0 0 0 0 0 0 0 0 0 0 0 0 0 0 0 0 0 0 0 0 0 0 0 0 0 0
P9196 2012 8 0 0 0 0 0 0 0 0 0 0 0 0 0 5 0 0 0 0 0 0 0 0 0 0 0 0 5 0 0 0 0
P9196 2012 9 0 0 0 0 0 0 0 0 0 0 0 0 0 0 0 0 0 0 0 0 0 0 0 0 0 0 0 0 0 0 -999
P9196 2012 10 0 0 0 0 0 0 0 0 0 53 16 0 0 0 0 0 0 0 0 0 47 44 45 4 6 28 0 3 3 77 49
P9196 2012 11 7 0 0 14 9 25 10 2 0 3 3 0 59 6 0 0 0 0 0 0 0 0 0 0 0 0 1 0 0 3 -999
P9196 2012 12 31 3 1 2 7 2 1 1 0 0 0 0 2 0 0 2 3 6 3 11 0 5 3 9 1 1 0 0 0 0 0
P9196 2013 1 0 0 0 0 0 2 1 0 0 0 1 2 5 1 1 1 0 1 1 2 6 4 19 13 8 2 1 0 0 3 2
P9196 2013 2 1 2 5 12 2 22 15 7 8 1 2 3 2 4 3 4 31 3 7 3 0 15 44 17 29 30 16 6 -999 -999 -999
P9196 2013 3 5 2 1 0 0 0 0 0 0 0 0 7 10 60 45 23 19 24 0 0 0 0 0 0 0 0 0 0 0 0 0
P9196 2013 4 0 21 28 29 25 29 10 5 11 8 0 0 0 0 36 35 23 17 24 23 22 46 19 0 0 0 0 0 0 0 -999
P9196 2013 5 0 0 0 0 0 0 0 0 0 17 8 6 3 0 0 22 14 34 35 32 12 14 7 8 3 0 0 0 0 0 0
P9196 2013 6 0 0 0 0 0 0 0 0 0 0 0 0 0 0 0 0 0 0 0 10 0 0 0 0 0 0 0 0 0 0 -999
P9196 2013 7 0 0 0 0 0 0 0 0 0 0 0 0 0 0 0 0 0 0 0 0 0 0 0 0 0 0 0 0 0 0 0
P9196 2013 8 0 0 0 0 0 0 0 0 0 0 0 0 0 0 0 0 0 0 0 0 0 0 0 0 0 0 0 0 0 0 0
P9196 2013 9 0 0 0 0 0 0 0 0 0 0 0 0 0 0 0 0 0 0 0 0 0 0 0 0 0 0 0 0 0 0 -999
P9196 2013 10 0 0 0 0 0 0 29 3 36 39 73 16 29 49 23 68 6 18 2 5 2 3 57 9 0 0 0 0 0 0 0
P9196 2013 11 6 0 3 2 0 0 0 0 0 0 0 0 5 3 27 7 18 8 0 0 0 0 0 7 9 13 21 28 11 0 -999
P9196 2013 12 0 24 35 29 13 3 3 1 0 0 3 1 0 0 0 26 46 28 3 0 1 1 5 0 0 0 1 2 2 3 12
P9196 2014 1 36 69 14 2 7 2 7 5 23 15 10 6 17 7 3 0 0 3 2 6 8 2 7 13 52 54 8 27 47 82 21
P9196 2014 2 34 21 10 20 23 11 8 9 10 10 0 0 0 0 0 0 0 0 7 6 5 3 0 0 0 0 0 0 -999 -999 -999
P9196 2014 3 0 0 0 0 0 0 0 0 0 0 2 2 0 4 14 4 2 0 0 2 15 35 7 6 7 7 4 0 0 0 13
P9196 2014 4 11 2 5 2 0 0 2 5 19 64 34 1 1 0 0 0 0 0 0 0 0 0 0 0 0 0 0 7 18 27 -999
P9196 2014 5 6 18 2 0 0 6 3 15 2 0 4 12 14 3 7 3 12 32 2 0 0 0 0 0 0 0 0 0 6 11 54
P9196 2014 6 39 8 2 7 5 0 0 0 0 0 0 0 0 0 0 0 0 0 0 0 0 0 0 0 0 0 0 0 0 0 -999
P9196 2014 7 0 0 0 0 0 0 0 0 0 0 0 0 0 0 0 0 0 0 0 0 0 0 0 0 0 0 0 0 20 0 0
P9196 2014 8 0 0 0 0 0 0 0 0 0 0 0 0 0 0 0 0 0 0 0 0 0 0 0 0 0 0 0 0 0 0 0
P9196 2014 9 0 0 0 0 0 0 0 0 0 0 0 0 0 0 0 0 0 0 0 0 0 0 0 0 0 0 0 0 0 0 -999
P9196 2014 10 0 0 0 0 0 0 0 0 0 0 0 0 0 0 0 0 0 0 0 0 4 6 23 0 0 30 5 0 0 0 2
P9196 2014 11 0 24 5 0 0 34 4 5 3 0 4 15 7 0 0 0 0 28 22 70 39 1 0 0 7 19 15 6 6 26 -999
P9196 2014 12 1 1 0 0 0 0 0 0 0 4 3 3 4 2 15 13 64 55 2 34 48 36 44 58 9 14 10 1 0 0 0
P9196 2015 1 0 0 0 0 0 0 0 0 0 0 0 0 0 0 1 1 0 1 2 2 0 3 2 2 24 36 3 4 1 22 1
P9196 2015 2 2 8 1 2 1 0 0 1 18 4 6 9 23 30 37 47 63 79 59 16 15 27 16 2 1 0 3 10 -999 -999 -999
P9196 2015 3 0 0 0 0 0 12 0 0 0 0 0 13 21 11 11 16 18 32 54 26 23 34 14 0 0 0 0 0 0 0 6
P9196 2015 4 4 7 0 0 0 0 0 0 3 26 30 19 23 20 34 38 2 2 33 29 12 24 5 56 51 0 0 0 0 0 -999
P9196 2015 5 27 2 1 5 11 10 8 21 8 0 0 0 0 0 0 0 0 0 0 0 0 0 0 0 0 0 0 0 0 0 0
P9196 2015 6 0 0 0 0 17 23 0 0 0 0 0 0 0 0 0 0 0 0 0 0 0 0 0 0 0 0 0 0 0 0 -999
P9196 2015 7 0 0 0 0 0 0 0 23 0 0 0 0 0 0 0 0 0 0 0 0 0 0 0 0 0 0 0 0 0 0 0
P9196 2015 8 0 0 0 0 0 0 0 0 0 0 0 0 0 0 0 0 0 0 0 0 0 0 0 0 0 0 0 0 0 0 0
P9196 2015 9 0 0 0 0 0 0 0 0 0 0 0 0 0 0 0 5 27 80 36 4 0 8 4 0 15 8 0 0 0 2 -999
P9196 2015 10 5 2 0 0 0 0 0 0 14 23 30 45 0 0 0 7 18 51 52 5 3 7 5 0 3 2 1 1 3 2 2
P9196 2015 11 2 0 0 0 3 0 0 0 0 0 0 2 1 6 0 2 2 0 0 0 0 0 2 0 0 0 0 0 4 2 -999
P9196 2015 12 0 0 0 0 0 0 0 0 0 0 1 6 7 14 6 1 1 0 7 8 9 39 4 3 33 6 15 49 13 33 4
P9196 2016 1 3 2 5 3 7 14 13 7 5 2 40 36 27 34 33 30 1 0 1 33 2 0 0 1 0 0 0 0 0 0 6
P9196 2016 2 5 5 3 0 5 10 1 1 3 2 2 3 6 1 1 0 0 0 0 0 0 1 0 1 2 0 0 0 -999 -999 -999
P9196 2016 3 1 1 0 0 2 0 0 7 3 0 0 0 0 0 0 0 2 9 2 0 0 0 0 0 0 0 0 0 0 17 7
P9196 2016 4 1 0 7 71 61 8 5 6 27 3 4 27 54 4 0 0 57 60 19 8 9 5 62 6 23 0 17 16 3 45 -999
P9196 2016 5 25 12 4 5 4 3 4 0 0 0 0 0 0 0 0 0 0 0 0 0 0 0 0 8 4 0 0 0 0 0 0
P9196 2016 6 0 0 0 0 3 0 0 0 0 0 0 0 0 0 0 0 0 0 0 0 0 0 0 0 0 23 10 4 0 0 -999
P9196 2016 7 0 0 0 0 0 0 0 0 0 0 0 0 0 0 0 0 0 0 0 0 0 0 0 0 0 0 0 0 0 0 0
P9196 2016 8 0 0 0 0 0 0 0 0 0 0 0 0 0 0 0 0 0 0 0 0 0 0 0 0 0 0 0 0 0 0 0
P9196 2016 9 0 0 0 0 0 0 0 0 0 0 0 0 0 0 0 0 0 0 0 0 0 0 0 0 0 0 0 9 0 0 -999
P9196 2016 10 0 0 0 0 0 0 10 13 17 12 0 0 0 0 3 24 5 7 10 22 17 3 10 65 76 60 32 78 12 3 3
P9196 2016 11 2 0 0 58 59 9 43 10 12 8 48 71 79 47 3 44 4 6 0 9 3 5 18 71 80 32 15 7 4 2 -999
P9196 2016 12 0 0 1 2 2 0 0 0 1 0 0 0 1 1 0 0 0 0 0 0 1 0 0 0 0 0 2 3 6 24 0
P9196 2017 1 0 0 38 3 6 1 4 6 2 22 2 3 1 1 1 1 0 0 0 0 12 2 0 1 6 8 25 47 2 0 0
P9196 2017 2 2 3 2 5 11 0 0 9 4 16 0 0 0 29 42 10 5 9 36 65 46 14 6 2 7 5 9 10 -999 -999 -999
P9196 2017 3 8 10 9 19 27 21 7 11 16 12 11 14 11 8 8 9 14 18 37 12 11 69 10 4 14 14 11 23 63 40 59
P9196 2017 4 30 24 22 5 3 3 57 41 6 32 60 41 8 6 37 2 2 4 2 8 32 21 3 3 5 28 5 1 7 2 -999
P9196 2017 5 6 10 2 5 2 9 47 4 3 5 1 0 0 28 5 0 0 0 0 0 4 13 49 21 7 4 2 0 0 0 0
P9196 2017 6 0 0 0 0 0 7 0 20 5 0 0 0 0 0 31 0 0 0 0 0 0 0 0 0 0 0 0 0 0 0 -999
P9196 2017 7 0 0 0 0 0 0 0 0 0 0 0 0 0 0 0 0 0 0 0 0 0 0 4 0 0 0 0 0 0 0 0
P9196 2017 8 0 0 0 0 0 0 0 0 0 0 0 0 0 0 0 0 0 0 0 0 0 0 0 0 0 0 0 0 0 0 0
P9196 2017 9 0 0 0 0 0 44 46 37 0 0 0 0 0 0 0 0 0 0 0 0 0 0 0 0 0 2 1 10 32 44 -999
P9196 2017 10 10 23 4 0 0 0 5 11 5 0 0 0 0 0 0 0 0 0 3 0 2 0 46 16 17 16 6 0 0 0 0
P9196 2017 11 7 6 0 0 8 2 2 4 18 35 31 6 8 0 3 0 5 3 1 1 1 3 2 28 37 4 0 0 0 0 -999
P9196 2017 12 0 1 1 0 0 0 0 1 0 0 2 4 16 11 2 13 13 2 4 6 43 55 3 3 2 3 4 22 58 40 37
P9196 2018 1 1 0 0 0 0 0 0 0 0 0 0 1 1 2 2 1 3 0 0 0 0 0 4 11 36 22 16 0 0 14 13
P9196 2018 2 8 9 25 28 47 50 17 51 3 0 7 32 59 16 1 0 0 0 0 0 0 0 11 8 3 0 4 7 -999 -999 -999
P9196 2018 3 6 0 0 0 0 21 16 0 0 0 32 56 15 2 0 0 0 0 2 24 27 13 8 34 6 38 17 18 6 49 3
P9196 2018 4 16 17 16 22 9 9 0 0 0 9 5 53 53 18 10 41 7 6 2 0 0 0 0 0 26 23 19 50 70 44 -999
P9196 2018 5 29 26 39 46 2 0 0 0 0 0 0 0 0 0 0 25 33 36 28 26 16 0 0 0 0 0 0 20 3 0 0
P9196 2018 6 0 0 0 0 0 29 4 3 0 0 0 0 0 0 0 0 0 0 0 0 0 0 0 0 0 0 0 0 0 0 -999
P9196 2018 7 0 0 0 0 0 0 0 0 0 0 0 0 0 0 0 0 0 0 0 0 0 0 0 0 0 0 0 0 0 0 0
P9196 2018 8 0 0 0 0 0 0 0 0 0 0 0 0 0 0 0 0 0 0 0 0 0 0 0 0 0 0 0 0 0 0 0
P9196 2018 9 0 0 0 0 0 0 0 0 0 0 0 0 0 0 0 0 0 0 0 0 9 50 25 0 0 0 0 0 0 0 -999
P9196 2018 10 0 0 0 0 8 0 0 0 0 0 0 0 0 0 0 0 0 0 0 29 28 0 0 0 41 0 14 4 0 7 32
P9196 2018 11 8 0 14 7 8 0 0 0 14 17 10 0 0 0 0 0 11 0 3 0 0 58 17 24 25 50 56 27 5 2 -999
P9196 2018 12 2 2 2 0 0 0 0 2 0 2 2 0 0 2 0 0 0 0 0 0 1 2 4 16 16 48 8 2 1 2 0
P9196 2019 1 0 0 1 10 5 42 33 19 13 3 5 2 25 6 22 4 0 0 0 2 0 0 0 2 2 1 0 0 0 0 9
P9196 2019 2 2 3 10 4 1 1 4 3 2 4 6 8 3 4 32 23 5 1 0 0 0 0 0 36 26 10 26 39 -999 -999 -999
P9196 2019 3 46 39 36 54 28 35 6 10 40 53 25 26 8 2 0 0 0 0 0 0 0 2 6 0 0 0 31 22 17 23 5
P9196 2019 4 0 0 0 0 0 0 0 0 0 0 0 3 1 0 0 0 0 0 0 0 0 0 2 0 2 6 21 49 2 4 -999
P9196 2019 5 5 7 3 0 0 0 0 0 41 7 0 9 41 4 0 4 0 0 0 0 0 0 0 0 0 0 0 1 0 0 18
P9196 2019 6 0 0 0 0 0 0 0 0 0 0 0 0 0 0 0 0 0 0 0 0 0 0 0 0 0 29 15 0 0 0 -999
P9196 2019 7 0 5 21 4 0 0 0 0 0 0 0 0 0 0 0 0 0 0 0 0 0 0 0 0 0 0 0 0 0 0 0
P9196 2019 8 0 0 0 0 0 0 0 0 0 0 0 0 0 0 0 0 0 0 0 0 0 0 0 0 0 0 0 0 0 0 34
P9196 2019 9 32 0 0 0 0 0 0 0 0 0 0 28 23 0 0 0 0 7 3 0 0 0 0 0 0 0 0 0 0 0 -999
P9196 2019 10 0 0 26 28 24 25 16 0 32 32 0 0 0 0 10 0 0 0 0 0 0 0 0 9 3 3 0 2 2 0 0
P9196 2019 11 3 26 0 9 40 35 20 3 0 2 2 2 3 16 22 3 0 0 0 0 0 0 0 2 2 13 4 10 16 20 -999
P9196 2019 12 3 7 0 0 7 0 0 0 0 0 0 0 3 2 32 5 11 21 29 11 18 34 26 43 58 8 4 1 2 2 0
P9196 2020 1 1 9 47 61 33 63 49 5 2 0 17 7 2 0 0 0 0 0 0 0 1 1 6 0 0 0 0 1 1 4 6
P9196 2020 2 5 8 11 27 2 4 8 1 1 0 0 0 0 15 31 44 15 0 8 13 10 14 28 26 8 0 0 0 -999 -999 -999
P9196 2020 3 0 0 0 0 0 0 0 0 0 0 4 5 13 11 16 22 19 16 0 2 2 7 53 58 51 8 23 0 7 3 8
P9196 2020 4 4 0 6 0 0 0 0 0 30 11 7 8 15 4 0 0 0 0 0 0 24 47 48 48 31 11 0 0 17 16 -999
P9196 2020 5 0 0 0 27 11 2 0 0 0 0 0 5 0 0 0 0 0 0 0 0 17 16 18 26 6 18 71 66 24 15 4
P9196 2020 6 1 0 0 0 0 11 35 23 5 1 0 0 0 0 0 0 0 0 0 0 0 0 0 0 0 0 0 0 0 0 -999
P9196 2020 7 0 0 0 0 0 0 0 0 0 0 0 0 0 0 0 0 0 0 0 0 0 0 0 0 0 0 0 0 0 0 0
P9196 2020 8 0 0 0 0 0 0 0 0 0 0 0 0 0 0 0 0 0 0 0 0 0 0 0 0 0 0 0 0 0 0 0
P9196 2020 9 0 0 0 0 0 0 0 0 0 0 0 0 0 34 43 19 0 14 28 8 3 0 0 0 0 0 0 0 0 0 -999
P9196 2020 10 0 0 0 4 0 0 0 0 3 0 12 7 0 0 0 0 0 0 0 0 0 0 35 42 9 50 79 65 8 5 0
P9196 2020 11 11 3 16 60 21 0 21 13 0 2 0 0 7 3 1 3 8 26 37 74 47 10 4 0 0 0 0 0 0 6 -999
P9196 2020 12 0 0 13 18 6 5 2 5 7 10 7 2 5 2 1 2 2 11 4 14 53 82 78 6 2 3 2 1 0 0 2
P9196 2021 1 2 1 1 3 3 1 1 1 0 0 3 7 6 8 1 2 3 4 4 3 7 7 42 53 63 79 87 46 33 43 79
P9196 2021 2 15 57 24 47 50 22 2 26 1 13 9 12 45 5 5 17 15 1 1 0 2 1 0 4 4 11 42 55 -999 -999 -999
P9196 2021 3 13 32 48 30 55 72 30 31 0 7 6 1 52 6 69 14 59 55 59 12 19 2 22 23 2 2 2 4 8 4 8
P9196 2021 4 10 22 7 22 4 0 0 0 12 33 5 2 0 0 0 13 27 12 11 6 0 0 14 36 61 64 34 5 2 10 -999
P9196 2021 5 1 1 0 2 0 10 10 6 5 6 8 2 6 3 0 0 0 0 0 0 0 0 0 0 0 0 0 7 8 40 10
P9196 2021 6 36 37 4 3 3 3 16 23 6 14 18 11 16 16 17 0 0 0 0 0 0 0 0 0 0 0 0 0 0 0 -999
P9196 2021 7 0 0 0 0 0 0 0 0 0 0 0 0 0 0 0 0 0 0 0 0 0 0 0 0 0 0 0 0 0 0 0
P9196 2021 8 0 0 0 0 0 0 0 5 21 10 6 0 0 0 0 0 0 0 0 0 0 0 0 0 0 0 0 0 0 0 0
P9196 2021 9 0 0 0 0 0 0 0 0 0 0 0 0 0 7 15 9 0 0 0 0 0 0 10 9 29 47 12 0 0 34 -999
P9196 2021 10 23 36 51 7 0 0 0 65 10 0 0 0 21 14 33 3 0 0 24 10 50 10 0 0 4 9 2 0 1 2 9
P9196 2021 11 28 6 10 4 28 25 19 12 5 3 0 0 0 0 0 0 0 0 5 8 8 3 3 3 0 0 0 0 0 3 -999
P9196 2021 12 0 0 0 0 0 0 0 2 0 0 0 3 13 23 42 41 62 72 56 35 73 17 25 9 38 14 64 68 19 12 2
P9196 2022 1 1 0 0 0 0 0 0 0 0 0 1 2 7 4 4 0 0 0 0 0 5 0 0 0 0 0 0 0 0 0 0
P9196 2022 2 0 4 2 2 2 1 0 2 6 7 2 2 1 0 20 8 1 2 0 0 27 6 4 25 3 7 8 58 -999 -999 -999
P9196 2022 3 4 8 4 19 37 35 1 2 0 4 0 2 0 0 1 1 0 0 0 9 15 0 0 8 0 9 2 0 0 2 2
P9196 2022 4 6 9 22 23 7 58 23 9 6 0 0 44 50 0 0 0 0 0 0 0 43 42 8 11 1 3 2 0 0 0 -999
P9196 2022 5 0 0 0 0 0 0 0 0 0 0 0 0 0 0 0 0 0 3 4 5 0 0 0 0 0 0 0 0 0 0 0
P9196 2022 6 0 0 0 0 0 0 0 0 0 0 0 0 0 0 0 0 0 0 0 0 0 0 0 0 0 0 0 0 0 0 -999
P9196 2022 7 0 0 0 0 0 0 0 0 0 0 0 0 0 0 0 0 0 0 0 0 0 0 0 0 0 0 0 0 0 0 0
P9196 2022 8 0 0 0 0 0 0 0 0 0 0 0 0 0 0 0 0 0 0 0 0 0 0 0 0 0 0 0 0 0 0 0
P9196 2022 9 0 0 0 0 0 0 0 0 0 0 0 0 0 0 0 0 0 0 0 0 0 7 5 29 5 4 0 0 0 0 -999
P9196 2022 10 0 0 0 0 4 0 0 0 2 0 0 3 5 5 6 0 0 0 0 34 16 0 0 0 0 0 15 30 0 0 0
P9196 2022 11 15 0 0 9 0 0 0 0 0 0 0 16 32 31 37 32 34 23 21 34 61 71 78 77 1 2 0 0 2 2 -999
P9196 2022 12 3 0 3 4 2 49 17 36 3 1 2 2 0 0 0 0 14 9 13 43 26 16 36 74 42 68 59 49 64 1 3
P9196 2023 1 1 9 22 26 32 53 50 44 20 2 33 10 25 42 7 4 15 31 16 0 4 4 8 5 4 6 0 0 0 0 0
P9196 2023 2 0 0 2 4 2 5 2 0 0 0 0 13 2 7 29 31 32 43 3 40 7 0 0 2 1 1 2 1 -999 -999 -999
P9196 2023 3 2 2 5 1 1 2 1 2 0 0 0 0 0 0 59 35 46 40 6 5 62 13 3 2 2 6 4 2 12 28 0
P9196 2023 4 0 0 0 0 0 0 16 24 9 0 0 0 6 17 44 44 29 2 0 0 4 2 2 3 3 2 0 0 0 0 -999
P9196 2023 5 0 74 60 46 23 29 52 49 47 7 1 3 31 11 0 0 0 28 0 37 16 4 2 4 0 0 0 0 0 0 0
P9196 2023 6 0 0 0 0 0 0 0 0 0 0 0 7 8 6 34 5 2 2 0 0 0 0 0 0 0 0 0 0 0 0 -999
P9196 2023 7 0 0 0 0 0 0 0 0 0 0 0 0 0 0 0 0 0 0 9 0 0 0 0 0 0 0 0 0 0 0 0
P9196 2023 8 0 36 0 0 0 0 0 0 0 0 0 0 0 0 0 0 0 0 0 0 0 0 0 0 0 0 0 0 0 0 0
P9196 2023 9 0 0 0 0 0 0 0 0 0 0 0 0 0 0 0 0 3 5 0 0 0 0 14 0 0 0 0 0 0 13 -999
P9196 2023 10 37 10 0 0 0 0 0 0 7 4 0 0 0 12 6 1 6 14 3 26 2 3 0 9 0 0 4 4 3 1 2
P9196 2023 11 3 2 1 0 0 0 0 0 31 33 34 43 15 2 2 2 3 0 0 0 2 1 0 0 0 0 3 3 0 2 -999
P9196 2023 12 0 16 33 45 0 0 0 0 0 0 0 0 0 0 4 1 4 16 19 70 27 39 3 18 1 0 0 0 0 1 2
P9196 2024 1 3 1 1 1 0 0 0 0 0 0 0 0 0 0 0 1 4 7 23 57 31 27 30 4 6 12 35 40 1 3 2
P9196 2024 2 2 3 0 13 6 0 0 11 46 22 34 60 25 2 2 0 0 0 0 0 0 0 2 0 0 0 0 0 -999 -999 -999
P9196 2024 3 0 0 0 1 1 5 6 0 0 17 22 34 6 63 10 2 15 11 19 16 9 2 0 4 1 2 3 3 5 9 7
P9196 2024 4 6 5 3 6 52 16 40 32 7 26 35 0 0 0 0 0 0 0 0 0 27 77 4 1 0 0 0 0 0 12 -999
P9196 2024 5 5 9 23 7 8 10 27 18 5 0 0 6 5 3 2 0 1 10 0 0 0 0 0 0 12 0 31 22 14 7 2
P9196 2024 6 0 0 0 0 0 0 0 0 0 0 0 35 5 13 0 0 0 0 0 0 0 0 0 0 0 0 0 0 0 0 -999
P9196 2024 7 0 0 0 0 0 0 0 0 0 0 0 0 0 0 0 0 0 0 0 0 0 0 0 0 0 0 0 0 0 0 0
P9196 2024 8 0 0 0 0 0 0 0 0 0 0 0 0 0 0 0 0 0 0 0 0 0 0 0 0 0 0 0 0 0 0 0
P9196 2024 9 0 0 0 0 0 0 0 0 0 0 0 0 0 0 0 0 20 55 4 32 68 39 25 11 0 0 5 3 5 14 -999
P9196 2024 10 5 71 79 5 67 30 11 0 0 0 0 0 0 0 37 0 0 6 0 0 0 0 0 0 0 0 0 0 6 26 30
P9196 2024 11 18 46 46 16 21 30 6 2 2 2 7 34 7 8 27 17 1 1 0 0 0 0 0 0 0 0 0 0 24 25 -999
P9196 2024 12 27 29 28 1 2 3 3 4 16 49 70 14 26 7 10 0 0 5 4 0 4 4 17 5 5 5 3 3 0 1 4
P9196 2025 1 2 1 2 42 68 78 11 27 1 5 2 2 2 3 1 4 4 6 5 1 2 0 1 0 1 1 2 27 27 40 3
P9196 2025 2 4 7 6 4 4 9 23 74 37 6 50 40 0 0 0 16 0 0 0 0 0 0 2 0 1 0 0 0 -999 -999 -999
P9196 2025 3 2 12 9 5 0 0 0 29 27 2 3 1 0 0 0 0 0 0 0 0 0 0 0 0 0 0 7 3 0 0 0
P9196 2025 4 0 0 0 0 3 0 0 0 0 0 18 0 0 0 16 0 0 11 0 0 0 0 0 0 7 2 3 3 1 0 -999
P9196 2025 5 0 0 4 9 3 4 0 0 0 0 0 0 6 23 4 3 0 0 0 0 0 32 6 7 6 4 3 16 53 0 0
P9196 2025 6 0 0 0 2 6 0 0 0 0 0 0 0 0 0 0 0 0 0 0 0 0 0 0 0 0 0 0 0 0 0 -999
P9196 2025 7 0 0 0 0 0 0 0 0 0 0 0 0 0 0 0 0 0 0 0 0 0 0 0 0 0 0 0 0 0 0 0
P9196 2025 8 0 45 4 0 0 0 0 0 0 0 0 0 0 0 0 0 0 0 0 0 0 0 0 0 0 0 0 0 0 0 0
P9196 2025 9 0 0 0 0 0 0 0 0 0 0 11 0 0 0 0 0 0 28 0 0 0 0 0 0 0 0 0 0 3 0 -999
P9196 2025 10 0 0 0 0 0 0 0 0 0 0 0 0 0 0 0 0 51 79 64 38 74 67 12 1 2 0 0 2 6 38 58
P9196 2025 11 72 27 5 35 63 14 8 2 46 75 38 0 3 58 53 9 3 0 0 0 0 0 0 0 0 2 0 0 0 0 -999
P9196 2025 12 0 0 0 0 0 1 2 2 3 1 8 7 11 3 5 16 0 20 12 2 7 52 28 13 6 15 0 23 4 11 13
P9196 2026 1 46 4 2 0 0 0 0 1 0 2 2 2 0 0 0 0 3 3 8 12 7 4 3 0 0 0 0 0 0 0 0
P9196 2026 2 0 0 0 0 0 0 0 0 0 0 0 1 2 3 2 29 2 1 1 2 2 0 0 0 2 0 0 8 -999 -999 -999
P9196 2026 3 6 0 10 19 15 17 31 4 0 2 0 0 0 30 0 2 0 0 0 0 0 0 61 63 47 29 12 9 34 27 6
P9196 2026 4 0 28 7 5 9 9 8 1 3 1 3 2 3 0 0 0 0 0 0 0 4 2 0 0 0 0 0 0 29 46 -999
P9196 2026 5 11 8 7 3 0 0 0 0 0 0 0 3 4 3 0 0 0 0 0 0 0 0 0 0 0 0 0 0 4 0 0
P9196 2026 6 0 0 0 0 0 0 0 0 0 0 0 0 0 0 0 24 0 0 0 0 0 0 0 0 0 0 0 0 0 0 -999
P9196 2026 7 0 0 0 0 0 0 0 0 0 0 0 0 0 0 0 0 0 0 0 0 0 0 0 0 0 0 0 0 0 0 0
P9196 2026 8 0 0 0 0 0 0 0 0 0 0 0 0 0 0 0 0 0 0 0 0 0 0 0 0 0 0 0 0 0 0 0
P9196 2026 9 0 0 3 5 0 0 0 0 0 0 0 0 0 0 0 0 0 0 32 43 47 5 0 0 0 0 0 0 0 0 -999
P9196 2026 10 0 0 0 37 13 0 0 0 0 0 0 0 0 0 0 0 3 0 0 13 4 2 0 0 0 0 0 6 27 20 75
P9196 2026 11 31 20 8 12 54 21 4 45 68 39 9 17 2 40 74 16 3 1 0 0 3 0 1 0 0 0 1 0 0 0 -999
P9196 2026 12 2 3 2 0 0 0 0 0 0 2 2 3 0 7 76 60 13 46 47 15 3 18 21 1 5 2 0 3 1 0 0
P9196 2027 1 0 0 2 3 2 19 47 4 1 5 68 15 1 1 11 16 0 3 30 2 10 3 0 1 5 71 62 49 75 4 0
P9196 2027 2 0 0 0 0 0 0 2 0 0 2 18 3 0 0 0 8 16 12 10 13 10 26 56 8 0 3 0 0 -999 -999 -999
P9196 2027 3 3 6 6 4 5 4 2 10 4 0 0 0 0 0 0 0 6 11 34 32 52 52 54 29 2 15 8 0 1 0 0
P9196 2027 4 0 9 12 33 0 0 0 0 0 0 0 0 4 13 17 0 0 4 0 0 0 0 13 0 0 0 0 0 15 0 -999
P9196 2027 5 0 0 9 18 10 38 48 6 0 0 59 3 0 0 0 0 0 0 0 0 0 24 0 0 0 0 0 0 0 0 0
P9196 2027 6 0 0 0 7 19 1 0 0 0 0 0 0 0 0 0 0 0 0 0 0 0 0 0 0 0 0 0 3 0 0 -999
P9196 2027 7 0 5 5 0 10 5 0 0 0 0 0 0 0 0 0 0 0 0 0 0 0 0 0 0 0 0 0 0 0 0 0
P9196 2027 8 0 0 0 0 0 0 0 0 0 0 0 0 0 0 42 0 0 0 4 0 0 0 0 0 0 0 0 0 0 0 0
P9196 2027 9 0 0 0 0 0 0 0 0 0 0 0 0 12 0 0 0 0 0 0 0 0 0 0 0 0 0 2 0 8 13 -999
P9196 2027 10 27 0 16 0 0 0 59 0 0 0 0 0 0 0 0 0 6 6 0 0 2 2 6 22 7 0 0 0 0 0 0
P9196 2027 11 2 0 2 2 4 3 2 2 3 47 22 2 0 0 0 0 0 0 0 0 5 16 19 11 23 37 16 3 2 3 -999
P9196 2027 12 3 3 2 2 4 3 2 0 0 0 0 0 3 2 17 14 15 3 2 2 1 0 0 0 2 1 0 0 0 0 0
P9196 2028 1 2 2 0 0 0 0 0 0 0 0 0 0 0 0 0 3 9 12 8 0 0 0 0 0 0 0 5 3 0 0 0
P9196 2028 2 0 20 42 25 37 45 39 31 14 16 26 58 47 65 46 62 69 6 15 3 2 7 3 0 0 0 0 0 -999 -999 -999
P9196 2028 3 0 0 0 0 2 0 0 0 0 4 28 10 18 4 2 0 0 0 0 0 0 1 1 0 4 8 15 2 2 0 5
P9196 2028 4 0 0 0 0 0 0 0 0 0 38 3 3 0 0 0 0 38 7 32 68 6 0 0 0 0 0 0 0 0 0 -999
P9196 2028 5 19 0 0 0 0 0 17 7 46 16 6 12 10 6 33 3 0 21 0 0 0 0 0 4 1 0 4 10 2 0 3
P9196 2028 6 2 6 8 10 18 36 49 3 0 0 0 0 0 0 0 0 0 0 0 0 0 0 0 0 0 0 0 11 47 38 -999
P9196 2028 7 14 0 6 0 0 0 0 0 0 0 0 4 0 0 0 0 0 0 0 0 0 0 0 0 0 0 0 0 0 0 0
P9196 2028 8 0 0 0 0 0 0 0 0 0 0 0 0 0 0 0 0 0 0 0 0 0 0 0 0 4 4 0 0 0 0 0
P9196 2028 9 0 0 0 0 0 0 0 0 0 0 0 0 0 0 0 0 0 0 0 0 0 0 0 17 0 0 42 18 0 0 -999
P9196 2028 10 0 0 0 0 0 0 0 0 0 4 4 0 0 5 0 0 3 0 8 0 0 0 0 0 0 0 0 0 0 0 0
P9196 2028 11 0 0 9 5 45 34 2 0 2 0 0 22 5 3 2 2 2 4 0 8 24 9 5 2 2 2 4 9 10 3 -999
P9196 2028 12 2 3 3 3 2 0 0 0 0 0 0 5 6 7 0 0 30 33 40 40 48 34 24 7 3 15 23 7 5 52 1
P9196 2029 1 3 0 10 61 4 2 0 40 9 24 20 58 36 8 3 8 7 5 2 2 0 0 0 0 0 0 0 27 5 8 5
P9196 2029 2 32 18 28 19 13 0 1 1 0 5 2 2 5 2 0 2 1 0 0 2 0 0 1 2 2 4 10 4 -999 -999 -999
P9196 2029 3 9 14 9 59 66 77 52 37 52 6 3 0 1 2 0 1 2 2 3 44 3 1 1 0 0 0 0 0 0 3 6
P9196 2029 4 5 0 15 7 0 3 0 0 0 0 0 0 14 44 4 7 1 29 3 1 0 0 0 0 0 0 3 8 13 22 -999
P9196 2029 5 4 1 15 53 57 15 63 54 10 2 1 1 3 0 0 0 0 0 0 3 0 0 0 0 18 0 0 0 0 0 0
P9196 2029 6 22 0 18 27 0 0 0 0 0 0 0 0 0 0 0 0 0 0 0 0 0 0 0 0 0 0 0 0 0 0 -999
P9196 2029 7 0 0 0 0 0 0 0 0 0 0 0 0 0 0 0 0 0 0 0 0 0 0 0 0 0 0 0 0 0 0 0
P9196 2029 8 0 0 0 0 0 0 0 0 0 0 0 0 0 0 0 0 0 0 0 0 0 0 0 0 0 0 0 0 0 0 0
P9196 2029 9 0 0 0 0 0 0 0 0 0 0 0 0 0 0 0 0 0 0 0 18 0 0 7 4 34 57 8 0 0 0 -999
P9196 2029 10 0 0 9 7 0 0 0 0 0 0 0 0 0 0 0 0 0 23 0 0 0 0 0 0 7 20 0 31 60 67 3
P9196 2029 11 0 0 0 0 0 0 0 0 0 0 0 0 0 0 0 0 7 6 3 0 12 5 12 31 0 0 5 2 4 0 -999
P9196 2029 12 3 5 19 33 62 1 5 8 22 0 3 1 2 1 2 0 3 1 0 0 1 42 34 30 40 6 40 43 50 6 0
P9196 2030 1 0 0 0 0 11 10 17 6 11 43 17 3 0 8 6 49 5 0 1 2 5 0 3 6 7 2 14 17 3 0 0
P9196 2030 2 8 17 46 10 33 10 4 4 0 0 0 0 0 0 0 20 10 2 0 0 2 5 3 0 35 3 0 16 -999 -999 -999
P9196 2030 3 0 0 0 0 0 0 0 0 0 0 0 0 0 0 0 0 9 14 4 4 0 15 30 45 53 50 13 18 65 25 45
P9196 2030 4 54 62 24 2 0 0 0 5 10 32 23 0 5 13 34 9 10 22 11 3 2 0 0 10 26 43 10 0 12 3 -999
P9196 2030 5 2 2 0 0 0 0 0 0 0 15 8 5 2 30 66 49 5 20 5 0 0 0 0 0 0 0 0 0 0 0 0
P9196 2030 6 0 0 0 0 0 0 0 0 0 0 0 0 0 0 0 0 6 11 3 5 0 0 0 0 0 0 0 0 0 0 -999
P9196 2030 7 0 0 0 0 0 0 0 0 0 0 0 0 0 0 0 0 0 0 0 0 0 0 0 0 0 0 0 0 0 0 0
P9196 2030 8 0 0 0 0 0 0 0 0 0 0 0 0 0 0 0 0 0 0 0 0 0 0 0 0 0 0 0 0 0 0 0
P9196 2030 9 0 0 0 0 0 0 0 0 12 0 0 0 0 0 12 73 76 18 4 4 43 21 20 1 4 4 7 7 5 3 -999
P9196 2030 10 0 0 0 0 0 0 22 53 29 70 9 27 8 8 8 3 7 28 65 74 76 65 32 22 5 0 0 0 13 4 8
P9196 2030 11 13 0 23 11 20 22 55 50 60 63 41 6 3 33 20 17 55 59 34 10 20 58 20 9 12 10 2 55 33 6 -999
P9196 2030 12 2 2 2 2 3 6 1 3 2 2 12 2 0 0 0 0 0 1 1 0 2 1 1 0 2 6 17 10 21 20 20
P9196 2031 1 5 2 2 36 12 39 3 41 74 79 10 51 66 73 72 6 0 0 2 1 2 0 2 0 0 0 0 0 1 0 4
P9196 2031 2 1 4 15 16 0 12 0 0 20 9 6 9 11 12 0 0 0 14 10 9 12 11 15 10 0 18 0 1 -999 -999 -999
P9196 2031 3 0 3 3 18 26 33 3 5 34 26 8 11 28 1 1 2 3 5 2 1 0 0 0 0 0 0 0 0 2 4 34
P9196 2031 4 14 11 4 0 3 14 14 6 11 18 18 16 32 5 0 0 0 0 0 0 0 0 0 0 0 0 0 0 0 0 -999
P9196 2031 5 0 3 16 6 8 3 0 0 0 7 26 0 0 0 0 0 0 0 0 0 0 0 0 6 8 0 14 0 0 0 0
P9196 2031 6 0 0 0 0 0 0 58 6 0 0 0 0 0 0 0 0 0 0 0 0 0 0 0 0 0 0 0 0 0 0 -999
P9196 2031 7 0 0 0 0 0 0 0 0 0 0 0 39 26 6 4 2 0 0 0 0 0 0 0 0 0 0 0 0 0 0 0
P9196 2031 8 0 0 0 0 0 0 0 0 0 0 0 4 0 0 0 0 0 0 0 0 0 0 0 0 0 0 0 0 0 0 0
P9196 2031 9 0 0 0 0 0 0 0 0 0 0 0 0 0 0 0 0 0 0 0 0 0 42 47 15 14 8 25 7 6 0 -999
P9196 2031 10 0 0 3 0 0 0 0 0 47 0 0 0 0 0 0 0 13 0 0 25 34 38 0 0 47 0 0 34 7 8 3
P9196 2031 11 1 3 11 50 6 34 35 27 5 8 33 24 60 77 71 32 14 47 44 68 70 12 1 3 39 24 65 56 25 17 -999
P9196 2031 12 52 80 43 19 65 17 31 12 37 14 2 1 1 0 2 2 2 2 2 0 43 18 11 31 14 12 4 31 1 4 2
P9196 2032 1 1 0 40 67 81 37 64 62 28 0 13 59 11 35 48 4 0 0 2 2 0 0 0 0 1 5 7 5 13 42 14
P9196 2032 2 1 5 0 0 1 2 2 1 0 0 42 40 2 0 0 0 0 0 0 0 0 4 0 0 0 7 0 29 -999 -999 -999
P9196 2032 3 0 0 0 0 0 0 0 0 0 3 3 3 2 2 0 0 0 0 0 0 0 0 0 0 0 0 0 3 4 9 6
P9196 2032 4 49 21 5 17 26 40 72 63 11 4 2 0 0 25 19 38 10 2 0 7 0 3 5 68 40 1 0 0 0 0 -999
P9196 2032 5 4 0 3 1 0 0 0 0 0 0 0 10 0 0 8 5 3 4 0 5 0 4 3 0 4 2 0 5 16 40 43
P9196 2032 6 0 0 0 0 0 0 0 0 0 36 0 0 0 0 0 0 0 0 0 0 0 0 0 0 0 0 0 0 0 0 -999
P9196 2032 7 0 0 0 0 0 0 0 0 0 0 0 0 0 0 0 0 0 0 0 0 0 0 0 0 0 0 0 0 0 0 0
P9196 2032 8 0 0 0 0 0 0 0 0 0 0 0 0 0 0 0 0 0 0 0 0 0 0 0 0 0 0 0 0 0 0 0
P9196 2032 9 0 0 0 0 0 0 0 0 0 40 46 0 14 7 5 49 25 4 0 0 0 0 0 0 0 0 0 0 0 0 -999
P9196 2032 10 0 32 33 0 0 0 3 4 24 0 0 0 0 0 69 24 11 0 0 18 21 27 75 12 4 0 0 41 46 4 4
P9196 2032 11 1 6 6 14 8 0 0 0 0 0 0 0 0 0 0 0 0 6 0 0 1 2 3 5 4 12 23 5 26 79 -999
P9196 2032 12 42 21 20 15 4 0 0 0 0 3 0 0 0 0 0 0 0 0 3 5 2 0 0 5 16 17 3 0 0 5 2
P9196 2033 1 2 5 14 40 35 15 22 32 62 58 13 31 61 1 20 50 36 51 23 0 0 0 4 3 5 12 58 52 5 25 2
P9196 2033 2 0 0 0 0 2 4 20 41 33 15 74 41 18 0 0 0 0 0 11 3 2 0 0 15 1 2 0 0 -999 -999 -999
P9196 2033 3 2 0 0 0 0 0 3 2 2 4 21 31 9 6 0 0 0 0 0 0 12 7 6 0 0 0 12 38 4 6 0
P9196 2033 4 0 0 0 26 35 13 9 11 14 15 20 22 21 8 7 54 40 26 19 13 30 61 9 5 26 6 4 0 14 4 -999
P9196 2033 5 2 0 39 41 0 0 0 0 0 0 3 5 10 17 2 4 46 25 6 15 53 4 5 3 0 0 0 0 0 0 0
P9196 2033 6 0 0 0 0 0 0 0 0 0 0 0 0 0 0 0 0 0 0 0 0 0 0 0 0 0 0 0 0 0 0 -999
P9196 2033 7 0 0 0 0 0 0 0 0 0 0 0 0 0 0 0 0 0 0 0 0 0 0 0 0 0 0 0 0 0 0 0
P9196 2033 8 0 0 0 0 0 0 0 0 0 0 0 0 0 0 0 0 0 0 0 0 0 0 0 0 0 0 0 0 0 51 0
P9196 2033 9 0 0 0 0 0 0 7 8 0 0 0 0 0 17 38 33 0 0 0 0 0 0 0 0 0 0 0 0 0 0 -999
P9196 2033 10 0 0 0 43 72 41 36 39 18 32 62 50 60 4 0 0 0 0 0 0 0 0 11 4 3 2 0 13 5 2 3
P9196 2033 11 10 44 77 81 5 2 2 0 2 2 2 0 0 0 0 2 4 1 1 1 1 2 0 0 0 0 0 0 0 0 -999
P9196 2033 12 5 3 2 1 1 0 0 3 0 2 3 1 0 0 0 0 0 0 0 0 0 0 0 0 0 0 0 0 0 0 0
P9196 2034 1 1 2 4 3 2 0 1 1 3 4 16 32 35 41 48 11 9 2 2 0 0 0 0 0 0 0 0 0 0 0 0
P9196 2034 2 0 0 0 0 0 0 2 0 0 1 0 1 1 2 16 13 9 0 13 7 2 0 0 0 2 0 14 22 -999 -999 -999
P9196 2034 3 37 50 56 37 55 28 20 18 0 0 0 0 3 4 5 3 1 1 1 0 0 5 16 36 19 0 0 0 0 0 0
P9196 2034 4 0 0 0 0 0 0 0 0 0 0 0 0 0 6 8 0 0 4 2 3 26 1 0 0 0 0 0 15 10 0 -999
P9196 2034 5 0 0 0 0 0 0 0 0 0 0 0 0 0 0 0 0 0 0 0 0 0 0 0 0 0 0 0 0 0 0 0
P9196 2034 6 0 0 0 5 13 6 3 0 0 0 0 0 0 0 0 0 0 0 0 0 0 0 0 0 0 0 0 0 0 0 -999
P9196 2034 7 0 0 0 0 0 0 0 0 0 4 0 0 0 0 0 0 0 0 0 0 0 0 0 0 0 0 0 0 0 0 0
P9196 2034 8 10 4 3 0 0 0 0 0 0 0 0 0 0 0 0 0 0 0 0 0 0 0 0 0 0 0 0 0 0 0 0
P9196 2034 9 0 0 0 0 0 0 0 0 0 0 0 0 0 0 0 0 0 0 0 0 0 0 0 0 0 12 0 0 0 49 -999
P9196 2034 10 7 7 15 5 66 51 0 0 0 43 6 1 1 3 0 4 0 0 0 0 17 6 0 14 31 22 7 46 12 0 0
P9196 2034 11 0 0 0 0 0 5 21 8 50 5 0 11 4 0 0 0 0 0 0 0 10 23 30 54 15 43 0 5 3 5 -999
P9196 2034 12 2 0 0 0 2 6 12 6 4 1 2 1 2 31 50 4 0 3 2 2 2 2 0 2 4 5 4 1 8 3 21
P9196 2035 1 3 2 8 27 37 29 15 38 9 3 7 8 21 13 5 5 12 3 4 20 56 82 37 28 2 1 0 0 2 0 0
P9196 2035 2 6 16 2 1 0 0 3 1 1 1 2 0 0 0 0 0 0 1 1 2 12 37 61 76 46 2 11 40 -999 -999 -999
P9196 2035 3 18 41 11 25 11 6 18 82 13 1 2 9 66 59 63 56 21 15 28 36 65 62 47 3 40 29 3 46 21 22 35
P9196 2035 4 23 24 25 58 74 33 15 37 63 11 14 6 3 22 0 0 0 0 0 60 75 67 57 20 8 4 6 38 48 50 -999
P9196 2035 5 40 0 0 0 0 0 0 0 23 0 0 0 0 0 0 0 0 0 0 0 0 0 50 25 0 0 0 0 0 0 56
P9196 2035 6 22 0 0 0 12 34 5 4 55 4 27 0 0 0 0 0 0 0 0 0 0 0 0 0 0 0 0 0 0 0 -999
P9196 2035 7 0 0 0 0 0 0 0 0 0 0 0 0 0 0 0 0 0 0 0 0 0 0 0 0 0 0 0 0 0 0 0
P9196 2035 8 0 0 0 0 0 0 0 0 0 0 0 0 0 0 0 0 0 0 0 0 0 0 0 0 0 0 0 0 0 0 0
P9196 2035 9 0 0 0 0 0 0 0 0 0 0 0 0 0 0 0 0 0 0 0 0 0 0 42 35 0 0 0 0 0 0 -999
P9196 2035 10 0 31 35 28 0 0 0 0 0 19 0 0 41 51 16 0 0 0 0 52 17 0 0 0 0 0 0 0 0 0 0
P9196 2035 11 0 0 18 28 32 28 11 6 6 0 0 0 0 0 0 0 0 0 0 0 0 0 0 0 2 0 0 9 2 0 -999
P9196 2035 12 4 10 21 18 48 72 81 33 5 41 2 1 5 10 3 2 0 2 14 26 54 16 0 0 0 0 0 0 0 0 2
P9196 2036 1 1 1 1 0 2 3 3 2 1 8 12 8 8 0 0 1 5 17 19 4 35 13 3 2 2 0 3 2 2 1 2
P9196 2036 2 0 0 0 0 2 2 7 11 11 4 5 19 26 9 3 4 2 0 0 0 0 0 0 0 0 2 3 7 -999 -999 -999
P9196 2036 3 50 39 14 9 13 6 0 0 0 0 0 0 0 4 4 7 0 0 0 4 1 0 0 0 0 1 3 9 7 12 23
P9196 2036 4 24 56 29 1 1 0 0 0 2 0 0 0 0 0 0 0 0 0 0 0 0 0 0 6 5 3 2 4 0 0 -999
P9196 2036 5 0 0 3 3 1 0 0 0 0 0 7 5 10 2 2 5 4 1 0 0 0 0 0 0 0 0 0 0 0 0 16
P9196 2036 6 32 43 0 0 0 0 0 0 0 0 0 0 0 0 0 0 0 0 12 0 0 0 0 0 0 0 0 0 0 0 -999
P9196 2036 7 0 0 0 0 0 0 0 0 0 0 0 0 0 0 0 0 0 0 0 0 0 0 0 0 0 0 0 0 0 0 0
P9196 2036 8 0 0 0 0 0 0 0 0 0 0 0 0 0 0 0 0 0 0 0 0 0 0 0 0 0 0 0 0 0 0 0
P9196 2036 9 0 0 0 0 0 0 0 0 0 0 0 0 0 0 0 0 0 0 0 0 0 0 0 0 0 0 0 0 0 0 -999
P9196 2036 10 0 10 0 0 3 0 0 0 0 0 20 0 0 0 4 0 0 0 0 0 0 0 0 0 0 31 25 25 72 71 14
P9196 2036 11 14 6 0 0 0 9 3 49 6 0 3 7 29 61 42 27 3 0 9 5 2 0 0 0 0 5 34 19 2 0 -999
P9196 2036 12 1 2 4 11 6 1 1 0 0 0 2 5 3 4 3 0 0 3 5 0 10 24 35 4 14 14 1 2 4 0 1
P9196 2037 1 1 2 1 0 2 1 2 2 10 62 4 30 21 0 0 0 0 0 43 32 47 47 14 42 49 3 66 32 66 1 0
P9196 2037 2 0 0 0 34 18 28 44 24 16 3 1 0 0 2 0 0 2 0 0 0 1 2 2 2 0 7 51 1 -999 -999 -999
P9196 2037 3 0 0 0 0 0 0 0 1 0 2 2 3 22 68 61 25 13 11 0 0 15 14 31 30 17 2 3 6 27 28 0
P9196 2037 4 12 0 10 5 13 9 2 2 6 2 2 2 3 20 45 12 25 18 3 6 22 24 36 31 20 0 0 0 0 0 -999
P9196 2037 5 0 0 0 0 0 0 0 0 0 2 3 2 0 3 3 3 5 3 2 0 4 6 18 7 65 36 2 1 3 5 0
P9196 2037 6 0 0 0 0 0 0 0 0 0 0 0 0 0 0 0 14 23 23 14 0 0 0 0 0 0 0 0 0 0 0 -999
P9196 2037 7 0 0 0 0 0 0 0 0 0 0 0 0 0 0 0 0 0 0 0 0 0 0 0 0 0 0 0 0 0 0 0
P9196 2037 8 0 0 0 0 0 0 0 0 0 0 0 0 0 0 0 0 0 0 0 0 0 0 0 0 0 0 0 0 0 0 0
P9196 2037 9 0 0 0 0 0 0 0 0 0 0 0 0 0 0 0 0 0 0 0 0 0 0 0 0 0 0 0 0 3 3 -999
P9196 2037 10 4 0 0 0 0 0 0 0 0 3 7 4 0 0 0 0 16 12 4 1 0 0 6 6 13 6 0 0 0 0 0
P9196 2037 11 0 0 0 0 0 16 12 20 4 0 10 31 22 41 15 0 0 0 0 27 7 7 20 21 8 5 13 19 15 2 -999
P9196 2037 12 62 4 23 58 17 4 9 29 53 19 27 8 6 6 3 2 6 11 3 1 0 0 14 2 0 0 0 1 2 2 3
P9196 2038 1 5 17 4 18 12 0 5 1 2 2 2 2 3 33 19 13 64 1 2 0 0 4 14 40 9 46 30 25 20 19 2
P9196 2038 2 2 2 7 66 60 15 11 2 2 2 0 0 0 0 2 2 2 3 6 0 0 0 5 2 0 0 0 34 -999 -999 -999
P9196 2038 3 52 15 27 24 81 25 17 11 10 16 11 0 0 0 0 0 0 22 35 47 23 1 1 2 0 8 2 5 3 3 4
P9196 2038 4 3 0 0 0 0 0 6 12 9 0 0 0 0 46 29 7 0 0 0 0 0 37 0 0 17 26 0 0 0 0 -999
P9196 2038 5 18 0 0 5 0 0 24 0 0 0 0 0 0 3 3 0 30 76 66 43 0 0 0 0 9 6 4 8 5 0 14
P9196 2038 6 0 0 0 4 0 0 0 0 0 0 0 0 0 0 0 0 0 0 0 0 0 0 0 0 0 0 14 0 0 0 -999
P9196 2038 7 0 0 0 0 0 0 0 0 0 0 0 0 0 0 0 0 0 0 0 0 0 0 0 0 0 0 0 0 0 0 0
P9196 2038 8 0 0 0 0 0 0 0 0 0 0 0 0 0 0 0 0 0 0 0 0 0 0 0 0 0 0 0 0 0 0 0
P9196 2038 9 0 0 0 0 0 0 0 0 0 0 0 0 0 0 0 0 0 0 0 0 0 24 0 7 0 0 0 0 0 0 -999
P9196 2038 10 0 0 12 0 0 0 0 0 0 0 0 0 0 0 0 0 0 6 7 0 13 21 61 0 0 0 0 4 3 0 0
P9196 2038 11 38 14 11 3 2 9 5 0 8 6 8 35 12 67 78 13 15 4 4 2 0 0 0 2 2 0 2 3 3 1 -999
P9196 2038 12 2 7 27 51 46 16 4 10 2 4 58 51 59 3 11 27 9 15 46 26 72 9 0 0 8 14 37 6 0 8 9
P9196 2039 1 8 13 10 6 11 3 5 4 0 0 0 0 0 0 4 16 26 1 26 27 4 5 10 7 3 0 1 1 2 1 3
P9196 2039 2 10 9 0 4 0 0 0 0 0 20 15 0 2 8 7 16 6 0 11 0 0 0 3 19 36 1 1 2 -999 -999 -999
P9196 2039 3 2 0 0 0 0 0 0 12 3 5 0 54 5 33 13 16 6 14 0 0 0 0 0 0 0 5 0 0 0 0 0
P9196 2039 4 0 0 0 0 0 0 0 0 0 0 0 0 10 33 3 0 0 0 4 0 8 3 0 0 0 0 0 0 0 0 -999
P9196 2039 5 0 0 0 0 0 0 0 0 0 0 0 0 0 0 0 28 5 3 2 3 3 10 7 0 0 0 0 0 0 0 0
P9196 2039 6 10 14 43 53 13 2 0 0 0 0 0 0 0 0 0 0 0 0 0 0 0 0 0 0 0 0 0 0 17 0 -999
P9196 2039 7 0 0 0 0 0 0 0 0 0 0 0 0 0 0 0 0 0 0 0 0 0 0 0 0 0 0 0 0 0 0 0
P9196 2039 8 0 0 0 0 0 0 0 0 0 0 0 12 0 0 0 0 0 0 0 0 0 0 0 0 0 0 0 0 0 0 0
P9196 2039 9 0 0 0 0 0 0 0 0 0 0 0 0 0 0 0 0 0 0 0 29 0 0 0 0 0 0 0 0 0 0 -999
P9196 2039 10 0 0 0 0 0 0 0 0 0 0 0 0 0 0 2 0 0 3 3 15 8 57 23 6 5 9 73 62 69 77 7
P9196 2039 11 1 0 0 0 0 2 4 6 9 13 21 32 10 6 2 1 1 15 46 64 18 6 42 0 0 0 5 22 2 2 -999
P9196 2039 12 3 5 4 41 54 35 11 13 44 6 6 0 0 15 8 0 4 6 13 13 2 5 4 10 17 11 18 55 16 27 11
P9196 2040 1 8 3 3 23 60 53 12 18 32 8 22 17 10 6 14 39 4 10 12 6 0 0 1 0 0 1 0 0 0 0 0
P9196 2040 2 0 0 1 8 3 0 0 0 1 2 0 0 1 1 0 1 2 4 1 1 0 0 0 0 0 0 0 0 -999 -999 -999
P9196 2040 3 0 0 0 0 0 0 0 0 0 0 0 0 0 19 15 10 5 0 0 0 0 0 67 71 48 46 7 5 51 45 8
P9196 2040 4 5 64 38 18 3 4 5 2 0 0 0 0 0 6 0 10 36 3 0 0 0 4 3 5 55 37 3 1 0 2 -999
P9196 2040 5 0 0 4 1 1 0 0 0 0 0 0 0 0 0 0 0 0 0 0 3 3 13 0 0 0 0 0 0 0 0 0
P9196 2040 6 2 0 0 0 0 0 0 0 0 0 0 0 0 0 0 0 0 0 0 0 0 0 0 0 0 0 0 0 0 0 -999
P9196 2040 7 0 0 0 0 0 0 0 0 0 0 0 0 0 0 0 0 0 0 0 0 0 0 0 0 0 0 0 0 0 0 0
P9196 2040 8 0 0 0 0 0 0 0 0 0 0 0 0 0 0 0 0 0 0 0 0 0 0 0 0 0 0 0 0 0 0 0
P9196 2040 9 0 0 0 0 0 0 0 0 0 0 0 0 0 0 0 0 0 0 0 0 0 0 19 10 0 0 23 24 6 0 -999
P9196 2040 10 0 0 0 0 0 0 7 0 0 0 0 0 0 0 0 0 16 29 51 9 2 1 2 0 0 6 5 5 0 0 13
P9196 2040 11 4 13 13 34 10 6 65 81 74 6 3 4 6 4 8 6 0 2 1 0 0 0 0 10 4 0 0 0 0 0 -999
P9196 2040 12 0 0 0 0 40 56 49 2 4 1 0 0 15 16 2 0 0 0 6 0 13 5 0 0 1 2 9 22 6 5 23
P9196 2041 1 15 0 0 0 2 0 2 2 0 0 0 0 5 7 3 0 0 0 14 14 47 55 76 73 50 52 66 65 16 6 0
P9196 2041 2 0 0 2 0 9 16 70 62 27 38 9 10 33 2 36 50 53 64 63 13 65 32 2 41 11 4 1 0 -999 -999 -999
P9196 2041 3 3 1 0 0 2 0 1 2 8 1 1 13 4 4 10 12 12 72 68 12 7 27 33 31 39 67 41 24 28 52 15
P9196 2041 4 0 0 0 0 0 0 0 0 0 0 1 1 2 1 2 1 12 53 29 25 13 4 4 44 54 10 1 2 0 0 -999
P9196 2041 5 0 0 14 26 0 0 0 0 0 48 18 5 0 0 0 0 0 12 21 38 53 33 35 36 13 28 52 33 5 6 3
P9196 2041 6 1 0 0 0 0 0 8 0 0 0 0 0 0 0 0 0 0 0 0 0 0 0 0 0 0 0 0 0 0 0 -999
P9196 2041 7 0 0 0 0 19 0 0 0 0 28 0 0 0 0 0 0 0 6 0 0 0 0 0 0 0 13 8 10 0 0 0
P9196 2041 8 0 0 0 0 0 0 0 0 0 0 0 0 0 0 0 0 0 0 0 0 0 0 0 0 0 0 0 0 0 0 0
P9196 2041 9 0 0 0 0 0 0 0 0 0 0 0 0 0 0 0 0 0 0 0 0 0 0 32 36 63 3 0 0 0 0 -999
P9196 2041 10 0 13 6 3 0 0 0 0 0 0 33 13 0 0 0 0 0 0 0 0 15 25 0 0 0 5 0 0 6 0 0
P9196 2041 11 0 0 0 11 7 15 8 3 13 11 20 30 55 45 58 42 77 64 16 43 58 80 35 73 35 5 26 20 9 3 -999
P9196 2041 12 2 25 2 51 77 13 0 7 5 0 3 7 6 34 32 69 73 58 21 29 5 1 13 2 0 1 0 1 0 2 0
P9196 2042 1 0 0 2 0 0 13 40 6 1 2 2 3 0 0 0 0 0 0 0 0 0 0 0 0 0 0 0 0 0 0 0
P9196 2042 2 4 1 0 0 0 0 0 0 0 5 0 0 1 0 0 0 0 1 1 2 0 0 0 0 11 0 0 0 -999 -999 -999
P9196 2042 3 0 0 0 0 0 4 3 0 0 0 0 1 4 7 17 21 0 0 34 62 5 7 1 24 5 2 4 3 0 7 46
P9196 2042 4 6 10 3 3 10 34 24 2 10 2 6 8 6 5 2 6 4 0 0 0 0 60 74 29 25 23 27 26 18 51 -999
P9196 2042 5 52 29 11 1 0 0 0 0 11 10 0 0 0 0 0 0 0 0 0 0 0 0 0 0 0 0 0 0 0 0 0
P9196 2042 6 0 5 3 3 0 0 15 11 0 0 0 0 0 0 0 0 0 0 0 0 0 0 0 0 0 0 0 0 0 0 -999
P9196 2042 7 0 0 0 0 0 0 0 0 0 0 0 0 0 0 40 0 0 0 0 0 0 0 0 0 0 0 0 0 0 0 0
P9196 2042 8 0 0 0 0 0 0 0 0 0 0 0 0 0 0 0 0 0 0 0 0 0 0 0 0 0 0 0 0 0 0 0
P9196 2042 9 0 0 0 0 0 0 0 0 0 0 0 10 0 0 0 0 0 0 0 0 0 0 0 0 0 0 0 0 0 0 -999
P9196 2042 10 0 0 4 3 8 0 25 38 29 23 0 35 41 32 16 11 9 4 4 42 24 6 5 2 0 0 5 5 0 0 0
P9196 2042 11 0 0 0 0 0 0 13 10 3 0 0 0 0 0 0 0 2 2 4 22 2 0 0 0 0 4 0 2 20 4 -999
P9196 2042 12 5 4 38 53 24 14 2 8 23 18 11 13 11 43 46 4 46 41 6 8 3 4 26 18 0 6 1 0 0 0 2
P9196 2043 1 3 4 6 6 4 22 4 0 0 0 2 4 13 41 12 18 3 8 6 48 25 30 9 32 0 1 2 4 7 1 2
P9196 2043 2 1 0 0 2 14 42 35 0 0 0 0 0 1 0 0 0 0 0 0 0 0 0 1 1 2 2 0 0 -999 -999 -999
P9196 2043 3 0 14 25 43 5 13 35 82 68 11 39 18 11 0 13 0 0 0 36 0 52 13 45 10 17 1 2 5 2 3 3
P9196 2043 4 7 1 0 5 0 0 0 0 0 13 50 0 0 0 5 36 38 9 11 44 0 0 0 0 0 0 8 0 0 0 -999
P9196 2043 5 0 0 0 0 0 0 0 33 0 0 0 0 0 0 0 0 0 0 0 40 55 56 58 40 0 0 52 17 3 12 9
P9196 2043 6 3 3 0 0 0 0 0 0 0 0 0 0 0 0 0 0 0 0 0 0 0 0 0 0 0 0 0 0 0 0 -999
P9196 2043 7 0 0 0 0 0 0 0 0 0 0 0 0 0 0 0 0 0 0 0 0 0 0 0 0 0 0 0 0 0 0 0
P9196 2043 8 0 0 0 0 0 0 0 0 0 0 0 0 0 0 0 0 0 0 0 0 0 0 0 0 7 9 0 0 4 0 0
P9196 2043 9 0 0 0 0 0 0 0 0 0 0 0 0 0 0 0 0 0 0 0 0 0 37 0 0 0 0 0 0 14 22 -999
P9196 2043 10 29 56 0 0 0 0 0 0 0 4 0 0 0 0 8 0 35 0 0 0 0 15 33 3 23 17 4 26 15 6 7
P9196 2043 11 0 0 0 0 0 0 0 0 0 0 47 20 74 71 0 0 0 0 0 0 0 0 0 3 6 6 1 38 19 7 -999
P9196 2043 12 3 4 0 0 0 0 3 2 2 12 24 43 3 4 23 1 0 22 75 7 61 24 3 0 8 16 6 2 1 0 0
P9196 2044 1 0 2 2 0 1 3 1 1 0 4 4 2 0 2 4 2 45 50 18 3 2 3 0 0 0 2 6 65 6 1 0
P9196 2044 2 0 0 0 0 11 5 0 0 7 7 4 0 0 0 0 0 0 0 0 0 0 0 1 45 55 6 26 8 -999 -999 -999
P9196 2044 3 4 11 31 40 24 2 1 15 3 1 1 2 0 0 0 3 3 41 9 5 3 3 0 0 2 9 40 28 4 31 1
P9196 2044 4 0 3 4 0 0 0 0 0 0 0 3 0 2 11 3 0 0 0 0 0 0 0 12 0 4 23 34 3 0 0 -999
P9196 2044 5 0 0 0 0 52 2 0 13 26 28 4 0 0 14 0 0 0 27 47 39 19 8 0 0 7 6 9 0 2 2 0
P9196 2044 6 0 0 0 0 10 0 3 2 0 0 0 0 0 0 0 0 0 0 0 0 0 0 0 0 25 0 0 0 3 0 -999
P9196 2044 7 10 0 0 0 0 0 0 0 0 0 0 0 0 0 0 0 0 0 0 0 0 0 0 0 0 0 0 0 0 0 0
P9196 2044 8 0 0 0 0 0 0 0 0 0 0 0 0 0 0 0 0 0 0 0 0 0 0 0 0 0 0 0 0 0 0 0
P9196 2044 9 0 0 0 0 0 0 0 0 0 0 0 0 0 0 0 0 0 0 0 12 28 0 0 35 42 14 7 0 0 37 -999
P9196 2044 10 33 24 47 0 0 0 0 0 0 0 0 0 0 0 3 2 3 12 42 45 36 4 0 0 0 0 0 0 0 0 5
P9196 2044 11 6 5 4 0 12 2 5 5 3 2 45 50 35 30 11 32 63 14 13 20 61 19 35 70 71 71 39 18 20 7 -999
P9196 2044 12 2 0 0 0 2 0 0 0 26 46 5 4 22 9 6 0 10 7 2 6 0 21 4 3 2 0 2 2 22 3 43
P9196 2045 1 70 45 16 9 7 5 74 66 4 5 54 26 54 68 19 25 4 1 0 0 0 4 2 0 0 0 0 0 0 0 5
P9196 2045 2 6 33 19 13 23 45 3 0 0 2 2 2 4 0 2 1 0 0 0 0 2 1 0 0 1 0 0 0 -999 -999 -999
P9196 2045 3 0 0 0 0 0 2 6 15 7 0 0 6 16 5 34 1 0 0 0 0 0 0 2 2 2 2 1 0 0 0 0
P9196 2045 4 17 0 0 2 13 69 58 1 5 5 19 4 0 4 0 14 0 0 0 0 0 0 0 0 0 0 0 0 2 0 -999
P9196 2045 5 14 0 0 0 0 0 0 44 4 3 0 0 0 0 0 0 0 0 0 0 4 0 0 0 0 0 0 0 0 0 0
P9196 2045 6 0 0 0 0 0 0 0 0 0 0 0 7 7 0 0 18 0 0 0 0 11 22 18 7 11 13 4 0 0 0 -999
P9196 2045 7 0 0 0 0 0 0 0 0 0 0 0 0 0 0 0 0 0 0 0 0 0 0 0 0 0 0 0 0 0 0 0
P9196 2045 8 0 0 0 0 0 0 0 0 0 0 0 0 0 0 0 0 0 0 0 0 0 0 0 0 0 0 0 0 0 0 0
P9196 2045 9 0 0 0 0 0 0 0 0 0 0 0 0 0 0 0 0 5 0 0 0 0 0 0 0 0 0 0 0 0 27 -999
P9196 2045 10 6 0 25 54 4 0 0 0 0 0 0 0 0 0 63 52 64 41 12 0 0 0 0 0 0 0 0 0 0 0 0
P9196 2045 11 21 6 3 2 7 3 0 0 0 0 0 1 3 2 5 47 82 43 2 0 0 0 17 57 8 30 64 45 18 4 -999
P9196 2045 12 3 4 3 3 5 3 2 3 2 1 0 0 0 1 1 0 0 23 7 22 21 5 9 19 35 33 6 4 1 0 2
P9196 2046 1 2 8 38 45 58 44 50 27 10 13 74 16 43 3 24 8 12 7 25 27 3 1 3 2 4 44 64 49 32 26 54
P9196 2046 2 52 40 20 9 7 9 9 6 2 1 7 8 16 47 51 31 11 1 3 2 4 42 9 2 11 26 58 55 -999 -999 -999
P9196 2046 3 49 66 22 7 20 55 73 69 55 32 70 25 76 16 70 26 82 10 7 34 45 5 1 0 0 0 8 50 19 0 1
P9196 2046 4 0 2 4 43 2 0 1 14 7 4 4 2 4 4 22 1 30 8 59 40 5 6 20 34 7 6 5 17 16 1 -999
P9196 2046 5 0 0 0 0 0 0 2 1 0 0 0 0 0 6 0 36 4 2 0 0 0 0 0 0 0 23 11 3 2 0 0
P9196 2046 6 0 0 0 0 0 0 0 0 0 0 0 0 0 0 0 0 0 6 14 4 0 0 0 0 0 0 0 0 0 0 -999
P9196 2046 7 0 0 0 0 0 0 32 6 0 0 0 0 0 0 0 0 0 0 0 0 0 0 0 0 0 0 0 0 0 0 0
P9196 2046 8 0 0 0 0 0 0 0 0 0 0 0 0 0 18 0 0 10 0 0 0 0 0 0 0 0 0 0 0 0 0 0
P9196 2046 9 0 0 0 0 0 0 0 0 0 0 0 0 0 0 0 0 0 0 0 0 0 0 0 0 0 0 0 0 0 0 -999
P9196 2046 10 0 0 5 0 7 45 25 43 0 0 0 0 0 0 0 0 0 0 0 4 3 46 8 9 15 5 7 6 13 48 18
P9196 2046 11 2 0 0 0 10 25 15 32 5 3 0 0 0 3 0 0 0 0 0 0 0 2 2 6 12 5 2 17 51 37 -999
P9196 2046 12 62 56 52 7 18 64 47 22 41 21 19 24 4 79 85 25 18 43 12 5 9 0 1 0 0 0 0 0 0 0 2
P9196 2047 1 0 0 0 0 1 0 4 10 5 18 29 13 8 42 68 86 83 16 66 5 50 32 3 0 0 0 0 0 0 0 4
P9196 2047 2 4 9 5 13 20 7 6 3 2 2 0 4 2 30 0 0 0 0 1 0 0 1 0 13 15 2 19 3 -999 -999 -999
P9196 2047 3 2 25 12 1 21 46 15 3 0 0 0 0 0 0 0 0 0 0 0 0 0 3 44 10 5 2 9 1 0 7 21
P9196 2047 4 52 1 4 3 3 3 6 4 33 57 74 25 2 5 47 7 1 11 3 0 0 2 0 0 0 0 0 9 0 0 -999
P9196 2047 5 0 0 0 0 0 0 0 34 45 31 19 22 22 14 0 0 0 0 0 0 0 0 0 0 0 0 0 0 0 0 0
P9196 2047 6 0 0 0 0 0 0 0 0 0 0 0 0 36 0 4 7 1 0 0 0 0 0 0 0 0 0 0 0 0 0 -999
P9196 2047 7 0 10 6 8 8 0 0 0 0 0 0 0 0 14 0 0 0 0 18 24 4 0 0 0 0 0 0 0 0 0 0
P9196 2047 8 0 0 0 0 0 0 0 0 0 0 0 0 0 0 0 0 0 0 0 0 0 0 0 0 0 0 0 0 0 0 0
P9196 2047 9 0 0 0 0 0 0 0 0 0 0 11 0 0 60 58 44 7 0 0 0 0 0 0 0 34 0 0 0 0 0 -999
P9196 2047 10 13 21 59 41 17 44 24 7 14 64 17 35 10 23 26 30 71 6 51 1 2 5 3 2 0 5 3 1 2 0 0
P9196 2047 11 2 3 6 3 8 8 0 0 21 14 4 3 5 3 14 29 18 4 0 0 0 0 0 0 0 0 0 0 0 0 -999
P9196 2047 12 0 0 0 0 0 0 0 0 0 0 0 0 0 2 1 0 1 0 0 1 0 0 3 4 3 0 0 0 4 2 0
P9196 2048 1 0 15 0 0 0 0 0 0 0 2 3 44 21 21 4 2 2 0 0 1 2 2 0 0 0 0 0 0 0 1 1
P9196 2048 2 0 0 1 1 2 1 1 1 1 7 4 4 13 15 14 20 1 1 1 0 0 0 0 0 0 0 0 0 -999 -999 -999
P9196 2048 3 0 0 0 2 3 4 7 25 35 35 62 9 25 44 5 51 19 4 4 8 24 3 0 4 4 23 6 8 23 6 1
P9196 2048 4 1 0 4 0 5 0 0 0 0 0 0 0 0 0 0 0 0 0 0 0 3 6 26 0 2 0 2 0 0 0 -999
P9196 2048 5 0 35 9 17 6 4 0 0 0 0 0 0 0 22 14 0 8 53 3 0 25 64 4 0 0 0 0 0 0 0 0
P9196 2048 6 0 0 0 0 0 0 0 0 0 0 0 0 0 0 0 0 0 0 0 0 0 0 0 0 0 0 0 0 0 0 -999
P9196 2048 7 0 0 0 0 0 0 0 0 0 0 0 0 0 0 0 0 0 0 0 0 0 0 0 0 0 0 0 0 0 0 0
P9196 2048 8 0 0 0 0 0 0 0 0 0 0 0 0 0 0 0 0 0 0 0 0 0 0 0 0 0 0 0 0 0 0 0
P9196 2048 9 0 0 0 0 0 0 0 0 0 0 0 0 0 0 0 0 33 22 0 0 0 0 0 0 0 0 41 36 66 37 -999
P9196 2048 10 3 3 0 0 0 7 1 0 0 0 0 0 0 0 0 0 0 0 9 5 10 5 2 0 3 2 2 0 0 2 7
P9196 2048 11 1 0 0 8 0 53 12 0 0 0 0 0 0 0 2 7 64 26 42 26 10 2 0 0 0 29 18 12 11 20 -999
P9196 2048 12 46 77 17 6 58 42 1 0 0 0 0 0 0 0 0 0 0 1 5 4 0 2 1 1 0 0 39 33 22 16 0
P9196 2049 1 2 3 6 8 23 0 12 15 5 0 14 18 19 6 0 0 0 7 0 0 7 8 7 6 0 3 5 15 9 12 12
P9196 2049 2 28 42 27 31 11 4 2 0 0 3 0 0 0 14 6 0 0 0 0 0 2 2 2 3 3 12 5 4 -999 -999 -999
P9196 2049 3 2 0 0 0 0 0 0 0 0 0 0 0 0 0 4 8 1 0 0 3 0 7 8 19 3 0 0 2 0 54 9
P9196 2049 4 0 7 0 0 0 0 0 0 0 0 0 0 0 0 0 37 32 0 0 0 0 17 0 0 44 10 0 1 2 0 -999
P9196 2049 5 6 4 4 1 2 4 14 50 67 35 3 14 2 0 0 0 0 0 0 34 57 50 50 65 45 31 38 57 6 2 4
P9196 2049 6 0 0 0 0 0 0 0 0 0 0 0 0 0 0 0 0 0 0 0 0 0 0 0 0 0 0 0 0 0 0 -999
P9196 2049 7 0 0 0 0 0 0 0 0 0 0 0 0 0 0 0 0 0 0 0 0 0 0 0 0 0 0 0 0 0 0 0
P9196 2049 8 0 0 0 0 0 0 0 0 0 0 0 0 0 0 0 0 0 0 0 0 0 0 0 0 0 0 0 0 0 0 0
P9196 2049 9 0 0 0 0 0 0 0 16 0 0 0 0 0 0 0 0 0 0 0 0 45 46 14 2 0 0 0 0 0 0 -999
P9196 2049 10 0 0 0 0 0 0 0 0 0 0 0 10 15 0 13 48 7 0 0 0 0 11 6 14 25 17 0 0 12 13 10
P9196 2049 11 0 37 68 61 57 16 36 45 53 20 75 38 76 45 52 80 80 15 6 7 2 5 2 11 0 0 0 0 0 4 -999
P9196 2049 12 2 27 27 31 2 1 1 2 0 3 2 0 3 0 6 2 7 38 12 53 62 2 2 10 12 6 27 16 59 45 62
P9196 2050 1 78 60 69 45 9 78 5 8 0 12 8 7 14 22 16 28 53 50 3 0 0 0 0 0 14 0 0 2 2 2 1
P9196 2050 2 0 0 0 0 0 1 1 0 0 0 0 0 0 8 3 5 0 0 29 12 19 11 4 20 3 3 0 0 -999 -999 -999
P9196 2050 3 3 46 50 19 24 41 43 0 0 32 29 15 7 5 4 3 19 9 41 7 7 4 0 11 7 11 21 34 10 21 75
P9196 2050 4 19 10 9 8 25 42 31 5 35 6 0 0 33 21 3 8 3 1 0 0 0 0 0 0 10 2 4 1 0 3 -999
P9196 2050 5 2 1 1 2 1 4 0 0 3 0 0 0 0 18 0 0 0 0 33 9 0 9 5 0 0 4 9 7 24 11 4
P9196 2050 6 0 0 0 0 0 0 0 0 0 0 0 0 0 0 0 0 0 0 0 0 0 0 0 0 0 0 0 0 0 0 -999
P9196 2050 7 0 0 0 0 0 0 0 0 0 0 0 0 0 0 0 0 0 0 0 0 0 0 0 0 0 0 0 0 0 0 0
P9196 2050 8 0 0 0 0 0 0 0 0 0 0 0 0 0 0 0 0 0 0 0 0 0 0 14 0 0 0 0 0 0 0 0
P9196 2050 9 0 0 0 0 0 0 0 0 0 0 0 0 0 0 0 0 0 0 0 0 0 0 0 0 0 0 0 0 0 0 -999
P9196 2050 10 20 12 1 1 0 0 0 0 0 0 0 5 0 40 33 0 5 6 0 0 10 24 34 25 25 18 10 4 2 4 5
P9196 2050 11 4 3 2 4 3 27 40 64 50 40 57 21 11 12 0 3 3 2 5 2 12 56 72 17 2 4 22 5 1 8 -999
P9196 2050 12 2 9 15 0 0 0 5 9 3 2 2 2 0 0 2 1 0 3 3 2 0 1 0 0 0 0 0 0 0 0 3
P9196 2051 1 0 3 0 0 0 0 0 0 0 5 0 0 2 18 4 0 2 2 0 2 1 0 0 0 0 0 0 0 0 2 0
P9196 2051 2 0 5 5 0 23 15 0 2 0 0 3 2 0 0 0 9 1 0 5 15 1 0 0 3 1 1 0 0 -999 -999 -999
P9196 2051 3 0 3 0 0 0 4 2 5 4 9 39 49 35 5 22 0 0 0 47 27 10 0 0 0 0 0 0 0 0 0 28
P9196 2051 4 23 11 0 0 0 0 30 12 0 0 23 17 33 25 8 10 9 25 19 33 2 4 21 0 0 0 0 0 0 0 -999
P9196 2051 5 0 0 0 0 0 0 0 0 0 0 7 44 39 4 1 0 0 0 0 0 0 0 0 37 57 52 27 0 0 0 0
P9196 2051 6 0 0 0 0 0 0 0 0 0 0 0 0 0 0 0 0 0 0 0 0 0 0 0 0 0 0 0 0 0 0 -999
P9196 2051 7 0 0 0 0 0 0 0 0 0 0 0 0 0 0 0 0 0 0 0 0 0 0 0 0 0 0 0 0 0 0 0
P9196 2051 8 0 0 0 0 0 0 0 0 0 0 0 0 0 0 0 0 0 0 0 44 0 0 0 0 0 0 0 0 0 0 0
P9196 2051 9 0 0 0 0 0 0 0 0 0 0 21 0 55 5 0 0 0 0 0 0 0 0 0 0 0 34 0 0 0 0 -999
P9196 2051 10 0 0 0 0 63 0 0 0 0 0 0 26 0 0 7 0 0 0 0 0 0 0 0 1 2 0 47 58 57 39 29
P9196 2051 11 27 64 56 9 3 0 0 2 0 1 2 0 0 2 2 4 3 3 0 0 1 1 2 5 4 2 0 0 7 0 -999
P9196 2051 12 4 0 0 19 32 5 3 48 68 2 24 31 3 5 44 81 14 41 2 1 0 0 0 0 0 0 0 0 0 0 0
P9196 2052 1 0 0 0 0 0 0 0 4 9 0 0 0 0 35 17 3 0 0 13 0 0 0 0 6 0 0 0 38 40 52 40
P9196 2052 2 13 49 64 46 33 80 81 45 20 59 44 0 0 0 11 27 22 18 34 13 2 0 0 37 21 6 3 14 -999 -999 -999
P9196 2052 3 0 0 0 0 0 0 0 0 11 0 0 0 0 8 31 70 14 52 67 54 1 9 64 0 1 2 0 0 0 0 0
P9196 2052 4 0 0 0 18 0 0 34 3 0 0 0 5 3 2 0 4 2 0 0 0 0 0 2 0 0 0 0 0 0 3 -999
P9196 2052 5 0 0 0 0 0 0 0 0 0 0 0 17 37 46 36 15 15 20 36 4 0 0 0 0 4 0 0 0 0 0 0
P9196 2052 6 0 0 0 0 0 0 0 0 0 0 0 0 0 0 0 0 0 0 0 0 0 0 0 0 20 19 0 0 0 0 -999
P9196 2052 7 0 0 0 5 0 0 0 0 0 0 0 0 0 0 0 0 0 0 0 0 0 0 0 0 0 0 0 0 0 0 8
P9196 2052 8 42 23 10 2 0 0 0 0 0 0 0 0 0 0 0 0 0 0 0 0 0 0 0 0 0 0 0 0 0 0 0
P9196 2052 9 0 0 0 0 0 0 0 0 0 0 0 0 0 0 0 0 0 0 0 0 0 0 0 0 0 0 0 0 0 0 -999
P9196 2052 10 0 0 0 0 0 0 0 0 0 0 0 0 0 0 9 0 0 0 5 0 0 0 0 0 24 17 0 0 0 0 5
P9196 2052 11 3 26 14 4 0 0 0 0 0 2 2 0 0 0 0 0 2 6 51 15 54 25 44 5 20 3 7 3 5 2 -999
P9196 2052 12 1 3 6 5 1 2 0 0 0 0 0 2 5 11 6 0 7 19 7 6 15 8 3 3 4 0 3 1 4 2 3
P9196 2053 1 2 3 2 2 2 2 2 12 62 67 79 50 60 1 5 16 8 1 0 0 0 0 0 13 0 0 15 21 7 13 42
P9196 2053 2 47 28 51 30 58 22 40 15 29 14 0 0 0 6 11 10 22 16 8 2 2 4 8 47 35 70 73 7 -999 -999 -999
P9196 2053 3 2 0 0 0 0 0 0 0 0 0 0 0 0 0 0 0 0 0 0 0 0 0 0 0 0 0 0 7 8 0 44
P9196 2053 4 35 33 2 2 1 0 0 0 0 0 0 15 37 68 28 3 6 0 0 0 0 0 0 20 70 79 56 0 0 0 -999
P9196 2053 5 0 0 2 0 0 0 0 0 0 0 0 0 0 0 0 0 0 0 0 0 0 0 0 0 0 0 0 0 0 5 2
P9196 2053 6 0 0 0 0 0 0 0 0 0 0 0 0 0 0 0 0 0 17 24 0 0 0 0 0 0 0 0 0 0 0 -999
P9196 2053 7 0 0 0 0 0 0 0 0 0 0 0 0 0 0 0 0 0 0 0 0 0 0 0 0 0 0 0 0 0 0 0
P9196 2053 8 0 0 0 0 0 0 0 0 0 0 0 0 0 0 0 0 0 0 0 0 0 0 0 0 54 0 0 0 0 0 0
P9196 2053 9 0 0 0 0 0 0 0 0 0 0 0 0 0 0 0 0 0 0 32 52 64 57 0 0 0 0 0 64 48 9 -999
P9196 2053 10 4 0 0 0 0 0 0 49 33 0 0 0 0 0 0 0 0 0 0 0 0 0 0 0 0 0 4 0 0 3 0
P9196 2053 11 0 0 4 2 4 0 0 0 0 0 0 0 0 0 53 30 70 28 68 10 39 10 5 7 3 2 0 0 0 0 -999
P9196 2053 12 0 0 0 2 0 0 0 0 2 12 25 66 52 40 5 10 10 9 5 3 3 0 15 66 25 10 0 0 0 0 6
P9196 2054 1 32 10 4 20 21 28 11 6 3 2 1 2 1 0 0 1 4 19 15 4 3 1 1 2 2 0 0 0 0 1 1
P9196 2054 2 0 6 8 17 13 6 5 7 4 0 0 3 0 2 0 0 0 3 0 4 3 3 12 4 0 0 0 0 -999 -999 -999
P9196 2054 3 0 0 0 0 0 0 0 3 2 0 0 0 3 2 10 5 27 4 2 3 4 13 13 1 2 14 6 21 39 9 38
P9196 2054 4 9 19 7 5 2 10 36 13 5 64 5 0 0 0 4 0 2 19 33 50 37 7 5 33 58 63 11 2 0 0 -999
P9196 2054 5 0 38 5 6 4 2 0 26 59 62 23 27 1 0 0 0 0 0 0 0 3 0 0 0 0 0 0 0 0 0 0
P9196 2054 6 0 0 0 0 0 0 0 0 0 0 0 0 0 0 0 0 0 0 0 0 0 0 0 0 0 0 0 0 0 0 -999
P9196 2054 7 0 0 0 0 0 0 0 0 0 0 0 0 0 0 0 0 0 26 7 4 0 0 0 0 0 0 0 0 0 0 0
P9196 2054 8 0 0 0 0 0 0 0 0 0 0 0 0 0 0 0 0 0 0 0 0 0 0 0 0 0 0 0 0 0 0 0
P9196 2054 9 0 0 0 0 0 0 0 0 0 0 0 0 0 0 0 0 0 0 0 0 0 0 45 25 0 0 0 0 0 0 -999
P9196 2054 10 0 0 0 0 0 0 0 24 6 0 45 13 8 0 0 0 0 0 0 0 47 66 2 3 3 1 0 3 6 6 35
P9196 2054 11 71 78 56 17 79 35 5 29 62 0 0 0 0 0 0 3 2 0 2 2 0 0 0 0 2 2 6 8 29 9 -999
P9196 2054 12 29 4 0 0 0 1 0 0 0 4 4 3 12 9 3 0 1 1 0 0 0 1 2 1 0 0 0 0 0 0 0
P9196 2055 1 0 0 4 38 72 37 9 0 0 44 48 63 51 31 45 61 38 47 40 62 46 79 52 10 5 3 1 1 3 2 3
P9196 2055 2 2 0 0 0 0 0 1 0 0 1 0 0 4 4 11 44 2 5 4 2 5 4 0 0 0 0 0 0 -999 -999 -999
P9196 2055 3 0 35 40 36 6 21 41 14 47 73 13 7 36 31 11 10 34 42 3 14 5 4 8 41 12 43 39 8 40 33 3
P9196 2055 4 0 0 0 3 0 6 27 1 20 8 1 3 4 1 5 0 0 0 0 0 54 47 63 58 30 21 25 20 4 13 -999
P9196 2055 5 16 49 78 29 6 0 45 33 24 3 0 4 9 15 13 0 0 0 0 0 0 0 0 0 0 0 0 0 0 0 0
P9196 2055 6 8 0 0 0 0 0 0 0 0 0 0 0 0 0 55 14 6 12 5 6 4 5 0 0 0 0 0 0 0 0 -999
P9196 2055 7 0 0 0 0 0 0 0 0 0 0 0 0 0 0 0 0 0 0 0 0 0 0 0 0 0 0 0 0 0 0 0
P9196 2055 8 0 0 0 0 0 0 0 0 0 0 0 0 0 0 0 0 0 0 0 0 0 0 0 0 0 0 0 0 0 0 0
P9196 2055 9 0 0 0 0 0 0 0 0 0 0 0 0 0 0 0 0 0 0 0 0 0 0 0 4 4 0 0 0 0 0 -999
P9196 2055 10 3 0 0 0 0 0 0 18 2 0 0 11 3 0 4 0 0 3 4 0 3 2 15 45 8 3 2 0 0 0 0
P9196 2055 11 0 19 0 0 13 69 78 57 3 0 0 7 0 5 0 6 2 0 0 0 4 3 6 20 2 1 0 0 3 10 -999
P9196 2055 12 28 36 2 1 0 0 0 0 0 20 37 61 31 20 21 9 4 3 2 36 40 9 2 0 0 0 0 0 0 2 8
P9196 2056 1 1 1 1 2 2 3 46 1 3 0 1 0 0 0 2 3 3 2 0 4 18 16 30 5 29 1 8 10 2 2 3
P9196 2056 2 0 0 0 2 2 0 0 0 0 0 0 0 0 0 0 1 2 0 0 1 2 5 3 0 0 0 0 0 -999 -999 -999
P9196 2056 3 0 0 18 2 0 0 5 3 3 41 3 0 0 0 0 41 10 4 3 3 2 0 0 3 0 50 43 41 15 30 8
P9196 2056 4 0 0 0 0 0 8 0 4 5 0 0 0 0 0 0 0 9 0 0 19 15 25 40 15 0 19 19 23 2 0 -999
P9196 2056 5 14 22 33 6 5 47 4 0 1 0 6 10 4 0 0 0 0 0 0 0 0 0 0 0 14 2 17 6 6 0 0
P9196 2056 6 40 26 0 0 11 5 10 0 0 0 0 0 0 0 0 0 0 0 0 0 0 0 0 0 0 0 0 0 0 0 -999
P9196 2056 7 0 0 0 0 0 0 0 0 0 0 0 0 0 0 0 0 0 0 0 0 0 0 0 0 0 0 0 0 0 0 0
P9196 2056 8 0 0 0 0 0 0 0 0 0 0 0 0 0 0 0 0 0 0 0 0 0 0 0 0 0 0 0 0 0 0 0
P9196 2056 9 0 0 0 0 0 0 0 0 0 0 0 0 0 0 0 0 0 0 0 0 0 0 0 0 0 0 0 0 13 0 -999
P9196 2056 10 0 13 7 0 0 0 0 0 0 0 0 0 0 0 0 0 0 0 0 0 0 0 12 73 65 13 0 0 0 0 0
P9196 2056 11 0 0 5 9 33 27 31 14 3 0 0 0 0 7 0 0 0 0 13 11 3 2 2 13 20 17 0 0 35 56 -999
P9196 2056 12 26 63 64 58 73 55 49 13 7 14 57 32 2 7 12 31 11 40 9 14 62 4 0 0 0 0 0 0 0 0 0
P9196 2057 1 0 2 0 0 3 4 10 8 12 4 0 0 3 4 0 0 0 0 0 0 0 0 0 1 4 25 43 61 41 1 19
P9196 2057 2 7 5 8 7 38 71 44 48 43 28 2 0 0 0 4 0 0 7 17 56 8 2 5 6 5 0 0 0 -999 -999 -999
P9196 2057 3 0 0 0 0 6 5 7 0 0 8 3 0 0 0 0 0 6 2 0 0 0 0 0 4 7 4 5 5 3 4 6
P9196 2057 4 4 0 0 0 0 0 0 26 21 16 20 22 7 9 40 69 16 15 7 2 2 8 0 0 0 0 0 12 0 0 -999
P9196 2057 5 0 0 0 0 0 0 0 0 0 0 0 0 5 6 29 33 50 24 1 0 0 0 0 0 11 32 31 23 32 8 5
P9196 2057 6 6 6 4 0 0 0 0 0 0 6 0 0 0 0 0 0 0 0 0 0 0 0 0 0 0 0 0 0 0 0 -999
P9196 2057 7 0 0 0 0 0 0 0 0 0 0 0 0 0 0 0 0 0 0 0 0 0 0 0 0 0 0 0 0 0 0 0
P9196 2057 8 0 0 0 0 0 0 0 0 0 0 0 0 0 0 0 0 0 0 0 0 0 0 0 0 0 0 0 0 0 0 0
P9196 2057 9 0 0 0 0 0 0 34 0 0 0 0 0 0 0 0 0 0 0 0 9 0 0 0 0 0 54 7 0 0 0 -999
P9196 2057 10 0 0 4 0 0 0 0 0 0 0 0 0 0 0 0 0 0 3 0 0 0 0 0 0 0 0 0 0 4 4 7
P9196 2057 11 6 2 41 72 25 42 0 19 20 15 69 64 19 16 6 7 7 7 3 4 1 1 0 0 0 0 0 0 0 0 -999
P9196 2057 12 0 0 0 0 0 2 2 3 25 12 42 54 71 15 12 1 1 0 0 0 0 0 0 0 0 0 0 0 0 5 0
P9196 2058 1 0 0 0 0 0 0 0 0 10 25 5 8 7 42 22 0 4 0 0 0 0 0 0 0 0 3 5 1 2 3 4
P9196 2058 2 6 2 0 0 0 0 0 0 0 0 2 3 7 3 4 3 2 0 0 0 0 0 0 0 0 0 0 0 -999 -999 -999
P9196 2058 3 0 0 0 0 1 0 0 0 0 0 0 0 0 0 0 0 3 1 0 3 37 9 5 43 47 44 2 0 1 0 1
P9196 2058 4 0 0 0 3 1 2 0 0 0 7 1 3 4 3 2 0 0 7 2 1 0 0 0 0 0 0 0 0 0 0 -999
P9196 2058 5 0 0 0 0 18 0 0 25 8 0 0 0 0 0 0 0 0 0 0 0 0 0 0 4 0 0 0 16 22 26 10
P9196 2058 6 28 0 0 0 0 0 0 0 0 0 0 0 0 0 0 0 0 0 0 0 0 0 0 0 0 0 0 0 0 0 -999
P9196 2058 7 0 0 0 0 0 0 0 0 0 0 0 0 0 0 0 0 3 3 0 0 0 0 0 0 0 0 0 0 0 0 0
P9196 2058 8 0 0 0 0 0 0 0 0 0 0 0 0 0 0 0 0 0 0 0 0 0 0 0 0 0 0 0 0 0 0 0
P9196 2058 9 0 0 0 0 0 0 0 0 0 0 0 0 0 0 9 0 0 0 0 0 0 0 7 0 8 0 0 0 0 0 -999
P9196 2058 10 0 0 0 0 0 0 0 0 0 0 0 0 0 0 0 0 0 0 0 0 0 4 4 3 0 0 0 0 0 0 0
P9196 2058 11 0 0 0 0 0 0 0 21 31 14 12 7 1 4 7 33 9 72 60 84 12 6 8 2 3 23 42 66 69 36 -999
P9196 2058 12 2 19 6 2 2 2 3 1 1 0 0 0 0 0 5 2 5 39 58 36 15 8 3 4 3 5 49 27 1 2 37
P9196 2059 1 9 36 7 4 1 1 1 2 0 0 0 0 0 0 12 3 2 2 3 7 31 3 3 2 5 1 0 0 1 0 0
P9196 2059 2 1 1 0 0 0 0 0 0 0 0 0 0 0 0 0 1 0 0 0 0 0 0 0 0 0 0 0 0 -999 -999 -999
P9196 2059 3 0 0 0 0 0 0 0 0 0 0 0 9 6 3 0 0 0 0 0 4 26 4 11 36 5 36 1 5 7 4 1
P9196 2059 4 1 1 0 0 0 0 0 0 0 0 0 0 0 0 0 0 0 0 0 2 4 4 6 13 13 3 0 0 27 11 -999
P9196 2059 5 0 0 0 37 42 16 11 21 18 13 8 0 8 0 0 5 2 4 0 0 0 0 0 0 0 0 0 0 0 0 0
P9196 2059 6 0 0 0 0 0 0 0 0 0 0 0 0 0 0 0 0 0 0 0 0 0 0 0 0 0 0 0 0 0 0 -999
P9196 2059 7 0 0 0 0 0 0 0 0 0 0 0 0 0 0 0 4 6 0 0 0 0 0 0 0 0 0 0 0 0 0 0
P9196 2059 8 0 0 0 0 0 0 0 0 0 0 0 0 0 0 0 0 0 0 0 0 0 0 0 0 0 0 0 0 0 0 0
P9196 2059 9 0 0 0 0 0 0 0 0 0 0 0 0 0 0 0 0 0 0 0 0 0 0 0 9 20 0 0 0 0 0 -999
P9196 2059 10 0 0 0 0 0 0 0 0 0 0 0 0 0 0 16 27 0 0 0 10 18 40 70 36 4 6 2 0 0 40 0
P9196 2059 11 25 34 0 37 0 0 0 3 2 2 21 4 3 23 72 36 4 4 2 2 2 3 51 16 1 1 21 3 2 2 -999
P9196 2059 12 0 0 0 0 0 0 1 5 4 3 1 2 0 0 1 0 0 0 0 0 0 0 0 0 0 0 5 52 45 20 3
P9196 2060 1 3 19 54 47 44 23 0 0 0 4 3 0 0 0 0 0 0 0 0 0 0 0 0 0 0 1 2 1 1 2 1
P9196 2060 2 0 0 0 2 14 8 13 6 40 23 31 53 10 53 83 61 26 23 6 1 8 4 23 23 24 5 16 12 -999 -999 -999
P9196 2060 3 23 23 25 12 11 40 41 59 14 7 0 0 0 0 0 0 53 53 61 57 81 64 11 2 1 0 3 35 9 6 2
P9196 2060 4 0 0 0 0 0 0 0 0 0 0 27 19 0 0 0 0 0 0 0 0 0 0 0 0 0 0 0 0 0 0 -999
P9196 2060 5 0 0 0 0 0 0 0 0 0 0 0 0 0 0 0 0 0 0 0 0 0 0 0 0 0 0 0 0 15 0 0
P9196 2060 6 0 25 0 0 22 29 45 31 8 4 6 3 3 12 8 0 0 0 0 0 0 0 0 0 0 0 0 0 0 0 -999
P9196 2060 7 0 0 0 0 0 0 0 0 0 0 0 0 0 0 0 0 0 0 0 0 0 0 0 0 0 0 0 0 0 0 0
P9196 2060 8 0 0 0 0 0 0 0 0 0 0 0 0 0 0 0 0 0 0 0 0 0 0 0 0 0 0 0 0 0 0 0
P9196 2060 9 0 0 0 0 0 0 0 0 0 0 0 0 0 0 0 6 0 0 0 0 0 0 0 0 0 0 32 0 0 0 -999
P9196 2060 10 0 0 0 0 0 0 0 0 0 0 8 53 25 40 3 4 0 3 0 0 4 3 5 5 21 0 0 32 16 10 72
P9196 2060 11 74 10 7 4 2 2 0 0 21 3 0 2 1 0 1 2 2 6 1 0 0 1 0 1 3 5 8 2 6 2 -999
P9196 2060 12 0 3 9 5 11 43 4 0 5 5 0 0 0 4 3 14 3 8 0 24 43 0 1 1 2 3 2 3 2 1 0
P9196 2061 1 0 0 0 2 0 0 0 0 0 2 4 0 0 11 5 0 25 3 50 5 31 40 65 41 77 56 76 19 8 5 9
P9196 2061 2 2 0 0 0 3 0 0 0 10 14 23 17 10 45 34 6 5 12 2 30 8 14 1 3 10 2 13 4 -999 -999 -999
P9196 2061 3 65 55 14 32 3 1 14 6 8 10 57 4 28 14 39 26 2 39 63 20 4 0 0 0 0 0 0 0 0 0 0
P9196 2061 4 0 0 11 7 12 28 28 54 63 12 28 28 22 12 4 0 0 58 47 11 1 0 0 0 16 10 16 0 0 0 -999
P9196 2061 5 0 0 38 11 17 6 0 0 0 0 0 0 0 0 0 0 0 0 0 0 0 0 0 0 0 0 0 0 0 0 0
P9196 2061 6 0 0 0 0 0 0 0 0 0 0 0 0 0 14 0 0 0 0 0 0 0 0 0 0 0 0 0 0 0 0 -999
P9196 2061 7 0 0 0 0 0 0 0 0 0 0 0 0 0 0 0 0 0 0 0 0 0 0 0 0 0 0 0 0 0 0 0
P9196 2061 8 0 0 0 0 0 0 0 0 0 0 0 0 0 0 0 0 0 0 0 0 0 0 0 0 0 0 0 0 0 0 0
P9196 2061 9 0 0 0 0 0 0 0 0 0 0 0 0 0 0 0 22 61 67 79 45 42 11 0 0 0 0 0 0 0 0 -999
P9196 2061 10 0 17 4 3 0 24 24 8 68 39 0 0 0 4 0 2 3 3 0 0 0 0 0 0 23 33 49 9 3 0 0
P9196 2061 11 0 0 12 0 0 5 6 12 5 9 1 0 0 0 0 0 0 0 9 0 0 0 0 0 1 1 2 2 3 5 -999
P9196 2061 12 40 67 44 0 0 0 0 2 0 0 2 5 2 0 0 0 0 9 3 2 2 2 0 0 0 0 0 0 3 12 0
P9196 2062 1 0 0 0 0 0 0 0 0 0 0 0 0 16 10 38 43 13 19 1 1 2 2 0 0 0 5 6 9 1 8 63
P9196 2062 2 16 25 5 11 1 10 27 23 19 7 0 0 0 0 0 2 8 14 19 5 10 35 60 46 64 22 39 2 -999 -999 -999
P9196 2062 3 0 0 0 0 0 3 2 0 0 5 3 0 4 12 0 0 0 0 0 0 0 0 7 5 4 40 2 0 0 0 0
P9196 2062 4 4 3 1 0 0 20 0 0 0 16 34 1 0 0 0 0 2 4 0 2 6 5 11 54 18 7 0 0 0 0 -999
P9196 2062 5 0 0 58 14 0 0 0 33 17 0 0 0 0 0 0 0 0 0 3 0 0 0 0 0 0 0 0 16 26 5 9
P9196 2062 6 5 2 0 0 0 0 0 0 0 0 0 0 0 0 0 0 0 0 0 0 0 0 0 0 0 0 0 0 0 0 -999
P9196 2062 7 0 0 0 0 0 0 0 0 0 0 0 0 0 0 0 0 0 0 0 0 0 0 0 0 0 0 0 0 0 0 0
P9196 2062 8 0 0 0 0 0 0 0 0 0 0 0 0 0 0 0 0 0 0 0 0 0 0 0 0 0 0 0 0 0 0 0
P9196 2062 9 0 0 0 0 0 0 0 0 0 0 0 0 0 0 0 0 0 0 0 0 0 0 0 0 0 0 0 0 0 0 -999
P9196 2062 10 0 0 0 0 0 0 46 50 0 0 0 0 0 0 0 0 0 0 14 45 13 37 24 9 20 26 6 9 6 4 0
P9196 2062 11 0 0 7 17 60 52 3 0 0 0 19 5 0 0 4 0 0 8 5 35 14 8 47 19 32 1 0 4 0 2 -999
P9196 2062 12 1 1 0 0 0 0 7 0 0 56 47 5 0 0 0 56 3 3 3 3 7 5 8 7 15 0 0 0 2 0 0
P9196 2063 1 0 0 0 0 2 3 0 0 0 0 0 1 1 1 0 0 0 0 0 0 5 0 0 6 0 3 13 3 1 0 0
P9196 2063 2 0 0 0 0 0 0 8 8 7 1 0 0 1 2 18 0 0 2 0 0 2 1 5 2 1 1 0 5 -999 -999 -999
P9196 2063 3 3 0 0 0 0 0 8 1 3 6 26 14 32 34 36 47 3 11 7 16 18 23 0 0 0 53 62 67 43 3 0
P9196 2063 4 21 23 9 6 10 0 0 0 0 43 73 5 1 1 2 28 22 41 3 0 0 4 6 1 7 3 6 14 6 1 -999
P9196 2063 5 0 0 0 0 0 0 0 0 0 9 5 5 26 17 10 6 2 3 3 3 2 7 1 0 0 0 0 0 0 0 0
P9196 2063 6 0 0 0 0 0 0 0 0 0 0 0 0 0 0 0 0 0 0 0 0 0 0 0 0 0 0 0 0 0 0 -999
P9196 2063 7 0 0 0 0 0 0 0 0 0 0 0 0 0 0 0 0 0 0 0 0 0 0 0 0 0 0 0 0 0 0 0
P9196 2063 8 0 0 0 0 0 0 0 0 0 0 0 0 0 0 0 0 0 0 0 0 0 0 0 0 0 0 0 0 0 0 0
P9196 2063 9 0 0 0 0 0 0 0 0 0 0 0 0 0 0 0 0 0 28 0 0 0 0 0 0 0 42 62 4 6 0 -999
P9196 2063 10 0 0 0 0 0 8 0 0 8 15 51 4 4 12 8 4 3 3 4 40 22 20 8 0 0 0 6 41 13 19 0
P9196 2063 11 0 0 0 0 0 0 0 0 0 2 0 0 0 2 0 0 0 0 0 0 1 2 0 3 38 2 0 20 12 14 -999
P9196 2063 12 10 11 24 0 26 31 8 3 2 8 4 15 3 4 1 0 8 9 3 0 2 0 9 17 5 14 14 4 4 18 3
P9196 2064 1 2 3 2 4 3 5 1 0 3 14 56 61 24 33 3 1 2 0 0 0 0 28 0 0 0 0 11 9 13 2 0
P9196 2064 2 2 0 0 0 0 0 0 0 0 0 0 0 0 42 18 17 21 13 2 2 0 0 0 0 0 12 21 26 -999 -999 -999
P9196 2064 3 3 17 45 70 42 17 5 2 3 4 21 1 2 2 0 5 0 6 3 3 2 5 46 2 1 0 1 0 0 28 16
P9196 2064 4 13 16 17 45 0 0 0 2 0 1 0 0 0 0 0 0 6 9 1 1 0 0 0 34 26 17 41 43 0 0 -999
P9196 2064 5 0 13 2 0 0 0 0 0 0 0 0 2 0 2 0 0 0 0 0 0 0 0 0 0 0 0 0 0 0 0 0
P9196 2064 6 0 0 0 0 0 0 0 0 0 0 0 0 0 0 0 0 0 0 0 0 0 0 0 0 0 0 0 0 0 0 -999
P9196 2064 7 0 0 0 0 0 0 0 0 0 0 0 0 0 0 0 0 0 0 0 0 0 0 0 0 0 0 0 0 0 0 0
P9196 2064 8 0 0 0 0 0 0 0 0 0 0 0 0 0 0 0 0 0 0 0 0 0 0 0 0 0 0 0 0 0 0 0
P9196 2064 9 0 0 0 0 0 0 0 0 0 0 0 0 0 0 0 0 0 0 0 0 0 0 0 0 0 0 0 14 0 3 -999
P9196 2064 10 3 3 3 5 0 0 0 0 0 24 0 0 0 0 0 0 0 0 0 8 13 3 8 16 3 0 2 0 0 0 0
P9196 2064 11 0 0 0 0 2 4 1 3 2 6 0 0 2 3 3 1 0 0 0 0 0 0 0 30 13 9 7 21 36 8 -999
P9196 2064 12 2 4 3 5 5 3 0 9 39 61 33 12 0 0 0 0 3 3 9 50 26 51 4 2 2 10 8 23 4 32 11
P9196 2065 1 14 44 14 3 1 10 54 56 56 72 20 3 0 1 0 0 0 0 0 0 0 0 3 1 0 0 0 2 0 0 2
P9196 2065 2 4 7 22 29 2 0 0 0 0 2 5 0 0 0 0 0 0 0 2 5 16 0 3 2 4 5 2 2 -999 -999 -999
P9196 2065 3 0 0 0 1 2 5 7 2 5 20 0 0 0 0 0 2 5 21 0 0 2 2 0 20 4 62 35 41 12 30 61
P9196 2065 4 15 10 24 5 1 0 0 0 0 2 13 23 0 30 27 0 0 0 0 0 0 0 0 0 19 15 2 0 9 4 -999
P9196 2065 5 1 0 8 2 14 0 10 9 5 6 2 0 0 0 0 5 9 0 0 0 2 0 0 0 0 0 0 0 0 0 4
P9196 2065 6 17 33 15 31 26 10 9 2 4 0 15 55 10 0 0 0 0 0 0 0 0 0 0 0 0 0 0 0 0 0 -999
P9196 2065 7 0 0 0 0 0 0 0 0 0 0 0 0 0 0 0 0 0 0 0 0 0 0 0 0 0 0 0 0 0 0 0
P9196 2065 8 0 0 0 0 0 0 0 0 0 0 0 0 0 0 0 0 0 0 0 0 0 0 0 0 0 0 0 0 0 0 0
P9196 2065 9 0 0 0 0 0 0 0 0 0 0 0 0 0 0 0 0 0 0 0 0 54 62 76 78 50 19 11 15 0 0 -999
P9196 2065 10 0 0 0 0 0 0 0 0 0 0 21 0 0 0 0 0 34 55 51 2 0 0 3 0 0 0 0 0 0 0 0
P9196 2065 11 4 0 0 0 14 6 6 6 3 2 0 0 12 11 0 0 0 0 0 0 0 9 0 0 3 2 0 0 0 0 -999
P9196 2065 12 0 0 0 0 0 2 0 0 0 5 15 31 3 0 0 0 0 0 5 10 31 14 60 30 19 29 5 21 15 0 3
P9196 2066 1 2 0 2 9 25 0 0 2 3 0 6 5 3 3 7 0 11 3 0 0 0 0 0 0 0 0 0 0 0 0 0
P9196 2066 2 0 0 0 0 0 3 11 8 7 0 0 0 0 0 0 0 0 0 11 4 0 0 0 21 4 47 2 7 -999 -999 -999
P9196 2066 3 67 68 66 59 56 28 38 39 37 25 19 25 5 24 16 21 6 3 0 29 19 16 4 1 1 0 0 16 15 16 42
P9196 2066 4 18 9 0 0 0 0 20 8 0 0 0 0 0 0 0 3 8 9 4 0 4 0 0 0 0 0 0 0 0 0 -999
P9196 2066 5 0 0 0 0 0 0 0 0 0 0 0 0 0 0 0 0 0 0 0 0 0 0 0 0 0 0 0 0 0 0 0
P9196 2066 6 11 0 0 0 0 0 0 0 0 0 0 0 0 0 0 0 0 0 0 0 0 0 0 0 0 0 0 0 0 0 -999
P9196 2066 7 0 0 0 0 0 0 0 0 0 0 0 0 0 0 0 0 0 0 0 0 0 0 0 0 0 0 0 0 0 0 0
P9196 2066 8 0 0 0 0 0 0 0 0 0 0 0 0 0 0 0 0 0 0 0 0 0 0 0 0 0 0 0 0 0 0 0
P9196 2066 9 0 0 0 0 0 0 0 0 0 0 0 0 0 0 0 0 0 0 0 0 0 0 0 0 0 0 0 0 0 0 -999
P9196 2066 10 0 0 0 0 0 0 0 0 0 0 0 9 58 15 24 45 45 17 10 6 0 0 0 0 0 0 44 37 16 18 69
P9196 2066 11 31 13 13 11 21 49 46 43 60 27 0 3 0 0 0 13 6 11 32 50 46 63 5 0 0 15 56 47 66 66 -999
P9196 2066 12 58 77 76 0 0 0 4 5 6 7 4 55 42 64 13 6 49 25 1 1 2 3 15 6 3 18 15 21 9 9 12
P9196 2067 1 13 19 40 51 30 17 14 16 0 7 10 21 23 33 25 22 23 55 73 3 3 39 41 17 11 11 12 8 27 11 6
P9196 2067 2 5 4 3 0 0 0 1 13 40 6 20 45 6 0 0 0 0 2 4 4 6 8 4 2 0 0 0 0 -999 -999 -999
P9196 2067 3 1 0 2 12 2 0 2 2 2 2 4 8 4 2 5 26 7 2 0 0 0 0 0 0 5 8 34 37 2 1 0
P9196 2067 4 0 0 0 0 0 5 9 32 12 1 0 0 0 14 6 3 2 2 7 2 1 0 0 3 11 27 13 14 0 11 -999
P9196 2067 5 0 0 0 0 0 44 37 16 0 5 6 4 14 18 6 0 9 10 39 41 18 14 3 2 0 0 0 0 0 0 0
P9196 2067 6 0 0 0 0 0 0 0 50 0 0 0 0 16 0 0 0 0 0 0 0 0 0 0 0 0 0 0 0 0 0 -999
P9196 2067 7 0 0 0 0 0 0 0 0 0 0 0 0 0 0 0 0 0 0 0 0 0 0 0 0 0 0 0 0 0 0 0
P9196 2067 8 0 0 0 0 0 0 0 0 0 0 0 0 0 0 0 0 0 0 0 0 0 0 0 0 0 0 0 0 0 0 0
P9196 2067 9 0 0 0 0 0 0 0 0 0 0 0 0 0 0 0 0 0 0 0 0 0 0 0 0 0 0 25 25 0 0 -999
P9196 2067 10 0 0 0 0 0 12 27 33 0 9 0 0 0 0 0 0 0 0 0 0 0 0 0 0 0 0 0 0 0 14 45
P9196 2067 11 11 28 62 39 10 22 75 59 51 9 9 16 11 4 12 8 5 30 71 3 0 0 0 0 5 0 1 1 4 2 -999
P9196 2067 12 2 2 0 19 50 48 3 0 44 19 41 64 5 11 0 0 0 0 0 9 5 19 4 0 0 0 0 0 0 0 0
P9196 2068 1 2 0 1 1 0 0 0 2 2 11 11 5 2 1 1 2 2 13 0 4 4 0 0 11 8 32 2 0 40 42 47
P9196 2068 2 3 6 4 2 3 9 7 36 39 39 5 21 21 0 25 42 0 0 2 2 3 3 7 4 11 0 0 0 -999 -999 -999
P9196 2068 3 1 0 2 5 8 3 0 0 0 74 34 13 0 0 0 0 13 0 0 11 2 0 10 27 0 0 0 0 0 0 2
P9196 2068 4 4 5 2 8 14 12 1 0 0 0 0 0 0 0 0 0 0 0 0 0 0 0 4 5 7 2 3 14 0 0 -999
P9196 2068 5 0 0 0 44 0 0 0 3 2 4 8 59 55 8 34 14 4 7 7 16 16 0 0 0 0 0 0 0 0 0 0
P9196 2068 6 0 0 0 0 0 0 0 0 0 0 0 0 0 3 0 0 0 0 0 0 0 0 0 0 0 0 0 0 0 0 -999
P9196 2068 7 0 0 0 0 0 0 0 0 0 0 0 0 0 0 0 0 0 0 0 0 0 0 0 0 0 0 0 0 0 0 0
P9196 2068 8 0 0 0 0 0 0 0 0 0 0 0 0 0 0 0 0 0 0 0 0 0 0 0 0 0 0 0 0 0 0 0
P9196 2068 9 0 0 0 0 0 0 0 0 0 0 0 0 0 0 0 0 9 18 0 0 36 67 59 30 15 0 15 18 22 26 -999
P9196 2068 10 5 15 0 0 0 0 10 11 2 0 0 0 27 28 7 0 0 0 0 15 10 6 59 20 1 1 2 0 14 7 17
P9196 2068 11 3 0 0 0 0 0 0 0 0 0 0 0 0 0 6 32 1 1 6 3 22 72 15 32 13 0 0 0 0 38 -999
P9196 2068 12 4 14 14 6 75 55 7 3 16 4 20 2 4 3 28 55 79 81 46 9 5 2 0 0 2 4 0 0 0 0 0
P9196 2069 1 0 0 0 0 0 2 3 0 2 35 20 5 1 0 0 0 0 0 0 0 0 0 0 0 8 14 25 40 68 68 40
P9196 2069 2 31 11 3 2 64 19 3 9 46 41 4 2 4 10 2 1 0 0 0 0 0 0 2 1 1 2 2 3 -999 -999 -999
P9196 2069 3 48 57 7 6 25 0 30 0 16 18 20 6 0 0 0 0 0 0 0 0 2 0 2 3 2 2 4 26 54 2 2
P9196 2069 4 3 0 0 0 0 0 35 53 15 12 73 52 10 36 48 36 22 26 53 44 1 3 4 3 0 0 0 24 17 39 -999
P9196 2069 5 50 17 4 4 5 49 62 46 9 5 2 0 0 0 0 4 3 0 9 24 3 0 0 0 9 0 0 3 2 2 0
P9196 2069 6 3 0 0 0 0 0 0 0 0 0 0 0 0 0 0 0 0 0 0 0 0 0 0 0 0 0 0 0 0 0 -999
P9196 2069 7 0 6 3 0 0 0 0 0 0 0 0 0 0 0 0 0 0 0 0 0 0 0 0 0 0 0 0 0 0 0 0
P9196 2069 8 0 0 0 0 0 0 0 0 0 0 0 0 0 0 0 0 0 0 0 0 0 0 0 0 0 0 0 0 0 0 0
P9196 2069 9 0 0 0 0 0 0 0 0 13 4 0 0 0 0 0 0 0 0 0 14 0 0 0 0 5 0 16 19 53 41 -999
P9196 2069 10 47 30 44 7 0 0 0 0 0 0 0 0 0 0 6 4 4 0 0 2 13 31 40 7 5 1 0 0 0 0 17
P9196 2069 11 43 56 58 13 3 0 0 0 34 33 77 53 35 30 11 0 0 0 0 0 12 5 8 39 8 29 7 61 72 1 -999
P9196 2069 12 0 12 49 49 30 15 11 5 1 0 0 0 9 0 0 0 0 0 0 0 0 0 43 15 3 2 2 0 20 4 0
P9196 2070 1 15 25 13 7 8 3 1 2 31 3 3 2 2 2 0 0 3 5 14 41 25 23 51 41 21 5 61 2 5 65 57
P9196 2070 2 35 45 67 13 3 3 7 3 7 44 18 14 0 0 0 28 22 3 3 0 4 11 57 30 46 14 64 8 -999 -999 -999
P9196 2070 3 12 0 0 0 10 0 0 0 20 51 63 49 14 6 4 0 2 13 26 4 39 68 25 5 58 6 0 0 0 0 0
P9196 2070 4 40 29 7 0 29 25 12 27 10 7 11 17 3 14 48 18 9 1 2 0 0 9 12 2 4 1 2 10 1 0 -999
P9196 2070 5 0 0 0 16 17 7 11 12 0 3 2 18 30 78 27 10 3 5 3 0 0 0 0 0 0 0 0 0 0 0 0
P9196 2070 6 0 0 24 18 15 0 0 0 0 0 0 0 0 0 0 0 0 0 0 0 0 0 0 0 0 0 0 0 0 0 -999
P9196 2070 7 0 0 0 0 0 0 0 0 0 0 0 0 0 0 0 0 0 0 0 0 0 0 0 0 0 0 0 0 0 0 0
P9196 2070 8 0 0 0 0 0 0 0 0 0 0 0 0 0 0 0 0 0 0 0 0 0 0 0 0 0 0 0 0 0 0 0
P9196 2070 9 0 0 0 0 0 0 0 0 0 0 0 0 0 0 0 0 0 0 0 0 0 0 0 0 0 0 0 35 7 28 -999
P9196 2070 10 10 0 0 0 0 0 31 31 12 21 45 48 32 15 8 0 0 4 38 77 63 64 23 2 0 0 0 0 9 3 6
P9196 2070 11 0 0 45 20 4 5 18 17 31 16 28 54 40 11 4 14 22 3 13 17 7 41 34 16 4 0 0 0 0 2 -999
P9196 2070 12 0 3 3 0 0 0 0 0 0 3 3 2 3 0 0 0 0 0 1 1 3 37 7 3 5 3 5 14 15 3 5
P9196 2071 1 0 3 3 15 2 1 0 2 13 15 9 11 14 20 29 74 75 72 63 29 22 11 59 46 37 1 1 3 3 9 36
P9196 2071 2 7 3 2 2 27 25 7 3 2 0 0 1 2 0 0 1 0 1 5 9 6 5 1 2 10 40 58 4 -999 -999 -999
P9196 2071 3 2 0 0 0 2 2 5 2 2 3 5 3 0 0 0 0 0 0 8 0 0 0 0 0 0 7 0 0 5 2 0
P9196 2071 4 0 0 0 0 0 0 0 0 0 0 0 0 0 0 0 0 0 0 0 0 30 14 0 0 0 0 0 0 0 0 -999
P9196 2071 5 0 0 0 0 0 0 0 0 0 0 0 0 0 0 9 5 10 0 0 0 0 0 0 0 0 0 0 0 0 0 0
P9196 2071 6 0 0 0 0 0 0 22 14 4 0 0 0 0 0 0 0 0 0 0 0 0 0 0 0 0 0 0 0 0 0 -999
P9196 2071 7 0 0 0 0 0 0 0 0 0 0 0 0 0 0 0 0 0 0 0 0 0 0 0 0 0 0 0 0 0 0 0
P9196 2071 8 0 0 0 0 0 0 0 0 0 0 0 0 0 0 0 0 0 0 0 0 0 0 0 0 0 0 0 0 0 0 0
P9196 2071 9 0 0 0 0 0 0 0 0 0 0 0 0 0 0 0 0 0 0 0 0 0 0 0 0 0 0 0 0 0 0 -999
P9196 2071 10 0 0 0 0 0 0 0 0 4 3 2 0 2 0 0 0 0 0 0 0 0 0 0 0 27 0 0 0 0 0 0
P9196 2071 11 12 7 1 5 2 8 32 59 44 10 6 21 4 2 2 7 2 3 0 0 0 0 0 0 0 10 6 0 0 0 -999
P9196 2071 12 0 2 1 1 3 9 6 6 0 0 0 0 0 0 0 0 0 0 2 0 0 2 0 0 0 0 0 0 0 0 2
P9196 2072 1 0 2 2 0 0 3 1 1 1 3 2 2 1 4 6 2 0 0 0 1 4 68 71 6 0 0 2 20 55 3 12
P9196 2072 2 1 2 2 12 34 7 4 14 5 62 8 68 65 67 51 59 69 51 53 60 49 74 51 24 2 4 10 3 -999 -999 -999
P9196 2072 3 0 0 0 16 10 8 35 21 0 2 2 6 0 4 0 0 0 0 31 0 0 0 8 2 1 0 0 0 0 3 1
P9196 2072 4 0 0 0 0 0 67 56 54 27 9 34 6 0 10 0 47 13 0 0 0 24 0 53 53 36 0 0 0 0 30 -999
P9196 2072 5 0 0 0 37 0 0 0 6 17 27 0 0 0 0 0 0 0 0 0 0 0 0 0 0 0 0 0 0 0 0 0
P9196 2072 6 13 10 13 9 0 0 0 0 0 0 0 0 0 0 0 0 0 0 0 0 0 0 0 0 0 0 0 0 0 0 -999
P9196 2072 7 0 0 0 0 0 0 0 0 0 0 0 0 0 0 0 0 0 0 0 0 0 0 0 0 0 0 0 0 0 0 0
P9196 2072 8 0 0 0 0 0 0 0 0 0 0 0 0 0 0 0 0 0 0 0 0 0 0 0 0 0 0 0 0 0 0 0
P9196 2072 9 0 0 0 0 0 0 0 0 0 0 0 0 0 0 0 0 0 0 0 0 0 0 0 0 0 0 0 0 0 0 -999
P9196 2072 10 20 10 0 13 0 0 11 0 0 0 0 0 0 0 0 0 0 35 15 18 7 13 6 38 12 42 12 3 0 27 36
P9196 2072 11 3 6 0 34 57 50 25 70 68 78 30 9 1 0 0 0 0 0 0 0 0 5 37 55 7 27 84 1 3 4 -999
P9196 2072 12 0 0 0 0 3 24 23 11 3 3 2 2 0 0 0 0 0 0 0 0 0 0 2 0 0 3 2 0 0 0 0
P9196 2073 1 0 0 0 0 1 8 0 0 0 0 0 0 0 0 0 0 0 0 0 0 0 0 0 0 0 0 2 0 0 0 0
P9196 2073 2 0 0 3 9 3 3 3 4 38 40 49 12 21 59 6 1 19 8 5 1 2 0 3 0 0 0 0 0 -999 -999 -999
P9196 2073 3 0 0 0 0 0 0 0 6 4 5 2 2 0 3 4 9 7 13 16 22 6 3 0 0 1 0 0 4 3 3 0
P9196 2073 4 0 0 0 0 0 0 0 0 0 0 0 0 14 0 37 43 34 0 0 0 0 3 0 35 18 0 2 5 0 0 -999
P9196 2073 5 12 0 0 0 0 0 0 0 0 0 0 0 0 0 0 11 14 12 30 7 0 2 25 50 2 0 4 2 0 0 0
P9196 2073 6 0 0 0 0 0 0 0 0 0 0 0 0 0 0 0 0 0 0 0 0 0 0 0 0 0 0 0 0 0 0 -999
P9196 2073 7 0 0 0 0 0 0 0 0 0 0 0 0 0 0 0 0 0 0 0 0 0 0 0 0 0 0 0 0 0 0 0
P9196 2073 8 0 0 0 0 0 0 0 0 0 0 0 0 0 0 0 0 0 0 0 0 0 0 0 0 0 0 0 0 0 0 0
P9196 2073 9 0 0 0 59 0 5 0 0 0 0 4 10 0 0 0 0 0 0 0 0 6 2 16 0 0 0 0 5 0 0 -999
P9196 2073 10 0 0 0 0 0 0 12 20 1 40 55 0 0 0 0 0 0 0 16 5 0 0 0 0 0 0 7 21 3 12 14
P9196 2073 11 20 10 2 0 3 6 80 77 32 49 11 1 0 0 2 0 0 0 0 0 2 10 0 16 8 12 16 9 9 15 -999
P9196 2073 12 29 43 17 30 2 10 1 1 0 0 0 0 0 0 0 0 2 1 3 8 16 8 2 2 20 4 5 0 0 0 0
P9196 2074 1 0 1 2 1 0 0 0 0 1 2 2 2 0 0 0 0 0 7 20 16 6 0 0 0 4 0 3 2 3 0 0
P9196 2074 2 1 0 0 0 0 0 5 4 26 2 1 2 2 2 2 0 0 0 0 0 4 7 3 2 3 3 0 0 -999 -999 -999
P9196 2074 3 0 26 7 0 0 0 0 0 0 0 0 4 0 5 5 0 0 0 0 0 3 1 0 0 0 0 0 0 0 0 0
P9196 2074 4 0 0 0 0 0 0 0 0 0 0 0 0 0 0 0 0 0 0 0 0 0 0 0 0 8 39 17 2 0 0 -999
P9196 2074 5 0 0 0 36 48 51 44 16 12 38 43 37 12 0 0 0 0 4 16 26 34 10 12 0 0 0 0 0 0 0 0
P9196 2074 6 0 0 0 0 0 0 0 0 0 0 0 0 0 0 0 0 0 0 0 0 0 0 0 0 0 0 0 0 0 0 -999
P9196 2074 7 0 0 0 0 0 0 0 0 0 0 0 0 0 0 0 0 0 0 0 0 0 0 0 0 0 0 0 0 0 0 0
P9196 2074 8 0 0 0 0 0 0 0 0 0 0 0 0 0 0 0 0 0 0 0 0 0 0 0 0 0 0 0 0 0 0 0
P9196 2074 9 0 0 0 0 0 0 0 0 0 0 0 0 0 0 0 0 0 4 6 0 0 10 5 4 3 3 0 7 0 0 -999
P9196 2074 10 0 0 8 5 0 0 0 5 22 5 2 0 0 0 0 0 0 11 13 0 0 0 0 0 0 0 0 10 40 3 4
P9196 2074 11 2 4 4 0 0 3 0 5 10 41 0 0 7 0 0 0 6 18 14 0 0 0 48 46 66 12 0 10 5 1 -999
P9196 2074 12 0 0 0 17 0 0 0 16 3 5 5 5 25 73 82 86 70 4 24 4 34 7 2 0 0 0 29 46 60 9 6
P9196 2075 1 65 83 75 33 17 10 1 1 2 0 1 3 17 1 1 1 0 0 0 0 0 0 0 0 2 0 10 6 3 10 6
P9196 2075 2 23 3 2 2 33 39 4 4 4 3 20 27 5 8 3 14 5 0 16 15 59 33 4 1 0 0 0 0 -999 -999 -999
P9196 2075 3 2 0 0 12 43 27 25 0 0 57 29 23 61 30 2 2 3 9 44 30 5 31 49 49 17 13 38 5 24 36 63
P9196 2075 4 32 1 12 0 0 0 0 2 0 0 0 0 0 0 0 0 6 7 4 3 7 4 4 0 0 0 0 0 0 52 -999
P9196 2075 5 55 64 69 52 42 60 49 22 2 0 0 22 29 19 5 7 26 39 14 11 5 4 4 0 0 0 0 0 0 0 0
P9196 2075 6 0 0 0 0 0 0 0 0 0 0 0 0 0 0 0 0 0 0 0 0 0 0 0 0 0 0 0 0 0 0 -999
P9196 2075 7 0 0 0 0 0 0 0 0 0 0 0 0 0 0 0 0 0 0 0 0 0 0 0 0 0 0 0 0 0 0 0
P9196 2075 8 0 0 0 0 0 0 0 0 0 0 0 0 0 0 0 0 0 0 0 0 0 0 0 0 0 0 0 0 0 0 0
P9196 2075 9 0 0 0 0 0 0 0 0 0 0 0 0 0 0 27 0 0 0 0 0 0 0 0 0 0 0 0 38 13 16 -999
P9196 2075 10 0 0 11 10 4 2 0 12 3 0 2 0 0 0 0 0 0 0 49 18 2 2 0 3 4 0 11 10 6 0 0
P9196 2075 11 26 6 15 27 10 1 59 40 69 7 6 17 11 10 1 12 38 13 9 5 7 3 0 8 0 0 28 3 3 2 -999
P9196 2075 12 0 3 0 8 7 17 39 26 64 4 7 7 10 4 2 2 2 0 0 0 0 2 3 0 0 5 1 1 1 1 0
P9196 2076 1 0 0 0 0 0 0 0 0 1 1 1 2 1 3 2 1 0 2 2 1 0 0 0 0 0 1 4 7 0 3 1
P9196 2076 2 2 5 2 2 0 0 0 6 40 0 1 0 1 2 0 0 0 0 4 3 3 1 0 0 0 0 0 0 -999 -999 -999
P9196 2076 3 0 1 0 0 3 5 2 0 20 28 10 0 0 27 26 27 33 63 3 0 3 0 0 0 0 0 0 0 0 0 0
P9196 2076 4 0 0 0 56 3 0 0 0 0 0 0 40 2 0 10 0 0 0 0 0 66 53 43 46 15 0 31 14 6 5 -999
P9196 2076 5 25 10 45 1 0 0 0 0 0 0 0 0 0 0 0 0 4 11 14 45 43 22 16 0 0 24 13 34 8 13 3
P9196 2076 6 32 17 0 0 0 0 6 6 0 0 0 0 0 0 0 0 0 0 0 0 0 0 0 0 0 0 0 0 0 0 -999
P9196 2076 7 0 0 0 0 14 3 0 0 0 0 0 0 0 0 0 0 0 0 0 0 0 0 0 0 0 0 0 0 0 0 0
P9196 2076 8 0 0 0 0 0 0 0 0 0 0 0 0 0 0 0 0 0 0 0 0 0 0 0 0 0 0 0 0 0 0 0
P9196 2076 9 0 0 0 0 0 0 0 0 0 0 0 0 0 0 0 0 0 0 0 0 0 0 41 0 0 0 61 58 17 4 -999
P9196 2076 10 3 6 16 0 0 0 0 0 0 0 34 70 78 74 71 4 4 55 0 3 5 3 16 8 4 0 0 0 0 0 0
P9196 2076 11 0 2 2 4 0 0 3 4 23 43 17 42 2 1 2 0 0 50 4 2 0 0 0 23 21 0 0 0 0 0 -999
P9196 2076 12 0 0 0 0 0 0 1 4 5 0 0 0 0 2 2 2 3 0 0 0 0 0 0 0 0 0 2 3 5 5 2
P9196 2077 1 0 0 0 0 0 2 0 1 0 0 2 6 19 44 7 4 2 2 0 0 0 20 32 62 36 8 17 4 1 1 3
P9196 2077 2 2 2 3 6 20 47 1 0 0 0 0 0 15 7 17 16 28 2 0 0 0 0 0 0 0 0 0 0 -999 -999 -999
P9196 2077 3 0 0 10 0 0 13 9 24 36 30 17 15 42 7 8 47 0 77 40 6 0 0 0 0 0 8 2 5 5 0 0
P9196 2077 4 0 0 0 0 0 0 4 16 22 2 3 1 0 0 0 0 0 0 0 0 0 0 0 0 0 0 12 4 0 0 -999
P9196 2077 5 0 0 0 0 0 21 30 26 10 1 0 0 0 0 0 0 0 0 0 0 0 0 44 66 73 69 25 9 0 0 0
P9196 2077 6 0 0 0 0 0 5 0 0 0 2 3 2 13 20 0 0 0 0 0 0 0 0 0 0 0 0 0 0 0 0 -999
P9196 2077 7 0 0 0 0 0 0 0 0 0 0 0 0 0 0 0 0 0 0 0 0 0 0 0 0 0 0 0 0 0 0 0
P9196 2077 8 0 0 0 0 0 0 0 0 0 0 0 0 0 0 0 0 0 0 0 0 0 0 0 0 0 0 0 0 0 0 0
P9196 2077 9 0 0 0 0 0 0 0 0 0 0 0 0 0 0 0 0 0 0 0 0 0 0 0 0 0 0 0 44 0 0 -999
P9196 2077 10 0 0 0 0 0 0 0 0 0 0 0 0 0 9 24 0 0 18 9 8 6 50 15 1 1 2 0 30 3 0 0
P9196 2077 11 0 5 46 69 73 27 50 68 19 8 7 29 68 61 57 25 15 45 2 3 21 71 70 25 0 0 40 8 0 0 -999
P9196 2077 12 0 0 0 2 3 3 3 7 6 50 77 12 9 33 29 3 59 80 63 32 33 14 20 63 82 59 82 26 16 5 6
P9196 2078 1 0 34 22 18 8 44 1 31 3 41 3 0 0 0 0 0 0 0 0 2 0 8 9 2 0 0 1 0 0 0 0
P9196 2078 2 0 13 3 5 6 49 56 1 3 2 9 3 8 2 2 0 4 7 1 0 3 0 3 4 0 3 0 0 -999 -999 -999
P9196 2078 3 0 0 0 0 0 13 5 7 3 28 64 18 19 53 5 2 0 17 0 0 2 3 4 4 2 0 29 6 6 35 2
P9196 2078 4 20 54 5 64 74 49 9 1 9 1 0 0 13 10 9 12 26 54 38 13 0 0 0 0 0 0 0 0 53 8 -999
P9196 2078 5 9 3 3 29 11 9 6 2 0 7 23 43 71 25 22 40 24 3 0 0 0 0 0 0 0 0 0 0 0 0 0
P9196 2078 6 0 0 0 0 0 0 0 0 0 0 0 0 0 0 0 0 0 0 0 0 0 0 0 0 0 0 0 0 0 0 -999
P9196 2078 7 0 0 0 0 0 0 0 0 0 0 0 0 0 0 0 0 0 0 0 0 0 0 0 0 0 0 0 0 0 0 0
P9196 2078 8 0 0 0 0 0 0 0 0 0 0 0 0 0 0 0 0 0 0 0 0 0 0 0 0 0 0 0 0 0 0 0
P9196 2078 9 0 0 0 59 16 0 0 0 0 0 0 0 0 0 0 0 0 0 0 0 0 0 0 0 0 0 0 0 0 0 -999
P9196 2078 10 0 4 0 0 0 0 0 0 0 0 0 0 0 0 0 0 0 0 0 0 0 0 14 0 0 0 0 0 0 0 0
P9196 2078 11 0 0 48 60 7 2 0 0 0 2 2 0 0 0 0 0 2 0 0 3 0 0 6 0 0 0 3 46 2 7 -999
P9196 2078 12 1 1 0 0 0 0 2 3 0 0 4 1 0 0 2 6 1 0 0 0 0 1 0 0 14 10 18 49 18 44 77
P9196 2079 1 4 3 3 5 0 0 0 2 1 2 2 1 2 2 0 0 0 0 0 0 0 0 0 0 0 8 26 7 0 0 0
P9196 2079 2 0 6 0 11 44 11 1 16 28 3 0 0 0 12 6 0 0 16 39 37 55 14 42 30 34 54 31 32 -999 -999 -999
P9196 2079 3 19 69 6 11 7 2 0 8 0 7 12 23 0 0 0 0 0 0 0 18 29 21 12 7 0 0 0 0 0 6 20
P9196 2079 4 32 24 27 6 0 16 21 18 11 0 0 0 0 0 0 0 0 0 0 0 0 0 0 0 0 0 0 0 0 13 -999
P9196 2079 5 26 3 6 0 0 0 0 0 0 0 0 0 0 0 0 0 0 0 0 0 0 0 0 0 0 0 0 0 0 0 0
P9196 2079 6 0 0 0 0 0 0 0 0 0 5 0 0 0 0 0 0 0 0 0 0 0 0 0 0 0 0 0 0 0 0 -999
P9196 2079 7 0 0 0 0 0 0 0 0 0 0 0 0 0 0 0 0 0 0 0 0 0 0 0 0 0 0 0 5 0 0 0
P9196 2079 8 0 0 0 0 0 0 0 0 0 0 0 0 0 0 0 0 0 0 0 0 0 0 0 0 0 0 0 0 0 0 0
P9196 2079 9 0 0 0 0 0 0 0 0 0 0 14 0 0 0 0 0 0 0 0 0 0 0 0 0 0 0 0 0 0 14 -999
P9196 2079 10 0 0 0 0 0 0 0 0 0 0 0 0 0 0 0 0 0 0 42 46 25 30 7 7 9 3 4 2 3 0 0
P9196 2079 11 0 11 18 0 18 2 0 0 0 0 0 0 0 0 0 0 0 0 0 10 4 0 18 3 4 62 39 6 30 51 -999
P9196 2079 12 1 0 0 0 9 7 37 56 28 28 3 0 2 2 37 46 70 37 60 17 15 0 2 1 0 0 0 0 2 2 0
P9196 2080 1 0 0 0 0 9 0 0 0 0 2 0 7 0 1 2 0 0 1 2 5 7 7 38 6 7 2 2 2 7 2 1
P9196 2080 2 1 2 0 2 1 0 0 0 2 3 33 56 7 1 0 0 2 0 0 0 5 2 4 5 0 0 0 0 -999 -999 -999
P9196 2080 3 0 0 0 0 0 0 0 0 7 0 0 0 0 0 0 0 0 0 3 0 0 0 12 0 0 0 0 0 0 0 0
P9196 2080 4 44 6 18 19 48 74 64 27 30 5 1 1 0 4 3 29 43 23 47 17 4 0 4 12 36 0 0 0 0 0 -999
P9196 2080 5 59 67 8 1 0 0 0 0 0 0 0 0 0 0 0 0 0 37 0 4 2 0 0 0 0 0 0 0 0 19 31
P9196 2080 6 0 0 0 0 0 0 0 0 0 0 0 0 0 0 0 0 0 0 0 0 0 0 0 0 0 0 0 0 0 0 -999
P9196 2080 7 0 0 0 0 0 0 0 0 0 0 0 0 0 0 0 0 0 0 0 0 0 0 0 0 0 0 0 0 0 0 0
P9196 2080 8 0 0 0 0 0 0 0 0 0 0 0 0 0 0 0 0 0 0 0 0 0 0 17 4 30 5 4 0 0 0 0
P9196 2080 9 0 0 0 0 0 0 0 0 0 0 0 0 29 22 0 0 0 0 0 0 0 0 52 64 47 9 0 0 0 0 -999
P9196 2080 10 0 0 0 0 0 0 0 0 0 0 0 8 3 0 0 0 0 0 0 0 0 5 4 51 39 16 5 0 0 0 0
P9196 2080 11 0 0 0 7 11 7 2 0 2 5 2 1 0 0 0 19 12 2 2 0 4 3 0 2 4 4 6 40 2 0 -999
P9196 2080 12 0 0 0 0 0 2 2 4 7 38 32 25 12 27 5 0 3 0 0 0 0 5 22 77 52 0 0 5 2 5 0
P9196 2081 1 0 0 0 0 0 0 0 0 0 0 0 0 0 0 0 1 2 7 22 63 70 71 7 0 13 7 5 0 0 3 0
P9196 2081 2 4 20 74 38 4 6 3 2 2 0 0 0 0 0 0 3 3 22 3 43 37 43 16 7 4 4 5 3 -999 -999 -999
P9196 2081 3 0 0 0 0 0 0 0 0 0 3 6 17 41 61 76 22 79 10 27 25 46 50 64 11 53 62 76 59 20 20 74
P9196 2081 4 31 3 3 19 8 0 1 0 0 0 0 0 0 0 0 0 4 2 0 0 0 0 5 0 0 0 0 11 9 0 -999
P9196 2081 5 0 0 0 0 0 2 4 1 0 0 3 0 0 0 0 0 0 0 0 0 0 0 5 0 0 4 4 30 15 6 0
P9196 2081 6 0 0 0 0 0 0 50 35 11 47 29 4 0 0 0 0 0 0 0 0 0 0 0 0 0 0 0 0 0 0 -999
P9196 2081 7 0 0 0 0 0 0 0 0 0 0 0 0 0 0 0 0 0 0 0 0 0 0 0 0 0 0 0 0 0 0 0
P9196 2081 8 0 0 0 0 0 0 0 0 0 0 0 0 0 0 0 0 0 0 0 0 0 0 0 0 0 0 0 0 0 0 0
P9196 2081 9 0 0 0 0 0 0 0 0 0 0 0 0 0 0 0 0 0 0 0 0 0 0 0 0 0 0 0 0 0 0 -999
P9196 2081 10 0 0 31 3 0 0 0 0 0 60 82 54 23 7 53 36 58 47 45 54 39 3 0 0 0 5 0 3 0 0 14
P9196 2081 11 0 0 0 69 39 3 3 0 0 38 46 8 9 17 30 38 9 51 39 77 70 42 52 1 2 0 0 0 22 28 -999
P9196 2081 12 38 16 10 28 32 7 38 66 9 0 0 0 0 0 0 0 0 0 0 19 63 33 49 5 16 16 4 70 14 0 0
P9196 2082 1 0 0 0 0 0 1 4 2 3 1 0 0 0 3 24 46 3 3 2 2 0 0 2 2 2 5 23 16 44 17 1
P9196 2082 2 0 0 2 4 5 3 1 1 0 0 3 0 1 0 0 0 0 0 0 0 0 0 0 0 0 0 1 0 -999 -999 -999
P9196 2082 3 1 2 2 0 1 0 0 0 0 9 8 5 1 1 0 3 11 8 32 45 0 43 26 15 4 0 3 3 5 3 9
P9196 2082 4 10 0 0 40 23 32 65 66 55 57 53 48 33 4 0 39 20 0 65 73 41 22 0 0 15 12 12 13 17 0 -999
P9196 2082 5 0 4 0 0 0 0 0 0 0 0 0 0 0 0 0 0 0 0 0 0 0 0 0 0 0 0 0 0 0 0 0
P9196 2082 6 0 0 10 0 0 7 16 33 9 6 0 0 0 0 0 21 16 17 31 5 12 0 0 0 0 0 0 0 0 0 -999
P9196 2082 7 0 0 0 0 0 0 0 0 0 0 0 0 0 0 0 0 0 0 0 0 0 0 0 0 0 0 0 0 0 0 0
P9196 2082 8 0 0 0 0 0 0 0 0 0 0 0 0 0 0 0 0 0 0 0 0 0 0 0 0 0 0 0 0 0 0 0
P9196 2082 9 0 0 0 0 0 0 0 0 0 0 0 0 0 0 0 0 0 0 0 0 0 0 0 0 0 0 0 17 0 0 -999
P9196 2082 10 0 0 0 0 0 0 0 0 0 0 0 0 0 0 0 0 6 17 18 79 43 1 5 36 9 19 0 0 0 0 0
P9196 2082 11 0 0 0 0 0 0 0 0 2 6 7 16 4 12 16 63 22 6 4 15 7 37 20 10 3 9 5 16 24 3 -999
P9196 2082 12 1 3 4 2 0 0 0 0 0 0 0 0 0 0 0 0 0 0 0 0 0 0 0 0 0 0 0 0 0 2 2
P9196 2083 1 0 2 2 2 0 3 7 39 5 8 2 2 6 61 40 50 52 29 0 60 50 35 49 23 28 19 40 16 0 31 20
P9196 2083 2 5 16 17 3 6 2 0 4 52 34 68 43 56 11 4 11 83 41 32 27 17 40 9 16 6 0 60 33 -999 -999 -999
P9196 2083 3 81 2 0 0 0 0 6 4 1 5 5 0 0 0 0 0 0 0 0 1 0 2 0 0 0 2 0 4 17 13 9
P9196 2083 4 33 37 23 12 6 0 2 0 0 22 8 10 5 3 0 9 2 17 15 4 3 6 1 0 0 0 0 0 0 0 -999
P9196 2083 5 0 0 31 0 0 0 0 0 0 37 0 0 0 0 0 0 0 0 0 3 0 0 0 0 0 0 0 0 0 0 0
P9196 2083 6 0 0 0 0 0 0 0 0 0 0 0 0 0 0 0 0 0 0 0 0 0 0 0 0 0 0 0 0 0 0 -999
P9196 2083 7 0 0 0 0 0 0 0 0 0 0 0 0 0 0 0 0 0 0 0 0 0 0 0 0 0 0 0 0 0 0 0
P9196 2083 8 0 13 0 0 0 0 0 0 0 0 0 0 0 0 0 0 0 0 0 0 0 0 0 0 0 0 0 0 0 0 0
P9196 2083 9 0 0 0 0 0 0 0 0 0 0 0 0 0 0 0 0 0 0 0 0 0 0 0 0 0 0 0 0 0 58 -999
P9196 2083 10 43 37 0 0 4 0 0 0 0 0 0 0 0 5 0 0 0 0 0 0 0 0 0 0 0 0 21 0 0 0 0
P9196 2083 11 0 0 0 0 0 22 22 7 39 21 0 0 22 35 6 8 10 20 6 11 7 5 13 31 3 3 4 4 2 0 -999
P9196 2083 12 0 0 0 0 0 3 4 2 0 0 14 6 0 0 0 24 42 11 0 0 0 0 0 0 0 0 0 0 0 2 1
P9196 2084 1 2 12 5 2 2 0 4 5 0 0 0 0 3 2 0 0 4 52 55 11 6 18 70 1 0 0 0 0 0 0 1
P9196 2084 2 0 0 7 5 0 0 0 0 0 0 11 35 37 6 2 0 3 3 15 12 4 3 53 70 6 22 19 4 -999 -999 -999
P9196 2084 3 11 20 9 9 21 37 0 0 0 23 30 31 51 27 7 63 48 42 11 20 39 10 16 31 17 0 0 0 0 30 37
P9196 2084 4 23 19 72 76 75 19 12 17 24 13 78 7 3 6 9 3 2 0 0 0 0 0 0 0 0 0 0 2 0 0 -999
P9196 2084 5 0 0 0 3 0 0 3 3 1 0 0 0 0 0 0 0 0 0 0 0 0 0 0 0 31 23 6 0 0 0 4
P9196 2084 6 5 0 0 0 0 0 0 0 0 0 0 0 0 0 0 0 0 0 0 0 0 0 0 0 0 0 0 0 0 0 -999
P9196 2084 7 0 0 0 0 0 0 0 0 0 0 0 0 0 0 0 0 0 0 0 0 0 0 0 0 0 0 0 0 0 0 0
P9196 2084 8 0 0 0 0 0 0 0 0 0 0 0 0 0 0 0 0 0 3 0 0 0 0 0 0 0 0 0 0 0 0 0
P9196 2084 9 0 0 0 0 0 0 0 0 0 0 0 0 0 0 0 0 0 0 0 0 0 0 0 0 18 10 0 0 0 0 -999
P9196 2084 10 0 17 0 0 0 0 0 0 0 0 0 0 0 0 0 26 16 0 0 0 0 0 4 2 2 0 0 0 0 0 0
P9196 2084 11 0 0 0 4 46 11 9 9 60 74 73 56 65 33 0 3 4 3 0 0 0 0 0 0 0 0 0 0 0 3 -999
P9196 2084 12 3 0 5 9 14 6 0 0 2 0 0 0 0 0 2 0 3 0 3 0 0 0 2 3 2 7 0 3 1 0 0
P9196 2085 1 0 0 0 0 0 0 0 0 0 0 0 0 0 0 6 0 0 0 0 0 0 0 0 2 3 0 0 0 2 1 0
P9196 2085 2 0 0 0 2 0 0 0 0 0 0 0 0 0 0 0 17 20 0 0 0 0 0 4 0 0 0 3 0 -999 -999 -999
P9196 2085 3 0 0 0 0 10 0 0 0 0 0 32 27 23 0 0 0 0 31 17 10 34 47 28 4 2 3 17 14 23 71 49
P9196 2085 4 45 19 71 5 15 0 0 0 0 0 0 2 0 0 31 7 0 0 0 0 0 0 0 0 0 5 13 15 11 30 -999
P9196 2085 5 7 2 0 30 5 0 4 0 3 45 37 15 14 3 2 0 2 3 5 9 10 0 0 0 4 3 0 0 0 0 0
P9196 2085 6 0 0 0 0 0 0 0 0 24 0 0 0 0 0 0 0 0 0 0 0 0 0 0 0 0 0 0 0 0 0 -999
P9196 2085 7 0 0 0 0 0 0 0 0 0 0 0 0 0 0 0 0 0 0 0 0 0 0 0 0 0 0 0 0 0 0 0
P9196 2085 8 0 0 0 0 0 0 0 0 0 0 0 0 0 0 0 0 0 0 0 0 0 0 0 0 0 0 0 0 0 0 0
P9196 2085 9 0 0 0 0 0 0 0 0 0 0 0 0 0 0 0 0 0 0 0 0 0 60 0 4 0 0 0 0 2 3 -999
P9196 2085 10 6 0 0 0 34 0 0 0 37 0 0 0 0 0 0 16 0 0 0 0 0 0 4 4 0 0 5 0 0 0 0
P9196 2085 11 0 8 34 74 7 4 3 4 0 0 0 0 0 0 0 0 0 19 58 47 69 78 8 50 74 14 66 4 5 3 -999
P9196 2085 12 14 29 3 2 23 12 2 2 2 10 11 12 0 6 3 0 0 0 0 0 2 9 36 29 27 15 21 15 21 11 57
P9196 2086 1 56 64 63 36 9 0 0 0 0 0 0 0 0 0 0 0 0 0 0 0 0 0 0 0 0 0 0 0 0 1 0
P9196 2086 2 0 0 0 0 0 0 0 0 0 2 0 0 7 4 3 3 3 8 3 0 47 1 0 0 0 3 5 4 -999 -999 -999
P9196 2086 3 0 0 0 0 0 0 0 0 0 2 2 0 1 1 0 0 0 0 0 7 0 10 7 0 0 0 0 0 0 0 11
P9196 2086 4 21 24 14 0 0 0 14 37 9 2 4 2 0 11 29 46 68 73 40 33 18 13 50 52 0 0 31 30 0 0 -999
P9196 2086 5 0 0 14 0 0 0 0 0 0 0 0 0 0 0 0 0 0 3 4 4 5 4 0 0 5 0 0 0 0 0 0
P9196 2086 6 0 0 0 0 0 0 0 0 0 0 0 0 0 0 0 0 0 0 0 0 0 0 0 0 0 0 0 0 0 0 -999
P9196 2086 7 0 0 0 0 0 0 0 0 0 0 0 0 0 0 0 0 0 0 0 0 0 0 0 0 0 0 0 0 0 0 0
P9196 2086 8 0 0 0 0 0 0 0 0 0 0 0 0 0 0 0 0 0 0 0 0 0 0 0 0 0 0 0 0 0 0 0
P9196 2086 9 0 0 0 0 0 0 0 0 0 0 0 58 32 5 0 28 21 12 6 0 0 0 0 0 0 0 0 0 0 0 -999
P9196 2086 10 0 30 19 0 0 0 0 0 0 0 0 18 0 0 20 17 12 19 0 0 0 0 11 23 12 35 19 3 4 12 5
P9196 2086 11 0 0 0 0 0 0 0 7 3 7 5 4 19 3 64 77 70 54 12 33 9 11 9 11 7 3 3 8 29 1 -999
P9196 2086 12 6 14 21 0 43 16 0 0 0 0 0 0 0 0 0 0 0 0 7 6 3 0 0 0 0 0 0 0 4 5 8
P9196 2087 1 5 44 28 23 18 15 6 0 0 2 2 2 3 15 71 36 3 8 28 2 4 2 0 0 0 0 0 0 0 7 1
P9196 2087 2 0 0 3 5 0 0 0 0 0 0 0 0 0 0 0 0 2 0 0 2 0 0 0 0 0 0 0 2 -999 -999 -999
P9196 2087 3 2 0 0 5 0 7 4 2 0 0 0 0 0 13 12 1 15 28 46 8 7 7 0 0 0 0 75 16 6 0 0
P9196 2087 4 0 0 6 5 11 2 0 0 0 0 0 0 0 0 0 0 0 14 9 2 2 14 3 0 0 0 0 0 0 0 -999
P9196 2087 5 0 0 0 0 0 0 0 76 69 69 9 0 0 0 0 0 12 0 0 0 0 0 0 0 0 0 0 12 5 4 0
P9196 2087 6 0 0 0 0 0 0 0 8 0 0 0 0 0 0 0 0 0 0 0 0 0 0 0 0 0 0 0 0 0 0 -999
P9196 2087 7 0 0 0 0 0 0 0 0 0 0 0 0 0 0 0 0 0 0 0 0 0 0 0 0 0 0 0 0 0 0 0
P9196 2087 8 0 0 0 0 0 0 0 0 0 0 0 0 0 0 0 0 0 0 0 0 0 0 0 0 0 0 0 0 0 0 0
P9196 2087 9 0 0 0 0 0 0 0 0 0 25 6 0 0 0 0 0 0 0 21 0 51 40 0 0 0 0 0 0 0 0 -999
P9196 2087 10 0 0 0 0 0 0 0 0 0 0 0 0 0 0 0 0 0 0 6 24 27 55 31 5 18 27 0 0 0 0 0
P9196 2087 11 0 0 0 14 14 3 20 13 7 4 3 7 2 5 19 3 1 13 0 0 3 2 3 2 0 0 0 0 25 31 -999
P9196 2087 12 49 67 12 46 0 0 23 12 0 6 5 25 28 16 22 12 20 57 52 18 66 7 0 0 0 0 0 0 0 0 0
P9196 2088 1 0 0 2 0 2 2 14 54 79 54 39 51 74 65 5 69 39 11 0 0 1 1 12 47 46 68 73 70 53 58 8
P9196 2088 2 16 2 2 4 1 1 1 0 0 2 0 0 0 0 0 0 11 17 15 0 0 7 22 2 0 0 0 0 -999 -999 -999
P9196 2088 3 0 0 0 0 27 5 29 3 1 0 0 0 9 9 15 25 11 10 24 3 0 0 1 0 4 2 6 0 0 0 0
P9196 2088 4 11 0 0 0 0 0 0 0 5 7 2 4 4 2 3 15 0 0 0 0 0 0 0 0 0 0 0 0 0 0 -999
P9196 2088 5 0 0 0 0 42 3 8 0 0 0 63 76 47 6 5 4 0 0 0 0 0 0 0 0 0 0 0 0 0 0 0
P9196 2088 6 0 0 0 0 0 0 0 0 0 0 0 0 0 0 0 0 0 0 0 0 0 0 0 0 0 0 0 0 0 0 -999
P9196 2088 7 0 0 0 0 0 0 0 0 0 0 0 0 0 0 0 0 0 0 0 0 0 0 0 0 0 0 0 0 0 0 0
P9196 2088 8 0 0 0 0 0 0 0 0 0 0 0 0 0 0 0 0 0 0 0 0 0 0 0 0 0 0 0 0 0 0 0
P9196 2088 9 0 0 0 0 0 0 0 0 0 0 0 0 0 0 0 0 0 0 0 0 0 0 0 0 0 0 0 0 0 0 -999
P9196 2088 10 0 0 0 0 0 0 0 0 0 0 21 0 10 1 0 0 0 0 0 0 0 0 0 2 0 0 0 0 0 0 0
P9196 2088 11 0 22 68 82 43 51 24 16 52 46 2 5 3 2 2 0 0 0 0 0 0 0 18 15 6 13 23 4 0 10 -999
P9196 2088 12 30 11 23 36 78 57 5 0 0 0 0 0 0 0 0 0 0 0 0 0 0 1 0 0 2 4 8 1 0 3 0
P9196 2089 1 0 0 0 2 3 3 9 0 0 2 17 4 1 24 4 4 3 1 26 57 30 50 66 7 16 23 5 4 5 25 47
P9196 2089 2 66 3 6 30 56 6 4 8 15 70 76 46 24 39 67 77 79 53 71 44 31 2 0 0 0 16 37 14 -999 -999 -999
P9196 2089 3 1 1 0 0 0 0 0 0 0 0 0 0 0 0 0 2 10 5 1 0 0 0 0 0 0 0 0 15 11 0 0
P9196 2089 4 0 0 0 0 0 0 15 43 34 24 6 0 0 0 17 23 9 0 0 46 39 0 0 0 0 0 0 0 26 0 -999
P9196 2089 5 5 2 0 0 0 0 0 29 25 0 0 0 0 0 0 0 0 0 0 0 0 0 0 0 0 0 0 0 0 0 0
P9196 2089 6 3 8 0 0 0 0 0 0 0 0 0 0 0 0 0 0 0 0 0 0 0 0 0 0 0 0 0 0 0 0 -999
P9196 2089 7 0 0 0 0 0 0 0 0 0 0 0 0 0 0 0 0 0 0 0 0 0 0 0 0 0 0 0 0 0 0 0
P9196 2089 8 0 0 0 0 0 0 0 0 0 0 0 0 0 0 0 0 0 0 0 0 0 0 0 0 0 0 0 0 0 0 0
P9196 2089 9 0 0 0 0 0 0 0 0 0 0 0 0 0 0 0 0 0 0 0 0 0 0 0 0 0 0 0 0 0 0 -999
P9196 2089 10 0 0 0 0 0 0 0 0 0 0 0 12 8 4 5 4 0 0 0 0 0 0 0 0 8 7 3 0 0 0 0
P9196 2089 11 3 0 0 0 0 3 1 0 0 0 3 2 0 17 14 56 22 44 46 40 60 70 73 25 0 0 2 5 40 15 -999
P9196 2089 12 40 24 3 5 0 2 2 4 1 0 0 0 0 0 0 0 1 6 18 40 24 9 8 3 0 0 0 0 0 36 37
P9196 2090 1 5 2 1 0 0 2 1 0 0 6 5 0 0 2 0 0 0 2 0 13 27 37 29 3 1 4 2 2 2 4 3
P9196 2090 2 0 33 39 0 0 0 0 4 21 42 64 44 51 57 59 64 67 6 4 16 64 5 1 3 6 53 73 56 -999 -999 -999
P9196 2090 3 9 2 2 0 4 4 29 62 41 2 7 62 67 3 3 2 0 0 0 0 0 0 0 2 5 2 0 0 0 0 0
P9196 2090 4 0 0 50 65 39 14 0 0 0 0 5 10 28 0 0 0 0 0 0 0 0 8 13 8 4 59 0 15 6 5 -999
P9196 2090 5 11 0 0 0 0 0 0 0 0 0 0 0 0 0 0 43 46 36 18 8 7 2 0 0 0 0 0 0 49 0 0
P9196 2090 6 0 0 36 61 70 45 19 6 5 12 7 0 0 0 0 0 0 0 0 0 0 0 0 10 18 10 4 9 13 0 -999
P9196 2090 7 0 0 0 0 0 0 0 0 0 0 0 0 0 0 0 0 0 0 0 0 0 0 0 0 0 0 0 0 0 0 0
P9196 2090 8 0 0 0 0 0 0 0 0 0 0 0 0 0 0 0 0 0 0 0 0 0 0 0 0 0 0 0 0 0 0 0
P9196 2090 9 0 0 0 0 0 0 0 0 0 0 0 0 0 0 0 0 0 0 0 0 0 0 0 0 0 0 0 0 54 0 -999
P9196 2090 10 7 0 0 0 0 14 0 33 11 11 6 3 2 0 0 0 0 18 0 5 0 0 0 0 0 0 0 0 0 2 6
P9196 2090 11 6 11 3 0 0 0 0 0 0 0 0 0 0 0 0 0 0 0 3 0 0 0 3 0 2 6 10 67 80 86 -999
P9196 2090 12 85 27 24 52 4 0 3 0 12 26 10 12 12 19 13 0 0 0 0 0 0 16 0 31 0 0 0 0 8 5 0
P9196 2091 1 0 0 0 0 1 0 0 0 0 0 0 0 0 0 0 0 0 0 3 1 10 17 13 42 8 43 51 45 5 11 4
P9196 2091 2 15 32 20 57 51 55 48 27 15 2 5 3 8 2 8 7 2 1 1 0 0 12 37 20 36 11 3 0 -999 -999 -999
P9196 2091 3 0 0 0 0 0 0 0 2 2 0 0 0 0 0 0 0 0 0 0 4 0 2 7 3 0 0 0 0 2 0 0
P9196 2091 4 0 3 0 0 0 0 0 0 0 0 0 0 0 0 0 0 0 0 0 41 0 0 0 29 42 26 0 5 6 3 -999
P9196 2091 5 3 4 17 0 18 59 9 2 0 0 10 10 38 44 9 34 18 3 7 0 0 0 0 0 0 0 0 0 0 0 0
P9196 2091 6 0 0 0 0 0 0 0 0 0 0 0 0 0 0 0 0 0 0 0 0 0 0 0 0 0 0 0 0 0 0 -999
P9196 2091 7 0 0 0 0 0 0 0 0 0 0 0 0 0 0 0 0 0 0 0 0 0 0 0 0 0 0 0 0 0 0 0
P9196 2091 8 0 0 0 0 0 0 0 0 0 0 0 0 0 0 0 0 0 0 0 0 0 0 0 0 0 0 0 0 0 0 0
P9196 2091 9 0 0 0 0 0 0 0 0 0 0 0 0 0 0 0 0 0 0 30 0 41 5 3 4 24 56 0 0 0 0 -999
P9196 2091 10 0 0 0 0 0 0 0 34 29 36 2 0 0 0 0 0 0 0 0 0 0 0 18 10 1 0 0 9 51 6 20
P9196 2091 11 24 40 38 30 10 34 72 77 16 27 57 66 55 8 1 0 6 21 3 6 4 1 2 0 0 0 0 5 4 0 -999
P9196 2091 12 0 0 0 0 2 0 0 2 2 0 0 12 48 48 25 39 2 6 10 25 25 6 0 0 0 4 0 0 0 0 0
P9196 2092 1 3 0 2 0 17 17 0 10 3 10 3 39 75 15 4 1 0 0 0 0 0 0 3 1 3 12 1 1 1 0 0
P9196 2092 2 0 0 2 11 53 67 5 5 3 3 0 0 0 0 0 0 0 0 10 4 11 12 4 3 0 0 2 1 -999 -999 -999
P9196 2092 3 2 0 0 0 0 0 0 0 0 0 0 0 0 0 0 19 27 76 51 18 10 2 0 0 0 0 0 0 0 0 0
P9196 2092 4 0 0 0 0 0 0 4 6 30 16 5 2 0 0 0 19 0 0 0 0 63 0 0 0 0 28 0 0 0 0 -999
P9196 2092 5 0 0 0 0 0 0 0 0 0 3 0 0 0 0 0 0 0 0 0 0 0 0 0 0 0 0 0 0 10 0 0
P9196 2092 6 0 0 0 0 0 0 0 0 0 0 0 0 0 0 0 0 0 0 0 0 0 0 0 0 0 0 0 0 0 0 -999
P9196 2092 7 0 0 0 0 0 0 0 0 0 0 0 0 0 0 0 0 0 0 0 0 0 0 0 0 0 0 0 0 0 0 0
P9196 2092 8 0 0 0 0 0 0 0 0 0 0 0 0 0 0 0 0 0 0 0 0 0 0 0 0 0 0 0 0 0 30 0
P9196 2092 9 0 0 0 0 0 0 0 0 0 0 0 0 0 0 0 0 0 0 0 0 13 33 24 0 0 0 0 0 0 4 -999
P9196 2092 10 9 0 0 0 0 0 0 0 0 0 9 0 0 0 2 0 3 0 20 2 0 0 0 0 0 0 0 0 0 0 0
P9196 2092 11 0 0 0 0 4 0 40 39 33 0 0 3 29 2 1 4 0 18 0 0 0 0 0 4 8 3 0 0 0 0 -999
P9196 2092 12 0 0 0 0 5 12 16 14 11 3 0 0 1 0 0 0 0 0 0 0 0 0 0 0 0 9 61 7 2 1 0
P9196 2093 1 0 0 1 3 20 6 18 28 53 24 9 18 8 0 4 3 0 0 0 0 0 0 0 2 0 0 0 3 1 0 2
P9196 2093 2 2 2 0 2 3 4 4 47 72 80 31 1 5 0 25 34 0 0 41 33 22 26 8 1 0 7 0 0 -999 -999 -999
P9196 2093 3 0 4 30 17 0 0 0 31 20 36 52 9 19 3 77 8 1 19 24 52 68 12 18 40 5 0 2 0 27 42 35
P9196 2093 4 3 0 0 0 0 2 1 4 5 10 11 6 14 0 0 0 0 4 6 0 0 0 52 3 0 0 0 0 16 13 -999
P9196 2093 5 0 3 3 11 7 9 2 4 26 44 24 0 0 0 0 0 0 0 0 0 0 0 0 0 0 0 0 0 0 0 0
P9196 2093 6 0 0 0 0 0 0 0 0 0 0 12 6 21 14 0 0 0 0 0 0 0 0 0 0 0 0 0 0 0 0 -999
P9196 2093 7 0 0 0 0 0 0 0 0 0 0 0 0 0 0 0 0 0 0 0 0 0 0 0 0 0 0 0 0 0 0 0
P9196 2093 8 0 0 0 0 0 0 0 0 0 0 0 0 0 0 0 0 0 0 0 0 0 0 0 0 0 0 8 10 0 0 0
P9196 2093 9 0 0 0 0 0 0 0 0 0 0 0 0 30 0 0 0 0 0 0 0 0 0 0 0 0 0 0 0 0 0 -999
P9196 2093 10 0 0 0 0 0 0 0 0 5 5 0 0 0 0 0 0 0 0 0 0 0 0 0 0 0 2 0 0 0 0 3
P9196 2093 11 1 21 14 34 29 4 3 11 33 22 0 16 32 0 0 0 3 12 22 13 0 0 0 18 7 25 9 2 2 0 -999
P9196 2093 12 0 0 23 27 0 4 4 4 3 2 2 3 0 0 0 0 0 0 0 0 0 0 0 0 0 0 2 11 48 26 6
P9196 2094 1 2 0 5 8 41 56 50 12 0 0 0 0 0 0 0 0 0 2 2 0 1 0 2 0 0 0 0 0 0 0 3
P9196 2094 2 2 0 0 0 6 2 4 2 0 0 0 0 0 2 3 2 0 0 2 3 2 0 3 36 1 3 54 73 -999 -999 -999
P9196 2094 3 15 31 7 8 55 67 53 54 75 67 14 7 32 2 2 0 9 0 0 0 0 2 0 0 0 0 0 0 0 0 0
P9196 2094 4 0 0 0 21 21 11 4 4 7 13 2 31 1 1 33 8 4 4 4 2 0 0 3 10 64 8 0 0 0 0 -999
P9196 2094 5 0 2 0 0 0 0 3 0 0 0 0 0 0 0 0 0 0 0 0 0 0 0 0 0 0 0 0 0 0 0 0
P9196 2094 6 0 0 0 0 0 0 24 10 7 1 0 0 5 0 0 0 0 0 0 0 0 0 0 0 0 0 0 0 0 0 -999
P9196 2094 7 0 0 0 0 0 0 0 0 0 0 0 0 0 0 0 0 0 0 0 0 0 0 50 0 0 0 0 0 0 0 0
P9196 2094 8 0 0 0 0 0 0 0 0 0 0 0 0 0 0 0 0 0 0 0 0 0 0 0 0 0 0 0 0 0 0 0
P9196 2094 9 0 0 0 0 0 0 0 0 0 0 0 0 0 0 0 0 0 0 0 0 0 38 6 0 0 0 0 0 40 32 -999
P9196 2094 10 20 55 64 35 30 3 0 0 0 0 0 0 0 0 0 0 0 0 0 0 0 0 0 0 0 27 13 3 1 1 0
P9196 2094 11 3 0 0 0 0 4 17 4 3 0 0 3 20 4 5 2 0 0 0 0 0 0 0 4 3 17 60 34 8 0 -999
P9196 2094 12 0 0 3 9 43 67 27 15 10 12 33 5 0 33 48 4 4 3 2 0 0 0 3 0 3 12 80 15 22 5 5
P9196 2095 1 58 4 53 2 6 12 2 1 5 6 9 7 3 4 8 7 59 25 77 69 76 72 17 23 75 25 34 60 2 27 47
P9196 2095 2 7 3 0 23 8 3 5 1 1 1 3 0 34 48 2 6 3 5 4 0 0 0 3 2 0 0 0 0 -999 -999 -999
P9196 2095 3 0 0 0 0 0 0 0 0 0 0 8 26 13 23 27 16 16 33 47 26 11 15 0 0 26 20 11 0 0 0 0
P9196 2095 4 14 3 1 1 0 35 53 24 4 9 8 4 0 0 0 0 5 0 0 0 0 0 0 0 0 0 0 0 0 0 -999
P9196 2095 5 2 2 0 0 0 0 0 0 0 0 42 36 0 0 0 0 0 0 0 0 0 0 0 0 0 0 0 0 0 0 0
P9196 2095 6 0 0 0 0 0 0 0 0 0 0 0 0 0 0 0 0 0 0 0 0 0 0 0 0 0 0 0 7 0 0 -999
P9196 2095 7 0 0 0 0 0 0 0 0 0 0 0 0 0 0 0 0 0 0 0 0 0 0 0 0 0 0 0 0 0 0 0
P9196 2095 8 0 0 0 0 0 0 0 0 0 0 0 0 0 0 0 0 0 0 0 0 0 0 0 0 0 0 0 0 0 0 0
P9196 2095 9 0 0 0 0 0 0 0 0 0 0 0 0 0 0 0 0 0 0 0 0 0 0 0 0 0 0 0 0 0 0 -999
P9196 2095 10 0 0 0 0 0 0 0 0 10 7 5 2 2 0 0 0 12 2 0 0 0 0 0 0 2 0 0 2 17 5 2
P9196 2095 11 1 26 31 11 3 0 3 53 72 12 68 29 22 4 0 0 0 3 2 1 0 0 0 2 3 4 6 10 4 4 -999
P9196 2095 12 2 0 0 0 0 3 1 0 3 0 0 0 0 0 0 2 1 1 2 2 0 0 0 1 0 0 0 0 0 0 1
P9196 2096 1 0 0 0 10 0 39 25 5 3 14 6 0 0 0 2 2 0 0 0 0 2 0 0 0 0 0 1 1 9 6 0
P9196 2096 2 0 0 0 1 0 0 1 2 2 3 3 2 0 3 9 22 6 0 0 0 0 0 13 21 10 19 0 5 -999 -999 -999
P9196 2096 3 0 28 69 64 0 0 9 6 5 0 0 0 2 4 1 0 0 0 0 0 0 0 0 0 0 4 2 0 11 34 22
P9196 2096 4 10 0 4 0 0 34 29 43 35 12 27 44 63 62 10 6 6 17 43 23 9 0 0 0 0 0 0 33 35 0 -999
P9196 2096 5 0 0 0 0 0 0 0 0 10 0 0 0 0 0 0 0 0 0 0 0 0 0 0 0 0 0 8 0 48 65 56
P9196 2096 6 53 3 13 16 0 0 0 0 0 0 0 3 0 0 0 0 0 0 0 0 0 8 0 0 0 0 0 0 0 0 -999
P9196 2096 7 0 0 0 0 0 0 0 0 0 0 0 0 0 0 0 0 0 0 0 0 0 0 0 0 0 0 0 0 0 0 0
P9196 2096 8 0 0 0 0 0 0 0 0 0 0 0 0 0 0 0 0 0 0 0 0 0 0 0 0 0 0 0 0 0 0 0
P9196 2096 9 3 0 0 0 0 0 0 6 0 0 0 0 0 0 0 0 0 0 0 0 0 0 0 0 0 0 0 0 0 0 -999
P9196 2096 10 0 0 0 0 0 0 0 0 6 18 17 17 1 0 0 0 36 75 53 50 27 11 0 4 4 0 0 4 8 67 40
P9196 2096 11 42 55 26 13 17 19 5 8 44 73 35 4 29 32 77 49 61 57 13 56 9 2 2 0 3 3 3 2 5 1 -999
P9196 2096 12 0 0 0 0 0 2 0 0 0 0 0 0 0 0 2 0 0 1 0 0 1 0 0 3 5 37 18 34 45 40 63
P9196 2097 1 29 6 10 13 3 2 5 18 9 9 4 9 12 0 17 52 29 6 32 9 2 0 2 3 0 5 0 5 11 4 2
P9196 2097 2 3 3 0 0 5 2 2 2 0 14 2 8 3 0 0 0 0 0 0 0 13 0 0 0 0 0 0 23 -999 -999 -999
P9196 2097 3 0 0 0 9 15 10 9 0 0 0 0 0 0 15 6 8 16 51 45 53 50 10 28 33 29 18 9 0 0 2 0
P9196 2097 4 31 0 0 0 0 0 0 0 2 2 0 0 0 0 0 0 0 8 7 5 36 56 37 7 35 38 56 3 2 3 -999
P9196 2097 5 0 0 0 0 0 63 8 0 0 0 0 0 0 0 0 0 0 0 15 0 0 0 0 0 0 0 0 0 0 0 4
P9196 2097 6 0 0 0 0 0 0 0 0 0 0 0 41 45 0 17 0 0 0 0 0 0 0 0 0 0 0 0 0 0 0 -999
P9196 2097 7 0 0 0 0 0 0 0 0 0 0 0 0 0 0 0 0 0 0 0 0 0 0 0 0 0 0 0 0 0 0 0
P9196 2097 8 0 0 0 0 0 0 0 0 0 0 0 0 0 0 0 0 0 0 0 0 0 0 0 0 0 0 0 0 0 0 0
P9196 2097 9 0 0 0 0 0 0 0 0 0 0 0 0 0 0 0 0 0 0 0 50 0 0 0 0 0 0 0 0 0 0 -999
P9196 2097 10 0 40 16 7 22 0 0 0 0 0 0 0 0 0 0 0 7 62 49 39 4 3 16 19 3 2 2 0 0 32 56
P9196 2097 11 23 14 3 9 2 0 0 2 4 8 7 11 68 39 21 6 0 0 0 0 36 53 10 0 0 0 0 0 0 0 -999
P9196 2097 12 0 0 30 48 38 22 9 2 0 0 0 0 0 0 34 63 15 1 1 1 4 32 6 4 3 2 13 5 0 0 0
P9196 2098 1 0 6 3 2 11 12 1 10 1 2 2 0 0 2 0 0 0 0 1 1 4 2 2 1 0 0 0 2 0 0 0
P9196 2098 2 4 14 36 39 51 26 52 34 43 47 5 12 13 3 3 9 6 0 12 24 10 0 0 0 17 26 6 7 -999 -999 -999
P9196 2098 3 4 4 1 2 1 2 2 0 0 0 0 0 0 0 0 0 0 0 25 32 24 3 0 0 0 0 0 0 0 0 0
P9196 2098 4 0 0 0 0 0 0 0 2 6 13 4 5 0 4 0 0 0 0 0 0 36 16 0 0 0 0 18 21 0 0 -999
P9196 2098 5 0 0 0 0 0 0 0 0 0 0 0 0 0 0 0 17 16 15 14 0 0 0 0 0 0 0 0 0 0 0 0
P9196 2098 6 0 0 0 0 0 0 0 0 0 0 0 0 0 32 33 9 0 0 0 0 9 6 15 11 0 0 0 0 0 0 -999
P9196 2098 7 0 0 0 0 0 0 0 0 0 0 0 0 0 0 0 0 0 0 0 0 0 0 0 0 0 0 0 0 0 0 0
P9196 2098 8 0 0 0 0 0 0 0 0 0 0 0 0 0 0 0 0 0 0 0 0 0 0 0 0 0 0 0 0 0 0 0
P9196 2098 9 0 0 0 0 0 0 0 0 0 0 0 0 0 0 0 0 0 34 9 31 0 0 0 0 6 5 7 3 0 0 -999
P9196 2098 10 0 0 0 7 3 1 0 0 0 0 0 0 0 0 7 0 0 23 3 28 27 17 7 2 2 1 2 7 4 34 23
P9196 2098 11 48 63 6 51 11 21 4 10 5 72 69 18 6 0 0 27 73 24 3 2 3 32 22 8 0 0 3 4 11 24 -999
P9196 2098 12 4 56 26 44 25 23 9 0 28 2 0 0 1 0 0 0 1 4 4 3 7 36 45 9 3 3 0 2 1 0 2
P9196 2099 1 0 0 0 0 0 0 0 0 0 0 0 1 0 0 2 3 2 0 1 0 0 0 0 0 2 0 0 0 0 0 0
P9196 2099 2 3 11 54 1 2 0 2 0 0 0 0 0 0 0 0 0 0 0 7 3 1 3 1 1 3 0 14 3 -999 -999 -999
P9196 2099 3 0 0 2 0 8 47 41 62 58 72 76 30 2 0 0 0 0 0 0 0 0 0 4 1 2 1 0 0 0 0 0
P9196 2099 4 0 2 1 0 3 0 0 0 0 0 2 4 39 42 8 3 0 0 0 0 0 4 3 2 3 5 0 0 0 2 -999
P9196 2099 5 0 0 0 11 28 0 3 0 3 0 0 0 0 17 3 0 0 0 0 9 0 0 0 0 0 0 0 0 0 0 0
P9196 2099 6 0 0 0 0 0 0 0 0 0 0 0 0 0 0 0 0 0 0 8 10 16 0 0 0 0 0 0 0 0 0 -999
P9196 2099 7 0 0 0 0 0 0 0 0 0 0 0 0 0 0 0 0 0 0 0 0 0 0 0 0 0 0 0 0 0 0 0
P9196 2099 8 0 0 0 0 0 0 0 0 0 0 0 0 0 0 0 0 0 0 0 0 0 0 0 0 0 0 0 0 14 5 0
P9196 2099 9 0 27 0 0 0 0 0 0 0 4 4 0 0 0 0 0 0 0 0 0 0 0 0 0 0 0 0 0 0 0 -999
P9196 2099 10 0 0 0 0 0 0 0 0 0 0 24 4 0 14 51 0 0 0 0 0 0 0 0 0 0 0 0 0 0 48 68
P9196 2099 11 29 17 12 0 8 7 10 5 3 13 25 25 77 6 16 20 35 57 76 50 60 8 0 0 0 0 0 0 0 6 -999
P9196 2099 12 7 3 2 2 3 9 4 0 35 0 0 0 0 5 0 0 2 2 4 3 7 21 6 2 0 0 14 25 12 24 82
P9196 2100 1 1 0 0 0 2 2 0 0 0 2 0 33 52 28 0 66 41 0 0 0 0 2 5 2 0 0 1 0 0 1 0
P9196 2100 2 0 0 0 3 0 2 1 0 0 0 2 0 0 1 2 0 0 0 3 5 1 0 0 0 0 0 0 0 -999 -999 -999
P9196 2100 3 0 0 0 0 0 38 0 37 0 35 0 0 5 16 0 0 0 0 6 0 0 0 0 0 0 0 0 28 7 0 17
P9196 2100 4 8 0 4 0 0 0 0 0 5 5 3 2 6 0 0 0 5 0 0 0 0 24 23 2 0 0 0 0 0 48 -999
P9196 2100 5 0 0 0 0 8 0 7 0 0 0 47 8 25 0 0 15 32 7 0 0 0 0 0 9 10 10 0 0 0 0 0
P9196 2100 6 0 18 0 0 12 9 0 0 0 0 0 0 0 0 0 0 0 0 0 0 0 0 6 0 0 0 48 0 4 0 -999
P9196 2100 7 22 0 0 0 0 0 0 0 0 0 0 0 0 0 4 0 0 0 0 0 24 30 0 0 0 0 0 0 0 0 0
P9196 2100 8 5 5 0 0 0 0 0 0 0 0 0 0 0 0 0 0 0 0 0 0 0 0 0 0 0 0 0 0 0 0 0
P9196 2100 9 0 0 0 0 0 61 6 0 13 0 0 0 0 0 0 0 0 4 0 14 0 0 0 0 0 0 0 5 7 5 -999
P9196 2100 10 5 0 2 7 0 21 13 11 48 45 8 29 0 0 0 7 0 0 40 0 8 0 8 40 14 5 0 0 53 36 10
P9196 2100 11 58 10 0 0 4 4 4 0 0 0 0 65 43 5 8 0 0 0 0 0 0 0 0 0 0 5 0 0 0 0 -999
P9196 2100 12 0 0 0 0 4 0 0 0 0 0 0 0 0 4 0 21 0 0 10 2 0 38 0 4 0 45 43 21 3 0 -999
