precip bcc-csm1-1 rcp60 RNEURONALES decimas 2
P13283 41.629 -3.793 835 geo 2006 2100 -1
P13283 2006 1 0 0 0 0 20 24 4 21 46 57 58 60 32 16 7 8 2 0 0 0 21 12 27 32 19 3 2 23 4 0 2
P13283 2006 2 11 0 12 22 43 58 53 44 57 61 51 60 58 37 16 55 40 6 0 0 35 36 53 51 47 16 0 0 -999 -999 -999
P13283 2006 3 0 19 21 9 10 31 26 0 0 48 56 43 26 53 27 10 35 1 0 0 0 0 0 0 0 0 7 16 38 25 10
P13283 2006 4 26 53 9 0 17 17 20 51 54 44 53 48 40 11 6 0 0 21 37 14 0 0 28 14 0 26 15 5 0 0 -999
P13283 2006 5 0 5 2 29 45 25 6 10 34 50 32 19 23 23 0 0 27 17 13 7 7 7 5 0 0 0 22 44 50 32 8
P13283 2006 6 28 16 44 49 54 50 37 7 0 0 0 0 0 0 0 0 0 0 0 0 0 0 0 0 0 0 0 0 0 0 -999
P13283 2006 7 0 0 0 0 0 26 0 0 0 0 0 0 0 0 0 0 0 0 0 0 0 0 0 0 0 0 0 0 0 0 0
P13283 2006 8 0 0 0 0 0 0 0 0 0 0 0 0 0 0 0 0 0 0 0 0 0 0 0 0 0 0 0 0 0 0 0
P13283 2006 9 0 0 0 0 0 0 0 0 0 7 14 0 0 23 20 20 14 11 7 0 0 0 0 0 0 0 0 0 0 0 -999
P13283 2006 10 37 19 17 13 24 0 0 0 0 0 0 0 0 0 0 0 0 0 0 0 0 0 0 0 0 0 0 0 0 0 0
P13283 2006 11 0 0 0 0 30 26 38 24 0 0 0 0 0 0 29 0 0 0 0 0 0 0 0 0 0 0 0 0 0 0 -999
P13283 2006 12 0 0 31 0 0 17 0 0 0 0 0 0 0 0 0 0 0 0 0 0 10 50 57 27 53 49 46 54 8 4 0
P13283 2007 1 0 0 0 0 0 0 0 0 0 11 0 0 0 0 0 0 23 12 5 11 35 6 26 37 31 37 56 33 31 16 22
P13283 2007 2 0 0 0 18 32 58 63 56 14 20 0 16 52 58 49 32 0 0 33 13 0 0 0 0 0 0 0 0 -999 -999 -999
P13283 2007 3 15 0 0 0 0 0 0 0 0 0 0 0 16 12 12 9 45 12 3 2 0 14 38 13 5 0 0 0 0 0 0
P13283 2007 4 0 13 17 28 33 40 41 5 0 0 0 0 17 27 36 50 12 24 50 15 16 47 56 58 54 45 14 4 35 9 -999
P13283 2007 5 32 11 22 52 34 9 5 21 4 8 23 29 22 16 21 13 16 7 3 6 0 0 0 0 0 0 0 0 0 7 9
P13283 2007 6 0 0 0 0 0 0 6 7 0 0 0 0 0 0 0 16 0 0 0 0 0 0 0 0 0 0 0 0 0 0 -999
P13283 2007 7 0 0 0 0 0 0 0 0 0 0 0 0 0 0 0 0 0 0 0 0 0 0 0 0 0 0 0 0 0 0 0
P13283 2007 8 0 0 0 0 0 0 0 0 0 0 0 0 0 0 0 0 0 0 0 0 0 0 14 25 16 13 14 4 0 0 0
P13283 2007 9 0 0 0 0 0 0 0 0 0 0 0 0 0 0 0 0 0 0 0 0 0 0 0 0 0 0 0 0 0 0 -999
P13283 2007 10 0 21 13 0 0 0 43 18 6 53 26 8 20 39 40 11 40 51 43 8 12 0 0 35 32 51 62 53 19 56 37
P13283 2007 11 0 0 0 0 0 0 0 18 0 39 17 0 0 0 20 4 0 29 7 59 32 50 61 54 49 15 20 41 56 14 -999
P13283 2007 12 24 8 0 0 0 0 0 15 55 56 35 10 5 4 0 13 58 48 36 53 51 22 50 33 14 27 27 31 37 17 0
P13283 2008 1 23 47 62 53 34 60 52 19 3 16 47 52 11 3 7 32 56 56 10 0 0 0 0 0 0 0 0 0 0 0 0
P13283 2008 2 0 0 0 0 0 0 0 0 0 0 0 0 0 0 0 0 0 0 0 26 16 22 12 27 7 0 0 0 -999 -999 -999
P13283 2008 3 0 0 0 0 0 0 18 5 2 0 0 3 36 48 38 21 43 46 7 24 35 0 42 28 45 56 34 4 17 29 34
P13283 2008 4 44 25 38 23 18 28 33 22 13 14 8 0 19 10 0 0 0 27 39 9 0 0 12 3 10 34 6 0 18 20 -999
P13283 2008 5 0 0 13 17 43 37 35 14 18 22 25 5 21 0 0 15 21 12 0 31 9 0 0 0 0 0 0 14 0 0 0
P13283 2008 6 0 0 0 14 9 0 0 0 0 0 0 0 0 0 9 0 0 0 0 0 9 0 0 14 8 7 13 15 13 0 -999
P13283 2008 7 6 15 8 25 38 17 22 7 0 0 0 0 0 0 0 0 14 0 0 0 0 0 0 0 0 0 19 0 0 0 0
P13283 2008 8 0 0 0 0 0 0 0 0 0 0 0 0 0 0 0 0 0 0 0 0 0 0 0 0 0 0 0 0 0 0 0
P13283 2008 9 0 0 0 0 0 0 0 0 0 0 0 0 0 0 0 0 0 0 0 0 0 0 0 0 0 0 0 12 0 0 -999
P13283 2008 10 16 17 20 11 9 6 0 0 0 0 15 24 40 44 48 48 40 6 0 12 19 49 54 24 7 24 0 15 13 5 18
P13283 2008 11 15 18 0 14 8 22 30 47 27 3 2 0 9 30 54 59 57 44 61 7 0 58 42 25 33 31 28 9 0 39 -999
P13283 2008 12 60 55 7 33 0 19 33 49 24 0 0 28 22 57 43 20 0 0 0 0 17 29 44 48 32 0 0 0 0 0 0
P13283 2009 1 0 0 0 0 26 24 2 2 2 11 22 7 25 11 7 13 4 42 35 0 0 25 34 35 8 0 0 14 17 31 19
P13283 2009 2 15 15 0 0 13 24 28 26 27 37 42 51 18 0 0 0 39 44 23 49 54 44 49 53 60 60 63 58 -999 -999 -999
P13283 2009 3 62 47 62 63 50 62 60 25 9 16 15 0 0 0 0 0 14 34 38 22 19 0 0 0 15 41 29 16 16 7 0
P13283 2009 4 0 0 0 0 0 0 40 0 10 0 27 20 36 42 4 8 0 0 0 24 6 0 0 14 0 0 22 0 0 0 -999
P13283 2009 5 0 0 0 0 0 0 0 0 0 0 0 0 0 0 0 8 0 0 0 0 7 0 0 0 0 0 0 0 0 0 0
P13283 2009 6 0 0 0 5 5 0 5 14 18 16 28 18 12 13 9 4 6 16 9 27 13 0 0 0 0 0 0 0 0 0 -999
P13283 2009 7 0 0 0 0 0 0 0 0 0 0 0 0 0 0 0 0 0 0 0 0 0 0 0 0 0 0 0 0 0 0 0
P13283 2009 8 0 0 0 0 0 0 0 0 0 0 0 0 0 0 0 0 0 0 0 0 0 0 0 0 0 0 0 0 0 0 0
P13283 2009 9 0 0 0 0 0 0 0 0 0 0 0 0 0 0 0 0 0 0 0 0 0 0 0 0 0 0 0 0 0 0 -999
P13283 2009 10 0 26 55 44 30 26 19 12 16 0 0 0 0 0 0 0 0 0 0 0 11 3 0 0 17 0 0 0 0 0 0
P13283 2009 11 0 0 12 0 19 0 0 22 27 35 45 32 27 0 8 0 0 0 0 0 0 16 23 0 0 0 0 0 0 0 -999
P13283 2009 12 0 0 22 25 38 17 24 9 0 42 43 20 30 22 36 50 34 14 0 0 0 0 0 23 33 59 55 59 49 40 56
P13283 2010 1 11 21 26 24 15 0 0 25 0 0 30 0 0 0 30 5 4 24 30 7 12 0 0 0 0 0 0 0 0 0 0
P13283 2010 2 0 0 0 0 0 0 0 0 0 10 0 0 7 0 0 0 5 0 0 0 23 13 0 0 0 0 0 10 -999 -999 -999
P13283 2010 3 3 0 0 0 8 21 26 14 15 9 4 0 0 0 0 0 0 0 0 13 51 23 34 9 5 3 2 2 0 0 0
P13283 2010 4 15 34 37 14 14 35 37 33 16 4 0 21 18 0 0 0 0 0 0 0 0 0 0 23 3 4 0 0 0 0 -999
P13283 2010 5 0 0 0 0 0 0 0 0 0 0 0 0 0 0 0 0 0 13 5 0 0 0 0 0 0 0 0 0 0 0 0
P13283 2010 6 24 0 0 0 0 0 0 0 0 0 7 8 0 17 34 18 7 0 0 0 0 0 0 9 0 0 0 0 0 0 -999
P13283 2010 7 0 0 0 0 0 0 0 0 0 0 0 0 0 0 0 0 0 0 0 0 0 0 0 0 0 0 0 0 0 0 0
P13283 2010 8 0 0 0 0 0 0 0 0 0 0 0 0 20 0 0 0 0 0 0 0 0 0 0 0 0 0 0 0 0 0 0
P13283 2010 9 0 0 0 0 0 0 0 0 0 0 0 0 0 0 0 0 0 0 0 26 0 0 0 0 17 36 22 0 0 0 -999
P13283 2010 10 0 0 0 0 0 0 0 0 0 0 0 0 0 0 0 0 0 0 0 0 0 0 0 0 0 19 29 0 0 0 0
P13283 2010 11 0 0 0 0 0 0 0 0 0 10 38 58 58 28 29 26 48 3 9 0 0 0 7 7 0 0 0 0 0 0 -999
P13283 2010 12 0 0 0 0 0 0 0 0 0 0 0 0 0 0 0 0 0 12 11 0 0 0 0 0 0 0 0 10 0 0 0
P13283 2011 1 0 0 0 0 8 0 0 0 0 0 0 13 0 0 0 0 0 0 0 0 0 0 0 0 0 0 0 0 0 34 14
P13283 2011 2 2 7 6 0 0 0 0 3 3 2 3 0 0 0 0 0 0 0 0 0 0 0 0 22 22 15 15 24 -999 -999 -999
P13283 2011 3 8 3 6 30 16 34 62 46 41 21 0 0 0 0 39 51 0 0 0 23 11 13 12 20 22 0 0 41 50 19 40
P13283 2011 4 52 6 28 18 23 23 0 0 20 45 47 21 15 0 0 0 0 0 0 0 0 0 8 18 25 41 7 0 0 0 -999
P13283 2011 5 0 0 0 0 0 0 0 0 0 0 0 0 0 0 0 0 0 0 0 0 0 0 0 0 12 0 22 0 0 0 0
P13283 2011 6 0 0 0 0 0 0 0 0 0 0 0 0 0 0 0 0 0 0 0 0 0 13 20 26 42 44 9 0 0 0 -999
P13283 2011 7 13 14 8 6 7 0 0 0 0 0 0 0 0 0 0 0 0 0 0 0 0 0 0 0 0 0 0 0 0 0 0
P13283 2011 8 0 0 0 0 0 0 0 0 0 0 0 0 0 0 0 0 0 0 0 0 0 0 0 0 0 0 0 0 0 0 0
P13283 2011 9 0 0 0 0 0 0 0 0 0 0 17 13 0 20 9 0 0 38 0 0 0 0 0 0 0 0 0 0 0 0 -999
P13283 2011 10 0 0 13 0 14 20 15 4 0 0 0 0 11 0 0 0 0 0 42 19 4 48 52 26 0 0 0 0 27 47 29
P13283 2011 11 34 48 58 41 11 41 0 32 0 0 0 50 18 11 0 0 0 0 0 16 36 49 56 15 0 29 52 56 54 29 -999
P13283 2011 12 56 32 0 0 0 0 11 14 0 0 27 0 0 8 59 39 23 32 23 0 0 19 25 34 40 55 48 26 31 31 29
P13283 2012 1 18 16 50 34 60 30 0 14 0 12 0 14 6 33 34 29 12 47 56 34 19 34 7 10 0 0 0 0 0 0 0
P13283 2012 2 0 0 0 13 0 0 0 0 0 0 13 36 0 13 19 14 59 11 43 0 22 9 19 44 22 0 21 0 -999 -999 -999
P13283 2012 3 11 0 0 0 0 0 0 0 0 0 0 0 13 6 16 3 3 0 12 0 0 0 5 3 6 9 38 4 0 0 14
P13283 2012 4 0 10 14 0 0 0 0 0 0 0 0 0 0 0 0 0 0 0 0 0 0 11 0 0 0 0 0 0 0 0 -999
P13283 2012 5 0 0 0 0 0 0 0 0 0 12 0 0 40 22 18 0 0 0 0 0 0 14 15 15 16 21 31 27 33 21 4
P13283 2012 6 0 0 0 15 17 8 0 0 0 0 0 0 0 0 0 0 0 0 0 0 0 0 0 0 0 0 0 0 0 0 -999
P13283 2012 7 0 0 0 0 0 0 0 0 0 0 0 0 0 0 0 0 0 0 0 0 0 0 0 0 0 0 0 0 0 0 0
P13283 2012 8 0 0 0 0 0 0 0 0 0 0 0 0 0 20 11 0 0 0 0 0 0 0 0 0 0 11 21 14 0 18 0
P13283 2012 9 0 0 0 0 0 0 0 0 19 0 0 0 0 0 0 0 0 0 0 0 0 0 0 0 0 0 0 0 0 0 -999
P13283 2012 10 0 0 0 0 0 0 0 0 0 0 0 0 0 0 0 0 0 0 0 0 0 29 35 11 11 41 0 36 25 61 52
P13283 2012 11 31 0 0 35 38 53 47 30 0 44 4 0 53 19 0 0 0 0 0 0 0 0 0 0 0 0 0 0 0 0 -999
P13283 2012 12 40 9 0 11 26 5 5 0 0 0 0 0 0 0 0 0 18 49 27 43 2 14 15 25 5 10 0 0 0 0 0
P13283 2013 1 0 0 0 0 0 0 0 0 0 0 0 0 28 6 2 4 0 0 13 29 42 34 18 51 16 6 0 0 0 30 5
P13283 2013 2 2 22 7 21 11 53 61 26 26 3 28 19 9 52 19 7 26 0 7 14 0 28 41 29 39 44 17 5 -999 -999 -999
P13283 2013 3 6 9 9 0 0 0 0 0 0 0 0 0 9 47 45 50 48 48 0 0 0 0 21 0 0 0 0 0 0 0 0
P13283 2013 4 0 0 0 0 13 10 4 4 8 8 0 0 0 0 25 24 0 0 0 0 20 18 7 0 0 0 0 0 0 0 -999
P13283 2013 5 0 0 0 0 0 0 0 0 0 15 13 10 6 0 0 0 0 19 35 36 18 13 12 10 16 0 0 0 0 0 0
P13283 2013 6 0 0 0 0 0 0 0 0 0 0 0 0 0 0 0 0 0 0 0 0 0 0 0 0 0 0 0 0 0 0 -999
P13283 2013 7 0 0 0 0 0 0 0 0 0 0 0 0 0 0 0 0 0 0 0 0 0 0 0 0 0 0 0 0 0 0 0
P13283 2013 8 0 0 0 0 0 0 0 0 0 0 0 0 0 0 0 0 0 0 0 0 0 0 0 0 0 0 0 0 0 0 0
P13283 2013 9 0 0 0 0 0 0 0 0 0 0 0 0 0 0 0 0 0 0 0 0 0 11 0 0 0 0 0 0 0 0 -999
P13283 2013 10 0 0 0 0 0 0 18 12 54 52 59 27 49 53 23 60 28 13 4 11 12 0 48 27 0 0 0 0 0 0 0
P13283 2013 11 0 15 24 0 0 0 0 0 0 0 0 0 20 8 37 0 0 26 0 0 0 0 0 25 38 41 40 33 0 0 -999
P13283 2013 12 0 0 31 27 12 5 2 0 0 0 0 13 0 0 0 21 36 22 0 0 0 0 25 0 0 0 0 20 37 31 51
P13283 2014 1 56 62 32 2 16 0 11 13 42 22 40 41 40 18 0 0 0 0 11 38 46 20 38 31 58 57 44 50 48 62 45
P13283 2014 2 17 5 0 33 13 0 0 0 18 30 0 0 0 0 0 0 0 0 0 0 0 0 0 0 0 0 0 0 -999 -999 -999
P13283 2014 3 0 0 0 0 0 0 0 0 0 0 16 0 0 0 35 5 0 0 0 0 12 13 6 5 10 6 0 0 0 7 11
P13283 2014 4 11 11 37 7 9 0 14 9 34 57 55 6 11 0 0 0 0 0 0 0 0 0 0 0 0 0 7 17 16 27 -999
P13283 2014 5 9 26 13 0 16 30 17 29 4 0 13 20 33 9 11 6 23 41 4 0 0 0 0 0 0 0 0 0 20 34 51
P13283 2014 6 47 23 5 0 16 0 0 0 0 0 0 0 0 0 0 0 0 0 0 0 0 0 0 0 0 0 0 0 0 0 -999
P13283 2014 7 0 0 0 0 0 0 0 0 0 0 0 0 0 0 0 0 0 0 0 0 0 0 0 0 0 0 0 0 16 0 0
P13283 2014 8 0 0 0 0 0 0 0 0 0 0 0 0 0 0 0 0 0 0 0 0 0 0 0 0 0 0 0 0 0 0 0
P13283 2014 9 0 0 0 0 0 0 0 0 0 0 0 0 0 0 0 0 0 0 0 0 0 0 0 0 0 0 0 0 0 0 -999
P13283 2014 10 0 0 0 0 0 0 0 0 0 0 0 0 0 0 0 0 0 0 0 0 0 13 14 0 0 34 16 0 0 0 15
P13283 2014 11 0 21 0 0 0 35 17 20 0 0 0 39 23 0 0 0 0 29 41 50 41 2 0 0 0 24 18 9 12 41 -999
P13283 2014 12 5 0 0 0 0 0 0 0 0 0 18 35 35 20 58 43 55 49 6 26 52 53 55 57 33 47 49 2 0 0 0
P13283 2015 1 0 0 0 0 0 0 0 0 0 0 0 0 0 0 0 0 0 0 17 28 0 12 23 44 56 44 6 9 7 45 7
P13283 2015 2 2 28 0 16 2 0 0 9 44 7 9 30 43 48 47 49 53 61 50 24 45 52 45 21 0 0 10 10 -999 -999 -999
P13283 2015 3 0 0 0 0 0 0 0 0 0 0 0 0 14 0 0 0 0 0 32 33 27 17 7 0 0 0 0 0 0 0 8
P13283 2015 4 10 0 0 0 0 0 0 0 5 25 35 20 34 39 31 39 6 4 47 53 44 54 15 30 35 0 0 0 0 0 -999
P13283 2015 5 24 5 7 6 6 0 0 0 11 0 0 0 0 0 0 0 0 0 0 0 0 0 0 0 0 0 0 0 0 0 0
P13283 2015 6 0 0 0 9 18 11 0 0 0 0 0 0 0 0 0 0 0 0 0 0 0 0 0 0 0 0 0 0 0 0 -999
P13283 2015 7 0 0 0 0 0 0 0 0 0 0 0 0 0 0 0 0 0 0 0 0 0 0 0 0 0 0 0 0 0 0 0
P13283 2015 8 0 0 0 0 0 0 0 0 0 0 0 0 0 0 0 0 0 0 0 0 0 0 0 0 0 0 0 0 0 0 0
P13283 2015 9 0 0 0 0 11 0 0 0 0 0 0 0 0 0 0 27 52 61 47 0 0 38 19 0 40 33 0 0 0 4 -999
P13283 2015 10 12 18 0 0 0 0 0 11 56 53 13 15 0 0 0 12 21 54 58 19 10 14 27 0 0 6 2 0 11 0 0
P13283 2015 11 0 0 0 0 11 0 0 0 0 0 0 8 8 45 4 13 0 0 0 0 0 0 0 0 0 0 0 0 24 0 -999
P13283 2015 12 0 0 0 0 0 0 0 0 0 0 0 36 17 45 41 3 0 0 37 25 35 51 26 18 52 10 51 59 42 56 20
P13283 2016 1 35 6 23 21 32 50 50 46 20 6 53 29 27 23 19 41 9 3 0 46 7 0 0 0 2 0 0 0 0 0 0
P13283 2016 2 0 2 0 0 0 21 3 9 12 0 8 17 25 5 0 0 0 0 0 0 0 0 0 0 0 0 0 0 -999 -999 -999
P13283 2016 3 0 0 0 0 0 0 0 0 25 0 0 0 0 0 0 0 0 44 0 0 0 0 0 0 0 0 0 0 0 30 12
P13283 2016 4 0 0 16 56 57 15 15 21 41 14 14 23 51 10 0 0 29 41 49 20 12 12 32 27 0 0 28 35 7 35 -999
P13283 2016 5 44 18 11 16 15 6 10 0 0 0 0 0 0 0 0 0 7 14 9 0 0 0 0 14 10 0 0 0 0 0 0
P13283 2016 6 10 0 0 0 5 4 0 0 0 0 0 0 0 0 0 15 0 0 0 0 0 0 0 0 0 0 18 11 0 0 -999
P13283 2016 7 0 0 0 0 0 0 0 0 0 0 0 0 0 0 0 0 0 0 0 0 0 0 0 0 0 0 0 0 0 0 0
P13283 2016 8 0 0 0 0 0 0 0 0 0 0 0 0 0 0 0 0 0 0 0 0 0 0 0 0 0 0 0 0 0 0 0
P13283 2016 9 0 0 0 0 0 0 0 0 0 0 0 0 0 0 0 0 0 0 0 0 0 0 0 0 0 0 0 29 0 0 -999
P13283 2016 10 0 0 0 0 0 0 0 0 0 0 0 0 0 0 11 48 35 30 32 47 54 13 34 57 57 54 34 63 19 0 17
P13283 2016 11 11 0 0 47 53 14 56 24 16 9 56 63 61 55 6 43 40 29 27 45 16 0 39 61 62 43 52 38 23 12 -999
P13283 2016 12 0 0 0 0 17 0 0 0 0 0 0 0 4 0 0 0 0 0 0 0 0 0 0 0 0 0 0 0 43 0 0
P13283 2017 1 0 0 42 3 11 5 25 29 23 44 3 7 5 0 12 3 0 0 0 0 0 0 0 0 31 9 0 55 0 0 0
P13283 2017 2 27 42 7 0 0 0 0 0 0 0 0 0 0 0 0 0 0 0 40 63 62 56 17 8 22 10 25 15 -999 -999 -999
P13283 2017 3 19 29 22 12 26 47 15 13 27 12 5 6 7 0 0 0 8 30 45 25 18 62 44 26 43 29 27 21 40 34 37
P13283 2017 4 45 37 9 3 2 0 15 19 9 29 62 53 10 6 52 18 12 11 4 0 21 12 5 10 12 30 15 3 20 3 -999
P13283 2017 5 6 40 9 15 17 20 51 9 10 29 3 0 0 32 10 0 0 0 0 0 11 36 46 30 12 9 11 0 0 0 0
P13283 2017 6 0 0 0 0 0 7 5 20 10 0 0 0 0 0 0 0 0 0 0 0 0 0 0 0 0 0 0 0 0 0 -999
P13283 2017 7 0 0 0 0 0 0 0 0 0 0 0 6 13 0 0 0 0 0 0 0 0 20 11 5 0 0 0 0 0 0 0
P13283 2017 8 0 0 0 0 0 0 0 0 0 0 3 0 0 0 0 0 0 0 0 0 0 0 0 0 0 0 0 0 0 0 0
P13283 2017 9 0 0 0 0 0 0 0 0 0 0 0 0 0 0 0 0 0 0 0 0 0 0 0 0 0 12 3 15 41 56 -999
P13283 2017 10 18 42 21 0 0 0 15 28 27 0 0 0 0 0 0 0 0 0 0 21 31 0 0 32 35 53 15 0 0 0 0
P13283 2017 11 12 6 0 0 20 4 12 24 17 20 35 0 0 0 0 0 17 23 8 17 6 34 12 48 54 40 0 0 25 0 -999
P13283 2017 12 0 5 0 0 0 0 0 0 0 0 24 42 47 30 8 35 41 19 20 43 51 56 22 28 12 27 25 37 61 53 54
P13283 2018 1 0 0 0 0 0 0 0 0 0 0 0 0 0 0 26 0 19 0 0 0 0 0 19 23 43 22 0 0 0 0 11
P13283 2018 2 0 22 47 29 49 43 23 43 0 0 0 33 45 17 0 0 0 0 0 0 0 0 0 0 0 0 0 0 -999 -999 -999
P13283 2018 3 0 0 0 0 0 0 7 0 0 0 27 46 30 15 0 0 0 0 0 25 45 43 40 54 24 53 27 36 25 54 14
P13283 2018 4 50 50 21 39 39 25 0 0 0 14 10 24 55 23 16 41 14 9 6 0 0 0 0 0 25 12 5 0 0 29 -999
P13283 2018 5 32 25 42 38 4 0 0 0 0 0 0 0 0 0 0 15 17 18 0 0 11 0 0 0 0 0 0 24 21 0 0
P13283 2018 6 0 0 0 0 0 15 23 9 0 0 0 0 0 0 0 0 0 0 0 0 0 0 0 0 0 0 0 0 0 0 -999
P13283 2018 7 0 0 0 0 0 0 0 0 0 0 0 0 0 0 0 0 0 0 0 0 0 0 0 0 0 0 0 0 0 0 0
P13283 2018 8 0 0 0 0 0 0 0 0 0 0 0 0 0 0 0 0 0 0 0 0 0 0 0 0 0 0 0 0 0 0 0
P13283 2018 9 0 0 0 0 0 0 0 0 0 0 0 0 0 0 0 0 0 0 0 0 0 25 31 0 0 0 0 0 0 0 -999
P13283 2018 10 0 0 0 0 0 0 0 0 0 0 0 0 0 0 0 0 0 0 0 13 16 0 0 0 13 0 0 6 0 0 33
P13283 2018 11 0 0 15 10 8 0 0 0 0 0 0 0 0 0 0 0 0 14 0 0 0 44 0 15 28 49 55 53 28 36 -999
P13283 2018 12 20 12 0 0 0 0 0 0 0 0 10 0 0 10 0 0 0 0 0 0 18 37 35 44 21 58 32 0 0 0 0
P13283 2019 1 0 0 0 23 15 51 40 46 30 13 27 5 50 15 44 21 0 0 0 0 0 0 0 0 0 0 0 0 0 0 11
P13283 2019 2 0 0 34 12 0 0 3 0 3 4 6 19 18 13 45 19 11 0 0 0 0 0 0 0 43 22 17 36 -999 -999 -999
P13283 2019 3 51 48 29 55 44 61 27 29 37 50 9 7 22 0 14 0 18 0 17 0 0 16 0 0 0 0 0 0 0 12 8
P13283 2019 4 0 0 0 0 0 0 0 17 0 0 11 22 4 0 0 0 0 0 0 0 0 8 13 5 13 16 41 58 9 17 -999
P13283 2019 5 8 7 17 0 9 6 0 0 19 24 7 0 33 15 0 14 0 0 0 0 0 0 0 7 0 0 0 3 0 0 0
P13283 2019 6 0 0 0 0 0 0 0 0 0 0 0 0 0 0 0 0 0 0 0 0 0 0 0 0 0 11 10 0 0 0 -999
P13283 2019 7 0 25 41 17 0 0 0 0 0 0 0 0 0 0 0 0 0 0 0 0 0 0 0 0 0 0 0 0 0 0 0
P13283 2019 8 0 0 0 0 0 0 0 0 0 0 0 0 0 0 0 0 0 0 0 0 0 0 0 0 0 0 0 0 0 0 0
P13283 2019 9 0 0 0 0 0 0 0 0 0 0 0 0 12 0 0 0 0 18 8 0 0 0 0 0 0 0 0 0 0 0 -999
P13283 2019 10 0 0 0 0 0 14 0 0 0 31 0 0 0 0 18 0 0 0 0 0 0 0 0 43 10 14 4 17 0 0 16
P13283 2019 11 20 38 0 30 56 48 51 21 0 24 37 30 0 42 47 44 0 0 0 0 0 0 0 23 14 28 4 6 14 33 -999
P13283 2019 12 8 17 0 0 0 0 0 0 0 0 0 0 22 17 57 20 35 49 27 3 0 51 56 60 60 52 35 3 0 0 0
P13283 2020 1 14 41 46 55 38 45 47 0 0 0 20 30 0 0 0 0 0 0 0 0 0 0 0 0 0 0 0 0 2 4 4
P13283 2020 2 21 33 42 57 10 3 30 7 0 0 0 0 0 0 28 22 4 0 0 0 8 0 0 17 0 0 0 0 -999 -999 -999
P13283 2020 3 0 0 0 0 0 0 0 0 0 0 0 0 0 13 9 0 0 0 0 0 0 15 43 60 62 42 52 5 41 21 33
P13283 2020 4 32 0 18 0 0 0 0 0 4 5 11 12 18 5 0 0 0 0 0 0 0 30 35 35 32 15 0 0 0 0 -999
P13283 2020 5 0 0 0 20 16 4 0 0 0 0 0 10 0 0 0 0 0 0 0 0 0 9 11 19 6 13 50 54 27 13 8
P13283 2020 6 2 0 0 0 0 0 34 37 17 0 0 0 0 0 0 0 0 0 0 0 0 0 0 0 0 0 0 0 0 0 -999
P13283 2020 7 0 0 0 0 0 0 0 0 0 0 0 0 0 0 0 0 0 0 0 0 0 0 0 0 0 0 0 0 0 0 0
P13283 2020 8 0 0 0 0 0 0 0 0 0 0 0 0 0 0 0 0 0 0 0 0 0 0 0 0 0 0 0 0 0 0 0
P13283 2020 9 0 0 0 0 0 0 0 0 0 0 0 0 0 15 29 12 0 26 40 27 8 0 0 0 22 0 0 0 0 0 -999
P13283 2020 10 0 0 12 4 0 0 0 0 0 0 0 0 0 0 0 0 0 0 0 0 0 0 39 44 18 54 61 55 19 21 0
P13283 2020 11 28 5 29 55 39 0 38 24 0 10 0 0 9 0 0 19 31 32 57 62 57 11 22 0 0 0 0 0 0 0 -999
P13283 2020 12 0 0 0 22 18 11 0 0 22 37 37 31 32 6 13 0 0 44 18 36 53 63 62 45 16 25 0 0 0 0 18
P13283 2021 1 0 4 4 2 27 8 23 0 0 0 39 8 16 32 3 3 6 3 5 4 22 18 47 56 56 61 64 59 52 58 57
P13283 2021 2 19 58 53 57 60 45 17 38 0 0 9 0 32 12 0 21 26 0 10 0 0 0 0 21 10 0 36 43 -999 -999 -999
P13283 2021 3 11 18 44 20 36 51 22 11 0 10 28 10 61 14 63 51 58 61 63 50 39 8 40 42 12 17 23 14 30 35 44
P13283 2021 4 39 57 12 37 17 0 0 9 48 56 23 3 0 0 7 24 43 39 29 10 0 0 0 26 36 46 40 14 5 23 -999
P13283 2021 5 4 0 0 7 0 22 29 16 30 34 27 3 9 9 0 0 0 0 0 0 0 0 0 0 0 0 7 20 11 25 14
P13283 2021 6 31 31 11 12 28 24 36 48 14 16 44 34 28 15 32 0 0 0 0 0 0 0 0 0 0 0 0 0 0 0 -999
P13283 2021 7 0 0 0 0 0 0 0 0 0 0 0 0 0 0 0 0 0 0 0 0 0 0 0 0 0 0 0 0 17 0 0
P13283 2021 8 0 0 0 0 0 0 0 17 18 9 0 0 0 0 0 0 0 0 0 0 0 0 0 0 0 0 0 0 0 0 0
P13283 2021 9 0 0 0 0 0 0 0 0 0 0 0 0 22 28 21 13 0 0 0 0 0 0 0 0 0 38 21 0 0 0 -999
P13283 2021 10 31 38 57 34 0 0 0 41 20 0 0 0 38 13 43 10 0 0 0 26 46 30 0 0 37 22 3 0 0 6 42
P13283 2021 11 49 15 36 20 0 26 39 43 22 0 0 0 0 0 0 0 0 0 0 37 48 9 28 0 0 0 0 0 0 0 -999
P13283 2021 12 0 0 0 0 0 0 0 10 0 0 0 0 27 27 47 47 61 58 47 44 59 28 52 33 53 17 54 59 31 48 14
P13283 2022 1 0 0 0 0 0 0 0 0 0 0 0 13 7 2 0 0 0 0 0 0 0 0 0 0 0 0 0 0 0 0 0
P13283 2022 2 0 0 0 0 0 0 0 0 9 25 23 10 8 0 24 25 0 0 0 0 45 19 14 34 7 32 35 59 -999 -999 -999
P13283 2022 3 34 20 15 48 48 42 0 19 0 15 0 0 0 0 3 0 0 0 0 21 13 0 12 32 0 0 6 0 0 0 0
P13283 2022 4 0 0 13 27 13 47 26 29 28 0 0 23 41 0 0 0 0 0 0 0 34 44 26 31 3 7 7 0 0 0 -999
P13283 2022 5 0 0 0 0 0 0 0 0 0 0 0 0 0 0 0 0 6 15 23 32 5 0 0 0 0 0 0 0 0 0 0
P13283 2022 6 0 0 0 0 0 0 0 0 0 0 0 0 0 0 0 0 0 0 0 0 0 0 0 0 0 0 0 0 0 0 -999
P13283 2022 7 0 0 0 0 0 0 0 0 0 0 0 0 0 0 0 0 0 0 0 0 0 0 0 0 0 0 0 0 0 0 0
P13283 2022 8 0 0 0 0 0 0 0 0 0 0 0 0 0 0 0 0 0 0 0 0 0 0 0 0 0 0 0 0 0 0 0
P13283 2022 9 0 0 0 0 0 0 0 0 0 0 0 0 0 0 0 0 0 0 0 0 24 39 13 9 4 0 0 0 0 0 -999
P13283 2022 10 0 0 0 0 17 0 0 0 7 0 0 15 47 31 20 0 0 0 0 33 12 0 0 0 0 0 24 24 0 0 0
P13283 2022 11 27 0 0 29 2 0 0 0 0 0 0 19 29 14 0 0 20 0 0 27 58 60 61 63 6 0 0 0 0 0 -999
P13283 2022 12 47 2 11 29 18 57 36 52 26 18 22 7 0 0 0 0 30 16 28 56 46 46 57 62 50 62 58 61 48 2 4
P13283 2023 1 6 0 0 0 38 54 36 31 41 5 36 13 0 29 6 0 0 18 16 0 11 0 0 0 0 0 0 0 0 0 0
P13283 2023 2 0 0 0 0 0 25 0 0 0 0 0 0 0 13 40 52 48 48 8 50 0 0 0 15 0 0 10 0 -999 -999 -999
P13283 2023 3 29 24 33 3 21 15 0 0 0 0 0 0 0 16 50 40 62 53 16 16 51 31 23 7 0 13 13 3 0 18 0
P13283 2023 4 0 0 0 0 0 0 19 39 16 0 0 0 0 0 20 35 40 4 0 0 4 0 0 0 8 0 0 0 0 0 -999
P13283 2023 5 0 47 57 56 43 40 50 35 59 30 3 0 22 11 0 0 0 0 0 0 21 16 9 8 0 9 0 16 9 0 0
P13283 2023 6 0 0 0 0 0 0 0 0 0 0 0 11 15 16 34 8 8 4 0 0 0 0 0 0 0 0 0 0 0 0 -999
P13283 2023 7 0 0 0 0 0 11 0 0 0 0 0 0 0 0 0 0 0 9 7 0 0 0 0 0 0 0 0 0 0 0 0
P13283 2023 8 0 0 0 0 0 0 0 0 0 0 0 0 0 0 0 0 23 0 0 0 0 0 0 0 0 0 0 0 0 0 0
P13283 2023 9 0 0 0 0 0 0 0 0 0 0 0 0 0 0 0 16 9 0 0 0 0 0 0 0 0 0 0 0 0 32 -999
P13283 2023 10 12 4 0 0 0 0 0 0 27 7 0 0 0 41 16 4 12 26 4 31 6 5 0 0 0 0 0 14 11 6 4
P13283 2023 11 4 6 0 0 0 0 0 0 25 35 49 45 42 20 0 0 27 0 0 0 7 0 0 0 0 0 19 0 0 16 -999
P13283 2023 12 0 19 35 35 0 0 0 0 0 0 0 0 0 0 0 8 41 54 31 61 43 58 30 55 4 0 0 0 0 0 0
P13283 2024 1 20 0 0 15 0 0 0 0 0 0 0 0 0 0 0 0 15 39 52 60 44 56 58 45 12 31 46 49 3 39 11
P13283 2024 2 19 23 0 23 3 0 0 13 16 0 40 61 48 29 0 0 0 0 0 0 0 0 9 0 0 0 0 0 -999 -999 -999
P13283 2024 3 0 0 0 13 26 34 27 0 0 20 42 15 6 31 19 0 11 13 19 17 12 0 0 0 0 0 0 0 0 9 0
P13283 2024 4 0 0 2 8 51 52 58 51 18 50 34 0 0 0 0 0 0 0 0 0 36 57 10 5 0 0 0 0 0 20 -999
P13283 2024 5 26 20 39 23 17 0 15 16 5 0 0 20 17 10 5 2 0 15 0 0 0 0 0 0 12 0 30 39 28 14 9
P13283 2024 6 0 0 0 0 0 0 0 0 0 0 0 40 19 0 0 0 0 0 0 0 0 0 0 0 0 0 0 0 0 0 -999
P13283 2024 7 0 0 0 0 0 0 0 0 0 0 0 0 0 0 0 0 0 0 0 0 0 0 0 0 0 0 0 0 0 0 0
P13283 2024 8 0 0 0 0 0 0 0 0 0 0 0 0 0 0 0 0 0 0 0 0 0 0 0 0 0 0 0 0 0 0 0
P13283 2024 9 0 0 0 0 0 0 0 0 0 0 0 0 0 0 0 0 20 29 12 18 51 51 30 33 11 22 35 13 8 21 -999
P13283 2024 10 16 46 60 14 47 51 15 0 0 0 0 0 0 0 0 0 0 23 0 0 0 0 0 0 0 0 0 0 36 53 40
P13283 2024 11 23 38 62 22 11 16 21 16 0 0 45 39 16 6 4 32 5 0 0 0 0 0 0 0 0 0 0 0 0 30 -999
P13283 2024 12 36 27 47 11 27 43 17 17 50 60 63 59 57 19 23 0 0 0 18 0 24 18 45 28 22 28 0 13 0 0 15
P13283 2025 1 0 0 0 49 63 58 10 47 11 27 8 0 17 29 3 24 30 36 8 0 0 0 0 0 0 0 11 37 32 59 48
P13283 2025 2 38 18 49 45 44 46 53 54 40 7 47 27 0 0 0 0 0 0 0 0 0 0 0 0 0 0 0 0 -999 -999 -999
P13283 2025 3 0 25 16 18 0 0 0 26 39 6 17 0 0 0 0 0 0 0 0 0 0 0 0 0 0 0 0 6 0 0 0
P13283 2025 4 0 0 0 14 16 0 0 0 0 0 0 11 0 0 0 0 0 12 9 0 0 0 0 0 0 0 0 10 3 0 -999
P13283 2025 5 0 8 21 22 11 20 0 0 0 0 0 0 6 39 14 5 0 0 9 4 0 8 4 11 8 4 4 7 34 5 7
P13283 2025 6 0 0 0 5 13 0 0 0 0 0 0 0 0 0 0 0 0 0 0 0 0 0 0 0 0 0 0 0 0 0 -999
P13283 2025 7 0 0 0 0 0 0 0 0 0 0 0 0 0 0 0 0 0 0 0 0 0 0 0 0 0 0 0 0 0 0 0
P13283 2025 8 0 32 21 0 0 0 0 0 0 0 0 16 0 0 0 0 0 0 0 0 0 0 0 0 0 0 0 0 0 0 0
P13283 2025 9 0 0 0 0 0 0 0 0 0 0 19 13 0 0 0 0 0 26 0 0 0 0 0 0 0 0 0 18 8 0 -999
P13283 2025 10 0 0 0 0 0 25 0 0 0 0 0 0 0 0 0 0 28 56 56 39 53 55 27 5 17 0 0 15 16 49 39
P13283 2025 11 51 26 13 59 56 35 20 3 39 54 34 0 18 56 56 46 25 0 0 0 0 0 0 0 0 0 0 0 0 0 -999
P13283 2025 12 0 0 0 0 0 0 11 20 26 6 49 27 37 38 20 40 0 42 18 4 20 47 32 41 13 7 0 0 13 0 43
P13283 2026 1 44 17 7 0 0 0 0 0 0 0 0 0 0 0 0 0 15 29 56 30 50 51 13 0 0 0 0 0 0 0 0
P13283 2026 2 0 0 0 0 0 0 0 0 0 0 0 0 20 10 10 49 5 2 2 0 0 0 0 0 12 0 0 0 -999 -999 -999
P13283 2026 3 0 0 0 23 13 14 29 8 0 0 0 0 0 25 11 20 0 0 0 0 0 0 51 53 56 46 36 35 55 48 31
P13283 2026 4 0 29 29 27 25 42 42 4 11 3 32 11 5 0 0 0 0 0 0 0 0 0 0 0 0 0 7 0 14 47 -999
P13283 2026 5 21 7 9 12 0 0 0 0 0 0 0 0 0 2 0 0 0 0 0 0 0 0 0 0 16 12 13 12 15 0 0
P13283 2026 6 0 0 0 0 0 0 0 0 0 0 0 0 0 0 0 27 18 0 0 0 20 19 15 0 0 0 0 0 0 0 -999
P13283 2026 7 0 0 0 0 0 0 0 0 0 0 0 0 0 0 0 0 0 0 0 0 0 0 0 0 0 0 0 0 0 0 0
P13283 2026 8 0 0 0 0 0 0 0 0 0 0 0 0 0 0 0 0 0 0 0 0 0 0 0 0 0 0 0 0 12 0 0
P13283 2026 9 0 0 6 12 0 0 0 0 0 0 0 0 0 0 0 0 0 0 0 21 26 12 0 0 0 0 0 0 0 0 -999
P13283 2026 10 0 0 0 0 0 0 0 0 0 0 0 0 0 0 0 15 12 0 0 49 23 11 0 0 0 0 0 42 37 49 63
P13283 2026 11 41 22 11 26 37 34 4 48 59 44 27 26 4 38 61 32 6 3 0 0 0 0 0 0 0 0 0 0 0 0 -999
P13283 2026 12 0 30 27 0 0 0 0 0 0 20 0 0 0 36 59 54 23 57 55 37 8 37 48 7 13 6 0 31 0 0 0
P13283 2027 1 0 0 0 46 15 52 61 15 6 11 58 36 3 0 0 0 0 10 49 12 42 23 2 21 30 61 54 42 58 0 0
P13283 2027 2 0 0 0 0 0 0 0 0 0 0 38 5 0 0 0 0 25 19 11 19 33 50 57 31 0 36 3 0 -999 -999 -999
P13283 2027 3 29 30 36 21 9 14 5 8 0 0 0 0 0 0 0 0 0 10 25 17 41 40 37 27 9 41 24 3 11 0 0
P13283 2027 4 0 0 0 20 0 0 0 0 0 0 0 11 19 17 0 0 0 0 0 0 0 7 11 0 0 0 0 0 0 0 -999
P13283 2027 5 0 0 8 17 11 40 45 26 0 0 24 12 0 0 0 0 0 0 0 0 0 20 0 0 0 0 0 0 0 0 0
P13283 2027 6 0 0 0 38 30 6 0 0 0 0 0 0 0 0 0 0 0 0 0 0 0 0 0 0 0 0 19 16 6 0 -999
P13283 2027 7 0 29 24 31 36 22 0 0 0 0 0 0 0 0 0 0 0 0 0 0 0 0 0 0 0 0 0 0 0 0 0
P13283 2027 8 0 0 0 0 0 0 0 0 0 0 0 0 0 0 18 15 0 0 23 0 0 0 0 0 0 0 0 0 0 0 0
P13283 2027 9 0 0 0 0 0 0 0 0 0 0 0 0 0 0 0 0 0 0 0 0 0 0 0 0 0 0 7 0 12 17 -999
P13283 2027 10 31 13 31 0 0 0 42 0 0 0 0 0 0 0 0 0 34 9 0 0 11 3 4 24 8 0 0 0 0 0 0
P13283 2027 11 13 0 17 6 15 9 23 0 33 57 48 2 0 0 0 0 0 0 0 0 27 45 37 33 33 56 59 38 0 24 -999
P13283 2027 12 30 26 24 0 20 29 0 0 0 0 0 0 15 4 16 19 47 23 0 30 0 0 0 0 0 4 0 0 0 0 0
P13283 2028 1 8 0 0 0 0 0 0 0 0 0 0 0 0 0 0 0 7 8 7 0 0 0 0 0 0 0 10 0 0 0 0
P13283 2028 2 0 0 32 25 35 27 26 23 12 12 35 44 45 59 54 56 58 25 55 18 20 44 8 0 0 0 0 0 -999 -999 -999
P13283 2028 3 0 0 0 0 0 0 0 0 0 0 28 25 27 10 3 0 0 0 0 0 0 0 0 0 21 46 47 10 13 14 26
P13283 2028 4 11 18 0 0 0 0 0 0 0 47 9 10 0 0 5 0 27 27 48 50 20 0 0 0 0 0 0 0 0 0 -999
P13283 2028 5 20 9 0 0 0 0 26 21 47 32 12 27 33 21 26 22 0 0 0 21 0 0 11 9 3 0 13 33 5 0 9
P13283 2028 6 5 7 30 27 31 35 39 10 0 0 0 0 0 0 0 0 0 0 0 0 0 0 0 0 0 0 0 38 40 31 -999
P13283 2028 7 17 0 9 0 0 0 0 0 0 0 7 7 5 0 0 0 0 0 0 0 0 0 0 0 0 0 0 18 0 0 0
P13283 2028 8 0 0 0 0 0 0 0 0 0 0 0 0 0 0 0 0 0 0 0 0 0 0 0 0 20 17 0 0 0 0 0
P13283 2028 9 0 0 0 0 0 0 0 0 0 0 0 0 0 0 0 0 0 0 0 0 0 0 0 42 12 0 44 35 0 0 -999
P13283 2028 10 0 0 0 0 0 0 0 0 0 25 7 0 0 28 0 0 0 0 19 0 0 0 0 0 0 0 0 0 0 0 0
P13283 2028 11 0 0 25 12 44 29 0 0 0 0 0 19 16 21 8 22 22 44 3 26 58 38 41 24 0 20 44 40 50 18 -999
P13283 2028 12 13 37 37 24 0 0 0 0 0 0 0 0 8 0 0 0 13 36 38 48 52 51 31 51 11 15 43 53 18 48 6
P13283 2029 1 15 0 44 51 12 7 0 35 15 30 36 56 41 49 43 57 39 5 2 0 0 0 0 0 0 0 0 0 13 16 26
P13283 2029 2 58 45 51 47 39 3 12 6 0 22 4 0 42 11 0 0 0 0 0 0 0 0 0 26 5 9 17 8 -999 -999 -999
P13283 2029 3 10 13 6 45 51 58 47 37 49 11 11 0 8 17 0 13 19 26 11 52 7 1 0 0 0 0 0 0 0 0 11
P13283 2029 4 6 3 22 17 0 8 0 0 0 0 0 0 0 29 8 32 3 39 11 9 0 0 0 0 0 0 7 25 29 44 -999
P13283 2029 5 19 3 31 44 61 41 52 56 30 7 8 4 19 0 0 0 0 0 0 7 0 0 0 0 14 0 0 0 0 0 0
P13283 2029 6 0 0 0 0 0 0 0 0 0 0 0 0 0 0 0 0 0 0 0 0 0 0 0 0 0 0 0 0 0 0 -999
P13283 2029 7 0 0 0 0 0 0 0 0 0 0 0 0 0 0 0 0 0 0 0 0 0 0 0 0 0 0 0 0 0 0 0
P13283 2029 8 0 0 0 0 0 0 0 0 0 0 0 0 0 0 0 0 0 0 0 0 0 0 0 0 0 0 0 0 0 0 0
P13283 2029 9 0 0 0 0 0 0 0 0 0 0 0 0 0 0 0 0 0 10 0 37 0 0 16 10 36 42 10 0 0 0 -999
P13283 2029 10 0 0 0 0 0 0 0 0 0 0 0 0 0 0 0 0 0 41 0 0 0 0 0 0 29 18 0 33 38 46 9
P13283 2029 11 0 0 0 0 0 0 0 0 0 0 0 0 0 0 0 0 21 20 12 0 0 16 25 57 0 0 24 8 20 0 -999
P13283 2029 12 0 21 43 41 62 8 47 33 28 3 19 0 22 7 0 0 40 2 0 0 19 60 38 21 53 10 52 49 56 12 0
P13283 2030 1 0 0 0 0 0 15 22 0 0 37 11 0 0 16 18 58 21 0 0 0 34 0 0 26 34 0 25 41 4 0 0
P13283 2030 2 0 17 43 25 56 41 41 20 0 0 0 0 0 0 0 20 28 3 0 0 0 41 6 0 27 17 0 16 -999 -999 -999
P13283 2030 3 0 0 0 0 0 0 0 0 0 0 0 0 0 0 0 0 8 14 17 0 0 0 0 0 0 0 8 30 58 44 45
P13283 2030 4 57 39 18 2 0 0 0 18 14 18 16 0 13 15 37 14 18 47 16 6 0 0 0 9 26 22 4 0 47 20 -999
P13283 2030 5 5 0 0 0 0 0 0 0 0 16 16 6 4 17 55 46 13 50 14 0 0 0 0 0 0 0 0 0 0 0 0
P13283 2030 6 0 0 0 0 0 0 0 0 0 0 0 0 0 0 10 7 6 10 8 13 0 0 0 0 0 0 0 0 0 0 -999
P13283 2030 7 0 0 0 0 0 0 0 0 0 0 0 0 0 0 0 0 0 0 0 0 0 0 0 0 0 0 0 0 0 0 0
P13283 2030 8 0 0 0 0 0 0 0 0 0 0 0 0 0 0 0 0 0 0 0 0 0 0 0 0 0 0 0 0 0 0 0
P13283 2030 9 0 0 0 0 0 0 0 0 22 0 0 0 0 0 11 58 61 28 15 12 44 44 26 4 0 0 20 14 8 13 -999
P13283 2030 10 0 0 0 0 18 21 22 45 40 52 18 34 21 12 23 24 25 31 47 55 54 52 45 49 11 0 0 0 28 8 11
P13283 2030 11 0 0 37 18 41 27 60 55 57 60 44 24 13 47 44 29 53 51 45 14 31 56 59 50 39 25 6 48 37 12 -999
P13283 2030 12 0 0 16 17 27 35 3 11 12 10 23 11 0 0 0 0 0 0 0 0 0 0 0 0 0 27 46 19 16 37 41
P13283 2031 1 48 0 0 50 27 36 19 59 62 61 21 44 61 58 53 7 0 0 5 7 18 0 0 0 0 0 0 0 0 0 0
P13283 2031 2 0 0 0 0 0 0 0 0 10 0 0 0 0 0 0 0 0 0 0 0 9 12 19 7 0 27 0 0 -999 -999 -999
P13283 2031 3 0 0 11 50 54 39 5 29 55 31 30 44 58 3 7 22 0 15 5 2 0 0 0 0 0 0 0 0 0 0 16
P13283 2031 4 0 29 8 1 5 10 38 17 27 30 27 19 48 7 0 0 0 0 0 0 0 0 0 0 0 0 0 0 0 0 -999
P13283 2031 5 0 19 24 16 16 8 0 0 0 0 16 0 0 0 0 0 0 0 0 0 0 0 0 0 0 0 0 0 0 0 0
P13283 2031 6 0 0 0 0 0 0 30 29 0 0 0 0 0 0 10 0 0 0 0 0 0 0 0 0 0 0 0 0 0 0 -999
P13283 2031 7 0 0 0 0 0 0 0 0 0 0 0 11 14 11 10 9 8 9 0 0 0 0 0 0 0 0 0 0 0 0 0
P13283 2031 8 0 0 0 0 0 0 0 0 0 0 9 9 0 0 0 0 0 0 0 0 0 0 0 0 0 0 0 0 0 0 0
P13283 2031 9 0 0 0 0 0 0 0 0 0 0 0 0 0 0 0 0 0 0 0 0 0 51 39 10 19 15 36 13 33 0 -999
P13283 2031 10 0 0 17 0 0 0 0 0 26 0 0 0 0 0 0 0 0 0 0 0 0 22 0 0 39 0 0 31 18 37 9
P13283 2031 11 0 17 42 58 37 23 30 48 32 34 40 26 43 58 58 55 28 49 47 59 61 51 21 8 34 37 38 45 37 30 -999
P13283 2031 12 46 61 58 47 58 29 47 27 14 20 16 0 0 0 20 36 31 28 0 0 31 43 41 37 31 10 4 50 28 50 26
P13283 2032 1 21 11 53 60 62 52 61 57 34 0 20 46 11 29 34 5 0 0 19 6 0 0 0 0 6 24 42 49 35 58 36
P13283 2032 2 2 0 0 0 3 21 32 29 0 0 39 54 11 0 0 0 0 0 0 0 0 8 0 0 0 0 0 18 -999 -999 -999
P13283 2032 3 0 0 0 0 0 0 0 0 0 31 14 0 12 0 0 0 0 0 0 0 0 0 0 0 0 0 0 0 0 11 0
P13283 2032 4 36 37 16 35 42 25 45 58 52 26 5 0 0 21 22 39 22 5 0 0 0 0 6 41 38 6 0 0 0 0 -999
P13283 2032 5 13 15 13 3 0 0 0 0 0 0 0 0 0 0 7 12 12 6 0 6 0 14 10 0 6 3 0 0 0 32 37
P13283 2032 6 0 0 0 0 0 0 0 8 0 21 0 0 0 0 0 0 0 0 0 0 0 0 0 0 0 0 0 0 0 0 -999
P13283 2032 7 0 0 0 0 0 0 0 0 0 0 0 0 0 0 0 0 0 0 0 0 0 0 0 0 0 0 0 0 0 0 0
P13283 2032 8 0 0 0 0 0 0 0 0 0 0 0 0 0 0 0 0 0 0 0 0 0 0 0 0 0 0 0 0 0 0 0
P13283 2032 9 0 0 0 0 0 0 0 0 0 0 22 0 25 28 17 31 36 8 0 0 0 0 0 0 0 0 0 0 0 0 -999
P13283 2032 10 0 22 27 0 0 0 21 20 14 0 0 0 0 0 48 44 28 0 0 0 14 27 61 22 0 0 0 51 60 11 36
P13283 2032 11 3 23 35 40 32 0 0 0 0 0 0 0 0 0 0 0 0 0 0 0 0 26 23 22 33 26 49 45 54 61 -999
P13283 2032 12 42 46 37 56 0 0 0 0 0 24 0 0 0 0 0 0 0 0 0 23 17 0 0 0 0 0 0 0 0 0 0
P13283 2033 1 12 23 46 56 53 42 52 56 57 58 42 47 50 3 33 50 26 18 35 0 0 0 17 10 24 40 55 53 13 46 8
P13283 2033 2 0 0 0 0 8 0 10 36 45 24 61 50 24 0 0 0 0 0 26 17 19 0 0 40 8 21 0 0 -999 -999 -999
P13283 2033 3 10 0 0 0 0 0 20 6 0 24 29 18 7 0 0 0 0 0 0 0 16 11 16 0 0 0 14 42 5 11 0
P13283 2033 4 0 0 0 22 56 16 4 6 13 18 22 24 30 24 13 57 63 59 46 31 39 52 30 24 44 9 26 0 29 8 -999
P13283 2033 5 4 0 24 30 13 0 0 0 0 0 11 10 10 28 11 8 49 35 16 17 49 12 10 15 0 0 0 0 0 0 0
P13283 2033 6 0 0 0 0 0 0 0 0 0 0 0 0 0 0 0 0 0 0 0 0 0 0 0 0 0 0 0 0 0 0 -999
P13283 2033 7 0 0 0 0 0 0 0 0 0 0 0 0 0 0 0 0 0 0 0 0 0 0 0 0 0 9 0 0 0 0 0
P13283 2033 8 0 0 0 0 0 0 0 0 0 0 0 0 0 0 0 0 0 0 0 0 0 0 0 0 0 0 0 0 0 24 0
P13283 2033 9 0 0 0 0 0 0 15 30 0 0 0 0 0 22 47 53 0 0 0 0 0 0 0 0 0 0 0 0 0 6 -999
P13283 2033 10 0 0 0 35 59 57 57 48 27 53 61 55 53 18 0 0 0 0 0 0 0 0 32 34 34 4 0 0 12 24 12
P13283 2033 11 30 49 58 62 8 0 0 0 18 19 12 0 0 0 0 20 18 4 0 8 0 12 0 0 0 0 0 0 0 0 -999
P13283 2033 12 0 0 0 0 11 0 0 13 0 0 33 6 0 0 0 0 0 0 0 0 0 0 0 0 0 0 0 0 0 0 0
P13283 2034 1 0 0 30 36 31 2 15 6 12 39 58 42 60 57 59 31 45 23 22 0 0 0 0 0 0 0 0 0 0 0 0
P13283 2034 2 0 0 0 0 0 0 0 0 0 0 0 0 0 3 15 4 0 0 0 9 0 0 0 0 0 0 0 32 -999 -999 -999
P13283 2034 3 27 38 30 35 35 30 30 40 0 0 0 0 0 0 0 0 0 0 0 0 0 0 16 12 0 0 0 0 0 0 0
P13283 2034 4 0 0 0 0 0 0 0 0 0 0 0 0 0 0 0 9 0 0 8 10 43 3 0 0 0 0 0 11 9 0 -999
P13283 2034 5 0 0 0 0 0 0 0 0 0 7 0 0 0 0 0 0 0 0 0 0 0 0 0 0 9 5 4 0 0 0 0
P13283 2034 6 0 0 0 13 38 22 5 0 0 0 0 0 0 0 0 0 0 0 0 0 0 0 0 0 0 0 0 0 0 0 -999
P13283 2034 7 0 0 0 0 0 0 0 0 9 18 0 0 0 0 0 0 0 0 0 0 0 0 0 0 0 11 0 0 25 24 0
P13283 2034 8 34 39 13 0 0 0 0 0 0 0 0 0 0 0 0 0 0 0 0 0 0 0 0 0 0 0 0 0 0 0 0
P13283 2034 9 0 0 0 0 0 0 0 0 0 0 0 0 0 0 0 0 0 0 0 0 0 21 0 0 0 30 0 0 0 32 -999
P13283 2034 10 23 9 40 23 53 49 0 0 0 42 21 3 0 15 0 14 0 0 0 0 0 0 0 0 20 26 12 41 36 0 0
P13283 2034 11 0 0 0 0 0 13 37 35 52 14 0 36 0 0 0 0 0 0 0 0 0 16 23 56 44 57 5 35 38 49 -999
P13283 2034 12 8 0 0 0 0 28 42 51 17 5 13 0 14 53 58 8 0 31 0 26 28 0 0 15 31 37 28 5 49 14 52
P13283 2035 1 8 0 27 44 36 29 17 35 0 10 31 21 46 25 31 35 43 0 0 29 55 63 58 49 6 12 0 0 0 0 0
P13283 2035 2 0 31 0 0 0 0 24 0 0 0 17 0 0 0 0 0 0 0 0 17 48 48 60 56 48 4 35 50 -999 -999 -999
P13283 2035 3 44 59 33 23 40 29 29 42 11 2 4 5 20 46 59 49 32 20 39 31 58 54 51 16 54 53 0 37 26 47 55
P13283 2035 4 44 46 45 53 59 56 49 56 61 38 26 41 5 0 0 0 0 0 0 22 58 63 60 37 11 5 7 25 39 32 -999
P13283 2035 5 28 0 0 0 0 0 0 0 12 0 0 0 0 0 0 0 0 0 0 0 0 0 30 41 0 0 0 0 0 0 0
P13283 2035 6 16 0 0 7 10 40 23 8 42 15 40 0 0 0 0 0 0 0 0 0 0 0 0 0 0 0 0 0 0 0 -999
P13283 2035 7 0 0 0 0 0 0 0 0 0 0 0 0 0 0 0 0 0 0 0 0 0 0 0 0 0 0 0 0 0 0 0
P13283 2035 8 0 0 0 0 0 0 0 0 0 0 0 0 0 0 0 0 0 0 0 0 0 0 0 0 0 0 0 0 0 0 0
P13283 2035 9 0 0 0 0 0 0 0 0 0 0 0 0 0 0 0 0 0 0 0 0 0 0 26 0 0 0 0 0 0 0 -999
P13283 2035 10 0 0 24 17 0 0 0 0 0 0 0 0 24 39 29 0 0 0 0 34 33 0 0 0 0 0 0 0 0 0 0
P13283 2035 11 0 0 0 18 20 0 15 16 19 0 0 0 0 0 0 0 0 0 0 0 0 0 0 0 0 0 0 0 7 0 -999
P13283 2035 12 33 25 33 45 59 60 61 52 23 29 4 2 0 22 0 0 0 0 52 47 57 39 0 0 0 0 0 0 0 0 4
P13283 2036 1 3 3 0 0 0 7 2 0 0 8 16 20 8 0 0 0 0 58 54 12 50 43 22 16 26 0 35 11 15 0 18
P13283 2036 2 4 0 0 0 0 0 27 45 34 9 14 42 48 13 2 0 7 0 0 0 0 0 0 0 0 0 10 36 -999 -999 -999
P13283 2036 3 53 47 27 34 26 52 0 0 0 0 0 0 0 12 8 0 0 0 0 0 0 0 0 0 0 2 3 16 7 11 22
P13283 2036 4 34 42 24 2 0 0 0 0 9 0 0 0 0 0 0 0 0 0 0 0 0 0 9 22 30 25 4 8 0 0 -999
P13283 2036 5 0 0 12 7 3 0 0 0 0 0 21 35 15 8 6 5 4 2 0 0 0 0 0 0 0 0 0 0 0 0 0
P13283 2036 6 25 27 0 0 0 0 0 0 0 0 0 0 0 0 0 0 0 0 12 0 0 0 0 0 0 0 0 0 0 0 -999
P13283 2036 7 0 0 0 0 0 0 0 0 0 0 0 0 0 0 0 0 0 0 0 0 0 0 0 0 0 0 0 0 0 0 0
P13283 2036 8 0 0 0 0 0 0 0 0 0 0 0 0 0 0 0 0 0 0 0 0 0 0 0 0 0 0 0 0 0 0 0
P13283 2036 9 0 0 0 0 0 0 0 0 0 0 0 0 0 0 0 0 0 0 0 0 0 0 0 0 0 0 0 0 0 0 -999
P13283 2036 10 0 21 0 0 16 0 0 0 0 0 35 0 0 0 0 0 0 0 0 0 0 0 0 0 0 28 24 33 57 58 18
P13283 2036 11 16 0 0 0 0 26 12 53 38 0 22 27 31 50 45 35 3 0 43 33 3 0 0 0 0 31 51 49 25 0 -999
P13283 2036 12 0 0 45 47 32 0 0 0 0 0 0 37 11 17 0 0 0 0 11 0 16 24 27 0 11 12 5 0 0 0 0
P13283 2037 1 0 9 0 0 0 0 16 0 32 56 11 59 50 0 0 0 0 0 49 53 59 53 34 62 63 21 62 58 61 16 5
P13283 2037 2 0 0 0 15 19 0 16 8 25 9 0 0 0 0 0 0 0 0 0 0 0 0 16 17 0 19 50 8 -999 -999 -999
P13283 2037 3 0 0 0 0 0 0 0 0 0 30 22 24 29 43 47 31 19 7 0 0 16 12 33 51 50 8 9 15 22 34 0
P13283 2037 4 25 0 15 7 28 33 8 13 25 10 19 17 29 54 57 18 27 23 6 4 24 30 23 18 10 0 0 0 0 0 -999
P13283 2037 5 0 0 0 0 0 0 0 0 7 3 3 7 0 7 10 5 13 22 5 0 12 40 36 27 57 44 9 0 15 19 0
P13283 2037 6 0 0 0 0 0 0 0 0 9 0 0 0 0 0 0 0 23 22 14 0 0 0 0 0 0 0 0 0 0 0 -999
P13283 2037 7 0 0 0 0 0 0 0 0 0 0 0 0 0 0 0 0 0 0 0 0 0 0 0 0 0 0 0 0 0 0 0
P13283 2037 8 0 0 0 0 0 0 0 0 0 0 0 0 0 0 0 0 0 0 0 0 0 0 0 0 0 0 0 0 0 0 0
P13283 2037 9 0 0 0 0 0 0 0 0 0 0 0 0 0 0 0 0 0 0 0 0 0 0 0 0 0 0 0 0 16 14 -999
P13283 2037 10 10 0 0 0 0 0 0 0 0 29 49 5 0 0 0 0 0 21 8 3 0 0 0 16 18 16 0 0 0 0 0
P13283 2037 11 0 0 0 0 0 0 0 18 6 0 22 39 33 54 43 0 0 0 0 48 15 30 46 38 28 42 53 41 29 4 -999
P13283 2037 12 16 4 28 59 42 25 31 31 61 53 59 23 28 28 29 9 44 26 2 0 0 0 30 0 0 0 0 0 16 0 20
P13283 2038 1 22 41 0 42 42 3 34 0 17 27 27 28 36 54 19 0 46 7 0 0 0 25 28 53 0 46 40 52 57 55 14
P13283 2038 2 0 31 21 55 56 39 34 23 31 30 0 0 0 0 19 24 0 24 20 0 0 0 30 4 0 0 0 0 -999 -999 -999
P13283 2038 3 32 22 27 20 58 48 50 43 28 15 12 0 0 0 0 0 0 13 14 37 31 5 0 15 0 21 8 10 19 13 17
P13283 2038 4 18 0 0 0 0 0 0 15 0 0 0 0 0 0 0 0 0 0 0 0 0 23 8 0 0 13 0 0 0 0 -999
P13283 2038 5 0 0 0 14 17 0 18 5 0 0 0 0 0 0 0 0 0 44 51 29 0 0 0 4 10 5 5 5 5 0 0
P13283 2038 6 0 11 0 20 0 0 0 0 0 0 0 0 0 0 0 0 0 0 0 0 0 0 0 0 0 0 0 0 0 0 -999
P13283 2038 7 0 0 0 0 0 0 0 0 0 0 0 0 0 0 0 0 0 0 0 0 0 0 0 0 0 0 0 0 0 0 0
P13283 2038 8 0 0 0 0 0 0 0 0 0 0 0 0 0 0 0 0 0 0 0 0 0 0 0 0 0 0 0 0 0 0 0
P13283 2038 9 0 0 0 0 0 0 0 0 0 0 0 0 0 0 0 0 0 0 0 0 0 24 0 32 0 0 0 0 0 0 -999
P13283 2038 10 0 0 0 0 0 0 0 0 0 0 0 0 0 0 0 0 0 13 14 0 0 20 44 0 0 0 0 16 0 0 0
P13283 2038 11 41 17 36 15 15 32 16 0 25 24 20 54 23 48 60 42 35 8 0 7 0 0 0 20 0 0 0 0 13 0 -999
P13283 2038 12 18 36 23 23 10 8 8 12 0 18 57 51 61 28 52 40 37 56 60 39 57 0 0 0 0 18 37 17 0 0 14
P13283 2039 1 0 20 22 19 26 3 3 0 0 0 0 0 0 0 13 23 34 3 0 11 10 0 38 45 28 3 3 0 0 0 0
P13283 2039 2 9 0 0 0 0 0 0 0 0 0 0 0 0 13 8 23 20 0 0 0 0 0 8 53 55 3 4 25 -999 -999 -999
P13283 2039 3 5 0 0 0 0 0 0 35 18 0 0 26 19 27 11 8 0 0 0 0 0 0 0 0 0 0 0 0 0 0 0
P13283 2039 4 0 0 0 0 0 0 0 0 0 0 0 0 0 31 10 0 0 0 0 0 5 3 0 0 0 0 0 0 0 0 -999
P13283 2039 5 0 0 0 0 0 0 0 0 0 0 0 0 0 0 19 27 15 8 0 0 0 6 0 0 0 0 0 0 0 0 0
P13283 2039 6 30 29 37 55 33 3 0 0 0 0 0 0 0 0 0 0 0 0 0 0 0 0 0 0 0 0 0 0 0 0 -999
P13283 2039 7 0 0 0 0 0 0 0 0 0 0 0 0 0 0 0 0 0 0 0 0 0 0 0 0 0 0 0 0 0 0 0
P13283 2039 8 0 16 0 0 0 0 0 0 0 0 0 0 0 0 0 0 0 0 0 0 0 0 0 0 0 0 0 0 0 0 0
P13283 2039 9 0 0 0 0 0 0 0 0 0 0 0 0 0 0 0 0 0 0 0 24 0 0 0 0 0 0 0 0 0 0 -999
P13283 2039 10 0 0 0 0 0 0 0 0 0 0 0 0 0 0 0 0 0 7 0 46 25 61 52 25 25 16 62 50 45 60 17
P13283 2039 11 0 0 0 0 0 0 0 16 30 14 23 23 12 15 17 16 5 37 58 57 28 18 27 0 0 0 33 55 9 27 -999
P13283 2039 12 45 43 15 46 60 56 36 30 49 0 0 0 0 27 28 0 28 40 49 53 5 0 30 40 26 20 27 55 40 44 44
P13283 2040 1 37 24 12 28 57 58 46 12 38 47 48 47 50 24 26 55 9 36 49 14 0 0 0 0 0 10 0 0 0 0 0
P13283 2040 2 0 0 15 5 0 0 0 0 0 5 0 0 10 4 2 1 1 2 0 0 0 0 0 0 0 0 0 0 -999 -999 -999
P13283 2040 3 0 0 0 0 0 0 0 0 0 0 0 0 0 0 0 0 0 0 0 0 0 0 34 57 54 56 41 23 47 56 36
P13283 2040 4 21 53 59 35 4 9 13 13 0 0 0 0 14 12 19 44 52 0 0 0 0 9 8 8 28 28 8 5 0 9 -999
P13283 2040 5 2 3 8 2 0 0 0 0 0 0 0 0 0 0 11 0 0 0 0 21 13 0 0 0 0 0 0 0 0 0 0
P13283 2040 6 7 0 0 0 0 0 0 0 0 0 0 0 0 0 0 0 0 0 0 0 0 0 0 0 0 0 0 0 0 0 -999
P13283 2040 7 0 0 0 0 0 0 0 0 0 0 0 0 0 0 0 0 0 0 0 0 0 0 0 0 0 0 0 0 0 0 0
P13283 2040 8 0 0 0 0 0 0 0 0 0 0 0 0 0 0 0 0 0 0 0 0 0 0 0 0 0 0 0 0 0 0 0
P13283 2040 9 0 0 0 0 0 0 0 0 0 0 0 0 14 0 5 0 0 0 0 0 0 0 14 0 0 0 0 19 9 0 -999
P13283 2040 10 0 0 0 0 0 0 22 0 0 0 0 0 0 0 0 0 0 12 16 13 4 5 10 0 0 34 23 36 0 0 27
P13283 2040 11 16 35 17 21 0 15 60 64 59 20 10 26 19 5 21 12 0 11 0 0 0 0 0 34 0 0 0 0 0 0 -999
P13283 2040 12 0 0 0 0 30 41 49 0 21 0 0 0 0 9 0 0 0 0 0 0 0 0 0 0 0 0 22 40 11 11 22
P13283 2041 1 0 0 0 0 0 0 0 0 0 0 0 0 0 15 15 0 0 0 0 0 32 51 60 56 47 58 63 63 44 25 0
P13283 2041 2 0 0 0 0 43 36 56 60 48 49 29 51 58 6 54 55 55 50 50 20 61 56 13 37 20 13 3 0 -999 -999 -999
P13283 2041 3 11 0 0 0 5 2 6 31 33 6 4 16 4 10 11 38 42 55 62 52 18 50 32 37 20 50 47 41 42 48 37
P13283 2041 4 0 0 0 0 0 0 0 0 0 0 0 4 9 8 7 3 23 56 43 33 36 24 33 53 55 20 0 16 0 0 -999
P13283 2041 5 0 0 0 20 0 0 0 0 0 29 17 6 0 0 0 0 0 8 18 32 16 0 24 35 27 32 57 44 12 13 7
P13283 2041 6 3 0 0 0 23 0 16 0 0 0 0 0 0 0 0 0 0 0 0 0 0 0 0 0 0 0 0 0 0 0 -999
P13283 2041 7 0 0 0 0 20 0 0 0 0 18 8 0 0 0 11 18 13 11 0 0 0 0 0 0 17 43 31 15 0 0 0
P13283 2041 8 0 0 0 0 0 0 0 0 0 0 0 0 0 0 0 0 0 0 0 0 0 0 0 0 0 0 0 0 0 0 0
P13283 2041 9 0 0 0 0 0 0 0 0 0 0 0 0 0 0 0 0 0 0 0 0 0 17 30 39 56 23 0 0 0 0 -999
P13283 2041 10 0 33 10 5 0 0 0 0 0 0 18 14 0 0 0 0 0 0 0 0 27 40 8 0 0 12 0 0 0 0 0
P13283 2041 11 0 0 0 23 19 44 44 33 35 39 37 38 56 52 54 44 60 59 34 60 57 60 48 62 48 14 49 56 41 35 -999
P13283 2041 12 8 36 16 38 59 23 0 0 0 0 38 13 27 41 48 58 54 50 39 45 13 0 13 0 0 0 0 0 0 0 0
P13283 2042 1 0 0 0 0 0 22 44 26 9 8 0 0 0 0 0 0 0 0 0 0 0 0 0 0 0 0 0 0 0 0 0
P13283 2042 2 0 0 0 0 0 0 0 0 0 0 0 0 0 0 0 0 0 0 0 0 0 0 0 0 10 0 0 0 -999 -999 -999
P13283 2042 3 0 0 0 0 0 0 0 0 0 0 0 7 8 15 31 21 0 0 34 56 15 13 0 54 23 10 12 0 0 33 55
P13283 2042 4 10 30 17 19 39 32 43 4 24 8 21 24 20 31 5 23 8 0 0 0 0 27 53 39 19 7 8 15 14 38 -999
P13283 2042 5 51 36 13 2 0 0 0 0 0 0 0 0 0 0 0 0 0 0 0 0 0 0 0 0 0 0 0 0 0 5 5
P13283 2042 6 0 5 5 4 0 0 13 8 0 0 0 0 0 0 0 0 0 0 0 0 0 0 0 0 0 0 0 0 0 0 -999
P13283 2042 7 0 0 0 0 0 0 0 0 0 0 0 0 0 0 21 11 0 0 0 0 0 0 0 0 0 0 0 0 0 0 0
P13283 2042 8 0 0 0 0 0 0 0 0 0 0 0 0 0 0 0 0 0 0 0 0 0 0 0 0 0 0 0 0 0 0 0
P13283 2042 9 0 0 0 0 0 0 0 0 0 0 0 0 0 0 0 0 0 0 0 0 0 0 0 0 0 0 0 0 0 0 -999
P13283 2042 10 0 0 25 9 0 0 0 21 0 0 0 0 18 14 13 12 18 34 24 55 43 20 18 32 0 0 32 25 0 0 0
P13283 2042 11 0 0 0 0 0 0 40 37 24 0 0 0 0 0 0 0 13 18 22 41 4 0 0 0 0 0 0 13 47 16 -999
P13283 2042 12 17 32 49 53 23 31 8 38 50 49 44 51 50 55 50 17 59 55 35 27 43 35 58 42 0 0 0 0 0 0 0
P13283 2043 1 0 0 0 21 0 35 7 0 0 0 0 33 51 57 29 52 18 28 19 51 49 55 39 24 2 8 21 47 33 2 0
P13283 2043 2 0 0 0 10 11 42 41 0 0 0 0 0 0 0 0 0 0 0 0 0 0 0 7 14 21 0 0 0 -999 -999 -999
P13283 2043 3 0 0 25 39 14 13 37 60 62 16 21 14 31 0 20 0 0 31 46 0 53 40 33 14 39 4 27 40 7 32 27
P13283 2043 4 34 3 0 15 0 0 0 0 0 14 27 0 0 0 13 26 29 0 12 56 0 0 0 0 0 0 0 0 14 4 -999
P13283 2043 5 0 0 0 0 0 0 0 0 0 0 0 0 0 0 0 0 0 0 0 16 0 0 34 31 0 0 28 34 10 10 15
P13283 2043 6 7 8 0 0 0 0 0 0 0 0 0 0 0 0 0 0 0 0 0 0 0 0 0 0 0 0 0 0 0 0 -999
P13283 2043 7 0 0 0 0 0 0 0 0 0 0 0 0 0 0 0 0 0 0 0 0 0 0 0 0 0 0 0 0 0 0 0
P13283 2043 8 0 0 0 0 0 0 0 0 0 0 0 0 0 0 0 0 0 0 0 0 0 0 0 0 22 18 0 10 8 0 0
P13283 2043 9 0 0 0 0 0 0 0 0 0 0 0 0 0 0 0 0 0 0 0 0 0 24 18 0 0 0 0 0 0 17 -999
P13283 2043 10 0 27 0 0 0 0 0 0 18 10 0 0 0 20 26 0 44 0 0 0 0 26 43 9 32 24 9 43 23 13 31
P13283 2043 11 0 0 0 0 0 0 0 0 0 0 38 21 58 55 0 0 0 0 0 0 0 0 0 45 45 35 3 48 35 13 -999
P13283 2043 12 13 31 0 0 0 0 40 25 36 52 49 54 13 17 32 0 0 37 59 32 63 54 32 0 32 47 48 13 0 0 0
P13283 2044 1 0 22 23 0 0 32 9 0 0 17 26 0 0 0 33 14 59 60 22 3 19 37 0 0 0 15 22 60 8 8 0
P13283 2044 2 0 0 0 0 18 17 0 0 29 43 12 0 0 0 0 0 0 0 0 0 0 0 0 38 43 0 33 21 -999 -999 -999
P13283 2044 3 0 45 43 28 50 6 3 42 14 3 2 3 0 0 0 14 14 32 25 7 4 2 0 0 0 27 55 56 16 55 2
P13283 2044 4 0 0 0 0 0 0 0 0 0 0 0 7 11 36 9 0 0 0 0 0 0 13 24 10 20 31 41 7 12 0 -999
P13283 2044 5 0 0 0 0 33 6 0 13 26 24 7 0 0 15 0 0 0 0 33 36 19 5 0 8 28 33 30 23 17 8 0
P13283 2044 6 0 0 0 0 10 13 10 5 0 0 0 0 0 0 0 0 0 0 0 0 0 0 0 0 13 8 0 0 11 0 -999
P13283 2044 7 32 0 0 0 0 0 0 0 0 0 0 0 0 0 0 0 0 0 0 0 0 0 0 0 0 0 0 0 0 0 0
P13283 2044 8 0 0 0 0 0 0 0 0 0 0 0 0 0 0 0 0 0 0 0 0 0 0 0 0 0 0 0 0 0 0 0
P13283 2044 9 0 0 0 0 0 0 0 0 0 0 0 0 0 0 0 0 0 0 0 13 18 0 0 32 33 14 0 0 34 50 -999
P13283 2044 10 37 0 0 0 0 0 0 0 0 0 0 0 0 0 24 22 21 0 36 57 24 4 0 0 0 0 0 0 0 0 0
P13283 2044 11 9 9 19 0 28 0 34 43 8 0 23 50 38 37 20 36 54 46 49 51 58 53 50 62 59 61 52 20 44 32 -999
P13283 2044 12 41 0 0 0 9 0 0 0 29 39 14 18 25 0 0 0 0 0 0 16 4 40 12 3 0 0 14 6 43 6 36
P13283 2045 1 55 24 18 29 41 31 46 44 7 13 56 30 48 54 24 51 23 2 0 0 0 0 0 0 0 0 0 0 0 0 0
P13283 2045 2 9 30 15 0 32 32 7 0 0 0 12 15 21 0 21 2 3 0 0 0 21 0 0 0 0 0 0 0 -999 -999 -999
P13283 2045 3 0 0 0 0 0 0 18 32 11 0 20 42 31 7 48 7 5 0 0 0 0 0 0 5 7 17 0 0 0 0 0
P13283 2045 4 32 0 16 18 31 52 52 3 26 31 46 19 15 24 0 17 0 0 0 0 0 0 0 0 0 0 0 0 0 0 -999
P13283 2045 5 11 0 0 0 0 0 0 19 11 8 2 0 0 0 0 0 0 0 0 0 29 4 0 0 0 0 0 0 0 0 0
P13283 2045 6 0 0 0 0 0 0 0 0 7 5 0 12 8 0 0 0 0 0 0 0 12 26 30 32 31 26 8 0 0 0 -999
P13283 2045 7 0 0 0 0 0 0 0 0 0 0 0 0 0 0 0 0 0 0 0 0 0 0 0 0 0 0 0 0 0 0 0
P13283 2045 8 0 0 0 0 0 0 0 0 0 0 0 0 0 0 0 0 0 0 0 0 0 0 0 0 0 0 0 0 0 0 0
P13283 2045 9 0 0 0 0 0 0 0 0 0 19 0 0 0 0 0 0 12 0 0 0 0 0 0 0 0 0 0 0 17 38 -999
P13283 2045 10 8 0 0 31 10 0 0 0 0 0 0 0 0 0 55 52 51 48 23 0 0 0 0 0 0 0 0 0 24 0 23
P13283 2045 11 36 23 0 0 15 0 0 0 0 0 0 3 7 47 51 59 64 54 5 0 0 0 43 56 19 51 60 46 50 34 -999
P13283 2045 12 41 37 35 8 25 8 2 2 0 0 0 0 0 0 0 0 0 41 0 37 52 35 29 39 43 45 41 9 21 0 0
P13283 2046 1 0 43 55 46 61 45 47 43 39 42 63 53 56 17 57 35 38 27 18 48 10 2 4 0 0 33 53 50 28 13 0
P13283 2046 2 22 43 19 0 0 18 7 4 3 3 15 12 28 29 28 38 25 6 25 17 10 61 23 9 36 43 53 50 -999 -999 -999
P13283 2046 3 40 57 63 34 20 38 60 63 64 54 55 52 59 41 56 28 63 53 9 18 51 11 4 5 0 0 0 44 28 2 15
P13283 2046 4 0 13 21 46 8 3 4 47 5 3 14 26 24 22 53 7 35 44 53 33 16 9 43 57 36 17 6 17 31 5 -999
P13283 2046 5 0 0 0 0 0 0 17 0 0 0 0 0 0 28 0 0 16 5 0 0 0 0 0 0 0 21 15 8 6 0 0
P13283 2046 6 0 0 0 0 0 0 0 0 0 0 0 0 0 0 0 0 0 18 19 9 0 0 0 0 0 0 0 0 0 0 -999
P13283 2046 7 0 0 0 0 0 0 0 32 0 0 0 0 0 0 0 0 0 0 0 0 0 0 0 0 0 0 0 0 0 0 0
P13283 2046 8 0 0 0 0 0 0 0 0 0 0 0 0 0 18 7 0 19 14 0 0 0 0 0 0 0 0 0 0 0 0 0
P13283 2046 9 0 0 0 0 0 0 0 0 0 0 0 0 0 0 0 0 0 0 0 0 0 0 0 0 0 0 0 0 19 0 -999
P13283 2046 10 0 24 22 0 8 43 30 52 3 0 0 0 0 0 0 0 0 0 0 24 13 56 26 16 50 9 41 32 21 59 55
P13283 2046 11 5 0 0 0 45 24 15 44 41 19 0 0 0 24 0 0 0 0 0 0 0 14 9 20 27 15 0 0 34 39 -999
P13283 2046 12 60 56 54 31 48 62 63 34 22 33 38 52 17 50 63 45 31 32 4 0 0 0 0 0 0 0 0 0 0 0 0
P13283 2047 1 0 0 0 0 0 0 30 49 4 20 45 24 23 41 57 64 62 21 58 8 19 28 9 0 0 0 0 0 0 0 19
P13283 2047 2 21 41 29 29 29 17 42 37 40 0 0 0 9 37 0 0 0 0 0 0 0 0 0 44 29 5 34 10 -999 -999 -999
P13283 2047 3 0 12 32 14 21 47 28 13 0 0 0 0 0 0 0 0 0 0 0 0 0 24 54 13 17 10 22 5 0 31 33
P13283 2047 4 57 4 35 19 11 21 23 14 25 52 61 49 12 25 54 30 2 38 12 0 0 0 0 0 0 0 0 0 0 0 -999
P13283 2047 5 0 0 0 0 0 0 0 0 0 17 0 0 25 10 0 0 0 0 0 0 0 0 0 0 0 0 0 0 0 0 0
P13283 2047 6 0 0 0 0 0 0 0 0 0 0 0 0 24 10 15 16 4 0 0 0 0 0 0 0 0 0 0 0 0 0 -999
P13283 2047 7 0 13 10 9 8 0 0 0 0 0 0 11 0 30 0 0 10 0 21 28 13 0 0 0 0 0 0 0 0 0 0
P13283 2047 8 0 0 0 0 0 0 0 0 0 0 0 0 0 0 0 0 0 0 0 0 0 0 0 0 0 0 0 0 0 0 0
P13283 2047 9 0 0 0 0 0 0 0 0 0 0 0 0 0 0 31 37 14 0 0 0 0 0 0 0 0 0 0 0 0 0 -999
P13283 2047 10 0 33 48 48 44 49 49 22 26 60 42 35 22 43 38 24 52 13 50 5 6 38 47 29 0 20 9 0 0 0 0
P13283 2047 11 17 0 41 14 25 35 0 13 27 43 29 10 14 11 32 48 53 19 0 0 0 0 0 0 0 0 0 0 0 0 -999
P13283 2047 12 0 0 0 0 0 0 0 0 0 0 0 0 0 0 0 0 0 0 0 0 0 0 23 11 4 0 0 0 27 0 0
P13283 2048 1 0 24 0 0 0 0 0 0 0 31 34 59 39 51 51 26 40 0 0 0 0 0 0 0 0 0 0 0 0 0 6
P13283 2048 2 0 0 8 7 19 0 0 10 6 11 41 26 10 25 40 15 2 0 0 0 0 0 0 0 0 0 0 0 -999 -999 -999
P13283 2048 3 0 0 0 0 7 5 8 33 43 45 56 20 44 53 14 34 46 38 30 37 47 19 21 34 20 51 30 44 42 29 3
P13283 2048 4 2 0 0 0 0 0 0 0 0 6 0 0 0 0 0 0 0 0 0 0 11 0 35 0 10 0 19 7 0 0 -999
P13283 2048 5 0 21 18 39 20 9 0 0 0 0 0 0 0 14 8 7 29 50 7 14 20 32 11 0 0 0 0 0 0 0 0
P13283 2048 6 0 0 0 0 0 0 0 0 0 0 0 0 0 0 0 0 0 0 0 0 0 0 0 0 0 0 0 0 0 0 -999
P13283 2048 7 0 0 0 0 0 0 0 0 0 0 0 0 0 0 0 0 0 0 0 0 0 0 0 0 0 0 0 0 0 0 0
P13283 2048 8 0 0 0 0 0 0 0 0 0 0 0 0 0 0 0 0 0 0 0 0 0 0 0 0 0 0 0 0 0 0 0
P13283 2048 9 0 0 0 0 0 0 0 0 0 0 0 0 0 0 0 0 23 21 0 0 0 0 0 0 0 0 34 44 56 52 -999
P13283 2048 10 18 14 0 0 0 21 0 0 0 0 0 0 0 0 0 0 0 0 24 13 26 18 0 0 36 45 31 0 0 0 32
P13283 2048 11 9 0 0 0 0 38 9 0 0 0 0 0 0 13 6 27 53 32 30 38 26 0 0 0 0 25 9 0 10 18 -999
P13283 2048 12 44 60 28 30 53 42 0 0 0 0 0 0 0 0 0 0 0 0 0 0 0 0 0 18 0 0 45 26 13 13 0
P13283 2049 1 20 0 29 20 0 0 15 11 0 0 0 0 41 0 0 0 0 0 0 0 0 0 0 0 0 0 9 31 8 21 10
P13283 2049 2 18 28 18 13 0 0 0 0 0 0 0 0 0 0 17 0 0 0 0 0 9 7 18 22 13 31 11 12 -999 -999 -999
P13283 2049 3 5 0 0 0 0 0 0 0 0 0 0 0 0 0 13 0 6 0 0 10 0 6 12 32 14 0 11 11 0 45 13
P13283 2049 4 0 0 0 0 0 0 0 0 0 0 0 0 0 0 0 27 32 0 0 0 0 0 0 0 20 8 3 5 5 0 -999
P13283 2049 5 24 18 11 8 4 5 31 49 58 51 16 27 15 0 0 0 0 0 0 0 39 47 44 50 48 44 37 41 25 8 10
P13283 2049 6 0 0 0 0 12 0 0 0 0 0 0 0 0 0 0 0 0 0 0 0 0 0 0 0 0 0 0 0 0 0 -999
P13283 2049 7 0 0 0 0 0 0 0 0 0 0 0 0 0 0 0 0 0 0 0 0 0 0 0 0 0 0 0 0 0 0 0
P13283 2049 8 0 0 0 0 0 0 0 0 0 0 0 0 0 0 0 0 0 0 28 10 0 0 0 0 0 0 0 0 0 0 0
P13283 2049 9 0 0 0 0 0 0 0 0 0 0 0 0 0 0 0 0 0 0 0 0 0 44 21 6 0 0 0 0 0 0 -999
P13283 2049 10 0 0 0 0 0 0 3 0 0 0 0 0 0 8 21 50 10 0 0 0 0 0 0 11 16 0 0 0 0 6 0
P13283 2049 11 0 22 56 52 48 29 49 53 53 40 61 35 58 49 42 58 59 31 24 17 19 44 0 42 0 0 0 0 0 36 -999
P13283 2049 12 9 57 41 45 9 2 11 18 0 43 0 0 32 0 32 10 9 40 20 55 58 15 8 42 48 31 24 22 24 25 52
P13283 2050 1 63 56 58 58 33 54 10 14 0 9 12 35 43 44 31 32 54 54 0 0 0 0 0 0 0 0 0 0 11 12 0
P13283 2050 2 0 0 0 0 0 0 0 0 0 0 0 0 0 0 0 14 0 0 35 17 20 20 0 41 13 7 0 0 -999 -999 -999
P13283 2050 3 0 32 34 18 18 27 16 0 0 14 14 14 7 13 20 16 44 10 55 28 8 5 15 37 10 21 17 41 45 43 56
P13283 2050 4 54 20 40 31 43 49 45 13 43 11 0 0 18 39 22 31 14 2 0 0 8 0 0 0 16 9 8 0 0 9 -999
P13283 2050 5 4 5 4 7 3 8 0 0 7 0 0 0 0 0 0 10 0 0 14 12 0 9 0 0 0 6 7 0 8 7 4
P13283 2050 6 0 0 0 0 0 0 0 0 0 0 0 0 0 0 0 0 0 0 0 0 0 0 0 0 0 0 0 0 0 0 -999
P13283 2050 7 0 0 0 0 0 0 0 0 0 0 0 0 0 0 0 0 0 0 0 0 0 0 26 0 11 0 0 0 0 0 0
P13283 2050 8 0 0 0 0 0 0 0 0 0 0 0 0 0 0 0 0 0 0 0 0 0 17 36 0 0 0 0 0 0 0 0
P13283 2050 9 0 0 0 0 0 0 0 0 0 0 0 0 0 0 0 0 0 0 0 0 0 0 0 0 0 0 16 0 0 20 -999
P13283 2050 10 40 25 4 0 0 0 0 0 0 0 0 0 0 16 0 0 18 11 0 0 0 15 20 15 31 30 21 9 10 12 18
P13283 2050 11 28 23 15 41 7 48 54 60 57 55 57 55 36 16 0 0 35 26 32 32 42 58 62 43 9 47 57 28 0 31 -999
P13283 2050 12 8 7 0 0 0 0 40 21 11 0 29 15 0 0 0 0 0 15 13 24 3 0 0 0 0 0 0 0 0 0 9
P13283 2051 1 0 17 0 0 0 0 0 0 0 24 0 0 0 0 7 0 20 0 0 0 0 0 0 0 0 0 0 0 0 0 0
P13283 2051 2 0 0 0 0 0 16 0 0 0 0 21 5 0 0 0 30 3 0 13 32 2 0 0 24 3 0 0 0 -999 -999 -999
P13283 2051 3 0 0 0 0 0 0 0 0 15 8 43 52 47 26 0 0 0 0 40 38 15 0 0 0 0 0 0 0 0 9 23
P13283 2051 4 23 15 0 0 0 0 0 0 0 0 11 0 21 17 14 13 10 25 28 51 10 11 9 0 0 0 0 0 0 0 -999
P13283 2051 5 0 0 0 0 0 0 0 0 0 0 15 32 36 7 3 0 0 0 0 0 0 0 0 25 30 20 0 0 0 0 0
P13283 2051 6 0 0 0 0 0 0 0 0 0 0 0 0 0 0 0 0 0 0 0 0 0 0 0 0 0 0 0 0 0 0 -999
P13283 2051 7 0 0 0 0 0 0 0 0 0 0 0 0 0 0 0 0 0 0 0 0 0 0 0 0 0 0 0 0 0 0 0
P13283 2051 8 0 0 0 0 0 0 0 0 0 0 0 0 0 0 0 0 0 0 0 19 0 0 0 0 0 0 0 0 0 0 0
P13283 2051 9 0 0 0 0 0 0 0 0 0 0 0 0 34 22 0 0 0 0 0 0 0 0 0 0 0 0 0 0 0 0 -999
P13283 2051 10 0 0 0 0 40 0 0 0 0 0 0 0 0 0 0 0 0 0 0 0 0 0 13 6 16 0 42 57 59 51 46
P13283 2051 11 29 39 33 15 7 0 0 0 0 11 0 0 0 18 7 0 0 6 0 0 0 5 0 22 22 0 0 0 0 0 -999
P13283 2051 12 0 0 0 24 43 21 17 61 59 5 49 57 19 18 53 61 40 54 10 0 0 0 0 0 0 0 0 0 0 0 0
P13283 2052 1 0 0 0 0 0 0 0 0 0 0 0 0 0 0 10 0 0 0 0 0 0 0 0 0 0 0 0 0 16 35 38
P13283 2052 2 18 15 0 20 8 57 62 33 16 10 0 0 0 0 12 28 25 42 43 17 0 0 0 43 37 16 0 21 -999 -999 -999
P13283 2052 3 0 0 0 0 0 0 0 0 0 0 0 0 0 12 38 59 38 57 57 53 4 24 60 2 0 0 0 0 0 0 0
P13283 2052 4 0 8 0 0 0 0 33 19 0 0 10 24 17 18 0 25 19 0 0 0 0 0 15 0 0 0 0 0 6 0 -999
P13283 2052 5 0 0 0 0 0 0 0 0 0 0 0 0 11 13 18 23 18 21 40 7 0 0 0 0 0 0 0 0 0 0 0
P13283 2052 6 0 0 0 0 0 0 0 0 0 0 0 0 0 0 0 0 0 0 0 0 0 0 0 0 9 11 0 0 0 0 -999
P13283 2052 7 0 0 0 0 0 0 0 0 0 0 0 0 0 0 0 0 0 0 0 0 0 0 0 0 0 0 0 0 0 11 14
P13283 2052 8 38 35 31 9 0 0 0 0 0 0 0 0 0 0 0 0 0 0 0 0 0 0 0 0 0 0 0 0 0 0 0
P13283 2052 9 0 0 0 0 0 0 0 0 0 0 0 0 0 0 0 0 0 0 0 0 0 0 0 0 0 0 0 0 0 0 -999
P13283 2052 10 0 0 0 0 0 0 0 0 0 0 0 0 0 0 0 0 0 0 0 0 0 0 0 0 22 19 0 0 0 0 30
P13283 2052 11 4 38 19 15 0 0 0 0 0 0 0 0 0 0 0 0 0 34 52 34 63 56 27 6 48 45 53 21 10 15 -999
P13283 2052 12 0 17 49 26 2 0 0 0 0 0 0 0 10 51 8 0 24 45 13 31 51 43 36 31 30 2 14 0 37 16 12
P13283 2053 1 10 30 34 40 20 21 27 28 57 58 63 57 58 12 31 53 44 9 0 0 0 0 0 0 0 0 0 31 30 34 47
P13283 2053 2 40 45 36 26 55 38 53 36 45 32 0 0 0 0 21 15 24 11 0 0 0 0 8 38 32 55 54 32 -999 -999 -999
P13283 2053 3 11 0 0 0 0 0 0 0 0 0 0 0 0 0 0 0 0 0 0 0 0 0 0 0 0 0 0 0 7 0 19
P13283 2053 4 29 28 7 6 6 0 0 0 0 0 0 13 22 57 57 9 14 0 0 0 0 0 0 26 44 55 39 0 0 0 -999
P13283 2053 5 0 6 0 0 0 0 0 0 0 0 13 0 0 0 0 0 0 0 0 0 0 0 0 0 0 0 0 0 5 7 0
P13283 2053 6 0 0 0 0 0 0 0 0 0 0 0 0 0 0 0 0 0 0 13 0 0 0 0 0 0 0 0 0 0 0 -999
P13283 2053 7 0 0 0 0 0 0 0 0 29 0 0 0 0 0 0 0 0 0 0 0 0 0 0 0 0 0 0 0 0 0 0
P13283 2053 8 0 0 0 0 0 0 0 0 0 0 0 0 0 0 0 0 0 0 0 0 0 0 0 0 0 0 0 0 0 0 0
P13283 2053 9 0 0 0 0 0 0 0 0 0 0 0 0 0 0 0 0 0 0 0 0 29 27 17 0 0 0 0 32 50 38 -999
P13283 2053 10 10 0 0 0 0 0 0 23 19 0 0 0 0 0 0 0 0 0 0 0 0 0 0 0 0 0 0 0 0 0 0
P13283 2053 11 0 0 0 0 0 0 0 0 0 0 0 0 0 0 59 51 62 40 62 41 61 31 23 48 10 0 0 0 0 0 -999
P13283 2053 12 0 0 0 0 0 0 0 0 0 10 19 53 42 55 28 44 56 56 50 42 28 0 17 47 27 27 0 0 0 0 0
P13283 2054 1 24 13 0 12 22 33 42 27 31 9 11 0 6 0 0 21 35 47 34 6 3 12 20 0 16 0 0 0 0 0 0
P13283 2054 2 0 21 29 47 55 47 28 25 0 0 0 0 0 0 0 0 0 0 0 20 21 0 24 15 0 0 0 0 -999 -999 -999
P13283 2054 3 0 0 0 0 0 0 0 0 6 0 0 10 23 13 48 13 48 24 21 29 19 14 27 6 30 44 30 18 45 40 56
P13283 2054 4 26 46 47 51 14 34 40 30 13 48 26 0 0 10 11 2 0 39 35 47 38 8 8 44 52 54 35 11 0 0 -999
P13283 2054 5 0 24 17 15 14 7 0 18 38 57 37 26 3 0 0 0 0 0 0 0 12 0 0 0 0 0 0 0 0 0 0
P13283 2054 6 0 0 0 0 0 0 0 0 0 0 0 0 0 13 0 0 0 0 0 0 0 0 0 0 0 0 0 0 0 0 -999
P13283 2054 7 0 0 0 0 0 0 0 0 0 0 0 0 0 0 0 0 0 19 16 10 0 0 0 0 0 0 0 0 0 0 0
P13283 2054 8 0 0 0 0 0 0 0 0 0 0 0 0 0 0 0 0 0 0 0 0 0 0 0 0 0 0 0 0 0 0 0
P13283 2054 9 0 0 0 0 0 0 0 0 0 0 0 0 0 0 0 0 0 0 0 0 0 0 0 24 0 0 0 0 0 0 -999
P13283 2054 10 0 0 0 0 0 0 0 24 19 0 51 35 9 0 0 0 0 0 0 0 35 48 7 18 19 0 0 0 15 33 55
P13283 2054 11 58 61 49 29 58 41 14 28 53 0 0 0 0 0 0 35 5 0 0 0 0 0 0 0 0 0 22 41 56 28 -999
P13283 2054 12 57 18 0 0 0 0 0 0 0 26 22 18 37 20 30 0 0 0 0 0 0 0 22 4 0 0 0 0 0 0 0
P13283 2055 1 0 0 0 50 57 28 0 0 0 0 40 44 53 29 14 51 40 47 51 60 50 62 62 13 9 9 0 0 9 0 0
P13283 2055 2 0 0 0 0 0 0 0 0 0 0 0 0 11 15 23 50 7 30 0 34 0 0 0 0 0 0 0 0 -999 -999 -999
P13283 2055 3 0 0 36 36 14 36 36 31 55 60 41 25 50 39 27 18 0 32 9 21 12 25 24 41 24 41 48 39 41 56 8
P13283 2055 4 0 0 0 26 2 32 56 7 51 44 5 34 18 2 12 0 0 0 0 0 0 0 22 26 26 20 16 13 5 10 -999
P13283 2055 5 29 52 61 46 11 0 39 47 45 16 0 3 3 4 0 0 0 0 0 0 0 0 0 0 0 0 0 0 0 0 17
P13283 2055 6 11 0 0 0 0 0 0 0 0 0 0 0 0 10 50 36 13 18 13 21 22 18 0 0 0 0 0 0 0 0 -999
P13283 2055 7 0 0 0 0 0 0 0 0 0 0 0 0 0 0 0 0 0 0 0 0 0 0 0 0 0 0 0 0 0 0 0
P13283 2055 8 0 0 0 0 0 0 0 0 0 0 0 0 0 0 0 0 0 0 0 0 0 0 0 0 0 0 0 0 0 0 0
P13283 2055 9 0 0 0 0 0 0 0 0 0 0 0 0 0 0 0 0 0 0 0 0 0 0 0 21 10 0 0 0 0 16 -999
P13283 2055 10 11 0 0 0 0 0 26 42 4 0 0 52 9 0 13 0 0 26 11 0 28 10 38 55 12 5 27 0 0 0 0
P13283 2055 11 0 0 0 0 20 57 54 42 4 0 0 0 0 35 0 39 7 0 0 0 0 18 15 38 0 0 0 0 0 27 -999
P13283 2055 12 36 33 3 0 0 0 0 0 0 0 26 44 28 39 53 36 44 36 11 58 52 44 31 14 0 0 0 0 0 0 17
P13283 2056 1 0 0 6 22 14 14 58 7 3 0 0 0 0 0 0 28 19 17 0 0 47 28 53 20 46 5 25 45 0 0 11
P13283 2056 2 0 0 0 0 25 0 0 0 0 0 0 0 0 0 0 0 13 0 0 0 18 42 13 0 0 0 0 0 -999 -999 -999
P13283 2056 3 0 0 0 0 0 0 0 10 10 45 11 0 0 0 0 29 25 7 26 21 8 0 8 15 0 0 0 25 14 18 8
P13283 2056 4 0 0 0 0 0 0 0 0 0 0 4 0 0 0 0 0 0 0 0 0 10 12 21 11 0 9 21 22 7 0 -999
P13283 2056 5 17 24 54 23 8 26 5 0 0 0 17 22 12 0 0 0 0 0 0 0 0 0 0 7 16 4 17 14 36 8 0
P13283 2056 6 22 17 0 0 14 13 20 0 0 0 0 0 0 0 0 0 0 0 0 0 0 0 0 0 0 0 0 0 0 0 -999
P13283 2056 7 0 0 0 0 0 0 0 0 0 0 0 0 0 0 0 0 0 0 0 0 0 0 0 0 0 0 0 0 0 0 0
P13283 2056 8 0 0 0 0 0 0 0 0 0 0 0 0 0 0 0 0 0 0 0 0 0 0 0 0 0 0 0 0 0 0 0
P13283 2056 9 0 0 0 0 0 0 0 0 0 0 0 0 0 0 0 0 0 0 0 0 0 0 0 0 0 0 0 0 36 0 -999
P13283 2056 10 0 22 9 0 0 0 0 0 0 0 0 0 0 0 0 0 0 0 0 0 0 0 22 55 57 20 0 0 0 0 0
P13283 2056 11 0 0 27 24 34 44 47 42 25 0 0 0 0 22 0 0 0 0 25 31 36 19 7 45 52 20 0 0 20 51 -999
P13283 2056 12 45 57 52 43 60 58 62 52 32 55 59 42 4 41 45 60 32 59 55 41 51 23 0 0 0 0 0 0 0 0 0
P13283 2057 1 0 0 0 0 19 23 43 33 0 0 0 0 0 0 0 0 0 0 0 0 0 0 0 17 18 48 55 52 49 4 54
P13283 2057 2 28 35 26 36 55 61 55 58 58 41 0 0 0 0 15 0 0 15 40 58 9 2 5 0 0 0 0 0 -999 -999 -999
P13283 2057 3 0 0 0 0 0 0 0 0 0 0 0 0 0 0 0 0 24 0 0 0 0 0 0 12 17 17 19 20 19 20 30
P13283 2057 4 5 0 0 0 0 0 0 0 0 13 21 24 12 11 50 55 50 43 14 5 4 16 0 0 0 0 0 11 0 0 -999
P13283 2057 5 0 0 0 0 0 0 0 0 0 0 0 3 6 5 36 34 32 21 4 0 0 0 0 0 0 0 20 29 37 21 15
P13283 2057 6 14 9 8 0 0 0 0 0 0 8 0 0 0 0 0 0 0 0 0 0 0 0 0 0 0 0 0 0 0 0 -999
P13283 2057 7 0 0 0 0 0 0 0 0 0 0 0 0 0 0 0 0 0 0 0 0 0 0 0 0 0 0 0 0 0 0 0
P13283 2057 8 0 0 0 0 0 0 0 0 0 0 0 0 0 0 0 0 0 0 0 0 0 0 0 0 0 0 0 0 0 0 0
P13283 2057 9 0 0 0 0 0 0 20 0 0 0 0 0 0 0 0 0 0 0 0 20 0 0 0 0 0 30 17 0 0 0 -999
P13283 2057 10 0 0 11 0 0 0 0 0 0 0 0 0 0 0 0 0 0 16 0 0 0 0 0 0 0 0 0 0 0 12 39
P13283 2057 11 16 8 59 59 24 33 0 32 25 33 63 58 31 32 21 41 19 17 31 33 7 0 0 0 0 0 0 0 0 0 -999
P13283 2057 12 0 0 0 0 0 0 0 0 22 19 37 52 60 30 29 4 0 0 0 0 0 0 0 0 0 0 0 0 0 0 0
P13283 2058 1 0 0 0 0 0 0 0 0 37 21 0 0 0 24 23 0 0 0 0 0 0 0 0 0 0 15 18 2 4 19 0
P13283 2058 2 41 4 0 0 0 0 0 0 0 0 0 0 33 24 39 0 0 0 0 0 0 0 0 0 0 0 0 0 -999 -999 -999
P13283 2058 3 0 0 0 0 0 0 0 0 0 0 0 0 0 0 0 0 0 0 6 11 47 40 43 53 50 61 11 0 6 0 0
P13283 2058 4 0 0 0 0 2 0 0 0 6 13 3 5 13 12 5 0 15 23 14 2 0 0 0 0 0 0 0 0 0 0 -999
P13283 2058 5 0 0 0 0 0 0 0 0 0 0 0 0 0 0 0 0 0 0 0 11 0 3 0 9 0 0 0 9 17 24 0
P13283 2058 6 25 10 0 0 0 0 0 9 0 0 0 0 0 0 0 0 0 0 0 0 0 0 0 0 0 0 0 0 0 0 -999
P13283 2058 7 0 0 0 0 0 0 0 0 0 0 0 0 0 0 8 11 22 9 0 0 0 0 0 0 0 0 0 0 0 0 0
P13283 2058 8 0 0 0 0 0 0 0 0 0 0 0 0 0 0 0 0 0 0 0 0 0 0 0 0 0 0 0 0 0 0 0
P13283 2058 9 0 0 0 0 0 0 0 0 0 0 0 0 13 0 23 0 0 0 0 0 0 31 31 0 17 0 0 0 0 0 -999
P13283 2058 10 0 0 0 0 0 0 0 0 0 0 0 0 0 0 0 0 0 0 0 0 0 0 0 0 0 0 0 0 0 0 0
P13283 2058 11 0 0 0 0 0 0 0 38 42 46 47 30 10 19 43 49 23 62 55 62 17 26 40 12 22 49 50 50 60 40 -999
P13283 2058 12 4 18 21 32 0 18 27 0 12 0 0 0 0 0 30 0 0 38 54 57 55 51 18 43 36 33 56 42 3 5 38
P13283 2059 1 10 61 27 15 3 8 6 0 0 0 0 0 0 0 24 11 0 0 41 10 26 20 17 0 0 8 0 0 0 0 0
P13283 2059 2 0 0 0 0 0 0 0 0 0 0 0 0 0 0 0 0 0 0 0 0 0 0 0 0 0 0 0 0 -999 -999 -999
P13283 2059 3 0 0 0 0 0 0 0 0 0 0 0 0 4 0 0 0 0 0 0 12 48 11 29 52 22 57 5 5 4 3 3
P13283 2059 4 4 0 0 0 0 0 0 0 0 0 0 0 0 0 0 0 0 0 0 0 0 0 0 8 8 4 0 0 10 16 -999
P13283 2059 5 0 0 0 20 27 16 9 11 9 8 0 0 0 0 0 7 6 5 0 0 0 0 0 0 0 0 0 20 0 0 0
P13283 2059 6 0 0 0 0 0 0 0 0 0 0 0 0 0 0 0 0 0 0 0 0 0 0 0 0 0 0 0 0 0 0 -999
P13283 2059 7 0 0 0 0 0 0 0 0 0 0 0 0 0 0 0 11 7 0 0 0 0 0 0 0 0 0 0 0 0 0 0
P13283 2059 8 0 0 0 0 0 0 0 0 0 0 0 0 0 0 0 0 0 0 0 0 0 0 0 0 0 0 0 0 0 0 0
P13283 2059 9 0 0 0 0 0 0 0 0 0 0 0 0 0 0 0 0 0 0 0 0 0 0 19 28 17 0 0 0 0 0 -999
P13283 2059 10 0 0 0 0 0 0 0 0 0 0 0 0 0 0 18 16 0 0 0 25 50 44 61 48 11 22 3 0 0 17 0
P13283 2059 11 0 0 0 0 0 0 0 0 7 8 55 21 0 22 58 32 4 10 7 20 46 43 56 27 3 0 47 4 0 0 -999
P13283 2059 12 0 0 0 0 0 0 0 38 46 22 0 28 4 6 3 0 0 0 0 0 0 0 0 0 0 0 0 33 56 45 33
P13283 2060 1 32 49 53 51 35 25 0 0 0 0 0 0 0 0 0 0 0 0 0 0 0 0 0 0 0 11 0 16 0 0 0
P13283 2060 2 0 0 0 9 21 0 17 20 27 35 43 55 27 49 60 54 51 49 39 9 43 4 30 44 57 30 44 27 -999 -999 -999
P13283 2060 3 57 42 43 52 40 27 32 60 44 22 0 0 0 0 0 0 40 54 61 58 62 58 25 16 0 0 9 43 22 18 6
P13283 2060 4 0 0 0 0 0 0 0 0 0 0 0 15 0 0 0 0 0 0 0 0 0 0 0 0 0 0 0 0 0 0 -999
P13283 2060 5 0 0 0 0 0 0 0 0 0 0 0 0 0 0 0 0 0 0 0 0 0 0 0 0 0 0 0 0 0 0 0
P13283 2060 6 0 9 9 0 13 13 18 23 19 9 10 6 0 15 0 0 0 0 0 0 0 0 0 0 16 16 0 0 0 0 -999
P13283 2060 7 0 0 0 0 0 0 0 0 0 0 0 0 0 0 0 0 0 0 0 0 0 0 0 0 0 0 0 0 0 0 0
P13283 2060 8 0 0 0 0 0 0 0 0 0 0 0 0 0 0 0 0 0 0 0 0 0 0 0 0 0 0 0 0 0 0 0
P13283 2060 9 0 0 0 0 0 0 0 0 0 0 0 0 0 0 6 8 0 0 0 0 0 0 0 0 0 0 33 0 0 0 -999
P13283 2060 10 0 0 0 0 0 0 0 0 0 0 0 45 37 50 14 13 0 10 0 0 33 10 21 18 45 0 0 21 22 29 60
P13283 2060 11 57 29 18 24 0 0 0 0 28 16 0 12 4 2 11 20 0 43 4 0 0 0 0 0 20 40 32 13 47 18 -999
P13283 2060 12 0 27 39 24 43 50 15 0 14 0 0 0 0 36 37 55 18 45 4 55 59 4 18 21 35 46 13 21 19 5 0
P13283 2061 1 0 0 0 0 0 0 0 0 0 0 33 0 0 33 14 0 52 11 39 46 50 60 58 47 59 59 62 54 42 35 41
P13283 2061 2 13 0 0 0 28 0 0 0 14 20 22 20 14 55 50 18 14 46 7 52 26 48 4 6 34 7 38 17 -999 -999 -999
P13283 2061 3 61 59 45 58 33 7 40 11 17 17 56 16 50 32 56 50 9 32 53 23 26 2 0 0 0 0 0 0 0 0 0
P13283 2061 4 0 0 0 20 36 37 33 32 31 19 18 9 9 9 0 0 0 15 38 14 0 0 0 0 0 8 8 0 0 0 -999
P13283 2061 5 0 0 33 17 13 4 0 0 0 0 0 0 0 0 0 0 0 0 0 0 0 0 0 0 0 0 0 0 0 0 0
P13283 2061 6 0 0 0 0 0 0 0 0 0 0 0 0 0 0 0 0 0 0 0 0 0 0 0 0 0 0 0 0 0 0 -999
P13283 2061 7 0 0 0 0 0 0 0 0 0 0 0 0 0 0 0 0 0 0 0 0 0 0 0 0 0 0 0 0 0 0 0
P13283 2061 8 0 0 0 0 0 0 0 0 0 0 0 0 0 0 0 0 0 0 0 0 0 0 0 0 0 0 0 0 0 0 0
P13283 2061 9 0 0 0 0 0 0 0 0 0 0 0 0 0 0 0 21 40 44 61 55 54 37 0 0 0 0 0 0 0 0 -999
P13283 2061 10 0 50 37 6 0 11 46 21 54 41 0 0 0 0 0 13 43 38 0 0 0 18 0 0 37 45 57 37 11 0 0
P13283 2061 11 0 0 0 0 0 0 0 17 7 16 5 0 0 0 0 0 0 0 17 0 0 0 0 0 0 0 17 21 31 20 -999
P13283 2061 12 38 58 55 0 0 0 0 0 0 0 0 0 0 0 0 0 0 28 19 7 0 0 0 0 0 0 0 0 13 20 0
P13283 2062 1 0 0 0 0 0 0 0 0 0 0 0 0 10 14 38 53 28 45 4 0 18 0 0 0 0 0 0 39 6 29 58
P13283 2062 2 55 51 18 36 5 40 51 59 34 19 0 0 0 0 0 0 0 0 12 0 0 30 31 55 64 60 55 14 -999 -999 -999
P13283 2062 3 0 0 0 0 0 44 0 0 0 0 0 0 0 13 0 0 0 0 0 0 0 21 48 53 16 45 0 0 0 0 0
P13283 2062 4 31 34 3 0 0 10 0 0 0 40 40 6 0 0 0 0 16 41 0 23 21 5 19 53 37 6 0 9 0 0 -999
P13283 2062 5 0 0 30 10 0 0 0 0 8 0 0 0 0 0 0 0 0 9 5 0 0 0 0 0 0 0 0 25 25 8 17
P13283 2062 6 11 3 0 0 0 0 0 0 0 0 7 0 0 0 0 0 0 0 0 0 0 0 0 0 0 0 0 0 0 0 -999
P13283 2062 7 0 0 0 0 0 0 0 0 0 0 0 0 0 0 0 0 0 0 0 0 0 0 0 0 0 0 0 0 0 0 0
P13283 2062 8 0 13 5 0 0 0 0 0 0 0 0 0 0 0 0 0 0 0 0 9 0 0 0 0 0 0 0 0 0 0 0
P13283 2062 9 0 0 0 0 0 0 0 0 0 0 0 0 0 0 0 0 0 0 0 0 0 0 0 0 0 0 0 0 0 0 -999
P13283 2062 10 0 0 0 0 0 0 37 32 0 0 14 0 0 0 0 0 0 0 0 43 30 48 55 31 34 25 18 12 12 11 0
P13283 2062 11 0 0 0 37 60 60 9 0 0 0 17 7 0 0 0 0 0 36 37 57 46 21 57 38 44 2 0 0 0 34 -999
P13283 2062 12 0 0 0 0 0 0 26 0 0 41 54 17 0 0 0 50 8 0 25 12 16 16 41 39 42 0 0 0 0 0 0
P13283 2063 1 0 0 0 0 0 0 0 0 0 0 0 0 13 10 0 0 0 0 0 0 0 0 0 25 0 39 45 7 0 0 0
P13283 2063 2 0 0 0 0 0 0 8 10 24 0 0 0 0 0 43 0 0 0 0 0 7 2 2 0 0 0 0 0 -999 -999 -999
P13283 2063 3 4 0 0 0 0 0 13 2 2 16 47 20 41 32 36 49 9 25 19 8 0 11 0 0 0 0 43 55 52 12 0
P13283 2063 4 13 18 15 21 0 0 0 0 0 49 59 17 2 7 8 20 18 31 14 0 0 27 11 3 16 14 13 10 6 2 -999
P13283 2063 5 0 0 0 0 0 0 0 0 0 0 9 8 21 11 15 17 4 7 5 13 6 24 3 0 0 0 0 0 0 0 0
P13283 2063 6 0 0 0 0 0 0 0 21 19 0 0 0 0 0 0 0 0 0 9 0 0 0 0 0 0 0 0 0 0 0 -999
P13283 2063 7 0 0 0 0 0 0 0 0 0 0 0 0 0 0 0 0 0 0 0 0 0 0 0 0 0 0 0 0 0 0 0
P13283 2063 8 0 0 0 0 0 0 0 0 0 0 0 0 0 0 0 0 0 0 0 0 0 0 0 0 0 0 0 0 0 0 0
P13283 2063 9 0 0 0 0 0 0 0 0 0 0 0 0 0 0 0 0 0 0 0 0 0 0 0 0 0 23 46 12 26 0 -999
P13283 2063 10 0 0 0 0 13 8 0 0 40 46 52 11 7 46 46 11 19 20 31 46 33 45 16 0 0 0 0 45 14 28 0
P13283 2063 11 0 0 0 0 0 0 0 0 0 0 0 0 0 0 0 0 0 0 0 0 0 18 0 18 31 0 0 53 17 43 -999
P13283 2063 12 46 45 54 0 0 26 45 43 22 30 39 54 42 48 3 0 26 42 20 0 0 17 39 32 22 0 32 25 43 51 34
P13283 2064 1 0 33 31 55 6 38 11 0 14 40 56 60 51 45 15 2 0 0 0 0 0 0 0 0 0 0 0 0 13 0 0
P13283 2064 2 0 0 0 0 0 0 0 0 0 0 0 0 0 29 30 18 29 28 0 0 0 0 0 0 0 0 0 23 -999 -999 -999
P13283 2064 3 0 0 38 60 54 27 34 13 34 39 58 12 19 20 0 18 0 21 12 15 23 34 52 7 3 0 4 0 0 0 0
P13283 2064 4 0 0 0 21 0 0 0 5 2 10 0 0 0 0 0 0 17 16 3 0 0 0 0 16 17 0 0 27 0 0 -999
P13283 2064 5 0 18 8 0 0 0 0 0 0 0 10 5 5 6 0 0 0 0 12 0 0 0 0 0 0 0 0 0 0 0 0
P13283 2064 6 0 0 0 0 0 0 0 0 13 0 0 0 0 0 0 0 0 0 0 0 0 0 0 0 0 0 0 0 0 0 -999
P13283 2064 7 0 0 0 0 0 0 0 0 0 0 0 0 0 0 0 0 0 0 0 0 0 0 0 0 0 0 0 0 0 0 0
P13283 2064 8 0 0 0 0 0 0 0 0 0 0 0 0 0 0 0 0 0 0 0 0 0 0 0 0 0 0 0 0 0 0 0
P13283 2064 9 0 0 0 0 0 0 0 0 0 0 0 0 0 0 0 0 0 0 0 0 0 0 0 0 0 0 0 23 4 17 -999
P13283 2064 10 26 17 11 38 0 0 0 0 0 15 0 0 0 0 0 0 0 0 0 0 27 15 16 50 13 0 0 0 0 0 0
P13283 2064 11 0 0 0 0 0 8 2 4 10 29 0 0 28 30 4 0 0 0 0 0 0 0 0 12 16 25 35 41 49 7 -999
P13283 2064 12 0 32 18 17 29 0 0 26 39 55 50 46 0 0 0 0 21 0 16 50 41 52 34 19 0 41 51 57 22 54 38
P13283 2065 1 19 23 0 0 0 0 6 18 34 35 26 9 4 0 0 0 0 0 0 0 0 0 17 0 0 0 0 0 0 0 0
P13283 2065 2 33 43 17 48 0 0 0 0 0 0 0 0 0 0 0 0 0 0 0 0 24 0 21 12 34 16 0 17 -999 -999 -999
P13283 2065 3 2 0 0 15 25 33 33 4 11 39 0 0 0 0 13 9 10 24 8 0 16 25 2 40 9 23 34 44 24 36 49
P13283 2065 4 39 26 33 5 0 0 0 0 0 8 9 0 0 0 0 0 0 0 0 0 0 0 0 4 28 30 0 0 28 15 -999
P13283 2065 5 12 0 28 0 0 0 0 4 5 8 3 0 0 0 0 19 34 3 0 10 7 0 0 0 0 0 0 0 0 9 7
P13283 2065 6 11 24 18 37 26 14 17 6 0 0 15 52 41 9 0 0 0 0 21 0 0 0 0 0 0 0 0 0 0 0 -999
P13283 2065 7 0 0 0 0 0 0 0 0 0 0 0 0 0 0 0 0 0 0 0 0 0 0 0 0 0 0 0 0 0 0 0
P13283 2065 8 0 0 0 0 0 0 0 0 0 0 0 0 0 0 0 0 0 0 0 0 0 0 0 0 0 0 0 0 0 0 0
P13283 2065 9 0 0 0 0 0 0 0 0 0 0 0 0 0 0 0 0 0 0 0 0 21 39 55 56 37 35 28 16 0 0 -999
P13283 2065 10 0 0 0 0 0 0 0 0 0 0 0 0 0 0 0 0 29 51 58 6 0 29 34 0 0 0 0 0 0 0 0
P13283 2065 11 19 0 0 28 52 15 47 45 8 0 0 0 30 18 15 0 0 0 0 0 0 0 0 0 9 5 0 0 0 0 -999
P13283 2065 12 0 0 0 0 0 0 0 0 0 23 34 61 18 0 0 15 0 0 0 0 32 0 37 46 30 40 0 0 17 0 23
P13283 2066 1 0 0 0 0 42 0 0 26 0 0 0 0 0 0 0 0 0 0 0 0 0 0 0 0 0 0 0 0 0 0 0
P13283 2066 2 0 0 0 0 0 0 12 9 15 0 0 0 0 0 0 0 0 0 12 0 0 0 0 21 17 52 10 0 -999 -999 -999
P13283 2066 3 39 55 56 56 61 61 58 42 44 28 20 34 9 0 31 43 17 0 0 0 13 18 15 6 6 0 0 39 20 24 52
P13283 2066 4 41 34 0 0 0 12 38 21 0 0 0 0 0 0 0 13 11 14 7 0 6 0 0 0 0 0 0 0 0 6 -999
P13283 2066 5 0 0 0 0 0 18 0 0 0 0 0 0 0 0 0 16 10 0 0 0 0 0 0 0 0 0 0 0 0 0 0
P13283 2066 6 0 0 0 0 0 0 0 0 0 0 0 0 0 0 0 0 0 0 0 0 0 0 0 0 0 0 0 0 0 0 -999
P13283 2066 7 0 0 0 0 0 0 0 0 0 0 0 0 0 0 0 0 0 0 0 0 0 0 0 0 0 0 0 0 0 0 0
P13283 2066 8 0 0 0 0 0 0 0 0 0 0 0 0 0 0 0 0 0 0 0 0 0 0 0 0 0 0 0 0 0 0 0
P13283 2066 9 0 0 0 0 0 0 0 0 0 0 0 0 0 0 0 0 0 0 0 0 0 0 0 0 0 0 0 0 0 0 -999
P13283 2066 10 0 0 0 0 0 0 0 0 0 0 20 20 46 24 43 54 59 42 19 32 0 0 13 0 0 0 33 41 33 25 58
P13283 2066 11 33 31 33 36 28 23 24 27 28 27 0 0 0 0 0 45 33 28 41 49 55 61 25 0 0 40 49 52 59 61 -999
P13283 2066 12 60 43 53 0 0 0 0 0 9 23 18 51 50 62 33 24 59 43 2 0 17 27 22 7 4 37 37 28 9 0 0
P13283 2067 1 0 12 18 34 33 12 8 0 0 4 9 22 24 36 48 43 37 57 60 10 0 27 34 25 17 16 26 14 18 11 7
P13283 2067 2 6 7 3 0 0 0 0 32 43 14 27 52 16 0 0 0 0 21 9 4 7 11 6 7 0 0 0 0 -999 -999 -999
P13283 2067 3 0 0 0 22 0 0 0 17 37 20 12 34 22 18 17 28 37 0 0 0 0 0 0 0 19 25 52 45 3 5 0
P13283 2067 4 0 0 0 0 0 0 7 0 7 2 0 0 0 9 5 3 3 9 15 4 0 0 0 13 35 37 20 13 0 16 -999
P13283 2067 5 0 0 0 0 0 0 25 0 0 7 14 8 15 23 12 0 24 19 37 36 25 24 7 0 0 0 0 0 0 0 0
P13283 2067 6 0 0 0 0 0 0 0 19 0 0 0 0 0 0 0 0 0 0 0 0 0 0 0 0 0 0 0 0 0 0 -999
P13283 2067 7 0 0 0 0 0 0 0 0 0 0 0 0 0 0 0 0 0 0 0 0 0 0 0 0 0 0 0 0 0 0 0
P13283 2067 8 0 0 0 0 0 0 0 0 0 0 0 0 0 0 0 0 0 0 0 0 0 0 0 0 0 0 0 0 0 0 0
P13283 2067 9 0 0 0 0 0 0 0 0 0 0 0 0 0 0 10 0 0 0 0 0 0 0 0 0 0 0 0 0 0 0 -999
P13283 2067 10 0 0 0 0 0 0 0 0 0 0 0 0 0 0 0 0 0 0 0 0 0 0 0 0 0 0 0 0 0 0 36
P13283 2067 11 24 54 60 49 17 27 59 55 59 40 36 52 18 42 42 33 32 51 56 43 0 0 0 0 16 2 3 9 39 6 -999
P13283 2067 12 17 31 0 36 48 58 9 0 50 53 58 58 17 16 0 0 0 0 0 39 0 25 11 0 0 0 0 0 0 0 0
P13283 2068 1 0 0 0 0 0 0 0 0 0 51 42 22 23 13 17 0 0 15 0 0 0 0 0 12 9 39 4 0 51 45 58
P13283 2068 2 19 48 37 6 19 51 24 17 34 51 13 0 9 0 15 24 0 0 0 34 44 0 27 12 0 0 0 0 -999 -999 -999
P13283 2068 3 0 0 13 19 0 0 0 0 0 49 40 16 0 0 0 0 23 11 0 16 7 0 0 26 22 0 0 0 0 25 27
P13283 2068 4 35 35 17 36 40 31 0 0 0 0 0 0 0 0 0 0 0 0 0 0 0 0 6 0 16 14 8 33 3 0 -999
P13283 2068 5 0 0 0 20 0 0 0 10 4 16 36 53 50 15 38 24 10 7 5 9 15 0 0 0 0 0 0 0 0 0 0
P13283 2068 6 0 0 0 0 0 0 0 0 0 0 0 0 17 20 0 0 0 0 0 0 0 0 0 0 0 0 0 0 0 0 -999
P13283 2068 7 0 0 0 0 0 0 0 0 0 0 0 0 0 0 0 0 0 0 0 0 0 0 0 0 0 0 0 0 0 0 0
P13283 2068 8 0 0 0 0 0 0 0 0 0 0 0 0 0 0 0 0 0 0 0 0 0 0 0 0 8 0 0 0 0 0 0
P13283 2068 9 0 0 0 0 0 0 0 0 0 0 0 0 0 0 0 0 0 0 0 0 25 46 49 38 16 0 13 14 0 18 -999
P13283 2068 10 18 0 0 0 0 0 25 42 0 0 0 0 24 29 14 0 0 0 0 21 50 45 52 37 4 0 0 0 44 21 45
P13283 2068 11 27 0 0 0 0 0 0 0 0 0 0 0 0 0 0 55 6 3 11 29 37 58 19 41 19 0 0 0 0 36 -999
P13283 2068 12 22 35 47 40 62 52 14 31 32 28 35 15 39 19 34 50 58 61 36 33 38 15 0 0 0 47 5 0 0 0 0
P13283 2069 1 0 0 0 0 0 18 17 2 9 42 36 10 3 0 0 0 0 0 0 0 0 0 0 0 0 18 32 54 61 63 63
P13283 2069 2 52 36 50 20 58 21 14 52 56 49 20 12 34 39 10 0 0 0 0 0 0 0 18 3 16 16 11 19 -999 -999 -999
P13283 2069 3 56 57 10 0 0 0 0 0 27 28 28 9 0 0 0 0 0 0 0 0 16 0 17 36 5 16 32 48 60 9 13
P13283 2069 4 25 0 0 0 0 0 0 46 10 11 43 61 20 19 45 51 39 48 57 50 14 12 21 24 10 0 23 29 45 42 -999
P13283 2069 5 58 49 15 8 21 31 55 44 25 19 7 6 0 0 0 14 8 0 0 28 12 4 10 9 14 19 17 12 6 5 0
P13283 2069 6 16 7 0 0 0 0 0 0 0 0 0 0 0 0 0 0 0 0 0 0 0 12 0 0 0 0 0 0 0 0 -999
P13283 2069 7 0 26 7 0 0 0 0 0 0 0 0 0 0 0 0 0 0 0 0 0 0 0 0 0 0 0 0 0 0 0 0
P13283 2069 8 0 0 0 0 0 0 0 0 0 0 0 0 0 0 0 0 0 0 0 0 0 0 0 0 0 0 0 0 0 0 0
P13283 2069 9 0 0 0 0 16 0 0 0 52 12 0 0 0 0 0 0 0 0 0 0 0 0 0 0 10 0 35 36 60 57 -999
P13283 2069 10 56 46 48 22 0 0 0 0 0 0 0 0 0 0 26 16 14 0 0 7 0 31 51 35 15 6 0 0 0 0 25
P13283 2069 11 38 49 61 57 34 0 0 0 41 35 44 32 26 20 11 0 0 0 0 0 22 0 45 55 17 56 23 61 60 5 -999
P13283 2069 12 0 46 49 55 17 10 18 9 0 0 0 0 23 0 0 0 0 0 0 0 0 0 48 34 19 36 21 0 19 0 0
P13283 2070 1 13 33 35 52 55 30 5 11 55 12 36 18 0 9 0 0 21 14 47 52 57 34 42 55 50 16 59 14 26 60 59
P13283 2070 2 54 52 60 35 9 10 23 9 13 51 37 15 0 0 0 0 20 0 0 0 0 21 56 50 42 35 54 15 -999 -999 -999
P13283 2070 3 16 0 0 0 0 0 0 0 0 28 36 42 19 7 0 0 15 55 56 15 50 52 54 27 35 9 0 0 0 0 0
P13283 2070 4 39 45 11 0 43 43 37 43 28 15 38 41 9 0 24 38 25 2 0 0 0 14 31 11 12 4 8 25 4 0 -999
P13283 2070 5 0 0 11 29 46 24 14 14 7 34 6 46 44 50 23 28 0 19 18 0 0 0 0 0 18 0 0 0 0 0 0
P13283 2070 6 0 0 16 18 14 0 0 0 0 0 0 0 0 0 0 0 0 0 0 0 0 0 0 0 0 0 0 0 0 0 -999
P13283 2070 7 0 0 0 0 0 0 0 0 0 0 0 0 0 0 0 0 0 0 0 0 0 0 0 0 0 0 0 0 0 0 0
P13283 2070 8 0 0 0 0 0 0 0 0 0 0 0 0 0 0 0 0 0 0 0 0 0 0 0 0 0 0 0 0 0 0 0
P13283 2070 9 0 0 0 0 0 0 0 0 0 0 0 0 0 0 0 0 0 0 0 0 31 0 0 0 0 0 0 35 22 20 -999
P13283 2070 10 0 0 0 0 0 0 16 18 10 11 24 20 12 0 0 0 0 8 21 59 55 53 38 8 0 0 0 0 27 24 5
P13283 2070 11 0 0 46 34 9 22 48 54 48 23 45 61 50 24 11 55 52 5 36 48 40 56 52 47 40 0 0 0 0 0 -999
P13283 2070 12 0 0 16 0 0 0 0 0 0 0 0 0 0 0 0 0 0 0 4 6 11 49 37 43 38 9 37 35 49 13 18
P13283 2071 1 0 26 24 33 5 0 0 8 22 37 25 44 38 33 56 59 64 63 59 42 20 21 57 49 53 6 14 26 26 55 55
P13283 2071 2 19 32 19 17 51 50 34 52 13 0 0 0 0 0 0 0 0 0 31 44 48 25 12 19 29 52 57 12 -999 -999 -999
P13283 2071 3 0 0 0 0 16 14 23 38 29 31 24 17 0 0 0 0 0 0 16 0 0 0 0 0 0 0 0 0 26 7 0
P13283 2071 4 0 0 0 0 0 0 0 0 0 0 0 0 0 0 0 0 0 0 0 0 16 12 0 0 0 0 0 0 0 0 -999
P13283 2071 5 0 0 0 0 0 0 0 0 0 0 0 0 0 17 35 17 28 14 0 0 0 0 0 0 0 0 0 0 0 0 0
P13283 2071 6 0 0 7 0 0 0 0 15 14 0 0 0 0 0 0 0 0 0 0 0 0 0 0 0 0 0 0 0 0 0 -999
P13283 2071 7 0 0 0 0 0 0 0 0 0 0 0 0 0 0 0 0 0 0 0 0 0 0 0 0 0 0 0 0 0 0 0
P13283 2071 8 0 0 0 0 0 0 0 0 0 0 0 0 0 0 0 0 0 0 0 0 0 0 0 0 0 0 0 0 0 0 0
P13283 2071 9 0 0 0 0 0 0 0 0 0 0 0 0 0 0 0 0 0 0 0 0 0 0 0 0 0 0 0 0 0 0 -999
P13283 2071 10 0 0 0 0 0 0 0 13 6 4 3 0 0 0 0 0 0 0 0 0 0 0 0 0 27 12 0 0 0 0 14
P13283 2071 11 49 24 5 0 0 18 40 53 43 10 9 38 19 33 37 39 4 0 0 0 0 0 0 0 0 0 16 0 0 0 -999
P13283 2071 12 0 11 13 12 25 47 6 0 0 0 0 0 0 0 0 0 0 0 0 0 0 0 0 0 0 0 0 0 0 0 0
P13283 2072 1 0 16 0 0 0 20 2 0 9 15 6 2 0 30 53 7 0 0 0 14 26 56 53 0 0 0 0 37 56 10 41
P13283 2072 2 3 0 0 29 59 31 34 49 20 60 42 58 59 57 50 57 63 63 57 60 64 63 56 38 7 20 26 6 -999 -999 -999
P13283 2072 3 0 0 0 22 20 20 50 49 5 0 27 38 0 21 0 0 0 15 27 0 0 0 11 3 0 0 0 0 0 4 0
P13283 2072 4 0 0 0 0 0 29 36 34 35 26 35 24 0 0 0 19 18 5 0 0 0 0 21 32 22 0 0 0 0 0 -999
P13283 2072 5 0 0 0 16 0 0 0 6 10 13 0 0 0 0 0 0 0 0 0 0 0 0 0 0 0 0 0 0 0 0 0
P13283 2072 6 0 0 0 0 0 0 0 0 0 0 0 0 0 0 0 0 0 0 0 0 0 0 0 0 0 0 0 0 0 0 -999
P13283 2072 7 0 0 0 0 0 0 0 0 0 0 0 0 0 0 0 0 0 0 0 0 0 0 0 0 0 0 0 0 0 0 0
P13283 2072 8 0 0 0 0 0 0 0 0 0 0 0 0 0 0 0 0 0 0 0 0 0 0 0 0 0 0 0 0 0 0 0
P13283 2072 9 0 0 0 0 0 0 0 0 0 0 0 0 0 0 0 0 0 0 0 0 0 0 0 0 0 0 0 0 0 0 -999
P13283 2072 10 34 19 10 29 0 0 17 0 0 0 0 0 0 0 0 0 0 15 0 20 19 35 14 26 22 49 39 25 24 47 56
P13283 2072 11 20 27 0 42 55 57 43 54 57 60 59 24 2 0 0 0 0 0 0 0 0 0 44 53 25 32 63 4 0 0 -999
P13283 2072 12 0 0 0 0 20 54 45 26 19 34 14 0 0 0 0 0 0 0 0 0 0 0 0 0 0 0 0 0 0 0 0
P13283 2073 1 0 0 0 0 0 12 0 0 0 0 0 0 0 0 0 0 0 0 0 0 0 0 0 0 0 0 0 0 0 0 0
P13283 2073 2 0 0 12 20 7 13 23 30 54 58 61 21 27 59 25 4 13 4 5 0 16 0 17 0 0 0 0 0 -999 -999 -999
P13283 2073 3 0 0 0 0 0 0 0 21 13 12 3 0 0 0 11 11 18 20 36 39 23 27 3 0 0 0 18 36 20 0 16
P13283 2073 4 0 0 0 0 0 0 0 0 0 0 0 0 0 0 0 23 23 10 5 4 0 11 0 0 10 0 4 19 0 0 -999
P13283 2073 5 17 0 0 0 0 0 0 0 0 0 0 0 0 20 23 23 27 22 21 12 2 12 34 50 10 0 15 7 0 0 0
P13283 2073 6 0 0 0 0 0 0 0 0 0 0 0 0 0 0 0 0 0 0 0 0 0 0 0 0 0 0 0 0 0 0 -999
P13283 2073 7 0 0 0 0 0 0 0 0 0 0 0 0 0 0 0 0 0 0 0 0 0 0 0 0 0 0 0 0 0 0 0
P13283 2073 8 0 0 0 0 0 0 0 0 0 0 0 0 0 0 0 0 0 0 0 0 0 0 0 0 0 0 0 0 0 0 0
P13283 2073 9 0 0 0 36 14 6 0 0 0 0 15 23 0 0 0 0 0 0 0 0 28 7 0 0 0 0 0 11 0 0 -999
P13283 2073 10 13 0 0 0 0 0 36 44 3 39 43 0 0 0 0 0 0 0 57 12 0 0 0 0 0 0 18 31 7 0 0
P13283 2073 11 0 9 0 0 0 28 58 59 53 58 38 6 2 0 0 0 0 0 0 0 0 17 0 0 0 0 13 10 19 25 -999
P13283 2073 12 23 31 18 42 13 48 7 10 0 0 0 0 0 0 0 0 7 7 18 48 53 50 0 0 45 5 26 0 0 0 0
P13283 2074 1 0 0 0 0 0 0 0 0 0 13 0 0 0 0 0 0 0 26 35 12 0 0 0 0 0 0 0 0 0 0 0
P13283 2074 2 0 0 0 0 0 0 16 18 44 5 9 21 26 0 0 0 0 0 0 0 0 24 37 0 13 7 0 0 -999 -999 -999
P13283 2074 3 0 27 0 0 0 0 0 0 0 0 0 8 0 0 11 8 0 0 10 14 14 0 0 0 0 0 14 0 0 0 0
P13283 2074 4 0 0 0 0 0 0 0 0 0 0 0 0 0 0 0 0 0 0 0 0 0 0 0 0 19 22 22 6 0 0 -999
P13283 2074 5 0 0 0 24 24 21 27 18 12 18 19 19 11 0 0 0 7 12 32 49 37 22 38 12 0 0 0 0 0 0 0
P13283 2074 6 0 0 0 0 0 0 0 0 0 0 0 0 0 0 0 0 0 0 0 14 0 0 0 0 0 0 0 0 0 0 -999
P13283 2074 7 0 0 0 0 0 0 0 0 0 0 0 0 0 0 0 0 0 0 0 0 0 0 0 0 0 0 0 0 0 0 0
P13283 2074 8 0 0 0 0 0 0 0 0 0 0 0 0 0 0 0 0 0 0 0 0 0 0 0 0 0 0 0 0 0 0 0
P13283 2074 9 0 0 0 0 0 0 0 0 0 0 0 0 0 0 0 0 0 36 20 19 34 28 18 12 6 3 0 14 0 0 -999
P13283 2074 10 0 0 19 15 0 0 0 41 27 9 5 0 0 0 0 0 0 0 9 0 0 0 0 0 0 0 0 13 36 8 25
P13283 2074 11 0 23 38 0 0 0 0 38 41 56 0 0 37 0 0 0 35 8 0 0 0 0 51 55 55 0 0 20 10 0 -999
P13283 2074 12 0 0 0 15 0 0 0 0 15 30 25 11 29 60 61 64 58 16 54 52 57 45 2 0 0 0 0 61 62 56 25
P13283 2075 1 36 43 61 62 52 20 5 3 2 2 8 45 52 4 0 5 0 0 0 0 0 0 0 0 0 0 0 0 0 32 11
P13283 2075 2 52 22 27 0 50 48 16 7 24 9 50 56 31 51 0 12 12 0 0 24 42 32 9 8 0 0 0 0 -999 -999 -999
P13283 2075 3 0 0 0 0 0 20 0 0 0 22 34 22 47 45 5 10 12 29 55 44 11 16 51 52 39 14 45 39 44 44 56
P13283 2075 4 37 2 28 0 0 0 13 10 0 0 0 0 0 0 0 0 14 18 23 14 17 21 13 0 0 0 0 0 0 0 -999
P13283 2075 5 30 33 48 53 44 46 38 20 3 0 0 9 22 19 15 18 21 22 11 8 6 7 10 0 0 0 0 0 0 0 0
P13283 2075 6 0 0 0 0 0 0 0 0 0 0 0 14 0 0 0 0 0 0 0 0 0 0 0 0 0 0 0 0 0 0 -999
P13283 2075 7 0 0 0 0 0 0 0 0 0 0 0 0 0 0 0 0 0 0 0 0 0 0 0 0 0 0 0 0 0 0 0
P13283 2075 8 0 0 0 0 0 0 0 0 0 0 0 0 0 0 0 0 0 0 0 0 0 0 0 0 0 0 0 0 0 0 0
P13283 2075 9 0 0 0 0 0 0 0 0 0 0 0 0 0 0 29 0 0 0 0 0 0 0 0 0 0 0 0 26 23 15 -999
P13283 2075 10 0 0 21 16 23 29 25 46 12 0 17 0 0 0 0 0 0 0 39 28 10 9 0 17 32 0 38 34 18 0 0
P13283 2075 11 33 45 36 54 16 0 48 43 55 33 42 56 40 34 7 48 54 30 21 37 44 30 0 21 26 30 48 8 12 0 -999
P13283 2075 12 0 0 0 0 22 39 44 36 59 8 27 26 34 25 17 30 0 0 0 0 0 10 7 0 0 22 0 0 10 0 0
P13283 2076 1 0 0 0 0 0 0 0 0 0 10 0 9 0 36 4 0 0 17 21 0 0 0 0 0 0 0 28 9 0 0 11
P13283 2076 2 24 43 5 0 0 0 0 35 41 0 0 0 15 0 0 0 0 0 20 0 17 0 0 0 0 0 0 0 -999 -999 -999
P13283 2076 3 0 0 0 0 24 12 3 0 11 47 13 0 0 0 17 16 38 52 7 0 13 0 0 0 0 0 0 0 0 0 0
P13283 2076 4 0 0 0 29 8 0 0 0 0 0 0 33 5 0 0 0 0 0 0 0 0 40 41 32 0 0 0 0 0 0 -999
P13283 2076 5 11 16 53 6 0 0 0 0 0 0 0 0 0 0 0 0 22 30 23 33 41 18 12 0 0 14 18 32 20 25 11
P13283 2076 6 23 0 0 0 0 0 19 8 0 0 0 0 0 0 0 0 0 0 0 0 0 0 0 0 0 0 0 0 0 0 -999
P13283 2076 7 0 0 0 0 21 24 0 0 0 0 0 0 0 0 0 0 0 0 0 0 0 0 0 0 0 0 0 0 0 0 0
P13283 2076 8 0 0 0 0 0 0 0 0 0 0 0 0 0 0 0 0 0 0 0 0 0 0 0 0 0 0 0 0 0 0 0
P13283 2076 9 0 0 0 14 11 0 0 0 0 0 0 0 0 0 17 8 0 0 0 0 0 0 27 13 0 0 31 55 28 15 -999
P13283 2076 10 27 20 21 0 0 0 0 0 0 0 24 48 56 46 50 19 0 47 0 0 22 11 27 25 21 0 0 0 0 0 0
P13283 2076 11 0 0 0 12 0 0 22 45 51 47 30 53 6 2 0 0 0 17 13 7 0 0 0 0 0 0 0 0 0 0 -999
P13283 2076 12 0 0 0 0 0 0 0 23 22 0 0 0 0 0 20 3 0 0 0 0 0 0 0 0 0 0 0 0 35 26 0
P13283 2077 1 0 0 0 0 0 16 0 0 0 0 0 39 58 60 20 41 0 0 0 0 0 0 42 56 57 38 30 23 5 7 38
P13283 2077 2 30 6 23 38 35 35 3 0 0 0 0 0 10 0 16 24 34 7 0 0 0 0 0 0 0 0 0 0 -999 -999 -999
P13283 2077 3 0 0 13 7 8 26 12 23 49 41 46 31 50 39 14 18 0 31 43 9 0 0 0 0 0 12 7 31 26 0 0
P13283 2077 4 0 0 0 0 0 0 0 17 42 15 41 2 4 0 0 0 0 0 0 0 0 0 0 0 0 0 0 0 0 0 -999
P13283 2077 5 0 0 0 0 0 11 9 0 8 4 0 0 0 0 0 0 0 0 0 0 0 0 28 53 56 52 35 20 0 0 0
P13283 2077 6 0 0 7 8 0 15 0 0 0 19 6 4 17 22 0 0 0 0 0 0 0 0 0 0 0 0 0 0 0 0 -999
P13283 2077 7 0 0 0 0 0 0 0 0 0 0 0 0 0 0 0 0 0 0 0 0 0 0 0 0 0 0 0 0 0 0 0
P13283 2077 8 0 0 0 0 0 0 0 0 0 0 0 0 0 0 0 0 0 0 0 0 0 0 0 0 0 0 0 0 0 0 0
P13283 2077 9 0 0 0 0 0 0 0 0 0 0 0 0 0 0 0 0 0 0 0 0 0 0 0 0 0 0 0 33 0 0 -999
P13283 2077 10 0 0 0 0 0 0 0 0 0 0 0 0 0 0 0 0 0 32 29 37 38 50 31 13 6 0 0 45 7 0 0
P13283 2077 11 0 12 39 51 64 43 33 42 17 10 9 43 57 57 59 57 45 50 11 26 36 56 49 18 0 0 17 0 0 0 -999
P13283 2077 12 0 0 0 0 0 0 0 25 22 56 63 45 50 58 49 13 53 59 61 53 52 51 59 55 63 55 63 43 48 28 12
P13283 2078 1 0 30 45 57 47 59 8 57 13 40 18 0 0 0 0 0 0 0 0 0 0 53 31 6 0 0 0 0 0 0 0
P13283 2078 2 0 18 11 0 14 46 56 7 29 18 34 5 16 21 5 0 0 17 0 0 0 0 0 10 0 0 0 0 -999 -999 -999
P13283 2078 3 0 0 0 0 0 0 12 15 0 0 47 42 37 52 17 9 0 0 0 0 6 18 23 33 5 0 31 40 40 54 8
P13283 2078 4 27 58 14 44 60 58 30 6 21 0 0 0 0 9 0 10 22 40 55 21 0 0 0 0 0 0 0 0 33 13 -999
P13283 2078 5 12 6 5 25 21 17 14 8 0 19 30 36 47 37 20 28 20 6 0 0 0 0 0 0 0 0 0 0 0 0 0
P13283 2078 6 0 0 0 0 0 0 0 0 0 0 0 0 0 0 0 0 0 0 0 0 0 0 0 0 0 0 0 0 0 0 -999
P13283 2078 7 0 0 0 0 0 0 0 0 0 0 0 0 0 0 0 0 0 0 0 0 0 0 0 0 0 0 0 0 0 0 0
P13283 2078 8 0 0 0 0 0 0 0 0 0 0 0 0 0 0 0 0 0 0 0 0 0 0 0 0 0 0 0 0 0 0 0
P13283 2078 9 0 0 0 36 30 0 0 0 0 0 0 0 0 0 0 0 0 0 0 0 0 0 0 0 0 0 0 0 0 0 -999
P13283 2078 10 0 38 0 22 0 0 0 0 0 0 0 0 0 0 0 0 0 0 0 0 0 0 0 0 0 0 0 0 0 0 0
P13283 2078 11 0 0 0 49 20 0 0 0 0 8 0 0 0 0 0 0 0 0 0 14 0 0 0 0 0 0 21 58 7 41 -999
P13283 2078 12 7 9 0 0 0 0 18 47 0 0 0 0 0 0 4 5 0 0 0 0 0 0 0 0 13 13 29 46 29 59 60
P13283 2079 1 11 0 32 39 2 0 0 0 16 22 22 0 23 29 0 0 0 0 0 0 0 0 0 0 0 0 31 18 0 0 0
P13283 2079 2 0 12 0 22 50 14 3 37 38 7 0 0 0 0 0 0 0 0 28 32 47 22 23 41 40 39 53 44 -999 -999 -999
P13283 2079 3 32 49 16 46 49 5 0 0 0 0 0 18 0 0 0 0 0 0 0 0 25 18 14 0 0 0 0 0 0 0 0
P13283 2079 4 16 35 27 6 0 10 14 0 0 0 0 0 0 0 0 0 0 0 0 0 0 0 0 0 0 0 0 0 0 12 -999
P13283 2079 5 28 15 12 0 0 0 0 0 0 0 0 0 0 0 0 0 0 0 0 0 0 0 0 0 0 0 0 0 0 0 0
P13283 2079 6 0 0 0 0 0 0 0 0 0 11 0 0 0 0 0 0 0 0 0 0 0 0 0 0 0 0 0 0 0 0 -999
P13283 2079 7 0 0 0 0 0 0 0 0 0 0 0 0 0 0 0 0 0 0 0 0 0 0 0 0 0 0 15 18 0 0 0
P13283 2079 8 0 0 0 0 0 0 0 0 0 0 0 0 0 0 0 0 0 0 0 0 0 0 0 0 0 0 0 0 0 0 0
P13283 2079 9 0 0 0 0 24 0 0 0 0 36 37 0 0 0 0 0 0 0 0 0 27 0 0 0 0 0 0 0 0 13 -999
P13283 2079 10 0 0 0 0 0 0 0 0 0 0 0 0 0 0 0 0 0 0 24 45 38 50 19 48 45 31 33 0 29 0 0
P13283 2079 11 0 50 38 0 36 0 0 0 0 0 0 0 0 0 0 0 0 0 0 0 18 0 40 29 18 55 52 31 45 54 -999
P13283 2079 12 3 0 0 0 25 30 44 57 57 58 35 0 19 7 58 53 57 49 61 47 19 22 13 0 0 0 0 0 0 0 0
P13283 2080 1 0 0 0 0 0 0 0 0 0 0 0 0 0 0 0 0 0 10 12 9 8 11 50 10 29 17 20 5 29 38 0
P13283 2080 2 12 0 0 12 4 0 0 0 14 13 29 55 31 11 0 0 0 0 0 0 14 2 2 5 0 0 0 0 -999 -999 -999
P13283 2080 3 0 0 0 0 0 0 0 0 0 0 0 0 0 0 0 0 0 0 15 0 0 0 0 0 0 0 0 0 0 0 0
P13283 2080 4 30 14 43 16 34 57 58 53 38 20 2 0 0 0 0 25 40 38 48 33 15 0 0 18 28 11 0 0 0 0 -999
P13283 2080 5 0 19 16 5 0 0 0 0 0 0 0 0 0 0 0 0 0 22 7 13 8 0 0 0 0 0 0 0 0 0 17
P13283 2080 6 0 0 0 0 0 0 0 0 0 0 0 0 10 0 0 0 0 0 0 0 0 0 0 0 0 0 0 0 0 0 -999
P13283 2080 7 0 0 0 0 0 0 0 0 0 0 0 0 0 0 0 0 0 0 0 0 0 0 0 0 0 0 0 0 0 0 0
P13283 2080 8 0 0 0 0 0 0 0 0 0 0 0 0 0 0 0 0 0 0 0 0 0 0 27 18 31 30 12 0 0 0 0
P13283 2080 9 0 0 0 0 0 0 0 0 0 0 0 0 44 31 12 0 0 0 0 0 0 0 33 44 45 19 0 0 0 0 -999
P13283 2080 10 0 0 0 0 0 0 0 0 0 0 0 37 10 0 19 0 0 0 0 0 0 29 14 53 56 41 10 0 0 0 0
P13283 2080 11 0 0 0 24 30 9 4 2 7 24 5 2 0 0 0 26 32 20 0 0 40 0 0 0 0 36 29 55 15 0 -999
P13283 2080 12 0 0 0 0 0 0 22 35 48 59 38 0 19 52 19 0 0 0 0 0 0 12 31 56 35 0 0 14 0 34 0
P13283 2081 1 0 0 0 0 0 0 0 0 0 0 0 0 0 0 0 0 9 34 39 61 61 61 35 0 15 14 0 0 0 0 0
P13283 2081 2 0 32 58 42 6 15 20 11 30 0 0 0 0 0 0 0 19 48 14 0 45 58 39 28 26 33 42 9 -999 -999 -999
P13283 2081 3 0 0 0 0 0 0 0 0 11 30 45 47 58 56 58 28 63 35 43 44 47 32 57 24 33 54 58 56 38 25 53
P13283 2081 4 40 13 7 32 9 0 4 0 0 0 0 0 0 0 0 0 11 10 0 0 0 0 12 0 0 0 0 0 7 0 -999
P13283 2081 5 0 0 0 0 0 8 11 4 0 0 12 0 0 0 0 0 0 0 0 0 0 0 9 0 0 15 11 27 22 13 0
P13283 2081 6 0 0 0 0 0 0 15 16 15 25 26 11 8 0 0 0 0 0 0 0 0 0 0 0 0 0 0 0 0 0 -999
P13283 2081 7 0 0 0 0 0 0 0 0 0 0 0 0 0 0 0 0 0 0 0 0 0 0 0 0 0 0 0 0 0 0 0
P13283 2081 8 0 0 0 0 0 0 0 0 0 0 0 0 0 0 0 0 0 0 0 0 0 0 0 0 0 0 0 0 0 0 0
P13283 2081 9 0 0 0 0 0 0 0 0 0 0 0 0 0 0 0 0 0 0 0 0 23 18 0 0 0 0 0 0 0 0 -999
P13283 2081 10 0 0 37 5 0 0 0 0 0 39 54 51 30 9 46 39 22 15 29 53 49 0 0 0 0 0 0 0 0 0 34
P13283 2081 11 0 0 0 49 38 16 0 0 0 28 38 20 23 38 55 59 46 47 56 63 58 55 58 8 0 0 0 0 45 45 -999
P13283 2081 12 53 35 37 38 43 26 59 59 23 0 0 0 0 0 0 0 0 0 0 35 55 40 51 31 54 52 6 28 14 0 0
P13283 2082 1 0 0 0 0 0 7 16 3 6 0 0 0 0 0 28 55 0 18 18 0 0 0 0 0 0 11 28 22 37 25 0
P13283 2082 2 0 0 19 47 17 6 19 0 0 0 16 3 0 0 0 0 0 0 0 0 0 0 0 0 0 0 8 0 -999 -999 -999
P13283 2082 3 0 18 5 1 0 0 0 0 0 7 18 10 0 4 0 15 40 30 39 35 0 0 41 30 12 0 0 0 0 0 0
P13283 2082 4 0 0 0 0 16 32 50 48 43 63 62 39 60 0 0 23 21 0 32 43 30 0 0 0 0 0 0 14 25 0 -999
P13283 2082 5 0 0 0 0 0 0 0 0 0 0 0 0 0 0 0 0 0 0 0 0 0 0 0 0 0 0 0 0 0 0 0
P13283 2082 6 0 8 10 0 0 10 28 37 17 8 0 0 0 0 0 18 30 32 38 14 16 0 0 0 0 0 0 0 0 0 -999
P13283 2082 7 0 0 0 0 0 0 0 0 0 0 0 0 0 0 0 0 0 0 0 0 0 0 0 0 0 0 0 0 0 0 0
P13283 2082 8 0 17 0 0 0 0 0 0 0 0 0 0 0 0 0 0 0 0 0 0 0 0 0 0 0 0 0 0 0 0 0
P13283 2082 9 0 0 0 0 0 0 0 0 0 0 0 0 0 0 0 0 0 0 0 0 0 0 0 0 0 0 0 0 0 0 -999
P13283 2082 10 0 0 0 0 0 0 0 0 0 0 0 0 0 0 0 0 41 43 10 61 59 3 0 46 0 30 0 0 0 0 0
P13283 2082 11 0 0 0 0 0 0 0 0 7 27 46 48 43 42 34 59 43 17 19 42 24 46 38 19 3 8 19 54 51 9 -999
P13283 2082 12 6 36 17 0 0 0 0 0 0 0 0 0 0 0 0 0 0 0 0 0 0 0 0 0 0 0 0 0 0 39 0
P13283 2083 1 0 0 11 0 0 37 46 54 21 29 10 17 43 59 42 15 19 25 0 33 20 6 26 31 35 22 40 41 0 39 42
P13283 2083 2 28 51 47 9 37 23 0 39 57 48 61 46 44 31 36 55 63 50 13 12 17 53 30 50 0 24 55 53 -999 -999 -999
P13283 2083 3 60 4 0 0 0 0 23 29 4 0 36 0 0 24 21 0 0 0 3 9 0 0 0 0 0 16 5 10 21 41 26
P13283 2083 4 55 30 22 24 22 0 16 15 0 30 31 32 32 16 0 15 6 23 50 22 11 13 2 0 0 0 0 0 0 0 -999
P13283 2083 5 0 0 19 0 0 0 0 0 0 24 0 0 0 0 0 0 0 0 11 13 0 17 0 0 0 0 0 0 0 0 0
P13283 2083 6 0 0 0 0 0 0 0 0 0 0 0 0 0 0 0 0 0 0 0 0 0 0 0 0 0 0 0 11 0 0 -999
P13283 2083 7 0 0 0 0 0 0 0 0 0 0 0 0 0 0 0 0 0 0 0 0 0 0 0 0 0 0 0 8 0 0 0
P13283 2083 8 24 31 0 0 0 0 0 0 0 0 0 0 0 0 0 0 0 0 0 0 0 0 0 0 0 0 0 0 0 0 0
P13283 2083 9 0 0 0 0 0 0 0 0 0 0 0 0 0 0 0 0 0 0 0 0 0 0 0 21 12 0 0 0 0 30 -999
P13283 2083 10 35 28 0 0 26 0 0 0 0 0 0 0 0 29 0 0 0 0 0 0 0 0 0 0 0 0 32 0 0 0 0
P13283 2083 11 0 0 0 0 0 21 39 19 0 52 0 0 39 44 18 37 39 39 22 30 17 22 33 49 5 27 24 24 4 0 -999
P13283 2083 12 0 0 0 0 0 0 13 4 0 0 0 0 0 0 0 0 41 12 0 0 0 0 0 0 0 0 0 0 0 0 13
P13283 2084 1 30 44 30 8 19 0 25 0 0 0 0 0 7 11 0 0 32 50 53 36 41 51 56 5 0 0 0 0 0 0 3
P13283 2084 2 0 0 0 0 0 0 0 0 0 0 22 46 40 0 0 7 27 6 0 20 5 0 28 57 8 33 16 7 -999 -999 -999
P13283 2084 3 31 13 7 0 11 0 0 0 0 0 17 31 52 54 30 61 57 55 49 52 55 34 24 38 25 0 0 21 0 39 37
P13283 2084 4 30 17 38 50 56 26 14 50 47 48 62 29 11 48 40 27 0 0 0 0 0 0 0 0 0 0 0 20 0 0 -999
P13283 2084 5 0 0 0 15 0 0 9 10 0 0 0 0 0 0 0 0 0 0 0 0 0 0 0 0 0 19 13 0 11 6 15
P13283 2084 6 16 0 0 0 0 0 0 0 0 0 0 0 10 0 6 0 0 0 0 0 0 0 0 0 0 0 0 0 0 0 -999
P13283 2084 7 0 0 0 0 0 0 0 0 0 0 0 0 0 0 0 0 0 0 0 0 0 0 0 0 0 0 0 0 0 0 0
P13283 2084 8 0 0 0 0 0 0 0 0 0 0 0 0 0 0 0 0 9 5 0 0 0 0 0 0 0 0 0 0 0 0 0
P13283 2084 9 0 0 0 0 0 0 0 0 0 0 0 0 0 0 0 0 0 0 0 0 0 0 0 0 0 0 0 0 0 0 -999
P13283 2084 10 0 0 0 0 0 0 0 0 0 0 0 0 0 0 0 19 0 0 0 0 0 0 25 5 6 0 0 0 0 0 0
P13283 2084 11 0 0 0 22 57 33 22 24 55 54 57 54 56 21 0 0 0 25 0 0 0 0 0 0 0 0 0 0 0 12 -999
P13283 2084 12 21 0 0 20 15 0 0 0 0 0 0 0 0 0 0 0 0 0 0 0 0 0 16 9 31 39 3 17 12 0 0
P13283 2085 1 0 0 0 0 0 0 0 0 0 0 0 0 0 0 0 0 0 0 0 0 0 0 0 0 17 0 0 0 0 0 0
P13283 2085 2 0 0 0 9 0 0 0 0 0 0 0 0 0 0 0 11 14 0 0 0 0 0 0 0 0 0 8 0 -999 -999 -999
P13283 2085 3 0 0 0 0 10 0 0 0 0 0 25 20 15 0 0 0 0 42 14 40 35 54 42 20 13 0 29 33 51 58 53
P13283 2085 4 56 51 59 19 44 0 0 0 0 0 19 7 0 0 17 8 0 0 0 8 0 0 0 0 0 25 34 24 9 20 -999
P13283 2085 5 11 0 0 26 8 0 8 0 6 44 32 20 18 6 4 0 4 6 6 8 0 0 11 0 29 6 0 0 0 0 0
P13283 2085 6 0 0 0 0 0 0 0 0 0 0 0 0 0 0 0 0 0 0 0 0 0 0 0 0 0 0 0 0 0 0 -999
P13283 2085 7 0 0 0 0 0 0 0 0 0 0 0 0 0 0 0 0 0 0 0 0 0 0 0 0 0 0 0 0 0 0 0
P13283 2085 8 0 0 0 0 0 0 0 0 0 0 0 0 0 0 0 0 0 0 0 0 0 0 0 0 0 0 0 0 0 0 0
P13283 2085 9 0 0 0 0 0 0 0 0 0 0 0 0 0 0 0 0 0 0 0 0 0 36 14 8 0 0 0 0 18 14 -999
P13283 2085 10 11 0 0 0 17 11 0 0 0 0 0 0 0 0 0 19 0 0 0 0 0 0 42 18 0 0 0 0 0 0 0
P13283 2085 11 0 32 33 52 20 29 21 29 0 0 0 0 0 0 0 0 0 24 54 45 62 61 33 39 61 19 58 17 30 37 -999
P13283 2085 12 56 49 10 4 54 39 11 0 30 44 25 15 0 0 0 0 0 0 0 0 0 16 33 36 18 8 18 20 46 27 55
P13283 2086 1 51 62 61 57 17 0 0 0 0 0 0 0 0 0 0 0 0 0 0 0 0 0 0 0 0 0 0 0 0 0 0
P13283 2086 2 0 0 0 0 0 0 0 0 0 0 0 0 13 23 26 35 33 47 12 0 56 8 0 0 0 0 0 0 -999 -999 -999
P13283 2086 3 0 0 0 0 0 0 0 0 0 12 4 0 0 0 0 0 0 0 0 30 0 0 0 0 0 0 0 0 0 0 13
P13283 2086 4 7 7 0 0 0 0 0 28 25 4 5 0 0 8 27 41 53 58 54 41 26 10 28 33 0 0 18 16 0 0 -999
P13283 2086 5 0 0 10 0 0 0 0 0 0 0 0 0 0 0 0 7 7 10 7 8 11 0 0 9 16 5 0 0 0 21 0
P13283 2086 6 0 0 0 0 0 0 0 0 0 0 0 0 0 0 0 0 0 0 0 0 0 0 0 0 0 0 0 0 0 0 -999
P13283 2086 7 0 0 0 0 0 0 0 0 0 0 0 0 0 0 0 0 0 0 0 0 0 0 0 0 0 0 0 0 0 0 0
P13283 2086 8 0 0 0 0 0 0 0 0 0 0 0 0 0 0 0 0 0 0 0 0 0 0 18 0 0 0 0 0 0 0 0
P13283 2086 9 0 0 0 0 0 0 0 0 0 0 0 31 35 16 0 0 28 26 15 20 0 0 0 29 0 0 0 0 0 0 -999
P13283 2086 10 0 0 0 0 0 0 0 0 0 0 0 22 0 0 0 0 0 0 0 0 0 0 22 31 29 39 40 0 28 48 34
P13283 2086 11 0 0 0 0 0 0 0 23 10 23 32 35 49 11 53 62 52 63 37 58 34 19 0 0 0 29 41 23 49 5 -999
P13283 2086 12 7 37 0 0 29 22 0 0 0 0 0 0 0 0 0 0 0 0 27 28 11 0 0 0 0 0 0 0 0 0 24
P13283 2087 1 30 61 16 15 19 43 32 0 0 0 12 0 22 46 59 38 0 26 48 0 0 0 0 0 0 0 0 0 0 10 0
P13283 2087 2 0 0 0 0 0 0 0 0 0 0 0 0 0 0 0 0 0 0 0 14 0 0 0 0 0 0 0 0 -999 -999 -999
P13283 2087 3 9 0 0 14 0 24 25 7 0 0 0 0 0 37 43 3 25 32 39 8 12 23 0 0 0 25 54 28 11 0 0
P13283 2087 4 0 0 13 40 46 4 0 0 0 0 0 0 0 0 0 0 14 40 28 12 10 16 20 0 0 0 24 0 0 0 -999
P13283 2087 5 0 0 0 0 0 0 0 40 58 56 21 0 0 0 0 0 12 0 0 0 0 0 0 0 0 0 0 25 28 28 0
P13283 2087 6 0 0 0 0 0 14 0 0 28 8 0 0 0 0 0 0 0 0 0 0 0 0 0 0 0 0 0 0 0 0 -999
P13283 2087 7 0 0 0 0 0 0 0 0 0 0 0 0 0 0 0 0 0 0 0 0 0 0 0 0 0 0 0 0 0 0 0
P13283 2087 8 0 0 0 0 0 0 0 0 0 0 0 0 0 0 0 0 0 0 0 0 0 0 0 0 0 0 0 0 0 0 0
P13283 2087 9 0 0 0 0 0 0 0 0 0 21 21 0 0 0 0 0 0 0 0 0 21 35 0 0 0 0 0 0 0 0 -999
P13283 2087 10 0 0 0 18 0 0 0 0 0 0 0 0 0 0 0 0 0 23 10 0 22 57 46 10 0 0 0 0 0 0 0
P13283 2087 11 0 0 0 25 28 0 0 29 28 7 16 39 9 29 54 17 3 27 0 0 28 0 35 0 0 0 0 0 27 23 -999
P13283 2087 12 44 49 0 0 0 0 0 0 0 0 32 53 48 47 49 33 50 61 53 11 50 41 0 0 0 0 0 0 0 0 0
P13283 2088 1 0 0 0 0 0 0 31 58 58 46 55 57 62 51 10 45 58 58 9 2 0 12 15 53 56 59 62 60 46 62 13
P13283 2088 2 34 17 22 42 13 7 10 0 0 0 0 0 0 0 0 0 15 19 15 0 0 0 26 0 0 0 0 16 -999 -999 -999
P13283 2088 3 0 0 0 0 28 19 51 6 0 0 0 0 0 8 7 0 11 0 19 7 0 0 4 6 27 7 29 0 0 0 0
P13283 2088 4 0 0 0 0 0 0 0 0 30 30 6 31 46 6 0 0 0 0 0 0 0 0 10 9 12 0 0 0 0 0 -999
P13283 2088 5 0 0 0 0 29 33 17 0 0 0 0 51 45 19 7 0 0 0 0 0 0 0 0 0 0 0 0 0 0 0 0
P13283 2088 6 0 0 0 0 0 0 0 0 0 0 0 0 0 0 0 0 0 0 0 0 0 0 0 0 0 0 0 0 0 0 -999
P13283 2088 7 0 0 0 0 0 0 0 0 0 0 0 0 0 0 0 0 0 0 0 0 0 0 0 0 0 0 0 0 0 0 0
P13283 2088 8 0 0 0 0 0 0 0 0 0 0 0 0 0 0 0 0 0 0 0 0 0 0 0 0 0 0 0 0 0 0 0
P13283 2088 9 0 0 0 0 0 0 0 0 0 0 0 21 0 0 0 0 0 0 0 0 0 0 0 0 0 0 0 0 0 0 -999
P13283 2088 10 0 0 0 0 0 0 0 0 0 0 41 13 40 4 0 0 0 0 0 0 0 0 0 0 0 0 0 0 0 0 0
P13283 2088 11 0 28 56 63 57 53 48 25 60 55 8 23 27 0 0 0 0 0 0 0 0 0 18 25 0 29 39 20 0 32 -999
P13283 2088 12 36 0 26 41 62 56 14 0 0 0 0 0 0 0 0 0 0 0 0 0 0 0 0 0 0 11 19 0 0 31 0
P13283 2089 1 0 0 0 26 41 34 36 0 0 0 47 33 7 59 35 41 44 5 46 59 43 48 62 14 41 47 43 50 38 50 58
P13283 2089 2 58 14 0 28 54 18 43 51 51 52 60 48 52 57 57 61 61 38 52 40 45 0 0 0 0 26 50 25 -999 -999 -999
P13283 2089 3 2 0 0 0 0 0 0 0 0 0 0 0 0 0 0 0 44 12 5 0 0 0 0 0 0 0 0 0 11 0 0
P13283 2089 4 0 0 0 0 0 0 14 54 44 16 0 0 0 0 14 17 0 0 0 0 22 0 0 0 0 0 0 0 22 0 -999
P13283 2089 5 9 4 0 0 0 0 0 0 24 0 0 0 0 0 0 0 0 0 0 0 0 0 0 0 0 0 0 0 0 19 8
P13283 2089 6 18 19 0 0 0 0 0 0 0 0 0 0 0 0 0 0 0 0 0 0 0 0 0 0 0 0 0 0 0 0 -999
P13283 2089 7 0 0 21 12 0 0 0 0 0 0 0 0 0 0 0 0 0 0 0 0 0 0 0 0 0 0 0 0 0 0 0
P13283 2089 8 0 0 0 0 0 0 0 0 0 0 0 0 0 0 0 0 0 0 0 0 0 0 0 0 0 0 0 0 0 0 0
P13283 2089 9 0 0 0 0 0 0 0 0 0 0 0 0 0 0 0 0 0 0 0 0 0 0 0 0 0 0 0 0 0 0 -999
P13283 2089 10 0 0 0 0 0 0 0 0 0 0 13 16 5 6 9 12 0 0 0 0 0 0 0 18 13 11 0 0 0 0 0
P13283 2089 11 25 0 0 0 0 14 2 0 0 0 33 0 0 33 47 59 45 51 54 43 45 43 59 46 0 36 33 16 54 39 -999
P13283 2089 12 57 58 13 32 0 18 8 25 4 0 0 0 0 0 0 0 0 12 42 56 50 42 35 22 0 0 0 0 0 47 49
P13283 2090 1 20 9 0 0 0 25 3 0 0 0 0 0 0 0 0 0 0 15 0 47 50 54 43 17 5 21 21 0 0 0 21
P13283 2090 2 0 38 38 0 0 0 0 0 24 40 58 56 55 52 58 59 62 30 23 40 58 17 13 30 33 51 58 61 -999 -999 -999
P13283 2090 3 27 0 13 0 0 12 37 59 52 20 18 53 52 8 10 0 0 0 0 0 0 0 0 0 13 0 0 0 0 0 0
P13283 2090 4 0 0 42 48 49 18 0 0 0 0 12 13 27 10 0 0 13 9 0 13 13 23 42 44 0 0 33 40 15 5 -999
P13283 2090 5 4 0 0 0 0 0 0 0 0 0 0 0 0 0 0 0 17 21 20 15 16 7 0 0 0 0 0 0 0 32 22
P13283 2090 6 0 0 19 32 52 50 32 12 9 22 9 0 0 0 0 0 0 0 0 0 0 0 24 36 36 27 10 11 0 0 -999
P13283 2090 7 0 0 0 0 0 0 0 0 0 0 0 0 0 0 0 0 0 0 0 0 0 0 0 0 0 0 0 0 0 0 0
P13283 2090 8 0 0 0 0 0 0 0 0 0 0 0 0 0 0 0 0 0 0 0 0 0 0 0 0 0 0 0 0 0 0 0
P13283 2090 9 0 0 0 0 0 0 0 0 0 0 0 0 0 0 0 0 0 0 0 0 0 0 0 0 0 0 0 0 29 0 -999
P13283 2090 10 27 11 0 0 0 0 0 39 19 22 33 26 14 13 0 0 0 30 0 43 0 0 0 0 0 0 0 0 0 10 17
P13283 2090 11 7 22 20 5 0 0 0 0 0 0 0 0 0 0 0 0 0 0 0 0 0 0 0 0 20 42 44 48 61 63 -999
P13283 2090 12 61 30 35 49 5 0 18 0 45 44 7 10 11 30 23 0 0 0 0 0 0 21 0 37 0 0 0 0 0 0 0
P13283 2091 1 0 0 0 0 0 0 0 0 0 0 0 0 0 0 0 0 0 0 13 3 26 20 43 57 25 59 51 56 13 28 27
P13283 2091 2 28 33 18 43 50 42 50 44 44 13 23 35 38 7 12 29 10 0 0 0 0 37 43 39 37 42 10 0 -999 -999 -999
P13283 2091 3 0 0 0 0 0 0 0 7 5 0 0 0 0 0 0 0 0 0 0 0 12 9 0 20 0 0 0 0 13 0 0
P13283 2091 4 13 29 0 0 0 11 0 0 0 0 17 0 0 0 0 0 0 0 0 20 10 0 0 14 26 9 0 0 10 12 -999
P13283 2091 5 17 9 20 0 14 46 25 6 0 0 17 19 42 41 16 47 38 9 16 0 0 0 0 0 0 0 0 0 0 0 0
P13283 2091 6 0 0 0 0 0 0 0 0 0 0 0 0 0 0 0 0 0 0 0 0 0 0 0 0 0 0 0 0 0 0 -999
P13283 2091 7 0 0 0 0 0 0 0 0 0 0 0 0 0 0 0 0 0 0 0 0 0 0 0 0 0 0 0 0 0 0 0
P13283 2091 8 0 0 0 0 0 0 0 0 0 0 0 0 0 0 0 0 0 0 0 0 0 0 0 0 0 0 0 0 0 0 0
P13283 2091 9 0 0 0 0 0 0 0 0 0 0 0 0 0 0 0 0 0 0 0 0 20 31 16 10 25 55 0 0 0 0 -999
P13283 2091 10 0 0 0 0 0 0 0 0 0 37 13 0 0 0 0 0 0 0 0 0 0 0 0 0 0 0 0 23 44 17 23
P13283 2091 11 43 55 36 25 28 44 57 62 39 42 53 46 37 9 0 0 37 41 10 31 34 12 18 0 0 0 0 27 0 0 -999
P13283 2091 12 0 0 0 0 0 0 0 0 0 0 0 0 43 40 17 26 7 20 36 24 43 48 0 0 0 0 0 0 0 0 0
P13283 2092 1 0 0 0 0 30 38 21 34 13 37 7 48 61 30 44 3 0 0 0 0 0 0 25 4 17 48 4 0 0 0 0
P13283 2092 2 0 0 10 37 53 57 7 22 0 0 0 0 0 0 0 0 0 0 23 12 38 32 15 39 0 0 6 6 -999 -999 -999
P13283 2092 3 21 0 0 0 0 0 0 0 0 0 0 0 0 0 9 38 32 57 48 42 47 11 0 0 0 0 16 0 0 0 0
P13283 2092 4 0 0 0 0 14 2 14 5 39 33 23 14 0 0 0 22 0 0 0 0 40 0 0 0 0 23 0 0 0 0 -999
P13283 2092 5 0 0 0 0 0 0 0 0 0 2 0 0 0 0 0 0 0 0 0 0 0 0 0 0 0 0 0 14 22 0 0
P13283 2092 6 0 14 0 0 0 0 0 0 0 0 0 0 0 0 0 0 0 0 0 0 0 0 0 0 0 0 0 16 0 0 -999
P13283 2092 7 0 0 0 0 0 0 0 0 0 0 0 0 0 0 0 0 0 0 0 0 0 0 0 0 0 0 0 0 0 0 0
P13283 2092 8 0 0 0 0 0 0 0 0 0 0 0 0 0 0 0 0 0 0 0 0 0 0 0 0 0 0 0 0 21 26 10
P13283 2092 9 0 0 0 0 0 0 0 0 0 0 0 0 0 0 0 0 0 0 0 15 19 37 26 0 0 0 0 0 0 7 -999
P13283 2092 10 4 0 7 0 0 0 0 0 0 17 0 0 0 10 6 0 13 0 45 28 0 0 0 0 0 0 0 0 0 0 0
P13283 2092 11 0 0 0 0 22 0 28 22 23 0 0 8 54 13 4 0 0 0 0 0 0 0 0 10 0 0 0 0 0 0 -999
P13283 2092 12 0 0 0 0 0 0 0 8 7 7 0 0 0 0 0 0 0 0 0 0 0 0 0 0 0 38 58 20 6 0 0
P13283 2093 1 0 0 0 17 41 13 0 35 58 50 28 52 30 2 20 7 0 0 0 0 0 0 0 0 0 0 0 0 4 3 20
P13283 2093 2 0 0 0 15 15 48 14 45 62 63 44 2 0 0 0 0 0 0 37 43 0 21 12 0 0 0 0 0 -999 -999 -999
P13283 2093 3 0 0 45 26 2 0 0 29 23 33 61 38 24 8 49 34 6 41 55 58 62 32 7 32 18 0 17 0 29 47 52
P13283 2093 4 27 0 0 0 0 21 6 27 30 45 25 27 17 0 0 0 0 33 40 0 0 0 41 4 0 0 0 0 0 14 -999
P13283 2093 5 0 10 14 20 9 9 6 5 14 41 46 0 0 0 0 0 0 0 17 0 0 0 0 0 0 0 0 0 0 0 0
P13283 2093 6 0 0 0 0 0 0 0 0 0 0 29 26 36 19 5 0 0 0 0 0 0 0 0 0 0 0 0 0 0 0 -999
P13283 2093 7 0 0 0 0 0 0 0 0 0 0 0 0 0 0 0 0 0 0 0 0 0 0 0 0 0 0 0 0 0 0 0
P13283 2093 8 0 0 0 0 0 0 0 0 0 18 0 0 0 0 0 0 0 0 0 0 0 0 0 0 0 0 14 17 8 0 0
P13283 2093 9 0 0 0 0 0 0 0 0 0 0 0 0 0 0 0 0 14 0 0 0 0 0 22 0 0 0 0 0 0 0 -999
P13283 2093 10 0 0 0 0 0 0 0 0 38 15 0 0 0 0 0 0 0 0 0 0 0 0 0 0 0 0 0 0 0 0 11
P13283 2093 11 3 49 51 56 27 13 22 34 24 0 0 39 50 0 0 0 8 5 11 0 0 0 0 55 29 56 36 33 0 0 -999
P13283 2093 12 0 0 0 27 0 25 23 24 47 36 45 22 0 0 0 0 0 0 0 0 0 0 0 0 0 0 0 23 48 25 0
P13283 2094 1 0 0 0 19 49 58 57 38 0 0 0 0 0 0 0 0 0 0 0 0 0 0 0 0 0 0 0 0 0 0 20
P13283 2094 2 15 0 0 0 37 7 12 21 0 0 0 0 0 14 20 11 0 0 15 20 27 0 0 54 10 29 49 56 -999 -999 -999
P13283 2094 3 23 47 23 20 54 52 62 48 61 56 41 42 46 7 15 0 18 0 0 0 17 4 0 0 0 0 0 0 0 0 0
P13283 2094 4 0 0 0 0 11 10 5 9 14 41 7 51 12 3 52 34 9 24 32 11 0 0 25 19 60 32 2 0 0 0 -999
P13283 2094 5 0 0 0 0 0 0 0 0 0 0 0 0 0 0 0 0 0 0 0 0 0 0 0 0 0 0 0 0 0 0 0
P13283 2094 6 0 0 0 0 0 0 24 28 17 9 0 0 29 0 0 0 0 0 0 0 0 0 0 0 0 0 0 0 0 0 -999
P13283 2094 7 0 0 0 0 0 0 0 0 0 0 0 0 0 0 0 0 0 0 0 0 0 0 26 0 0 0 0 0 0 0 0
P13283 2094 8 0 0 0 0 0 0 0 0 0 0 0 0 0 0 0 0 0 0 0 0 0 0 0 0 0 0 0 0 0 0 0
P13283 2094 9 0 0 0 0 0 0 0 0 0 0 0 0 0 0 0 0 0 0 0 0 0 28 15 0 0 0 0 0 25 26 -999
P13283 2094 10 37 52 57 49 47 18 0 0 0 0 0 0 0 0 0 0 0 0 0 19 14 0 0 0 0 0 19 13 5 3 0
P13283 2094 11 22 0 0 0 0 38 46 14 23 0 0 28 39 30 19 26 0 0 0 0 0 0 0 0 15 31 58 57 41 23 -999
P13283 2094 12 0 0 26 31 55 62 55 26 42 32 34 10 0 0 44 25 35 28 0 0 0 0 26 0 24 50 63 41 53 44 44
P13283 2095 1 60 7 51 33 42 42 4 2 13 22 45 52 37 43 35 6 60 47 63 64 62 60 43 50 62 53 49 61 7 29 55
P13283 2095 2 40 20 0 49 33 22 20 2 0 0 0 0 15 50 9 42 29 30 14 0 0 0 0 6 0 0 0 0 -999 -999 -999
P13283 2095 3 0 0 0 0 0 0 0 0 0 0 11 27 24 8 4 0 0 23 42 24 6 0 0 0 0 0 0 0 0 0 0
P13283 2095 4 35 5 3 5 0 42 55 58 17 33 17 12 0 0 0 0 16 0 0 0 0 0 0 0 0 0 0 0 0 0 -999
P13283 2095 5 18 0 0 0 0 0 0 0 0 0 0 0 0 0 0 0 0 0 0 0 9 0 0 0 0 0 0 0 0 0 0
P13283 2095 6 0 0 0 0 0 0 0 0 0 0 0 0 0 0 0 0 0 0 0 0 0 0 0 0 0 0 22 17 0 0 -999
P13283 2095 7 0 17 0 0 0 0 0 0 0 0 0 0 0 0 0 0 0 0 0 0 0 0 0 0 0 0 0 0 0 0 0
P13283 2095 8 0 0 0 0 0 0 0 0 0 0 0 0 0 0 0 0 0 0 0 0 0 0 0 0 0 0 0 0 0 0 0
P13283 2095 9 0 0 0 0 0 0 0 0 0 0 0 0 0 0 0 0 0 0 0 0 0 0 0 0 0 0 0 0 0 0 -999
P13283 2095 10 0 0 0 0 0 0 0 7 10 21 21 3 5 0 0 0 28 5 0 0 0 0 0 0 0 0 0 23 41 19 10
P13283 2095 11 5 10 12 7 0 0 35 56 63 39 63 52 34 43 0 0 0 36 18 4 0 0 0 30 15 31 37 38 18 29 -999
P13283 2095 12 7 0 0 0 0 37 0 0 19 0 0 0 0 0 0 0 0 21 0 0 0 0 0 0 0 0 0 0 0 0 0
P13283 2096 1 0 0 0 25 0 9 7 6 12 30 21 0 0 0 17 14 0 0 0 0 17 0 0 0 0 0 0 0 10 0 0
P13283 2096 2 0 0 0 0 0 0 0 30 25 21 27 8 0 0 0 0 0 0 0 0 0 0 0 7 6 0 0 0 -999 -999 -999
P13283 2096 3 0 0 14 0 0 0 0 3 0 0 0 2 1 2 0 0 0 0 0 0 0 0 0 0 0 5 0 0 0 22 16
P13283 2096 4 0 0 0 0 0 0 19 28 34 0 15 27 45 48 33 10 10 23 42 12 0 0 0 0 0 0 0 0 17 0 -999
P13283 2096 5 0 0 0 0 0 0 0 0 0 0 0 0 0 0 0 0 0 0 0 0 0 0 0 0 9 0 9 7 22 52 54
P13283 2096 6 53 17 22 28 0 0 0 16 20 0 0 32 5 0 0 0 0 0 0 0 18 32 0 0 0 0 0 0 0 0 -999
P13283 2096 7 0 0 0 0 0 0 0 0 0 0 0 0 0 0 0 0 0 0 0 0 0 0 0 0 0 0 0 0 0 0 0
P13283 2096 8 0 0 0 0 0 0 0 0 0 0 0 0 0 0 0 0 0 0 0 0 0 0 0 0 0 0 0 0 0 0 19
P13283 2096 9 20 0 0 0 0 0 4 9 0 0 17 0 0 0 0 0 0 0 0 0 0 0 0 0 0 0 0 0 0 0 -999
P13283 2096 10 0 0 0 0 0 0 0 22 35 43 37 19 3 0 0 0 36 55 50 51 38 27 0 16 24 0 0 22 25 61 54
P13283 2096 11 56 59 54 53 44 26 17 35 52 62 53 16 47 47 61 56 61 57 22 39 33 36 15 0 39 32 21 27 38 0 -999
P13283 2096 12 0 0 0 0 0 0 0 0 0 0 0 0 0 0 11 0 0 0 0 0 0 0 0 31 16 47 35 37 37 33 51
P13283 2097 1 40 22 31 35 11 37 54 54 31 37 5 0 0 0 27 49 44 29 51 29 18 0 24 24 0 24 0 0 18 20 27
P13283 2097 2 49 8 0 0 31 14 0 21 0 22 9 24 0 0 0 0 0 0 0 0 0 0 0 0 0 0 0 0 -999 -999 -999
P13283 2097 3 0 0 0 0 0 0 0 0 0 0 0 0 0 0 11 8 8 0 0 40 38 0 0 14 0 0 10 20 19 15 0
P13283 2097 4 36 0 0 0 0 0 0 0 5 4 0 0 0 0 0 0 0 23 35 21 50 56 50 17 59 48 48 12 19 19 -999
P13283 2097 5 0 0 0 0 0 43 31 0 0 0 0 0 0 13 9 0 0 0 0 0 0 0 0 0 0 0 0 16 0 0 8
P13283 2097 6 0 0 0 0 0 0 0 0 0 0 0 15 0 0 0 0 0 0 0 0 0 0 0 0 0 0 0 0 0 0 -999
P13283 2097 7 0 0 0 0 0 0 0 0 0 0 0 0 0 0 0 0 0 0 0 0 0 0 0 0 0 0 0 0 0 0 0
P13283 2097 8 0 0 0 0 0 0 0 0 0 0 0 0 0 0 0 0 0 0 0 0 0 0 0 0 0 0 0 0 0 0 0
P13283 2097 9 0 0 0 0 0 0 0 0 0 0 0 0 0 0 0 0 0 0 0 32 0 0 0 0 0 0 0 0 0 0 -999
P13283 2097 10 19 38 25 12 0 0 0 0 0 0 0 0 0 0 0 0 29 40 37 41 30 15 42 26 6 0 13 0 0 46 48
P13283 2097 11 26 44 22 45 4 0 0 0 8 56 50 23 55 47 20 9 0 0 0 0 39 55 43 0 0 0 0 0 0 0 -999
P13283 2097 12 0 0 53 44 37 46 51 31 0 0 0 0 0 0 37 46 16 4 1 0 4 22 12 18 0 0 34 20 0 0 0
P13283 2098 1 0 0 0 0 26 26 3 19 5 15 0 0 0 4 0 0 0 0 9 3 29 9 31 0 0 0 0 8 0 0 0
P13283 2098 2 21 22 50 21 45 37 50 41 26 47 21 38 43 8 4 8 8 0 13 26 12 0 0 0 8 18 6 0 -999 -999 -999
P13283 2098 3 27 31 0 10 0 9 6 0 0 0 0 0 0 0 0 0 0 0 29 37 35 8 0 0 0 0 0 0 0 0 0
P13283 2098 4 0 0 0 0 0 0 12 20 8 18 21 10 0 11 0 0 0 0 0 0 30 0 0 0 0 0 14 0 0 0 -999
P13283 2098 5 0 19 0 0 0 0 0 0 0 0 0 0 0 0 0 0 0 12 0 0 0 0 0 0 0 0 0 0 0 0 0
P13283 2098 6 0 0 0 0 0 0 0 0 0 0 0 0 0 24 26 14 7 0 0 0 33 24 23 19 0 0 0 0 0 0 -999
P13283 2098 7 0 0 0 0 0 0 0 0 0 0 0 0 0 0 0 0 0 0 0 0 0 0 0 0 0 0 0 0 0 0 0
P13283 2098 8 0 0 0 0 0 0 0 0 0 0 0 0 0 0 0 0 0 0 0 0 0 0 0 0 0 0 0 0 0 0 0
P13283 2098 9 0 0 0 0 0 0 0 0 0 0 0 0 0 0 0 0 0 37 27 46 0 0 0 16 40 17 52 11 0 0 -999
P13283 2098 10 0 0 0 50 13 2 0 0 0 0 20 0 0 0 0 0 0 46 9 15 10 0 24 11 0 3 11 45 10 45 45
P13283 2098 11 58 56 21 47 28 52 8 26 0 57 56 21 13 0 0 40 55 44 32 41 0 27 36 27 0 0 0 21 51 47 -999
P13283 2098 12 19 52 27 60 58 24 0 0 45 0 0 0 0 0 0 0 0 31 9 25 44 57 57 21 2 0 0 11 0 0 0
P13283 2099 1 0 0 0 0 0 0 0 0 0 0 0 0 0 0 0 0 8 0 0 0 0 0 0 0 0 0 0 0 0 0 0
P13283 2099 2 0 27 55 3 7 0 20 0 0 0 0 0 0 0 0 0 0 0 0 23 3 17 0 0 13 0 0 17 -999 -999 -999
P13283 2099 3 12 0 12 0 21 49 46 59 57 62 60 37 0 0 0 0 0 0 0 0 0 0 21 5 13 0 0 0 0 8 25
P13283 2099 4 0 21 3 0 31 2 0 0 0 14 13 10 20 44 28 17 0 0 0 0 0 22 28 17 15 3 0 0 0 0 -999
P13283 2099 5 0 0 0 0 19 7 18 16 10 0 0 0 22 38 7 0 0 0 17 17 0 0 0 0 0 0 0 0 0 0 0
P13283 2099 6 0 0 0 0 0 0 0 0 0 0 0 0 0 0 0 0 0 12 14 17 23 9 0 0 0 0 0 0 0 0 -999
P13283 2099 7 0 0 0 0 0 0 0 0 0 0 0 0 0 0 0 0 0 0 0 0 0 0 0 0 0 0 0 0 0 0 0
P13283 2099 8 0 0 0 0 0 0 0 0 0 0 0 0 0 0 0 0 0 0 0 0 0 0 0 0 0 0 0 0 42 41 0
P13283 2099 9 0 0 0 0 0 0 0 0 0 30 38 0 0 0 0 0 0 0 0 0 0 0 0 0 0 0 0 0 0 0 -999
P13283 2099 10 0 0 0 0 0 0 0 0 0 0 43 14 0 22 53 0 0 0 0 0 0 0 0 0 0 0 0 0 0 24 50
P13283 2099 11 46 18 12 0 28 22 21 33 34 43 54 52 53 12 49 28 34 52 58 53 56 14 0 0 0 0 0 0 0 0 -999
P13283 2099 12 20 0 24 0 15 21 0 0 17 0 0 0 0 0 0 0 39 0 19 25 51 59 54 28 0 0 30 31 26 38 64
P13283 2100 1 4 7 0 0 22 0 0 0 0 0 0 38 58 30 0 38 56 0 0 0 0 0 11 0 0 0 12 0 0 0 0
P13283 2100 2 0 9 5 4 0 10 0 0 0 0 0 0 0 0 0 0 0 0 19 38 0 0 0 0 0 0 0 0 -999 -999 -999
P13283 2100 3 0 0 0 0 2 45 2 58 3 60 5 2 5 15 0 0 0 0 42 0 0 0 0 0 0 0 0 64 7 2 38
P13283 2100 4 27 0 16 0 0 0 0 0 42 14 16 29 0 0 0 0 24 5 0 0 0 21 44 11 0 0 0 0 0 0 -999
P13283 2100 5 0 0 18 7 40 0 0 0 0 6 60 22 41 0 0 35 47 0 0 0 0 0 14 46 50 28 0 0 0 0 0
P13283 2100 6 0 49 0 0 0 0 0 0 0 0 0 0 0 0 0 0 0 0 0 0 0 0 46 0 0 0 55 2 23 0 -999
P13283 2100 7 52 0 0 0 0 0 0 0 0 0 0 0 0 0 34 0 0 0 0 0 0 0 0 0 0 0 0 0 0 0 0
P13283 2100 8 0 0 0 0 0 0 0 0 0 0 0 0 0 0 0 0 0 0 0 0 0 0 0 0 0 0 0 0 0 0 0
P13283 2100 9 0 0 0 0 0 63 41 0 0 0 0 0 0 0 0 0 0 0 0 0 0 0 0 0 0 0 0 0 0 0 -999
P13283 2100 10 31 2 6 0 0 28 16 18 0 56 41 38 1 2 5 15 18 5 52 4 30 6 27 62 51 12 0 21 45 41 10
P13283 2100 11 63 50 0 0 25 35 38 0 13 0 15 51 40 21 48 0 0 0 0 0 0 0 0 0 0 43 0 0 0 0 -999
P13283 2100 12 0 0 0 0 0 0 5 6 1 1 0 0 0 18 12 53 15 2 22 9 7 47 0 23 4 54 42 30 5 1 -999
