precip bcc-csm1-1 rcp60 RNEURONALES decimas 2
P12220 41.215 -1.545 774 geo 2006 2100 -1
P12220 2006 1 0 0 0 0 0 0 5 0 5 7 9 34 8 4 4 4 4 5 2 0 2 10 8 11 13 5 4 6 9 3 3
P12220 2006 2 0 0 5 6 6 37 41 43 8 15 7 26 25 19 6 14 15 6 0 0 19 6 18 18 10 7 0 0 -999 -999 -999
P12220 2006 3 0 0 0 0 0 0 9 0 0 24 10 7 4 10 5 4 9 31 0 0 0 0 0 0 0 0 0 0 15 10 18
P12220 2006 4 10 28 18 0 35 42 105 33 25 117 30 7 11 14 41 2 0 0 10 0 0 0 0 16 0 0 33 9 0 0 -999
P12220 2006 5 0 7 3 14 14 21 17 17 17 22 10 0 0 7 0 0 14 12 24 25 17 18 17 10 0 134 102 48 19 22 17
P12220 2006 6 16 13 0 28 16 34 16 12 0 0 0 0 0 0 0 0 26 0 0 0 0 0 0 0 0 0 0 0 0 0 -999
P12220 2006 7 0 0 0 0 0 39 0 0 0 0 0 0 0 0 0 0 0 0 0 0 0 0 0 0 0 0 0 0 0 0 0
P12220 2006 8 0 0 0 0 0 0 0 0 0 0 0 0 0 0 0 0 0 0 0 0 0 0 0 0 0 36 55 42 0 0 0
P12220 2006 9 0 0 0 0 0 0 5 20 8 12 1 0 0 0 23 47 159 71 18 0 12 0 0 0 0 0 0 0 0 18 -999
P12220 2006 10 10 17 20 23 0 0 0 0 0 0 0 0 0 0 0 0 0 0 0 0 0 0 0 0 0 0 0 16 0 14 2
P12220 2006 11 0 0 0 0 0 0 0 0 0 0 0 0 0 0 0 0 0 0 0 0 0 0 0 0 0 0 0 0 0 0 -999
P12220 2006 12 0 0 0 0 0 0 0 0 0 0 0 1 0 0 0 0 0 0 0 0 0 11 17 6 18 49 33 51 24 14 0
P12220 2007 1 0 0 0 0 0 0 0 0 0 0 16 0 5 0 0 0 0 5 6 20 6 2 2 2 8 6 30 19 9 21 3
P12220 2007 2 0 0 0 10 14 35 19 39 5 3 4 0 8 12 0 0 0 0 0 38 17 0 2 7 6 0 0 0 -999 -999 -999
P12220 2007 3 0 11 5 0 0 0 0 0 0 0 0 0 21 46 39 14 11 5 4 3 4 9 28 27 19 24 0 0 0 35 47
P12220 2007 4 74 55 15 7 21 10 10 6 0 0 0 0 0 0 0 9 2 6 28 6 8 26 38 34 13 16 16 7 16 4 -999
P12220 2007 5 5 1 0 9 9 5 5 14 20 10 8 9 10 9 10 6 4 7 6 16 6 1 0 0 0 0 0 0 22 30 40
P12220 2007 6 37 10 0 0 0 0 26 29 9 7 5 10 0 0 0 0 0 0 0 0 0 0 0 0 0 0 0 0 0 0 -999
P12220 2007 7 0 0 0 0 0 0 0 0 0 0 0 0 0 0 0 0 0 0 0 0 0 0 0 0 0 0 0 0 0 0 0
P12220 2007 8 0 0 0 0 0 0 0 0 0 0 0 0 0 0 0 0 12 37 0 0 0 0 0 10 6 0 32 29 24 0 0
P12220 2007 9 0 0 0 0 0 0 0 0 0 0 0 0 0 0 0 0 0 0 0 0 0 0 0 0 0 0 0 0 0 0 -999
P12220 2007 10 0 0 0 0 0 0 3 9 5 23 8 8 28 41 44 22 3 40 22 36 8 0 0 0 0 20 36 22 7 8 0
P12220 2007 11 0 0 0 0 0 0 0 0 0 18 30 9 0 0 0 0 0 0 6 4 15 26 37 39 67 21 3 0 22 26 -999
P12220 2007 12 0 0 0 0 0 0 0 2 17 30 23 8 16 18 3 0 31 25 11 26 29 37 15 6 4 0 0 0 0 0 0
P12220 2008 1 0 24 28 15 8 24 10 4 3 0 6 6 5 4 1 8 19 21 23 0 0 0 0 0 0 0 0 0 0 0 0
P12220 2008 2 0 0 0 0 0 0 0 3 0 0 0 0 0 0 10 0 0 0 0 17 14 0 9 19 7 3 4 0 -999 -999 -999
P12220 2008 3 0 0 0 0 0 0 0 6 1 3 2 5 4 12 5 4 5 1 4 0 6 0 14 7 2 16 7 4 13 20 9
P12220 2008 4 5 4 8 7 28 55 291 56 13 7 31 0 53 41 24 5 0 13 22 0 0 0 5 5 6 9 12 0 0 12 -999
P12220 2008 5 0 0 28 15 23 18 10 3 6 8 30 18 0 0 0 0 12 8 0 14 0 0 0 0 0 0 0 23 0 0 0
P12220 2008 6 18 13 39 24 4 0 0 0 0 0 0 0 0 0 0 0 12 0 0 0 0 0 0 0 0 47 20 4 21 27 -999
P12220 2008 7 0 20 11 22 65 34 36 47 5 0 0 0 0 0 0 0 0 7 10 0 0 0 0 0 34 0 7 0 0 0 0
P12220 2008 8 0 11 0 0 0 0 0 0 0 0 0 0 0 0 0 0 0 0 0 0 0 0 0 0 0 0 0 0 0 0 0
P12220 2008 9 0 0 0 0 0 0 0 0 0 0 0 19 50 158 37 0 0 0 0 0 0 0 0 0 0 0 0 0 0 16 -999
P12220 2008 10 10 11 14 6 9 17 19 0 0 0 66 2 2 0 0 32 19 5 0 22 16 15 17 11 5 15 0 5 4 6 14
P12220 2008 11 0 0 0 9 8 11 12 0 6 5 7 0 0 0 19 16 23 6 30 5 3 1 0 0 0 0 1 3 0 0 -999
P12220 2008 12 13 34 26 13 0 1 17 8 5 2 0 7 8 14 15 0 0 0 0 0 0 0 1 0 0 0 0 9 0 0 0
P12220 2009 1 0 0 0 0 5 8 11 19 5 1 43 20 12 13 10 7 4 19 14 0 0 9 23 32 34 1 0 0 7 22 5
P12220 2009 2 2 0 0 0 0 11 0 0 0 0 0 0 0 0 0 0 17 16 30 27 38 31 19 25 27 23 44 30 -999 -999 -999
P12220 2009 3 20 9 35 24 14 25 15 6 4 0 6 0 0 0 0 0 0 6 18 13 2 0 0 0 0 7 29 5 5 4 4
P12220 2009 4 0 0 0 0 7 0 13 0 0 0 5 9 0 7 5 0 0 0 0 10 37 0 0 0 0 0 23 0 0 0 -999
P12220 2009 5 0 0 0 0 0 0 0 0 0 0 0 0 0 0 0 0 0 0 6 0 7 0 45 8 0 0 0 0 0 0 0
P12220 2009 6 0 112 55 38 220 151 73 96 53 33 48 98 41 17 18 8 10 20 23 0 3 2 0 0 0 0 0 0 0 0 -999
P12220 2009 7 0 0 0 0 0 0 0 0 0 0 0 0 0 0 0 0 0 0 0 0 0 0 0 0 0 0 0 0 0 0 0
P12220 2009 8 0 0 0 0 0 0 0 0 0 0 0 0 0 0 0 0 0 0 0 0 0 0 0 0 0 0 0 0 0 0 0
P12220 2009 9 0 0 0 0 0 0 0 0 0 0 0 0 0 0 0 0 0 0 0 0 0 0 0 42 0 0 0 0 0 0 -999
P12220 2009 10 0 0 8 19 25 10 7 8 0 0 0 0 0 0 0 0 0 0 0 0 7 5 10 0 0 0 0 0 0 0 0
P12220 2009 11 0 0 0 0 0 0 0 0 14 12 16 9 4 0 1 6 0 0 0 0 0 0 0 0 0 0 0 0 4 10 -999
P12220 2009 12 2 2 0 0 0 5 15 10 0 0 17 11 0 0 0 23 28 15 0 0 0 0 0 0 8 18 23 25 19 0 15
P12220 2010 1 0 0 0 0 5 0 0 0 0 0 8 12 0 0 0 13 17 18 10 9 3 0 0 0 0 0 0 0 0 0 0
P12220 2010 2 0 0 0 0 0 0 0 0 0 1 0 0 0 0 0 0 0 0 0 0 0 25 4 0 0 0 3 1 -999 -999 -999
P12220 2010 3 6 0 0 0 0 11 6 5 7 26 23 0 0 0 0 0 0 0 0 0 27 14 12 8 10 5 6 5 0 0 0
P12220 2010 4 0 0 17 13 6 11 23 67 12 9 1 34 36 0 0 0 0 0 0 0 0 0 0 16 6 0 0 0 0 0 -999
P12220 2010 5 0 0 0 0 0 0 0 0 0 0 0 0 0 0 0 0 0 7 12 17 6 5 0 0 9 13 33 12 0 0 0
P12220 2010 6 62 34 0 0 0 0 0 0 14 23 19 16 8 12 68 9 6 0 16 50 11 6 0 0 0 0 0 0 0 0 -999
P12220 2010 7 0 0 0 0 0 0 0 0 0 0 0 0 30 51 84 91 0 0 0 0 0 0 0 0 0 0 0 0 0 0 0
P12220 2010 8 0 1 0 0 0 0 0 0 0 0 0 0 0 0 0 0 0 0 0 0 12 15 0 0 0 0 0 0 0 0 0
P12220 2010 9 0 0 0 0 0 0 0 0 0 0 0 0 0 0 0 0 0 0 0 0 0 0 0 0 0 0 0 0 0 0 -999
P12220 2010 10 0 0 0 0 0 0 0 0 0 0 0 0 0 0 0 1 0 0 0 0 0 0 0 0 0 0 22 0 0 0 0
P12220 2010 11 0 0 0 0 0 0 0 0 0 0 7 28 41 5 9 42 23 7 31 0 0 0 0 5 5 0 0 0 0 0 -999
P12220 2010 12 0 0 0 0 0 0 0 0 0 0 0 0 0 0 0 0 0 0 0 0 0 0 0 0 0 0 0 0 0 0 0
P12220 2011 1 0 0 0 0 0 0 0 0 0 0 0 11 20 0 0 0 0 0 0 0 0 0 0 0 0 0 0 0 0 3 7
P12220 2011 2 4 2 11 0 0 0 0 3 4 4 10 2 0 0 0 0 0 0 0 0 0 0 0 18 32 44 17 20 -999 -999 -999
P12220 2011 3 22 12 0 10 9 17 35 24 27 6 0 0 7 0 0 26 0 0 0 5 2 2 3 0 5 4 0 5 9 3 5
P12220 2011 4 7 5 12 7 0 0 0 0 0 0 18 6 10 0 0 0 0 0 0 0 0 0 0 7 6 9 8 0 0 0 -999
P12220 2011 5 0 0 0 0 0 0 0 7 5 4 0 0 6 8 0 0 0 0 0 0 0 0 11 0 13 20 34 0 0 0 0
P12220 2011 6 0 0 0 0 0 0 0 0 0 0 0 0 13 41 0 0 0 0 0 12 6 13 0 0 21 2 0 0 0 0 -999
P12220 2011 7 19 0 0 0 8 5 22 0 0 0 0 0 0 0 0 0 0 0 0 0 0 6 27 0 0 0 0 0 0 0 0
P12220 2011 8 0 0 0 0 0 0 0 0 0 0 0 0 0 0 0 0 0 0 0 0 0 0 0 0 0 0 0 0 0 0 0
P12220 2011 9 0 0 0 0 0 0 0 0 0 0 0 0 0 0 0 4 0 0 0 0 0 0 0 0 0 0 0 0 0 0 -999
P12220 2011 10 0 0 0 0 0 0 9 24 29 0 6 0 0 0 0 0 0 6 8 6 5 9 0 0 7 0 0 0 0 18 50
P12220 2011 11 19 25 42 14 4 7 7 0 0 0 0 17 7 0 0 0 0 0 0 0 0 0 12 27 38 15 16 11 13 4 -999
P12220 2011 12 10 7 5 0 0 0 0 0 0 0 0 0 0 7 6 14 14 11 0 0 0 0 0 0 0 10 27 45 31 2 0
P12220 2012 1 0 0 9 26 29 24 0 0 4 0 18 25 30 15 10 6 6 33 25 24 15 21 21 1 0 0 0 18 2 0 0
P12220 2012 2 0 0 5 0 0 0 0 0 0 1 0 0 0 0 0 0 8 22 20 0 0 4 5 8 9 0 0 0 -999 -999 -999
P12220 2012 3 0 0 0 0 0 0 0 0 0 0 0 0 14 16 2 5 4 4 26 1 0 0 6 5 11 5 12 13 0 0 1
P12220 2012 4 0 0 0 0 0 0 0 0 0 0 0 0 0 0 0 0 0 0 0 0 0 0 0 0 0 0 0 0 0 0 -999
P12220 2012 5 0 175 0 0 0 0 0 0 0 46 217 127 61 38 60 55 0 0 0 0 0 6 19 63 17 19 20 25 33 41 14
P12220 2012 6 0 0 0 0 24 24 6 10 6 0 0 0 0 0 0 0 0 0 0 0 0 0 0 0 1 0 0 0 0 0 -999
P12220 2012 7 0 0 0 0 0 0 0 0 9 2 0 0 0 0 0 0 0 0 0 0 0 0 0 0 0 0 0 0 0 0 0
P12220 2012 8 0 0 0 0 0 0 0 0 0 0 0 0 4 17 1 5 0 0 0 0 0 0 0 0 0 0 0 0 0 0 0
P12220 2012 9 0 0 0 0 0 0 0 0 0 0 0 0 0 0 0 0 0 0 0 0 0 0 0 0 0 0 0 0 0 0 -999
P12220 2012 10 0 0 0 0 0 0 0 0 0 37 221 34 0 0 0 0 0 0 0 0 0 0 5 109 55 16 2 0 0 31 32
P12220 2012 11 4 0 0 0 0 19 0 0 0 0 11 0 14 27 0 0 9 0 0 0 0 0 0 0 0 0 0 0 0 0 -999
P12220 2012 12 10 5 5 4 12 17 5 0 0 0 0 0 0 0 0 0 0 11 6 9 3 4 21 22 5 0 0 0 0 0 0
P12220 2013 1 0 0 0 0 0 0 2 0 0 0 0 0 10 4 4 0 0 0 0 0 18 7 8 23 6 6 17 0 0 3 5
P12220 2013 2 4 4 11 41 6 31 30 29 25 5 5 0 0 0 8 6 20 14 3 2 0 0 26 5 8 12 18 83 -999 -999 -999
P12220 2013 3 46 6 6 0 0 0 0 0 0 0 0 0 2 25 17 9 0 15 0 0 0 0 0 0 0 0 0 0 0 0 0
P12220 2013 4 0 0 0 0 31 50 34 9 4 7 2 0 0 0 0 0 0 0 0 0 44 148 267 97 23 24 47 37 35 54 -999
P12220 2013 5 11 24 0 0 0 0 0 0 0 8 17 9 0 0 0 0 0 11 25 28 23 15 9 9 10 8 5 4 0 0 0
P12220 2013 6 0 0 0 0 0 0 0 0 0 0 0 0 0 0 0 0 0 12 19 17 0 0 0 0 0 0 0 0 0 0 -999
P12220 2013 7 0 0 0 0 0 0 0 0 0 0 0 0 0 0 0 0 0 0 0 0 0 0 0 0 0 0 0 0 0 0 0
P12220 2013 8 0 0 0 0 0 0 0 0 0 0 0 0 32 0 0 0 0 0 0 0 0 0 0 0 0 0 0 0 0 0 0
P12220 2013 9 0 0 0 0 0 0 0 0 0 0 0 0 0 0 0 0 0 0 0 0 0 0 0 0 0 0 0 0 0 0 -999
P12220 2013 10 0 0 15 0 0 0 16 8 1 0 49 16 0 30 5 34 25 34 47 5 0 0 19 8 0 0 0 0 0 0 0
P12220 2013 11 0 0 0 2 11 0 0 0 0 0 0 0 9 6 7 11 0 0 0 0 0 0 0 0 9 0 0 0 13 0 -999
P12220 2013 12 0 0 0 26 21 5 8 1 4 0 0 1 0 0 0 0 31 100 17 1 0 0 8 17 0 0 0 0 0 4 16
P12220 2014 1 21 40 8 19 0 20 0 23 16 18 0 0 0 0 0 0 0 0 0 9 10 6 9 5 21 29 4 8 12 36 35
P12220 2014 2 13 56 29 9 23 39 5 1 0 0 0 0 0 0 0 0 0 0 0 0 0 0 0 0 0 0 0 0 -999 -999 -999
P12220 2014 3 0 0 0 0 0 0 0 0 0 0 0 3 10 0 12 21 7 0 0 0 7 20 59 43 0 0 0 0 0 0 13
P12220 2014 4 10 2 1 7 0 0 0 5 6 30 16 5 5 0 0 0 0 0 0 0 0 0 0 0 0 0 0 11 8 7 -999
P12220 2014 5 5 12 4 0 0 6 4 13 12 0 0 6 12 6 6 6 10 51 170 34 14 17 14 15 7 0 0 0 0 9 14
P12220 2014 6 25 7 4 0 12 0 0 0 0 0 0 0 0 0 0 0 0 0 0 0 0 0 0 0 0 0 0 0 0 0 -999
P12220 2014 7 0 0 4 0 0 0 0 0 0 0 0 0 0 0 0 0 0 0 0 0 0 0 0 0 0 0 1 0 14 15 0
P12220 2014 8 0 0 66 67 42 0 0 0 15 9 0 0 0 0 0 0 0 0 0 0 0 0 0 0 0 0 0 0 0 0 0
P12220 2014 9 19 0 49 71 0 0 0 0 0 0 0 0 0 0 0 15 12 15 21 79 58 0 0 0 8 0 0 0 0 0 -999
P12220 2014 10 0 0 1 0 0 0 0 0 0 0 0 0 0 0 0 0 0 0 0 0 0 20 6 0 0 0 0 0 0 0 0
P12220 2014 11 0 0 0 0 0 14 15 0 1 0 0 0 22 0 0 0 0 0 13 34 33 15 4 0 0 0 11 31 13 9 -999
P12220 2014 12 4 0 0 0 0 0 0 0 0 0 0 0 6 8 0 19 22 28 7 11 41 20 11 33 0 0 17 6 0 0 0
P12220 2015 1 0 0 0 0 0 0 0 0 0 0 0 0 0 0 0 5 0 0 0 0 6 4 0 0 14 9 6 4 3 9 4
P12220 2015 2 20 2 0 0 4 2 0 3 11 7 15 14 5 6 21 18 28 43 37 36 24 8 17 0 0 0 0 12 -999 -999 -999
P12220 2015 3 19 0 0 0 0 0 0 0 0 0 0 0 0 14 0 0 0 0 0 11 13 22 45 98 175 216 116 0 0 8 22
P12220 2015 4 18 30 0 0 20 0 7 3 8 20 40 42 30 9 6 11 4 4 21 16 10 14 7 35 50 0 0 0 0 0 -999
P12220 2015 5 11 27 13 7 18 17 0 0 20 13 14 0 0 0 0 0 0 0 0 0 0 0 0 0 0 0 24 0 0 22 28
P12220 2015 6 63 71 81 48 47 33 31 0 0 0 0 0 0 0 0 0 0 0 0 0 0 0 0 0 0 0 81 19 38 0 -999
P12220 2015 7 0 0 0 0 0 0 0 0 0 0 0 0 0 28 0 0 0 0 0 0 0 0 0 0 0 0 0 0 0 0 0
P12220 2015 8 0 0 0 0 0 0 0 0 26 23 5 0 0 0 0 0 0 0 0 0 0 0 0 0 0 0 0 0 0 0 0
P12220 2015 9 0 0 0 0 24 189 5 9 0 0 0 0 0 0 0 0 1 45 1 0 0 0 0 0 0 0 4 0 0 5 -999
P12220 2015 10 0 0 0 0 0 0 0 0 0 30 14 45 25 11 19 11 16 28 37 6 5 0 0 0 0 8 7 9 0 0 0
P12220 2015 11 0 0 0 0 0 0 0 0 0 0 0 11 7 1 7 0 0 0 0 0 0 0 0 0 0 0 0 0 0 0 -999
P12220 2015 12 0 0 0 0 0 0 0 0 0 0 0 12 6 10 5 4 0 0 0 6 6 10 0 0 17 29 0 24 9 29 6
P12220 2016 1 25 8 0 9 7 17 10 14 11 13 44 224 165 35 40 11 4 1 2 16 61 14 0 0 8 1 0 0 0 51 18
P12220 2016 2 9 4 1 0 0 7 5 4 0 0 5 6 9 5 9 0 0 0 0 0 0 0 0 0 0 0 0 0 -999 -999 -999
P12220 2016 3 0 4 0 0 0 5 0 0 5 3 0 0 0 0 0 0 0 13 0 0 0 0 6 2 5 0 0 0 0 5 17
P12220 2016 4 5 0 0 23 48 108 38 26 32 8 5 11 22 10 0 0 0 7 39 21 6 0 0 31 0 0 17 12 15 22 -999
P12220 2016 5 32 12 5 6 7 9 8 0 15 9 5 1 0 0 0 0 9 0 0 0 0 0 51 14 10 14 17 0 0 0 0
P12220 2016 6 0 0 0 0 22 21 0 10 0 0 0 0 0 0 0 53 0 0 0 0 0 0 0 22 0 33 28 78 2 0 -999
P12220 2016 7 0 0 0 0 0 0 0 0 0 0 0 0 0 0 14 10 4 0 0 0 0 0 0 49 88 31 0 0 0 0 0
P12220 2016 8 0 0 0 24 0 0 0 0 0 0 0 0 0 0 0 0 0 0 0 0 0 0 0 0 0 0 0 0 0 0 0
P12220 2016 9 0 3 5 4 2 0 0 0 0 0 0 0 0 0 0 0 0 0 0 0 0 0 0 0 0 0 0 0 21 20 -999
P12220 2016 10 4 0 0 0 0 0 0 0 0 0 0 0 0 0 7 1 0 1 2 0 31 8 5 0 31 51 36 14 21 0 8
P12220 2016 11 0 0 0 0 43 37 27 11 6 7 21 29 36 27 5 18 0 0 0 0 8 0 0 17 39 13 14 0 0 0 -999
P12220 2016 12 5 0 0 0 0 0 0 0 0 0 0 0 2 12 0 0 0 0 3 0 0 1 0 0 0 0 0 0 6 32 24
P12220 2017 1 0 0 25 22 8 5 2 6 4 8 6 1 5 0 9 8 0 0 0 0 0 0 0 0 0 28 0 16 8 0 0
P12220 2017 2 0 4 5 7 0 0 0 0 6 0 0 0 0 0 47 1 0 0 15 37 35 34 7 6 7 5 30 218 -999 -999 -999
P12220 2017 3 50 5 3 28 45 17 14 11 13 28 71 118 22 3 1 1 6 16 22 8 5 37 6 5 14 0 9 0 42 42 74
P12220 2017 4 100 60 49 8 8 0 35 75 13 13 32 55 59 18 23 10 12 11 22 10 0 6 8 13 14 13 8 7 14 10 -999
P12220 2017 5 7 14 4 0 4 7 26 11 10 5 6 0 0 0 17 11 0 0 0 0 6 30 23 36 23 0 0 0 0 0 0
P12220 2017 6 16 17 8 4 0 15 14 37 34 9 0 0 0 0 8 0 0 0 0 0 0 0 0 0 0 0 0 0 0 0 -999
P12220 2017 7 0 0 13 7 0 0 0 0 0 0 0 7 0 0 0 0 0 0 0 0 0 0 1 18 0 0 0 0 0 0 0
P12220 2017 8 0 0 0 0 0 0 0 0 0 19 15 9 0 0 0 0 8 10 0 0 23 0 0 0 0 0 0 0 0 0 124
P12220 2017 9 16 0 0 0 0 0 0 0 0 0 0 0 0 0 0 0 0 0 0 0 0 0 0 0 0 10 13 21 0 20 -999
P12220 2017 10 1 0 0 34 147 0 33 4 24 7 0 0 0 0 0 0 0 0 0 0 0 0 0 0 0 17 35 9 1 0 0
P12220 2017 11 0 29 0 0 17 6 5 5 0 0 0 0 0 0 0 18 0 7 7 3 4 0 4 7 25 3 0 0 0 0 -999
P12220 2017 12 0 6 2 0 0 0 0 0 0 0 4 0 15 5 4 9 14 12 4 4 13 34 6 1 0 0 5 6 38 22 21
P12220 2018 1 4 0 0 0 0 0 0 0 0 0 0 0 0 0 0 0 0 0 0 0 0 0 0 0 14 28 43 0 0 0 10
P12220 2018 2 15 29 31 20 17 8 0 0 0 0 0 0 22 19 38 14 0 0 0 0 0 0 0 0 0 0 0 0 -999 -999 -999
P12220 2018 3 0 0 0 0 17 23 38 14 0 0 0 23 0 0 0 0 1 0 0 8 33 14 6 16 5 19 22 14 6 19 7
P12220 2018 4 9 16 5 19 12 7 0 0 0 0 13 31 36 30 12 18 20 10 7 0 0 0 0 9 32 32 9 10 69 113 -999
P12220 2018 5 61 82 52 72 97 0 0 0 0 0 0 0 15 0 0 0 40 115 47 58 46 14 0 18 0 0 0 0 0 0 0
P12220 2018 6 0 0 0 0 0 0 23 9 0 0 0 0 0 0 0 0 0 0 0 0 0 0 0 0 0 0 0 0 0 0 -999
P12220 2018 7 0 0 0 0 0 0 0 0 0 0 0 0 0 0 0 0 0 0 0 0 0 0 0 0 14 0 0 0 0 0 0
P12220 2018 8 0 0 0 0 0 0 0 0 0 0 13 19 34 0 0 0 0 0 0 0 0 0 0 0 0 0 0 0 0 0 0
P12220 2018 9 0 0 0 0 0 0 0 0 0 0 0 0 0 0 0 0 0 0 0 0 0 0 34 0 0 0 0 0 0 0 -999
P12220 2018 10 0 0 0 0 0 0 0 0 0 0 0 0 0 0 0 0 0 0 0 0 15 0 213 195 65 102 81 32 19 0 0
P12220 2018 11 0 0 0 0 0 0 0 0 17 0 0 0 0 0 0 0 34 0 0 0 0 0 0 0 0 18 30 12 4 0 -999
P12220 2018 12 0 0 0 0 0 0 0 0 0 0 0 0 0 0 0 0 0 0 0 0 0 0 0 5 0 13 13 0 7 0 0
P12220 2019 1 0 0 0 10 8 7 23 10 13 6 8 12 7 8 9 0 0 0 0 0 0 0 0 0 0 0 0 0 0 0 0
P12220 2019 2 0 0 0 10 4 4 22 10 8 9 5 10 6 17 6 17 5 5 0 0 0 0 0 0 17 5 0 0 -999 -999 -999
P12220 2019 3 3 11 41 43 26 12 5 0 0 0 7 0 0 0 0 0 0 0 0 5 0 0 13 0 0 0 0 22 31 21 15
P12220 2019 4 10 0 0 0 0 0 0 0 0 0 0 5 5 0 0 0 0 0 0 0 0 4 4 0 4 14 8 8 10 6 -999
P12220 2019 5 0 0 0 5 0 0 0 0 11 32 2 0 9 22 6 10 0 0 0 0 0 0 0 0 19 0 0 5 6 0 0
P12220 2019 6 0 0 0 0 0 0 0 0 0 0 0 3 0 0 0 0 0 0 0 0 0 68 76 25 16 31 129 6 0 0 -999
P12220 2019 7 0 0 1 0 0 0 0 0 0 0 0 0 0 0 0 0 0 0 0 0 0 0 0 0 0 0 0 0 0 0 0
P12220 2019 8 0 0 0 27 0 0 0 0 0 0 0 0 0 0 0 18 52 11 0 0 0 0 0 0 0 0 23 0 0 0 0
P12220 2019 9 0 0 0 0 0 0 0 146 44 0 0 70 58 131 94 0 0 0 0 0 0 0 0 148 151 0 0 0 0 0 -999
P12220 2019 10 0 0 37 40 32 30 30 15 0 0 0 0 0 0 0 0 0 53 48 0 0 72 0 0 0 6 4 0 0 0 0
P12220 2019 11 0 3 0 0 19 25 10 6 0 0 0 0 0 12 5 0 0 0 0 0 0 0 0 0 0 22 19 1 4 9 -999
P12220 2019 12 5 0 0 0 0 0 0 0 0 0 0 0 1 2 26 6 13 16 11 57 9 14 30 23 30 0 2 4 0 0 2
P12220 2020 1 0 10 11 21 20 21 23 0 0 0 0 0 0 0 0 0 0 0 0 0 4 10 0 0 0 0 0 6 9 6 21
P12220 2020 2 6 6 8 14 8 10 3 4 11 0 0 0 0 0 14 39 198 272 165 41 6 3 0 17 27 0 0 0 -999 -999 -999
P12220 2020 3 0 0 0 0 0 0 0 0 0 0 0 0 0 9 18 72 0 41 13 0 2 10 16 48 37 16 15 2 14 15 5
P12220 2020 4 2 0 0 0 0 0 0 0 24 22 29 1 17 25 3 0 0 0 0 0 17 19 20 25 41 87 18 4 11 0 -999
P12220 2020 5 0 146 93 39 20 10 11 10 0 0 0 11 10 0 0 0 0 0 0 60 93 27 19 27 13 10 54 64 27 10 14
P12220 2020 6 12 5 0 0 0 0 52 21 7 6 13 10 0 0 0 0 0 0 0 0 0 0 0 0 0 0 0 0 0 7 -999
P12220 2020 7 0 0 0 0 0 0 0 0 0 62 0 0 0 0 0 0 5 19 7 0 0 0 0 0 0 0 0 0 0 18 17
P12220 2020 8 0 0 0 0 0 1 1 1 1 7 0 0 0 0 0 0 0 0 0 0 0 0 0 0 0 0 0 0 0 0 0
P12220 2020 9 0 0 0 0 0 0 0 0 0 0 0 0 0 10 44 24 15 0 0 12 6 0 0 0 0 0 0 0 0 0 -999
P12220 2020 10 0 0 1 19 24 13 0 0 0 0 0 9 0 0 0 0 0 0 0 0 0 0 31 25 10 0 36 33 27 0 0
P12220 2020 11 0 28 0 0 0 0 0 0 0 0 0 0 0 11 0 0 6 7 22 36 16 10 0 0 0 0 0 0 0 0 -999
P12220 2020 12 0 0 0 0 0 0 7 0 0 15 8 0 9 5 0 0 0 11 1 0 11 38 35 3 0 9 4 0 0 0 0
P12220 2021 1 1 4 10 6 0 4 0 0 0 0 0 15 3 10 8 10 5 11 25 18 5 5 10 23 26 42 32 27 15 21 41
P12220 2021 2 38 24 19 20 21 5 4 8 6 0 0 0 0 9 18 0 11 13 0 0 0 0 0 0 11 0 25 27 -999 -999 -999
P12220 2021 3 15 33 29 10 17 31 18 62 104 22 18 4 36 7 36 16 41 35 36 12 9 6 10 10 5 0 5 6 7 7 9
P12220 2021 4 10 11 14 17 12 0 0 0 9 8 4 4 0 0 6 12 13 14 15 15 0 0 0 11 22 179 76 25 15 9 -999
P12220 2021 5 17 0 0 6 5 18 14 15 7 8 8 5 0 10 0 0 0 0 0 11 0 0 0 0 45 15 18 23 10 23 19
P12220 2021 6 26 24 14 7 0 0 2 17 9 8 22 13 14 14 18 0 0 0 0 0 0 0 0 0 0 0 0 0 0 0 -999
P12220 2021 7 0 0 0 0 0 0 0 0 0 0 0 0 0 0 0 0 0 0 0 0 0 0 0 0 0 0 0 0 0 3 0
P12220 2021 8 0 0 0 0 0 0 0 3 48 29 0 0 0 0 0 0 0 0 0 0 0 0 0 0 0 0 0 0 0 0 0
P12220 2021 9 0 0 0 0 0 0 0 0 0 0 0 0 0 142 60 16 0 0 0 0 0 0 0 0 0 19 0 0 0 64 -999
P12220 2021 10 40 1 0 0 0 0 0 61 0 0 0 0 31 22 0 0 0 0 0 21 29 0 0 0 1 34 16 6 13 0 3
P12220 2021 11 21 18 1 0 0 0 0 11 27 0 0 0 0 0 0 0 0 0 0 11 15 10 0 13 0 0 0 0 0 0 -999
P12220 2021 12 0 0 0 0 0 0 0 9 0 0 0 0 0 0 7 29 26 24 29 9 35 11 9 6 5 5 28 19 10 9 12
P12220 2022 1 12 0 0 0 0 0 0 0 0 0 0 11 7 13 1 0 0 0 0 0 7 2 0 0 0 0 0 0 0 0 0
P12220 2022 2 0 0 0 0 0 0 0 0 0 9 4 0 2 0 0 10 18 0 0 0 4 16 12 13 7 6 6 32 -999 -999 -999
P12220 2022 3 4 5 0 9 13 16 5 0 0 0 0 0 0 0 7 15 0 0 0 3 18 13 21 18 10 0 15 17 0 4 0
P12220 2022 4 1 0 41 41 9 30 21 14 9 0 0 0 55 46 0 0 278 284 266 166 234 150 35 13 15 3 0 0 0 0 -999
P12220 2022 5 0 0 0 0 0 0 0 0 0 0 0 0 0 0 0 0 0 0 0 0 6 7 7 0 0 0 0 0 0 12 32
P12220 2022 6 0 0 0 0 0 0 0 27 197 0 0 0 0 0 0 0 0 0 37 0 0 0 0 0 0 0 0 0 0 0 -999
P12220 2022 7 0 0 0 0 0 0 0 0 0 0 0 0 0 0 0 0 0 0 0 0 0 0 0 0 0 0 0 0 0 0 0
P12220 2022 8 0 0 0 0 0 0 0 0 0 0 0 0 0 0 0 0 0 0 0 0 0 0 0 0 0 0 0 0 0 0 0
P12220 2022 9 0 0 0 0 0 0 0 0 0 0 0 0 0 0 0 0 0 0 0 0 0 1 11 31 51 19 0 174 23 0 -999
P12220 2022 10 0 0 0 0 10 1 0 0 16 8 0 0 0 0 20 0 0 0 0 17 30 31 0 0 0 0 0 0 0 0 0
P12220 2022 11 0 0 0 28 5 7 0 0 0 0 0 0 14 37 36 0 14 21 0 0 10 27 33 41 9 0 0 0 0 0 -999
P12220 2022 12 5 6 14 8 0 19 6 17 7 3 0 4 0 0 0 0 0 9 9 10 31 9 8 41 11 32 24 36 28 9 9
P12220 2023 1 0 9 7 6 28 30 64 19 11 3 5 28 17 22 18 0 0 0 0 0 0 0 0 0 0 0 0 0 0 0 0
P12220 2023 2 0 0 0 0 0 0 0 0 0 0 0 0 0 0 13 14 15 15 14 11 81 0 0 0 5 3 0 0 -999 -999 -999
P12220 2023 3 0 1 6 16 0 0 0 0 0 0 0 0 0 0 21 32 15 8 5 4 11 8 7 4 0 0 0 5 0 0 0
P12220 2023 4 0 0 0 0 3 4 0 13 11 18 21 0 0 0 0 30 48 212 210 20 35 60 24 20 7 6 0 0 0 0 -999
P12220 2023 5 0 51 55 51 14 7 23 16 25 9 11 6 10 25 34 27 0 0 0 0 14 82 6 13 0 0 0 0 0 24 0
P12220 2023 6 0 0 0 0 0 0 0 0 0 0 0 29 16 8 41 21 5 7 0 0 0 0 0 0 0 0 0 0 0 0 -999
P12220 2023 7 0 0 0 0 0 1 0 0 0 0 0 99 14 0 0 0 38 194 263 72 0 0 0 13 0 0 0 22 1 0 0
P12220 2023 8 0 0 0 0 0 0 0 0 0 0 0 0 0 0 0 0 0 0 0 0 0 0 0 0 0 0 0 0 0 0 0
P12220 2023 9 0 0 0 0 0 0 0 0 0 0 0 0 0 0 0 22 35 35 0 0 0 0 0 0 0 0 0 0 0 25 -999
P12220 2023 10 27 117 163 0 0 0 0 0 0 15 6 0 0 1 9 5 18 33 45 18 16 17 0 0 0 0 0 0 7 4 5
P12220 2023 11 10 6 0 0 0 0 0 0 0 0 18 29 12 0 0 0 0 0 0 0 8 1 0 0 0 0 0 0 0 0 -999
P12220 2023 12 0 0 0 20 0 0 0 0 0 0 0 0 0 0 0 0 0 16 17 11 11 25 5 11 5 0 0 0 0 0 0
P12220 2024 1 0 4 0 0 0 0 0 0 0 0 0 0 0 0 0 0 0 0 0 22 22 14 23 9 0 0 15 26 18 0 2
P12220 2024 2 4 5 0 9 15 0 0 8 41 74 10 32 12 0 0 0 0 0 0 0 0 0 7 0 0 0 0 0 -999 -999 -999
P12220 2024 3 0 0 0 0 1 4 7 12 0 0 24 30 14 31 39 7 13 6 15 11 11 5 0 0 0 0 0 0 0 2 8
P12220 2024 4 11 9 6 4 24 10 18 9 7 21 15 0 0 0 0 0 5 0 0 0 16 38 15 3 0 0 0 0 0 0 -999
P12220 2024 5 8 16 20 7 17 10 23 35 30 11 0 16 11 9 5 5 4 12 0 0 0 0 9 32 24 19 28 11 17 0 6
P12220 2024 6 0 0 0 0 0 0 0 0 0 0 0 10 1 39 0 0 0 0 0 0 0 0 0 0 0 0 0 0 0 0 -999
P12220 2024 7 0 0 0 0 0 0 0 0 0 0 0 0 0 0 0 0 0 0 0 0 0 0 0 0 0 0 0 0 0 0 0
P12220 2024 8 0 0 0 0 0 0 0 0 0 92 117 17 0 0 0 0 0 0 0 0 0 0 0 0 0 0 0 0 0 0 0
P12220 2024 9 0 0 0 0 0 0 0 0 0 0 0 0 0 0 0 0 0 25 253 60 37 15 18 26 0 0 0 5 9 0 -999
P12220 2024 10 9 0 66 3 0 37 32 0 0 0 0 0 0 0 0 0 0 0 0 0 0 0 0 0 0 0 0 0 1 33 18
P12220 2024 11 9 27 12 13 30 29 0 0 0 0 14 8 10 9 270 6 12 1 0 0 0 0 0 0 0 0 0 10 4 0 -999
P12220 2024 12 6 8 26 3 1 0 5 11 0 12 10 2 20 18 0 0 0 0 0 0 0 14 11 1 0 0 0 0 0 0 0
P12220 2025 1 11 0 0 5 14 37 36 21 5 3 6 0 0 7 5 0 0 5 5 0 0 0 0 0 0 0 0 13 12 14 3
P12220 2025 2 6 17 5 10 6 9 23 27 29 18 33 42 35 0 0 0 0 0 0 0 0 0 0 5 4 0 0 0 -999 -999 -999
P12220 2025 3 0 5 22 9 0 0 0 0 43 30 4 0 0 0 0 0 0 0 0 0 0 0 0 0 0 0 0 0 0 0 0
P12220 2025 4 0 0 0 0 5 0 0 0 0 25 0 0 0 0 51 0 0 91 33 0 0 0 0 0 0 0 0 8 6 4 -999
P12220 2025 5 0 0 10 23 10 5 0 0 0 0 0 0 25 26 6 5 0 13 12 7 5 31 16 8 6 5 5 7 44 13 0
P12220 2025 6 0 0 0 7 0 0 0 0 0 0 0 0 0 0 0 0 0 0 0 0 0 0 0 0 0 0 0 0 0 0 -999
P12220 2025 7 0 0 0 0 0 0 0 0 0 0 0 0 0 0 0 1 0 0 0 0 0 0 0 0 0 0 0 0 0 0 0
P12220 2025 8 0 0 2 5 0 0 0 0 0 0 0 37 0 0 0 65 11 17 0 0 0 0 0 0 0 0 0 0 0 0 0
P12220 2025 9 0 0 0 0 0 0 0 7 6 0 0 9 0 0 0 14 11 0 0 0 0 0 0 0 14 0 0 0 8 0 -999
P12220 2025 10 0 0 0 0 0 0 0 0 0 0 0 0 0 0 0 0 23 25 44 13 33 45 27 3 0 0 0 0 8 9 16
P12220 2025 11 25 17 9 4 30 9 5 7 33 27 0 0 0 28 31 15 6 0 0 0 0 0 0 0 0 0 0 0 0 0 -999
P12220 2025 12 0 0 0 0 0 0 5 0 3 5 17 10 22 0 13 25 0 0 12 24 4 18 12 14 4 7 22 32 13 0 13
P12220 2026 1 12 15 2 0 0 0 0 0 0 0 0 0 0 0 0 0 0 0 14 10 4 0 6 7 0 0 0 0 0 0 0
P12220 2026 2 0 0 0 0 0 0 0 0 0 0 0 0 1 3 5 11 12 29 2 0 11 5 8 0 5 0 0 0 -999 -999 -999
P12220 2026 3 0 0 0 0 13 23 19 14 0 0 0 0 0 11 0 0 0 0 0 0 0 0 40 123 33 10 5 6 30 24 8
P12220 2026 4 0 0 7 12 3 7 15 5 4 4 4 5 11 5 2 0 0 0 0 0 0 0 0 0 0 0 0 0 0 19 -999
P12220 2026 5 21 8 9 0 0 0 0 0 13 25 14 9 14 23 8 2 0 0 0 0 0 0 0 0 0 0 0 0 7 0 0
P12220 2026 6 0 0 0 0 0 0 0 0 0 0 0 0 0 0 0 3 0 0 0 56 63 0 0 0 0 0 0 0 0 0 -999
P12220 2026 7 0 0 0 0 0 0 0 0 0 0 0 0 0 0 0 0 0 0 1 0 0 0 0 0 0 0 0 0 0 0 0
P12220 2026 8 0 0 0 0 0 0 0 0 0 0 0 0 0 0 0 0 0 0 0 0 0 0 0 0 0 28 50 8 0 1 18
P12220 2026 9 14 49 6 1 0 0 0 0 0 0 0 0 0 0 0 0 0 0 0 0 45 37 15 0 0 0 0 0 0 0 -999
P12220 2026 10 0 0 6 0 0 0 0 0 0 0 0 0 0 0 0 0 7 5 0 0 8 4 0 0 0 0 0 0 16 32 40
P12220 2026 11 10 4 5 5 18 24 5 0 30 33 5 14 11 0 16 20 6 5 0 0 0 0 0 0 0 0 9 0 0 0 -999
P12220 2026 12 0 2 2 0 0 0 0 0 0 0 0 0 0 0 12 42 37 30 33 8 6 13 27 3 0 5 0 0 0 0 0
P12220 2027 1 0 0 0 0 6 9 33 5 3 2 29 10 4 0 0 27 0 11 10 7 14 5 3 0 0 30 34 22 35 28 0
P12220 2027 2 0 0 0 0 0 0 0 0 0 0 15 19 0 0 0 0 0 0 13 7 5 5 30 0 0 10 3 0 -999 -999 -999
P12220 2027 3 0 5 5 5 7 7 2 0 5 0 0 0 0 0 0 0 0 5 9 37 89 29 28 22 4 11 5 4 2 0 0
P12220 2027 4 0 0 0 0 0 0 0 0 0 0 0 0 10 21 31 0 0 0 14 0 0 6 13 0 0 0 0 0 0 0 -999
P12220 2027 5 0 29 28 19 19 23 17 13 0 0 0 21 10 14 0 9 0 0 0 0 4 54 8 10 7 14 0 0 0 0 0
P12220 2027 6 7 0 0 12 29 7 0 0 0 0 0 0 0 0 0 21 40 0 0 0 0 0 20 17 0 0 0 1 0 0 -999
P12220 2027 7 0 0 0 0 0 0 0 0 0 0 0 0 0 0 0 0 0 0 0 0 0 0 0 0 0 0 0 0 0 0 0
P12220 2027 8 0 0 0 0 0 0 0 0 0 0 0 0 0 0 8 3 0 0 0 0 0 0 0 0 0 0 0 0 0 0 0
P12220 2027 9 0 0 0 0 0 0 0 0 0 0 0 0 0 0 0 0 20 20 0 0 0 0 0 0 0 0 1 24 0 0 -999
P12220 2027 10 0 0 0 0 0 0 0 0 0 0 0 0 0 19 0 0 2 17 0 0 0 6 14 34 4 0 0 0 0 0 0
P12220 2027 11 0 11 3 9 15 0 0 0 0 4 31 22 0 0 0 0 0 0 0 0 0 11 7 0 0 0 0 0 0 0 -999
P12220 2027 12 0 0 0 0 13 0 0 0 0 0 0 0 0 6 10 11 14 5 0 0 5 0 0 0 0 4 1 0 0 0 0
P12220 2028 1 0 0 0 0 0 0 0 0 0 0 0 0 0 0 0 0 0 9 17 0 0 0 0 0 0 0 1 15 0 0 0
P12220 2028 2 0 0 25 11 7 0 0 0 0 0 12 37 38 35 14 11 21 5 16 3 0 2 26 0 0 0 0 0 -999 -999 -999
P12220 2028 3 0 8 0 0 8 4 0 0 0 0 11 15 29 7 17 0 0 0 0 0 0 0 2 0 1 7 25 6 0 0 0
P12220 2028 4 0 0 0 0 1 0 0 0 0 32 12 0 0 0 0 0 0 10 28 52 35 0 0 0 0 0 0 0 0 0 -999
P12220 2028 5 0 11 0 33 0 0 16 1 17 8 6 28 0 0 0 5 10 0 0 0 2 0 0 18 15 6 0 24 15 1 9
P12220 2028 6 16 24 8 7 12 31 183 26 16 0 0 0 0 0 0 0 0 0 0 0 0 0 0 0 0 0 0 3 105 43 -999
P12220 2028 7 14 0 12 0 0 0 0 0 0 0 9 17 13 0 0 0 0 0 0 0 0 0 0 0 0 0 0 0 0 0 0
P12220 2028 8 0 0 0 0 0 0 0 0 0 0 0 0 0 0 0 0 0 0 0 0 0 0 0 0 0 0 0 0 0 0 0
P12220 2028 9 0 0 0 0 0 0 0 0 0 0 0 0 0 0 0 0 0 0 0 0 4 39 50 0 0 0 0 0 9 55 -999
P12220 2028 10 0 0 0 0 0 0 0 0 0 10 19 0 0 0 17 0 0 0 0 0 0 0 0 0 0 0 0 0 0 0 0
P12220 2028 11 0 0 7 16 29 17 0 0 0 0 0 0 0 7 5 0 0 8 4 5 12 11 0 0 0 0 0 0 0 16 -999
P12220 2028 12 2 0 0 0 0 0 0 0 0 0 0 0 35 34 0 0 20 13 17 21 18 10 5 0 5 5 27 31 10 33 7
P12220 2029 1 0 0 0 28 10 0 0 0 9 0 11 23 25 1 0 3 10 8 22 0 0 0 0 0 0 0 0 0 0 0 9
P12220 2029 2 19 11 9 8 9 3 4 4 0 0 3 0 0 5 0 0 0 0 0 0 0 0 0 0 5 0 0 6 -999 -999 -999
P12220 2029 3 18 13 12 29 26 36 17 18 25 21 7 3 0 16 11 0 0 0 11 32 18 4 4 0 0 0 0 0 0 0 4
P12220 2029 4 9 47 17 15 5 0 13 0 0 0 0 0 0 0 10 14 10 25 0 0 0 0 0 0 0 0 21 9 6 66 -999
P12220 2029 5 57 12 15 17 34 13 20 34 12 5 6 6 0 0 0 0 0 0 0 0 11 3 0 0 0 0 0 0 0 0 0
P12220 2029 6 27 96 111 69 17 0 0 0 0 0 0 0 0 0 0 0 0 0 0 0 0 0 0 0 0 0 0 0 0 0 -999
P12220 2029 7 0 0 0 0 0 0 0 0 0 0 0 0 0 0 0 159 240 128 28 43 63 69 121 15 1 0 0 0 0 0 0
P12220 2029 8 0 0 0 0 0 0 0 0 0 0 0 0 0 0 0 0 0 0 0 0 0 0 0 0 0 0 0 42 0 0 0
P12220 2029 9 0 0 0 0 0 0 0 0 0 0 0 0 0 0 0 0 0 2 0 0 1 62 32 10 10 27 54 48 0 0 -999
P12220 2029 10 0 0 0 0 0 0 0 0 12 0 0 0 0 0 0 0 0 21 7 0 0 0 0 0 0 26 0 0 30 46 4
P12220 2029 11 0 0 0 0 0 0 0 0 0 0 0 0 0 0 0 0 0 10 0 0 0 0 0 21 20 0 0 5 6 0 -999
P12220 2029 12 0 0 0 26 27 4 1 15 6 5 10 0 0 4 0 0 3 4 3 0 3 23 14 20 30 9 11 11 11 8 0
P12220 2030 1 0 0 0 0 0 0 0 0 0 0 0 0 0 0 0 23 11 0 0 0 7 0 0 0 8 0 0 10 17 0 0
P12220 2030 2 0 10 7 10 8 21 0 11 10 0 0 0 0 0 0 0 14 7 0 0 0 1 9 0 0 6 0 0 -999 -999 -999
P12220 2030 3 9 0 0 0 0 0 0 0 0 0 0 0 0 0 0 0 0 0 6 32 0 0 0 70 111 59 40 31 29 19 9
P12220 2030 4 33 38 38 9 2 0 0 9 15 13 16 15 24 40 38 19 16 14 10 112 70 37 21 29 23 42 167 7 4 3 -999
P12220 2030 5 1 0 0 5 0 0 0 0 0 29 11 10 7 9 37 49 19 10 0 0 0 0 0 0 0 0 0 0 0 0 0
P12220 2030 6 0 0 0 0 0 0 0 0 0 47 129 168 91 10 24 232 50 44 52 12 0 0 25 21 0 0 0 0 0 0 -999
P12220 2030 7 0 0 0 0 0 0 0 0 0 0 0 0 0 0 0 0 0 0 0 0 0 0 0 0 0 0 0 0 0 0 0
P12220 2030 8 0 0 31 71 0 0 0 0 0 0 0 0 0 0 0 0 0 0 0 0 0 0 0 0 0 0 0 0 19 17 0
P12220 2030 9 0 0 0 68 0 0 0 0 0 0 0 0 30 0 0 11 1 1 0 0 18 22 26 8 0 0 9 21 9 7 -999
P12220 2030 10 0 0 0 0 0 0 0 10 37 34 19 12 22 9 6 0 0 0 40 44 42 35 21 17 18 0 0 0 37 30 39
P12220 2030 11 0 0 0 0 49 37 26 9 20 29 22 6 8 13 13 8 20 20 10 6 26 20 36 20 11 9 5 0 27 9 -999
P12220 2030 12 0 0 0 0 9 14 16 0 0 7 15 9 0 0 0 0 0 0 0 0 0 0 0 0 0 0 0 18 0 15 15
P12220 2031 1 1 0 0 0 36 37 0 4 27 43 10 33 37 18 43 0 0 0 6 0 0 0 0 0 0 0 0 0 3 0 0
P12220 2031 2 9 15 27 0 0 0 0 0 0 3 0 0 0 0 0 0 0 0 15 5 0 0 0 7 0 0 17 14 -999 -999 -999
P12220 2031 3 0 0 25 1 8 6 12 4 15 6 17 7 18 5 1 1 27 0 4 4 1 0 0 0 0 0 0 0 0 0 37
P12220 2031 4 0 13 15 5 6 13 19 14 21 32 34 17 27 36 13 0 0 0 0 0 0 0 0 0 0 0 0 0 0 0 -999
P12220 2031 5 0 9 21 16 11 11 28 0 0 17 5 17 0 43 33 51 35 33 52 0 0 0 0 0 0 0 0 26 0 0 0
P12220 2031 6 0 0 0 0 0 0 52 10 17 0 0 0 0 0 0 0 0 0 0 0 0 0 0 7 0 0 0 10 27 30 -999
P12220 2031 7 0 0 0 0 0 0 0 0 0 0 0 26 233 229 56 0 0 0 0 0 0 0 0 0 0 63 0 0 0 0 0
P12220 2031 8 0 0 0 0 0 0 0 0 0 0 1 20 1 0 0 0 0 0 0 0 0 0 0 13 0 0 0 0 0 0 0
P12220 2031 9 0 0 0 0 0 0 0 0 0 25 106 35 0 0 0 0 0 0 78 5 0 18 55 113 7 27 17 13 0 0 -999
P12220 2031 10 0 0 0 0 0 0 1 20 36 36 0 0 0 225 206 0 0 0 0 0 0 24 0 0 0 0 0 0 0 0 18
P12220 2031 11 0 0 11 14 10 26 38 20 0 0 0 32 35 41 38 17 6 23 16 32 33 14 4 4 23 31 48 67 26 8 -999
P12220 2031 12 9 28 29 7 24 6 17 17 31 16 0 0 0 0 2 0 0 0 4 6 37 44 42 16 43 5 4 26 6 4 0
P12220 2032 1 0 0 9 27 32 23 21 21 9 7 0 12 25 0 17 20 0 0 0 5 1 0 3 0 1 6 2 5 9 25 12
P12220 2032 2 5 0 0 0 11 0 0 0 0 0 15 19 3 0 0 0 0 0 0 0 0 0 0 0 0 0 0 0 -999 -999 -999
P12220 2032 3 0 0 0 0 0 0 0 0 0 0 0 0 0 5 9 0 0 0 0 0 0 0 0 0 0 0 6 0 0 14 36
P12220 2032 4 30 12 6 15 9 7 26 89 10 4 4 0 0 22 22 16 27 13 0 0 0 0 8 32 65 18 0 0 0 0 -999
P12220 2032 5 0 0 7 7 3 0 0 0 0 0 0 42 17 29 8 0 9 15 18 19 15 0 13 14 5 6 12 19 13 0 1
P12220 2032 6 0 0 0 0 0 28 2 12 0 0 0 0 71 50 7 4 23 1 0 4 2 0 0 0 0 0 0 0 0 0 -999
P12220 2032 7 0 0 0 1 0 0 7 0 0 0 0 0 0 0 0 0 0 0 0 0 0 0 0 0 0 0 0 0 0 0 0
P12220 2032 8 0 0 0 0 0 0 0 0 0 0 0 0 0 0 0 0 0 0 0 0 0 0 22 0 0 0 0 0 0 0 0
P12220 2032 9 0 0 0 0 0 0 0 0 0 0 25 3 0 0 0 0 76 4 47 0 85 0 0 0 0 0 0 0 0 0 -999
P12220 2032 10 0 8 32 129 114 0 0 0 29 3 0 0 9 10 26 27 6 0 0 0 0 15 42 20 14 0 0 0 1 24 4
P12220 2032 11 4 9 0 5 1 0 0 0 0 0 0 0 0 0 0 0 0 0 0 0 0 0 5 6 5 0 14 0 9 37 -999
P12220 2032 12 43 22 9 0 0 0 0 0 0 0 0 0 0 0 0 0 0 0 0 8 0 0 0 0 0 0 0 0 0 0 0
P12220 2033 1 0 0 11 15 29 7 46 18 19 25 14 0 37 11 8 25 21 0 0 0 0 0 0 0 0 0 20 31 9 7 6
P12220 2033 2 0 0 0 0 6 13 0 0 28 23 33 19 6 10 0 0 0 0 0 0 0 4 0 17 6 0 0 0 -999 -999 -999
P12220 2033 3 0 4 0 0 1 0 8 14 7 8 9 30 36 0 0 0 0 0 0 0 0 0 10 0 0 0 0 20 10 6 0
P12220 2033 4 0 0 0 19 65 124 127 237 77 43 50 38 25 37 18 47 10 41 14 5 0 14 20 8 11 10 8 0 22 19 -999
P12220 2033 5 6 0 0 24 0 0 0 0 1 5 6 6 5 27 29 14 20 28 7 9 32 15 0 0 0 0 0 0 0 0 0
P12220 2033 6 0 0 0 0 0 0 0 0 0 0 0 0 38 0 0 0 0 0 0 0 0 0 0 0 0 0 0 18 14 0 -999
P12220 2033 7 0 0 0 0 0 0 0 0 0 0 0 0 0 0 0 0 0 0 0 0 0 0 0 0 0 0 5 0 0 0 0
P12220 2033 8 0 0 0 0 0 0 0 0 0 0 0 0 0 0 0 0 0 0 0 0 0 0 0 0 0 0 0 0 6 30 9
P12220 2033 9 47 67 0 0 0 0 2 0 0 0 0 0 0 85 41 0 0 0 0 0 0 0 0 0 0 0 0 7 18 45 -999
P12220 2033 10 64 18 0 22 41 32 23 28 38 1 0 25 31 0 0 0 0 0 0 0 0 0 0 0 0 8 0 0 0 0 0
P12220 2033 11 0 0 34 41 15 0 0 1 0 0 4 0 0 0 0 4 12 25 2 0 0 0 0 0 0 0 0 0 0 0 -999
P12220 2033 12 0 0 0 0 0 0 0 8 5 0 0 5 6 0 0 0 0 0 0 0 0 0 0 0 0 0 0 0 0 0 0
P12220 2034 1 0 0 6 0 0 4 4 5 8 0 1 15 27 17 32 7 3 0 0 0 0 2 0 0 0 0 0 0 0 0 0
P12220 2034 2 0 0 0 0 0 0 0 0 0 3 6 4 2 1 13 15 17 15 58 18 5 0 0 0 0 0 0 0 -999 -999 -999
P12220 2034 3 10 22 0 33 30 36 9 0 0 0 0 0 32 28 15 6 0 1 1 0 0 0 0 24 23 96 14 0 0 0 0
P12220 2034 4 0 0 0 0 0 0 0 0 0 0 0 0 0 0 0 0 0 0 0 4 17 18 0 0 0 0 46 45 26 9 -999
P12220 2034 5 0 0 0 31 27 0 0 0 0 0 0 0 0 0 0 0 0 0 0 10 0 0 22 50 70 124 32 28 9 18 0
P12220 2034 6 0 0 14 14 9 7 6 5 0 0 0 0 0 0 0 0 0 0 0 0 0 0 0 0 4 0 0 0 0 18 -999
P12220 2034 7 44 37 0 0 0 32 26 3 0 0 0 0 0 0 0 0 0 0 0 0 0 0 0 0 0 0 0 0 0 0 0
P12220 2034 8 0 0 0 8 0 0 0 0 0 0 0 0 0 0 0 0 0 0 0 0 0 0 0 0 0 0 0 0 0 0 0
P12220 2034 9 0 0 0 0 0 0 0 0 0 0 10 0 0 0 0 0 0 0 0 0 0 0 0 0 0 0 0 0 0 91 -999
P12220 2034 10 200 28 0 0 0 95 83 0 0 0 37 7 0 0 0 0 18 0 0 0 0 0 0 0 0 19 14 0 0 0 0
P12220 2034 11 0 0 0 0 0 14 25 0 0 1 0 0 19 0 0 0 0 0 0 0 0 10 19 21 7 19 4 7 1 0 -999
P12220 2034 12 6 0 0 0 0 0 10 1 6 4 4 0 5 10 27 9 0 0 0 0 5 0 0 0 7 12 6 5 11 8 15
P12220 2035 1 8 0 0 14 14 9 0 0 0 0 8 13 5 25 7 4 9 8 0 0 20 42 39 11 6 1 0 0 0 0 0
P12220 2035 2 0 0 0 0 0 0 9 31 0 0 0 4 0 0 0 0 0 0 0 0 14 17 27 26 34 5 12 8 -999 -999 -999
P12220 2035 3 19 20 14 22 0 6 41 51 25 6 5 19 0 25 15 89 41 10 3 18 26 23 13 4 15 19 6 16 6 22 19
P12220 2035 4 8 7 3 20 44 18 7 18 41 26 6 6 5 31 0 0 0 0 0 0 58 25 47 35 28 10 9 18 39 40 -999
P12220 2035 5 158 176 0 0 0 0 68 40 48 86 159 0 0 0 0 0 0 0 0 0 0 113 62 133 11 0 0 0 0 37 107
P12220 2035 6 21 0 0 43 38 26 17 6 40 3 0 0 0 0 0 0 0 0 0 0 0 0 0 0 0 0 0 0 0 0 -999
P12220 2035 7 0 0 0 0 0 0 0 0 0 0 0 0 0 0 0 0 0 0 0 0 0 0 0 0 0 0 0 0 0 0 0
P12220 2035 8 0 0 0 0 0 0 0 0 0 0 0 0 0 0 0 0 0 0 0 0 0 0 0 0 0 0 0 0 0 0 0
P12220 2035 9 0 0 0 0 0 0 0 0 0 0 0 0 0 0 102 190 0 0 0 0 0 0 0 0 0 0 0 0 0 0 -999
P12220 2035 10 0 0 15 28 99 0 0 0 0 0 0 0 0 35 0 0 0 0 0 0 13 0 23 0 0 0 0 0 0 0 0
P12220 2035 11 0 0 0 0 0 0 82 16 0 0 0 0 0 0 0 0 0 0 0 0 0 0 0 0 0 0 0 0 0 0 -999
P12220 2035 12 14 20 17 15 23 24 37 15 5 5 4 6 0 0 0 0 0 0 0 13 32 27 0 0 0 0 0 0 0 0 6
P12220 2036 1 4 3 6 0 4 21 20 21 208 113 13 5 6 4 0 0 0 1 19 7 13 11 7 4 0 0 5 5 0 0 0
P12220 2036 2 3 1 0 0 0 0 12 0 11 0 0 8 15 11 7 14 7 0 0 0 0 0 0 0 0 0 0 1 -999 -999 -999
P12220 2036 3 14 40 5 11 8 17 0 0 0 0 0 0 0 0 24 0 0 0 0 0 0 0 0 14 10 8 28 22 4 1 14
P12220 2036 4 26 19 18 11 2 6 0 0 0 0 0 0 0 0 0 0 0 0 0 0 0 0 0 14 7 6 4 13 0 0 -999
P12220 2036 5 0 0 9 8 5 4 0 0 0 0 0 9 15 7 4 9 19 10 3 0 0 0 0 0 0 0 0 0 0 0 0
P12220 2036 6 16 49 38 16 0 0 0 0 0 0 0 0 0 0 53 42 18 0 32 37 0 0 0 0 1 0 0 0 0 0 -999
P12220 2036 7 0 0 0 0 0 0 0 0 0 0 0 0 0 0 0 0 0 0 0 0 0 0 0 0 0 0 0 0 0 0 0
P12220 2036 8 0 0 0 0 0 0 0 0 0 0 0 0 0 0 0 0 0 0 0 0 0 0 0 0 0 0 0 0 0 0 0
P12220 2036 9 0 23 17 0 0 0 0 82 44 0 0 0 0 0 0 0 0 0 0 0 0 0 0 0 0 0 0 0 0 0 -999
P12220 2036 10 3 0 3 0 0 6 4 0 0 0 0 0 0 0 14 7 0 0 0 0 0 0 0 0 0 0 22 38 34 42 43
P12220 2036 11 28 0 0 0 0 17 4 19 13 5 0 0 0 16 24 33 24 0 0 12 22 0 0 0 0 0 20 14 4 0 -999
P12220 2036 12 0 0 0 7 22 4 0 0 0 0 0 1 9 0 0 0 0 0 0 0 0 0 0 0 0 6 3 3 2 0 0
P12220 2037 1 0 0 0 0 0 0 0 0 0 34 5 24 11 3 0 0 0 0 16 20 19 16 20 16 26 4 26 21 41 3 1
P12220 2037 2 0 0 58 51 25 0 0 48 17 14 0 0 0 0 0 0 0 0 0 0 0 0 3 0 0 0 12 8 -999 -999 -999
P12220 2037 3 6 0 0 0 0 0 0 0 0 0 2 0 0 0 49 113 8 14 15 33 29 21 17 18 15 5 6 5 0 0 0
P12220 2037 4 53 19 8 37 8 8 5 4 12 0 0 0 0 18 28 5 7 11 7 8 17 15 89 209 142 0 0 0 0 0 -999
P12220 2037 5 0 0 0 0 0 0 0 28 33 18 15 12 0 0 8 6 0 9 7 0 12 19 16 0 52 58 3 0 0 0 0
P12220 2037 6 0 0 0 0 57 87 0 0 1 0 0 0 0 0 0 0 1 1 4 12 0 0 0 0 0 0 0 0 0 0 -999
P12220 2037 7 0 0 0 0 0 0 0 0 0 0 0 0 0 0 0 0 0 0 0 0 0 0 0 0 0 0 0 0 0 0 0
P12220 2037 8 0 0 0 0 0 0 0 0 0 0 0 0 0 0 0 34 42 0 0 0 0 0 0 0 0 0 0 0 0 0 0
P12220 2037 9 0 0 0 0 0 0 0 0 0 0 0 0 0 0 0 0 13 14 0 0 0 0 0 0 0 0 0 0 0 8 -999
P12220 2037 10 3 0 0 0 0 0 0 0 0 0 2 31 0 0 0 0 0 4 17 6 0 0 0 0 23 0 0 0 0 0 0
P12220 2037 11 0 0 0 0 0 0 0 22 21 0 0 15 15 21 23 4 0 0 0 0 21 9 7 13 12 0 0 12 6 4 -999
P12220 2037 12 15 40 23 33 8 4 7 7 37 28 29 39 17 0 0 0 0 8 7 20 0 0 0 19 0 0 0 0 0 0 0
P12220 2038 1 0 12 0 2 11 5 8 3 0 1 0 0 0 29 23 20 0 6 0 0 0 0 0 30 27 16 19 11 11 24 7
P12220 2038 2 0 0 0 22 28 14 10 0 0 0 0 0 0 0 0 0 0 8 1 0 0 0 0 8 0 0 0 0 -999 -999 -999
P12220 2038 3 15 31 16 16 41 30 17 6 7 8 11 0 0 0 0 0 0 0 36 71 24 3 0 0 0 0 4 0 6 10 6
P12220 2038 4 1 4 6 0 0 0 0 12 31 0 0 0 0 104 91 51 0 0 0 0 0 34 68 183 46 82 302 18 6 46 -999
P12220 2038 5 79 108 43 0 0 77 63 15 0 0 0 0 0 0 4 0 0 117 29 60 77 39 66 128 107 71 51 24 16 6 12
P12220 2038 6 12 0 0 0 0 0 0 0 0 0 0 0 0 0 0 0 0 0 0 0 0 0 0 45 129 58 22 0 0 0 -999
P12220 2038 7 0 0 0 0 0 0 0 0 0 0 0 0 0 0 0 0 0 0 6 0 0 0 0 0 0 0 0 0 0 0 0
P12220 2038 8 0 0 0 0 0 0 0 0 0 7 6 6 11 15 13 0 0 0 0 0 0 31 32 39 0 0 0 0 0 0 0
P12220 2038 9 0 0 0 0 0 0 0 0 0 0 0 0 0 0 0 0 0 0 0 0 0 47 0 1 10 0 0 0 0 0 -999
P12220 2038 10 0 0 0 0 0 0 0 0 0 0 0 0 0 0 0 0 0 0 0 0 0 0 19 35 0 0 0 0 0 0 0
P12220 2038 11 30 31 16 0 0 0 0 0 0 0 5 18 19 0 57 38 17 12 18 10 0 0 0 0 0 0 0 0 10 6 -999
P12220 2038 12 5 11 39 44 40 51 24 15 0 0 16 26 30 4 16 19 3 0 37 6 32 0 0 0 0 0 0 0 0 0 0
P12220 2039 1 0 0 0 5 7 18 2 0 0 0 0 0 0 0 0 0 18 5 25 38 24 14 5 6 18 23 23 3 0 6 7
P12220 2039 2 10 1 0 0 0 0 0 0 0 0 0 0 0 0 12 26 9 9 0 0 0 0 6 7 27 6 3 0 -999 -999 -999
P12220 2039 3 5 0 0 0 0 0 0 0 7 24 0 43 14 13 23 34 0 0 0 0 0 0 0 0 0 5 0 0 0 0 0
P12220 2039 4 0 0 0 0 0 0 0 0 0 0 0 0 0 0 7 4 0 0 0 8 12 24 2 4 0 0 0 0 0 0 -999
P12220 2039 5 0 0 0 0 0 0 0 0 0 0 0 0 0 0 0 89 137 37 29 16 11 7 11 7 6 6 7 8 0 0 0
P12220 2039 6 11 16 23 34 21 9 0 0 0 0 0 46 0 0 0 45 0 0 0 0 0 19 0 0 0 0 0 42 53 10 -999
P12220 2039 7 79 0 0 0 0 0 51 37 0 0 21 0 0 0 0 0 0 0 0 0 0 0 0 0 0 0 0 6 10 0 0
P12220 2039 8 0 1 1 0 0 0 0 0 0 0 0 0 0 0 0 0 0 5 0 0 0 0 0 0 0 0 0 0 0 0 0
P12220 2039 9 0 0 0 0 0 0 0 0 0 0 0 0 0 0 0 0 0 0 0 9 0 0 0 0 0 0 0 0 0 0 -999
P12220 2039 10 0 0 0 0 0 0 16 0 0 0 0 17 21 16 20 0 2 3 0 8 10 12 11 5 5 7 41 33 39 60 26
P12220 2039 11 13 2 0 0 0 0 0 0 13 24 11 35 46 19 4 4 6 20 15 31 22 5 19 0 0 0 0 8 9 0 -999
P12220 2039 12 0 6 4 14 21 14 0 16 27 0 0 0 0 0 7 0 0 0 10 14 5 0 0 6 25 12 0 24 10 11 5
P12220 2040 1 11 0 0 0 12 23 11 9 11 0 13 15 12 7 12 24 21 14 15 12 0 0 0 0 0 0 0 0 0 0 0
P12220 2040 2 0 0 4 13 12 0 0 1 0 4 0 0 0 5 4 4 3 1 0 0 0 4 1 0 0 0 0 0 -999 -999 -999
P12220 2040 3 0 0 0 0 0 0 0 0 0 0 0 0 0 0 0 0 0 0 0 0 0 0 0 46 33 27 5 4 6 25 20
P12220 2040 4 6 20 33 18 17 11 11 1 0 0 0 3 2 0 0 0 28 0 0 0 0 23 16 9 37 225 259 18 0 0 -999
P12220 2040 5 4 6 24 24 17 12 4 1 3 0 0 0 0 0 0 0 0 0 0 0 0 39 22 0 0 0 0 0 0 0 0
P12220 2040 6 6 9 0 0 0 0 0 0 0 0 0 0 0 0 0 0 0 0 0 0 0 0 0 0 0 0 0 0 0 0 -999
P12220 2040 7 0 0 0 0 0 0 0 0 0 0 0 0 0 0 0 0 0 0 0 0 0 0 0 0 0 0 0 0 0 0 0
P12220 2040 8 0 0 0 0 0 0 0 0 0 0 0 0 0 0 0 0 0 0 0 0 0 0 0 0 0 0 0 0 0 0 0
P12220 2040 9 0 32 32 16 0 0 0 0 0 0 0 0 0 0 0 17 0 0 0 0 0 0 0 31 0 32 50 63 40 32 -999
P12220 2040 10 0 0 0 0 0 0 0 0 0 0 0 0 0 0 0 0 0 37 137 168 27 3 0 0 0 0 0 0 0 0 0
P12220 2040 11 17 17 0 0 0 25 35 42 21 6 4 6 10 27 3 4 0 0 0 0 0 0 0 0 28 0 0 0 0 0 -999
P12220 2040 12 0 0 0 0 0 0 14 0 0 16 3 0 166 35 2 0 0 0 0 0 0 22 30 55 0 0 0 17 18 4 29
P12220 2041 1 37 0 0 0 0 0 0 8 19 0 0 0 0 0 0 0 0 0 0 0 0 0 0 29 38 32 40 44 23 0 0
P12220 2041 2 0 0 0 0 0 19 34 31 9 9 9 7 34 5 11 0 17 20 24 6 18 28 3 5 9 4 3 0 -999 -999 -999
P12220 2041 3 0 24 0 0 5 4 5 6 7 5 5 5 10 5 36 16 12 34 47 13 6 15 10 31 0 16 24 12 14 13 13
P12220 2041 4 2 0 0 0 0 0 3 0 0 0 6 4 9 6 6 4 12 29 16 23 14 7 3 14 27 25 4 0 0 0 -999
P12220 2041 5 0 0 0 20 49 0 0 0 0 0 39 45 143 149 92 20 40 98 113 107 144 63 70 27 19 10 22 23 1 16 20
P12220 2041 6 9 0 0 0 0 0 0 0 0 0 0 0 0 0 0 0 0 0 0 0 0 0 0 0 0 0 0 0 0 0 -999
P12220 2041 7 0 0 0 0 45 25 1 9 0 17 8 1 0 0 0 18 1 15 11 0 0 0 0 0 0 0 1 20 0 0 0
P12220 2041 8 0 0 0 0 0 0 0 0 0 0 0 0 0 0 0 0 0 0 0 0 76 0 0 0 0 0 0 0 1 0 0
P12220 2041 9 0 0 0 0 0 0 0 0 0 0 0 0 0 0 0 0 0 0 0 0 0 6 41 15 34 4 0 0 0 0 -999
P12220 2041 10 0 19 11 6 0 0 0 0 0 0 0 54 0 0 0 0 0 0 0 0 0 16 0 0 0 0 0 0 0 0 0
P12220 2041 11 0 0 0 0 15 3 0 0 0 0 29 18 20 28 26 10 37 24 24 0 4 38 22 33 20 5 21 1 1 0 -999
P12220 2041 12 5 8 9 19 41 28 0 0 0 0 0 0 8 23 21 26 37 37 11 18 10 4 11 3 0 0 3 4 0 0 0
P12220 2042 1 0 0 0 0 0 0 38 11 5 4 0 0 0 0 0 0 0 1 0 0 0 0 0 0 0 0 0 0 0 0 0
P12220 2042 2 0 0 0 0 0 0 0 0 0 0 0 0 0 0 0 0 0 0 0 0 0 0 0 0 9 0 0 0 -999 -999 -999
P12220 2042 3 0 0 0 0 6 0 0 0 0 0 0 0 7 0 0 7 0 0 0 32 36 7 5 12 5 5 0 0 0 0 25
P12220 2042 4 24 7 0 0 7 10 33 7 17 5 11 8 9 6 5 7 6 0 0 0 0 0 40 45 123 244 115 153 21 28 -999
P12220 2042 5 44 20 15 7 5 2 0 13 38 82 24 0 0 0 0 0 0 5 0 0 0 0 0 0 0 0 0 0 4 20 18
P12220 2042 6 15 10 10 8 8 20 28 24 0 0 0 0 0 0 0 0 0 0 0 0 0 0 0 0 0 0 0 0 0 0 -999
P12220 2042 7 0 0 0 0 0 0 0 0 0 0 0 0 2 44 70 2 1 0 0 0 92 174 15 0 0 0 0 0 98 157 0
P12220 2042 8 0 0 0 0 0 0 0 0 0 0 0 0 0 0 0 0 0 0 0 0 0 0 0 0 0 0 0 0 0 0 0
P12220 2042 9 0 0 0 0 0 0 0 0 0 0 0 0 0 0 0 0 0 0 0 0 0 0 0 0 0 0 0 0 0 0 -999
P12220 2042 10 0 0 0 4 13 0 0 0 0 0 0 0 47 101 160 55 0 0 0 22 10 5 8 0 0 0 0 0 0 0 0
P12220 2042 11 0 0 0 0 0 0 11 5 0 0 0 0 0 0 0 0 0 0 0 18 8 0 0 0 0 0 0 0 8 6 -999
P12220 2042 12 6 0 0 32 22 21 11 4 19 20 9 1 6 14 27 6 12 25 4 3 0 0 3 16 24 0 0 0 0 0 0
P12220 2043 1 0 0 0 7 0 14 31 1 0 0 0 0 1 13 5 14 6 0 0 21 9 23 8 5 7 0 0 0 5 5 0
P12220 2043 2 0 0 0 0 10 2 16 0 0 0 0 0 0 7 0 0 0 0 0 0 0 0 4 0 0 0 0 0 -999 -999 -999
P12220 2043 3 0 0 0 16 12 0 0 14 50 5 31 22 0 0 0 0 0 0 26 0 17 10 27 63 31 16 4 6 0 0 0
P12220 2043 4 7 4 0 9 0 0 0 0 0 0 4 0 0 0 11 31 83 60 15 29 17 0 0 0 0 0 0 0 0 8 -999
P12220 2043 5 0 0 0 0 0 0 0 0 0 0 0 0 0 0 0 0 0 0 80 70 0 108 133 63 63 43 10 16 2 14 22
P12220 2043 6 13 13 12 10 0 0 2 9 0 0 0 0 6 0 0 0 0 0 0 0 0 0 0 0 0 0 8 0 0 0 -999
P12220 2043 7 0 0 0 0 0 0 0 0 0 0 0 0 0 0 0 0 0 0 0 0 0 0 0 0 0 0 0 0 0 0 0
P12220 2043 8 0 0 0 0 0 0 0 0 0 0 0 0 0 0 0 0 0 0 0 0 0 0 0 0 0 4 1 3 14 13 0
P12220 2043 9 0 0 0 0 0 0 0 0 0 0 0 0 0 0 0 0 0 0 0 0 0 0 0 0 0 0 0 0 36 21 -999
P12220 2043 10 28 29 0 0 0 0 0 0 1 11 0 0 0 0 0 20 6 11 0 0 0 0 0 0 21 19 19 15 11 7 0
P12220 2043 11 0 0 0 0 0 0 0 0 0 0 0 0 19 44 0 0 0 0 0 0 0 4 4 0 0 7 5 19 2 21 -999
P12220 2043 12 9 8 10 0 0 0 0 0 0 1 19 22 6 7 20 7 0 0 36 11 17 15 0 0 0 16 0 0 0 0 0
P12220 2044 1 0 0 1 0 0 6 2 0 0 0 10 0 0 0 0 6 1 25 30 9 0 1 0 0 0 0 0 27 27 0 0
P12220 2044 2 0 0 0 0 0 12 4 0 0 4 6 37 0 0 0 0 0 0 0 0 0 0 0 18 40 2 14 10 -999 -999 -999
P12220 2044 3 8 24 5 9 30 5 4 21 6 4 4 5 0 0 0 0 8 13 18 8 9 9 0 0 0 9 14 34 6 17 8
P12220 2044 4 3 2 13 5 0 0 0 0 0 0 0 5 5 14 1 0 0 0 0 0 23 10 28 0 13 15 13 0 0 0 -999
P12220 2044 5 0 0 5 0 0 25 7 15 34 25 18 0 0 22 21 10 0 0 65 142 182 50 10 0 0 0 0 0 0 131 53
P12220 2044 6 0 0 0 0 0 18 16 0 0 0 0 0 0 0 0 0 0 0 0 0 0 0 0 34 94 7 0 0 0 6 -999
P12220 2044 7 0 0 0 0 0 0 0 0 0 0 0 0 0 0 0 0 0 0 0 0 0 0 0 0 0 0 0 0 0 0 0
P12220 2044 8 0 0 0 0 0 0 0 0 0 0 0 0 0 9 0 0 0 0 38 7 0 0 0 0 0 0 0 0 0 0 0
P12220 2044 9 0 0 0 0 0 0 0 0 0 0 0 0 0 0 0 0 0 0 0 0 0 0 0 0 48 57 0 0 0 1 -999
P12220 2044 10 1 2 57 0 0 0 0 0 0 0 0 0 0 0 0 0 0 0 19 31 18 52 2 0 29 0 0 0 0 0 0
P12220 2044 11 0 0 11 0 0 0 0 0 7 5 0 19 25 24 16 15 28 12 6 9 27 18 19 35 31 2 35 21 0 0 -999
P12220 2044 12 0 0 0 0 0 5 0 0 0 17 21 0 0 0 0 0 0 0 0 0 5 17 53 33 6 1 2 4 14 13 0
P12220 2045 1 16 28 10 6 0 13 37 57 45 9 34 10 17 24 20 13 6 18 0 0 0 0 0 0 0 0 0 0 0 0 0
P12220 2045 2 0 13 24 8 0 20 32 2 0 0 12 4 7 5 0 6 2 0 0 0 0 0 0 0 0 0 0 0 -999 -999 -999
P12220 2045 3 0 0 0 0 0 0 0 0 8 0 0 0 26 41 14 5 3 0 0 0 0 0 0 5 3 0 0 0 0 0 0
P12220 2045 4 19 0 0 10 13 7 18 28 0 12 15 0 0 0 0 12 0 0 0 0 0 0 0 0 0 0 0 10 9 11 -999
P12220 2045 5 0 10 0 0 0 0 0 73 43 22 5 5 0 0 0 0 0 8 0 0 0 3 0 0 0 0 0 0 0 13 15
P12220 2045 6 37 40 23 34 50 31 16 12 25 24 25 12 22 0 0 0 23 0 0 20 1 15 0 0 14 19 20 0 0 0 -999
P12220 2045 7 0 0 0 0 0 0 0 0 0 0 0 0 0 0 0 0 0 0 0 0 0 0 0 0 0 0 0 0 0 0 0
P12220 2045 8 0 0 0 0 0 0 0 0 0 0 0 0 0 0 0 0 0 0 0 0 0 0 0 0 0 0 55 86 56 78 0
P12220 2045 9 0 0 0 0 0 0 0 0 0 0 0 23 172 195 83 33 4 0 0 0 0 0 0 0 0 0 0 0 0 41 -999
P12220 2045 10 18 0 0 63 208 3 0 0 0 0 0 0 0 0 36 31 34 24 0 0 0 0 0 0 0 0 0 0 0 0 0
P12220 2045 11 0 37 8 0 0 0 0 0 0 0 13 4 6 0 0 10 38 21 10 0 0 0 0 29 26 2 28 12 13 4 -999
P12220 2045 12 0 0 0 17 22 7 13 20 0 0 0 0 0 0 0 0 0 0 0 0 0 0 0 0 0 13 6 10 0 0 0
P12220 2046 1 0 0 31 12 30 18 12 11 0 0 25 10 7 5 19 5 7 9 22 10 11 12 23 10 3 15 45 23 6 6 45
P12220 2046 2 30 43 38 4 0 0 3 6 12 13 6 21 43 22 26 7 14 6 2 7 4 38 21 4 16 10 13 11 -999 -999 -999
P12220 2046 3 6 50 30 15 16 0 32 37 22 32 15 17 25 12 32 16 43 17 7 13 43 24 9 3 0 0 0 10 14 3 2
P12220 2046 4 0 0 0 20 7 4 4 24 12 11 18 3 6 8 23 5 21 8 10 6 17 5 18 24 13 11 9 17 17 8 -999
P12220 2046 5 3 0 0 0 0 0 10 11 0 0 0 0 11 13 12 0 26 20 2 0 0 0 0 0 19 30 17 25 6 4 0
P12220 2046 6 0 0 0 0 0 0 0 0 0 0 0 12 0 0 26 14 5 6 16 65 204 8 0 0 0 0 0 0 0 0 -999
P12220 2046 7 0 0 0 0 0 0 0 0 0 0 0 0 0 0 0 0 0 0 0 0 0 0 0 0 0 0 0 0 0 0 0
P12220 2046 8 0 0 0 0 0 0 0 0 0 0 0 0 0 21 1 9 0 0 0 0 0 0 0 0 0 0 0 0 0 0 0
P12220 2046 9 0 0 0 0 0 34 4 0 0 0 0 0 0 0 0 0 0 0 0 0 0 0 0 0 0 0 0 0 13 0 -999
P12220 2046 10 0 0 0 17 43 32 20 22 17 7 0 0 0 0 0 0 0 0 0 4 6 24 10 8 15 12 0 11 28 0 0
P12220 2046 11 7 0 0 0 0 48 48 26 0 5 4 0 0 0 0 0 0 0 0 0 0 0 8 11 20 6 0 0 26 18 -999
P12220 2046 12 28 21 38 8 24 45 43 12 15 27 16 13 5 28 44 25 5 12 26 8 0 0 0 0 0 0 0 0 0 0 0
P12220 2047 1 0 0 0 0 0 0 0 2 14 0 0 0 0 13 28 23 44 17 20 10 31 0 0 0 0 0 0 0 0 0 0
P12220 2047 2 0 0 0 0 12 0 11 0 0 0 0 0 6 26 21 0 0 0 5 3 0 0 0 7 11 4 7 5 -999 -999 -999
P12220 2047 3 8 0 17 3 0 11 18 0 0 0 0 0 0 0 0 0 0 0 0 0 0 0 29 23 9 11 16 5 0 23 26
P12220 2047 4 23 4 9 5 0 0 0 16 35 26 36 15 4 0 24 12 4 24 9 7 0 0 0 0 0 0 0 24 0 0 -999
P12220 2047 5 0 0 0 0 0 0 0 0 0 30 90 70 21 22 0 74 0 73 147 158 0 0 0 0 0 0 0 0 0 0 0
P12220 2047 6 0 0 0 0 0 0 0 0 0 0 0 0 0 69 95 45 16 0 0 48 0 0 0 29 0 0 0 0 0 0 -999
P12220 2047 7 12 5 1 2 30 27 0 0 0 0 0 0 0 0 0 0 4 6 12 17 1 0 0 0 0 0 0 0 0 0 0
P12220 2047 8 0 0 0 0 0 0 0 0 0 0 0 26 7 8 0 0 0 0 0 0 0 0 0 0 0 0 0 0 0 0 0
P12220 2047 9 0 0 0 0 0 0 0 0 0 0 0 0 93 134 91 25 2 0 0 0 0 0 0 0 64 0 0 0 0 0 -999
P12220 2047 10 0 38 67 40 38 1 25 5 1 2 26 12 7 8 7 6 30 9 27 5 5 0 0 0 0 0 15 7 0 4 0
P12220 2047 11 0 2 0 5 0 0 0 0 0 0 0 11 10 5 5 7 7 0 0 0 0 0 0 0 0 0 0 0 0 0 -999
P12220 2047 12 0 0 0 0 0 0 0 0 0 0 0 0 0 0 0 0 0 0 0 0 0 0 0 5 5 3 0 0 3 5 0
P12220 2048 1 0 0 0 0 0 0 0 0 0 0 3 24 27 14 0 0 0 0 0 0 0 0 0 0 0 0 0 0 0 0 4
P12220 2048 2 9 0 1 0 6 4 0 0 11 0 0 9 20 6 12 25 5 6 6 0 0 0 0 0 0 0 0 0 -999 -999 -999
P12220 2048 3 0 0 0 0 0 3 4 15 29 6 21 19 0 12 14 26 12 0 0 0 9 0 0 0 10 22 18 19 6 6 5
P12220 2048 4 8 5 6 0 0 0 0 7 21 3 0 0 0 0 0 0 0 12 0 0 11 0 23 14 0 0 0 1 0 0 -999
P12220 2048 5 0 34 26 17 1 8 9 0 16 22 38 24 24 35 43 10 14 23 10 0 0 0 185 0 0 0 0 0 0 0 0
P12220 2048 6 0 0 0 0 0 0 0 0 0 0 0 0 0 0 0 0 0 0 0 0 0 0 0 0 0 0 0 0 0 0 -999
P12220 2048 7 0 0 0 0 0 0 0 0 0 0 0 0 0 0 0 0 0 0 0 0 0 0 0 0 0 0 0 0 0 0 0
P12220 2048 8 0 0 0 0 0 0 0 0 6 36 13 27 0 0 0 0 0 0 0 0 0 0 0 0 0 0 0 0 0 0 0
P12220 2048 9 0 0 0 0 0 0 0 0 0 52 2 0 0 0 0 0 15 35 7 0 0 0 0 0 0 0 0 0 69 32 -999
P12220 2048 10 4 0 0 0 0 19 16 0 0 0 0 0 0 0 0 0 0 0 0 18 15 0 0 0 0 0 0 0 0 0 12
P12220 2048 11 4 0 0 0 0 0 33 0 0 0 0 0 0 0 6 0 28 23 0 0 0 0 0 0 0 0 29 0 0 0 -999
P12220 2048 12 13 38 26 0 0 24 0 0 0 0 0 0 0 0 0 0 0 0 2 0 0 0 3 0 0 0 0 12 0 0 0
P12220 2049 1 0 0 20 9 15 0 0 8 22 0 0 0 0 0 0 0 0 0 0 0 0 5 15 0 0 0 6 5 11 11 0
P12220 2049 2 0 0 0 0 0 0 0 0 0 0 0 0 0 0 0 0 0 0 0 0 0 4 0 4 5 15 12 10 -999 -999 -999
P12220 2049 3 6 0 0 0 0 0 0 0 0 0 0 0 0 0 15 0 4 0 0 0 5 5 5 10 0 0 0 5 0 21 24
P12220 2049 4 1 1 19 0 5 0 0 0 0 0 0 0 0 0 0 0 9 0 0 0 0 24 0 0 0 44 14 7 2 8 -999
P12220 2049 5 1 2 6 4 6 7 20 24 34 23 6 12 8 7 4 0 0 0 0 0 45 86 30 42 77 14 21 56 17 4 0
P12220 2049 6 0 0 0 0 25 0 0 0 0 0 0 0 0 0 0 0 0 0 0 0 0 0 0 0 0 0 0 0 0 0 -999
P12220 2049 7 2 9 7 13 0 0 0 0 0 0 0 0 0 0 0 0 0 0 0 0 0 0 0 0 0 0 0 0 0 0 0
P12220 2049 8 0 0 0 0 0 0 0 0 0 0 0 0 0 0 0 0 0 0 0 0 0 0 0 0 0 0 0 0 0 0 0
P12220 2049 9 0 0 0 0 0 0 53 46 89 167 154 0 0 0 0 0 0 0 37 29 0 1 32 6 0 0 0 0 0 0 -999
P12220 2049 10 0 0 0 0 0 0 7 15 0 0 0 0 14 21 18 31 20 0 0 0 0 0 0 11 19 23 55 0 27 36 42
P12220 2049 11 15 13 0 25 50 29 14 12 22 6 37 12 41 30 28 50 65 35 16 0 6 0 0 0 6 0 0 0 0 9 -999
P12220 2049 12 6 18 18 8 6 17 1 5 4 0 0 0 0 0 5 12 30 35 16 34 38 8 5 15 10 9 8 18 44 34 30
P12220 2050 1 34 20 28 32 4 41 25 7 10 22 38 1 0 0 0 0 5 9 0 0 0 0 0 0 0 0 0 0 0 4 5
P12220 2050 2 0 0 0 0 0 0 0 0 0 0 0 0 0 0 0 0 0 0 0 12 0 14 0 0 7 5 0 0 -999 -999 -999
P12220 2050 3 0 0 12 0 0 0 0 0 0 0 32 24 23 12 5 0 16 8 17 7 9 6 0 15 18 0 0 0 14 20 37
P12220 2050 4 30 11 14 0 13 10 15 7 7 10 0 0 0 0 13 17 7 4 0 0 7 0 0 0 0 8 6 4 0 0 -999
P12220 2050 5 9 6 4 5 5 13 14 0 13 0 0 0 0 0 0 11 155 178 112 101 60 43 96 0 90 155 151 24 36 14 32
P12220 2050 6 0 51 82 24 0 0 0 0 0 45 25 0 0 0 0 0 0 0 0 0 0 0 0 0 0 0 0 0 0 0 -999
P12220 2050 7 0 0 0 0 0 0 0 0 0 0 0 0 0 0 0 0 0 0 0 0 0 0 0 0 0 0 0 0 0 0 0
P12220 2050 8 0 0 0 0 0 0 0 0 0 0 0 0 0 0 1 0 0 0 0 0 0 3 8 0 0 0 0 0 0 0 0
P12220 2050 9 0 0 0 0 0 0 0 0 0 0 0 0 0 0 0 0 0 0 0 0 0 0 0 0 0 0 0 0 87 0 -999
P12220 2050 10 0 24 2 0 0 0 0 0 0 0 0 0 0 0 0 0 0 0 0 0 0 15 70 56 19 14 9 22 1 2 20
P12220 2050 11 1 0 0 4 4 17 27 16 23 0 0 0 12 52 0 0 0 0 0 0 0 18 31 8 4 0 2 8 4 6 -999
P12220 2050 12 4 11 28 0 0 0 1 0 0 0 0 0 5 0 0 0 0 0 5 6 4 6 0 0 0 0 0 0 0 0 0
P12220 2051 1 17 0 0 0 0 0 0 0 0 0 0 0 0 0 7 0 0 0 0 0 0 0 0 0 0 0 0 0 0 0 0
P12220 2051 2 0 0 0 0 0 9 0 0 0 0 0 6 0 0 0 0 6 0 0 14 5 0 0 9 4 4 0 0 -999 -999 -999
P12220 2051 3 0 0 0 0 0 0 0 0 17 8 10 30 21 0 0 0 0 0 16 28 25 122 0 0 0 0 0 0 0 0 18
P12220 2051 4 19 19 0 0 0 0 0 0 0 0 0 0 36 25 15 27 12 11 8 12 6 5 7 59 69 0 0 0 0 0 -999
P12220 2051 5 27 0 10 0 0 0 0 0 105 242 54 32 15 6 3 0 0 0 0 0 0 0 0 30 65 66 74 6 0 0 0
P12220 2051 6 0 0 0 0 0 0 0 0 0 0 0 0 0 0 88 79 0 0 0 0 0 0 0 44 40 36 35 0 0 11 -999
P12220 2051 7 11 0 0 0 0 7 72 18 30 0 0 0 0 0 0 0 0 0 0 0 0 0 0 0 0 0 0 0 0 0 0
P12220 2051 8 0 0 0 0 0 0 0 0 0 0 0 0 0 0 0 0 0 0 0 0 0 0 0 0 0 0 0 0 0 0 0
P12220 2051 9 0 0 0 0 0 0 0 0 0 0 0 0 118 2 0 0 0 0 0 0 0 0 0 0 0 0 8 0 0 0 -999
P12220 2051 10 0 0 0 0 0 0 0 0 0 274 163 67 0 0 0 0 0 0 0 0 0 0 0 15 2 5 0 23 32 16 6
P12220 2051 11 6 25 33 27 8 6 0 1 8 0 0 0 0 0 12 7 10 5 0 0 0 6 0 0 7 0 0 0 0 0 -999
P12220 2051 12 0 0 0 0 7 7 0 0 38 18 14 29 4 5 15 42 11 21 6 0 0 0 0 0 0 0 0 0 0 0 0
P12220 2052 1 0 0 0 0 0 0 0 0 20 25 0 0 0 0 0 0 0 0 0 0 0 0 0 8 6 0 0 0 45 82 53
P12220 2052 2 33 35 48 108 35 41 51 62 24 32 71 75 4 4 9 30 24 4 0 24 0 0 0 0 20 6 0 0 -999 -999 -999
P12220 2052 3 0 0 0 0 0 0 0 0 0 0 0 0 0 0 0 35 20 12 32 24 7 0 28 4 0 0 0 0 0 0 0
P12220 2052 4 0 0 0 0 0 0 28 6 4 0 0 7 4 0 0 0 7 0 0 0 0 0 0 0 0 0 0 0 13 23 -999
P12220 2052 5 0 0 0 0 0 0 0 17 28 12 12 19 48 96 145 24 19 17 23 34 57 0 0 0 27 0 0 0 0 0 0
P12220 2052 6 0 0 0 0 0 0 0 0 0 0 0 0 0 0 108 0 0 0 0 0 0 0 0 0 8 1 0 0 0 0 -999
P12220 2052 7 0 0 0 0 0 0 0 0 0 0 0 0 0 0 0 0 0 0 0 0 0 3 0 0 0 0 0 0 0 1 7
P12220 2052 8 22 40 8 1 0 0 0 0 0 0 0 0 0 0 0 0 0 0 0 0 0 0 0 0 0 0 0 0 0 0 0
P12220 2052 9 0 0 0 0 0 0 0 0 0 0 0 0 0 0 0 0 0 0 0 0 0 0 0 0 0 0 0 0 0 0 -999
P12220 2052 10 0 0 0 0 0 0 0 0 0 0 0 0 0 48 17 26 0 0 0 0 0 0 0 0 0 15 0 0 0 0 0
P12220 2052 11 13 24 29 0 0 0 0 0 0 0 22 0 3 0 0 0 0 0 27 12 21 11 36 47 0 0 0 3 9 5 -999
P12220 2052 12 5 0 0 6 3 4 0 0 0 0 0 7 0 10 28 2 0 19 0 0 0 8 1 5 5 6 0 0 7 6 4
P12220 2053 1 4 5 0 0 0 0 0 0 12 31 28 22 27 4 0 3 6 4 0 0 0 0 0 0 0 0 0 8 5 8 18
P12220 2053 2 26 26 30 34 25 21 13 9 27 10 0 0 0 0 0 0 0 0 0 0 0 0 0 6 19 27 40 5 -999 -999 -999
P12220 2053 3 0 0 0 0 0 0 0 0 0 0 0 0 0 0 0 0 0 0 0 0 0 0 0 0 0 0 0 0 0 7 47
P12220 2053 4 58 37 5 5 8 0 0 0 0 0 0 0 6 85 50 8 0 0 0 0 0 0 0 10 94 70 71 15 49 50 -999
P12220 2053 5 166 137 66 0 0 0 0 0 0 0 0 0 0 0 0 0 0 0 0 0 0 0 0 0 0 0 0 0 13 15 13
P12220 2053 6 0 0 0 0 0 75 81 34 33 30 28 0 0 0 0 0 0 22 21 0 0 0 0 0 0 0 0 0 0 0 -999
P12220 2053 7 0 0 0 0 0 0 0 0 0 0 0 0 0 0 0 0 0 0 0 0 0 0 0 0 0 0 1 1 0 0 0
P12220 2053 8 0 0 0 0 0 0 0 0 0 0 0 0 0 0 0 0 0 0 0 0 0 0 0 0 117 69 0 0 0 0 5
P12220 2053 9 1 0 1 0 0 0 0 0 0 0 27 37 52 0 0 0 0 22 32 39 35 0 71 69 3 0 0 0 42 12 -999
P12220 2053 10 8 3 0 0 0 0 0 0 36 104 270 63 0 0 0 0 0 0 0 1 0 0 0 0 0 0 0 0 0 0 0
P12220 2053 11 0 0 11 5 0 0 0 0 0 0 0 0 0 0 26 10 26 7 31 2 20 8 5 13 5 0 0 0 0 0 -999
P12220 2053 12 0 0 0 0 0 0 0 0 0 14 0 18 32 18 6 10 0 0 0 0 0 0 25 21 0 0 0 0 0 0 8
P12220 2054 1 20 21 0 0 17 17 12 0 0 0 7 4 0 0 0 0 6 7 5 5 3 0 0 0 7 3 0 0 0 0 0
P12220 2054 2 0 0 0 0 0 1 5 14 0 0 0 0 0 0 0 0 0 0 0 0 0 0 0 0 0 0 0 0 -999 -999 -999
P12220 2054 3 0 0 0 0 0 0 0 0 8 0 0 0 0 0 11 7 30 5 0 0 0 0 0 6 1 12 7 0 11 12 21
P12220 2054 4 8 12 0 2 5 6 12 11 0 23 10 0 0 0 11 5 23 19 11 21 41 27 8 0 33 38 12 4 0 0 -999
P12220 2054 5 0 0 17 10 7 5 9 19 33 31 23 43 40 10 0 0 0 0 0 0 11 0 0 0 0 0 0 0 0 0 0
P12220 2054 6 0 0 0 0 0 0 0 0 0 20 0 0 0 0 0 0 0 0 0 0 0 0 0 0 0 0 0 0 0 0 -999
P12220 2054 7 0 0 0 0 0 0 0 0 0 0 0 0 0 0 0 36 32 48 2 2 0 0 0 0 0 0 0 0 0 0 0
P12220 2054 8 0 0 0 0 0 0 0 0 0 0 0 0 0 0 0 0 0 0 0 0 0 0 0 0 0 0 0 0 0 0 0
P12220 2054 9 0 0 0 0 0 0 0 0 0 0 0 0 0 0 0 0 64 120 0 0 0 0 0 10 13 38 32 0 0 0 -999
P12220 2054 10 0 0 0 0 0 0 0 0 38 0 0 3 31 10 0 0 0 0 0 0 0 61 12 0 22 7 0 0 15 3 15
P12220 2054 11 14 35 16 13 42 22 5 7 55 105 0 0 0 0 0 0 5 0 0 0 0 0 0 0 0 7 6 11 24 10 -999
P12220 2054 12 21 6 4 0 0 0 0 0 0 0 0 8 12 3 5 4 0 0 0 0 0 0 0 6 0 0 0 0 0 0 0
P12220 2055 1 0 0 0 18 22 19 16 0 0 0 14 38 30 17 45 37 12 23 15 43 11 43 39 27 1 1 0 0 0 0 0
P12220 2055 2 0 0 0 0 0 0 0 0 0 0 0 0 0 0 0 31 12 0 0 0 0 0 0 0 0 0 0 0 -999 -999 -999
P12220 2055 3 0 0 23 47 11 11 16 14 10 30 7 5 0 22 17 0 0 9 11 15 0 0 6 9 6 18 13 15 0 26 6
P12220 2055 4 0 0 0 0 4 0 8 6 4 21 4 3 7 5 4 0 0 0 0 0 55 45 36 129 132 116 147 82 11 15 -999
P12220 2055 5 15 26 38 16 11 0 0 59 16 0 8 17 38 150 175 35 0 0 0 7 6 3 0 2 0 0 0 0 0 0 33
P12220 2055 6 128 79 115 78 49 171 3 0 0 0 0 0 10 7 23 20 17 15 19 9 0 0 0 0 0 0 0 0 0 0 -999
P12220 2055 7 0 0 0 0 0 0 0 0 0 0 0 0 0 0 0 0 0 0 0 0 5 13 39 0 0 0 0 0 0 0 0
P12220 2055 8 0 0 0 0 0 0 0 0 0 0 0 0 0 0 0 0 0 0 1 0 0 0 0 0 0 0 0 0 18 18 13
P12220 2055 9 11 0 0 0 0 0 0 0 0 0 0 0 0 0 0 0 0 0 0 0 0 0 0 0 33 9 0 0 0 0 -999
P12220 2055 10 0 0 0 0 0 0 0 13 13 0 0 0 14 0 8 0 0 0 11 4 0 0 0 25 14 20 0 0 0 0 0
P12220 2055 11 0 0 0 0 0 30 53 152 58 0 0 0 0 0 0 0 9 0 0 0 0 7 12 14 9 0 0 0 0 21 -999
P12220 2055 12 7 12 18 0 0 0 0 0 0 0 0 27 20 13 6 9 0 5 4 29 11 1 0 0 0 0 0 0 0 0 13
P12220 2056 1 21 0 3 0 2 0 18 6 7 1 0 0 0 0 0 0 0 0 0 0 0 8 17 16 19 6 0 4 6 0 8
P12220 2056 2 0 0 0 0 0 0 0 0 0 0 0 0 0 0 0 0 0 0 0 0 0 0 6 9 0 0 0 0 -999 -999 -999
P12220 2056 3 0 0 0 0 0 0 0 0 0 14 8 0 0 0 0 0 32 12 1 12 6 0 0 7 18 0 0 0 33 35 27
P12220 2056 4 0 0 0 0 17 8 7 0 0 9 13 21 0 0 0 106 70 62 0 0 5 19 133 80 33 22 72 41 34 7 -999
P12220 2056 5 12 21 24 47 23 42 53 40 36 0 0 10 10 4 0 0 2 0 0 0 0 14 0 8 16 13 20 0 0 0 0
P12220 2056 6 41 50 81 11 35 17 11 0 0 0 0 0 0 0 0 0 0 0 0 0 0 0 0 0 0 0 0 0 0 0 -999
P12220 2056 7 0 0 2 0 0 0 0 0 0 0 0 0 0 0 0 0 0 0 0 0 0 0 0 0 0 0 0 0 0 0 0
P12220 2056 8 0 0 0 0 0 0 0 0 0 0 0 0 0 0 0 0 0 0 0 0 0 0 0 0 0 0 0 0 0 0 0
P12220 2056 9 0 0 0 0 0 0 0 0 0 0 0 0 0 0 0 0 0 0 0 0 0 0 0 0 0 0 0 0 0 0 -999
P12220 2056 10 20 14 88 43 0 0 0 0 0 0 0 0 0 0 0 0 0 0 0 0 0 0 0 0 37 0 0 0 0 0 0
P12220 2056 11 0 0 0 15 31 0 11 12 0 0 0 0 0 0 0 0 0 0 0 13 0 0 0 0 5 38 33 0 18 29 -999
P12220 2056 12 11 18 46 33 47 38 23 10 3 2 39 15 8 5 4 9 7 1 2 15 29 6 1 0 0 0 0 0 0 0 0
P12220 2057 1 0 0 0 0 0 9 0 21 0 0 0 0 0 0 0 0 0 0 0 0 0 0 0 0 0 3 14 18 32 4 13
P12220 2057 2 7 8 0 6 13 30 28 18 36 10 14 0 0 0 0 0 0 4 17 33 6 9 12 3 1 0 0 0 -999 -999 -999
P12220 2057 3 0 0 0 0 0 0 0 0 0 0 0 0 0 0 0 0 0 0 0 0 0 0 0 0 0 7 9 0 0 0 10
P12220 2057 4 10 7 14 0 0 0 0 0 0 0 4 25 59 39 19 25 25 9 18 10 13 6 0 0 0 0 0 0 22 0 -999
P12220 2057 5 0 0 0 0 0 0 0 11 0 0 12 8 8 10 23 28 34 63 44 18 0 0 1 2 15 38 12 39 50 9 17
P12220 2057 6 23 10 1 6 0 0 0 0 0 20 29 214 0 0 0 0 0 0 0 0 0 0 0 0 0 0 0 0 0 0 -999
P12220 2057 7 0 0 0 0 0 0 0 0 0 0 0 0 0 0 0 0 0 0 0 0 0 0 0 0 0 0 0 0 0 0 0
P12220 2057 8 0 0 0 0 0 0 0 0 0 0 0 0 0 0 0 0 3 6 0 0 0 0 3 5 0 0 0 0 0 0 0
P12220 2057 9 0 0 0 0 0 0 0 33 0 0 0 0 0 0 0 4 2 0 0 0 0 0 0 0 0 0 109 0 0 0 -999
P12220 2057 10 0 0 9 0 0 0 0 0 0 0 0 0 0 0 0 0 0 2 0 0 0 0 0 0 0 0 0 0 0 0 10
P12220 2057 11 8 4 14 32 32 32 23 16 21 27 32 53 19 13 0 8 6 0 0 7 5 2 0 0 0 0 0 0 0 0 -999
P12220 2057 12 0 0 0 0 0 0 0 0 0 0 0 15 35 14 10 14 0 0 0 0 0 0 0 0 0 0 0 0 0 0 0
P12220 2058 1 0 0 0 0 0 0 0 0 0 0 0 0 0 0 10 0 0 0 0 0 0 0 0 0 0 0 6 4 8 10 0
P12220 2058 2 0 8 0 0 0 0 0 0 0 0 0 0 4 0 0 0 0 0 0 0 0 0 0 0 0 0 0 0 -999 -999 -999
P12220 2058 3 0 0 0 7 0 0 0 0 0 0 0 0 0 0 0 0 0 0 0 0 22 9 5 16 27 21 30 0 8 3 2
P12220 2058 4 0 0 0 0 14 3 0 0 0 27 10 5 4 0 0 0 0 0 7 6 3 0 0 0 0 0 0 0 0 0 -999
P12220 2058 5 0 0 0 0 0 51 0 0 0 0 0 0 54 62 0 0 0 0 0 19 0 17 6 8 8 9 32 34 28 33 0
P12220 2058 6 0 27 0 0 0 0 0 0 0 0 0 0 0 0 0 0 0 0 0 16 8 0 0 0 0 0 0 0 0 0 -999
P12220 2058 7 0 0 0 0 0 0 0 0 0 0 0 0 0 1 0 1 1 12 0 0 0 0 0 0 0 0 0 0 0 0 0
P12220 2058 8 0 0 0 0 0 0 0 0 0 0 0 0 0 0 0 0 0 0 0 0 0 0 0 0 0 0 0 0 0 0 0
P12220 2058 9 0 0 0 0 0 0 0 0 0 0 0 0 0 1 0 0 0 0 0 0 0 0 1 11 0 0 0 0 0 0 -999
P12220 2058 10 0 0 0 5 14 0 0 0 0 0 0 0 0 0 0 0 0 0 0 0 0 0 7 0 0 0 0 0 0 0 0
P12220 2058 11 0 0 0 0 0 0 0 0 21 0 2 6 4 5 1 25 6 27 21 42 35 11 1 0 0 0 28 24 37 20 -999
P12220 2058 12 14 0 13 0 0 0 10 4 7 0 0 0 0 0 0 0 0 14 15 14 0 13 0 0 0 0 11 25 10 4 6
P12220 2059 1 8 27 7 4 4 2 1 0 0 0 0 0 0 0 0 0 0 0 0 28 7 5 0 0 0 0 0 0 0 0 0
P12220 2059 2 0 0 0 0 0 0 0 0 0 0 0 0 0 0 0 0 0 0 0 0 0 0 0 0 0 0 0 0 -999 -999 -999
P12220 2059 3 0 0 0 0 0 0 0 0 0 0 0 0 26 23 3 0 0 0 0 0 19 6 10 11 7 16 5 6 24 33 3
P12220 2059 4 0 1 0 0 0 0 0 0 0 0 0 16 21 1 0 0 0 0 0 0 0 0 7 13 11 28 122 290 56 12 -999
P12220 2059 5 0 0 0 0 128 135 12 43 38 61 62 54 26 0 0 0 17 45 126 61 13 0 0 0 0 0 0 0 0 0 0
P12220 2059 6 0 0 0 77 7 0 34 145 321 26 6 3 3 6 117 95 0 0 0 0 0 0 0 25 4 7 0 0 3 5 -999
P12220 2059 7 0 0 0 0 0 0 0 0 0 0 0 0 0 0 10 27 31 0 0 0 0 0 0 0 0 0 0 0 0 0 0
P12220 2059 8 0 0 0 0 0 0 0 0 0 0 0 0 0 0 0 0 0 0 0 0 0 0 0 0 0 0 0 0 0 0 0
P12220 2059 9 0 64 47 32 0 0 0 0 0 0 0 0 0 0 0 0 0 0 0 0 0 0 0 2 49 38 0 0 0 0 -999
P12220 2059 10 0 0 0 0 0 0 0 0 0 0 0 0 0 0 24 0 0 10 0 0 6 1 37 14 5 5 5 0 0 0 10
P12220 2059 11 15 14 44 16 0 0 0 0 7 4 1 3 0 0 30 43 42 4 1 0 0 0 2 35 8 0 0 10 10 0 -999
P12220 2059 12 0 0 0 0 0 0 0 0 1 5 9 0 4 3 21 7 0 0 0 0 0 0 0 0 0 0 0 0 2 0 0
P12220 2060 1 0 0 0 22 0 25 4 0 0 0 0 0 0 0 0 0 0 0 0 0 0 0 0 0 0 0 14 0 0 1 4
P12220 2060 2 0 0 0 5 5 26 0 7 22 30 17 27 7 0 35 45 19 9 11 3 11 5 7 35 15 14 25 5 -999 -999 -999
P12220 2060 3 15 12 7 10 8 16 5 66 10 4 0 0 0 0 0 0 34 42 40 30 38 73 11 2 1 0 0 19 21 0 5
P12220 2060 4 3 0 0 0 0 0 0 0 0 0 0 0 0 0 0 0 0 12 0 0 0 0 0 0 0 0 0 0 0 0 -999
P12220 2060 5 0 0 12 0 0 0 0 0 0 0 0 0 0 0 0 0 0 15 14 0 0 0 0 26 71 62 0 0 0 0 12
P12220 2060 6 23 45 85 80 59 97 97 63 10 2 3 20 21 0 0 0 0 0 24 0 14 24 0 0 0 0 0 0 0 0 -999
P12220 2060 7 0 0 0 0 0 0 0 0 0 0 0 0 0 0 0 0 0 0 0 0 0 0 0 0 0 24 15 0 0 0 0
P12220 2060 8 0 0 0 0 0 20 5 0 0 0 0 0 0 0 0 20 12 9 4 4 0 0 0 0 0 0 0 0 0 0 0
P12220 2060 9 0 0 0 0 0 0 0 0 0 0 0 0 0 0 1 40 32 4 1 0 0 0 0 0 0 0 5 0 0 0 -999
P12220 2060 10 0 0 0 0 0 0 0 0 0 0 0 13 12 26 9 0 0 0 0 0 0 6 0 2 21 0 0 0 21 5 36
P12220 2060 11 47 27 6 6 2 0 0 0 0 0 0 6 4 4 2 1 0 2 5 3 0 0 0 0 0 0 10 7 0 0 -999
P12220 2060 12 0 0 13 8 0 0 8 0 0 13 0 0 0 0 0 1 7 19 4 1 29 2 0 0 0 0 1 0 5 0 0
P12220 2061 1 0 0 0 0 0 0 0 0 0 0 0 0 0 0 0 0 0 7 34 17 28 1 24 10 38 20 33 22 7 6 6
P12220 2061 2 0 0 0 0 0 0 0 0 0 0 0 0 15 10 15 6 4 14 5 21 6 7 15 15 20 5 17 12 -999 -999 -999
P12220 2061 3 21 39 18 17 7 4 23 7 11 8 16 5 16 9 27 15 5 20 28 26 8 4 1 0 0 0 0 0 0 0 0
P12220 2061 4 0 0 0 0 14 0 0 9 60 72 212 135 95 147 114 0 292 159 208 32 4 0 0 0 0 8 26 114 163 210 -999
P12220 2061 5 0 58 21 105 60 43 0 0 0 0 0 0 0 0 0 0 0 0 0 0 0 0 0 0 0 0 0 0 0 0 0
P12220 2061 6 240 88 46 0 0 0 0 0 0 2 54 30 19 15 23 35 0 0 0 0 0 0 0 0 0 0 0 0 0 0 -999
P12220 2061 7 0 0 0 0 0 0 0 0 0 0 0 0 0 0 0 0 0 0 0 0 0 0 0 0 0 3 19 2 0 0 0
P12220 2061 8 0 0 0 0 0 0 0 0 0 0 0 0 0 0 0 0 0 0 0 0 0 0 0 0 0 0 0 0 0 0 0
P12220 2061 9 0 0 0 0 0 0 0 0 0 0 0 0 0 0 3 40 5 11 37 4 0 14 0 0 0 0 0 0 0 0 -999
P12220 2061 10 0 0 0 5 8 30 23 2 42 62 129 0 0 0 0 0 0 0 0 0 0 0 0 0 0 19 31 5 0 0 9
P12220 2061 11 0 0 0 0 0 0 0 0 29 4 11 0 0 0 0 0 0 0 0 0 0 0 0 0 0 0 0 0 0 0 -999
P12220 2061 12 0 10 18 0 0 0 0 0 0 0 0 0 0 0 0 0 0 0 0 5 0 0 0 0 0 0 0 0 0 5 0
P12220 2062 1 0 0 0 0 0 0 0 0 0 0 0 0 8 13 14 17 14 23 5 0 0 0 0 0 0 0 0 0 4 9 26
P12220 2062 2 17 41 14 22 3 3 13 22 13 6 4 0 0 0 0 0 18 0 16 36 1 0 12 8 21 38 17 0 -999 -999 -999
P12220 2062 3 0 0 0 0 0 0 8 0 0 0 0 0 0 0 0 0 0 0 0 0 0 0 0 0 8 36 6 0 0 0 0
P12220 2062 4 0 5 4 4 0 0 0 0 0 18 27 5 2 3 0 0 0 2 0 0 7 19 24 36 28 7 0 0 0 27 -999
P12220 2062 5 0 0 0 40 0 0 0 0 17 0 0 5 0 0 0 0 0 16 18 21 0 0 0 0 0 0 1 29 29 20 17
P12220 2062 6 14 11 11 27 0 0 0 0 0 0 31 0 23 0 0 0 0 0 0 0 0 0 0 0 0 0 0 0 0 0 -999
P12220 2062 7 0 0 0 0 0 0 0 0 0 0 0 0 0 0 0 0 0 0 0 0 0 48 0 0 0 0 0 0 0 0 0
P12220 2062 8 0 3 9 0 0 0 0 0 0 0 21 38 30 0 0 0 0 0 0 0 0 0 0 0 0 0 0 0 0 0 0
P12220 2062 9 0 3 0 0 0 0 0 0 0 0 0 0 0 0 0 0 0 0 0 0 0 0 0 0 0 0 0 0 0 50 -999
P12220 2062 10 19 0 0 0 0 0 0 13 21 0 0 0 0 0 0 0 0 0 0 0 34 5 1 0 0 0 45 186 32 9 0
P12220 2062 11 0 0 0 0 13 4 9 10 0 0 0 24 12 0 0 0 0 0 0 2 18 24 13 16 22 19 0 0 0 0 -999
P12220 2062 12 14 0 0 0 0 0 10 0 0 0 23 2 0 0 0 0 0 0 0 6 11 8 0 0 0 0 0 0 0 0 0
P12220 2063 1 0 0 0 0 0 0 0 0 0 0 0 0 0 0 0 0 0 0 0 0 0 0 0 5 0 0 7 5 0 0 0
P12220 2063 2 0 0 0 0 0 0 0 1 0 11 0 0 0 0 0 0 0 0 0 0 12 5 1 0 0 0 0 0 -999 -999 -999
P12220 2063 3 5 9 0 0 0 0 8 5 6 16 12 8 16 16 38 42 6 0 0 0 18 21 0 53 0 0 21 50 44 32 0
P12220 2063 4 0 13 12 0 0 0 0 0 0 10 39 27 9 1 0 2 17 23 0 1 0 6 8 6 25 3 9 27 21 4 -999
P12220 2063 5 0 0 0 0 0 0 0 0 0 17 12 22 32 42 19 17 10 15 11 9 5 17 6 0 0 0 0 0 0 0 0
P12220 2063 6 0 0 0 0 0 0 0 0 0 0 0 0 0 0 0 0 0 0 15 0 0 0 0 0 0 0 0 0 0 0 -999
P12220 2063 7 0 0 0 0 0 0 0 0 0 0 0 0 0 0 0 0 0 0 0 0 0 0 0 0 0 0 0 0 0 0 0
P12220 2063 8 0 0 0 0 0 0 0 0 0 0 0 0 0 0 0 0 0 0 0 0 0 0 0 0 0 0 48 6 0 0 0
P12220 2063 9 0 0 0 30 14 0 0 0 0 5 0 0 0 0 0 0 0 0 0 0 0 0 0 0 0 0 84 0 0 0 -999
P12220 2063 10 0 0 0 0 54 134 10 0 0 9 19 7 9 0 2 12 0 0 0 26 38 10 14 0 0 0 0 24 34 6 0
P12220 2063 11 0 0 25 0 0 0 0 0 0 0 13 0 0 0 0 0 0 0 0 0 6 0 0 5 28 29 0 12 22 3 -999
P12220 2063 12 6 10 13 0 0 0 0 0 0 0 11 20 0 1 4 0 0 0 0 0 0 0 0 0 0 0 0 0 0 18 0
P12220 2064 1 0 0 0 0 10 3 0 0 0 0 14 9 0 14 10 4 4 0 0 0 0 49 68 0 0 0 0 0 0 0 0
P12220 2064 2 0 0 0 0 0 0 0 0 0 0 0 0 0 19 13 15 16 16 0 0 0 0 0 0 0 0 0 16 -999 -999 -999
P12220 2064 3 17 0 6 32 22 7 0 5 0 8 27 9 0 0 0 0 0 0 11 0 0 0 19 8 7 0 4 0 0 0 0
P12220 2064 4 0 0 0 35 292 19 0 26 10 4 0 0 0 0 0 0 30 8 5 9 7 0 0 37 35 0 0 41 0 0 -999
P12220 2064 5 0 31 12 0 0 0 0 0 0 0 20 12 8 5 5 0 0 0 0 0 0 0 0 17 126 0 0 0 56 0 0
P12220 2064 6 0 0 0 0 0 0 0 0 0 0 31 0 0 0 0 0 0 0 0 0 0 0 0 0 0 0 0 0 0 0 -999
P12220 2064 7 0 0 0 0 0 0 0 1 3 21 0 0 0 0 0 0 0 0 0 0 0 0 0 0 0 0 0 0 0 0 0
P12220 2064 8 0 0 0 0 0 0 0 0 0 0 0 0 0 0 0 0 0 0 0 0 0 0 0 0 0 0 0 0 0 0 0
P12220 2064 9 0 0 0 0 0 0 0 0 0 0 0 0 0 0 0 0 0 0 0 0 0 121 104 0 0 0 0 25 11 0 -999
P12220 2064 10 0 0 0 1 0 0 0 0 0 0 122 0 0 0 0 0 0 0 0 0 0 9 0 9 10 25 0 0 0 0 0
P12220 2064 11 0 0 0 0 5 5 6 10 5 1 0 0 0 0 8 2 0 0 0 0 0 0 0 0 39 0 0 0 25 36 -999
P12220 2064 12 0 0 0 0 0 0 0 0 0 21 17 0 0 0 0 0 0 0 0 0 18 23 0 1 4 0 0 0 9 29 3
P12220 2065 1 35 42 34 20 5 28 40 57 55 50 45 5 4 1 0 0 0 0 0 0 0 0 0 7 0 0 0 0 0 0 0
P12220 2065 2 6 15 42 20 0 0 0 0 0 0 0 0 0 0 0 0 0 0 0 0 0 0 0 0 6 3 0 0 -999 -999 -999
P12220 2065 3 4 0 0 0 0 0 6 4 0 18 0 0 0 0 0 8 0 0 0 0 0 0 5 7 9 37 34 15 14 21 36
P12220 2065 4 23 6 17 32 10 0 0 0 0 6 25 42 324 80 13 0 0 0 0 0 0 0 0 0 10 14 13 0 26 16 -999
P12220 2065 5 5 4 19 7 0 0 22 38 17 16 19 11 5 0 0 20 12 5 0 0 7 0 0 0 0 0 0 0 0 5 12
P12220 2065 6 15 22 13 20 23 8 9 5 0 14 23 22 16 0 0 0 0 0 0 0 29 29 0 0 0 0 0 0 0 0 -999
P12220 2065 7 0 0 0 0 0 0 0 0 0 0 0 0 0 0 0 0 0 0 0 0 0 0 0 0 0 0 0 0 0 0 0
P12220 2065 8 0 0 0 0 0 0 0 0 0 0 0 0 0 0 0 0 0 0 0 0 0 0 0 0 0 0 0 0 0 0 0
P12220 2065 9 0 0 0 0 0 0 0 0 0 0 0 0 0 0 0 0 0 0 0 10 73 112 71 42 0 0 3 51 5 0 -999
P12220 2065 10 0 0 0 0 0 0 0 0 0 0 0 0 0 0 0 0 0 11 31 8 0 0 0 6 0 0 0 0 0 0 0
P12220 2065 11 0 0 0 0 19 10 0 0 8 3 0 0 0 0 0 0 0 0 0 0 0 0 0 0 0 8 9 0 0 0 -999
P12220 2065 12 0 0 0 0 0 0 0 0 0 0 18 1 2 0 0 0 0 0 0 0 16 0 27 26 15 7 0 0 25 0 0
P12220 2066 1 0 0 0 0 0 0 0 0 0 0 0 0 0 0 0 0 0 0 0 0 0 0 0 0 0 0 0 0 0 0 0
P12220 2066 2 0 0 0 0 0 0 0 0 0 0 0 0 0 0 0 0 0 0 0 0 0 0 0 14 7 32 5 0 -999 -999 -999
P12220 2066 3 37 86 126 85 27 13 12 30 55 98 16 10 0 20 9 12 28 2 0 0 11 19 26 5 5 0 0 12 24 8 19
P12220 2066 4 0 0 0 0 0 0 0 18 38 0 0 0 0 0 0 9 5 5 9 0 0 5 0 0 0 0 0 0 0 0 -999
P12220 2066 5 0 0 0 0 0 0 0 0 0 0 63 0 0 0 0 9 66 26 0 0 14 0 0 0 0 0 0 0 0 0 3
P12220 2066 6 21 5 0 0 0 0 0 11 25 0 0 0 0 0 0 0 0 0 0 0 0 0 0 0 0 0 0 0 0 0 -999
P12220 2066 7 0 0 0 45 0 0 0 0 0 0 0 0 0 0 0 0 0 0 0 0 0 0 0 0 0 0 0 0 2 0 0
P12220 2066 8 0 0 0 0 0 0 0 0 0 0 0 0 0 0 0 0 0 0 0 0 0 0 0 0 0 0 0 0 0 0 0
P12220 2066 9 0 0 0 0 0 0 0 11 0 1 0 0 0 0 0 0 0 0 0 0 0 0 0 0 0 0 0 0 0 1 -999
P12220 2066 10 0 0 0 0 0 0 0 0 0 0 0 0 22 41 15 16 1 16 13 0 0 0 25 46 66 0 0 19 18 19 29
P12220 2066 11 26 17 10 0 0 0 0 0 0 0 0 0 0 0 0 0 9 9 23 33 29 33 0 0 0 0 37 36 33 33 -999
P12220 2066 12 40 46 19 0 0 0 0 0 0 0 9 33 16 18 7 5 9 21 10 0 0 6 18 6 5 11 3 5 0 0 0
P12220 2067 1 0 0 0 0 19 20 21 74 299 79 10 11 34 64 44 19 12 25 27 8 0 28 42 43 39 18 13 27 35 38 46
P12220 2067 2 16 10 4 0 1 2 0 0 19 5 0 14 25 0 0 0 0 10 10 9 12 2 1 2 0 0 0 0 -999 -999 -999
P12220 2067 3 0 0 0 6 0 0 0 0 0 7 0 0 5 0 0 0 0 0 0 0 0 0 0 10 8 17 17 41 8 2 0
P12220 2067 4 0 0 0 0 0 0 12 46 27 6 5 0 0 9 18 42 39 11 22 18 5 0 0 0 15 17 9 6 7 0 -999
P12220 2067 5 0 0 0 0 0 0 16 43 49 237 13 5 77 4 4 2 12 10 24 32 25 15 7 0 0 0 0 0 0 0 0
P12220 2067 6 0 0 0 0 0 0 0 17 0 0 0 0 0 0 2 3 0 0 0 0 0 0 0 0 0 0 0 0 0 0 -999
P12220 2067 7 0 0 0 0 0 0 0 0 0 0 0 0 0 0 0 0 0 0 0 0 0 0 0 0 0 0 0 0 0 6 0
P12220 2067 8 0 0 0 0 0 0 0 0 0 0 0 0 0 0 0 0 0 0 0 0 0 0 0 0 0 0 0 0 0 0 0
P12220 2067 9 0 0 0 0 0 0 0 0 0 0 0 0 0 0 0 0 0 0 0 0 0 0 0 0 0 0 0 0 0 0 -999
P12220 2067 10 0 0 0 0 0 20 22 52 136 52 19 0 0 0 0 0 0 0 0 0 0 0 0 0 0 0 0 0 0 0 0
P12220 2067 11 8 0 22 25 6 5 32 35 25 7 0 2 2 0 0 13 0 0 29 0 0 0 0 0 16 5 12 5 9 4 -999
P12220 2067 12 0 0 0 0 25 32 5 0 0 12 17 29 6 0 0 0 0 0 0 0 0 0 0 0 0 0 0 0 0 0 0
P12220 2068 1 0 0 0 0 0 0 0 0 0 7 5 4 0 0 0 0 9 10 0 0 0 0 0 0 0 0 13 0 8 27 15
P12220 2068 2 6 0 0 5 0 10 14 11 21 33 3 0 26 15 25 62 51 0 0 0 0 0 0 12 19 0 0 0 -999 -999 -999
P12220 2068 3 0 0 0 21 18 22 0 0 0 0 16 7 0 0 0 0 0 0 56 151 7 4 0 0 0 0 0 0 0 0 0
P12220 2068 4 10 0 0 3 7 8 2 0 0 0 0 0 0 0 0 0 0 0 0 0 5 8 8 11 11 5 6 8 3 4 -999
P12220 2068 5 0 0 0 0 67 212 137 2 15 5 11 30 67 33 18 9 7 12 15 30 15 16 0 0 19 0 0 0 0 0 0
P12220 2068 6 120 0 0 18 0 0 0 0 0 0 0 0 0 0 0 0 0 0 0 0 0 0 0 0 0 0 0 0 0 0 -999
P12220 2068 7 0 0 0 0 0 0 0 0 0 0 0 0 0 0 0 0 0 0 0 0 0 0 0 0 0 0 0 0 0 0 0
P12220 2068 8 0 0 0 0 0 0 0 0 0 0 0 0 0 0 0 0 0 0 0 0 0 0 0 0 38 25 7 0 0 0 0
P12220 2068 9 0 0 0 0 0 0 0 0 0 0 0 0 0 0 0 0 0 0 0 32 146 62 33 16 0 23 4 44 0 71 -999
P12220 2068 10 2 6 0 0 0 0 0 18 1 0 0 0 0 28 0 0 0 0 13 1 0 0 28 21 3 5 0 0 0 1 0
P12220 2068 11 0 0 0 0 0 0 0 0 0 0 0 0 0 0 0 28 4 4 10 0 0 38 22 0 0 0 0 0 0 0 -999
P12220 2068 12 0 0 15 0 36 40 26 0 0 0 13 3 0 0 0 0 40 44 0 0 0 0 0 0 0 1 4 4 0 0 0
P12220 2069 1 0 0 0 0 0 0 6 4 3 14 26 7 8 0 0 0 0 0 0 0 0 0 0 0 0 0 13 21 23 42 32
P12220 2069 2 6 9 10 6 21 19 5 7 13 18 4 4 7 13 9 6 0 0 0 0 0 0 0 4 0 0 0 7 -999 -999 -999
P12220 2069 3 11 32 9 5 0 0 0 0 6 16 16 32 15 0 0 0 0 0 0 0 0 0 0 0 6 0 8 12 23 19 0
P12220 2069 4 0 5 0 0 0 0 23 50 32 9 42 29 28 17 37 27 1 0 17 16 4 0 0 0 0 0 0 0 12 44 -999
P12220 2069 5 35 10 7 0 8 18 27 21 10 7 6 4 0 0 0 11 11 7 0 19 27 11 0 0 10 26 10 20 24 10 0
P12220 2069 6 0 6 0 0 0 0 0 0 0 0 0 0 0 0 0 0 0 0 0 0 0 0 0 0 0 0 0 0 0 0 -999
P12220 2069 7 0 2 8 0 0 0 0 0 0 0 0 0 0 0 0 0 0 0 0 0 0 0 0 0 0 0 0 0 0 0 0
P12220 2069 8 0 0 0 0 0 0 0 0 0 0 0 0 0 0 0 0 0 0 0 0 0 0 0 0 0 0 0 0 0 0 0
P12220 2069 9 0 0 0 0 3 0 0 0 0 0 0 0 0 0 0 0 0 0 10 2 0 0 5 2 2 3 4 4 1 1 -999
P12220 2069 10 0 1 9 0 0 0 0 0 0 0 0 0 0 0 0 6 8 3 2 5 9 36 30 33 23 16 18 0 0 0 0
P12220 2069 11 25 30 0 0 0 0 0 0 0 42 61 141 155 66 18 0 0 0 0 0 0 0 0 22 20 8 0 4 40 4 -999
P12220 2069 12 4 0 17 32 139 255 19 2 0 0 0 0 0 0 0 0 0 0 0 0 0 0 11 7 0 0 5 0 0 0 0
P12220 2070 1 0 6 17 1 17 5 4 0 20 5 0 0 0 0 0 0 0 6 28 17 18 10 28 30 9 5 19 4 0 33 34
P12220 2070 2 44 36 20 12 0 0 0 10 7 26 23 37 29 0 0 0 15 12 0 0 0 0 22 20 11 16 28 9 -999 -999 -999
P12220 2070 3 9 0 0 0 0 0 0 0 0 32 67 87 27 13 0 0 0 1 15 11 24 10 24 1 25 27 0 0 0 0 0
P12220 2070 4 0 53 15 6 16 20 9 6 6 5 9 15 8 20 0 3 21 19 13 0 9 17 22 9 15 15 5 13 37 8 -999
P12220 2070 5 0 0 0 0 8 18 8 8 0 0 4 4 20 56 33 22 0 0 0 0 0 0 0 0 63 0 0 0 0 0 0
P12220 2070 6 0 101 60 21 0 0 0 0 0 0 0 0 0 53 74 25 0 0 0 0 0 0 0 0 0 0 0 0 0 0 -999
P12220 2070 7 0 0 0 0 0 0 0 0 0 0 0 0 0 0 0 0 0 0 0 0 0 0 0 0 0 0 0 0 0 0 0
P12220 2070 8 0 0 0 0 0 0 0 0 0 0 0 0 0 0 0 0 0 0 0 0 0 0 0 0 0 0 0 0 0 0 0
P12220 2070 9 0 0 0 0 0 23 31 0 0 0 0 0 0 0 0 0 0 0 0 0 0 0 0 0 0 0 0 57 13 50 -999
P12220 2070 10 105 130 286 119 0 0 45 130 236 100 0 58 122 0 0 62 103 44 0 48 31 23 8 4 0 0 0 0 0 5 12
P12220 2070 11 0 0 37 13 8 0 0 0 18 20 18 27 10 5 6 0 1 33 0 0 11 29 28 0 0 0 0 0 0 8 -999
P12220 2070 12 4 0 2 0 0 0 0 0 0 0 0 0 0 0 0 0 0 0 5 2 0 21 9 0 8 0 3 10 9 5 3
P12220 2071 1 0 7 6 11 9 9 1 1 29 28 15 10 5 4 12 43 50 55 45 16 6 10 21 11 25 4 3 4 2 1 15
P12220 2071 2 5 0 0 0 14 20 4 0 6 0 0 0 0 0 0 0 0 0 6 1 5 5 2 0 18 19 28 13 -999 -999 -999
P12220 2071 3 0 0 0 0 0 6 0 0 2 8 16 0 0 0 0 10 9 0 17 0 0 0 0 0 0 0 0 0 0 12 0
P12220 2071 4 0 0 0 0 0 0 0 0 0 0 0 0 0 0 0 0 0 0 0 0 0 14 0 0 0 0 0 0 0 0 -999
P12220 2071 5 0 0 0 0 0 20 11 0 0 0 0 0 0 0 16 14 0 0 8 43 97 189 80 0 0 0 0 0 0 0 0
P12220 2071 6 0 92 78 74 68 124 85 49 2 1 6 45 0 0 0 0 0 0 0 0 0 0 0 0 0 0 0 0 0 0 -999
P12220 2071 7 0 0 0 0 0 0 0 0 0 0 0 0 0 0 0 0 0 0 0 0 0 0 0 0 0 0 0 0 0 0 0
P12220 2071 8 0 0 0 0 0 0 0 0 0 0 1 0 4 0 0 0 0 0 0 0 0 0 0 0 0 0 0 0 0 0 0
P12220 2071 9 0 0 0 0 0 0 0 0 0 0 0 0 0 0 0 0 0 0 0 0 0 0 0 0 0 0 0 0 0 0 -999
P12220 2071 10 0 0 0 0 0 0 0 4 13 8 8 2 0 0 0 0 0 0 0 0 0 0 0 0 0 0 0 0 0 0 0
P12220 2071 11 1 6 4 0 0 0 0 22 40 33 14 9 0 0 0 0 11 0 0 0 0 0 0 0 0 0 8 6 10 0 -999
P12220 2071 12 0 0 5 1 1 2 7 23 0 0 0 0 3 0 0 0 0 3 7 0 0 0 0 0 0 0 0 0 0 0 0
P12220 2072 1 0 0 0 0 0 7 10 0 5 4 6 9 0 0 0 7 0 0 0 0 0 0 37 22 0 0 0 8 12 4 8
P12220 2072 2 6 0 0 5 9 8 5 17 0 16 10 31 26 40 23 32 46 34 19 42 28 30 15 12 6 0 0 12 -999 -999 -999
P12220 2072 3 0 0 0 0 14 18 28 16 5 0 0 0 0 0 0 0 0 0 11 57 34 0 101 178 1 0 0 0 163 36 0
P12220 2072 4 0 0 0 0 0 46 90 147 87 19 20 11 0 0 47 72 89 39 49 0 0 0 0 27 37 0 0 0 0 0 -999
P12220 2072 5 0 31 31 50 201 11 71 79 60 116 99 17 7 7 0 0 0 0 14 0 0 0 0 0 0 0 0 43 21 24 26
P12220 2072 6 30 24 51 59 9 0 0 45 34 65 23 0 0 0 0 0 0 30 46 15 0 0 30 37 19 79 0 0 0 0 -999
P12220 2072 7 0 0 0 0 0 0 0 0 0 0 0 0 0 0 0 0 0 0 0 0 0 0 0 0 0 0 0 0 0 0 0
P12220 2072 8 0 0 0 0 0 0 0 0 0 0 0 0 0 0 0 0 5 0 0 0 0 0 0 0 0 0 0 0 0 0 0
P12220 2072 9 0 0 0 0 0 0 0 0 0 0 0 0 0 0 0 0 0 37 0 0 0 0 0 0 0 0 90 18 0 0 -999
P12220 2072 10 0 7 0 0 0 0 4 0 0 0 0 0 0 0 0 0 31 21 10 11 14 0 0 0 0 19 2 0 0 0 2
P12220 2072 11 0 0 0 0 0 22 25 41 31 46 24 24 6 0 0 0 0 0 0 0 0 0 0 0 28 13 37 20 16 3 -999
P12220 2072 12 35 1 0 0 0 0 15 7 0 0 0 2 7 0 0 0 0 0 0 0 0 0 0 0 0 0 0 0 0 0 0
P12220 2073 1 0 0 0 0 0 0 0 0 0 0 0 0 0 0 0 0 0 0 0 0 0 0 0 0 0 0 0 0 0 0 0
P12220 2073 2 0 0 0 17 7 0 4 0 24 26 37 30 21 41 5 4 7 29 15 0 0 0 0 0 0 0 0 0 -999 -999 -999
P12220 2073 3 0 0 0 0 0 0 0 9 7 9 13 0 0 0 0 0 11 0 29 25 11 16 5 0 0 0 0 0 6 0 0
P12220 2073 4 0 0 0 0 0 0 0 0 0 0 0 0 0 0 0 0 0 0 10 7 0 8 0 0 24 38 14 0 0 0 -999
P12220 2073 5 0 17 0 0 0 0 0 0 0 0 0 0 0 0 1 25 12 10 8 55 7 2 20 22 15 0 12 9 1 0 0
P12220 2073 6 0 0 0 0 0 0 0 0 0 0 0 0 14 13 6 0 0 0 0 0 0 0 0 0 0 0 0 0 0 0 -999
P12220 2073 7 0 0 0 0 0 0 0 0 0 0 0 0 0 0 0 0 0 0 0 0 0 0 0 0 0 0 0 0 0 0 0
P12220 2073 8 0 0 0 0 0 0 0 0 0 0 0 0 0 0 0 0 0 0 0 0 0 0 0 0 0 0 0 0 0 0 0
P12220 2073 9 0 0 0 0 3 18 8 0 0 0 0 2 4 0 0 0 0 0 0 0 0 2 0 0 0 0 0 36 0 0 -999
P12220 2073 10 0 0 0 0 0 0 0 80 21 0 0 0 0 0 0 0 0 0 1 15 0 0 0 0 0 0 0 31 30 21 0
P12220 2073 11 0 28 18 0 0 0 28 62 33 21 14 5 2 1 0 0 0 0 0 10 0 0 0 0 0 0 5 7 2 0 -999
P12220 2073 12 0 18 20 30 5 11 7 2 0 0 0 0 0 0 0 0 10 7 1 12 1 1 0 0 10 16 0 0 0 0 0
P12220 2074 1 0 0 0 0 0 0 0 0 0 7 14 0 0 0 0 0 0 0 20 15 0 0 0 0 0 0 0 0 0 0 0
P12220 2074 2 0 0 0 0 0 0 0 6 17 8 0 0 0 0 0 0 0 0 0 0 0 0 0 0 0 0 24 0 -999 -999 -999
P12220 2074 3 0 0 0 0 0 0 0 0 0 0 0 0 0 0 0 0 0 0 0 0 6 6 0 0 0 0 0 0 0 0 10
P12220 2074 4 14 0 0 0 0 0 0 0 0 0 0 0 0 0 0 0 0 0 0 0 0 0 0 0 21 30 27 5 0 0 -999
P12220 2074 5 0 0 30 25 99 162 208 78 34 54 157 160 152 23 0 0 4 5 12 19 26 9 13 0 0 0 0 0 39 10 0
P12220 2074 6 0 0 0 0 0 0 0 0 0 0 0 0 0 0 0 0 0 0 25 0 0 0 0 0 0 0 0 0 0 0 -999
P12220 2074 7 0 0 42 50 5 0 0 0 0 0 0 0 0 0 0 0 0 0 0 0 0 0 0 0 0 0 0 0 0 0 0
P12220 2074 8 0 0 0 0 0 0 0 0 0 0 0 0 0 0 0 0 0 0 0 0 0 0 0 0 0 0 0 0 0 0 0
P12220 2074 9 0 0 0 0 0 0 0 0 0 0 0 0 0 0 0 0 0 0 0 0 0 0 4 21 9 9 11 0 0 0 -999
P12220 2074 10 0 0 14 0 0 0 0 1 30 9 4 0 0 0 0 0 0 0 28 12 0 0 0 0 0 0 0 0 12 7 0
P12220 2074 11 0 0 0 0 0 0 0 0 0 19 23 0 0 0 0 0 26 39 33 0 0 106 25 18 31 38 0 18 14 19 -999
P12220 2074 12 0 0 0 0 0 0 0 0 0 0 0 0 0 24 38 31 31 5 4 0 18 12 4 4 0 0 0 18 28 3 4
P12220 2075 1 8 40 99 13 11 10 4 3 2 2 4 2 7 6 4 2 0 0 0 0 0 0 0 0 0 0 0 0 0 10 12
P12220 2075 2 18 0 0 0 0 25 4 6 10 0 13 20 0 16 8 0 7 0 0 16 40 43 26 3 0 2 0 0 -999 -999 -999
P12220 2075 3 0 0 0 0 0 0 0 0 0 0 31 9 45 19 13 7 9 7 23 11 5 8 12 26 10 0 9 7 7 27 10
P12220 2075 4 28 5 0 0 0 0 0 6 11 0 0 0 0 0 0 0 2 0 7 11 8 0 0 0 0 0 0 0 0 0 -999
P12220 2075 5 0 72 113 30 17 34 58 49 17 6 10 24 40 52 17 12 8 47 31 62 42 22 5 0 0 0 0 0 0 0 0
P12220 2075 6 0 0 0 0 0 0 0 0 0 0 0 1 0 0 0 0 0 0 0 0 0 0 0 0 0 0 0 0 0 0 -999
P12220 2075 7 0 0 0 0 0 0 0 0 0 0 0 0 0 19 52 3 4 2 0 0 0 0 0 0 0 0 0 0 0 0 0
P12220 2075 8 0 0 0 0 0 0 0 0 0 0 0 0 0 0 0 0 2 2 1 0 19 120 20 0 0 0 0 0 0 0 0
P12220 2075 9 0 0 0 0 0 0 0 0 0 0 0 0 0 0 0 0 0 0 0 0 0 0 0 0 0 0 0 47 0 1 -999
P12220 2075 10 1 0 29 29 0 0 0 0 7 0 0 0 0 0 0 0 0 0 49 49 9 2 0 0 0 0 0 14 18 0 0
P12220 2075 11 0 0 0 41 35 23 23 22 34 19 1 3 6 6 4 1 17 26 4 0 0 0 0 0 0 0 0 18 3 0 -999
P12220 2075 12 7 0 4 0 0 10 9 30 28 30 1 12 17 4 0 0 0 0 0 0 0 5 11 1 0 0 10 0 0 0 0
P12220 2076 1 0 0 0 0 0 0 0 0 0 0 0 0 0 0 6 4 0 0 0 0 0 0 0 0 0 0 0 24 0 0 0
P12220 2076 2 0 4 6 0 0 0 0 15 27 9 0 0 0 14 0 0 0 0 8 0 8 0 0 0 0 0 0 0 -999 -999 -999
P12220 2076 3 0 4 0 0 0 10 6 4 0 27 57 0 0 0 0 0 11 36 16 0 0 0 0 0 0 0 0 0 0 0 0
P12220 2076 4 0 0 23 23 76 0 0 0 0 0 0 0 20 0 0 7 0 0 0 0 0 4 10 24 0 0 0 21 0 0 -999
P12220 2076 5 0 64 38 9 3 0 0 0 0 0 0 0 15 7 4 0 0 19 16 28 32 21 24 7 0 40 113 214 38 16 6
P12220 2076 6 0 2 0 0 0 0 2 27 0 0 0 0 0 0 0 0 0 0 0 0 0 17 10 11 16 0 0 0 0 0 -999
P12220 2076 7 0 0 0 4 0 0 0 0 0 0 0 0 0 0 0 0 0 0 0 0 0 0 0 0 0 0 0 0 0 0 0
P12220 2076 8 0 0 0 0 0 0 0 0 0 0 0 0 0 0 0 0 0 0 0 0 0 0 0 0 0 0 0 0 0 0 0
P12220 2076 9 0 0 0 0 0 0 0 0 0 0 0 0 0 0 0 3 31 24 0 0 0 0 0 13 0 0 0 107 37 5 -999
P12220 2076 10 0 0 0 0 0 0 0 0 0 0 0 11 94 83 77 10 0 0 0 0 0 8 22 4 0 0 0 0 0 0 0
P12220 2076 11 0 0 6 8 0 0 0 0 0 0 0 25 11 8 11 3 0 252 30 5 0 0 0 0 0 0 0 0 0 0 -999
P12220 2076 12 0 0 0 0 0 0 0 0 18 0 0 0 0 0 0 5 15 0 0 0 0 0 0 0 0 0 0 0 0 0 7
P12220 2077 1 0 0 0 0 0 0 0 0 0 0 0 5 1 29 5 0 0 0 0 0 0 0 3 39 17 6 18 5 3 3 0
P12220 2077 2 0 2 0 0 13 31 19 16 0 0 0 0 0 0 0 0 0 0 0 0 0 0 0 0 0 0 0 0 -999 -999 -999
P12220 2077 3 0 0 0 0 0 11 7 0 0 0 18 0 21 15 30 74 309 266 36 18 28 0 0 0 0 15 7 0 4 7 12
P12220 2077 4 0 0 0 0 0 0 0 6 14 1 0 5 0 0 0 0 0 0 0 0 0 0 0 0 0 0 11 7 0 0 -999
P12220 2077 5 0 0 0 107 0 21 159 266 110 56 39 0 0 0 0 0 0 0 0 0 0 0 72 114 51 43 18 0 0 0 0
P12220 2077 6 0 8 10 17 6 0 0 0 0 0 165 154 17 13 0 0 0 0 0 0 0 0 0 0 0 0 0 0 0 0 -999
P12220 2077 7 0 0 0 0 0 0 0 0 0 0 0 0 0 0 0 0 0 0 0 0 0 0 0 0 0 0 0 0 0 0 0
P12220 2077 8 0 0 31 0 0 0 0 0 0 0 0 0 0 0 0 0 0 0 0 0 0 0 0 0 0 0 0 0 0 0 0
P12220 2077 9 0 0 0 0 0 0 0 0 0 0 0 0 0 0 0 0 0 0 0 0 0 0 0 0 0 0 0 0 0 1 -999
P12220 2077 10 0 0 1 0 0 2 0 0 0 0 0 0 0 0 0 0 0 0 0 0 0 36 29 2 0 0 0 40 36 0 0
P12220 2077 11 0 0 27 43 40 27 13 55 36 16 17 20 32 34 40 12 4 8 5 0 0 20 16 0 0 0 0 0 0 0 -999
P12220 2077 12 0 0 0 0 0 0 0 8 0 21 30 24 2 13 7 5 18 40 36 22 15 5 2 26 37 1 43 11 0 0 0
P12220 2078 1 0 0 15 0 0 36 4 3 6 0 0 0 0 0 0 0 0 0 0 0 0 13 9 4 0 0 0 0 0 0 0
P12220 2078 2 0 0 0 0 0 0 28 6 0 0 10 5 12 6 5 6 0 0 3 0 0 0 0 10 0 0 4 6 -999 -999 -999
P12220 2078 3 0 0 0 0 0 0 7 4 0 0 15 37 13 18 8 0 0 0 0 0 5 0 0 9 5 0 0 0 5 15 8
P12220 2078 4 0 10 20 18 33 29 12 13 15 2 0 0 0 0 0 3 7 55 34 48 0 0 0 6 5 6 0 0 50 35 -999
P12220 2078 5 20 17 7 0 10 6 6 8 4 0 0 0 43 273 43 26 71 40 21 0 0 0 0 0 0 0 0 0 0 0 0
P12220 2078 6 0 0 0 0 0 0 0 0 0 0 0 0 0 0 0 0 0 0 0 0 0 0 0 0 0 0 0 0 0 0 -999
P12220 2078 7 0 0 0 0 0 0 0 0 0 0 0 0 0 0 0 0 0 0 0 0 0 0 0 0 0 0 0 0 0 0 0
P12220 2078 8 0 0 0 0 0 0 0 0 0 0 0 0 0 0 0 0 0 0 0 0 0 0 0 0 0 0 5 6 1 0 0
P12220 2078 9 0 0 0 7 0 0 0 0 0 0 0 0 0 0 0 0 0 0 0 0 0 0 0 0 0 0 0 0 0 0 -999
P12220 2078 10 0 0 0 0 0 0 0 0 0 0 0 0 0 0 0 0 0 0 0 0 0 0 0 0 0 1 0 0 0 0 0
P12220 2078 11 0 0 0 22 24 0 0 0 0 2 0 0 0 0 0 0 1 0 0 0 0 0 0 0 0 0 2 24 5 12 -999
P12220 2078 12 1 4 5 0 0 0 0 0 4 0 0 6 0 0 16 26 6 1 0 0 0 0 0 0 0 0 0 27 13 15 34
P12220 2079 1 26 0 0 21 6 0 0 0 0 0 0 4 0 0 0 0 0 0 0 0 0 0 0 0 0 0 0 10 0 0 0
P12220 2079 2 0 0 0 0 12 27 6 4 21 9 0 0 0 0 6 0 0 0 0 16 30 11 33 56 30 38 24 98 -999 -999 -999
P12220 2079 3 27 41 36 0 0 5 0 0 0 0 0 0 10 10 13 4 0 0 0 10 35 48 10 6 0 0 0 0 0 0 0
P12220 2079 4 26 28 22 39 111 6 16 6 0 0 0 0 0 0 0 0 0 0 0 8 6 0 0 0 0 0 0 0 0 29 -999
P12220 2079 5 9 41 28 17 0 0 0 0 0 0 0 0 0 0 16 0 0 0 0 0 0 0 0 7 8 42 17 0 0 0 0
P12220 2079 6 0 0 0 0 0 0 0 11 24 4 3 0 0 0 0 0 0 0 0 0 69 0 0 0 0 0 0 0 73 25 -999
P12220 2079 7 0 0 0 0 0 0 0 0 0 0 0 0 0 0 0 0 0 0 0 0 3 0 0 0 0 0 0 0 0 0 0
P12220 2079 8 0 0 23 23 0 0 0 0 0 0 0 0 0 0 0 0 0 0 0 0 0 0 2 0 0 0 0 0 0 0 0
P12220 2079 9 0 0 0 0 0 0 0 0 0 0 8 0 0 0 0 0 0 0 0 0 0 0 0 0 0 0 0 0 0 51 -999
P12220 2079 10 180 0 0 0 0 0 0 0 0 0 0 0 2 0 0 0 0 0 0 22 31 16 8 0 0 0 0 0 0 0 0
P12220 2079 11 0 0 8 0 13 0 0 0 0 0 0 0 0 0 0 0 0 0 0 0 0 0 0 0 0 19 21 6 0 32 -999
P12220 2079 12 14 0 0 0 0 8 0 23 11 3 0 0 0 1 24 14 32 25 15 24 0 0 0 0 0 0 0 0 0 0 0
P12220 2080 1 0 0 0 0 0 0 0 0 0 0 0 0 5 12 0 0 0 16 8 28 43 16 28 6 5 3 0 5 7 0 3
P12220 2080 2 0 0 0 0 5 0 0 0 0 8 0 22 14 3 0 0 0 0 0 0 13 5 11 0 0 0 0 0 -999 -999 -999
P12220 2080 3 0 0 0 0 0 0 0 0 0 0 0 0 0 0 0 0 0 0 0 0 11 0 0 0 0 0 0 0 0 0 0
P12220 2080 4 3 13 12 13 23 38 41 8 5 6 4 7 0 6 4 0 12 15 14 10 8 0 2 6 28 35 44 23 12 0 -999
P12220 2080 5 122 228 39 3 0 0 0 0 0 0 0 0 0 0 0 0 0 0 100 0 0 0 0 0 0 0 0 0 0 37 40
P12220 2080 6 56 0 32 23 0 0 0 11 22 6 0 0 23 71 241 25 0 0 93 8 0 0 0 0 0 0 0 0 0 0 -999
P12220 2080 7 0 0 0 0 0 0 0 0 0 0 0 0 0 0 0 0 0 0 0 0 0 0 0 0 0 0 0 0 0 0 0
P12220 2080 8 0 0 0 0 0 0 0 0 0 0 1 1 2 0 0 0 0 0 0 0 0 0 5 24 10 11 0 0 0 0 0
P12220 2080 9 0 0 0 0 0 0 0 0 0 0 0 0 0 0 0 0 0 0 0 0 0 0 22 38 37 0 0 0 0 0 -999
P12220 2080 10 0 0 0 0 0 0 0 0 0 0 0 14 6 0 0 0 0 0 0 0 0 0 0 0 0 30 34 0 0 0 0
P12220 2080 11 0 0 0 0 10 33 12 6 14 8 30 9 1 0 0 0 16 0 0 0 0 0 0 0 0 0 9 15 9 0 -999
P12220 2080 12 0 0 0 0 0 0 0 2 0 4 28 0 0 15 0 0 0 0 0 0 0 0 11 43 53 318 173 10 0 0 5
P12220 2081 1 0 5 0 0 0 0 0 0 0 0 0 0 0 0 0 0 2 3 9 13 37 27 9 0 0 0 0 0 0 0 0
P12220 2081 2 0 15 35 27 7 2 0 0 0 4 0 0 0 0 0 0 0 21 5 0 0 17 14 13 0 0 13 7 -999 -999 -999
P12220 2081 3 0 0 0 0 0 0 0 0 0 0 18 4 28 9 36 20 33 10 8 7 7 6 33 14 0 41 35 47 36 9 45
P12220 2081 4 95 29 16 2 30 0 6 5 0 0 0 0 0 0 0 0 0 5 0 0 0 0 21 0 0 0 0 24 24 23 -999
P12220 2081 5 18 11 0 0 0 7 8 4 3 4 3 0 0 0 0 0 0 0 0 0 0 2 19 18 0 0 10 32 11 10 5
P12220 2081 6 0 0 0 0 0 0 119 202 89 33 33 27 0 0 0 0 0 0 52 14 0 0 0 0 0 0 0 0 0 0 -999
P12220 2081 7 0 0 0 0 0 0 0 0 0 0 0 0 0 0 0 0 0 0 0 0 0 0 0 0 0 0 0 1 0 0 0
P12220 2081 8 0 0 0 0 0 0 0 0 0 0 0 0 0 0 77 0 0 0 0 0 0 0 0 0 0 30 12 0 0 0 0
P12220 2081 9 0 0 0 0 0 0 0 0 0 0 0 0 0 0 0 0 0 0 0 0 0 0 0 0 0 64 0 0 0 0 -999
P12220 2081 10 0 0 0 21 0 0 0 0 0 0 0 7 94 36 9 44 169 75 69 10 3 0 0 0 0 0 0 0 5 0 0
P12220 2081 11 0 0 0 0 32 7 0 0 0 0 9 11 0 0 0 0 28 41 15 35 50 18 28 4 0 0 0 0 0 21 -999
P12220 2081 12 21 8 0 0 14 0 8 31 33 0 0 0 0 0 0 0 0 0 0 0 26 27 14 0 0 15 6 40 36 0 0
P12220 2082 1 0 10 0 0 0 2 6 4 3 4 0 0 0 0 0 10 0 0 0 0 0 0 0 0 0 0 0 0 0 22 3
P12220 2082 2 0 0 0 0 15 11 0 0 0 0 0 7 0 0 0 0 0 0 0 0 0 0 0 0 0 0 4 0 -999 -999 -999
P12220 2082 3 0 1 5 4 1 0 0 0 0 11 10 0 0 5 4 7 1 13 17 28 0 0 38 13 11 0 0 5 7 10 8
P12220 2082 4 3 0 0 207 30 11 30 52 43 32 23 37 22 34 0 0 11 0 0 107 65 26 54 79 103 31 16 18 30 51 -999
P12220 2082 5 0 0 0 0 0 0 0 0 0 0 0 0 0 0 0 0 0 0 0 0 0 0 0 0 0 0 0 0 0 0 0
P12220 2082 6 0 7 45 57 26 13 13 21 10 16 10 0 0 1 0 0 22 48 22 0 0 0 0 0 0 0 0 0 0 0 -999
P12220 2082 7 0 0 0 12 0 0 0 0 0 0 0 0 0 0 0 0 0 0 0 0 0 0 0 0 0 0 0 0 0 0 0
P12220 2082 8 0 0 0 0 0 0 0 0 0 0 0 0 0 0 0 0 0 0 0 0 0 0 0 0 0 0 0 0 0 0 0
P12220 2082 9 0 33 20 0 0 3 0 0 0 0 0 0 0 0 0 0 0 0 0 0 0 0 103 57 36 0 0 0 0 0 -999
P12220 2082 10 0 0 0 0 0 0 4 0 0 0 0 0 0 0 0 0 0 11 10 4 28 6 0 0 0 0 0 0 0 0 0
P12220 2082 11 0 0 0 0 0 0 0 0 0 0 1 0 0 0 0 37 21 0 0 0 21 17 12 6 7 11 7 4 8 5 -999
P12220 2082 12 2 0 7 1 0 1 0 0 0 0 0 0 0 0 0 0 0 0 0 0 0 0 0 0 0 0 0 0 0 0 0
P12220 2083 1 0 0 0 0 0 0 18 30 13 15 0 0 0 33 37 43 52 20 0 26 53 89 33 28 19 0 0 26 0 0 28
P12220 2083 2 4 13 6 6 0 0 0 6 36 23 35 13 13 19 7 0 35 10 9 30 16 0 9 2 0 0 15 22 -999 -999 -999
P12220 2083 3 39 14 0 0 0 0 35 11 5 0 15 0 0 0 0 0 0 0 4 4 3 0 4 0 0 0 0 0 13 19 10
P12220 2083 4 25 11 19 20 1 0 0 0 0 22 14 1 4 0 0 21 6 0 20 8 6 8 5 6 0 0 0 0 0 0 -999
P12220 2083 5 0 0 0 0 34 0 0 0 0 25 0 0 0 0 176 136 71 0 13 0 0 0 2 0 0 0 0 0 0 0 0
P12220 2083 6 0 0 0 0 0 0 0 0 0 0 0 0 11 0 0 0 0 0 0 13 6 0 0 0 39 32 0 0 0 0 -999
P12220 2083 7 0 0 0 0 0 0 0 0 0 0 0 0 0 0 0 0 0 0 0 0 0 0 0 0 0 0 0 1 0 0 0
P12220 2083 8 0 0 8 0 0 0 0 0 0 0 0 0 0 0 0 0 0 0 0 0 0 0 0 0 0 0 0 0 0 0 0
P12220 2083 9 0 0 0 0 0 0 0 0 0 0 0 0 0 0 0 0 0 0 0 0 0 0 0 0 0 0 0 0 0 0 -999
P12220 2083 10 0 0 0 0 0 0 0 0 0 0 0 0 0 0 0 0 0 0 0 0 0 0 0 0 40 29 0 0 0 0 0
P12220 2083 11 0 0 0 0 0 0 22 11 0 18 0 0 16 33 18 1 6 5 5 5 21 0 0 21 23 0 0 0 6 0 -999
P12220 2083 12 0 0 0 0 0 0 8 5 0 0 0 9 0 0 0 0 10 16 0 0 0 0 0 0 0 0 0 0 0 0 0
P12220 2084 1 0 9 4 2 0 0 0 0 0 0 0 0 10 0 0 0 0 27 34 0 0 14 33 6 3 0 0 0 0 0 5
P12220 2084 2 0 0 0 0 0 0 0 0 0 0 0 0 0 24 0 0 0 6 12 18 19 0 0 42 16 9 17 20 -999 -999 -999
P12220 2084 3 13 9 10 9 0 0 0 0 0 0 106 85 50 45 19 31 14 21 12 11 13 10 0 0 9 0 0 0 0 71 53
P12220 2084 4 22 12 49 74 80 49 5 10 8 4 42 12 0 2 8 3 0 0 0 0 0 0 0 0 0 0 0 0 0 0 -999
P12220 2084 5 0 0 0 43 0 0 0 6 11 0 0 0 0 0 0 0 0 0 0 0 0 0 16 80 65 54 170 6 1 3 5
P12220 2084 6 0 0 0 0 0 0 0 0 0 0 0 12 138 201 299 31 0 0 0 0 0 0 0 0 0 0 0 0 0 0 -999
P12220 2084 7 0 0 0 0 0 0 0 0 0 0 0 0 0 0 0 0 0 0 0 0 0 0 0 0 0 0 0 0 0 0 0
P12220 2084 8 0 0 0 0 0 0 0 0 0 0 0 0 0 0 0 11 28 12 0 0 0 0 0 0 0 0 0 0 0 0 0
P12220 2084 9 0 0 0 0 0 0 0 0 0 0 0 0 0 0 0 0 0 0 0 0 0 0 0 0 0 0 0 0 0 0 -999
P12220 2084 10 0 0 0 0 0 0 0 0 0 0 0 0 0 0 0 33 23 0 0 0 20 0 0 7 6 0 0 0 0 0 0
P12220 2084 11 0 0 0 0 27 7 6 11 16 34 49 36 30 33 31 0 0 0 0 0 0 0 0 0 0 0 0 0 0 0 -999
P12220 2084 12 0 0 0 3 26 0 0 0 0 0 0 0 0 0 0 0 0 0 0 0 0 0 0 6 0 8 4 3 7 0 0
P12220 2085 1 0 0 0 0 0 0 0 0 0 0 0 0 0 0 0 0 0 0 0 0 0 0 0 0 0 0 0 0 0 0 0
P12220 2085 2 0 0 0 0 0 0 0 0 0 0 0 0 0 0 0 0 10 11 0 0 0 0 0 0 0 0 7 6 -999 -999 -999
P12220 2085 3 0 0 0 0 0 0 0 0 0 0 0 20 20 0 0 0 0 31 12 8 7 34 12 7 5 3 10 0 8 25 27
P12220 2085 4 15 13 19 16 10 0 0 0 0 0 0 6 14 8 33 20 0 0 0 0 0 0 0 0 0 12 2 17 6 9 -999
P12220 2085 5 11 19 11 22 23 7 10 5 14 29 31 31 32 32 16 8 13 24 12 6 2 0 0 0 8 14 0 0 0 0 0
P12220 2085 6 0 0 0 0 0 0 77 120 130 136 114 87 26 0 0 0 0 0 0 0 98 28 0 0 0 0 0 0 0 0 -999
P12220 2085 7 0 0 0 0 0 0 0 0 0 0 0 0 0 0 0 0 0 0 0 0 0 0 0 0 0 0 0 0 0 0 0
P12220 2085 8 0 0 0 0 0 0 0 0 0 0 0 0 0 0 0 0 0 0 0 0 0 0 0 0 0 0 0 0 0 0 0
P12220 2085 9 0 0 0 0 0 0 0 0 0 0 0 0 0 0 0 0 0 0 0 0 0 0 0 17 17 28 0 0 0 0 -999
P12220 2085 10 0 0 0 0 35 22 0 0 104 143 71 46 0 0 0 10 56 98 0 0 0 0 0 1 10 0 0 0 0 0 0
P12220 2085 11 0 0 33 43 20 5 3 0 0 0 0 0 0 0 0 0 0 0 16 29 40 29 7 7 22 35 14 6 0 0 -999
P12220 2085 12 18 8 5 4 0 15 0 0 0 0 0 0 0 0 0 0 0 0 0 0 0 0 0 11 20 21 11 23 6 21 31
P12220 2086 1 25 34 60 50 97 49 0 0 0 0 0 0 0 0 0 0 0 0 0 0 0 0 0 0 0 0 0 0 0 0 0
P12220 2086 2 0 0 0 0 0 0 0 0 0 0 0 0 0 0 0 0 0 0 7 0 33 6 5 1 2 1 1 0 -999 -999 -999
P12220 2086 3 0 0 0 0 0 0 0 0 0 0 7 4 0 0 0 0 0 0 0 0 0 0 0 0 0 0 0 0 0 0 11
P12220 2086 4 190 103 65 4 0 0 0 0 112 34 17 35 32 22 33 36 32 44 25 18 19 18 44 35 68 40 0 80 83 0 -999
P12220 2086 5 0 0 45 27 24 15 0 0 1 0 0 0 0 0 15 80 42 14 15 26 4 3 0 2 18 9 0 0 0 0 0
P12220 2086 6 0 0 0 0 63 0 0 0 0 0 0 0 0 0 0 0 0 0 0 1 0 0 0 0 0 5 12 15 0 0 -999
P12220 2086 7 0 0 0 0 0 0 0 0 0 0 0 0 0 0 0 0 0 0 0 0 0 0 0 0 0 0 0 0 0 0 0
P12220 2086 8 0 0 0 0 0 0 0 0 0 0 0 0 0 0 0 0 0 0 0 0 0 0 0 0 0 0 0 0 0 0 0
P12220 2086 9 0 0 0 0 0 0 0 0 0 0 0 7 44 0 0 15 18 15 0 0 0 0 0 0 0 0 0 0 0 0 -999
P12220 2086 10 0 0 0 0 0 0 0 0 0 0 0 0 0 4 0 0 0 0 0 0 0 0 0 19 14 34 8 0 2 0 0
P12220 2086 11 0 0 0 0 0 0 0 0 13 5 0 0 1 5 19 43 40 29 6 0 0 1 9 0 0 0 0 21 18 5 -999
P12220 2086 12 10 0 0 0 0 0 0 0 0 0 0 0 0 0 0 0 0 0 0 5 0 0 0 0 0 0 0 0 0 0 0
P12220 2087 1 0 1 30 18 0 0 0 0 0 0 0 0 0 12 21 37 13 0 0 0 0 0 24 15 13 0 0 0 0 71 15
P12220 2087 2 0 0 0 12 12 0 0 0 0 0 0 0 0 0 0 0 0 0 0 5 0 0 0 0 0 0 0 0 -999 -999 -999
P12220 2087 3 0 0 0 0 0 0 0 0 0 0 0 0 0 0 22 23 2 0 18 20 29 12 0 0 0 0 0 34 22 0 0
P12220 2087 4 0 0 0 0 19 6 0 0 0 0 0 0 0 0 0 0 34 8 11 5 0 0 0 0 0 0 0 0 0 0 -999
P12220 2087 5 0 0 0 0 0 13 209 115 30 28 2 0 0 0 0 15 0 0 0 0 0 0 0 0 0 21 17 1 4 0 0
P12220 2087 6 0 0 0 0 0 0 0 0 0 2 14 0 0 0 0 0 0 0 0 0 0 0 0 0 0 0 0 0 0 0 -999
P12220 2087 7 0 0 0 0 0 0 0 0 0 0 23 13 0 0 0 0 0 0 0 0 0 0 0 0 0 0 0 0 0 0 0
P12220 2087 8 0 0 0 0 0 0 0 0 0 0 0 0 0 0 0 0 0 0 0 0 0 2 4 0 0 0 0 0 0 0 0
P12220 2087 9 0 0 0 0 115 6 0 0 0 0 0 6 0 0 0 0 0 0 0 0 0 3 0 0 0 0 28 43 0 0 -999
P12220 2087 10 0 0 0 0 0 0 0 0 0 0 0 0 0 0 0 0 0 0 0 20 0 0 30 14 0 0 0 0 0 0 0
P12220 2087 11 0 0 0 0 0 0 0 17 0 4 0 11 5 1 7 5 4 0 0 0 0 0 0 0 0 0 0 0 0 15 -999
P12220 2087 12 13 35 1 42 0 0 0 41 0 0 0 21 10 9 14 5 9 34 6 6 0 0 0 0 0 0 0 0 0 0 0
P12220 2088 1 0 0 0 0 0 0 0 21 41 39 15 31 36 18 5 39 18 12 21 18 0 8 21 24 22 30 32 38 20 41 10
P12220 2088 2 11 12 0 15 4 5 0 0 0 0 0 0 0 0 0 0 0 8 8 0 0 29 0 0 0 0 0 0 -999 -999 -999
P12220 2088 3 0 0 0 0 0 0 25 9 7 0 0 0 5 3 11 40 14 6 13 20 5 0 5 3 5 4 1 0 0 0 0
P12220 2088 4 0 0 0 0 0 0 0 0 0 17 4 0 4 6 7 0 0 0 0 0 0 0 0 0 0 0 0 0 39 0 -999
P12220 2088 5 0 0 0 0 0 0 10 6 0 0 0 129 75 8 16 21 159 278 255 138 1 0 0 0 0 0 0 0 0 0 0
P12220 2088 6 0 0 0 0 0 0 0 0 0 0 0 0 0 0 0 0 0 0 0 37 0 0 0 0 25 32 55 49 0 0 -999
P12220 2088 7 0 0 2 34 0 0 0 0 0 0 0 0 0 0 0 0 0 0 0 0 0 0 0 0 0 0 0 0 0 0 0
P12220 2088 8 0 0 0 0 0 0 0 0 0 0 0 0 0 0 0 0 0 0 0 0 0 0 0 0 0 0 0 0 0 0 0
P12220 2088 9 0 0 0 0 0 0 0 0 0 0 0 0 0 0 0 0 0 0 0 0 0 0 0 0 0 0 0 0 0 0 -999
P12220 2088 10 0 0 0 0 0 0 6 0 0 0 0 1 9 24 70 1 1 0 0 0 0 0 0 0 0 0 0 0 0 0 0
P12220 2088 11 0 0 27 48 51 16 36 7 24 26 8 0 0 0 3 0 0 0 0 0 0 0 0 0 0 0 0 10 0 0 -999
P12220 2088 12 16 0 0 0 38 39 18 0 0 0 0 0 0 0 0 0 0 0 0 0 0 0 0 0 0 0 0 0 0 0 0
P12220 2089 1 0 0 0 0 0 0 13 16 0 0 6 2 4 1 5 0 14 4 17 30 12 15 38 20 25 25 0 0 8 18 32
P12220 2089 2 35 5 0 0 25 21 0 0 2 9 44 21 0 0 33 42 40 26 28 0 21 0 0 0 0 0 20 6 -999 -999 -999
P12220 2089 3 3 0 0 0 0 0 0 0 0 0 0 0 2 0 0 0 19 23 5 0 0 0 0 0 0 0 0 0 23 0 0
P12220 2089 4 0 0 0 0 0 17 13 26 16 47 24 0 0 0 29 38 9 0 0 0 49 0 0 0 0 0 0 0 68 96 -999
P12220 2089 5 52 23 7 0 0 0 0 0 28 79 0 0 0 0 0 0 0 0 0 11 0 0 0 0 0 0 0 0 0 0 0
P12220 2089 6 1 4 6 0 0 0 0 0 0 55 18 10 13 14 0 0 0 0 0 0 0 0 0 3 13 5 0 0 0 0 -999
P12220 2089 7 0 0 0 0 0 0 0 0 0 0 0 0 0 0 0 0 0 0 0 0 0 0 0 0 0 0 0 0 0 0 0
P12220 2089 8 0 0 0 0 0 0 0 0 0 0 0 0 0 0 0 0 0 0 0 0 0 0 0 0 0 0 0 0 0 0 0
P12220 2089 9 0 0 0 0 0 0 0 0 0 0 0 3 0 0 0 0 0 0 0 0 0 0 0 0 0 0 0 0 0 0 -999
P12220 2089 10 0 0 0 0 0 0 0 0 0 0 54 48 133 363 6 0 0 0 0 0 0 0 0 0 36 0 0 0 0 0 0
P12220 2089 11 0 0 0 0 0 10 18 2 0 0 0 7 0 0 0 25 8 7 14 14 27 49 28 0 0 0 0 0 20 20 -999
P12220 2089 12 16 2 7 6 0 0 0 3 6 8 0 0 0 0 0 0 4 9 18 19 26 8 12 9 0 0 0 0 0 13 33
P12220 2090 1 0 0 0 0 0 4 5 9 0 0 0 0 0 0 0 0 0 0 0 17 28 26 12 4 4 0 0 0 0 0 0
P12220 2090 2 0 0 34 0 0 0 0 0 0 10 25 16 17 20 28 24 32 5 4 9 33 11 2 0 7 13 26 54 -999 -999 -999
P12220 2090 3 62 0 0 0 0 0 18 37 40 6 8 23 58 8 0 6 0 0 0 0 0 0 0 0 1 6 0 0 0 0 0
P12220 2090 4 0 0 21 73 197 147 73 0 0 0 0 20 21 0 0 0 62 39 0 0 0 0 0 6 0 0 0 9 27 25 -999
P12220 2090 5 37 91 0 0 0 0 0 0 0 11 6 0 0 0 0 41 20 68 61 60 94 56 12 0 0 0 0 0 0 78 0
P12220 2090 6 0 3 137 110 130 36 17 10 10 33 22 0 0 0 0 0 0 0 0 0 0 0 0 1 4 5 5 0 0 0 -999
P12220 2090 7 0 0 0 0 0 0 0 0 0 0 0 0 0 0 0 0 0 0 0 13 0 0 0 0 0 0 0 0 0 0 0
P12220 2090 8 0 0 0 0 0 0 0 0 0 0 0 0 0 0 0 0 0 0 0 0 0 0 0 0 0 0 0 0 0 0 0
P12220 2090 9 0 0 0 0 0 83 68 0 0 0 0 0 0 0 0 0 0 0 0 0 0 0 0 0 0 0 0 0 0 0 -999
P12220 2090 10 0 0 0 0 0 0 0 39 29 12 13 0 0 0 0 0 0 12 0 0 0 0 0 0 0 0 0 0 0 0 8
P12220 2090 11 6 14 7 3 0 0 0 0 0 0 0 0 0 0 0 0 0 0 0 0 0 0 0 0 0 0 4 31 41 13 -999
P12220 2090 12 0 40 0 24 16 0 0 0 0 27 28 31 13 0 0 0 0 0 0 0 0 0 0 18 0 0 0 0 0 0 0
P12220 2091 1 0 0 0 0 0 0 0 0 0 0 0 0 4 2 0 0 0 0 1 7 4 20 9 21 9 16 37 37 25 0 0
P12220 2091 2 0 0 12 29 19 32 34 31 6 4 15 0 6 4 9 3 5 0 0 0 0 0 9 0 0 0 10 11 -999 -999 -999
P12220 2091 3 0 0 0 0 0 0 0 6 8 0 0 0 0 0 0 0 0 0 0 0 0 5 0 0 0 0 0 0 4 0 0
P12220 2091 4 0 2 0 0 0 0 0 0 0 0 0 0 0 0 0 0 0 0 26 79 89 2 27 36 93 144 18 0 0 7 -999
P12220 2091 5 6 8 26 99 51 50 52 33 0 3 48 22 23 9 8 27 8 7 15 0 0 0 0 0 0 0 0 0 0 0 0
P12220 2091 6 0 0 0 0 0 0 0 0 0 0 0 0 0 17 0 12 0 0 0 0 0 0 0 0 0 0 0 0 0 0 -999
P12220 2091 7 0 0 0 0 0 0 0 4 0 0 0 0 0 0 0 0 0 0 0 0 0 0 0 0 0 0 0 0 0 0 0
P12220 2091 8 0 0 0 0 0 0 0 0 0 0 0 0 0 0 0 0 0 0 0 0 0 0 0 0 0 0 0 0 0 0 0
P12220 2091 9 0 0 0 0 0 0 0 0 0 0 0 0 0 0 0 0 45 55 30 0 72 5 0 0 0 0 0 0 0 0 -999
P12220 2091 10 0 0 0 0 0 0 0 0 0 0 0 0 0 0 0 0 0 0 0 0 0 0 14 47 72 20 4 1 35 41 20
P12220 2091 11 16 11 6 15 6 10 35 50 26 19 23 28 27 28 9 7 11 14 12 10 13 2 0 0 0 0 0 0 0 0 -999
P12220 2091 12 0 0 0 0 0 0 0 0 0 0 0 0 0 25 26 27 3 0 0 0 0 0 0 0 0 0 0 0 0 0 0
P12220 2092 1 0 0 0 0 0 0 0 0 0 0 13 14 36 18 0 0 0 0 0 0 0 0 5 15 3 8 5 0 0 4 0
P12220 2092 2 0 0 0 6 8 32 5 0 0 0 0 0 0 0 0 0 0 0 0 9 7 12 5 0 0 0 0 5 -999 -999 -999
P12220 2092 3 0 0 0 0 0 0 0 0 0 0 0 0 0 0 0 5 36 12 49 9 14 3 0 0 0 0 0 0 0 0 0
P12220 2092 4 0 0 0 0 0 4 5 36 26 3 0 0 5 0 0 0 13 0 0 0 2 2 0 0 0 0 0 0 0 0 -999
P12220 2092 5 0 0 0 0 0 0 0 0 16 12 16 0 0 0 0 0 0 0 0 0 0 0 0 0 0 0 0 15 2 14 58
P12220 2092 6 0 31 18 0 0 0 0 0 0 0 0 0 0 0 0 0 0 0 0 0 0 0 0 0 0 0 0 0 0 0 -999
P12220 2092 7 0 0 0 0 0 0 0 0 0 0 0 0 0 0 0 0 0 0 0 0 0 0 0 0 0 0 0 0 0 0 0
P12220 2092 8 0 0 0 0 0 0 0 0 0 0 0 0 0 0 0 1 1 0 0 0 0 0 0 0 0 0 0 0 0 3 1
P12220 2092 9 0 0 0 0 0 0 0 0 0 3 0 0 0 0 0 0 0 0 0 29 1 0 0 0 9 3 0 0 0 23 -999
P12220 2092 10 249 321 1 0 0 0 0 0 0 0 0 0 0 0 0 0 0 0 0 0 0 0 0 0 0 0 0 0 0 0 0
P12220 2092 11 0 0 0 0 0 0 7 26 34 0 0 10 18 11 10 0 0 0 0 0 0 0 0 8 0 0 0 0 0 0 -999
P12220 2092 12 0 0 0 0 1 0 0 2 38 6 0 0 0 0 0 0 0 0 0 0 0 0 0 0 0 0 24 9 7 0 0
P12220 2093 1 0 0 0 0 0 12 23 9 23 11 7 8 5 3 0 7 0 0 0 0 0 0 0 0 0 0 0 0 7 2 0
P12220 2093 2 0 0 0 0 0 0 6 28 35 40 15 6 12 0 0 0 0 0 0 12 0 8 16 0 0 10 43 76 -999 -999 -999
P12220 2093 3 139 52 27 21 35 9 0 10 19 17 35 9 7 8 40 38 11 24 17 22 28 41 23 36 21 0 0 0 0 14 26
P12220 2093 4 0 0 0 0 0 6 6 6 7 27 0 0 0 0 0 0 0 0 12 0 0 0 42 20 5 0 0 0 0 0 -999
P12220 2093 5 0 6 7 9 9 12 7 9 20 33 25 0 0 0 0 0 0 0 0 0 0 0 6 0 0 0 0 0 0 0 0
P12220 2093 6 0 0 12 15 8 18 21 0 0 0 0 6 2 23 47 0 0 0 0 0 13 30 0 0 0 0 0 0 0 0 -999
P12220 2093 7 0 0 0 0 0 0 0 0 0 0 0 0 0 0 0 0 0 0 0 4 0 0 0 0 0 0 0 0 0 0 0
P12220 2093 8 0 0 0 0 0 0 0 0 0 0 0 0 0 0 0 0 0 0 0 0 0 0 0 0 0 8 7 4 0 0 0
P12220 2093 9 0 0 0 0 0 0 0 0 0 0 0 0 0 0 0 0 0 0 0 0 0 0 0 0 0 0 0 0 0 0 -999
P12220 2093 10 0 0 0 0 0 0 0 0 0 6 16 0 0 0 0 0 4 0 0 0 0 0 0 0 0 0 0 0 0 0 6
P12220 2093 11 5 0 0 21 24 9 0 0 0 0 0 0 4 0 0 0 12 17 11 35 0 0 0 0 26 13 1 0 0 0 -999
P12220 2093 12 0 0 0 0 0 0 8 8 0 0 0 5 9 0 0 0 0 0 0 0 0 0 0 0 0 0 0 0 14 20 0
P12220 2094 1 0 0 0 0 3 7 0 0 0 0 0 0 0 0 0 0 0 0 0 0 0 0 0 0 0 0 0 0 0 0 6
P12220 2094 2 0 0 0 0 0 6 0 0 0 0 0 0 0 0 6 0 0 0 4 0 0 4 0 23 4 2 22 35 -999 -999 -999
P12220 2094 3 18 18 7 5 27 18 26 18 31 28 19 0 0 8 0 0 0 0 0 0 0 5 3 0 0 0 0 0 8 6 0
P12220 2094 4 0 0 0 0 0 20 7 10 11 15 7 12 4 13 33 8 9 0 0 3 0 0 8 20 28 10 4 5 0 0 -999
P12220 2094 5 0 0 1 5 6 0 0 0 0 0 0 0 0 0 0 0 0 0 0 0 0 0 0 0 0 0 0 0 0 0 0
P12220 2094 6 0 0 0 75 37 35 21 18 14 3 0 0 0 0 0 0 0 0 0 0 0 0 0 0 0 0 0 0 0 0 -999
P12220 2094 7 0 0 0 0 0 0 0 0 0 0 0 0 0 0 0 0 0 0 0 0 0 0 0 0 0 0 0 0 0 0 0
P12220 2094 8 0 0 0 0 0 0 0 0 0 0 0 0 0 0 0 0 0 0 0 0 0 0 0 0 0 0 0 0 0 0 0
P12220 2094 9 0 0 0 0 0 0 0 0 0 0 0 0 0 0 0 0 0 0 0 0 0 0 0 0 0 0 0 0 0 0 -999
P12220 2094 10 0 13 37 17 26 4 0 0 0 0 0 0 0 0 0 0 0 0 0 0 21 27 0 0 0 33 21 7 4 4 0
P12220 2094 11 0 0 0 0 0 0 17 11 0 0 0 0 0 10 0 0 0 0 0 0 0 0 0 0 0 0 30 22 0 0 -999
P12220 2094 12 0 0 0 0 0 30 8 6 6 5 9 7 5 0 0 0 0 0 0 0 0 0 0 0 0 10 36 11 10 1 0
P12220 2095 1 27 5 35 4 7 8 5 3 13 8 10 0 0 0 11 8 38 15 39 37 31 13 9 8 36 9 9 37 8 0 20
P12220 2095 2 4 0 0 0 10 4 4 5 5 5 15 117 146 23 5 1 0 0 0 0 0 0 0 0 6 0 0 0 -999 -999 -999
P12220 2095 3 0 0 0 0 0 0 0 0 0 0 0 8 41 24 9 26 0 4 32 41 34 2 0 0 47 16 0 0 0 0 0
P12220 2095 4 22 5 5 19 8 15 34 12 5 5 8 7 0 0 0 0 0 14 0 0 0 0 0 0 0 0 0 0 0 0 -999
P12220 2095 5 1 5 7 0 0 0 0 0 0 0 0 10 25 0 0 0 0 0 0 0 15 0 0 0 0 0 0 0 0 0 0
P12220 2095 6 0 0 0 0 0 0 0 0 0 0 0 0 0 0 0 0 0 0 0 0 0 0 0 0 0 0 0 1 0 0 -999
P12220 2095 7 0 0 0 0 0 0 0 0 0 0 0 0 0 0 0 0 0 0 0 0 0 0 0 0 0 0 0 0 0 0 0
P12220 2095 8 0 0 0 0 0 0 0 0 0 0 0 0 0 0 0 0 0 3 0 0 0 0 0 0 0 0 0 0 0 0 0
P12220 2095 9 0 0 0 0 0 0 0 0 0 31 0 0 0 0 0 0 0 0 0 0 0 0 16 0 0 0 0 0 0 0 -999
P12220 2095 10 0 0 0 0 0 0 0 2 5 1 8 5 14 0 0 0 0 10 0 0 0 0 0 5 0 3 0 0 12 7 4
P12220 2095 11 4 12 45 50 8 0 0 19 40 8 28 14 12 0 0 0 0 0 4 5 0 0 0 0 0 0 10 13 3 4 -999
P12220 2095 12 5 0 0 0 0 0 10 0 0 2 0 0 0 0 0 0 6 0 0 0 0 0 0 4 2 0 0 0 0 0 0
P12220 2096 1 0 0 0 9 8 16 60 49 20 19 11 0 0 0 0 0 0 0 0 0 0 0 0 0 0 0 2 8 3 0 0
P12220 2096 2 0 0 0 0 0 0 0 0 0 5 5 5 0 0 0 4 6 12 0 0 0 0 0 17 18 24 0 0 -999 -999 -999
P12220 2096 3 0 0 39 58 64 0 0 9 42 0 0 5 4 8 1 0 0 0 0 0 0 0 0 0 0 12 13 9 19 7 22
P12220 2096 4 7 0 0 31 0 0 0 11 65 39 0 0 42 33 16 16 18 13 25 89 61 30 0 0 0 0 0 0 11 0 -999
P12220 2096 5 0 0 0 0 0 0 0 140 50 0 0 0 179 141 0 0 0 0 1 30 33 17 6 0 11 5 0 14 35 38 26
P12220 2096 6 26 8 0 0 0 0 0 0 0 0 0 0 5 0 0 0 0 0 0 0 35 0 0 0 0 0 0 0 0 0 -999
P12220 2096 7 0 0 0 0 0 0 0 0 0 0 0 0 0 0 0 0 0 0 0 0 0 0 0 0 2 0 0 0 0 0 0
P12220 2096 8 0 0 0 0 0 0 0 0 0 0 0 0 0 0 0 0 0 0 0 0 0 0 0 0 0 0 0 0 0 0 0
P12220 2096 9 0 0 0 0 0 0 12 18 0 0 0 0 0 0 0 0 0 0 0 0 0 0 0 0 0 55 50 5 0 0 -999
P12220 2096 10 0 0 0 0 0 0 0 0 0 0 51 67 5 0 0 0 0 22 31 29 35 2 0 0 0 0 0 0 15 33 82
P12220 2096 11 25 32 14 10 10 25 12 7 20 31 19 4 0 3 21 22 25 36 6 38 7 0 0 0 0 5 0 0 12 4 -999
P12220 2096 12 0 0 0 0 0 0 0 0 0 0 0 0 0 0 5 0 0 1 0 0 0 0 0 0 10 8 0 0 0 0 32
P12220 2097 1 10 3 8 10 0 0 2 11 9 7 5 11 0 0 0 16 18 0 18 11 3 0 0 3 0 0 0 0 0 0 0
P12220 2097 2 0 7 3 0 0 0 0 0 0 0 0 14 18 0 0 0 0 0 0 0 20 0 0 0 0 0 0 0 -999 -999 -999
P12220 2097 3 0 0 0 0 0 0 0 0 0 0 0 0 0 0 8 31 30 0 0 7 24 22 89 90 73 32 0 0 0 0 0
P12220 2097 4 0 0 0 0 0 16 21 0 11 21 6 0 0 0 0 0 0 6 13 10 22 19 32 16 12 10 40 7 0 0 -999
P12220 2097 5 0 0 0 0 0 0 167 19 0 0 0 7 0 0 8 7 0 0 23 40 0 0 0 0 0 0 0 0 3 0 24
P12220 2097 6 0 0 0 0 0 0 0 0 0 17 51 113 7 3 2 4 0 0 0 0 0 0 0 28 0 0 0 0 0 0 -999
P12220 2097 7 0 0 0 0 0 0 0 0 0 0 0 5 6 0 0 0 0 0 0 0 0 0 0 0 0 0 0 0 0 0 0
P12220 2097 8 0 0 0 0 0 0 0 0 0 0 0 0 0 0 0 0 0 0 0 0 0 0 0 0 0 0 0 0 0 0 0
P12220 2097 9 0 0 0 0 0 0 0 0 0 0 0 0 0 0 0 0 0 0 0 29 0 5 46 43 36 1 0 0 0 0 -999
P12220 2097 10 41 21 4 1 5 0 0 0 0 0 0 0 0 0 0 0 0 75 0 0 0 0 14 22 8 0 0 0 0 20 41
P12220 2097 11 30 1 0 11 11 0 0 0 3 0 0 0 20 24 5 20 17 0 0 0 0 12 0 0 0 0 0 0 0 0 -999
P12220 2097 12 0 0 18 13 41 27 0 0 0 0 0 0 13 0 0 33 28 4 4 2 8 37 5 0 0 11 0 0 0 0 0
P12220 2098 1 0 0 0 0 0 13 12 15 5 10 106 11 3 3 4 1 0 0 5 7 9 5 6 0 0 0 0 0 0 0 0
P12220 2098 2 0 0 11 15 18 24 13 13 0 0 18 0 15 5 5 21 8 0 0 10 15 0 0 0 0 36 17 0 -999 -999 -999
P12220 2098 3 0 10 7 0 2 0 6 10 0 0 0 0 0 0 0 0 0 0 0 51 33 0 0 0 0 0 0 0 0 0 0
P12220 2098 4 0 0 0 0 0 0 0 6 23 13 9 5 5 10 0 0 0 0 0 0 0 0 0 0 0 12 7 0 0 0 -999
P12220 2098 5 44 33 0 0 0 0 0 0 0 0 0 0 0 0 44 29 24 21 0 0 0 0 0 0 0 0 0 0 0 0 0
P12220 2098 6 0 0 31 51 11 23 0 0 0 0 22 55 1 11 46 6 7 12 0 0 0 1 3 6 0 0 0 0 0 0 -999
P12220 2098 7 0 0 0 0 0 0 0 0 0 0 0 0 0 0 0 0 0 0 0 0 0 0 0 0 0 0 0 0 0 0 0
P12220 2098 8 0 0 0 0 0 0 0 2 2 3 0 0 0 0 0 0 0 0 0 0 0 0 0 0 0 0 0 0 0 0 0
P12220 2098 9 0 0 0 0 0 0 0 0 0 0 0 0 0 0 0 0 0 0 1 0 0 0 0 0 0 3 0 0 0 0 -999
P12220 2098 10 0 0 0 0 15 8 0 0 0 0 0 0 0 0 0 1 0 1 5 51 216 0 0 0 0 13 0 7 5 21 14
P12220 2098 11 23 37 14 22 1 2 15 9 1 28 45 44 2 0 0 0 37 20 0 0 0 0 0 0 0 0 0 0 12 9 -999
P12220 2098 12 5 11 11 8 17 36 72 0 0 28 0 0 0 1 0 0 0 2 8 10 9 30 26 5 6 8 0 0 0 0 0
P12220 2099 1 0 0 0 0 0 0 0 0 0 0 0 0 0 0 0 0 17 0 0 0 0 0 0 0 0 0 0 0 0 0 0
P12220 2099 2 0 0 24 4 1 0 0 0 0 0 0 0 0 0 0 0 0 0 0 7 5 0 3 0 0 0 0 0 -999 -999 -999
P12220 2099 3 0 0 0 0 0 13 23 29 28 24 32 23 0 0 0 0 0 0 0 0 0 0 10 4 6 0 0 0 0 0 0
P12220 2099 4 0 0 7 0 7 4 0 0 0 0 6 0 0 22 17 3 0 0 0 0 0 0 0 0 22 45 27 0 0 15 -999
P12220 2099 5 0 0 0 0 0 0 0 0 0 16 0 0 0 10 127 0 0 0 0 28 0 0 0 0 0 0 0 0 0 0 0
P12220 2099 6 0 0 0 0 0 0 0 0 0 81 0 0 0 0 0 0 0 0 0 0 0 0 0 0 0 0 0 0 0 0 -999
P12220 2099 7 0 0 0 0 0 0 0 0 0 0 0 0 0 0 0 0 0 0 0 0 0 0 0 0 0 0 0 0 0 0 0
P12220 2099 8 0 0 0 0 0 0 0 0 0 0 0 0 0 0 0 0 0 0 0 0 0 0 0 0 0 0 0 0 0 0 0
P12220 2099 9 0 0 0 0 0 0 0 23 0 0 0 0 0 0 0 0 0 0 0 0 0 0 43 7 0 0 0 0 0 0 -999
P12220 2099 10 0 0 0 0 0 0 0 0 0 0 0 63 0 0 0 0 0 134 0 0 0 0 0 0 0 0 0 0 0 0 54
P12220 2099 11 20 20 16 0 0 11 6 0 0 10 0 0 49 42 0 0 0 0 31 34 34 19 0 0 0 0 0 0 0 0 -999
P12220 2099 12 0 0 0 0 0 0 0 0 0 0 0 0 0 0 0 0 0 0 0 0 0 1 0 0 0 0 0 0 0 20 35
P12220 2100 1 14 0 0 0 0 0 3 5 0 0 8 20 35 27 32 48 1 0 0 0 11 4 3 1 0 8 2 0 0 0 0
P12220 2100 2 0 0 27 21 0 3 0 0 0 0 0 0 0 0 0 0 0 0 6 5 0 0 0 0 0 0 0 0 -999 -999 -999
P12220 2100 3 0 0 0 0 14 31 6 8 16 0 13 27 8 19 13 0 0 0 0 0 235 231 0 0 0 0 0 1 18 0 23
P12220 2100 4 2 0 13 0 0 0 0 0 7 0 0 0 0 0 0 0 0 6 0 0 0 50 7 5 0 0 0 0 0 0 -999
P12220 2100 5 0 0 296 108 1 13 0 0 0 246 18 14 0 0 0 4 0 0 0 0 0 0 19 1 0 0 0 0 0 59 82
P12220 2100 6 4 1 5 9 0 0 0 0 0 0 0 0 0 0 0 0 0 0 0 0 0 0 0 21 0 0 1 29 0 0 -999
P12220 2100 7 0 0 0 0 0 0 0 0 0 0 0 0 0 0 0 0 0 0 0 0 0 0 0 0 0 0 0 0 0 0 0
P12220 2100 8 0 0 0 0 0 0 0 0 0 0 0 0 0 0 0 0 0 0 0 0 0 0 0 0 0 0 0 0 0 0 0
P12220 2100 9 0 0 0 0 0 0 0 0 0 0 0 0 0 0 0 0 0 0 0 0 0 0 0 0 0 0 0 0 0 0 -999
P12220 2100 10 0 8 4 0 0 0 41 6 0 0 0 35 49 29 6 10 25 37 0 0 6 34 3 0 9 6 0 44 38 37 13
P12220 2100 11 0 0 1 0 0 2 0 0 0 0 0 65 92 12 13 4 0 0 0 0 0 0 0 0 0 0 0 0 0 0 -999
P12220 2100 12 0 0 0 0 0 0 0 25 18 6 1 0 0 5 9 20 5 20 22 3 0 31 0 12 34 43 15 20 10 0 -999
