precip bcc-csm1-1 rcp60 RNEURONALES decimas 2
P6312 39.247 -5.161 394 geo 2006 2100 -1
P6312 2006 1 0 0 3 3 5 2 2 14 53 133 42 86 24 26 15 8 11 12 6 0 8 7 17 9 12 4 3 7 5 1 0
P6312 2006 2 2 0 3 14 65 117 97 20 117 228 124 166 122 42 80 123 38 4 4 0 71 39 101 106 73 12 0 23 -999 -999 -999
P6312 2006 3 11 17 14 4 9 19 10 0 22 51 56 36 53 52 37 13 28 4 0 0 0 0 0 0 0 0 8 6 6 13 7
P6312 2006 4 16 110 0 0 39 12 11 60 45 92 69 60 33 8 6 0 0 15 22 4 0 0 22 9 0 25 0 0 0 0 -999
P6312 2006 5 0 4 2 32 48 9 5 9 17 59 48 10 23 10 0 0 12 9 4 4 4 5 4 0 0 0 33 47 55 32 9
P6312 2006 6 26 8 27 62 96 34 33 3 0 0 0 0 0 0 0 0 0 0 0 0 0 0 0 0 0 0 0 0 0 0 -999
P6312 2006 7 0 0 0 0 0 19 0 0 0 0 0 0 0 0 0 0 0 0 0 0 0 0 0 0 0 0 0 0 0 0 0
P6312 2006 8 0 0 0 0 0 0 0 0 0 0 0 0 0 0 0 0 0 0 0 0 0 0 0 0 0 0 0 0 0 0 0
P6312 2006 9 0 0 0 0 0 0 0 0 0 0 4 0 0 35 31 0 9 11 6 0 0 0 0 0 0 17 0 0 0 0 -999
P6312 2006 10 11 5 11 72 23 0 0 0 0 0 23 0 0 0 0 0 0 0 0 0 0 0 0 0 0 0 19 12 0 0 0
P6312 2006 11 0 0 0 0 48 12 53 9 0 0 0 0 0 6 11 3 0 0 12 0 0 0 0 0 0 0 3 0 0 0 -999
P6312 2006 12 0 4 38 0 24 12 0 0 0 0 0 0 0 0 0 0 0 0 0 0 4 67 81 14 168 33 137 114 7 6 5
P6312 2007 1 0 0 0 0 0 0 0 0 0 7 8 47 3 0 0 0 5 11 3 6 16 3 25 37 22 79 64 17 68 7 10
P6312 2007 2 0 0 24 20 70 149 141 60 19 16 11 109 80 109 60 19 0 0 32 4 0 0 11 5 16 52 0 0 -999 -999 -999
P6312 2007 3 101 7 0 0 0 0 0 0 0 0 0 37 46 15 0 10 35 13 7 3 0 78 54 0 4 7 0 10 21 0 0
P6312 2007 4 0 0 8 23 17 27 39 11 0 0 0 0 15 4 15 48 5 34 36 6 22 93 108 115 58 43 8 5 14 12 -999
P6312 2007 5 14 5 8 45 18 9 8 17 3 8 15 45 34 25 18 13 13 4 0 3 0 0 0 0 0 0 0 0 0 0 0
P6312 2007 6 0 0 0 0 0 0 0 4 0 0 0 0 0 0 0 0 0 0 0 0 0 0 0 0 0 0 0 0 0 0 -999
P6312 2007 7 0 0 0 0 0 0 0 0 0 0 0 0 0 0 0 0 0 0 0 0 0 0 0 0 0 0 0 0 0 0 0
P6312 2007 8 0 0 0 0 0 0 0 0 0 0 0 0 0 0 0 0 0 0 0 0 0 0 0 39 23 0 10 0 4 0 0
P6312 2007 9 0 0 0 0 0 0 0 0 0 0 0 0 0 0 0 0 0 0 0 0 0 0 0 0 0 0 0 0 0 0 -999
P6312 2007 10 0 46 12 0 0 0 10 11 12 43 12 11 39 55 17 6 46 22 15 3 10 0 0 10 26 90 125 77 19 90 45
P6312 2007 11 0 0 0 0 0 0 0 7 4 20 5 0 8 4 9 8 0 7 11 99 27 153 81 101 57 22 22 45 128 10 -999
P6312 2007 12 9 4 0 0 0 0 0 24 136 113 42 19 11 9 23 277 132 111 94 116 47 7 63 18 16 17 12 19 38 19 0
P6312 2008 1 76 82 104 72 58 173 97 25 13 25 41 61 11 4 6 118 90 60 13 0 0 0 0 0 0 0 0 5 0 0 0
P6312 2008 2 0 0 0 0 0 0 0 0 3 0 0 0 0 0 2 0 0 0 10 80 25 56 0 34 3 2 0 14 -999 -999 -999
P6312 2008 3 20 11 9 0 0 0 4 2 2 0 0 4 48 74 56 27 51 22 5 19 9 0 49 30 37 74 9 3 9 25 13
P6312 2008 4 30 8 16 7 25 92 99 77 53 30 0 0 24 7 0 0 0 17 22 6 0 0 2 2 4 16 5 0 66 0 -999
P6312 2008 5 0 0 4 15 26 25 18 5 21 33 23 6 15 0 0 0 12 6 0 10 0 0 0 0 0 0 0 0 0 0 0
P6312 2008 6 0 0 0 0 0 0 0 0 0 0 0 0 0 0 0 0 0 0 0 0 0 0 0 0 0 7 8 0 0 0 -999
P6312 2008 7 7 9 0 32 54 11 35 0 0 0 0 0 0 0 0 0 0 0 0 0 0 0 0 0 0 0 0 0 0 0 0
P6312 2008 8 0 0 0 0 0 0 0 0 0 0 0 0 0 0 0 0 0 0 0 0 0 0 0 0 0 0 0 0 0 0 0
P6312 2008 9 0 0 0 0 0 0 0 0 0 0 0 0 0 0 0 0 0 0 0 0 0 0 0 0 0 0 0 0 0 0 -999
P6312 2008 10 8 4 7 6 8 6 0 0 0 0 22 8 45 52 85 40 25 4 7 25 12 97 61 10 12 18 0 10 13 5 13
P6312 2008 11 8 8 2 6 6 7 19 47 16 3 2 6 2 16 75 127 59 92 228 5 10 155 22 15 4 8 8 3 4 26 -999
P6312 2008 12 116 23 6 26 0 4 34 83 12 3 3 17 46 147 36 23 4 0 0 8 19 16 14 30 4 1 2 0 0 0 14
P6312 2009 1 4 0 0 0 17 8 2 3 4 42 35 3 92 5 3 5 10 113 56 39 49 30 32 19 10 7 0 4 19 26 6
P6312 2009 2 7 9 0 0 37 52 27 11 40 25 60 60 10 0 0 0 91 44 25 67 90 34 119 79 188 142 120 138 -999 -999 -999
P6312 2009 3 92 118 149 126 36 210 56 12 7 19 5 0 0 0 0 0 2 13 14 21 14 0 0 0 21 62 18 11 8 5 6
P6312 2009 4 0 0 0 0 0 7 25 3 2 0 15 11 27 26 5 5 0 0 0 29 3 0 0 0 0 0 0 0 0 0 -999
P6312 2009 5 0 0 0 0 0 0 0 0 0 0 0 0 0 0 0 0 0 0 0 0 0 0 0 0 0 0 0 0 0 0 0
P6312 2009 6 0 0 0 0 0 0 0 9 10 10 27 14 13 13 6 5 5 9 4 8 0 0 0 0 0 0 0 0 0 0 -999
P6312 2009 7 0 0 0 0 0 0 0 0 0 0 0 0 0 0 0 0 0 0 0 0 0 0 0 0 0 0 0 0 0 0 0
P6312 2009 8 0 0 0 0 0 0 0 0 0 0 0 0 0 0 0 0 0 0 0 0 0 0 0 0 0 0 0 0 0 0 0
P6312 2009 9 0 0 0 0 0 0 0 0 0 0 0 0 0 0 0 0 0 0 0 0 0 0 0 0 0 0 0 0 0 0 -999
P6312 2009 10 0 52 64 45 39 28 13 7 0 0 0 0 0 0 0 0 0 0 0 0 4 6 5 0 15 0 15 0 0 0 0
P6312 2009 11 0 22 42 0 21 0 0 6 19 28 68 22 13 0 0 0 0 0 0 0 0 4 8 0 0 0 0 0 0 0 -999
P6312 2009 12 0 0 7 8 11 10 18 5 0 26 36 20 13 8 14 74 33 10 10 0 0 0 4 22 48 104 60 166 69 97 114
P6312 2010 1 7 17 7 6 6 0 38 17 0 8 14 0 0 0 11 5 12 28 25 7 7 0 0 3 11 10 0 0 0 0 0
P6312 2010 2 0 0 0 2 2 0 0 0 3 12 6 12 11 0 0 7 19 3 5 0 21 5 0 0 0 0 0 6 -999 -999 -999
P6312 2010 3 5 0 0 0 1 10 36 16 15 15 4 0 0 0 0 0 0 0 12 77 45 9 28 6 5 3 3 5 4 0 6
P6312 2010 4 50 83 66 5 47 22 82 15 6 0 0 61 7 0 0 0 0 0 0 0 0 0 0 9 0 0 0 0 0 0 -999
P6312 2010 5 0 0 0 0 0 0 0 0 0 0 0 0 0 0 0 0 0 0 0 0 0 0 0 0 0 0 0 0 0 18 0
P6312 2010 6 0 0 0 0 0 0 0 0 0 0 0 0 0 74 23 10 4 0 0 0 0 0 0 0 0 0 0 0 0 0 -999
P6312 2010 7 0 0 0 0 0 0 0 0 0 0 0 0 0 0 0 0 0 0 0 0 0 0 0 0 0 0 0 0 0 0 0
P6312 2010 8 0 0 0 0 0 0 0 0 0 0 0 0 0 0 0 0 0 0 0 0 0 0 0 0 0 0 0 0 0 0 0
P6312 2010 9 0 0 0 0 0 0 0 0 0 0 0 0 0 0 0 0 0 0 0 0 29 0 0 0 0 56 0 0 0 0 -999
P6312 2010 10 0 0 0 0 0 0 0 0 0 0 0 0 0 0 0 0 0 0 0 0 0 0 20 0 14 20 40 0 0 0 0
P6312 2010 11 0 0 0 0 0 0 0 0 0 10 70 164 90 24 84 8 34 11 17 10 0 5 7 4 0 2 0 0 0 0 -999
P6312 2010 12 0 0 0 0 0 0 0 0 12 0 0 12 15 6 4 9 3 17 16 10 3 0 0 12 7 3 4 6 2 4 2
P6312 2011 1 0 0 0 0 3 1 0 0 0 0 5 10 0 0 0 0 37 62 46 48 38 0 0 0 0 7 4 0 0 16 5
P6312 2011 2 3 4 4 0 0 0 0 0 11 9 5 2 0 0 9 12 12 27 37 69 52 7 24 44 27 8 7 15 -999 -999 -999
P6312 2011 3 6 3 5 15 9 93 57 75 10 12 0 6 0 27 90 57 0 18 17 13 5 3 4 12 8 3 20 34 95 8 14
P6312 2011 4 44 13 18 12 0 8 0 0 0 97 39 17 16 0 0 0 0 0 0 0 0 0 2 7 5 19 6 0 0 0 -999
P6312 2011 5 0 0 0 0 0 0 0 0 0 15 6 0 0 0 0 0 0 0 0 0 0 0 0 0 0 0 7 0 0 0 0
P6312 2011 6 0 0 0 0 0 0 0 0 0 0 0 0 0 0 0 0 0 0 0 0 0 0 18 17 31 16 0 0 0 0 -999
P6312 2011 7 0 0 0 0 0 0 0 0 0 0 0 0 0 0 0 0 0 0 0 0 0 0 0 0 0 0 0 0 0 0 0
P6312 2011 8 0 0 0 0 0 0 0 0 0 0 0 0 0 0 0 0 0 0 0 0 0 0 0 0 0 0 0 0 0 0 0
P6312 2011 9 0 0 0 0 0 0 0 0 0 0 18 0 0 0 0 0 0 10 0 0 0 0 0 0 0 0 0 0 0 0 -999
P6312 2011 10 0 0 0 0 0 0 9 3 3 0 0 0 3 0 0 0 0 0 40 13 4 89 56 7 0 0 0 0 40 75 18
P6312 2011 11 40 43 104 17 6 59 19 32 0 0 0 47 14 27 34 0 0 0 0 10 26 23 49 29 0 30 84 162 68 45 -999
P6312 2011 12 102 33 9 0 0 0 1 3 3 0 8 0 8 11 108 25 49 40 0 0 0 1 3 11 61 87 93 27 18 21 29
P6312 2012 1 20 23 96 26 205 4 13 0 0 8 5 16 11 13 8 31 33 165 37 11 10 8 12 8 0 3 7 3 0 0 5
P6312 2012 2 0 0 0 14 0 0 0 0 2 8 36 56 44 12 31 9 96 16 33 20 9 8 13 61 24 0 13 0 -999 -999 -999
P6312 2012 3 5 0 0 0 0 0 0 0 0 0 0 0 5 15 7 9 11 12 16 12 0 0 0 9 7 10 11 9 0 0 1
P6312 2012 4 2 5 10 0 0 0 0 0 0 0 0 0 0 0 0 0 0 0 0 0 0 0 0 0 0 0 0 0 0 0 -999
P6312 2012 5 0 0 0 0 0 0 0 0 15 22 0 0 50 0 0 0 0 0 0 0 0 0 0 24 13 13 15 17 39 12 0
P6312 2012 6 0 0 0 0 0 4 0 0 0 0 0 0 0 0 0 0 0 0 0 0 0 0 0 0 0 0 0 0 0 0 -999
P6312 2012 7 0 0 0 0 0 0 0 0 0 0 0 0 0 0 0 0 0 0 0 0 0 0 0 0 0 0 0 0 0 0 0
P6312 2012 8 0 0 0 0 0 0 0 0 0 0 0 0 0 0 0 0 0 0 0 0 0 0 0 0 0 0 9 0 0 0 0
P6312 2012 9 0 0 0 0 0 0 0 0 0 0 0 0 0 0 0 0 0 0 0 0 0 0 0 0 0 0 0 0 0 0 -999
P6312 2012 10 0 0 0 0 0 0 0 0 0 0 0 0 0 0 0 0 0 0 0 0 60 63 26 4 6 25 0 13 18 200 48
P6312 2012 11 13 0 16 34 29 55 57 7 9 6 5 23 131 8 0 0 0 0 0 0 0 0 0 0 0 0 0 0 0 6 -999
P6312 2012 12 54 11 9 6 14 4 6 0 0 0 0 3 6 2 0 5 6 50 23 49 3 28 13 29 5 12 0 0 0 2 0
P6312 2013 1 6 0 0 0 0 4 1 0 0 0 1 5 12 5 3 4 0 2 2 7 24 32 64 39 10 3 2 0 0 9 6
P6312 2013 2 5 20 24 5 5 37 59 10 9 10 17 18 5 17 20 14 69 5 9 5 0 16 39 22 45 47 25 8 -999 -999 -999
P6312 2013 3 5 4 5 0 0 0 0 0 0 0 0 14 79 101 40 70 29 74 0 0 0 0 0 0 0 0 0 0 0 0 0
P6312 2013 4 0 32 43 30 19 19 9 14 23 7 0 0 0 0 73 58 52 44 73 77 35 14 0 0 0 0 0 0 0 0 -999
P6312 2013 5 0 0 0 0 0 0 0 0 0 23 14 8 5 0 0 0 0 0 35 32 12 13 7 12 3 0 0 0 0 0 0
P6312 2013 6 0 0 0 0 0 0 0 0 0 0 0 0 0 0 0 0 0 0 0 0 0 0 0 0 0 0 0 0 0 0 -999
P6312 2013 7 0 0 0 0 0 0 0 0 0 0 0 0 0 0 0 0 0 0 0 0 0 0 0 0 0 0 0 0 0 0 0
P6312 2013 8 0 0 0 0 0 0 0 0 0 0 0 0 0 0 0 0 0 0 0 0 0 0 0 0 0 0 0 0 0 0 0
P6312 2013 9 0 0 0 0 0 0 0 0 0 0 0 0 0 0 0 0 0 0 0 0 0 0 0 0 0 0 0 0 0 0 -999
P6312 2013 10 0 0 0 0 0 0 0 7 49 41 90 49 99 74 51 91 13 11 3 19 7 3 97 14 0 0 0 0 0 0 0
P6312 2013 11 8 13 7 7 0 0 0 0 0 0 0 0 16 8 98 25 0 12 4 0 0 3 0 20 13 24 26 48 37 0 -999
P6312 2013 12 0 28 78 25 6 4 3 3 2 4 7 8 0 0 0 29 83 12 0 0 5 2 8 0 0 0 0 2 8 14 34
P6312 2014 1 113 154 15 7 10 3 24 5 70 24 56 41 51 28 4 0 0 7 4 17 36 17 47 33 143 175 33 49 67 112 12
P6312 2014 2 173 3 21 41 9 5 7 14 14 30 0 0 0 0 0 0 0 0 13 12 9 8 0 0 0 0 0 0 -999 -999 -999
P6312 2014 3 0 0 0 0 0 0 0 0 0 0 2 0 0 0 25 3 0 0 0 5 12 6 3 5 28 14 0 0 0 0 0
P6312 2014 4 0 0 13 3 0 0 4 10 40 134 53 4 4 0 0 0 0 0 0 0 0 0 0 0 0 0 0 10 9 24 -999
P6312 2014 5 19 37 4 0 0 20 8 19 3 0 5 33 21 8 9 8 23 11 0 0 0 0 0 0 0 0 0 0 0 57 90
P6312 2014 6 48 14 7 0 0 0 0 0 0 0 0 0 0 0 0 0 0 0 0 0 0 0 0 0 0 0 0 0 0 0 -999
P6312 2014 7 0 0 0 0 0 0 0 0 0 0 0 0 0 0 0 0 0 0 0 0 0 0 0 0 0 0 0 0 0 0 0
P6312 2014 8 0 0 0 0 0 0 0 0 0 0 0 0 0 0 0 0 0 0 0 0 0 0 0 0 0 0 0 0 0 0 0
P6312 2014 9 0 0 0 0 0 0 0 0 0 0 0 0 0 0 0 0 0 0 0 0 0 0 0 0 0 0 0 0 0 0 -999
P6312 2014 10 0 0 0 0 0 0 0 0 0 0 0 0 0 0 0 0 0 0 0 0 6 7 14 0 0 41 7 0 0 0 0
P6312 2014 11 0 11 0 0 27 45 5 9 0 0 11 23 7 0 0 0 0 24 28 170 32 3 0 13 88 56 7 4 9 35 -999
P6312 2014 12 10 0 0 0 0 0 0 0 0 7 10 11 17 15 113 45 115 55 8 273 40 161 76 157 28 22 34 5 0 0 0
P6312 2015 1 0 0 0 0 0 0 0 0 0 0 0 0 0 0 1 3 10 6 6 4 0 14 11 14 99 35 4 15 8 75 5
P6312 2015 2 12 9 0 4 6 0 0 5 26 5 8 116 188 121 72 47 80 121 47 9 94 73 53 3 1 0 19 23 -999 -999 -999
P6312 2015 3 0 0 97 0 23 0 0 0 0 0 0 27 45 21 37 73 62 71 93 18 25 42 0 0 0 0 0 0 0 0 11
P6312 2015 4 0 0 0 0 28 31 0 0 9 72 72 13 24 39 52 26 6 9 62 63 54 56 11 54 36 0 0 0 0 0 -999
P6312 2015 5 0 0 4 6 12 8 0 0 0 0 0 0 0 0 0 0 0 0 0 0 0 0 0 0 0 0 0 0 0 0 0
P6312 2015 6 0 0 0 0 8 7 0 0 0 0 0 0 0 0 0 0 0 0 0 0 0 0 0 0 0 0 0 0 0 0 -999
P6312 2015 7 0 0 0 0 0 0 0 0 0 0 0 0 0 0 0 0 0 0 0 0 0 0 0 0 0 0 0 0 0 0 0
P6312 2015 8 0 0 0 0 0 0 0 0 0 0 0 0 0 0 0 0 0 0 0 0 0 0 0 0 0 0 0 0 0 0 0
P6312 2015 9 0 0 0 0 0 0 0 0 0 0 0 0 0 0 0 21 88 115 37 0 0 14 10 0 18 19 0 0 0 0 -999
P6312 2015 10 0 3 0 0 0 0 0 0 16 46 16 11 0 0 0 0 10 44 40 7 5 21 14 0 0 3 7 6 10 0 0
P6312 2015 11 0 0 0 0 6 0 0 20 15 0 0 2 9 16 7 5 0 0 0 0 0 0 3 0 0 0 0 0 12 3 -999
P6312 2015 12 0 0 0 0 0 0 0 0 0 0 4 24 19 50 22 4 3 0 20 36 27 99 25 10 58 12 95 106 45 133 43
P6312 2016 1 14 18 6 9 17 29 22 30 3 5 84 20 11 24 11 99 8 2 0 50 2 0 0 6 2 0 0 0 0 0 7
P6312 2016 2 6 6 6 0 26 17 3 4 3 0 3 11 15 11 7 0 0 0 0 0 0 0 0 1 1 0 0 0 -999 -999 -999
P6312 2016 3 6 0 0 0 5 0 0 22 9 0 0 0 0 0 0 0 0 31 0 0 0 0 0 0 0 0 0 0 0 14 5
P6312 2016 4 0 0 6 97 57 6 8 5 56 6 11 17 43 10 0 0 33 52 57 14 19 12 34 0 18 0 33 23 0 29 -999
P6312 2016 5 14 12 9 11 6 0 0 0 0 0 0 0 0 0 0 0 0 0 0 0 0 0 0 0 5 0 0 0 0 0 0
P6312 2016 6 0 0 0 0 0 0 0 0 0 0 0 0 0 0 0 0 0 0 0 0 0 0 0 0 0 0 0 9 0 0 -999
P6312 2016 7 0 0 0 0 0 0 0 0 0 0 0 0 0 0 0 0 0 0 0 0 0 0 0 0 0 0 0 0 0 0 0
P6312 2016 8 0 0 0 0 0 0 0 0 0 0 0 0 0 0 0 0 0 0 0 0 0 0 0 0 0 0 0 0 0 0 0
P6312 2016 9 0 0 0 0 0 0 0 0 0 0 0 0 0 0 0 0 0 0 0 0 0 0 0 0 0 0 0 9 0 0 -999
P6312 2016 10 0 0 0 0 0 0 0 16 15 0 0 0 0 0 5 34 23 31 30 34 38 8 43 147 100 59 70 216 14 0 9
P6312 2016 11 6 0 12 68 57 8 65 14 26 19 141 162 222 55 13 161 26 27 25 36 7 9 41 89 123 143 104 27 21 8 -999
P6312 2016 12 0 0 0 0 4 0 0 0 0 0 8 0 4 4 0 0 0 3 2 0 2 0 0 0 0 0 2 5 29 38 0
P6312 2017 1 0 0 46 2 11 7 47 22 38 45 3 5 5 0 6 8 0 0 0 37 36 2 0 3 20 17 89 75 0 0 0
P6312 2017 2 2 14 5 18 30 15 27 46 0 27 42 0 0 62 37 0 19 42 205 79 140 31 17 6 20 9 27 12 -999 -999 -999
P6312 2017 3 15 21 26 65 108 45 5 30 56 46 51 59 34 23 14 33 60 110 35 13 20 132 29 20 36 34 17 70 85 52 98
P6312 2017 4 56 37 10 10 8 9 54 12 10 70 123 31 4 15 37 16 9 8 6 14 28 13 0 6 6 22 7 3 5 3 -999
P6312 2017 5 15 19 5 9 6 16 45 6 17 20 10 0 0 38 0 0 0 0 0 0 0 14 55 58 10 0 0 0 0 0 0
P6312 2017 6 0 0 0 0 0 0 0 10 0 0 0 0 0 0 0 0 0 0 0 0 0 0 0 0 0 0 0 0 0 0 -999
P6312 2017 7 0 0 0 0 0 0 0 0 0 0 0 0 0 0 0 0 0 0 0 0 0 0 0 0 0 0 0 0 0 0 0
P6312 2017 8 0 0 0 0 0 0 0 0 0 0 0 0 0 0 0 0 0 0 0 0 0 0 0 0 0 0 0 0 0 0 0
P6312 2017 9 0 0 0 0 0 0 0 0 0 0 0 0 0 0 0 0 0 0 0 0 0 0 0 0 0 3 3 11 23 56 -999
P6312 2017 10 17 25 5 0 0 0 14 13 8 0 0 0 0 0 0 0 0 0 0 0 6 0 32 10 30 39 4 0 0 0 0
P6312 2017 11 9 5 0 0 11 10 9 19 12 28 26 8 17 0 4 0 10 12 9 12 5 31 7 66 85 32 0 0 17 3 -999
P6312 2017 12 7 4 0 0 0 0 0 2 0 0 16 25 50 14 5 18 31 7 15 29 68 59 38 12 10 20 21 90 136 62 79
P6312 2018 1 3 0 0 0 0 0 0 0 0 0 0 1 1 2 5 2 11 0 0 0 0 0 7 29 105 49 8 0 0 41 18
P6312 2018 2 13 46 123 28 112 90 47 82 3 6 24 82 61 12 0 0 0 0 0 0 0 0 17 22 5 0 0 9 -999 -999 -999
P6312 2018 3 5 0 0 0 0 13 8 0 0 0 49 52 21 4 0 0 0 0 0 38 32 26 30 83 22 133 20 29 17 61 7
P6312 2018 4 88 40 19 29 28 13 0 0 0 9 0 114 120 8 23 54 6 10 3 0 0 0 0 0 24 10 13 33 52 88 -999
P6312 2018 5 33 18 45 34 0 0 0 0 0 0 0 0 0 0 0 22 31 32 28 20 0 0 0 0 0 0 0 0 8 0 0
P6312 2018 6 0 0 0 0 0 0 11 5 0 0 0 0 0 0 0 0 0 0 0 0 0 0 0 0 0 0 0 0 0 0 -999
P6312 2018 7 0 0 0 0 0 0 0 0 0 0 0 0 0 0 0 0 0 0 0 0 0 0 0 0 0 0 0 0 0 0 0
P6312 2018 8 0 0 0 0 0 0 0 0 0 0 0 0 0 0 0 0 0 0 0 0 0 0 0 0 0 0 0 0 0 0 0
P6312 2018 9 0 0 0 0 0 0 0 0 0 0 0 0 0 0 0 0 0 0 0 0 0 43 33 0 0 0 0 0 0 0 -999
P6312 2018 10 0 0 0 0 0 0 0 0 0 0 0 0 0 0 0 0 0 0 0 37 38 0 0 0 18 0 0 4 0 9 57
P6312 2018 11 17 0 26 11 9 0 0 0 22 34 0 0 0 0 0 4 5 0 6 0 0 71 19 42 47 78 58 80 31 12 -999
P6312 2018 12 4 8 5 0 0 0 0 2 0 8 4 0 5 11 0 0 0 0 0 0 3 7 15 35 40 109 32 6 4 3 0
P6312 2019 1 0 0 2 8 8 54 29 35 15 8 16 12 103 13 35 11 0 0 0 3 0 0 0 2 3 0 0 0 0 7 59
P6312 2019 2 6 7 19 7 7 3 4 0 6 6 14 8 9 9 98 21 16 0 0 0 0 0 0 127 115 22 41 111 -999 -999 -999
P6312 2019 3 120 90 73 43 124 73 66 18 74 74 49 48 18 0 0 0 0 0 0 0 0 5 4 0 0 0 0 0 0 17 0
P6312 2019 4 0 0 0 0 0 0 0 0 0 0 5 10 3 0 0 0 0 0 0 0 0 0 5 4 4 5 13 92 6 11 -999
P6312 2019 5 5 0 4 0 0 0 0 0 0 6 0 0 31 6 0 8 0 0 0 0 0 0 0 0 0 0 0 0 0 0 15
P6312 2019 6 0 0 0 0 0 0 0 0 0 0 0 0 0 0 0 0 0 0 0 0 0 0 0 0 0 0 0 0 0 0 -999
P6312 2019 7 0 29 48 0 0 0 0 0 0 0 0 0 0 0 0 0 0 0 0 0 0 0 0 0 0 0 0 0 0 0 0
P6312 2019 8 0 0 0 0 0 0 0 0 0 0 0 0 0 0 0 0 0 0 0 0 0 0 0 0 0 0 0 0 0 0 0
P6312 2019 9 0 0 0 0 0 0 0 0 0 0 0 25 18 0 0 0 0 0 0 0 0 0 0 0 0 0 0 0 0 0 -999
P6312 2019 10 0 0 20 20 23 36 21 20 50 45 0 0 0 0 14 0 15 0 0 0 0 0 0 11 7 10 0 9 0 0 0
P6312 2019 11 7 61 0 17 102 27 40 17 0 4 7 6 20 30 138 12 0 0 0 0 0 0 0 8 15 64 4 8 9 25 -999
P6312 2019 12 8 17 0 0 17 5 20 3 0 0 0 0 6 17 79 14 32 67 15 3 7 66 53 132 206 50 28 2 9 3 0
P6312 2020 1 6 64 110 72 25 176 103 21 15 0 33 17 7 0 0 0 0 0 0 0 0 3 5 0 0 0 0 3 3 5 4
P6312 2020 2 5 9 30 61 6 26 16 5 0 0 0 0 0 45 41 40 5 0 0 15 23 40 81 75 5 0 0 0 -999 -999 -999
P6312 2020 3 0 0 0 0 0 0 0 0 0 0 0 0 35 20 42 46 40 12 0 0 0 13 92 123 71 17 56 6 41 17 18
P6312 2020 4 12 0 16 0 0 0 0 0 6 5 9 11 11 5 0 0 0 0 0 0 40 38 55 76 49 7 0 0 40 0 -999
P6312 2020 5 0 0 0 14 8 0 0 0 0 0 0 0 0 0 0 0 0 0 0 0 0 0 0 18 5 22 90 85 34 16 4
P6312 2020 6 0 0 0 0 0 9 16 14 9 0 0 0 0 0 0 0 0 0 0 0 0 0 0 0 0 0 0 0 0 0 -999
P6312 2020 7 0 0 0 0 0 0 0 0 0 0 0 0 0 0 0 0 0 0 0 0 0 0 0 0 0 0 0 0 0 0 0
P6312 2020 8 0 0 0 0 0 0 0 0 0 0 0 0 0 0 0 0 0 0 0 0 0 0 0 0 0 0 0 0 0 0 0
P6312 2020 9 0 0 0 0 0 0 0 0 0 0 0 0 0 0 41 10 0 17 49 28 5 0 0 0 0 0 0 0 0 0 -999
P6312 2020 10 0 0 0 3 0 5 0 0 0 0 12 0 0 0 0 0 0 0 0 0 0 4 34 73 10 101 113 99 14 9 0
P6312 2020 11 12 3 44 45 14 12 41 14 0 0 0 0 5 3 0 3 27 21 162 208 115 19 20 0 0 2 0 0 0 15 -999
P6312 2020 12 11 14 32 66 14 14 0 21 16 23 38 11 28 8 5 2 2 32 7 16 152 192 281 88 7 13 3 5 3 0 6
P6312 2021 1 2 8 3 6 8 7 2 0 0 2 18 24 16 25 4 7 5 6 6 12 31 31 55 112 163 212 137 82 190 91 108
P6312 2021 2 5 187 47 202 210 77 50 62 6 62 21 56 58 14 7 13 11 2 3 0 0 0 0 9 7 7 75 66 -999 -999 -999
P6312 2021 3 0 46 54 54 76 88 59 11 0 0 7 15 191 23 156 30 122 84 140 51 31 15 69 101 6 3 4 10 28 21 36
P6312 2021 4 53 72 9 35 9 0 0 0 41 118 31 8 0 0 0 29 50 19 9 7 0 0 0 43 82 75 12 9 0 11 -999
P6312 2021 5 3 0 0 6 0 8 13 12 21 16 27 7 8 0 0 0 0 0 0 0 0 0 0 0 0 0 0 7 6 25 9
P6312 2021 6 24 26 6 7 11 9 34 42 9 35 24 17 13 21 12 0 0 0 0 0 0 0 0 0 0 0 0 0 0 0 -999
P6312 2021 7 0 0 0 0 0 0 0 0 0 0 0 0 0 0 0 0 0 0 0 0 0 0 0 0 0 0 0 0 0 0 0
P6312 2021 8 0 0 0 0 0 0 0 9 17 9 0 0 0 0 0 0 0 0 0 0 0 0 0 0 0 0 0 0 0 0 0
P6312 2021 9 0 0 0 0 0 0 0 0 0 0 0 0 0 27 17 6 0 0 0 0 0 0 0 0 40 42 26 0 0 0 -999
P6312 2021 10 13 54 147 23 0 0 0 48 0 0 0 0 12 14 55 0 0 0 28 11 53 27 0 0 14 18 3 4 4 14 46
P6312 2021 11 55 12 39 13 29 31 34 50 8 10 0 0 0 0 0 0 0 0 8 35 34 8 7 0 0 0 0 0 0 0 -999
P6312 2021 12 0 0 0 0 0 0 0 3 0 0 7 13 48 50 107 56 231 217 81 106 140 51 111 51 151 20 182 138 20 36 4
P6312 2022 1 0 0 0 0 0 0 0 0 0 0 0 4 5 2 4 3 0 0 0 0 7 0 0 0 0 0 0 0 0 0 0
P6312 2022 2 0 6 5 5 4 0 0 1 14 19 12 1 2 6 56 12 5 3 0 19 65 7 7 49 8 36 36 127 -999 -999 -999
P6312 2022 3 21 31 8 63 84 42 12 5 0 6 0 0 0 0 0 0 0 0 0 16 17 0 9 9 0 14 0 0 0 4 4
P6312 2022 4 22 29 91 25 12 59 17 12 13 7 0 42 34 0 0 0 0 0 0 0 39 46 10 11 3 17 13 0 0 0 -999
P6312 2022 5 0 0 0 0 0 0 0 0 0 0 0 0 0 0 0 0 0 11 7 8 0 0 0 0 0 0 0 0 0 0 0
P6312 2022 6 0 0 0 0 0 0 0 0 0 0 0 0 0 0 0 0 0 0 0 0 0 0 0 0 0 0 0 0 0 0 -999
P6312 2022 7 0 0 0 0 0 0 0 0 0 0 0 0 0 0 0 0 0 0 0 0 0 0 0 0 0 0 0 0 0 0 0
P6312 2022 8 0 0 0 0 0 0 0 0 0 0 0 0 0 0 0 0 0 0 0 0 0 0 0 0 0 0 0 0 0 0 0
P6312 2022 9 0 0 0 0 0 0 0 0 0 0 0 0 0 0 0 0 0 0 0 0 0 15 8 16 0 6 0 0 0 0 -999
P6312 2022 10 0 0 0 0 6 0 0 0 0 0 0 0 30 9 4 0 0 0 0 39 29 0 0 0 0 0 51 25 0 0 0
P6312 2022 11 23 0 0 10 7 0 0 0 0 0 5 38 51 61 53 50 28 14 37 252 136 194 152 120 5 4 0 0 3 8 -999
P6312 2022 12 17 8 14 7 8 108 58 85 19 14 16 7 0 0 0 0 31 13 38 105 45 83 132 131 133 220 221 114 62 3 25
P6312 2023 1 18 24 27 65 118 102 28 72 52 5 61 14 26 20 8 11 37 38 21 8 8 8 10 4 0 8 0 0 0 0 0
P6312 2023 2 0 0 0 0 5 11 3 0 0 0 0 22 9 36 115 66 51 39 6 104 4 0 0 3 0 0 9 0 -999 -999 -999
P6312 2023 3 3 4 14 8 5 9 2 1 3 0 0 0 0 10 65 23 210 115 20 28 69 47 15 10 4 14 5 7 26 27 0
P6312 2023 4 0 0 0 0 0 0 27 50 15 0 0 0 0 24 51 22 9 2 0 0 3 2 0 0 5 4 0 0 0 0 -999
P6312 2023 5 65 104 98 103 43 68 66 117 59 12 3 7 35 0 0 0 0 0 0 0 0 13 3 7 0 0 0 0 0 0 0
P6312 2023 6 0 0 0 0 0 0 0 0 0 0 0 6 0 0 14 3 3 0 0 0 0 0 0 0 0 0 0 0 0 0 -999
P6312 2023 7 0 0 0 0 0 0 0 0 0 0 0 0 0 0 0 0 0 0 0 0 0 0 0 0 0 0 0 0 0 0 0
P6312 2023 8 0 0 0 0 0 0 0 0 0 0 0 0 0 0 0 0 0 0 0 0 0 0 0 0 0 0 0 0 0 0 0
P6312 2023 9 0 0 0 0 0 0 0 0 0 0 0 0 0 0 0 0 0 3 0 0 0 0 0 0 0 0 0 0 0 9 -999
P6312 2023 10 9 5 0 0 0 0 0 0 6 0 0 0 0 18 8 9 15 5 5 18 9 12 0 9 0 0 7 6 8 10 14
P6312 2023 11 4 9 5 0 0 0 0 0 55 63 72 76 49 3 4 0 4 0 0 0 3 0 0 0 0 0 5 7 0 0 -999
P6312 2023 12 4 24 90 35 0 0 0 0 0 0 0 0 0 0 14 7 26 89 63 71 38 139 31 102 6 0 0 0 0 2 6
P6312 2024 1 7 0 0 2 0 0 0 0 0 0 0 0 0 0 0 1 13 57 80 86 59 113 89 23 8 21 34 51 3 26 13
P6312 2024 2 11 15 0 56 4 0 0 58 43 0 65 89 115 12 8 0 0 0 0 0 0 3 3 0 0 0 0 0 -999 -999 -999
P6312 2024 3 0 0 0 0 2 11 22 0 0 25 48 28 6 106 12 6 12 9 35 6 8 0 0 0 0 5 8 5 11 16 11
P6312 2024 4 5 5 4 10 54 91 72 55 11 100 38 0 0 0 0 0 0 0 0 0 18 67 5 3 0 0 0 0 0 10 -999
P6312 2024 5 19 15 17 15 8 8 24 18 0 0 0 9 5 5 4 2 0 11 0 0 0 0 0 0 0 0 20 26 12 14 0
P6312 2024 6 0 0 0 0 0 0 0 0 0 0 0 22 12 0 0 0 0 0 0 0 0 0 0 0 0 0 0 0 0 0 -999
P6312 2024 7 0 0 0 0 0 0 0 0 0 0 0 0 0 0 0 0 0 0 0 0 0 0 0 0 0 0 0 0 0 0 0
P6312 2024 8 0 0 0 0 0 0 0 0 0 0 0 0 0 0 0 0 0 0 0 0 0 0 0 0 0 0 0 0 0 0 0
P6312 2024 9 0 0 0 0 0 0 0 0 0 0 0 0 0 0 0 18 0 0 0 28 97 82 58 24 0 20 20 12 11 20 -999
P6312 2024 10 0 65 104 7 88 49 7 0 0 0 0 0 0 0 52 0 0 19 0 0 0 0 0 0 0 0 0 0 12 42 35
P6312 2024 11 22 136 87 26 31 17 10 0 2 4 23 20 10 16 30 22 5 5 4 0 0 0 0 0 0 0 0 0 23 59 -999
P6312 2024 12 47 39 23 13 21 25 17 19 33 70 111 67 48 32 28 17 7 9 9 0 9 11 67 25 11 16 11 7 0 3 10
P6312 2025 1 0 0 5 97 143 78 9 35 15 31 11 0 3 13 8 15 13 43 14 6 10 0 2 0 0 0 5 45 96 117 19
P6312 2025 2 26 46 39 11 43 60 151 104 22 40 40 62 0 0 0 16 0 0 0 0 0 0 2 0 0 0 0 0 -999 -999 -999
P6312 2025 3 3 14 10 11 0 0 0 69 20 8 7 4 0 0 0 0 0 0 0 0 0 0 0 0 0 0 8 0 0 0 0
P6312 2025 4 0 0 0 0 3 0 0 0 0 0 0 0 0 0 0 0 0 0 0 0 0 0 0 0 16 0 0 3 4 0 -999
P6312 2025 5 0 0 11 16 8 3 0 0 0 0 0 0 0 20 10 4 0 0 0 0 0 0 0 5 7 5 10 12 49 0 0
P6312 2025 6 0 0 0 3 9 0 0 0 0 0 0 0 0 0 0 0 0 0 0 0 0 0 0 0 0 0 0 0 0 0 -999
P6312 2025 7 0 0 0 0 0 0 0 0 0 0 0 0 0 0 0 0 0 0 0 0 0 0 0 0 0 0 0 0 0 0 0
P6312 2025 8 0 0 7 0 0 0 0 0 0 0 0 0 0 22 0 0 0 0 0 0 0 0 0 0 0 0 0 0 0 0 0
P6312 2025 9 0 0 0 0 0 0 0 0 0 0 0 0 0 0 0 0 0 18 0 0 0 0 0 0 0 0 0 0 0 0 -999
P6312 2025 10 0 0 0 0 0 0 0 0 0 0 0 0 0 0 0 0 51 118 57 72 109 96 12 4 9 0 0 4 17 114 137
P6312 2025 11 105 22 15 238 66 43 16 4 86 137 52 0 13 103 95 83 13 0 0 11 2 0 0 0 0 4 0 0 0 0 -999
P6312 2025 12 0 0 2 0 0 4 4 6 7 11 43 8 18 17 27 47 0 42 10 6 46 42 31 59 22 18 7 23 26 51 44
P6312 2026 1 90 6 14 0 0 0 0 3 0 2 4 3 2 9 16 8 9 20 77 66 50 19 15 2 0 0 0 0 0 0 0
P6312 2026 2 0 0 0 0 0 0 0 0 0 0 0 0 7 12 4 48 2 7 5 5 0 7 0 10 9 0 0 14 -999 -999 -999
P6312 2026 3 11 0 26 53 30 40 25 8 0 0 0 0 0 29 0 0 0 0 0 0 0 0 97 49 71 66 70 32 65 90 29
P6312 2026 4 0 43 17 12 22 32 26 7 9 3 22 6 13 0 0 0 0 0 8 0 7 0 0 0 0 0 0 0 15 41 -999
P6312 2026 5 10 22 0 0 0 0 0 0 0 0 0 0 0 0 0 0 0 0 0 0 0 0 0 0 0 0 0 0 6 0 0
P6312 2026 6 0 0 0 0 0 0 0 0 0 0 0 0 0 0 0 23 0 0 0 0 0 0 0 0 0 0 0 0 0 0 -999
P6312 2026 7 0 0 0 0 0 0 0 0 0 0 0 0 0 0 0 0 0 0 0 0 0 0 0 0 0 0 0 0 0 0 0
P6312 2026 8 0 0 0 0 0 0 0 0 0 0 0 0 0 0 0 0 0 0 0 0 0 0 0 0 0 0 0 0 0 0 0
P6312 2026 9 0 0 0 0 0 0 0 0 0 0 0 0 0 0 0 0 0 0 0 0 0 0 0 0 0 0 0 0 0 0 -999
P6312 2026 10 0 0 0 0 0 0 0 0 0 0 0 0 0 0 0 0 4 0 0 32 9 8 0 0 0 0 0 10 96 54 178
P6312 2026 11 44 43 26 49 196 15 30 210 136 33 61 10 7 135 197 24 5 7 0 0 4 0 0 0 0 0 0 0 0 0 -999
P6312 2026 12 2 7 10 0 0 0 0 0 0 13 3 5 0 17 98 64 21 189 51 29 4 140 21 17 25 4 5 29 0 0 0
P6312 2027 1 0 3 5 34 12 150 172 9 17 21 164 22 4 5 21 9 0 3 71 10 54 23 9 5 31 120 202 74 117 6 0
P6312 2027 2 0 0 0 0 0 0 3 0 0 3 46 4 0 0 0 22 23 29 23 36 21 46 61 30 0 13 7 0 -999 -999 -999
P6312 2027 3 7 45 41 25 8 6 0 7 0 0 0 0 0 0 0 0 15 25 39 26 72 79 68 47 12 43 14 7 0 0 0
P6312 2027 4 0 14 18 19 0 0 0 0 0 0 0 0 5 28 6 0 0 0 0 0 0 10 21 0 0 0 0 0 31 0 -999
P6312 2027 5 0 0 0 7 7 33 44 19 0 0 0 0 0 0 0 0 0 0 0 0 0 0 0 0 0 0 0 0 0 0 0
P6312 2027 6 0 0 0 18 10 6 0 0 0 0 0 0 0 0 0 0 0 0 0 0 0 0 0 0 0 0 10 9 0 0 -999
P6312 2027 7 0 9 14 0 16 18 0 0 0 0 0 0 0 0 0 0 0 0 0 0 0 0 0 0 0 0 0 0 0 0 0
P6312 2027 8 0 0 0 0 0 0 0 0 0 0 0 0 0 0 0 0 0 0 0 0 0 0 0 0 0 0 0 0 0 0 0
P6312 2027 9 0 0 0 0 0 0 0 0 0 0 0 0 0 0 0 0 0 0 0 0 0 0 0 0 0 0 3 0 12 0 -999
P6312 2027 10 21 7 18 0 0 0 15 0 0 0 0 0 0 0 0 0 9 5 0 0 2 6 5 12 9 0 0 0 0 0 0
P6312 2027 11 0 0 6 3 14 0 5 0 10 75 35 3 0 0 0 0 0 0 0 0 13 61 47 27 23 113 34 17 5 8 -999
P6312 2027 12 11 15 4 4 5 10 2 0 0 0 0 0 10 4 27 9 38 25 0 9 0 0 0 0 4 2 0 0 0 0 0
P6312 2028 1 3 6 0 0 0 0 0 0 0 0 0 0 0 0 5 8 21 27 7 0 0 0 0 0 0 0 19 4 0 0 0
P6312 2028 2 0 0 45 34 55 72 25 40 21 29 87 50 88 163 74 20 61 69 72 5 6 28 6 0 0 0 0 0 -999 -999 -999
P6312 2028 3 0 0 0 0 0 0 0 0 0 8 27 16 15 14 12 0 0 0 0 0 0 4 0 0 8 33 48 3 4 6 15
P6312 2028 4 0 0 0 0 0 0 0 0 0 39 4 0 0 0 0 0 12 15 76 95 5 0 0 0 0 0 0 0 0 0 -999
P6312 2028 5 10 0 0 0 0 0 0 36 66 25 16 10 30 15 0 8 0 0 0 0 0 0 0 4 0 0 6 12 6 0 0
P6312 2028 6 3 6 14 26 45 72 44 5 0 0 0 0 0 0 0 0 0 0 0 0 0 0 0 0 0 0 0 28 13 15 -999
P6312 2028 7 11 0 0 0 0 0 0 0 0 0 0 5 0 0 0 0 0 0 0 0 0 0 0 0 0 0 0 0 0 0 0
P6312 2028 8 0 0 0 0 0 0 0 0 0 0 0 0 0 0 0 0 0 0 0 0 0 0 0 0 14 7 0 0 0 0 0
P6312 2028 9 0 0 0 0 0 0 0 0 0 0 0 0 0 0 0 0 0 0 0 0 0 0 0 36 0 0 0 15 0 0 -999
P6312 2028 10 0 0 0 0 0 0 0 0 0 0 4 0 0 0 0 0 0 0 0 0 0 0 0 0 0 0 0 0 0 0 0
P6312 2028 11 0 5 20 10 73 33 5 0 4 0 0 28 12 6 11 8 4 41 9 34 131 37 19 4 3 2 33 33 38 15 -999
P6312 2028 12 9 11 16 11 2 0 0 0 0 0 0 5 4 3 0 0 22 32 77 88 117 180 55 48 25 51 47 33 14 54 4
P6312 2029 1 7 0 47 93 6 5 0 44 12 25 28 81 59 38 19 63 39 5 3 4 2 0 0 0 0 0 0 46 9 15 13
P6312 2029 2 117 61 80 68 47 12 10 7 0 34 4 8 40 5 0 23 3 0 0 5 0 0 2 5 2 8 15 10 -999 -999 -999
P6312 2029 3 14 15 0 94 71 130 48 92 48 5 13 0 3 8 11 3 2 4 5 43 3 7 10 0 0 0 0 0 0 7 13
P6312 2029 4 0 0 14 9 0 0 0 0 0 0 0 0 22 65 5 10 0 36 0 2 0 0 0 0 0 0 0 11 55 18 -999
P6312 2029 5 4 0 39 85 77 24 139 60 16 4 8 6 3 0 0 0 0 0 0 6 0 0 0 0 0 0 0 0 0 0 0
P6312 2029 6 0 0 0 0 0 0 0 0 0 0 0 0 0 0 0 0 0 0 0 0 0 0 0 0 0 0 0 0 0 0 -999
P6312 2029 7 0 0 0 0 0 0 0 0 0 0 0 0 0 0 0 0 0 0 0 0 0 0 0 0 0 0 0 0 0 0 0
P6312 2029 8 0 0 0 0 0 0 0 0 0 0 0 0 0 0 0 0 0 0 0 0 0 0 0 0 0 0 0 0 0 0 0
P6312 2029 9 0 0 0 0 0 0 0 0 0 0 0 0 0 0 0 0 0 0 0 0 0 0 0 0 33 69 15 0 0 0 -999
P6312 2029 10 0 0 0 0 0 0 0 0 0 0 0 0 0 0 0 0 0 14 0 0 0 0 0 0 23 37 0 47 93 55 5
P6312 2029 11 0 0 0 0 0 0 0 0 0 0 0 0 0 0 3 4 10 13 6 7 24 6 24 28 0 0 15 11 17 0 -999
P6312 2029 12 9 11 47 70 120 12 24 40 26 7 22 4 7 10 5 0 23 9 5 0 10 73 30 15 59 9 162 120 140 6 0
P6312 2030 1 0 0 0 0 44 33 48 8 0 70 13 4 0 26 26 142 11 0 7 7 31 0 8 27 27 3 41 38 4 0 0
P6312 2030 2 11 13 43 21 146 38 33 17 0 0 0 0 0 0 0 43 17 4 0 0 0 12 10 0 95 3 0 7 -999 -999 -999
P6312 2030 3 0 0 0 0 0 0 0 0 0 0 0 0 0 0 0 0 22 8 23 0 0 17 26 36 47 28 18 31 81 30 163
P6312 2030 4 108 83 9 0 0 0 0 8 12 21 11 0 0 0 22 9 26 28 9 2 4 0 0 6 19 36 0 0 60 21 -999
P6312 2030 5 6 0 0 0 0 0 0 0 0 10 7 4 4 42 92 43 8 45 8 0 0 0 0 0 0 0 0 0 0 0 0
P6312 2030 6 0 0 0 0 0 0 0 0 0 0 0 0 0 0 0 0 5 6 5 7 0 0 0 0 0 0 0 0 0 0 -999
P6312 2030 7 0 0 0 0 0 0 0 0 0 0 0 0 0 0 0 0 0 0 0 0 0 0 0 0 0 0 0 0 0 0 0
P6312 2030 8 0 0 0 0 0 0 0 0 0 0 0 0 0 0 0 0 0 0 0 0 0 0 0 0 0 0 0 0 0 0 0
P6312 2030 9 0 0 0 0 0 0 0 0 0 0 0 0 0 0 0 120 34 10 0 8 60 30 14 3 14 0 5 6 9 9 -999
P6312 2030 10 0 0 0 0 0 0 0 45 75 96 12 71 16 15 33 6 12 20 80 92 112 54 69 41 5 0 0 0 22 5 6
P6312 2030 11 8 0 26 14 30 13 108 159 174 165 31 26 8 100 41 90 124 73 55 13 17 78 48 27 14 9 11 115 25 8 -999
P6312 2030 12 3 0 2 0 12 14 6 6 3 8 27 4 0 0 0 0 0 0 0 0 2 2 0 0 3 12 55 29 125 28 70
P6312 2031 1 56 6 13 43 27 32 13 152 176 78 77 28 190 122 114 12 5 2 6 4 12 0 1 0 0 0 0 0 1 0 12
P6312 2031 2 6 13 32 72 65 30 0 48 45 12 0 21 15 29 0 0 0 45 0 0 11 14 37 7 0 14 0 0 -999 -999 -999
P6312 2031 3 0 0 5 21 80 32 3 23 126 24 18 36 82 3 4 4 7 6 5 7 0 0 0 0 0 0 0 0 0 11 74
P6312 2031 4 15 18 5 0 11 13 12 15 15 27 7 17 59 4 0 0 0 0 0 0 0 0 0 0 0 0 0 0 0 0 -999
P6312 2031 5 0 3 17 6 0 0 0 0 0 0 12 0 0 0 0 0 0 0 0 0 0 0 0 0 0 0 0 0 0 0 0
P6312 2031 6 0 0 0 0 0 0 54 14 0 0 0 0 0 0 0 0 0 0 0 0 0 0 0 0 0 0 0 0 0 0 -999
P6312 2031 7 0 0 0 0 0 0 0 0 0 0 0 0 0 0 0 0 0 0 0 0 0 0 0 0 0 0 0 0 0 0 0
P6312 2031 8 0 0 0 0 0 0 0 0 0 0 0 4 0 0 0 0 0 0 0 0 0 0 0 0 0 0 0 0 0 0 0
P6312 2031 9 0 0 0 0 0 0 0 0 0 0 0 0 0 0 0 0 0 0 0 0 0 48 49 0 16 9 43 7 21 0 -999
P6312 2031 10 0 0 0 0 0 0 0 0 29 0 0 0 0 0 0 0 15 0 0 27 35 20 0 0 63 0 32 43 8 15 4
P6312 2031 11 0 12 39 163 30 51 55 54 20 24 36 21 93 115 124 47 48 125 104 78 112 44 21 42 147 72 74 61 30 47 -999
P6312 2031 12 139 124 62 127 116 79 125 61 25 13 10 4 0 0 10 8 4 4 2 8 86 27 10 19 15 23 15 105 25 65 14
P6312 2032 1 7 30 72 179 112 79 216 246 37 0 30 57 10 83 50 6 0 0 2 6 0 0 1 0 2 14 44 53 31 103 9
P6312 2032 2 3 0 0 0 0 14 14 2 0 29 108 64 12 0 0 11 0 0 0 0 0 16 0 0 0 18 32 35 -999 -999 -999
P6312 2032 3 0 0 0 0 0 0 0 0 0 7 4 4 2 2 0 0 0 0 0 0 0 0 0 0 0 0 0 6 18 28 0
P6312 2032 4 21 8 7 21 77 51 93 75 55 12 10 0 0 25 8 78 9 0 0 0 0 0 10 94 38 6 0 0 0 0 -999
P6312 2032 5 0 0 6 2 0 0 0 0 0 0 0 0 0 0 0 0 0 0 0 0 0 0 0 0 6 5 0 0 0 40 29
P6312 2032 6 0 0 0 0 0 0 0 0 0 0 0 0 0 0 0 0 0 0 0 0 0 0 0 0 0 0 0 0 0 0 -999
P6312 2032 7 0 0 0 0 0 0 0 0 0 0 0 0 0 0 0 0 0 0 0 0 0 0 0 0 0 0 0 0 0 0 0
P6312 2032 8 0 0 0 0 0 0 0 0 0 0 0 0 0 0 0 0 0 0 0 0 0 0 0 0 0 0 0 0 0 0 0
P6312 2032 9 0 0 0 0 0 0 0 0 0 0 19 0 24 7 0 42 33 0 0 0 0 0 0 0 0 0 0 0 0 0 -999
P6312 2032 10 0 32 20 0 0 0 0 8 20 0 0 0 0 0 164 32 30 0 0 21 0 26 59 35 0 0 0 78 70 12 21
P6312 2032 11 11 25 38 96 28 11 0 0 0 0 0 0 0 0 0 0 13 7 0 0 0 3 9 22 13 24 65 52 115 128 -999
P6312 2032 12 16 90 61 84 10 0 0 0 0 7 0 0 0 0 0 0 0 2 4 8 6 0 0 15 29 55 8 0 0 10 4
P6312 2033 1 4 21 72 125 44 66 34 87 236 170 75 83 54 5 149 146 51 83 36 7 0 18 13 10 20 24 100 50 13 45 5
P6312 2033 2 0 0 0 0 5 7 17 33 38 23 126 43 39 0 0 0 0 0 18 7 3 3 6 36 4 10 0 0 -999 -999 -999
P6312 2033 3 4 0 0 0 0 0 9 0 0 8 11 7 6 5 0 0 0 0 0 31 30 11 7 0 0 0 6 31 6 8 0
P6312 2033 4 0 0 0 13 27 6 0 14 30 34 16 20 28 18 13 134 128 105 37 63 54 82 15 19 71 15 7 7 11 7 -999
P6312 2033 5 12 0 38 19 0 0 0 0 0 0 0 10 10 21 4 8 57 15 15 16 73 8 14 12 0 0 0 0 0 0 0
P6312 2033 6 0 0 0 0 0 0 0 0 0 0 0 0 0 0 0 0 0 0 0 0 0 0 0 0 0 0 0 0 0 0 -999
P6312 2033 7 0 0 0 0 0 0 0 0 0 0 0 0 0 0 0 0 0 0 0 0 0 0 0 0 0 0 0 0 0 0 0
P6312 2033 8 0 0 0 0 0 0 0 0 0 0 0 0 0 0 0 0 0 0 0 0 0 0 0 0 0 0 0 0 0 38 0
P6312 2033 9 0 0 0 0 0 0 7 9 0 0 0 0 0 0 36 45 0 0 0 0 0 0 0 0 0 0 0 0 0 0 -999
P6312 2033 10 0 0 0 51 99 42 49 35 20 66 168 97 77 9 0 0 0 0 0 0 0 0 16 16 13 2 0 22 5 5 5
P6312 2033 11 16 55 133 74 6 0 0 0 3 3 4 0 0 0 0 2 7 3 0 2 3 8 0 0 0 0 0 0 0 0 -999
P6312 2033 12 11 11 6 4 2 0 0 5 10 5 18 6 9 0 0 0 0 0 0 0 0 0 0 0 0 0 0 0 0 0 0
P6312 2034 1 2 6 17 11 7 11 15 13 12 11 64 25 125 77 159 32 48 6 5 0 0 0 0 0 0 0 0 0 0 0 0
P6312 2034 2 0 0 0 0 0 3 5 0 0 2 0 0 3 21 19 8 12 0 0 5 0 0 0 0 0 0 14 23 -999 -999 -999
P6312 2034 3 48 97 75 35 47 17 38 12 0 0 0 0 0 0 4 3 0 0 0 0 0 7 37 33 15 0 0 0 0 0 0
P6312 2034 4 0 0 0 0 0 0 0 0 0 0 0 0 0 10 24 0 0 0 0 7 32 0 0 0 0 0 0 16 0 0 -999
P6312 2034 5 0 0 0 0 0 0 0 0 0 0 0 0 0 0 0 0 0 0 0 0 0 0 0 0 0 0 0 0 0 0 0
P6312 2034 6 0 0 0 0 23 12 4 0 0 0 0 0 0 0 0 0 0 0 0 0 0 0 0 0 0 0 0 0 0 0 -999
P6312 2034 7 0 0 0 0 0 0 0 0 0 0 0 0 0 0 0 0 0 0 0 0 0 0 0 0 0 0 0 0 0 0 0
P6312 2034 8 11 8 5 0 0 0 0 0 0 0 0 0 0 0 0 0 0 0 0 0 0 0 0 0 0 0 0 0 0 0 0
P6312 2034 9 0 0 0 0 0 0 0 0 0 0 0 0 0 0 0 0 0 0 0 0 16 0 0 0 0 0 0 0 0 0 -999
P6312 2034 10 9 8 31 11 45 62 0 0 0 34 8 3 6 9 0 6 0 0 0 0 0 0 0 16 34 29 15 45 22 0 9
P6312 2034 11 0 0 0 0 0 6 25 18 57 0 0 9 6 0 0 0 0 0 0 0 13 22 21 70 60 126 13 30 30 50 -999
P6312 2034 12 8 0 0 0 4 26 69 64 24 10 15 4 8 95 113 7 6 10 2 5 16 9 0 2 16 31 23 13 62 25 81
P6312 2035 1 8 0 15 44 51 78 65 85 12 7 19 17 43 19 17 21 51 9 10 50 122 120 75 32 7 6 0 0 6 0 7
P6312 2035 2 19 38 3 3 0 0 12 5 5 0 3 0 0 0 0 0 0 0 3 6 63 164 112 116 48 3 111 86 -999 -999 -999
P6312 2035 3 77 182 35 74 59 23 56 53 3 8 9 10 89 122 106 66 21 39 89 87 127 189 63 14 157 55 6 50 45 33 139
P6312 2035 4 37 70 39 68 68 98 65 107 115 30 32 30 6 25 0 0 0 0 0 91 123 113 63 28 6 6 13 69 40 87 -999
P6312 2035 5 56 0 0 0 0 0 0 0 0 0 0 0 0 0 0 0 0 0 0 0 0 0 48 18 0 0 0 0 0 0 43
P6312 2035 6 20 0 0 0 10 24 8 10 48 10 49 0 0 0 0 0 0 0 0 0 0 0 0 0 0 0 0 0 0 0 -999
P6312 2035 7 0 0 0 0 0 0 0 0 0 0 0 0 0 0 0 0 0 0 0 0 0 0 0 0 0 0 0 0 0 0 0
P6312 2035 8 0 0 0 0 0 0 0 0 0 0 0 0 0 0 0 0 0 0 0 0 0 0 0 0 0 0 0 0 0 0 0
P6312 2035 9 0 0 0 0 0 0 0 0 0 0 0 0 0 0 0 0 0 0 0 0 0 0 0 0 0 0 0 0 0 0 -999
P6312 2035 10 0 29 27 0 0 0 0 0 0 0 0 0 24 49 20 0 0 0 0 55 28 0 0 0 0 0 0 0 0 0 0
P6312 2035 11 0 0 24 25 28 23 0 12 15 0 0 0 0 0 0 0 0 0 0 0 0 0 0 0 2 0 0 20 10 3 -999
P6312 2035 12 18 13 21 57 153 140 113 57 17 16 4 11 97 33 12 6 0 6 64 137 94 34 0 0 0 0 0 0 0 0 6
P6312 2036 1 6 8 0 0 4 4 3 3 4 13 29 30 13 2 0 4 18 73 103 20 99 39 11 7 5 3 15 9 8 2 13
P6312 2036 2 5 0 0 0 2 5 13 28 21 9 16 41 48 6 2 6 8 0 0 0 0 0 0 0 0 3 8 16 -999 -999 -999
P6312 2036 3 54 38 24 32 81 41 0 0 0 0 0 0 0 5 5 9 0 0 0 5 0 0 0 0 0 0 4 14 13 12 22
P6312 2036 4 26 60 31 3 0 0 0 0 0 0 0 0 0 0 0 0 0 0 0 0 0 0 0 6 9 11 7 0 0 0 -999
P6312 2036 5 0 0 0 4 6 0 0 0 0 0 12 22 11 5 7 10 7 0 0 0 0 0 0 0 0 0 0 0 0 0 16
P6312 2036 6 27 0 0 0 0 0 0 0 0 0 0 0 0 0 0 0 0 0 4 0 0 0 0 0 0 0 0 0 0 0 -999
P6312 2036 7 0 0 0 0 0 0 0 0 0 0 0 0 0 0 0 0 0 0 0 0 0 0 0 0 0 0 0 0 0 0 0
P6312 2036 8 0 0 0 0 0 0 0 0 0 0 0 0 0 0 0 0 0 0 0 0 0 0 0 0 0 0 0 0 0 0 0
P6312 2036 9 0 0 0 0 0 0 0 0 0 0 0 0 0 0 0 0 0 0 0 0 0 0 0 0 0 0 0 0 0 0 -999
P6312 2036 10 0 14 0 0 0 0 0 0 0 0 42 0 0 0 6 0 0 0 0 0 0 0 0 0 0 36 31 27 99 99 17
P6312 2036 11 11 0 0 0 0 10 10 76 13 8 5 0 24 79 43 15 12 0 24 17 3 0 0 0 0 12 44 35 14 0 -999
P6312 2036 12 1 1 12 39 31 0 5 0 0 0 4 17 9 10 6 5 0 6 13 8 32 65 37 8 24 28 4 0 0 0 6
P6312 2037 1 4 9 0 0 0 2 2 0 26 63 21 162 50 0 0 0 0 7 83 157 140 56 66 172 206 30 249 109 100 9 2
P6312 2037 2 0 0 34 20 14 28 35 12 21 10 5 0 0 2 0 0 3 5 0 0 0 0 2 1 0 15 71 4 -999 -999 -999
P6312 2037 3 6 0 0 0 0 0 0 3 0 4 3 11 33 101 107 23 14 10 0 0 14 13 57 109 46 6 4 14 75 20 0
P6312 2037 4 12 0 9 3 29 26 6 7 9 4 2 3 4 37 71 16 22 9 4 7 116 66 78 36 7 0 0 0 0 0 -999
P6312 2037 5 0 0 0 0 0 0 0 0 0 3 5 3 0 0 5 0 0 11 3 0 0 9 21 10 74 25 4 0 4 0 0
P6312 2037 6 0 0 0 0 0 0 0 0 0 0 0 0 0 0 0 0 12 19 13 0 0 0 0 0 0 0 0 0 0 0 -999
P6312 2037 7 0 0 0 0 0 0 0 0 0 0 0 0 0 0 0 0 0 0 0 0 0 0 0 0 0 0 0 0 0 0 0
P6312 2037 8 0 0 0 0 0 0 0 0 0 0 0 0 0 0 0 0 0 0 0 0 0 0 0 0 0 0 0 0 0 0 0
P6312 2037 9 0 0 0 0 0 0 0 0 0 0 0 0 0 0 0 0 0 0 0 0 0 0 0 0 0 0 0 0 0 0 -999
P6312 2037 10 4 0 0 0 0 0 0 0 0 0 24 4 0 0 0 0 31 31 6 6 0 0 0 0 8 9 0 0 0 0 0
P6312 2037 11 0 0 0 0 0 22 17 13 0 0 15 29 24 40 25 0 0 0 6 38 5 23 56 28 29 26 51 43 17 10 -999
P6312 2037 12 139 3 102 140 34 18 29 46 77 69 29 15 21 27 8 4 42 14 3 0 0 62 33 2 0 0 0 1 5 7 6
P6312 2038 1 15 48 9 46 23 11 34 3 7 11 14 7 11 66 31 23 69 4 8 27 15 22 100 74 9 62 34 109 54 67 17
P6312 2038 2 0 9 14 74 64 125 23 3 5 8 0 0 0 0 8 6 0 4 13 0 0 0 9 2 0 0 0 49 -999 -999 -999
P6312 2038 3 52 13 32 41 226 9 65 24 17 28 13 0 0 0 0 0 0 30 35 31 24 6 3 4 0 7 8 16 6 6 16
P6312 2038 4 5 0 0 0 0 0 8 26 15 0 0 0 0 44 22 8 0 0 0 0 0 19 0 0 0 0 0 0 0 0 -999
P6312 2038 5 0 0 0 0 0 0 0 0 0 0 0 0 0 0 0 0 0 94 81 35 0 0 0 0 6 0 0 8 6 0 0
P6312 2038 6 0 0 0 7 0 0 0 0 0 0 0 0 0 0 0 0 0 0 0 0 0 0 0 0 0 0 0 0 0 0 -999
P6312 2038 7 0 0 0 0 0 0 0 0 0 0 0 0 0 0 0 0 0 0 0 0 0 0 0 0 0 0 0 0 0 0 0
P6312 2038 8 0 0 0 0 0 0 0 0 0 0 0 0 0 0 0 0 0 0 0 0 0 0 0 0 0 0 0 0 0 0 0
P6312 2038 9 0 0 0 0 0 0 0 0 0 0 0 0 0 0 0 0 0 0 0 0 0 0 0 11 0 0 0 0 0 0 -999
P6312 2038 10 0 0 0 0 0 0 0 0 0 0 0 0 0 0 0 0 0 8 11 0 0 17 64 0 0 0 0 11 8 0 0
P6312 2038 11 21 12 23 0 0 14 10 0 11 9 17 50 13 118 116 13 36 6 0 5 0 0 0 2 1 0 3 4 8 0 -999
P6312 2038 12 9 14 17 44 14 4 7 15 3 17 121 67 155 24 69 89 60 58 68 119 162 21 19 0 16 19 92 17 21 51 38
P6312 2039 1 23 31 21 17 29 4 4 0 0 0 0 0 0 6 22 49 32 7 34 17 4 35 46 55 19 5 6 4 0 0 0
P6312 2039 2 31 19 0 10 0 0 0 0 0 19 0 0 2 14 5 36 13 0 45 0 0 0 6 81 121 10 10 8 -999 -999 -999
P6312 2039 3 5 0 0 0 0 0 5 21 10 0 0 66 10 35 8 7 0 0 0 0 0 0 0 0 0 4 0 0 0 0 0
P6312 2039 4 0 0 0 0 7 8 0 0 0 0 0 0 8 11 8 4 0 0 0 0 5 3 0 0 0 0 0 0 0 0 -999
P6312 2039 5 0 0 0 0 0 0 0 0 0 0 0 0 0 0 0 11 4 4 4 5 6 13 0 0 0 0 0 0 0 0 0
P6312 2039 6 18 19 57 43 23 0 0 0 0 0 0 0 0 0 0 0 0 0 0 0 0 0 0 0 0 0 0 0 0 0 -999
P6312 2039 7 0 0 0 0 0 0 0 0 0 0 0 0 0 0 0 0 0 0 0 0 0 0 0 0 0 0 0 0 0 0 0
P6312 2039 8 0 0 0 0 0 0 0 0 0 0 0 0 0 0 0 0 0 0 0 0 0 0 0 0 0 0 0 0 0 0 0
P6312 2039 9 0 0 0 0 0 0 0 0 0 0 0 0 0 0 0 0 0 0 0 0 0 0 0 0 0 0 0 0 0 0 -999
P6312 2039 10 0 0 0 0 0 0 0 0 0 0 0 0 0 4 3 0 0 0 0 20 25 138 70 19 8 16 144 63 95 111 4
P6312 2039 11 4 0 0 0 0 2 4 13 19 7 26 16 4 15 13 5 7 24 109 53 25 25 22 0 0 0 27 50 5 6 -999
P6312 2039 12 19 53 19 150 209 109 28 52 104 10 14 15 14 49 25 18 9 19 136 110 13 22 21 47 65 28 70 78 47 107 32
P6312 2040 1 30 35 20 64 104 121 57 66 66 72 77 64 49 20 43 39 11 37 71 11 0 29 4 4 2 3 2 0 0 0 0
P6312 2040 2 0 0 2 10 3 0 0 0 0 5 0 0 4 9 9 4 3 3 3 2 0 5 0 0 0 0 0 0 -999 -999 -999
P6312 2040 3 0 0 0 0 0 0 0 0 0 0 0 0 0 0 0 0 0 0 0 0 0 43 108 100 54 37 18 6 73 50 16
P6312 2040 4 11 99 67 10 0 8 15 8 0 0 0 0 0 13 0 38 42 5 0 0 0 7 4 6 79 44 0 3 0 3 -999
P6312 2040 5 10 9 10 0 0 0 0 0 0 0 0 0 0 0 0 0 0 0 0 5 0 0 0 0 0 0 0 0 0 0 0
P6312 2040 6 4 0 0 0 0 0 0 0 0 0 0 0 0 0 0 0 0 0 0 0 0 0 0 0 0 0 0 0 0 0 -999
P6312 2040 7 0 0 0 0 0 0 0 0 0 0 0 0 0 0 0 0 0 0 0 0 0 0 0 0 0 0 0 0 0 0 0
P6312 2040 8 0 0 0 0 0 0 0 0 0 0 0 0 0 0 0 0 0 0 0 0 0 0 0 0 0 0 0 0 0 0 0
P6312 2040 9 0 0 0 0 0 0 0 0 0 0 0 0 0 0 0 0 0 0 0 0 0 0 0 0 0 0 0 0 5 4 -999
P6312 2040 10 0 0 0 0 0 0 0 0 0 0 0 0 0 0 0 0 21 28 24 7 4 3 4 0 0 13 15 14 0 0 10
P6312 2040 11 7 17 14 26 0 11 76 217 75 7 8 7 7 3 6 6 0 2 0 0 0 0 0 17 3 0 0 0 0 0 -999
P6312 2040 12 0 0 0 0 41 79 49 5 7 2 0 0 0 10 4 0 0 19 15 0 7 6 0 0 2 5 19 35 5 36 27
P6312 2041 1 9 0 0 0 2 0 4 3 0 0 0 12 11 29 16 0 0 0 30 29 104 109 123 108 121 126 134 126 14 33 2
P6312 2041 2 0 0 0 0 59 25 132 104 79 126 28 66 115 13 174 55 60 81 55 63 165 58 28 55 24 9 3 0 -999 -999 -999
P6312 2041 3 9 4 0 0 6 11 12 7 16 4 9 22 6 16 15 30 20 99 122 40 33 49 113 31 93 94 55 51 39 100 27
P6312 2041 4 5 0 0 0 0 0 0 0 0 0 0 3 5 0 4 5 13 61 19 32 19 16 22 81 81 12 6 6 0 0 -999
P6312 2041 5 0 0 16 18 0 0 0 0 0 38 12 0 0 0 0 0 0 0 15 34 41 30 40 21 16 72 61 15 0 5 3
P6312 2041 6 0 0 0 0 0 0 0 0 0 0 0 0 0 0 0 0 0 0 0 0 0 0 0 0 0 0 0 0 0 0 -999
P6312 2041 7 0 0 0 0 0 0 0 0 0 19 0 0 0 0 0 0 0 0 0 0 0 0 0 0 15 32 32 0 0 0 0
P6312 2041 8 0 0 0 0 0 0 0 0 0 0 0 0 0 0 0 0 0 0 0 0 0 0 0 0 0 0 0 0 0 0 0
P6312 2041 9 0 0 0 0 0 0 0 0 0 0 0 0 0 0 0 0 0 0 0 0 0 0 28 58 59 7 0 0 0 0 -999
P6312 2041 10 0 22 6 0 0 0 0 0 0 0 0 0 0 0 0 0 0 0 0 0 33 24 0 0 0 10 0 0 10 0 0
P6312 2041 11 0 0 0 10 9 33 27 11 39 21 63 36 109 48 85 49 244 121 30 132 98 103 112 192 45 23 81 97 60 10 -999
P6312 2041 12 9 95 7 120 116 12 34 30 6 0 15 33 36 83 96 121 105 64 61 54 5 5 28 0 0 0 0 4 0 0 0
P6312 2042 1 0 0 2 0 0 26 20 11 11 10 7 5 0 0 0 0 0 0 0 0 0 0 0 0 0 0 0 0 0 0 6
P6312 2042 2 8 4 0 0 0 0 0 5 8 10 2 0 0 0 0 0 0 5 5 4 0 0 0 0 0 0 0 0 -999 -999 -999
P6312 2042 3 0 0 0 0 0 12 5 0 0 0 0 5 8 6 22 20 0 42 107 50 9 6 14 102 28 7 9 5 23 13 66
P6312 2042 4 7 33 9 7 19 58 17 4 25 10 12 19 12 16 11 13 4 0 0 0 0 81 102 37 19 4 5 10 17 69 -999
P6312 2042 5 76 38 8 3 0 0 0 0 0 0 0 0 0 0 0 0 0 0 0 0 0 0 0 0 0 0 0 0 0 0 0
P6312 2042 6 0 0 0 4 0 0 0 0 0 0 0 0 0 0 0 0 0 0 0 0 0 0 0 0 0 0 0 0 0 0 -999
P6312 2042 7 0 0 0 0 0 0 0 0 0 0 0 0 0 0 0 0 0 0 0 0 0 0 0 0 0 0 0 0 0 0 0
P6312 2042 8 0 0 0 0 0 0 0 0 0 0 0 0 0 0 0 0 0 0 0 0 0 0 0 0 0 0 0 0 0 0 0
P6312 2042 9 0 0 0 0 0 0 0 0 0 0 0 0 0 0 0 0 0 0 0 0 0 0 0 0 0 0 0 0 0 0 -999
P6312 2042 10 0 0 0 8 0 0 17 23 0 0 0 0 41 17 6 3 0 12 8 62 21 17 13 6 0 0 9 19 0 0 0
P6312 2042 11 0 0 0 0 0 5 62 23 18 0 0 0 0 0 0 0 0 4 11 32 0 0 0 0 0 4 0 0 41 13 -999
P6312 2042 12 22 11 46 55 62 8 6 28 63 68 48 68 60 64 47 23 134 52 22 24 14 21 85 48 0 23 3 0 0 0 4
P6312 2043 1 8 5 17 10 9 26 4 2 0 0 2 12 70 183 29 126 23 38 14 61 104 115 49 102 5 4 8 12 28 3 4
P6312 2043 2 3 0 0 3 11 40 69 0 0 0 0 0 0 0 0 0 0 0 0 0 0 0 4 3 2 5 0 0 -999 -999 -999
P6312 2043 3 0 13 26 69 7 11 40 107 70 54 22 63 16 9 17 0 0 8 43 0 35 28 24 8 22 4 16 15 11 12 8
P6312 2043 4 18 6 0 6 0 0 0 0 0 0 43 0 0 0 5 38 27 0 8 36 0 0 0 0 0 0 0 0 0 0 -999
P6312 2043 5 0 0 0 0 0 0 0 0 0 0 0 0 0 0 0 0 0 0 0 0 35 57 76 24 0 0 57 20 4 15 9
P6312 2043 6 4 4 0 0 0 0 0 0 0 0 0 0 0 0 0 0 0 0 0 0 0 0 0 0 0 0 0 0 0 0 -999
P6312 2043 7 0 0 0 0 0 0 0 0 0 0 0 0 0 0 0 0 0 0 0 0 0 0 0 0 0 0 0 0 0 0 0
P6312 2043 8 0 0 0 0 0 0 0 0 0 0 0 0 0 0 0 0 0 0 0 0 0 0 0 0 0 10 0 0 0 0 0
P6312 2043 9 0 0 0 0 0 0 0 0 0 0 0 0 0 0 0 0 0 0 0 0 0 16 0 0 0 0 0 0 17 17 -999
P6312 2043 10 0 0 0 0 0 0 0 0 0 5 0 0 0 0 16 0 26 0 0 0 0 13 26 7 42 18 5 34 14 10 28
P6312 2043 11 0 0 0 0 0 0 0 0 0 0 80 25 118 82 52 0 0 0 0 0 0 0 0 31 39 27 9 88 26 9 -999
P6312 2043 12 5 7 0 0 0 0 22 5 20 46 68 57 16 20 44 11 14 87 73 48 206 75 9 12 36 52 84 4 4 5 0
P6312 2044 1 0 4 10 0 2 15 8 0 0 11 12 3 0 0 8 9 163 107 9 10 24 32 0 0 0 4 25 82 4 5 0
P6312 2044 2 0 0 0 0 36 5 0 0 34 53 16 0 0 0 0 0 0 0 0 0 0 0 5 121 38 4 13 8 -999 -999 -999
P6312 2044 3 8 28 58 55 29 7 11 77 14 10 7 6 0 0 0 5 5 16 13 5 3 4 0 0 5 19 87 44 11 82 5
P6312 2044 4 0 5 3 0 0 0 0 0 0 0 0 0 0 21 11 0 0 0 0 0 0 0 0 0 12 23 59 4 0 0 -999
P6312 2044 5 0 0 0 0 19 0 0 10 8 17 0 0 0 0 0 0 0 0 56 44 29 0 0 0 8 7 11 0 21 10 0
P6312 2044 6 0 0 0 0 0 0 9 0 0 0 0 0 0 0 0 0 0 0 0 0 0 0 0 0 0 0 0 0 0 0 -999
P6312 2044 7 14 0 0 0 0 0 0 0 0 0 0 0 0 0 0 0 0 0 0 0 0 0 0 0 0 0 0 0 0 0 0
P6312 2044 8 0 0 0 0 0 0 0 0 0 0 0 0 0 0 0 0 0 0 0 0 0 0 0 0 0 0 0 0 0 0 0
P6312 2044 9 0 0 0 0 0 0 0 0 0 0 0 0 0 0 0 0 0 0 0 0 41 0 0 30 39 11 13 0 12 81 -999
P6312 2044 10 29 21 21 0 0 0 0 0 0 0 0 0 0 0 5 3 8 41 20 66 25 3 0 0 0 0 0 0 0 0 13
P6312 2044 11 11 5 11 0 30 3 10 19 9 0 121 58 56 25 26 71 75 58 89 62 129 31 149 237 267 164 94 31 78 14 -999
P6312 2044 12 6 0 0 0 2 0 0 0 76 62 5 7 23 20 17 28 17 15 5 13 10 31 3 3 2 0 5 6 50 5 38
P6312 2045 1 106 40 17 13 17 18 138 35 4 6 155 114 122 89 40 107 11 5 0 0 0 8 6 0 0 0 0 0 0 7 14
P6312 2045 2 10 63 14 8 58 35 3 3 0 0 5 14 17 0 7 3 5 0 0 0 7 6 0 0 0 0 0 0 -999 -999 -999
P6312 2045 3 0 0 7 0 0 3 12 35 15 0 0 12 25 5 92 4 7 0 0 0 0 0 0 2 8 1 0 0 0 0 0
P6312 2045 4 19 0 0 4 14 60 62 4 25 19 50 15 0 15 0 0 0 0 0 0 0 0 0 0 0 0 0 0 3 0 -999
P6312 2045 5 10 0 0 0 0 0 0 25 0 0 0 0 0 0 0 0 0 0 0 0 5 0 0 0 0 0 0 0 0 0 0
P6312 2045 6 0 0 0 0 0 0 0 0 0 0 0 0 0 0 0 0 0 0 0 0 14 22 26 21 21 10 0 0 0 0 -999
P6312 2045 7 0 0 0 0 0 0 0 0 0 0 0 0 0 0 0 0 0 0 0 0 0 0 0 0 0 0 0 0 0 0 0
P6312 2045 8 0 0 0 0 0 0 0 0 0 0 0 0 0 0 0 0 0 0 0 0 0 0 0 0 0 0 0 0 0 0 0
P6312 2045 9 0 0 0 0 0 0 0 0 0 0 0 0 0 0 0 0 0 0 0 0 0 0 0 0 0 0 0 0 10 17 -999
P6312 2045 10 4 0 23 30 0 0 0 0 0 0 0 0 0 0 93 51 86 69 27 0 0 0 0 0 0 0 0 0 0 0 0
P6312 2045 11 25 12 7 0 11 0 0 0 0 0 0 10 25 10 26 72 137 46 7 0 0 11 24 90 6 41 122 84 94 47 -999
P6312 2045 12 15 23 27 7 12 7 2 2 3 2 0 0 0 3 2 0 8 88 23 47 62 29 39 40 76 106 46 6 3 0 1
P6312 2046 1 3 21 84 116 77 45 205 79 29 35 217 130 78 15 162 41 68 22 77 58 3 4 7 0 0 52 69 58 32 64 72
P6312 2046 2 106 118 91 27 0 58 17 7 4 4 15 5 19 57 51 23 12 11 18 11 21 184 5 11 21 69 90 102 -999 -999 -999
P6312 2046 3 103 126 84 18 34 152 99 132 138 79 257 208 115 39 166 132 128 17 25 57 66 5 5 4 0 0 17 56 24 2 10
P6312 2046 4 0 10 18 56 4 5 10 35 11 11 15 4 7 12 64 9 61 30 71 44 10 24 18 43 11 13 10 27 9 3 -999
P6312 2046 5 0 0 0 0 0 0 3 0 0 0 0 0 25 7 0 0 7 4 0 0 0 0 0 0 0 15 0 4 4 0 0
P6312 2046 6 0 0 0 0 0 0 0 0 0 0 0 0 0 0 0 0 0 5 8 7 0 0 0 0 0 0 0 0 0 0 -999
P6312 2046 7 0 0 0 0 0 0 0 0 0 0 0 0 0 0 0 0 0 0 0 0 0 0 0 0 0 0 0 0 0 0 0
P6312 2046 8 0 0 0 0 0 0 0 0 0 0 0 0 0 0 0 0 0 0 0 0 0 0 0 0 0 0 0 0 0 0 0
P6312 2046 9 0 0 0 0 0 0 0 0 0 0 0 0 0 0 0 0 0 0 0 0 0 0 0 0 0 0 0 0 0 0 -999
P6312 2046 10 0 0 16 6 6 55 23 21 0 0 0 0 0 0 0 0 0 0 0 7 7 109 23 25 45 15 41 12 9 98 61
P6312 2046 11 6 0 0 0 21 43 9 23 21 15 12 0 0 8 0 0 0 0 0 0 0 4 7 18 12 7 0 45 98 45 -999
P6312 2046 12 96 139 31 10 120 93 77 33 120 9 62 90 15 303 125 27 114 80 4 0 7 0 2 0 0 0 0 0 0 0 3
P6312 2047 1 0 0 0 0 0 0 21 60 11 47 50 53 58 99 207 203 125 16 168 18 143 89 8 0 0 0 0 0 0 0 7
P6312 2047 2 8 9 7 21 55 11 47 21 5 4 5 0 8 47 0 0 0 0 2 0 6 0 0 27 17 5 50 12 -999 -999 -999
P6312 2047 3 14 161 10 5 43 76 20 8 0 0 0 0 0 0 0 0 0 0 0 0 0 6 48 11 12 8 19 0 0 23 40
P6312 2047 4 65 11 28 11 4 4 4 6 29 81 82 28 15 12 88 12 11 32 6 0 0 0 0 0 0 0 0 0 0 0 -999
P6312 2047 5 0 0 0 0 0 0 0 0 0 20 0 18 26 0 0 0 0 0 0 0 0 0 0 0 0 0 0 0 0 0 0
P6312 2047 6 0 0 0 0 0 0 0 0 0 0 0 0 0 0 5 5 0 0 0 0 0 0 0 0 0 0 0 0 0 0 -999
P6312 2047 7 0 0 0 0 0 0 0 0 0 0 0 0 0 14 0 0 0 0 35 35 5 0 0 0 0 0 0 0 0 0 0
P6312 2047 8 0 0 0 0 0 0 0 0 0 0 0 0 0 0 0 0 0 0 0 0 0 0 0 0 0 0 0 0 0 0 0
P6312 2047 9 0 0 0 0 0 0 0 0 0 0 0 0 0 42 48 24 0 0 0 0 0 0 0 0 0 0 0 0 0 0 -999
P6312 2047 10 0 20 53 26 9 80 46 31 60 124 52 34 17 69 43 128 106 13 43 3 14 16 10 1 0 9 3 0 4 0 0
P6312 2047 11 5 0 27 16 44 10 13 24 32 38 29 4 11 7 15 60 63 5 0 0 0 0 0 0 0 0 0 0 0 0 -999
P6312 2047 12 0 0 0 0 0 0 0 0 0 0 0 0 0 2 0 0 0 0 0 1 0 7 15 20 7 3 0 0 14 10 0
P6312 2048 1 11 30 0 0 0 0 0 0 0 14 12 123 64 136 23 5 9 2 2 2 3 7 0 0 0 0 0 0 4 2 2
P6312 2048 2 0 0 8 3 4 4 0 1 3 16 21 15 16 12 35 25 8 0 0 0 0 0 0 0 0 0 0 0 -999 -999 -999
P6312 2048 3 0 0 0 4 11 15 23 72 27 50 96 20 42 64 10 63 59 13 9 10 42 5 0 6 12 44 17 35 48 12 3
P6312 2048 4 7 6 13 0 10 0 0 0 0 0 0 0 0 0 0 0 0 0 0 0 4 0 14 0 0 0 3 0 0 0 -999
P6312 2048 5 0 0 0 20 9 9 0 0 0 0 0 0 0 13 0 0 12 71 5 0 20 43 0 0 0 0 0 0 0 0 0
P6312 2048 6 0 0 0 0 0 0 0 0 0 0 0 0 0 0 0 0 0 0 0 0 0 0 0 0 0 0 0 0 0 0 -999
P6312 2048 7 0 0 0 0 0 0 0 0 0 0 0 0 0 0 0 0 0 0 0 0 0 0 0 0 0 0 0 0 0 0 0
P6312 2048 8 0 0 0 0 0 0 0 0 0 0 0 0 0 0 0 0 0 0 0 0 0 0 0 0 0 0 0 0 0 0 0
P6312 2048 9 0 0 0 0 0 0 0 0 0 0 0 0 0 0 0 0 16 0 0 0 0 0 0 0 0 0 52 61 101 30 -999
P6312 2048 10 7 8 0 0 0 8 6 0 0 0 0 0 0 0 0 0 0 0 33 7 11 7 0 0 5 6 4 0 0 0 14
P6312 2048 11 10 0 0 0 0 47 0 0 0 0 0 0 0 0 6 14 51 22 84 52 28 0 0 0 0 48 20 15 12 33 -999
P6312 2048 12 89 121 15 68 116 41 2 0 0 0 0 0 0 0 0 0 0 2 8 6 0 0 1 7 0 0 51 60 51 43 7
P6312 2049 1 7 11 32 27 17 52 39 24 4 0 15 25 64 10 0 26 27 5 0 0 8 8 0 5 3 7 10 31 25 48 54
P6312 2049 2 66 56 36 54 48 9 3 0 0 5 0 0 0 39 17 3 2 0 0 0 3 9 9 24 4 34 8 8 -999 -999 -999
P6312 2049 3 2 0 0 0 0 0 0 0 0 0 0 0 0 0 12 13 0 0 0 4 0 9 8 19 0 0 0 0 0 48 13
P6312 2049 4 0 0 0 0 0 0 0 0 0 0 0 0 0 0 24 13 23 0 0 0 0 15 0 0 28 0 0 0 0 0 -999
P6312 2049 5 8 6 4 5 9 10 13 66 66 31 7 37 4 0 0 0 0 0 0 0 54 29 66 74 41 37 33 56 5 7 6
P6312 2049 6 0 0 0 0 0 0 0 0 0 0 0 0 0 0 0 0 0 0 0 0 0 0 0 0 0 0 0 0 0 0 -999
P6312 2049 7 0 0 0 0 0 0 0 0 0 0 0 0 0 0 0 0 0 0 0 0 0 0 0 0 0 0 0 0 0 0 0
P6312 2049 8 0 0 0 0 0 0 0 0 0 0 0 0 0 0 0 0 0 0 0 0 0 0 0 0 0 0 0 0 0 0 0
P6312 2049 9 0 0 0 0 0 0 0 0 0 0 0 0 0 0 0 0 0 0 0 0 32 36 7 4 0 0 0 0 0 0 -999
P6312 2049 10 0 0 0 0 0 0 0 0 0 0 0 0 0 0 16 40 7 0 0 0 0 0 0 17 25 0 0 0 0 9 0
P6312 2049 11 0 25 124 116 39 13 69 154 59 139 157 115 195 79 104 123 92 6 12 18 16 42 8 25 0 0 0 0 0 19 -999
P6312 2049 12 14 138 49 35 4 6 7 10 7 27 9 0 12 0 26 4 5 23 12 117 139 22 11 58 65 40 133 30 86 57 184
P6312 2050 1 199 96 295 59 41 133 5 16 0 7 5 36 100 61 60 79 108 129 15 0 0 0 0 23 9 0 0 0 0 5 0
P6312 2050 2 0 0 0 0 0 3 1 0 0 0 0 0 0 17 7 10 0 0 27 16 24 13 13 22 6 11 0 0 -999 -999 -999
P6312 2050 3 0 42 71 50 69 96 49 0 56 23 21 6 0 9 14 23 51 36 125 19 7 4 0 17 13 29 24 12 34 31 110
P6312 2050 4 35 31 41 11 42 77 42 18 32 6 0 0 0 12 6 12 5 0 0 0 0 0 0 0 0 3 9 0 0 0 -999
P6312 2050 5 3 5 0 4 3 7 0 0 0 0 0 0 0 0 0 0 0 0 0 0 0 7 0 0 0 3 10 12 0 0 0
P6312 2050 6 0 0 0 0 0 0 0 0 0 0 0 0 0 0 0 0 0 0 0 0 0 0 0 0 0 0 0 0 0 0 -999
P6312 2050 7 0 0 0 0 0 0 0 0 0 0 0 0 0 0 0 0 0 0 0 0 0 0 0 0 0 0 0 0 0 0 0
P6312 2050 8 0 0 0 0 0 0 0 0 0 0 0 0 0 0 0 0 0 0 0 0 0 0 16 0 0 0 0 0 0 0 0
P6312 2050 9 0 0 0 0 0 0 0 0 0 0 0 0 0 0 0 0 0 0 0 0 0 0 0 0 0 0 0 0 0 0 -999
P6312 2050 10 40 14 4 3 0 0 0 0 0 0 0 0 0 41 22 30 12 8 0 0 0 17 24 29 19 14 9 5 3 5 7
P6312 2050 11 14 10 2 21 15 79 90 164 136 53 56 69 41 0 0 5 6 4 15 7 72 62 175 33 18 8 142 16 3 32 -999
P6312 2050 12 7 21 33 0 0 0 17 5 4 6 5 3 0 0 2 2 0 10 8 10 9 5 0 0 0 0 0 0 0 0 6
P6312 2051 1 0 13 0 0 0 0 0 0 3 15 0 0 0 17 4 0 2 2 4 6 3 0 0 0 0 0 0 0 8 0 0
P6312 2051 2 0 10 9 0 48 8 0 2 0 0 16 4 0 0 0 18 2 9 22 26 2 0 0 11 5 4 0 0 -999 -999 -999
P6312 2051 3 0 3 0 0 0 5 0 7 8 8 48 88 52 9 21 0 0 73 89 27 10 0 0 0 0 0 0 0 0 0 20
P6312 2051 4 16 9 0 0 0 42 44 22 0 74 15 0 0 0 17 17 23 31 43 54 7 6 15 0 0 0 0 0 0 0 -999
P6312 2051 5 0 0 0 0 0 0 0 0 0 0 0 29 40 7 3 0 0 0 0 0 0 0 0 33 37 0 0 0 0 0 0
P6312 2051 6 0 0 0 0 0 0 0 0 0 0 0 0 0 0 0 0 0 0 0 0 0 0 0 0 0 0 0 0 0 0 -999
P6312 2051 7 0 0 0 0 0 0 0 0 0 0 0 0 0 0 0 0 0 0 0 0 0 0 0 0 0 0 0 0 0 0 0
P6312 2051 8 0 0 0 0 0 0 0 0 0 0 0 0 0 0 0 0 0 0 0 0 0 0 0 0 0 0 0 0 0 0 0
P6312 2051 9 0 0 0 0 0 0 0 0 0 0 17 0 30 13 0 0 0 0 0 0 0 0 0 0 0 0 0 0 0 0 -999
P6312 2051 10 0 0 0 68 60 0 0 0 0 0 0 0 0 35 0 0 0 0 0 0 0 0 0 4 6 0 110 95 69 56 59
P6312 2051 11 42 64 60 11 6 2 0 0 0 2 0 0 0 4 5 9 11 13 0 0 0 2 0 12 10 6 0 0 13 8 -999
P6312 2051 12 14 0 13 35 60 9 10 75 70 4 121 122 30 20 172 312 31 102 12 0 0 0 0 0 0 0 0 0 0 0 0
P6312 2052 1 0 0 0 0 0 0 0 15 18 0 0 0 0 37 39 7 0 29 10 0 0 0 0 0 0 0 79 108 101 71 38
P6312 2052 2 12 49 88 90 17 190 127 25 24 38 24 0 0 0 55 104 38 32 87 11 0 0 0 42 26 22 0 11 -999 -999 -999
P6312 2052 3 0 0 0 0 0 0 0 0 18 0 0 0 0 8 31 63 87 80 61 70 4 27 80 2 0 2 0 0 0 0 0
P6312 2052 4 0 5 0 0 0 0 20 5 0 0 0 6 7 0 0 12 6 0 0 0 0 0 0 0 0 0 0 0 0 0 -999
P6312 2052 5 0 0 0 0 0 0 0 0 0 0 0 14 20 41 27 13 11 19 41 4 0 0 0 0 0 0 0 0 0 0 0
P6312 2052 6 0 0 0 0 0 0 0 0 0 0 0 0 0 0 0 0 0 0 0 0 0 0 0 0 0 0 0 0 0 0 -999
P6312 2052 7 0 0 0 0 0 0 0 0 0 0 0 0 0 0 0 0 0 0 0 0 0 0 0 0 0 0 0 0 0 0 0
P6312 2052 8 41 45 13 0 0 0 0 0 0 0 0 0 0 0 0 0 0 0 0 0 0 0 0 0 0 0 0 0 0 0 0
P6312 2052 9 0 0 0 0 0 0 0 0 0 0 0 0 0 0 0 0 0 0 0 0 0 0 0 0 0 0 0 0 0 0 -999
P6312 2052 10 0 0 0 0 0 0 0 0 0 0 0 0 0 0 0 0 0 0 0 0 0 0 0 0 36 35 0 0 0 0 8
P6312 2052 11 4 52 9 7 0 0 0 0 0 5 0 0 0 0 0 0 0 17 53 13 116 62 9 3 88 34 69 14 15 9 -999
P6312 2052 12 10 10 36 9 6 9 0 0 0 0 0 7 25 73 5 0 10 25 19 43 68 42 23 20 15 7 15 0 27 12 12
P6312 2053 1 5 23 8 7 5 4 9 16 140 133 231 214 111 9 71 117 59 5 0 0 0 0 51 16 0 0 13 25 61 54 46
P6312 2053 2 37 124 73 21 36 54 98 33 39 38 0 11 13 41 40 32 27 38 18 6 0 6 28 57 39 177 69 30 -999 -999 -999
P6312 2053 3 0 0 0 0 0 0 0 0 0 0 0 0 0 0 0 0 0 0 0 0 0 0 0 0 0 0 0 0 0 0 16
P6312 2053 4 31 20 6 9 4 0 0 0 0 0 0 28 0 91 35 4 7 0 0 0 0 0 0 51 103 59 30 0 0 0 -999
P6312 2053 5 0 0 0 0 0 0 0 0 0 0 0 0 0 0 0 0 0 0 0 0 0 0 0 0 0 0 0 0 0 4 0
P6312 2053 6 0 0 0 0 0 0 0 0 0 0 0 0 0 0 0 0 0 16 0 0 0 0 0 0 0 0 0 0 0 0 -999
P6312 2053 7 0 0 0 0 0 0 0 0 0 0 0 0 0 0 0 0 0 0 0 0 0 0 0 0 0 0 0 0 0 0 0
P6312 2053 8 0 0 0 0 0 0 0 0 0 0 0 0 0 0 0 0 0 0 0 0 0 0 0 0 0 0 0 0 0 0 0
P6312 2053 9 0 0 0 0 0 0 0 0 0 0 0 0 0 0 0 0 0 0 0 51 70 41 0 0 0 0 0 62 66 16 -999
P6312 2053 10 5 0 0 0 0 0 0 35 0 0 0 0 0 0 0 0 0 0 0 0 0 0 0 0 0 0 6 0 0 0 0
P6312 2053 11 0 0 0 6 7 0 0 0 0 0 0 0 0 0 78 72 257 106 218 56 160 19 26 46 10 12 0 0 0 0 -999
P6312 2053 12 0 0 0 3 0 0 0 0 3 19 49 149 39 101 17 58 67 51 45 20 7 17 30 101 38 17 0 0 0 0 0
P6312 2054 1 98 12 31 68 19 56 37 33 16 2 5 6 6 0 0 5 39 76 23 5 3 9 8 6 4 0 0 0 0 1 0
P6312 2054 2 0 7 26 37 86 73 89 18 11 0 0 8 4 3 0 0 0 10 3 14 7 5 12 10 0 0 0 0 -999 -999 -999
P6312 2054 3 0 0 0 0 0 0 0 3 2 0 0 0 6 3 67 9 54 16 4 6 10 26 21 4 8 41 17 39 50 34 162
P6312 2054 4 21 53 36 40 6 30 29 35 8 60 13 0 0 0 10 2 5 38 24 53 35 7 8 35 51 58 15 6 0 0 -999
P6312 2054 5 0 23 17 7 6 6 0 26 60 67 19 20 2 5 0 0 0 0 0 0 4 0 0 0 0 0 0 0 0 0 0
P6312 2054 6 0 0 0 0 0 0 0 0 0 0 0 0 0 0 0 0 0 0 0 0 0 0 0 0 0 0 0 0 0 0 -999
P6312 2054 7 0 0 0 0 0 0 0 0 0 0 0 0 0 0 0 0 0 0 15 0 0 0 0 0 0 0 0 0 0 0 0
P6312 2054 8 0 0 0 0 0 0 0 0 0 0 0 0 0 0 0 0 0 0 0 0 0 0 0 0 0 0 0 0 0 0 0
P6312 2054 9 0 0 0 0 0 0 0 0 0 0 0 0 0 0 0 0 0 0 0 0 0 0 0 0 0 0 0 0 0 0 -999
P6312 2054 10 0 0 0 0 0 0 0 18 16 0 37 16 7 0 0 0 0 0 0 0 56 22 3 8 5 6 0 2 7 17 79
P6312 2054 11 201 132 95 67 110 33 12 108 24 0 0 0 0 0 0 16 11 0 3 0 0 0 0 0 2 3 13 36 107 27 -999
P6312 2054 12 77 15 10 0 0 3 0 0 4 8 6 7 38 18 15 6 0 2 0 0 0 1 8 4 0 0 0 0 0 0 0
P6312 2055 1 0 0 11 58 149 32 12 0 0 105 87 119 115 40 94 103 84 66 79 94 141 134 122 7 8 5 4 5 10 4 7
P6312 2055 2 5 0 0 0 0 7 7 6 0 0 0 8 13 10 15 41 9 18 9 5 13 14 0 0 0 0 0 0 -999 -999 -999
P6312 2055 3 0 46 70 35 11 35 49 32 181 124 50 40 51 23 16 10 24 30 5 20 4 17 20 62 17 102 51 20 30 54 8
P6312 2055 4 0 0 0 6 0 24 48 12 62 25 12 9 5 5 14 0 0 0 0 0 0 28 64 91 78 57 38 24 5 17 -999
P6312 2055 5 21 85 110 48 11 0 53 103 51 0 0 0 4 4 0 0 0 0 0 0 0 0 0 0 0 0 0 0 0 0 0
P6312 2055 6 0 0 0 0 0 0 0 0 0 0 0 0 0 0 66 10 7 9 5 8 7 12 0 0 0 0 0 0 0 0 -999
P6312 2055 7 0 0 0 0 0 0 0 0 0 0 0 0 0 0 0 0 0 0 0 0 0 0 0 0 0 0 0 0 0 0 0
P6312 2055 8 0 0 0 0 0 0 0 0 0 0 0 0 0 0 0 0 0 0 0 0 0 0 0 0 0 0 0 0 0 0 0
P6312 2055 9 0 0 0 0 0 0 0 0 0 0 0 0 0 0 0 0 0 0 0 0 0 0 0 0 10 0 0 0 0 0 -999
P6312 2055 10 0 0 0 0 0 0 0 23 3 0 0 35 4 0 5 0 0 8 9 11 8 3 31 91 8 8 8 0 0 0 0
P6312 2055 11 21 24 0 0 0 117 104 60 0 0 0 8 6 22 0 37 6 0 0 0 8 5 11 21 4 0 0 0 6 14 -999
P6312 2055 12 57 33 3 3 0 0 0 0 0 59 74 62 38 24 82 35 15 23 20 151 196 78 15 8 0 0 0 0 0 8 12
P6312 2056 1 3 0 3 5 2 9 89 6 10 0 6 0 0 0 3 12 11 4 3 8 73 50 136 12 57 6 79 49 4 0 3
P6312 2056 2 0 0 0 2 2 0 0 0 0 0 0 0 0 0 0 1 13 0 0 0 17 19 10 0 0 0 0 0 -999 -999 -999
P6312 2056 3 0 0 21 7 0 0 43 24 48 51 4 0 0 0 0 34 7 7 4 3 0 0 0 8 0 34 27 36 0 25 0
P6312 2056 4 0 0 0 0 0 12 0 0 10 0 0 0 0 0 0 0 8 0 35 0 0 0 0 0 0 28 27 23 3 0 -999
P6312 2056 5 10 14 30 4 7 23 0 0 0 0 6 22 8 0 0 0 0 0 0 0 0 0 0 0 15 3 16 9 10 0 0
P6312 2056 6 20 0 0 0 0 0 12 0 0 0 0 0 0 0 0 0 0 0 0 0 0 0 0 0 0 0 0 0 0 0 -999
P6312 2056 7 0 0 0 0 0 0 0 0 0 0 0 0 0 0 0 0 0 0 0 0 0 0 0 0 0 0 0 0 0 0 0
P6312 2056 8 0 0 0 0 0 0 0 0 0 0 0 0 0 0 0 0 0 0 0 0 0 0 0 0 0 0 0 0 0 0 0
P6312 2056 9 0 0 0 0 0 0 0 0 0 0 0 0 0 0 0 0 0 0 0 0 0 0 0 0 0 0 0 28 22 0 -999
P6312 2056 10 0 27 0 0 0 0 0 0 0 0 0 0 0 0 0 0 0 0 0 0 0 0 10 86 90 20 0 0 0 0 8
P6312 2056 11 7 0 7 34 85 28 73 45 13 0 0 0 12 25 0 0 0 0 30 28 14 15 6 20 47 72 75 98 71 112 -999
P6312 2056 12 184 96 89 18 227 148 113 64 60 216 94 39 4 53 80 147 44 89 49 44 70 15 2 0 0 0 0 0 0 0 0
P6312 2057 1 0 5 0 0 9 14 35 22 18 10 0 0 7 9 0 0 0 0 0 0 0 0 0 4 8 60 125 158 36 15 86
P6312 2057 2 35 17 18 44 53 89 121 138 65 44 0 0 0 0 6 0 0 7 54 124 6 3 5 6 5 0 0 0 -999 -999 -999
P6312 2057 3 0 0 0 0 18 7 14 9 0 5 0 0 0 0 0 0 21 2 0 0 0 0 0 8 6 9 9 6 4 3 6
P6312 2057 4 0 0 0 0 0 0 0 0 25 22 31 18 7 5 88 63 41 28 7 4 5 13 0 0 0 0 0 0 0 0 -999
P6312 2057 5 0 0 0 0 0 0 0 0 0 0 0 0 4 5 19 29 33 11 3 0 0 0 0 0 18 0 0 24 21 8 7
P6312 2057 6 5 7 4 0 0 0 0 0 0 0 0 0 0 0 0 0 0 0 0 0 0 0 0 0 0 0 0 0 0 0 -999
P6312 2057 7 0 0 0 0 0 0 0 0 0 0 0 0 0 0 0 0 0 0 0 0 0 0 0 0 0 0 0 0 0 0 0
P6312 2057 8 0 0 0 0 0 0 0 0 0 0 0 0 0 0 0 0 0 0 0 0 0 0 0 0 0 0 0 0 0 0 0
P6312 2057 9 0 0 0 0 0 0 0 0 0 0 0 0 0 0 0 0 0 0 0 0 0 0 0 0 0 0 0 0 0 0 -999
P6312 2057 10 0 0 0 0 0 0 0 0 0 0 0 0 0 0 0 0 21 0 0 0 0 0 0 0 0 0 0 0 6 4 20
P6312 2057 11 12 14 99 107 15 54 0 15 17 30 134 101 14 32 12 29 20 13 9 15 12 9 0 0 0 3 6 0 0 0 -999
P6312 2057 12 0 0 0 0 0 2 0 8 49 51 100 139 147 19 16 3 0 0 0 0 0 0 0 0 0 0 0 0 0 13 0
P6312 2058 1 0 0 0 0 0 0 0 0 38 67 9 7 7 47 24 0 0 0 0 0 0 0 0 0 0 7 13 4 10 18 15
P6312 2058 2 32 3 0 0 0 0 0 0 0 0 10 15 32 9 25 6 2 0 0 0 0 0 0 0 0 0 0 0 -999 -999 -999
P6312 2058 3 0 0 0 0 0 0 0 0 0 0 0 0 0 0 0 0 0 0 0 10 38 31 12 51 77 70 3 0 1 0 0
P6312 2058 4 0 0 0 0 2 0 0 0 0 10 3 12 5 0 0 0 0 0 4 3 0 0 0 0 0 0 0 0 0 0 -999
P6312 2058 5 0 0 0 0 0 0 0 14 0 0 0 0 0 0 0 0 0 0 0 0 0 0 0 0 0 0 0 0 11 13 12
P6312 2058 6 16 0 0 0 0 0 0 0 0 0 0 0 0 0 0 0 0 0 0 0 0 0 0 0 0 0 0 0 0 0 -999
P6312 2058 7 0 0 0 0 0 0 0 0 0 0 0 0 0 0 0 0 4 0 0 0 0 0 0 0 0 0 0 0 0 0 0
P6312 2058 8 0 0 0 0 0 0 0 0 0 0 0 0 0 0 0 0 0 0 0 0 0 0 0 0 0 0 0 0 0 0 0
P6312 2058 9 0 0 0 0 0 0 0 0 0 0 0 0 0 0 0 0 0 0 0 0 0 0 13 0 0 0 0 0 0 0 -999
P6312 2058 10 0 0 0 0 0 0 0 0 0 0 0 0 0 0 0 0 0 0 0 0 0 0 4 0 0 0 0 0 0 0 0
P6312 2058 11 0 0 0 0 0 0 0 27 29 24 58 14 4 16 21 50 41 212 156 117 6 24 30 5 13 38 44 214 72 35 -999
P6312 2058 12 4 37 19 9 3 5 10 0 8 0 0 0 0 0 17 5 22 89 130 170 77 25 16 18 25 28 59 32 6 16 92
P6312 2059 1 7 165 8 12 3 4 2 0 0 0 0 0 0 15 55 5 5 2 15 9 29 9 7 0 9 4 2 0 3 0 0
P6312 2059 2 0 0 0 0 0 0 0 0 0 0 0 0 0 0 0 5 0 0 0 0 0 0 0 0 0 0 0 0 -999 -999 -999
P6312 2059 3 0 0 0 0 0 0 0 0 0 0 0 16 6 0 0 0 0 0 0 5 46 16 22 71 12 90 10 9 4 3 3
P6312 2059 4 1 1 0 0 0 0 0 0 0 0 0 0 0 0 0 0 0 0 0 4 9 0 0 0 0 0 0 0 16 4 -999
P6312 2059 5 0 0 0 0 0 0 0 0 0 0 0 0 0 0 0 0 0 4 0 0 0 0 0 0 0 0 0 0 0 0 0
P6312 2059 6 0 0 0 0 0 0 0 0 0 0 0 0 0 0 0 0 0 0 0 0 0 0 0 0 0 0 0 0 0 0 -999
P6312 2059 7 0 0 0 0 0 0 0 0 0 0 0 0 0 0 0 0 0 0 0 0 0 0 0 0 0 0 0 0 0 0 0
P6312 2059 8 0 0 0 0 0 0 0 0 0 0 0 0 0 0 0 0 0 0 0 0 0 0 0 0 0 0 0 0 0 0 0
P6312 2059 9 0 0 0 0 0 0 0 0 0 0 0 0 0 0 0 0 0 0 0 0 0 0 0 22 15 0 0 0 0 0 -999
P6312 2059 10 0 0 0 0 0 0 0 0 0 0 0 0 0 0 28 28 0 0 0 20 68 155 112 73 15 33 8 0 0 38 0
P6312 2059 11 53 37 0 47 0 0 0 0 5 12 95 11 5 58 120 34 3 5 3 3 14 12 51 7 5 3 41 3 5 6 -999
P6312 2059 12 0 0 0 0 0 0 3 29 32 18 10 9 6 9 6 0 0 0 0 0 0 0 0 0 0 4 11 101 143 53 15
P6312 2060 1 15 21 57 61 93 27 0 0 0 13 6 0 0 0 0 0 0 0 0 0 0 0 0 0 0 6 5 4 2 3 0
P6312 2060 2 0 0 0 9 56 12 58 16 43 8 62 69 22 153 128 61 77 86 30 10 57 16 51 15 61 5 35 25 -999 -999 -999
P6312 2060 3 183 48 88 31 40 66 79 120 40 21 0 0 0 8 0 0 148 34 124 133 121 99 15 12 3 0 5 39 10 17 4
P6312 2060 4 0 0 0 0 0 0 0 0 0 0 31 15 0 0 0 0 0 0 0 0 0 0 0 0 0 0 0 0 0 0 -999
P6312 2060 5 0 0 0 0 0 0 0 0 0 0 0 0 0 0 0 0 0 0 0 0 0 0 0 0 0 0 0 0 0 0 0
P6312 2060 6 0 0 0 0 20 47 54 39 11 0 0 0 0 14 0 0 0 0 0 0 0 0 0 0 0 0 0 0 0 0 -999
P6312 2060 7 0 0 0 0 0 0 0 0 0 0 0 0 0 0 0 0 0 0 0 0 0 0 0 0 0 0 0 0 0 0 0
P6312 2060 8 0 0 0 0 0 0 0 0 0 0 0 0 0 0 0 0 0 0 0 0 0 0 0 0 0 0 0 0 0 0 0
P6312 2060 9 0 0 0 0 0 0 0 0 0 0 0 0 0 0 0 4 0 0 0 0 0 0 0 0 0 0 20 0 0 0 -999
P6312 2060 10 0 0 0 0 0 0 0 0 0 0 36 83 47 64 6 5 7 4 0 0 13 10 24 7 24 0 0 19 0 11 101
P6312 2060 11 81 13 15 10 4 4 0 7 20 7 5 10 5 3 6 10 0 31 3 0 0 0 0 0 7 20 13 6 17 6 -999
P6312 2060 12 0 14 29 19 33 49 10 0 19 7 0 0 0 16 15 54 11 21 6 79 100 5 10 12 11 26 7 31 9 3 0
P6312 2061 1 0 0 0 3 0 0 0 0 0 3 12 0 0 18 13 0 25 12 172 36 83 83 79 122 114 160 204 101 78 94 43
P6312 2061 2 9 0 0 4 8 0 0 0 26 40 41 25 11 87 100 10 13 50 9 99 15 49 2 7 12 4 27 12 -999 -999 -999
P6312 2061 3 224 54 75 77 5 6 16 7 14 17 140 11 80 28 83 42 11 61 85 14 8 2 0 0 0 0 0 0 0 0 0
P6312 2061 4 0 0 9 13 12 21 30 73 36 19 53 32 21 10 5 0 0 0 9 7 6 0 0 0 18 0 0 0 0 0 -999
P6312 2061 5 0 0 16 4 10 0 0 0 0 0 0 0 0 0 0 0 0 0 0 0 0 0 0 0 0 0 0 0 0 0 0
P6312 2061 6 0 0 0 0 0 0 0 0 0 0 0 0 0 0 0 0 0 0 0 0 0 0 0 0 0 0 0 0 0 0 -999
P6312 2061 7 0 0 0 0 0 0 0 0 0 0 0 0 0 0 0 0 0 0 0 0 0 0 0 0 0 0 0 0 0 0 0
P6312 2061 8 0 0 0 0 0 0 0 0 0 0 0 0 0 0 0 0 0 0 0 0 0 0 0 0 0 0 0 0 0 0 0
P6312 2061 9 0 0 0 0 0 0 0 0 0 0 0 0 0 0 0 18 63 79 130 92 77 24 0 0 0 0 0 0 0 0 -999
P6312 2061 10 0 30 18 5 0 0 30 12 97 26 0 0 0 6 0 0 9 14 0 0 24 0 0 0 35 71 129 53 8 12 12
P6312 2061 11 0 0 19 0 0 0 0 20 5 14 6 0 0 0 3 0 0 10 21 0 0 0 0 0 1 2 3 8 18 9 -999
P6312 2061 12 67 101 176 0 0 0 0 3 0 6 7 10 6 0 0 0 9 41 33 3 9 5 0 0 0 0 0 0 9 21 0
P6312 2062 1 0 0 0 0 0 0 0 0 0 0 0 19 50 12 126 75 21 35 4 0 10 4 5 5 0 15 18 62 12 26 185
P6312 2062 2 88 22 15 7 14 88 128 87 51 11 3 0 0 0 0 0 0 12 8 3 13 33 25 75 133 39 36 9 -999 -999 -999
P6312 2062 3 0 0 0 0 0 29 0 0 0 23 7 0 0 15 0 0 0 0 0 0 0 0 26 18 9 56 0 0 0 0 0
P6312 2062 4 6 13 5 0 0 17 0 0 0 47 42 8 0 0 0 0 4 9 0 3 6 0 10 83 13 11 0 0 0 0 -999
P6312 2062 5 0 0 45 0 0 0 0 19 0 0 0 0 0 0 0 0 0 0 4 0 0 0 0 0 0 0 0 11 12 4 13
P6312 2062 6 6 0 0 0 0 0 0 0 0 0 0 0 0 0 0 0 0 0 0 0 0 0 0 0 0 0 0 0 0 0 -999
P6312 2062 7 0 0 0 0 0 0 0 0 0 0 0 0 0 0 0 0 0 0 0 0 0 0 0 0 0 0 0 0 0 0 0
P6312 2062 8 0 0 0 0 0 0 0 0 0 0 0 0 0 0 0 0 0 0 0 0 0 0 0 0 0 0 0 0 0 0 0
P6312 2062 9 0 0 0 0 0 0 0 0 0 0 0 0 0 0 0 0 0 0 0 0 0 0 0 0 0 0 0 0 0 0 -999
P6312 2062 10 0 0 0 0 0 0 52 24 0 0 0 0 0 0 0 0 0 0 23 38 13 45 46 20 44 32 23 8 4 6 0
P6312 2062 11 0 0 12 19 160 92 7 0 0 23 44 4 0 0 0 0 0 46 15 40 69 10 80 73 52 5 0 13 0 5 -999
P6312 2062 12 6 0 0 0 0 0 14 0 0 116 54 14 4 0 0 33 5 10 13 18 14 14 50 25 11 7 0 5 6 0 0
P6312 2063 1 0 0 0 7 5 7 0 0 0 0 0 0 2 2 0 0 0 0 0 8 10 0 0 13 0 22 88 5 0 0 0
P6312 2063 2 0 0 0 0 0 0 12 19 21 0 0 7 3 9 56 4 6 0 0 0 3 2 3 0 0 0 0 5 -999 -999 -999
P6312 2063 3 5 0 0 0 0 0 11 2 3 11 48 19 103 52 98 48 9 33 16 24 19 0 0 0 0 62 90 102 43 4 0
P6312 2063 4 23 16 11 28 0 0 0 0 0 93 56 9 4 9 4 23 18 23 0 0 0 17 5 6 13 5 9 9 5 2 -999
P6312 2063 5 0 0 0 0 0 0 0 0 0 0 0 5 29 13 8 5 0 5 9 6 12 11 0 0 0 0 0 0 0 0 0
P6312 2063 6 0 0 0 0 0 0 0 0 0 0 0 0 0 0 0 0 0 0 0 0 0 0 0 0 0 0 0 0 0 0 -999
P6312 2063 7 0 0 0 0 0 0 0 0 0 0 0 0 0 0 0 0 0 0 0 0 0 0 0 0 0 0 0 0 0 0 0
P6312 2063 8 0 0 0 0 0 0 0 0 0 0 0 0 0 0 0 0 0 0 0 0 0 0 0 0 0 0 0 0 0 0 0
P6312 2063 9 0 0 0 0 0 0 0 0 0 0 0 0 0 0 0 0 0 0 0 0 0 0 0 0 0 0 60 12 15 0 -999
P6312 2063 10 0 0 0 0 0 8 0 14 29 33 83 7 6 23 14 7 10 5 10 55 17 64 5 0 0 0 20 37 7 20 0
P6312 2063 11 0 0 0 0 0 0 0 0 0 0 0 0 0 0 0 0 0 0 0 0 0 6 0 7 25 3 0 38 12 27 -999
P6312 2063 12 59 71 69 5 33 58 60 23 6 28 18 91 21 52 8 9 32 54 7 8 4 0 14 27 16 24 30 36 35 43 7
P6312 2064 1 6 12 9 57 7 30 3 0 6 22 76 144 36 68 9 7 3 0 0 0 0 45 0 0 0 0 32 19 43 9 4
P6312 2064 2 5 2 3 0 0 0 0 0 0 0 0 0 20 24 28 12 35 26 4 0 0 0 0 0 0 19 29 13 -999 -999 -999
P6312 2064 3 0 28 82 134 75 78 30 4 7 33 62 11 10 9 0 9 0 21 10 14 2 15 48 3 10 0 2 0 0 35 19
P6312 2064 4 12 14 14 28 0 0 0 2 3 4 0 0 0 0 0 0 0 9 6 6 0 0 0 23 10 0 33 29 0 0 -999
P6312 2064 5 0 6 4 0 0 0 0 0 0 0 0 0 0 0 0 0 0 0 0 0 0 0 0 0 0 0 0 0 0 0 0
P6312 2064 6 0 0 0 0 0 0 0 0 0 0 0 0 0 0 0 0 0 0 0 0 0 0 0 0 0 0 0 0 0 0 -999
P6312 2064 7 0 0 0 0 0 0 0 0 0 0 0 0 0 0 0 0 0 0 0 0 0 0 0 0 0 0 0 0 0 0 0
P6312 2064 8 0 0 0 0 0 0 0 0 0 0 0 0 0 0 0 0 0 0 0 0 0 0 0 0 0 0 0 0 0 0 0
P6312 2064 9 0 0 0 0 0 0 0 0 0 0 0 0 0 0 0 0 0 0 0 0 0 0 0 0 0 0 0 15 0 4 -999
P6312 2064 10 5 8 0 12 0 0 0 0 0 0 0 0 0 0 0 0 0 0 0 0 10 6 20 30 5 12 6 0 0 0 0
P6312 2064 11 0 0 0 0 0 10 3 6 8 12 0 0 2 4 4 3 0 0 0 0 0 0 0 57 12 31 32 47 54 4 -999
P6312 2064 12 0 12 7 15 12 0 16 33 79 111 65 48 0 0 0 0 6 6 21 110 41 143 16 9 5 21 27 66 31 90 68
P6312 2065 1 28 51 0 0 0 13 41 56 35 28 8 7 4 4 0 0 0 0 0 0 0 2 13 0 0 0 0 0 0 0 4
P6312 2065 2 26 38 34 61 8 0 0 0 3 3 6 0 0 0 0 0 0 0 4 8 13 0 5 2 25 22 3 5 -999 -999 -999
P6312 2065 3 7 0 0 3 7 23 23 8 10 36 0 0 0 0 0 2 0 9 0 0 4 14 0 49 7 48 34 72 16 33 56
P6312 2065 4 35 13 57 3 4 0 0 0 0 0 8 19 0 0 0 0 0 0 0 0 0 0 0 0 11 15 0 0 8 11 -999
P6312 2065 5 9 8 14 5 20 0 0 7 5 4 2 0 0 0 0 0 17 0 0 0 4 0 0 0 0 0 0 0 0 0 4
P6312 2065 6 8 11 11 17 13 12 11 3 0 0 28 60 11 0 0 0 0 0 12 0 0 0 0 0 0 0 0 0 0 0 -999
P6312 2065 7 0 0 0 0 0 0 0 0 0 0 0 0 0 0 0 0 0 0 0 0 0 0 0 0 0 0 0 0 0 0 0
P6312 2065 8 0 0 0 0 0 0 0 0 0 0 0 0 0 0 0 0 0 0 0 0 0 0 0 0 0 0 0 0 0 0 0
P6312 2065 9 0 0 0 0 0 0 0 0 0 0 0 0 0 0 0 0 0 0 0 0 30 58 111 119 78 45 31 9 0 0 -999
P6312 2065 10 0 0 0 0 0 0 0 0 0 0 0 0 0 0 0 31 59 63 90 7 20 0 10 0 0 0 0 0 0 0 0
P6312 2065 11 8 0 0 9 57 17 35 50 8 10 0 22 39 24 20 0 0 0 0 0 0 0 0 0 5 2 0 0 0 0 -999
P6312 2065 12 0 0 0 0 0 9 0 0 0 13 63 106 20 0 3 2 0 0 10 18 30 29 112 89 39 67 18 63 8 0 7
P6312 2066 1 5 0 7 15 26 0 0 10 5 0 10 12 7 8 10 34 88 11 0 0 0 0 0 0 0 0 0 0 0 0 0
P6312 2066 2 0 0 0 0 0 17 29 25 12 0 0 0 0 0 0 0 0 35 22 0 0 0 0 23 9 56 4 45 -999 -999 -999
P6312 2066 3 50 116 112 113 126 119 50 64 101 21 30 45 20 24 28 38 9 8 0 31 28 6 8 6 9 0 0 28 16 14 51
P6312 2066 4 36 6 0 0 0 0 16 31 0 0 0 0 0 0 0 7 16 12 0 0 0 0 0 0 0 0 0 0 0 0 -999
P6312 2066 5 0 0 0 0 0 0 0 0 0 0 0 0 0 0 0 0 0 0 0 0 0 0 0 0 0 0 0 0 0 0 0
P6312 2066 6 0 0 0 0 0 0 0 0 0 0 0 0 0 0 0 0 0 0 0 0 0 0 0 0 0 0 0 0 0 0 -999
P6312 2066 7 0 0 0 0 0 0 0 0 0 0 0 0 0 0 0 0 0 0 0 0 0 0 0 0 0 0 0 0 0 0 0
P6312 2066 8 0 0 0 0 0 0 0 0 0 0 0 0 0 0 0 0 0 0 0 0 0 0 0 0 0 0 0 0 0 0 0
P6312 2066 9 0 0 0 0 0 0 0 0 0 0 0 0 0 0 0 0 0 0 0 0 0 0 0 0 0 0 0 0 0 0 -999
P6312 2066 10 0 0 0 0 0 0 0 0 0 0 0 16 68 24 39 57 106 23 15 16 0 0 0 0 0 17 26 24 18 17 82
P6312 2066 11 16 11 33 28 21 41 63 74 79 21 0 0 0 0 0 28 19 19 21 84 143 143 17 0 14 58 78 51 231 265 -999
P6312 2066 12 105 115 78 0 0 0 11 13 16 12 9 90 144 225 34 21 186 30 3 0 2 6 20 5 8 80 70 39 19 20 40
P6312 2067 1 44 89 86 113 59 29 46 33 0 8 23 111 119 108 80 35 114 205 85 4 8 34 40 33 21 19 21 9 19 5 4
P6312 2067 2 3 4 4 0 0 0 8 42 73 6 17 60 5 0 0 0 0 4 5 3 5 8 7 6 0 0 0 10 -999 -999 -999
P6312 2067 3 6 0 14 34 4 0 3 4 8 5 18 29 15 11 10 13 13 7 0 0 0 0 0 0 9 17 33 35 3 8 0
P6312 2067 4 0 0 0 0 0 0 11 15 0 0 0 0 0 23 4 2 4 5 4 3 0 0 0 3 20 19 10 18 0 14 -999
P6312 2067 5 0 0 0 0 0 29 20 0 0 0 3 0 6 11 6 0 9 28 36 57 22 11 5 0 0 0 0 0 0 0 0
P6312 2067 6 0 0 0 0 0 0 0 0 0 0 0 0 0 0 0 0 0 0 0 0 0 0 0 0 0 0 0 0 0 0 -999
P6312 2067 7 0 0 0 0 0 0 0 0 0 0 0 0 0 0 0 0 0 0 0 0 0 0 0 0 0 0 0 0 0 0 0
P6312 2067 8 0 0 0 0 0 0 0 0 0 0 0 0 0 0 0 0 0 0 0 0 0 0 0 0 0 0 0 0 0 0 0
P6312 2067 9 0 0 0 0 0 0 0 0 0 0 0 0 0 0 0 0 0 0 0 0 0 0 0 0 0 0 0 0 0 0 -999
P6312 2067 10 0 0 0 0 0 0 28 31 0 0 0 0 0 0 0 0 0 0 0 0 0 0 0 0 0 0 0 0 33 24 62
P6312 2067 11 10 70 124 42 19 42 160 50 129 36 27 55 40 17 20 15 13 72 105 15 0 10 0 21 10 3 7 6 24 9 -999
P6312 2067 12 8 2 0 49 84 74 7 0 57 95 81 85 16 35 12 15 4 0 0 44 16 23 9 0 0 0 0 0 0 0 0
P6312 2068 1 2 0 2 1 0 0 0 2 5 32 34 12 3 1 1 3 9 3 0 14 11 0 60 84 10 51 3 4 140 110 87
P6312 2068 2 28 53 21 4 8 24 19 58 105 58 49 40 23 0 27 24 0 0 3 7 20 3 9 8 7 0 0 0 -999 -999 -999
P6312 2068 3 8 5 8 17 10 4 0 0 0 114 36 21 0 0 0 0 15 0 0 13 5 3 43 20 0 10 0 0 0 15 4
P6312 2068 4 11 13 5 27 32 15 4 0 0 0 0 0 0 0 0 0 0 0 0 0 0 0 5 7 8 3 0 12 4 0 -999
P6312 2068 5 0 0 0 0 0 0 0 0 0 16 13 45 30 5 37 17 9 5 7 9 6 0 0 0 0 0 0 0 0 0 0
P6312 2068 6 0 0 0 0 0 0 0 0 0 0 0 0 0 0 0 0 0 0 0 0 0 0 0 0 0 0 0 0 0 0 -999
P6312 2068 7 0 0 0 0 0 0 0 0 0 0 0 0 0 0 0 0 0 0 0 0 0 0 0 0 0 0 0 0 0 0 0
P6312 2068 8 0 0 0 0 0 0 0 0 0 0 0 0 0 0 0 0 0 0 0 0 0 0 0 0 0 0 0 0 0 0 0
P6312 2068 9 0 0 0 0 0 0 0 0 0 0 0 0 0 0 0 0 0 0 0 0 32 83 91 48 21 0 21 0 0 0 -999
P6312 2068 10 8 0 0 0 0 0 8 19 11 0 0 0 19 19 7 0 0 0 0 19 49 26 82 22 4 14 2 0 25 21 38
P6312 2068 11 9 0 0 0 0 0 0 0 0 0 0 0 0 0 10 39 9 15 10 7 68 86 25 47 25 0 0 0 51 62 -999
P6312 2068 12 11 19 23 39 106 34 25 42 35 19 34 15 36 11 54 79 112 93 126 16 18 4 0 0 2 30 11 11 0 0 0
P6312 2069 1 0 0 0 0 0 6 15 6 6 87 39 8 3 2 0 0 0 0 0 0 0 0 0 0 21 22 24 64 183 133 205
P6312 2069 2 116 50 25 22 178 17 30 89 110 56 10 6 10 22 5 4 0 0 0 0 0 0 4 5 4 1 1 6 -999 -999 -999
P6312 2069 3 78 64 7 18 52 55 48 37 27 29 22 5 0 0 0 0 0 0 0 4 4 3 5 11 9 0 11 27 59 13 0
P6312 2069 4 5 0 0 0 0 0 35 21 16 20 172 78 11 50 68 48 46 47 96 50 9 13 0 0 0 0 0 15 52 41 -999
P6312 2069 5 68 33 7 16 12 85 63 40 12 13 0 0 0 0 0 0 3 0 18 14 0 0 0 0 0 0 0 5 4 0 0
P6312 2069 6 3 0 0 0 0 0 0 0 0 0 0 0 0 0 0 0 0 0 0 0 0 0 0 0 0 0 0 0 0 0 -999
P6312 2069 7 0 6 0 0 0 0 0 0 0 0 0 0 0 0 0 0 0 0 0 0 0 0 0 0 0 0 0 0 0 0 0
P6312 2069 8 0 0 0 0 0 0 0 0 0 0 0 0 0 0 0 0 0 0 0 0 0 0 0 0 0 0 0 0 0 0 0
P6312 2069 9 0 0 0 0 0 0 0 0 41 9 0 0 0 0 0 0 0 0 0 0 0 0 0 0 0 0 16 18 205 114 -999
P6312 2069 10 70 69 75 22 0 0 0 0 0 0 0 0 0 0 6 10 6 0 0 7 15 14 41 10 9 4 0 0 0 0 24
P6312 2069 11 36 64 110 60 4 0 0 23 36 74 110 107 98 79 8 0 0 0 0 0 14 6 21 57 9 127 38 90 80 5 -999
P6312 2069 12 11 109 89 89 17 26 25 9 4 5 0 0 31 0 0 0 0 0 0 0 0 7 93 55 10 6 12 0 21 4 0
P6312 2070 1 44 33 51 55 93 41 10 21 86 20 17 4 3 3 0 0 17 10 35 137 85 34 114 41 45 24 192 14 28 91 87
P6312 2070 2 22 169 142 20 13 11 10 4 15 98 50 42 17 0 65 60 30 0 3 4 6 19 150 41 104 20 142 11 -999 -999 -999
P6312 2070 3 23 0 0 0 27 0 0 0 107 77 70 55 15 5 0 0 3 71 67 9 88 89 36 16 66 0 0 0 0 0 0
P6312 2070 4 24 46 8 0 44 43 24 65 20 31 27 27 9 20 49 22 10 0 0 0 0 5 4 3 9 6 8 8 2 0 -999
P6312 2070 5 0 0 0 9 28 14 12 9 0 12 6 57 34 89 24 9 9 8 7 0 0 0 0 0 0 0 0 0 0 0 0
P6312 2070 6 0 0 0 13 0 0 0 0 0 0 0 0 0 0 0 0 0 0 0 0 0 0 0 0 0 0 0 0 0 0 -999
P6312 2070 7 0 0 0 0 0 0 0 0 0 0 0 0 0 0 0 0 0 0 0 0 0 0 0 0 0 0 0 0 0 0 0
P6312 2070 8 0 0 0 0 0 0 0 0 0 0 0 0 0 0 0 0 0 0 0 0 0 0 0 0 0 0 0 0 0 0 0
P6312 2070 9 0 0 0 0 0 0 0 0 0 0 0 0 0 0 0 0 0 0 0 0 0 0 0 0 0 0 0 36 20 29 -999
P6312 2070 10 0 0 0 0 0 0 0 26 0 20 58 50 40 20 9 0 0 6 68 123 103 100 32 4 0 0 0 0 0 8 13
P6312 2070 11 0 83 46 41 5 20 63 25 50 13 84 255 52 12 9 45 43 3 50 92 33 86 88 36 11 0 0 0 0 0 -999
P6312 2070 12 0 5 10 0 0 0 0 0 0 4 5 5 5 0 0 0 0 0 8 9 0 62 29 17 29 10 32 34 46 19 7
P6312 2071 1 0 10 11 9 4 7 0 4 11 14 18 26 62 44 148 105 131 129 116 45 24 18 152 104 44 8 11 17 9 18 69
P6312 2071 2 23 9 5 5 49 96 50 17 4 0 0 5 7 0 0 2 0 2 14 36 50 13 8 4 23 61 79 7 -999 -999 -999
P6312 2071 3 2 0 0 0 7 5 11 9 6 17 13 3 0 0 0 0 0 0 9 0 0 0 0 0 0 0 0 0 13 4 0
P6312 2071 4 0 0 0 0 0 0 0 0 0 0 0 0 0 0 0 0 0 0 0 0 37 0 0 0 0 0 0 0 0 0 -999
P6312 2071 5 0 0 0 0 0 0 0 0 0 0 0 0 0 0 25 10 8 0 0 0 0 0 0 0 0 0 0 0 0 0 0
P6312 2071 6 0 0 0 0 0 0 0 12 4 0 0 0 0 0 0 0 0 0 0 0 0 0 0 0 0 0 0 0 0 0 -999
P6312 2071 7 0 0 0 0 0 0 0 0 0 0 0 0 0 0 0 0 0 0 0 0 0 0 0 0 0 0 0 0 0 0 0
P6312 2071 8 0 0 0 0 0 0 0 0 0 0 0 0 0 0 0 0 0 0 0 0 0 0 0 0 0 0 0 0 0 0 0
P6312 2071 9 0 0 0 0 0 0 0 0 0 0 0 0 0 0 0 0 0 0 0 0 0 0 0 0 0 0 0 0 0 0 -999
P6312 2071 10 0 0 0 0 0 0 0 0 3 5 4 4 4 0 0 0 0 0 0 0 0 0 0 0 16 0 0 0 0 0 0
P6312 2071 11 36 15 15 0 7 16 37 76 44 11 9 22 8 4 3 20 3 6 0 0 0 0 0 0 0 23 22 0 0 0 -999
P6312 2071 12 0 4 11 8 19 67 24 0 0 0 0 1 0 0 0 0 0 0 8 0 0 0 0 0 0 0 0 0 0 0 0
P6312 2072 1 0 2 0 0 0 5 2 0 7 16 3 2 8 13 49 5 4 0 0 2 11 86 70 6 0 0 4 30 84 8 48
P6312 2072 2 7 4 4 47 79 19 25 69 35 116 53 220 85 122 83 126 137 124 129 124 102 265 154 35 15 19 30 3 -999 -999 -999
P6312 2072 3 0 0 0 12 18 14 117 33 5 8 10 8 0 10 0 0 0 10 17 0 0 0 21 3 0 0 0 0 0 0 0
P6312 2072 4 0 0 0 0 0 60 58 50 34 9 51 8 4 12 0 23 0 0 0 0 0 0 68 26 0 0 0 0 0 0 -999
P6312 2072 5 0 0 0 0 0 0 0 11 17 0 0 0 0 0 0 0 0 0 0 0 0 0 0 0 0 0 0 0 0 0 0
P6312 2072 6 0 0 0 7 0 0 0 0 0 0 0 0 0 0 0 0 0 0 0 0 0 0 0 0 0 0 0 0 0 0 -999
P6312 2072 7 0 0 0 0 0 0 0 0 0 0 0 0 0 0 0 0 0 0 0 0 0 0 0 0 0 0 0 0 0 0 0
P6312 2072 8 0 0 0 0 0 0 0 0 0 0 0 0 0 0 0 0 0 0 0 0 0 0 0 0 0 0 0 0 0 0 0
P6312 2072 9 0 0 0 0 0 0 0 0 0 0 0 0 0 0 0 0 0 0 0 0 0 0 0 0 0 0 0 0 0 0 -999
P6312 2072 10 29 16 0 13 0 0 0 0 0 0 0 0 0 0 0 0 0 56 16 16 7 31 16 48 35 73 23 8 0 30 190
P6312 2072 11 14 18 0 47 35 95 63 112 140 118 58 8 3 0 0 0 0 0 0 0 0 13 33 87 19 108 90 3 4 6 -999
P6312 2072 12 0 0 0 0 7 77 85 34 6 10 5 0 0 0 0 0 0 0 0 0 0 9 8 0 0 4 2 0 0 0 0
P6312 2073 1 0 0 0 0 14 16 0 0 0 0 0 0 0 0 0 0 0 0 4 0 0 0 0 0 0 8 2 0 0 0 0
P6312 2073 2 0 0 4 15 12 8 12 8 74 119 94 15 16 50 36 13 49 6 8 0 3 4 11 3 0 0 0 0 -999 -999 -999
P6312 2073 3 0 0 0 0 0 0 0 10 8 10 3 0 0 0 8 12 7 18 27 22 9 7 8 6 0 0 13 16 22 8 0
P6312 2073 4 0 0 0 0 0 0 0 0 0 0 0 0 0 0 43 50 0 0 0 0 0 0 0 19 0 0 0 14 0 0 -999
P6312 2073 5 11 0 0 0 0 0 0 0 0 0 0 0 0 0 0 12 18 12 36 7 0 4 25 44 5 0 7 5 0 0 0
P6312 2073 6 0 0 0 0 0 0 0 0 0 0 0 0 0 0 0 0 0 0 0 0 0 0 0 0 0 0 0 0 0 0 -999
P6312 2073 7 0 0 0 0 0 0 0 0 0 0 0 0 0 0 0 0 0 0 0 0 0 0 0 0 0 0 0 0 0 0 0
P6312 2073 8 0 0 0 0 0 0 0 0 0 0 0 0 0 0 0 0 0 0 0 0 0 0 0 0 0 0 0 0 0 0 0
P6312 2073 9 0 0 0 28 0 5 0 0 0 0 0 7 0 0 0 0 0 0 0 0 0 5 22 0 0 0 0 0 0 0 -999
P6312 2073 10 0 0 0 0 0 0 14 28 4 128 70 0 0 0 0 0 0 0 37 6 0 0 0 0 0 0 21 31 4 6 0
P6312 2073 11 18 5 0 0 6 12 98 62 148 154 18 5 3 0 0 0 0 0 0 0 5 23 0 18 8 16 24 11 15 30 -999
P6312 2073 12 60 67 18 31 9 40 9 8 0 0 0 0 0 0 0 0 6 6 9 58 74 51 5 8 37 5 23 0 0 0 0
P6312 2074 1 0 2 0 0 0 0 0 0 0 4 5 6 0 3 0 0 0 42 38 25 0 0 0 0 4 15 9 6 7 0 0
P6312 2074 2 7 0 0 0 0 0 7 14 63 10 7 7 6 5 3 0 0 0 0 0 6 11 10 2 4 8 14 0 -999 -999 -999
P6312 2074 3 28 41 0 0 0 0 0 0 0 0 0 12 0 6 24 0 0 0 6 0 4 0 0 0 0 0 0 0 0 0 0
P6312 2074 4 0 0 0 0 0 0 0 0 0 0 0 0 0 0 0 0 0 0 0 0 0 0 0 0 0 36 9 7 0 0 -999
P6312 2074 5 0 0 0 0 0 0 9 7 15 21 31 22 7 0 0 0 0 0 32 50 36 29 16 0 0 0 0 0 0 0 0
P6312 2074 6 0 0 0 0 0 0 0 0 0 0 0 0 0 0 0 0 0 0 0 0 0 0 0 0 0 0 0 0 0 0 -999
P6312 2074 7 0 0 0 0 0 0 0 0 0 0 0 0 0 0 0 0 0 0 0 0 0 0 0 0 0 0 0 0 0 0 0
P6312 2074 8 0 0 0 0 0 0 0 0 0 0 0 0 0 0 0 0 0 0 0 0 0 0 0 0 0 0 0 0 0 0 0
P6312 2074 9 0 0 0 0 0 0 0 0 0 0 0 0 0 0 0 0 0 7 10 0 0 21 12 6 5 3 0 7 0 0 -999
P6312 2074 10 0 0 10 0 0 0 0 7 9 6 5 0 0 0 0 0 0 0 7 0 0 0 0 0 0 0 0 12 51 5 15
P6312 2074 11 10 14 14 0 0 0 0 20 69 100 23 0 0 0 0 21 13 10 0 0 0 0 171 171 112 21 0 10 6 3 -999
P6312 2074 12 0 0 29 28 0 0 0 23 3 9 7 13 44 159 156 200 121 23 123 48 176 61 6 6 0 0 232 78 210 44 41
P6312 2075 1 51 73 114 61 37 16 4 3 3 4 19 34 63 5 11 6 0 0 0 0 0 0 0 0 0 0 12 5 4 21 28
P6312 2075 2 72 14 5 4 76 47 20 25 10 11 72 76 33 42 5 18 6 0 24 22 74 9 8 5 0 0 0 0 -999 -999 -999
P6312 2075 3 0 0 0 21 54 76 21 0 0 65 47 50 52 33 5 6 11 42 118 47 14 59 75 49 24 23 61 28 50 51 63
P6312 2075 4 36 5 36 0 0 0 0 4 0 0 0 0 0 0 0 0 0 0 8 9 15 8 0 0 0 0 0 0 0 62 -999
P6312 2075 5 47 80 98 109 67 85 39 14 0 0 0 14 20 15 7 12 47 11 13 11 6 5 0 0 0 0 0 0 0 0 0
P6312 2075 6 0 0 0 0 0 0 0 0 0 0 0 0 0 0 0 0 0 0 0 0 0 0 0 0 0 0 0 0 0 0 -999
P6312 2075 7 0 0 0 0 0 0 0 0 0 0 0 0 0 0 0 0 0 0 0 0 0 0 0 0 0 0 0 0 0 0 0
P6312 2075 8 0 0 0 0 0 0 0 0 0 0 0 0 0 0 0 0 0 0 0 0 0 0 0 0 0 0 0 0 0 0 0
P6312 2075 9 0 0 0 0 0 0 0 0 0 0 0 0 0 0 0 0 0 0 0 0 0 0 0 0 0 0 0 25 26 19 -999
P6312 2075 10 0 0 10 6 13 0 0 16 6 8 0 0 0 0 0 0 0 0 33 12 6 5 0 0 16 0 14 28 6 0 0
P6312 2075 11 20 16 23 43 12 6 134 11 106 11 27 101 36 26 12 57 89 17 17 26 36 9 10 15 16 14 34 8 14 9 -999
P6312 2075 12 0 12 5 36 23 42 69 30 77 4 13 22 28 22 3 3 1 0 0 0 0 3 7 0 0 11 3 0 4 2 0
P6312 2076 1 0 0 0 0 0 0 0 0 4 7 6 5 4 13 4 5 0 7 7 2 0 0 0 0 0 0 8 9 0 5 6
P6312 2076 2 4 14 8 4 0 5 0 23 81 0 0 0 1 1 0 0 0 0 9 12 8 0 0 0 0 2 2 0 -999 -999 -999
P6312 2076 3 0 3 0 0 10 10 0 0 40 84 4 0 0 18 18 17 44 53 11 0 4 0 0 0 0 0 0 0 0 0 0
P6312 2076 4 0 0 0 30 0 0 0 0 0 0 0 27 3 0 0 0 0 0 0 0 69 72 57 27 9 0 27 0 0 0 -999
P6312 2076 5 12 0 18 3 0 0 0 0 0 0 0 0 0 0 0 0 6 17 17 25 27 14 14 0 0 0 11 27 6 10 5
P6312 2076 6 18 0 0 0 0 0 0 0 0 0 0 0 0 0 0 0 0 0 0 0 0 0 0 0 0 0 0 0 0 0 -999
P6312 2076 7 0 0 0 0 11 0 0 0 0 0 0 0 0 0 0 0 0 0 0 0 0 0 0 0 0 0 0 0 0 0 0
P6312 2076 8 0 0 0 0 0 0 0 0 0 0 0 0 0 0 0 0 0 0 0 0 0 0 0 0 0 0 0 0 0 0 0
P6312 2076 9 0 0 0 0 0 0 0 0 0 0 0 0 0 0 0 0 0 0 0 0 0 0 0 0 0 0 27 66 11 15 -999
P6312 2076 10 5 9 18 0 0 0 0 0 0 0 29 72 97 107 95 6 21 78 0 0 14 6 27 16 13 0 0 0 0 0 0
P6312 2076 11 0 0 0 8 0 0 5 26 37 33 47 73 5 3 3 0 0 0 5 6 0 0 0 35 27 10 0 0 0 0 -999
P6312 2076 12 0 0 0 0 0 0 2 14 11 0 0 0 0 0 3 4 3 0 0 0 0 0 0 0 0 0 4 0 8 13 3
P6312 2077 1 0 0 0 0 0 10 5 4 0 0 1 19 94 175 22 37 4 2 0 0 0 40 140 27 134 36 24 26 10 5 23
P6312 2077 2 10 3 9 24 67 37 2 0 0 0 0 31 44 22 43 21 54 0 0 0 0 0 0 0 0 0 0 0 -999 -999 -999
P6312 2077 3 0 0 16 0 0 24 17 16 19 18 39 37 50 37 7 35 0 109 48 6 0 0 0 0 0 10 6 11 6 0 0
P6312 2077 4 0 0 0 0 0 0 11 12 47 8 8 7 0 0 0 0 0 0 0 0 0 0 0 0 0 0 0 0 0 0 -999
P6312 2077 5 0 0 0 0 0 0 0 0 0 0 0 0 0 0 0 0 0 0 0 0 0 0 0 85 101 86 66 25 0 0 0
P6312 2077 6 0 0 0 0 0 0 0 0 0 7 3 0 6 9 0 0 0 0 0 0 0 0 0 0 0 0 0 0 0 0 -999
P6312 2077 7 0 0 0 0 0 0 0 0 0 0 0 0 0 0 0 0 0 0 0 0 0 0 0 0 0 0 0 0 0 0 0
P6312 2077 8 0 0 0 0 0 0 0 0 0 0 0 0 0 0 0 0 0 0 0 0 0 0 0 0 0 0 0 0 0 0 0
P6312 2077 9 0 0 0 0 0 0 0 0 0 0 0 0 0 0 0 0 0 0 0 0 0 0 0 0 0 0 0 27 0 0 -999
P6312 2077 10 0 0 0 0 0 0 0 0 0 0 0 0 0 18 18 0 0 17 17 11 22 71 19 5 5 0 0 13 4 0 0
P6312 2077 11 0 7 45 99 90 23 92 51 13 10 8 66 125 123 117 72 98 99 4 25 23 94 78 38 0 0 33 24 0 0 -999
P6312 2077 12 4 0 0 4 5 4 5 31 16 123 218 48 92 274 67 21 169 121 204 64 132 95 124 220 164 246 164 107 44 26 18
P6312 2078 1 9 79 58 82 45 124 18 156 25 79 18 0 0 0 0 0 0 0 0 2 0 52 11 7 0 0 0 0 0 0 10
P6312 2078 2 6 17 3 6 10 56 55 11 10 6 34 9 10 17 13 0 23 11 0 0 4 0 9 10 0 0 0 0 -999 -999 -999
P6312 2078 3 0 0 0 0 0 27 10 20 0 0 79 14 33 83 18 3 0 39 0 0 0 10 19 12 6 0 19 30 28 44 9
P6312 2078 4 49 73 8 180 111 71 11 4 16 0 0 0 0 17 0 0 43 93 54 8 0 0 0 0 0 0 0 32 43 6 -999
P6312 2078 5 11 3 6 33 20 13 18 4 0 0 20 30 87 19 29 45 16 4 0 0 0 0 0 0 0 0 0 0 0 0 0
P6312 2078 6 0 0 0 0 0 0 0 0 0 0 0 0 0 0 0 0 0 0 0 0 0 0 0 0 0 0 0 0 0 0 -999
P6312 2078 7 0 0 0 0 0 0 0 0 0 0 0 0 0 0 0 0 0 0 0 0 0 0 0 0 0 0 0 0 0 0 0
P6312 2078 8 0 0 0 0 0 0 0 0 0 0 0 0 0 0 0 0 0 0 0 0 0 0 0 0 0 0 0 0 0 0 0
P6312 2078 9 0 0 0 37 17 0 0 0 0 0 0 0 0 0 0 0 0 0 0 0 0 0 0 0 0 0 0 0 0 0 -999
P6312 2078 10 0 0 0 0 0 0 0 0 0 0 0 0 0 0 0 0 0 0 0 0 0 0 13 0 0 0 0 0 0 0 0
P6312 2078 11 0 0 79 68 9 4 0 0 0 7 0 0 0 0 0 0 3 0 0 4 0 0 4 6 0 0 10 84 7 27 -999
P6312 2078 12 6 3 0 0 0 0 9 17 5 0 19 0 0 0 7 4 2 0 0 0 0 1 0 0 24 16 23 37 37 129 131
P6312 2079 1 7 12 7 18 5 8 0 18 12 3 7 8 7 3 0 0 0 0 0 0 0 0 0 0 0 0 57 20 0 0 0
P6312 2079 2 0 8 0 7 45 15 4 114 41 4 0 0 0 11 0 0 0 47 103 88 92 18 77 91 96 97 102 22 -999 -999 -999
P6312 2079 3 22 61 7 36 15 7 0 19 0 19 25 28 0 0 0 0 0 0 0 64 98 21 17 4 0 0 0 0 0 0 0
P6312 2079 4 90 42 12 4 0 10 33 12 8 0 0 0 0 0 0 0 0 0 0 0 0 0 0 0 0 0 0 0 0 14 -999
P6312 2079 5 17 5 10 0 0 0 0 0 0 0 0 0 0 0 0 0 0 0 0 0 0 0 0 0 0 0 0 0 0 0 0
P6312 2079 6 0 0 0 0 0 0 0 0 0 0 0 0 0 0 0 0 0 0 0 0 0 0 0 0 0 0 0 0 0 0 -999
P6312 2079 7 0 0 0 0 0 0 0 0 0 0 0 0 0 0 0 0 0 0 0 0 0 0 0 0 0 0 0 0 0 0 0
P6312 2079 8 0 0 0 0 0 0 0 0 0 0 0 0 0 0 0 0 0 0 0 0 0 0 0 0 0 0 0 0 0 0 0
P6312 2079 9 0 0 0 0 0 0 0 0 0 0 32 0 0 0 0 0 0 0 0 0 0 0 0 0 0 0 0 0 0 22 -999
P6312 2079 10 0 0 0 0 0 0 0 0 0 0 0 0 0 0 0 0 0 0 48 56 27 75 17 23 40 12 16 8 15 0 0
P6312 2079 11 0 45 29 0 26 9 0 0 0 0 12 0 0 0 0 0 0 0 0 6 8 6 65 19 22 102 48 32 55 89 -999
P6312 2079 12 4 0 0 0 28 23 70 85 82 47 31 0 3 5 108 112 200 136 187 35 22 12 9 5 0 3 0 0 4 2 0
P6312 2080 1 0 0 0 18 13 0 0 0 0 4 0 11 3 3 3 0 0 1 4 5 4 45 27 5 11 11 10 8 24 10 6
P6312 2080 2 8 0 0 2 3 0 0 0 3 3 17 59 11 10 0 0 3 0 0 0 6 3 3 4 0 0 0 0 -999 -999 -999
P6312 2080 3 0 0 0 0 0 0 0 0 12 0 0 0 0 0 0 0 0 0 0 0 0 0 9 0 0 0 0 0 0 0 0
P6312 2080 4 64 7 32 8 37 101 62 86 59 10 4 0 0 0 0 38 40 34 57 24 6 0 0 0 26 0 0 0 0 0 -999
P6312 2080 5 24 26 5 0 0 0 0 0 0 0 0 0 0 0 0 0 0 0 0 11 0 0 0 0 0 0 0 0 0 0 0
P6312 2080 6 0 0 0 0 0 0 0 0 0 0 0 0 0 0 0 0 0 0 0 0 0 0 0 0 0 0 0 0 0 0 -999
P6312 2080 7 0 0 0 0 0 0 0 0 0 0 0 0 0 0 0 0 0 0 0 0 0 0 0 0 0 0 0 0 0 0 0
P6312 2080 8 0 0 0 0 0 0 0 0 0 0 0 0 0 0 0 0 0 0 0 0 0 0 0 5 50 7 0 0 0 0 0
P6312 2080 9 0 0 0 0 0 0 0 0 0 0 0 0 54 38 0 0 0 0 0 0 0 0 0 69 55 13 0 0 0 0 -999
P6312 2080 10 0 0 0 0 0 0 0 0 0 0 0 17 10 0 0 0 0 0 0 0 0 9 16 100 31 37 7 0 0 0 0
P6312 2080 11 0 0 0 15 37 6 0 0 0 5 3 3 0 0 0 71 32 5 0 4 19 5 0 3 6 9 17 64 7 0 -999
P6312 2080 12 0 0 0 0 0 2 6 38 23 73 27 9 18 98 22 9 8 0 0 0 15 13 44 114 56 0 0 10 7 14 0
P6312 2081 1 0 0 0 0 0 0 0 0 0 0 0 0 0 0 0 2 5 24 49 146 146 196 51 8 17 17 13 0 0 2 0
P6312 2081 2 5 22 106 32 6 9 8 7 5 0 0 0 0 0 0 0 4 37 6 34 59 71 29 23 17 10 30 12 -999 -999 -999
P6312 2081 3 0 0 0 0 0 0 0 0 0 9 27 90 113 171 117 28 147 20 125 67 44 63 116 25 81 91 128 120 13 51 103
P6312 2081 4 31 5 14 17 7 0 0 0 0 0 0 0 0 0 0 0 0 4 0 0 0 0 0 0 0 0 0 16 0 0 -999
P6312 2081 5 0 0 0 0 0 4 7 4 0 0 6 0 0 0 0 0 0 0 0 0 0 0 7 0 0 0 10 12 18 7 0
P6312 2081 6 0 0 0 0 0 0 0 0 12 60 30 7 0 0 0 0 0 0 0 0 0 0 0 0 0 0 0 0 0 0 -999
P6312 2081 7 0 0 0 0 0 0 0 0 0 0 0 0 0 0 0 0 0 0 0 0 0 0 0 0 0 0 0 0 0 0 0
P6312 2081 8 0 0 0 0 0 0 0 0 0 0 0 0 0 0 0 0 0 0 0 0 0 0 0 0 0 0 0 0 0 0 0
P6312 2081 9 0 0 0 0 0 0 0 0 0 0 0 0 0 0 0 0 0 0 0 0 0 0 0 0 0 0 0 0 0 0 -999
P6312 2081 10 0 0 25 0 0 0 0 0 0 24 100 46 24 8 96 34 62 55 43 47 30 0 0 0 0 0 0 0 0 0 25
P6312 2081 11 0 0 54 92 24 24 9 0 0 69 57 13 28 44 132 39 24 44 86 214 40 140 137 12 8 0 0 0 29 64 -999
P6312 2081 12 65 62 31 27 54 24 122 98 11 0 0 0 0 0 0 0 0 2 5 18 65 47 196 25 49 79 16 222 22 0 0
P6312 2082 1 0 0 0 0 0 1 6 3 3 2 0 0 0 9 78 149 14 13 9 4 0 4 2 3 3 13 77 33 73 23 0
P6312 2082 2 0 0 4 12 5 16 10 2 0 0 5 4 0 0 0 0 0 0 0 0 0 0 0 0 0 0 2 0 -999 -999 -999
P6312 2082 3 0 2 5 2 2 0 0 0 0 11 9 4 0 6 11 13 35 28 55 45 0 46 24 11 4 0 6 0 11 12 10
P6312 2082 4 15 0 0 16 20 48 100 80 105 128 72 102 84 0 0 28 19 0 40 64 28 0 0 0 0 0 0 10 11 0 -999
P6312 2082 5 0 0 0 0 0 0 0 0 0 0 0 0 0 0 0 0 0 0 0 0 0 0 0 0 0 0 0 0 0 0 0
P6312 2082 6 0 0 0 0 0 13 40 30 9 6 0 0 0 0 0 0 22 21 13 8 12 0 0 0 0 0 0 0 0 0 -999
P6312 2082 7 0 0 0 0 0 0 0 0 0 0 0 0 0 0 0 0 0 0 0 0 0 0 0 0 0 0 0 0 0 0 0
P6312 2082 8 0 0 0 0 0 0 0 0 0 0 0 0 0 0 0 0 0 0 0 0 0 0 0 0 0 0 0 0 0 0 0
P6312 2082 9 0 0 0 0 0 0 0 0 0 0 0 0 0 0 0 0 0 0 0 0 0 0 0 0 0 0 0 0 0 0 -999
P6312 2082 10 0 0 0 0 0 0 0 0 0 0 0 0 0 0 0 0 11 42 13 311 109 5 14 83 16 26 0 0 0 0 0
P6312 2082 11 0 0 0 0 0 0 0 0 5 23 30 66 27 20 21 79 27 17 10 34 16 44 36 14 4 5 12 79 91 6 -999
P6312 2082 12 6 16 10 4 0 0 0 0 0 0 0 0 0 0 0 0 0 0 7 0 0 0 0 2 0 0 0 0 0 10 0
P6312 2083 1 0 4 3 2 0 20 43 151 42 30 4 4 17 91 89 73 76 13 0 45 29 0 25 21 93 45 85 26 16 74 33
P6312 2083 2 57 59 122 6 39 4 11 21 121 66 165 38 158 11 31 38 133 57 29 8 53 83 45 59 31 0 51 83 -999 -999 -999
P6312 2083 3 119 0 0 0 0 0 11 9 0 16 21 0 0 0 6 0 0 0 0 6 0 2 0 0 7 6 0 0 14 39 29
P6312 2083 4 50 23 12 18 9 0 0 0 0 17 15 28 17 8 0 0 0 19 33 8 8 7 2 0 0 0 0 0 0 0 -999
P6312 2083 5 0 0 0 0 0 0 0 0 0 23 0 0 0 0 0 0 0 0 0 0 0 0 0 0 0 0 0 0 0 0 0
P6312 2083 6 0 0 0 0 0 0 0 0 0 0 0 0 0 0 0 0 0 0 0 0 0 0 0 0 0 0 0 0 0 0 -999
P6312 2083 7 0 0 0 0 0 0 0 0 0 0 0 0 0 0 0 0 0 0 0 0 0 0 0 0 0 0 0 0 0 0 0
P6312 2083 8 0 0 0 0 0 0 0 0 0 0 0 0 0 0 0 0 0 0 0 0 0 0 0 0 0 0 0 0 0 0 0
P6312 2083 9 0 0 0 0 0 0 0 0 0 0 0 0 0 0 0 0 0 0 0 0 0 0 0 0 0 0 0 0 0 38 -999
P6312 2083 10 44 29 0 0 0 0 0 0 0 0 0 0 0 0 0 0 0 0 0 0 0 0 0 0 0 0 0 0 0 0 0
P6312 2083 11 0 0 0 0 0 14 36 18 64 41 0 44 38 29 5 24 27 55 19 60 15 8 56 66 7 10 8 13 0 0 -999
P6312 2083 12 0 0 0 0 0 5 8 8 0 0 32 19 41 0 15 50 41 11 0 0 0 0 0 4 0 0 0 0 0 3 10
P6312 2084 1 7 54 25 7 3 6 18 9 0 0 0 0 8 6 0 0 18 180 113 13 13 62 95 4 3 0 0 0 0 0 3
P6312 2084 2 0 0 15 7 0 0 0 0 0 0 18 30 46 7 0 0 8 6 41 15 6 0 145 89 5 59 7 9 -999 -999 -999
P6312 2084 3 14 20 11 16 28 27 0 0 0 44 36 59 51 11 7 112 92 87 36 72 98 39 20 77 21 0 0 0 0 53 43
P6312 2084 4 33 26 102 112 108 12 70 60 97 47 88 11 6 43 50 26 0 0 0 0 0 0 0 0 0 0 0 0 0 0 -999
P6312 2084 5 0 0 0 0 0 0 0 5 0 0 0 0 0 0 0 0 0 0 0 0 0 0 0 0 0 0 0 0 0 0 5
P6312 2084 6 0 0 0 0 0 0 0 0 0 0 0 0 0 0 0 0 0 0 0 0 0 0 0 0 0 0 0 0 0 0 -999
P6312 2084 7 0 0 0 0 0 0 0 0 0 0 0 0 0 0 0 0 0 0 0 0 0 0 0 0 0 0 0 0 0 0 0
P6312 2084 8 0 0 0 0 0 0 0 0 0 0 0 0 0 0 0 0 0 0 0 0 0 0 0 0 0 0 0 0 0 0 0
P6312 2084 9 0 0 0 0 0 0 0 0 0 0 0 0 0 0 0 0 0 0 0 0 0 0 0 0 0 0 0 0 0 0 -999
P6312 2084 10 0 15 0 0 0 0 0 0 0 0 0 0 0 0 14 15 0 0 0 0 0 0 4 4 5 0 0 0 0 0 0
P6312 2084 11 0 0 0 8 89 13 12 24 127 100 56 258 105 26 0 5 7 12 0 0 0 0 0 0 0 0 0 0 0 10 -999
P6312 2084 12 7 0 0 16 9 10 9 0 4 0 0 0 0 0 0 0 6 0 6 0 0 0 5 9 8 33 4 23 5 0 0
P6312 2085 1 0 0 0 0 0 0 0 0 0 0 0 0 4 14 21 0 0 0 0 0 0 0 0 3 8 5 14 14 0 2 0
P6312 2085 2 0 0 0 5 0 0 0 0 0 0 0 0 0 0 0 34 25 0 0 0 0 0 13 0 0 4 4 0 -999 -999 -999
P6312 2085 3 0 0 0 0 16 0 0 0 0 0 17 33 20 0 0 0 0 44 23 28 192 61 51 22 9 9 23 12 11 64 48
P6312 2085 4 85 89 129 7 93 0 0 0 0 0 0 0 0 0 48 0 0 0 0 0 0 0 0 0 0 4 33 11 23 28 -999
P6312 2085 5 14 0 0 13 3 0 5 0 7 28 19 11 9 4 0 0 0 3 4 10 0 0 0 0 7 0 0 0 0 0 0
P6312 2085 6 0 0 0 0 0 0 0 0 0 0 0 0 0 0 0 0 0 0 0 0 0 0 0 0 0 0 0 0 0 0 -999
P6312 2085 7 0 0 0 0 0 0 0 0 0 0 0 0 0 0 0 0 0 0 0 0 0 0 0 0 0 0 0 0 0 0 0
P6312 2085 8 0 0 0 0 0 0 0 0 0 0 0 0 0 0 0 0 0 0 0 0 0 0 0 0 0 0 0 0 0 0 0
P6312 2085 9 0 0 0 0 0 0 0 0 0 0 0 0 0 0 0 0 0 0 0 0 0 0 0 6 0 0 0 0 0 0 -999
P6312 2085 10 0 0 0 0 0 0 0 0 21 0 0 0 0 0 0 0 0 0 0 0 0 0 9 8 0 0 10 0 0 0 0
P6312 2085 11 11 15 51 78 8 18 10 21 0 0 0 0 0 0 0 18 5 31 87 159 117 145 29 258 117 12 205 9 21 10 -999
P6312 2085 12 106 70 8 15 98 27 10 2 14 48 29 34 23 18 6 0 0 0 3 3 5 15 96 107 48 0 25 9 41 16 65
P6312 2086 1 47 131 74 74 6 0 0 0 0 0 0 0 0 0 0 12 0 0 0 0 0 0 0 0 0 0 0 0 0 0 0
P6312 2086 2 0 0 0 0 2 0 0 0 0 0 0 4 21 15 12 26 47 123 8 19 80 4 3 0 0 0 9 9 -999 -999 -999
P6312 2086 3 0 0 0 0 0 0 0 0 0 3 3 10 11 0 0 0 0 0 41 9 0 18 0 0 0 0 0 0 0 0 31
P6312 2086 4 10 16 0 0 0 0 14 35 15 5 5 0 0 14 70 105 98 106 91 24 15 13 61 50 0 0 20 13 0 0 -999
P6312 2086 5 0 0 0 0 0 0 0 0 0 0 0 0 0 0 0 0 0 6 6 6 4 0 0 0 6 0 0 0 0 0 0
P6312 2086 6 0 0 0 0 0 0 0 0 0 0 0 0 0 0 0 0 0 0 0 0 0 0 0 0 0 0 0 0 0 0 -999
P6312 2086 7 0 0 0 0 0 0 0 0 0 0 0 0 0 0 0 0 0 0 0 0 0 0 0 0 0 0 0 0 0 0 0
P6312 2086 8 0 0 0 0 0 0 0 0 0 0 0 0 0 0 0 0 0 0 0 0 0 0 0 0 0 0 0 0 0 0 0
P6312 2086 9 0 0 0 0 0 0 0 0 0 0 0 0 21 0 0 26 18 14 0 0 0 0 0 17 0 0 0 0 0 0 -999
P6312 2086 10 0 16 0 0 0 0 0 0 0 0 0 19 0 0 9 7 7 16 0 0 0 0 17 33 35 16 19 0 10 25 8
P6312 2086 11 0 0 0 0 0 0 4 7 0 18 9 23 58 17 206 75 137 77 107 113 37 23 9 7 0 8 27 23 69 10 -999
P6312 2086 12 20 55 15 44 65 14 0 0 0 0 0 0 11 5 2 0 0 0 17 30 8 0 0 0 2 3 0 6 11 14 20
P6312 2087 1 21 122 46 13 29 24 9 0 0 5 5 2 10 38 120 14 7 34 76 5 10 3 0 0 0 0 0 0 0 8 2
P6312 2087 2 0 0 4 5 0 0 0 0 0 0 0 0 5 5 0 0 0 0 0 3 0 0 0 0 0 0 0 4 -999 -999 -999
P6312 2087 3 3 0 5 10 0 34 13 3 0 0 0 0 0 25 48 3 52 68 54 10 7 10 0 0 0 0 100 8 8 0 0
P6312 2087 4 0 0 0 7 29 3 0 0 0 0 0 0 0 0 0 0 0 34 16 13 4 0 0 0 0 0 0 0 0 0 -999
P6312 2087 5 0 0 0 0 0 0 0 94 109 63 10 0 0 0 0 0 0 0 0 0 0 0 0 0 0 0 0 9 11 13 0
P6312 2087 6 0 0 0 0 0 0 0 0 0 0 0 0 0 0 0 0 0 0 0 0 0 0 0 0 0 0 0 0 0 0 -999
P6312 2087 7 0 0 0 0 0 0 0 0 0 0 0 0 0 0 0 0 0 0 0 0 0 0 0 0 0 0 0 0 0 0 0
P6312 2087 8 0 0 0 0 0 0 0 0 0 0 0 0 0 0 0 0 0 0 0 0 0 0 0 0 0 0 0 0 0 0 0
P6312 2087 9 0 0 0 0 0 0 0 0 0 0 0 0 0 0 0 0 0 0 0 0 42 0 0 0 0 0 0 0 0 0 -999
P6312 2087 10 0 0 0 0 0 0 0 0 0 0 0 0 0 0 0 0 0 0 8 26 0 61 60 5 6 18 0 0 0 0 0
P6312 2087 11 0 0 0 22 19 11 42 11 9 7 4 17 10 18 85 10 11 20 0 0 7 0 7 0 0 0 0 0 39 23 -999
P6312 2087 12 60 120 25 36 0 0 21 13 0 0 42 72 66 54 54 31 132 208 95 16 253 24 0 0 0 0 0 0 0 0 0
P6312 2088 1 0 0 0 0 3 4 33 158 153 138 110 198 232 256 19 168 83 45 6 8 10 5 29 85 151 126 253 71 186 64 16
P6312 2088 2 45 9 10 29 8 11 2 0 0 2 0 0 0 3 0 0 45 51 36 0 0 9 27 0 0 0 0 0 -999 -999 -999
P6312 2088 3 0 0 0 0 11 11 55 4 6 0 0 0 13 18 20 42 34 14 19 3 0 0 7 11 29 15 16 0 0 0 0
P6312 2088 4 15 0 0 0 0 0 0 0 6 17 10 11 12 5 0 0 0 0 0 0 0 0 0 0 0 0 0 0 0 0 -999
P6312 2088 5 0 0 0 0 0 30 12 0 0 0 44 96 30 7 5 0 0 0 0 0 0 0 0 0 0 0 0 0 0 0 0
P6312 2088 6 0 0 0 0 0 0 0 0 0 0 0 0 0 0 0 0 0 0 0 0 0 0 0 0 0 0 0 0 0 0 -999
P6312 2088 7 0 0 0 0 0 0 0 0 0 0 0 0 0 0 0 0 0 0 0 0 0 0 0 0 0 0 0 0 0 0 0
P6312 2088 8 0 0 0 0 0 0 0 0 0 0 0 0 0 0 0 0 0 0 0 0 0 0 0 0 0 0 0 0 0 0 0
P6312 2088 9 0 0 0 0 0 0 0 0 0 0 0 0 0 0 0 0 0 0 0 0 0 0 0 0 0 0 0 0 0 0 -999
P6312 2088 10 0 0 0 0 0 0 0 0 0 0 22 0 22 3 0 0 0 0 0 0 0 0 0 0 0 0 0 0 0 0 0
P6312 2088 11 0 11 102 124 64 120 19 30 94 43 4 17 9 0 4 0 0 0 0 0 0 0 39 15 18 44 92 8 0 28 -999
P6312 2088 12 59 16 23 55 126 63 6 0 0 0 0 0 0 0 0 0 0 0 0 0 3 2 0 0 5 17 24 0 0 11 2
P6312 2089 1 0 0 0 8 10 14 25 0 0 5 43 22 12 52 46 36 39 8 123 213 31 95 76 7 48 49 26 11 36 89 59
P6312 2089 2 240 12 15 42 57 9 17 39 34 72 70 190 77 51 88 110 108 105 74 71 44 4 0 0 0 8 51 13 -999 -999 -999
P6312 2089 3 4 4 0 0 0 0 0 0 0 0 0 0 0 0 0 2 22 4 0 0 0 0 0 0 0 0 0 0 0 0 0
P6312 2089 4 0 0 0 0 0 0 7 61 75 8 6 0 0 0 0 13 0 0 0 58 0 0 0 0 0 0 0 0 0 0 -999
P6312 2089 5 6 3 0 0 0 0 0 0 0 0 0 0 0 0 0 0 0 0 0 0 0 0 0 0 0 0 0 0 0 0 0
P6312 2089 6 7 7 0 0 0 0 0 0 0 0 0 0 0 0 0 0 0 0 0 0 0 0 0 0 0 0 0 0 0 0 -999
P6312 2089 7 0 0 0 0 0 0 0 0 0 0 0 0 0 0 0 0 0 0 0 0 0 0 0 0 0 0 0 0 0 0 0
P6312 2089 8 0 0 0 0 0 0 0 0 0 0 0 0 0 0 0 0 0 0 0 0 0 0 0 0 0 0 0 0 0 0 0
P6312 2089 9 0 0 0 0 0 0 0 0 0 0 0 0 0 0 0 0 0 0 0 0 0 0 0 0 0 0 0 0 0 0 -999
P6312 2089 10 0 0 0 0 0 0 0 0 0 0 0 11 4 4 9 11 0 0 0 0 0 0 0 0 5 0 0 0 0 0 0
P6312 2089 11 6 0 0 0 0 10 2 0 0 0 9 8 13 27 57 103 48 150 137 59 78 77 111 180 14 10 11 0 59 22 -999
P6312 2089 12 128 121 17 20 5 7 8 14 4 0 0 0 0 0 0 0 10 23 43 84 62 51 38 7 0 0 0 0 3 42 12
P6312 2090 1 10 2 0 0 0 10 6 2 0 12 0 32 0 2 0 0 0 2 3 49 86 78 54 8 7 8 9 0 2 14 5
P6312 2090 2 0 52 58 0 0 0 13 12 31 54 97 107 125 185 130 212 255 29 38 33 80 9 12 28 19 79 105 113 -999 -999 -999
P6312 2090 3 4 6 2 0 5 8 88 109 44 9 44 159 74 6 6 0 0 0 0 0 0 0 0 3 9 4 0 0 0 0 0
P6312 2090 4 0 0 43 97 56 11 0 0 0 0 0 11 0 0 0 0 0 0 0 0 0 12 19 38 10 0 18 43 10 7 -999
P6312 2090 5 5 0 0 0 0 0 0 0 0 0 0 0 0 0 0 51 0 26 10 5 4 0 0 0 0 0 0 0 0 0 0
P6312 2090 6 0 0 0 0 81 45 20 6 8 10 5 0 0 0 0 0 0 0 0 0 0 0 10 25 31 14 0 0 0 0 -999
P6312 2090 7 0 0 0 0 0 0 0 0 0 0 0 0 0 0 0 0 0 0 0 0 0 0 0 0 0 0 0 0 0 0 0
P6312 2090 8 0 0 0 0 0 0 0 0 0 0 0 0 0 0 0 0 0 0 0 0 0 0 0 0 0 0 0 0 0 0 0
P6312 2090 9 0 0 0 0 0 0 0 0 0 0 0 0 0 0 0 0 0 0 0 0 0 0 0 0 0 0 0 0 0 0 -999
P6312 2090 10 0 9 0 0 0 0 0 21 9 28 9 16 4 0 0 0 0 44 17 16 0 0 0 0 0 0 0 0 0 0 11
P6312 2090 11 12 18 5 4 0 0 0 0 0 0 0 0 0 0 0 0 0 7 4 0 0 4 3 0 7 24 38 132 124 167 -999
P6312 2090 12 99 27 108 45 4 0 5 0 37 42 5 8 10 27 21 0 0 0 0 0 0 29 0 69 0 0 0 0 12 21 0
P6312 2091 1 0 0 0 2 0 0 0 0 0 0 0 0 0 0 0 0 0 0 16 2 25 36 51 99 22 233 25 76 7 40 10
P6312 2091 2 26 37 27 75 74 70 47 59 42 17 15 11 56 13 28 27 10 3 0 0 0 41 62 16 17 37 5 0 -999 -999 -999
P6312 2091 3 0 0 0 0 0 0 0 6 7 0 0 0 0 0 0 0 0 0 0 6 0 2 0 3 0 0 0 0 2 0 0
P6312 2091 4 0 8 0 0 0 0 0 0 0 0 0 0 0 0 0 0 0 0 0 0 0 0 0 19 54 10 0 7 12 0 -999
P6312 2091 5 4 0 0 0 26 65 18 4 0 0 4 4 33 37 12 52 19 5 8 0 0 0 0 0 0 0 0 0 0 0 0
P6312 2091 6 0 0 0 0 0 0 0 0 0 0 0 0 0 0 0 0 0 0 0 0 0 0 0 0 0 0 0 0 0 0 -999
P6312 2091 7 0 0 0 0 0 0 0 0 0 0 0 0 0 0 0 0 0 0 0 0 0 0 0 0 0 0 0 0 0 0 0
P6312 2091 8 0 0 0 0 0 0 0 0 0 0 0 0 0 0 0 0 0 0 0 0 0 0 0 0 0 0 0 0 0 0 0
P6312 2091 9 0 0 0 0 0 0 0 0 0 0 0 0 0 0 0 0 0 0 0 0 0 7 0 0 74 54 0 0 0 0 -999
P6312 2091 10 0 0 0 0 0 0 0 0 0 32 3 0 0 0 0 0 0 0 0 0 0 0 28 0 0 0 0 9 24 6 24
P6312 2091 11 19 53 52 17 18 70 122 81 6 45 60 62 59 6 3 0 24 16 4 8 11 6 3 0 3 0 0 9 6 0 -999
P6312 2091 12 0 0 0 7 0 0 0 6 0 0 0 46 103 108 11 34 11 43 44 66 115 25 0 0 0 10 0 0 0 0 0
P6312 2092 1 7 0 0 0 55 49 17 47 6 11 5 144 167 19 34 2 0 0 0 0 0 0 10 4 17 61 9 0 1 6 0
P6312 2092 2 0 0 4 18 46 105 40 10 10 5 0 0 0 0 0 0 0 0 7 6 53 21 9 16 0 0 0 6 -999 -999 -999
P6312 2092 3 6 0 0 0 0 0 0 0 0 0 0 0 0 0 10 25 38 103 26 48 71 10 0 0 0 0 0 0 0 0 0
P6312 2092 4 0 0 0 0 0 0 10 4 40 14 0 0 0 0 0 0 0 0 0 0 46 0 0 0 0 18 0 0 0 0 -999
P6312 2092 5 0 0 0 0 0 0 0 0 0 0 3 0 0 0 0 0 0 0 0 0 0 0 0 0 0 0 0 0 24 0 0
P6312 2092 6 0 0 0 0 0 0 0 0 0 0 0 0 0 0 0 0 0 0 0 0 0 0 0 0 0 0 0 0 0 0 -999
P6312 2092 7 0 0 0 0 0 0 0 0 0 0 0 0 0 0 0 0 0 0 0 0 0 0 0 0 0 0 0 0 0 0 0
P6312 2092 8 0 0 0 0 0 0 0 0 0 0 0 0 0 0 0 0 0 0 0 0 0 0 0 0 0 0 0 0 26 34 0
P6312 2092 9 0 0 0 0 0 0 0 0 0 0 0 0 0 0 0 0 0 0 0 18 20 24 0 0 0 0 0 0 0 0 -999
P6312 2092 10 0 0 6 4 0 0 0 0 0 0 19 0 0 0 3 0 5 6 43 5 0 0 0 0 0 0 0 0 0 0 16
P6312 2092 11 21 0 0 0 12 8 80 39 46 0 10 0 49 9 6 9 0 41 0 0 0 0 0 3 0 0 0 0 0 0 -999
P6312 2092 12 0 0 0 0 14 32 39 22 5 4 0 0 0 0 0 0 0 0 0 0 0 0 0 0 0 49 123 9 4 2 0
P6312 2093 1 0 0 3 6 59 14 20 58 112 59 22 55 35 10 28 6 0 0 0 0 0 0 6 3 0 0 0 6 2 8 22
P6312 2093 2 3 0 3 8 13 56 15 116 213 348 30 3 7 66 69 71 59 87 124 95 0 36 6 0 0 0 0 0 -999 -999 -999
P6312 2093 3 0 7 16 9 3 0 0 41 14 63 79 25 11 10 277 10 6 68 131 182 70 20 60 40 7 5 4 0 26 53 91
P6312 2093 4 8 0 0 0 0 4 0 14 10 20 24 7 0 0 0 0 0 29 23 0 0 0 33 5 0 0 0 0 0 11 -999
P6312 2093 5 0 0 6 12 6 7 4 5 32 57 29 0 0 0 0 0 0 0 0 0 0 0 0 0 0 0 0 0 0 0 0
P6312 2093 6 0 0 0 0 0 0 0 0 0 0 0 34 41 15 4 0 0 0 0 0 0 0 0 0 0 0 0 0 0 0 -999
P6312 2093 7 0 0 0 0 0 0 0 0 0 0 0 0 0 0 0 0 0 0 0 0 0 0 0 0 0 0 0 0 0 0 0
P6312 2093 8 0 0 0 0 0 0 0 0 0 0 0 0 0 0 0 0 0 0 0 0 0 0 0 0 0 0 0 9 0 0 0
P6312 2093 9 0 0 0 0 0 0 0 0 0 0 0 0 0 0 0 0 0 0 0 0 0 0 0 0 0 0 0 0 0 0 -999
P6312 2093 10 0 0 0 0 0 0 0 0 8 12 0 0 0 0 0 0 0 0 0 0 0 17 7 0 0 0 0 0 0 0 4
P6312 2093 11 7 22 42 58 18 14 11 24 38 43 32 27 82 0 0 0 4 19 112 10 0 0 19 81 18 60 34 3 3 3 -999
P6312 2093 12 0 0 74 20 0 6 17 16 14 9 20 15 0 0 0 0 0 0 0 0 0 0 0 0 0 4 5 31 70 25 13
P6312 2094 1 3 0 6 12 60 99 134 30 0 0 0 0 0 0 0 0 6 6 8 0 4 0 2 0 0 0 0 0 0 0 5
P6312 2094 2 3 0 0 0 21 6 24 2 0 0 0 0 0 7 21 4 0 0 5 15 11 6 8 102 14 20 124 68 -999 -999 -999
P6312 2094 3 12 65 22 22 77 256 73 244 97 63 71 9 25 5 4 0 0 0 0 0 0 2 0 0 0 0 0 0 0 0 0
P6312 2094 4 0 0 0 26 20 0 0 0 7 16 6 58 8 9 32 14 11 7 6 0 0 0 6 18 97 11 3 0 0 0 -999
P6312 2094 5 0 0 0 0 0 0 0 0 0 0 0 0 0 0 0 0 0 0 0 0 0 0 0 0 0 0 0 0 0 0 0
P6312 2094 6 0 0 0 0 0 0 17 14 8 2 0 0 8 0 0 0 0 0 0 0 0 0 0 0 0 0 0 0 0 0 -999
P6312 2094 7 0 0 0 0 0 0 0 0 0 0 0 0 0 0 0 0 0 0 0 0 0 0 0 0 0 0 0 0 0 0 0
P6312 2094 8 0 0 0 0 0 0 0 0 0 0 0 0 0 0 0 0 0 0 0 0 0 0 0 0 0 0 0 0 0 0 0
P6312 2094 9 0 0 0 0 0 0 0 0 0 0 0 0 0 0 0 0 0 0 0 0 0 41 23 0 0 0 0 0 0 18 -999
P6312 2094 10 40 84 89 79 24 15 0 0 0 0 0 0 0 0 0 0 0 0 0 0 18 0 0 0 0 0 8 5 7 6 14
P6312 2094 11 7 0 0 0 0 33 64 8 12 0 10 12 78 13 29 7 0 0 0 0 0 0 0 11 8 33 165 117 36 12 -999
P6312 2094 12 0 0 13 12 52 175 111 68 62 79 178 12 0 132 124 15 30 36 16 0 0 0 12 0 8 44 115 47 101 49 34
P6312 2095 1 152 11 108 37 34 30 5 5 17 36 76 82 13 29 26 11 145 95 162 198 261 174 35 135 176 108 145 112 9 44 109
P6312 2095 2 33 7 0 46 15 17 23 3 5 3 0 0 25 38 8 52 12 12 11 0 0 0 5 3 0 0 0 0 -999 -999 -999
P6312 2095 3 0 0 0 0 0 0 0 0 0 0 22 62 12 16 26 59 68 68 39 20 6 11 0 0 0 0 0 0 0 0 0
P6312 2095 4 15 4 6 3 0 36 114 131 12 27 14 7 0 0 0 0 0 0 0 0 0 0 0 0 0 0 0 0 0 0 -999
P6312 2095 5 6 0 0 0 0 0 0 0 0 0 46 14 0 0 0 0 0 0 0 0 0 0 0 0 0 0 0 0 0 0 0
P6312 2095 6 0 0 0 0 0 0 0 0 0 0 0 0 0 0 0 0 0 0 0 0 0 0 0 0 0 0 0 0 0 0 -999
P6312 2095 7 0 0 0 0 0 0 0 0 0 0 0 0 0 0 0 0 0 0 0 0 0 0 0 0 0 0 0 0 0 0 0
P6312 2095 8 0 0 0 0 0 0 0 0 0 0 0 0 0 0 0 0 0 0 0 0 0 0 0 0 0 0 0 0 0 0 0
P6312 2095 9 0 0 0 0 0 0 0 0 0 0 0 0 0 0 0 0 0 0 0 0 0 0 0 0 0 0 0 0 0 0 -999
P6312 2095 10 0 0 0 0 0 0 0 0 0 0 11 6 0 0 0 0 13 0 0 0 0 0 0 0 0 0 0 4 30 9 7
P6312 2095 11 11 32 17 5 3 0 7 75 130 43 209 112 54 28 0 0 9 8 11 11 0 0 0 7 4 18 35 29 18 21 -999
P6312 2095 12 9 0 0 0 0 9 2 0 12 0 0 0 0 0 0 1 4 12 0 1 0 0 0 0 0 0 0 0 0 0 0
P6312 2096 1 0 0 5 39 8 16 4 3 5 17 12 0 0 0 4 1 0 0 0 0 5 0 0 0 0 0 0 0 13 8 0
P6312 2096 2 0 0 0 3 0 0 1 5 8 10 10 6 3 8 13 29 0 0 0 0 0 0 0 24 7 7 0 9 -999 -999 -999
P6312 2096 3 0 51 152 52 0 0 0 3 2 0 0 3 2 2 3 0 0 0 0 0 0 0 0 0 0 3 3 0 8 17 10
P6312 2096 4 0 0 0 0 0 28 24 63 15 0 30 58 45 62 18 6 7 20 48 12 0 0 0 0 0 0 0 0 0 0 -999
P6312 2096 5 0 0 0 0 0 0 0 0 0 0 0 0 0 0 0 0 0 0 0 0 0 0 0 0 0 0 0 0 27 58 103
P6312 2096 6 65 8 50 22 0 0 0 0 0 0 0 7 0 0 0 0 0 0 0 0 0 17 0 0 0 0 0 0 0 0 -999
P6312 2096 7 0 0 0 0 0 0 0 0 0 0 0 0 0 0 0 0 0 0 0 0 0 0 0 0 0 0 0 0 0 0 0
P6312 2096 8 0 0 0 0 0 0 0 0 0 0 0 0 0 0 0 0 0 0 0 0 0 0 0 0 0 0 0 0 0 0 0
P6312 2096 9 12 0 0 0 0 0 0 0 0 0 0 0 0 0 0 0 0 0 0 0 0 0 0 0 0 0 0 0 0 0 -999
P6312 2096 10 0 0 0 0 0 0 0 0 10 21 62 15 8 0 0 20 62 86 85 78 23 12 0 6 7 0 0 8 10 79 24
P6312 2096 11 94 89 45 39 27 14 6 42 64 127 16 10 62 51 131 125 194 47 26 77 18 13 5 0 8 15 12 7 39 11 -999
P6312 2096 12 0 0 0 0 0 3 0 0 0 0 0 0 0 2 5 0 0 0 0 0 0 0 0 20 18 134 51 36 70 74 61
P6312 2097 1 45 21 35 33 11 5 52 107 43 52 16 25 15 0 79 114 33 21 61 28 10 0 2 13 0 15 0 12 26 10 11
P6312 2097 2 12 5 3 0 28 7 4 5 0 17 0 11 3 0 0 0 0 0 0 37 12 0 0 0 0 0 0 0 -999 -999 -999
P6312 2097 3 0 0 0 20 85 26 0 0 0 0 0 0 0 21 0 7 24 0 83 81 44 0 0 0 22 19 0 0 0 0 0
P6312 2097 4 25 0 0 0 0 0 0 0 0 4 0 0 0 0 0 0 0 9 15 13 66 79 39 17 85 100 40 15 6 5 -999
P6312 2097 5 0 0 0 0 0 78 21 0 0 0 0 0 0 0 0 0 0 0 0 0 0 0 0 0 0 0 0 0 0 0 0
P6312 2097 6 0 0 0 0 0 0 0 0 0 0 0 0 0 0 0 0 0 0 0 0 0 0 0 0 0 0 0 0 0 0 -999
P6312 2097 7 0 0 0 0 0 0 0 0 0 0 0 0 0 0 0 0 0 0 0 0 0 0 0 0 0 0 0 0 0 0 0
P6312 2097 8 0 0 0 0 0 0 0 0 0 0 0 0 0 0 0 0 0 0 0 0 0 0 0 0 0 0 0 0 0 0 0
P6312 2097 9 0 0 0 0 0 0 0 0 0 0 0 0 0 0 0 0 0 0 0 0 0 0 0 0 0 0 0 0 0 0 -999
P6312 2097 10 0 39 11 20 28 0 0 0 0 0 0 0 0 0 0 0 13 56 60 43 41 13 26 12 0 0 0 0 0 46 36
P6312 2097 11 14 35 6 37 3 0 0 2 14 40 25 16 92 37 59 9 0 0 0 38 32 34 14 0 0 0 0 0 0 0 -999
P6312 2097 12 0 0 75 133 82 43 82 6 0 0 0 0 0 0 178 85 6 4 3 5 27 22 13 7 4 5 58 10 0 0 0
P6312 2098 1 0 14 9 5 26 21 6 29 7 3 0 0 0 4 3 2 0 0 4 8 10 5 15 2 0 0 0 5 0 0 3
P6312 2098 2 7 37 110 38 58 21 83 66 62 37 21 31 35 8 9 19 5 0 12 32 9 0 0 13 17 19 7 6 -999 -999 -999
P6312 2098 3 4 10 0 0 0 0 3 0 0 0 0 0 0 0 0 0 0 6 59 24 22 4 0 0 0 0 0 0 0 0 0
P6312 2098 4 0 0 0 0 0 0 0 11 5 11 16 15 0 9 0 0 0 0 0 0 45 0 0 0 0 0 27 0 0 0 -999
P6312 2098 5 0 0 0 0 0 0 0 0 0 0 0 0 0 0 0 0 10 10 0 0 0 0 0 0 0 0 0 0 0 0 0
P6312 2098 6 0 0 0 0 0 0 0 0 0 0 0 0 0 31 33 8 0 0 0 0 9 8 13 8 0 0 0 0 0 0 -999
P6312 2098 7 0 0 0 0 0 0 0 0 0 0 0 0 0 0 0 0 0 0 0 0 0 0 0 0 0 0 0 0 0 0 0
P6312 2098 8 0 0 0 0 0 0 0 0 0 0 0 0 0 0 0 0 0 0 0 0 0 0 0 0 0 0 0 0 0 0 0
P6312 2098 9 0 0 0 0 0 0 0 0 0 0 0 0 0 0 0 0 0 31 38 59 0 0 0 0 23 18 28 0 0 0 -999
P6312 2098 10 0 0 0 23 8 0 0 0 0 0 0 0 0 0 0 0 0 23 6 28 48 62 37 2 0 3 0 42 11 115 52
P6312 2098 11 114 48 7 44 18 63 7 31 10 137 42 9 18 0 0 47 95 43 15 10 7 65 62 35 0 0 10 7 40 46 -999
P6312 2098 12 15 126 25 90 57 41 3 0 42 0 0 0 3 0 0 0 0 19 5 8 33 88 86 9 3 2 0 12 0 0 0
P6312 2099 1 0 0 2 0 0 0 0 0 0 0 4 2 0 0 3 5 4 0 0 0 0 0 0 0 2 0 0 0 0 0 0
P6312 2099 2 6 51 58 3 4 0 2 0 0 0 0 0 0 0 0 0 0 18 22 15 12 8 0 4 12 0 73 0 -999 -999 -999
P6312 2099 3 6 4 9 0 23 64 70 72 75 241 113 29 0 0 0 0 0 0 0 0 0 0 9 6 3 0 0 0 0 0 0
P6312 2099 4 0 10 4 0 21 8 0 0 0 0 0 0 16 37 13 13 0 0 0 0 0 6 6 7 15 3 0 0 0 0 -999
P6312 2099 5 0 0 0 0 18 0 9 0 0 0 0 0 0 0 0 0 0 0 0 0 0 0 0 0 0 0 0 0 0 0 0
P6312 2099 6 0 0 0 0 0 0 0 0 0 0 0 0 0 0 0 0 0 0 23 18 15 0 0 0 0 0 0 0 0 0 -999
P6312 2099 7 0 0 0 0 0 0 0 0 0 0 0 0 0 0 0 0 0 0 0 0 0 0 0 0 0 0 0 0 0 0 0
P6312 2099 8 0 0 0 0 0 0 0 0 0 0 0 0 0 0 0 0 0 0 0 0 0 0 0 0 0 0 0 0 12 6 0
P6312 2099 9 0 0 0 0 0 0 0 0 0 8 0 0 0 0 0 0 0 0 0 0 0 0 0 0 0 0 0 0 0 0 -999
P6312 2099 10 0 0 0 0 0 0 0 0 0 0 23 0 0 25 101 0 0 0 0 0 0 0 0 0 0 0 0 0 0 46 88
P6312 2099 11 37 21 14 0 13 16 26 13 19 38 88 68 90 8 48 38 43 66 105 75 65 11 0 0 0 0 0 0 0 17 -999
P6312 2099 12 14 6 7 6 15 11 5 0 17 0 0 0 47 4 0 0 8 4 13 15 39 99 36 6 0 5 11 35 20 20 145
P6312 2100 1 9 0 0 0 5 0 0 0 0 0 0 40 28 12 0 34 7 0 0 0 0 7 8 0 0 2 0 0 0 0 0
P6312 2100 2 0 0 25 8 0 11 0 0 0 0 1 0 0 1 0 0 0 0 8 6 0 0 0 0 0 0 0 0 -999 -999 -999
P6312 2100 3 0 0 0 0 0 25 11 34 0 85 0 0 20 36 0 0 0 0 13 0 0 0 0 0 0 0 0 9 0 0 14
P6312 2100 4 8 0 7 0 0 0 0 0 6 0 11 3 6 0 0 0 18 0 0 0 0 23 13 0 0 0 0 0 0 0 -999
P6312 2100 5 0 0 0 0 14 0 5 0 0 0 4 0 5 0 0 5 13 0 0 0 0 0 0 12 12 9 0 0 0 0 0
P6312 2100 6 0 4 0 0 11 0 0 0 0 0 0 0 0 0 0 0 0 0 0 0 0 0 5 0 0 0 60 0 4 0 -999
P6312 2100 7 20 0 0 0 0 0 0 0 0 0 0 0 0 0 0 0 0 0 0 14 4 0 0 0 0 0 0 0 0 0 0
P6312 2100 8 2 2 0 0 0 0 0 0 0 0 0 0 0 0 0 0 0 0 0 0 0 0 0 0 0 0 0 0 0 0 0
P6312 2100 9 0 0 4 0 0 26 0 0 0 0 0 0 0 0 0 0 0 7 0 10 0 0 0 0 0 0 0 0 4 0 -999
P6312 2100 10 13 0 5 10 0 21 0 0 13 20 5 12 0 0 7 14 0 0 63 0 15 0 30 81 13 0 0 68 55 41 32
P6312 2100 11 21 9 0 0 9 10 7 0 0 0 0 91 18 11 24 0 0 0 0 0 0 0 0 0 0 15 0 0 0 0 -999
P6312 2100 12 0 0 0 0 0 0 0 0 0 9 0 0 0 13 0 96 0 0 25 11 0 7 0 12 0 53 139 66 15 0 -999
