precip bcc-csm1-1 rcp60 RNEURONALES decimas 2
P5 36.049 -5.568 186 geo 2006 2100 -1
P5 2006 1 0 0 4 3 3 0 0 3 28 83 71 83 39 94 86 92 32 6 6 0 3 13 6 1 21 53 48 19 3 0 0
P5 2006 2 0 0 1 25 182 166 168 130 213 170 108 123 110 65 92 76 42 0 0 0 26 16 63 6 50 27 11 0 -999 -999 -999
P5 2006 3 0 19 13 0 0 22 16 0 0 26 41 68 70 40 50 73 105 6 0 0 0 0 0 0 0 0 18 14 11 14 0
P5 2006 4 0 34 21 0 0 0 12 93 44 145 76 95 61 38 17 0 0 47 29 0 0 0 0 8 0 0 0 0 0 0 -999
P5 2006 5 0 19 3 39 47 43 16 32 48 120 8 14 17 0 0 0 0 0 2 7 13 15 16 0 0 0 13 37 44 46 28
P5 2006 6 27 9 0 9 17 20 14 12 0 0 0 0 0 0 0 0 0 0 0 0 0 0 0 0 0 0 0 0 0 0 -999
P5 2006 7 0 0 0 0 0 0 0 0 0 0 0 0 0 0 0 0 0 0 0 0 0 0 0 0 0 0 0 0 0 0 0
P5 2006 8 0 0 0 0 0 0 0 0 0 0 0 0 0 0 0 0 0 0 0 0 0 0 0 0 0 0 0 0 0 0 0
P5 2006 9 0 0 0 0 0 0 0 0 0 7 3 0 0 18 8 7 13 27 12 0 0 0 0 0 0 0 0 0 0 0 -999
P5 2006 10 3 4 35 22 7 0 0 0 0 0 0 0 0 0 9 16 16 0 0 0 0 0 0 0 0 15 29 12 4 2 0
P5 2006 11 11 0 0 59 56 23 22 17 0 0 0 0 0 0 0 0 0 0 5 0 0 0 0 0 0 4 4 3 0 0 -999
P5 2006 12 3 6 47 15 26 12 0 0 0 0 0 0 5 7 0 0 0 0 0 3 3 73 95 70 314 109 243 159 28 75 26
P5 2007 1 9 2 0 0 0 0 0 0 3 13 11 9 4 0 0 0 0 22 86 137 51 7 32 62 49 93 79 42 261 33 21
P5 2007 2 4 12 81 33 175 96 325 79 43 24 69 56 42 78 42 0 0 0 15 21 2 4 9 103 119 127 45 186 -999 -999 -999
P5 2007 3 198 43 0 0 0 0 0 0 0 0 22 51 52 0 0 2 3 35 71 5 11 79 15 0 3 4 0 11 4 0 0
P5 2007 4 0 0 2 31 17 11 14 3 0 0 0 0 0 0 0 10 20 42 19 43 25 23 42 75 69 46 18 28 25 14 -999
P5 2007 5 2 0 0 12 20 33 21 12 23 13 20 18 6 18 15 14 20 20 0 1 1 2 0 0 0 0 0 0 0 0 0
P5 2007 6 0 0 0 0 0 0 0 4 3 0 0 0 0 0 0 0 0 0 0 0 0 0 0 0 0 0 0 0 0 0 -999
P5 2007 7 0 0 0 0 0 0 0 0 0 0 0 0 0 0 0 0 0 0 0 0 0 0 0 0 0 0 0 0 0 0 0
P5 2007 8 0 0 0 0 0 0 0 0 0 0 0 0 0 0 0 0 0 0 0 0 0 0 0 29 19 0 12 11 24 0 0
P5 2007 9 0 0 0 0 0 0 0 0 0 0 0 0 0 0 0 0 0 0 0 0 0 0 0 0 0 0 0 0 0 0 -999
P5 2007 10 24 187 38 0 0 0 0 3 10 46 6 0 0 13 39 3 66 42 24 2 0 0 0 0 12 31 68 63 75 62 69
P5 2007 11 0 0 0 0 0 0 0 14 5 29 22 1 5 2 2 0 0 2 2 8 27 159 101 40 47 50 44 5 50 45 -999
P5 2007 12 9 0 0 0 0 0 0 44 221 95 82 28 33 68 81 319 167 190 71 133 87 27 174 25 18 4 40 30 42 48 58
P5 2008 1 60 57 145 202 95 132 110 31 59 27 22 41 52 66 74 85 46 75 18 0 0 0 0 0 0 0 0 13 5 12 19
P5 2008 2 12 11 17 11 2 0 0 2 3 2 0 0 0 7 2 0 0 0 33 113 39 65 20 22 0 0 4 0 -999 -999 -999
P5 2008 3 11 12 58 6 2 0 3 1 0 0 2 3 92 51 43 60 9 9 0 13 16 0 3 5 5 31 41 1 7 26 0
P5 2008 4 3 0 15 0 0 41 71 81 35 16 0 4 27 10 0 0 5 19 36 0 0 0 12 9 3 20 2 14 86 0 -999
P5 2008 5 0 0 0 7 18 21 30 26 38 72 28 9 2 0 0 0 0 0 0 0 12 0 0 0 0 0 0 0 0 0 0
P5 2008 6 0 0 0 0 0 0 0 0 0 0 0 0 0 0 0 0 0 0 0 0 0 0 0 0 0 0 0 0 0 0 -999
P5 2008 7 8 9 0 8 13 20 34 2 0 0 0 0 0 0 0 0 0 0 0 0 0 0 0 0 0 0 0 0 0 0 0
P5 2008 8 0 0 0 0 0 0 0 0 0 0 0 0 0 0 0 0 0 0 0 0 0 0 0 0 0 0 0 0 0 0 0
P5 2008 9 0 0 0 0 0 0 0 0 0 0 0 0 0 0 9 0 0 0 0 0 0 0 0 0 0 0 0 0 0 0 -999
P5 2008 10 0 24 58 33 35 31 0 0 0 15 34 3 32 57 57 13 18 15 11 49 20 42 60 30 84 7 0 2 7 5 10
P5 2008 11 0 0 0 1 13 26 6 5 29 31 2 5 0 21 99 153 157 96 210 52 15 67 5 7 0 0 0 0 4 5 -999
P5 2008 12 93 59 63 12 0 0 4 44 30 2 0 10 84 69 63 56 12 0 4 60 10 4 0 3 0 0 0 0 0 8 38
P5 2009 1 31 0 0 0 32 39 11 11 51 240 284 5 274 57 99 69 66 148 90 42 74 156 33 28 33 5 3 3 67 101 12
P5 2009 2 2 2 0 35 128 51 21 16 13 16 40 19 10 0 0 60 46 43 17 104 103 146 64 77 131 78 87 250 -999 -999 -999
P5 2009 3 90 172 238 144 64 239 86 37 9 27 18 0 0 0 0 6 0 5 25 5 2 0 0 12 43 14 13 14 2 0 0
P5 2009 4 0 0 0 0 0 0 14 0 0 0 0 1 15 15 15 0 0 0 18 13 3 4 0 0 0 0 0 0 0 0 -999
P5 2009 5 0 0 0 0 20 0 0 0 0 0 0 0 0 0 0 0 0 0 0 0 0 0 0 0 0 0 0 0 0 0 0
P5 2009 6 0 6 0 14 5 2 2 20 52 29 55 23 26 16 10 14 11 25 13 4 3 3 0 0 0 0 0 0 0 0 -999
P5 2009 7 0 0 0 0 0 0 0 0 0 0 0 0 0 0 0 0 0 0 0 0 0 0 0 0 0 0 0 0 0 0 0
P5 2009 8 0 0 0 0 0 0 0 0 0 0 0 0 0 0 0 0 0 0 0 0 0 0 0 0 0 0 0 0 0 0 0
P5 2009 9 0 0 0 0 0 0 0 0 0 0 0 0 0 0 0 0 0 0 0 0 0 0 0 0 0 0 0 0 0 0 -999
P5 2009 10 0 131 27 10 13 17 36 9 0 0 0 0 0 0 0 0 0 0 0 0 3 4 4 3 6 51 47 33 0 12 12
P5 2009 11 0 24 54 0 26 27 0 12 30 26 47 24 3 0 0 0 0 0 0 0 2 2 4 0 0 0 0 0 0 0 -999
P5 2009 12 0 0 5 3 3 14 31 13 0 31 40 11 4 9 41 92 60 16 6 0 0 4 19 50 63 80 77 161 43 55 103
P5 2010 1 49 20 0 0 0 0 25 22 5 2 29 0 0 0 17 35 81 39 32 42 3 2 3 26 45 37 17 0 0 0 0
P5 2010 2 0 0 0 2 2 3 4 1 7 35 44 34 23 27 23 18 43 40 46 27 36 28 2 0 0 0 0 3 -999 -999 -999
P5 2010 3 2 3 4 2 4 22 93 58 71 52 45 5 10 51 13 0 3 4 8 146 96 44 41 36 45 39 65 123 69 6 90
P5 2010 4 135 267 29 0 37 37 87 38 50 3 3 39 11 0 0 0 0 0 0 0 0 0 0 23 2 0 0 0 0 0 -999
P5 2010 5 0 0 0 0 0 0 0 0 0 0 0 0 0 0 0 0 0 0 0 0 0 0 0 0 0 0 0 0 0 0 0
P5 2010 6 0 0 0 0 0 0 0 0 0 0 0 0 0 30 10 11 0 0 0 0 0 0 0 0 0 0 0 0 0 0 -999
P5 2010 7 0 0 0 0 0 0 0 0 0 0 0 0 0 0 0 0 0 0 0 0 0 0 0 0 0 0 0 0 0 0 0
P5 2010 8 0 0 0 0 0 0 0 0 0 0 0 0 0 0 0 0 0 0 0 0 0 0 0 0 0 0 0 0 0 0 0
P5 2010 9 0 0 0 0 0 0 0 0 0 0 0 0 0 0 0 0 0 0 0 25 19 0 0 0 41 33 0 0 0 0 -999
P5 2010 10 0 0 0 0 0 0 0 0 0 0 0 0 0 0 0 0 0 0 0 0 0 0 4 8 17 20 16 0 0 0 0
P5 2010 11 0 0 0 0 0 0 0 0 0 0 19 147 124 46 76 4 91 110 9 3 6 6 5 2 0 0 0 0 0 0 -999
P5 2010 12 0 12 4 5 4 6 8 63 38 9 88 40 37 32 19 13 38 24 37 40 29 0 37 50 73 24 5 23 8 13 16
P5 2011 1 0 0 0 2 5 3 0 0 0 0 0 34 28 6 4 127 274 206 136 84 6 7 2 1 14 82 56 3 5 23 26
P5 2011 2 3 4 3 0 0 0 0 0 3 6 64 5 5 0 12 86 42 50 30 25 14 29 65 50 46 10 11 39 -999 -999 -999
P5 2011 3 17 4 5 13 19 187 184 99 43 10 0 3 0 6 135 90 0 9 36 23 0 9 12 13 0 0 0 14 39 0 0
P5 2011 4 19 40 24 44 0 0 0 0 0 17 9 18 3 0 0 0 0 0 9 18 69 19 13 0 0 0 2 0 0 0 -999
P5 2011 5 0 0 0 0 0 0 0 0 0 0 4 0 0 0 0 0 0 0 0 0 0 0 0 0 0 0 0 0 0 0 0
P5 2011 6 0 0 0 0 0 0 0 0 0 0 0 0 0 0 0 0 0 0 0 0 0 0 0 0 0 16 0 0 0 0 -999
P5 2011 7 0 0 0 0 9 0 0 0 0 0 0 0 0 0 0 0 0 0 0 0 0 0 0 0 0 0 0 0 0 0 0
P5 2011 8 0 0 0 0 0 0 0 0 0 0 0 0 0 0 0 0 0 0 7 0 0 0 0 0 0 0 0 0 0 0 0
P5 2011 9 0 0 0 0 0 0 0 0 0 0 0 0 0 0 0 0 0 0 0 0 0 0 0 0 0 0 0 0 0 0 -999
P5 2011 10 0 0 0 0 0 0 16 18 3 5 1 0 3 0 0 0 0 0 7 27 43 134 4 0 0 0 0 0 65 55 39
P5 2011 11 77 71 85 45 32 74 79 45 0 0 0 15 40 111 17 0 43 0 0 35 50 57 68 19 15 4 39 98 31 24 -999
P5 2011 12 74 24 0 0 0 0 0 0 0 0 0 0 2 3 73 37 78 68 0 0 0 0 0 0 42 68 156 39 58 58 37
P5 2012 1 81 107 158 38 150 52 16 0 0 4 3 5 10 5 7 29 70 114 42 36 3 31 137 6 0 4 44 32 4 4 4
P5 2012 2 2 0 0 6 0 0 4 23 4 10 58 101 71 32 62 15 149 36 55 21 38 70 35 39 55 0 9 0 -999 -999 -999
P5 2012 3 0 0 0 0 0 0 0 0 0 0 0 0 10 4 5 3 4 9 9 3 0 0 0 3 4 8 7 3 0 0 0
P5 2012 4 0 0 0 0 0 0 0 0 0 0 0 0 0 0 0 0 0 0 0 0 0 0 0 0 0 0 0 0 0 0 -999
P5 2012 5 0 0 0 0 0 7 0 9 104 18 0 0 12 0 23 0 0 0 0 0 0 0 0 9 24 48 42 21 22 29 2
P5 2012 6 0 0 0 0 0 2 0 0 0 0 0 0 0 0 0 0 0 0 0 0 0 0 0 0 0 0 0 0 0 0 -999
P5 2012 7 0 0 0 0 0 0 0 0 0 0 0 0 0 0 0 0 0 0 0 0 0 0 0 0 0 0 0 0 0 0 0
P5 2012 8 0 0 0 0 0 0 0 0 0 0 0 0 0 0 0 0 0 0 0 0 0 0 0 0 0 0 0 0 0 0 0
P5 2012 9 0 0 0 0 0 0 0 0 0 0 0 0 0 0 0 0 0 0 0 0 0 0 0 0 0 0 0 0 0 0 -999
P5 2012 10 0 0 0 0 0 0 0 0 0 0 9 3 0 0 0 0 0 8 6 23 95 46 24 1 3 13 0 0 14 108 42
P5 2012 11 1 0 0 0 49 24 3 0 0 0 5 10 38 2 0 0 0 0 4 7 0 0 0 0 0 0 2 0 4 43 -999
P5 2012 12 92 38 4 2 27 4 2 0 0 0 0 14 39 2 0 6 4 33 7 29 44 191 11 7 5 2 0 0 0 0 0
P5 2013 1 6 6 4 7 0 0 0 0 0 2 3 3 27 33 5 8 0 0 0 0 2 28 58 122 46 18 1 3 4 3 11
P5 2013 2 3 7 8 19 6 181 297 54 200 19 6 3 1 2 2 6 98 43 8 2 0 64 33 20 34 44 36 42 -999 -999 -999
P5 2013 3 10 7 8 0 0 0 0 0 0 0 5 75 136 33 10 47 55 31 0 0 0 0 0 0 0 0 0 0 0 0 0
P5 2013 4 0 14 9 17 18 31 8 12 49 15 0 0 0 57 17 27 9 10 105 74 6 5 4 0 0 0 2 0 0 0 -999
P5 2013 5 0 0 0 0 0 0 0 0 0 7 10 10 0 0 0 0 0 0 10 31 11 16 14 3 0 0 0 0 0 0 0
P5 2013 6 0 0 0 0 0 0 0 0 0 0 0 0 0 0 0 0 0 0 0 0 0 0 0 0 0 0 0 0 0 0 -999
P5 2013 7 0 0 0 0 0 0 0 0 0 0 0 0 0 0 0 0 0 0 0 0 0 0 0 0 0 0 0 0 0 0 0
P5 2013 8 0 0 0 0 0 0 0 0 0 0 0 0 0 0 0 0 0 0 0 0 0 0 0 0 0 0 0 0 0 0 0
P5 2013 9 0 0 0 0 0 0 0 0 0 0 0 0 0 0 0 0 0 0 0 0 0 0 0 0 0 0 0 0 0 0 -999
P5 2013 10 0 0 0 0 0 0 0 0 13 20 15 13 59 17 76 43 25 31 13 7 4 8 56 16 0 0 0 0 0 0 0
P5 2013 11 0 0 0 0 0 0 11 9 0 0 0 0 24 30 114 18 0 52 13 0 0 0 0 12 38 28 58 69 25 25 -999
P5 2013 12 79 14 251 169 5 48 71 6 2 4 9 5 0 0 18 34 89 5 0 0 0 0 4 0 0 0 0 0 0 3 7
P5 2014 1 42 73 33 10 6 0 5 5 126 37 60 37 40 37 0 0 37 41 0 2 4 3 30 49 82 104 91 76 101 62 57
P5 2014 2 367 4 11 168 72 25 56 13 8 5 0 0 0 0 2 3 6 60 90 68 68 33 3 3 0 0 0 0 -999 -999 -999
P5 2014 3 0 0 0 0 0 0 0 0 0 0 0 0 0 7 52 7 9 5 3 15 63 20 35 48 63 26 6 6 6 4 8
P5 2014 4 0 0 0 0 0 0 8 0 40 44 17 12 1 0 0 0 0 0 0 0 0 0 0 0 0 0 0 14 25 31 -999
P5 2014 5 65 34 0 0 0 0 0 0 8 0 13 10 13 18 25 14 20 79 2 3 0 0 0 0 0 0 0 0 0 12 13
P5 2014 6 11 21 22 0 0 0 0 0 0 0 0 0 0 0 0 0 0 0 0 0 0 0 0 0 0 0 0 0 0 0 -999
P5 2014 7 0 0 0 0 0 0 0 0 0 0 0 0 0 0 0 0 0 0 0 0 0 0 0 0 0 0 0 0 0 0 0
P5 2014 8 0 0 0 0 0 0 0 0 0 0 0 0 0 0 0 0 0 0 0 0 0 0 0 0 0 0 0 0 0 0 0
P5 2014 9 0 0 0 0 0 0 0 0 0 0 0 0 0 0 0 0 0 0 0 0 0 0 0 0 0 0 0 0 0 0 -999
P5 2014 10 0 0 0 0 0 0 0 0 13 13 0 0 0 0 0 0 0 0 0 0 19 21 4 2 0 6 11 0 0 0 0
P5 2014 11 0 0 28 0 27 39 15 4 0 4 7 56 29 0 0 0 41 79 18 50 34 19 46 97 226 146 24 9 6 89 -999
P5 2014 12 6 3 0 3 0 0 0 2 4 6 4 4 4 2 47 55 87 88 56 521 58 114 166 113 22 34 38 6 0 0 0
P5 2015 1 0 0 0 0 0 0 0 0 0 0 0 0 0 0 0 0 6 4 4 0 0 7 2 0 68 69 38 120 2 108 51
P5 2015 2 8 5 0 0 3 0 0 2 45 20 129 318 243 158 95 120 114 116 40 131 183 66 78 0 0 0 36 37 -999 -999 -999
P5 2015 3 0 0 102 87 14 3 2 2 0 16 28 68 16 8 73 115 125 244 214 31 20 23 0 0 0 0 0 0 0 9 0
P5 2015 4 0 0 0 0 35 26 8 2 39 50 40 62 121 49 187 97 66 56 40 24 21 21 0 0 0 0 0 0 0 0 -999
P5 2015 5 0 0 31 36 23 15 0 0 0 0 0 0 0 0 0 0 0 0 0 0 0 0 0 0 0 0 0 0 0 0 0
P5 2015 6 0 0 0 0 15 18 0 0 0 0 0 0 0 0 0 0 0 0 0 0 0 0 0 0 0 0 0 0 0 0 -999
P5 2015 7 0 0 0 0 0 0 0 0 0 0 0 0 0 0 0 0 0 0 0 0 0 0 0 0 0 0 0 0 0 0 0
P5 2015 8 0 0 0 0 0 0 0 0 0 0 0 0 0 0 0 0 0 0 0 0 0 0 0 0 0 0 0 0 0 0 0
P5 2015 9 0 0 0 0 0 10 0 0 0 0 0 0 0 0 0 0 10 22 32 0 0 0 0 0 0 10 0 0 0 0 -999
P5 2015 10 0 0 0 0 0 0 0 0 0 33 79 83 8 0 0 5 7 126 161 74 40 7 30 2 0 0 3 6 5 0 0
P5 2015 11 0 0 0 0 24 3 5 15 40 13 0 1 5 4 4 6 0 0 0 0 0 0 0 0 0 3 0 0 20 17 -999
P5 2015 12 0 0 0 0 0 0 0 0 0 0 3 46 36 39 7 0 2 3 49 23 19 80 26 36 56 40 48 96 43 62 97
P5 2016 1 61 11 3 17 37 88 64 151 12 7 145 86 75 220 6 32 67 8 3 170 27 5 3 2 26 4 1 0 4 23 21
P5 2016 2 24 21 4 3 11 109 32 2 4 2 4 14 31 3 7 0 0 0 0 0 0 0 0 0 0 0 0 0 -999 -999 -999
P5 2016 3 7 0 0 0 0 0 6 9 41 0 0 0 0 0 0 1 2 56 3 0 0 0 0 0 0 0 0 2 0 49 21
P5 2016 4 3 0 30 92 40 3 51 23 56 30 26 32 11 2 0 0 48 9 8 22 23 15 42 0 0 0 6 42 0 17 -999
P5 2016 5 74 34 28 6 13 0 0 0 0 0 0 0 0 0 0 0 0 0 0 0 0 0 0 0 0 0 0 0 0 0 0
P5 2016 6 0 0 0 0 0 0 0 0 0 0 0 0 0 0 0 0 0 0 0 0 0 0 0 0 0 0 0 7 0 0 -999
P5 2016 7 0 0 0 0 0 0 0 0 0 0 0 0 0 0 0 0 0 0 0 0 0 0 0 0 0 0 0 0 0 0 0
P5 2016 8 0 0 0 0 0 0 0 0 0 0 0 0 0 0 0 0 0 0 0 0 0 0 0 0 0 0 0 0 0 0 0
P5 2016 9 0 0 0 0 0 0 0 0 0 0 0 0 0 0 0 0 0 0 0 0 0 0 0 0 0 0 0 0 0 0 -999
P5 2016 10 0 0 0 0 0 0 17 41 7 0 0 0 0 0 0 9 39 23 23 24 12 18 63 63 41 20 156 91 64 0 2
P5 2016 11 0 0 0 71 21 29 133 49 61 37 92 92 137 50 67 204 3 8 53 23 0 0 55 84 111 76 69 61 48 21 -999
P5 2016 12 0 0 0 2 1 0 0 0 0 0 7 9 6 29 12 5 3 6 3 0 3 1 0 0 0 0 0 13 46 70 2
P5 2017 1 2 6 76 26 11 49 89 41 48 123 40 8 3 0 3 2 0 2 38 49 100 7 1 3 51 88 81 173 1 0 0
P5 2017 2 0 0 14 73 35 140 68 57 43 7 0 12 12 331 189 7 10 126 357 123 295 88 174 2 23 39 133 86 -999 -999 -999
P5 2017 3 28 46 69 54 111 48 19 78 79 43 84 69 70 25 25 84 336 192 52 69 47 324 74 83 47 62 33 71 34 24 44
P5 2017 4 99 107 48 5 38 130 86 78 8 90 141 110 2 12 78 14 9 27 4 9 18 25 0 1 8 41 23 2 13 12 -999
P5 2017 5 22 45 2 0 0 4 20 24 6 18 3 0 0 16 0 0 0 0 0 0 0 0 12 8 27 2 0 0 0 0 0
P5 2017 6 0 0 0 0 0 0 0 0 0 0 0 0 0 0 0 0 0 0 0 0 0 0 0 0 0 0 0 0 0 0 -999
P5 2017 7 0 0 0 0 0 0 0 0 0 0 0 0 8 0 0 0 0 0 0 0 0 0 0 0 0 0 0 0 0 0 0
P5 2017 8 0 0 0 0 0 0 0 0 0 0 0 0 0 0 0 0 0 0 0 0 0 0 0 0 0 0 0 0 0 0 0
P5 2017 9 0 0 0 0 0 0 0 0 0 0 0 0 0 0 0 0 0 0 0 0 0 0 0 0 0 0 2 3 42 61 -999
P5 2017 10 4 3 0 0 0 0 19 1 2 7 0 0 0 0 0 0 0 0 0 0 0 0 11 16 26 13 24 3 21 2 4
P5 2017 11 38 17 0 6 4 5 0 27 27 87 26 3 0 0 8 0 5 3 2 5 0 3 17 79 53 5 0 20 47 0 -999
P5 2017 12 8 4 5 0 0 0 0 0 0 0 3 4 10 67 70 94 139 62 6 53 68 105 115 24 20 21 51 115 139 130 89
P5 2018 1 3 3 5 0 0 0 0 0 0 0 0 0 0 0 3 15 38 6 0 0 0 0 46 57 95 36 51 13 31 209 59
P5 2018 2 38 90 137 86 122 110 162 107 30 37 92 157 101 21 1 0 0 4 22 15 26 102 143 102 32 21 66 131 -999 -999 -999
P5 2018 3 36 27 40 5 7 30 13 0 0 0 43 42 26 15 0 0 0 0 0 16 42 97 46 100 53 186 67 108 58 75 34
P5 2018 4 58 64 114 38 33 17 0 0 0 0 0 56 31 46 13 120 14 4 2 0 0 0 0 0 18 13 0 0 10 38 -999
P5 2018 5 44 44 73 64 3 0 0 0 0 0 0 0 0 0 0 0 26 40 34 11 0 0 0 0 0 0 0 0 0 0 0
P5 2018 6 0 0 0 0 0 0 0 0 0 0 0 0 0 0 0 0 0 0 0 0 0 0 0 0 0 0 0 0 0 0 -999
P5 2018 7 0 0 0 0 0 0 0 0 0 0 0 0 0 0 0 0 0 0 0 0 0 0 0 0 0 0 0 0 0 0 0
P5 2018 8 0 0 0 0 0 0 0 0 0 0 0 0 0 0 0 0 0 0 0 0 0 0 0 0 0 0 0 0 0 0 0
P5 2018 9 0 0 0 0 0 0 0 0 0 0 0 0 0 0 0 0 0 0 0 0 0 13 14 3 0 0 0 0 0 0 -999
P5 2018 10 0 0 0 0 3 0 0 0 0 0 0 0 0 0 7 6 4 16 96 118 136 4 10 48 18 3 10 2 3 7 103
P5 2018 11 78 26 36 34 0 0 0 0 4 4 0 0 0 0 0 4 5 0 0 0 28 61 67 53 50 70 53 75 49 4 -999
P5 2018 12 9 18 0 0 0 0 0 0 2 4 40 2 5 37 1 0 0 0 0 0 0 5 47 72 81 74 107 34 2 0 0
P5 2019 1 0 0 2 5 4 52 65 58 28 17 4 4 9 2 4 4 0 0 3 6 0 0 2 3 8 2 3 3 23 30 55
P5 2019 2 20 3 44 13 8 82 9 16 6 14 67 3 9 5 138 70 53 0 0 0 3 7 265 337 81 50 83 334 -999 -999 -999
P5 2019 3 233 60 33 51 182 131 82 87 144 69 22 8 10 0 0 0 0 0 0 0 0 0 0 0 10 0 8 5 3 7 0
P5 2019 4 0 4 0 0 0 0 0 0 0 0 0 10 3 0 0 0 0 0 0 0 0 0 0 0 0 0 0 10 18 14 -999
P5 2019 5 20 0 0 0 0 0 0 0 0 0 0 0 0 18 0 0 0 0 0 0 0 0 0 0 0 0 0 0 0 0 0
P5 2019 6 0 0 0 0 0 0 0 0 0 0 0 0 0 0 0 0 0 0 0 0 0 0 0 0 0 0 16 0 0 0 -999
P5 2019 7 0 8 12 0 0 0 0 0 0 0 0 0 0 0 0 0 0 0 0 0 0 0 0 0 0 0 0 0 0 0 0
P5 2019 8 0 0 0 0 0 0 0 0 0 0 0 0 0 0 0 0 0 0 0 0 0 0 0 0 0 0 0 0 0 0 0
P5 2019 9 0 0 0 0 0 0 0 0 0 0 9 15 33 14 11 0 0 0 0 0 0 0 0 0 0 0 0 0 0 0 -999
P5 2019 10 0 0 3 3 0 29 17 3 55 41 0 0 0 0 22 0 0 0 0 0 0 0 0 0 0 0 0 0 0 0 0
P5 2019 11 0 0 0 0 28 125 9 3 0 0 0 0 40 39 33 0 0 0 0 0 0 0 0 0 0 38 46 4 0 35 -999
P5 2019 12 5 5 19 33 44 5 9 0 0 0 0 0 0 3 51 44 44 65 46 11 1 130 215 131 147 10 2 0 0 5 0
P5 2020 1 6 57 110 114 92 185 106 29 20 33 40 35 16 4 0 0 0 0 0 0 0 3 3 6 7 4 28 53 19 67 72
P5 2020 2 8 115 198 116 43 9 8 1 3 0 4 2 30 121 23 66 9 0 2 59 83 135 232 72 10 5 11 7 -999 -999 -999
P5 2020 3 4 0 0 0 0 0 0 0 0 0 3 48 127 70 144 19 22 4 0 3 3 88 61 121 100 59 54 11 39 4 3
P5 2020 4 3 0 18 0 0 0 0 0 11 79 71 104 36 6 0 0 0 0 0 72 79 11 13 51 58 32 0 2 18 11 -999
P5 2020 5 0 4 3 19 12 2 0 0 0 0 0 0 0 0 0 0 0 0 0 0 0 0 0 13 10 19 34 60 38 12 12
P5 2020 6 5 3 2 0 0 0 15 14 13 0 0 0 0 0 0 0 0 0 0 0 0 0 0 0 0 0 0 0 0 0 -999
P5 2020 7 0 0 0 0 0 0 0 0 0 0 0 0 0 0 0 0 0 0 0 0 0 0 0 0 0 0 0 0 0 0 0
P5 2020 8 0 0 0 0 0 33 29 13 0 0 0 0 0 0 0 0 0 0 0 0 0 0 0 0 0 0 0 0 0 0 0
P5 2020 9 0 0 0 0 0 0 0 0 0 0 0 0 0 0 21 5 0 0 27 9 0 0 0 0 0 0 0 0 0 0 -999
P5 2020 10 0 0 0 0 0 17 4 0 3 2 3 0 0 0 0 0 0 0 0 0 0 0 13 82 15 56 70 23 8 0 0
P5 2020 11 0 0 5 57 15 22 13 22 20 11 0 0 0 9 0 2 65 40 67 80 94 37 4 0 0 0 0 0 7 44 -999
P5 2020 12 36 45 89 80 52 25 10 3 22 23 20 2 22 3 0 0 0 50 2 39 91 124 150 102 0 16 0 0 0 0 14
P5 2021 1 0 5 3 7 6 3 0 0 0 0 14 44 41 81 4 8 64 124 98 68 66 79 99 120 104 201 172 125 126 57 75
P5 2021 2 46 112 39 184 83 40 51 69 4 30 27 109 51 19 21 0 0 2 0 0 0 0 0 30 22 39 23 28 -999 -999 -999
P5 2021 3 0 12 50 39 44 15 24 28 0 0 3 10 247 114 210 56 251 124 164 45 55 37 44 72 0 0 0 0 23 3 32
P5 2021 4 28 20 14 31 2 0 0 0 0 25 56 0 0 0 0 3 27 12 0 0 0 0 0 17 47 34 46 17 4 14 -999
P5 2021 5 0 2 0 3 0 19 11 26 14 11 16 3 3 0 0 0 0 0 0 0 0 0 0 19 0 0 0 2 25 16 19
P5 2021 6 14 11 13 9 2 2 12 59 30 6 13 14 26 25 13 0 0 0 0 0 0 0 0 0 0 0 0 0 0 0 -999
P5 2021 7 0 0 0 0 0 0 0 0 0 0 0 0 0 0 0 0 0 0 0 0 0 0 0 0 0 0 0 0 0 0 0
P5 2021 8 0 0 0 0 0 0 0 19 14 11 0 0 0 0 0 0 0 0 0 0 0 0 0 0 0 0 0 0 0 0 0
P5 2021 9 0 0 0 0 0 0 0 0 0 0 0 0 0 6 19 14 0 0 0 0 0 0 0 0 96 42 25 16 0 0 -999
P5 2021 10 4 79 67 35 0 0 0 18 10 10 0 0 0 9 7 0 0 0 156 24 21 5 0 6 19 18 35 27 37 10 108
P5 2021 11 85 6 6 19 65 57 40 25 0 2 0 0 0 0 0 0 0 0 6 33 6 2 2 7 0 0 0 0 9 6 -999
P5 2021 12 0 0 0 0 0 0 0 4 0 0 7 50 73 108 107 66 326 234 117 69 115 43 80 83 61 71 53 127 72 51 2
P5 2022 1 0 0 0 0 0 0 0 0 0 0 3 5 33 104 23 7 2 1 1 52 27 4 3 4 4 0 0 0 0 3 2
P5 2022 2 0 6 25 9 5 0 0 0 3 29 3 0 2 3 63 20 4 3 3 3 19 19 2 45 18 24 37 88 -999 -999 -999
P5 2022 3 48 110 2 32 44 64 7 4 0 21 0 0 0 0 0 6 0 3 3 17 16 0 0 0 5 14 0 0 3 3 23
P5 2022 4 83 88 91 51 24 79 11 11 18 0 0 38 9 2 0 0 0 0 0 8 38 76 20 85 31 40 29 0 0 0 -999
P5 2022 5 0 0 0 0 0 0 0 0 0 0 0 0 0 0 0 0 0 0 0 0 0 0 0 0 0 0 0 0 0 0 0
P5 2022 6 0 0 0 0 0 0 0 0 0 0 0 0 0 0 0 0 0 0 0 0 0 0 0 0 0 0 0 0 0 0 -999
P5 2022 7 0 0 0 0 0 0 0 0 0 0 0 0 0 0 0 0 0 0 0 0 0 0 0 0 0 0 0 0 0 0 0
P5 2022 8 0 0 0 0 0 0 0 0 0 0 0 0 0 0 0 0 0 0 0 0 0 0 0 0 0 0 0 0 0 0 0
P5 2022 9 0 0 0 0 0 0 0 0 0 0 0 0 0 0 0 0 0 0 0 0 0 0 0 16 8 0 0 0 0 0 -999
P5 2022 10 0 0 0 0 0 0 0 0 0 0 0 6 5 4 0 0 0 0 0 16 10 0 0 0 0 0 72 24 0 0 0
P5 2022 11 0 0 0 16 4 4 0 0 8 3 2 32 116 117 119 55 14 12 4 304 100 123 133 72 20 0 0 0 0 0 -999
P5 2022 12 3 4 6 0 2 70 168 85 38 3 12 22 0 0 0 2 50 21 47 70 56 14 93 64 66 129 88 71 71 31 95
P5 2023 1 92 127 158 124 152 70 51 158 67 2 86 78 72 82 3 4 27 36 30 21 27 20 57 4 2 6 6 0 0 0 0
P5 2023 2 0 5 5 4 0 4 3 0 0 6 6 29 18 138 164 78 53 53 23 125 3 0 0 0 0 0 4 2 -999 -999 -999
P5 2023 3 0 0 18 3 5 2 0 0 0 0 0 0 0 0 31 55 173 64 70 36 16 136 3 3 0 28 0 0 11 0 0
P5 2023 4 0 0 0 0 0 0 19 30 28 0 0 0 0 5 32 12 11 2 0 0 4 18 1 0 5 3 0 0 0 0 -999
P5 2023 5 0 17 37 86 25 17 13 55 45 33 31 10 41 0 0 0 0 0 0 0 0 8 8 13 0 0 0 0 0 0 0
P5 2023 6 0 0 0 0 0 0 0 0 0 0 0 0 0 0 22 16 3 11 0 0 0 0 0 0 0 0 0 0 0 0 -999
P5 2023 7 0 0 0 0 0 0 0 0 0 0 0 0 0 0 0 0 0 6 9 23 0 0 0 0 0 0 0 0 0 0 0
P5 2023 8 0 0 0 0 0 0 0 0 0 0 0 0 0 0 0 0 0 0 0 0 0 0 0 0 0 0 0 0 0 0 0
P5 2023 9 0 0 0 0 0 0 0 0 0 0 0 0 0 0 0 0 0 0 0 0 0 0 0 0 0 0 0 0 0 0 -999
P5 2023 10 31 6 0 3 0 0 0 0 0 0 0 0 0 2 2 3 2 31 7 17 4 8 3 0 0 0 0 6 0 55 68
P5 2023 11 8 9 1 0 0 0 0 29 127 58 33 45 52 0 0 0 0 0 0 0 0 0 0 0 0 0 3 14 2 4 -999
P5 2023 12 4 58 125 39 0 0 0 0 0 0 0 7 3 3 41 37 14 44 53 80 35 108 8 73 11 0 0 0 0 0 2
P5 2024 1 3 0 0 0 0 0 0 0 0 0 4 8 7 0 3 4 37 51 63 54 83 59 57 44 29 55 69 67 16 3 4
P5 2024 2 2 2 4 77 21 7 17 147 134 4 112 173 88 9 15 0 0 0 0 0 0 22 14 0 0 0 0 0 -999 -999 -999
P5 2024 3 0 0 0 0 0 0 0 0 16 10 12 28 30 39 10 2 22 27 24 12 19 4 0 5 5 8 30 6 10 35 22
P5 2024 4 3 2 1 18 45 84 118 59 69 186 95 0 0 0 0 0 0 0 0 0 13 32 29 3 0 0 0 0 0 0 -999
P5 2024 5 0 0 0 12 4 4 46 6 0 0 0 2 26 38 57 41 16 11 0 0 0 0 0 0 0 0 0 11 12 4 0
P5 2024 6 0 0 0 0 0 0 0 0 0 0 0 8 0 0 0 0 0 0 0 0 0 0 0 0 0 0 0 0 0 0 -999
P5 2024 7 0 0 0 0 0 0 0 0 0 0 0 0 0 0 0 0 0 0 0 0 0 0 0 0 0 0 0 0 0 0 0
P5 2024 8 0 0 0 0 0 0 0 0 0 0 0 0 0 0 0 0 0 0 0 0 0 0 0 0 0 0 0 0 0 0 0
P5 2024 9 0 0 0 0 0 0 0 0 0 0 0 0 0 0 0 0 0 0 9 20 57 14 9 8 2 0 0 0 0 0 -999
P5 2024 10 0 21 46 20 29 9 12 0 0 0 0 0 0 0 9 0 0 0 0 0 0 0 0 0 0 0 0 0 0 33 18
P5 2024 11 32 150 102 73 26 26 0 0 0 0 5 52 38 40 74 33 30 21 3 3 0 0 0 0 0 0 3 11 9 173 -999
P5 2024 12 100 75 26 28 4 4 21 12 73 77 130 49 60 40 35 10 4 36 52 0 0 17 4 5 2 10 36 25 0 0 16
P5 2025 1 0 0 6 112 204 70 16 83 31 7 3 0 0 2 3 5 3 37 86 5 5 0 0 0 0 0 4 28 37 79 29
P5 2025 2 20 7 5 0 21 20 29 79 47 54 262 64 0 0 25 7 0 0 0 0 0 0 0 0 0 0 0 0 -999 -999 -999
P5 2025 3 4 55 16 0 0 0 5 30 9 4 3 0 0 0 0 0 0 0 0 0 0 0 0 0 0 0 42 46 12 0 0
P5 2025 4 0 0 0 0 0 0 0 0 0 0 0 0 0 0 0 0 0 0 0 0 0 0 0 0 8 0 0 0 8 3 -999
P5 2025 5 0 0 10 2 2 0 0 0 0 0 0 0 0 23 18 0 0 0 0 0 0 0 18 17 23 20 44 24 31 0 0
P5 2025 6 0 0 0 0 0 0 0 0 0 0 0 0 0 0 0 0 0 0 0 0 0 0 0 0 0 0 0 0 0 0 -999
P5 2025 7 0 0 0 0 0 0 0 0 0 0 0 0 0 0 0 0 0 0 0 0 0 0 0 0 0 0 0 0 0 0 0
P5 2025 8 0 0 0 0 0 0 0 0 0 0 0 0 0 0 0 0 0 0 0 0 0 0 0 0 0 0 0 0 0 0 0
P5 2025 9 0 0 0 0 0 0 0 0 0 0 0 0 0 0 0 0 0 0 0 0 0 0 0 0 0 0 0 0 0 0 -999
P5 2025 10 0 0 0 0 0 0 0 0 0 0 0 0 0 0 0 0 0 65 42 57 88 84 25 3 4 0 0 0 4 139 99
P5 2025 11 92 28 43 280 80 33 27 15 109 160 31 10 10 60 75 32 0 0 0 0 0 0 0 0 0 0 0 0 9 0 -999
P5 2025 12 0 0 0 0 0 14 3 3 2 2 42 26 17 0 16 43 3 14 23 8 48 106 56 139 69 123 50 30 87 56 84
P5 2026 1 48 30 5 0 0 0 0 2 3 3 0 0 0 0 3 47 18 6 34 51 7 2 24 7 0 0 0 0 0 0 0
P5 2026 2 0 0 0 0 0 10 24 2 0 0 0 2 4 5 3 79 21 10 2 0 2 6 4 10 59 34 2 7 -999 -999 -999
P5 2026 3 7 9 40 63 43 57 10 15 0 0 0 0 64 31 0 0 0 0 0 0 0 22 116 45 128 113 41 39 26 32 21
P5 2026 4 0 0 19 21 4 6 26 4 26 15 51 0 4 8 9 12 15 20 26 0 0 0 0 0 0 0 0 0 0 15 -999
P5 2026 5 14 25 0 0 0 0 0 0 0 0 0 0 0 0 0 0 0 0 0 0 0 0 0 0 0 0 0 0 0 0 0
P5 2026 6 0 0 0 0 0 0 0 0 0 0 0 0 0 0 0 0 0 0 0 0 0 0 0 0 0 0 0 0 0 0 -999
P5 2026 7 0 0 0 0 0 0 0 0 0 0 0 0 0 0 0 0 0 0 0 0 0 0 0 0 0 0 0 0 0 0 0
P5 2026 8 0 0 0 0 0 0 0 0 0 0 0 0 0 0 0 0 0 0 0 0 0 0 0 0 0 0 0 0 0 0 0
P5 2026 9 0 11 15 3 0 0 0 0 0 0 0 0 0 0 0 0 0 0 0 0 0 11 0 0 0 0 0 0 0 0 -999
P5 2026 10 0 0 0 0 0 0 0 0 0 0 0 0 0 0 0 0 0 0 8 7 15 2 0 0 0 0 0 7 33 38 102
P5 2026 11 42 120 54 121 120 38 18 140 80 18 135 76 6 27 134 33 7 6 0 6 13 0 0 0 0 0 0 0 0 0 -999
P5 2026 12 0 12 4 0 0 0 0 0 0 19 11 4 4 37 80 61 156 257 54 57 41 218 45 78 39 7 9 13 0 0 0
P5 2027 1 2 14 3 27 45 348 155 67 73 65 117 43 46 78 72 17 4 0 6 8 17 45 3 2 58 107 148 123 137 22 0
P5 2027 2 0 0 0 0 0 0 0 0 0 28 54 31 7 7 84 84 102 93 81 88 62 42 62 19 0 5 3 0 -999 -999 -999
P5 2027 3 0 40 34 47 0 5 3 35 0 0 15 3 0 0 0 2 47 66 30 0 22 46 28 18 18 29 23 3 0 0 0
P5 2027 4 0 22 27 64 0 0 0 0 0 0 0 0 0 0 0 0 0 0 0 0 0 23 29 0 0 0 0 0 41 29 -999
P5 2027 5 70 0 0 14 69 49 12 12 0 0 0 11 0 0 0 0 0 0 0 0 0 0 0 0 0 0 0 0 0 0 0
P5 2027 6 0 0 0 15 20 45 2 0 0 0 0 0 0 0 0 0 0 0 0 0 0 0 0 0 0 0 0 12 0 0 -999
P5 2027 7 0 0 5 0 0 0 0 0 0 0 0 0 0 0 0 0 0 0 0 0 0 0 0 0 0 0 0 0 0 0 0
P5 2027 8 0 0 0 0 0 0 0 0 0 0 0 0 0 0 0 0 0 0 0 0 0 0 0 0 0 0 0 0 0 0 0
P5 2027 9 0 0 0 0 0 0 0 0 0 0 0 0 0 0 0 0 0 0 0 0 0 0 0 0 0 0 0 0 0 0 -999
P5 2027 10 0 0 0 0 0 0 0 0 0 0 0 0 0 0 0 0 20 2 0 0 0 0 3 9 8 0 0 0 0 0 0
P5 2027 11 0 0 0 1 7 3 0 0 0 60 22 3 0 0 0 0 0 0 0 0 50 59 64 39 56 65 54 43 3 0 -999
P5 2027 12 16 3 2 2 0 0 0 0 0 0 0 4 29 21 34 29 10 17 0 3 0 0 0 21 33 1 0 0 0 0 0
P5 2028 1 4 2 0 0 0 0 0 0 0 0 0 5 17 7 6 69 139 37 12 0 0 0 7 0 0 0 52 3 0 0 3
P5 2028 2 0 20 46 62 37 36 73 54 26 80 158 76 103 78 110 47 27 48 63 1 1 32 0 0 17 0 0 0 -999 -999 -999
P5 2028 3 2 0 0 6 0 0 0 0 0 15 29 30 38 74 7 0 0 0 0 0 0 4 3 0 2 29 9 0 0 0 0
P5 2028 4 0 0 0 0 0 0 0 0 0 0 2 0 0 0 0 0 0 0 11 18 20 0 0 0 0 0 0 0 0 0 -999
P5 2028 5 0 0 0 0 0 0 0 17 10 18 12 12 17 0 0 0 0 0 0 0 0 0 0 14 3 0 0 18 3 3 0
P5 2028 6 13 3 20 14 9 11 24 30 2 0 0 0 0 0 0 0 0 0 0 0 0 0 0 0 0 0 0 11 50 59 -999
P5 2028 7 42 3 0 0 0 0 0 0 0 0 0 3 23 0 0 0 0 0 0 0 0 0 0 0 0 0 0 0 0 0 0
P5 2028 8 0 0 0 0 0 0 0 0 0 0 0 0 0 0 0 0 0 0 0 0 0 0 0 0 0 0 0 0 0 0 0
P5 2028 9 0 0 0 0 0 0 0 0 0 0 0 0 0 0 0 0 0 0 0 0 0 0 0 0 0 0 0 0 15 0 -999
P5 2028 10 0 0 0 0 0 0 0 0 0 0 16 0 0 0 0 0 0 0 0 0 0 0 0 0 0 0 0 0 0 2 0
P5 2028 11 0 8 19 16 41 25 4 0 0 0 8 60 20 3 0 0 0 31 71 231 88 36 3 0 0 0 33 42 4 2 -999
P5 2028 12 3 0 0 4 6 0 7 0 0 0 0 4 22 25 2 4 6 4 49 84 86 93 164 6 5 14 9 6 18 77 3
P5 2029 1 5 3 40 76 6 0 27 50 4 2 22 90 31 7 12 47 27 58 105 57 17 3 0 0 0 3 57 93 24 25 25
P5 2029 2 79 53 93 66 86 8 3 3 0 18 31 0 3 9 15 53 3 0 0 0 0 0 0 0 0 4 28 17 -999 -999 -999
P5 2029 3 38 0 7 30 19 53 25 47 19 22 14 0 2 3 6 0 0 0 0 31 32 56 8 6 0 0 0 0 0 15 27
P5 2029 4 18 0 9 6 0 0 0 0 0 0 0 0 42 46 7 1 2 7 0 0 0 0 0 0 0 0 0 36 89 28 -999
P5 2029 5 5 1 37 21 55 26 56 30 28 14 17 3 0 0 0 0 0 0 0 0 0 0 0 0 0 0 0 0 0 0 0
P5 2029 6 0 0 6 10 0 0 0 0 0 0 0 0 0 0 0 0 0 0 0 0 0 0 0 0 0 0 0 0 0 0 -999
P5 2029 7 0 0 0 0 0 0 0 0 0 0 0 0 0 0 0 0 0 0 0 0 0 0 0 0 0 0 0 0 0 0 0
P5 2029 8 0 0 0 0 0 0 0 0 0 0 0 0 0 0 0 0 0 0 0 0 0 0 0 0 0 0 0 0 0 0 0
P5 2029 9 0 0 0 0 0 0 0 0 0 0 0 0 0 0 0 0 0 0 0 0 0 12 10 0 13 21 10 10 0 0 -999
P5 2029 10 0 0 0 0 0 0 0 0 0 0 0 0 0 0 0 0 0 9 0 0 0 0 0 0 17 38 41 49 111 49 1
P5 2029 11 0 0 0 0 0 0 0 0 0 0 0 0 0 0 5 12 36 58 7 8 52 20 35 33 3 0 15 4 21 0 -999
P5 2029 12 9 11 58 83 108 54 5 8 95 6 6 4 3 2 0 0 3 41 58 0 3 73 83 47 201 26 96 95 125 30 0
P5 2030 1 0 0 6 48 119 47 70 55 51 105 36 10 16 50 15 106 37 0 4 3 28 20 15 49 31 22 40 30 21 2 2
P5 2030 2 78 35 41 10 22 23 10 28 0 5 3 0 0 0 0 77 30 20 0 0 0 0 0 5 208 0 0 0 -999 -999 -999
P5 2030 3 0 0 0 0 0 0 0 0 0 0 0 0 0 0 0 20 37 0 7 0 2 12 0 15 20 10 16 58 91 33 148
P5 2030 4 121 37 2 0 0 0 0 18 18 6 38 0 0 0 13 10 16 19 25 29 6 3 0 3 41 142 1 0 33 5 -999
P5 2030 5 0 0 0 0 0 0 0 0 0 0 2 40 49 50 16 46 22 42 14 0 0 0 0 0 0 0 0 0 0 0 0
P5 2030 6 0 0 0 0 0 0 0 0 0 0 0 0 0 0 0 8 11 11 21 2 0 0 16 5 0 0 0 0 0 0 -999
P5 2030 7 0 0 0 0 0 0 0 0 0 0 0 0 0 0 0 0 0 0 0 0 0 0 0 0 0 0 0 0 0 0 0
P5 2030 8 0 0 0 0 0 0 0 0 0 0 0 0 0 0 0 0 0 0 0 0 0 0 0 0 0 0 0 0 0 0 0
P5 2030 9 0 0 0 0 0 0 0 0 0 0 0 0 0 0 0 50 76 10 3 0 15 11 11 8 3 3 0 17 33 5 -999
P5 2030 10 0 0 0 0 0 0 0 15 11 20 11 63 28 22 5 0 0 26 42 36 72 49 66 51 12 0 0 8 0 0 1
P5 2030 11 0 0 0 0 9 37 131 117 91 47 35 136 2 102 35 101 100 35 39 20 22 102 96 88 116 42 33 134 56 7 -999
P5 2030 12 0 0 0 0 2 9 17 5 2 5 60 22 0 0 0 0 0 0 0 0 0 0 0 0 5 40 61 74 76 23 45
P5 2031 1 46 3 4 58 32 18 2 74 61 60 148 153 139 111 69 13 0 0 42 0 6 0 0 0 0 0 0 0 0 0 4
P5 2031 2 2 3 7 14 61 36 4 44 45 28 50 49 15 37 24 53 124 30 0 10 20 41 41 27 0 5 0 0 -999 -999 -999
P5 2031 3 0 10 5 6 8 49 23 9 73 84 43 113 135 27 3 2 3 4 1 3 0 0 2 0 0 0 0 0 5 29 75
P5 2031 4 3 15 22 5 21 35 0 3 6 27 0 17 57 14 0 0 0 0 0 0 0 0 0 0 0 0 0 0 0 0 -999
P5 2031 5 0 0 0 0 0 0 0 0 0 0 0 0 0 0 0 0 0 0 0 0 0 0 0 0 0 0 0 0 0 0 0
P5 2031 6 0 0 0 0 0 0 24 8 0 0 0 0 0 0 0 0 0 0 0 0 0 0 0 0 0 0 0 0 0 0 -999
P5 2031 7 0 0 0 0 0 0 0 0 0 0 0 0 0 9 10 0 6 12 0 0 0 0 0 0 0 0 0 0 0 0 0
P5 2031 8 0 0 0 0 0 0 0 0 0 0 0 3 0 0 0 0 0 0 0 0 0 0 0 0 0 0 0 0 0 0 0
P5 2031 9 0 0 0 0 0 0 0 0 0 0 0 7 0 0 0 0 0 0 0 0 0 17 40 7 24 19 72 10 4 0 -999
P5 2031 10 0 0 0 0 0 0 0 0 0 0 0 0 0 0 0 2 0 0 0 5 35 22 0 9 43 2 40 58 17 17 0
P5 2031 11 0 3 24 89 23 26 21 34 3 3 24 14 57 81 93 90 85 72 65 73 60 41 49 105 106 43 32 51 23 46 -999
P5 2031 12 55 43 85 65 140 132 203 56 48 6 8 0 0 0 1 0 0 0 0 6 46 85 53 189 91 123 86 60 48 25 2
P5 2032 1 16 67 94 137 116 61 91 67 36 1 6 55 22 32 63 13 0 0 0 3 0 0 0 0 2 20 5 17 28 106 31
P5 2032 2 5 6 5 5 0 4 3 0 0 59 94 35 78 0 0 12 0 0 0 0 0 47 44 0 0 29 65 35 -999 -999 -999
P5 2032 3 7 0 0 21 0 0 0 0 0 0 0 0 0 0 0 0 0 0 0 0 0 0 0 0 0 0 0 23 46 42 0
P5 2032 4 4 53 80 30 21 9 17 56 59 44 36 3 4 26 0 42 9 8 0 0 0 0 12 24 27 25 0 0 0 0 -999
P5 2032 5 12 0 0 8 0 0 0 0 0 0 0 0 0 0 0 0 0 0 0 0 0 0 0 0 0 0 0 0 0 0 4
P5 2032 6 0 0 0 0 0 0 0 0 0 0 0 0 0 0 0 11 14 16 0 0 0 0 0 0 0 0 0 0 0 0 -999
P5 2032 7 0 0 0 0 0 0 0 0 0 0 0 0 0 0 0 0 0 0 0 0 0 0 0 0 0 0 0 0 0 0 0
P5 2032 8 0 0 0 0 0 0 0 0 0 0 0 0 0 0 0 0 0 0 0 0 0 0 0 0 0 0 0 0 0 0 0
P5 2032 9 0 0 0 0 0 0 0 0 0 0 0 0 11 14 0 0 15 0 0 0 0 0 0 0 0 0 0 0 0 0 -999
P5 2032 10 0 21 11 17 0 0 0 0 25 0 0 0 0 0 41 14 19 0 0 4 0 0 17 100 4 0 0 35 63 0 3
P5 2032 11 4 5 6 57 36 0 0 0 0 0 0 0 0 0 0 17 31 19 14 0 0 0 1 3 4 31 41 6 77 177 -999
P5 2032 12 62 165 74 36 5 0 0 14 0 11 0 0 0 0 0 0 0 0 13 11 0 0 4 26 54 93 26 0 6 7 4
P5 2033 1 3 49 65 128 109 256 183 207 166 103 67 100 71 3 107 153 61 35 26 49 30 54 48 47 41 43 61 58 5 47 18
P5 2033 2 0 0 0 13 37 5 9 40 17 32 118 77 170 3 0 5 6 30 45 0 0 0 0 70 5 0 0 0 -999 -999 -999
P5 2033 3 3 0 8 0 0 0 3 0 0 0 42 141 105 8 4 96 17 4 4 51 114 50 30 0 0 0 11 35 3 4 0
P5 2033 4 0 0 5 27 60 9 6 7 69 62 45 46 32 56 77 271 213 135 75 90 39 27 13 63 79 13 4 0 0 2 -999
P5 2033 5 3 0 4 0 0 0 0 0 0 0 0 31 48 24 22 30 27 25 54 56 57 32 3 2 0 0 0 0 0 0 0
P5 2033 6 0 0 0 0 0 0 0 0 0 0 0 0 0 0 0 0 0 0 0 0 0 0 0 0 0 0 0 0 0 0 -999
P5 2033 7 0 0 0 0 0 0 0 0 0 0 0 0 0 0 0 0 0 0 0 0 0 0 0 0 0 0 0 0 0 0 0
P5 2033 8 0 0 0 0 0 0 0 0 0 0 0 0 0 0 0 0 0 0 0 0 0 0 0 0 0 0 0 0 0 0 0
P5 2033 9 0 0 0 0 0 0 0 0 0 0 0 0 0 0 47 3 0 0 0 0 0 0 0 0 0 0 0 0 0 0 -999
P5 2033 10 0 0 0 12 50 91 59 37 20 41 61 65 60 0 0 0 0 0 0 0 0 0 0 0 11 0 0 15 14 0 5
P5 2033 11 20 22 87 60 16 4 0 0 0 0 0 0 0 0 0 0 26 4 5 3 3 0 0 0 0 0 0 0 0 0 -999
P5 2033 12 4 21 39 29 3 0 0 4 3 3 35 29 4 0 0 0 0 0 0 0 0 0 4 0 0 0 0 55 94 5 4
P5 2034 1 3 9 4 3 0 7 11 6 6 5 3 56 221 133 179 76 17 0 9 0 6 3 0 0 0 0 0 0 4 0 0
P5 2034 2 0 0 0 0 0 0 3 0 0 1 0 16 76 11 125 70 59 58 6 4 3 0 0 0 0 0 10 55 -999 -999 -999
P5 2034 3 46 88 95 10 38 54 8 0 0 0 0 0 0 0 8 13 5 3 2 2 0 4 65 119 90 0 0 3 0 0 0
P5 2034 4 0 0 0 0 0 0 0 0 0 15 4 0 0 0 54 0 0 0 0 0 11 4 0 0 0 0 0 0 0 0 -999
P5 2034 5 0 0 0 0 0 0 0 0 0 0 0 0 0 0 0 0 0 0 0 0 0 0 0 0 28 19 0 0 0 7 0
P5 2034 6 0 0 0 0 25 18 15 0 0 0 0 0 0 0 0 0 0 0 0 0 0 0 0 0 0 0 0 0 0 0 -999
P5 2034 7 0 0 0 0 0 0 0 0 0 0 0 0 0 0 0 0 0 0 0 0 0 0 0 0 0 0 0 0 0 0 0
P5 2034 8 0 0 0 0 0 0 0 0 0 0 0 0 0 0 0 0 0 0 0 0 0 0 0 0 0 0 0 0 0 0 0
P5 2034 9 0 0 0 0 0 0 0 0 0 0 0 0 0 0 0 0 0 0 0 0 0 29 0 0 0 0 0 0 0 0 -999
P5 2034 10 24 3 2 3 30 21 1 0 0 14 14 4 2 3 2 8 5 0 0 0 5 5 0 7 30 28 8 17 13 0 0
P5 2034 11 0 0 0 0 0 0 34 5 64 0 0 20 10 0 0 0 0 0 0 3 35 41 67 75 42 104 71 9 3 39 -999
P5 2034 12 4 0 0 10 16 52 64 19 22 48 8 1 13 76 76 29 6 0 0 0 2 4 0 0 3 8 30 5 9 16 86
P5 2035 1 14 4 61 76 46 49 66 101 69 8 20 9 58 34 7 4 52 8 20 97 146 184 143 123 36 2 2 59 7 15 50
P5 2035 2 76 89 13 0 0 0 29 4 6 0 0 0 0 0 0 0 0 0 0 2 39 158 165 95 55 29 172 76 -999 -999 -999
P5 2035 3 152 99 72 67 61 27 49 89 69 5 75 22 373 238 70 58 34 18 87 66 103 104 28 19 90 39 5 29 20 39 53
P5 2035 4 49 173 7 22 25 71 34 54 164 92 94 15 8 0 0 0 0 16 18 77 56 64 87 62 41 17 25 25 9 24 -999
P5 2035 5 34 4 0 0 0 0 0 0 0 0 0 0 0 0 0 0 0 0 0 0 0 0 0 7 1 0 0 0 0 0 29
P5 2035 6 30 0 0 0 4 34 19 15 9 5 22 0 0 0 0 0 0 0 0 0 0 0 0 0 0 0 0 0 0 0 -999
P5 2035 7 0 0 0 0 0 0 0 0 0 0 0 0 0 0 0 0 0 0 0 0 0 0 0 0 0 0 0 0 0 0 0
P5 2035 8 0 0 0 0 0 0 0 0 0 0 0 0 0 0 0 0 0 0 0 0 0 0 0 0 0 0 0 0 0 0 0
P5 2035 9 0 0 0 0 0 0 0 0 0 0 0 0 0 0 0 0 0 0 0 0 0 0 38 0 0 0 0 0 0 0 -999
P5 2035 10 0 0 11 0 0 0 0 0 0 0 0 0 9 20 2 0 0 0 0 23 13 9 0 0 0 0 0 0 0 0 0
P5 2035 11 7 3 30 15 20 17 0 0 3 0 0 0 0 0 0 0 0 0 0 0 0 0 0 0 0 2 13 25 22 4 -999
P5 2035 12 51 13 20 41 73 83 116 95 83 168 86 103 281 91 38 52 17 38 42 58 44 86 0 5 7 5 0 0 0 1 2
P5 2036 1 64 50 3 0 3 37 15 4 2 41 80 67 28 12 0 2 5 10 70 5 101 76 5 0 0 0 13 1 2 0 3
P5 2036 2 3 0 2 0 0 12 21 49 46 20 42 53 93 35 6 27 13 0 0 0 0 0 0 3 5 8 8 16 -999 -999 -999
P5 2036 3 111 12 24 71 51 27 0 0 0 0 0 0 2 29 13 0 0 0 0 0 0 0 0 0 7 3 2 37 28 0 0
P5 2036 4 20 52 17 15 6 0 0 0 0 0 0 0 0 0 0 0 0 0 0 0 0 0 0 0 0 11 0 0 0 0 -999
P5 2036 5 0 0 0 2 11 0 0 0 0 0 0 9 14 12 17 19 19 16 6 0 0 0 0 0 0 0 0 0 0 0 0
P5 2036 6 0 0 0 0 0 0 0 0 0 0 0 0 0 0 0 0 0 0 10 0 0 0 0 0 0 0 0 0 0 0 -999
P5 2036 7 0 0 0 0 0 0 0 0 0 0 0 0 0 0 0 0 0 0 0 0 0 0 0 0 0 0 0 0 0 0 0
P5 2036 8 0 0 0 0 0 0 0 0 0 0 0 0 0 0 0 0 0 0 0 0 0 0 0 0 0 0 0 0 0 0 0
P5 2036 9 0 0 0 0 0 0 0 0 0 0 0 0 0 0 0 0 0 0 0 0 0 0 0 0 0 0 0 0 0 0 -999
P5 2036 10 0 0 0 0 0 0 0 0 0 0 65 0 0 0 0 0 0 0 0 0 0 0 0 0 0 84 49 12 53 33 12
P5 2036 11 17 0 0 0 0 14 0 44 35 4 0 4 43 50 21 37 7 11 22 20 2 0 0 0 0 23 52 16 4 0 -999
P5 2036 12 0 0 2 4 50 0 4 0 0 0 0 3 2 5 5 7 3 23 52 8 59 71 85 41 47 51 23 19 12 0 2
P5 2037 1 12 15 20 0 0 0 0 0 45 98 84 121 32 0 0 0 0 15 101 100 102 31 159 207 252 64 172 65 284 35 4
P5 2037 2 51 41 29 35 27 100 50 15 19 41 5 0 0 11 0 0 3 4 0 0 0 0 3 0 0 22 24 19 -999 -999 -999
P5 2037 3 3 1 0 0 0 0 0 6 2 0 0 23 79 58 40 58 74 15 0 0 31 21 47 65 26 0 0 29 29 25 0
P5 2037 4 0 0 2 15 9 15 50 28 41 3 0 0 0 28 38 65 68 36 37 41 141 35 43 37 4 0 0 3 16 0 -999
P5 2037 5 0 0 0 0 0 0 0 0 0 2 2 4 0 5 0 0 0 0 6 0 0 0 0 2 14 30 20 3 0 0 0
P5 2037 6 0 0 0 0 0 0 0 0 0 0 0 0 0 0 0 0 14 25 11 0 0 0 0 0 0 0 0 0 0 0 -999
P5 2037 7 0 0 0 0 0 0 0 0 0 0 0 0 0 0 0 0 0 0 0 0 0 0 0 0 0 0 0 0 0 0 0
P5 2037 8 0 0 0 0 0 0 0 0 0 0 0 0 0 0 0 0 0 0 0 0 0 0 0 0 0 0 0 0 0 0 0
P5 2037 9 0 0 0 0 0 0 0 0 0 0 0 0 0 0 0 0 0 0 0 0 0 0 0 0 0 0 0 0 0 0 -999
P5 2037 10 0 0 0 0 0 0 0 0 0 0 14 5 0 0 0 0 56 64 4 0 0 0 0 0 0 4 0 0 0 0 0
P5 2037 11 0 0 0 0 11 27 0 10 4 3 50 31 9 9 3 0 0 0 5 62 25 12 64 28 39 7 6 75 59 91 -999
P5 2037 12 349 25 288 73 48 30 103 99 150 193 83 5 6 5 0 0 32 46 47 3 38 40 13 21 0 0 0 0 14 25 6
P5 2038 1 48 100 23 33 36 8 31 0 2 3 4 0 7 61 56 104 95 6 3 48 13 22 94 124 46 69 30 26 50 26 4
P5 2038 2 0 33 42 70 37 212 5 0 0 0 0 0 0 0 13 17 0 0 3 0 0 0 39 0 0 0 62 145 -999 -999 -999
P5 2038 3 47 10 59 31 135 30 50 42 31 169 65 1 3 0 0 0 6 81 48 11 48 2 2 3 0 0 0 30 0 0 0
P5 2038 4 0 0 0 0 7 4 23 82 48 0 0 0 12 50 64 5 0 0 0 0 41 0 0 0 0 0 0 0 0 0 -999
P5 2038 5 3 2 0 0 0 0 14 9 0 0 0 0 0 0 0 0 14 33 32 20 0 0 0 0 0 0 6 14 13 0 0
P5 2038 6 0 9 0 0 0 0 0 0 0 0 0 0 0 0 0 0 0 0 0 0 0 0 0 0 0 0 0 0 0 0 -999
P5 2038 7 0 0 0 0 0 0 0 0 0 0 0 0 0 0 0 0 0 0 0 0 0 0 0 0 0 0 0 0 0 0 0
P5 2038 8 0 0 0 0 0 0 0 0 0 0 0 0 0 0 0 0 0 0 0 0 0 0 0 0 0 0 0 0 0 0 0
P5 2038 9 0 0 0 0 0 0 0 0 0 0 0 0 0 0 0 0 0 0 0 0 0 0 0 3 0 0 0 0 0 0 -999
P5 2038 10 0 0 0 0 0 0 0 0 0 0 0 0 0 0 0 0 0 0 14 0 21 19 21 0 0 0 0 18 32 0 0
P5 2038 11 23 23 10 0 0 5 40 6 29 13 2 28 11 70 60 27 147 5 8 2 0 0 0 0 0 0 0 0 2 0 -999
P5 2038 12 0 13 51 66 48 35 187 112 3 4 104 132 99 18 59 52 8 71 62 61 113 33 36 54 38 25 78 28 29 23 45
P5 2039 1 44 78 49 19 59 29 23 12 3 0 0 0 0 32 72 62 105 49 269 10 6 8 49 9 51 14 9 3 5 0 2
P5 2039 2 186 318 16 8 7 87 162 105 78 122 3 0 0 13 18 3 13 0 9 3 0 0 18 11 102 6 4 3 -999 -999 -999
P5 2039 3 20 0 0 0 0 0 5 32 18 0 0 35 17 52 35 7 4 10 6 6 0 0 4 3 25 16 0 0 0 0 0
P5 2039 4 0 0 0 27 0 0 0 0 0 0 0 0 0 17 8 3 0 0 4 0 14 2 6 0 0 0 0 0 0 0 -999
P5 2039 5 0 0 49 0 0 0 0 0 0 0 0 0 0 0 0 29 2 7 2 9 6 23 7 0 0 0 0 0 0 0 0
P5 2039 6 0 11 29 16 9 11 0 0 0 0 0 0 0 0 0 0 0 0 0 0 0 0 0 0 0 0 0 0 0 0 -999
P5 2039 7 0 0 0 0 0 0 0 0 0 0 0 0 0 0 0 0 0 0 0 0 0 0 0 0 0 0 0 0 0 0 0
P5 2039 8 0 0 0 0 0 0 0 0 0 0 0 0 0 0 0 0 0 0 0 0 0 0 0 0 0 0 0 0 0 0 0
P5 2039 9 0 0 0 0 0 0 0 0 0 0 0 0 0 0 0 0 0 0 0 0 0 0 0 0 0 0 0 0 0 0 -999
P5 2039 10 32 0 0 0 0 0 0 0 0 0 0 0 0 0 3 0 0 0 0 2 6 55 42 59 72 87 146 79 133 60 25
P5 2039 11 3 0 0 0 0 0 0 47 26 27 64 57 36 34 8 29 5 50 115 127 41 137 66 0 0 0 4 32 3 0 -999
P5 2039 12 4 38 83 103 120 97 43 38 96 26 11 33 40 38 24 27 16 38 76 88 6 11 72 60 88 59 56 133 49 78 68
P5 2040 1 39 35 51 116 121 66 27 87 12 20 64 23 11 25 67 72 46 27 99 51 9 10 38 0 0 0 3 0 0 0 9
P5 2040 2 0 0 0 9 97 9 0 0 2 33 0 0 0 3 9 57 68 56 2 3 0 0 6 0 0 0 0 0 -999 -999 -999
P5 2040 3 0 0 0 0 0 0 0 0 0 0 0 0 0 0 0 0 0 0 0 52 0 66 219 47 68 59 33 39 90 36 19
P5 2040 4 20 17 74 19 2 4 23 2 0 0 0 0 0 0 0 9 13 0 0 0 0 0 7 10 20 29 2 3 0 0 -999
P5 2040 5 3 4 3 3 3 2 0 0 0 0 0 0 0 0 0 0 0 0 0 0 0 0 0 0 0 0 0 0 0 0 0
P5 2040 6 0 0 0 0 0 0 0 0 0 0 0 0 0 0 0 0 0 0 0 0 0 0 0 0 0 0 0 0 0 0 -999
P5 2040 7 0 0 0 0 0 0 0 0 0 0 0 0 0 0 0 0 0 0 0 0 0 0 0 0 0 0 0 0 0 0 0
P5 2040 8 0 0 0 0 0 0 0 0 0 0 0 0 0 0 0 0 0 0 0 0 0 0 0 0 0 0 0 0 0 0 0
P5 2040 9 0 0 0 0 0 0 0 0 0 0 0 0 0 0 0 0 5 0 0 0 0 0 0 0 0 0 0 0 13 2 -999
P5 2040 10 0 0 0 0 0 0 0 0 0 0 0 0 0 0 0 0 11 67 45 13 5 2 3 0 0 4 0 0 0 0 0
P5 2040 11 0 10 0 0 0 0 91 146 159 42 46 12 31 11 7 17 4 0 0 0 0 0 0 56 22 3 2 0 0 0 -999
P5 2040 12 0 0 0 4 89 142 25 0 0 6 3 2 51 45 10 2 0 58 77 6 4 38 20 13 0 2 37 67 38 48 33
P5 2041 1 22 5 5 6 3 2 16 36 7 93 140 97 83 47 6 3 2 31 91 96 167 126 180 60 112 127 227 143 46 12 0
P5 2041 2 0 0 0 0 57 24 50 115 94 46 28 52 80 58 183 83 26 80 28 64 132 30 46 87 40 45 5 0 -999 -999 -999
P5 2041 3 4 2 0 0 0 5 6 2 23 33 53 84 25 100 5 17 45 39 73 118 61 37 64 96 86 37 39 48 28 28 15
P5 2041 4 8 0 0 0 0 0 0 0 0 0 0 0 2 1 2 3 16 21 28 36 25 2 6 17 12 43 2 1 0 0 -999
P5 2041 5 0 0 7 17 0 0 0 0 0 27 25 10 0 0 0 0 0 0 0 17 36 53 71 39 12 67 72 23 0 0 12
P5 2041 6 0 0 0 0 0 0 0 0 0 0 0 0 0 0 0 0 0 0 0 0 0 0 0 0 0 0 0 0 0 0 -999
P5 2041 7 0 0 0 0 0 0 0 0 0 0 0 0 0 0 0 0 0 0 0 0 0 0 0 0 0 12 15 0 0 0 0
P5 2041 8 0 0 0 0 0 0 0 0 0 0 0 0 0 0 0 0 0 0 0 0 0 0 0 21 18 0 0 0 0 0 0
P5 2041 9 0 0 0 0 0 0 0 0 0 0 0 38 0 0 0 0 0 0 0 0 0 0 12 15 19 14 0 0 0 0 -999
P5 2041 10 0 14 0 0 0 0 0 0 0 0 0 0 0 0 0 0 0 0 0 0 19 18 0 0 0 21 0 6 24 0 0
P5 2041 11 0 0 0 16 14 4 0 4 20 18 19 17 54 29 33 78 154 75 22 72 69 78 90 107 35 55 57 61 5 0 -999
P5 2041 12 3 64 0 84 65 48 27 10 17 0 0 48 35 41 55 93 76 66 66 98 35 0 48 4 0 0 0 5 0 3 2
P5 2042 1 0 0 2 0 0 56 70 10 3 6 4 5 2 3 0 0 0 0 0 0 0 0 2 4 6 2 2 0 0 8 39
P5 2042 2 74 41 4 2 4 12 33 59 50 33 28 0 0 0 0 0 3 6 22 13 0 0 0 7 0 0 0 0 -999 -999 -999
P5 2042 3 0 0 0 0 0 6 0 0 0 11 0 12 16 16 28 22 73 81 293 39 48 97 8 91 20 2 3 19 26 19 19
P5 2042 4 31 6 0 13 16 45 35 53 11 25 9 4 2 22 4 4 0 0 0 0 0 47 34 33 46 3 3 16 39 28 -999
P5 2042 5 59 48 18 2 2 0 0 0 0 0 0 0 0 0 0 0 0 0 0 0 0 0 0 0 0 0 0 0 0 0 0
P5 2042 6 0 0 0 0 0 0 0 0 0 0 0 0 0 0 0 0 0 0 0 0 0 0 0 0 0 0 0 0 0 0 -999
P5 2042 7 0 0 0 0 0 0 0 0 0 0 0 0 0 0 25 0 0 0 0 0 0 0 0 0 0 0 0 0 0 0 0
P5 2042 8 0 0 0 0 0 0 0 0 0 0 0 0 0 0 0 0 0 0 0 0 0 0 0 0 0 0 0 0 0 0 0
P5 2042 9 0 0 0 0 0 0 0 0 0 0 0 0 0 0 0 0 0 0 0 0 0 0 0 0 0 0 0 0 0 0 -999
P5 2042 10 0 0 0 0 0 0 0 0 0 0 0 13 36 34 5 4 4 12 0 69 39 39 7 0 0 0 0 7 0 0 0
P5 2042 11 0 0 0 0 0 17 40 24 4 0 0 0 0 0 0 0 0 0 6 52 0 0 0 0 0 3 10 6 52 17 -999
P5 2042 12 4 11 62 67 16 20 50 62 66 61 55 16 36 72 23 50 58 75 98 7 0 0 9 80 0 13 7 0 0 0 0
P5 2043 1 14 44 62 26 9 58 19 3 0 0 0 2 5 149 80 113 24 5 19 51 31 66 41 97 3 0 5 38 20 26 3
P5 2043 2 0 0 0 31 29 91 149 0 0 0 0 0 5 0 0 0 0 0 0 19 29 7 1 0 0 2 0 0 -999 -999 -999
P5 2043 3 0 70 38 32 3 5 63 41 56 143 84 40 36 18 29 0 0 0 8 0 3 34 48 29 46 1 4 2 4 3 9
P5 2043 4 21 5 3 23 0 0 0 0 0 0 60 0 0 0 0 31 46 0 2 37 2 0 0 0 0 0 0 0 0 0 -999
P5 2043 5 0 0 0 0 0 0 0 0 0 0 0 0 0 0 0 0 0 0 0 0 0 0 28 32 10 23 11 27 13 16 15
P5 2043 6 16 12 2 0 0 0 0 0 0 0 0 0 0 0 0 0 0 0 0 0 0 0 0 0 0 0 0 0 0 0 -999
P5 2043 7 0 0 0 0 0 0 0 0 0 0 0 0 0 0 0 0 0 0 0 0 0 0 0 0 0 0 0 0 0 0 0
P5 2043 8 0 0 0 0 0 0 0 0 0 0 0 0 0 0 0 0 0 0 0 0 0 0 0 0 0 0 0 0 9 0 0
P5 2043 9 0 0 0 0 0 0 0 0 0 0 0 0 0 0 0 0 0 0 0 0 0 0 0 0 0 0 0 0 0 0 -999
P5 2043 10 0 0 0 0 0 0 0 0 0 0 0 0 0 0 18 0 2 0 0 0 0 40 24 0 16 11 2 23 22 29 12
P5 2043 11 0 0 0 0 0 0 0 0 0 37 93 36 97 46 7 0 0 0 0 0 0 0 0 19 7 44 5 94 43 20 -999
P5 2043 12 2 2 0 0 0 0 3 3 26 47 70 69 11 16 25 7 10 166 78 143 177 74 42 46 55 56 103 0 0 0 0
P5 2044 1 0 0 3 0 0 15 2 0 0 4 4 3 0 0 3 2 23 76 38 37 9 46 0 0 0 10 4 59 15 1 0
P5 2044 2 0 0 0 0 65 25 0 5 11 61 48 21 0 9 0 0 0 0 0 0 0 0 16 228 43 2 4 34 -999 -999 -999
P5 2044 3 8 60 205 168 96 85 55 146 4 26 4 11 6 13 0 0 0 5 49 33 39 59 4 5 36 39 45 139 111 75 6
P5 2044 4 6 6 4 4 0 0 0 0 0 0 0 0 0 1 0 0 0 0 0 0 0 0 0 0 0 0 8 11 0 0 -999
P5 2044 5 0 0 0 0 0 9 0 46 13 30 0 0 0 0 0 0 0 0 26 43 49 26 0 0 0 0 0 0 0 6 1
P5 2044 6 0 0 0 0 0 0 6 0 0 0 0 0 0 0 0 0 0 0 0 0 0 0 0 0 0 0 0 0 0 0 -999
P5 2044 7 0 0 0 0 0 0 0 0 0 0 0 0 0 0 0 0 0 0 0 0 0 0 0 0 0 0 0 0 0 0 0
P5 2044 8 0 0 0 0 0 0 0 0 0 0 0 0 0 0 0 0 0 0 0 0 0 0 0 0 0 0 0 0 0 0 0
P5 2044 9 0 0 0 0 0 0 0 0 0 0 0 0 0 0 0 0 0 0 0 0 28 0 0 17 13 11 0 0 0 30 -999
P5 2044 10 30 22 16 0 0 0 0 0 66 33 0 0 0 0 0 0 0 32 52 41 27 8 4 0 0 0 0 0 0 14 44
P5 2044 11 43 13 12 5 6 0 4 3 5 5 93 29 32 43 18 93 54 31 50 54 63 48 144 176 143 121 120 71 16 0 -999
P5 2044 12 0 0 0 0 0 5 0 11 140 60 2 0 12 54 30 8 7 8 7 20 6 34 28 24 2 0 3 26 70 3 52
P5 2045 1 136 85 15 0 4 2 136 84 65 105 248 52 168 58 48 12 25 3 9 0 0 8 66 43 33 2 0 0 12 26 45
P5 2045 2 67 107 17 3 66 99 2 2 0 0 4 18 70 4 4 3 3 0 0 0 4 3 0 0 0 0 0 0 -999 -999 -999
P5 2045 3 0 0 4 3 0 2 15 24 27 20 0 0 14 0 23 28 2 0 0 0 0 0 0 0 0 0 0 0 0 0 0
P5 2045 4 21 0 0 0 0 20 37 16 3 21 30 4 2 25 17 0 0 0 0 0 0 0 0 0 0 0 0 0 0 0 -999
P5 2045 5 0 0 0 0 0 0 0 0 0 0 0 0 0 0 0 0 0 0 0 0 0 0 0 0 0 0 0 0 0 0 0
P5 2045 6 0 0 0 0 0 0 0 0 0 0 0 0 0 0 0 0 0 0 0 0 2 12 11 0 12 12 6 0 0 0 -999
P5 2045 7 0 0 0 0 0 0 0 0 0 0 0 0 0 0 0 0 0 0 0 0 0 0 0 0 0 0 0 0 0 0 0
P5 2045 8 0 0 0 0 0 0 0 0 0 0 0 0 0 0 0 0 0 0 0 0 0 0 0 0 0 0 0 0 0 0 0
P5 2045 9 0 0 0 0 0 0 0 0 0 0 0 0 0 0 0 0 0 0 0 0 0 0 0 0 0 0 0 0 0 17 -999
P5 2045 10 6 3 0 0 0 0 0 0 0 0 0 0 0 16 25 55 67 20 17 0 0 0 0 0 0 0 0 0 0 0 0
P5 2045 11 23 13 4 0 6 2 0 0 0 3 0 5 7 4 41 58 120 44 42 0 0 39 20 117 4 41 134 151 40 26 -999
P5 2045 12 0 12 17 0 3 17 6 2 6 3 2 0 3 2 3 3 46 87 83 68 71 64 49 51 81 65 31 5 0 0 0
P5 2046 1 0 9 50 120 110 47 110 30 39 25 54 147 238 83 83 48 61 52 20 65 36 0 11 10 15 243 74 74 55 71 85
P5 2046 2 146 88 91 7 6 27 163 25 8 10 90 41 155 22 286 46 18 43 4 2 59 294 39 60 86 87 127 43 -999 -999 -999
P5 2046 3 56 104 179 204 49 182 20 94 267 102 109 86 45 59 184 104 45 81 141 38 60 49 26 2 0 0 27 18 11 21 17
P5 2046 4 0 6 23 34 29 28 4 79 21 11 9 0 14 3 8 25 104 0 12 27 54 117 63 28 57 77 47 39 31 33 -999
P5 2046 5 0 0 0 0 0 0 0 0 0 0 0 0 0 0 0 0 0 4 2 0 0 0 0 0 0 0 0 0 3 0 0
P5 2046 6 0 0 0 0 0 0 0 0 0 0 0 0 0 0 0 0 0 0 0 0 1 0 0 0 0 0 0 0 0 0 -999
P5 2046 7 0 0 0 0 0 0 0 0 0 0 0 0 0 0 0 0 0 0 0 0 0 0 0 0 0 0 0 0 0 0 0
P5 2046 8 0 0 0 0 0 0 0 0 0 0 0 0 0 0 0 0 0 0 0 0 0 0 0 0 0 0 0 0 0 0 0
P5 2046 9 0 0 0 0 0 0 0 0 0 0 0 0 0 0 0 0 0 0 0 0 0 0 0 0 0 0 0 0 0 0 -999
P5 2046 10 0 0 7 12 0 3 25 49 0 0 0 0 0 0 0 0 0 0 0 0 0 18 21 4 17 3 6 17 5 17 24
P5 2046 11 0 0 0 0 61 72 42 47 3 4 5 7 3 15 0 0 0 0 0 0 0 0 2 4 41 3 5 189 130 80 -999
P5 2046 12 106 238 51 39 241 283 345 247 125 16 13 47 53 295 187 64 216 119 27 2 5 0 0 0 0 5 32 8 0 2 2
P5 2047 1 0 0 0 0 0 0 3 63 20 54 75 90 49 109 185 209 170 23 181 52 53 50 39 8 0 0 0 0 0 30 19
P5 2047 2 28 0 0 26 44 17 3 6 0 0 5 0 0 15 13 0 0 0 0 0 10 0 6 47 33 38 201 45 -999 -999 -999
P5 2047 3 12 229 24 19 94 28 22 3 0 0 0 0 0 0 0 7 0 0 0 0 0 0 42 15 12 4 5 0 0 25 3
P5 2047 4 37 57 13 4 0 0 0 0 0 26 41 31 48 27 22 29 36 5 22 0 0 3 0 0 0 0 0 0 0 0 -999
P5 2047 5 0 0 0 0 0 0 0 0 0 0 0 0 0 0 0 0 0 23 0 0 0 0 0 0 0 0 0 0 0 0 0
P5 2047 6 0 0 0 0 0 0 0 0 0 0 0 0 0 0 0 12 3 0 0 0 0 0 0 0 0 0 0 0 0 0 -999
P5 2047 7 0 4 0 0 0 0 0 0 0 0 0 0 0 0 0 0 0 0 14 16 13 0 0 0 0 0 0 0 0 0 0
P5 2047 8 0 0 0 0 0 0 0 0 0 0 0 0 0 0 0 0 0 0 0 0 0 0 0 0 0 0 0 0 0 0 0
P5 2047 9 0 0 0 0 0 0 0 0 0 0 0 0 7 35 39 41 11 0 0 0 0 0 0 0 0 0 0 0 0 0 -999
P5 2047 10 0 0 62 90 104 19 33 49 5 61 25 23 25 27 27 95 102 4 36 27 22 5 0 0 0 0 1 4 0 0 0
P5 2047 11 2 2 4 3 19 48 19 27 30 28 22 17 40 27 20 20 15 0 0 0 0 0 0 0 0 0 0 0 0 0 -999
P5 2047 12 0 0 3 0 0 0 0 0 0 0 0 0 2 6 4 3 0 0 0 0 0 34 30 37 80 9 0 0 4 27 1
P5 2048 1 40 57 0 0 0 0 0 0 0 3 4 50 48 85 6 0 0 0 0 0 0 13 0 0 0 0 0 0 0 0 0
P5 2048 2 0 0 4 3 6 0 0 0 0 4 5 3 8 28 8 60 6 9 8 0 0 0 0 0 0 0 0 0 -999 -999 -999
P5 2048 3 0 0 0 7 20 25 35 31 42 73 94 28 24 18 22 30 20 31 0 9 20 2 0 0 0 14 28 71 32 35 36
P5 2048 4 4 6 9 9 28 0 0 0 0 0 0 0 0 0 19 0 0 0 0 0 0 0 16 3 0 0 0 0 0 0 -999
P5 2048 5 0 0 0 6 0 0 0 0 0 0 0 0 0 0 0 0 13 47 2 0 0 8 6 0 0 0 0 0 0 0 0
P5 2048 6 0 0 0 0 0 0 0 0 0 0 0 0 0 0 0 0 0 0 0 0 0 0 0 0 0 0 0 0 0 0 -999
P5 2048 7 0 0 0 0 0 0 0 0 0 0 0 0 0 0 0 0 0 0 0 0 0 0 0 0 0 0 0 0 0 0 0
P5 2048 8 0 0 0 0 0 0 0 0 0 0 0 0 0 0 0 0 0 0 0 0 0 0 0 0 0 0 0 0 0 0 0
P5 2048 9 0 0 0 0 0 0 0 0 0 0 0 0 0 0 0 0 0 0 0 0 0 0 0 0 0 0 42 38 60 53 -999
P5 2048 10 12 0 0 0 0 6 3 7 0 0 0 0 0 0 0 0 0 0 44 17 5 5 0 0 0 0 0 0 0 0 7
P5 2048 11 0 0 26 21 26 48 7 0 0 0 0 0 0 7 2 5 62 31 76 48 23 0 0 0 0 51 35 37 17 14 -999
P5 2048 12 47 115 19 8 124 57 1 0 0 0 0 0 0 0 0 0 0 2 10 4 4 4 0 4 0 0 54 144 63 21 8
P5 2049 1 3 21 48 67 149 142 100 125 56 9 12 11 126 41 31 68 92 29 0 2 20 16 7 17 20 20 25 44 28 21 114
P5 2049 2 66 60 99 97 49 62 6 3 5 48 6 3 22 78 45 0 0 0 0 0 0 4 0 21 17 24 18 0 -999 -999 -999
P5 2049 3 2 0 0 10 7 6 0 0 0 0 0 0 0 0 14 3 0 0 0 14 0 10 3 12 0 0 0 0 0 13 17
P5 2049 4 2 5 2 4 0 0 0 0 0 0 0 27 0 0 53 54 27 32 0 0 0 0 0 0 0 0 0 2 0 0 -999
P5 2049 5 2 2 15 22 13 2 21 17 20 49 38 22 0 0 0 0 0 0 0 0 21 43 64 58 62 52 41 40 15 2 2
P5 2049 6 0 0 0 0 0 0 0 0 0 0 0 0 0 0 0 0 0 0 0 0 0 0 0 0 0 0 0 0 0 0 -999
P5 2049 7 0 0 0 0 0 0 0 0 0 0 0 0 0 0 0 0 0 0 0 0 0 0 0 0 0 0 0 0 0 0 0
P5 2049 8 0 0 0 0 0 0 0 0 0 0 0 0 0 0 0 0 0 0 0 0 0 0 0 0 0 0 0 0 0 0 0
P5 2049 9 0 0 0 0 0 0 0 0 0 0 0 0 0 0 0 0 0 0 0 0 31 39 29 23 0 0 0 0 0 0 -999
P5 2049 10 0 0 0 0 0 0 0 5 8 0 0 0 0 0 5 25 4 4 0 0 5 5 3 33 57 8 0 0 0 3 2
P5 2049 11 2 57 152 141 38 30 86 74 68 118 137 162 115 106 125 102 53 87 4 9 4 5 0 41 0 0 0 0 0 5 -999
P5 2049 12 5 64 61 33 36 3 4 2 0 4 3 0 3 0 10 44 6 142 41 162 235 18 2 9 35 33 117 107 59 58 114
P5 2050 1 106 68 213 46 99 242 28 160 2 2 32 29 62 49 81 99 65 90 33 19 0 37 19 27 26 5 19 0 0 0 0
P5 2050 2 0 0 0 0 0 4 8 0 0 0 0 0 12 51 26 55 14 15 73 30 24 16 3 62 16 19 0 0 -999 -999 -999
P5 2050 3 3 64 67 96 125 155 45 24 40 0 10 11 0 11 14 4 37 14 90 30 53 0 0 0 6 10 60 13 10 18 41
P5 2050 4 71 206 40 28 15 13 48 34 33 0 0 0 0 0 0 0 0 0 0 0 0 0 0 0 0 0 0 0 0 0 -999
P5 2050 5 24 0 2 34 19 18 4 0 0 0 0 0 0 0 0 0 0 0 0 0 0 2 0 0 0 4 46 20 0 6 7
P5 2050 6 0 0 0 0 0 0 0 0 0 0 0 0 0 0 0 0 0 0 0 0 0 0 0 0 0 0 0 0 0 0 -999
P5 2050 7 0 0 0 0 0 0 0 0 0 0 0 0 0 0 0 0 0 0 0 0 0 0 0 0 0 0 0 0 0 0 0
P5 2050 8 0 0 0 0 0 0 0 0 0 0 0 0 0 0 0 0 0 0 0 0 0 0 0 0 0 0 0 0 0 0 0
P5 2050 9 0 0 0 0 0 0 0 0 0 0 0 0 0 0 0 0 0 0 0 0 0 0 0 0 0 0 0 0 0 0 -999
P5 2050 10 18 16 15 0 0 0 0 0 0 0 0 0 24 31 0 6 10 14 0 0 0 0 13 37 20 34 71 3 2 3 2
P5 2050 11 6 0 0 2 4 57 64 84 80 93 27 11 24 9 0 0 0 0 0 0 34 18 81 71 69 0 65 44 0 53 -999
P5 2050 12 8 86 19 0 0 0 15 3 3 0 0 0 0 0 3 2 4 39 26 6 0 0 0 0 0 0 0 0 0 6 44
P5 2051 1 2 5 0 0 0 0 0 0 14 27 0 7 7 31 18 0 0 0 3 11 8 18 0 0 2 11 0 0 7 3 2
P5 2051 2 6 40 71 65 154 18 0 0 0 0 16 3 0 0 0 17 22 3 52 39 20 0 0 4 6 3 0 0 -999 -999 -999
P5 2051 3 0 13 0 0 3 3 3 5 31 15 16 33 61 5 38 0 0 24 22 63 16 7 0 0 0 0 0 0 0 0 0
P5 2051 4 12 1 0 0 5 92 42 5 41 61 38 0 0 0 6 15 35 11 22 20 9 26 0 0 0 0 0 0 0 0 -999
P5 2051 5 0 0 0 0 0 0 0 0 0 0 0 13 10 14 11 0 0 0 0 0 0 0 0 0 0 29 30 2 0 0 0
P5 2051 6 0 0 0 0 0 0 0 0 0 0 0 0 0 0 0 0 0 0 0 0 0 0 0 0 0 0 0 0 0 0 -999
P5 2051 7 0 0 0 0 0 0 0 0 0 0 0 0 0 0 0 0 0 0 0 0 0 0 0 0 0 0 0 0 0 0 0
P5 2051 8 0 0 0 0 0 0 0 0 0 0 0 0 0 0 0 0 0 0 0 0 0 0 0 0 0 0 0 0 0 0 0
P5 2051 9 0 0 0 0 0 0 0 0 0 0 0 0 28 21 0 0 0 0 0 0 0 0 0 0 0 0 0 0 0 0 -999
P5 2051 10 0 0 0 137 57 0 0 0 0 0 0 4 5 15 0 0 0 0 0 0 0 0 0 0 2 0 109 67 109 73 46
P5 2051 11 50 68 57 48 34 41 0 0 0 0 0 0 0 4 1 2 8 15 0 0 0 0 3 6 13 5 3 25 42 17 -999
P5 2051 12 25 5 6 100 65 17 6 88 88 21 74 81 48 41 183 252 40 47 64 0 0 0 0 0 0 0 0 0 0 0 2
P5 2052 1 0 0 0 1 2 4 32 7 111 37 8 10 280 243 65 29 26 65 29 11 0 2 3 6 3 7 91 138 145 101 79
P5 2052 2 72 104 165 64 153 169 134 70 82 140 132 10 8 8 239 137 60 36 64 16 0 0 0 45 10 2 2 10 -999 -999 -999
P5 2052 3 0 0 0 0 0 0 27 143 80 22 0 22 25 21 28 22 121 76 23 55 34 6 58 16 0 0 0 0 5 41 0
P5 2052 4 0 0 0 0 0 0 16 0 0 0 0 0 0 0 0 0 0 0 0 0 0 0 0 0 0 0 0 0 0 0 -999
P5 2052 5 0 0 0 0 0 0 0 0 0 0 0 0 10 16 47 28 50 42 25 15 0 0 0 0 4 0 0 0 0 0 0
P5 2052 6 0 0 0 0 0 0 0 0 0 0 0 0 0 0 0 0 0 0 0 0 0 0 0 18 34 23 0 0 0 0 -999
P5 2052 7 0 0 0 0 0 0 0 0 0 0 0 0 0 0 0 0 0 0 0 0 0 0 0 0 0 0 0 0 0 0 0
P5 2052 8 12 12 11 0 0 0 0 0 0 0 0 0 0 0 0 0 0 0 0 0 0 0 0 0 0 0 0 0 0 0 0
P5 2052 9 0 0 0 0 0 0 0 0 0 0 0 0 0 0 0 0 0 0 0 0 0 0 0 0 0 0 0 0 0 0 -999
P5 2052 10 0 0 0 0 0 0 0 0 0 0 0 0 0 12 0 0 0 0 0 0 0 0 0 0 49 43 0 0 0 0 0
P5 2052 11 8 66 55 5 0 0 0 0 0 0 0 0 0 0 0 0 0 9 94 32 190 61 99 2 8 6 35 22 23 12 -999
P5 2052 12 4 0 6 43 31 5 10 0 0 0 4 0 6 90 15 2 4 65 7 47 57 6 3 8 29 6 15 0 4 6 11
P5 2053 1 1 4 4 0 0 0 17 56 93 97 148 88 40 32 81 66 29 20 1 2 48 111 38 15 27 47 43 21 38 45 59
P5 2053 2 46 53 50 10 127 39 133 34 32 54 24 60 36 40 49 69 77 55 17 13 0 0 24 16 14 195 91 59 -999 -999 -999
P5 2053 3 4 0 0 0 0 0 0 0 0 0 0 0 0 0 0 0 0 0 0 0 0 0 0 0 0 0 0 0 0 25 24
P5 2053 4 9 54 39 7 3 0 0 0 0 0 0 47 0 31 90 14 0 0 0 0 0 0 0 75 44 29 2 0 0 0 -999
P5 2053 5 0 0 7 0 0 0 0 0 0 0 0 0 0 0 0 0 0 0 0 0 0 0 0 0 0 0 0 0 0 10 2
P5 2053 6 0 0 0 0 0 0 0 0 0 0 0 0 0 0 0 0 0 0 0 0 0 0 0 0 0 0 0 0 0 0 -999
P5 2053 7 0 0 0 0 0 0 0 0 0 15 0 0 0 0 0 0 0 0 0 0 0 0 0 0 0 0 0 0 0 0 0
P5 2053 8 0 0 0 0 0 0 0 0 0 0 0 0 0 0 0 0 0 0 0 0 0 0 0 0 0 38 11 0 0 0 0
P5 2053 9 0 11 0 0 0 0 0 0 0 0 0 0 0 0 0 0 0 0 0 45 40 20 29 0 0 0 0 35 18 12 -999
P5 2053 10 20 0 0 0 0 0 0 0 0 7 1 0 0 0 0 0 0 0 4 0 0 0 0 0 0 0 0 0 0 3 0
P5 2053 11 0 0 0 0 2 0 0 0 0 19 50 0 0 0 36 55 161 48 129 46 84 46 106 50 4 4 0 0 0 0 -999
P5 2053 12 0 0 0 15 2 0 0 0 2 25 65 143 81 70 40 9 9 45 39 32 35 29 65 62 48 22 0 0 0 14 44
P5 2054 1 114 17 18 56 35 88 36 37 23 0 0 0 0 0 0 2 23 46 54 35 4 8 10 3 1 0 0 0 0 0 0
P5 2054 2 0 38 28 78 79 65 26 24 2 0 4 10 6 0 0 0 0 8 16 15 10 44 15 15 14 17 0 0 -999 -999 -999
P5 2054 3 0 0 0 0 0 0 0 12 1 0 0 0 0 0 15 38 6 6 0 12 0 0 0 0 3 37 0 0 44 40 34
P5 2054 4 36 9 0 33 44 41 119 18 12 12 0 0 0 0 0 23 2 55 15 25 49 14 8 8 53 47 38 35 2 0 -999
P5 2054 5 0 10 8 14 13 7 0 0 24 36 14 18 16 2 1 0 0 0 0 0 0 0 0 0 0 0 0 0 0 0 0
P5 2054 6 0 0 0 0 0 0 0 0 0 0 0 0 0 0 0 0 0 0 0 0 0 0 0 0 0 0 0 0 0 0 -999
P5 2054 7 0 0 0 0 0 0 0 0 0 0 0 0 0 0 0 0 0 8 8 7 0 0 0 0 0 0 0 0 0 0 0
P5 2054 8 0 0 0 0 0 0 0 0 0 0 0 0 0 0 0 0 0 0 0 0 0 0 0 0 0 0 0 0 0 0 0
P5 2054 9 0 0 0 0 0 0 0 0 0 0 0 0 0 0 0 0 0 0 0 0 0 0 0 0 11 0 0 0 0 0 -999
P5 2054 10 0 0 0 0 0 0 0 0 0 0 0 14 26 0 0 0 0 0 0 0 105 31 2 4 7 2 0 0 2 6 112
P5 2054 11 94 100 45 37 56 17 15 83 61 0 0 0 0 0 0 2 3 0 0 0 0 0 0 0 2 0 5 19 83 5 -999
P5 2054 12 66 46 9 4 0 3 0 0 24 12 3 0 27 7 3 0 0 0 0 0 0 0 12 1 0 0 0 0 0 0 0
P5 2055 1 0 0 10 39 119 139 67 149 174 170 92 175 89 45 75 65 74 59 121 247 179 210 140 38 3 3 2 2 3 4 4
P5 2055 2 3 2 0 4 6 36 42 12 38 14 3 35 61 63 56 80 7 4 4 7 54 48 0 0 0 0 0 5 -999 -999 -999
P5 2055 3 0 34 36 39 49 42 34 93 123 58 36 33 54 14 2 3 15 0 0 3 2 15 24 15 17 36 19 13 16 14 0
P5 2055 4 0 0 0 0 0 0 22 46 46 43 8 6 44 8 5 0 0 0 0 0 0 12 25 36 61 57 44 37 26 27 -999
P5 2055 5 14 15 17 14 0 0 21 21 9 0 0 0 0 0 0 0 0 0 0 0 0 0 0 0 0 0 0 0 0 0 0
P5 2055 6 0 0 0 0 0 0 0 0 0 0 0 0 0 0 16 14 17 15 4 2 0 0 0 0 0 0 0 0 0 0 -999
P5 2055 7 0 0 0 0 0 0 0 0 0 0 0 0 0 0 0 0 0 0 0 0 0 0 0 0 0 0 0 0 0 0 0
P5 2055 8 0 0 0 0 0 0 0 0 0 0 0 0 0 0 0 0 0 0 0 0 0 0 0 0 0 0 0 0 0 0 0
P5 2055 9 0 0 0 0 0 0 0 0 0 0 0 0 0 0 0 0 0 0 0 0 0 0 0 0 0 0 0 0 0 0 -999
P5 2055 10 0 0 0 0 0 0 6 13 7 6 0 5 16 0 2 0 0 4 9 4 3 0 19 60 14 3 0 0 0 0 6
P5 2055 11 7 11 6 0 3 90 136 92 3 0 0 0 2 13 0 3 0 0 0 0 13 15 10 47 5 0 0 0 16 33 -999
P5 2055 12 53 30 27 5 0 0 0 0 4 118 79 207 66 45 9 7 3 2 35 86 169 79 0 0 0 0 0 0 0 22 70
P5 2056 1 2 0 0 3 0 37 143 63 90 0 5 0 0 0 4 3 3 6 2 2 34 72 128 28 58 5 165 100 25 4 4
P5 2056 2 3 0 0 0 0 0 0 0 0 0 0 0 0 0 0 8 18 0 0 4 6 4 2 3 0 3 2 0 -999 -999 -999
P5 2056 3 22 257 197 43 19 26 51 46 85 48 25 0 0 0 23 18 0 2 0 0 0 0 0 0 0 0 0 18 0 16 0
P5 2056 4 0 0 0 0 0 0 0 0 3 0 15 0 0 0 0 3 0 0 11 0 0 0 8 8 0 21 15 15 4 0 -999
P5 2056 5 0 10 27 32 28 49 0 0 0 0 3 11 7 0 0 0 0 0 0 0 0 0 0 0 10 23 26 14 0 0 0
P5 2056 6 0 0 0 0 0 0 0 0 0 0 0 0 0 0 0 0 0 0 0 0 0 0 0 0 0 0 0 0 0 0 -999
P5 2056 7 0 0 0 0 0 0 0 0 0 0 0 0 0 0 0 0 0 0 0 0 0 0 0 0 0 0 0 0 0 0 0
P5 2056 8 0 0 0 0 0 0 0 0 0 0 0 0 0 0 0 0 0 0 0 0 0 0 0 0 0 0 0 0 0 0 0
P5 2056 9 0 0 0 0 0 0 0 0 0 0 0 0 0 0 0 0 0 0 0 0 0 0 0 0 0 0 0 30 37 30 -999
P5 2056 10 0 2 0 0 0 0 0 0 0 4 0 0 0 0 0 0 0 0 16 0 0 0 12 44 21 11 0 0 0 0 0
P5 2056 11 0 0 0 17 24 29 21 24 0 0 29 26 39 48 0 0 0 15 40 37 0 0 0 46 68 78 79 105 53 117 -999
P5 2056 12 87 111 102 154 399 220 105 81 80 79 32 30 26 69 73 102 47 47 70 27 28 24 19 0 0 0 0 3 4 7 89
P5 2057 1 10 4 2 0 29 26 46 42 15 17 0 0 47 56 2 0 0 0 0 0 0 0 0 7 27 55 80 96 63 21 87
P5 2057 2 32 25 21 22 98 59 74 90 31 44 3 0 0 3 19 0 3 19 20 86 62 80 57 76 57 44 6 4 -999 -999 -999
P5 2057 3 8 10 3 12 32 66 30 3 0 3 0 0 0 0 0 0 29 0 0 0 0 0 0 26 13 0 0 0 0 0 0
P5 2057 4 0 0 0 0 0 0 0 10 28 41 0 13 22 31 51 43 51 71 28 20 37 57 2 0 0 0 0 0 0 0 -999
P5 2057 5 0 0 0 0 0 0 0 0 0 0 0 0 5 4 22 37 63 30 2 3 4 0 1 5 0 0 0 14 29 16 11
P5 2057 6 20 24 2 0 0 0 0 0 0 0 0 0 0 0 0 0 0 0 0 0 0 0 0 0 0 0 0 0 0 0 -999
P5 2057 7 0 0 0 0 0 0 0 0 0 0 0 0 0 0 0 0 0 0 0 0 0 0 0 0 0 0 0 0 0 0 0
P5 2057 8 0 0 0 0 0 0 0 0 0 0 0 0 0 0 0 0 0 0 0 0 0 0 0 0 0 0 0 0 0 0 0
P5 2057 9 0 0 0 0 0 0 0 0 0 0 0 0 0 0 0 0 0 0 0 0 0 0 0 0 0 0 9 0 0 0 -999
P5 2057 10 0 0 0 0 0 0 0 0 0 0 0 0 0 0 68 22 26 0 0 0 0 0 0 0 0 0 0 0 0 13 9
P5 2057 11 10 6 60 81 76 132 0 29 26 92 191 103 55 53 22 7 9 5 0 0 4 4 0 0 0 0 4 1 0 0 -999
P5 2057 12 0 3 0 3 3 4 7 64 85 84 99 131 93 35 38 19 0 0 0 0 0 0 0 0 0 3 3 3 20 77 57
P5 2058 1 17 5 3 0 0 0 4 17 49 79 56 15 47 126 95 4 4 3 4 4 2 0 0 0 2 16 60 29 4 9 7
P5 2058 2 28 4 0 0 3 2 3 3 5 12 14 37 50 16 30 17 3 0 0 0 0 0 0 0 0 0 0 0 -999 -999 -999
P5 2058 3 0 0 0 0 0 0 0 0 0 0 0 0 0 0 0 0 0 0 0 0 17 22 0 26 75 80 4 0 0 0 0
P5 2058 4 0 0 0 0 0 4 0 0 0 12 29 39 4 0 0 0 0 0 0 27 6 3 0 0 0 0 0 0 0 0 -999
P5 2058 5 0 0 0 0 0 0 0 0 0 0 0 0 0 0 0 0 0 0 0 0 0 0 0 0 0 0 0 0 0 6 0
P5 2058 6 0 0 0 0 0 0 0 0 0 0 0 0 0 0 0 0 0 0 0 0 0 0 0 0 0 0 0 0 0 0 -999
P5 2058 7 0 0 0 0 0 0 0 0 0 0 0 0 0 0 0 0 0 0 0 0 0 0 0 0 0 0 0 0 0 0 0
P5 2058 8 0 0 0 0 0 0 0 0 0 0 0 0 0 0 0 0 0 0 0 0 0 0 0 0 0 0 0 0 0 0 0
P5 2058 9 0 0 0 0 0 0 0 0 0 0 0 0 0 0 0 0 0 0 0 0 0 0 21 0 0 0 0 0 0 0 -999
P5 2058 10 0 0 0 0 0 0 0 0 0 0 0 0 0 0 0 0 0 0 0 0 0 3 16 16 2 0 0 0 0 0 0
P5 2058 11 0 0 0 0 0 0 0 36 66 4 46 35 28 10 16 47 109 172 79 128 43 21 7 1 0 44 39 113 23 36 -999
P5 2058 12 26 54 3 0 0 2 20 0 4 0 0 0 0 17 50 24 49 96 83 134 92 51 6 39 40 53 62 41 43 70 159
P5 2059 1 83 185 59 78 49 23 2 2 2 0 0 2 5 62 83 19 0 0 4 4 22 2 2 3 25 22 0 3 0 0 0
P5 2059 2 2 3 0 0 0 0 0 0 0 0 0 0 0 0 0 2 2 0 0 0 0 0 0 0 0 0 0 0 -999 -999 -999
P5 2059 3 0 0 0 0 0 0 0 0 0 0 0 15 21 3 4 0 0 0 0 18 33 32 23 95 37 103 70 48 74 42 5
P5 2059 4 1 0 0 0 0 0 0 0 0 0 0 0 0 0 0 0 0 0 0 0 21 14 0 0 6 0 0 0 37 10 -999
P5 2059 5 0 0 0 9 18 3 13 16 11 16 24 0 0 0 0 0 0 0 0 0 0 0 0 0 0 0 0 0 18 0 0
P5 2059 6 0 0 0 0 0 0 0 0 16 0 0 0 0 0 0 0 0 0 0 0 0 0 0 0 0 0 0 0 0 0 -999
P5 2059 7 0 0 0 0 0 0 0 0 0 0 0 0 0 0 0 0 3 0 0 0 0 0 0 0 0 0 0 0 0 0 0
P5 2059 8 0 0 0 0 0 0 0 0 0 0 0 0 0 0 0 0 0 0 0 0 0 0 0 0 0 0 0 0 0 0 0
P5 2059 9 0 0 0 0 0 0 0 0 0 0 0 0 0 0 0 0 0 0 0 0 0 0 0 9 14 0 0 0 0 0 -999
P5 2059 10 0 0 0 0 0 0 0 0 0 0 0 0 0 0 32 36 0 0 0 12 14 43 25 26 32 27 0 0 0 51 15
P5 2059 11 10 79 49 66 3 0 0 0 0 4 51 16 0 37 101 26 16 8 3 3 3 3 47 39 37 2 48 22 4 4 -999
P5 2059 12 0 0 6 54 0 0 6 15 14 24 3 5 4 5 0 0 4 0 0 0 0 3 0 0 33 34 42 116 167 71 7
P5 2060 1 39 37 53 79 94 23 0 0 15 69 54 21 0 0 0 0 0 0 0 0 0 0 0 0 0 2 3 0 0 0 0
P5 2060 2 0 0 0 17 101 22 21 81 80 44 119 119 35 110 97 39 93 56 27 2 68 33 38 35 108 40 231 39 -999 -999 -999
P5 2060 3 164 98 66 49 37 38 54 90 67 22 3 0 0 0 0 0 87 19 164 203 164 85 29 17 2 0 16 21 8 4 0
P5 2060 4 0 0 0 0 0 0 0 0 0 0 56 16 0 0 0 0 0 0 0 6 0 0 0 0 0 0 0 0 0 0 -999
P5 2060 5 0 0 0 0 0 0 0 0 0 0 0 0 0 0 0 0 0 0 0 0 0 0 0 0 0 0 0 0 0 0 0
P5 2060 6 0 0 0 3 32 21 35 39 17 12 3 4 1 6 4 0 0 0 0 0 0 0 0 0 0 0 0 0 0 0 -999
P5 2060 7 0 0 0 0 0 0 0 0 0 0 0 0 0 0 0 0 0 0 0 0 0 0 0 0 0 0 0 0 0 0 0
P5 2060 8 0 0 0 0 0 0 0 0 0 0 0 0 0 0 0 0 0 0 0 0 0 0 0 0 0 0 0 0 0 0 0
P5 2060 9 0 0 0 0 0 0 0 0 0 0 0 0 0 0 0 0 0 0 0 0 0 0 0 0 0 29 28 0 0 0 -999
P5 2060 10 0 0 0 0 0 0 0 0 0 0 16 77 23 21 3 3 4 0 0 0 0 0 4 0 0 0 0 0 0 0 95
P5 2060 11 99 44 103 5 0 0 0 3 56 12 0 12 29 16 3 4 0 4 22 0 0 0 0 0 3 13 51 2 3 0 -999
P5 2060 12 0 16 27 5 7 80 14 0 3 50 0 0 4 3 3 6 2 6 0 107 63 19 3 34 2 5 2 4 12 0 0
P5 2061 1 0 0 0 4 0 0 0 0 0 0 0 0 0 41 6 5 68 18 248 56 69 86 71 97 74 131 199 97 119 67 30
P5 2061 2 0 0 0 0 24 0 0 0 42 61 20 14 17 66 79 23 5 6 2 68 35 45 2 17 56 33 77 41 -999 -999 -999
P5 2061 3 126 90 209 90 19 2 29 42 20 98 109 51 102 69 24 46 49 51 27 41 18 2 0 0 0 0 0 0 0 0 0
P5 2061 4 0 0 4 16 16 14 10 9 26 63 50 38 57 31 11 0 0 17 5 27 3 0 0 17 0 0 0 0 0 0 -999
P5 2061 5 0 0 27 22 5 2 0 0 0 0 0 5 3 5 0 0 0 0 0 0 0 0 0 0 0 0 0 0 0 0 0
P5 2061 6 0 0 0 0 0 0 0 0 0 0 0 0 17 22 9 0 0 0 0 0 0 0 0 0 0 0 0 0 0 0 -999
P5 2061 7 0 0 0 0 0 0 0 0 0 0 0 0 0 0 0 0 0 0 0 0 0 0 0 0 0 0 0 0 0 0 0
P5 2061 8 0 0 0 0 0 0 0 0 0 0 0 0 0 0 0 0 0 0 0 0 0 0 0 0 0 0 0 0 0 0 0
P5 2061 9 0 0 0 0 0 0 0 0 0 0 0 0 0 0 0 0 46 50 65 49 24 10 0 0 0 0 0 0 0 0 -999
P5 2061 10 0 0 0 0 0 0 0 17 25 60 0 0 0 2 0 0 0 0 0 0 0 0 0 0 57 36 30 39 0 0 0
P5 2061 11 0 0 7 0 0 0 16 39 10 6 3 0 0 0 2 8 6 35 41 12 0 0 0 0 0 0 0 12 36 39 -999
P5 2061 12 79 115 76 3 0 9 6 6 3 28 46 38 11 3 4 6 59 85 70 2 5 0 0 0 0 0 0 0 7 68 8
P5 2062 1 3 0 3 3 4 3 14 2 6 36 85 83 71 40 162 103 88 47 4 0 4 35 5 2 3 37 89 86 49 53 153
P5 2062 2 116 179 37 41 37 102 55 53 65 28 3 0 0 0 0 0 0 3 3 2 4 35 154 138 297 164 154 3 -999 -999 -999
P5 2062 3 0 0 0 8 4 41 15 0 6 12 0 0 0 26 0 0 0 0 0 0 0 0 0 0 0 57 2 0 0 0 0
P5 2062 4 0 11 8 0 10 0 0 0 0 13 39 34 2 0 0 0 0 2 0 0 0 0 2 25 17 3 0 0 0 0 -999
P5 2062 5 0 8 0 0 0 0 0 0 0 0 0 0 0 0 0 0 0 0 0 0 0 0 0 0 0 0 0 22 28 8 22
P5 2062 6 19 0 4 0 0 0 0 0 0 0 0 0 0 0 0 0 0 0 0 0 0 0 0 0 0 0 0 0 0 0 -999
P5 2062 7 0 0 0 0 0 0 0 0 0 0 0 0 0 0 0 0 0 0 0 0 0 0 0 0 0 0 0 0 0 0 0
P5 2062 8 0 0 0 0 0 0 0 0 0 0 0 0 0 0 0 0 0 0 0 0 0 0 0 0 0 0 0 0 0 0 0
P5 2062 9 0 0 0 0 0 0 0 0 0 0 0 0 0 0 0 0 0 0 0 0 0 0 0 0 0 0 0 0 0 0 -999
P5 2062 10 0 0 0 0 0 0 5 0 0 0 0 0 0 0 0 0 0 0 46 59 18 14 34 20 48 15 11 10 14 2 0
P5 2062 11 0 25 27 0 52 63 36 0 24 54 140 24 0 0 0 0 0 76 19 47 50 16 63 68 88 47 8 10 0 0 -999
P5 2062 12 0 0 0 0 0 3 47 4 79 95 43 3 0 2 26 55 15 4 6 23 24 42 42 52 50 0 0 19 20 33 9
P5 2063 1 4 5 10 68 21 6 3 0 0 0 0 0 0 0 0 0 0 0 13 9 44 29 5 26 3 3 66 31 10 8 0
P5 2063 2 0 0 0 0 0 3 61 74 51 14 0 0 5 14 52 8 0 0 0 4 2 29 7 5 3 3 3 4 -999 -999 -999
P5 2063 3 24 0 0 0 0 0 19 31 4 106 80 30 63 52 58 35 27 24 30 36 58 0 8 8 5 10 56 72 77 5 0
P5 2063 4 35 23 14 4 0 0 0 0 0 37 46 33 24 29 26 34 0 0 0 0 0 17 29 5 3 0 15 15 41 34 -999
P5 2063 5 2 0 0 0 0 0 0 0 0 0 0 0 31 10 15 19 2 2 2 2 3 18 0 0 0 0 0 0 0 0 0
P5 2063 6 0 0 0 0 0 0 0 0 0 0 0 0 0 0 0 0 0 0 0 0 0 0 0 0 0 0 0 0 0 0 -999
P5 2063 7 0 0 0 0 0 0 0 0 0 0 0 0 0 0 0 0 0 0 0 0 0 0 0 0 0 0 0 0 0 0 0
P5 2063 8 0 0 0 0 0 0 0 0 0 0 0 0 0 0 0 0 0 0 0 0 0 0 0 0 0 0 0 0 0 0 0
P5 2063 9 0 0 0 0 0 0 0 0 0 0 0 0 0 0 0 0 0 0 0 0 0 0 0 0 0 0 17 5 0 0 -999
P5 2063 10 0 0 0 0 0 0 0 5 45 40 43 20 0 0 3 0 0 0 5 28 16 125 2 0 0 0 0 61 26 6 0
P5 2063 11 0 0 0 0 0 0 0 0 0 0 0 0 0 2 0 0 0 0 0 3 0 4 0 7 26 15 0 6 6 5 -999
P5 2063 12 47 48 66 0 42 36 11 0 0 0 17 21 2 24 0 4 42 41 16 0 0 34 53 66 42 42 23 21 18 44 0
P5 2064 1 0 0 0 2 49 5 0 0 0 51 74 98 46 104 18 85 60 7 4 17 78 51 5 2 0 0 27 78 143 55 26
P5 2064 2 8 2 6 0 0 0 0 0 0 3 2 2 61 87 71 31 36 14 3 0 0 0 0 0 0 14 10 3 -999 -999 -999
P5 2064 3 0 4 45 97 54 146 5 8 0 3 15 29 4 13 0 16 0 0 0 4 0 15 14 22 11 0 2 3 46 73 10
P5 2064 4 4 10 31 0 0 2 0 1 1 4 0 0 0 0 0 0 0 2 7 5 0 0 76 5 0 5 73 15 0 0 -999
P5 2064 5 0 0 2 0 0 0 0 0 0 0 0 0 0 0 0 0 0 0 0 0 0 0 0 0 0 0 0 0 0 0 0
P5 2064 6 0 0 0 0 0 0 0 0 0 0 0 0 0 0 0 0 0 0 0 0 0 0 0 0 0 0 0 0 0 0 -999
P5 2064 7 0 0 0 0 0 0 0 0 0 0 0 0 0 0 0 0 0 0 0 0 0 0 0 0 0 0 0 0 0 0 0
P5 2064 8 0 0 0 0 0 0 0 0 0 0 0 0 0 0 0 0 0 0 0 0 0 0 0 0 0 0 0 0 0 0 0
P5 2064 9 0 0 0 0 0 0 0 0 0 0 0 0 0 0 0 0 0 0 0 0 0 0 0 13 0 0 6 17 0 0 -999
P5 2064 10 0 0 0 0 0 0 0 0 0 0 0 0 0 0 0 0 0 0 0 0 0 13 3 41 5 5 0 0 0 0 0
P5 2064 11 0 0 0 0 0 6 9 9 4 4 0 0 0 0 13 5 4 3 0 0 3 11 41 59 15 15 40 58 112 23 -999
P5 2064 12 0 4 13 24 33 13 51 50 89 100 64 4 0 0 0 0 0 0 21 64 39 151 4 0 0 5 47 55 50 72 53
P5 2065 1 10 38 10 8 10 38 340 140 136 130 36 137 28 6 4 0 0 0 0 3 4 3 31 2 0 0 0 2 0 0 4
P5 2065 2 47 54 30 58 23 0 0 0 13 10 3 0 0 0 0 0 0 16 20 24 38 12 15 0 4 3 0 2 -999 -999 -999
P5 2065 3 0 0 0 0 0 33 18 3 27 16 0 0 0 0 0 0 0 0 0 0 0 0 0 35 0 0 18 26 22 28 15
P5 2065 4 76 61 95 3 2 2 0 0 0 0 17 14 39 66 5 4 0 0 0 0 0 0 0 0 11 13 3 3 12 2 -999
P5 2065 5 18 4 3 0 0 0 0 0 3 8 2 1 5 0 0 0 7 2 0 0 0 0 0 0 0 0 0 0 0 0 0
P5 2065 6 26 18 11 23 25 23 16 14 0 0 11 15 11 0 0 0 0 0 0 0 0 0 0 0 0 0 0 0 0 0 -999
P5 2065 7 0 0 0 0 0 0 0 0 0 0 0 0 0 0 0 0 0 0 0 0 0 0 0 0 0 0 0 0 0 0 0
P5 2065 8 0 0 0 0 0 0 0 0 0 0 0 0 0 0 0 0 0 0 0 0 0 0 0 0 0 0 0 0 0 0 0
P5 2065 9 0 0 0 0 0 0 0 0 0 0 0 0 0 0 0 0 0 0 0 0 0 37 72 81 21 12 9 17 0 0 -999
P5 2065 10 0 0 0 0 0 0 0 0 0 0 0 4 0 0 0 58 59 62 30 5 4 0 0 0 0 0 0 0 0 0 0
P5 2065 11 0 0 0 0 24 6 5 37 4 6 13 13 34 25 0 0 0 0 0 0 29 49 22 15 16 14 2 0 0 0 -999
P5 2065 12 0 0 3 29 47 51 3 0 0 25 55 10 3 0 0 0 0 16 30 50 29 104 161 58 74 61 58 46 0 0 0
P5 2066 1 6 4 3 7 75 2 0 24 32 47 39 40 26 33 10 14 78 9 0 0 0 0 0 3 3 4 15 5 2 4 5
P5 2066 2 0 0 3 6 29 87 64 45 43 0 0 0 0 0 0 10 12 34 24 0 0 0 0 10 16 35 25 13 -999 -999 -999
P5 2066 3 35 92 114 203 149 122 61 187 159 73 51 28 35 25 35 21 23 7 6 17 45 6 5 2 3 0 37 50 50 16 13
P5 2066 4 4 0 0 0 0 44 10 9 0 0 0 0 0 0 0 0 17 29 0 0 0 0 0 0 0 0 0 0 0 0 -999
P5 2066 5 0 0 0 0 0 0 0 0 0 0 0 0 0 0 0 0 9 0 0 0 0 0 0 0 0 0 0 0 0 0 0
P5 2066 6 0 0 0 0 0 0 0 0 0 0 0 0 0 0 0 0 0 0 0 0 0 0 0 0 0 0 0 0 0 0 -999
P5 2066 7 0 0 0 0 0 0 0 0 0 0 0 0 0 0 0 0 0 0 0 0 0 0 0 0 0 0 0 0 0 0 0
P5 2066 8 0 0 0 0 0 0 0 0 0 0 0 0 0 0 0 0 0 0 0 0 0 0 0 0 0 0 0 0 0 0 0
P5 2066 9 0 0 0 0 0 0 0 0 0 0 0 0 0 0 0 0 0 0 0 0 0 0 0 0 0 0 0 0 0 0 -999
P5 2066 10 0 0 0 0 0 0 0 0 0 0 0 40 66 29 21 72 32 34 2 3 0 0 0 0 0 0 2 11 14 25 103
P5 2066 11 32 70 74 17 31 81 132 117 83 8 0 0 0 0 0 5 47 26 35 315 80 110 31 4 30 80 118 27 145 93 -999
P5 2066 12 58 110 48 7 0 22 29 27 21 16 23 43 154 111 42 57 103 73 3 0 0 3 26 48 107 190 149 92 104 71 46
P5 2067 1 115 113 129 163 66 40 94 113 6 25 58 120 186 96 102 80 163 238 85 4 2 71 59 81 82 73 42 46 100 64 63
P5 2067 2 110 79 83 5 5 2 22 81 197 19 28 25 10 0 0 0 0 0 25 68 19 70 18 28 5 3 9 6 -999 -999 -999
P5 2067 3 0 6 7 82 3 0 0 0 0 0 5 19 14 2 18 0 11 0 0 0 0 0 0 0 0 3 20 21 27 5 0
P5 2067 4 0 0 0 0 0 8 16 0 3 3 0 0 4 49 0 2 10 4 16 20 1 0 0 0 12 26 40 73 0 4 -999
P5 2067 5 0 0 0 0 0 0 0 0 0 0 2 2 3 6 3 3 4 28 20 18 14 16 2 0 0 0 0 0 0 0 0
P5 2067 6 0 0 0 0 0 0 73 66 0 0 0 0 0 0 0 0 0 0 0 0 0 0 0 0 0 0 0 0 0 0 -999
P5 2067 7 0 0 0 0 0 0 0 0 0 0 0 0 0 0 0 0 0 0 0 0 0 0 0 0 0 0 0 0 0 0 0
P5 2067 8 0 0 0 0 0 0 0 0 0 0 0 0 0 0 0 0 0 0 0 0 0 0 0 0 0 0 0 0 0 0 0
P5 2067 9 0 0 0 0 0 0 0 0 0 0 0 0 0 0 0 0 0 0 0 0 0 0 0 0 0 0 0 0 0 0 -999
P5 2067 10 0 0 0 0 0 0 24 32 2 1 0 6 3 0 0 0 0 0 0 0 0 0 0 0 0 0 4 12 10 12 41
P5 2067 11 23 49 65 30 32 24 127 35 63 45 3 22 4 3 21 0 0 118 74 23 0 0 0 3 21 21 7 1 10 2 -999
P5 2067 12 2 0 0 73 68 34 4 8 234 73 120 41 37 74 40 43 11 0 3 50 55 13 26 13 16 8 3 3 3 2 8
P5 2068 1 34 0 0 0 0 0 0 0 2 17 5 3 0 0 0 0 2 1 2 15 98 102 161 155 24 63 22 8 107 105 68
P5 2068 2 17 29 4 0 0 37 15 38 137 40 54 30 26 37 29 31 1 0 0 0 2 0 27 21 17 0 0 0 -999 -999 -999
P5 2068 3 0 0 15 20 52 44 8 11 153 74 62 45 15 0 0 88 16 0 0 24 13 0 53 32 0 0 0 0 0 0 0
P5 2068 4 0 0 0 0 19 24 2 0 0 29 0 0 0 0 0 0 0 0 0 0 0 0 8 13 2 0 0 18 26 8 -999
P5 2068 5 0 0 0 37 0 0 3 1 2 3 9 18 66 32 44 10 15 14 6 3 0 0 0 0 0 0 0 0 0 0 0
P5 2068 6 0 0 0 0 0 0 0 0 0 0 0 0 0 0 0 0 0 0 0 0 0 0 0 0 0 0 0 0 0 0 -999
P5 2068 7 0 0 0 0 0 0 0 0 0 0 0 0 0 0 0 0 0 0 0 0 0 0 0 0 0 0 0 0 0 0 0
P5 2068 8 0 0 0 0 0 0 0 0 0 0 0 0 0 0 0 0 0 0 0 0 0 0 0 0 0 0 0 0 0 0 0
P5 2068 9 0 0 0 0 0 0 0 0 0 0 0 0 0 0 0 0 0 0 0 0 31 52 40 21 0 0 4 0 0 0 -999
P5 2068 10 12 10 0 0 0 0 7 19 5 0 0 4 19 5 0 0 0 0 0 4 5 7 21 20 32 13 0 0 19 20 7
P5 2068 11 0 0 0 0 0 6 9 7 0 0 0 0 0 4 52 85 10 7 8 3 101 82 40 52 90 3 0 37 60 48 -999
P5 2068 12 0 56 20 26 113 47 13 27 61 19 25 4 20 18 80 73 131 62 66 23 34 15 0 0 0 3 47 5 4 0 0
P5 2069 1 0 0 0 0 0 13 18 56 81 259 80 31 43 2 0 0 0 0 0 26 35 31 5 8 65 40 16 62 142 189 244
P5 2069 2 102 96 68 26 69 27 155 55 82 31 32 2 5 54 3 2 0 0 0 0 3 0 3 0 0 0 0 2 -999 -999 -999
P5 2069 3 72 36 79 8 6 0 0 0 10 13 53 2 0 0 0 0 0 0 0 18 11 0 0 13 3 0 0 4 25 3 0
P5 2069 4 16 0 0 0 0 0 0 41 12 46 45 91 64 45 52 33 24 27 13 17 30 3 0 0 0 0 0 17 9 25 -999
P5 2069 5 37 26 20 15 22 25 12 15 17 27 0 0 0 0 0 0 0 0 0 0 1 0 0 0 0 0 0 0 2 2 2
P5 2069 6 0 0 0 0 0 0 0 0 0 0 0 0 0 0 0 0 0 0 0 0 0 0 0 0 0 0 0 0 0 0 -999
P5 2069 7 0 0 0 0 0 0 0 0 0 0 0 0 0 0 0 0 0 0 0 0 0 0 0 0 0 0 0 0 0 0 0
P5 2069 8 0 0 0 0 0 0 0 0 0 0 0 0 0 0 0 0 0 0 0 0 0 0 0 0 0 0 0 0 0 0 0
P5 2069 9 0 0 0 0 0 0 0 0 0 0 0 0 0 0 0 0 0 0 8 23 0 0 0 0 0 0 33 8 58 53 -999
P5 2069 10 16 13 30 30 0 0 0 0 0 0 0 0 0 0 0 0 16 0 0 3 13 18 103 41 31 7 3 0 4 3 51
P5 2069 11 54 64 60 4 0 0 0 13 72 83 69 47 98 81 23 3 0 0 0 0 0 0 3 40 9 7 20 57 99 33 -999
P5 2069 12 5 109 104 110 61 89 71 22 6 3 3 3 64 9 0 0 0 0 0 0 0 47 84 104 5 0 20 9 69 28 20
P5 2070 1 80 31 10 65 64 32 50 14 25 43 5 0 3 11 0 4 57 3 29 112 35 32 49 115 117 93 179 43 17 100 132
P5 2070 2 207 270 119 25 27 5 7 8 3 98 60 61 86 13 321 123 16 0 0 6 9 21 86 32 68 36 84 30 -999 -999 -999
P5 2070 3 44 5 0 0 16 0 0 38 142 34 10 28 47 2 0 0 0 23 30 0 28 24 58 16 22 0 0 0 0 0 0
P5 2070 4 0 31 35 2 29 37 39 105 43 42 28 30 4 8 0 13 25 0 0 0 0 0 33 45 38 7 3 14 7 2 -999
P5 2070 5 2 4 0 0 8 20 0 3 0 0 0 13 29 59 61 16 0 0 0 0 0 0 0 0 0 0 0 0 0 0 0
P5 2070 6 26 29 32 25 27 0 0 0 0 0 0 0 0 0 0 0 0 0 0 0 0 0 0 0 0 0 0 0 0 0 -999
P5 2070 7 0 0 0 0 0 0 0 0 0 0 0 0 0 0 0 0 0 0 0 0 0 0 0 0 0 0 0 0 0 0 0
P5 2070 8 0 0 0 0 0 0 0 0 0 0 0 0 0 0 0 0 0 0 0 0 0 0 0 0 0 0 0 0 0 0 0
P5 2070 9 0 0 0 0 0 0 0 0 0 0 0 0 0 0 0 0 0 0 0 0 0 0 0 0 0 0 0 16 38 43 -999
P5 2070 10 8 0 0 8 0 0 0 8 23 52 80 27 32 20 10 8 9 15 60 63 61 37 15 13 0 0 0 0 0 0 19
P5 2070 11 14 32 36 57 9 2 14 44 17 24 68 96 27 77 5 4 55 2 7 17 51 52 58 36 0 0 0 0 0 0 -999
P5 2070 12 0 4 25 0 0 0 0 0 4 4 17 13 13 3 0 0 0 0 4 6 2 90 4 3 4 3 13 39 76 12 3
P5 2071 1 0 1 2 67 25 6 7 4 24 88 8 7 49 37 194 305 379 235 101 101 35 26 100 93 21 2 2 4 2 3 41
P5 2071 2 107 5 24 17 36 60 5 15 8 0 0 5 3 0 0 0 0 0 7 5 52 27 2 3 11 47 47 0 -999 -999 -999
P5 2071 3 0 0 0 0 0 0 0 0 0 79 38 0 0 0 6 0 0 0 0 0 0 0 0 14 17 0 0 0 0 0 0
P5 2071 4 0 0 0 0 0 0 0 0 0 0 0 0 0 0 0 0 0 0 0 0 41 0 0 0 0 0 0 0 0 0 -999
P5 2071 5 0 0 0 0 0 0 0 0 0 0 0 0 0 19 6 0 0 0 0 0 0 0 0 0 0 0 0 0 0 0 0
P5 2071 6 0 0 0 0 0 0 8 8 9 0 0 0 0 0 0 0 0 0 0 0 0 0 0 0 0 0 0 0 0 0 -999
P5 2071 7 0 0 0 0 0 0 0 0 0 0 0 0 0 0 0 0 0 0 0 0 0 0 0 0 0 0 0 0 0 0 0
P5 2071 8 0 0 0 0 0 0 0 0 0 0 0 0 0 0 0 0 0 0 0 0 0 0 0 0 0 0 0 0 0 0 0
P5 2071 9 0 0 0 0 0 0 0 0 0 0 0 0 0 0 0 0 0 0 0 0 0 0 0 0 0 0 0 0 0 0 -999
P5 2071 10 0 0 0 0 0 0 0 0 10 27 21 21 3 0 0 0 0 0 0 0 0 0 0 0 0 0 0 0 0 0 0
P5 2071 11 44 38 25 0 9 25 40 81 29 18 45 9 0 0 0 27 8 0 0 0 0 0 0 4 3 41 3 0 0 0 -999
P5 2071 12 3 2 2 0 2 57 31 2 0 0 0 0 0 0 0 0 0 0 15 5 0 0 0 0 0 0 0 0 0 0 0
P5 2072 1 0 0 0 0 0 7 10 6 3 32 46 3 11 4 19 13 2 0 0 0 34 66 125 15 0 0 6 63 98 45 91
P5 2072 2 2 2 2 60 54 34 2 31 4 66 32 141 50 107 66 111 344 131 241 178 261 178 47 33 11 5 17 3 -999 -999 -999
P5 2072 3 0 0 0 0 0 12 178 52 5 3 44 24 0 0 0 0 0 31 19 0 0 0 15 6 2 0 0 0 4 2 0
P5 2072 4 0 0 0 0 0 7 9 27 35 31 72 21 13 64 33 0 6 0 0 0 0 0 47 0 0 0 0 0 0 0 -999
P5 2072 5 0 0 0 18 9 0 11 18 0 0 0 0 0 0 0 0 0 0 0 0 0 0 0 0 0 0 0 0 0 0 0
P5 2072 6 0 0 0 0 0 0 0 0 0 0 0 0 0 0 0 0 0 0 0 0 0 0 0 0 0 0 0 0 0 0 -999
P5 2072 7 0 0 0 0 0 0 0 0 0 0 0 0 0 0 0 0 0 0 0 0 0 0 0 0 0 0 0 0 0 0 0
P5 2072 8 0 0 0 0 0 0 0 0 0 0 0 0 0 0 0 0 0 0 0 0 0 0 0 0 0 0 0 0 0 0 0
P5 2072 9 0 0 0 0 0 0 0 0 0 0 0 0 0 0 0 0 0 0 0 0 0 0 0 0 0 0 0 0 0 0 -999
P5 2072 10 19 21 0 0 0 0 0 0 0 0 0 0 0 0 0 9 6 16 13 8 3 12 23 18 15 19 12 0 0 14 26
P5 2072 11 2 0 0 0 71 27 19 74 157 160 128 37 39 4 4 2 0 2 4 3 5 15 67 86 18 42 160 23 8 5 -999
P5 2072 12 0 0 0 0 2 46 58 9 3 4 2 0 0 0 0 0 3 11 14 81 8 5 5 0 0 36 15 0 0 4 4
P5 2073 1 2 7 11 12 15 106 20 4 3 0 5 9 46 5 0 0 0 18 3 0 0 0 0 0 0 7 2 0 0 0 0
P5 2073 2 0 0 13 47 10 6 3 3 70 133 118 46 3 103 112 68 197 2 9 4 0 0 5 6 0 0 0 0 -999 -999 -999
P5 2073 3 0 0 0 0 0 0 0 14 19 30 23 2 3 28 36 28 13 2 44 16 18 26 3 2 0 0 33 14 28 0 0
P5 2073 4 0 0 0 0 0 0 0 0 0 0 0 0 0 8 12 5 0 0 0 0 0 0 0 6 0 0 0 5 0 0 -999
P5 2073 5 18 0 0 0 0 0 0 19 0 0 0 0 0 0 0 14 41 30 14 12 2 1 13 13 4 0 2 1 0 0 0
P5 2073 6 0 0 0 0 0 0 0 0 0 0 0 0 0 0 0 0 0 0 0 0 0 0 0 0 0 0 0 0 0 0 -999
P5 2073 7 0 0 0 0 0 0 0 0 0 0 0 0 0 0 0 0 0 0 0 0 0 0 0 0 0 0 0 0 0 0 0
P5 2073 8 0 0 0 0 0 0 0 0 0 0 0 0 0 0 0 0 0 0 0 0 0 0 0 0 0 0 0 0 0 0 0
P5 2073 9 0 0 0 0 0 0 0 0 0 0 0 0 0 0 0 0 0 0 0 0 0 0 2 0 0 0 0 0 0 0 -999
P5 2073 10 0 0 0 0 0 0 0 12 11 177 38 0 0 0 0 0 0 0 16 29 3 0 0 0 0 0 21 24 2 3 21
P5 2073 11 31 7 0 0 4 4 123 72 271 106 50 50 54 3 5 0 0 0 3 2 3 15 7 20 63 64 37 22 21 8 -999
P5 2073 12 70 54 33 20 31 80 3 3 0 0 0 0 0 0 0 0 2 5 4 43 9 20 3 38 81 33 3 0 0 0 0
P5 2074 1 0 0 0 0 0 0 0 0 0 2 2 5 46 41 5 0 13 63 74 34 13 4 4 0 0 0 3 4 10 6 0
P5 2074 2 3 3 0 0 0 33 39 27 67 11 3 3 9 9 8 0 0 0 8 8 18 7 3 0 13 18 30 0 -999 -999 -999
P5 2074 3 0 35 15 0 0 18 30 0 0 0 0 16 0 0 21 0 0 26 0 20 0 0 0 0 0 0 0 0 0 0 0
P5 2074 4 0 0 0 0 0 0 0 0 0 0 0 0 0 0 0 0 0 0 0 0 0 0 0 0 0 29 18 12 0 0 -999
P5 2074 5 0 0 0 0 0 8 36 16 13 16 33 37 34 10 0 0 0 0 0 10 15 26 14 0 0 0 0 0 0 0 0
P5 2074 6 0 0 0 0 0 0 0 0 0 0 0 0 0 0 0 0 0 0 0 0 0 0 0 0 0 0 0 0 0 0 -999
P5 2074 7 0 0 0 0 0 0 0 0 0 0 0 0 0 0 0 0 0 0 0 0 0 0 0 0 0 0 0 0 0 0 0
P5 2074 8 0 0 0 0 0 0 0 0 0 0 0 0 0 0 0 0 0 0 0 0 0 0 0 0 0 0 0 0 0 0 0
P5 2074 9 0 0 0 0 0 0 0 0 0 0 0 0 0 0 0 0 0 0 0 0 0 0 0 11 6 16 2 10 0 0 -999
P5 2074 10 0 0 14 0 0 0 0 0 32 27 4 0 0 0 0 0 0 0 15 0 0 0 0 0 0 0 0 23 27 0 0
P5 2074 11 0 3 3 0 0 0 0 0 56 99 29 20 0 0 0 9 14 55 13 0 0 0 73 72 79 40 18 20 33 4 -999
P5 2074 12 0 0 224 77 14 0 26 58 19 5 30 50 60 139 207 191 89 64 108 48 83 40 98 27 13 11 416 98 435 72 81
P5 2075 1 170 295 107 116 59 28 26 37 32 39 128 44 55 45 7 8 0 0 0 0 0 0 0 0 0 11 27 6 25 19 4
P5 2075 2 94 4 0 0 37 32 60 85 25 3 69 96 23 36 23 47 22 0 0 27 115 19 24 19 0 0 0 0 -999 -999 -999
P5 2075 3 0 0 5 107 87 47 17 0 113 46 17 28 26 74 3 2 2 47 35 65 87 9 26 25 23 41 27 10 17 50 9
P5 2075 4 38 7 21 0 0 0 0 0 0 0 0 0 0 0 0 0 0 0 0 2 4 0 0 0 0 0 0 0 0 6 -999
P5 2075 5 15 25 42 98 60 66 49 39 2 0 0 0 0 14 17 25 66 36 18 31 10 21 4 0 0 0 0 0 0 0 0
P5 2075 6 0 0 0 0 0 0 0 0 0 0 0 0 0 0 0 0 0 0 0 0 0 0 0 0 0 0 0 0 0 0 -999
P5 2075 7 0 0 0 0 0 0 0 0 0 0 0 0 0 0 0 0 0 0 0 0 0 0 0 0 0 0 0 0 0 0 0
P5 2075 8 0 0 0 0 0 0 0 0 0 0 0 0 0 0 0 0 0 0 0 0 0 0 0 0 0 0 0 0 0 0 0
P5 2075 9 0 0 0 0 0 0 0 0 0 0 0 0 0 0 14 0 0 0 0 0 0 0 0 0 0 0 0 27 16 13 -999
P5 2075 10 3 0 16 2 0 0 0 0 25 3 0 0 0 0 0 0 0 0 0 23 2 0 0 0 0 0 22 13 18 7 0
P5 2075 11 0 0 0 11 12 28 184 71 113 6 4 53 28 52 3 21 63 38 5 4 3 5 40 57 27 45 36 25 3 8 -999
P5 2075 12 0 3 4 17 70 62 76 27 105 3 5 48 43 7 0 0 0 0 0 0 0 0 3 0 0 5 2 3 2 1 1
P5 2076 1 3 14 8 7 0 4 0 0 11 41 38 24 4 7 13 18 0 0 0 0 0 0 0 0 0 2 41 44 7 7 6
P5 2076 2 0 4 0 0 0 12 0 2 20 3 7 0 0 0 0 0 0 0 12 7 8 0 0 0 0 0 0 0 -999 -999 -999
P5 2076 3 0 0 0 0 24 19 22 0 80 50 5 0 0 8 64 44 32 23 3 0 0 0 0 0 0 0 0 0 0 0 0
P5 2076 4 0 0 0 0 0 0 0 0 0 0 0 16 0 0 0 0 0 0 0 0 65 35 30 10 2 0 25 0 0 0 -999
P5 2076 5 0 0 40 24 2 0 0 0 0 0 0 0 0 4 6 0 0 15 17 14 29 39 35 0 0 0 0 77 36 25 6
P5 2076 6 61 4 0 0 0 0 0 0 0 0 0 0 0 0 0 0 0 0 0 0 0 0 0 0 0 0 0 0 0 0 -999
P5 2076 7 0 0 0 0 0 0 0 0 0 0 0 0 0 0 0 0 0 0 0 0 0 0 0 0 0 0 0 0 0 0 0
P5 2076 8 0 0 0 0 0 0 0 0 0 0 0 0 0 0 0 0 0 0 0 0 0 0 0 0 0 0 0 0 0 0 0
P5 2076 9 0 0 0 0 0 0 0 0 0 0 0 0 0 0 0 0 0 0 0 0 0 0 0 0 0 0 0 21 10 5 -999
P5 2076 10 0 0 16 0 0 0 0 0 0 0 35 37 46 75 49 9 8 48 2 0 4 2 2 3 0 0 0 0 0 0 0
P5 2076 11 0 0 0 3 0 0 0 5 45 60 24 27 26 14 5 0 2 37 15 3 0 0 45 224 88 5 0 0 0 0 -999
P5 2076 12 0 0 0 0 0 0 0 2 40 8 0 0 0 0 0 15 9 15 0 0 0 0 0 0 0 10 5 3 18 51 11
P5 2077 1 9 3 0 0 0 4 2 0 0 0 1 3 17 71 43 10 0 0 28 7 7 239 325 85 11 5 86 91 5 3 5
P5 2077 2 2 0 0 55 95 23 2 3 3 0 35 98 57 42 67 31 44 0 0 0 0 0 0 0 0 0 0 0 -999 -999 -999
P5 2077 3 15 24 50 0 0 0 0 13 14 14 7 3 14 8 0 0 7 35 78 16 0 0 0 0 0 9 26 5 4 0 0
P5 2077 4 0 0 0 0 0 0 26 10 14 0 0 0 0 0 0 0 0 0 0 0 0 0 0 0 0 0 0 0 0 0 -999
P5 2077 5 0 0 0 0 0 0 0 0 0 4 1 0 0 0 0 0 0 0 0 0 0 0 0 29 61 31 14 9 0 0 0
P5 2077 6 0 0 0 0 0 0 0 0 0 0 6 24 21 12 0 0 0 0 0 0 0 0 0 0 0 0 0 0 0 0 -999
P5 2077 7 0 0 0 0 0 0 0 0 0 0 0 0 0 0 0 0 0 0 0 0 0 0 0 0 0 0 0 0 0 0 0
P5 2077 8 0 0 0 0 0 0 0 0 0 0 0 0 0 0 0 0 0 0 0 0 0 0 0 0 0 0 0 0 0 0 0
P5 2077 9 0 0 0 0 0 0 0 0 0 0 0 0 0 0 0 0 0 0 0 0 0 0 0 0 0 0 0 0 0 0 -999
P5 2077 10 0 0 0 0 0 0 0 0 0 0 0 0 0 7 25 12 0 0 0 0 14 28 13 15 2 0 0 14 3 0 0
P5 2077 11 0 3 86 117 255 88 134 75 26 26 83 104 105 157 132 63 101 76 6 2 60 76 20 14 19 29 41 26 25 16 -999
P5 2077 12 12 0 0 4 5 2 2 36 31 87 154 59 100 72 45 58 154 78 183 54 93 67 57 116 126 211 104 44 52 18 17
P5 2078 1 0 51 19 18 40 39 64 154 52 23 3 0 0 0 0 0 0 0 0 0 0 48 37 24 0 0 0 0 0 0 0
P5 2078 2 21 46 20 19 24 80 36 21 3 0 29 55 47 6 2 6 7 35 0 0 4 3 7 3 0 4 0 13 -999 -999 -999
P5 2078 3 0 0 0 0 0 60 24 6 0 0 32 82 54 94 36 2 0 48 0 0 0 2 12 0 0 0 23 0 9 24 17
P5 2078 4 63 20 39 82 17 58 28 4 56 3 0 0 18 28 0 0 11 28 63 37 0 0 0 0 0 0 8 8 25 10 -999
P5 2078 5 22 15 3 16 15 26 28 5 0 9 35 11 25 32 72 18 7 13 0 0 0 0 0 0 0 0 0 0 0 0 0
P5 2078 6 0 0 0 0 0 0 0 0 0 0 0 0 0 0 0 0 0 0 0 0 0 0 0 0 0 0 0 0 0 0 -999
P5 2078 7 0 0 0 0 0 0 0 0 0 0 0 0 0 0 0 0 0 0 0 0 0 0 0 0 0 0 0 0 0 0 0
P5 2078 8 0 0 0 0 0 0 0 0 0 0 0 0 0 0 0 0 0 0 0 0 0 0 0 0 0 0 0 0 0 0 0
P5 2078 9 0 0 74 32 0 0 0 0 0 0 0 0 0 0 0 0 0 0 0 0 0 0 0 0 0 0 0 0 0 0 -999
P5 2078 10 0 0 0 0 0 0 0 0 0 0 0 0 0 0 0 20 0 0 0 0 0 0 3 0 0 0 0 0 0 0 0
P5 2078 11 4 45 81 12 11 0 0 0 0 0 0 0 0 0 0 4 0 0 7 40 0 0 37 40 31 6 4 64 33 7 -999
P5 2078 12 0 0 0 0 0 0 4 3 0 0 3 2 0 2 4 123 6 2 0 0 0 0 1 19 82 78 57 87 40 56 78
P5 2079 1 13 0 4 30 19 93 176 69 4 0 2 3 3 0 0 0 0 0 0 0 0 0 0 0 0 3 97 46 0 0 0
P5 2079 2 27 49 13 4 63 12 19 64 81 3 4 4 5 6 3 4 8 21 342 118 52 17 105 116 80 91 92 61 -999 -999 -999
P5 2079 3 70 82 5 4 4 8 26 29 25 30 57 57 27 0 0 0 0 0 7 38 144 17 32 14 24 26 0 17 13 0 24
P5 2079 4 54 31 30 7 0 15 47 4 3 0 0 0 0 0 0 0 0 0 0 0 0 0 0 0 0 0 2 0 0 0 -999
P5 2079 5 0 37 5 0 0 0 0 0 0 0 0 0 0 0 0 0 0 0 0 0 0 0 0 0 0 0 0 0 0 0 0
P5 2079 6 0 0 0 0 0 0 0 0 7 11 8 0 0 0 0 0 0 0 0 0 0 0 0 0 0 0 0 0 0 0 -999
P5 2079 7 0 0 0 0 0 0 0 0 0 0 0 0 0 0 0 0 0 0 0 0 0 0 0 0 0 0 0 0 0 0 0
P5 2079 8 0 0 0 0 0 0 0 0 0 0 0 0 0 0 0 0 0 0 0 0 0 0 0 0 0 0 0 0 0 0 0
P5 2079 9 0 0 0 0 0 0 0 0 0 0 13 0 0 0 0 0 0 0 0 0 0 0 0 0 0 0 0 0 0 10 -999
P5 2079 10 0 0 0 0 0 0 0 0 0 0 0 0 0 0 0 0 6 69 55 37 20 105 3 5 8 0 0 0 0 0 0
P5 2079 11 0 16 26 0 18 0 0 0 0 0 40 0 0 0 0 0 0 0 0 0 22 18 50 19 48 105 24 24 79 87 -999
P5 2079 12 1 0 0 0 33 29 57 52 39 55 65 0 0 4 45 63 190 106 93 21 27 15 18 0 0 0 0 4 17 3 3
P5 2080 1 2 3 21 88 11 8 45 35 43 32 6 9 3 4 11 0 0 0 30 34 57 33 99 41 35 23 3 3 4 0 6
P5 2080 2 2 0 0 0 0 0 0 0 0 2 30 34 34 2 0 0 0 0 0 0 3 39 14 9 0 0 0 0 -999 -999 -999
P5 2080 3 0 0 0 3 0 2 6 2 5 3 0 0 0 0 0 0 0 0 0 0 0 0 0 0 0 0 0 0 0 0 20
P5 2080 4 32 10 16 29 46 28 60 157 38 16 5 0 0 0 6 35 13 21 26 30 0 0 0 0 0 0 0 0 0 0 -999
P5 2080 5 5 4 15 2 0 0 0 0 0 0 0 0 0 0 0 0 0 0 0 2 0 0 0 0 0 0 0 0 0 0 0
P5 2080 6 0 0 0 0 0 0 0 0 0 0 0 0 0 0 0 0 0 0 0 0 0 0 0 0 0 0 0 0 0 0 -999
P5 2080 7 0 0 0 0 0 0 0 0 0 0 0 0 0 0 0 0 0 0 0 0 0 0 0 0 0 0 0 0 0 0 0
P5 2080 8 0 0 0 0 0 0 0 0 0 0 0 0 0 0 0 0 0 0 0 0 0 0 0 15 24 18 0 0 0 0 0
P5 2080 9 0 0 0 0 0 0 0 0 0 0 0 0 26 11 0 0 0 0 0 0 0 0 0 19 42 26 2 0 0 0 -999
P5 2080 10 0 0 0 0 0 0 0 0 0 0 0 0 7 0 3 0 0 0 0 0 0 14 0 11 71 13 10 0 0 0 0
P5 2080 11 0 0 0 27 19 0 0 0 0 38 31 12 0 0 2 89 85 0 0 0 0 0 0 0 0 5 21 57 12 0 -999
P5 2080 12 0 0 0 0 0 0 3 5 4 53 48 9 7 82 33 5 9 0 0 0 0 38 125 228 125 18 45 87 7 6 0
P5 2081 1 0 0 2 4 2 0 0 0 3 6 4 0 0 0 4 11 7 41 88 178 155 88 61 5 68 42 46 0 0 0 0
P5 2081 2 0 19 81 23 25 12 4 3 0 0 0 0 0 0 0 0 15 21 0 0 24 25 16 32 6 4 2 0 -999 -999 -999
P5 2081 3 0 0 0 0 33 0 0 0 10 0 5 51 31 49 49 75 170 31 47 23 23 38 107 45 52 16 89 118 99 34 39
P5 2081 4 59 32 7 32 16 0 0 0 0 0 0 0 0 0 0 0 14 0 0 0 0 0 0 0 0 0 0 5 0 0 -999
P5 2081 5 0 0 0 0 0 0 33 31 3 2 3 0 0 0 0 0 0 0 0 0 0 0 4 3 0 0 13 13 13 14 0
P5 2081 6 0 0 0 0 0 0 0 8 9 28 12 12 7 0 0 0 0 0 0 0 0 0 0 0 0 0 0 0 0 0 -999
P5 2081 7 0 0 0 0 0 0 0 0 0 0 0 0 0 0 0 0 0 0 0 0 0 0 0 0 0 0 0 0 0 0 0
P5 2081 8 0 0 0 0 0 0 0 0 0 0 0 0 0 0 0 0 0 0 0 0 0 0 0 0 0 0 0 0 0 0 0
P5 2081 9 0 0 0 0 0 0 0 0 0 0 0 0 0 0 0 0 0 0 0 0 0 0 0 0 0 0 0 0 0 0 -999
P5 2081 10 0 0 33 6 0 0 0 0 0 39 80 33 38 40 77 33 47 38 43 55 58 9 0 0 0 0 0 0 0 0 0
P5 2081 11 0 0 59 78 10 6 0 0 0 96 37 5 5 85 81 60 17 19 66 143 84 153 41 9 3 0 0 0 46 30 -999
P5 2081 12 31 33 31 70 61 20 37 68 17 0 10 20 8 0 0 0 0 0 6 38 62 37 129 28 50 72 80 316 55 0 0
P5 2082 1 0 0 0 0 0 3 38 57 9 3 0 0 4 46 105 111 13 3 17 18 0 0 0 0 9 38 139 58 67 32 0
P5 2082 2 0 0 0 0 12 7 4 0 0 0 5 4 3 0 0 0 0 0 0 0 0 0 0 0 0 0 0 0 -999 -999 -999
P5 2082 3 0 0 3 20 3 4 0 3 14 10 9 4 0 0 5 10 5 60 53 58 0 31 11 54 3 3 0 9 15 17 59
P5 2082 4 32 8 17 66 63 35 26 25 107 113 101 162 145 2 3 27 15 21 11 27 15 4 0 0 9 0 0 11 16 1 -999
P5 2082 5 0 0 0 0 0 0 0 0 0 0 0 0 0 0 0 0 0 0 0 0 0 0 0 0 0 0 0 0 0 0 0
P5 2082 6 0 0 15 11 0 9 10 12 15 19 16 0 0 0 0 0 0 30 26 6 0 0 0 0 0 0 0 0 0 0 -999
P5 2082 7 0 0 0 0 0 0 0 0 0 0 0 0 0 0 0 0 0 0 0 0 0 0 0 0 0 0 0 0 0 0 0
P5 2082 8 0 0 0 0 0 0 0 0 0 0 0 0 0 0 0 0 0 0 0 0 0 0 0 0 0 0 0 0 0 0 0
P5 2082 9 0 0 0 0 0 0 0 0 0 0 0 0 0 0 0 0 0 0 0 0 0 0 0 0 0 0 0 0 0 0 -999
P5 2082 10 0 0 0 0 0 0 0 0 0 0 0 0 16 0 0 0 0 21 36 154 68 4 7 127 36 71 0 0 0 0 0
P5 2082 11 0 0 0 5 0 49 22 0 0 3 42 44 4 69 25 51 37 7 23 50 22 19 29 41 66 31 2 7 75 33 -999
P5 2082 12 6 3 20 7 2 0 0 5 4 3 28 6 6 4 5 5 7 88 37 3 3 9 25 5 0 0 0 0 2 3 0
P5 2083 1 0 3 0 0 0 9 16 64 57 37 0 0 48 87 99 77 63 18 3 43 29 23 38 56 43 31 45 18 23 49 34
P5 2083 2 82 39 95 25 5 0 0 15 42 39 99 38 90 32 9 51 79 126 133 32 76 78 40 69 29 73 37 19 -999 -999 -999
P5 2083 3 28 6 0 0 0 0 0 8 0 4 31 0 0 0 29 0 0 0 0 0 0 0 0 0 3 26 13 0 13 20 31
P5 2083 4 23 30 26 36 4 0 0 0 0 0 5 3 21 0 0 0 0 0 12 30 53 63 21 0 0 0 2 29 0 0 -999
P5 2083 5 0 37 0 0 0 0 0 0 0 33 0 0 0 0 0 0 0 0 0 0 0 0 0 0 0 0 0 0 0 0 0
P5 2083 6 0 0 0 0 0 0 0 0 0 0 0 0 0 0 0 0 0 0 0 0 0 0 0 0 0 0 0 0 0 0 -999
P5 2083 7 0 0 0 0 0 0 0 0 0 0 0 0 0 0 0 0 0 0 0 0 0 0 0 0 0 0 0 0 0 0 0
P5 2083 8 0 0 0 0 0 0 0 0 0 0 0 0 0 0 0 0 0 0 0 0 0 0 0 0 0 0 0 0 0 0 0
P5 2083 9 0 0 0 0 0 0 0 0 0 0 0 0 0 0 0 0 0 0 0 0 0 0 0 0 0 0 0 0 0 12 -999
P5 2083 10 27 15 0 0 0 0 0 0 0 0 0 0 0 0 0 0 0 0 0 0 0 0 0 0 0 0 0 0 0 0 0
P5 2083 11 0 0 0 0 0 0 14 26 30 17 0 43 34 20 8 7 121 212 56 35 8 4 61 40 3 4 4 9 0 0 -999
P5 2083 12 0 0 0 0 0 3 31 13 6 92 23 28 28 11 41 90 36 18 0 0 0 11 0 0 0 0 0 0 0 0 0
P5 2084 1 0 13 9 0 0 34 31 23 0 0 0 0 2 5 0 0 30 76 93 60 33 27 59 20 2 8 0 0 0 0 0
P5 2084 2 5 5 71 58 2 0 0 0 0 0 54 66 75 21 0 0 0 7 35 37 10 11 128 27 33 61 20 6 -999 -999 -999
P5 2084 3 11 62 4 0 4 7 7 27 29 18 35 70 62 184 192 143 161 153 79 70 100 25 27 38 12 0 0 0 7 9 58
P5 2084 4 74 180 83 67 76 69 88 57 50 23 32 40 2 12 23 7 0 0 0 0 0 0 0 0 0 0 0 0 0 0 -999
P5 2084 5 0 0 0 0 0 0 0 0 0 0 0 0 0 0 0 0 0 0 0 0 0 0 0 0 0 0 0 0 0 0 0
P5 2084 6 0 0 0 0 0 0 0 0 0 0 0 0 0 0 9 11 0 0 0 0 0 0 0 0 0 0 0 0 0 0 -999
P5 2084 7 0 0 0 0 0 0 0 0 0 0 0 0 0 0 0 0 0 0 0 0 0 0 0 0 0 0 0 0 0 0 0
P5 2084 8 0 0 0 0 0 0 0 0 0 0 0 0 0 0 0 0 7 0 0 0 0 0 0 0 0 0 0 0 0 0 0
P5 2084 9 0 0 0 0 0 0 0 0 0 0 0 0 0 0 0 0 0 0 0 0 0 0 0 0 0 0 0 0 0 0 -999
P5 2084 10 0 0 0 0 0 0 0 0 0 0 0 0 0 0 0 23 0 0 0 0 0 0 0 0 4 0 0 0 0 0 0
P5 2084 11 0 0 8 25 65 49 45 29 99 113 73 180 72 26 8 5 4 3 0 0 0 0 6 7 9 3 4 8 6 7 -999
P5 2084 12 4 3 7 88 55 3 4 9 7 3 3 3 3 3 4 16 5 1 3 0 0 0 4 3 3 52 34 10 4 0 0
P5 2085 1 0 0 0 0 0 0 0 0 0 0 0 0 3 7 44 3 5 0 0 0 0 0 0 13 25 15 48 9 3 1 3
P5 2085 2 0 0 23 24 0 0 0 0 0 0 0 0 0 0 15 70 8 0 0 0 0 0 0 0 0 0 12 0 -999 -999 -999
P5 2085 3 0 0 0 4 14 0 0 0 0 0 0 14 12 0 0 0 0 11 21 25 82 27 83 43 28 7 30 22 17 19 27
P5 2085 4 94 38 29 17 9 0 0 0 0 0 0 0 0 0 41 0 0 0 16 15 0 0 0 0 0 0 29 21 64 15 -999
P5 2085 5 16 11 1 20 2 0 2 0 4 19 22 37 24 15 2 2 3 2 24 29 7 4 2 0 0 0 0 0 0 0 0
P5 2085 6 0 0 0 0 0 0 0 0 0 0 0 0 0 0 0 0 0 0 0 0 0 0 0 0 0 0 0 0 0 0 -999
P5 2085 7 0 0 0 0 0 0 0 0 0 0 0 0 0 0 0 0 0 0 0 0 0 0 0 0 0 0 0 0 0 0 0
P5 2085 8 0 0 0 0 0 0 0 0 0 0 0 0 0 0 0 0 0 0 0 0 0 0 0 0 0 0 0 0 0 0 0
P5 2085 9 0 0 0 0 0 0 0 0 0 0 0 0 0 0 0 0 0 0 0 0 0 0 0 0 0 0 0 0 0 0 -999
P5 2085 10 0 0 0 0 0 0 0 0 13 0 0 0 0 0 0 14 18 2 0 0 0 0 0 1 0 0 9 0 0 0 0
P5 2085 11 28 19 20 62 54 21 2 3 0 0 0 0 0 0 12 6 32 62 119 75 88 139 53 169 92 60 137 8 4 8 -999
P5 2085 12 77 45 83 52 115 40 0 0 0 49 69 55 69 34 29 0 0 0 0 19 14 34 110 168 120 3 5 22 11 5 86
P5 2086 1 86 118 87 107 5 0 0 0 0 0 0 0 6 4 3 134 17 0 0 0 0 0 0 0 5 4 0 0 0 0 0
P5 2086 2 0 0 0 0 0 0 0 0 0 3 1 5 57 36 36 44 45 38 20 43 52 46 3 3 5 26 33 15 -999 -999 -999
P5 2086 3 3 0 0 0 0 0 0 0 0 0 0 9 10 0 0 0 0 0 0 0 0 0 0 0 0 0 0 0 0 0 8
P5 2086 4 19 46 2 3 0 0 19 16 29 11 10 8 0 28 67 59 39 68 72 66 33 29 25 21 0 0 0 9 0 0 -999
P5 2086 5 0 0 0 0 0 0 0 0 0 0 0 0 0 0 0 0 0 14 25 18 3 2 0 0 9 0 0 0 0 0 0
P5 2086 6 0 0 0 0 0 0 0 0 0 0 0 0 0 0 0 0 0 0 0 0 0 0 0 0 0 0 0 0 0 0 -999
P5 2086 7 0 0 0 0 0 0 0 0 0 0 0 0 0 0 0 0 0 0 0 0 0 0 0 0 0 0 0 0 0 0 0
P5 2086 8 0 0 0 0 0 0 0 0 0 0 0 0 0 0 0 0 0 0 0 0 0 0 0 0 0 0 0 0 0 0 0
P5 2086 9 0 0 0 0 0 0 0 0 0 0 0 0 0 4 0 0 0 0 0 0 0 0 0 0 0 0 0 0 0 0 -999
P5 2086 10 0 0 0 0 0 0 0 0 0 0 0 0 0 0 7 7 6 0 0 0 0 0 19 23 28 24 51 0 0 0 0
P5 2086 11 0 97 0 0 0 0 0 4 2 3 0 0 7 3 130 44 70 86 157 42 4 0 0 0 0 0 0 5 78 67 -999
P5 2086 12 7 110 87 128 133 21 10 0 0 0 0 11 13 7 1 0 4 3 44 69 7 2 0 0 0 2 7 46 53 47 56
P5 2087 1 52 58 80 42 93 48 25 0 0 4 17 3 28 50 90 52 10 5 52 2 0 1 6 0 0 0 0 0 0 3 1
P5 2087 2 6 4 4 6 0 0 0 0 0 0 21 29 28 36 15 0 0 0 0 0 0 0 0 0 0 0 0 0 -999 -999 -999
P5 2087 3 2 0 4 13 0 29 19 0 0 0 0 0 0 14 10 21 56 66 30 11 0 0 0 0 0 70 32 29 4 0 0
P5 2087 4 0 4 19 0 12 2 0 0 0 0 0 0 0 0 0 0 0 10 12 18 0 45 0 0 0 0 0 0 0 0 -999
P5 2087 5 0 0 0 0 0 0 0 35 51 40 19 0 0 0 0 0 0 0 0 0 0 0 0 0 0 0 0 0 0 0 0
P5 2087 6 0 0 0 0 0 0 0 0 0 0 0 0 0 0 0 0 0 0 0 0 0 0 0 0 0 0 0 0 0 0 -999
P5 2087 7 0 0 0 0 0 0 0 0 0 0 0 0 0 0 0 0 0 0 0 0 0 0 0 0 0 0 0 0 0 0 0
P5 2087 8 0 0 0 0 0 0 0 0 0 0 0 0 0 0 0 0 0 0 0 0 0 0 0 0 0 0 0 0 0 0 0
P5 2087 9 0 0 0 0 0 0 0 0 0 0 0 0 0 0 0 0 0 0 0 0 18 0 0 0 0 0 0 0 0 0 -999
P5 2087 10 0 0 0 0 0 0 0 0 0 17 0 0 0 0 0 0 0 0 0 0 0 41 22 0 2 4 0 0 0 0 0
P5 2087 11 0 0 19 76 40 13 21 15 0 3 0 21 65 5 25 61 31 7 0 0 3 0 0 0 0 0 0 27 65 58 -999
P5 2087 12 60 131 52 62 8 5 100 39 2 0 32 110 71 71 57 44 157 143 279 140 232 69 0 0 0 0 0 0 0 0 0
P5 2088 1 0 0 0 2 2 0 64 112 180 162 48 70 187 239 58 52 115 37 50 2 8 1 31 63 96 87 166 68 80 84 39
P5 2088 2 4 2 4 8 52 8 0 0 0 0 0 0 0 2 0 26 84 65 63 0 0 0 0 0 0 0 0 0 -999 -999 -999
P5 2088 3 0 0 0 21 13 12 18 37 8 7 5 6 8 8 42 39 41 0 0 4 0 0 2 2 44 3 3 0 0 0 0
P5 2088 4 17 0 0 0 0 0 0 0 0 22 19 0 20 0 0 0 0 0 0 0 0 0 0 0 0 0 0 0 0 0 -999
P5 2088 5 0 0 0 0 0 7 9 0 0 0 0 26 63 22 14 0 0 0 10 0 0 0 0 0 0 0 0 0 0 0 0
P5 2088 6 0 0 0 0 0 0 0 0 0 0 0 0 0 0 0 0 0 0 0 0 0 0 0 0 0 0 0 0 0 0 -999
P5 2088 7 0 0 0 0 0 0 0 0 0 0 0 0 0 0 0 0 0 0 0 0 0 0 0 0 0 0 0 0 0 0 0
P5 2088 8 0 0 0 0 0 0 0 0 0 0 0 0 0 0 0 0 0 0 0 0 0 0 0 0 0 0 0 0 0 0 0
P5 2088 9 0 0 0 0 0 0 0 0 0 0 0 0 0 0 0 0 0 0 0 0 0 0 0 0 0 0 0 0 0 0 -999
P5 2088 10 0 0 0 0 0 0 0 0 0 0 4 13 29 2 3 0 0 0 0 0 0 0 0 0 0 0 0 0 0 0 0
P5 2088 11 0 0 94 138 115 200 77 148 81 36 6 4 3 2 0 0 0 0 0 0 0 27 105 94 39 62 92 21 0 13 -999
P5 2088 12 114 79 30 46 90 113 20 3 0 0 0 0 0 0 0 0 0 0 0 0 0 0 0 0 4 38 83 3 0 5 1
P5 2089 1 0 0 0 2 3 24 60 3 0 4 6 2 39 50 8 4 26 26 61 113 42 52 74 6 87 67 11 0 19 36 41
P5 2089 2 238 18 6 90 78 2 4 3 31 74 49 185 70 53 40 55 20 60 24 10 10 0 0 0 0 0 25 35 -999 -999 -999
P5 2089 3 43 4 0 0 0 0 0 0 0 0 0 0 0 0 0 0 22 8 6 0 0 0 0 0 0 0 0 0 11 0 0
P5 2089 4 0 0 0 0 15 0 0 41 75 23 4 0 0 0 0 14 15 0 8 44 0 0 0 0 0 0 0 0 0 0 -999
P5 2089 5 10 11 2 0 0 0 0 0 0 0 0 0 0 0 0 0 0 0 0 0 0 0 0 0 0 0 0 0 0 0 0
P5 2089 6 0 12 0 0 0 0 0 0 0 0 0 0 0 0 0 0 0 0 0 0 0 0 0 0 0 0 0 0 0 0 -999
P5 2089 7 0 0 0 12 0 0 0 0 0 0 0 0 0 0 0 0 0 0 0 0 0 0 0 0 0 0 0 0 0 0 0
P5 2089 8 0 0 0 0 0 0 0 0 0 0 0 0 0 0 0 0 0 0 0 0 0 0 0 0 0 0 0 0 0 0 0
P5 2089 9 0 0 0 0 0 0 0 0 0 0 0 0 0 0 0 0 0 0 0 0 0 0 0 0 0 0 0 0 0 0 -999
P5 2089 10 0 0 0 0 0 0 0 0 0 0 0 14 1 0 6 43 0 0 0 0 0 0 0 0 2 7 0 0 0 0 0
P5 2089 11 0 0 0 0 0 10 3 0 0 0 0 2 3 6 68 59 32 107 51 28 36 142 52 75 79 0 12 0 47 28 -999
P5 2089 12 110 72 30 16 0 0 2 5 2 4 0 0 0 0 0 0 2 6 61 120 56 51 35 29 0 0 0 0 3 53 10
P5 2090 1 0 0 0 0 0 14 7 6 3 19 9 14 0 0 0 0 0 0 0 22 48 88 48 45 6 0 5 0 0 14 28
P5 2090 2 5 82 51 0 0 0 0 16 41 31 34 40 28 35 30 196 96 46 38 25 70 20 3 66 20 23 25 98 -999 -999 -999
P5 2090 3 50 6 0 0 0 15 54 114 16 33 106 238 101 4 3 5 0 0 0 0 0 0 0 0 3 21 0 0 0 0 0
P5 2090 4 0 33 28 48 58 7 0 0 0 0 0 16 0 0 0 0 0 0 0 0 0 15 11 7 0 0 0 22 9 14 -999
P5 2090 5 0 0 0 0 0 0 0 0 0 0 0 0 0 0 0 73 0 26 32 12 15 11 2 0 0 0 0 0 0 0 0
P5 2090 6 0 0 0 0 36 53 16 10 11 9 8 0 0 0 0 0 0 0 0 0 0 0 21 11 11 11 6 0 0 0 -999
P5 2090 7 0 0 0 0 0 0 0 0 0 0 0 0 0 0 0 0 0 0 0 0 0 0 0 0 0 0 0 0 0 0 0
P5 2090 8 0 0 0 0 0 0 0 0 0 0 0 0 0 0 0 0 0 0 0 0 0 0 0 0 0 0 0 0 0 0 0
P5 2090 9 0 0 0 0 0 0 0 0 0 0 0 0 0 0 0 0 0 0 0 0 0 0 0 0 0 0 0 19 0 0 -999
P5 2090 10 0 0 0 0 0 12 0 14 30 50 7 3 0 0 0 0 0 37 0 0 0 0 0 0 0 0 0 0 0 0 3
P5 2090 11 7 4 4 0 0 0 0 0 0 0 0 0 3 0 0 0 3 14 2 0 0 0 9 0 0 4 22 75 100 123 -999
P5 2090 12 97 10 20 43 15 4 4 3 45 70 40 87 42 12 7 4 0 0 0 0 59 105 22 128 0 0 0 0 29 53 8
P5 2091 1 0 6 5 3 0 0 0 0 0 0 0 0 0 5 0 0 0 2 82 24 16 60 66 64 36 195 131 189 35 6 4
P5 2091 2 68 56 22 21 14 69 51 29 25 29 4 0 49 70 20 10 2 0 0 0 0 66 76 20 29 15 9 0 -999 -999 -999
P5 2091 3 0 0 0 0 0 0 0 0 3 0 0 0 0 0 0 0 0 0 0 0 0 0 0 0 0 0 0 55 0 0 0
P5 2091 4 0 0 0 0 0 0 0 0 0 0 0 0 0 0 0 0 0 0 0 0 0 0 0 20 30 3 0 53 17 0 -999
P5 2091 5 0 0 0 0 0 9 13 30 0 0 4 40 48 37 24 31 51 22 2 0 0 0 0 0 0 0 0 0 0 0 0
P5 2091 6 0 0 0 0 0 0 0 0 0 0 0 0 0 0 0 0 0 0 0 0 0 0 0 0 0 0 0 0 0 0 -999
P5 2091 7 0 0 0 0 0 0 0 0 0 0 0 0 0 0 0 0 0 0 0 0 0 0 0 0 0 0 0 0 0 0 0
P5 2091 8 0 0 0 0 0 0 0 0 0 0 0 0 0 0 0 0 0 0 0 0 0 0 0 0 0 0 0 0 0 0 0
P5 2091 9 0 0 0 0 0 0 0 0 0 0 0 0 0 0 0 0 0 0 0 0 0 6 0 0 49 35 0 0 0 0 -999
P5 2091 10 0 0 0 0 0 0 0 0 12 17 0 0 0 0 0 0 0 0 0 0 0 0 20 0 0 0 0 4 44 50 98
P5 2091 11 64 140 118 37 34 144 190 122 113 101 93 72 73 15 1 0 11 31 27 27 26 3 0 0 0 0 0 0 2 0 -999
P5 2091 12 0 0 0 0 0 0 0 0 0 0 4 64 65 244 23 104 3 50 61 65 65 7 0 0 0 42 2 0 0 0 0
P5 2092 1 10 0 0 3 71 75 51 65 17 33 20 156 88 91 7 0 0 0 0 0 0 0 13 5 6 42 2 0 0 0 0
P5 2092 2 0 0 19 37 73 87 44 23 14 7 0 0 0 0 0 0 13 0 17 12 43 27 7 4 0 0 0 0 -999 -999 -999
P5 2092 3 0 0 0 0 0 0 0 0 0 0 0 0 0 0 16 10 26 22 44 61 29 1 0 0 0 0 0 0 0 0 0
P5 2092 4 0 0 0 0 0 0 35 7 43 4 0 0 0 0 0 0 0 0 0 31 43 0 0 0 0 47 0 0 0 0 -999
P5 2092 5 0 0 0 0 0 0 0 0 0 0 5 0 0 0 0 0 0 0 0 0 0 0 0 0 0 0 0 0 0 0 0
P5 2092 6 0 0 0 0 0 0 0 0 0 0 0 0 0 0 0 0 0 0 0 0 0 0 0 0 0 0 0 15 0 0 -999
P5 2092 7 0 0 0 0 0 0 0 0 0 0 0 0 0 0 0 0 0 0 0 0 0 0 0 0 0 0 0 0 0 0 0
P5 2092 8 0 0 0 0 0 0 0 0 0 0 0 0 0 0 0 0 0 0 0 0 0 0 0 0 0 0 0 0 11 30 8
P5 2092 9 0 0 0 0 0 0 0 0 0 0 0 0 0 0 0 0 0 0 0 0 0 0 0 0 0 0 0 0 0 0 -999
P5 2092 10 5 0 17 3 0 0 0 0 0 0 0 0 0 0 0 0 6 0 0 0 0 0 0 0 0 0 0 0 0 0 0
P5 2092 11 0 0 0 0 4 3 61 36 39 0 0 0 25 4 3 5 8 64 6 0 0 0 0 0 0 5 0 0 0 0 -999
P5 2092 12 0 0 0 8 19 80 89 96 4 6 0 0 0 0 0 0 0 0 0 0 0 0 0 0 3 58 85 22 2 3 0
P5 2093 1 0 0 1 6 62 57 50 41 103 72 62 12 45 7 30 15 0 0 0 0 0 0 42 48 4 0 0 4 2 4 55
P5 2093 2 3 0 16 16 2 19 23 77 136 282 30 45 120 29 15 69 96 123 312 109 47 4 11 8 0 0 2 1 -999 -999 -999
P5 2093 3 2 3 27 31 4 0 0 73 33 141 88 53 54 84 313 46 55 147 117 64 85 62 64 21 3 1 0 0 40 13 3
P5 2093 4 0 0 0 0 0 0 0 15 0 0 2 3 0 0 0 0 0 0 0 0 0 0 20 0 0 0 0 0 0 0 -999
P5 2093 5 0 0 1 30 23 25 20 21 44 15 14 1 0 0 0 0 0 0 0 0 0 0 0 0 0 0 0 0 0 0 0
P5 2093 6 0 0 0 0 0 0 0 0 0 0 0 26 35 8 9 0 0 0 0 0 0 0 0 0 0 0 0 0 0 0 -999
P5 2093 7 0 0 0 0 0 0 0 0 0 0 0 0 0 0 0 0 0 0 0 0 0 0 0 0 0 0 0 0 0 0 0
P5 2093 8 0 0 0 0 0 0 0 0 0 0 0 0 0 0 0 0 0 0 0 0 0 0 0 0 0 0 11 9 0 0 0
P5 2093 9 0 0 0 0 0 0 0 0 0 0 0 0 0 0 0 0 0 0 0 0 0 0 0 0 0 0 0 0 0 0 -999
P5 2093 10 0 0 0 0 0 0 0 0 0 2 0 0 0 0 0 0 0 0 0 0 0 29 43 0 0 0 0 0 0 0 0
P5 2093 11 3 6 4 59 24 23 3 43 69 57 37 27 73 0 0 21 0 49 99 4 0 0 39 59 18 55 6 0 0 0 -999
P5 2093 12 0 27 118 38 0 3 3 3 3 0 0 29 5 0 0 0 0 0 0 0 0 0 24 14 16 10 14 53 92 87 19
P5 2094 1 0 8 7 7 61 64 67 48 10 31 28 0 0 0 0 0 7 28 45 9 41 3 3 0 0 0 0 0 0 0 2
P5 2094 2 0 0 0 5 28 0 5 0 0 0 0 0 0 14 17 0 0 0 0 3 2 0 4 72 41 13 99 34 -999 -999 -999
P5 2094 3 49 79 24 28 24 102 51 143 24 31 83 23 19 20 0 3 0 0 0 0 0 0 0 0 0 0 0 0 0 0 0
P5 2094 4 0 9 47 10 3 0 0 0 2 21 0 37 41 26 103 101 5 0 0 0 0 0 0 4 61 20 18 0 0 0 -999
P5 2094 5 0 0 0 0 0 0 0 0 0 0 0 0 0 0 0 0 0 0 0 0 0 0 0 0 0 0 0 0 0 0 0
P5 2094 6 0 0 0 0 0 0 9 9 10 9 0 0 0 0 0 0 0 0 0 0 0 0 0 0 0 0 0 0 0 0 -999
P5 2094 7 0 0 0 0 0 0 0 0 0 0 0 0 0 0 0 0 0 0 0 0 0 0 0 0 0 0 0 0 0 0 0
P5 2094 8 0 0 0 0 0 0 0 0 0 0 0 0 0 0 0 0 0 0 0 0 0 0 0 0 0 0 0 0 0 0 0
P5 2094 9 0 0 0 0 0 0 0 0 0 0 0 0 0 0 0 0 0 0 0 0 0 17 10 0 0 0 0 0 29 15 -999
P5 2094 10 13 29 63 60 41 5 0 0 0 0 0 0 0 0 0 0 0 0 0 17 30 0 0 0 0 7 4 31 48 43 9
P5 2094 11 7 0 0 0 0 15 48 16 0 0 14 36 21 32 25 7 0 0 0 0 0 0 0 23 27 30 56 38 27 28 -999
P5 2094 12 0 34 20 38 38 94 115 62 49 40 84 44 8 238 109 8 42 34 47 0 29 8 14 0 31 47 84 81 76 40 73
P5 2095 1 114 67 49 34 7 113 90 45 133 49 56 48 9 9 48 5 186 257 140 309 354 145 36 41 88 140 124 60 18 35 37
P5 2095 2 4 0 10 59 14 4 39 34 104 128 9 2 59 106 31 49 29 34 37 0 0 0 5 4 4 5 10 4 -999 -999 -999
P5 2095 3 0 4 3 0 0 0 0 0 0 18 46 63 16 16 12 12 68 61 20 45 17 9 9 17 9 6 2 0 0 0 3
P5 2095 4 45 58 9 3 4 39 45 38 32 31 21 6 0 0 0 0 16 0 0 0 0 0 22 0 0 0 0 0 0 0 -999
P5 2095 5 0 0 0 0 0 0 0 0 0 8 10 0 0 0 0 0 0 0 0 0 0 0 0 0 0 0 0 0 0 0 0
P5 2095 6 0 0 0 0 0 0 0 0 0 0 0 0 0 0 0 0 0 0 0 0 0 0 0 0 0 0 0 0 0 0 -999
P5 2095 7 0 0 0 0 0 0 0 0 0 0 0 0 0 0 0 0 0 0 0 0 0 0 0 0 0 0 0 0 0 0 0
P5 2095 8 0 0 0 0 0 0 0 0 0 0 0 0 0 0 0 0 0 0 0 0 0 0 0 0 0 0 0 0 0 0 0
P5 2095 9 0 0 0 0 0 0 0 0 0 11 9 0 0 0 0 0 0 0 0 0 0 0 0 0 0 0 0 0 0 0 -999
P5 2095 10 0 0 0 0 0 0 0 0 0 0 4 3 3 0 0 0 17 0 0 0 0 0 0 0 0 0 0 0 48 30 39
P5 2095 11 44 78 28 4 2 0 2 44 193 111 137 113 62 4 0 0 0 0 0 4 8 0 0 3 3 5 10 3 2 9 -999
P5 2095 12 4 0 0 0 0 33 26 7 5 0 0 0 0 0 0 0 2 5 0 0 0 0 0 0 2 6 11 4 3 0 0
P5 2096 1 0 0 6 77 78 103 32 8 143 94 36 0 0 0 0 0 0 0 0 0 0 2 0 0 0 2 3 4 17 15 3
P5 2096 2 3 2 4 2 4 0 0 0 3 9 9 2 0 0 5 8 10 26 9 18 22 16 79 32 92 42 35 119 -999 -999 -999
P5 2096 3 17 125 154 41 13 19 33 9 3 0 0 2 22 76 46 2 3 0 0 0 0 0 0 0 0 0 13 11 9 11 6
P5 2096 4 4 5 38 0 0 15 44 26 9 0 22 26 10 56 28 24 22 42 41 39 0 0 0 0 0 0 0 37 12 7 -999
P5 2096 5 0 0 0 0 0 0 0 0 0 0 0 0 0 0 0 0 0 0 0 0 0 0 0 0 0 0 0 0 29 33 79
P5 2096 6 46 29 22 14 0 0 0 0 0 0 0 0 0 0 0 0 0 0 0 0 0 0 0 0 0 0 0 0 0 0 -999
P5 2096 7 0 0 0 0 0 0 0 0 0 0 0 0 0 0 0 0 0 0 0 0 0 0 0 0 0 0 0 0 0 0 0
P5 2096 8 0 0 0 0 0 0 0 0 0 0 0 0 0 0 0 0 0 0 0 0 0 0 0 0 0 0 0 0 0 0 0
P5 2096 9 0 0 0 0 0 0 0 2 0 0 0 0 0 0 0 0 0 0 0 0 0 0 0 0 0 0 0 0 0 0 -999
P5 2096 10 0 0 0 0 0 0 0 0 0 26 10 25 29 2 0 13 78 94 17 28 15 5 4 4 0 0 0 4 2 187 123
P5 2096 11 192 149 71 65 54 42 47 67 72 98 111 6 80 96 94 98 80 82 186 100 3 0 0 0 0 0 0 0 19 4 -999
P5 2096 12 0 0 0 0 0 0 0 0 0 0 0 0 0 0 14 0 0 0 0 0 0 0 0 20 23 129 69 72 88 90 21
P5 2097 1 28 66 16 6 3 0 47 29 23 11 10 9 5 59 95 87 36 4 68 38 3 0 0 2 0 3 0 24 57 20 4
P5 2097 2 39 22 3 2 8 9 3 4 0 7 0 11 14 1 3 4 27 69 49 214 48 4 0 0 4 5 5 2 -999 -999 -999
P5 2097 3 0 0 0 116 247 6 0 0 0 0 0 0 0 0 0 0 0 0 49 53 42 7 0 0 0 0 0 0 0 0 0
P5 2097 4 15 0 0 0 0 0 0 0 0 3 0 0 0 0 0 0 0 0 17 41 66 20 54 30 40 35 17 7 0 0 -999
P5 2097 5 0 0 0 0 0 24 8 0 0 0 0 0 0 0 0 0 0 0 0 0 0 0 0 0 0 0 0 0 0 0 0
P5 2097 6 0 0 0 0 0 0 0 0 0 0 0 30 33 32 24 0 0 0 0 0 0 0 0 0 0 0 0 0 0 0 -999
P5 2097 7 0 0 0 0 0 0 0 0 0 0 0 0 0 0 0 0 0 0 0 0 0 0 0 0 0 0 0 0 0 0 0
P5 2097 8 0 0 0 0 0 0 0 0 0 0 0 0 0 0 0 0 0 0 0 0 0 0 0 0 0 0 0 0 0 0 0
P5 2097 9 0 0 0 0 0 0 0 0 0 0 0 0 0 0 0 0 0 0 0 0 0 0 0 0 0 0 0 0 0 0 -999
P5 2097 10 0 48 31 24 20 0 0 0 0 0 0 0 0 0 0 0 0 49 18 27 13 24 27 26 0 0 0 0 0 20 21
P5 2097 11 20 4 0 25 13 0 0 0 2 5 47 4 41 33 210 33 7 5 5 25 48 55 21 0 0 0 0 0 0 0 -999
P5 2097 12 0 0 67 116 91 59 7 0 0 0 0 0 0 16 420 64 21 43 9 4 200 87 3 4 3 2 4 9 0 0 0
P5 2098 1 4 14 9 3 4 68 11 28 3 4 1 0 2 4 2 1 0 0 1 3 20 3 5 0 0 0 0 20 0 0 3
P5 2098 2 36 79 172 15 42 45 63 68 46 36 11 0 16 25 61 19 22 4 5 39 18 0 4 6 3 13 9 0 -999 -999 -999
P5 2098 3 0 0 0 0 0 0 0 0 0 0 0 0 0 0 0 0 7 59 95 18 16 0 0 0 0 0 0 0 0 0 0
P5 2098 4 0 0 0 0 0 0 0 0 14 2 4 4 4 6 0 0 0 0 0 78 83 0 0 0 0 0 0 0 0 0 -999
P5 2098 5 0 0 0 0 0 0 0 0 0 0 0 0 0 0 0 0 0 0 0 0 0 0 0 0 0 0 0 0 0 0 0
P5 2098 6 0 0 0 0 0 0 0 0 0 0 0 0 0 13 24 14 6 0 0 0 0 0 12 13 0 0 0 0 0 0 -999
P5 2098 7 0 0 0 0 0 0 0 0 0 0 0 0 0 0 0 0 0 0 0 0 0 0 0 0 0 0 0 0 0 0 0
P5 2098 8 0 0 0 0 0 0 0 0 0 0 0 0 0 0 0 0 0 0 0 0 0 0 0 0 0 0 0 0 0 0 0
P5 2098 9 0 0 0 0 0 0 0 0 0 0 0 0 0 0 0 0 0 0 22 30 0 0 0 0 0 7 0 0 0 0 -999
P5 2098 10 0 0 0 0 0 13 0 0 0 0 0 0 0 0 49 0 7 12 0 27 12 9 6 0 0 4 0 42 43 104 37
P5 2098 11 53 49 31 95 5 12 3 6 3 127 65 82 22 0 0 84 96 7 3 0 11 47 61 56 0 0 0 8 50 58 -999
P5 2098 12 77 222 57 67 67 81 22 5 5 3 0 0 2 0 0 4 3 5 21 5 39 63 108 61 29 3 9 6 0 0 0
P5 2099 1 0 0 0 0 0 0 0 0 0 0 0 0 0 0 0 3 2 0 0 0 0 0 0 0 0 0 0 0 0 0 0
P5 2099 2 8 56 97 23 6 0 0 0 0 0 0 0 0 0 0 3 5 44 10 3 6 3 0 5 13 0 10 0 -999 -999 -999
P5 2099 3 15 0 0 0 38 20 30 52 85 109 38 12 0 0 0 0 0 0 0 0 0 0 4 0 0 0 0 0 20 0 0
P5 2099 4 0 12 17 3 22 0 0 0 0 0 0 0 0 9 17 3 0 0 0 0 0 0 0 0 6 9 2 0 0 3 -999
P5 2099 5 0 0 0 0 11 0 0 0 0 0 0 0 0 0 0 0 0 26 0 0 0 0 0 0 0 0 0 0 0 0 0
P5 2099 6 0 0 0 0 0 0 0 0 0 0 0 0 0 0 0 0 0 8 9 14 10 0 0 0 0 0 0 0 0 0 -999
P5 2099 7 0 0 0 0 0 0 0 0 0 0 0 0 0 0 0 0 0 0 0 0 0 0 0 0 0 0 0 0 0 0 0
P5 2099 8 0 0 0 0 0 0 0 0 0 0 0 0 0 0 0 0 0 0 0 0 0 0 0 0 0 0 0 0 0 2 0
P5 2099 9 0 0 0 0 0 0 0 0 0 0 0 0 0 0 0 0 0 0 0 0 0 0 0 0 0 0 0 0 0 0 -999
P5 2099 10 0 0 0 0 0 0 0 0 0 0 0 0 0 14 69 0 0 0 0 0 0 0 0 0 0 0 0 4 2 56 30
P5 2099 11 34 22 18 0 0 18 58 0 3 14 12 47 46 15 43 47 28 42 17 21 16 14 0 0 0 0 0 0 0 19 -999
P5 2099 12 54 9 6 3 37 22 3 8 67 0 10 43 155 34 3 0 0 1 2 3 7 54 16 0 0 0 20 49 21 17 111
P5 2100 1 40 0 0 0 0 0 0 0 0 2 3 75 52 65 35 55 2 0 4 0 0 8 10 9 3 2 0 0 0 0 0
P5 2100 2 0 35 52 3 0 2 0 0 0 0 0 0 0 0 0 0 0 0 3 3 0 0 3 0 0 0 0 0 -999 -999 -999
P5 2100 3 0 0 0 0 0 11 60 80 38 65 0 21 41 49 0 0 0 0 36 0 0 0 0 14 0 0 0 3 2 4 18
P5 2100 4 4 5 13 0 0 0 0 0 0 0 2 0 0 0 0 0 11 0 0 0 0 0 69 3 0 0 0 0 0 0 -999
P5 2100 5 0 26 72 0 19 0 0 0 0 0 0 0 2 0 0 0 6 0 0 0 0 0 0 15 27 0 0 0 0 0 0
P5 2100 6 0 0 0 0 0 0 0 0 0 0 0 0 0 0 0 0 0 0 0 0 0 0 0 0 0 10 19 0 3 0 -999
P5 2100 7 0 0 0 0 0 0 0 0 0 0 0 0 0 0 0 0 0 0 0 0 0 0 0 0 0 0 0 0 0 0 0
P5 2100 8 0 0 0 0 0 0 0 0 0 0 0 0 0 0 0 0 0 0 0 0 0 0 0 0 0 0 0 0 0 0 0
P5 2100 9 0 0 0 0 0 0 0 0 0 0 0 0 0 0 0 0 0 0 0 0 0 0 0 0 0 0 0 0 0 0 -999
P5 2100 10 0 3 4 8 7 61 0 0 9 14 3 16 11 22 46 14 29 46 51 0 19 0 4 145 57 8 0 37 95 79 135
P5 2100 11 4 0 0 0 0 0 0 0 0 11 46 40 72 35 33 0 0 0 0 0 0 0 0 0 0 5 0 0 0 0 -999
P5 2100 12 0 0 0 0 0 0 38 30 0 35 3 0 0 2 3 95 4 33 22 8 37 73 0 1 38 146 135 57 22 38 -999
