precip bcc-csm1-1 rcp60 RNEURONALES decimas 2
P8146 39.892 -4.632 447 geo 2006 2100 -1
P8146 2006 1 0 0 2 2 2 3 0 5 13 66 45 68 26 22 6 3 1 2 2 0 2 2 4 3 3 2 2 3 1 0 0
P8146 2006 2 2 0 2 6 54 57 51 35 85 144 97 113 75 31 13 51 22 2 0 0 45 11 46 31 31 4 6 18 -999 -999 -999
P8146 2006 3 6 29 33 0 0 16 7 0 19 21 11 4 10 21 9 2 17 0 0 0 0 0 0 0 0 0 5 5 7 7 6
P8146 2006 4 5 56 0 0 40 8 5 41 43 51 50 39 19 5 4 0 0 20 17 0 0 20 33 9 0 23 0 0 0 0 -999
P8146 2006 5 0 2 0 7 27 11 5 6 8 35 14 6 10 8 0 18 15 6 5 3 3 4 4 0 0 0 22 41 44 28 6
P8146 2006 6 21 7 31 44 49 41 31 2 0 0 0 0 0 0 0 0 0 0 0 0 0 0 0 0 0 0 0 0 0 0 -999
P8146 2006 7 0 0 0 0 0 21 0 0 0 0 0 0 0 0 0 0 0 0 0 0 0 0 0 0 0 0 0 0 0 0 0
P8146 2006 8 0 0 0 0 0 0 0 0 0 0 0 0 0 0 0 0 0 0 0 0 0 0 0 0 0 0 0 0 0 0 0
P8146 2006 9 0 0 0 0 0 0 0 0 0 0 4 0 0 34 37 31 12 8 0 0 0 0 0 0 0 10 0 0 0 0 -999
P8146 2006 10 10 3 17 22 14 0 0 0 0 0 24 0 0 0 0 0 0 0 0 0 0 0 0 0 0 0 10 9 0 0 0
P8146 2006 11 0 0 0 20 31 17 28 8 0 0 0 0 0 4 6 0 0 0 6 0 0 0 0 0 0 0 3 0 0 0 -999
P8146 2006 12 0 5 21 0 9 7 0 0 0 0 0 0 0 0 0 0 0 0 0 0 3 37 83 17 110 35 153 60 4 5 3
P8146 2007 1 0 0 0 0 0 0 0 0 0 3 3 15 2 0 0 0 2 3 2 8 5 1 8 18 12 25 50 24 69 11 11
P8146 2007 2 0 0 16 11 42 78 72 49 5 4 4 53 46 79 49 18 0 0 34 6 0 0 5 3 10 24 0 33 -999 -999 -999
P8146 2007 3 53 7 0 0 0 0 0 0 0 0 0 22 41 21 0 0 11 5 1 0 0 32 43 6 3 3 6 23 15 0 0
P8146 2007 4 0 0 8 12 15 19 17 2 0 0 0 0 14 6 17 34 2 19 26 2 8 46 53 54 37 29 3 2 5 2 -999
P8146 2007 5 4 2 4 38 10 7 7 14 3 3 9 32 34 20 19 7 5 3 0 2 0 0 0 0 0 0 0 0 0 0 0
P8146 2007 6 0 0 0 0 0 0 0 6 0 0 0 0 0 0 0 0 0 0 0 0 0 0 0 0 0 0 0 0 0 0 -999
P8146 2007 7 0 0 0 0 0 0 0 0 0 0 0 0 0 0 0 0 0 0 0 0 0 0 0 0 0 0 0 0 0 0 0
P8146 2007 8 0 0 0 0 0 0 0 0 0 0 0 0 0 0 0 0 0 0 0 0 0 0 0 28 16 7 6 0 4 0 0
P8146 2007 9 0 0 0 0 0 0 0 0 0 0 0 0 0 0 0 0 0 0 0 0 0 0 0 0 0 0 0 0 0 0 -999
P8146 2007 10 33 41 12 0 0 0 7 3 3 22 7 7 24 36 20 2 27 24 9 1 2 0 0 7 15 49 72 52 8 58 29
P8146 2007 11 0 0 0 0 0 0 0 5 3 14 3 0 0 2 3 0 0 3 3 77 9 78 69 53 47 15 11 14 80 3 -999
P8146 2007 12 5 4 0 0 0 0 0 13 59 54 28 9 5 4 10 125 71 59 52 76 37 5 34 3 5 7 13 12 27 15 32
P8146 2008 1 53 51 84 60 42 130 108 10 4 8 13 51 6 2 2 64 50 53 9 0 0 0 0 0 0 0 0 5 0 0 0
P8146 2008 2 0 0 0 0 0 0 0 0 0 0 0 0 0 0 0 0 0 0 5 49 10 34 7 14 1 0 0 0 -999 -999 -999
P8146 2008 3 7 9 5 0 0 0 3 1 0 0 0 1 11 19 20 9 12 11 2 13 5 0 14 6 11 50 3 0 3 20 3
P8146 2008 4 8 5 15 4 12 126 52 45 37 26 13 27 24 5 0 0 0 14 10 0 0 0 2 1 2 6 2 12 106 0 -999
P8146 2008 5 0 0 3 7 27 26 14 2 6 10 12 3 5 0 0 0 17 4 5 11 0 0 0 0 0 0 0 0 0 0 0
P8146 2008 6 0 0 0 0 0 0 0 0 0 0 0 0 0 0 0 0 0 0 0 0 0 0 0 0 0 0 7 10 0 0 -999
P8146 2008 7 0 11 0 21 38 13 23 0 0 0 0 0 0 0 0 0 0 0 0 0 0 0 0 0 0 0 0 0 0 0 0
P8146 2008 8 0 0 0 0 0 0 0 0 0 0 0 0 0 0 0 0 0 0 0 0 0 0 0 0 0 0 0 0 0 0 0
P8146 2008 9 0 0 0 0 0 0 0 0 0 0 0 0 0 0 0 0 0 0 0 0 0 0 0 0 0 0 0 0 0 0 -999
P8146 2008 10 3 5 12 5 6 5 0 0 0 33 18 4 23 41 52 36 14 2 3 19 10 36 43 8 2 5 0 3 5 1 2
P8146 2008 11 2 4 0 3 2 7 4 17 10 2 0 2 0 6 57 100 59 66 158 2 1 62 6 7 4 4 3 1 0 10 -999
P8146 2008 12 81 24 4 9 0 2 13 49 5 0 1 5 10 81 22 20 2 0 0 8 11 6 9 10 3 0 3 0 0 0 11
P8146 2009 1 2 0 0 0 5 4 1 2 2 9 41 2 35 3 2 3 2 36 22 11 33 29 25 19 6 3 0 2 10 25 2
P8146 2009 2 4 5 0 0 25 37 15 6 26 15 71 67 18 0 0 0 52 35 20 50 56 29 66 52 129 84 56 95 -999 -999 -999
P8146 2009 3 60 78 99 60 23 120 21 2 2 8 3 0 0 0 0 0 0 6 10 5 5 0 0 5 14 40 17 4 2 2 0
P8146 2009 4 0 0 0 0 0 0 11 0 0 0 9 3 13 17 2 1 0 0 0 20 3 0 0 0 0 0 0 0 0 0 -999
P8146 2009 5 0 0 0 0 0 0 0 0 0 0 0 0 0 0 0 0 0 0 0 0 0 0 0 0 0 0 0 36 0 0 0
P8146 2009 6 0 0 0 0 0 0 0 9 11 11 26 19 13 9 4 2 4 7 3 9 4 0 0 0 0 0 0 0 0 0 -999
P8146 2009 7 0 0 0 0 0 0 0 0 0 0 0 0 0 0 0 0 0 0 0 0 0 0 0 0 0 0 0 0 0 0 0
P8146 2009 8 0 0 0 0 0 0 0 0 0 0 0 0 0 0 0 0 0 0 0 0 0 0 0 0 0 0 0 0 0 0 0
P8146 2009 9 0 0 0 0 0 0 0 0 0 0 0 0 0 0 0 0 0 0 0 0 0 0 0 0 0 0 0 0 0 0 -999
P8146 2009 10 0 48 53 43 34 20 11 5 0 0 0 0 0 0 0 0 0 0 0 0 2 2 2 0 9 11 17 8 0 0 0
P8146 2009 11 0 10 21 0 24 0 0 8 13 15 49 13 3 0 0 0 0 0 0 0 0 2 2 0 0 0 0 0 0 0 -999
P8146 2009 12 0 0 2 3 7 5 10 3 0 37 20 6 7 9 42 46 24 4 3 0 0 0 2 10 24 68 37 86 38 40 112
P8146 2010 1 4 9 6 5 4 0 30 12 0 6 11 0 0 4 11 3 12 22 18 4 4 0 0 0 4 6 0 0 0 0 0
P8146 2010 2 0 0 0 0 2 0 0 0 0 8 5 9 11 3 0 9 9 4 5 4 21 2 0 0 0 0 0 1 -999 -999 -999
P8146 2010 3 1 0 0 0 0 3 16 25 37 12 5 0 0 0 0 0 0 0 8 43 41 5 18 3 4 1 2 1 0 0 7
P8146 2010 4 25 51 43 3 18 16 64 10 4 0 0 37 7 0 0 0 0 0 0 0 0 0 0 3 0 0 0 0 0 0 -999
P8146 2010 5 0 0 0 0 0 0 0 0 0 0 0 0 0 0 0 0 0 0 0 0 0 0 0 0 0 0 0 0 0 27 0
P8146 2010 6 0 0 0 0 0 0 0 0 0 0 0 0 0 37 21 6 3 0 0 0 0 0 0 0 0 0 0 0 0 0 -999
P8146 2010 7 0 0 0 0 0 0 0 0 0 0 0 0 0 0 0 0 0 0 0 0 0 0 0 0 0 0 0 0 0 0 0
P8146 2010 8 0 0 0 0 0 0 0 0 0 0 0 0 0 0 0 0 0 0 0 0 0 0 0 0 0 0 0 0 0 0 0
P8146 2010 9 0 0 0 0 0 0 0 0 0 0 0 0 0 0 0 0 0 0 0 0 27 0 0 0 45 52 25 0 0 0 -999
P8146 2010 10 0 0 0 0 0 0 0 0 0 0 0 0 0 0 0 0 0 0 0 0 0 0 16 0 11 21 35 0 0 0 0
P8146 2010 11 0 0 0 0 0 0 0 0 7 8 36 69 60 20 74 5 17 2 4 4 3 4 3 1 0 2 0 0 0 0 -999
P8146 2010 12 0 0 0 0 0 0 0 8 6 0 19 13 11 4 5 5 4 14 12 12 3 0 8 10 5 2 4 3 2 2 2
P8146 2011 1 0 0 0 0 2 1 0 0 0 0 3 6 0 0 0 0 40 40 34 32 25 7 0 0 0 4 3 2 0 8 2
P8146 2011 2 1 1 2 0 0 0 0 0 2 1 2 0 0 0 2 3 5 16 33 35 29 8 5 30 36 4 5 13 -999 -999 -999
P8146 2011 3 5 3 5 6 4 37 58 29 6 3 0 2 0 7 41 36 0 15 9 4 2 2 3 15 3 1 19 17 34 5 16
P8146 2011 4 26 3 10 10 0 0 0 0 0 51 29 7 3 0 0 0 0 0 0 34 26 0 0 2 4 9 2 0 0 0 -999
P8146 2011 5 0 0 0 0 0 0 0 0 0 0 0 0 0 0 0 0 0 0 0 0 0 0 0 0 0 0 5 0 0 0 0
P8146 2011 6 23 0 0 0 0 0 0 0 0 0 0 0 0 0 0 0 0 0 0 0 0 0 14 16 23 17 0 0 0 0 -999
P8146 2011 7 0 0 0 0 0 0 0 0 0 0 0 0 0 0 0 0 0 0 0 0 0 0 0 0 0 0 0 0 0 0 0
P8146 2011 8 0 0 0 0 0 0 0 0 0 0 0 0 0 0 0 0 0 0 0 0 0 0 0 0 0 0 0 0 0 0 0
P8146 2011 9 0 0 0 0 0 0 0 0 0 0 17 0 0 0 0 0 0 6 0 0 0 0 0 0 0 0 0 0 0 0 -999
P8146 2011 10 0 0 0 0 0 0 6 2 3 0 0 0 2 0 0 0 0 0 13 10 3 32 16 4 0 0 0 0 25 42 24
P8146 2011 11 22 36 57 10 2 22 7 32 0 0 17 39 5 15 32 0 0 0 0 20 27 39 53 17 0 11 63 73 73 11 -999
P8146 2011 12 62 15 2 0 0 0 0 2 0 0 5 0 5 3 77 17 28 18 0 0 0 0 3 5 33 58 51 33 14 12 24
P8146 2012 1 19 18 54 26 118 3 2 0 0 2 0 6 2 5 3 8 11 95 26 5 3 6 3 2 0 2 3 1 0 0 2
P8146 2012 2 0 0 0 4 0 0 0 0 0 4 23 39 26 11 35 11 59 4 20 8 7 4 3 18 15 0 10 0 -999 -999 -999
P8146 2012 3 4 0 0 0 0 0 0 0 0 0 0 0 3 3 4 1 1 1 4 6 0 0 0 1 1 2 4 1 0 0 0
P8146 2012 4 0 0 4 0 0 0 0 0 0 0 0 0 0 0 0 0 0 0 0 0 0 0 0 0 0 0 0 0 0 0 -999
P8146 2012 5 0 0 0 0 0 0 0 0 22 43 33 0 39 17 17 0 0 0 0 0 0 0 0 18 12 17 13 15 35 13 0
P8146 2012 6 0 0 0 0 0 3 0 0 0 0 0 0 0 0 0 0 0 0 0 0 0 0 0 0 0 0 0 0 0 0 -999
P8146 2012 7 0 0 0 0 0 0 0 0 0 0 0 0 0 0 0 0 0 0 0 0 0 0 0 0 0 0 0 0 0 0 0
P8146 2012 8 0 0 0 0 0 0 0 0 0 0 0 0 0 0 0 0 0 0 0 0 0 0 0 0 0 0 0 0 0 0 0
P8146 2012 9 0 0 0 0 0 0 0 0 0 0 0 0 0 0 0 0 0 0 0 0 0 0 0 0 0 0 0 0 0 0 -999
P8146 2012 10 0 0 0 0 0 0 0 0 0 0 0 0 12 0 0 0 0 7 0 0 48 55 26 2 4 14 0 6 9 94 44
P8146 2012 11 6 0 8 25 26 35 20 6 7 7 2 12 94 3 0 0 0 0 0 0 0 0 0 0 0 0 0 0 0 7 -999
P8146 2012 12 37 3 1 2 4 2 2 0 0 0 0 3 6 0 0 4 3 17 6 16 1 6 2 7 1 4 0 0 0 0 0
P8146 2013 1 3 0 0 0 0 0 0 0 0 0 0 2 4 2 1 1 0 0 0 4 6 6 19 12 4 1 0 0 0 3 2
P8146 2013 2 1 5 5 3 1 28 51 15 17 1 6 6 2 7 7 5 29 0 5 2 0 23 31 13 36 40 29 8 -999 -999 -999
P8146 2013 3 3 2 2 0 0 0 0 0 0 0 0 17 43 63 34 24 31 46 0 0 0 0 31 0 0 0 0 0 0 0 0
P8146 2013 4 0 26 41 31 18 13 7 5 15 5 0 0 0 0 53 56 49 34 54 52 45 29 0 0 0 0 0 0 0 0 -999
P8146 2013 5 0 0 0 0 0 0 0 0 0 16 14 9 0 0 0 0 0 37 25 25 11 16 7 7 3 0 0 0 0 0 0
P8146 2013 6 0 0 0 0 0 0 0 0 0 0 0 0 0 0 0 0 0 0 0 0 0 0 0 0 0 0 0 0 0 0 -999
P8146 2013 7 0 0 0 0 0 0 0 0 0 0 0 0 0 0 0 0 0 0 0 0 0 0 0 0 0 0 0 0 0 0 0
P8146 2013 8 0 0 0 0 0 0 0 0 0 0 0 0 0 0 0 0 0 0 0 0 0 0 0 0 0 0 0 0 0 0 0
P8146 2013 9 0 0 0 0 0 0 0 0 0 0 0 0 0 0 0 0 0 0 0 0 0 0 0 0 0 0 0 0 0 0 -999
P8146 2013 10 0 0 0 0 0 0 12 2 31 37 49 12 55 45 31 51 14 14 3 5 4 3 47 9 0 0 0 0 0 0 0
P8146 2013 11 0 11 5 0 0 0 0 0 0 0 0 0 8 3 51 8 20 25 0 0 0 0 0 16 12 18 32 44 21 0 -999
P8146 2013 12 41 38 62 18 5 2 2 0 0 0 4 2 0 0 0 26 48 18 0 0 2 0 4 0 0 0 0 2 3 4 13
P8146 2014 1 40 123 10 2 3 0 7 2 26 12 37 31 46 14 4 0 8 5 2 6 7 3 16 18 74 99 31 50 57 57 16
P8146 2014 2 105 3 4 43 15 6 10 11 5 10 0 0 0 0 0 0 0 8 12 10 8 7 0 0 0 0 0 0 -999 -999 -999
P8146 2014 3 0 0 0 0 0 0 0 0 0 0 0 0 0 5 11 2 0 0 0 3 10 14 7 12 31 20 11 0 0 0 8
P8146 2014 4 7 0 6 0 0 0 0 4 18 83 45 2 1 0 0 0 0 0 0 0 0 0 0 0 0 0 0 8 12 20 -999
P8146 2014 5 6 17 0 0 0 15 6 14 0 0 6 22 18 3 4 2 7 12 0 0 0 0 0 0 0 0 0 0 0 32 50
P8146 2014 6 38 9 2 7 0 0 0 0 0 0 0 0 0 0 0 0 0 0 0 0 0 0 0 0 0 0 0 0 0 0 -999
P8146 2014 7 0 0 0 0 0 0 0 0 0 0 0 0 0 0 0 0 0 0 0 0 0 0 0 0 0 0 0 0 0 0 0
P8146 2014 8 0 0 0 0 0 0 0 0 0 0 0 0 0 0 0 0 0 0 0 0 0 0 0 0 0 0 0 0 0 0 0
P8146 2014 9 0 0 0 0 0 0 0 0 0 0 0 0 0 0 0 0 0 0 0 0 0 0 0 0 0 0 0 0 0 0 -999
P8146 2014 10 0 0 0 0 0 0 0 0 0 23 0 0 0 0 0 0 0 0 0 0 5 6 15 0 0 26 7 0 0 0 0
P8146 2014 11 0 12 6 0 20 41 3 2 0 0 6 26 6 0 0 0 20 42 32 67 27 1 0 4 35 52 11 5 4 24 -999
P8146 2014 12 2 0 0 0 0 0 0 0 0 4 4 3 4 3 57 28 63 44 3 129 31 87 79 78 13 31 26 1 0 0 0
P8146 2015 1 0 0 0 0 0 0 0 0 0 0 0 0 0 0 0 0 0 2 2 4 0 4 3 5 66 44 3 4 1 30 1
P8146 2015 2 1 4 0 3 2 0 0 2 13 3 14 54 87 61 52 39 72 64 43 24 50 40 13 2 0 0 8 11 -999 -999 -999
P8146 2015 3 0 27 52 41 33 9 0 0 0 0 0 26 33 13 23 44 46 46 52 22 22 27 0 0 0 0 0 0 0 0 5
P8146 2015 4 0 0 0 0 12 27 0 0 5 42 43 11 17 14 40 19 2 3 30 26 18 36 8 43 30 0 0 0 0 0 -999
P8146 2015 5 0 0 2 6 16 7 6 0 0 0 0 0 0 0 0 0 0 0 0 0 0 0 0 0 0 0 0 0 0 0 0
P8146 2015 6 0 0 0 0 16 14 0 0 0 0 0 0 0 0 0 0 0 0 0 0 0 0 0 0 0 0 0 0 0 0 -999
P8146 2015 7 0 0 0 0 0 0 0 0 0 0 0 0 0 0 0 0 0 0 0 0 0 0 0 0 0 0 0 0 0 0 0
P8146 2015 8 0 0 0 0 0 0 0 0 0 0 0 0 0 0 0 0 0 0 0 0 0 0 0 0 0 0 0 0 0 0 0
P8146 2015 9 0 0 0 0 0 0 0 0 0 0 0 0 0 0 0 23 43 67 31 0 0 12 6 0 24 18 0 0 0 0 -999
P8146 2015 10 0 0 0 0 0 0 0 0 20 37 29 22 5 0 0 5 10 39 41 4 3 6 9 0 0 1 0 0 2 0 0
P8146 2015 11 0 0 0 0 6 0 17 38 31 0 0 0 1 5 1 1 0 0 0 0 0 0 3 0 0 0 0 0 13 3 -999
P8146 2015 12 0 0 0 0 0 0 0 0 0 0 2 15 7 11 5 0 2 0 29 15 13 54 8 8 56 6 52 82 11 54 11
P8146 2016 1 4 5 4 3 7 12 13 6 1 1 56 38 26 39 21 32 2 1 0 31 2 0 0 2 1 0 0 0 0 0 8
P8146 2016 2 7 6 3 0 6 12 1 2 2 0 2 3 4 2 1 0 0 0 0 0 0 0 0 0 0 0 0 0 -999 -999 -999
P8146 2016 3 2 0 0 0 2 0 0 11 6 0 0 0 0 0 0 0 0 9 0 0 0 0 0 0 0 0 0 0 0 19 5
P8146 2016 4 0 0 11 53 46 4 4 3 31 3 4 20 37 4 0 9 46 46 45 11 8 10 57 14 19 0 34 13 0 25 -999
P8146 2016 5 18 6 3 3 3 0 0 0 0 0 0 0 0 0 0 0 0 0 0 0 0 0 0 0 5 0 0 0 0 0 0
P8146 2016 6 0 0 0 0 0 0 0 0 0 0 0 0 0 0 0 0 0 0 0 0 0 0 0 0 0 0 0 10 0 0 -999
P8146 2016 7 0 0 0 0 0 0 0 0 0 0 0 0 0 0 0 0 0 0 0 0 0 0 0 0 0 0 0 0 0 0 0
P8146 2016 8 0 0 0 0 0 0 0 0 0 0 0 0 0 0 0 0 0 0 0 0 0 0 0 0 0 0 0 0 0 0 0
P8146 2016 9 0 0 0 0 0 0 0 0 0 0 0 0 0 0 0 0 0 0 0 0 0 0 0 0 0 0 0 16 0 0 -999
P8146 2016 10 0 0 0 0 0 0 9 17 18 11 0 0 0 0 3 14 9 17 14 26 31 3 10 69 58 47 33 137 12 0 3
P8146 2016 11 0 0 0 56 46 10 44 5 11 5 83 132 147 62 4 96 9 14 37 28 4 5 40 72 77 60 50 43 34 6 -999
P8146 2016 12 0 0 0 0 2 0 0 0 0 0 0 0 2 1 0 0 0 2 0 0 1 0 0 0 0 0 2 3 13 14 0
P8146 2017 1 0 4 35 3 5 2 10 6 7 25 2 3 1 0 2 1 0 0 0 30 17 2 0 0 13 6 45 85 0 0 0
P8146 2017 2 0 7 4 9 20 4 10 33 4 11 13 0 0 42 30 7 7 18 142 58 92 22 4 2 6 4 37 22 -999 -999 -999
P8146 2017 3 8 15 24 36 54 35 4 15 45 34 36 37 27 14 12 20 42 69 34 11 7 95 16 7 12 20 10 39 64 33 49
P8146 2017 4 45 29 9 3 3 6 50 20 5 42 63 36 4 4 22 2 2 2 0 0 33 16 3 3 3 15 3 1 2 2 -999
P8146 2017 5 5 7 2 5 2 6 32 3 4 7 2 0 0 27 0 0 0 0 0 0 0 9 35 34 7 0 0 0 0 0 0
P8146 2017 6 0 0 0 0 0 0 0 9 0 0 0 0 0 0 0 0 0 0 0 0 0 0 0 0 0 0 0 0 0 0 -999
P8146 2017 7 0 0 0 0 0 0 0 0 0 0 0 0 13 0 0 0 0 0 0 0 0 0 0 0 0 0 0 0 0 0 0
P8146 2017 8 0 0 0 0 0 0 0 0 0 0 0 0 0 0 0 0 0 0 0 0 0 0 0 0 0 0 0 0 0 0 0
P8146 2017 9 0 0 0 0 0 34 29 0 0 0 0 0 0 0 0 0 0 0 0 0 0 0 0 0 0 2 0 7 25 36 -999
P8146 2017 10 9 21 6 0 0 0 9 7 3 0 0 0 0 0 0 0 0 0 0 0 5 0 34 16 23 30 5 0 0 0 0
P8146 2017 11 8 3 0 0 6 2 3 8 12 33 27 6 8 0 5 0 4 3 1 2 3 7 3 33 43 9 0 16 28 0 -999
P8146 2017 12 6 1 0 0 0 0 0 1 0 0 4 5 12 9 2 10 20 2 4 16 62 49 9 3 3 7 6 57 75 44 54
P8146 2018 1 0 0 0 0 0 0 0 0 0 0 0 0 0 2 4 2 9 0 0 0 0 0 8 20 48 26 5 0 0 38 18
P8146 2018 2 7 45 61 25 92 69 30 74 3 3 11 49 48 10 0 0 0 0 0 0 0 16 21 18 4 0 7 20 -999 -999 -999
P8146 2018 3 14 0 0 0 9 16 8 0 0 0 47 52 24 4 0 0 0 0 0 30 25 10 8 35 7 64 12 14 5 49 3
P8146 2018 4 29 18 9 15 14 9 0 0 0 8 0 59 58 7 9 61 4 5 2 0 0 0 0 0 18 5 6 33 50 47 -999
P8146 2018 5 27 23 44 32 0 0 0 0 0 0 0 0 0 0 0 27 23 25 21 19 0 0 0 0 0 0 0 0 7 0 0
P8146 2018 6 0 0 0 0 0 24 13 4 0 0 0 0 0 0 0 0 0 0 0 0 0 0 0 0 0 0 0 0 0 0 -999
P8146 2018 7 0 0 0 0 0 0 0 0 0 0 0 0 0 0 0 0 0 0 0 0 0 0 0 0 0 0 0 0 0 0 0
P8146 2018 8 0 0 0 0 0 0 0 0 0 0 0 0 0 0 0 0 0 0 0 0 0 0 0 0 0 0 0 0 0 0 0
P8146 2018 9 0 0 0 0 0 0 0 0 0 0 0 0 0 0 0 0 0 0 0 0 14 49 24 0 0 0 0 0 0 0 -999
P8146 2018 10 0 0 0 0 9 0 0 0 0 0 0 0 0 0 23 13 0 0 20 34 35 0 0 0 23 0 0 3 0 7 37
P8146 2018 11 12 0 14 8 7 0 0 0 7 19 6 0 0 0 0 4 4 0 2 0 25 53 28 29 31 49 41 41 12 7 -999
P8146 2018 12 4 6 3 0 0 0 0 2 0 4 2 0 5 4 0 0 0 0 0 0 2 3 11 27 15 99 25 2 1 3 0
P8146 2019 1 0 0 1 4 3 37 24 17 7 3 4 2 31 3 22 9 0 0 6 3 0 0 0 3 3 0 0 0 0 4 22
P8146 2019 2 3 0 17 4 2 2 4 3 2 4 8 6 3 3 49 10 5 0 0 0 0 0 29 60 62 11 35 54 -999 -999 -999
P8146 2019 3 61 56 46 42 42 50 18 34 69 54 37 39 15 0 0 0 0 0 0 0 0 2 0 0 0 0 33 12 13 21 0
P8146 2019 4 0 0 0 0 0 0 0 0 0 0 0 9 2 0 0 0 0 0 0 0 0 0 0 0 0 0 19 50 4 8 -999
P8146 2019 5 6 0 6 0 0 0 0 0 21 6 0 0 27 5 0 2 0 0 0 0 0 0 0 0 0 0 0 0 0 0 13
P8146 2019 6 0 0 0 0 0 0 0 0 0 0 0 0 0 0 0 0 0 0 0 0 0 0 0 0 0 0 0 0 0 0 -999
P8146 2019 7 0 23 30 5 0 0 0 0 0 0 0 0 0 0 0 0 0 0 0 0 0 0 0 0 0 0 0 0 0 0 0
P8146 2019 8 0 0 0 0 0 0 0 0 0 0 0 0 0 0 0 0 0 0 0 0 0 0 0 0 0 0 0 0 0 0 0
P8146 2019 9 17 0 0 0 0 0 0 0 0 0 0 20 12 0 0 0 0 0 0 0 0 0 0 0 0 0 0 0 0 0 -999
P8146 2019 10 0 0 11 19 17 26 21 7 26 24 0 0 0 0 15 0 10 0 0 0 0 0 0 6 2 4 0 3 0 0 0
P8146 2019 11 3 27 0 20 63 20 16 5 0 3 5 4 10 32 51 8 0 0 0 0 0 0 0 4 6 22 3 16 17 16 -999
P8146 2019 12 2 9 6 15 23 4 11 3 0 0 0 0 3 5 43 5 10 34 17 4 13 43 41 76 103 15 9 0 3 2 0
P8146 2020 1 1 21 83 59 28 89 76 12 6 9 36 27 5 0 0 0 0 0 0 0 0 0 3 5 0 0 0 2 1 3 11
P8146 2020 2 6 6 17 27 2 4 7 2 0 0 0 0 0 38 32 41 13 0 0 20 25 25 48 41 4 0 0 0 -999 -999 -999
P8146 2020 3 0 0 0 0 0 0 0 0 0 0 6 13 27 18 30 37 30 15 0 2 3 10 65 56 48 6 19 1 7 3 7
P8146 2020 4 4 0 17 0 0 0 0 0 10 9 25 23 11 3 0 0 0 0 0 0 32 31 38 44 34 5 0 0 29 0 -999
P8146 2020 5 0 0 0 12 5 0 0 0 0 0 0 0 0 0 0 0 0 0 0 0 0 0 0 12 4 12 49 46 18 13 4
P8146 2020 6 0 0 0 0 0 7 13 15 6 0 0 0 0 0 0 0 0 0 0 0 0 0 0 0 0 0 0 0 0 0 -999
P8146 2020 7 0 0 0 0 0 0 0 0 0 0 0 0 0 0 0 0 0 0 0 0 0 0 0 0 0 0 0 0 0 0 0
P8146 2020 8 0 0 0 0 0 0 0 0 0 0 0 0 0 0 0 0 0 0 0 0 0 0 0 0 0 0 0 0 0 0 0
P8146 2020 9 0 0 0 0 0 0 0 0 0 0 0 0 0 0 29 6 0 8 43 19 3 0 0 0 0 0 0 0 0 0 -999
P8146 2020 10 0 0 0 0 0 0 0 0 0 0 8 0 0 0 0 0 0 0 0 0 0 0 31 37 6 66 58 52 16 4 0
P8146 2020 11 12 0 20 68 32 26 46 25 0 5 0 0 4 2 0 2 14 17 86 141 97 8 7 0 0 0 0 0 0 20 -999
P8146 2020 12 19 23 30 38 13 11 0 7 10 15 11 5 11 2 3 2 0 22 3 20 65 111 130 47 6 7 0 3 0 0 3
P8146 2021 1 0 2 1 1 2 2 3 0 0 0 8 8 5 9 1 2 3 4 4 3 12 10 46 84 85 88 77 60 83 94 55
P8146 2021 2 13 103 30 106 136 51 7 37 1 24 18 51 68 14 4 9 8 0 1 0 0 0 0 8 4 7 48 40 -999 -999 -999
P8146 2021 3 12 31 45 31 49 54 35 18 0 0 2 3 87 9 100 24 63 59 78 30 21 3 27 36 2 0 3 3 10 6 9
P8146 2021 4 23 37 6 22 2 0 0 0 18 71 16 3 0 0 0 8 25 10 6 4 0 0 11 61 73 47 14 3 0 6 -999
P8146 2021 5 2 0 0 2 0 7 10 5 5 6 8 2 4 0 0 0 0 0 0 0 0 0 0 0 0 0 0 6 7 24 9
P8146 2021 6 24 24 4 2 3 3 12 26 4 10 20 10 11 13 15 0 0 0 0 0 0 0 0 0 0 0 0 0 0 0 -999
P8146 2021 7 0 0 0 0 0 0 0 0 0 0 0 0 0 0 0 0 0 0 0 0 0 0 0 0 0 0 0 0 0 0 0
P8146 2021 8 0 0 0 0 0 0 0 8 15 9 0 0 0 0 0 0 0 0 0 0 0 0 0 0 0 0 0 0 0 0 0
P8146 2021 9 0 0 0 0 0 0 0 0 0 0 0 0 0 20 15 7 0 0 0 0 0 0 0 0 38 31 17 8 0 14 -999
P8146 2021 10 11 30 63 15 0 0 63 43 19 0 0 0 13 13 50 4 0 0 41 12 31 9 0 15 22 17 3 0 2 6 23
P8146 2021 11 30 3 16 7 32 32 46 38 3 2 0 0 0 0 0 0 0 0 9 10 12 3 5 0 0 0 0 0 0 5 -999
P8146 2021 12 0 0 0 0 0 0 0 2 0 0 5 8 25 31 55 45 120 144 51 64 105 19 56 24 93 20 119 104 17 13 1
P8146 2022 1 0 0 0 0 0 0 0 0 0 0 0 3 3 5 6 2 0 0 0 0 6 0 0 0 0 0 0 0 0 0 0
P8146 2022 2 0 5 3 3 2 0 0 0 8 5 3 0 2 3 29 9 2 2 0 0 39 5 2 25 3 12 15 99 -999 -999 -999
P8146 2022 3 5 11 3 50 40 26 2 4 0 8 0 0 0 0 0 0 0 0 0 7 13 0 0 6 0 7 0 0 0 2 5
P8146 2022 4 17 35 53 27 6 49 16 6 5 0 0 40 32 0 0 0 0 0 0 0 24 39 4 12 2 4 4 0 0 0 -999
P8146 2022 5 0 0 0 0 0 0 0 0 0 0 0 0 0 0 0 0 0 0 0 10 0 0 0 0 0 0 0 0 0 0 0
P8146 2022 6 0 0 0 0 0 0 0 0 0 0 0 0 0 0 0 0 0 0 0 0 0 0 0 0 0 0 0 0 0 0 -999
P8146 2022 7 0 0 0 0 0 0 0 0 0 0 0 0 0 0 0 0 0 0 0 0 0 0 0 0 0 0 0 0 0 0 0
P8146 2022 8 0 0 0 0 0 0 0 0 0 0 0 0 0 0 0 0 0 0 0 0 0 0 0 0 0 0 0 0 0 0 0
P8146 2022 9 0 0 0 0 0 0 0 0 0 0 0 0 0 0 0 0 0 0 0 0 0 17 10 16 0 5 0 0 0 0 -999
P8146 2022 10 0 0 0 0 4 0 0 0 0 0 0 0 11 5 4 0 0 0 0 27 18 0 0 0 0 0 29 18 0 0 0
P8146 2022 11 28 0 0 5 1 0 0 0 0 0 0 13 38 30 35 37 23 16 22 117 80 92 106 62 2 0 0 0 4 4 -999
P8146 2022 12 6 0 3 3 3 90 30 35 5 5 6 2 0 0 0 0 20 7 11 52 19 26 87 98 101 138 132 107 50 1 9
P8146 2023 1 6 16 24 34 63 53 38 45 36 2 41 12 19 25 5 4 27 42 25 7 4 5 9 4 0 5 0 0 0 0 0
P8146 2023 2 0 0 4 5 3 6 3 0 0 0 0 17 3 12 60 33 43 45 5 72 3 0 0 3 0 0 3 0 -999 -999 -999
P8146 2023 3 3 3 5 0 2 4 0 0 0 0 0 0 0 8 50 35 119 67 11 11 53 16 5 5 3 11 0 2 12 42 0
P8146 2023 4 0 0 0 0 0 0 17 34 9 0 0 0 0 17 42 32 11 1 0 0 2 3 0 0 0 0 0 0 0 0 -999
P8146 2023 5 24 70 50 49 21 35 36 44 44 7 2 3 31 0 0 0 0 9 0 0 0 9 0 4 0 0 0 0 0 0 0
P8146 2023 6 0 0 0 0 0 0 0 0 0 0 0 4 0 0 16 3 0 0 0 0 0 0 0 0 0 0 0 0 0 0 -999
P8146 2023 7 0 0 0 0 0 0 0 0 0 0 0 0 0 0 0 0 0 0 0 0 0 0 0 0 0 0 0 0 0 0 0
P8146 2023 8 0 0 0 0 0 0 0 0 0 0 0 0 0 0 0 0 0 0 0 0 0 0 0 0 0 0 0 0 0 0 0
P8146 2023 9 0 0 0 0 0 0 0 0 0 0 0 0 0 0 0 0 0 0 0 0 0 0 8 0 0 0 0 0 0 8 -999
P8146 2023 10 19 4 0 0 0 0 0 0 7 0 0 0 0 15 3 2 4 4 0 9 0 2 0 4 0 0 8 6 3 2 3
P8146 2023 11 2 2 1 0 0 0 0 0 39 42 47 41 20 3 3 0 3 0 0 0 0 0 0 0 0 0 3 3 0 3 -999
P8146 2023 12 4 25 48 37 0 0 0 0 0 0 0 0 0 6 7 2 8 47 23 58 22 57 8 67 1 0 0 0 0 0 2
P8146 2024 1 3 0 0 3 0 0 0 0 0 0 0 0 0 0 0 1 6 19 53 106 35 85 100 34 7 19 38 40 2 5 4
P8146 2024 2 4 6 0 24 3 0 0 45 38 19 36 57 54 8 7 0 0 0 0 0 0 0 2 0 0 0 0 0 -999 -999 -999
P8146 2024 3 0 0 0 0 0 9 11 0 13 20 39 26 6 54 9 4 14 17 38 8 7 0 0 5 0 3 4 3 6 21 15
P8146 2024 4 7 4 3 9 42 49 55 45 9 55 27 0 0 0 0 0 0 0 0 0 14 50 3 0 0 0 0 0 0 7 -999
P8146 2024 5 9 6 15 11 9 7 26 18 0 0 0 4 3 3 2 0 0 7 0 0 0 0 0 0 0 0 20 25 10 6 0
P8146 2024 6 0 0 0 0 0 0 0 0 0 0 0 39 8 0 0 0 0 0 0 0 0 0 0 0 0 0 0 0 0 0 -999
P8146 2024 7 0 0 0 0 0 0 0 0 0 0 0 0 0 0 0 0 0 0 0 0 0 0 0 0 0 0 0 0 0 0 0
P8146 2024 8 0 0 0 0 0 0 0 0 0 0 0 0 0 0 0 0 0 0 0 0 0 0 0 0 0 0 0 0 0 0 0
P8146 2024 9 0 0 0 0 0 0 0 0 0 0 0 0 0 0 0 17 53 26 0 16 52 45 36 24 0 14 16 5 6 11 -999
P8146 2024 10 5 59 53 7 63 43 10 0 0 0 0 0 0 0 44 0 0 8 0 0 0 0 0 0 0 0 0 0 7 33 29
P8146 2024 11 15 50 65 16 14 11 3 0 2 0 11 21 10 14 29 14 3 2 2 0 0 0 0 0 0 0 0 0 12 45 -999
P8146 2024 12 44 27 17 2 5 7 7 4 36 103 110 88 77 20 17 12 15 27 11 0 9 6 19 7 5 14 11 6 0 0 5
P8146 2025 1 0 0 4 58 61 54 16 17 4 7 3 0 4 5 1 3 4 13 6 2 6 0 0 0 0 0 3 24 26 61 10
P8146 2025 2 13 11 10 7 25 30 93 67 23 7 51 39 0 0 0 15 8 0 0 0 0 0 2 0 0 0 0 0 -999 -999 -999
P8146 2025 3 3 18 5 3 0 0 0 49 18 3 3 0 0 0 0 0 0 0 0 0 0 0 0 0 0 0 15 12 0 0 0
P8146 2025 4 0 0 0 0 3 0 0 0 0 0 0 0 0 0 0 0 0 0 0 0 0 0 0 0 16 0 0 0 2 0 -999
P8146 2025 5 0 0 9 5 2 0 0 0 0 0 0 0 0 12 4 0 0 0 0 0 0 7 0 4 4 3 3 9 33 0 0
P8146 2025 6 0 0 0 0 4 0 0 0 0 0 0 0 0 0 0 0 0 0 0 0 0 0 0 0 0 0 0 0 0 0 -999
P8146 2025 7 0 0 0 0 0 0 0 0 0 0 0 0 0 0 0 0 0 0 0 0 0 0 0 0 0 0 0 0 0 0 0
P8146 2025 8 0 35 0 0 0 0 0 0 0 0 0 0 0 0 0 0 0 0 0 0 0 0 0 0 0 0 0 0 0 0 0
P8146 2025 9 0 0 0 0 0 0 0 0 0 0 0 0 0 0 0 0 0 19 0 0 0 0 0 0 0 0 0 0 0 0 -999
P8146 2025 10 0 0 0 0 0 0 0 0 0 0 0 0 0 0 0 0 43 58 46 40 61 49 6 0 2 0 0 4 5 72 90
P8146 2025 11 70 19 8 86 65 20 9 3 43 67 48 7 12 63 68 27 7 0 0 8 0 0 0 0 0 2 0 0 0 0 -999
P8146 2025 12 0 0 0 0 0 3 2 2 3 2 13 5 6 6 8 27 0 54 6 2 11 43 30 47 13 21 5 25 8 29 37
P8146 2026 1 64 4 2 0 0 0 0 0 0 2 0 4 0 0 9 7 5 5 32 24 13 9 6 0 0 0 0 0 0 0 0
P8146 2026 2 0 0 0 0 0 0 3 0 0 0 0 0 2 2 2 32 2 1 0 0 0 0 0 0 3 0 0 15 -999 -999 -999
P8146 2026 3 9 0 13 35 28 37 23 5 0 0 0 0 16 27 0 0 0 0 0 0 0 0 67 42 48 41 23 13 23 36 9
P8146 2026 4 0 27 8 3 6 12 8 1 3 1 3 2 2 0 0 0 9 8 5 0 0 0 0 0 0 0 0 0 18 39 -999
P8146 2026 5 11 8 0 0 0 0 0 0 0 0 0 0 0 0 0 0 0 0 0 0 0 0 0 0 0 0 0 0 0 0 0
P8146 2026 6 0 0 0 0 0 0 0 0 0 0 0 0 0 0 0 23 0 0 0 0 0 0 0 0 0 0 0 0 0 0 -999
P8146 2026 7 0 0 0 0 0 0 0 0 0 0 0 0 0 0 0 0 0 0 0 0 0 0 0 0 0 0 0 0 0 0 0
P8146 2026 8 0 0 0 0 0 0 0 0 0 0 0 0 0 0 0 0 0 0 0 0 0 0 0 0 0 0 0 0 0 0 0
P8146 2026 9 0 0 0 0 0 0 0 0 0 0 0 0 0 0 0 0 0 0 0 23 23 0 0 0 0 0 0 0 0 0 -999
P8146 2026 10 0 0 0 0 0 0 0 0 0 0 0 0 0 0 0 16 4 0 0 26 4 2 0 0 0 0 0 13 38 34 112
P8146 2026 11 38 34 10 29 91 15 7 109 87 30 33 16 3 53 151 18 2 2 0 0 5 0 0 0 0 0 0 0 0 0 -999
P8146 2026 12 0 3 3 0 0 0 0 0 0 5 2 2 0 21 57 49 27 124 48 17 2 55 15 4 7 2 0 8 0 0 0
P8146 2027 1 0 2 2 14 3 54 75 5 5 13 93 22 2 4 26 11 0 0 26 2 12 7 0 2 20 79 124 58 64 5 0
P8146 2027 2 0 0 0 0 0 0 3 0 0 3 27 2 0 0 21 16 32 26 19 22 15 32 46 8 0 4 1 0 -999 -999 -999
P8146 2027 3 5 17 19 9 3 4 0 9 0 0 0 0 0 0 0 0 11 21 32 18 41 43 46 34 4 20 6 1 0 0 0
P8146 2027 4 0 13 22 41 0 0 0 0 0 0 0 0 0 8 4 0 0 0 0 0 0 7 18 10 0 0 0 0 29 14 -999
P8146 2027 5 0 0 0 9 15 32 40 15 0 0 24 0 0 0 0 0 0 0 0 0 0 0 0 0 0 0 0 0 0 0 0
P8146 2027 6 0 0 0 16 11 2 0 0 0 0 0 0 0 0 0 0 0 0 0 0 0 0 0 0 0 0 16 6 0 0 -999
P8146 2027 7 0 12 8 0 15 13 0 0 0 0 0 0 0 0 0 0 0 0 0 0 0 0 0 0 0 0 0 0 0 0 0
P8146 2027 8 0 0 0 0 0 0 0 0 0 0 0 0 0 0 0 0 0 0 0 0 0 0 0 0 0 0 0 0 0 0 0
P8146 2027 9 0 0 0 0 0 0 0 0 0 0 0 0 0 0 0 0 0 0 0 0 0 0 0 0 0 0 0 0 7 12 -999
P8146 2027 10 22 0 15 0 0 0 43 0 0 0 0 0 0 0 0 0 6 0 0 0 0 2 6 16 3 0 0 0 0 0 0
P8146 2027 11 0 0 4 0 2 0 3 0 3 51 27 2 0 0 0 0 0 0 0 0 11 24 30 34 42 85 57 14 0 6 -999
P8146 2027 12 8 5 3 3 3 3 2 0 0 0 0 0 4 2 13 9 16 6 0 5 0 0 0 0 3 0 0 0 0 0 0
P8146 2028 1 2 2 0 0 0 0 0 0 0 0 0 0 0 0 0 6 23 29 8 0 0 0 0 0 0 0 13 3 0 0 10
P8146 2028 2 0 36 42 25 37 44 51 46 27 26 48 45 36 115 74 58 51 14 23 2 2 17 2 0 0 0 0 0 -999 -999 -999
P8146 2028 3 0 0 0 0 0 0 0 0 0 6 27 14 9 4 2 0 0 0 0 0 0 0 0 0 2 7 11 0 0 0 5
P8146 2028 4 0 0 0 0 0 0 0 0 0 22 2 0 0 0 0 0 19 16 42 48 6 0 0 0 0 0 0 0 0 0 -999
P8146 2028 5 27 0 0 0 0 0 0 18 38 15 9 8 16 12 27 8 0 0 0 0 0 0 0 3 0 0 0 5 0 0 0
P8146 2028 6 2 4 5 13 28 41 39 5 0 0 0 0 0 0 0 0 0 0 0 0 0 0 0 0 0 0 0 20 25 16 -999
P8146 2028 7 6 0 0 0 0 0 0 0 0 0 0 0 0 0 0 0 0 0 0 0 0 0 0 0 0 0 0 0 0 0 0
P8146 2028 8 0 0 0 0 0 0 0 0 0 0 0 0 0 0 0 0 0 0 0 0 0 0 0 0 16 0 0 0 0 0 0
P8146 2028 9 0 0 0 0 0 0 0 0 0 0 0 0 0 0 0 0 0 0 0 0 0 0 0 20 0 23 43 38 25 0 -999
P8146 2028 10 0 0 0 0 0 0 0 0 0 0 0 0 0 6 0 0 0 0 7 0 0 0 0 0 0 0 0 0 0 0 0
P8146 2028 11 0 0 12 4 43 29 0 0 3 0 18 27 8 4 4 5 0 12 1 17 61 11 9 4 0 0 17 10 17 5 -999
P8146 2028 12 3 4 7 7 2 0 0 0 0 0 0 3 4 12 0 0 19 25 34 41 69 72 37 10 7 12 11 9 4 52 0
P8146 2029 1 2 0 40 52 4 3 15 42 9 20 15 57 20 12 17 94 32 5 3 8 2 0 0 0 0 0 0 37 6 8 6
P8146 2029 2 62 29 44 21 15 3 4 4 0 14 2 3 14 2 0 8 0 0 0 4 0 0 0 4 0 8 17 7 -999 -999 -999
P8146 2029 3 9 13 0 48 51 61 44 41 40 7 3 0 0 2 0 0 0 4 4 25 2 1 0 0 0 0 0 0 0 5 10
P8146 2029 4 0 0 14 6 0 0 0 0 0 0 0 0 24 48 6 3 0 15 0 0 0 0 0 0 0 0 0 3 21 12 -999
P8146 2029 5 2 0 13 45 52 19 66 47 9 2 2 0 3 0 0 0 0 0 0 3 0 0 0 0 12 0 0 0 0 0 0
P8146 2029 6 37 0 37 32 0 0 0 0 0 0 0 0 0 0 0 0 0 0 0 0 0 0 0 0 0 0 0 0 0 0 -999
P8146 2029 7 0 0 0 0 0 0 0 0 0 0 0 0 0 0 0 0 0 0 0 0 0 0 0 0 0 0 0 0 0 0 0
P8146 2029 8 0 0 0 0 0 0 0 0 0 0 0 0 0 0 0 0 0 0 0 0 0 0 0 0 0 0 0 0 0 0 0
P8146 2029 9 0 0 0 0 0 0 0 0 0 0 0 0 0 0 0 0 0 0 0 13 0 0 0 0 21 43 15 0 0 0 -999
P8146 2029 10 0 0 8 0 0 0 0 0 0 0 0 0 0 0 0 0 0 7 0 0 0 0 0 0 17 27 0 37 55 40 3
P8146 2029 11 0 0 0 0 0 0 0 0 0 0 0 0 0 0 3 0 8 8 3 7 19 8 18 14 0 0 7 5 7 0 -999
P8146 2029 12 6 9 44 38 82 2 5 10 37 1 3 1 3 3 0 0 9 2 1 0 2 44 30 25 54 5 77 89 67 5 0
P8146 2030 1 0 0 0 18 30 22 32 10 16 50 16 3 0 15 10 105 4 0 4 4 12 0 4 12 20 2 23 24 3 0 0
P8146 2030 2 16 12 51 17 78 12 11 6 0 0 0 0 0 0 11 40 17 2 0 0 0 8 2 0 82 3 0 16 -999 -999 -999
P8146 2030 3 0 0 0 0 0 0 0 0 0 0 0 0 0 0 0 6 20 18 15 0 0 11 26 30 40 29 16 28 71 24 87
P8146 2030 4 73 45 7 0 0 0 0 5 9 18 13 0 0 0 22 6 7 13 7 4 0 0 0 4 19 35 0 0 15 7 -999
P8146 2030 5 0 0 0 0 0 0 0 0 0 0 6 4 3 25 50 36 5 19 8 0 0 0 0 0 0 0 0 0 0 0 0
P8146 2030 6 0 0 0 0 0 0 0 0 0 0 0 0 0 0 0 0 8 12 5 4 0 0 0 0 0 0 0 0 0 0 -999
P8146 2030 7 0 0 0 0 0 0 0 0 0 0 0 0 0 0 0 0 0 0 0 0 0 0 0 0 0 0 0 0 0 0 0
P8146 2030 8 0 0 0 0 0 0 0 0 0 0 0 0 0 0 0 0 0 0 0 0 0 0 0 0 0 0 0 0 0 0 0
P8146 2030 9 0 0 0 0 0 0 0 0 0 0 0 0 0 0 0 50 46 14 5 5 33 24 11 2 5 0 3 5 3 2 -999
P8146 2030 10 0 0 0 0 0 0 26 45 42 51 9 32 9 5 9 3 12 41 53 52 55 47 28 36 4 0 0 21 18 8 9
P8146 2030 11 8 0 25 10 24 20 85 104 98 104 30 7 2 48 19 34 83 68 48 11 14 64 42 27 10 6 3 90 29 6 -999
P8146 2030 12 2 0 3 0 3 3 1 1 1 2 9 2 0 0 0 0 0 0 0 0 1 0 0 0 3 15 41 18 45 24 19
P8146 2031 1 21 3 9 61 21 26 3 101 94 54 28 27 126 94 55 16 6 0 3 3 3 0 0 0 0 0 0 0 0 0 5
P8146 2031 2 2 6 10 30 34 24 10 27 39 11 7 14 12 18 0 0 32 39 6 7 18 17 31 9 0 14 0 0 -999 -999 -999
P8146 2031 3 0 3 2 6 22 29 2 7 52 25 17 18 56 1 1 1 2 2 2 1 0 0 0 0 0 0 0 0 0 5 35
P8146 2031 4 9 10 2 0 4 9 6 4 5 9 5 10 42 2 0 0 0 0 0 0 0 0 0 0 0 0 0 0 0 0 -999
P8146 2031 5 0 4 12 4 0 0 0 0 0 6 18 0 0 0 0 0 0 0 0 0 0 0 0 0 0 0 0 0 0 0 0
P8146 2031 6 0 0 0 0 0 0 47 7 0 0 0 0 0 0 0 0 0 0 0 0 0 0 0 0 0 0 0 0 0 0 -999
P8146 2031 7 0 0 0 0 0 0 0 0 0 0 0 0 0 0 0 0 0 0 0 0 0 0 0 0 0 0 0 0 0 0 0
P8146 2031 8 0 0 0 0 0 0 0 0 0 0 0 0 0 0 0 0 0 0 0 0 0 0 0 0 0 0 0 0 0 0 0
P8146 2031 9 0 0 0 0 0 0 0 0 0 0 0 0 0 0 0 0 0 0 0 0 0 32 32 0 13 10 20 5 6 0 -999
P8146 2031 10 0 0 0 0 0 0 0 0 25 0 0 0 0 0 0 0 8 0 16 20 30 24 0 35 53 0 22 37 8 15 2
P8146 2031 11 0 4 16 81 16 31 26 35 10 20 30 19 49 58 67 29 25 78 67 62 54 14 3 13 80 38 48 39 18 29 -999
P8146 2031 12 75 71 44 54 71 69 104 33 14 7 4 2 0 0 5 4 4 4 2 0 70 11 9 24 35 24 5 53 6 13 4
P8146 2032 1 3 19 59 99 73 46 131 147 29 0 19 47 13 39 45 5 0 0 2 3 0 0 0 0 1 4 7 16 13 74 6
P8146 2032 2 1 4 0 0 0 3 4 2 0 24 56 42 5 0 0 21 0 15 0 0 0 9 0 0 0 15 33 40 -999 -999 -999
P8146 2032 3 0 0 0 0 0 0 0 0 0 3 3 0 0 0 0 0 0 0 0 0 0 0 0 0 0 0 0 4 10 15 0
P8146 2032 4 18 16 7 21 45 37 51 52 33 6 3 0 0 23 10 34 5 0 0 5 0 0 7 51 32 2 0 0 0 0 -999
P8146 2032 5 0 0 3 1 0 0 0 0 0 0 0 0 0 0 0 0 0 0 0 0 0 0 0 0 2 2 0 0 10 29 26
P8146 2032 6 0 0 0 0 0 0 0 0 0 0 0 0 0 0 0 0 0 0 0 0 0 0 0 0 0 0 0 0 0 0 -999
P8146 2032 7 0 0 0 0 0 0 0 0 0 0 0 0 0 0 0 0 0 0 0 0 0 0 0 0 0 0 0 0 0 0 0
P8146 2032 8 0 0 0 0 0 0 0 0 0 0 0 0 0 0 0 0 0 0 0 0 0 0 0 0 0 0 0 0 0 0 0
P8146 2032 9 0 0 0 0 0 0 0 0 0 26 17 0 12 7 8 33 24 0 0 0 0 0 0 0 0 0 0 0 0 0 -999
P8146 2032 10 19 30 24 0 0 0 0 5 9 0 0 0 0 0 111 24 15 0 0 15 11 19 48 15 0 0 0 43 57 3 6
P8146 2032 11 2 7 10 34 14 9 0 0 0 0 0 0 0 0 0 10 9 5 0 0 0 2 3 6 4 11 32 14 73 79 -999
P8146 2032 12 21 28 24 35 11 0 0 15 0 7 0 0 0 0 0 0 0 0 3 3 2 0 0 9 20 33 6 0 0 10 4
P8146 2033 1 2 9 51 76 35 60 35 71 139 119 43 71 44 2 63 71 43 58 47 6 0 15 9 5 12 20 55 42 4 23 2
P8146 2033 2 0 0 0 0 3 4 12 31 32 15 100 42 33 0 0 0 16 14 13 3 4 0 0 31 1 2 0 0 -999 -999 -999
P8146 2033 3 3 0 0 0 0 0 2 0 0 5 7 26 22 10 0 16 0 0 0 22 22 12 6 0 0 0 9 27 2 4 0
P8146 2033 4 0 0 5 17 31 16 14 18 20 19 16 28 35 12 10 64 57 51 20 18 35 53 10 8 33 5 4 8 12 3 -999
P8146 2033 5 2 0 25 20 0 0 0 0 0 0 0 5 8 15 2 4 40 18 8 9 46 3 3 3 0 0 0 0 0 0 0
P8146 2033 6 0 0 0 0 0 0 0 0 0 0 0 0 0 0 0 0 0 0 0 0 0 0 0 0 0 0 0 0 0 0 -999
P8146 2033 7 0 0 0 0 0 0 0 0 0 0 0 0 0 0 0 0 0 0 0 0 0 0 0 0 0 0 0 0 0 0 0
P8146 2033 8 0 0 0 0 0 0 0 0 0 0 0 0 0 0 0 0 0 0 0 0 0 0 0 0 0 0 0 0 0 28 0
P8146 2033 9 0 0 0 0 0 0 5 6 0 0 0 0 0 0 28 28 0 0 0 0 0 0 0 0 0 0 0 0 0 0 -999
P8146 2033 10 0 0 0 30 52 34 39 38 15 36 115 65 57 14 0 0 0 0 0 0 0 0 14 11 10 0 0 17 4 2 5
P8146 2033 11 13 40 63 54 5 3 0 0 0 0 3 0 0 0 0 0 3 2 0 1 0 2 0 0 0 0 0 0 0 0 -999
P8146 2033 12 7 5 5 3 0 0 0 2 0 2 9 2 0 0 0 0 0 0 0 0 0 0 0 0 0 0 0 0 5 0 0
P8146 2034 1 2 3 3 4 5 2 4 2 3 4 17 21 93 52 76 16 11 6 5 0 0 0 0 0 0 0 0 0 0 0 0
P8146 2034 2 0 0 0 0 0 3 4 0 0 2 0 0 2 4 12 9 14 0 0 3 0 0 0 0 0 0 13 24 -999 -999 -999
P8146 2034 3 39 56 56 38 43 23 10 12 0 0 0 0 0 2 4 2 0 0 0 0 0 7 27 43 35 0 0 0 0 0 0
P8146 2034 4 0 0 0 0 0 0 0 0 0 0 4 0 0 8 19 0 0 0 0 3 23 0 0 0 0 0 0 15 10 0 -999
P8146 2034 5 0 0 0 0 0 0 0 0 0 0 0 0 0 0 0 0 0 0 0 0 0 0 0 0 0 0 0 0 0 0 0
P8146 2034 6 0 0 0 0 14 7 3 0 0 0 0 0 0 0 0 0 0 0 0 0 0 0 0 0 0 0 0 0 0 0 -999
P8146 2034 7 0 0 0 0 0 0 0 0 0 0 0 0 0 0 0 0 0 0 0 0 0 0 0 0 0 0 0 0 0 0 0
P8146 2034 8 10 0 0 0 0 0 0 0 0 0 0 0 0 0 0 0 0 0 0 0 0 0 0 0 0 0 0 0 0 0 0
P8146 2034 9 0 0 0 0 0 0 0 0 0 0 0 0 0 0 0 0 0 0 0 0 20 25 0 0 0 15 0 0 0 0 -999
P8146 2034 10 7 6 20 11 55 41 0 0 18 37 5 2 0 3 0 9 0 0 0 0 11 7 0 14 28 30 10 38 14 0 0
P8146 2034 11 0 0 0 0 0 4 10 11 46 0 0 28 7 0 0 0 0 0 0 0 16 26 22 46 21 56 2 9 7 19 -999
P8146 2034 12 2 0 0 0 2 8 20 18 7 2 4 0 3 52 94 3 0 9 2 3 5 2 0 3 4 7 5 2 15 4 43
P8146 2035 1 2 0 18 31 36 42 43 53 13 3 7 6 19 7 4 5 19 2 12 34 73 89 57 34 2 2 0 16 7 0 9
P8146 2035 2 22 33 2 1 0 0 6 2 1 0 3 0 0 0 0 0 0 0 0 2 20 84 76 84 40 2 35 62 -999 -999 -999
P8146 2035 3 25 96 14 33 57 17 38 45 15 1 2 7 49 77 58 38 12 12 48 47 66 117 68 5 70 39 0 40 17 24 62
P8146 2035 4 30 45 14 49 49 39 22 45 78 13 13 13 3 15 0 0 0 41 63 60 56 54 48 33 10 3 6 41 39 41 -999
P8146 2035 5 32 0 0 0 0 0 0 0 0 0 0 0 0 0 0 0 0 0 0 0 0 0 39 16 0 0 0 0 0 41 33
P8146 2035 6 13 0 0 0 11 24 5 5 34 7 24 0 0 0 0 0 0 0 0 0 0 0 0 0 0 0 0 0 0 0 -999
P8146 2035 7 0 0 0 0 0 0 0 0 0 0 0 0 0 0 0 0 0 0 0 0 0 0 0 0 0 0 0 0 0 0 0
P8146 2035 8 0 0 0 0 0 0 0 0 0 0 0 0 0 0 0 0 0 0 0 0 0 0 0 0 0 0 0 0 0 0 0
P8146 2035 9 0 0 0 0 0 0 0 0 0 0 0 0 0 0 0 0 0 0 0 0 0 0 41 31 0 0 0 0 0 0 -999
P8146 2035 10 0 29 25 12 0 0 0 0 19 12 0 0 28 38 20 16 0 0 43 51 21 0 0 0 0 0 0 0 0 0 7
P8146 2035 11 0 0 16 20 24 22 0 5 8 0 0 0 0 0 0 0 0 0 0 0 0 0 0 0 0 0 0 15 5 0 -999
P8146 2035 12 5 4 8 17 92 82 58 39 5 40 2 2 33 15 5 4 0 5 38 82 80 23 0 0 4 0 0 0 0 0 2
P8146 2036 1 2 1 0 0 2 2 2 2 0 5 20 17 7 0 0 0 5 18 29 5 62 16 3 4 4 0 10 2 2 0 4
P8146 2036 2 1 0 0 0 0 3 5 21 19 6 11 25 32 7 2 5 2 0 0 0 0 0 0 0 0 3 4 8 -999 -999 -999
P8146 2036 3 53 38 15 15 29 13 0 0 0 0 0 0 0 8 5 5 0 0 0 4 0 0 0 0 0 0 2 14 9 12 18
P8146 2036 4 16 44 23 2 0 0 0 0 0 0 0 0 0 0 0 0 0 0 0 0 0 0 0 4 4 3 2 0 0 0 -999
P8146 2036 5 0 0 0 2 2 0 0 0 0 0 10 16 8 3 4 8 5 0 0 0 0 0 0 0 0 0 0 0 0 0 19
P8146 2036 6 29 18 0 0 0 0 0 0 0 0 0 0 0 0 0 0 0 0 5 0 0 0 0 0 0 0 0 0 0 0 -999
P8146 2036 7 0 0 0 0 0 0 0 0 0 0 0 0 0 0 0 0 0 0 0 0 0 0 0 0 0 0 0 0 0 0 0
P8146 2036 8 0 0 0 0 0 0 0 0 0 0 0 0 0 0 0 0 0 0 0 0 0 0 0 0 0 0 0 0 0 0 0
P8146 2036 9 0 0 0 0 0 0 0 0 0 0 0 0 0 0 0 0 0 0 0 0 0 0 0 0 0 0 0 0 0 0 -999
P8146 2036 10 0 0 0 0 0 0 0 0 0 0 39 0 0 0 0 0 0 0 0 0 0 0 0 0 0 37 30 25 61 53 19
P8146 2036 11 15 0 0 0 0 5 3 57 4 0 3 9 31 52 31 10 2 0 28 13 2 0 0 0 0 20 28 14 5 0 -999
P8146 2036 12 0 0 4 14 10 0 2 0 0 0 3 5 2 4 4 5 0 8 10 3 19 42 37 8 21 18 2 0 3 0 3
P8146 2037 1 2 7 0 0 0 0 2 0 21 47 6 85 26 0 0 0 0 20 49 80 121 41 29 128 113 11 159 58 70 3 1
P8146 2037 2 0 0 27 24 11 27 36 15 12 4 0 0 0 4 0 0 3 3 0 0 0 0 2 0 0 17 44 2 -999 -999 -999
P8146 2037 3 0 0 0 0 0 0 0 0 0 2 0 7 44 56 54 28 16 12 0 0 10 13 26 54 33 2 3 6 41 80 0
P8146 2037 4 10 0 7 4 6 9 2 3 4 0 0 0 2 27 48 15 21 11 3 9 48 40 46 29 5 0 0 0 0 0 -999
P8146 2037 5 0 0 0 0 0 0 0 0 0 3 3 2 0 3 3 0 6 7 2 0 0 5 9 8 42 24 2 0 0 0 0
P8146 2037 6 0 0 0 0 0 0 0 0 0 0 0 0 0 0 0 0 12 18 14 0 0 0 0 0 0 0 0 0 0 0 -999
P8146 2037 7 0 0 0 0 0 0 0 0 0 0 0 0 0 0 0 0 0 0 0 0 0 0 0 0 0 0 0 0 0 0 0
P8146 2037 8 0 0 0 0 0 0 0 0 0 0 0 0 0 0 0 0 0 0 0 0 0 0 0 0 0 0 0 0 0 0 0
P8146 2037 9 0 0 0 0 0 0 0 0 0 0 0 0 0 0 0 0 0 0 0 0 0 0 0 0 0 0 0 0 0 0 -999
P8146 2037 10 0 0 0 0 0 0 0 0 0 0 15 3 0 0 0 0 25 21 4 0 0 0 0 0 7 7 0 0 0 0 0
P8146 2037 11 0 0 0 0 0 18 12 10 0 0 13 21 15 30 11 0 0 0 0 42 6 7 32 21 10 6 17 22 10 4 -999
P8146 2037 12 107 2 58 74 28 6 8 16 41 31 17 3 6 7 5 4 15 16 3 0 0 48 39 2 0 0 0 0 2 3 3
P8146 2038 1 11 31 5 40 10 1 9 0 3 3 4 3 6 53 22 9 88 2 6 21 14 11 42 97 4 45 27 33 70 39 4
P8146 2038 2 0 7 20 60 47 52 7 2 4 8 0 0 0 0 4 5 0 2 4 0 0 0 10 0 0 0 0 42 -999 -999 -999
P8146 2038 3 38 11 23 22 111 10 26 14 15 18 6 0 0 0 0 0 6 28 32 32 19 2 0 3 0 6 3 15 6 2 4
P8146 2038 4 2 0 0 0 0 0 7 17 7 0 0 0 0 34 19 6 0 0 0 0 32 23 0 0 0 0 0 0 0 0 -999
P8146 2038 5 11 0 0 0 0 0 14 0 0 0 0 0 0 0 0 0 48 53 46 32 0 0 0 0 0 0 0 6 0 0 0
P8146 2038 6 0 0 0 9 0 0 0 0 0 0 0 0 0 0 0 0 0 0 0 0 0 0 0 0 0 0 0 0 0 0 -999
P8146 2038 7 0 0 0 0 0 0 0 0 0 0 0 0 0 0 0 0 0 0 0 0 0 0 0 0 0 0 0 0 0 0 0
P8146 2038 8 0 0 0 0 0 0 0 0 0 0 0 0 0 0 0 0 0 0 0 0 0 0 0 0 0 0 0 0 0 0 0
P8146 2038 9 0 0 0 0 0 0 0 0 0 0 0 0 0 0 0 0 0 0 0 0 0 0 0 13 0 0 0 0 0 0 -999
P8146 2038 10 0 0 11 0 0 0 0 0 0 0 0 0 0 0 0 0 0 9 10 0 12 20 50 0 0 0 23 13 5 0 0
P8146 2038 11 20 9 16 0 0 14 8 14 12 6 8 31 7 76 55 9 11 2 0 2 0 0 0 1 0 0 2 0 3 0 -999
P8146 2038 12 2 4 7 27 13 9 5 11 0 8 110 40 122 6 35 53 15 79 61 61 91 12 26 29 18 21 45 12 8 23 35
P8146 2039 1 19 32 19 8 17 3 7 7 0 0 0 0 0 14 15 30 25 2 27 15 2 6 15 11 5 1 1 0 0 0 0
P8146 2039 2 17 24 0 5 0 0 0 0 27 33 8 0 2 7 4 8 6 0 13 0 0 0 3 21 58 2 2 4 -999 -999 -999
P8146 2039 3 2 0 0 0 0 0 0 26 7 0 0 46 6 33 8 9 4 11 0 0 0 0 0 0 0 5 0 0 0 0 0
P8146 2039 4 0 0 0 0 0 0 0 0 0 0 0 0 17 40 5 0 0 0 5 0 4 3 0 0 0 0 0 0 0 0 -999
P8146 2039 5 0 0 0 0 0 0 0 0 0 0 0 0 0 0 0 12 2 2 0 3 4 8 0 0 0 0 0 0 0 0 0
P8146 2039 6 14 14 31 43 20 0 0 0 0 0 0 0 0 0 0 0 0 0 0 0 0 0 0 0 0 0 0 0 0 0 -999
P8146 2039 7 0 0 0 0 0 0 0 0 0 0 0 0 0 0 0 0 0 0 0 0 0 0 0 0 0 0 0 0 0 0 0
P8146 2039 8 0 0 0 0 0 0 0 0 0 0 0 0 0 0 0 0 0 0 0 0 0 0 0 0 0 0 0 0 0 0 0
P8146 2039 9 0 0 0 0 0 0 0 0 0 0 0 0 0 0 0 0 0 0 0 0 0 0 0 0 0 0 0 0 0 0 -999
P8146 2039 10 19 0 0 0 0 0 0 0 0 0 0 0 0 0 0 0 0 0 0 8 7 86 44 8 4 9 88 41 53 55 3
P8146 2039 11 2 0 0 0 0 0 5 13 16 9 30 23 7 4 3 2 1 9 95 49 19 9 22 0 0 0 12 48 2 2 -999
P8146 2039 12 8 21 9 79 134 87 41 34 53 7 16 12 12 25 14 9 11 16 71 58 4 14 21 31 24 12 36 55 19 52 22
P8146 2040 1 20 14 8 43 75 69 19 24 32 28 82 21 13 5 11 40 3 13 41 4 0 29 5 0 0 2 0 0 0 0 0
P8146 2040 2 0 0 0 3 2 0 0 0 0 2 0 0 0 1 1 1 1 2 3 2 0 0 0 0 0 0 0 0 -999 -999 -999
P8146 2040 3 0 0 0 0 0 0 0 0 0 0 0 0 0 14 23 0 0 0 0 37 0 36 54 52 47 25 9 6 40 30 5
P8146 2040 4 4 50 46 8 0 3 5 3 0 0 0 0 0 7 0 39 38 4 0 0 0 4 3 4 49 37 0 0 0 0 -999
P8146 2040 5 0 0 2 0 0 0 0 0 0 0 0 0 0 0 0 0 0 0 0 4 0 0 0 0 0 0 0 0 0 0 0
P8146 2040 6 0 0 0 0 0 0 0 0 0 0 0 0 0 0 0 0 0 0 0 0 0 0 0 0 0 0 0 0 0 0 -999
P8146 2040 7 0 0 0 0 0 0 0 0 0 0 0 0 0 0 0 0 0 0 0 0 0 0 0 0 0 0 0 0 0 0 0
P8146 2040 8 0 0 0 0 0 0 0 0 0 0 0 0 0 0 0 0 0 0 0 0 0 0 0 0 0 0 0 0 0 0 0
P8146 2040 9 0 0 0 0 0 0 0 0 0 0 0 0 0 0 0 0 0 0 0 0 0 0 0 0 0 0 0 0 4 0 -999
P8146 2040 10 0 0 0 0 0 0 0 0 0 0 0 0 0 0 0 0 17 26 27 4 2 0 2 0 0 12 8 11 0 0 21
P8146 2040 11 6 11 13 20 0 5 57 106 80 5 3 3 3 3 5 3 0 0 0 0 0 0 0 17 4 0 0 0 0 0 -999
P8146 2040 12 0 0 0 12 36 57 45 2 4 0 0 0 32 13 2 0 0 13 12 5 5 6 0 0 0 0 28 31 5 12 11
P8146 2041 1 4 0 0 0 1 0 4 2 0 0 0 9 9 12 6 0 0 0 36 27 53 74 63 54 54 59 68 65 11 9 0
P8146 2041 2 0 0 0 0 67 25 69 75 48 89 9 18 41 4 87 67 53 54 52 20 103 42 7 87 18 4 1 0 -999 -999 -999
P8146 2041 3 4 1 0 0 2 1 2 3 6 2 2 9 3 4 4 10 16 53 55 24 12 31 43 24 56 64 36 25 21 56 14
P8146 2041 4 0 0 0 0 0 0 0 0 0 0 0 0 2 0 2 0 8 38 15 17 9 4 10 56 46 10 0 3 0 0 -999
P8146 2041 5 0 0 12 15 0 0 0 0 0 30 15 0 0 0 0 0 0 0 24 37 42 41 39 22 12 37 40 16 0 4 3
P8146 2041 6 0 0 0 0 0 0 0 0 0 0 0 0 0 0 0 0 0 0 0 0 0 0 0 0 0 0 0 0 0 0 -999
P8146 2041 7 0 0 0 0 0 0 0 0 0 12 0 0 0 0 0 0 0 0 0 0 0 0 0 0 0 23 18 9 0 0 0
P8146 2041 8 0 0 0 0 0 0 0 0 0 0 0 0 0 0 0 0 0 0 0 0 0 0 0 0 0 0 0 0 0 0 0
P8146 2041 9 0 0 0 0 0 0 0 0 0 0 0 0 0 0 0 0 0 0 0 0 0 0 22 38 46 4 0 0 0 0 -999
P8146 2041 10 0 19 4 0 0 0 0 0 0 0 22 0 0 0 0 0 0 0 17 13 24 26 0 0 0 7 0 0 7 0 0
P8146 2041 11 0 0 0 11 8 12 13 10 33 24 37 24 55 41 61 43 138 90 18 80 63 56 39 135 40 12 46 55 16 6 -999
P8146 2041 12 5 51 2 70 57 19 21 33 5 0 10 17 24 55 50 58 54 49 30 45 4 0 14 2 0 0 0 0 0 0 0
P8146 2042 1 0 0 0 0 0 21 27 4 2 2 2 3 0 0 0 0 0 0 0 0 0 0 0 0 0 0 0 0 0 0 6
P8146 2042 2 10 4 0 0 0 0 0 3 6 9 3 0 0 0 0 0 0 3 3 4 0 0 0 22 8 0 0 0 -999 -999 -999
P8146 2042 3 0 0 0 0 0 6 6 0 0 0 0 4 8 8 21 25 0 36 54 47 5 3 2 45 6 2 3 5 19 16 45
P8146 2042 4 5 11 5 5 12 32 15 2 6 2 3 5 4 3 2 6 3 0 0 0 15 53 52 33 20 5 0 11 16 38 -999
P8146 2042 5 42 24 6 0 0 0 0 0 0 0 0 0 0 0 0 0 0 0 0 0 0 0 0 0 0 0 0 0 0 0 0
P8146 2042 6 0 0 0 0 0 0 0 0 0 0 0 0 0 0 0 0 0 0 0 0 0 0 0 0 0 0 0 0 0 0 -999
P8146 2042 7 0 0 0 0 0 0 0 0 0 0 0 0 0 0 0 0 0 0 0 0 0 0 0 0 0 0 0 0 0 0 0
P8146 2042 8 0 0 0 0 0 0 0 0 0 0 0 0 0 0 0 0 0 0 0 0 0 0 0 0 0 0 0 0 0 0 0
P8146 2042 9 0 0 0 0 0 0 0 0 0 0 0 0 0 0 0 0 0 0 0 0 0 0 0 0 0 0 0 0 0 0 -999
P8146 2042 10 0 28 0 0 0 0 17 25 14 0 25 33 41 19 5 0 0 5 4 58 15 7 3 3 0 0 8 10 0 0 0
P8146 2042 11 0 0 0 0 0 5 29 13 6 0 0 0 0 0 0 0 0 3 7 24 0 0 0 0 0 3 0 3 26 3 -999
P8146 2042 12 5 10 59 50 25 5 2 9 20 24 15 35 30 57 38 6 86 43 8 9 5 7 61 42 0 7 2 0 0 0 2
P8146 2043 1 3 3 7 4 4 17 5 1 0 0 2 3 18 85 27 37 7 13 11 44 30 57 15 50 0 2 4 38 19 1 2
P8146 2043 2 2 0 0 4 6 31 41 0 0 0 0 0 0 0 0 0 0 0 0 0 0 0 2 0 1 2 0 0 -999 -999 -999
P8146 2043 3 0 22 24 38 3 8 58 65 51 19 12 25 16 10 27 0 35 43 45 0 31 14 33 6 14 1 3 8 3 5 5
P8146 2043 4 7 2 3 5 0 0 0 0 0 18 37 0 0 0 0 30 34 0 0 28 0 0 0 0 0 0 6 0 0 0 -999
P8146 2043 5 0 0 0 17 0 0 0 0 0 0 0 0 0 0 0 0 0 0 0 26 30 41 45 28 0 11 39 17 3 9 7
P8146 2043 6 3 2 0 0 0 0 0 0 0 0 0 0 0 0 0 0 0 0 0 0 0 0 0 0 0 0 0 0 0 0 -999
P8146 2043 7 0 0 0 0 0 0 0 0 0 0 0 0 0 0 0 0 0 0 0 0 0 0 0 0 0 0 0 0 0 0 0
P8146 2043 8 0 0 0 0 0 0 0 0 0 0 0 0 0 0 0 0 0 0 0 0 0 0 0 0 0 0 0 0 0 0 0
P8146 2043 9 0 0 0 0 0 0 0 0 0 0 0 0 0 0 0 0 0 0 0 0 0 32 0 0 0 0 0 0 9 13 -999
P8146 2043 10 18 25 0 0 0 0 0 17 0 3 0 0 0 10 14 0 17 0 0 0 13 24 40 7 24 19 4 20 13 5 10
P8146 2043 11 0 0 0 0 0 0 0 0 0 21 48 22 69 48 11 0 0 0 0 0 0 0 0 7 12 8 2 55 15 5 -999
P8146 2043 12 2 3 0 0 0 0 6 3 9 38 50 49 5 6 14 2 3 57 57 17 150 47 12 26 42 36 28 4 0 0 0
P8146 2044 1 0 4 4 0 0 7 2 0 0 4 4 2 0 0 5 2 69 70 5 3 4 7 0 0 0 3 9 62 5 2 0
P8146 2044 2 0 0 0 0 31 5 0 0 21 25 10 0 0 0 0 0 0 0 0 0 0 0 3 52 33 5 14 6 -999 -999 -999
P8146 2044 3 2 10 67 66 18 2 2 20 3 2 1 2 0 0 0 0 2 14 14 3 2 2 0 5 5 10 45 38 4 33 1
P8146 2044 4 0 2 3 0 0 0 0 0 0 0 0 0 0 6 0 0 0 0 0 0 0 0 0 0 0 20 34 3 0 0 -999
P8146 2044 5 0 0 0 29 42 0 0 12 12 12 0 0 0 0 0 0 0 32 42 45 24 0 0 0 8 9 20 29 21 7 0
P8146 2044 6 0 0 0 0 0 0 7 0 0 0 0 0 0 0 0 0 0 0 0 0 0 0 0 0 0 0 0 0 0 0 -999
P8146 2044 7 13 0 0 0 0 0 0 0 0 0 0 0 0 0 0 0 0 0 0 0 0 0 0 0 0 0 0 0 0 0 0
P8146 2044 8 0 0 0 0 0 0 0 0 0 0 0 0 0 0 0 0 0 0 0 0 0 0 0 0 0 0 0 0 0 0 0
P8146 2044 9 0 0 0 0 0 0 0 0 0 0 0 0 0 0 0 0 0 0 0 0 41 32 0 34 29 14 12 0 20 44 -999
P8146 2044 10 22 13 19 0 0 0 0 0 35 35 0 0 0 0 0 0 4 18 22 48 23 0 0 0 0 0 0 0 0 0 10
P8146 2044 11 10 5 4 0 23 0 7 13 4 0 75 38 26 21 8 39 58 27 47 53 99 18 54 151 145 121 55 22 53 9 -999
P8146 2044 12 4 0 0 0 0 0 0 9 56 39 3 5 26 14 13 21 14 11 3 5 1 13 2 2 2 0 2 2 26 2 47
P8146 2045 1 56 40 19 6 10 8 68 43 4 8 116 61 68 56 18 63 6 1 0 0 0 5 4 0 3 0 0 0 0 9 12
P8146 2045 2 8 48 23 12 30 36 2 0 0 0 2 3 6 0 4 1 1 0 0 0 3 1 0 0 0 0 0 0 -999 -999 -999
P8146 2045 3 0 0 0 0 0 2 9 27 15 0 0 13 20 4 43 1 1 0 0 0 0 0 0 0 2 0 0 0 0 0 0
P8146 2045 4 21 0 0 2 9 52 46 0 7 6 16 3 0 11 0 15 0 0 0 0 0 0 0 0 0 0 0 0 0 0 -999
P8146 2045 5 11 0 0 0 0 0 0 23 0 0 0 0 0 0 0 0 0 0 0 0 7 0 0 0 0 0 0 0 0 0 0
P8146 2045 6 0 0 0 0 0 0 0 0 0 0 0 0 0 0 0 0 0 0 0 0 11 16 25 19 16 8 0 0 0 0 -999
P8146 2045 7 0 0 0 0 0 0 0 0 0 0 0 0 0 0 0 0 0 0 0 0 0 0 0 0 0 0 0 0 0 0 0
P8146 2045 8 0 0 0 0 0 0 0 0 0 0 0 0 0 0 0 0 0 0 0 0 0 0 0 0 0 0 0 0 0 0 0
P8146 2045 9 0 0 0 0 0 0 0 0 0 0 0 0 0 0 0 0 0 0 0 0 0 0 0 0 0 0 0 0 10 19 -999
P8146 2045 10 6 0 20 30 0 0 0 0 0 0 0 13 0 0 48 38 50 38 16 0 0 0 0 0 0 0 0 0 0 0 0
P8146 2045 11 33 16 3 0 10 3 0 0 0 0 0 2 6 4 18 54 79 40 4 0 0 42 27 83 3 22 69 57 25 13 -999
P8146 2045 12 7 12 12 3 3 2 1 2 0 1 0 0 0 2 2 0 6 57 14 32 44 22 26 44 52 48 24 3 2 0 0
P8146 2046 1 3 18 47 70 60 38 102 43 27 26 114 51 45 7 54 20 21 11 29 69 2 1 2 0 0 53 50 53 35 43 36
P8146 2046 2 65 61 51 23 15 31 18 6 2 2 12 7 21 36 56 22 5 2 4 3 6 69 3 3 6 34 87 74 -999 -999 -999
P8146 2046 3 73 58 55 6 18 145 56 60 76 46 132 69 74 21 116 51 71 11 14 17 27 3 1 0 0 0 19 46 21 0 2
P8146 2046 4 0 3 6 37 2 1 2 10 3 2 3 2 3 3 23 2 36 22 45 40 6 10 10 18 5 4 3 14 8 2 -999
P8146 2046 5 0 0 0 0 0 0 0 0 0 0 0 0 0 11 0 16 0 2 0 0 0 0 0 0 0 15 0 2 2 0 0
P8146 2046 6 0 0 0 0 0 0 0 0 0 0 0 0 0 0 0 0 0 4 13 0 0 0 0 0 0 0 0 0 0 0 -999
P8146 2046 7 0 0 0 0 0 0 0 22 0 0 0 0 0 0 0 0 0 0 0 0 0 0 0 0 0 0 0 0 0 0 0
P8146 2046 8 0 0 0 0 0 0 0 0 0 0 0 0 0 0 0 0 0 0 0 0 0 0 0 0 0 0 0 0 0 0 0
P8146 2046 9 0 0 0 0 0 0 0 0 0 0 0 0 0 0 0 0 0 0 0 0 0 0 0 0 0 0 0 0 0 0 -999
P8146 2046 10 0 32 21 8 8 30 19 22 0 0 0 0 0 0 0 0 0 0 0 5 2 61 12 7 22 3 17 8 11 72 38
P8146 2046 11 2 0 0 0 26 35 10 19 7 5 0 0 0 5 0 0 0 0 0 0 0 4 2 4 6 3 4 32 65 39 -999
P8146 2046 12 81 93 31 6 55 56 58 31 44 7 20 39 6 146 69 26 49 63 5 0 5 0 0 0 0 0 0 0 0 0 2
P8146 2047 1 0 0 0 0 0 0 6 29 3 37 46 47 26 52 75 146 81 11 110 5 61 52 4 0 0 0 0 0 0 0 8
P8146 2047 2 5 9 5 17 28 8 10 8 5 5 0 0 2 17 0 0 0 0 0 0 2 0 0 23 11 2 36 3 -999 -999 -999
P8146 2047 3 3 68 4 2 30 50 19 5 0 0 0 0 0 0 0 0 0 0 0 0 0 4 42 9 5 2 5 0 0 6 14
P8146 2047 4 54 2 7 3 0 4 6 4 16 57 57 24 3 6 70 9 2 11 3 0 0 3 0 0 0 0 0 0 0 0 -999
P8146 2047 5 0 0 0 0 0 0 0 0 38 15 0 13 22 7 0 0 0 0 0 0 0 0 0 0 0 0 0 0 0 0 0
P8146 2047 6 0 0 0 0 0 0 0 0 0 0 0 0 0 0 0 4 0 0 0 0 0 0 0 0 0 0 0 0 0 0 -999
P8146 2047 7 0 0 0 0 0 0 0 0 0 0 0 0 0 14 0 0 0 0 21 27 6 0 0 0 0 0 0 0 0 0 0
P8146 2047 8 0 0 0 0 0 0 0 0 0 0 0 0 0 0 0 0 0 0 0 0 0 0 0 0 0 0 0 0 0 0 0
P8146 2047 9 0 0 0 0 0 0 0 0 0 0 0 0 30 33 35 25 0 0 0 0 0 0 0 0 24 0 0 0 0 0 -999
P8146 2047 10 0 15 34 22 7 36 24 13 24 70 28 38 8 31 29 66 89 5 40 1 3 6 5 0 0 11 2 0 0 0 0
P8146 2047 11 2 0 10 6 21 18 10 21 34 49 18 4 5 3 9 28 38 4 0 0 0 0 0 0 0 0 0 0 0 0 -999
P8146 2047 12 0 0 0 0 0 0 0 0 0 0 0 0 0 3 0 0 0 0 0 0 0 7 6 7 3 0 0 0 4 3 0
P8146 2048 1 4 18 0 0 0 0 0 0 0 5 5 90 24 74 14 4 6 0 0 0 0 4 0 0 0 0 0 0 0 3 0
P8146 2048 2 0 0 2 1 2 0 0 0 2 5 5 4 5 8 10 9 0 0 0 0 0 0 0 0 0 0 0 0 -999 -999 -999
P8146 2048 3 0 0 0 4 9 7 15 46 30 40 54 7 34 49 5 42 23 11 16 27 35 4 0 10 5 29 4 7 25 6 2
P8146 2048 4 1 0 8 13 8 0 0 0 0 0 0 0 0 0 0 0 0 0 0 0 2 0 11 0 0 0 0 0 0 0 -999
P8146 2048 5 0 0 0 9 3 2 0 0 0 0 0 0 0 14 0 0 9 44 3 0 26 41 7 0 0 0 0 0 0 0 0
P8146 2048 6 0 0 0 0 0 0 0 0 0 0 0 0 0 0 65 0 0 0 0 0 0 0 0 0 0 0 0 0 0 0 -999
P8146 2048 7 0 0 0 0 0 0 0 0 0 0 0 0 0 0 0 0 0 0 0 0 0 0 0 0 0 0 0 0 0 0 0
P8146 2048 8 0 0 0 0 0 0 0 0 0 0 0 0 0 0 0 0 0 0 0 0 0 0 0 0 0 0 0 0 0 0 0
P8146 2048 9 0 0 0 0 0 0 0 0 0 0 0 0 0 0 0 0 14 0 0 0 0 0 0 0 0 0 45 45 53 19 -999
P8146 2048 10 2 0 0 0 0 5 0 0 0 0 0 0 0 0 0 0 0 0 17 5 6 5 0 0 4 3 3 0 0 0 6
P8146 2048 11 2 0 14 9 18 42 0 0 0 0 0 0 0 0 2 11 49 26 44 30 19 0 0 0 0 39 26 18 13 22 -999
P8146 2048 12 46 58 16 13 68 39 0 0 0 0 0 0 0 0 0 0 0 0 5 4 0 3 0 2 0 0 51 46 37 36 5
P8146 2049 1 6 8 17 13 10 26 26 20 3 6 11 14 39 7 16 20 29 7 0 0 6 7 5 5 3 5 7 21 10 18 30
P8146 2049 2 49 50 41 44 39 11 4 0 0 8 0 0 0 32 20 0 0 0 0 0 0 2 6 9 3 12 4 2 -999 -999 -999
P8146 2049 3 0 0 0 0 0 0 0 0 0 0 0 0 0 0 3 7 0 0 0 3 0 6 7 15 0 0 0 0 0 38 8
P8146 2049 4 0 4 0 0 0 0 0 0 0 0 0 0 0 0 36 39 36 0 0 0 0 15 0 0 38 0 0 0 0 0 -999
P8146 2049 5 3 3 2 1 2 2 8 40 47 28 4 12 2 0 0 0 0 0 0 30 45 23 35 43 34 30 30 41 3 2 3
P8146 2049 6 0 0 0 0 0 0 0 0 0 0 0 0 0 0 0 0 0 0 0 0 0 0 0 0 0 0 0 0 0 0 -999
P8146 2049 7 0 0 0 0 0 0 0 0 0 0 0 0 0 0 0 0 0 0 0 0 0 0 0 0 0 0 0 0 0 0 0
P8146 2049 8 0 0 0 0 0 0 0 0 0 0 0 0 0 0 0 0 0 0 0 0 0 0 0 0 0 0 0 0 0 0 0
P8146 2049 9 0 0 0 0 0 0 0 0 0 0 0 0 0 0 0 0 0 0 0 0 33 27 8 2 0 0 0 0 0 0 -999
P8146 2049 10 0 0 0 0 0 0 0 0 0 0 0 7 0 0 12 30 5 0 0 0 0 7 0 12 21 13 0 0 0 5 0
P8146 2049 11 0 24 68 65 38 10 40 81 49 64 107 63 113 53 61 64 51 10 3 6 3 9 4 24 0 0 0 0 0 8 -999
P8146 2049 12 4 47 28 28 2 1 1 4 0 7 2 0 5 0 7 2 5 24 12 80 96 6 4 16 29 18 80 15 57 32 75
P8146 2050 1 135 109 116 46 18 93 4 22 0 12 5 13 33 37 33 54 89 83 8 0 0 0 0 24 12 0 0 0 0 2 0
P8146 2050 2 0 0 0 0 0 2 0 0 0 0 0 0 0 17 7 12 0 0 41 24 29 12 5 23 3 2 0 0 -999 -999 -999
P8146 2050 3 0 46 48 37 46 53 39 16 43 24 22 7 0 5 3 6 23 8 75 11 7 0 0 11 5 14 25 47 26 24 60
P8146 2050 4 26 16 16 14 30 40 30 7 35 7 0 0 0 23 6 6 3 0 0 0 0 0 0 0 11 0 3 0 0 0 -999
P8146 2050 5 2 2 0 2 2 3 0 0 0 0 0 0 37 0 0 0 0 0 0 0 0 7 0 0 0 4 16 10 0 0 0
P8146 2050 6 0 0 0 0 0 0 0 0 0 0 0 0 0 0 0 0 0 0 0 0 0 0 0 0 0 0 0 0 0 0 -999
P8146 2050 7 0 0 0 0 0 0 0 0 0 0 0 0 0 0 0 0 0 0 0 0 0 0 0 0 0 0 0 0 0 0 0
P8146 2050 8 0 0 0 0 0 0 0 0 0 0 0 0 0 0 0 0 0 0 0 0 0 0 9 0 0 0 0 0 0 0 0
P8146 2050 9 0 0 0 0 0 0 0 0 0 0 0 0 0 0 0 0 0 0 0 0 0 0 0 0 0 0 0 0 0 0 -999
P8146 2050 10 31 11 2 0 0 0 0 0 0 0 0 0 13 41 24 26 13 6 0 0 0 13 15 13 16 9 6 3 2 2 2
P8146 2050 11 3 3 0 5 3 24 43 94 90 80 61 55 30 9 0 5 5 3 7 5 56 46 133 15 5 5 69 11 0 15 -999
P8146 2050 12 2 11 15 0 0 0 10 4 3 0 4 3 0 0 0 0 0 6 3 3 0 0 0 0 0 0 0 0 0 0 4
P8146 2051 1 0 3 0 0 0 0 0 0 3 15 0 0 2 12 3 0 2 1 0 4 2 0 0 0 0 0 0 0 12 2 0
P8146 2051 2 0 13 10 12 46 11 0 0 0 0 10 2 0 0 0 16 1 0 10 19 0 0 0 3 1 0 0 0 -999 -999 -999
P8146 2051 3 0 3 0 0 0 5 0 8 9 6 33 43 24 7 24 0 0 49 48 20 7 0 0 0 0 0 0 0 0 0 11
P8146 2051 4 17 9 0 0 0 38 33 17 13 41 22 0 32 0 12 19 13 21 23 29 2 4 17 0 0 0 0 0 0 0 -999
P8146 2051 5 0 0 0 0 0 0 0 0 0 0 0 29 33 5 0 0 0 0 0 0 0 0 0 52 30 22 0 0 0 0 0
P8146 2051 6 0 0 0 0 0 0 0 0 0 0 0 0 0 0 0 0 0 0 0 0 0 0 0 0 0 0 0 0 0 0 -999
P8146 2051 7 0 0 0 0 0 0 0 0 0 0 0 0 0 0 0 0 0 0 0 0 0 0 0 0 0 0 0 0 0 0 0
P8146 2051 8 0 0 0 0 0 0 0 0 0 0 0 0 0 0 0 0 0 0 0 0 0 0 0 0 0 0 0 0 0 0 0
P8146 2051 9 0 0 0 0 0 0 0 0 0 0 22 0 23 12 0 0 0 0 0 0 0 0 0 0 0 0 0 0 0 0 -999
P8146 2051 10 0 0 0 53 47 0 0 0 0 0 0 13 0 14 0 0 0 0 0 0 0 0 0 0 2 0 61 65 50 46 52
P8146 2051 11 30 43 38 7 6 0 0 0 0 0 0 0 0 2 2 2 2 3 0 0 0 0 0 7 3 2 0 13 11 5 -999
P8146 2051 12 6 0 6 27 44 5 5 74 56 3 49 49 9 9 97 164 36 85 4 0 0 0 0 0 0 0 0 0 0 0 0
P8146 2052 1 0 0 0 0 0 0 5 6 12 0 0 0 0 48 27 4 0 24 11 0 0 0 0 4 0 0 46 80 55 45 35
P8146 2052 2 10 48 47 49 17 130 67 24 15 37 23 0 0 0 33 75 26 13 49 13 0 0 0 51 23 6 4 21 -999 -999 -999
P8146 2052 3 0 0 0 0 0 0 0 32 24 0 0 0 0 16 33 49 30 61 51 52 3 6 56 1 0 0 0 0 0 0 0
P8146 2052 4 0 0 0 0 0 0 16 3 0 0 0 5 3 0 0 0 2 0 0 0 0 0 0 0 0 0 0 0 0 0 -999
P8146 2052 5 0 0 0 0 0 0 0 0 0 0 0 11 20 34 24 10 14 20 34 2 0 0 0 0 0 0 0 0 0 0 0
P8146 2052 6 0 0 0 0 0 0 0 0 0 0 0 0 0 0 0 0 0 0 0 0 0 0 0 0 0 0 0 0 0 0 -999
P8146 2052 7 0 0 0 0 0 0 0 0 0 0 0 0 0 0 0 0 0 0 0 0 0 0 0 0 0 0 0 0 0 0 0
P8146 2052 8 34 31 10 0 0 0 0 0 0 0 0 0 0 0 0 0 0 0 0 0 0 0 0 0 0 0 0 0 0 0 0
P8146 2052 9 0 0 0 0 0 0 0 0 0 0 0 0 0 0 0 0 0 0 0 0 0 0 0 0 0 0 0 0 0 0 -999
P8146 2052 10 0 0 0 0 0 0 0 0 0 0 0 0 0 0 0 0 0 0 0 0 0 0 0 0 27 22 0 0 0 0 7
P8146 2052 11 2 34 6 3 0 0 0 0 0 0 0 0 0 0 0 0 0 8 44 7 95 47 19 4 28 11 38 6 7 3 -999
P8146 2052 12 0 4 10 3 1 0 0 0 0 0 3 1 9 40 3 0 5 11 5 19 59 14 8 7 6 0 6 0 7 3 2
P8146 2053 1 3 7 4 5 4 4 5 33 84 76 119 107 84 3 20 70 44 2 0 0 0 0 42 25 21 27 21 18 21 30 35
P8146 2053 2 36 69 42 19 34 29 57 13 25 16 6 27 20 32 27 25 37 28 14 4 0 6 22 47 31 80 53 11 -999 -999 -999
P8146 2053 3 2 0 0 0 0 0 0 0 0 0 0 0 0 0 0 0 0 0 0 0 0 0 0 0 0 0 0 0 7 0 14
P8146 2053 4 18 18 2 2 0 0 0 0 0 0 0 30 22 47 36 3 4 0 0 0 0 0 0 47 55 50 32 0 0 0 -999
P8146 2053 5 0 0 0 0 0 0 0 0 0 0 0 0 0 0 0 0 0 0 0 0 0 0 0 0 0 0 0 0 0 3 0
P8146 2053 6 0 0 0 0 0 0 0 0 0 0 0 0 0 0 0 0 0 21 15 0 0 0 0 0 0 0 0 0 0 0 -999
P8146 2053 7 0 0 0 0 0 0 0 0 0 0 0 0 0 0 0 0 0 0 0 0 0 0 0 0 0 0 0 0 0 0 0
P8146 2053 8 0 0 0 0 0 0 0 0 0 0 0 0 0 0 0 0 0 0 0 0 0 0 0 0 37 32 0 0 0 0 0
P8146 2053 9 0 0 0 0 0 0 0 0 0 0 0 0 0 0 0 42 0 0 0 32 49 36 0 0 0 0 0 45 41 12 -999
P8146 2053 10 5 0 0 0 0 0 0 36 13 0 0 0 0 0 0 0 0 0 0 0 0 0 0 0 0 0 0 0 0 0 0
P8146 2053 11 0 0 0 3 5 8 0 0 0 0 16 0 0 0 71 53 152 57 140 22 112 12 14 18 3 4 0 0 0 0 -999
P8146 2053 12 0 0 0 3 0 0 0 0 0 9 31 64 39 57 5 17 29 39 30 14 9 8 17 55 32 16 0 0 0 0 15
P8146 2054 1 53 8 10 39 17 25 13 14 11 0 4 0 0 0 0 3 10 34 17 3 3 3 2 2 2 0 0 0 0 0 0
P8146 2054 2 0 16 14 36 63 41 20 7 5 0 0 8 5 3 0 0 0 7 0 7 6 3 13 10 0 0 0 0 -999 -999 -999
P8146 2054 3 0 0 0 0 0 0 0 0 0 0 0 0 3 0 27 4 20 4 0 5 0 22 23 1 3 22 7 19 71 10 64
P8146 2054 4 9 27 14 29 2 12 24 10 5 47 6 0 0 0 4 0 0 21 20 44 32 5 8 29 43 46 13 3 0 0 -999
P8146 2054 5 0 29 15 5 4 2 0 16 49 47 18 15 0 0 0 0 0 0 0 0 2 0 0 0 0 0 0 0 0 0 0
P8146 2054 6 0 0 0 0 0 0 0 0 0 0 0 0 0 0 0 0 0 0 0 0 0 0 0 0 0 0 0 0 0 0 -999
P8146 2054 7 0 0 0 0 0 0 0 0 0 0 0 0 0 0 0 0 0 14 11 0 0 0 0 0 0 0 0 0 0 0 0
P8146 2054 8 0 0 0 0 0 0 0 0 0 0 0 0 0 0 0 0 0 0 0 0 0 0 0 0 0 0 0 0 0 0 0
P8146 2054 9 0 0 0 0 0 0 0 0 0 0 0 0 0 0 0 0 0 0 0 0 0 0 18 13 0 0 0 0 0 0 -999
P8146 2054 10 0 0 0 0 0 0 0 14 11 0 33 19 9 0 0 0 0 0 0 0 48 35 2 3 2 0 0 0 3 5 41
P8146 2054 11 123 86 66 36 62 28 5 51 29 0 0 0 0 0 0 5 3 0 3 0 0 0 0 0 2 0 4 11 37 9 -999
P8146 2054 12 44 5 1 0 0 2 0 0 3 6 3 2 16 8 6 0 0 2 0 0 0 0 3 1 0 0 0 0 0 0 0
P8146 2055 1 0 0 8 36 90 36 8 0 0 70 57 58 56 31 51 52 40 48 70 67 86 80 62 5 3 3 2 3 5 3 6
P8146 2055 2 5 0 0 0 0 3 3 3 5 4 0 8 11 8 16 33 3 6 3 5 16 12 0 0 0 0 0 0 -999 -999 -999
P8146 2055 3 0 32 47 35 5 15 33 10 111 74 27 11 50 22 7 11 32 30 0 8 5 9 12 30 12 43 43 13 36 32 3
P8146 2055 4 0 0 0 0 0 12 32 2 33 6 3 6 3 2 4 0 0 0 0 0 56 30 51 51 47 40 31 14 5 16 -999
P8146 2055 5 14 44 63 40 7 45 49 52 42 7 0 0 5 7 0 0 0 0 0 0 0 0 0 0 0 0 0 0 0 0 0
P8146 2055 6 0 0 0 0 0 0 0 0 0 0 0 0 0 0 37 13 5 5 3 3 3 4 0 0 0 0 0 0 0 0 -999
P8146 2055 7 0 0 0 0 0 0 0 0 0 0 0 0 0 0 0 0 0 0 0 0 0 0 0 0 0 0 0 0 0 0 0
P8146 2055 8 0 0 0 0 0 0 0 0 0 0 0 0 0 0 0 0 0 0 0 0 0 0 0 0 0 0 0 0 0 0 0
P8146 2055 9 0 0 0 0 0 0 0 0 0 0 0 0 0 0 0 0 0 0 0 0 0 0 0 0 0 0 0 0 0 0 -999
P8146 2055 10 0 0 0 0 0 0 11 24 2 0 0 27 3 0 3 0 0 4 3 0 3 2 21 63 5 3 3 0 0 0 0
P8146 2055 11 16 19 0 0 12 66 58 49 0 0 0 4 0 13 0 19 2 0 0 0 11 3 4 12 0 0 0 0 7 8 -999
P8146 2055 12 37 28 2 2 0 0 0 0 0 40 44 52 28 16 29 11 6 7 7 81 101 22 8 6 0 0 0 0 0 7 7
P8146 2056 1 0 0 0 2 1 5 68 2 4 0 3 0 0 0 3 6 4 3 0 5 35 26 63 3 21 1 23 53 2 3 2
P8146 2056 2 0 0 0 0 2 0 0 0 0 0 0 0 0 0 0 0 3 0 0 0 5 7 4 0 0 0 0 0 -999 -999 -999
P8146 2056 3 0 29 31 5 0 0 15 10 20 47 5 0 0 0 0 36 7 3 3 3 0 0 0 0 0 27 17 19 7 19 0
P8146 2056 4 0 0 0 0 0 9 0 0 5 0 0 0 0 0 0 0 9 0 31 23 0 0 15 13 0 19 24 21 0 0 -999
P8146 2056 5 7 12 22 2 4 28 0 0 0 0 3 8 3 0 0 0 0 0 0 0 0 0 0 0 14 3 15 7 4 0 0
P8146 2056 6 23 0 0 0 0 0 7 0 0 0 0 0 0 0 0 0 0 0 0 0 0 0 0 0 0 0 0 0 0 0 -999
P8146 2056 7 0 0 0 0 0 0 0 0 0 0 0 0 0 0 0 0 0 0 0 0 0 0 0 0 0 0 0 0 0 0 0
P8146 2056 8 0 0 0 0 0 0 0 0 0 0 0 0 0 0 0 0 0 0 0 0 0 0 0 0 0 0 0 0 0 0 0
P8146 2056 9 0 0 0 0 0 0 0 0 0 0 0 0 0 0 0 0 0 0 0 0 0 0 0 0 0 0 0 27 20 15 -999
P8146 2056 10 0 13 0 0 0 0 0 0 0 0 0 0 0 0 0 0 0 0 21 0 0 0 19 56 50 18 0 0 0 0 0
P8146 2056 11 0 0 7 17 42 42 40 21 5 0 14 0 16 26 0 0 0 0 20 10 7 5 4 19 34 26 36 56 48 58 -999
P8146 2056 12 63 72 47 32 124 68 77 21 18 88 98 32 3 19 26 79 22 90 68 37 61 6 0 0 0 0 0 0 0 0 10
P8146 2057 1 13 5 0 0 5 4 17 13 12 9 0 0 8 6 0 0 0 0 0 0 0 0 0 2 5 32 79 75 32 3 45
P8146 2057 2 10 8 13 11 62 80 71 81 52 41 0 0 0 0 6 0 0 8 13 81 6 3 14 17 10 6 0 0 -999 -999 -999
P8146 2057 3 0 0 0 0 19 14 13 6 0 5 0 0 0 0 0 0 26 0 0 0 0 0 0 8 9 6 4 4 2 0 4
P8146 2057 4 0 0 0 0 0 0 0 18 19 20 38 13 6 7 37 53 27 22 4 2 2 5 0 0 0 0 0 6 0 0 -999
P8146 2057 5 0 0 0 0 0 0 0 0 0 0 0 0 4 4 19 24 31 9 0 0 0 0 0 0 8 22 0 25 17 6 4
P8146 2057 6 3 4 0 0 0 0 0 0 0 0 0 0 0 0 0 0 0 0 0 0 0 0 0 0 0 0 0 0 0 0 -999
P8146 2057 7 0 0 0 0 0 0 0 0 0 0 0 0 0 0 0 0 0 0 0 0 0 0 0 0 0 0 0 0 0 0 0
P8146 2057 8 0 0 0 0 0 0 0 0 0 0 0 0 0 0 0 0 0 0 0 0 0 0 0 0 0 0 0 0 0 0 0
P8146 2057 9 0 0 0 0 0 0 0 0 0 0 0 0 0 0 0 0 0 0 0 0 0 0 0 0 0 0 0 0 0 0 -999
P8146 2057 10 0 0 0 0 0 0 0 0 0 0 0 0 0 0 34 27 27 0 0 0 0 0 0 0 0 0 0 0 6 6 7
P8146 2057 11 4 3 57 65 23 56 0 11 18 28 82 54 13 20 7 10 6 3 5 5 2 0 0 0 0 0 3 0 0 0 -999
P8146 2057 12 0 0 0 0 0 2 0 6 31 34 55 62 79 24 10 2 0 0 0 0 0 0 0 0 0 0 0 0 0 27 13
P8146 2058 1 0 0 0 0 0 0 0 4 26 40 6 8 9 43 18 0 3 0 0 0 0 0 0 0 0 6 5 2 3 5 3
P8146 2058 2 18 2 0 0 0 0 0 0 0 4 5 7 14 4 14 3 0 0 0 0 0 0 0 0 0 0 0 0 -999 -999 -999
P8146 2058 3 0 0 0 0 0 0 0 0 0 0 0 0 0 0 0 0 0 0 0 4 30 7 4 31 38 47 2 0 0 0 0
P8146 2058 4 0 0 0 0 0 0 0 0 0 6 2 4 3 0 0 0 0 0 3 1 0 0 0 0 0 0 0 0 0 0 -999
P8146 2058 5 0 0 0 0 0 0 0 15 0 0 0 0 0 0 0 0 0 0 0 0 0 0 0 0 0 0 0 0 10 13 10
P8146 2058 6 19 0 0 0 0 0 0 0 0 0 0 0 0 0 0 0 0 0 0 0 0 0 0 0 0 0 0 0 0 0 -999
P8146 2058 7 0 0 0 0 0 0 0 0 0 0 0 0 0 0 0 0 3 0 0 0 0 0 0 0 0 0 0 0 0 0 0
P8146 2058 8 0 0 0 0 0 0 0 0 0 0 0 0 0 0 0 0 0 0 0 0 0 0 0 0 0 0 0 0 0 0 0
P8146 2058 9 0 0 0 0 0 0 0 0 0 0 0 0 0 0 0 0 0 0 0 0 0 0 11 0 10 0 0 0 0 0 -999
P8146 2058 10 0 0 0 0 0 0 0 0 0 0 0 0 0 0 0 0 0 0 0 0 0 4 6 5 0 0 0 0 0 0 0
P8146 2058 11 0 0 0 0 0 0 0 25 19 8 25 7 1 3 5 29 14 154 100 73 8 7 7 3 5 47 37 71 53 39 -999
P8146 2058 12 3 32 6 4 0 3 5 0 2 0 0 0 0 0 13 2 11 49 65 94 65 39 7 17 15 30 54 18 1 6 86
P8146 2059 1 8 95 5 4 1 1 1 0 0 0 0 0 0 6 28 3 2 0 8 4 19 3 4 3 11 3 0 0 0 0 0
P8146 2059 2 0 0 0 0 0 0 0 0 0 0 0 0 0 0 0 3 0 0 0 0 0 0 0 0 0 0 0 0 -999 -999 -999
P8146 2059 3 0 0 0 0 0 0 0 0 0 0 0 11 4 0 0 0 0 0 0 9 38 4 7 46 6 41 2 3 4 4 2
P8146 2059 4 0 0 0 0 0 0 0 0 0 0 0 0 0 0 0 0 0 0 0 0 7 0 0 17 12 0 0 0 19 4 -999
P8146 2059 5 0 0 0 39 15 0 0 14 0 0 0 0 0 0 0 0 0 3 0 0 0 0 0 0 0 0 0 35 39 0 0
P8146 2059 6 0 0 0 0 0 0 0 0 0 0 0 0 0 0 0 0 0 0 0 0 0 0 0 0 0 0 0 0 0 0 -999
P8146 2059 7 0 0 0 0 0 0 0 0 0 0 0 0 0 0 0 0 0 0 0 0 0 0 0 0 0 0 0 0 0 0 0
P8146 2059 8 0 0 0 0 0 0 0 0 0 0 0 0 0 0 0 0 0 0 0 0 0 0 0 0 0 0 0 0 0 0 0
P8146 2059 9 0 0 0 0 0 0 0 0 0 0 0 0 0 0 0 0 0 0 0 0 0 0 0 16 11 0 0 0 0 0 -999
P8146 2059 10 0 0 0 0 0 0 0 0 0 0 0 0 0 0 21 25 0 0 0 17 31 80 67 52 6 16 3 0 0 31 0
P8146 2059 11 26 43 20 37 0 0 0 0 1 2 49 4 2 32 75 33 3 3 2 2 4 6 46 18 2 0 39 2 3 3 -999
P8146 2059 12 0 0 0 8 0 0 3 11 11 6 0 5 1 1 0 0 0 0 0 0 0 0 0 0 0 4 15 53 89 31 11
P8146 2060 1 11 51 52 52 53 27 0 0 0 11 4 0 0 0 0 0 0 0 0 0 0 0 0 0 0 2 0 2 0 0 0
P8146 2060 2 0 0 0 3 17 4 25 7 33 8 33 54 13 60 58 47 28 32 6 2 14 6 26 12 58 3 20 15 -999 -999 -999
P8146 2060 3 69 29 27 22 26 55 53 55 20 10 0 0 0 0 0 0 98 28 68 72 63 50 6 2 0 0 3 29 6 8 1
P8146 2060 4 0 0 0 0 0 0 0 0 0 16 34 26 0 0 0 0 0 0 0 0 0 0 0 0 0 0 0 0 0 0 -999
P8146 2060 5 0 0 0 0 0 0 0 0 0 0 0 0 0 0 0 0 0 0 0 0 0 0 0 0 0 0 0 0 0 0 0
P8146 2060 6 0 0 0 0 19 31 37 25 8 0 0 0 0 6 0 0 0 0 0 0 0 0 0 0 0 0 0 0 0 0 -999
P8146 2060 7 0 0 0 0 0 0 0 0 0 0 0 0 0 0 0 0 0 0 0 0 0 0 0 0 0 0 0 0 0 0 0
P8146 2060 8 0 0 0 0 0 0 0 0 0 0 0 0 0 0 0 0 0 0 0 0 0 0 0 0 0 0 0 0 0 0 0
P8146 2060 9 0 0 0 0 0 0 0 0 0 0 0 0 0 0 0 3 0 0 0 0 0 0 0 0 0 39 20 0 0 0 -999
P8146 2060 10 0 0 0 0 0 0 0 0 0 0 15 48 26 38 3 2 7 4 0 0 12 2 10 3 13 0 0 18 10 6 73
P8146 2060 11 47 7 5 3 0 0 0 5 25 5 0 4 1 1 2 2 0 11 1 0 0 0 0 0 3 6 7 2 4 3 -999
P8146 2060 12 0 9 15 8 31 55 7 0 9 4 0 0 0 12 8 28 6 9 0 40 75 1 2 3 2 7 4 9 5 2 0
P8146 2061 1 0 0 0 3 0 0 0 0 0 3 4 0 0 28 6 15 53 3 92 11 33 69 64 62 59 60 139 42 18 19 17
P8146 2061 2 3 0 0 4 11 0 0 0 21 40 41 29 8 45 59 7 6 22 3 57 6 32 1 2 5 2 10 4 -999 -999 -999
P8146 2061 3 130 44 35 54 2 1 6 3 5 6 96 5 37 11 34 24 3 31 50 9 3 1 0 0 0 0 0 0 0 0 0
P8146 2061 4 0 0 9 10 18 31 38 47 46 22 31 33 26 10 4 0 0 31 14 5 0 0 0 10 13 0 0 0 0 0 -999
P8146 2061 5 0 0 19 8 8 0 0 0 0 0 0 0 0 0 0 0 0 0 0 0 0 0 0 0 0 0 0 0 0 0 0
P8146 2061 6 0 0 0 0 0 0 0 0 0 0 0 0 0 0 0 0 0 0 0 0 0 0 0 0 0 0 0 0 0 0 -999
P8146 2061 7 0 0 0 0 0 0 0 0 0 0 0 0 0 0 0 0 0 0 0 0 0 0 0 0 0 0 0 0 0 0 0
P8146 2061 8 0 0 0 0 0 0 0 0 0 0 0 0 0 0 0 0 0 0 0 0 0 0 0 0 0 0 0 0 0 0 0
P8146 2061 9 0 0 0 0 0 0 0 0 0 0 0 0 0 0 0 0 45 47 65 49 51 11 0 0 0 0 0 0 0 0 -999
P8146 2061 10 0 22 9 4 0 0 20 9 54 22 0 0 0 3 0 0 8 8 0 0 37 0 0 0 36 32 51 27 5 0 0
P8146 2061 11 0 0 10 0 0 4 8 15 5 4 1 0 0 0 0 0 0 15 19 0 0 0 0 0 0 0 2 4 8 14 -999
P8146 2061 12 48 60 71 0 0 0 0 0 0 4 6 7 5 0 0 0 13 27 17 2 3 4 0 0 0 0 0 0 6 12 0
P8146 2062 1 0 0 0 0 0 0 0 0 0 0 0 13 25 6 61 62 18 21 1 0 7 3 4 3 0 11 12 27 5 11 132
P8146 2062 2 34 26 4 6 2 24 38 56 32 7 0 0 0 0 0 0 0 15 11 0 28 45 39 53 68 41 42 5 -999 -999 -999
P8146 2062 3 0 0 0 0 0 12 0 0 0 12 3 0 0 17 0 0 0 0 0 0 0 0 10 12 4 32 0 0 0 0 0
P8146 2062 4 0 5 1 0 0 24 0 0 0 29 32 2 0 0 0 0 0 3 0 0 3 0 6 35 10 5 0 0 0 0 -999
P8146 2062 5 0 33 53 0 0 0 0 24 0 0 0 0 0 0 0 0 0 0 0 0 0 0 0 0 0 0 0 7 11 3 6
P8146 2062 6 4 0 0 0 0 0 0 0 0 0 0 0 0 0 0 0 0 0 0 0 0 0 0 0 0 0 0 0 0 0 -999
P8146 2062 7 0 0 0 0 0 0 0 0 0 0 0 0 0 0 0 0 0 0 0 0 0 0 0 0 0 0 0 0 0 0 0
P8146 2062 8 0 0 0 0 0 0 0 0 0 0 0 0 0 0 0 0 0 0 0 0 0 0 0 0 0 0 0 0 0 0 0
P8146 2062 9 0 0 0 0 0 0 0 0 0 0 0 0 0 0 0 0 0 0 0 0 0 0 0 0 0 0 0 0 0 0 -999
P8146 2062 10 0 0 0 0 0 0 49 29 0 0 0 0 0 0 0 0 0 0 20 40 11 24 28 14 32 34 17 11 7 3 0
P8146 2062 11 0 15 10 15 87 66 5 0 0 19 28 3 0 0 0 0 0 35 11 48 44 9 59 35 37 2 0 13 0 5 -999
P8146 2062 12 0 0 0 0 0 0 7 0 29 72 40 3 0 0 12 54 5 4 8 6 6 6 18 24 32 4 0 5 4 0 0
P8146 2063 1 0 0 6 8 4 4 0 0 0 0 0 0 1 1 0 0 0 0 0 5 8 0 0 5 0 9 53 3 0 0 0
P8146 2063 2 0 0 0 0 0 0 12 13 12 0 0 0 1 3 25 0 0 0 0 0 2 2 4 0 0 0 0 8 -999 -999 -999
P8146 2063 3 5 0 0 0 0 0 4 1 2 6 29 12 46 36 54 37 3 10 12 16 16 20 0 0 0 39 52 53 34 2 0
P8146 2063 4 21 22 8 8 9 0 0 0 0 74 45 4 1 2 3 21 30 22 0 0 0 8 4 2 3 2 5 8 5 1 -999
P8146 2063 5 0 0 0 0 0 0 0 0 0 0 0 0 22 11 7 3 0 2 0 0 3 4 0 0 0 0 0 0 0 0 0
P8146 2063 6 0 0 0 0 0 0 0 0 0 0 0 0 0 0 0 0 0 0 0 0 0 0 0 0 0 0 0 0 0 0 -999
P8146 2063 7 0 0 0 0 0 0 0 0 0 0 0 0 0 0 0 0 0 0 0 0 0 0 0 0 0 0 0 0 0 0 0
P8146 2063 8 0 0 0 0 0 0 0 0 0 0 0 0 0 0 0 0 0 0 0 0 0 0 0 0 0 0 0 0 0 0 0
P8146 2063 9 0 0 0 0 0 0 0 0 0 0 0 0 0 0 0 0 0 0 0 0 0 0 0 0 0 27 42 5 6 0 -999
P8146 2063 10 0 0 0 0 0 0 0 0 16 20 47 5 4 10 6 2 3 0 7 39 16 41 4 0 0 0 15 34 9 12 0
P8146 2063 11 0 0 0 0 0 0 0 0 0 0 0 0 0 0 0 0 0 0 0 0 0 2 0 4 22 0 0 16 3 19 -999
P8146 2063 12 23 26 43 0 29 48 35 18 5 25 8 48 9 22 3 4 30 37 7 0 4 9 25 37 14 24 25 13 21 45 5
P8146 2064 1 6 7 6 30 3 9 0 0 4 37 53 76 50 45 5 2 3 23 0 0 34 34 0 0 0 0 18 12 20 3 2
P8146 2064 2 4 0 0 0 0 0 0 0 0 0 0 0 26 40 16 9 13 9 2 0 0 0 0 0 0 19 34 21 -999 -999 -999
P8146 2064 3 0 14 50 70 56 29 15 3 4 11 26 2 5 5 0 7 0 10 2 5 0 10 35 1 1 0 0 0 12 35 17
P8146 2064 4 12 14 19 28 0 0 0 0 0 1 0 0 0 0 0 0 0 4 2 0 0 0 11 32 13 9 36 30 0 0 -999
P8146 2064 5 0 5 2 0 0 0 0 0 0 0 0 0 0 0 0 0 0 0 0 0 0 0 0 0 0 0 0 0 0 0 0
P8146 2064 6 0 0 0 0 0 0 0 0 0 0 0 0 0 0 0 0 0 0 0 0 0 0 0 0 0 0 0 0 0 0 -999
P8146 2064 7 0 0 0 0 0 0 0 0 0 0 0 0 0 0 0 0 0 0 0 0 0 0 0 0 0 0 0 0 0 0 0
P8146 2064 8 0 0 0 0 0 0 0 0 0 0 0 0 0 0 0 0 0 0 0 0 0 0 0 0 0 0 0 0 0 0 0
P8146 2064 9 0 0 0 0 0 0 0 0 0 0 0 0 0 0 0 0 0 0 0 0 0 0 0 0 0 0 0 11 0 0 -999
P8146 2064 10 2 2 0 4 0 0 0 0 0 16 0 0 0 0 0 15 0 0 0 0 12 4 8 17 2 0 3 0 0 0 0
P8146 2064 11 0 0 0 0 0 3 1 2 2 3 0 0 2 2 2 0 0 0 0 0 0 0 17 39 9 9 18 44 47 5 -999
P8146 2064 12 0 5 3 7 7 5 20 28 52 66 34 21 0 0 0 0 3 3 12 73 34 73 6 5 3 25 46 85 11 83 32
P8146 2065 1 9 23 4 3 0 5 41 47 45 41 14 3 1 1 0 0 0 0 0 0 0 0 6 0 0 0 0 0 0 0 2
P8146 2065 2 8 11 11 32 3 0 0 0 4 2 6 0 0 0 0 0 0 0 5 8 21 0 6 0 9 6 0 3 -999 -999 -999
P8146 2065 3 0 0 0 0 4 22 24 2 11 25 0 0 0 0 0 0 0 11 0 0 0 6 0 36 4 58 33 41 10 29 44
P8146 2065 4 25 10 38 2 2 0 0 0 0 0 9 14 0 29 21 0 0 0 0 0 0 0 0 0 14 16 0 0 8 2 -999
P8146 2065 5 2 0 7 0 10 0 5 6 4 3 0 0 0 0 0 3 5 0 0 0 0 0 0 0 0 0 0 0 0 0 3
P8146 2065 6 13 13 8 22 19 9 8 0 0 0 19 45 8 0 0 0 0 0 0 0 0 0 0 0 0 0 0 0 0 0 -999
P8146 2065 7 0 0 0 0 0 0 0 0 0 0 0 0 0 0 0 0 0 0 0 0 0 0 0 0 0 0 0 0 0 0 0
P8146 2065 8 0 0 0 0 0 0 0 0 0 0 0 0 0 0 0 0 0 0 0 0 0 0 0 0 0 0 0 0 0 0 0
P8146 2065 9 0 0 0 0 0 0 0 0 0 0 0 0 0 0 0 0 0 0 0 0 28 42 54 63 48 35 19 11 0 0 -999
P8146 2065 10 0 0 0 0 0 0 0 0 0 0 15 6 0 0 0 27 36 46 48 2 12 0 8 0 0 0 0 0 0 0 0
P8146 2065 11 4 0 0 0 23 6 14 24 2 0 0 18 23 14 17 0 0 0 0 0 21 15 6 0 6 2 0 0 0 0 -999
P8146 2065 12 0 0 0 0 6 4 0 0 0 9 20 40 6 0 0 0 0 0 6 10 23 16 58 48 23 44 10 27 5 0 4
P8146 2066 1 1 0 2 6 29 0 0 8 5 12 13 9 5 4 6 15 40 7 0 0 0 0 0 0 0 0 0 0 0 0 0
P8146 2066 2 0 0 0 0 0 10 22 14 13 0 0 0 0 0 0 0 0 21 21 8 0 0 0 17 7 38 2 15 -999 -999 -999
P8146 2066 3 126 54 56 56 56 55 32 50 55 26 14 30 9 26 25 24 3 3 0 21 27 6 2 0 1 0 7 29 19 14 33
P8146 2066 4 32 17 0 0 0 0 44 20 0 0 0 0 0 0 0 2 5 6 0 0 0 0 0 0 0 0 0 0 0 0 -999
P8146 2066 5 0 0 0 0 0 0 0 0 0 0 0 0 0 0 0 0 0 0 0 0 0 0 0 0 0 0 0 0 0 0 0
P8146 2066 6 0 0 0 0 0 0 0 0 0 0 0 0 0 0 0 0 0 0 0 0 0 0 0 0 0 0 0 0 0 0 -999
P8146 2066 7 0 0 0 0 0 0 0 0 0 0 0 0 0 0 0 0 0 0 0 0 0 0 0 0 0 0 0 0 0 0 0
P8146 2066 8 0 0 0 0 0 0 0 0 0 0 0 0 0 0 0 0 0 0 0 0 0 0 0 0 0 0 0 0 0 0 0
P8146 2066 9 0 0 0 0 0 0 0 0 0 0 0 0 0 0 0 0 0 0 0 0 0 0 0 0 0 0 0 0 0 0 -999
P8146 2066 10 0 0 0 0 0 0 0 0 0 0 0 13 45 17 18 35 51 13 7 9 0 25 0 0 0 15 25 22 13 13 73
P8146 2066 11 21 10 12 23 31 42 47 50 55 25 0 0 0 0 0 40 17 10 19 66 69 86 7 0 17 36 46 32 134 149 -999
P8146 2066 12 61 56 54 0 0 0 8 8 11 13 6 75 70 131 15 8 94 23 1 0 2 3 7 5 5 35 45 28 15 18 24
P8146 2067 1 25 47 51 55 48 32 34 36 0 4 10 55 57 53 40 26 50 128 56 2 2 28 41 37 23 12 11 4 27 15 6
P8146 2067 2 4 4 3 0 0 0 3 25 61 4 19 43 5 0 0 0 0 2 2 4 8 8 3 2 0 0 0 0 -999 -999 -999
P8146 2067 3 0 0 4 12 2 0 3 0 4 3 7 22 6 3 7 18 24 3 0 0 0 0 0 0 4 5 33 31 2 2 0
P8146 2067 4 0 0 0 0 0 5 6 7 5 0 0 0 0 14 3 2 2 2 3 2 0 0 0 0 11 14 8 10 0 8 -999
P8146 2067 5 0 0 0 0 0 35 27 0 0 0 4 0 5 12 4 0 4 12 32 33 16 9 0 0 0 0 0 0 0 0 0
P8146 2067 6 0 0 0 0 0 0 0 41 0 0 0 0 0 0 0 0 0 0 0 0 0 0 0 0 0 0 0 0 0 0 -999
P8146 2067 7 0 0 0 0 0 0 0 0 0 0 0 0 0 0 0 0 0 0 0 0 0 0 0 0 0 0 0 0 0 0 0
P8146 2067 8 0 0 0 0 0 0 0 0 0 0 0 0 0 0 0 0 0 0 0 0 0 0 0 0 0 0 0 0 0 0 0
P8146 2067 9 0 0 0 0 0 0 0 0 0 0 0 0 0 0 0 0 0 0 0 0 0 0 0 0 0 0 0 0 0 0 -999
P8146 2067 10 0 0 0 0 0 9 39 27 0 0 0 0 0 0 0 0 0 0 0 0 0 0 0 0 0 0 0 19 31 22 43
P8146 2067 11 10 37 73 38 13 32 78 42 74 16 9 24 10 8 19 6 9 82 84 36 0 11 0 9 4 1 0 2 7 4 -999
P8146 2067 12 4 3 0 49 58 56 3 0 72 59 106 62 9 29 20 25 3 0 0 20 6 20 7 0 0 0 0 0 0 0 0
P8146 2068 1 3 0 2 0 0 0 0 0 2 13 11 4 1 0 0 2 2 2 0 6 5 11 37 54 11 36 2 0 74 40 114
P8146 2068 2 5 13 9 2 6 27 14 35 55 49 12 28 19 0 27 20 0 0 0 4 6 0 10 6 6 0 0 0 -999 -999 -999
P8146 2068 3 4 3 6 6 3 2 0 0 49 57 28 14 0 0 0 55 18 0 0 10 3 0 15 25 0 5 0 0 0 20 0
P8146 2068 4 5 6 0 12 18 8 0 0 0 0 0 0 0 0 0 0 0 0 0 0 0 0 2 4 4 0 0 7 2 0 -999
P8146 2068 5 0 0 12 40 0 0 0 0 0 3 6 38 33 5 24 16 6 5 5 8 7 0 0 0 0 0 0 0 0 0 0
P8146 2068 6 0 0 0 0 0 0 0 0 0 0 0 0 0 0 0 0 0 0 0 0 0 0 0 0 0 0 0 0 0 0 -999
P8146 2068 7 0 0 0 0 0 0 0 0 0 0 0 0 0 0 0 0 0 0 0 0 0 0 0 0 0 0 0 0 0 0 0
P8146 2068 8 0 0 0 0 0 0 0 0 0 0 0 0 0 0 0 0 0 0 0 0 0 0 0 0 0 0 0 0 0 0 0
P8146 2068 9 0 0 0 0 0 0 0 0 0 0 0 0 0 0 0 0 0 0 0 0 24 48 49 31 17 0 12 10 0 0 -999
P8146 2068 10 7 0 0 0 0 0 10 11 2 0 0 0 24 16 0 0 0 0 0 8 25 15 53 16 1 2 0 0 23 10 23
P8146 2068 11 4 0 0 0 0 0 0 0 0 0 0 0 0 0 8 35 2 2 3 3 37 56 11 39 18 0 0 0 42 39 -999
P8146 2068 12 7 40 29 24 97 35 6 18 53 14 24 3 15 5 45 54 60 59 75 50 40 3 0 0 0 8 2 1 0 0 0
P8146 2069 1 0 0 0 0 0 3 4 1 3 69 35 6 2 0 0 0 0 0 0 0 0 0 0 13 17 21 16 42 102 66 117
P8146 2069 2 63 12 3 5 99 9 6 25 97 42 3 2 2 7 2 0 0 0 0 0 0 0 2 0 2 0 0 2 -999 -999 -999
P8146 2069 3 45 46 6 7 29 23 39 68 17 16 13 2 0 0 0 0 0 0 0 0 2 0 2 6 2 0 5 17 31 2 0
P8146 2069 4 5 0 0 0 0 0 17 28 4 7 140 51 6 30 44 39 22 50 51 41 2 4 0 0 0 0 0 22 35 36 -999
P8146 2069 5 48 14 2 6 7 58 47 35 8 4 0 0 0 0 0 0 0 0 0 12 0 0 0 0 0 0 0 3 2 0 0
P8146 2069 6 3 0 0 0 0 0 0 0 0 0 0 0 0 0 0 0 0 0 0 0 0 0 0 0 0 0 0 0 0 0 -999
P8146 2069 7 0 6 0 0 0 0 0 0 0 0 0 0 0 0 0 0 0 0 0 0 0 0 0 0 0 0 0 0 0 0 0
P8146 2069 8 0 0 0 0 0 0 0 0 0 0 0 0 0 0 0 0 0 0 0 0 0 0 0 0 0 0 0 0 0 0 0
P8146 2069 9 0 0 0 0 0 0 0 0 18 0 0 0 0 0 0 0 0 0 0 0 0 0 0 0 0 0 13 13 107 53 -999
P8146 2069 10 48 40 52 22 0 0 0 0 0 0 0 0 0 0 9 5 3 0 0 2 6 14 25 4 2 1 0 0 0 0 24
P8146 2069 11 35 40 92 35 4 0 0 19 40 45 55 54 53 48 9 0 0 0 0 0 8 0 22 49 6 53 11 113 65 1 -999
P8146 2069 12 1 42 61 52 28 35 33 5 0 0 0 0 18 0 0 0 0 0 0 0 0 12 68 21 4 6 7 7 26 4 0
P8146 2070 1 26 28 14 33 71 20 4 9 71 8 6 2 3 3 0 0 5 3 14 51 78 32 51 38 27 13 138 3 10 77 69
P8146 2070 2 36 104 118 14 5 6 11 3 6 77 25 13 7 0 39 40 22 0 0 3 6 10 85 26 48 10 68 8 -999 -999 -999
P8146 2070 3 17 0 0 0 17 0 0 0 57 67 42 35 11 0 0 0 0 20 42 3 60 67 20 8 48 0 0 0 0 0 0
P8146 2070 4 36 38 5 0 21 20 9 38 10 8 11 11 3 10 67 19 6 0 0 0 0 5 5 2 2 1 2 5 0 0 -999
P8146 2070 5 0 0 0 10 32 10 8 9 0 8 0 22 30 55 22 5 5 11 9 0 0 0 0 0 0 0 0 0 0 0 0
P8146 2070 6 0 0 13 10 0 0 0 0 0 0 0 0 0 0 0 0 0 0 0 0 0 0 0 0 0 0 0 0 0 0 -999
P8146 2070 7 0 0 0 0 0 0 0 0 0 0 0 0 0 0 0 0 0 0 0 0 0 0 0 0 0 0 0 0 0 0 0
P8146 2070 8 0 0 0 0 0 0 0 0 0 0 0 0 0 0 0 0 0 0 0 0 0 0 0 0 0 0 0 0 0 0 0
P8146 2070 9 0 0 0 0 0 0 0 0 0 0 0 0 0 0 0 0 0 0 0 0 0 0 0 0 0 0 0 34 20 25 -999
P8146 2070 10 0 0 0 0 0 0 15 21 12 26 42 39 31 17 8 0 0 5 40 61 57 60 26 2 0 0 0 0 0 7 8
P8146 2070 11 0 52 43 31 3 8 44 38 35 13 35 132 53 10 3 12 31 2 18 52 21 73 57 33 9 0 0 0 0 0 -999
P8146 2070 12 0 2 3 0 0 0 0 0 0 3 3 4 6 3 0 0 0 0 2 1 0 35 7 5 9 2 11 9 14 6 3
P8146 2071 1 0 4 3 6 2 0 0 1 6 9 5 10 32 46 91 57 60 59 56 32 23 13 71 81 32 2 4 6 3 9 45
P8146 2071 2 13 4 4 4 27 44 18 12 3 0 0 3 3 0 0 0 0 0 5 9 23 5 1 2 7 41 51 2 -999 -999 -999
P8146 2071 3 0 0 0 0 4 3 6 6 5 4 3 2 0 0 0 0 0 0 5 0 0 0 0 0 26 9 0 0 9 2 0
P8146 2071 4 0 0 0 0 0 0 0 0 0 0 0 0 0 0 0 0 0 0 0 15 32 0 0 0 0 0 0 0 0 0 -999
P8146 2071 5 0 0 0 0 0 0 0 0 0 0 0 0 0 38 25 5 10 0 0 0 0 0 0 0 0 0 0 0 0 0 0
P8146 2071 6 0 0 0 0 0 0 0 12 3 0 0 0 0 0 0 0 0 0 0 0 0 0 0 0 0 0 0 0 0 0 -999
P8146 2071 7 0 0 0 0 0 0 0 0 0 0 0 0 0 0 0 0 0 0 0 0 0 0 0 0 0 0 0 0 0 0 0
P8146 2071 8 0 0 0 0 0 0 0 0 0 0 0 0 0 0 0 0 0 0 0 0 0 0 0 0 0 0 0 0 0 0 0
P8146 2071 9 0 0 0 0 0 0 0 0 0 0 0 0 0 0 0 0 0 0 0 0 0 0 0 0 0 0 0 0 0 0 -999
P8146 2071 10 0 0 0 0 0 23 0 0 2 3 0 0 0 0 0 0 0 0 0 0 0 0 0 0 13 0 0 0 0 0 0
P8146 2071 11 21 5 3 0 4 12 29 49 42 8 8 12 0 3 3 17 0 2 0 0 0 0 0 0 0 12 7 0 0 0 -999
P8146 2071 12 0 2 3 2 5 19 6 0 0 0 0 0 0 0 0 0 0 0 2 0 0 0 0 0 0 0 0 0 0 0 0
P8146 2072 1 0 0 0 0 0 2 1 2 2 4 1 1 1 3 26 2 1 0 0 0 23 60 58 5 0 0 4 16 94 4 17
P8146 2072 2 2 2 2 13 51 7 7 26 10 119 11 115 78 62 45 58 67 56 86 56 65 139 90 22 2 16 37 3 -999 -999 -999
P8146 2072 3 0 0 0 10 13 13 50 13 1 2 9 25 0 3 0 0 0 15 34 0 0 0 11 2 0 0 0 0 0 0 0
P8146 2072 4 0 0 0 0 0 59 37 44 32 7 37 7 0 12 32 22 9 0 0 0 21 0 50 29 0 0 0 0 0 17 -999
P8146 2072 5 0 0 0 18 0 0 0 9 14 0 0 0 0 0 0 0 0 0 0 0 0 0 0 0 0 0 0 0 0 0 0
P8146 2072 6 0 0 10 5 0 0 0 0 0 0 0 0 0 0 0 0 0 0 0 0 0 0 0 0 0 0 0 0 0 0 -999
P8146 2072 7 0 0 0 0 0 0 0 0 0 0 0 0 0 0 0 0 0 0 0 0 0 0 0 0 0 0 0 0 0 0 0
P8146 2072 8 0 0 0 0 0 0 0 0 0 0 0 0 0 0 0 0 0 0 0 0 0 0 0 0 0 0 0 0 0 0 0
P8146 2072 9 0 0 0 0 0 0 0 0 0 0 0 0 0 0 0 0 0 0 0 0 0 0 0 0 0 0 0 0 0 0 -999
P8146 2072 10 15 11 0 12 0 0 6 0 0 0 0 0 0 0 0 0 0 24 7 7 4 15 10 38 22 41 11 6 26 40 86
P8146 2072 11 6 13 0 51 65 54 38 57 93 80 43 5 2 0 0 0 0 0 0 0 9 18 52 62 17 45 97 2 4 3 -999
P8146 2072 12 0 0 0 0 4 34 37 10 2 5 3 0 0 0 0 0 0 8 0 15 19 10 4 0 0 6 2 0 0 0 0
P8146 2073 1 0 0 0 0 5 11 0 0 0 0 0 0 0 0 0 0 0 0 3 0 0 0 0 0 0 5 2 0 0 0 0
P8146 2073 2 0 0 3 5 2 2 4 4 36 79 58 17 16 48 11 2 27 2 4 0 2 0 13 2 0 0 0 0 -999 -999 -999
P8146 2073 3 0 0 0 0 0 0 0 7 5 4 3 0 0 6 6 8 5 7 16 15 3 2 0 0 0 0 13 19 6 4 0
P8146 2073 4 0 0 0 0 0 0 0 0 0 0 0 0 0 22 40 45 16 0 0 0 0 0 0 18 6 0 0 3 0 0 -999
P8146 2073 5 13 0 0 0 0 0 0 0 0 0 0 0 0 0 0 10 11 9 24 4 0 0 18 37 2 0 2 2 0 0 0
P8146 2073 6 0 0 0 0 0 0 0 0 0 0 0 0 0 0 0 0 0 0 0 0 0 0 0 0 0 0 0 0 0 0 -999
P8146 2073 7 0 0 0 0 0 0 0 0 0 0 0 0 0 0 0 0 0 0 0 0 0 0 0 0 0 0 0 0 0 0 0
P8146 2073 8 0 0 0 0 0 0 0 0 0 0 0 0 0 0 0 0 0 0 0 0 0 0 0 0 0 0 0 0 0 0 0
P8146 2073 9 0 0 0 49 0 4 0 0 0 0 0 5 0 0 0 0 0 0 0 0 0 0 17 0 0 0 0 0 0 0 -999
P8146 2073 10 0 0 0 0 0 0 23 24 0 60 55 0 0 0 0 0 0 0 38 5 0 0 0 0 0 0 16 22 2 8 8
P8146 2073 11 15 4 0 0 2 7 58 50 64 91 8 2 1 0 0 0 0 0 0 0 3 11 0 17 8 14 16 8 11 17 -999
P8146 2073 12 37 46 21 26 3 14 2 1 0 0 0 0 0 0 0 0 1 1 2 13 32 35 5 11 42 3 5 0 0 0 0
P8146 2074 1 0 2 0 0 0 0 0 0 0 2 2 3 3 2 0 0 0 28 24 20 0 0 0 0 0 8 6 4 3 0 0
P8146 2074 2 2 0 0 0 0 0 8 6 30 2 4 5 5 4 3 0 0 0 0 5 4 6 3 0 5 6 0 0 -999 -999 -999
P8146 2074 3 39 39 11 0 0 0 0 0 0 0 0 12 0 6 15 0 0 0 0 0 5 0 0 0 0 0 0 0 0 0 0
P8146 2074 4 0 0 0 0 0 0 0 0 0 0 0 0 0 0 0 0 0 0 0 0 0 0 0 0 0 18 10 2 0 0 -999
P8146 2074 5 0 0 0 0 0 14 17 8 9 21 28 24 5 0 0 0 0 0 13 30 26 9 9 0 0 0 0 0 0 0 0
P8146 2074 6 0 0 0 0 0 0 0 0 0 0 0 0 0 0 0 0 0 0 0 0 0 0 0 0 0 0 0 0 0 0 -999
P8146 2074 7 0 0 0 0 0 0 0 0 0 0 0 0 0 0 0 0 0 0 0 0 0 0 0 0 0 0 0 0 0 0 0
P8146 2074 8 0 0 0 0 0 0 0 0 0 0 0 0 0 0 0 0 0 0 0 0 0 0 0 0 0 0 0 0 0 0 0
P8146 2074 9 0 0 0 0 0 0 0 0 0 0 0 0 0 0 0 0 0 0 6 0 0 14 9 5 3 3 0 5 0 0 -999
P8146 2074 10 0 0 10 0 0 0 0 5 9 4 2 0 0 0 0 0 0 6 6 0 0 0 0 0 0 0 0 16 38 3 5
P8146 2074 11 3 6 7 0 0 3 0 18 50 55 9 31 16 0 0 45 12 15 6 0 0 0 59 86 81 15 0 8 5 2 -999
P8146 2074 12 0 0 46 27 0 0 0 29 5 6 7 7 35 61 74 138 95 8 55 36 128 50 2 0 0 0 72 55 72 17 24
P8146 2075 1 102 59 55 45 25 7 2 1 1 1 4 8 43 2 2 2 0 0 0 0 0 0 0 0 0 0 13 5 3 7 5
P8146 2075 2 27 5 4 3 69 29 9 5 4 4 33 60 24 37 3 24 4 0 17 10 48 15 4 2 0 0 0 0 -999 -999 -999
P8146 2075 3 0 0 0 22 47 51 20 0 0 52 27 28 41 25 2 2 3 17 63 47 10 38 58 35 11 13 56 20 27 43 59
P8146 2075 4 27 1 16 0 0 25 0 0 0 0 0 0 0 0 0 0 0 0 5 2 4 5 0 0 0 0 0 0 0 54 -999
P8146 2075 5 46 50 52 56 33 45 35 14 0 0 0 11 14 10 4 4 20 12 11 10 4 4 3 0 0 0 0 0 0 0 0
P8146 2075 6 0 0 0 0 0 0 0 0 0 0 0 0 0 0 0 0 0 0 0 0 0 0 0 0 0 0 0 0 0 0 -999
P8146 2075 7 0 0 0 0 0 0 0 0 0 0 0 0 0 0 0 0 0 0 0 0 0 0 0 0 0 0 0 0 0 0 0
P8146 2075 8 0 0 0 0 0 0 0 0 0 0 0 0 0 0 0 0 0 0 0 0 0 0 0 0 0 0 0 0 0 0 0
P8146 2075 9 0 0 0 0 0 0 0 0 0 0 0 0 0 0 18 0 0 0 0 0 0 0 0 0 0 0 0 26 22 13 -999
P8146 2075 10 0 0 8 4 3 0 0 27 3 0 0 0 0 0 16 14 0 0 24 13 2 0 0 0 5 0 19 17 7 0 0
P8146 2075 11 35 13 23 38 7 3 70 22 59 4 5 44 16 8 2 19 61 7 4 10 20 10 14 33 15 42 44 4 5 3 -999
P8146 2075 12 0 6 0 16 18 32 56 29 66 3 4 7 16 6 4 4 0 0 0 0 0 2 2 0 0 6 2 0 2 2 0
P8146 2076 1 0 0 0 0 0 0 0 0 2 3 3 3 2 8 2 2 0 3 5 0 0 0 0 0 0 0 7 5 0 2 1
P8146 2076 2 2 9 3 5 0 6 0 7 31 0 0 0 0 0 0 0 0 0 4 4 3 0 0 0 0 0 0 0 -999 -999 -999
P8146 2076 3 0 0 0 0 5 6 0 0 32 53 5 0 0 23 24 21 39 43 2 0 2 0 0 0 0 0 0 0 0 0 0
P8146 2076 4 0 0 0 31 0 0 0 0 0 0 0 31 2 0 0 0 0 0 13 0 51 49 44 29 7 0 24 10 0 0 -999
P8146 2076 5 13 0 24 2 0 0 0 0 0 0 0 0 0 0 0 0 0 15 19 29 29 15 8 0 0 11 10 24 6 6 2
P8146 2076 6 17 0 0 0 0 0 0 0 0 0 0 0 0 0 0 0 0 0 0 0 0 0 0 0 0 0 0 0 0 0 -999
P8146 2076 7 0 0 0 0 9 0 0 0 0 0 0 0 0 0 0 0 0 0 0 0 0 0 0 0 0 0 0 0 0 0 0
P8146 2076 8 0 0 0 0 0 0 0 0 0 0 0 0 0 0 0 0 0 0 0 0 0 0 0 0 0 0 0 0 0 0 0
P8146 2076 9 0 0 0 0 0 0 0 0 0 0 0 0 0 0 0 0 0 0 0 0 0 0 24 0 0 0 39 43 9 3 -999
P8146 2076 10 3 10 20 0 0 0 0 0 0 0 28 50 52 55 51 3 8 55 0 0 7 3 9 7 5 0 0 0 0 0 0
P8146 2076 11 0 0 0 2 0 0 3 15 43 49 35 47 3 2 2 0 0 19 3 2 0 0 0 32 15 6 0 0 0 0 -999
P8146 2076 12 0 0 0 0 0 0 0 4 3 0 0 0 0 0 2 2 3 0 0 0 0 0 0 0 0 0 3 6 15 14 1
P8146 2077 1 0 0 0 0 0 3 0 2 0 0 0 6 44 106 19 12 0 3 0 0 0 35 74 42 61 12 18 8 2 2 4
P8146 2077 2 5 3 6 23 36 34 2 0 0 0 0 22 32 18 49 29 46 0 0 0 0 0 0 0 0 0 0 0 -999 -999 -999
P8146 2077 3 0 12 20 0 0 10 7 21 44 48 38 14 45 27 9 27 0 54 40 5 0 0 0 0 0 4 2 4 4 0 0
P8146 2077 4 0 0 0 0 0 0 6 18 16 3 7 0 0 0 0 0 0 0 0 0 0 0 0 0 0 0 0 0 0 0 -999
P8146 2077 5 0 0 0 0 0 0 0 0 0 0 0 0 0 0 0 0 0 0 0 0 0 0 0 49 52 50 38 20 0 0 0
P8146 2077 6 0 0 0 0 0 0 0 0 0 8 3 3 10 14 0 0 0 0 0 0 0 0 0 0 0 0 0 0 0 0 -999
P8146 2077 7 0 0 0 0 0 0 0 0 0 0 0 0 0 0 0 0 0 0 0 0 0 0 0 0 0 0 0 0 0 0 0
P8146 2077 8 0 0 0 0 0 0 0 0 0 0 0 0 0 0 0 0 0 0 0 0 0 0 0 0 0 0 0 0 0 0 0
P8146 2077 9 0 0 0 0 0 0 0 0 0 0 0 0 0 0 0 0 0 0 0 0 0 0 0 0 0 0 23 41 0 0 -999
P8146 2077 10 0 0 0 0 0 0 0 0 0 0 0 0 0 11 18 0 0 15 13 19 18 48 15 2 0 0 0 10 0 0 0
P8146 2077 11 0 4 35 48 70 32 70 42 11 8 8 38 71 60 59 53 50 69 2 8 34 67 56 40 33 44 49 27 8 0 -999
P8146 2077 12 0 0 0 2 3 3 3 13 10 51 128 13 23 107 64 7 100 60 80 34 57 43 89 120 91 131 94 66 99 16 7
P8146 2078 1 4 43 22 43 30 89 6 117 11 90 5 0 0 0 0 0 0 0 0 0 0 28 6 2 0 0 0 0 0 0 0
P8146 2078 2 5 24 4 8 7 53 43 2 4 4 17 3 11 3 4 0 9 9 0 0 3 0 3 3 0 3 0 0 -999 -999 -999
P8146 2078 3 0 0 0 0 0 19 4 6 0 20 46 14 14 63 5 0 0 43 0 0 0 2 6 5 0 0 31 8 14 24 2
P8146 2078 4 34 44 5 101 61 52 5 2 7 0 0 0 12 18 0 14 42 52 45 5 0 0 0 0 0 0 0 11 29 5 -999
P8146 2078 5 7 2 0 24 16 8 5 2 0 7 25 42 50 23 24 34 20 4 0 0 0 0 0 0 0 0 0 0 0 0 0
P8146 2078 6 0 0 0 0 0 0 0 0 0 0 0 0 0 0 0 0 0 0 0 0 0 0 0 0 0 0 0 0 0 0 -999
P8146 2078 7 0 0 0 0 0 0 0 0 0 0 0 0 0 0 0 0 0 0 0 0 0 0 0 0 0 0 0 0 0 0 0
P8146 2078 8 0 0 0 0 0 0 0 0 0 0 0 0 0 0 0 0 0 0 0 0 0 0 0 0 0 0 0 0 0 0 0
P8146 2078 9 0 0 63 33 14 0 0 0 0 0 0 0 0 0 0 0 0 0 0 0 0 0 0 0 0 0 0 0 0 0 -999
P8146 2078 10 0 0 0 0 0 0 0 0 0 0 0 0 0 0 0 0 0 0 0 0 0 0 10 0 0 0 0 0 0 0 0
P8146 2078 11 0 0 58 45 7 2 0 0 0 2 0 0 0 0 0 0 0 0 0 4 0 0 18 7 0 0 4 59 3 8 -999
P8146 2078 12 0 2 0 0 0 0 2 8 0 0 9 0 0 0 1 4 1 0 0 0 0 0 0 0 18 11 18 34 12 90 88
P8146 2079 1 7 5 6 8 1 2 12 7 3 0 5 0 5 4 0 0 0 0 0 0 0 0 0 0 0 9 41 11 0 0 0
P8146 2079 2 0 13 0 7 40 11 2 34 31 3 0 11 0 12 0 0 0 31 95 56 51 14 39 48 48 53 54 27 -999 -999 -999
P8146 2079 3 9 47 4 11 9 3 0 11 19 19 22 22 0 0 0 0 0 0 0 36 55 23 15 7 0 0 0 0 0 10 23
P8146 2079 4 62 44 17 3 0 13 33 18 9 0 0 0 0 0 0 0 0 0 0 0 0 0 0 0 0 0 0 0 0 10 -999
P8146 2079 5 15 3 3 0 0 0 0 0 0 0 0 0 0 0 0 28 20 0 0 0 0 0 0 0 0 0 0 0 0 0 0
P8146 2079 6 0 0 0 0 0 0 0 0 0 10 0 0 0 0 0 0 0 0 0 0 0 0 0 0 0 0 0 0 0 0 -999
P8146 2079 7 0 0 0 0 0 0 0 0 0 0 0 0 0 0 0 0 0 0 0 0 0 0 0 0 0 0 0 0 0 0 0
P8146 2079 8 0 0 0 0 0 0 0 0 0 0 0 0 0 0 0 0 0 0 0 0 0 0 0 0 0 0 0 0 0 0 0
P8146 2079 9 0 0 0 0 0 0 0 0 0 38 24 0 0 0 0 0 0 0 0 0 0 0 0 0 0 0 0 0 0 15 -999
P8146 2079 10 0 0 0 0 0 0 0 0 0 0 0 0 0 0 0 0 0 34 39 39 22 44 5 8 15 5 9 3 8 0 0
P8146 2079 11 0 34 24 0 15 3 0 0 0 0 18 0 0 0 0 0 0 0 0 11 10 5 37 7 16 69 31 8 50 57 -999
P8146 2079 12 2 0 0 0 16 10 63 86 70 71 13 0 4 0 61 75 131 78 113 25 21 20 4 4 0 0 0 5 2 0 0
P8146 2080 1 0 0 0 15 9 5 16 6 0 2 0 6 0 1 0 0 0 0 2 3 9 10 28 5 15 3 3 2 7 5 0
P8146 2080 2 2 0 0 2 1 0 0 0 0 2 20 45 8 2 0 0 2 0 0 0 3 2 3 5 0 0 0 0 -999 -999 -999
P8146 2080 3 0 0 0 0 0 0 0 0 9 4 0 0 0 0 0 0 0 0 0 0 0 0 11 0 0 0 0 0 0 0 0
P8146 2080 4 45 4 22 16 38 56 45 38 39 5 1 0 0 0 0 34 40 14 34 14 4 0 0 0 19 0 0 0 0 0 -999
P8146 2080 5 34 27 5 0 0 0 0 0 0 0 0 0 0 0 0 0 0 17 0 6 0 0 0 0 0 0 0 0 0 0 0
P8146 2080 6 0 0 0 0 0 0 0 0 0 0 0 0 0 0 0 0 0 0 0 0 0 0 0 0 0 0 0 0 0 0 -999
P8146 2080 7 0 0 0 0 0 0 0 0 0 0 0 0 0 0 0 0 0 0 0 0 0 0 0 0 0 0 0 0 0 0 0
P8146 2080 8 0 0 0 0 0 0 0 0 0 0 0 0 0 0 0 0 0 0 0 0 0 0 0 5 18 5 0 0 0 0 0
P8146 2080 9 0 0 0 0 0 0 0 0 0 0 0 0 39 21 0 0 0 0 0 0 0 0 17 43 29 13 0 0 0 0 -999
P8146 2080 10 0 0 0 0 0 0 0 0 0 0 0 8 3 0 0 0 0 0 0 0 0 11 0 87 48 39 6 0 0 0 0
P8146 2080 11 0 0 0 17 19 3 0 0 0 3 1 2 0 0 0 23 15 4 0 0 15 0 0 0 0 10 9 65 3 0 -999
P8146 2080 12 0 0 0 0 0 0 3 8 5 82 30 20 12 50 7 7 7 0 0 0 12 9 24 68 44 0 9 6 2 4 0
P8146 2081 1 0 0 0 0 0 0 0 0 0 0 0 0 0 0 0 1 2 8 30 63 65 100 22 13 33 18 10 0 0 3 0
P8146 2081 2 4 14 68 30 6 7 2 2 4 0 0 0 0 0 0 0 4 23 3 45 83 55 18 8 7 5 8 3 -999 -999 -999
P8146 2081 3 0 0 0 0 0 0 0 0 0 3 7 24 63 109 67 22 102 11 57 34 39 48 60 10 64 52 62 55 8 19 53
P8146 2081 4 23 3 3 16 9 0 0 0 0 0 0 0 0 0 0 0 6 2 0 0 0 0 0 0 0 0 0 9 5 0 -999
P8146 2081 5 0 0 0 0 0 2 3 1 0 0 2 0 0 0 0 0 0 0 0 0 0 0 3 0 0 0 8 19 15 6 0
P8146 2081 6 0 0 0 0 0 0 0 0 9 38 34 5 0 0 0 0 0 0 0 0 0 0 0 0 0 0 0 0 0 0 -999
P8146 2081 7 0 0 0 0 0 0 0 0 0 0 0 0 0 0 0 0 0 0 0 0 0 0 0 0 0 0 0 0 0 0 0
P8146 2081 8 0 0 0 0 0 0 0 0 0 0 0 0 0 0 0 0 0 0 0 0 0 0 0 0 0 0 0 0 0 0 0
P8146 2081 9 0 0 0 0 0 0 0 0 0 0 0 0 0 0 0 0 0 0 0 0 0 0 0 0 0 0 0 0 0 0 -999
P8146 2081 10 0 0 36 0 0 0 0 0 24 45 55 47 20 7 46 34 44 44 36 41 27 0 0 0 0 0 0 0 0 0 32
P8146 2081 11 0 0 45 56 28 7 4 0 0 45 42 7 13 76 79 67 27 31 44 123 44 74 75 2 3 0 0 0 41 32 -999
P8146 2081 12 40 28 23 50 42 13 82 75 16 0 0 9 0 0 0 0 0 0 3 31 53 33 122 8 47 63 7 119 13 0 0
P8146 2082 1 0 0 0 0 0 0 2 1 2 1 0 0 0 8 42 74 4 8 8 3 0 0 0 3 2 9 43 26 51 18 0
P8146 2082 2 0 0 2 8 3 3 5 0 0 0 4 1 0 0 0 0 0 0 0 0 0 0 0 0 0 0 1 0 -999 -999 -999
P8146 2082 3 0 0 2 0 0 0 0 0 8 9 6 2 0 0 0 2 7 7 31 39 0 48 17 7 2 0 5 0 5 6 14
P8146 2082 4 28 0 43 35 12 26 54 46 47 59 54 39 56 0 7 27 14 0 49 51 32 0 0 0 0 0 0 9 8 0 -999
P8146 2082 5 0 0 0 0 0 0 0 0 0 0 0 0 0 0 0 0 0 0 0 0 0 0 0 0 0 0 0 0 0 0 0
P8146 2082 6 0 0 0 0 0 10 22 23 10 6 0 0 0 0 0 0 21 22 13 7 13 0 0 0 0 0 0 0 0 0 -999
P8146 2082 7 0 0 0 0 0 0 0 0 0 0 0 0 0 0 0 0 0 0 0 0 0 0 0 0 0 0 0 0 0 0 0
P8146 2082 8 0 0 0 0 0 0 0 0 0 0 0 0 0 0 0 0 0 0 0 0 0 0 0 0 0 0 0 0 0 0 0
P8146 2082 9 0 0 0 0 0 0 0 0 0 0 0 0 0 0 0 0 0 0 0 0 0 0 0 0 0 0 0 0 0 0 -999
P8146 2082 10 0 0 0 0 0 0 0 0 0 0 0 0 25 34 0 0 6 23 10 133 86 2 4 65 17 37 0 0 0 0 0
P8146 2082 11 0 0 0 0 0 17 0 0 0 10 20 27 16 29 27 54 15 4 9 37 13 35 35 16 4 14 6 28 77 3 -999
P8146 2082 12 2 4 3 2 0 0 0 0 0 0 10 0 0 0 0 0 0 16 11 0 0 0 0 2 0 0 0 0 0 4 0
P8146 2083 1 0 2 0 0 0 9 18 79 18 14 0 2 16 71 48 48 50 20 13 46 36 27 37 24 63 45 64 26 0 53 23
P8146 2083 2 18 21 66 3 18 4 8 14 56 25 136 44 107 10 9 29 81 56 47 11 26 79 16 37 13 64 54 54 -999 -999 -999
P8146 2083 3 65 0 0 0 17 0 8 4 0 9 14 0 0 0 24 0 0 0 0 1 0 0 0 0 8 7 0 0 15 19 11
P8146 2083 4 40 29 19 10 3 0 0 0 0 13 5 8 9 0 0 0 0 17 28 6 4 7 0 0 0 0 0 0 0 0 -999
P8146 2083 5 0 0 30 0 0 0 0 0 0 41 0 0 0 0 0 0 0 0 0 0 0 0 0 0 0 0 0 0 0 0 0
P8146 2083 6 0 0 0 0 0 0 0 0 0 0 0 0 0 0 0 0 0 0 0 0 0 0 0 0 0 0 0 0 0 0 -999
P8146 2083 7 0 0 0 0 0 0 0 0 0 0 0 0 0 0 0 0 0 0 0 0 0 0 0 0 0 0 0 0 0 0 0
P8146 2083 8 0 0 0 0 0 0 0 0 0 0 0 0 0 0 0 0 0 0 0 0 0 0 0 0 0 0 0 0 0 0 0
P8146 2083 9 0 0 0 0 0 0 0 0 0 0 0 0 0 0 0 0 0 0 0 0 0 0 0 0 0 0 0 0 0 41 -999
P8146 2083 10 42 31 0 0 0 0 0 0 0 0 0 0 0 0 0 0 0 0 0 0 0 0 0 0 0 0 12 0 0 0 0
P8146 2083 11 0 0 43 0 0 13 24 11 43 21 0 25 27 23 3 5 11 32 8 17 5 5 30 42 2 3 5 6 0 0 -999
P8146 2083 12 0 0 0 0 0 3 4 2 0 31 20 7 21 10 8 35 33 9 0 0 0 0 0 0 0 0 0 0 0 0 2
P8146 2084 1 3 13 7 4 4 5 11 4 0 0 0 0 2 2 0 0 12 87 58 18 14 42 53 2 0 0 0 0 0 0 0
P8146 2084 2 0 0 16 7 0 0 0 0 0 0 27 47 43 7 0 0 7 3 16 8 3 3 103 48 6 53 18 4 -999 -999 -999
P8146 2084 3 9 23 9 14 26 33 0 36 27 34 30 43 42 30 7 97 54 50 24 24 63 14 22 52 19 0 0 93 23 30 34
P8146 2084 4 24 23 65 54 54 9 20 37 51 26 57 8 3 19 21 10 0 0 60 0 0 0 0 0 0 0 0 0 0 0 -999
P8146 2084 5 0 0 0 0 0 0 0 3 0 0 0 0 0 0 0 0 0 0 0 0 0 0 0 0 0 0 0 0 0 0 0
P8146 2084 6 0 0 0 0 0 0 0 0 0 0 0 0 0 0 0 0 0 0 0 0 0 0 0 0 0 0 0 0 0 0 -999
P8146 2084 7 0 0 0 0 0 0 0 0 0 0 0 0 0 0 0 0 0 0 0 0 0 0 0 0 0 0 0 0 0 0 0
P8146 2084 8 0 0 0 0 0 0 0 0 0 0 0 0 0 0 0 0 0 0 0 0 0 0 0 0 0 0 0 0 0 0 0
P8146 2084 9 0 0 0 0 0 0 0 0 0 0 0 0 0 0 0 0 0 0 0 0 0 0 0 0 20 11 0 0 0 0 -999
P8146 2084 10 0 21 0 0 0 0 0 0 0 0 0 0 0 0 9 11 0 0 0 0 0 0 0 2 3 0 0 0 0 0 0
P8146 2084 11 0 0 0 7 46 8 7 7 67 56 49 102 60 30 0 0 3 8 0 0 0 0 0 0 0 0 0 0 4 4 -999
P8146 2084 12 3 0 4 14 6 4 4 6 3 0 0 0 0 0 3 6 4 0 5 0 0 0 3 2 3 14 1 4 2 0 0
P8146 2085 1 0 0 0 0 0 0 0 0 0 0 0 0 0 4 12 0 0 0 0 0 0 0 0 3 9 3 5 9 7 2 0
P8146 2085 2 0 0 4 4 0 0 0 0 0 0 0 0 0 0 0 36 25 0 0 0 0 0 11 0 0 0 4 0 -999 -999 -999
P8146 2085 3 0 0 0 0 20 0 0 0 0 0 30 36 23 0 0 0 0 30 14 10 76 46 37 4 2 4 19 18 46 55 36
P8146 2085 4 47 25 70 4 24 0 0 0 0 0 0 0 0 0 44 0 0 0 0 0 0 0 0 0 0 4 18 7 8 20 -999
P8146 2085 5 9 0 0 14 3 0 2 0 3 26 21 10 7 3 0 0 0 0 4 13 9 0 0 0 5 0 0 0 0 0 0
P8146 2085 6 0 0 0 0 0 0 0 0 0 0 0 0 0 0 0 0 0 0 0 0 0 0 0 0 0 0 0 0 0 0 -999
P8146 2085 7 0 0 0 0 0 0 0 0 0 0 0 0 0 0 0 0 0 0 0 0 0 0 0 0 0 0 0 0 0 0 0
P8146 2085 8 0 0 0 0 0 0 0 0 0 0 0 0 0 0 0 0 0 0 0 0 0 0 0 0 0 0 0 0 0 0 0
P8146 2085 9 0 0 0 0 0 0 0 0 0 0 0 0 0 0 0 0 0 0 0 0 0 50 0 5 0 0 0 0 0 0 -999
P8146 2085 10 0 0 0 0 25 0 0 0 19 0 0 0 0 0 0 10 0 0 0 0 0 0 5 3 0 0 12 0 0 0 0
P8146 2085 11 11 16 29 48 7 5 4 11 0 0 0 0 0 0 0 14 6 39 58 50 89 114 14 103 59 7 139 4 14 9 -999
P8146 2085 12 82 64 4 4 83 13 4 0 8 45 20 19 22 15 4 0 0 0 3 3 4 18 53 56 35 9 14 7 19 4 64
P8146 2086 1 45 58 53 52 3 0 0 0 0 0 0 0 0 0 0 8 0 0 0 0 0 0 0 0 0 0 0 0 0 0 0
P8146 2086 2 0 0 0 0 0 0 0 0 0 0 0 3 16 7 6 9 19 73 4 4 47 2 0 0 0 4 7 5 -999 -999 -999
P8146 2086 3 0 0 0 0 0 0 0 0 0 3 0 0 3 0 0 0 0 0 10 7 0 23 0 0 0 0 0 0 0 0 23
P8146 2086 4 12 18 8 0 0 0 12 39 14 3 3 0 0 15 47 52 53 52 44 28 14 11 45 41 0 0 20 20 0 0 -999
P8146 2086 5 0 0 14 0 0 0 0 0 0 0 0 0 0 0 0 0 0 2 3 2 0 0 0 0 5 0 0 0 0 0 0
P8146 2086 6 0 0 0 0 0 0 0 0 0 0 0 0 0 0 0 0 0 0 0 0 0 0 0 0 0 0 0 0 0 0 -999
P8146 2086 7 0 0 0 0 0 0 0 0 0 0 0 0 0 0 0 0 0 0 0 0 0 0 0 0 0 0 0 0 0 0 0
P8146 2086 8 0 0 0 0 0 0 0 0 0 0 0 0 0 0 0 0 0 0 0 0 0 0 0 0 0 0 0 0 0 0 0
P8146 2086 9 0 0 0 0 0 0 28 0 0 0 0 29 19 0 0 13 9 9 0 0 0 0 0 20 0 0 0 0 0 0 -999
P8146 2086 10 23 18 0 0 0 0 0 0 0 0 0 26 0 0 19 20 17 20 0 0 0 0 11 26 21 25 17 0 4 9 7
P8146 2086 11 0 46 0 0 0 0 0 8 0 7 7 6 29 5 116 54 63 56 24 52 10 11 5 6 0 6 8 6 35 2 -999
P8146 2086 12 6 44 36 45 54 23 0 0 0 0 0 0 8 4 0 0 0 0 12 10 2 0 0 0 3 0 0 14 12 16 19
P8146 2087 1 10 107 17 10 27 28 11 0 0 4 3 2 5 24 57 25 5 12 53 0 5 2 0 0 0 0 0 0 0 4 0
P8146 2087 2 0 0 4 4 0 0 0 0 0 0 0 16 10 17 0 0 0 0 0 2 0 0 0 0 0 0 0 0 -999 -999 -999
P8146 2087 3 2 0 0 7 0 18 12 2 0 0 0 0 0 34 36 2 18 40 42 13 6 5 0 0 0 104 57 17 3 0 0
P8146 2087 4 0 0 7 5 20 2 0 0 0 0 0 0 26 0 0 0 0 25 10 2 0 21 11 0 0 0 0 0 0 0 -999
P8146 2087 5 0 0 0 0 0 0 0 53 54 50 11 0 0 0 0 0 0 0 0 0 0 0 0 0 0 0 0 8 5 6 0
P8146 2087 6 0 0 0 0 0 0 0 0 0 0 0 0 0 0 0 0 0 0 0 0 0 0 0 0 0 0 0 0 0 0 -999
P8146 2087 7 0 0 0 0 0 0 0 0 0 0 0 0 0 0 0 0 0 0 0 0 0 0 0 0 0 0 0 0 0 0 0
P8146 2087 8 0 0 0 0 0 0 0 0 0 0 0 0 0 0 0 0 0 0 0 0 0 0 0 0 0 0 0 0 0 0 0
P8146 2087 9 0 0 0 0 0 0 0 0 0 0 0 0 0 0 0 0 0 0 19 0 42 14 0 0 0 0 0 10 0 0 -999
P8146 2087 10 0 0 0 0 0 0 0 0 0 12 0 0 0 0 0 0 0 0 0 13 13 49 36 4 12 20 0 0 0 0 0
P8146 2087 11 0 0 0 23 33 6 22 11 5 3 2 8 3 6 29 4 2 9 0 0 5 0 6 0 0 0 0 0 51 34 -999
P8146 2087 12 44 61 13 36 0 0 26 10 0 5 21 61 41 25 29 13 41 89 76 11 146 45 0 0 0 0 0 0 0 0 0
P8146 2088 1 0 0 0 0 2 2 31 85 103 73 65 102 137 149 8 109 38 19 1 0 1 1 7 58 68 111 122 55 60 51 5
P8146 2088 2 13 2 3 8 2 1 0 0 0 0 0 0 0 0 0 16 29 33 25 0 0 0 13 0 0 0 0 0 -999 -999 -999
P8146 2088 3 0 0 0 0 33 12 42 3 2 0 0 0 11 10 14 34 33 14 18 2 0 0 1 2 8 2 5 0 0 0 0
P8146 2088 4 16 0 0 0 0 0 0 0 0 5 5 8 11 2 0 0 0 0 0 0 0 0 0 0 0 0 0 0 0 0 -999
P8146 2088 5 0 0 0 0 34 20 10 0 0 0 75 52 35 5 4 0 0 0 0 0 0 0 0 0 0 0 0 0 0 0 0
P8146 2088 6 0 0 0 0 0 0 0 0 0 0 0 0 0 0 0 0 0 0 0 0 0 0 0 0 0 0 0 0 0 0 -999
P8146 2088 7 0 0 0 0 0 0 0 0 0 0 0 0 0 0 0 0 0 0 0 0 0 0 0 0 0 0 0 0 0 0 0
P8146 2088 8 0 0 0 0 0 0 0 0 0 0 0 0 0 0 0 0 0 0 0 0 0 0 0 0 0 0 0 0 0 0 0
P8146 2088 9 0 0 0 0 0 0 0 0 0 0 0 0 0 0 0 0 0 0 0 0 0 0 0 0 0 0 0 0 0 0 -999
P8146 2088 10 0 0 0 0 0 0 0 0 0 0 13 0 15 0 0 0 0 0 0 0 0 0 0 0 0 0 0 0 0 0 0
P8146 2088 11 0 9 51 59 41 83 20 14 72 30 2 5 4 0 0 0 0 0 0 0 0 14 32 27 15 34 55 5 0 22 -999
P8146 2088 12 44 14 20 38 61 48 3 0 0 0 0 0 0 0 0 0 0 0 0 0 0 0 0 0 4 8 11 0 0 5 0
P8146 2089 1 0 0 0 3 4 8 23 0 0 3 12 7 5 31 11 9 12 4 58 131 25 70 57 4 18 24 7 7 15 41 42
P8146 2089 2 134 4 5 66 66 4 6 11 33 67 52 89 60 58 57 61 55 50 53 48 44 2 0 0 0 11 36 13 -999 -999 -999
P8146 2089 3 2 0 0 0 0 0 0 0 0 0 0 0 0 0 0 0 7 3 0 0 0 0 0 0 0 0 0 10 6 0 0
P8146 2089 4 0 0 0 0 0 0 6 29 51 14 4 0 0 0 8 17 17 0 28 52 22 0 0 0 0 0 0 0 0 0 -999
P8146 2089 5 6 0 0 0 0 0 0 54 0 0 0 0 0 0 0 0 0 0 0 0 0 0 0 0 0 0 0 0 0 0 0
P8146 2089 6 0 10 0 0 0 0 0 0 0 0 0 0 0 0 0 0 0 0 0 0 0 0 0 0 0 0 0 0 0 0 -999
P8146 2089 7 0 0 0 0 0 0 0 0 0 0 0 0 0 0 0 0 0 0 0 0 0 0 0 0 0 0 0 0 0 0 0
P8146 2089 8 0 0 0 0 0 0 0 0 0 0 0 0 0 0 0 0 0 0 0 0 0 0 0 0 0 0 0 0 0 0 0
P8146 2089 9 0 0 0 0 0 0 0 0 0 0 0 0 0 0 0 0 0 0 0 0 0 0 0 0 0 0 0 0 0 0 -999
P8146 2089 10 0 0 0 0 0 0 0 0 0 0 0 9 3 0 6 4 0 0 0 0 0 0 0 0 3 5 0 0 0 0 0
P8146 2089 11 0 0 0 0 0 6 0 0 0 0 4 2 5 16 45 64 26 91 82 42 53 55 57 83 44 39 10 0 42 9 -999
P8146 2089 12 59 66 5 11 0 5 4 6 0 0 0 0 0 0 0 0 1 5 16 46 23 14 11 3 0 0 0 0 0 31 12
P8146 2090 1 0 0 0 0 0 5 1 0 0 16 13 15 0 0 0 0 0 3 0 19 21 42 30 3 1 2 3 0 3 16 4
P8146 2090 2 0 41 39 0 0 16 14 7 25 44 52 67 63 89 90 129 132 14 10 16 56 4 2 10 18 60 54 54 -999 -999 -999
P8146 2090 3 5 0 0 0 4 5 40 53 37 3 12 85 42 2 3 0 0 0 0 0 0 0 0 3 8 3 0 0 0 0 0
P8146 2090 4 0 52 36 49 47 9 0 0 0 0 0 9 0 0 0 0 0 0 0 0 0 16 32 35 6 57 36 41 9 5 -999
P8146 2090 5 5 0 0 0 0 0 0 0 0 0 0 0 0 0 0 65 33 22 10 4 4 0 0 0 0 0 0 0 35 41 0
P8146 2090 6 0 0 0 33 46 35 18 8 8 11 6 0 0 0 0 0 0 0 0 0 0 0 0 20 21 13 0 8 0 0 -999
P8146 2090 7 0 0 0 0 0 0 0 0 0 0 0 0 0 0 0 0 0 0 0 0 0 0 0 0 0 0 0 0 0 0 0
P8146 2090 8 0 0 0 0 0 0 0 0 0 0 0 0 0 0 0 0 0 0 0 0 0 0 0 0 0 0 0 0 0 0 0
P8146 2090 9 0 0 0 0 0 0 0 0 0 0 0 0 0 0 0 0 0 0 0 0 0 0 0 0 0 0 0 59 24 0 -999
P8146 2090 10 0 0 0 0 0 10 0 19 8 9 4 4 0 0 0 0 0 26 0 12 0 0 0 0 0 0 0 0 0 0 3
P8146 2090 11 4 10 2 1 0 0 0 0 0 0 0 0 0 0 0 0 0 8 4 0 0 0 3 0 2 9 15 75 58 65 -999
P8146 2090 12 56 35 36 42 4 0 3 0 33 41 11 27 15 23 12 0 0 0 0 0 13 24 0 48 0 0 0 0 22 19 0
P8146 2091 1 0 0 11 2 0 0 0 0 0 0 0 0 0 0 0 0 0 0 4 2 8 9 21 98 11 110 33 73 5 12 8
P8146 2091 2 28 44 24 45 42 46 41 24 20 4 4 5 18 3 11 7 3 0 0 0 0 46 79 49 54 46 7 0 -999 -999 -999
P8146 2091 3 0 0 0 45 0 0 0 2 3 0 0 0 0 0 0 0 0 0 0 0 0 0 0 5 0 0 0 0 0 0 0
P8146 2091 4 0 4 0 0 0 0 0 0 0 0 0 0 0 0 0 0 0 0 0 0 0 0 0 16 41 15 0 12 10 0 -999
P8146 2091 5 3 0 0 0 15 42 25 2 0 0 4 6 25 38 10 28 23 3 3 0 0 0 0 0 0 0 0 0 0 0 0
P8146 2091 6 0 0 0 0 0 0 0 0 0 0 0 0 0 0 0 0 0 0 0 0 0 0 0 0 0 0 0 0 0 0 -999
P8146 2091 7 0 0 0 0 0 0 0 0 0 0 0 0 0 0 0 0 0 0 0 0 0 0 0 0 0 0 0 0 0 0 0
P8146 2091 8 0 0 0 0 0 0 0 0 0 0 0 0 0 0 0 0 0 0 0 0 0 0 0 0 0 0 0 0 0 0 0
P8146 2091 9 0 0 0 0 0 0 0 0 0 0 0 0 0 0 0 0 0 0 0 0 0 6 0 0 29 43 0 0 0 0 -999
P8146 2091 10 0 0 0 0 0 0 0 0 24 28 0 0 0 0 0 0 0 0 0 0 0 0 13 0 0 0 0 4 23 4 15
P8146 2091 11 13 40 45 16 9 58 88 57 11 23 68 52 44 4 0 0 8 12 2 4 3 1 1 0 0 0 0 11 4 0 -999
P8146 2091 12 0 0 0 0 0 0 0 3 0 0 0 37 55 55 14 26 3 19 37 40 64 28 0 0 0 12 0 0 0 0 0
P8146 2092 1 4 0 0 0 34 45 28 56 5 28 4 75 141 14 16 0 0 0 0 0 0 0 5 2 6 23 2 0 0 0 0
P8146 2092 2 0 0 3 19 52 53 15 8 5 5 0 0 0 0 0 0 0 0 9 4 28 11 3 4 0 0 0 3 -999 -999 -999
P8146 2092 3 2 0 0 0 0 0 0 0 0 0 0 0 0 0 14 31 25 54 34 15 24 3 0 0 0 0 0 0 0 0 0
P8146 2092 4 0 0 0 0 0 0 3 6 23 7 0 0 0 0 0 59 0 0 0 90 35 0 0 0 0 23 0 0 0 0 -999
P8146 2092 5 0 0 0 0 0 0 0 0 0 0 0 0 0 0 0 0 0 0 0 0 0 0 0 0 0 0 0 0 10 0 0
P8146 2092 6 0 0 0 0 0 0 0 0 0 0 0 0 0 0 0 0 0 0 0 0 0 0 0 0 0 0 0 0 0 0 -999
P8146 2092 7 0 0 0 0 0 0 0 0 0 0 0 0 0 0 0 0 0 0 0 0 0 0 0 0 0 0 0 0 0 0 0
P8146 2092 8 0 0 0 0 0 0 0 0 0 0 0 0 0 0 0 0 0 0 0 0 0 0 0 0 0 0 0 0 0 30 0
P8146 2092 9 0 0 0 0 0 0 0 0 0 0 0 0 0 0 0 0 0 0 0 0 12 21 0 0 0 0 0 0 0 0 -999
P8146 2092 10 0 0 0 0 0 0 0 0 0 0 12 0 0 0 0 0 3 0 64 5 0 0 0 0 0 0 0 0 0 0 0
P8146 2092 11 16 0 0 0 3 0 44 29 29 0 0 0 24 2 0 4 16 28 0 0 0 0 0 0 0 0 0 0 0 0 -999
P8146 2092 12 0 0 0 0 11 29 38 24 5 2 0 0 0 0 0 0 0 0 0 0 0 0 0 0 0 31 111 5 2 0 0
P8146 2093 1 0 0 2 5 40 11 15 37 68 30 12 16 12 1 9 2 0 0 0 0 0 0 8 4 0 0 0 4 1 1 5
P8146 2093 2 3 0 0 3 3 21 6 45 136 165 26 2 8 32 38 38 40 53 64 56 40 33 4 0 0 0 0 0 -999 -999 -999
P8146 2093 3 0 0 11 6 0 0 0 30 15 46 55 16 9 4 137 6 1 20 66 89 49 4 14 37 3 0 3 0 48 40 30
P8146 2093 4 3 0 0 0 0 2 0 6 5 6 6 10 0 0 0 0 0 22 12 0 0 0 32 2 0 0 0 0 13 14 -999
P8146 2093 5 0 0 2 6 6 7 3 5 22 35 23 0 0 0 0 0 0 0 0 0 0 0 0 0 0 0 0 0 0 0 0
P8146 2093 6 0 0 0 0 0 0 0 0 0 0 0 29 38 25 8 0 0 0 0 0 0 0 0 0 0 0 0 0 0 0 -999
P8146 2093 7 0 0 0 0 0 0 0 0 0 0 0 0 0 0 0 0 0 0 0 0 0 0 0 0 0 0 0 0 0 0 0
P8146 2093 8 0 0 0 0 0 0 0 0 0 0 0 0 0 0 0 0 0 0 0 0 0 0 0 0 0 0 18 15 0 0 0
P8146 2093 9 0 0 0 0 0 0 0 0 0 0 0 0 30 0 0 0 0 0 0 0 0 0 0 0 0 0 0 0 0 0 -999
P8146 2093 10 0 0 0 0 0 0 0 0 6 6 0 0 0 0 0 0 0 0 0 0 0 14 7 0 0 0 0 0 0 0 2
P8146 2093 11 2 7 12 46 20 5 3 19 37 43 29 40 54 0 0 11 2 8 45 3 0 0 46 95 9 31 7 0 0 0 -999
P8146 2093 12 0 0 48 26 0 3 4 6 6 5 9 7 0 0 0 0 0 0 0 0 0 0 0 0 0 4 4 29 51 24 6
P8146 2094 1 0 0 7 8 40 66 97 46 12 0 0 0 0 0 0 0 3 3 4 0 2 0 1 0 0 0 0 0 0 0 2
P8146 2094 2 0 0 0 0 18 2 12 3 0 0 0 0 0 4 7 0 0 0 3 6 5 0 3 43 3 5 72 50 -999 -999 -999
P8146 2094 3 18 37 12 14 52 113 49 125 73 51 14 12 42 3 2 0 13 0 0 0 0 0 0 0 0 0 0 0 0 0 0
P8146 2094 4 0 0 18 25 18 7 0 0 5 9 0 35 2 2 20 5 2 3 4 0 0 0 4 7 57 5 0 0 0 0 -999
P8146 2094 5 0 0 0 0 0 0 0 0 0 0 0 0 0 0 0 0 0 0 0 0 0 0 0 0 0 0 0 0 0 0 0
P8146 2094 6 0 0 0 0 0 0 15 16 6 0 0 0 7 0 0 0 0 0 0 0 0 0 0 0 0 0 0 0 0 0 -999
P8146 2094 7 0 0 0 0 0 0 0 0 0 0 0 0 0 0 0 0 0 0 0 0 0 0 24 0 0 0 0 0 0 0 0
P8146 2094 8 0 0 0 0 0 0 0 0 0 0 0 0 0 0 0 0 0 0 0 0 0 0 0 0 0 0 0 0 0 0 0
P8146 2094 9 0 0 0 0 0 0 0 0 0 0 0 0 0 0 0 0 0 0 0 0 0 40 27 0 0 0 0 0 26 28 -999
P8146 2094 10 31 44 47 31 18 4 0 0 0 0 0 0 0 0 0 0 0 0 0 0 10 0 0 0 0 0 5 2 2 1 0
P8146 2094 11 6 0 0 0 0 23 41 4 4 0 10 11 40 7 13 4 0 0 0 0 0 0 7 13 7 24 73 60 42 10 -999
P8146 2094 12 0 13 14 29 55 104 59 28 36 41 85 6 4 64 77 7 21 19 11 0 0 9 12 0 10 40 70 19 32 12 34
P8146 2095 1 99 5 86 7 7 12 1 1 4 8 33 33 8 12 18 4 130 67 117 128 164 142 21 67 137 82 105 95 3 42 79
P8146 2095 2 13 3 0 61 7 5 11 1 2 2 0 0 33 34 5 14 4 11 5 0 0 0 11 3 0 0 0 0 -999 -999 -999
P8146 2095 3 0 0 0 0 0 0 0 0 0 0 13 43 7 8 29 26 40 51 33 13 3 17 0 26 28 23 0 0 0 0 0
P8146 2095 4 9 3 2 0 0 29 57 80 5 11 5 4 0 0 0 0 13 0 0 0 0 0 9 0 0 0 0 0 0 0 -999
P8146 2095 5 4 0 0 0 0 0 0 0 0 0 45 18 0 0 0 0 0 0 0 0 0 0 0 0 0 0 0 0 0 0 0
P8146 2095 6 0 0 0 0 0 0 0 0 0 0 0 0 0 0 0 0 0 0 0 0 0 0 0 0 0 0 0 0 0 0 -999
P8146 2095 7 0 0 0 0 0 0 0 0 0 0 0 0 0 0 0 0 0 0 0 0 0 0 0 0 0 0 0 0 0 0 0
P8146 2095 8 0 0 0 0 0 0 0 0 0 0 0 0 0 0 0 0 0 0 0 0 0 0 0 0 0 0 0 0 0 0 0
P8146 2095 9 0 0 0 0 0 0 0 0 0 0 0 0 0 0 0 0 0 0 0 0 0 0 0 0 0 0 0 0 0 0 -999
P8146 2095 10 0 0 0 0 0 0 0 0 0 0 5 0 0 0 0 0 10 0 0 0 0 0 0 0 0 0 0 2 18 4 3
P8146 2095 11 2 16 8 5 3 0 4 51 89 19 139 64 19 13 0 15 0 0 4 1 0 0 0 6 3 7 14 13 8 9 -999
P8146 2095 12 3 0 0 0 0 26 1 0 5 0 0 0 0 0 0 2 0 2 0 0 0 0 0 0 0 0 20 0 0 0 0
P8146 2096 1 0 0 3 21 3 18 8 3 3 8 4 0 0 0 3 0 0 0 0 0 3 0 0 0 0 0 0 0 8 7 0
P8146 2096 2 0 0 0 2 0 0 0 2 3 4 4 2 0 3 5 9 4 4 4 3 0 0 17 20 5 10 15 12 -999 -999 -999
P8146 2096 3 0 34 73 34 0 0 12 2 0 0 0 1 1 2 1 0 0 0 0 0 0 0 0 0 0 2 2 0 6 18 10
P8146 2096 4 0 0 7 0 0 27 35 47 25 0 26 47 45 47 9 3 4 16 39 13 0 0 0 0 0 0 0 26 37 0 -999
P8146 2096 5 0 0 0 0 0 0 0 0 0 0 0 0 0 0 0 0 0 0 0 0 0 0 0 0 0 0 8 0 22 43 44
P8146 2096 6 38 4 17 35 0 0 0 0 0 0 0 6 0 0 0 0 0 0 0 0 0 18 0 0 0 0 0 0 0 0 -999
P8146 2096 7 0 0 0 0 0 0 0 0 0 0 0 0 0 0 0 0 0 0 0 0 0 0 0 0 0 0 0 0 0 0 0
P8146 2096 8 0 0 0 0 0 0 0 0 0 0 0 0 0 0 0 0 0 0 0 0 0 0 0 0 0 0 0 0 0 0 0
P8146 2096 9 0 0 0 0 0 0 0 6 0 0 0 0 0 0 0 0 0 0 0 0 0 0 0 0 0 0 0 0 0 0 -999
P8146 2096 10 0 0 0 0 0 0 0 0 14 35 40 12 0 0 0 10 54 61 47 47 21 5 0 4 6 0 0 5 4 79 27
P8146 2096 11 55 60 36 26 17 11 4 17 49 69 21 3 34 30 67 62 110 42 22 28 7 7 4 0 6 8 6 6 14 2 -999
P8146 2096 12 0 0 0 0 0 0 0 0 0 0 0 0 0 0 3 0 0 0 0 0 0 0 0 9 5 70 45 57 58 51 50
P8146 2097 1 30 6 11 9 3 4 46 58 17 13 6 12 10 23 67 70 24 5 49 9 2 0 2 5 0 7 0 11 26 8 5
P8146 2097 2 16 2 1 0 10 3 0 3 0 14 0 5 2 0 0 0 0 0 0 42 10 0 0 0 0 0 23 13 -999 -999 -999
P8146 2097 3 0 0 0 18 44 15 7 0 0 0 0 0 0 18 0 0 8 33 51 50 42 0 17 15 16 15 9 0 0 0 0
P8146 2097 4 30 0 0 0 0 0 0 0 0 2 0 0 0 0 0 0 0 9 7 4 34 46 29 9 59 45 33 3 3 0 -999
P8146 2097 5 0 0 0 0 0 52 20 0 0 0 0 0 0 0 0 0 0 0 0 0 0 0 0 0 0 0 0 0 0 0 0
P8146 2097 6 0 0 0 0 0 0 0 0 0 0 0 0 18 0 0 0 0 0 0 0 0 0 0 0 0 0 0 0 0 0 -999
P8146 2097 7 0 0 0 0 0 0 0 0 0 0 0 0 0 0 0 0 0 0 0 0 0 0 0 0 0 0 0 0 0 0 0
P8146 2097 8 0 0 0 0 0 0 0 0 0 0 0 0 0 0 0 0 0 0 0 0 0 0 0 0 0 0 0 0 0 0 0
P8146 2097 9 0 0 0 0 0 0 0 0 0 0 0 0 0 0 0 0 0 0 0 24 0 0 0 0 0 0 0 0 0 0 -999
P8146 2097 10 0 25 10 8 18 0 0 0 0 0 0 0 0 0 0 0 13 40 46 50 21 7 19 10 3 0 0 0 0 32 34
P8146 2097 11 17 14 0 31 2 0 0 0 6 27 37 14 53 29 60 4 0 0 15 27 48 62 22 0 0 0 0 0 0 0 -999
P8146 2097 12 0 0 38 75 34 20 36 4 0 0 0 0 0 0 117 49 7 2 1 1 5 17 4 3 2 2 23 6 0 0 0
P8146 2098 1 0 11 5 4 15 14 2 13 1 1 0 0 0 2 0 0 0 0 1 1 3 2 3 0 0 0 0 3 0 0 2
P8146 2098 2 8 23 57 34 45 14 55 40 59 50 13 13 21 3 4 9 5 0 7 21 8 0 0 13 15 20 5 5 -999 -999 -999
P8146 2098 3 0 4 0 2 0 0 0 0 0 0 0 0 0 0 0 0 0 12 48 25 20 3 0 0 0 0 0 0 0 0 0
P8146 2098 4 0 0 0 0 0 0 0 0 8 11 3 3 0 3 0 0 0 0 0 48 54 15 0 0 0 0 31 0 0 0 -999
P8146 2098 5 0 0 0 0 0 0 0 0 0 0 0 0 0 0 0 0 13 13 12 0 0 0 0 0 0 0 0 0 0 0 0
P8146 2098 6 0 0 0 0 0 0 0 0 0 0 0 0 0 27 27 8 0 0 0 0 11 9 14 9 0 0 0 0 0 0 -999
P8146 2098 7 0 0 0 0 0 0 0 0 0 0 0 0 0 0 0 0 0 0 0 0 0 0 0 0 0 0 0 0 0 0 0
P8146 2098 8 0 0 0 0 0 0 0 0 0 0 0 0 0 0 0 0 0 0 0 0 0 0 0 0 0 0 0 0 0 0 0
P8146 2098 9 0 0 0 0 0 0 0 0 0 0 0 0 0 0 0 0 0 30 21 39 0 0 0 0 16 7 20 0 0 0 -999
P8146 2098 10 0 0 0 21 6 0 0 0 0 0 0 0 0 0 16 0 30 23 4 24 30 40 40 3 0 1 0 16 4 62 32
P8146 2098 11 82 45 4 39 7 40 2 11 3 100 43 19 7 0 0 45 53 15 7 8 5 31 30 22 0 0 7 4 32 23 -999
P8146 2098 12 4 86 16 85 88 33 7 0 25 0 0 0 0 0 0 0 0 5 3 2 7 32 49 9 1 2 0 3 0 0 0
P8146 2099 1 0 0 0 0 0 0 0 0 0 0 0 0 0 0 2 2 1 0 0 0 0 0 0 0 0 0 0 0 0 0 0
P8146 2099 2 6 34 50 1 1 0 0 0 0 0 0 0 0 0 0 0 0 7 8 5 2 3 0 2 5 0 30 6 -999 -999 -999
P8146 2099 3 4 0 4 0 19 44 30 59 49 137 63 23 0 0 0 0 0 0 0 0 0 0 3 1 2 0 0 0 0 0 0
P8146 2099 4 0 6 2 0 8 0 0 0 0 0 0 0 16 38 12 3 0 0 0 0 0 0 9 9 10 5 0 0 0 0 -999
P8146 2099 5 0 0 0 0 27 0 6 0 0 0 0 0 0 0 0 0 0 0 0 0 0 0 0 0 0 0 0 0 0 0 0
P8146 2099 6 0 0 0 0 0 0 0 0 0 0 0 0 0 0 0 0 0 0 15 13 17 0 0 0 0 0 0 0 0 0 -999
P8146 2099 7 0 0 0 0 0 0 0 0 0 0 0 0 0 0 0 0 0 0 0 0 0 0 0 0 0 0 0 0 0 0 0
P8146 2099 8 0 0 0 0 0 0 0 0 0 0 0 0 0 0 0 0 0 0 0 0 0 0 0 0 0 0 0 0 37 6 0
P8146 2099 9 0 0 0 0 0 0 0 0 0 0 0 0 0 0 0 0 0 0 0 0 0 0 0 0 0 0 0 0 0 0 -999
P8146 2099 10 0 0 0 0 0 0 0 0 0 0 30 0 0 23 70 0 0 0 0 0 0 0 0 0 0 0 0 0 0 34 53
P8146 2099 11 27 20 14 0 15 8 11 5 13 23 49 47 51 3 28 33 45 58 56 51 53 7 0 0 0 0 0 0 0 16 -999
P8146 2099 12 8 3 5 4 8 9 0 18 23 0 0 0 30 5 0 0 6 2 6 6 34 74 36 5 0 5 19 35 23 25 101
P8146 2100 1 3 0 0 0 5 0 0 0 0 0 0 27 28 10 0 87 7 0 0 0 0 1 3 1 0 0 0 0 0 0 0
P8146 2100 2 0 0 0 3 0 2 0 0 0 0 2 0 0 4 0 0 0 0 4 5 4 0 0 0 0 0 0 0 -999 -999 -999
P8146 2100 3 0 0 0 0 0 15 2 32 0 48 0 0 10 22 0 0 0 0 12 0 0 0 0 0 0 0 0 61 5 0 9
P8146 2100 4 4 0 3 0 0 0 0 0 5 0 5 4 5 0 0 0 17 0 0 0 0 13 12 0 0 0 0 0 0 55 -999
P8146 2100 5 0 0 0 0 13 0 5 0 0 0 7 0 9 0 0 4 18 4 0 0 0 0 0 10 15 8 0 0 0 0 0
P8146 2100 6 0 6 0 0 9 5 0 0 0 0 0 0 0 0 0 0 0 0 0 0 0 0 4 0 0 0 42 0 3 0 -999
P8146 2100 7 23 0 0 0 0 0 0 0 0 0 0 0 0 0 0 0 0 0 0 11 9 0 0 0 0 0 0 0 0 0 0
P8146 2100 8 0 0 0 0 0 0 0 0 0 0 0 0 0 0 0 0 0 0 0 0 0 0 0 0 0 0 0 0 0 0 0
P8146 2100 9 0 0 0 0 0 45 4 0 0 0 0 0 0 0 0 0 0 6 0 14 0 0 0 0 0 0 0 0 4 0 -999
P8146 2100 10 6 0 2 7 12 21 0 0 30 36 5 10 0 0 0 5 0 0 38 0 12 0 5 78 9 0 0 0 46 32 20
P8146 2100 11 10 9 0 0 7 5 6 0 0 0 0 49 23 3 10 0 0 0 0 0 0 0 0 0 0 10 0 0 0 0 -999
P8146 2100 12 0 0 0 0 0 0 0 0 0 0 0 0 0 3 0 31 0 0 16 2 0 18 0 3 0 31 40 37 11 0 -999
