precip bcc-csm1-1 rcp60 RNEURONALES decimas 2
P10457 40.691 -4.549 1205 geo 2006 2100 -1
P10457 2006 1 0 0 0 0 2 2 1 2 6 18 36 50 31 7 4 6 2 2 1 4 7 3 2 4 9 8 7 2 2 1 1
P10457 2006 2 2 1 7 19 29 44 46 11 29 47 38 127 76 40 4 23 8 1 2 0 52 21 28 9 11 7 0 5 -999 -999 -999
P10457 2006 3 4 8 12 4 3 17 9 0 11 33 34 10 5 26 18 4 12 7 0 0 0 0 0 0 0 0 3 5 13 20 7
P10457 2006 4 8 78 10 0 17 30 44 42 51 97 42 29 38 21 45 5 4 11 21 3 0 0 23 10 0 19 9 2 0 0 -999
P10457 2006 5 0 29 4 10 36 40 32 10 22 35 8 5 19 9 0 0 10 10 27 33 37 32 21 0 0 23 59 40 37 39 34
P10457 2006 6 24 7 37 47 46 34 28 26 0 0 0 0 0 0 0 0 0 0 0 0 0 0 0 0 0 0 0 0 0 0 -999
P10457 2006 7 0 0 0 0 0 0 0 0 0 0 0 0 0 0 0 0 0 0 0 0 0 0 0 0 0 0 0 0 0 0 0
P10457 2006 8 0 0 0 0 0 0 0 0 0 0 0 0 0 0 0 0 0 0 0 0 0 0 0 0 0 0 0 0 0 0 0
P10457 2006 9 0 0 0 0 0 0 0 2 2 4 8 5 0 27 44 0 24 28 9 0 0 0 0 0 7 12 0 0 0 0 -999
P10457 2006 10 33 13 11 13 0 0 0 0 0 0 0 0 0 0 0 0 0 0 0 0 0 0 0 0 0 0 4 2 0 0 0
P10457 2006 11 0 0 0 0 23 17 35 6 5 0 0 0 0 0 4 8 0 0 2 0 0 0 0 0 0 0 1 1 0 0 -999
P10457 2006 12 0 4 20 0 4 2 0 0 0 0 0 3 0 0 0 0 0 0 0 0 3 24 41 19 20 17 87 45 33 2 1
P10457 2007 1 0 0 0 0 0 0 0 0 0 5 2 8 1 0 0 0 3 10 16 2 13 7 10 7 19 20 39 34 27 44 7
P10457 2007 2 6 0 4 19 33 83 182 43 4 5 1 21 53 56 15 0 0 0 30 14 4 2 2 2 4 0 0 0 -999 -999 -999
P10457 2007 3 45 5 0 0 0 0 0 0 0 0 0 10 28 25 4 5 26 7 2 1 2 6 26 37 7 2 0 24 17 0 0
P10457 2007 4 0 20 11 23 26 23 28 1 0 0 0 0 20 8 17 35 9 15 40 12 23 45 45 42 38 39 26 8 27 5 -999
P10457 2007 5 7 4 10 35 25 12 5 21 9 4 14 18 46 20 9 15 22 8 2 3 2 2 2 0 0 0 0 0 0 0 7
P10457 2007 6 0 0 0 0 0 0 0 6 2 0 0 2 0 0 0 0 0 0 0 0 0 0 0 0 0 0 0 0 0 0 -999
P10457 2007 7 0 0 0 0 0 0 0 0 0 0 0 0 0 0 0 0 0 0 0 0 0 0 0 0 0 0 0 0 0 0 0
P10457 2007 8 0 0 0 0 0 0 0 0 0 0 0 0 0 0 0 0 0 0 0 0 0 0 0 38 30 0 22 12 4 0 0
P10457 2007 9 0 0 0 0 0 0 0 0 0 0 0 0 0 0 0 0 0 0 0 0 0 0 0 0 0 0 0 0 0 0 -999
P10457 2007 10 0 37 11 0 0 0 11 6 2 27 19 9 8 48 41 6 37 42 39 13 2 2 0 3 8 42 45 37 9 42 26
P10457 2007 11 0 0 0 0 0 0 0 3 5 30 24 4 2 1 3 2 1 5 2 22 10 12 65 43 48 31 16 6 60 3 -999
P10457 2007 12 1 2 1 2 0 0 0 10 177 45 35 14 9 15 3 22 101 49 63 68 42 38 15 11 3 2 7 6 18 5 0
P10457 2008 1 42 69 61 33 13 71 46 4 1 2 12 24 22 2 3 41 51 39 12 0 0 0 0 0 0 0 0 4 0 0 0
P10457 2008 2 2 1 1 1 0 0 0 1 1 0 0 0 0 3 1 0 0 0 6 22 17 14 12 21 9 1 1 2 -999 -999 -999
P10457 2008 3 0 0 1 0 0 0 2 3 1 1 1 1 3 24 25 4 4 13 3 15 8 2 8 3 10 37 18 9 5 33 14
P10457 2008 4 13 13 33 10 10 30 51 15 34 18 30 0 26 32 5 0 4 17 20 1 0 0 8 9 4 22 4 0 11 20 -999
P10457 2008 5 0 0 13 15 36 24 26 17 17 15 26 5 3 0 0 0 0 9 0 19 0 0 0 0 0 0 0 0 0 0 0
P10457 2008 6 0 0 0 0 0 0 0 0 0 0 0 0 0 0 0 0 0 0 0 0 0 0 0 0 0 0 9 0 0 0 -999
P10457 2008 7 9 16 0 23 38 30 36 12 6 6 7 0 0 0 0 0 0 0 0 0 0 0 0 0 0 0 0 0 0 0 0
P10457 2008 8 0 0 0 0 0 0 0 0 0 0 0 0 0 0 0 0 0 0 0 0 0 0 0 0 0 0 0 0 0 0 0
P10457 2008 9 0 0 0 0 0 0 0 0 0 0 0 0 0 0 0 0 0 0 0 0 0 0 0 0 0 0 0 5 0 0 -999
P10457 2008 10 7 17 34 28 24 11 0 0 0 0 38 12 24 33 110 31 22 8 5 7 9 42 34 34 5 2 6 5 6 5 2
P10457 2008 11 2 2 2 2 11 28 3 9 16 8 16 2 3 25 40 45 44 21 87 13 0 4 5 3 3 6 5 3 4 8 -999
P10457 2008 12 41 44 5 6 1 5 7 22 17 1 0 7 4 32 20 10 4 0 0 1 5 4 5 11 3 2 2 2 0 0 0
P10457 2009 1 2 0 1 0 14 12 25 22 6 5 15 5 8 11 8 12 2 11 31 2 7 21 38 39 11 2 1 1 11 34 13
P10457 2009 2 11 2 0 0 7 16 19 16 15 22 59 119 0 0 0 4 40 38 39 47 45 33 66 56 63 70 46 33 -999 -999 -999
P10457 2009 3 42 29 61 44 28 42 43 15 6 4 5 1 0 0 0 1 6 23 33 1 2 0 0 0 7 25 28 5 4 1 2
P10457 2009 4 0 0 0 0 3 2 8 6 5 0 9 8 9 23 7 2 0 0 0 27 5 3 0 0 0 0 0 0 0 0 -999
P10457 2009 5 0 0 0 0 0 0 0 0 0 0 0 0 0 0 0 0 0 0 0 0 0 0 0 0 0 0 0 0 0 0 0
P10457 2009 6 0 0 0 25 31 5 11 43 31 33 38 80 44 39 30 6 6 24 8 11 12 0 0 0 0 0 0 0 0 0 -999
P10457 2009 7 0 0 0 0 0 0 0 0 0 0 0 0 0 0 0 0 0 0 0 0 0 0 0 0 0 0 0 0 0 0 0
P10457 2009 8 0 0 0 0 0 0 0 0 0 0 0 0 0 0 0 0 0 0 0 0 0 0 0 0 0 0 0 0 0 0 0
P10457 2009 9 0 0 0 0 0 0 0 0 0 0 0 0 0 0 0 0 0 0 0 0 0 0 0 0 0 0 0 0 0 0 -999
P10457 2009 10 0 0 87 38 26 18 27 8 5 0 0 0 0 0 0 0 0 0 0 0 7 2 1 0 3 0 0 0 0 0 0
P10457 2009 11 0 9 12 0 0 0 0 11 28 32 34 29 9 0 6 1 0 0 0 3 5 6 3 9 0 0 0 0 2 2 -999
P10457 2009 12 2 2 3 3 6 5 21 15 0 17 31 2 3 0 37 39 25 9 2 0 0 0 4 11 16 46 26 43 31 15 74
P10457 2010 1 4 9 3 1 3 0 9 12 0 0 8 0 0 0 20 6 9 19 19 8 1 0 0 2 0 2 0 0 0 1 0
P10457 2010 2 0 0 0 0 1 2 0 0 1 2 1 5 6 2 0 4 3 0 0 0 12 34 2 0 0 0 2 2 -999 -999 -999
P10457 2010 3 2 0 0 0 2 6 26 18 42 27 12 0 0 0 0 0 0 1 3 14 40 15 32 10 8 8 12 3 1 0 0
P10457 2010 4 13 58 32 20 18 23 50 43 16 3 3 11 15 2 0 0 0 0 0 0 0 0 0 23 3 2 0 0 0 0 -999
P10457 2010 5 0 0 0 0 0 0 0 0 0 0 0 0 0 0 0 0 0 13 0 0 0 0 0 0 0 0 0 0 0 4 0
P10457 2010 6 30 0 0 0 0 0 0 0 0 0 0 0 0 14 41 19 12 0 0 0 0 0 0 0 0 0 0 0 0 0 -999
P10457 2010 7 0 0 0 0 0 0 0 0 0 0 0 0 0 0 0 0 0 0 0 0 0 0 0 0 0 0 0 0 0 0 0
P10457 2010 8 0 0 0 0 0 0 0 0 0 0 0 0 0 0 0 0 0 0 0 0 0 0 0 0 0 0 0 0 0 0 0
P10457 2010 9 0 0 0 0 0 0 0 0 0 0 0 0 0 0 0 0 0 0 0 0 0 0 0 0 0 0 0 0 0 0 -999
P10457 2010 10 0 0 0 0 0 0 0 0 0 0 0 0 0 0 0 2 2 0 0 0 0 0 0 0 0 0 25 0 0 0 0
P10457 2010 11 0 0 0 0 0 0 0 0 0 5 25 87 44 26 37 4 27 2 2 3 2 2 6 4 1 1 1 0 0 0 -999
P10457 2010 12 0 0 0 0 0 0 0 0 2 0 0 0 0 0 0 2 0 11 8 8 3 0 0 5 3 4 3 2 4 3 2
P10457 2011 1 0 0 0 0 1 2 0 0 0 0 2 8 0 0 0 0 0 26 34 35 15 0 0 0 0 3 4 2 1 8 27
P10457 2011 2 3 3 3 0 0 0 0 1 3 7 10 10 3 2 1 1 2 3 9 6 5 2 6 6 6 8 10 33 -999 -999 -999
P10457 2011 3 29 17 4 27 32 13 44 21 37 3 0 1 1 2 17 32 0 2 7 15 2 8 14 18 11 1 6 32 33 4 10
P10457 2011 4 37 2 5 14 23 28 0 0 0 43 35 17 5 0 0 0 0 0 0 0 0 0 0 5 5 21 5 0 0 0 -999
P10457 2011 5 0 0 0 0 0 0 0 0 0 3 1 0 0 0 0 0 0 0 0 0 0 0 0 0 0 0 9 0 0 0 0
P10457 2011 6 3 0 0 0 0 0 0 0 0 0 0 0 0 0 0 0 0 0 0 0 0 0 20 10 29 12 0 0 0 0 -999
P10457 2011 7 8 0 0 0 0 0 0 0 0 0 0 0 0 0 0 0 0 0 0 0 0 0 0 0 0 0 0 0 0 0 0
P10457 2011 8 0 0 0 0 0 0 0 0 0 0 0 0 0 0 0 0 0 0 0 0 0 0 0 0 0 0 0 0 0 0 0
P10457 2011 9 0 0 0 0 0 0 0 0 0 0 28 0 0 0 0 0 0 10 0 0 0 0 0 0 0 0 0 0 0 0 -999
P10457 2011 10 0 0 0 0 0 8 9 9 3 1 1 0 4 0 0 0 0 0 8 13 11 17 10 10 0 0 0 5 22 37 43
P10457 2011 11 21 40 44 31 10 18 6 11 0 0 0 36 12 6 0 0 0 0 0 0 21 45 76 12 0 9 38 47 32 5 -999
P10457 2011 12 44 10 1 0 0 0 4 3 3 0 4 0 3 2 24 38 21 9 4 1 3 5 5 13 14 70 47 11 31 8 6
P10457 2012 1 8 18 140 37 95 14 2 2 0 1 3 2 2 3 6 7 9 54 41 21 10 36 4 2 0 2 2 8 1 0 1
P10457 2012 2 3 3 3 1 0 0 0 0 2 3 8 38 9 5 20 8 134 12 27 2 6 3 9 17 24 0 5 1 -999 -999 -999
P10457 2012 3 3 0 0 0 0 0 0 0 0 0 0 0 10 1 2 1 1 2 2 2 0 0 4 2 2 3 11 2 1 1 2
P10457 2012 4 0 3 6 0 0 0 0 0 0 0 0 0 0 2 0 0 0 0 0 0 0 0 0 0 0 0 0 0 0 0 -999
P10457 2012 5 0 0 0 0 0 0 0 0 10 35 0 0 47 45 45 0 0 0 0 0 0 0 0 43 35 28 33 33 40 40 4
P10457 2012 6 0 0 0 0 27 27 0 0 0 0 0 0 0 0 0 0 0 0 0 0 0 0 0 0 0 0 0 0 0 0 -999
P10457 2012 7 0 0 0 0 0 0 0 0 0 0 0 0 0 0 0 0 0 0 0 0 0 0 0 0 0 0 0 0 0 0 0
P10457 2012 8 0 0 0 0 0 0 0 0 0 0 0 0 0 0 0 0 0 0 0 0 0 0 0 0 0 0 8 0 0 0 0
P10457 2012 9 0 0 0 0 0 0 0 0 0 0 0 0 0 0 0 0 0 0 0 0 0 0 0 0 0 0 0 0 0 0 -999
P10457 2012 10 0 0 0 0 0 0 0 0 0 0 0 0 0 0 0 0 0 0 0 0 0 77 36 12 3 10 3 5 6 181 38
P10457 2012 11 7 0 0 8 11 37 9 5 0 10 7 0 79 3 1 0 0 0 0 0 0 0 0 0 0 0 2 0 0 0 -999
P10457 2012 12 33 15 2 5 13 3 1 1 0 0 0 2 0 0 0 4 4 7 3 27 2 3 3 2 3 0 0 0 0 2 0
P10457 2013 1 0 0 0 0 0 1 4 0 0 0 1 1 19 5 8 2 1 1 2 3 5 24 5 35 11 11 7 5 1 10 2
P10457 2013 2 1 4 2 10 10 11 28 27 10 2 1 2 3 6 3 2 9 8 4 2 0 22 36 19 17 35 93 38 -999 -999 -999
P10457 2013 3 31 10 12 1 0 0 0 0 0 0 0 14 18 118 35 30 34 38 0 0 0 0 9 0 0 0 0 0 0 0 0
P10457 2013 4 0 18 31 15 10 12 13 7 6 4 2 0 0 0 135 88 35 24 44 73 31 25 8 4 5 3 6 0 0 0 -999
P10457 2013 5 0 4 0 0 0 0 0 0 0 18 19 14 12 0 0 7 3 26 36 40 36 29 14 6 16 0 0 0 0 0 0
P10457 2013 6 0 0 0 0 0 0 0 0 0 0 0 0 0 0 0 0 0 0 0 0 0 0 0 0 0 0 0 0 0 0 -999
P10457 2013 7 0 0 0 0 0 0 0 0 0 0 0 0 0 0 0 0 0 0 0 0 0 0 0 0 0 0 0 0 0 0 0
P10457 2013 8 0 0 0 0 0 0 0 0 0 0 0 0 0 0 0 0 0 0 0 0 0 0 0 0 0 0 0 0 0 0 0
P10457 2013 9 0 0 0 0 0 0 0 0 0 0 0 0 0 0 0 0 0 0 0 0 0 0 0 0 0 0 0 0 0 0 -999
P10457 2013 10 0 0 0 0 0 0 30 8 24 45 43 6 73 41 32 101 10 26 34 1 3 0 54 11 0 0 0 6 0 0 0
P10457 2013 11 10 0 0 0 0 0 0 0 0 0 0 2 6 10 24 3 0 0 0 0 4 5 0 4 15 17 28 26 16 0 -999
P10457 2013 12 0 0 40 9 7 9 18 2 1 3 3 1 0 0 0 31 31 42 3 1 1 1 5 0 0 0 1 3 7 4 15
P10457 2014 1 31 45 36 4 2 1 5 10 12 6 21 18 36 13 0 0 0 5 4 9 26 3 27 22 44 43 23 26 79 133 38
P10457 2014 2 40 6 2 10 25 8 5 3 7 5 0 0 0 0 0 0 0 0 2 1 2 2 0 0 0 0 0 0 -999 -999 -999
P10457 2014 3 0 0 0 0 0 0 0 0 0 0 7 3 0 1 24 3 2 0 0 2 35 79 27 27 36 16 4 0 0 0 6
P10457 2014 4 5 3 12 3 2 0 4 8 28 159 35 7 2 1 0 0 0 0 0 0 0 0 0 0 0 0 0 11 29 23 -999
P10457 2014 5 11 23 3 0 0 27 9 26 23 0 7 25 33 14 16 4 19 41 4 3 0 0 0 0 0 0 0 0 0 29 54
P10457 2014 6 38 20 2 0 0 0 0 0 0 0 0 0 0 0 0 0 0 0 0 0 0 0 0 0 0 0 0 0 0 0 -999
P10457 2014 7 0 0 0 0 0 0 0 0 0 0 0 0 0 0 0 0 0 0 0 0 0 0 0 0 0 0 0 0 0 0 0
P10457 2014 8 0 0 0 0 0 0 0 0 0 0 0 0 0 0 0 0 0 0 0 0 0 0 0 0 0 0 0 0 0 0 0
P10457 2014 9 0 0 0 0 0 0 0 0 0 0 0 0 0 0 0 0 0 0 0 0 0 0 0 0 0 0 0 0 0 0 -999
P10457 2014 10 0 0 0 0 0 0 0 0 0 0 0 0 0 0 0 0 0 0 0 0 18 33 10 0 0 14 4 0 0 0 5
P10457 2014 11 0 9 0 0 0 26 12 3 3 0 4 22 10 0 0 0 0 26 23 138 41 7 1 2 6 32 30 4 3 29 -999
P10457 2014 12 3 1 0 0 0 0 0 0 0 4 3 8 7 2 13 11 94 36 9 45 37 50 77 143 10 14 22 0 0 0 0
P10457 2015 1 0 0 0 0 0 0 0 0 0 0 0 0 0 0 2 1 0 1 2 2 2 2 2 10 40 41 8 4 5 35 7
P10457 2015 2 2 3 2 4 1 0 0 1 32 17 10 12 96 106 35 39 90 59 45 25 11 25 18 6 3 0 5 8 -999 -999 -999
P10457 2015 3 0 0 0 0 0 0 0 0 0 0 0 29 16 7 21 38 25 58 137 24 23 34 30 0 0 0 0 0 0 19 9
P10457 2015 4 10 3 0 0 0 0 7 3 4 33 55 32 28 26 12 31 6 3 36 37 30 45 11 24 38 4 0 0 0 0 -999
P10457 2015 5 0 12 20 40 44 8 4 0 0 0 0 0 0 0 0 0 0 0 0 0 0 0 0 0 0 0 0 0 0 0 0
P10457 2015 6 0 0 0 18 12 9 0 0 0 0 0 0 0 0 0 0 0 0 0 0 0 0 0 0 0 0 0 0 0 0 -999
P10457 2015 7 0 0 0 0 0 0 0 0 0 0 0 0 0 0 0 0 0 0 0 0 0 0 0 0 0 0 0 0 0 0 0
P10457 2015 8 0 0 0 0 0 0 0 0 0 0 0 0 0 0 0 0 0 0 0 0 0 0 0 0 0 0 0 0 0 0 0
P10457 2015 9 0 0 0 0 0 0 0 0 0 0 0 0 0 0 0 0 24 70 15 0 0 0 0 0 26 31 0 0 0 2 -999
P10457 2015 10 2 5 0 0 0 0 0 0 11 13 17 6 0 0 0 6 8 33 37 10 8 2 10 0 0 5 1 2 2 2 2
P10457 2015 11 3 0 0 0 5 0 0 0 0 0 0 7 2 3 3 3 6 0 0 0 0 0 1 0 0 0 0 0 4 3 -999
P10457 2015 12 0 0 0 0 0 0 0 0 0 0 1 8 15 19 7 1 1 0 24 14 11 56 5 4 61 9 34 37 16 27 3
P10457 2016 1 16 1 2 8 11 15 11 11 11 10 17 41 86 96 16 7 5 5 2 35 15 6 2 2 9 4 0 0 0 21 24
P10457 2016 2 24 20 8 1 4 12 6 4 3 5 3 10 16 2 2 0 0 0 0 0 0 3 1 1 2 0 0 0 -999 -999 -999
P10457 2016 3 1 1 2 0 2 1 0 2 6 1 2 0 0 0 0 0 3 11 8 0 0 0 1 0 1 0 0 2 0 13 15
P10457 2016 4 1 0 9 92 43 22 10 19 25 23 5 18 38 4 0 0 41 43 37 21 11 5 0 34 0 0 23 39 9 34 -999
P10457 2016 5 34 10 10 13 12 5 4 0 0 0 0 0 0 0 0 0 0 0 0 0 0 0 0 8 8 0 0 0 0 0 0
P10457 2016 6 0 0 0 0 0 0 0 0 0 0 0 0 0 0 0 0 0 0 0 0 0 0 0 0 0 0 0 37 0 0 -999
P10457 2016 7 0 0 0 0 0 0 0 0 0 0 0 0 0 0 0 0 0 0 0 0 0 0 0 0 0 0 0 0 0 0 0
P10457 2016 8 0 0 0 0 0 0 0 0 0 0 0 0 0 0 0 0 0 0 0 0 0 0 0 0 0 0 0 0 0 0 0
P10457 2016 9 0 0 0 0 0 0 0 0 0 0 0 0 0 0 0 0 0 0 0 0 0 0 0 0 0 0 0 16 0 0 -999
P10457 2016 10 0 0 0 0 0 0 0 0 0 0 0 0 0 0 7 30 10 11 9 16 13 21 12 70 128 40 32 93 4 5 4
P10457 2016 11 2 6 0 80 41 33 15 10 4 2 48 127 153 38 2 30 9 6 0 14 6 5 31 131 45 38 30 13 13 2 -999
P10457 2016 12 1 1 3 6 3 0 0 0 1 0 2 1 2 7 0 0 0 0 1 0 1 1 1 1 0 0 2 2 11 5 0
P10457 2017 1 0 1 38 11 3 6 3 15 5 38 20 1 2 1 2 2 1 0 0 0 7 2 0 2 9 6 9 52 3 0 0
P10457 2017 2 3 5 3 0 0 0 0 5 5 2 0 0 0 0 8 5 1 4 67 45 46 37 10 7 10 10 28 29 -999 -999 -999
P10457 2017 3 30 39 24 31 186 42 17 6 31 41 24 27 29 16 17 18 41 23 38 29 8 50 14 7 12 10 10 9 60 38 90
P10457 2017 4 44 29 13 4 10 5 42 15 30 45 48 44 22 3 40 7 5 8 2 2 16 18 10 4 8 22 9 9 9 9 -999
P10457 2017 5 2 21 7 11 12 13 36 21 1 7 2 2 0 33 0 0 0 0 0 0 0 12 40 46 30 3 4 0 0 0 0
P10457 2017 6 0 0 0 0 0 6 9 9 10 0 0 0 0 0 0 0 0 0 0 0 0 0 0 0 0 0 0 0 0 0 -999
P10457 2017 7 0 0 0 0 0 0 0 0 0 0 0 0 0 0 0 0 0 0 0 0 0 0 0 0 0 0 0 0 0 0 0
P10457 2017 8 0 0 0 0 0 0 0 0 0 0 2 0 0 0 0 0 0 0 0 0 0 0 0 0 0 0 0 0 0 0 0
P10457 2017 9 0 0 0 0 0 10 0 0 0 0 0 0 0 0 0 0 0 0 0 0 0 0 0 0 0 9 2 4 23 42 -999
P10457 2017 10 10 10 7 0 0 0 10 8 10 2 0 0 0 0 0 0 0 0 0 0 6 0 0 15 31 20 10 1 1 0 0
P10457 2017 11 5 6 0 0 8 2 1 13 8 39 26 6 6 0 0 0 3 8 4 1 1 3 6 30 41 3 0 0 0 0 -999
P10457 2017 12 0 2 2 3 3 1 1 2 0 0 2 3 5 11 8 11 10 11 2 18 50 40 5 6 2 4 9 15 48 37 39
P10457 2018 1 2 0 0 0 0 0 0 0 0 0 0 1 1 2 2 1 3 0 0 0 0 0 6 20 52 15 6 0 0 21 17
P10457 2018 2 11 19 104 30 81 89 18 87 6 1 2 88 38 61 22 0 0 0 0 0 0 0 0 12 2 0 0 6 -999 -999 -999
P10457 2018 3 5 0 0 0 0 43 27 0 0 0 41 56 21 3 0 0 0 0 1 36 39 13 24 36 9 30 11 10 10 41 10
P10457 2018 4 17 16 4 6 26 22 0 4 0 12 20 21 74 39 9 42 33 7 3 0 0 0 0 3 8 11 4 17 0 42 -999
P10457 2018 5 41 48 55 42 16 0 0 0 0 0 0 0 0 0 0 7 35 17 6 19 16 0 0 0 0 0 0 23 10 0 0
P10457 2018 6 0 0 0 0 0 0 28 6 0 0 0 0 0 0 0 0 0 0 0 0 0 0 0 0 0 0 0 0 0 0 -999
P10457 2018 7 0 0 0 0 0 0 0 0 0 0 0 0 0 0 0 0 0 0 0 0 0 0 0 0 0 0 0 0 0 0 0
P10457 2018 8 0 0 0 0 0 0 0 0 0 0 0 0 0 0 0 0 0 0 0 0 0 0 0 0 0 0 0 0 0 0 0
P10457 2018 9 0 0 0 0 0 0 0 0 0 0 0 0 0 0 0 0 0 0 0 3 4 34 35 0 0 0 0 0 0 0 -999
P10457 2018 10 0 0 0 0 0 0 0 0 0 0 0 0 0 0 0 0 0 0 0 26 25 0 0 0 48 0 32 19 15 20 35
P10457 2018 11 0 0 11 6 15 0 0 0 2 3 4 0 0 0 0 0 3 5 5 0 0 79 0 13 34 45 39 29 4 3 -999
P10457 2018 12 1 4 1 0 0 0 0 3 0 1 2 0 0 3 0 0 0 0 0 0 1 6 5 17 15 82 24 5 1 1 0
P10457 2019 1 0 0 2 9 4 37 36 16 28 5 4 2 5 4 8 10 0 0 0 2 0 0 0 3 2 2 0 0 0 2 13
P10457 2019 2 2 1 17 21 0 1 6 2 1 6 5 25 10 2 13 7 7 1 0 1 0 0 0 117 40 7 37 122 -999 -999 -999
P10457 2019 3 156 50 63 44 35 42 7 21 36 90 0 21 8 0 0 0 0 0 0 0 0 5 3 0 0 0 0 11 14 20 8
P10457 2019 4 0 0 0 0 0 0 0 3 0 0 4 14 6 0 0 0 0 0 0 0 2 6 3 2 7 6 24 46 19 7 -999
P10457 2019 5 6 0 7 0 2 0 0 0 20 22 6 0 30 31 0 4 0 0 0 0 0 0 0 0 0 0 0 3 0 0 6
P10457 2019 6 0 0 0 0 0 0 0 0 0 0 0 0 0 0 0 0 0 0 0 0 0 0 0 0 0 21 28 0 0 0 -999
P10457 2019 7 0 0 32 6 0 0 0 0 0 0 0 0 0 0 0 0 0 0 0 0 0 0 0 0 0 0 0 0 0 0 0
P10457 2019 8 0 0 0 0 0 0 0 0 0 0 0 0 0 0 0 0 0 0 0 0 0 0 0 0 0 0 0 0 0 0 0
P10457 2019 9 0 0 0 0 0 0 0 0 0 0 0 40 35 0 0 0 0 24 10 0 0 0 0 0 0 0 0 0 0 0 -999
P10457 2019 10 0 0 0 4 4 9 7 3 11 6 0 0 0 0 0 0 0 0 0 0 0 0 0 8 4 1 0 3 8 0 6
P10457 2019 11 10 4 0 13 25 12 8 3 1 3 6 4 5 32 35 9 0 0 0 0 0 0 0 4 6 13 4 12 22 24 -999
P10457 2019 12 2 5 0 0 9 0 0 0 0 0 0 1 3 4 35 9 2 37 32 27 8 26 31 17 33 5 7 2 1 2 0
P10457 2020 1 2 13 48 41 35 139 85 9 4 0 0 15 2 0 0 0 0 0 0 0 1 2 2 0 0 0 0 3 2 6 7
P10457 2020 2 9 11 11 38 9 1 3 2 11 0 0 0 0 0 28 59 31 24 11 27 18 20 0 17 7 2 0 0 -999 -999 -999
P10457 2020 3 0 0 0 0 0 0 0 0 0 0 0 0 9 7 14 43 34 8 0 3 3 17 37 45 45 11 20 4 8 2 5
P10457 2020 4 9 0 6 0 0 0 0 0 11 26 24 3 10 3 0 0 0 0 0 0 45 42 42 56 41 29 4 0 31 0 -999
P10457 2020 5 0 0 0 11 38 10 0 0 0 0 0 8 0 0 0 0 0 0 0 0 10 9 8 37 19 36 46 44 39 26 33
P10457 2020 6 5 0 0 0 0 9 42 40 24 15 0 0 0 0 0 0 0 0 0 0 0 0 0 0 0 0 0 0 0 0 -999
P10457 2020 7 0 0 0 0 0 0 0 0 0 0 0 0 0 0 0 0 0 0 0 0 0 0 0 0 0 0 0 0 0 0 0
P10457 2020 8 0 0 0 0 0 0 0 0 0 0 0 0 0 0 0 0 0 0 0 0 0 0 0 0 0 0 0 0 0 0 0
P10457 2020 9 0 0 0 0 0 0 0 0 6 0 0 0 0 46 43 25 0 8 44 33 3 0 0 0 0 0 0 0 0 0 -999
P10457 2020 10 0 0 0 22 2 0 0 0 0 0 4 5 0 0 0 0 0 0 0 0 0 0 35 36 10 113 157 64 11 4 0
P10457 2020 11 12 7 13 118 42 0 0 0 0 0 0 0 3 5 2 9 10 26 60 57 50 5 2 1 0 0 0 0 0 0 -999
P10457 2020 12 0 0 0 0 3 5 2 2 5 7 11 5 8 1 1 6 2 12 7 23 103 158 150 27 5 5 1 1 1 2 7
P10457 2021 1 2 2 9 2 3 2 3 1 0 1 7 3 5 23 2 1 9 18 5 3 5 6 72 73 117 170 196 39 68 60 48
P10457 2021 2 7 122 32 82 70 16 2 28 1 3 4 8 32 12 4 4 8 5 3 2 4 3 0 9 8 2 81 39 -999 -999 -999
P10457 2021 3 36 59 37 30 67 52 41 16 0 3 4 2 41 7 76 34 162 47 55 26 37 5 22 25 2 3 11 6 6 11 10
P10457 2021 4 26 44 11 13 2 0 0 0 28 51 15 1 0 0 11 3 37 16 15 9 0 0 6 14 63 96 33 4 2 30 -999
P10457 2021 5 3 2 0 5 3 6 32 9 16 11 8 5 5 5 0 0 0 0 0 0 0 0 0 0 0 0 0 15 15 35 29
P10457 2021 6 34 39 24 4 7 9 9 39 6 5 30 27 24 19 17 0 0 0 0 0 0 0 0 0 0 0 0 0 0 0 -999
P10457 2021 7 0 0 0 0 0 0 0 0 0 0 0 0 0 0 0 0 0 0 0 0 0 0 0 0 0 0 0 0 0 0 0
P10457 2021 8 0 0 0 0 0 0 0 21 35 25 13 0 0 0 0 0 0 0 0 0 0 0 0 0 0 0 0 0 0 0 0
P10457 2021 9 0 0 0 0 0 0 0 0 0 0 0 0 0 40 39 7 0 0 0 0 0 0 0 0 30 36 22 0 0 8 -999
P10457 2021 10 28 15 56 10 0 0 0 43 0 0 0 0 17 18 25 0 0 0 0 9 23 10 0 0 0 16 10 1 1 2 11
P10457 2021 11 33 3 8 8 17 0 0 15 9 2 0 0 0 0 0 0 0 0 5 10 8 2 6 7 0 0 0 0 0 0 -999
P10457 2021 12 0 0 0 0 3 0 0 6 0 0 0 3 18 25 101 36 118 73 41 33 97 15 34 15 70 18 143 54 19 20 5
P10457 2022 1 2 0 0 0 0 0 0 0 0 0 1 4 7 21 3 0 1 0 0 0 11 5 0 0 0 0 0 0 0 0 0
P10457 2022 2 0 2 2 2 2 1 0 1 2 6 2 3 2 2 21 25 2 3 0 1 18 11 16 31 9 13 19 44 -999 -999 -999
P10457 2022 3 12 7 2 43 45 35 1 1 0 0 0 0 0 0 2 2 0 2 4 15 18 0 0 29 4 7 6 0 0 1 3
P10457 2022 4 6 10 125 32 30 49 32 23 16 1 0 27 42 3 0 0 0 0 0 0 54 94 18 9 5 6 4 0 0 0 -999
P10457 2022 5 0 0 0 0 0 0 0 0 0 0 0 0 0 0 0 0 0 8 7 7 0 0 0 0 0 0 0 0 0 0 0
P10457 2022 6 0 0 0 0 0 0 0 0 0 0 0 0 0 0 0 0 0 0 0 0 0 0 0 0 0 0 0 0 0 0 -999
P10457 2022 7 0 0 0 0 0 0 0 0 0 0 0 0 0 0 0 0 0 0 0 0 0 0 0 0 0 0 0 0 0 0 0
P10457 2022 8 0 0 0 0 0 0 0 0 0 0 0 0 0 0 0 0 0 0 0 0 0 0 0 0 0 0 0 0 0 0 0
P10457 2022 9 0 0 0 0 0 0 0 0 0 0 0 0 0 0 0 0 0 0 0 0 0 11 9 64 32 0 0 0 0 0 -999
P10457 2022 10 0 0 0 0 11 0 0 0 0 1 0 3 10 10 10 0 0 0 0 36 65 0 0 0 0 0 12 16 0 0 0
P10457 2022 11 0 0 0 12 2 0 0 0 0 0 0 7 34 20 11 32 28 31 14 29 99 156 135 46 2 1 0 0 2 1 -999
P10457 2022 12 16 2 1 2 3 36 9 25 7 1 4 2 0 0 0 0 19 21 12 31 12 20 40 153 96 97 124 130 41 5 1
P10457 2023 1 1 6 4 0 56 51 45 46 21 6 35 13 7 11 3 4 19 28 14 0 8 2 2 2 1 1 0 0 0 0 0
P10457 2023 2 0 0 1 1 2 3 1 0 0 0 0 5 1 5 47 33 33 32 13 29 4 0 0 4 1 3 1 3 -999 -999 -999
P10457 2023 3 3 3 24 2 1 2 1 2 0 0 0 0 0 6 35 33 95 30 7 3 56 19 3 1 2 6 0 3 8 13 0
P10457 2023 4 0 0 0 0 0 0 9 16 32 0 0 3 3 19 76 37 44 19 0 0 15 22 10 2 3 7 0 0 0 0 -999
P10457 2023 5 0 42 44 42 31 36 39 55 42 37 11 1 47 18 0 0 0 0 0 0 0 38 17 10 0 0 0 0 0 0 0
P10457 2023 6 0 0 0 0 0 0 0 0 0 0 0 8 5 9 17 13 25 12 0 0 0 0 0 0 0 0 0 0 0 0 -999
P10457 2023 7 0 0 0 0 0 0 0 0 0 0 0 0 0 0 0 0 0 0 94 0 0 0 0 0 0 0 0 0 0 0 0
P10457 2023 8 0 0 0 0 0 0 0 0 0 0 0 0 0 0 0 0 0 0 0 0 0 0 0 0 0 0 0 0 0 0 0
P10457 2023 9 0 0 0 0 0 0 0 0 0 0 0 0 0 0 0 0 0 0 0 0 0 0 0 0 0 0 0 0 0 12 -999
P10457 2023 10 69 70 7 0 0 0 0 0 9 0 0 0 0 11 9 2 3 18 3 3 2 2 0 3 0 0 3 5 7 5 4
P10457 2023 11 3 2 2 0 0 0 0 0 39 37 49 45 26 3 2 7 5 0 0 0 3 2 0 0 0 0 5 3 1 1 -999
P10457 2023 12 0 17 56 37 0 0 0 0 0 0 0 0 0 0 5 2 5 28 5 77 29 30 4 38 3 0 0 0 0 2 2
P10457 2024 1 2 1 1 1 0 0 0 0 0 0 0 0 0 0 0 1 3 5 28 108 37 59 35 11 8 11 30 35 3 4 3
P10457 2024 2 2 4 0 7 15 0 0 13 50 10 39 44 14 8 0 0 0 0 0 0 0 3 9 0 0 0 0 0 -999 -999 -999
P10457 2024 3 0 0 0 2 7 12 15 0 0 19 29 34 23 51 26 13 21 9 41 32 18 1 0 1 0 1 1 1 2 10 9
P10457 2024 4 6 6 8 4 36 24 37 37 15 21 24 0 0 0 0 0 0 0 0 3 32 44 11 2 4 0 0 0 0 9 -999
P10457 2024 5 9 6 17 22 9 3 15 7 7 0 0 11 31 15 8 13 3 6 4 0 0 0 0 0 0 0 15 37 34 7 3
P10457 2024 6 0 0 0 0 0 0 0 0 0 0 0 22 15 0 0 0 0 0 0 0 0 0 0 0 0 0 0 0 0 0 -999
P10457 2024 7 0 0 0 0 0 0 0 0 0 0 0 0 0 0 0 0 0 0 0 0 0 0 0 0 0 0 0 0 0 0 0
P10457 2024 8 0 0 0 0 0 0 0 0 0 0 0 0 0 0 0 0 0 0 0 0 0 0 0 0 0 0 0 0 0 0 0
P10457 2024 9 0 0 0 0 0 0 0 0 0 0 0 0 0 0 0 5 8 39 30 35 51 38 41 22 0 0 10 8 7 10 -999
P10457 2024 10 0 144 44 10 86 41 13 0 0 0 0 0 0 0 0 0 0 9 0 0 0 0 0 0 0 0 0 0 11 15 38
P10457 2024 11 19 90 38 29 7 4 3 3 6 5 10 36 23 24 58 44 3 0 0 0 0 0 0 0 0 0 0 2 3 4 -999
P10457 2024 12 38 33 35 3 2 8 2 3 15 104 138 36 82 12 19 0 0 0 9 0 6 5 18 7 6 6 4 4 0 2 8
P10457 2025 1 3 1 2 67 191 46 15 36 3 2 2 2 2 16 2 2 3 16 4 1 2 0 1 0 2 1 4 22 28 18 8
P10457 2025 2 13 6 7 5 18 24 45 145 40 5 46 13 0 0 0 0 0 0 0 0 0 0 3 0 1 0 0 0 -999 -999 -999
P10457 2025 3 2 12 8 3 1 0 0 34 40 2 4 1 0 0 0 0 0 0 0 0 0 0 0 0 0 0 0 0 0 0 0
P10457 2025 4 0 0 0 4 19 0 0 0 0 0 5 0 0 0 13 0 0 32 8 0 0 0 0 0 0 2 4 0 3 0 -999
P10457 2025 5 0 0 9 6 5 7 0 0 0 0 0 0 5 31 20 5 0 0 0 0 0 7 13 21 19 19 5 10 34 7 3
P10457 2025 6 0 0 0 5 4 0 0 0 0 0 0 0 0 0 0 0 0 0 0 0 0 0 0 0 0 0 0 0 0 0 -999
P10457 2025 7 0 0 0 0 0 0 0 0 0 0 0 0 0 0 0 0 0 0 0 0 0 0 0 0 0 0 0 0 0 0 0
P10457 2025 8 0 0 12 0 0 0 0 0 0 0 0 0 0 0 0 0 0 0 0 0 0 0 0 0 0 0 0 0 0 0 0
P10457 2025 9 0 0 0 0 0 0 0 0 0 0 0 0 0 0 0 0 0 22 0 0 0 0 0 0 0 0 0 0 7 0 -999
P10457 2025 10 0 0 0 0 0 0 0 0 0 0 0 0 0 0 0 0 110 167 43 28 71 42 40 3 3 2 0 6 4 19 36
P10457 2025 11 50 40 7 98 42 17 24 21 29 182 49 0 0 101 53 6 12 0 0 0 0 0 0 0 0 2 1 0 0 0 -999
P10457 2025 12 0 0 1 0 0 3 4 3 9 1 14 29 3 4 7 16 0 44 32 1 4 43 40 43 10 33 0 16 8 14 20
P10457 2026 1 81 19 0 0 0 0 0 1 0 2 1 1 0 0 0 0 3 4 18 7 12 7 7 1 0 0 0 0 0 0 0
P10457 2026 2 0 0 0 0 0 0 0 0 0 0 0 1 4 3 2 29 11 2 2 3 2 1 2 1 3 0 0 6 -999 -999 -999
P10457 2026 3 2 0 3 16 14 13 24 24 0 2 0 0 0 17 9 6 0 0 0 0 0 0 43 45 42 33 14 21 30 17 11
P10457 2026 4 0 5 22 11 9 10 23 3 9 4 7 2 3 2 0 0 0 0 0 0 4 1 0 0 0 0 0 0 18 34 -999
P10457 2026 5 23 7 4 6 0 0 0 0 0 11 10 12 15 18 7 0 0 0 0 0 0 0 0 0 0 0 0 0 23 0 0
P10457 2026 6 0 0 0 0 0 0 0 0 0 0 0 0 0 0 0 14 0 0 0 0 0 0 0 0 0 0 0 0 0 0 -999
P10457 2026 7 0 0 0 0 0 0 0 0 0 0 0 0 0 0 0 0 0 0 0 0 0 0 0 0 0 0 0 0 0 0 0
P10457 2026 8 0 0 0 0 0 0 0 0 0 0 0 0 0 0 0 0 0 0 0 0 0 0 0 0 0 0 0 0 0 0 0
P10457 2026 9 0 18 31 10 0 0 0 0 0 0 0 0 0 0 0 0 0 0 0 32 40 35 0 0 0 0 0 0 0 0 -999
P10457 2026 10 0 0 0 0 0 0 0 0 0 0 0 0 0 0 0 0 6 0 0 13 23 1 0 0 0 0 0 8 30 24 80
P10457 2026 11 36 12 3 7 25 40 2 81 131 35 4 31 1 25 151 14 5 1 0 0 0 0 3 3 0 0 5 0 0 0 -999
P10457 2026 12 2 7 4 0 0 0 0 0 0 4 2 4 0 9 139 40 12 40 40 34 7 17 40 2 2 4 0 1 2 0 0
P10457 2027 1 0 0 2 4 11 10 39 24 1 6 146 15 5 2 10 33 0 5 8 6 2 5 1 2 15 148 120 41 117 0 0
P10457 2027 2 0 0 0 0 0 0 0 0 0 2 22 10 0 0 0 13 18 9 9 17 14 21 49 8 0 8 4 2 -999 -999 -999
P10457 2027 3 4 11 16 10 4 6 11 7 0 0 0 0 0 0 0 0 4 5 18 43 44 36 32 20 3 17 13 1 3 3 0
P10457 2027 4 0 6 11 0 0 0 0 0 0 0 0 3 10 10 3 0 0 0 0 0 0 9 9 5 0 0 0 0 10 0 -999
P10457 2027 5 0 0 0 38 16 28 36 10 0 0 0 0 0 0 0 0 0 0 0 0 0 11 0 0 0 0 0 0 0 0 0
P10457 2027 6 0 0 0 20 36 3 0 0 0 0 0 0 0 0 0 0 0 0 0 0 0 0 0 0 0 0 0 7 0 0 -999
P10457 2027 7 0 8 10 0 26 0 0 0 0 0 0 0 0 0 0 0 0 0 0 0 0 0 0 0 0 0 0 0 0 0 0
P10457 2027 8 0 0 0 0 0 0 0 0 0 0 0 0 0 0 16 0 0 0 0 0 0 0 0 0 0 0 0 0 0 0 0
P10457 2027 9 0 0 0 0 0 0 0 0 0 0 0 0 6 0 0 0 0 0 0 0 0 0 0 0 0 0 0 0 2 0 -999
P10457 2027 10 28 0 0 0 0 0 54 0 0 0 0 0 0 0 0 0 9 4 2 0 6 2 4 6 3 2 2 0 0 0 0
P10457 2027 11 6 2 2 3 2 3 2 4 7 59 26 2 0 0 0 0 0 0 0 0 13 24 25 24 29 82 16 7 5 3 -999
P10457 2027 12 8 5 5 3 4 5 6 0 0 0 0 0 4 3 18 15 24 2 2 5 1 0 0 0 2 2 2 1 0 0 0
P10457 2028 1 2 3 0 0 0 0 0 0 0 0 2 2 0 0 2 3 6 16 13 2 0 0 0 0 0 0 4 6 0 0 0
P10457 2028 2 0 0 36 26 65 91 42 28 0 10 32 42 14 61 99 91 35 7 30 8 5 15 4 0 0 0 0 0 -999 -999 -999
P10457 2028 3 0 0 0 0 7 0 0 0 0 3 23 32 30 3 2 1 0 0 0 0 0 1 1 0 6 15 20 5 4 5 6
P10457 2028 4 5 0 0 0 0 0 0 0 0 40 18 1 0 0 0 0 19 13 43 46 27 0 0 0 0 0 0 0 0 0 -999
P10457 2028 5 6 0 0 0 0 0 0 12 36 25 19 27 16 0 0 10 0 0 0 0 0 0 0 40 2 0 5 11 3 0 6
P10457 2028 6 7 5 15 25 36 37 38 11 0 0 0 0 0 0 0 0 0 0 0 0 0 0 0 0 0 0 0 12 44 18 -999
P10457 2028 7 7 0 0 0 0 0 0 0 0 0 0 7 5 0 0 0 0 0 0 0 0 0 0 0 0 0 0 0 0 0 0
P10457 2028 8 0 0 0 0 0 0 0 0 0 0 0 0 0 0 0 0 0 0 0 0 0 0 0 0 0 0 0 0 0 0 0
P10457 2028 9 0 0 0 0 0 0 0 0 0 0 0 0 0 0 0 0 0 0 0 0 0 0 0 12 0 0 0 0 0 0 -999
P10457 2028 10 0 0 0 0 0 0 0 0 0 0 0 0 0 8 0 0 0 0 9 0 0 0 0 0 0 0 0 0 0 0 0
P10457 2028 11 0 1 5 13 35 38 8 4 4 0 0 17 6 5 1 2 2 11 4 3 35 25 6 2 1 2 17 10 11 3 -999
P10457 2028 12 2 7 6 4 0 0 0 0 0 0 0 8 23 7 0 0 7 16 37 37 66 36 9 5 2 3 3 10 8 21 3
P10457 2029 1 3 2 25 48 10 3 0 36 6 24 28 53 9 5 12 38 13 9 3 3 1 0 2 0 0 0 0 24 13 9 11
P10457 2029 2 16 29 26 29 14 1 1 1 0 8 10 1 5 3 1 3 1 0 0 1 0 0 1 2 3 3 9 15 -999 -999 -999
P10457 2029 3 23 18 23 59 91 117 35 73 37 24 1 1 1 11 1 2 3 3 3 37 11 4 0 0 0 0 0 0 0 5 4
P10457 2029 4 22 28 20 28 0 5 0 0 0 0 0 0 8 18 13 19 2 4 3 2 2 0 0 0 0 0 5 24 12 44 -999
P10457 2029 5 31 4 21 49 40 33 102 35 31 16 4 1 2 0 0 0 0 0 0 0 0 1 0 0 8 0 0 0 0 0 0
P10457 2029 6 0 0 25 24 0 0 0 0 0 0 0 0 0 0 0 0 0 0 0 0 0 0 0 0 0 0 0 0 0 0 -999
P10457 2029 7 0 0 0 0 0 0 0 0 0 0 0 0 0 0 0 0 0 0 0 0 0 0 0 0 0 0 0 0 0 0 0
P10457 2029 8 0 0 0 0 0 0 0 0 0 0 0 0 0 0 0 0 0 0 0 0 0 0 0 0 0 0 0 0 0 0 0
P10457 2029 9 0 0 0 0 0 0 0 0 0 0 0 0 0 0 0 0 0 0 0 26 0 0 12 11 34 36 46 0 0 0 -999
P10457 2029 10 0 0 0 0 0 0 0 0 0 0 0 0 0 0 0 0 0 10 0 2 0 0 0 0 8 26 0 9 121 41 11
P10457 2029 11 0 0 0 0 0 0 0 0 0 0 0 0 0 0 0 0 5 7 6 0 12 6 14 38 2 1 4 1 3 0 -999
P10457 2029 12 1 4 50 15 42 7 3 5 10 6 1 2 3 1 2 0 7 1 1 0 1 42 39 27 28 7 75 50 106 23 0
P10457 2030 1 0 0 0 0 12 8 20 0 0 70 17 11 0 5 6 86 9 0 1 1 10 1 1 4 13 2 6 26 9 0 0
P10457 2030 2 8 20 56 16 69 14 3 7 1 0 0 0 0 0 0 10 11 7 0 0 4 9 3 2 64 17 0 0 -999 -999 -999
P10457 2030 3 0 0 0 0 0 0 0 0 0 0 0 0 0 0 0 0 5 8 29 5 0 12 14 26 30 13 30 15 51 35 66
P10457 2030 4 34 15 14 6 1 0 1 8 9 4 16 0 10 13 33 35 11 34 36 15 4 3 0 13 36 38 27 2 10 5 -999
P10457 2030 5 2 2 4 0 0 0 0 0 0 3 11 17 9 28 49 43 20 24 9 0 0 0 0 0 0 0 0 0 0 0 0
P10457 2030 6 0 0 0 0 0 0 0 0 0 0 0 0 0 0 0 0 31 57 17 6 0 0 13 0 0 0 0 0 0 0 -999
P10457 2030 7 0 0 0 0 0 0 0 0 0 0 0 0 0 0 0 0 0 0 0 0 0 0 0 0 0 0 0 0 0 0 0
P10457 2030 8 0 0 0 0 0 0 0 0 0 0 0 0 0 0 0 0 0 0 0 0 0 0 0 0 0 0 0 0 0 0 0
P10457 2030 9 0 0 0 0 0 0 0 0 28 0 0 0 0 0 0 40 27 9 9 6 50 37 35 7 6 3 18 25 7 2 -999
P10457 2030 10 0 0 0 0 0 0 0 36 40 42 23 25 9 6 3 7 11 21 71 44 65 39 31 34 9 0 0 0 11 26 11
P10457 2030 11 9 0 12 0 36 15 44 93 109 144 38 6 5 32 30 11 103 46 22 26 29 53 42 11 12 34 1 92 37 2 -999
P10457 2030 12 3 2 3 4 6 11 4 3 3 2 12 8 0 0 0 0 0 1 2 2 2 1 2 0 1 15 35 9 31 27 19
P10457 2031 1 10 1 3 60 12 14 7 61 186 42 6 5 113 72 52 15 0 0 3 0 5 0 1 1 0 0 0 0 2 0 1
P10457 2031 2 1 2 9 6 0 17 0 0 27 5 4 9 5 8 0 0 0 0 6 9 14 9 18 16 0 12 0 1 -999 -999 -999
P10457 2031 3 0 3 3 3 9 40 9 6 36 41 11 23 38 8 2 6 3 2 3 1 1 0 0 0 0 0 0 0 0 0 15
P10457 2031 4 3 11 15 2 2 13 29 10 12 29 26 28 37 21 0 0 0 0 0 0 0 0 0 0 0 0 0 0 0 0 -999
P10457 2031 5 0 7 10 8 13 8 0 0 0 0 13 0 0 0 0 0 0 0 0 0 0 0 0 0 2 0 0 0 0 0 0
P10457 2031 6 0 0 0 0 0 0 68 40 0 0 0 0 0 0 0 0 0 0 0 0 0 0 0 0 0 0 0 0 0 0 -999
P10457 2031 7 0 0 0 0 0 0 0 0 0 0 0 0 0 42 38 10 0 0 0 0 0 0 0 0 0 0 0 0 0 0 0
P10457 2031 8 0 0 0 0 0 0 0 0 0 0 0 15 0 0 0 0 0 0 0 0 0 0 0 0 0 0 0 0 0 0 0
P10457 2031 9 0 0 0 0 0 0 0 0 0 0 0 0 0 0 0 0 0 0 0 0 0 34 36 25 23 10 28 19 5 0 -999
P10457 2031 10 0 0 10 0 0 0 0 0 18 0 0 0 0 0 0 0 9 0 0 3 12 20 0 0 25 0 0 0 0 9 7
P10457 2031 11 1 5 11 35 12 17 14 34 6 10 34 28 84 71 81 40 23 99 60 155 43 31 11 3 25 12 29 41 38 18 -999
P10457 2031 12 96 143 40 21 91 22 35 12 4 8 5 1 1 0 3 5 4 4 2 0 10 11 11 11 12 8 2 19 6 25 5
P10457 2032 1 2 0 68 96 172 32 110 104 32 1 7 42 8 24 57 9 0 0 5 2 0 1 1 1 5 12 3 18 25 16 17
P10457 2032 2 6 1 0 1 2 2 6 2 0 0 89 31 3 1 0 0 0 0 0 0 0 4 0 0 0 6 0 0 -999 -999 -999
P10457 2032 3 0 0 0 0 0 0 0 0 2 5 4 1 4 5 1 0 0 0 0 0 0 0 0 0 0 0 0 1 4 18 0
P10457 2032 4 20 31 10 25 29 31 107 43 30 27 5 0 0 19 28 41 36 6 0 3 0 7 0 93 39 5 0 0 0 0 -999
P10457 2032 5 0 0 6 12 0 0 0 0 0 0 0 0 0 0 0 0 8 7 0 5 0 4 8 0 6 2 0 0 4 38 15
P10457 2032 6 0 0 0 0 0 0 0 0 0 0 0 0 0 0 0 0 60 0 0 0 0 0 0 0 0 0 0 0 0 0 -999
P10457 2032 7 0 0 0 0 0 0 0 0 0 0 0 0 0 0 0 0 0 0 0 0 0 0 0 0 0 0 0 0 0 0 0
P10457 2032 8 0 0 0 0 0 0 0 0 0 0 0 0 0 0 0 0 0 0 0 0 0 0 0 0 0 0 0 0 0 0 0
P10457 2032 9 0 0 0 0 0 0 0 0 0 0 32 0 10 10 0 68 39 11 0 0 0 0 0 0 0 0 0 0 0 0 -999
P10457 2032 10 0 11 12 0 0 0 7 10 3 0 0 0 0 0 42 37 14 0 0 17 24 30 41 6 3 0 0 26 14 2 9
P10457 2032 11 1 2 8 11 10 0 0 0 0 0 0 0 0 0 0 0 0 8 0 0 2 4 6 4 16 9 33 7 60 63 -999
P10457 2032 12 44 14 23 10 0 0 0 0 0 0 0 0 0 0 0 0 0 0 3 4 4 0 0 4 17 22 3 0 0 3 2
P10457 2033 1 3 5 31 45 43 11 20 12 63 69 13 50 42 1 32 140 32 0 25 0 0 0 5 4 10 23 58 37 8 17 6
P10457 2033 2 0 0 0 0 3 3 7 13 37 9 83 38 8 0 0 0 0 0 12 5 2 1 1 13 8 2 0 0 -999 -999 -999
P10457 2033 3 2 1 0 1 0 0 4 2 1 10 30 28 26 6 0 0 0 0 0 0 10 9 17 0 0 0 9 34 2 4 0
P10457 2033 4 0 0 0 31 45 28 27 27 26 20 27 50 81 38 13 72 45 43 35 22 33 112 35 8 28 6 12 0 11 6 -999
P10457 2033 5 2 0 12 31 0 0 0 0 4 0 6 9 16 37 13 8 30 39 10 22 45 7 3 7 0 0 0 0 0 0 0
P10457 2033 6 0 0 0 0 0 0 0 0 0 0 0 0 0 0 0 0 0 0 0 0 0 0 0 0 0 0 0 0 0 0 -999
P10457 2033 7 0 0 0 0 0 0 0 0 0 0 0 0 0 0 0 0 0 0 0 0 0 0 0 0 0 0 0 0 0 0 0
P10457 2033 8 0 0 0 0 0 0 0 0 0 0 0 0 0 0 0 0 0 0 0 0 0 0 0 0 0 0 0 0 0 18 0
P10457 2033 9 0 0 0 0 0 0 8 11 0 0 0 0 0 0 36 11 0 0 0 0 0 0 0 0 0 0 0 0 0 0 -999
P10457 2033 10 21 0 0 36 45 44 43 41 24 17 135 83 91 0 0 0 0 0 0 0 0 0 15 12 12 6 0 0 11 6 5
P10457 2033 11 10 45 159 45 29 1 3 0 3 3 6 0 0 0 0 3 26 3 2 3 3 3 0 0 0 0 0 0 0 0 -999
P10457 2033 12 1 2 5 3 3 3 0 6 1 1 5 10 1 1 0 0 0 0 0 0 1 0 0 0 0 0 0 0 0 0 0
P10457 2034 1 0 1 4 3 3 1 3 3 3 3 22 36 17 12 39 7 3 1 5 0 0 1 0 0 0 0 0 0 0 0 0
P10457 2034 2 0 0 0 0 0 0 3 0 0 1 1 2 4 2 14 46 18 0 7 3 2 0 0 0 3 0 2 14 -999 -999 -999
P10457 2034 3 60 58 42 20 47 37 5 15 0 0 0 0 3 5 6 7 4 2 1 0 0 4 17 38 71 0 0 0 0 0 0
P10457 2034 4 0 0 0 0 0 0 0 0 0 0 0 0 0 4 8 0 0 1 0 5 36 6 0 0 0 0 0 18 7 0 -999
P10457 2034 5 0 0 0 0 0 3 0 0 0 0 0 0 0 0 0 0 0 0 0 0 0 0 0 0 0 46 37 0 0 0 0
P10457 2034 6 0 0 0 9 28 27 19 0 0 0 0 0 0 0 0 0 0 0 0 0 0 0 0 0 0 0 0 0 0 0 -999
P10457 2034 7 0 0 0 0 0 0 0 0 0 7 0 0 0 0 0 0 0 0 0 0 0 0 0 0 0 0 0 0 0 0 0
P10457 2034 8 8 0 0 0 0 0 0 0 0 0 0 0 0 0 0 0 0 0 0 0 0 0 0 0 0 0 0 0 0 0 0
P10457 2034 9 0 0 0 0 0 0 0 0 0 0 0 0 0 0 0 0 0 0 0 0 0 0 0 0 0 0 0 0 0 43 -999
P10457 2034 10 29 4 8 0 97 43 8 0 0 54 38 2 1 1 0 0 0 0 0 0 0 0 0 6 25 25 9 23 10 0 0
P10457 2034 11 0 0 0 0 0 8 9 11 50 8 0 16 0 0 0 0 0 0 0 0 9 19 34 41 19 39 5 2 3 22 -999
P10457 2034 12 6 0 0 0 2 6 4 10 6 4 1 1 4 36 58 9 0 4 2 3 2 3 0 3 7 6 14 1 10 2 30
P10457 2035 1 1 2 16 29 34 51 23 32 8 5 13 4 24 8 10 11 10 2 5 30 91 47 40 38 4 2 1 0 0 0 0
P10457 2035 2 15 9 2 0 1 0 5 1 1 1 6 0 0 0 0 0 1 2 0 2 25 27 45 51 42 5 10 34 -999 -999 -999
P10457 2035 3 7 47 10 13 25 11 16 15 13 1 1 3 31 131 45 44 41 14 39 81 92 106 30 11 70 35 5 41 18 41 36
P10457 2035 4 31 10 5 55 46 29 23 36 43 12 8 24 7 0 0 0 0 0 0 0 115 45 45 52 35 14 14 47 30 61 -999
P10457 2035 5 44 0 0 0 0 0 0 0 36 0 0 0 0 0 0 0 0 0 0 0 0 0 40 44 0 0 0 0 0 0 78
P10457 2035 6 36 0 0 0 35 39 8 5 34 11 15 0 0 0 0 0 0 0 0 0 0 0 0 0 0 0 0 0 0 0 -999
P10457 2035 7 0 0 0 0 0 0 0 0 0 0 0 0 0 0 0 0 0 0 0 0 0 0 0 0 0 0 0 0 0 0 0
P10457 2035 8 0 0 0 0 0 0 0 0 0 0 0 0 0 0 0 0 0 0 0 0 0 0 0 0 0 0 0 0 0 0 0
P10457 2035 9 0 0 0 0 0 0 0 0 0 0 0 0 0 0 0 0 0 0 0 0 0 0 0 0 0 0 0 0 0 0 -999
P10457 2035 10 0 0 19 24 0 0 0 0 0 0 0 0 29 37 11 0 0 0 0 58 21 0 0 0 0 0 0 0 0 0 0
P10457 2035 11 0 0 13 21 24 29 28 8 5 0 0 0 0 0 0 0 0 0 0 0 0 0 0 0 5 0 0 9 4 2 -999
P10457 2035 12 8 3 5 26 54 105 48 35 16 26 5 1 2 4 5 2 0 0 12 25 59 27 0 0 0 0 0 0 0 0 2
P10457 2036 1 5 3 1 2 1 20 21 19 64 39 30 18 22 4 0 1 2 8 12 2 33 32 11 2 2 1 13 2 2 2 3
P10457 2036 2 2 1 1 1 1 2 4 9 17 7 7 19 27 26 18 6 3 2 0 0 0 0 0 0 0 0 5 7 -999 -999 -999
P10457 2036 3 47 35 6 8 14 18 1 0 0 0 0 0 0 6 9 2 0 0 0 2 3 0 0 0 4 2 2 20 10 12 31
P10457 2036 4 41 42 36 21 3 2 3 0 2 0 0 0 0 0 0 0 0 0 0 0 0 0 7 17 20 12 3 1 0 0 -999
P10457 2036 5 0 0 11 17 5 0 0 0 0 0 21 34 37 24 16 35 32 11 2 0 0 0 0 0 0 0 0 0 0 0 3
P10457 2036 6 24 42 0 0 0 0 0 0 0 0 0 0 0 0 0 0 0 2 24 0 0 0 0 0 0 0 0 0 0 0 -999
P10457 2036 7 0 0 0 0 0 0 0 0 0 0 0 0 0 0 0 0 0 0 0 0 0 0 0 0 0 0 0 0 0 0 0
P10457 2036 8 0 0 0 0 0 0 0 0 0 0 0 0 0 0 0 0 0 0 0 0 0 0 0 0 0 0 0 0 0 0 0
P10457 2036 9 0 0 0 0 0 0 0 0 0 0 0 0 0 0 0 0 0 0 0 0 0 0 0 0 0 0 0 0 0 0 -999
P10457 2036 10 0 9 0 0 0 0 0 0 0 0 11 0 0 0 0 0 0 0 0 0 0 0 0 0 0 18 0 15 150 48 34
P10457 2036 11 8 4 0 0 0 28 3 45 16 2 5 6 11 64 36 36 2 0 17 8 3 0 0 0 0 12 35 11 3 1 -999
P10457 2036 12 2 7 9 10 11 0 1 0 0 0 2 8 2 4 2 0 0 6 6 0 9 32 24 4 8 9 5 4 2 0 1
P10457 2037 1 1 3 1 2 5 1 2 1 17 42 4 36 30 1 0 0 0 0 59 51 115 34 14 45 41 4 128 34 45 7 2
P10457 2037 2 0 0 57 35 34 35 36 47 35 2 0 0 0 0 0 0 0 0 0 0 1 0 3 3 0 8 31 13 -999 -999 -999
P10457 2037 3 0 0 0 0 0 0 0 1 0 6 5 6 18 32 100 89 35 21 2 0 27 16 34 46 32 3 4 15 28 47 0
P10457 2037 4 10 0 8 11 2 19 11 8 8 3 5 5 7 39 44 17 27 35 8 6 20 34 93 89 26 0 0 4 0 0 -999
P10457 2037 5 0 0 0 0 0 0 0 0 0 4 3 4 0 6 7 2 8 15 7 0 0 10 11 11 44 42 9 1 3 0 0
P10457 2037 6 0 0 0 0 0 0 0 0 0 0 0 0 0 0 0 29 38 42 37 0 0 0 0 0 0 0 0 0 0 0 -999
P10457 2037 7 0 0 0 0 0 0 0 0 0 0 0 0 0 0 0 0 0 0 0 0 0 0 0 0 0 0 0 0 0 0 0
P10457 2037 8 0 0 0 0 0 0 0 0 0 0 0 0 0 0 0 0 0 0 0 0 0 0 0 0 0 0 0 0 0 0 0
P10457 2037 9 0 0 0 0 0 0 0 0 0 0 0 0 0 0 0 0 0 0 0 0 0 0 0 0 0 0 0 0 0 9 -999
P10457 2037 10 4 0 0 0 0 0 0 0 0 7 21 6 0 0 0 0 0 10 8 2 0 0 0 9 9 9 0 0 0 0 0
P10457 2037 11 0 0 0 0 0 0 4 22 11 0 7 17 32 40 13 1 0 0 0 32 35 3 20 35 5 9 16 28 29 5 -999
P10457 2037 12 44 5 35 18 35 7 8 4 40 3 16 3 2 3 4 3 9 12 19 4 0 0 21 0 0 0 0 2 2 2 4
P10457 2038 1 4 24 3 17 27 1 6 1 3 6 5 3 6 23 26 4 127 10 3 0 0 3 21 42 3 32 25 16 42 34 1
P10457 2038 2 2 4 0 133 34 11 8 5 2 3 0 0 0 0 4 3 1 3 3 0 0 0 10 8 0 0 0 37 -999 -999 -999
P10457 2038 3 40 32 32 23 204 44 26 30 24 16 5 0 0 0 0 0 0 9 34 41 37 2 1 1 0 6 4 8 8 8 3
P10457 2038 4 2 0 0 0 0 0 6 14 0 0 0 0 0 29 32 15 0 0 0 0 0 23 0 0 24 43 0 0 0 0 -999
P10457 2038 5 34 35 0 11 0 0 11 0 0 0 0 0 0 2 4 3 0 86 45 69 24 19 20 19 37 74 30 27 24 10 0
P10457 2038 6 0 0 0 0 0 0 0 0 0 0 0 0 0 0 0 0 0 0 0 0 0 0 0 0 0 0 0 0 0 0 -999
P10457 2038 7 0 0 0 0 0 0 0 0 0 0 0 0 0 0 0 0 0 0 0 0 0 0 0 0 0 0 0 0 0 0 0
P10457 2038 8 0 0 0 0 0 0 0 0 0 0 0 0 0 0 0 0 0 0 0 0 0 0 0 0 0 0 0 0 0 0 0
P10457 2038 9 0 0 0 0 0 0 0 0 0 0 0 0 0 0 0 0 0 0 0 0 0 0 0 11 0 0 0 0 0 0 -999
P10457 2038 10 0 0 0 0 0 0 0 0 0 0 0 0 0 0 0 0 0 0 0 0 0 11 63 0 0 0 0 0 0 0 0
P10457 2038 11 38 39 10 3 5 16 8 0 8 7 10 34 13 134 61 36 11 3 2 2 0 0 0 6 7 0 2 3 5 2 -999
P10457 2038 12 2 26 3 7 10 29 9 7 2 10 104 42 49 6 9 44 7 37 44 32 151 9 0 0 0 20 85 12 0 6 15
P10457 2039 1 14 15 11 7 20 4 5 3 0 0 0 0 0 0 11 23 26 4 10 11 9 2 6 7 12 2 3 2 2 2 2
P10457 2039 2 10 8 0 1 0 0 0 0 0 0 0 0 1 6 7 4 15 1 3 0 0 0 4 8 38 1 0 3 -999 -999 -999
P10457 2039 3 2 0 0 0 0 0 0 15 9 0 0 56 32 34 13 3 3 0 0 0 0 0 0 0 0 11 0 0 0 0 0
P10457 2039 4 0 0 0 0 0 0 0 0 0 0 0 0 0 7 29 0 0 0 0 0 10 3 0 0 0 0 0 0 0 0 -999
P10457 2039 5 0 0 0 0 0 0 0 0 0 0 0 0 0 0 0 45 31 12 11 15 22 16 11 10 0 0 0 0 0 0 0
P10457 2039 6 35 39 43 42 31 7 0 0 0 0 0 0 0 0 0 0 0 0 0 0 0 0 0 0 0 0 0 0 4 0 -999
P10457 2039 7 0 0 0 0 0 0 0 0 0 0 0 0 0 0 0 0 0 0 0 0 0 0 0 0 0 0 0 0 0 0 0
P10457 2039 8 0 0 0 0 0 0 0 0 0 0 0 0 0 0 0 0 0 0 0 0 0 0 0 0 0 0 0 0 0 0 0
P10457 2039 9 0 0 0 0 0 0 0 0 0 0 0 0 0 0 0 0 0 0 0 0 0 0 0 0 0 0 0 0 0 0 -999
P10457 2039 10 0 0 0 0 0 0 0 0 0 0 0 0 0 2 2 2 5 5 6 18 6 46 41 12 12 9 45 43 44 45 41
P10457 2039 11 2 0 0 0 0 3 0 0 15 8 20 63 28 7 4 15 3 19 39 43 41 8 37 0 0 0 5 12 4 4 -999
P10457 2039 12 6 23 9 23 105 73 18 27 66 8 0 0 0 20 13 0 7 12 30 26 1 7 10 22 16 11 30 47 15 27 20
P10457 2040 1 19 5 5 26 79 60 24 5 9 10 42 26 30 6 7 41 3 3 19 6 0 0 1 0 0 1 0 0 0 0 0
P10457 2040 2 0 0 3 3 4 1 0 1 2 4 0 0 2 2 3 4 3 6 1 1 1 2 2 0 0 0 0 0 -999 -999 -999
P10457 2040 3 0 0 0 0 0 0 0 0 0 0 0 0 0 0 6 4 5 0 0 0 0 0 112 47 44 45 35 20 14 38 31
P10457 2040 4 13 55 40 41 4 6 4 2 0 0 0 0 4 7 0 40 36 0 0 0 0 31 18 7 161 92 38 9 0 3 -999
P10457 2040 5 1 2 5 3 5 6 0 0 0 0 0 0 0 0 0 0 0 1 0 5 0 0 0 0 0 0 0 0 0 0 0
P10457 2040 6 0 0 0 0 0 0 0 0 0 0 0 0 0 0 0 0 0 0 0 0 0 0 0 0 0 0 0 0 0 0 -999
P10457 2040 7 0 0 0 0 0 0 0 0 0 0 0 0 0 0 0 0 0 0 0 0 0 0 0 0 0 0 0 0 0 0 0
P10457 2040 8 0 0 0 0 0 0 0 0 0 0 0 0 0 0 0 0 0 0 0 0 0 0 0 0 0 0 0 0 0 0 0
P10457 2040 9 0 0 0 0 0 0 0 0 0 0 0 0 0 0 0 0 8 0 0 0 0 0 16 0 0 0 0 33 18 3 -999
P10457 2040 10 5 0 0 0 0 0 0 0 0 0 0 0 0 0 0 0 13 29 20 18 4 4 8 0 0 5 6 0 0 0 0
P10457 2040 11 10 14 8 12 0 11 44 47 44 11 6 20 29 17 5 6 2 4 1 0 0 0 0 17 19 0 0 0 0 0 -999
P10457 2040 12 0 0 0 0 18 102 47 2 4 7 0 0 0 45 12 0 0 0 5 0 3 0 0 0 2 2 21 24 6 4 3
P10457 2041 1 7 0 0 0 1 0 1 2 0 0 0 0 3 4 1 0 0 0 6 10 53 64 186 56 149 94 174 46 22 2 0
P10457 2041 2 0 0 0 0 39 27 105 44 20 88 19 11 28 3 65 106 87 96 31 11 151 36 3 38 29 9 3 0 -999 -999 -999
P10457 2041 3 2 2 1 1 2 1 2 12 33 6 6 9 7 8 3 3 19 64 45 39 6 30 46 25 23 126 35 24 25 56 29
P10457 2041 4 1 1 1 0 0 0 0 0 0 0 1 2 2 3 8 1 7 42 38 20 25 2 19 84 44 39 1 2 0 0 -999
P10457 2041 5 0 0 8 27 0 0 0 0 0 46 55 42 0 0 0 0 0 16 23 88 86 30 43 39 31 23 42 29 9 23 24
P10457 2041 6 12 0 0 0 0 0 0 0 0 0 0 0 0 0 0 0 0 0 0 0 0 0 0 0 0 0 0 0 0 0 -999
P10457 2041 7 0 0 0 0 0 0 0 0 0 11 0 0 0 0 0 0 0 0 0 0 0 0 0 0 0 31 24 17 0 0 0
P10457 2041 8 0 0 0 0 0 0 0 0 0 0 0 0 0 0 0 0 0 0 0 0 0 0 0 0 0 0 0 0 0 0 0
P10457 2041 9 0 0 0 0 0 0 0 0 0 0 0 0 0 0 0 0 0 0 0 0 0 0 36 38 36 20 0 0 0 0 -999
P10457 2041 10 0 11 10 6 0 0 0 0 0 0 0 0 0 0 0 0 0 0 0 0 14 20 0 0 0 8 0 0 0 0 0
P10457 2041 11 0 0 0 10 8 13 8 9 17 11 12 30 79 38 45 42 166 82 11 23 61 112 27 102 28 6 16 22 6 2 -999
P10457 2041 12 2 43 5 113 114 19 0 11 5 0 8 8 11 75 37 160 62 36 20 24 17 1 5 3 0 1 1 2 0 3 0
P10457 2042 1 0 0 6 0 0 10 15 2 2 2 3 3 0 0 0 0 0 0 0 0 0 0 0 0 0 0 0 0 0 0 0
P10457 2042 2 2 2 0 0 0 0 0 0 0 7 0 0 0 0 0 0 0 1 4 3 0 0 0 0 6 0 0 0 -999 -999 -999
P10457 2042 3 0 0 0 0 0 1 3 0 0 0 0 3 0 6 19 17 0 0 82 44 24 10 1 31 14 3 2 0 0 20 46
P10457 2042 4 6 5 4 4 25 37 43 8 2 3 10 8 3 25 2 14 17 0 0 0 0 146 47 39 73 40 19 35 35 41 -999
P10457 2042 5 43 39 39 5 1 2 0 9 19 22 0 0 0 0 0 0 0 0 0 0 0 0 0 0 0 0 0 0 0 0 0
P10457 2042 6 0 0 25 8 0 0 7 0 0 0 0 0 0 0 0 0 0 0 0 0 0 0 0 0 0 0 0 0 0 0 -999
P10457 2042 7 0 0 0 0 0 0 0 0 0 0 0 0 0 0 39 0 0 0 0 0 0 0 0 0 0 0 0 0 0 0 0
P10457 2042 8 0 0 0 0 0 0 0 0 0 0 0 0 0 0 0 0 0 0 0 0 0 0 0 0 0 0 0 0 0 0 0
P10457 2042 9 0 0 0 0 0 0 0 0 0 0 0 0 0 0 0 0 0 0 0 0 0 0 0 0 0 0 0 0 0 0 -999
P10457 2042 10 0 0 0 7 0 0 0 19 9 0 0 0 28 13 25 4 3 8 7 41 35 10 2 4 0 0 0 7 0 0 0
P10457 2042 11 0 0 0 0 0 0 21 10 8 0 0 0 0 0 0 0 3 3 5 19 2 0 0 0 0 2 0 5 30 12 -999
P10457 2042 12 3 7 35 24 9 37 10 12 31 37 11 11 11 42 40 3 48 37 8 3 3 4 37 21 2 2 1 0 0 0 1
P10457 2043 1 1 6 9 19 6 30 3 1 0 0 1 3 5 42 8 10 6 5 6 36 14 47 20 18 1 0 2 22 14 4 0
P10457 2043 2 0 0 0 5 5 12 32 0 0 0 0 0 1 2 0 0 0 0 0 0 0 4 2 1 2 2 0 0 -999 -999 -999
P10457 2043 3 0 6 20 34 9 5 44 169 44 7 5 10 14 0 0 0 0 0 36 0 40 31 60 18 24 4 1 8 4 5 4
P10457 2043 4 20 3 2 9 0 0 0 0 0 5 38 0 0 0 7 14 53 3 14 42 3 0 0 0 0 0 0 0 0 0 -999
P10457 2043 5 0 0 0 0 0 0 0 35 0 0 0 0 0 0 0 0 0 0 0 73 55 42 98 52 0 0 53 39 7 21 33
P10457 2043 6 28 14 4 0 0 0 0 0 0 0 0 0 0 0 0 0 0 0 0 0 0 0 0 0 0 0 0 0 0 0 -999
P10457 2043 7 0 0 0 0 0 0 0 0 0 0 0 0 0 0 0 0 0 0 0 0 0 0 0 0 0 0 0 0 0 0 0
P10457 2043 8 0 0 0 0 0 0 0 0 0 0 0 0 0 0 0 0 0 0 0 0 0 0 0 0 0 13 0 0 30 0 0
P10457 2043 9 0 0 0 0 0 0 0 0 0 0 0 0 0 0 0 0 0 0 0 0 0 0 0 0 0 0 0 0 4 12 -999
P10457 2043 10 0 34 0 0 0 0 0 0 0 10 2 0 0 0 9 0 9 5 0 0 0 0 23 0 28 32 6 26 33 12 10
P10457 2043 11 0 0 0 0 0 0 0 0 0 0 61 24 160 43 3 0 0 0 0 0 0 1 1 5 11 34 1 33 11 8 -999
P10457 2043 12 6 12 2 0 0 0 8 8 4 12 36 69 4 3 5 2 1 39 44 7 62 30 6 0 22 18 10 2 1 1 0
P10457 2044 1 0 4 2 1 1 10 1 2 0 3 6 3 0 0 3 3 12 43 31 2 1 6 2 0 0 5 8 67 12 1 1
P10457 2044 2 0 0 0 0 11 23 0 0 13 25 21 0 0 0 0 0 0 0 0 0 0 0 3 83 44 4 21 9 -999 -999 -999
P10457 2044 3 2 22 14 15 16 8 0 10 3 2 1 1 0 0 0 9 9 40 16 24 19 6 1 0 3 12 33 43 9 38 2
P10457 2044 4 2 3 4 0 0 0 0 0 0 0 3 0 7 9 2 0 0 0 0 0 0 0 16 0 33 27 35 6 0 0 -999
P10457 2044 5 0 0 0 0 35 11 0 7 32 5 12 0 0 9 0 0 0 11 78 86 31 21 0 0 6 9 0 0 0 29 0
P10457 2044 6 0 0 0 0 0 0 32 2 0 0 0 0 0 0 0 0 0 0 0 0 0 0 0 0 20 0 0 0 0 0 -999
P10457 2044 7 10 0 0 0 0 0 0 0 0 0 0 0 0 0 0 0 0 0 0 0 0 0 0 0 0 0 0 0 0 0 0
P10457 2044 8 0 0 0 0 0 0 0 0 0 0 0 0 0 0 0 0 0 0 0 0 0 0 0 0 0 0 0 0 0 0 0
P10457 2044 9 0 0 0 0 0 0 0 0 0 0 0 0 0 0 0 0 0 0 1 4 0 0 0 27 41 38 0 0 0 22 -999
P10457 2044 10 12 0 5 0 0 0 0 0 0 0 0 0 0 0 9 9 4 9 12 42 34 15 0 0 0 0 0 0 0 0 0
P10457 2044 11 5 6 9 0 13 5 10 10 5 1 56 42 30 41 12 40 61 22 34 37 73 38 18 63 36 20 13 18 27 11 -999
P10457 2044 12 5 0 0 0 5 0 0 0 26 38 8 4 21 8 2 0 5 1 1 6 2 9 11 17 7 2 4 8 29 2 71
P10457 2045 1 68 40 8 8 8 9 111 35 20 9 84 40 91 79 29 32 35 3 0 0 0 5 2 0 0 0 0 0 0 0 3
P10457 2045 2 4 64 57 4 30 31 13 1 0 2 10 3 5 1 1 1 0 2 0 2 5 1 0 2 1 0 0 0 -999 -999 -999
P10457 2045 3 0 0 0 0 0 1 4 18 7 0 0 11 23 12 40 6 3 1 2 1 3 0 2 2 1 6 4 0 0 0 0
P10457 2045 4 21 0 0 8 7 59 42 2 6 11 25 2 0 10 0 16 0 0 0 0 0 0 0 0 0 0 0 0 4 0 -999
P10457 2045 5 7 0 0 0 0 0 0 38 30 10 2 0 0 0 0 0 0 0 0 0 8 0 0 0 0 0 0 0 0 0 0
P10457 2045 6 25 0 0 0 0 0 0 0 0 0 0 23 8 0 0 7 0 0 0 0 11 26 30 11 30 31 11 0 0 0 -999
P10457 2045 7 0 0 0 0 0 0 0 0 0 0 0 0 0 0 0 0 0 0 0 0 0 0 0 0 0 0 0 0 0 0 0
P10457 2045 8 0 0 0 0 0 0 0 0 0 0 0 0 0 0 0 0 0 0 0 0 0 0 0 0 0 0 0 0 0 0 0
P10457 2045 9 0 0 0 0 0 0 0 0 0 0 0 0 0 0 0 0 0 0 0 0 0 0 0 0 0 0 0 0 0 36 -999
P10457 2045 10 5 0 18 35 12 0 0 0 0 0 0 0 0 0 45 41 53 31 15 0 0 0 0 0 0 0 0 0 0 0 0
P10457 2045 11 22 11 2 2 4 7 0 0 0 0 0 1 2 9 10 57 71 40 2 0 0 0 25 42 3 18 51 23 10 9 -999
P10457 2045 12 8 7 6 2 3 11 21 23 3 3 0 0 0 1 1 0 0 30 9 16 18 10 10 43 69 47 29 7 2 4 2
P10457 2046 1 2 20 41 30 42 36 85 31 15 30 118 16 11 2 19 19 15 10 8 38 9 2 3 2 2 32 44 36 23 46 6
P10457 2046 2 29 30 51 35 7 9 6 21 40 21 5 10 11 3 21 13 27 5 2 4 6 31 11 7 12 36 41 38 -999 -999 -999
P10457 2046 3 32 131 44 28 3 53 97 87 48 33 46 31 99 23 70 37 87 40 6 4 14 13 3 1 0 0 11 34 38 1 3
P10457 2046 4 0 2 6 33 27 2 1 34 3 7 2 7 16 7 12 4 47 14 35 17 30 6 33 39 24 11 7 11 32 13 -999
P10457 2046 5 0 0 0 0 0 0 0 1 0 0 0 0 0 0 0 0 11 8 2 2 4 0 0 0 0 17 19 30 14 0 0
P10457 2046 6 0 0 0 0 0 0 0 0 0 0 0 0 0 0 0 0 0 7 25 13 0 0 0 0 0 0 0 0 0 0 -999
P10457 2046 7 0 0 0 0 0 0 0 0 0 0 0 0 0 0 0 0 0 0 0 0 0 0 0 0 0 0 0 0 0 0 0
P10457 2046 8 0 0 0 0 0 0 0 0 0 0 0 0 0 0 0 0 0 0 0 0 0 0 0 0 0 0 0 0 0 0 0
P10457 2046 9 0 0 0 0 0 0 0 0 0 0 0 0 0 0 0 0 0 0 0 0 0 0 0 0 0 0 0 0 0 0 -999
P10457 2046 10 0 0 0 0 10 32 10 23 2 0 0 0 0 0 0 0 0 0 0 7 10 43 10 3 32 3 7 10 7 10 13
P10457 2046 11 6 0 0 0 31 32 11 5 8 3 3 0 0 4 0 0 0 0 0 0 0 2 7 3 22 2 0 0 66 32 -999
P10457 2046 12 42 30 44 16 29 45 44 11 4 6 4 21 8 95 53 42 9 44 13 6 2 0 2 0 0 0 0 0 0 0 2
P10457 2047 1 0 0 0 0 1 0 3 31 2 15 20 21 11 67 155 146 47 37 94 8 13 19 7 0 0 0 0 0 0 0 9
P10457 2047 2 7 11 9 12 16 14 9 3 5 1 2 1 1 3 3 1 0 0 2 0 0 1 1 23 36 3 12 9 -999 -999 -999
P10457 2047 3 3 9 22 8 23 81 13 0 0 0 0 0 0 0 0 0 0 0 0 0 0 6 43 39 2 3 2 1 0 8 8
P10457 2047 4 40 4 1 4 4 3 9 10 11 98 52 35 5 4 87 26 0 7 19 2 0 0 0 0 0 0 2 0 0 0 -999
P10457 2047 5 0 0 0 0 0 0 0 0 0 10 11 18 14 25 0 0 0 0 0 0 0 0 0 0 0 0 0 0 0 0 0
P10457 2047 6 0 0 0 0 0 0 0 0 0 0 0 0 9 0 33 39 7 4 0 0 0 0 0 0 0 0 0 0 0 0 -999
P10457 2047 7 0 0 0 0 0 0 0 0 0 0 0 0 0 0 0 0 0 0 14 33 9 0 0 0 0 0 0 0 0 0 0
P10457 2047 8 0 0 0 0 0 0 0 0 0 0 0 0 0 0 0 0 0 0 0 0 0 0 0 0 0 0 0 0 0 0 0
P10457 2047 9 0 0 0 0 0 0 0 0 0 0 0 0 0 0 42 42 14 0 0 0 0 0 0 0 0 0 0 0 0 0 -999
P10457 2047 10 0 35 43 37 15 9 14 14 21 40 12 43 24 20 26 57 14 7 37 12 1 3 10 9 0 8 9 1 1 0 0
P10457 2047 11 5 5 7 5 11 11 0 0 32 65 10 5 8 8 21 27 32 5 0 0 0 0 0 0 0 0 0 0 0 0 -999
P10457 2047 12 1 0 0 0 0 0 0 0 0 0 0 0 0 1 1 0 0 0 0 2 0 0 4 4 7 9 1 0 2 1 0
P10457 2048 1 1 9 0 0 0 0 0 0 0 2 6 85 13 40 7 3 3 2 0 3 3 4 0 0 0 0 0 0 1 1 5
P10457 2048 2 0 0 1 3 4 1 2 4 2 2 6 6 2 11 22 3 1 1 1 0 0 0 0 2 0 0 0 0 -999 -999 -999
P10457 2048 3 0 0 0 3 3 4 4 25 36 37 49 9 34 50 6 36 34 8 0 0 35 0 0 8 8 23 23 21 26 22 10
P10457 2048 4 1 1 1 0 0 0 0 0 0 2 0 0 0 0 0 0 0 0 0 0 5 0 30 2 3 0 7 3 0 0 -999
P10457 2048 5 0 16 41 22 7 3 0 0 0 0 0 0 0 10 12 0 23 41 7 0 0 69 58 0 0 0 0 0 0 0 0
P10457 2048 6 0 0 0 0 0 0 0 0 0 0 0 0 0 0 0 0 0 0 0 0 0 0 0 0 0 0 0 0 0 0 -999
P10457 2048 7 0 0 0 0 0 0 0 0 0 0 0 0 0 0 0 0 0 0 0 0 0 0 0 0 0 0 0 0 0 0 0
P10457 2048 8 0 0 0 0 0 0 0 0 0 0 0 0 0 0 0 0 0 0 0 0 0 0 0 0 0 0 0 0 0 0 0
P10457 2048 9 0 0 0 0 0 0 0 0 0 0 0 0 0 0 0 0 11 23 0 0 0 0 0 0 0 0 0 43 43 42 -999
P10457 2048 10 14 5 0 0 0 16 3 0 0 0 0 0 0 0 0 0 0 0 9 9 12 4 2 0 8 10 8 0 0 9 27
P10457 2048 11 1 0 0 0 0 46 0 0 0 0 0 0 0 0 5 10 54 30 31 25 21 0 0 0 0 32 0 0 13 22 -999
P10457 2048 12 72 190 33 4 62 14 2 0 0 0 0 0 0 0 0 0 1 2 3 3 0 5 0 2 0 0 51 32 24 15 5
P10457 2049 1 3 6 10 11 12 0 10 23 3 0 3 4 16 2 0 0 0 0 0 0 2 4 6 6 4 5 11 20 14 20 16
P10457 2049 2 27 40 34 51 0 4 2 0 0 0 0 0 0 17 12 0 0 0 0 0 2 2 1 5 8 8 10 3 -999 -999 -999
P10457 2049 3 3 0 0 0 0 0 0 0 0 0 0 0 0 0 6 3 2 1 3 6 0 2 9 24 8 0 0 4 6 36 48
P10457 2049 4 0 0 3 0 0 0 0 0 0 0 0 0 0 0 0 19 18 0 0 0 0 4 0 0 16 31 3 6 5 3 -999
P10457 2049 5 5 10 27 10 7 2 12 62 41 40 25 18 11 1 0 0 0 0 0 13 16 44 42 42 43 38 32 40 39 6 8
P10457 2049 6 0 0 0 0 0 0 0 0 0 0 0 0 0 0 0 0 0 0 0 0 0 0 0 0 0 0 0 0 0 0 -999
P10457 2049 7 0 0 0 0 0 0 0 0 0 0 0 0 0 0 0 0 0 0 0 0 0 0 0 0 0 0 0 0 0 0 0
P10457 2049 8 0 0 0 0 0 0 0 0 0 0 0 0 0 0 0 0 0 0 0 0 0 0 0 0 0 0 0 0 0 0 0
P10457 2049 9 0 0 0 0 0 0 0 0 0 0 0 0 0 0 0 0 0 0 0 0 0 16 38 11 0 0 0 0 0 0 -999
P10457 2049 10 0 0 0 0 0 0 2 2 0 0 0 7 0 0 12 40 3 0 0 0 0 7 0 28 30 0 0 0 2 10 10
P10457 2049 11 3 22 140 52 44 19 31 43 35 16 45 11 60 41 48 109 45 39 4 5 4 3 3 9 0 0 0 0 0 5 -999
P10457 2049 12 2 24 26 35 12 2 1 1 0 3 2 0 5 1 14 10 3 20 10 48 38 3 1 6 33 13 32 7 12 17 116
P10457 2050 1 189 40 175 37 10 48 14 11 7 10 10 6 21 36 21 37 99 68 3 0 0 0 0 0 9 0 0 2 3 2 2
P10457 2050 2 0 0 0 0 0 1 1 0 0 0 0 0 0 14 5 5 0 0 25 13 19 19 2 20 15 2 0 0 -999 -999 -999
P10457 2050 3 0 32 36 15 62 241 62 0 0 30 46 23 20 17 11 6 26 3 85 11 6 0 6 25 5 9 24 37 23 34 78
P10457 2050 4 42 9 12 11 36 41 38 10 26 9 0 0 0 34 10 8 7 1 0 0 9 0 0 0 0 8 4 1 0 4 -999
P10457 2050 5 8 1 8 9 8 2 2 0 0 0 0 0 0 0 0 0 0 0 0 0 0 9 4 0 0 20 33 41 45 42 54
P10457 2050 6 0 0 0 0 0 0 0 0 0 0 0 0 0 0 0 0 0 0 0 0 0 0 0 0 0 0 0 0 0 0 -999
P10457 2050 7 0 0 0 0 0 0 0 0 0 0 0 0 0 0 0 0 0 0 0 0 0 0 0 0 0 0 0 0 0 0 0
P10457 2050 8 0 0 0 0 0 0 0 0 0 0 0 0 0 0 0 0 0 0 0 0 0 0 15 0 0 0 0 0 0 0 0
P10457 2050 9 0 0 0 0 0 0 0 0 0 0 0 0 0 0 0 0 0 0 0 0 0 0 0 0 0 0 0 0 0 0 -999
P10457 2050 10 24 36 5 3 0 0 0 0 0 0 0 0 0 39 0 0 13 10 0 0 0 22 40 24 37 37 9 3 6 7 3
P10457 2050 11 3 3 7 10 2 26 7 57 127 106 116 50 0 0 0 3 4 11 7 6 25 40 66 35 4 4 35 9 1 10 -999
P10457 2050 12 3 4 3 0 0 0 10 11 8 0 3 4 2 0 1 2 0 5 3 5 2 2 0 0 0 0 0 0 0 0 4
P10457 2051 1 1 1 0 0 0 0 0 0 0 6 0 0 0 6 6 0 3 3 1 2 1 0 0 0 0 0 0 0 0 0 0
P10457 2051 2 0 0 3 0 0 17 0 2 0 0 5 2 0 0 0 16 5 0 4 19 5 1 0 10 8 1 0 0 -999 -999 -999
P10457 2051 3 0 3 0 0 0 0 0 0 5 11 29 62 19 8 0 0 0 0 44 34 34 0 0 0 0 0 0 0 0 0 28
P10457 2051 4 42 21 0 0 0 0 47 20 0 0 19 0 45 50 42 30 17 17 23 26 7 8 12 0 0 0 0 0 0 0 -999
P10457 2051 5 0 0 0 0 0 0 0 0 0 0 12 39 32 14 3 0 0 0 0 0 0 0 0 38 60 85 23 0 0 0 0
P10457 2051 6 0 0 0 0 0 0 0 0 0 0 0 0 0 0 0 0 0 0 0 0 0 0 0 0 0 0 0 0 0 0 -999
P10457 2051 7 0 0 0 0 0 0 0 0 0 0 0 0 0 0 0 0 0 0 0 0 0 0 0 0 0 0 0 0 0 0 0
P10457 2051 8 0 0 0 0 0 0 0 0 0 0 0 0 0 0 0 0 0 0 0 0 0 0 0 0 0 0 0 0 0 0 0
P10457 2051 9 0 0 0 0 0 0 0 0 0 0 11 0 43 12 0 0 0 0 0 0 0 0 0 0 0 0 0 0 0 0 -999
P10457 2051 10 0 0 0 0 53 0 0 0 0 0 0 9 0 0 0 0 0 0 0 0 0 0 0 5 7 0 76 39 33 40 36
P10457 2051 11 31 43 46 36 10 1 0 2 2 5 9 0 0 3 2 2 2 1 0 0 2 2 4 5 17 3 0 0 6 0 -999
P10457 2051 12 2 0 0 12 32 9 4 39 43 14 15 34 6 5 75 191 13 32 2 2 0 0 0 0 0 0 0 0 0 0 0
P10457 2052 1 0 0 1 0 0 0 0 4 5 0 0 0 0 0 12 3 0 0 0 0 0 0 0 6 2 0 0 0 56 33 21
P10457 2052 2 12 5 25 32 10 158 46 30 5 15 0 0 0 11 12 39 12 6 88 13 2 0 0 39 39 8 3 0 -999 -999 -999
P10457 2052 3 0 0 0 0 0 0 0 0 0 0 0 0 0 0 35 38 11 76 38 31 10 3 36 3 1 1 0 0 0 0 0
P10457 2052 4 0 0 0 0 0 0 10 20 0 0 0 14 8 3 0 8 9 0 0 0 0 0 0 0 0 0 0 0 0 2 -999
P10457 2052 5 0 0 0 0 0 0 0 0 0 0 0 4 34 93 71 25 37 31 35 28 8 0 0 0 9 0 0 0 0 0 0
P10457 2052 6 0 0 0 0 0 0 0 0 0 0 0 0 0 0 0 0 0 0 0 0 0 0 0 0 83 41 0 0 0 0 -999
P10457 2052 7 0 0 0 5 0 0 0 0 0 0 0 0 0 0 0 0 0 0 0 0 0 0 0 0 0 0 0 0 0 0 0
P10457 2052 8 36 34 32 7 0 0 0 0 0 0 0 0 0 0 0 0 0 0 0 0 0 0 0 0 0 0 0 0 0 0 0
P10457 2052 9 0 0 0 0 0 0 0 0 0 0 0 0 0 0 0 0 4 2 0 0 0 0 0 0 0 0 0 0 0 0 -999
P10457 2052 10 0 0 0 0 0 0 0 0 0 0 0 0 0 0 12 0 0 0 2 0 0 0 0 0 0 0 0 0 0 0 8
P10457 2052 11 7 24 4 2 0 0 0 0 0 1 3 0 2 0 0 7 3 12 40 26 44 34 42 3 3 8 11 6 5 11 -999
P10457 2052 12 2 2 11 33 3 4 1 0 0 0 2 1 2 23 39 4 3 35 2 14 26 8 5 5 23 6 1 2 3 8 2
P10457 2053 1 1 3 3 2 3 2 4 20 113 148 158 57 42 8 5 29 23 7 3 0 0 0 0 0 0 0 9 18 18 28 36
P10457 2053 2 39 48 42 9 38 19 43 11 29 4 0 0 0 0 8 13 25 12 8 5 2 4 11 25 28 78 43 13 -999 -999 -999
P10457 2053 3 2 0 0 0 0 0 0 0 0 0 0 0 0 0 0 0 0 0 0 0 0 0 0 0 0 0 0 0 10 0 11
P10457 2053 4 45 42 7 6 2 0 0 0 0 0 1 7 34 46 44 6 4 0 0 0 0 0 0 43 327 53 17 0 0 0 -999
P10457 2053 5 0 0 18 0 0 0 0 0 0 0 0 0 0 0 0 0 0 0 0 0 0 0 0 0 0 0 0 0 0 21 3
P10457 2053 6 0 0 0 0 0 0 0 0 0 0 0 0 0 0 0 0 0 16 18 0 0 0 0 0 0 0 0 0 0 0 -999
P10457 2053 7 0 0 0 0 0 0 0 0 0 0 0 0 0 0 0 0 0 0 0 0 0 0 0 0 0 0 0 0 0 0 0
P10457 2053 8 0 0 0 0 0 0 0 0 0 0 0 0 0 0 0 0 0 0 0 0 0 0 0 0 0 0 0 0 0 0 0
P10457 2053 9 0 0 0 0 0 0 0 0 0 0 0 0 0 0 0 0 0 0 26 27 77 39 0 0 0 0 0 80 40 26 -999
P10457 2053 10 9 0 0 0 0 0 0 0 30 0 0 0 0 0 0 0 0 0 0 0 0 0 0 0 0 0 8 0 0 0 0
P10457 2053 11 0 0 4 4 5 0 0 0 0 0 0 0 0 0 43 28 50 26 49 9 43 27 2 11 4 1 0 0 0 0 -999
P10457 2053 12 0 0 0 4 0 0 0 0 3 6 32 134 31 34 16 4 9 8 11 5 5 0 11 49 19 7 0 0 0 0 10
P10457 2054 1 111 22 4 44 20 19 19 8 5 2 1 2 2 2 0 1 15 25 25 9 4 2 5 1 3 1 1 0 1 2 1
P10457 2054 2 0 13 9 18 22 14 11 22 2 0 0 0 3 4 0 0 0 0 0 4 4 0 12 0 0 0 0 0 -999 -999 -999
P10457 2054 3 0 0 0 0 0 0 0 4 5 0 0 3 2 5 30 9 4 2 6 4 0 0 16 5 4 17 10 10 56 21 65
P10457 2054 4 33 9 35 37 19 22 13 5 6 77 12 0 0 0 12 2 2 11 34 40 42 74 3 14 40 41 28 10 1 0 -999
P10457 2054 5 0 23 31 23 15 11 3 13 75 40 38 41 26 1 0 0 0 0 0 0 5 0 0 0 0 0 0 0 0 0 0
P10457 2054 6 0 0 0 0 0 0 0 0 0 0 0 0 0 0 0 0 0 0 0 0 0 0 0 0 0 0 0 0 0 0 -999
P10457 2054 7 0 0 0 0 0 0 0 0 0 0 0 0 0 0 0 0 0 40 38 0 0 0 0 0 0 0 0 0 0 0 0
P10457 2054 8 0 0 0 0 0 0 0 0 0 0 0 0 0 0 0 0 0 0 0 0 0 0 0 0 0 0 0 0 0 0 0
P10457 2054 9 0 0 0 0 0 0 0 0 0 0 0 0 0 0 0 0 0 0 0 0 0 0 11 31 0 0 0 0 0 0 -999
P10457 2054 10 0 0 0 0 0 0 0 29 16 0 16 12 10 2 0 0 0 0 0 0 48 44 11 8 9 2 0 5 3 3 32
P10457 2054 11 67 50 63 29 117 30 14 17 45 7 0 0 0 0 1 3 2 1 2 1 0 0 0 0 2 2 3 16 18 2 -999
P10457 2054 12 33 11 1 0 0 1 0 0 2 11 9 4 6 3 3 1 1 1 1 0 0 1 3 2 0 0 0 0 0 0 0
P10457 2055 1 0 0 7 42 66 38 0 0 0 13 51 110 79 34 121 51 38 40 30 44 23 86 44 18 4 3 3 4 5 3 1
P10457 2055 2 1 0 0 0 0 1 1 1 0 1 0 0 9 7 8 37 1 1 4 3 0 0 0 0 0 0 0 0 -999 -999 -999
P10457 2055 3 0 24 43 36 15 28 33 19 74 67 16 14 49 36 6 9 32 21 10 6 6 11 20 30 27 81 68 10 76 38 3
P10457 2055 4 0 2 0 7 1 6 33 1 24 27 0 5 29 2 1 0 0 0 0 0 0 28 126 82 35 30 27 16 25 12 -999
P10457 2055 5 24 61 99 38 7 0 0 48 39 0 0 13 21 21 8 0 0 0 0 0 0 0 0 0 0 0 0 0 0 0 0
P10457 2055 6 0 0 0 0 0 0 0 0 0 0 0 0 0 0 43 17 10 10 8 3 7 6 0 0 0 0 0 0 0 0 -999
P10457 2055 7 0 0 0 0 0 0 0 0 0 0 0 0 0 0 0 0 0 0 0 0 0 0 0 0 0 0 0 0 0 0 0
P10457 2055 8 0 0 0 0 0 0 0 0 0 0 0 0 0 0 0 0 0 0 0 0 0 0 0 0 0 0 0 0 0 0 0
P10457 2055 9 0 0 0 0 0 0 0 0 0 0 0 0 0 0 0 0 0 0 0 0 0 0 0 0 29 0 0 0 0 0 -999
P10457 2055 10 6 0 0 0 0 0 0 31 14 2 0 12 14 0 7 0 0 5 7 1 4 3 23 48 38 2 3 0 0 0 0
P10457 2055 11 0 12 0 0 9 70 45 101 60 0 0 4 0 5 0 12 3 0 0 0 3 4 4 27 2 2 0 0 5 22 -999
P10457 2055 12 21 33 22 2 3 0 0 0 0 0 45 45 35 25 16 3 3 8 1 21 57 10 7 4 0 0 0 0 0 5 14
P10457 2056 1 2 1 1 4 6 11 36 7 4 1 1 0 0 0 0 6 3 2 3 3 22 17 34 17 17 3 15 19 4 3 7
P10457 2056 2 0 0 0 2 4 0 0 0 0 0 0 0 0 0 0 1 1 0 0 1 1 4 5 2 0 0 0 0 -999 -999 -999
P10457 2056 3 0 0 8 0 0 0 9 5 7 38 7 0 0 0 0 31 12 3 6 4 5 0 0 9 0 10 4 19 23 22 17
P10457 2056 4 0 0 0 0 0 6 4 1 2 0 17 6 0 0 0 0 9 0 0 15 8 61 93 68 0 46 28 28 31 0 -999
P10457 2056 5 11 35 42 25 27 42 10 3 2 0 9 9 6 2 0 0 0 0 0 0 0 0 0 0 37 17 17 5 8 0 0
P10457 2056 6 26 0 0 0 0 12 24 0 0 0 0 0 0 0 0 0 0 0 0 0 0 0 0 0 0 0 0 0 0 0 -999
P10457 2056 7 0 0 0 0 0 0 0 0 0 0 0 0 0 0 0 0 0 0 0 0 0 0 0 0 0 0 0 0 0 0 0
P10457 2056 8 0 0 0 0 0 0 0 0 0 0 0 0 0 0 0 0 0 0 0 0 0 0 0 0 0 0 0 0 0 0 0
P10457 2056 9 0 0 0 0 0 0 0 0 0 0 0 0 0 0 0 0 0 0 0 0 0 0 0 0 0 0 0 0 0 0 -999
P10457 2056 10 0 13 35 0 0 0 0 0 0 0 0 0 0 0 0 0 0 0 0 0 0 0 0 142 46 9 0 0 0 0 0
P10457 2056 11 0 0 3 9 27 32 26 18 3 0 0 0 0 15 0 0 0 0 10 8 6 7 4 10 33 8 0 0 48 54 -999
P10457 2056 12 19 125 44 25 31 34 42 29 4 43 82 27 3 7 8 17 11 35 19 21 48 15 3 0 0 0 0 0 0 0 0
P10457 2057 1 0 0 0 0 3 4 8 9 9 3 0 0 5 4 0 0 0 0 0 0 0 0 0 3 6 22 33 117 38 1 24
P10457 2057 2 4 14 16 15 58 50 46 45 44 29 2 0 0 0 4 0 0 7 11 46 34 8 6 6 5 3 0 0 -999 -999 -999
P10457 2057 3 0 0 0 0 8 8 0 0 0 4 2 1 0 0 0 0 0 0 0 0 0 0 0 5 15 22 12 8 6 13 28
P10457 2057 4 3 0 0 0 0 0 0 14 10 8 12 38 13 5 43 44 38 33 14 11 4 3 0 0 0 0 0 12 0 0 -999
P10457 2057 5 0 0 0 0 0 0 0 0 0 0 0 4 5 4 32 28 27 23 9 3 0 0 10 0 4 13 20 37 43 37 13
P10457 2057 6 15 3 8 0 0 0 0 0 0 0 0 0 0 0 0 0 0 0 0 0 0 0 0 0 0 0 0 0 0 0 -999
P10457 2057 7 0 0 0 0 0 0 0 0 0 0 0 0 0 0 0 0 0 0 0 0 0 0 0 0 0 0 0 0 0 0 0
P10457 2057 8 0 0 0 0 0 0 0 0 0 0 0 0 0 0 0 0 0 0 0 0 0 0 0 0 0 0 0 0 0 0 0
P10457 2057 9 0 0 0 0 0 0 0 0 0 0 0 0 0 0 0 0 0 0 0 21 0 0 0 0 0 0 13 0 0 0 -999
P10457 2057 10 0 0 7 0 0 0 0 0 0 0 0 0 0 0 0 0 0 8 0 0 0 0 0 0 0 0 0 0 0 8 9
P10457 2057 11 3 3 34 43 14 22 8 26 26 27 82 44 33 18 11 17 3 3 6 8 2 2 0 0 0 0 0 0 0 0 -999
P10457 2057 12 0 0 0 0 0 2 3 3 23 19 43 75 140 11 20 3 1 0 0 0 0 0 0 0 0 0 0 0 0 0 0
P10457 2058 1 0 0 0 0 0 0 0 0 16 36 4 7 0 18 20 0 0 0 0 0 0 0 0 0 0 3 17 4 1 2 2
P10457 2058 2 7 3 0 0 0 0 0 0 0 0 5 3 6 4 6 3 1 0 0 0 0 0 0 0 0 0 0 0 -999 -999 -999
P10457 2058 3 0 0 0 0 1 0 0 0 0 0 0 0 0 0 0 0 1 3 4 11 29 26 14 39 40 43 6 2 4 1 1
P10457 2058 4 0 0 0 0 7 1 0 0 0 38 7 5 7 7 5 0 0 0 10 6 2 0 0 0 0 0 0 0 0 0 -999
P10457 2058 5 0 0 0 0 4 0 0 8 0 0 0 0 0 0 0 0 0 0 0 0 0 0 0 7 3 0 0 5 19 28 9
P10457 2058 6 23 0 0 0 0 0 0 0 0 0 0 0 0 0 0 0 0 0 0 0 0 0 0 0 0 0 0 0 0 0 -999
P10457 2058 7 0 0 0 0 0 0 0 0 0 0 0 0 0 0 0 0 7 0 0 0 0 0 0 0 0 0 0 0 0 0 0
P10457 2058 8 0 0 0 0 0 0 0 0 0 0 0 0 0 0 0 0 0 0 0 0 0 0 0 0 0 0 0 0 0 0 0
P10457 2058 9 0 0 0 0 0 0 0 0 0 0 0 0 0 0 0 0 0 0 0 0 0 0 11 0 0 0 0 0 0 0 -999
P10457 2058 10 0 0 0 0 0 0 0 0 0 0 0 0 0 0 0 0 0 0 0 0 0 6 6 3 2 0 0 0 0 0 0
P10457 2058 11 5 0 0 0 5 0 0 23 36 4 30 33 8 8 10 28 8 67 82 85 34 3 2 5 2 45 30 127 44 26 -999
P10457 2058 12 3 13 4 5 2 4 6 1 2 0 0 0 0 0 11 6 7 68 94 61 20 14 5 7 11 13 33 40 3 2 48
P10457 2059 1 14 33 11 7 7 8 2 6 2 0 0 0 0 3 19 5 1 6 7 8 11 10 6 0 4 2 1 0 2 0 0
P10457 2059 2 1 1 0 0 0 0 0 0 0 0 0 0 0 0 0 1 0 0 0 0 0 0 0 0 0 0 0 0 -999 -999 -999
P10457 2059 3 0 0 0 0 0 0 0 0 0 0 0 7 4 3 0 0 0 0 0 6 35 4 23 31 14 22 8 2 19 10 1
P10457 2059 4 3 2 0 0 0 0 0 0 0 0 0 0 2 0 0 0 0 0 0 2 4 3 0 20 33 58 0 0 74 30 -999
P10457 2059 5 0 0 0 28 76 24 12 14 43 56 62 59 24 0 0 0 9 18 22 0 0 0 0 0 0 0 0 0 0 0 0
P10457 2059 6 0 0 0 0 0 0 0 0 0 0 0 0 0 0 0 0 0 0 0 0 0 0 0 0 0 0 0 0 0 0 -999
P10457 2059 7 0 0 0 0 0 0 0 0 0 0 0 0 0 0 0 0 10 0 0 0 0 0 0 0 0 0 0 0 0 0 0
P10457 2059 8 0 0 0 0 0 0 0 0 0 0 0 0 0 0 0 0 0 0 0 0 0 0 0 0 0 0 0 0 0 0 0
P10457 2059 9 0 0 0 0 0 0 0 0 0 0 0 0 0 0 0 0 0 0 0 0 0 0 0 40 33 0 0 0 0 0 -999
P10457 2059 10 0 0 0 0 0 0 0 0 0 0 0 0 0 0 23 22 0 0 0 19 30 44 46 38 9 9 5 0 0 14 0
P10457 2059 11 5 5 0 18 0 0 0 4 5 1 31 10 4 14 75 42 11 2 3 7 9 9 44 12 2 2 15 7 1 1 -999
P10457 2059 12 0 0 0 0 0 0 2 4 9 5 1 3 4 2 3 4 0 0 0 0 0 0 0 0 0 0 0 49 105 22 5
P10457 2060 1 6 13 40 36 77 21 0 0 0 6 2 0 0 0 0 0 1 0 0 0 0 0 0 0 0 2 2 2 3 2 2
P10457 2060 2 0 0 0 3 3 2 6 15 34 40 34 37 9 111 160 41 28 25 15 2 15 2 12 36 38 13 10 12 -999 -999 -999
P10457 2060 3 24 13 10 27 28 37 54 45 34 10 0 0 0 0 0 0 9 43 44 44 51 44 29 8 1 0 3 35 10 10 4
P10457 2060 4 0 0 0 0 0 0 0 0 0 0 20 9 0 0 0 0 0 0 0 0 0 0 0 0 0 0 0 0 0 0 -999
P10457 2060 5 0 0 0 0 0 0 0 0 0 0 0 0 0 0 0 0 0 0 0 0 0 0 0 0 0 0 0 0 12 0 0
P10457 2060 6 0 50 0 0 61 58 78 37 36 12 11 10 4 3 8 0 0 0 0 0 0 0 0 0 0 0 0 0 0 0 -999
P10457 2060 7 0 0 0 0 0 0 0 0 0 0 0 0 0 0 0 0 0 0 0 0 0 0 0 0 0 0 0 0 0 0 0
P10457 2060 8 0 0 0 0 0 0 0 0 0 0 0 0 0 0 0 0 0 0 0 0 0 0 0 0 0 0 0 0 0 0 0
P10457 2060 9 0 0 0 0 0 0 0 0 0 0 0 0 0 0 0 28 9 0 0 0 0 0 0 0 0 0 40 0 0 0 -999
P10457 2060 10 0 0 0 0 0 0 0 0 0 0 14 46 27 39 5 4 0 0 0 0 7 6 3 8 33 0 0 10 10 8 50
P10457 2060 11 44 13 9 3 2 1 0 0 13 3 3 7 7 3 4 3 3 9 8 11 1 2 0 2 7 9 29 3 6 3 -999
P10457 2060 12 0 5 8 6 16 84 18 0 4 3 0 0 0 9 11 11 2 2 2 12 36 2 2 3 8 7 5 4 3 0 0
P10457 2061 1 0 0 0 0 0 0 0 0 0 2 3 0 0 18 11 0 36 9 22 29 7 17 132 75 161 66 142 23 10 29 19
P10457 2061 2 2 0 0 0 7 0 0 0 9 10 16 28 33 34 54 31 2 10 1 47 23 24 10 3 34 9 9 6 -999 -999 -999
P10457 2061 3 165 39 11 35 23 4 36 8 9 5 56 6 27 7 15 38 6 24 44 26 22 8 0 0 0 0 0 0 0 0 0
P10457 2061 4 0 0 0 13 11 23 23 88 101 19 42 89 77 48 0 0 0 29 12 14 1 0 0 6 10 8 47 0 0 0 -999
P10457 2061 5 0 0 12 12 12 25 0 0 0 0 0 0 0 0 0 0 0 0 0 0 0 0 0 0 0 0 0 0 0 0 0
P10457 2061 6 0 0 0 0 0 0 0 0 0 0 0 0 0 69 0 0 0 0 0 0 0 0 0 0 0 0 0 0 0 0 -999
P10457 2061 7 0 0 0 0 0 0 0 0 0 0 0 0 0 0 0 0 0 0 0 0 0 0 0 0 0 0 0 0 0 0 0
P10457 2061 8 0 0 0 0 0 0 0 0 0 0 0 0 0 0 0 0 0 0 0 0 0 0 0 0 0 0 0 0 0 0 0
P10457 2061 9 0 0 0 0 0 0 0 0 0 0 0 0 0 0 0 38 49 45 100 40 84 27 0 0 0 0 0 0 0 0 -999
P10457 2061 10 0 14 11 5 0 0 34 9 54 29 0 0 0 3 0 0 9 9 0 0 0 0 0 0 23 38 63 15 0 0 0
P10457 2061 11 0 0 2 0 0 0 0 9 9 2 2 0 0 0 0 0 0 0 6 0 0 0 0 0 1 1 2 2 3 3 -999
P10457 2061 12 55 117 82 0 0 0 0 1 0 0 3 2 3 0 0 0 0 8 9 2 2 3 2 0 0 0 0 0 5 18 0
P10457 2062 1 0 0 0 0 0 0 0 0 0 0 0 0 12 6 35 48 26 14 3 1 3 2 0 2 0 11 3 15 1 6 53
P10457 2062 2 28 34 10 29 1 11 6 25 31 19 0 0 0 0 0 12 13 18 20 7 7 8 10 46 91 38 13 1 -999 -999 -999
P10457 2062 3 0 0 0 0 0 8 2 0 0 3 3 0 2 8 0 0 0 0 0 0 0 0 11 12 10 28 3 0 0 0 0
P10457 2062 4 5 9 5 0 0 13 0 0 0 31 31 6 2 2 0 0 6 9 0 7 10 5 8 22 25 2 0 0 0 0 -999
P10457 2062 5 0 0 35 6 0 0 0 0 0 0 0 0 0 0 0 0 0 0 11 0 0 0 0 0 0 0 0 31 42 11 8
P10457 2062 6 26 5 2 0 0 0 0 0 0 0 0 0 0 0 0 0 0 0 0 0 0 0 0 0 0 0 0 0 0 0 -999
P10457 2062 7 0 0 0 0 0 0 0 0 0 0 0 0 0 0 0 0 0 0 0 0 0 0 0 0 0 0 0 0 0 0 0
P10457 2062 8 0 0 0 0 0 0 0 0 0 0 0 0 0 0 0 0 0 0 0 0 0 0 0 0 0 0 0 0 0 0 0
P10457 2062 9 0 0 0 0 0 0 0 0 0 0 0 0 0 0 0 0 0 0 0 0 0 0 0 0 0 0 0 0 0 0 -999
P10457 2062 10 0 0 0 0 0 0 17 30 0 0 0 0 0 0 0 0 0 0 0 30 29 21 36 10 9 0 11 21 10 5 0
P10457 2062 11 0 0 0 12 42 25 4 0 0 0 11 10 0 0 3 0 0 16 9 25 21 10 42 16 39 1 0 2 0 5 -999
P10457 2062 12 2 2 0 2 0 0 18 0 0 82 38 2 1 0 0 65 3 2 4 3 8 4 14 20 26 0 0 0 0 0 0
P10457 2063 1 0 0 0 0 0 2 0 0 0 0 0 1 2 1 0 0 0 0 0 0 3 0 0 5 0 9 24 11 1 0 0
P10457 2063 2 0 0 0 0 0 1 12 7 11 2 0 1 1 1 10 0 1 0 0 0 9 13 13 2 2 2 0 4 -999 -999 -999
P10457 2063 3 9 0 0 0 0 6 10 8 19 3 23 16 70 32 112 41 9 4 9 14 0 0 0 0 0 19 68 45 42 20 7
P10457 2063 4 19 14 19 5 0 0 0 0 0 35 45 26 3 1 5 18 21 37 9 0 0 22 28 2 2 6 11 49 21 5 -999
P10457 2063 5 2 0 0 0 0 0 0 0 0 0 35 11 23 29 24 20 3 3 2 3 1 11 2 0 0 0 0 0 0 0 0
P10457 2063 6 0 0 0 0 0 0 0 0 0 0 0 0 0 0 0 0 0 0 0 0 0 0 0 0 0 0 0 0 0 0 -999
P10457 2063 7 0 0 0 0 0 0 0 0 0 0 0 0 0 0 0 0 0 0 0 0 0 0 0 0 0 0 0 0 0 0 0
P10457 2063 8 0 0 0 0 0 0 0 0 0 0 0 0 0 0 0 0 0 0 0 0 0 0 0 0 0 0 0 0 0 0 0
P10457 2063 9 0 0 0 0 0 0 0 0 0 0 0 0 0 0 0 0 0 0 0 0 0 0 0 0 0 51 41 8 7 0 -999
P10457 2063 10 0 0 0 0 0 39 0 1 6 27 37 24 4 11 19 3 2 4 7 39 43 24 6 0 0 0 0 14 10 3 0
P10457 2063 11 0 0 0 0 0 0 0 0 0 6 0 0 0 0 0 0 0 0 0 0 1 3 1 7 39 7 2 33 3 4 -999
P10457 2063 12 25 23 31 0 0 37 19 10 0 0 6 21 6 10 1 0 17 28 3 0 0 0 20 32 11 0 26 7 12 31 8
P10457 2064 1 3 4 4 12 4 2 1 4 7 29 87 117 49 39 7 1 5 0 0 0 0 63 0 0 0 0 3 4 6 4 1
P10457 2064 2 2 0 0 0 0 0 0 0 0 0 0 0 0 38 29 26 7 5 2 1 0 0 0 0 0 12 49 27 -999 -999 -999
P10457 2064 3 4 8 79 160 35 9 17 2 2 7 26 6 1 6 0 11 1 9 8 1 7 7 41 10 2 2 7 0 0 0 0
P10457 2064 4 0 9 0 31 0 0 0 32 1 2 0 0 0 0 0 0 11 8 2 2 1 0 0 22 10 5 0 21 0 0 -999
P10457 2064 5 0 9 5 0 0 0 0 0 0 0 0 4 3 5 0 0 0 0 0 0 0 0 0 0 0 0 0 0 0 0 0
P10457 2064 6 0 0 0 0 0 0 0 0 0 0 0 0 0 0 0 0 0 0 0 0 0 0 0 0 0 0 0 0 0 0 -999
P10457 2064 7 0 0 0 0 0 0 0 0 0 0 0 0 0 0 0 0 0 0 0 0 0 0 0 0 0 0 0 0 0 0 0
P10457 2064 8 0 0 0 0 0 0 0 0 0 0 0 0 0 0 0 0 0 0 0 0 0 0 0 0 0 0 0 0 0 0 0
P10457 2064 9 0 0 0 0 0 0 0 0 0 0 0 0 0 0 0 0 0 0 0 0 0 0 0 0 0 0 0 40 9 7 -999
P10457 2064 10 9 10 5 9 0 0 0 0 0 0 0 0 0 0 0 0 0 0 0 0 18 7 6 35 10 2 1 0 0 0 0
P10457 2064 11 0 2 0 0 4 4 14 2 2 3 2 1 6 9 3 2 0 0 0 0 0 0 0 35 32 4 9 40 37 9 -999
P10457 2064 12 1 4 2 4 8 3 0 11 64 87 34 8 0 0 0 0 4 2 7 53 25 9 2 4 1 9 16 65 8 24 10
P10457 2065 1 3 5 3 2 1 3 12 31 74 100 27 5 3 1 0 0 0 0 0 0 0 2 6 1 0 0 0 0 0 0 2
P10457 2065 2 7 21 4 8 5 0 0 0 0 0 0 0 0 0 0 0 0 0 4 3 11 0 0 2 5 2 3 3 -999 -999 -999
P10457 2065 3 0 1 0 0 4 13 12 1 0 24 0 0 0 0 0 6 7 21 0 0 3 9 1 37 11 18 37 29 36 38 40
P10457 2065 4 35 20 17 21 4 0 0 0 0 0 27 0 0 8 7 0 0 0 0 0 0 0 0 0 16 36 2 4 15 4 -999
P10457 2065 5 5 0 9 0 0 0 0 19 30 13 5 4 1 0 0 7 18 2 0 0 6 0 0 0 0 0 0 0 0 0 10
P10457 2065 6 9 29 22 36 30 24 19 10 0 0 0 40 30 0 0 0 0 0 0 0 0 0 0 0 0 0 0 0 0 0 -999
P10457 2065 7 0 0 0 0 0 0 0 0 0 0 0 0 0 0 0 0 0 0 0 0 0 0 0 0 0 0 0 0 0 0 0
P10457 2065 8 0 0 0 0 0 0 0 0 0 0 0 0 0 0 0 0 0 0 0 0 0 0 0 0 0 0 0 0 0 0 0
P10457 2065 9 0 0 0 0 0 0 0 0 0 0 0 0 0 0 0 0 0 0 0 0 4 40 48 153 85 33 31 21 0 0 -999
P10457 2065 10 0 0 0 0 0 0 0 0 0 0 0 0 0 0 0 0 34 67 46 6 0 0 10 0 0 0 0 0 0 0 0
P10457 2065 11 7 0 0 5 35 2 6 12 8 2 0 0 21 13 0 0 0 0 0 0 0 0 0 0 4 6 1 0 0 0 -999
P10457 2065 12 0 0 0 0 0 1 0 0 0 7 13 35 3 0 0 2 0 0 9 21 32 9 161 37 25 33 7 8 3 0 5
P10457 2066 1 5 0 1 6 13 0 0 0 4 0 0 0 2 3 3 0 7 3 0 0 0 0 0 0 0 0 0 0 0 0 0
P10457 2066 2 0 0 0 0 0 3 10 4 10 0 0 0 0 0 0 0 0 0 11 3 0 0 0 16 12 45 8 4 -999 -999 -999
P10457 2066 3 60 45 40 48 77 43 43 42 53 15 29 25 7 0 24 29 20 2 0 8 9 21 3 7 2 1 0 15 7 16 44
P10457 2066 4 46 0 0 0 0 0 0 34 3 0 0 0 0 0 0 9 9 20 5 0 4 0 0 0 0 0 0 0 0 0 -999
P10457 2066 5 0 0 0 0 0 0 0 0 0 0 0 0 0 0 0 0 0 0 0 0 0 0 0 0 0 0 0 0 0 0 0
P10457 2066 6 7 0 0 0 0 0 0 0 0 0 0 0 0 0 0 0 0 0 0 0 0 0 0 0 0 0 0 0 0 0 -999
P10457 2066 7 0 0 0 0 0 0 0 0 0 0 0 0 0 0 0 0 0 0 0 0 0 0 0 0 0 0 0 0 0 0 0
P10457 2066 8 0 0 0 0 0 0 0 0 0 0 0 0 0 0 0 0 0 0 0 0 0 0 0 0 0 0 0 0 0 0 0
P10457 2066 9 0 0 0 0 0 0 0 0 0 0 0 0 0 0 0 0 0 0 0 0 0 0 0 0 0 0 0 0 0 0 -999
P10457 2066 10 0 0 0 0 0 0 0 0 0 0 0 0 39 13 27 41 18 14 8 8 0 0 0 0 0 0 11 31 35 21 49
P10457 2066 11 41 24 7 9 10 0 85 86 67 12 0 2 0 0 0 33 10 29 40 5 40 43 7 0 0 30 38 41 142 147 -999
P10457 2066 12 33 74 70 0 0 0 5 6 11 17 8 77 23 45 28 11 62 39 1 1 2 8 10 12 5 12 16 19 10 12 11
P10457 2067 1 16 35 91 184 54 65 38 27 27 14 13 18 132 55 36 37 33 184 47 18 2 31 71 77 49 29 20 15 12 26 26
P10457 2067 2 11 7 5 2 1 0 1 17 39 16 23 35 16 0 0 0 0 8 9 25 3 3 2 1 1 0 2 2 -999 -999 -999
P10457 2067 3 0 0 1 3 1 0 2 2 6 4 1 20 18 2 4 14 10 0 0 0 0 0 0 0 18 9 47 40 4 1 0
P10457 2067 4 0 0 0 0 0 3 21 3 3 2 0 0 0 16 21 8 3 3 33 50 14 0 0 8 24 34 22 3 0 6 -999
P10457 2067 5 0 0 0 0 0 13 10 0 0 13 12 11 13 12 12 10 15 17 35 28 39 29 5 3 0 0 0 0 0 0 0
P10457 2067 6 0 0 0 0 0 0 0 0 0 0 0 0 0 0 0 0 0 0 0 0 0 0 0 0 0 0 0 0 0 0 -999
P10457 2067 7 0 0 0 0 0 0 0 0 0 0 0 0 0 0 0 0 0 0 0 0 0 0 0 0 0 0 0 0 0 0 0
P10457 2067 8 0 0 0 0 0 0 0 0 0 0 0 0 0 0 0 0 0 0 0 0 0 0 0 0 0 0 0 0 0 0 0
P10457 2067 9 0 0 0 0 0 0 0 0 0 0 0 0 0 0 0 0 0 0 0 0 0 0 0 0 0 0 0 0 0 0 -999
P10457 2067 10 0 0 0 0 0 7 21 26 22 3 1 0 0 0 0 0 0 0 0 0 0 0 0 0 0 0 0 0 0 11 37
P10457 2067 11 15 13 66 41 10 14 149 40 18 8 5 11 6 9 18 21 4 67 158 0 0 0 0 0 9 9 2 1 7 1 -999
P10457 2067 12 2 7 0 43 69 57 6 0 41 56 109 57 8 10 0 0 0 0 0 9 2 4 4 0 0 0 0 0 0 0 0
P10457 2068 1 1 0 2 2 0 0 0 2 3 10 3 2 5 3 2 3 2 3 0 2 2 0 0 20 8 20 4 0 68 25 40
P10457 2068 2 2 4 4 2 3 24 8 41 63 36 6 23 23 0 26 53 9 0 2 3 7 2 11 8 3 0 0 0 -999 -999 -999
P10457 2068 3 3 0 4 10 4 2 0 0 0 172 34 17 0 0 0 0 25 0 0 40 20 5 17 21 0 0 0 0 0 0 0
P10457 2068 4 9 9 6 15 33 30 3 0 0 0 0 0 0 0 0 0 0 0 0 0 0 1 4 3 4 6 4 35 7 1 -999
P10457 2068 5 0 0 4 56 0 0 0 12 5 2 24 41 44 27 31 21 17 7 5 2 17 0 0 0 0 0 0 0 0 0 0
P10457 2068 6 0 0 0 0 0 0 0 0 0 0 0 0 0 0 0 0 0 0 0 0 0 0 0 0 0 0 0 0 0 0 -999
P10457 2068 7 0 0 0 0 0 0 0 0 0 0 0 0 0 0 0 0 0 0 0 0 0 0 0 0 0 0 0 0 0 0 0
P10457 2068 8 0 0 0 0 0 0 0 0 0 0 0 0 0 0 0 0 0 0 0 0 0 0 0 0 0 0 0 0 0 0 0
P10457 2068 9 0 0 0 0 0 0 0 0 0 0 0 0 0 0 0 0 0 0 0 0 43 44 41 29 18 0 21 24 0 0 -999
P10457 2068 10 12 0 0 0 0 0 11 19 2 0 0 0 12 10 6 0 0 0 0 3 9 12 66 31 7 2 5 0 22 10 12
P10457 2068 11 6 0 0 0 0 0 0 0 0 0 0 0 0 0 0 14 4 1 2 7 28 45 3 31 11 0 0 0 0 43 -999
P10457 2068 12 6 0 28 18 183 44 2 11 14 10 28 2 7 9 39 96 174 123 24 0 0 0 0 0 1 6 3 0 0 0 0
P10457 2069 1 0 0 0 0 0 1 7 2 5 35 40 21 5 0 0 0 0 0 0 0 0 0 0 0 7 16 26 39 56 44 42
P10457 2069 2 11 11 36 3 70 38 4 25 73 28 7 8 28 37 3 2 0 0 0 0 0 0 3 1 1 6 2 4 -999 -999 -999
P10457 2069 3 70 43 10 5 13 0 0 0 25 34 38 3 0 0 0 0 0 0 0 0 3 4 4 5 3 3 6 11 41 2 3
P10457 2069 4 8 1 0 0 0 0 8 33 3 3 67 44 13 12 42 22 12 85 45 26 12 5 0 6 0 0 0 0 16 37 -999
P10457 2069 5 41 34 17 5 12 99 39 27 26 14 2 2 0 0 0 8 6 0 0 21 11 0 0 0 0 0 0 11 5 2 7
P10457 2069 6 0 0 0 0 0 0 0 0 0 0 0 0 0 0 0 0 0 0 0 0 0 0 0 0 0 0 0 0 0 0 -999
P10457 2069 7 0 11 0 0 0 0 0 0 0 0 0 0 0 0 0 0 0 0 0 0 0 0 0 0 0 0 0 0 0 0 0
P10457 2069 8 0 0 0 0 0 0 0 0 0 0 0 0 0 0 0 0 0 0 0 0 0 0 0 0 0 0 0 0 0 0 0
P10457 2069 9 0 0 0 0 0 0 0 0 11 10 0 0 0 0 0 0 0 0 0 0 0 0 0 0 13 10 27 12 16 24 -999
P10457 2069 10 74 25 84 0 0 0 0 0 0 0 0 0 0 0 10 8 13 1 1 2 3 9 21 16 9 5 3 0 0 0 21
P10457 2069 11 36 25 14 12 8 0 0 0 39 13 59 109 106 59 16 6 0 0 0 0 16 7 9 50 8 18 3 64 41 5 -999
P10457 2069 12 0 12 45 44 96 69 44 8 1 0 0 0 6 0 0 0 0 0 0 0 0 0 69 13 2 4 7 0 14 0 0
P10457 2070 1 17 27 17 20 30 6 1 4 68 3 3 2 2 2 0 0 4 3 6 10 23 33 70 40 12 2 103 5 7 78 43
P10457 2070 2 39 27 55 23 2 3 4 4 10 50 35 9 0 0 0 0 20 9 5 4 6 12 88 37 43 20 118 20 -999 -999 -999
P10457 2070 3 11 0 0 0 0 0 0 0 41 99 43 40 36 4 3 4 7 11 39 7 62 93 40 7 80 19 0 0 0 0 0
P10457 2070 4 37 40 18 1 35 33 27 15 20 7 24 31 5 3 21 32 12 2 1 0 0 10 21 11 9 2 3 37 26 1 -999
P10457 2070 5 0 0 0 10 26 9 8 13 0 7 4 20 32 48 40 33 3 0 15 0 0 0 0 0 0 0 0 0 0 0 0
P10457 2070 6 0 39 52 30 36 0 0 0 0 0 0 0 0 0 0 0 0 0 0 0 0 0 0 0 0 0 0 0 0 0 -999
P10457 2070 7 0 0 0 0 0 0 0 0 0 0 0 0 0 0 0 0 0 0 0 0 0 0 0 0 0 0 0 0 0 0 0
P10457 2070 8 0 0 0 0 0 0 0 0 0 0 0 0 0 0 0 0 0 0 0 0 0 0 0 0 0 0 0 0 0 0 0
P10457 2070 9 0 0 0 0 0 0 0 0 0 0 0 0 0 0 0 0 0 0 0 0 0 0 0 0 0 0 0 42 18 30 -999
P10457 2070 10 0 0 0 0 0 0 34 73 98 63 30 64 68 15 10 0 33 30 40 75 49 52 30 4 0 0 0 0 0 9 13
P10457 2070 11 0 0 30 19 7 8 17 28 35 12 17 96 33 26 2 8 34 5 7 29 19 71 26 17 7 0 0 0 0 3 -999
P10457 2070 12 2 4 6 0 0 0 0 0 0 4 6 2 0 0 2 0 0 0 2 2 6 39 11 7 8 2 13 24 11 3 3
P10457 2071 1 3 6 6 29 9 2 2 3 41 10 4 5 30 20 45 45 295 61 43 36 22 11 101 53 27 1 1 2 2 12 39
P10457 2071 2 3 6 3 4 38 34 3 6 6 0 0 1 1 0 0 1 2 4 13 6 30 20 4 7 7 46 44 3 -999 -999 -999
P10457 2071 3 1 1 0 0 5 5 3 4 7 18 2 7 0 0 0 0 0 5 18 0 0 0 0 0 0 0 0 0 7 8 0
P10457 2071 4 0 0 0 0 0 0 0 0 0 0 0 0 0 0 0 0 0 0 0 0 27 9 0 0 0 0 0 0 0 0 -999
P10457 2071 5 0 0 0 0 0 0 0 0 0 0 0 0 0 0 36 6 9 0 0 0 0 0 0 0 0 0 0 0 0 0 0
P10457 2071 6 0 0 0 0 0 0 87 31 33 11 0 0 0 0 0 0 0 0 0 0 0 0 0 0 0 0 0 0 0 0 -999
P10457 2071 7 0 0 0 0 0 0 0 0 0 0 0 0 0 0 0 0 0 0 0 0 0 0 0 0 0 0 0 0 0 0 0
P10457 2071 8 0 0 0 0 0 0 0 0 0 0 0 0 0 0 0 0 0 0 0 0 0 0 0 0 0 0 0 0 0 0 0
P10457 2071 9 0 0 0 0 0 0 0 0 0 0 0 0 0 0 0 0 0 0 0 0 0 0 0 0 0 0 0 0 0 0 -999
P10457 2071 10 0 0 0 0 0 0 0 0 31 21 11 4 2 0 0 0 0 0 0 1 0 0 0 0 19 0 0 0 0 0 0
P10457 2071 11 10 26 1 1 3 6 34 64 40 29 5 4 3 4 5 15 6 1 0 0 0 0 0 0 0 6 7 2 0 0 -999
P10457 2071 12 0 3 2 2 3 8 3 2 0 0 0 0 2 0 0 0 0 1 3 2 1 1 0 0 0 0 0 0 0 0 2
P10457 2072 1 1 3 2 0 0 9 3 2 1 8 10 20 2 2 9 7 1 0 0 1 17 88 48 6 0 0 2 26 39 6 8
P10457 2072 2 2 2 8 17 39 22 2 10 4 49 19 76 58 79 38 98 123 45 52 45 45 72 37 30 2 11 21 8 -999 -999 -999
P10457 2072 3 0 0 0 19 20 23 29 37 6 1 6 17 0 2 0 0 0 0 14 0 0 0 35 87 4 0 0 0 0 3 2
P10457 2072 4 0 0 0 0 0 136 43 72 73 36 38 18 0 0 0 33 33 27 0 0 0 0 67 20 7 0 0 0 0 0 -999
P10457 2072 5 0 0 0 91 78 0 0 46 61 44 26 0 0 0 0 0 0 0 0 0 0 0 0 0 0 0 0 0 0 0 0
P10457 2072 6 0 6 13 10 2 0 0 0 0 0 0 0 0 0 0 0 0 0 0 0 0 0 0 0 0 0 0 0 0 0 -999
P10457 2072 7 0 0 0 0 0 0 0 0 0 0 0 0 0 0 0 0 0 0 0 0 0 0 0 0 0 0 0 0 0 0 0
P10457 2072 8 0 0 0 0 0 0 0 0 0 0 0 0 0 0 0 0 0 0 0 0 0 0 0 0 0 0 0 0 0 0 0
P10457 2072 9 0 0 0 0 0 0 0 0 0 0 0 0 0 0 0 0 0 0 0 0 0 0 0 0 0 0 0 0 0 0 -999
P10457 2072 10 31 22 0 8 0 0 9 0 0 0 0 0 0 0 0 0 0 3 4 7 10 22 12 38 16 51 10 0 0 53 41
P10457 2072 11 11 9 0 20 120 49 39 50 53 45 41 37 6 0 0 0 0 0 0 0 0 7 46 109 11 30 50 15 2 1 -999
P10457 2072 12 2 1 0 0 2 15 9 3 3 6 4 2 0 0 0 0 0 0 0 0 0 0 2 0 0 0 4 0 0 0 0
P10457 2073 1 0 0 0 0 3 6 0 0 0 0 0 0 0 0 0 0 0 0 0 0 0 0 0 0 0 0 4 0 0 0 0
P10457 2073 2 0 0 4 18 2 1 3 7 39 37 43 45 8 44 9 3 8 2 2 1 2 0 4 0 0 0 0 0 -999 -999 -999
P10457 2073 3 0 0 0 0 0 0 0 9 23 19 2 1 0 0 5 7 11 9 32 33 28 24 3 1 1 0 0 8 6 0 0
P10457 2073 4 0 0 0 0 0 0 0 0 0 0 0 0 0 0 0 35 18 0 0 0 0 0 0 11 10 0 7 2 0 0 -999
P10457 2073 5 7 0 0 0 0 0 0 0 0 0 0 0 0 9 0 20 31 31 32 42 2 6 26 36 8 0 7 8 0 0 0
P10457 2073 6 0 0 0 0 0 0 0 0 0 0 0 0 0 0 0 0 0 0 0 0 0 0 0 0 0 0 0 0 0 0 -999
P10457 2073 7 0 0 0 0 0 0 0 0 0 0 0 0 0 0 0 0 0 0 0 0 0 0 0 0 0 0 0 0 0 0 0
P10457 2073 8 0 0 0 0 0 0 0 0 0 0 0 0 0 0 0 0 0 0 0 0 0 0 0 0 0 0 0 0 0 0 0
P10457 2073 9 0 0 0 32 0 0 0 0 0 0 9 10 0 0 0 0 0 0 0 0 0 7 0 0 0 0 0 0 0 0 -999
P10457 2073 10 0 0 0 0 0 0 26 44 2 29 72 0 0 0 0 0 0 0 14 22 0 0 0 0 0 0 0 36 9 3 0
P10457 2073 11 0 3 2 2 7 7 123 45 19 41 36 7 4 1 2 0 0 0 1 1 1 3 0 8 4 8 20 15 20 17 -999
P10457 2073 12 28 48 10 38 6 17 2 2 0 0 0 0 0 0 0 1 2 2 2 17 11 28 2 0 30 9 1 0 0 0 0
P10457 2074 1 0 1 2 2 0 0 0 0 2 6 2 3 0 0 0 0 0 15 26 13 0 0 0 0 0 0 1 1 1 2 2
P10457 2074 2 0 1 0 0 0 0 5 7 29 2 0 3 2 3 2 0 0 0 0 0 1 4 9 3 4 0 0 0 -999 -999 -999
P10457 2074 3 0 16 8 0 0 0 0 0 0 0 0 3 0 0 6 0 0 0 0 0 12 3 0 0 0 0 0 4 0 0 0
P10457 2074 4 0 0 0 0 0 0 0 0 0 0 0 0 0 0 0 0 0 0 0 0 0 0 0 0 10 26 34 4 0 0 -999
P10457 2074 5 0 0 0 12 35 68 41 40 30 39 73 84 38 10 0 0 0 5 21 40 39 26 26 3 0 0 0 0 0 0 0
P10457 2074 6 0 0 0 0 0 0 0 0 0 0 0 0 0 0 0 0 0 0 0 0 0 0 0 0 0 0 0 0 0 0 -999
P10457 2074 7 0 0 0 0 0 0 0 0 0 0 0 0 0 0 0 0 0 0 0 0 0 0 0 0 0 0 0 0 0 0 0
P10457 2074 8 0 0 0 0 0 0 0 0 0 0 0 0 0 0 0 0 0 0 0 0 0 0 0 0 0 0 0 0 0 0 0
P10457 2074 9 0 0 0 0 0 0 0 0 0 0 0 0 0 0 0 0 0 8 0 0 0 11 0 16 4 19 2 11 0 0 -999
P10457 2074 10 0 0 10 5 0 0 0 11 39 12 2 0 0 0 0 0 0 0 4 3 0 0 0 0 0 0 0 0 25 5 2
P10457 2074 11 9 10 10 0 0 3 0 11 23 33 0 0 0 0 0 0 11 9 0 0 0 0 77 95 91 0 0 9 9 2 -999
P10457 2074 12 0 0 0 25 0 0 0 0 3 5 7 4 41 180 174 181 40 7 10 10 97 19 2 1 0 0 12 45 184 32 7
P10457 2075 1 39 94 98 45 38 17 9 2 3 1 1 17 34 7 0 2 0 0 0 0 0 0 0 0 0 0 10 3 4 16 1
P10457 2075 2 10 2 5 2 63 33 5 2 4 3 17 19 21 17 0 6 25 0 3 12 20 43 2 3 0 1 0 0 -999 -999 -999
P10457 2075 3 4 0 0 0 0 78 17 0 0 0 26 29 43 39 3 2 2 11 60 32 9 24 50 40 26 16 51 30 22 25 77
P10457 2075 4 41 1 10 0 0 0 0 9 0 0 0 0 0 0 0 0 7 10 11 5 2 8 0 0 0 0 0 0 0 41 -999
P10457 2075 5 110 101 94 42 41 43 42 42 3 0 0 15 38 42 21 19 14 39 65 51 43 14 6 3 0 0 0 0 0 0 0
P10457 2075 6 0 0 0 0 0 0 0 0 0 0 0 0 0 0 0 0 0 0 0 0 0 0 0 0 0 0 0 0 0 0 -999
P10457 2075 7 0 0 0 0 0 0 0 0 0 0 0 0 0 0 0 0 0 0 0 0 0 0 0 0 0 0 0 0 0 0 0
P10457 2075 8 0 0 0 0 0 0 0 0 0 0 0 0 0 0 0 0 0 0 0 0 0 0 0 0 0 0 0 0 0 0 0
P10457 2075 9 0 0 0 0 0 0 0 0 0 0 0 0 0 0 0 0 0 0 0 0 0 0 0 0 0 0 0 40 13 15 -999
P10457 2075 10 0 0 18 7 4 8 0 28 11 1 4 0 0 0 0 0 0 0 42 44 3 3 0 3 7 0 11 33 9 0 0
P10457 2075 11 0 11 19 40 29 2 46 25 43 26 4 12 23 13 2 9 37 6 3 7 12 7 0 0 0 0 32 3 2 2 -999
P10457 2075 12 0 2 1 7 6 26 41 11 43 3 6 9 2 2 2 3 2 1 0 0 0 4 2 2 0 4 1 0 1 2 0
P10457 2076 1 0 0 0 0 0 0 0 0 1 2 3 2 1 3 2 0 0 1 2 0 0 0 0 0 0 1 7 8 0 2 1
P10457 2076 2 6 7 2 1 0 0 0 8 5 2 0 0 2 1 0 0 0 0 5 3 2 0 0 0 0 0 0 0 -999 -999 -999
P10457 2076 3 1 1 2 0 10 12 13 1 39 94 13 0 0 0 19 17 28 43 3 0 2 0 0 0 0 0 0 0 0 0 0
P10457 2076 4 0 0 0 52 15 0 0 0 0 0 0 21 7 0 0 0 0 0 0 0 0 121 61 26 8 0 24 28 0 0 -999
P10457 2076 5 13 12 43 10 2 0 0 0 0 0 0 0 0 6 0 0 9 11 12 39 35 28 4 0 0 0 39 45 40 32 7
P10457 2076 6 11 13 0 0 0 0 11 3 0 0 0 0 0 0 0 0 0 0 0 0 0 0 0 0 0 0 0 0 0 0 -999
P10457 2076 7 0 0 0 0 9 0 0 0 0 0 0 0 0 0 0 0 0 0 0 0 0 0 0 0 0 0 0 0 0 0 0
P10457 2076 8 0 0 0 0 0 0 0 0 0 0 0 0 0 0 0 0 0 0 0 0 0 0 0 0 0 0 0 0 0 0 0
P10457 2076 9 0 0 0 0 0 0 0 0 0 0 0 0 0 0 0 0 0 0 0 0 0 0 26 0 0 0 56 42 35 4 -999
P10457 2076 10 8 5 16 0 0 0 0 0 0 0 18 48 48 66 42 28 9 63 10 8 8 8 9 5 3 0 0 0 0 0 0
P10457 2076 11 0 8 3 2 0 0 4 7 36 58 20 30 7 2 3 0 0 18 10 1 0 0 0 14 5 0 0 0 0 0 -999
P10457 2076 12 0 0 0 0 0 0 1 6 5 0 0 0 0 4 6 2 4 0 0 0 0 0 0 0 0 0 2 0 5 6 4
P10457 2077 1 0 0 0 0 0 1 0 1 0 0 2 6 21 43 4 3 0 0 0 0 0 9 105 44 7 4 6 3 1 4 3
P10457 2077 2 3 1 5 18 27 42 4 0 0 0 0 0 20 0 20 22 42 0 0 0 0 0 0 0 0 0 0 0 -999 -999 -999
P10457 2077 3 0 0 7 0 6 21 9 21 73 53 35 23 71 35 10 38 0 117 26 18 0 0 0 0 0 15 14 7 7 2 2
P10457 2077 4 0 0 0 0 0 0 4 8 31 1 5 1 1 0 0 0 0 0 0 0 0 0 0 0 0 0 6 0 0 0 -999
P10457 2077 5 0 0 0 0 0 13 25 7 12 33 5 0 0 0 0 0 0 0 3 0 0 0 87 45 50 50 35 20 0 0 0
P10457 2077 6 0 0 0 0 0 0 0 0 0 11 13 33 26 15 0 0 0 0 0 0 0 0 0 0 0 0 0 0 0 0 -999
P10457 2077 7 0 0 0 0 0 0 0 0 0 0 0 0 0 0 0 0 0 0 0 0 0 0 0 0 0 0 0 0 0 0 0
P10457 2077 8 0 0 0 0 0 0 0 0 0 0 0 0 0 0 0 0 0 0 0 0 0 0 0 0 0 0 0 0 0 0 0
P10457 2077 9 0 0 0 0 0 0 0 0 0 0 0 0 0 0 0 0 0 0 0 0 0 0 0 0 0 0 0 0 0 0 -999
P10457 2077 10 0 0 3 0 0 0 0 0 0 0 0 0 0 6 14 0 0 21 22 28 14 27 42 12 1 2 0 40 3 0 0
P10457 2077 11 0 8 33 46 45 28 35 36 40 32 5 36 87 175 55 30 14 28 16 3 40 139 136 0 0 0 0 0 0 0 -999
P10457 2077 12 0 0 0 1 5 5 4 9 16 41 46 10 11 94 29 3 113 183 77 36 35 29 31 129 144 59 198 35 86 8 6
P10457 2078 1 5 56 32 11 20 76 2 45 9 59 5 0 0 0 0 0 0 1 0 3 3 24 24 3 1 0 2 0 0 0 0
P10457 2078 2 0 13 6 0 9 45 37 1 2 3 14 2 6 3 2 1 1 6 2 0 3 0 2 2 0 0 0 0 -999 -999 -999
P10457 2078 3 0 0 0 0 0 11 6 3 7 0 43 41 35 45 11 3 0 0 0 0 6 5 4 13 1 0 33 9 12 39 3
P10457 2078 4 28 35 10 55 85 36 33 7 4 2 0 0 0 6 0 7 67 106 40 22 2 0 0 0 0 0 0 0 31 29 -999
P10457 2078 5 33 25 5 18 22 22 8 21 0 5 25 30 61 48 29 34 25 26 0 0 0 0 0 0 0 0 0 0 0 0 0
P10457 2078 6 0 0 0 0 0 0 0 0 0 0 0 0 0 0 0 0 0 0 0 0 0 0 0 0 0 0 0 0 0 0 -999
P10457 2078 7 0 0 0 0 0 0 0 0 0 0 0 0 0 0 0 0 0 0 0 0 0 0 0 0 0 0 0 0 0 0 0
P10457 2078 8 0 0 0 0 0 0 0 0 0 0 0 0 0 0 0 0 0 0 0 0 0 0 0 0 0 0 0 0 0 0 0
P10457 2078 9 0 0 0 35 15 0 0 0 0 0 0 0 0 0 0 0 0 0 0 0 0 0 0 0 0 0 0 0 0 0 -999
P10457 2078 10 0 0 0 0 0 0 0 0 0 0 0 0 0 0 0 0 0 0 0 0 0 0 0 0 0 0 0 0 0 0 0
P10457 2078 11 0 0 0 49 10 2 0 0 0 3 2 0 0 0 0 0 5 0 0 5 0 0 0 0 0 0 6 35 5 5 -999
P10457 2078 12 2 2 1 0 0 0 5 10 0 0 1 2 0 1 6 24 16 4 0 0 0 3 0 0 9 12 17 40 9 79 121
P10457 2079 1 10 5 2 10 0 1 0 2 1 2 2 1 1 1 0 0 0 0 0 0 0 0 0 2 0 2 27 4 0 0 0
P10457 2079 2 0 8 0 8 44 37 3 24 26 5 0 0 0 3 2 0 0 0 62 42 45 21 39 39 36 81 56 35 -999 -999 -999
P10457 2079 3 36 44 8 6 10 1 0 2 0 0 11 16 0 0 0 1 0 0 0 24 110 55 14 13 0 0 0 0 0 3 25
P10457 2079 4 114 33 31 38 21 11 35 22 4 0 0 0 0 0 0 0 0 0 0 0 0 0 0 0 0 0 0 0 0 15 -999
P10457 2079 5 28 16 2 0 0 0 0 0 0 0 0 0 0 0 0 0 0 0 0 0 0 0 0 0 0 0 0 0 0 0 0
P10457 2079 6 0 0 0 0 0 0 0 0 0 0 0 0 0 0 0 0 0 0 0 0 0 0 0 0 0 0 0 0 0 0 -999
P10457 2079 7 0 0 0 0 0 0 0 0 0 0 0 0 0 0 0 0 0 0 0 0 0 0 0 0 0 0 0 0 0 0 0
P10457 2079 8 0 0 0 0 0 0 0 0 0 0 0 0 0 0 0 0 0 0 0 0 0 0 0 0 0 0 0 0 0 0 0
P10457 2079 9 0 0 0 0 0 0 0 0 0 0 31 0 0 0 0 0 0 0 0 0 0 0 0 0 0 0 0 0 0 31 -999
P10457 2079 10 0 0 0 0 0 0 0 0 0 0 0 0 0 0 0 0 0 0 48 57 38 36 3 10 7 8 6 7 7 0 0
P10457 2079 11 0 14 11 7 25 2 0 0 0 0 0 0 0 0 0 0 0 0 0 0 6 0 30 4 0 91 33 10 28 44 -999
P10457 2079 12 2 0 0 0 21 21 71 95 40 26 8 1 3 2 39 37 76 54 121 12 9 0 3 0 0 0 0 0 2 0 0
P10457 2080 1 0 0 0 0 3 0 0 0 0 3 0 8 1 5 4 1 2 3 14 19 16 3 35 30 7 3 2 3 2 6 1
P10457 2080 2 2 4 0 3 1 1 0 0 2 8 30 40 26 2 2 0 3 0 0 0 5 13 21 2 0 0 0 0 -999 -999 -999
P10457 2080 3 0 0 0 0 0 0 0 0 0 0 0 0 0 0 0 0 0 0 4 0 0 0 0 0 0 0 0 0 0 0 0
P10457 2080 4 24 35 36 12 62 103 44 35 31 10 4 1 0 8 4 19 23 29 35 25 6 0 0 9 12 0 0 0 0 0 -999
P10457 2080 5 25 27 12 2 0 0 0 0 0 0 0 0 0 0 0 0 0 22 0 6 0 0 0 0 0 0 0 0 0 11 21
P10457 2080 6 0 0 0 0 0 0 0 0 0 0 0 0 0 0 0 0 0 0 0 0 0 0 0 0 0 0 0 0 0 0 -999
P10457 2080 7 0 0 0 0 0 0 0 0 0 0 0 0 0 0 0 0 0 0 0 0 0 0 0 0 0 0 0 0 0 0 0
P10457 2080 8 0 0 0 0 0 0 0 0 0 0 0 0 0 0 0 0 0 0 0 0 0 0 40 32 22 12 5 0 0 0 0
P10457 2080 9 0 0 0 0 0 0 0 0 0 0 0 0 27 11 0 0 0 0 0 0 0 0 39 41 41 11 0 0 0 0 -999
P10457 2080 10 0 0 0 0 0 0 0 0 0 0 0 17 2 0 0 0 0 0 0 0 0 18 0 50 41 32 11 1 0 0 0
P10457 2080 11 0 0 0 12 12 5 2 2 1 17 17 3 0 0 1 12 6 1 4 0 7 0 0 0 1 5 12 32 6 0 -999
P10457 2080 12 0 0 0 0 0 1 5 4 6 52 41 6 7 35 4 0 0 0 0 0 0 7 35 62 30 0 27 11 2 7 1
P10457 2081 1 1 2 0 0 0 0 0 0 0 0 0 0 0 0 0 1 3 14 27 177 91 111 15 0 0 8 7 0 0 3 0
P10457 2081 2 3 23 111 35 7 2 2 2 2 1 0 0 0 0 0 0 6 23 11 17 52 66 33 5 6 5 10 1 -999 -999 -999
P10457 2081 3 0 0 0 0 0 0 0 0 0 5 8 4 42 51 50 38 91 19 28 23 31 31 72 28 74 52 95 45 43 34 60
P10457 2081 4 43 13 2 18 9 1 3 1 0 0 0 0 0 0 0 0 0 7 3 0 0 0 0 0 0 0 0 3 6 0 -999
P10457 2081 5 3 2 0 0 0 10 11 8 2 2 2 0 0 0 0 0 0 0 0 0 0 0 3 0 0 0 10 33 32 34 0
P10457 2081 6 0 0 0 0 0 0 0 0 38 30 28 23 0 0 0 0 0 0 0 0 0 0 0 0 0 0 0 0 0 0 -999
P10457 2081 7 0 0 0 0 0 0 0 0 0 0 0 0 0 0 0 0 0 0 0 0 0 0 0 0 0 0 0 0 0 0 0
P10457 2081 8 0 0 0 0 0 0 0 0 0 0 0 0 0 0 0 0 0 0 0 0 0 0 0 0 0 0 0 0 0 0 0
P10457 2081 9 0 0 0 0 0 0 0 0 0 0 0 0 0 0 0 0 0 0 0 0 0 0 0 0 0 0 0 0 0 0 -999
P10457 2081 10 0 0 0 0 0 0 0 0 0 0 28 13 39 24 63 32 78 95 51 41 40 9 0 0 0 0 0 0 0 0 12
P10457 2081 11 0 0 0 160 33 6 5 0 0 51 35 18 7 0 46 50 11 15 35 80 44 50 57 2 2 0 0 0 50 39 -999
P10457 2081 12 35 17 10 41 32 10 54 142 11 0 0 0 0 0 0 0 0 0 0 29 67 27 68 8 21 23 5 56 10 0 0
P10457 2082 1 0 0 0 0 0 4 10 18 4 3 0 0 0 8 32 75 2 5 4 3 0 0 2 2 2 6 27 12 56 30 1
P10457 2082 2 0 1 4 10 30 1 1 1 2 0 3 1 1 0 0 0 0 0 0 0 0 0 0 0 0 0 4 0 -999 -999 -999
P10457 2082 3 2 3 7 8 2 0 0 0 0 10 19 3 2 1 1 2 4 30 34 37 0 0 34 14 6 0 1 2 5 3 13
P10457 2082 4 8 0 0 10 9 33 90 42 42 51 43 42 45 4 0 42 16 0 0 99 81 23 0 0 29 0 4 11 41 7 -999
P10457 2082 5 0 0 0 0 0 0 0 0 0 0 0 0 0 0 0 0 0 0 0 0 0 0 0 0 0 0 0 0 0 0 0
P10457 2082 6 0 0 39 0 0 12 28 33 30 28 0 0 0 0 0 0 40 41 36 11 0 0 0 0 0 0 0 0 0 0 -999
P10457 2082 7 0 0 0 0 0 0 0 0 0 0 0 0 0 0 0 0 0 0 0 0 0 0 0 0 0 0 0 0 0 0 0
P10457 2082 8 0 0 0 0 0 0 0 0 0 0 0 0 0 0 0 0 0 0 0 0 0 0 0 0 0 0 0 0 0 0 0
P10457 2082 9 0 0 0 0 0 0 0 0 0 0 0 0 0 0 0 0 0 0 0 0 0 0 0 0 0 0 0 0 0 0 -999
P10457 2082 10 0 0 0 0 0 0 0 0 0 0 0 0 0 0 0 0 10 12 4 70 43 2 3 28 0 0 0 0 0 0 0
P10457 2082 11 0 0 0 0 0 0 0 0 2 7 10 14 10 12 18 118 34 2 5 28 9 43 22 8 6 4 2 17 40 18 -999
P10457 2082 12 1 8 6 2 0 0 0 0 0 0 0 0 0 0 0 0 0 0 0 0 0 0 0 1 0 0 0 0 0 6 3
P10457 2083 1 0 2 3 3 0 5 10 30 16 9 1 3 9 82 22 0 99 23 0 50 90 0 39 11 47 23 57 13 0 18 25
P10457 2083 2 5 28 59 5 10 6 0 19 33 11 92 40 85 36 2 11 150 36 13 16 6 68 10 14 6 0 56 82 -999 -999 -999
P10457 2083 3 129 7 0 0 0 0 0 8 1 0 7 0 0 0 0 0 0 0 1 3 1 2 0 0 0 0 0 5 15 12 9
P10457 2083 4 40 25 23 6 5 0 7 0 0 21 7 7 9 0 0 34 11 32 12 12 16 23 11 0 0 0 0 0 0 0 -999
P10457 2083 5 0 0 15 0 0 0 0 0 0 0 0 0 0 0 0 0 0 0 0 0 0 0 0 0 0 0 0 0 0 0 0
P10457 2083 6 0 0 0 0 0 0 0 0 0 0 0 0 0 0 0 0 0 0 0 0 0 0 0 0 0 0 0 0 0 0 -999
P10457 2083 7 0 0 0 0 0 0 0 0 0 0 0 0 0 0 0 0 0 0 0 0 0 0 0 0 0 0 0 0 0 0 0
P10457 2083 8 0 13 0 0 0 0 0 0 0 0 0 0 0 0 0 0 0 0 0 0 0 0 0 0 0 0 0 0 0 0 0
P10457 2083 9 0 0 0 0 0 0 0 0 0 0 0 0 0 0 0 0 0 0 0 0 0 0 0 0 0 0 0 0 0 0 -999
P10457 2083 10 29 15 0 0 0 0 0 0 0 0 0 0 0 0 0 0 0 0 0 0 0 0 0 0 0 0 8 0 0 0 0
P10457 2083 11 0 0 0 0 0 26 32 7 0 28 0 0 28 40 6 3 18 11 6 3 3 3 19 36 2 5 5 4 4 0 -999
P10457 2083 12 0 0 0 0 0 4 11 2 0 0 9 20 0 0 0 14 33 14 0 0 0 0 0 0 0 0 0 0 0 0 1
P10457 2084 1 3 5 3 2 1 0 10 8 0 0 0 0 3 4 0 0 5 93 50 9 8 40 44 12 2 0 0 0 0 0 1
P10457 2084 2 0 0 4 2 0 0 0 0 0 0 0 42 33 9 2 0 6 7 7 10 3 0 73 44 21 24 30 2 -999 -999 -999
P10457 2084 3 15 12 9 11 25 45 0 0 0 23 28 29 29 14 11 40 43 47 17 30 33 17 19 39 21 0 0 0 0 38 37
P10457 2084 4 37 32 52 47 45 24 9 30 41 13 53 27 5 9 15 15 0 0 0 0 0 0 0 0 0 0 0 25 0 0 -999
P10457 2084 5 0 0 0 0 0 0 3 8 2 0 0 0 0 0 0 0 0 0 0 0 0 0 0 0 10 35 36 0 9 0 8
P10457 2084 6 7 0 0 0 0 0 0 0 0 0 0 0 0 0 0 0 0 0 0 0 0 0 0 0 0 0 0 0 0 0 -999
P10457 2084 7 0 0 0 0 0 0 0 0 0 0 0 0 0 0 0 0 0 0 0 0 0 0 0 0 0 0 0 0 0 0 0
P10457 2084 8 0 0 0 0 0 0 0 0 0 0 0 0 0 0 0 0 0 0 0 0 0 0 0 0 0 0 0 0 0 0 0
P10457 2084 9 0 0 0 0 0 0 0 0 0 0 0 0 0 0 0 0 0 0 0 0 0 0 0 0 0 0 0 0 0 0 -999
P10457 2084 10 0 0 0 0 0 0 0 0 0 0 0 0 0 0 4 8 0 0 0 0 0 0 6 6 2 2 0 0 0 0 0
P10457 2084 11 0 0 0 8 42 16 11 10 81 75 44 148 75 27 0 5 8 6 0 0 0 0 0 0 0 0 0 0 0 2 -999
P10457 2084 12 6 0 4 16 9 2 0 0 1 0 0 0 0 0 0 0 2 0 3 0 0 0 2 2 7 13 4 1 2 0 0
P10457 2085 1 0 0 0 0 0 0 0 0 0 0 0 0 0 1 7 0 0 0 0 0 0 0 0 0 5 0 0 0 0 2 0
P10457 2085 2 0 0 0 2 0 0 0 0 0 0 0 0 0 0 0 15 18 0 0 0 0 0 3 0 0 0 0 3 -999 -999 -999
P10457 2085 3 0 0 0 0 5 0 0 0 0 0 0 19 31 0 0 0 0 34 16 20 75 38 30 16 17 2 26 32 48 129 37
P10457 2085 4 36 21 76 38 3 0 0 0 0 0 0 8 0 0 12 8 0 0 0 0 0 0 0 0 0 4 14 37 16 29 -999
P10457 2085 5 29 30 0 21 9 0 6 0 3 37 38 29 52 53 3 2 3 12 19 9 5 0 0 0 10 7 0 0 0 0 0
P10457 2085 6 0 0 0 0 0 0 0 0 21 0 0 0 0 0 0 0 0 0 0 0 0 0 0 0 0 0 0 0 0 0 -999
P10457 2085 7 0 0 0 0 0 0 0 0 0 0 0 0 0 0 0 0 0 0 0 0 0 0 0 0 0 0 0 0 0 0 0
P10457 2085 8 0 0 0 0 0 0 0 0 0 0 0 0 0 0 0 0 0 0 0 0 0 0 0 0 0 0 0 0 0 0 0
P10457 2085 9 0 0 0 0 0 0 0 0 0 0 0 0 0 0 0 0 0 0 0 0 0 0 0 0 0 0 0 0 9 8 -999
P10457 2085 10 11 0 0 0 0 0 0 0 11 0 0 0 0 0 0 13 0 0 0 0 4 0 9 9 0 0 6 0 0 0 0
P10457 2085 11 0 11 25 44 32 9 4 5 0 0 0 0 0 0 0 0 0 16 48 30 54 60 21 94 65 10 48 6 6 6 -999
P10457 2085 12 29 36 8 1 20 31 1 2 5 42 11 10 0 9 0 0 0 0 0 0 4 14 43 55 27 6 6 8 12 4 47
P10457 2086 1 40 137 45 40 50 10 0 0 0 0 0 0 0 0 0 0 0 0 0 0 0 0 0 0 0 0 1 0 0 2 0
P10457 2086 2 0 0 0 0 0 0 0 0 0 0 0 0 11 4 4 5 12 17 12 3 18 5 1 0 1 2 2 2 -999 -999 -999
P10457 2086 3 1 0 0 0 0 0 0 0 0 1 4 0 1 1 0 0 0 0 3 1 0 3 0 0 0 0 0 0 0 6 26
P10457 2086 4 68 10 4 0 0 0 0 15 43 3 10 29 11 25 87 72 64 44 41 38 32 19 154 79 0 0 48 46 0 0 -999
P10457 2086 5 0 0 32 0 0 1 0 0 0 0 0 0 0 0 0 0 7 12 3 3 8 11 0 0 10 0 0 0 0 0 0
P10457 2086 6 0 0 0 0 0 0 0 0 0 0 0 0 0 0 0 0 0 0 0 0 0 0 0 0 0 0 0 0 0 0 -999
P10457 2086 7 0 0 0 0 0 0 0 0 0 0 0 0 0 0 0 0 0 0 0 0 0 0 0 0 0 0 0 0 0 0 0
P10457 2086 8 0 0 0 0 0 0 0 0 0 0 0 0 0 0 0 0 0 0 0 0 0 0 0 0 0 0 0 0 0 0 0
P10457 2086 9 0 0 0 0 0 0 0 0 0 0 0 0 42 0 0 8 29 26 0 0 0 0 0 0 0 0 0 0 0 0 -999
P10457 2086 10 0 0 0 0 0 0 0 0 0 0 0 0 0 0 0 0 0 0 0 0 0 0 10 32 35 11 13 6 8 10 10
P10457 2086 11 0 0 0 0 0 0 0 9 7 4 9 11 12 6 76 46 119 43 10 11 5 3 3 2 0 3 9 3 23 7 -999
P10457 2086 12 3 13 0 0 0 8 0 0 0 0 0 0 0 0 1 0 0 0 6 13 2 0 0 0 0 0 0 0 7 8 12
P10457 2087 1 6 17 5 7 24 14 7 0 0 0 1 2 3 11 121 43 2 8 53 2 2 2 0 0 5 0 0 0 0 35 2
P10457 2087 2 0 0 2 7 0 0 0 0 0 0 0 0 0 0 0 0 1 0 0 6 0 0 0 0 0 0 0 0 -999 -999 -999
P10457 2087 3 2 0 0 5 0 0 6 0 0 0 0 0 0 28 44 3 6 27 30 11 8 12 0 0 0 0 125 12 2 2 0
P10457 2087 4 0 0 0 9 11 5 0 0 0 0 0 0 0 0 0 0 29 31 22 3 2 0 0 0 0 0 0 0 0 0 -999
P10457 2087 5 0 0 0 0 0 0 0 87 65 57 9 0 0 0 0 0 0 0 0 0 0 0 0 0 0 0 0 9 11 12 0
P10457 2087 6 0 0 0 0 0 0 0 0 0 0 0 0 0 0 0 0 0 0 0 0 0 0 0 0 0 0 0 0 0 0 -999
P10457 2087 7 0 0 0 0 0 0 0 0 0 0 0 0 0 0 0 0 0 0 0 0 0 0 0 0 0 0 0 0 0 0 0
P10457 2087 8 0 0 0 0 0 0 0 0 0 0 0 0 0 0 0 0 0 0 0 0 0 0 0 0 0 0 0 0 0 0 0
P10457 2087 9 0 0 0 0 0 0 0 0 0 0 0 0 0 0 0 0 0 0 4 0 32 39 0 0 0 0 0 0 0 0 -999
P10457 2087 10 0 0 0 0 0 0 0 0 0 0 0 0 0 0 0 0 0 7 0 4 0 41 24 8 7 8 0 0 0 0 0
P10457 2087 11 0 0 0 15 12 0 0 19 10 3 4 34 2 2 11 22 1 3 0 0 4 0 7 0 0 0 0 0 32 24 -999
P10457 2087 12 31 66 0 0 0 0 0 9 0 0 10 39 36 19 32 24 14 38 25 3 26 13 0 0 0 0 0 0 0 0 0
P10457 2088 1 0 0 4 0 2 1 21 83 68 13 42 64 59 64 15 147 39 11 6 1 1 3 2 41 51 66 182 36 126 44 7
P10457 2088 2 8 2 2 8 7 1 2 2 3 2 0 0 0 0 0 0 12 12 9 0 0 0 3 0 0 0 0 0 -999 -999 -999
P10457 2088 3 0 0 0 0 12 15 19 7 1 0 0 0 6 6 11 0 8 6 19 32 1 1 2 2 3 2 3 0 0 0 0
P10457 2088 4 10 0 0 0 0 0 0 0 14 26 1 5 9 7 1 0 0 0 0 0 0 0 0 0 0 0 0 0 0 0 -999
P10457 2088 5 0 0 0 0 28 36 31 0 0 0 106 53 41 18 11 0 0 0 0 0 0 0 0 0 0 0 0 0 0 0 0
P10457 2088 6 0 0 0 0 0 0 0 0 0 0 0 0 0 0 0 0 0 0 0 0 0 0 0 0 0 0 0 0 0 0 -999
P10457 2088 7 0 0 0 0 0 0 0 0 0 0 0 0 0 0 0 0 0 0 0 0 0 0 0 0 0 0 0 0 0 0 0
P10457 2088 8 0 0 0 0 0 0 0 0 0 0 0 0 0 0 0 0 0 0 0 0 0 0 0 0 0 0 0 0 0 0 0
P10457 2088 9 0 0 0 0 0 0 0 0 0 0 0 0 0 0 0 0 0 0 0 0 0 0 0 0 0 0 0 0 0 0 -999
P10457 2088 10 0 0 0 0 0 0 0 0 0 0 11 0 32 3 4 0 0 0 0 0 0 0 0 0 0 0 0 0 0 0 0
P10457 2088 11 0 9 57 50 44 34 41 9 42 41 5 4 5 3 2 0 0 0 0 0 0 0 0 14 10 13 47 8 0 11 -999
P10457 2088 12 34 8 11 36 141 41 15 1 0 0 0 0 0 0 0 0 0 0 0 0 1 1 0 0 1 6 10 1 0 3 1
P10457 2089 1 0 0 0 3 6 4 15 0 0 4 3 4 3 8 6 4 9 1 16 73 41 92 44 3 16 4 3 9 10 31 36
P10457 2089 2 55 4 0 14 43 3 5 9 29 109 44 90 52 77 128 154 87 77 113 63 32 2 0 0 0 16 39 25 -999 -999 -999
P10457 2089 3 2 0 0 0 0 0 0 0 0 0 0 0 0 0 0 1 9 4 1 2 0 0 0 0 0 0 0 0 6 0 0
P10457 2089 4 0 0 0 0 0 0 9 35 43 13 2 0 0 0 10 50 14 0 0 0 22 0 0 0 0 0 0 0 0 0 -999
P10457 2089 5 29 26 0 0 0 0 0 9 32 0 0 0 0 0 0 0 0 0 0 0 0 0 0 0 0 0 0 0 0 0 0
P10457 2089 6 10 10 0 0 0 0 0 0 0 0 0 0 0 0 0 0 0 0 0 0 0 0 0 0 0 0 0 0 0 0 -999
P10457 2089 7 0 0 0 0 0 0 0 0 0 0 0 0 0 0 0 0 0 0 0 0 0 0 0 0 0 0 0 0 0 0 0
P10457 2089 8 0 0 0 0 0 0 0 0 0 0 0 0 0 0 0 0 0 0 0 0 0 0 0 0 0 0 0 0 0 0 0
P10457 2089 9 0 0 0 0 0 0 0 0 0 0 0 0 0 0 0 0 0 0 0 0 0 0 0 0 0 0 0 0 0 0 -999
P10457 2089 10 0 0 0 0 0 0 0 0 0 0 0 42 31 29 12 9 0 0 0 0 0 0 0 9 5 4 6 0 0 0 0
P10457 2089 11 4 0 0 0 0 16 3 1 0 0 6 3 2 9 27 59 30 40 39 45 100 121 122 64 0 0 6 6 47 30 -999
P10457 2089 12 32 27 4 7 1 2 2 3 2 2 0 0 0 0 0 0 2 2 30 37 15 19 20 7 0 0 0 0 2 33 3
P10457 2090 1 3 2 1 0 0 4 2 4 0 2 3 0 0 1 0 0 0 3 0 9 22 4 38 9 6 2 2 2 0 0 3
P10457 2090 2 0 34 23 0 0 0 0 6 19 36 45 36 73 108 42 113 92 18 6 21 46 22 2 7 11 87 45 45 -999 -999 -999
P10457 2090 3 17 2 2 0 3 10 41 66 18 10 6 76 43 10 4 2 0 0 0 0 0 0 0 1 8 5 0 0 0 0 0
P10457 2090 4 0 0 34 43 81 52 5 0 0 0 10 12 22 0 0 0 0 0 0 0 0 0 36 16 0 0 0 39 11 27 -999
P10457 2090 5 21 0 0 0 0 0 0 0 0 0 0 0 0 0 0 46 23 60 40 40 42 19 0 0 0 0 0 0 0 0 0
P10457 2090 6 0 0 39 89 45 42 29 15 15 11 20 0 0 0 0 0 0 0 0 0 0 0 0 11 32 21 8 0 0 0 -999
P10457 2090 7 0 0 0 0 0 0 0 0 0 0 0 0 0 0 0 0 0 0 0 0 0 0 0 0 0 0 0 0 0 0 0
P10457 2090 8 0 0 0 0 0 0 0 0 0 0 0 0 0 0 0 0 0 0 0 0 0 0 0 0 0 0 0 0 0 0 0
P10457 2090 9 0 0 0 0 0 0 0 0 0 0 0 0 0 0 0 0 0 0 0 0 0 0 0 0 0 0 0 0 0 0 -999
P10457 2090 10 0 0 0 0 0 0 0 37 9 12 31 3 8 0 0 0 0 12 0 6 0 0 0 0 0 0 0 0 0 6 3
P10457 2090 11 2 6 22 4 1 0 0 0 0 0 0 0 0 0 0 0 0 0 0 0 0 0 0 0 4 8 12 136 93 193 -999
P10457 2090 12 185 11 33 33 26 2 6 0 13 12 14 3 3 6 3 0 0 0 0 0 0 17 0 24 0 0 0 0 0 13 0
P10457 2091 1 0 0 0 0 1 0 0 0 0 0 0 0 1 1 0 0 0 0 6 11 3 3 20 80 14 109 43 47 22 3 3
P10457 2091 2 11 37 27 83 40 75 37 17 20 4 2 5 20 5 2 4 1 1 1 1 0 29 53 44 0 26 0 0 -999 -999 -999
P10457 2091 3 0 0 0 0 0 0 0 2 1 0 0 0 0 0 0 0 0 0 0 5 6 7 0 0 0 0 0 0 0 0 0
P10457 2091 4 0 7 0 0 0 0 0 0 0 0 0 0 0 0 0 0 0 0 0 0 0 0 0 16 64 20 3 0 0 7 -999
P10457 2091 5 7 6 21 0 33 41 34 5 0 0 11 17 37 33 25 36 34 6 4 0 0 0 0 0 0 0 0 0 0 0 0
P10457 2091 6 0 0 0 0 0 0 0 0 0 0 0 0 0 0 0 0 0 0 0 0 0 0 0 0 0 0 0 0 0 0 -999
P10457 2091 7 0 0 0 0 0 0 0 0 0 0 0 0 0 0 0 0 0 0 0 0 0 0 0 0 0 0 0 0 0 0 0
P10457 2091 8 0 0 0 0 0 0 0 0 0 0 0 0 0 0 0 0 0 0 0 0 0 0 0 0 0 0 0 0 0 0 0
P10457 2091 9 0 0 0 0 0 0 0 0 0 0 0 0 0 0 0 0 0 0 8 0 35 28 15 7 14 20 0 0 0 0 -999
P10457 2091 10 0 0 0 0 0 0 0 0 0 38 9 0 0 0 0 0 0 0 0 0 0 0 10 0 6 3 0 8 44 11 11
P10457 2091 11 24 26 28 42 19 30 53 45 33 12 45 42 37 35 1 1 6 35 9 19 12 2 5 0 0 0 0 10 7 0 -999
P10457 2091 12 0 0 0 1 0 0 0 1 3 4 0 0 92 72 31 37 3 19 26 49 61 17 0 0 0 0 0 0 0 0 0
P10457 2092 1 2 0 2 0 27 36 0 35 0 24 6 38 55 8 9 1 0 0 0 0 0 0 4 3 2 24 1 0 1 2 0
P10457 2092 2 0 1 4 15 79 76 21 4 3 3 0 0 0 0 0 0 0 0 9 8 15 19 6 5 0 0 1 1 -999 -999 -999
P10457 2092 3 3 0 0 0 0 0 0 0 0 0 0 0 0 0 0 13 26 60 43 6 24 1 0 0 0 0 0 0 0 0 0
P10457 2092 4 0 0 0 0 0 0 12 4 11 8 0 0 0 0 0 11 0 0 0 0 11 0 0 0 0 19 0 0 0 0 -999
P10457 2092 5 0 0 0 0 0 0 0 0 0 3 4 0 0 0 0 0 0 0 0 0 0 0 0 0 0 0 0 0 0 0 0
P10457 2092 6 0 0 0 0 0 0 0 0 0 0 0 0 0 0 0 0 0 0 0 0 0 0 0 0 0 0 0 0 0 0 -999
P10457 2092 7 0 0 0 0 0 0 0 0 0 0 0 0 0 0 0 0 0 0 0 0 0 0 0 0 0 0 0 0 0 0 0
P10457 2092 8 0 0 0 0 0 0 0 0 0 0 0 0 0 0 0 0 0 0 0 0 0 0 0 0 0 0 0 0 0 23 0
P10457 2092 9 0 0 0 0 0 0 0 0 0 0 0 0 0 0 0 0 0 0 0 0 10 11 0 0 0 0 0 0 0 32 -999
P10457 2092 10 92 0 8 0 0 0 0 0 0 0 0 0 0 0 3 0 3 0 27 7 0 0 0 0 0 0 0 0 0 0 0
P10457 2092 11 0 0 0 0 8 5 7 17 13 0 19 0 32 5 2 6 0 0 0 0 0 0 0 3 4 5 0 0 0 0 -999
P10457 2092 12 0 0 0 2 3 4 9 12 3 2 0 0 3 0 0 0 0 0 0 0 0 0 0 0 0 8 83 26 8 2 0
P10457 2093 1 0 0 1 2 34 7 6 36 50 22 3 9 17 1 4 4 0 0 0 0 0 0 0 0 0 0 0 2 3 0 1
P10457 2093 2 1 1 0 2 5 7 6 56 93 128 38 2 3 0 0 0 0 0 178 46 0 51 19 8 0 7 0 0 -999 -999 -999
P10457 2093 3 9 3 21 25 13 1 0 26 31 38 45 22 29 6 89 35 7 5 40 60 44 18 5 36 17 2 4 0 26 34 18
P10457 2093 4 3 0 0 0 0 8 2 8 17 13 4 7 0 0 0 0 0 0 10 0 0 0 33 5 0 0 0 0 0 2 -999
P10457 2093 5 0 10 8 27 31 28 26 20 13 55 38 0 0 0 0 0 0 0 0 0 0 0 0 0 0 0 0 0 0 0 0
P10457 2093 6 0 0 0 0 0 0 0 0 0 0 0 21 12 11 0 0 0 0 0 0 0 0 0 0 0 0 0 0 0 0 -999
P10457 2093 7 0 0 0 0 0 0 0 0 0 0 0 0 0 0 0 0 0 0 0 0 0 0 0 0 0 0 0 0 0 0 0
P10457 2093 8 0 0 0 0 0 0 0 0 0 0 0 0 0 0 0 0 0 0 0 0 0 0 0 0 0 0 0 20 0 0 0
P10457 2093 9 0 0 0 0 0 0 0 0 0 0 0 0 0 0 0 0 0 0 0 0 0 0 0 0 0 0 0 0 0 0 -999
P10457 2093 10 0 0 0 0 0 0 0 0 10 11 0 0 0 0 0 0 0 0 0 0 0 0 0 0 0 3 2 0 0 0 4
P10457 2093 11 2 3 9 38 18 6 3 16 36 0 0 0 36 0 0 0 8 2 17 3 0 0 0 45 9 33 4 10 5 0 -999
P10457 2093 12 0 0 0 9 0 6 5 2 8 5 4 9 2 0 0 0 0 0 0 0 0 0 0 0 0 0 3 21 49 20 5
P10457 2094 1 2 0 0 4 33 103 82 13 0 0 0 0 0 0 0 0 0 1 1 0 1 0 3 0 0 0 0 0 0 0 5
P10457 2094 2 2 0 0 0 15 3 3 2 0 0 0 0 0 3 8 6 0 0 4 2 7 0 3 25 4 6 98 43 -999 -999 -999
P10457 2094 3 29 37 15 16 43 147 41 129 66 41 9 5 35 10 2 0 0 0 0 0 0 0 0 0 0 0 0 0 0 0 0
P10457 2094 4 0 0 0 38 18 12 19 21 9 26 3 34 10 2 12 11 2 5 5 7 0 0 8 4 47 36 2 1 0 0 -999
P10457 2094 5 0 6 0 0 0 0 3 0 0 0 0 0 0 0 0 0 0 0 0 0 0 0 0 0 0 0 0 0 0 0 0
P10457 2094 6 0 0 0 0 0 0 17 28 24 18 0 0 9 0 0 0 0 0 0 0 0 0 0 0 0 0 0 0 0 0 -999
P10457 2094 7 0 0 0 0 0 0 0 0 0 0 0 0 0 0 0 0 0 0 0 0 0 0 35 0 0 0 0 0 0 0 0
P10457 2094 8 0 0 0 0 0 0 0 0 0 0 0 0 0 0 0 0 0 0 0 0 0 0 0 0 0 0 0 0 0 0 0
P10457 2094 9 0 0 0 0 0 0 0 0 0 0 0 0 0 0 0 0 0 0 0 0 0 0 0 0 0 0 0 0 0 0 -999
P10457 2094 10 33 41 42 37 41 6 0 0 0 0 0 0 0 0 0 0 0 0 0 0 0 0 0 0 0 0 27 16 5 3 0
P10457 2094 11 0 0 0 0 0 8 20 7 3 0 0 5 34 6 12 6 0 0 0 0 0 0 0 0 0 23 111 68 14 0 -999
P10457 2094 12 0 0 0 0 72 74 40 10 13 22 47 8 0 7 81 5 13 14 0 0 0 0 0 0 4 18 78 20 17 5 12
P10457 2095 1 94 4 77 5 8 13 9 6 3 7 18 8 8 7 11 3 43 11 53 47 49 50 27 46 102 25 50 63 2 14 58
P10457 2095 2 7 5 0 66 30 3 11 4 1 1 0 0 51 43 5 11 7 6 8 0 0 0 0 0 0 0 0 0 -999 -999 -999
P10457 2095 3 0 0 0 0 0 0 0 0 0 0 7 19 24 3 11 7 10 53 39 37 3 3 0 0 0 8 0 0 0 0 0
P10457 2095 4 29 10 2 2 0 38 31 62 11 19 6 7 0 0 0 0 0 0 0 0 0 0 0 0 0 0 0 0 0 0 -999
P10457 2095 5 11 0 0 0 0 0 0 0 0 0 17 4 0 0 0 0 0 0 0 0 0 0 0 0 0 0 0 0 0 0 0
P10457 2095 6 0 0 0 0 0 0 0 0 0 0 0 0 0 0 0 0 0 0 0 0 0 0 0 0 0 0 0 10 0 0 -999
P10457 2095 7 0 0 0 0 0 0 0 0 0 0 0 0 0 0 0 0 0 0 0 0 0 0 0 0 0 0 0 0 0 0 0
P10457 2095 8 0 0 0 0 0 0 0 0 0 0 0 0 0 0 0 0 0 0 0 0 0 0 0 0 0 0 0 0 0 0 0
P10457 2095 9 0 0 0 0 0 0 0 0 0 0 0 0 0 0 0 0 0 0 0 0 0 0 0 0 0 0 0 0 0 0 -999
P10457 2095 10 0 0 0 0 0 0 0 0 4 9 10 2 2 9 0 0 9 2 0 0 0 0 0 2 3 0 2 8 32 20 9
P10457 2095 11 4 5 9 21 4 0 6 52 45 11 47 38 5 8 0 0 0 7 3 2 0 0 0 3 6 6 7 7 4 5 -999
P10457 2095 12 1 0 0 0 0 7 6 0 5 1 0 0 0 0 0 2 1 1 2 2 0 0 0 2 3 0 0 0 0 0 1
P10457 2096 1 0 0 0 7 0 7 28 27 7 10 6 2 0 0 4 5 0 0 0 0 3 0 0 0 0 0 5 8 4 2 0
P10457 2096 2 0 0 0 2 0 0 2 8 7 11 12 1 1 2 3 3 3 0 1 1 0 0 0 8 4 6 0 7 -999 -999 -999
P10457 2096 3 0 6 47 8 0 0 6 10 7 0 0 7 17 21 2 0 0 0 0 0 0 0 0 0 0 8 6 2 2 13 10
P10457 2096 4 0 0 0 0 0 15 13 45 44 55 38 85 42 41 32 14 13 27 38 32 17 16 0 0 0 0 0 0 17 0 -999
P10457 2096 5 0 0 0 0 0 0 0 0 0 0 0 0 0 0 0 0 0 0 0 0 0 0 0 0 0 0 0 0 18 47 39
P10457 2096 6 42 27 12 0 0 0 0 0 0 0 0 10 0 0 0 0 0 0 0 0 0 0 0 0 0 0 0 0 0 0 -999
P10457 2096 7 0 0 0 0 0 0 0 0 0 0 0 0 0 0 0 0 0 0 0 0 0 0 0 0 0 0 0 0 0 0 0
P10457 2096 8 0 0 0 0 0 0 0 0 0 0 0 0 0 0 0 0 0 0 0 0 0 0 0 0 0 0 0 0 0 0 0
P10457 2096 9 0 0 0 0 0 0 0 7 0 0 0 0 0 0 0 0 0 0 0 0 0 0 0 0 0 0 0 0 0 0 -999
P10457 2096 10 0 0 0 0 0 0 0 0 0 36 44 39 2 0 0 0 69 139 72 54 41 4 0 6 6 0 0 6 25 44 37
P10457 2096 11 35 43 40 35 39 30 11 16 56 54 42 5 29 28 144 41 53 43 9 3 2 5 8 0 7 5 3 4 9 1 -999
P10457 2096 12 0 0 0 0 0 3 0 0 0 0 0 0 0 0 4 0 0 1 0 0 1 0 0 8 7 26 47 0 64 50 45
P10457 2097 1 22 8 4 3 2 4 27 53 7 7 3 7 4 0 23 96 34 4 45 18 2 0 2 5 0 3 0 9 16 3 4
P10457 2097 2 6 8 1 0 4 3 0 5 0 5 4 12 16 0 0 0 0 0 0 0 18 0 0 0 0 0 0 0 -999 -999 -999
P10457 2097 3 0 0 0 8 11 2 0 0 0 0 0 0 0 4 22 3 3 0 122 69 40 0 0 27 17 10 18 9 0 5 0
P10457 2097 4 44 0 0 0 0 0 0 0 5 3 0 0 0 0 0 0 0 23 31 14 34 37 43 24 30 30 43 4 4 5 -999
P10457 2097 5 0 0 0 0 0 70 15 0 0 0 0 0 0 0 0 0 0 0 0 0 0 0 0 0 0 0 0 0 0 0 0
P10457 2097 6 0 0 0 0 0 0 0 0 0 0 0 53 58 0 0 0 0 0 0 0 0 0 0 0 0 0 0 0 0 0 -999
P10457 2097 7 0 0 0 0 0 0 0 0 0 0 0 0 0 0 0 0 0 0 0 0 0 0 0 0 0 0 0 0 0 0 0
P10457 2097 8 0 0 0 0 0 0 0 0 0 0 0 0 0 0 0 0 0 0 0 0 0 0 0 0 0 0 0 0 0 0 0
P10457 2097 9 0 0 0 0 0 0 0 0 0 0 0 0 0 0 0 0 0 0 0 0 0 0 0 0 0 0 0 0 0 0 -999
P10457 2097 10 0 42 38 24 22 0 0 0 0 0 0 0 0 0 0 0 25 44 62 78 15 4 35 29 5 3 6 0 0 41 44
P10457 2097 11 9 11 5 18 10 0 0 4 3 11 14 11 133 34 14 6 0 0 0 0 43 95 11 0 0 0 0 0 0 0 -999
P10457 2097 12 0 2 36 19 10 20 14 8 0 0 0 0 0 0 101 44 31 6 7 1 2 10 2 2 5 4 17 5 0 0 0
P10457 2098 1 0 8 2 1 5 15 2 4 1 10 8 0 0 3 1 1 0 0 3 1 17 3 3 3 0 0 0 3 0 0 0
P10457 2098 2 5 10 117 37 64 38 82 43 40 60 13 14 28 4 5 4 4 0 3 17 9 0 0 0 16 30 27 3 -999 -999 -999
P10457 2098 3 7 6 1 2 2 2 4 1 0 0 0 0 0 0 0 0 0 0 32 34 28 6 0 0 0 0 0 0 0 0 0
P10457 2098 4 0 0 0 0 0 0 0 0 12 5 7 2 1 1 0 0 0 0 0 0 26 0 0 0 0 0 17 0 0 0 -999
P10457 2098 5 0 0 0 0 0 0 0 0 0 0 0 0 0 0 0 17 18 14 0 0 0 0 0 0 0 0 0 0 0 0 0
P10457 2098 6 0 0 0 0 0 0 0 0 0 0 0 0 0 33 40 15 0 0 0 0 9 10 10 10 0 0 0 0 0 0 -999
P10457 2098 7 0 0 0 0 0 0 0 0 0 0 0 0 0 0 0 0 0 0 0 0 0 0 0 0 0 0 0 0 0 0 0
P10457 2098 8 0 0 0 0 0 0 0 0 0 0 0 0 0 0 0 0 0 0 0 0 0 0 0 0 0 0 0 0 0 0 0
P10457 2098 9 0 0 0 0 0 0 0 0 0 0 0 0 0 0 0 0 0 35 30 28 0 0 0 0 11 6 7 0 0 0 -999
P10457 2098 10 0 0 0 12 10 11 0 0 0 0 0 0 0 0 0 0 0 14 0 17 0 0 0 0 4 2 4 30 3 35 34
P10457 2098 11 106 42 10 15 9 12 4 6 3 101 45 4 2 0 0 29 52 30 4 3 6 22 15 0 0 0 5 4 18 34 -999
P10457 2098 12 9 13 6 27 43 12 10 0 12 0 0 0 1 0 0 0 3 11 7 2 13 21 42 16 17 5 0 2 1 1 2
P10457 2099 1 0 0 1 0 0 0 0 0 0 0 1 1 0 0 1 4 3 0 1 0 0 0 0 0 4 0 0 0 0 0 0
P10457 2099 2 2 13 38 8 2 1 3 0 0 0 0 0 0 0 0 0 0 0 2 4 2 2 1 1 3 0 3 0 -999 -999 -999
P10457 2099 3 0 0 3 0 9 34 42 43 44 152 83 35 2 0 0 0 0 0 0 0 0 0 28 1 5 3 0 0 0 0 0
P10457 2099 4 0 5 3 0 4 0 0 0 0 0 7 6 16 36 27 2 0 0 0 0 0 0 0 0 12 4 0 0 0 2 -999
P10457 2099 5 0 0 0 0 9 0 0 0 0 0 0 0 0 13 0 0 0 0 0 0 0 0 0 0 0 0 0 0 0 0 0
P10457 2099 6 0 0 0 0 0 0 0 0 0 0 0 0 0 0 0 0 0 0 25 28 17 0 0 0 0 0 0 0 0 0 -999
P10457 2099 7 0 0 0 0 0 0 0 0 0 0 0 0 0 0 0 0 0 0 0 0 0 0 0 0 0 0 0 0 0 0 0
P10457 2099 8 0 0 0 0 0 0 0 0 0 0 0 0 0 0 0 0 0 0 0 0 0 0 0 0 0 0 0 0 0 11 0
P10457 2099 9 0 0 0 0 0 0 0 0 0 8 0 0 0 0 0 0 0 0 0 0 0 0 0 0 0 0 0 0 0 0 -999
P10457 2099 10 0 0 0 0 0 0 0 0 0 0 0 0 0 11 34 0 0 0 0 0 0 0 0 0 0 0 0 0 0 0 58
P10457 2099 11 37 33 28 0 17 20 20 5 5 12 22 47 44 9 21 24 73 149 144 71 54 6 0 0 0 0 0 0 0 10 -999
P10457 2099 12 12 4 3 1 3 5 4 0 9 0 0 0 0 3 0 0 3 4 3 4 19 29 9 4 0 0 15 26 22 13 86
P10457 2100 1 11 0 0 0 1 0 0 0 0 0 0 37 32 5 0 25 5 0 0 0 0 2 5 1 0 2 2 0 0 0 0
P10457 2100 2 0 0 0 2 0 1 2 0 0 0 3 0 0 0 0 0 0 0 4 1 0 0 0 0 0 0 0 0 -999 -999 -999
P10457 2100 3 0 0 0 0 0 41 3 8 0 30 0 0 8 0 0 0 0 0 19 0 0 0 0 0 0 0 0 17 0 0 38
P10457 2100 4 3 0 2 0 0 0 0 0 14 0 4 1 1 0 0 0 24 0 0 0 0 17 11 3 0 0 0 0 0 0 -999
P10457 2100 5 0 0 0 0 31 0 5 0 0 61 21 59 21 0 0 6 6 1 0 0 0 0 30 28 8 2 0 0 0 0 0
P10457 2100 6 0 47 0 0 2 2 3 0 0 0 0 0 0 0 0 0 0 0 0 0 0 0 28 0 0 0 44 0 8 0 -999
P10457 2100 7 17 0 0 0 0 0 0 0 0 0 0 0 0 0 0 0 0 0 0 0 3 22 0 0 0 0 0 0 0 0 0
P10457 2100 8 17 12 0 0 0 0 0 0 0 0 0 0 0 0 0 0 0 0 0 0 0 0 0 0 0 0 0 0 0 0 0
P10457 2100 9 0 0 0 0 0 33 10 0 0 0 0 0 0 0 0 0 0 2 0 6 0 0 0 0 0 0 0 7 7 0 -999
P10457 2100 10 10 0 4 1 0 17 10 10 3 3 9 20 0 0 6 5 10 0 10 0 9 0 3 41 30 7 0 0 42 39 3
P10457 2100 11 14 9 0 0 7 9 2 0 0 0 0 43 43 9 9 0 0 0 0 0 0 0 0 0 0 5 0 0 0 0 -999
P10457 2100 12 0 0 0 0 2 0 0 0 0 0 1 0 0 5 0 10 0 0 35 1 0 29 0 5 0 37 12 36 16 0 -999
