precip bcc-csm1-1 rcp60 RNEURONALES decimas 2
P8150 39.889 -4.371 497 geo 2006 2100 -1
P8150 2006 1 0 0 0 0 2 0 0 4 3 19 73 83 14 25 19 7 2 3 0 0 2 2 5 2 10 2 2 3 0 0 0
P8150 2006 2 0 0 2 12 40 21 21 10 52 102 73 113 39 22 10 21 6 0 0 0 25 9 37 13 20 3 0 4 -999 -999 -999
P8150 2006 3 0 8 14 0 0 9 3 0 26 15 27 9 21 18 12 13 27 0 0 0 0 0 0 0 0 0 0 2 3 4 5
P8150 2006 4 7 36 0 0 8 9 9 34 38 34 20 22 11 2 7 0 0 15 13 0 0 5 16 1 0 36 0 0 0 0 -999
P8150 2006 5 0 3 0 19 30 10 8 8 9 31 14 3 5 3 0 13 6 2 7 12 8 7 15 0 0 0 14 44 37 26 6
P8150 2006 6 8 1 24 25 36 16 29 9 0 0 0 0 0 0 0 0 0 0 0 0 0 0 0 0 0 0 0 0 0 0 -999
P8150 2006 7 0 0 0 0 0 22 0 0 0 0 0 0 0 0 0 0 0 0 0 0 0 0 0 0 0 0 0 0 0 0 0
P8150 2006 8 0 0 0 0 0 0 0 0 0 0 0 0 0 0 0 0 0 0 0 0 0 0 0 0 0 0 0 0 0 0 0
P8150 2006 9 0 0 0 0 0 0 0 0 0 0 0 0 0 36 19 27 0 10 0 0 0 0 0 0 0 0 0 0 0 0 -999
P8150 2006 10 13 2 3 50 6 0 0 0 0 0 0 0 0 0 0 0 0 0 0 0 0 0 0 0 0 0 11 4 0 0 0
P8150 2006 11 0 0 0 0 26 19 29 6 0 0 0 0 0 0 7 0 0 0 2 0 0 0 0 0 0 0 0 0 0 0 -999
P8150 2006 12 0 0 13 0 2 3 0 0 0 0 0 0 0 0 0 0 0 0 0 0 1 39 100 10 84 12 43 48 13 1 0
P8150 2007 1 0 0 0 0 0 0 0 0 0 2 0 2 0 0 0 0 3 6 2 9 15 1 7 19 14 42 46 10 36 15 5
P8150 2007 2 0 0 9 16 66 79 59 33 2 8 2 16 38 122 32 23 0 0 24 2 0 0 2 2 4 6 0 0 -999 -999 -999
P8150 2007 3 35 2 0 0 0 0 0 0 0 0 0 6 9 29 0 0 6 10 1 0 0 10 6 22 3 0 0 20 14 0 0
P8150 2007 4 0 0 7 14 13 13 14 3 0 0 0 0 15 3 13 14 2 8 12 4 12 39 21 22 33 41 3 3 12 7 -999
P8150 2007 5 3 2 5 19 7 6 6 12 4 3 4 17 19 17 10 6 8 5 0 1 0 0 0 0 0 0 0 0 0 0 0
P8150 2007 6 0 0 0 0 0 0 0 13 0 0 0 0 0 0 0 0 0 0 0 0 0 0 0 0 0 0 0 0 0 0 -999
P8150 2007 7 0 0 0 0 0 0 0 0 0 0 0 0 0 0 0 0 0 0 0 0 0 0 0 0 0 0 0 0 0 0 0
P8150 2007 8 0 0 0 0 0 0 0 0 0 0 0 0 0 0 0 0 0 0 0 0 0 0 0 54 23 0 7 0 1 0 0
P8150 2007 9 0 0 0 0 0 0 0 0 0 0 0 0 0 0 0 0 0 0 0 0 0 0 0 0 0 0 0 0 0 0 -999
P8150 2007 10 0 64 22 0 0 0 6 9 7 17 8 2 41 59 15 3 42 21 18 2 1 0 0 5 13 36 43 30 6 72 19
P8150 2007 11 0 0 0 0 0 0 0 1 0 22 4 0 0 0 3 0 0 2 2 49 3 97 76 56 122 9 6 11 21 4 -999
P8150 2007 12 4 0 0 0 0 0 0 5 37 45 8 2 2 2 2 33 54 29 26 57 43 4 39 3 5 3 10 8 31 9 33
P8150 2008 1 25 41 89 44 23 136 101 6 3 3 6 84 9 2 1 48 69 69 10 0 0 0 0 0 0 0 0 3 0 0 0
P8150 2008 2 0 0 0 0 0 0 0 0 0 0 0 0 0 0 0 0 0 0 7 86 12 9 10 23 1 0 0 0 -999 -999 -999
P8150 2008 3 0 1 2 0 0 0 0 1 0 0 0 0 12 28 28 29 6 9 3 21 1 0 12 16 9 53 9 0 3 26 6
P8150 2008 4 7 0 13 5 13 8 88 49 22 19 23 24 34 6 0 0 0 6 7 0 0 0 1 3 2 7 2 0 6 0 -999
P8150 2008 5 0 0 6 8 18 12 7 7 8 23 29 5 3 0 0 0 13 2 0 16 0 0 0 0 0 0 0 0 0 0 0
P8150 2008 6 0 0 0 0 0 0 0 0 0 0 0 0 0 0 0 0 0 0 0 0 0 0 0 0 0 0 2 0 0 0 -999
P8150 2008 7 0 10 0 29 60 16 59 0 0 0 0 0 0 0 0 0 0 0 0 0 0 0 0 0 0 0 0 0 0 0 0
P8150 2008 8 0 0 0 0 0 0 0 0 0 0 0 0 0 0 0 0 0 0 0 0 0 0 0 0 0 0 0 0 0 0 0
P8150 2008 9 0 0 0 0 0 0 0 0 0 0 0 0 0 0 0 0 0 0 0 0 0 0 0 0 0 0 0 0 0 0 -999
P8150 2008 10 1 6 9 7 14 8 0 0 0 6 45 3 25 36 52 21 25 2 0 12 8 51 30 10 12 8 0 3 12 2 4
P8150 2008 11 0 3 0 3 3 8 7 6 11 2 2 0 0 7 73 66 30 34 111 5 2 38 5 5 0 3 3 0 0 8 -999
P8150 2008 12 71 20 5 6 0 2 10 80 5 0 0 3 12 100 21 25 1 0 0 2 6 4 6 4 1 0 0 0 0 0 3
P8150 2009 1 1 0 0 0 3 2 5 2 2 3 26 7 27 4 1 2 2 32 39 10 18 26 53 13 3 1 0 1 5 21 2
P8150 2009 2 2 1 0 0 34 45 19 4 36 10 27 17 6 0 0 0 42 45 17 39 52 21 79 49 134 96 39 108 -999 -999 -999
P8150 2009 3 71 76 115 31 4 107 29 7 2 10 3 0 0 0 0 0 0 7 6 10 3 0 0 0 13 18 6 5 1 1 0
P8150 2009 4 0 0 0 0 0 0 13 0 0 0 9 2 3 6 2 0 0 0 0 18 2 0 0 0 0 0 0 0 0 0 -999
P8150 2009 5 0 0 0 0 0 0 0 0 0 0 0 0 0 0 0 0 0 0 0 0 0 0 0 0 0 0 0 0 0 0 0
P8150 2009 6 0 0 0 9 0 0 0 19 18 16 50 51 17 7 5 6 6 11 5 1 0 0 0 0 0 0 0 0 0 0 -999
P8150 2009 7 0 0 0 0 0 0 0 0 0 0 0 0 0 0 0 0 0 0 0 0 0 0 0 0 0 0 0 0 0 0 0
P8150 2009 8 0 0 0 0 0 0 0 0 0 0 0 0 0 0 0 0 0 0 0 0 0 0 0 0 0 0 0 0 0 0 0
P8150 2009 9 0 0 0 0 0 0 0 0 0 0 0 0 0 0 0 0 0 0 0 0 0 0 0 0 0 0 0 0 0 0 -999
P8150 2009 10 0 29 23 39 52 39 17 2 0 0 0 0 0 0 0 0 0 0 0 0 2 1 1 0 5 0 3 0 0 0 0
P8150 2009 11 0 5 7 0 7 0 0 0 16 20 70 17 4 0 0 0 0 0 0 0 0 0 4 0 0 0 0 0 0 0 -999
P8150 2009 12 0 0 3 4 3 4 10 3 0 23 40 11 3 0 29 39 38 1 0 0 0 0 0 6 17 115 65 98 61 24 80
P8150 2010 1 3 5 2 0 4 0 16 12 0 0 8 0 0 0 19 2 4 28 26 4 2 0 0 0 0 4 0 0 0 0 0
P8150 2010 2 0 0 0 0 0 0 0 0 0 1 1 2 4 0 0 2 2 0 1 0 19 8 0 0 0 0 0 3 -999 -999 -999
P8150 2010 3 0 0 0 0 0 2 27 12 73 6 2 0 0 0 0 0 0 0 5 10 56 10 9 1 2 1 2 3 0 0 3
P8150 2010 4 39 48 23 8 16 10 40 24 8 0 0 58 16 0 0 0 0 0 0 0 0 0 0 6 0 0 0 0 0 0 -999
P8150 2010 5 0 0 0 0 0 0 0 0 0 0 0 0 0 0 0 0 0 0 0 0 0 0 0 0 0 0 0 0 0 7 0
P8150 2010 6 0 0 0 0 0 0 0 0 0 0 0 0 0 74 43 7 4 0 0 0 0 0 0 0 0 0 0 0 0 0 -999
P8150 2010 7 0 0 0 0 0 0 0 0 0 0 0 0 0 0 0 0 0 0 0 0 0 0 0 0 0 0 0 0 0 0 0
P8150 2010 8 0 0 0 0 0 0 0 0 0 0 0 0 0 0 0 0 0 0 0 0 0 0 0 0 0 0 0 0 0 0 0
P8150 2010 9 0 0 0 0 0 0 0 0 0 0 0 0 0 0 0 0 0 0 0 0 0 0 0 0 26 25 0 0 0 0 -999
P8150 2010 10 0 0 0 0 0 0 0 0 0 0 0 0 0 0 0 0 0 0 0 0 0 0 9 0 0 15 23 0 0 0 0
P8150 2010 11 0 0 0 0 0 0 0 0 0 3 21 59 68 18 72 4 26 7 5 0 0 1 1 1 0 0 0 0 0 0 -999
P8150 2010 12 0 0 0 0 0 0 0 5 5 0 0 2 1 1 0 1 2 25 17 17 1 0 0 4 4 0 0 1 0 0 0
P8150 2011 1 0 0 0 0 0 0 0 0 0 0 0 5 0 0 0 0 47 11 12 12 11 0 0 0 0 1 1 0 0 4 6
P8150 2011 2 0 0 0 0 0 0 0 0 4 3 2 0 0 0 0 2 1 6 10 10 19 6 3 13 5 3 4 13 -999 -999 -999
P8150 2011 3 3 2 2 5 7 10 107 30 11 5 0 0 0 2 66 36 0 8 10 7 2 3 4 17 3 0 11 10 22 4 35
P8150 2011 4 6 12 3 9 0 0 0 0 0 30 21 3 3 0 0 0 0 0 0 0 0 0 0 1 3 5 1 0 0 0 -999
P8150 2011 5 0 0 0 0 0 0 0 0 0 0 0 0 0 0 0 0 0 0 0 0 0 0 0 0 0 0 0 0 0 0 0
P8150 2011 6 0 0 0 0 0 0 0 0 0 0 0 0 0 0 0 0 0 0 0 0 0 0 0 10 19 3 0 0 0 0 -999
P8150 2011 7 0 0 0 0 0 0 0 0 0 0 0 0 0 0 0 0 0 0 0 0 0 0 0 0 0 0 0 0 0 0 0
P8150 2011 8 0 0 0 0 0 0 0 0 0 0 0 0 0 0 0 0 0 0 0 0 0 0 0 0 0 0 0 0 0 0 0
P8150 2011 9 0 0 0 0 0 0 0 0 0 0 0 0 0 0 0 0 0 1 0 0 0 0 0 0 0 0 0 0 0 0 -999
P8150 2011 10 0 0 0 0 0 0 6 3 0 0 0 0 0 0 0 0 0 0 8 10 13 49 8 3 0 0 0 0 46 26 18
P8150 2011 11 33 58 44 3 3 19 4 26 0 0 0 25 8 4 18 0 0 0 0 12 18 23 20 20 0 6 106 53 73 12 -999
P8150 2011 12 23 5 0 0 0 0 0 0 0 0 2 0 2 2 46 33 20 19 0 0 0 0 0 2 21 34 57 36 12 6 3
P8150 2012 1 10 15 39 28 137 3 0 0 0 4 0 7 4 2 4 4 9 157 11 5 2 7 5 2 0 0 1 1 0 0 1
P8150 2012 2 0 0 0 4 0 0 0 0 0 1 8 29 22 8 11 5 46 5 42 4 3 3 8 25 17 0 2 0 -999 -999 -999
P8150 2012 3 3 0 0 0 0 0 0 0 0 0 0 0 1 2 4 2 4 2 4 2 0 0 0 2 2 7 21 1 0 0 0
P8150 2012 4 0 0 1 0 0 0 0 0 0 0 0 0 0 0 0 0 0 0 0 0 0 0 0 0 0 0 0 0 0 0 -999
P8150 2012 5 0 0 0 0 0 0 0 0 11 17 50 0 71 0 0 0 0 0 0 0 0 0 0 32 21 7 6 15 62 11 0
P8150 2012 6 0 0 0 0 0 3 0 0 0 0 0 0 0 0 0 0 0 0 0 0 0 0 0 0 0 0 0 0 0 0 -999
P8150 2012 7 0 0 0 0 0 0 0 0 0 0 0 0 0 0 0 0 0 0 0 0 0 0 0 0 0 0 0 0 0 0 0
P8150 2012 8 0 0 0 0 0 0 0 0 0 0 0 0 0 0 0 0 0 0 0 0 0 0 0 0 0 0 0 0 0 0 0
P8150 2012 9 0 0 0 0 0 0 0 0 0 0 0 0 0 0 0 0 0 0 0 0 0 0 0 0 0 0 0 0 0 0 -999
P8150 2012 10 0 0 0 0 0 0 0 0 0 0 0 0 0 0 0 0 0 0 0 0 59 36 81 0 2 17 0 4 9 100 60
P8150 2012 11 1 0 0 3 17 23 9 0 0 4 1 3 144 2 0 0 0 0 0 0 0 0 0 0 0 0 0 0 0 3 -999
P8150 2012 12 33 7 0 3 9 0 0 0 0 0 0 0 2 0 0 1 1 8 3 25 1 5 10 8 1 1 0 0 0 0 0
P8150 2013 1 0 0 0 0 0 0 0 0 0 0 0 0 4 2 2 0 0 0 0 1 3 5 11 26 3 2 0 0 0 3 1
P8150 2013 2 1 2 4 2 2 40 11 2 11 3 2 4 0 4 3 8 31 3 2 1 0 22 28 7 20 14 10 3 -999 -999 -999
P8150 2013 3 2 2 1 0 0 0 0 0 0 0 0 6 6 20 35 44 25 40 0 0 0 0 0 0 0 0 0 0 0 0 0
P8150 2013 4 0 16 19 22 12 26 4 2 10 3 0 0 0 0 17 25 18 9 12 16 20 15 0 0 0 0 0 0 0 0 -999
P8150 2013 5 0 0 0 0 0 0 0 0 0 15 15 9 0 0 0 0 0 3 27 35 19 21 7 3 3 0 0 0 0 0 0
P8150 2013 6 0 0 0 0 0 0 0 0 0 0 0 0 0 0 0 0 0 0 0 0 0 0 0 0 0 0 0 0 0 0 -999
P8150 2013 7 0 0 0 0 0 0 0 0 0 0 0 0 0 0 0 0 0 0 0 0 0 0 0 0 0 0 0 0 0 0 0
P8150 2013 8 0 0 0 0 0 0 0 0 0 0 0 0 0 0 0 0 0 0 0 0 0 0 0 0 0 0 0 0 0 0 0
P8150 2013 9 0 0 0 0 0 0 0 0 0 0 0 0 0 0 0 0 0 0 0 0 0 0 0 0 0 0 0 0 0 0 -999
P8150 2013 10 0 0 0 0 0 0 4 3 22 39 31 5 62 31 7 41 1 18 4 3 2 0 45 1 0 0 0 0 0 0 0
P8150 2013 11 0 0 0 0 0 0 0 0 0 0 0 0 4 5 69 4 16 12 0 0 0 0 0 4 12 21 24 21 4 0 -999
P8150 2013 12 9 19 77 40 9 2 2 0 0 0 2 2 0 0 0 19 44 11 0 0 0 0 2 0 0 0 0 2 5 4 8
P8150 2014 1 35 140 6 1 1 0 3 2 50 6 29 16 41 5 0 0 0 5 0 4 22 6 23 18 112 89 37 33 22 18 9
P8150 2014 2 52 4 2 17 15 3 4 10 7 10 0 0 0 0 0 0 0 0 2 2 2 2 0 0 0 0 0 0 -999 -999 -999
P8150 2014 3 0 0 0 0 0 0 0 0 0 0 0 0 0 0 24 2 0 0 0 0 10 29 2 2 7 5 0 0 0 0 17
P8150 2014 4 3 0 8 0 0 0 0 4 25 63 20 7 1 0 0 0 0 0 0 0 0 0 0 0 0 0 0 12 14 9 -999
P8150 2014 5 9 14 0 0 0 4 2 16 0 0 3 15 10 5 7 5 9 12 0 0 0 0 0 0 0 0 0 0 0 22 27
P8150 2014 6 53 10 1 0 0 0 0 0 0 0 0 0 0 0 0 0 0 0 0 0 0 0 0 0 0 0 0 0 0 0 -999
P8150 2014 7 0 0 0 0 0 0 0 0 0 0 0 0 0 0 0 0 0 0 0 0 0 0 0 0 0 0 0 0 0 0 0
P8150 2014 8 0 0 0 0 0 0 0 0 0 0 0 0 0 0 0 0 0 0 0 0 0 0 0 0 0 0 0 0 0 0 0
P8150 2014 9 0 0 0 0 0 0 0 0 0 0 0 0 0 0 0 0 0 0 0 0 0 0 0 0 0 0 0 0 0 0 -999
P8150 2014 10 0 0 0 0 0 0 0 0 0 0 0 0 0 0 0 0 0 0 0 0 6 14 3 0 0 21 5 0 0 0 0
P8150 2014 11 0 24 0 0 0 17 2 2 0 0 0 33 1 0 0 0 0 19 15 55 37 1 0 1 4 26 9 4 5 31 -999
P8150 2014 12 5 0 0 0 0 0 0 0 0 1 3 3 4 6 26 6 26 46 2 61 51 105 95 49 5 23 22 0 0 0 0
P8150 2015 1 0 0 0 0 0 0 0 0 0 0 0 0 0 0 0 0 0 1 3 1 0 2 1 1 73 60 3 2 2 40 2
P8150 2015 2 1 2 0 1 1 0 0 2 28 2 3 19 44 36 42 74 75 33 38 14 25 74 20 4 0 0 4 4 -999 -999 -999
P8150 2015 3 0 0 19 0 32 0 0 0 0 0 0 9 18 17 17 14 16 38 48 30 13 69 0 0 0 0 0 0 0 0 4
P8150 2015 4 0 0 0 0 8 9 0 0 3 20 27 18 11 19 31 19 1 7 25 36 21 26 2 62 28 0 0 0 0 0 -999
P8150 2015 5 0 0 3 7 18 3 2 0 0 0 0 0 0 0 0 0 0 0 0 0 0 0 0 0 0 0 0 0 0 0 0
P8150 2015 6 0 0 0 0 5 5 0 0 0 0 0 0 0 0 0 0 0 0 0 0 0 0 0 0 0 0 0 0 0 0 -999
P8150 2015 7 0 0 0 0 0 0 0 0 0 0 0 0 0 0 0 0 0 0 0 0 0 0 0 0 0 0 0 0 0 0 0
P8150 2015 8 0 0 0 0 0 0 0 0 0 0 0 0 0 0 0 0 0 0 0 0 0 0 0 0 0 0 0 0 0 0 0
P8150 2015 9 0 0 0 0 0 0 0 0 0 0 0 0 0 0 0 3 14 71 10 0 0 0 0 0 8 9 0 0 0 0 -999
P8150 2015 10 0 0 0 0 0 0 0 0 16 16 5 18 0 0 0 0 6 45 42 1 2 5 5 0 0 1 0 0 0 0 0
P8150 2015 11 0 0 0 0 7 0 0 7 5 0 0 0 0 3 2 0 0 0 0 0 0 0 0 0 0 0 0 0 6 0 -999
P8150 2015 12 0 0 0 0 0 0 0 0 0 0 0 4 4 15 5 0 0 0 19 18 23 80 3 4 32 1 25 116 26 46 25
P8150 2016 1 16 8 2 2 12 8 3 5 2 2 39 23 14 26 17 56 5 0 0 62 3 0 0 1 0 0 0 0 0 0 2
P8150 2016 2 2 2 2 0 4 12 1 1 1 0 0 4 5 3 1 0 0 0 0 0 0 0 0 0 0 0 0 0 -999 -999 -999
P8150 2016 3 1 0 0 0 0 0 0 7 5 0 0 0 0 0 0 0 0 5 0 0 0 0 0 0 0 0 0 0 0 18 5
P8150 2016 4 0 0 8 24 53 3 7 8 43 6 9 14 30 4 0 0 19 17 66 13 5 7 19 14 14 0 15 7 0 15 -999
P8150 2016 5 8 11 10 4 6 0 0 0 0 0 0 0 0 0 0 0 0 0 0 0 0 0 0 0 3 0 0 0 0 0 0
P8150 2016 6 0 0 0 0 0 0 0 0 0 0 0 0 0 0 0 0 0 0 0 0 0 0 0 0 0 0 0 9 0 0 -999
P8150 2016 7 0 0 0 0 0 0 0 0 0 0 0 0 0 0 0 0 0 0 0 0 0 0 0 0 0 0 0 0 0 0 0
P8150 2016 8 0 0 0 0 0 0 0 0 0 0 0 0 0 0 0 0 0 0 0 0 0 0 0 0 0 0 0 0 0 0 0
P8150 2016 9 0 0 0 0 0 0 0 0 0 0 0 0 0 0 0 0 0 0 0 0 0 0 0 0 0 0 0 5 0 0 -999
P8150 2016 10 0 0 0 0 0 0 0 9 15 0 0 0 0 0 0 21 4 21 13 7 13 10 14 54 27 84 24 147 2 0 3
P8150 2016 11 0 0 0 28 98 9 71 18 14 11 72 102 121 92 7 82 6 9 26 16 4 0 38 52 60 73 41 29 14 2 -999
P8150 2016 12 0 0 0 0 2 0 0 0 0 0 0 0 1 2 0 0 0 0 0 0 0 0 0 0 0 0 0 0 10 8 0
P8150 2017 1 0 0 46 2 2 1 10 15 7 32 4 0 1 0 3 1 0 0 0 13 6 0 0 0 7 2 10 78 0 0 0
P8150 2017 2 0 7 1 1 7 3 0 9 0 19 11 0 0 14 11 2 2 6 82 64 81 5 8 5 8 2 3 7 -999 -999 -999
P8150 2017 3 2 9 7 7 62 41 3 4 42 16 18 25 12 7 5 6 7 13 35 9 6 81 14 19 11 12 11 21 22 33 76
P8150 2017 4 44 32 3 2 2 2 52 17 9 26 48 26 4 12 55 4 5 5 0 0 16 20 0 1 3 27 3 2 2 2 -999
P8150 2017 5 6 15 9 5 5 4 69 6 8 6 0 0 0 29 0 0 0 0 0 0 0 10 25 54 8 0 0 0 0 0 0
P8150 2017 6 0 0 0 0 0 0 0 5 0 0 0 0 0 0 0 0 0 0 0 0 0 0 0 0 0 0 0 0 0 0 -999
P8150 2017 7 0 0 0 0 0 0 0 0 0 0 0 0 0 0 0 0 0 0 0 0 0 0 0 0 0 0 0 0 0 0 0
P8150 2017 8 0 0 0 0 0 0 0 0 0 0 0 0 0 0 0 0 0 0 0 0 0 0 0 0 0 0 0 0 0 0 0
P8150 2017 9 0 0 0 0 0 0 0 0 0 0 0 0 0 0 0 0 0 0 0 0 0 0 0 0 0 3 0 3 26 39 -999
P8150 2017 10 1 12 2 0 0 0 2 2 2 0 0 0 0 0 0 0 0 0 0 0 3 0 26 13 16 9 1 0 0 0 0
P8150 2017 11 13 2 0 0 5 2 7 7 5 40 39 0 0 0 0 0 3 5 3 2 2 3 2 30 63 6 0 0 14 0 -999
P8150 2017 12 0 0 0 0 0 0 0 0 0 0 3 6 10 22 1 12 28 4 7 15 59 50 10 2 1 3 16 36 89 65 83
P8150 2018 1 0 0 0 0 0 0 0 0 0 0 0 0 0 0 5 0 2 0 0 0 0 0 8 42 39 68 1 0 0 46 6
P8150 2018 2 2 9 37 20 125 69 61 66 1 0 3 37 40 20 0 0 0 0 0 0 0 12 10 6 1 0 2 10 -999 -999 -999
P8150 2018 3 4 0 0 0 9 24 16 0 0 0 19 26 14 2 0 0 0 0 0 27 19 10 15 52 26 41 12 11 24 42 6
P8150 2018 4 19 24 35 19 21 6 0 0 0 7 0 42 35 9 4 71 6 1 0 0 0 0 0 0 5 13 4 7 7 77 -999
P8150 2018 5 55 23 43 36 0 0 0 0 0 0 0 0 0 0 0 7 10 57 21 13 0 0 0 0 0 0 0 0 0 0 0
P8150 2018 6 0 0 0 0 0 15 4 1 0 0 0 0 0 0 0 0 0 0 0 0 0 0 0 0 0 0 0 0 0 0 -999
P8150 2018 7 0 0 0 0 0 0 0 0 0 0 0 0 0 0 0 0 0 0 0 0 0 0 0 0 0 0 0 0 0 0 0
P8150 2018 8 0 0 0 0 0 0 0 0 0 0 0 0 0 0 0 0 0 0 0 0 0 0 0 0 0 0 0 0 0 0 0
P8150 2018 9 0 0 0 0 0 0 0 0 0 0 0 0 0 0 0 0 0 0 0 0 3 5 37 0 0 0 0 0 0 0 -999
P8150 2018 10 0 0 0 0 0 0 0 0 0 0 0 0 0 0 0 0 0 0 29 65 57 0 0 0 37 0 0 0 0 6 39
P8150 2018 11 29 0 10 4 11 0 0 0 0 7 0 0 0 0 0 0 0 0 0 0 0 38 11 24 18 28 59 42 10 2 -999
P8150 2018 12 0 4 0 0 0 0 0 0 0 1 1 0 0 2 0 0 0 0 0 0 0 4 4 47 4 57 26 1 1 0 0
P8150 2019 1 0 0 0 2 2 51 21 35 8 3 9 3 19 4 19 12 0 0 0 2 0 0 0 0 0 0 0 0 0 1 8
P8150 2019 2 0 0 18 7 1 1 1 0 4 5 2 6 3 7 30 7 8 0 0 0 0 0 18 49 31 6 28 48 -999 -999 -999
P8150 2019 3 72 50 19 46 36 48 17 35 21 20 16 17 8 0 0 0 0 0 0 0 0 2 0 0 0 0 10 0 0 12 0
P8150 2019 4 0 0 0 0 0 0 0 0 0 0 0 2 1 0 0 0 0 0 0 0 0 0 0 0 0 0 18 17 14 3 -999
P8150 2019 5 9 0 2 0 0 0 0 0 4 11 0 0 20 4 0 1 0 0 0 0 0 0 0 0 0 0 0 0 0 0 11
P8150 2019 6 0 0 0 0 0 0 0 0 0 0 0 0 0 0 0 0 0 0 0 0 0 0 0 0 0 0 0 0 0 0 -999
P8150 2019 7 0 9 22 0 0 0 0 0 0 0 0 0 0 0 0 0 0 0 0 0 0 0 0 0 0 0 0 0 0 0 0
P8150 2019 8 0 0 0 0 0 0 0 0 0 0 0 0 0 0 0 0 0 0 0 0 0 0 0 0 0 0 0 0 0 0 0
P8150 2019 9 0 0 0 0 0 0 0 0 0 0 0 72 52 0 0 0 0 0 0 0 0 0 0 0 0 0 0 0 0 0 -999
P8150 2019 10 0 0 0 20 18 21 22 0 15 18 0 0 0 0 10 0 0 0 0 0 0 0 0 3 1 4 0 0 0 0 0
P8150 2019 11 1 19 0 12 60 37 13 8 0 0 0 0 7 16 32 6 0 0 0 0 0 0 0 0 5 30 2 9 24 14 -999
P8150 2019 12 1 3 0 0 7 0 10 0 0 0 0 0 1 1 70 16 13 67 9 3 0 50 31 64 46 4 2 0 0 0 0
P8150 2020 1 0 12 124 66 32 52 56 4 1 0 35 11 1 0 0 0 0 0 0 0 0 0 1 0 0 0 0 1 1 2 2
P8150 2020 2 9 6 17 33 3 5 1 1 0 0 0 0 0 64 45 39 5 0 0 6 8 7 35 21 0 0 0 0 -999 -999 -999
P8150 2020 3 0 0 0 0 0 0 0 0 0 0 0 14 47 4 12 11 30 7 0 0 0 10 23 34 40 2 31 1 4 5 8
P8150 2020 4 2 0 7 0 0 0 0 0 5 8 3 11 5 5 0 0 0 0 0 0 5 23 37 34 40 10 0 0 20 0 -999
P8150 2020 5 0 0 0 4 11 0 0 0 0 0 0 0 0 0 0 0 0 0 0 0 0 0 0 17 0 20 57 72 18 10 16
P8150 2020 6 0 0 0 0 0 5 11 7 5 0 0 0 0 0 0 0 0 0 0 0 0 0 0 0 0 0 0 0 0 0 -999
P8150 2020 7 0 0 0 0 0 0 0 0 0 0 0 0 0 0 0 0 0 0 0 0 0 0 0 0 0 0 0 0 0 0 0
P8150 2020 8 0 0 0 0 0 0 0 0 0 0 0 0 0 0 0 0 0 0 0 0 0 0 0 0 0 0 0 0 0 0 0
P8150 2020 9 0 0 0 0 0 0 0 0 0 0 0 0 0 0 45 0 0 0 22 15 1 0 0 0 0 0 0 0 0 0 -999
P8150 2020 10 0 0 0 6 0 0 0 0 0 0 6 0 0 0 0 0 0 0 0 0 0 0 48 33 5 72 22 41 15 1 0
P8150 2020 11 18 0 11 67 17 14 8 4 0 0 0 0 1 0 0 0 8 18 103 118 127 3 4 0 0 0 0 0 0 23 -999
P8150 2020 12 25 21 14 15 3 5 0 1 10 8 10 2 8 1 0 0 0 28 2 43 64 73 101 24 4 3 0 0 0 0 3
P8150 2021 1 0 2 2 1 1 1 0 0 0 0 9 5 4 15 1 2 2 2 5 3 10 11 33 82 58 78 56 45 45 96 37
P8150 2021 2 4 69 36 54 92 24 5 61 1 7 10 7 22 14 2 2 4 0 0 0 0 0 0 9 4 3 33 47 -999 -999 -999
P8150 2021 3 36 49 60 33 20 17 86 15 0 0 3 6 35 23 90 8 75 49 59 14 15 5 25 57 0 0 2 6 13 6 11
P8150 2021 4 37 14 1 34 5 0 0 0 20 49 19 2 0 0 0 14 47 5 3 2 0 0 0 9 3 40 11 9 0 7 -999
P8150 2021 5 1 0 0 1 0 6 12 6 8 5 4 0 0 0 0 0 0 0 0 0 0 0 0 0 0 0 0 7 7 46 12
P8150 2021 6 27 30 4 1 3 2 6 39 5 4 18 7 9 11 11 0 0 0 0 0 0 0 0 0 0 0 0 0 0 0 -999
P8150 2021 7 0 0 0 0 0 0 0 0 0 0 0 0 0 0 0 0 0 0 0 0 0 0 0 0 0 0 0 0 0 0 0
P8150 2021 8 0 0 0 0 0 0 0 0 28 11 0 0 0 0 0 0 0 0 0 0 0 0 0 0 0 0 0 0 0 0 0
P8150 2021 9 0 0 0 0 0 0 0 0 0 0 0 0 0 23 30 2 0 0 0 0 0 0 0 0 34 57 19 0 0 0 -999
P8150 2021 10 8 8 34 3 0 0 0 23 0 0 0 0 18 1 17 0 0 0 31 12 9 2 0 0 8 9 4 0 0 1 18
P8150 2021 11 47 7 10 3 29 21 10 12 1 3 0 0 0 0 0 0 0 0 12 4 4 3 4 0 0 0 0 0 0 0 -999
P8150 2021 12 0 0 0 0 0 0 0 0 0 0 0 2 20 25 41 46 114 107 28 73 85 22 61 28 69 10 68 55 11 19 2
P8150 2022 1 0 0 0 0 0 0 0 0 0 0 0 1 5 2 1 1 0 0 0 0 5 0 0 0 0 0 0 0 0 0 0
P8150 2022 2 0 1 1 1 2 0 0 0 4 10 6 0 0 0 35 9 0 0 0 0 12 3 3 24 3 14 15 114 -999 -999 -999
P8150 2022 3 9 5 3 76 34 31 0 2 0 4 0 0 0 0 0 0 0 0 0 11 25 0 0 11 0 8 0 0 0 1 1
P8150 2022 4 6 5 28 53 10 37 9 7 6 0 0 19 111 0 0 0 0 0 0 0 60 56 3 2 3 5 2 0 0 0 -999
P8150 2022 5 0 0 0 0 0 0 0 0 0 0 0 0 0 0 0 0 0 0 0 0 0 0 0 0 0 0 0 0 0 0 0
P8150 2022 6 0 0 0 0 0 0 0 0 0 0 0 0 0 0 0 0 0 0 0 0 0 0 0 0 0 0 0 0 0 0 -999
P8150 2022 7 0 0 0 0 0 0 0 0 0 0 0 0 0 0 0 0 0 0 0 0 0 0 0 0 0 0 0 0 0 0 0
P8150 2022 8 0 0 0 0 0 0 0 0 0 0 0 0 0 0 0 0 0 0 0 0 0 0 0 0 0 0 0 0 0 0 0
P8150 2022 9 0 0 0 0 0 0 0 0 0 0 0 0 0 0 0 0 0 0 0 0 0 5 7 47 18 2 0 0 0 0 -999
P8150 2022 10 0 0 0 0 1 0 0 0 0 0 0 0 7 4 0 0 0 0 0 24 59 0 0 0 0 0 37 38 0 0 0
P8150 2022 11 14 0 0 7 1 0 0 0 0 0 0 19 36 58 32 13 27 22 8 62 103 97 56 28 2 0 0 0 0 2 -999
P8150 2022 12 2 1 2 1 2 101 27 60 15 1 3 1 0 0 0 0 16 10 9 48 11 14 59 72 93 102 93 40 35 1 3
P8150 2023 1 3 12 16 15 39 41 38 40 18 1 82 7 4 6 1 2 23 21 19 19 3 2 3 1 0 0 0 0 0 0 0
P8150 2023 2 0 0 0 0 0 2 1 0 0 0 0 14 2 12 61 33 87 25 5 133 2 0 0 0 0 0 2 0 -999 -999 -999
P8150 2023 3 0 3 10 0 0 1 0 0 0 0 0 0 0 0 17 9 97 30 7 7 20 15 12 4 0 7 0 1 3 9 0
P8150 2023 4 0 0 0 0 0 0 27 33 11 0 0 0 0 6 48 91 8 1 0 0 2 3 0 0 0 0 0 0 0 0 -999
P8150 2023 5 0 43 27 24 11 23 19 41 30 9 2 1 9 0 0 0 0 0 0 0 0 18 0 3 0 0 0 0 0 0 0
P8150 2023 6 0 0 0 0 0 0 0 0 0 0 0 2 0 0 8 10 0 0 0 0 0 0 0 0 0 0 0 0 0 0 -999
P8150 2023 7 0 0 0 0 0 0 0 0 0 0 0 0 0 0 0 0 0 0 0 0 0 0 0 0 0 0 0 0 0 0 0
P8150 2023 8 0 0 0 0 0 0 0 0 0 0 0 0 0 0 0 0 0 0 0 0 0 0 0 0 0 0 0 0 0 0 0
P8150 2023 9 0 0 0 0 0 0 0 0 0 0 0 0 0 0 0 0 0 0 0 0 0 0 0 0 0 0 0 0 0 7 -999
P8150 2023 10 71 10 0 0 0 0 0 0 0 0 0 0 0 3 5 3 3 7 0 24 0 0 0 0 0 0 4 6 1 6 9
P8150 2023 11 2 0 2 0 0 0 0 0 59 44 32 56 36 0 0 0 0 0 0 0 0 0 0 0 0 0 1 1 0 0 -999
P8150 2023 12 0 19 46 68 0 0 0 0 0 0 0 0 0 0 3 2 5 14 32 39 22 52 4 77 0 0 0 0 0 0 1
P8150 2024 1 2 0 0 0 0 0 0 0 0 0 0 0 0 0 0 0 1 7 27 62 19 56 49 11 2 10 18 44 1 6 5
P8150 2024 2 5 4 0 21 1 0 0 4 69 0 24 48 16 2 3 0 0 0 0 0 0 0 1 0 0 0 0 0 -999 -999 -999
P8150 2024 3 0 0 0 0 0 10 12 0 3 19 44 90 11 47 14 3 14 8 40 9 6 0 0 0 0 3 3 2 2 20 14
P8150 2024 4 12 7 4 3 31 32 29 15 4 55 67 0 0 0 0 0 0 0 0 0 16 57 2 0 0 0 0 0 0 6 -999
P8150 2024 5 4 2 12 9 3 5 12 7 0 0 0 3 7 6 2 0 0 4 0 0 0 0 0 0 0 0 6 14 10 3 0
P8150 2024 6 0 0 0 0 0 0 0 0 0 0 0 15 5 0 0 0 0 0 0 0 0 0 0 0 0 0 0 0 0 0 -999
P8150 2024 7 0 0 0 0 0 0 0 0 0 0 0 0 0 0 0 0 0 0 0 0 0 0 0 0 0 0 0 0 0 0 0
P8150 2024 8 0 0 0 0 0 0 0 0 0 0 0 0 0 0 0 0 0 0 0 0 0 0 0 0 0 0 0 0 0 0 0
P8150 2024 9 0 0 0 0 0 0 0 0 0 0 0 0 0 0 0 0 4 28 0 15 21 40 38 15 0 4 8 3 7 10 -999
P8150 2024 10 0 40 51 1 53 64 2 0 0 0 0 0 0 0 25 0 0 6 0 0 0 0 0 0 0 0 0 0 1 20 38
P8150 2024 11 13 40 112 20 41 8 0 0 0 0 11 19 1 3 43 11 1 0 0 0 0 0 0 0 0 0 0 0 4 20 -999
P8150 2024 12 36 14 30 3 1 3 5 3 19 104 75 32 32 7 14 0 0 8 10 0 3 2 17 6 4 11 5 2 0 0 3
P8150 2025 1 0 0 0 46 33 81 6 24 7 4 2 0 0 4 0 5 4 19 20 1 2 0 0 0 0 0 1 36 19 26 5
P8150 2025 2 7 5 5 6 24 36 56 21 11 3 41 43 0 0 0 7 0 0 0 0 0 0 0 0 0 0 0 0 -999 -999 -999
P8150 2025 3 0 15 12 2 0 0 0 12 29 2 2 0 0 0 0 0 0 0 0 0 0 0 0 0 0 0 3 11 0 0 0
P8150 2025 4 0 0 0 0 2 0 0 0 0 0 0 0 0 0 0 0 0 0 0 0 0 0 0 0 7 0 0 0 2 0 -999
P8150 2025 5 0 0 4 2 1 0 0 0 0 0 0 0 0 6 5 0 0 0 0 0 0 13 0 5 8 12 1 12 77 0 0
P8150 2025 6 0 0 0 0 1 0 0 0 0 0 0 0 0 0 0 0 0 0 0 0 0 0 0 0 0 0 0 0 0 0 -999
P8150 2025 7 0 0 0 0 0 0 0 0 0 0 0 0 0 0 0 0 0 0 0 0 0 0 0 0 0 0 0 0 0 0 0
P8150 2025 8 0 0 0 0 0 0 0 0 0 0 0 0 0 0 0 0 0 0 0 0 0 0 0 0 0 0 0 0 0 0 0
P8150 2025 9 0 0 0 0 0 0 0 0 0 0 0 0 0 0 0 0 0 25 0 0 0 0 0 0 0 0 0 0 0 0 -999
P8150 2025 10 0 0 0 0 0 0 0 0 0 0 0 0 0 0 0 0 18 34 41 31 29 39 17 0 4 0 0 4 5 72 88
P8150 2025 11 43 15 5 79 127 25 9 9 32 38 26 0 5 39 63 8 8 0 0 0 0 0 0 0 0 0 0 0 0 0 -999
P8150 2025 12 0 0 0 0 0 0 1 3 3 4 5 8 24 4 7 28 0 55 12 1 24 45 12 4 1 29 8 63 2 13 44
P8150 2026 1 21 3 2 0 0 0 0 0 0 0 0 0 0 0 3 5 1 4 7 8 5 3 5 0 0 0 0 0 0 0 0
P8150 2026 2 0 0 0 0 0 0 0 0 0 0 0 0 2 5 0 33 2 0 0 0 0 1 0 0 3 0 0 3 -999 -999 -999
P8150 2026 3 2 0 4 13 4 5 34 12 0 0 0 0 0 24 0 0 0 0 0 0 0 0 67 52 28 20 34 21 11 20 2
P8150 2026 4 0 18 10 4 2 12 10 2 9 1 17 5 6 0 0 0 0 0 0 0 0 0 0 0 0 0 0 0 34 31 -999
P8150 2026 5 4 9 0 0 0 0 0 0 0 0 0 0 0 0 0 0 0 0 0 0 0 0 0 0 0 0 0 0 0 0 0
P8150 2026 6 0 0 0 0 0 0 0 0 0 0 0 0 0 0 0 3 0 0 0 0 0 0 0 0 0 0 0 0 0 0 -999
P8150 2026 7 0 0 0 0 0 0 0 0 0 0 0 0 0 0 0 0 0 0 0 0 0 0 0 0 0 0 0 0 0 0 0
P8150 2026 8 0 0 0 0 0 0 0 0 0 0 0 0 0 0 0 0 0 0 0 0 0 0 0 0 0 0 0 0 0 0 0
P8150 2026 9 0 0 0 0 0 0 0 0 0 0 0 0 0 0 0 0 0 0 0 0 18 0 0 0 0 0 0 0 0 0 -999
P8150 2026 10 0 0 0 0 0 0 0 0 0 0 0 0 0 0 0 0 2 0 0 14 5 0 0 0 0 0 0 3 20 4 91
P8150 2026 11 40 36 18 17 122 14 7 106 47 43 10 11 2 52 109 15 2 1 0 0 2 0 0 0 0 0 0 0 0 0 -999
P8150 2026 12 0 1 4 0 0 0 0 0 0 2 0 0 0 10 34 39 11 67 58 3 1 50 26 3 1 1 0 2 0 0 0
P8150 2027 1 0 0 0 5 7 26 41 11 4 8 47 10 2 0 15 18 0 0 36 5 7 14 1 2 27 62 109 84 38 10 0
P8150 2027 2 0 0 0 0 0 0 0 0 0 1 16 1 0 0 0 9 19 14 30 16 21 16 29 2 0 2 1 0 -999 -999 -999
P8150 2027 3 2 11 9 9 2 5 0 9 0 0 0 0 0 0 0 0 5 6 18 22 69 30 48 33 6 12 6 2 0 0 0
P8150 2027 4 0 7 11 18 0 0 0 0 0 0 0 0 0 23 1 0 0 0 0 0 0 0 16 0 0 0 0 0 21 0 -999
P8150 2027 5 0 0 0 22 11 17 30 1 0 0 7 0 0 0 0 0 0 0 0 0 0 0 0 0 0 0 0 0 0 0 0
P8150 2027 6 0 0 0 11 18 4 0 0 0 0 0 0 0 0 0 0 0 0 0 0 0 0 0 0 0 0 0 2 0 0 -999
P8150 2027 7 0 3 1 0 8 0 0 0 0 0 0 0 0 0 0 0 0 0 0 0 0 0 0 0 0 0 0 0 0 0 0
P8150 2027 8 0 0 0 0 0 0 0 0 0 0 0 0 0 0 0 0 0 0 0 0 0 0 0 0 0 0 0 0 0 0 0
P8150 2027 9 0 0 0 0 0 0 0 0 0 0 0 0 0 0 0 0 0 0 0 0 0 0 0 0 0 0 0 0 5 0 -999
P8150 2027 10 20 0 0 0 0 0 17 0 0 0 0 0 0 0 0 0 4 0 0 0 0 2 4 9 0 0 0 0 0 0 0
P8150 2027 11 0 0 0 0 6 0 0 0 3 39 34 0 0 0 0 0 0 0 0 0 22 22 19 16 19 86 16 10 0 3 -999
P8150 2027 12 10 3 2 0 2 2 0 0 0 0 0 0 1 1 11 9 24 4 0 3 0 0 0 0 1 0 0 0 0 0 0
P8150 2028 1 1 4 0 0 0 0 0 0 0 0 0 0 0 0 0 5 11 13 10 0 0 0 0 0 0 0 13 5 0 0 0
P8150 2028 2 0 27 67 31 29 61 18 18 34 34 28 50 29 146 64 18 19 26 12 2 2 4 1 0 0 0 0 0 -999 -999 -999
P8150 2028 3 0 0 0 0 0 0 0 0 0 4 36 22 8 35 4 0 0 0 0 0 0 0 0 0 2 7 12 0 0 0 6
P8150 2028 4 0 0 0 0 0 0 0 0 0 29 4 0 0 0 0 0 21 8 70 79 5 0 0 0 0 0 0 0 0 0 -999
P8150 2028 5 6 0 0 0 0 0 0 26 20 8 9 5 8 4 15 1 0 0 0 0 0 0 0 19 0 0 0 3 0 0 0
P8150 2028 6 2 2 22 6 21 50 66 2 0 0 0 0 0 0 0 0 0 0 0 0 0 0 0 0 0 0 0 21 15 11 -999
P8150 2028 7 5 0 0 0 0 0 0 0 0 0 0 0 0 0 0 0 0 0 0 0 0 0 0 0 0 0 0 0 0 0 0
P8150 2028 8 0 0 0 0 0 0 0 0 0 0 0 0 0 0 0 0 0 0 0 0 0 0 0 0 0 0 0 0 0 0 0
P8150 2028 9 0 0 0 0 0 0 0 0 0 0 0 0 0 0 0 0 0 0 0 0 0 0 0 5 0 0 23 11 0 0 -999
P8150 2028 10 0 0 0 0 0 0 0 0 0 0 4 0 0 0 0 0 0 0 0 0 0 0 0 0 0 0 0 0 0 0 0
P8150 2028 11 0 0 6 4 22 33 0 0 0 0 0 25 3 3 2 1 0 7 2 44 46 12 8 0 0 0 25 7 10 3 -999
P8150 2028 12 5 4 4 8 1 0 0 0 0 0 0 0 3 2 0 0 11 19 59 60 97 81 20 4 3 8 6 4 3 84 0
P8150 2029 1 2 0 11 63 2 1 0 54 4 22 13 66 29 5 14 22 9 4 1 1 0 0 0 0 0 0 0 44 8 12 7
P8150 2029 2 41 27 58 38 26 2 0 1 0 11 3 0 5 2 0 1 0 0 0 1 0 0 0 1 0 3 8 4 -999 -999 -999
P8150 2029 3 5 5 0 48 33 43 38 26 38 10 12 0 0 4 0 0 0 0 1 19 2 1 1 0 0 0 0 0 0 2 3
P8150 2029 4 0 0 7 6 0 0 0 0 0 0 0 0 27 18 4 3 0 20 0 0 0 0 0 0 0 0 0 9 14 15 -999
P8150 2029 5 2 0 8 21 27 9 33 30 11 4 3 0 0 0 0 0 0 0 0 0 0 0 0 0 7 0 0 0 0 0 0
P8150 2029 6 12 0 0 28 0 0 0 0 0 0 0 0 0 0 0 0 0 0 0 0 0 0 0 0 0 0 0 0 0 0 -999
P8150 2029 7 0 0 0 0 0 0 0 0 0 0 0 0 0 0 0 0 0 0 0 0 0 0 0 0 0 0 0 0 0 0 0
P8150 2029 8 0 0 0 0 0 0 0 0 0 0 0 0 0 0 0 0 0 0 0 0 0 0 0 0 0 0 0 0 0 0 0
P8150 2029 9 0 0 0 0 0 0 0 0 0 0 0 0 0 0 0 0 0 0 0 0 0 0 0 0 42 35 35 0 0 0 -999
P8150 2029 10 0 0 0 0 0 0 0 0 0 0 0 0 0 0 0 0 0 3 0 0 0 0 0 0 11 36 0 8 95 48 0
P8150 2029 11 0 0 0 0 0 0 0 0 0 0 0 0 0 0 0 0 3 4 0 0 17 7 9 31 0 0 2 4 6 0 -999
P8150 2029 12 0 6 57 23 122 4 2 5 57 2 6 0 2 1 0 0 3 1 0 0 2 61 11 15 84 3 134 94 48 5 0
P8150 2030 1 0 0 0 0 13 8 30 5 8 39 12 2 0 6 8 76 2 0 0 1 12 0 1 5 23 1 11 28 1 0 0
P8150 2030 2 15 8 17 10 55 7 2 7 0 0 0 0 0 0 0 7 6 5 0 0 0 6 2 0 56 2 0 3 -999 -999 -999
P8150 2030 3 0 0 0 0 0 0 0 0 0 0 0 0 0 0 0 0 4 6 12 0 0 12 13 10 38 10 3 16 89 14 78
P8150 2030 4 80 38 7 0 0 0 0 7 5 8 14 0 0 0 36 7 7 20 7 5 0 0 0 6 10 53 0 0 7 3 -999
P8150 2030 5 0 0 0 0 0 0 0 0 0 0 4 15 11 17 20 36 6 13 4 0 0 0 0 0 0 0 0 0 0 0 0
P8150 2030 6 0 0 0 0 0 0 0 0 0 0 0 0 0 0 0 0 22 22 3 1 0 0 0 0 0 0 0 0 0 0 -999
P8150 2030 7 0 0 0 0 0 0 0 0 0 0 0 0 0 0 0 0 0 0 0 0 0 0 0 0 0 0 0 0 0 0 0
P8150 2030 8 0 0 0 0 0 0 0 0 0 0 0 0 0 0 0 0 0 0 0 0 0 0 0 0 0 0 0 0 0 0 0
P8150 2030 9 0 0 0 0 0 0 0 0 0 0 0 0 0 0 0 33 50 2 0 0 45 33 25 3 1 0 3 4 4 2 -999
P8150 2030 10 0 0 0 0 0 0 12 19 76 33 18 46 3 4 9 0 14 16 26 23 43 61 29 52 1 0 0 14 34 2 1
P8150 2030 11 2 0 14 0 19 7 80 101 96 54 38 26 3 45 32 21 80 71 56 16 9 42 13 1 7 12 7 45 24 3 -999
P8150 2030 12 0 0 0 0 4 19 2 1 1 3 13 1 0 0 0 0 0 0 0 0 0 0 0 0 0 15 18 16 47 38 21
P8150 2031 1 8 0 3 48 4 10 4 79 85 66 5 22 100 61 48 42 0 0 1 0 5 0 0 0 0 0 0 0 0 0 1
P8150 2031 2 0 2 6 12 8 11 0 10 14 11 9 11 12 9 0 0 0 32 5 5 12 9 34 10 0 7 0 0 -999 -999 -999
P8150 2031 3 0 0 1 9 18 31 2 5 34 18 10 11 55 2 0 3 0 0 1 0 0 0 0 0 0 0 0 0 0 1 16
P8150 2031 4 8 8 4 0 5 13 12 3 11 15 7 10 29 4 0 0 0 0 0 0 0 0 0 0 0 0 0 0 0 0 -999
P8150 2031 5 0 0 15 5 0 0 0 0 0 0 5 0 0 0 0 0 0 0 0 0 0 0 0 0 0 0 0 0 0 0 0
P8150 2031 6 0 0 0 0 0 0 11 0 0 0 0 0 0 0 0 0 0 0 0 0 0 0 0 0 0 0 0 0 0 0 -999
P8150 2031 7 0 0 0 0 0 0 0 0 0 0 0 0 0 0 0 0 0 0 0 0 0 0 0 0 0 0 0 0 0 0 0
P8150 2031 8 0 0 0 0 0 0 0 0 0 0 0 0 0 0 0 0 0 0 0 0 0 0 0 0 0 0 0 0 0 0 0
P8150 2031 9 0 0 0 0 0 0 0 0 0 0 0 0 0 0 0 0 0 0 0 0 0 25 62 0 11 2 19 6 4 0 -999
P8150 2031 10 0 0 0 0 0 0 0 0 62 0 0 0 0 0 0 0 0 0 0 15 16 52 0 0 20 0 0 21 0 7 1
P8150 2031 11 0 2 14 28 5 28 59 40 5 18 41 30 46 47 31 63 25 71 37 19 25 20 20 21 103 21 15 72 23 37 -999
P8150 2031 12 32 21 25 28 62 27 67 29 40 4 2 0 0 0 2 4 2 3 0 0 27 4 3 8 5 5 5 48 4 5 2
P8150 2032 1 2 17 36 76 30 57 111 97 38 0 7 32 1 25 31 2 0 0 0 1 0 0 0 0 0 7 22 14 9 49 16
P8150 2032 2 1 0 0 0 0 6 4 1 0 17 29 37 5 0 0 8 0 0 0 0 0 12 0 0 0 4 4 13 -999 -999 -999
P8150 2032 3 0 0 0 0 0 0 0 0 0 4 0 0 0 0 0 0 0 0 0 0 0 0 0 0 0 0 0 2 4 5 0
P8150 2032 4 23 7 6 8 20 21 26 39 13 7 2 0 0 4 11 46 8 0 0 0 0 0 9 30 29 2 0 0 0 0 -999
P8150 2032 5 0 0 2 8 0 0 0 0 0 0 0 0 0 0 0 0 0 0 0 0 0 0 0 0 3 2 0 0 5 39 10
P8150 2032 6 0 0 0 0 0 0 0 0 0 0 0 0 0 0 0 0 0 0 0 0 0 0 0 0 0 0 0 0 0 0 -999
P8150 2032 7 0 0 0 0 0 0 0 0 0 0 0 0 0 0 0 0 0 0 0 0 0 0 0 0 0 0 0 0 0 0 0
P8150 2032 8 0 0 0 0 0 0 0 0 0 0 0 0 0 0 0 0 0 0 0 0 0 0 0 0 0 0 0 0 0 0 0
P8150 2032 9 0 0 0 0 0 0 0 0 0 0 57 0 5 2 0 33 41 0 0 0 0 0 0 0 0 0 0 0 0 0 -999
P8150 2032 10 0 21 11 0 0 0 0 2 21 0 0 0 0 0 183 29 38 0 0 16 22 36 37 3 0 0 0 20 17 2 5
P8150 2032 11 3 8 5 13 10 0 0 0 0 0 0 0 0 0 0 0 0 4 0 0 0 0 3 8 4 8 60 7 100 44 -999
P8150 2032 12 22 48 64 25 2 0 0 0 0 4 0 0 0 0 0 0 0 0 0 1 2 0 0 4 10 42 3 0 0 3 0
P8150 2033 1 1 2 72 75 16 14 9 44 124 126 25 53 55 3 68 39 47 21 13 2 0 16 10 5 14 19 28 58 4 28 1
P8150 2033 2 0 0 0 0 3 1 9 25 32 6 87 34 12 0 0 0 0 0 23 0 0 0 0 37 2 3 0 0 -999 -999 -999
P8150 2033 3 2 0 0 0 0 0 5 0 0 7 13 16 4 1 0 0 0 0 0 30 10 21 6 0 0 0 9 13 3 3 0
P8150 2033 4 0 0 0 14 14 3 3 20 17 8 10 16 19 7 7 56 40 28 11 32 25 20 8 23 29 3 2 0 13 2 -999
P8150 2033 5 3 0 50 15 0 0 0 0 0 0 0 1 13 13 2 5 45 15 7 9 42 4 3 2 0 0 0 0 0 0 0
P8150 2033 6 0 0 0 0 0 0 0 0 0 0 0 0 0 0 0 0 0 0 0 0 0 0 0 0 0 0 0 0 0 0 -999
P8150 2033 7 0 0 0 0 0 0 0 0 0 0 0 0 0 0 0 0 0 0 0 0 0 0 0 0 0 0 0 0 0 0 0
P8150 2033 8 0 0 0 0 0 0 0 0 0 0 0 0 0 0 0 0 0 0 0 0 0 0 0 0 0 0 0 0 0 38 0
P8150 2033 9 0 0 0 0 0 0 0 1 0 0 0 0 0 0 16 21 0 0 0 0 0 0 0 0 0 0 0 0 0 0 -999
P8150 2033 10 0 0 0 45 74 36 47 68 9 30 70 51 35 6 0 0 0 0 0 0 0 0 7 9 6 0 0 10 4 2 0
P8150 2033 11 14 35 46 56 7 0 0 0 0 0 2 0 0 0 0 0 3 0 0 0 0 0 0 0 0 0 0 0 0 0 -999
P8150 2033 12 1 1 1 0 0 0 0 1 0 0 4 2 0 0 0 0 0 0 0 0 0 0 0 0 0 0 0 0 0 0 0
P8150 2034 1 0 1 4 5 4 1 5 5 2 2 11 27 67 25 84 16 3 2 3 0 0 0 0 0 0 0 0 0 0 0 0
P8150 2034 2 0 0 0 0 0 0 1 0 0 0 0 0 2 2 6 9 15 0 0 0 0 0 0 0 0 0 9 37 -999 -999 -999
P8150 2034 3 41 25 22 40 59 10 17 6 0 0 0 0 0 1 2 2 0 0 0 0 0 2 15 44 39 0 0 0 0 0 0
P8150 2034 4 0 0 0 0 0 0 0 0 0 0 0 0 0 0 4 0 0 0 0 4 33 0 0 0 0 0 0 9 4 0 -999
P8150 2034 5 0 0 0 0 0 0 0 0 0 0 0 0 0 0 0 0 0 0 0 0 0 0 0 0 0 0 0 0 0 0 0
P8150 2034 6 0 0 0 0 9 5 7 0 0 0 0 0 0 0 0 0 0 0 0 0 0 0 0 0 0 0 0 0 0 0 -999
P8150 2034 7 0 0 0 0 0 0 0 0 0 0 0 0 0 0 0 0 0 0 0 0 0 0 0 0 0 0 0 0 0 0 0
P8150 2034 8 0 0 0 0 0 0 0 0 0 0 0 0 0 0 0 0 0 0 0 0 0 0 0 0 0 0 0 0 0 0 0
P8150 2034 9 0 0 0 0 0 0 0 0 0 0 0 0 0 0 0 0 0 0 0 0 0 0 0 0 0 0 0 0 0 0 -999
P8150 2034 10 15 2 11 2 31 89 0 0 0 26 12 2 0 2 0 0 0 0 0 0 0 0 0 12 35 42 2 16 10 0 0
P8150 2034 11 0 0 0 0 0 0 11 2 41 0 0 10 3 0 0 0 0 0 0 0 13 38 17 62 28 52 5 5 5 9 -999
P8150 2034 12 1 0 0 0 1 4 9 4 9 2 2 0 3 50 120 2 0 2 0 3 2 0 0 0 4 7 22 7 5 4 35
P8150 2035 1 2 0 15 38 46 15 15 66 10 2 6 2 21 2 12 11 11 0 10 22 123 123 47 19 2 1 0 0 2 0 9
P8150 2035 2 21 8 1 0 0 0 3 0 0 0 0 0 0 0 0 0 0 0 0 2 9 45 105 38 31 1 32 105 -999 -999 -999
P8150 2035 3 48 95 9 54 48 9 34 65 14 3 5 3 37 84 97 61 11 9 49 38 63 86 58 9 65 77 0 35 9 8 91
P8150 2035 4 28 19 17 24 41 37 28 24 99 21 14 18 3 22 0 0 0 0 19 24 56 52 50 21 11 5 11 21 32 62 -999
P8150 2035 5 103 0 0 0 0 0 0 0 0 0 0 0 0 0 0 0 0 0 0 0 0 0 14 50 0 0 0 0 0 11 54
P8150 2035 6 10 0 0 0 7 11 2 4 25 0 12 0 0 0 0 0 0 0 0 0 0 0 0 0 0 0 0 0 0 0 -999
P8150 2035 7 0 0 0 0 0 0 0 0 0 0 0 0 0 0 0 0 0 0 0 0 0 0 0 0 0 0 0 0 0 0 0
P8150 2035 8 0 0 0 0 0 0 0 0 0 0 0 0 0 0 0 0 0 0 0 0 0 0 0 0 0 0 0 0 0 0 0
P8150 2035 9 0 0 0 0 0 0 0 0 0 0 0 0 0 0 0 0 0 0 0 0 0 0 11 15 0 0 0 0 0 0 -999
P8150 2035 10 0 11 29 0 0 0 0 0 0 0 0 0 54 50 4 0 0 0 0 23 22 0 0 0 0 0 0 0 0 0 0
P8150 2035 11 0 0 20 25 55 58 0 1 2 0 0 0 0 0 0 0 0 0 0 0 0 0 0 0 0 0 0 10 2 0 -999
P8150 2035 12 2 7 11 37 103 84 23 15 7 17 1 1 31 10 2 1 0 1 18 74 88 30 0 0 0 0 0 0 0 0 1
P8150 2036 1 2 1 0 0 1 4 2 2 0 10 13 4 3 0 0 0 2 12 16 9 85 53 4 1 1 0 9 2 3 0 3
P8150 2036 2 1 0 0 0 0 1 2 6 12 6 16 38 24 7 2 2 2 0 0 0 0 0 0 0 0 0 3 8 -999 -999 -999
P8150 2036 3 21 54 5 9 8 10 0 0 0 0 0 0 0 4 1 1 0 0 0 0 0 0 0 0 0 0 1 10 3 11 13
P8150 2036 4 13 29 12 5 0 0 0 0 0 0 0 0 0 0 0 0 0 0 0 0 0 0 0 2 8 3 4 0 0 0 -999
P8150 2036 5 0 0 0 13 10 0 0 0 0 0 6 10 23 10 3 7 3 0 0 0 0 0 0 0 0 0 0 0 0 0 6
P8150 2036 6 5 0 0 0 0 0 0 0 0 0 0 0 0 0 0 0 0 0 5 0 0 0 0 0 0 0 0 0 0 0 -999
P8150 2036 7 0 0 0 0 0 0 0 0 0 0 0 0 0 0 0 0 0 0 0 0 0 0 0 0 0 0 0 0 0 0 0
P8150 2036 8 0 0 0 0 0 0 0 0 0 0 0 0 0 0 0 0 0 0 0 0 0 0 0 0 0 0 0 0 0 0 0
P8150 2036 9 0 0 0 0 0 0 0 0 0 0 0 0 0 0 0 0 0 0 0 0 0 0 0 0 0 0 0 0 0 0 -999
P8150 2036 10 0 0 0 0 0 0 0 0 0 0 9 0 0 0 0 0 0 0 0 0 0 0 0 0 0 22 27 33 31 59 9
P8150 2036 11 4 0 0 0 0 11 3 70 27 0 0 0 16 24 51 16 2 0 8 4 1 0 0 0 0 7 43 14 4 0 -999
P8150 2036 12 0 0 4 8 4 0 0 0 0 0 1 4 3 2 1 0 0 5 5 0 9 48 43 3 9 11 2 0 0 0 2
P8150 2037 1 0 1 0 0 0 0 0 0 38 50 17 49 41 0 0 0 0 13 45 71 127 33 25 119 93 22 104 40 86 2 1
P8150 2037 2 0 0 58 30 9 31 39 47 9 3 0 0 0 0 0 0 0 2 0 0 0 0 0 0 0 21 18 3 -999 -999 -999
P8150 2037 3 0 0 0 0 0 0 0 0 0 3 0 10 17 16 34 32 9 9 0 0 6 8 14 64 22 1 2 5 68 28 0
P8150 2037 4 10 0 2 2 12 26 5 2 9 0 0 0 0 23 32 10 11 9 2 10 18 52 62 95 4 0 0 0 0 0 -999
P8150 2037 5 0 0 0 0 0 0 0 0 0 2 1 2 0 0 1 0 3 5 2 0 0 4 3 0 53 22 5 0 0 0 0
P8150 2037 6 0 0 0 0 0 0 0 0 0 0 0 0 0 0 0 0 6 8 12 0 0 0 0 0 0 0 0 0 0 0 -999
P8150 2037 7 0 0 0 0 0 0 0 0 0 0 0 0 0 0 0 0 0 0 0 0 0 0 0 0 0 0 0 0 0 0 0
P8150 2037 8 0 0 0 0 0 0 0 0 0 0 0 0 0 0 0 0 0 0 0 0 0 0 0 0 0 0 0 0 0 0 0
P8150 2037 9 0 0 0 0 0 0 0 0 0 0 0 0 0 0 0 0 0 0 0 0 0 0 0 0 0 0 0 0 0 0 -999
P8150 2037 10 0 0 0 0 0 0 0 0 0 0 9 1 0 0 0 0 27 23 1 0 0 0 0 0 8 5 0 0 0 0 0
P8150 2037 11 0 0 0 0 0 11 6 18 0 0 3 11 23 46 9 0 0 0 0 33 5 19 34 24 28 6 15 46 19 11 -999
P8150 2037 12 61 2 9 88 27 4 8 32 39 60 50 5 3 6 3 0 4 18 6 0 0 35 18 1 0 0 0 0 1 1 3
P8150 2038 1 4 27 2 26 16 3 2 0 2 3 4 3 3 18 31 4 58 0 0 8 3 7 25 109 3 39 28 35 54 32 5
P8150 2038 2 0 3 11 34 23 38 16 0 5 4 0 0 0 0 3 1 0 1 3 0 0 0 11 0 0 0 0 32 -999 -999 -999
P8150 2038 3 48 15 13 9 97 10 24 6 7 7 6 0 0 0 0 0 0 16 7 77 16 2 0 0 0 0 2 10 3 1 4
P8150 2038 4 0 0 0 0 0 0 10 28 5 0 0 0 0 32 21 0 0 0 0 0 0 11 0 0 0 0 0 0 0 0 -999
P8150 2038 5 0 0 0 0 0 0 6 0 0 0 0 0 0 0 0 0 5 120 44 98 0 0 0 0 0 0 0 25 8 0 0
P8150 2038 6 0 0 0 0 0 0 0 0 0 0 0 0 0 0 0 0 0 0 0 0 0 0 0 0 0 0 0 0 0 0 -999
P8150 2038 7 0 0 0 0 0 0 0 0 0 0 0 0 0 0 0 0 0 0 0 0 0 0 0 0 0 0 0 0 0 0 0
P8150 2038 8 0 0 0 0 0 0 0 0 0 0 0 0 0 0 0 0 0 0 0 0 0 0 0 0 0 0 0 0 0 0 0
P8150 2038 9 0 0 0 0 0 0 0 0 0 0 0 0 0 0 0 0 0 0 0 0 0 0 0 1 0 0 0 0 0 0 -999
P8150 2038 10 0 0 0 0 0 0 0 0 0 0 0 0 0 0 0 0 0 0 0 0 0 15 20 0 0 0 0 3 2 0 0
P8150 2038 11 44 13 8 0 0 13 1 0 3 2 1 26 4 76 35 3 25 3 0 1 0 0 0 0 0 0 0 0 2 0 -999
P8150 2038 12 4 8 6 23 17 4 3 5 0 6 96 41 123 11 11 75 6 69 63 81 49 14 3 4 15 28 55 16 0 10 4
P8150 2039 1 4 9 20 8 23 1 1 0 0 0 0 0 0 19 10 22 22 2 10 6 2 4 5 6 13 1 1 0 0 0 0
P8150 2039 2 5 7 0 2 0 0 0 0 17 33 3 0 0 5 7 6 12 0 8 0 0 0 2 21 26 5 7 0 -999 -999 -999
P8150 2039 3 1 0 0 0 0 0 0 14 3 0 0 46 6 36 23 2 0 0 0 0 0 0 0 0 0 3 0 0 0 0 0
P8150 2039 4 0 0 0 0 0 0 0 0 0 0 0 0 0 18 11 1 0 0 0 0 5 2 0 0 0 0 0 0 0 0 -999
P8150 2039 5 0 0 0 0 0 0 0 0 0 0 0 0 0 0 0 43 2 1 0 0 0 19 0 0 0 0 0 0 0 0 0
P8150 2039 6 7 21 31 31 22 0 0 0 0 0 0 0 0 0 0 0 0 0 0 0 0 0 0 0 0 0 0 0 0 0 -999
P8150 2039 7 0 0 0 0 0 0 0 0 0 0 0 0 0 0 0 0 0 0 0 0 0 0 0 0 0 0 0 0 0 0 0
P8150 2039 8 0 0 0 0 0 0 0 0 0 0 0 0 0 0 0 0 0 0 0 0 0 0 0 0 0 0 0 0 0 0 0
P8150 2039 9 0 0 0 0 0 0 0 0 0 0 0 0 0 0 0 0 0 0 0 0 0 0 0 0 0 0 0 0 0 0 -999
P8150 2039 10 0 0 0 0 0 0 0 0 0 0 0 0 0 0 0 0 0 0 0 6 18 95 51 25 12 11 152 51 33 65 7
P8150 2039 11 0 0 0 0 0 0 0 13 18 2 31 39 4 8 14 3 1 20 111 20 4 3 55 0 0 0 7 26 1 3 -999
P8150 2039 12 4 19 31 50 97 49 18 13 56 0 3 3 12 15 8 5 4 4 15 46 5 7 43 36 33 19 50 60 30 65 28
P8150 2040 1 13 7 9 25 26 109 29 18 24 19 40 29 10 8 17 75 8 15 33 2 0 0 1 0 0 0 0 0 0 0 0
P8150 2040 2 0 0 0 2 1 0 0 0 0 1 0 0 0 3 2 1 1 2 0 0 0 0 0 0 0 0 0 0 -999 -999 -999
P8150 2040 3 0 0 0 0 0 0 0 0 0 0 0 0 0 0 0 0 0 0 0 0 0 45 50 51 39 15 3 6 35 59 13
P8150 2040 4 8 22 24 11 0 4 4 0 0 0 0 0 0 3 0 14 13 0 0 0 0 10 9 7 24 73 0 0 0 0 -999
P8150 2040 5 0 0 3 0 0 0 0 0 0 0 0 0 0 0 0 0 0 0 0 0 0 0 0 0 0 0 0 0 0 0 0
P8150 2040 6 0 0 0 0 0 0 0 0 0 0 0 0 0 0 0 0 0 0 0 0 0 0 0 0 0 0 0 0 0 0 -999
P8150 2040 7 0 0 0 0 0 0 0 0 0 0 0 0 0 0 0 0 0 0 0 0 0 0 0 0 0 0 0 0 0 0 0
P8150 2040 8 0 0 0 0 0 0 0 0 0 0 0 0 0 0 0 0 0 0 0 0 0 0 0 0 0 0 0 0 0 0 0
P8150 2040 9 0 0 0 0 0 0 0 0 0 0 0 0 0 0 0 0 0 0 0 0 0 0 0 0 0 0 0 0 9 0 -999
P8150 2040 10 0 0 0 0 0 0 0 0 0 0 0 0 0 0 0 0 24 66 82 4 1 0 1 0 0 2 5 0 0 0 10
P8150 2040 11 0 4 3 6 0 11 80 114 84 2 5 4 5 2 4 1 0 0 0 0 0 0 0 24 1 0 0 0 0 0 -999
P8150 2040 12 0 0 0 0 38 47 56 0 3 0 0 0 38 11 3 0 0 4 2 0 3 2 0 0 0 0 15 18 3 15 14
P8150 2041 1 1 0 0 0 0 0 1 1 0 0 0 4 3 5 4 0 0 0 11 24 42 58 34 76 48 34 24 26 2 7 0
P8150 2041 2 0 0 0 0 63 24 49 110 20 97 16 13 21 10 44 39 21 19 30 12 79 22 4 67 7 1 1 0 -999 -999 -999
P8150 2041 3 2 0 0 0 3 2 6 2 29 1 3 9 2 8 2 7 15 26 25 7 18 26 30 41 25 20 43 42 32 30 9
P8150 2041 4 0 0 0 0 0 0 0 0 0 0 0 0 2 0 3 0 7 56 12 9 9 6 18 28 65 15 0 1 0 0 -999
P8150 2041 5 0 0 11 11 0 0 0 0 0 101 37 0 0 0 0 0 0 0 28 56 50 39 55 27 14 69 35 7 0 7 9
P8150 2041 6 0 0 0 0 0 0 0 0 0 0 0 0 0 0 0 0 0 0 0 0 0 0 0 0 0 0 0 0 0 0 -999
P8150 2041 7 0 0 0 0 0 0 0 0 0 29 0 0 0 0 0 0 0 0 0 0 0 0 0 0 0 11 14 8 0 0 0
P8150 2041 8 0 0 0 0 0 0 0 0 0 0 0 0 0 0 0 0 0 0 0 0 0 0 0 0 0 0 0 0 0 0 0
P8150 2041 9 0 0 0 0 0 0 0 0 0 0 0 0 0 0 0 0 0 0 0 0 0 0 31 31 44 5 0 0 0 0 -999
P8150 2041 10 0 16 4 0 0 0 0 0 0 0 30 0 0 0 0 0 0 0 0 0 8 11 0 0 0 5 0 0 0 0 0
P8150 2041 11 0 0 0 9 4 8 10 3 15 6 24 35 78 53 75 51 99 112 7 58 35 34 31 110 37 13 15 11 3 4 -999
P8150 2041 12 4 83 6 68 29 6 7 19 2 0 4 14 15 24 38 37 56 42 39 52 3 0 7 0 0 0 0 0 0 0 0
P8150 2042 1 0 0 0 0 0 12 14 8 4 2 0 2 0 0 0 0 0 0 0 0 0 0 0 0 0 0 0 0 0 0 1
P8150 2042 2 1 1 0 0 0 0 0 0 0 4 0 0 0 0 0 0 0 2 2 0 0 0 0 15 9 0 0 0 -999 -999 -999
P8150 2042 3 0 0 0 0 0 2 3 0 0 0 0 2 4 0 27 16 0 11 86 53 8 3 4 46 11 3 0 0 10 9 49
P8150 2042 4 5 9 7 1 5 21 13 2 31 11 4 6 9 15 6 6 5 0 0 0 0 46 58 33 21 5 0 10 12 55 -999
P8150 2042 5 57 23 21 0 0 0 0 0 0 0 0 0 0 0 0 0 0 0 0 0 0 0 0 0 0 0 0 0 0 0 0
P8150 2042 6 0 0 0 0 0 0 0 0 0 0 0 0 0 0 0 0 0 0 0 0 0 0 0 0 0 0 0 0 0 0 -999
P8150 2042 7 0 0 0 0 0 0 0 0 0 0 0 0 0 0 0 0 0 0 0 0 0 0 0 0 0 0 0 0 0 0 0
P8150 2042 8 0 0 0 0 0 0 0 0 0 0 0 0 0 0 0 0 0 0 0 0 0 0 0 0 0 0 0 0 0 0 0
P8150 2042 9 0 0 0 0 0 0 0 0 0 0 0 0 0 0 0 0 0 0 0 0 0 0 0 0 0 0 0 0 0 0 -999
P8150 2042 10 0 0 0 0 0 0 8 14 0 0 0 10 103 28 9 0 0 4 0 131 21 16 3 0 0 0 0 12 0 0 0
P8150 2042 11 0 0 0 0 0 0 13 4 3 0 0 0 0 0 0 0 0 0 9 17 0 0 0 0 0 0 0 0 25 6 -999
P8150 2042 12 4 8 38 31 21 10 2 7 31 59 15 15 16 74 48 5 101 49 15 12 3 3 29 75 0 3 0 0 0 0 0
P8150 2043 1 1 2 5 3 2 27 1 0 0 0 0 3 6 34 18 12 3 6 11 40 11 17 21 72 0 0 3 46 15 1 0
P8150 2043 2 0 0 0 2 3 22 29 0 0 0 0 0 0 0 0 0 0 0 0 0 0 0 1 0 1 1 0 0 -999 -999 -999
P8150 2043 3 0 13 32 36 2 5 34 17 40 16 26 23 33 0 14 0 0 16 30 0 40 8 77 5 12 1 2 4 1 4 2
P8150 2043 4 4 3 0 6 0 0 0 0 0 4 73 0 0 0 0 29 78 0 0 14 0 0 0 0 0 0 0 0 0 0 -999
P8150 2043 5 0 0 0 0 0 0 0 0 0 0 0 0 0 0 0 0 0 0 0 12 35 69 142 26 0 0 20 10 0 9 13
P8150 2043 6 8 3 0 0 0 0 0 0 0 0 0 0 0 0 0 0 0 0 0 0 0 0 0 0 0 0 0 0 0 0 -999
P8150 2043 7 0 0 0 0 0 0 0 0 0 0 0 0 0 0 0 0 0 0 0 0 0 0 0 0 0 0 0 0 0 0 0
P8150 2043 8 0 0 0 0 0 0 0 0 0 0 0 0 0 0 0 0 0 0 0 0 0 0 0 0 0 0 0 0 0 0 0
P8150 2043 9 0 0 0 0 0 0 0 0 0 0 0 0 0 0 0 0 0 0 0 0 0 4 0 0 0 0 0 0 0 7 -999
P8150 2043 10 0 18 0 0 0 0 0 0 0 1 0 0 0 0 10 0 13 0 0 0 0 11 16 0 27 25 2 21 15 9 15
P8150 2043 11 0 0 0 0 0 0 0 0 0 43 43 19 46 82 11 0 0 0 0 0 0 0 0 6 5 17 3 85 2 2 -999
P8150 2043 12 1 4 0 0 0 0 5 0 4 26 41 40 4 4 16 2 0 63 37 6 77 49 10 13 20 14 12 0 0 0 0
P8150 2044 1 0 1 1 0 0 5 1 0 0 6 2 0 0 0 2 3 36 65 17 2 4 4 0 0 0 1 2 45 3 0 0
P8150 2044 2 0 0 0 0 15 6 0 0 8 32 11 0 0 0 0 0 0 0 0 0 0 0 1 33 55 0 9 2 -999 -999 -999
P8150 2044 3 0 17 13 26 33 3 6 10 10 8 1 1 0 0 0 0 5 16 1 1 2 2 0 0 1 5 30 11 12 26 1
P8150 2044 4 0 0 1 0 0 0 0 0 0 0 0 0 0 5 0 0 0 0 0 0 0 0 0 0 0 18 24 0 0 0 -999
P8150 2044 5 0 0 0 0 12 0 0 11 16 11 0 0 0 0 0 0 0 6 30 52 31 0 0 0 4 0 7 13 8 1 0
P8150 2044 6 0 0 0 0 0 0 6 0 0 0 0 0 0 0 0 0 0 0 0 0 0 0 0 0 0 0 0 0 0 0 -999
P8150 2044 7 4 0 0 0 0 0 0 0 0 0 0 0 0 0 0 0 0 0 0 0 0 0 0 0 0 0 0 0 0 0 0
P8150 2044 8 0 0 0 0 0 0 0 0 0 0 0 0 0 0 0 0 0 0 0 0 0 0 0 0 0 0 0 0 0 0 0
P8150 2044 9 0 0 0 0 0 0 0 0 0 0 0 0 0 0 0 0 0 0 0 0 9 0 0 17 46 25 0 0 0 30 -999
P8150 2044 10 26 0 34 0 0 0 0 0 0 0 0 0 0 0 0 0 5 9 11 88 56 0 0 0 0 0 0 0 0 0 12
P8150 2044 11 13 0 1 0 14 0 2 5 1 0 71 48 42 27 9 67 64 24 55 86 137 29 52 112 83 151 72 2 24 3 -999
P8150 2044 12 5 0 0 0 0 0 0 0 26 27 2 3 25 6 7 9 4 2 0 1 2 21 2 2 1 0 2 2 74 0 36
P8150 2045 1 43 57 13 3 10 2 65 57 2 2 125 83 40 26 26 65 14 0 0 0 0 2 1 0 0 0 0 0 0 0 2
P8150 2045 2 3 45 19 8 47 33 1 0 0 0 1 10 16 0 4 0 0 0 0 0 1 0 0 0 0 0 0 0 -999 -999 -999
P8150 2045 3 0 0 0 0 0 0 2 18 11 0 0 19 44 2 48 1 1 0 0 0 0 0 0 0 0 0 0 0 0 0 0
P8150 2045 4 11 0 0 1 14 18 42 0 3 3 10 4 0 7 0 14 0 0 0 0 0 0 0 0 0 0 0 0 0 0 -999
P8150 2045 5 5 0 0 0 0 0 0 27 0 0 0 0 0 0 0 0 0 0 0 0 1 0 0 0 0 0 0 0 0 0 0
P8150 2045 6 0 0 0 0 0 0 0 0 0 0 0 0 0 0 0 0 0 0 0 0 4 25 18 9 6 5 0 0 0 0 -999
P8150 2045 7 0 0 0 0 0 0 0 0 0 0 0 0 0 0 0 0 0 0 0 0 0 0 0 0 0 0 0 0 0 0 0
P8150 2045 8 0 0 0 0 0 0 0 0 0 0 0 0 0 0 0 0 0 0 0 0 0 0 0 0 0 0 0 0 0 0 0
P8150 2045 9 0 0 0 0 0 0 0 0 0 0 0 0 0 0 0 0 0 0 0 0 0 0 0 0 0 0 0 0 0 9 -999
P8150 2045 10 2 0 39 34 0 0 0 0 0 0 0 0 0 0 44 55 75 44 18 0 0 0 0 0 0 0 0 0 0 0 0
P8150 2045 11 15 2 0 0 2 0 0 0 0 0 0 1 6 4 25 53 57 27 4 0 0 22 16 152 3 28 102 98 22 10 -999
P8150 2045 12 4 15 14 0 7 3 3 1 0 0 0 0 0 0 0 0 0 41 6 13 8 12 13 29 30 54 23 1 0 0 0
P8150 2046 1 0 26 67 133 135 62 57 48 46 30 95 25 33 19 13 28 20 31 27 68 2 0 2 0 0 48 49 30 24 22 62
P8150 2046 2 27 32 20 12 6 10 4 2 4 2 2 3 4 37 29 14 10 3 1 3 13 31 3 4 19 65 93 41 -999 -999 -999
P8150 2046 3 37 21 64 18 13 71 27 43 95 20 103 68 26 10 122 66 31 9 19 22 46 6 2 0 0 0 16 17 24 1 2
P8150 2046 4 0 1 4 50 8 2 3 22 2 2 13 2 5 4 9 6 43 10 17 18 7 13 17 27 13 9 7 16 11 2 -999
P8150 2046 5 0 0 0 0 0 0 0 0 0 0 0 0 0 11 0 0 0 2 0 0 0 0 0 0 0 19 0 9 4 0 0
P8150 2046 6 0 0 0 0 0 0 0 0 0 0 0 0 0 0 0 0 0 0 13 0 0 0 0 0 0 0 0 0 0 0 -999
P8150 2046 7 0 0 0 0 0 0 0 0 0 0 0 0 0 0 0 0 0 0 0 0 0 0 0 0 0 0 0 0 0 0 0
P8150 2046 8 0 0 0 0 0 0 0 0 0 0 0 0 0 0 0 0 0 0 0 0 0 0 0 0 0 0 0 0 0 0 0
P8150 2046 9 0 0 0 0 0 0 0 0 0 0 0 0 0 0 0 0 0 0 0 0 0 0 0 0 0 0 0 0 0 0 -999
P8150 2046 10 0 0 13 1 1 18 5 22 0 0 0 0 0 0 0 0 0 0 0 2 3 36 8 5 12 2 8 4 1 64 17
P8150 2046 11 0 0 0 0 33 127 3 14 6 4 0 0 0 3 0 0 0 0 0 0 0 3 1 11 9 1 0 42 88 51 -999
P8150 2046 12 114 104 36 2 35 52 34 20 48 9 13 48 10 107 42 14 19 63 4 0 1 0 0 0 0 0 0 0 0 0 0
P8150 2047 1 0 0 0 0 0 0 5 20 2 22 14 24 8 46 56 129 104 13 97 3 42 20 4 0 0 0 0 0 0 0 8
P8150 2047 2 4 11 2 14 14 6 5 3 2 2 0 0 4 22 0 0 0 0 0 0 0 0 0 22 7 1 31 26 -999 -999 -999
P8150 2047 3 1 75 5 2 34 21 4 0 0 0 0 0 0 0 0 0 0 0 0 0 0 0 38 19 5 2 3 0 0 2 16
P8150 2047 4 64 7 9 3 0 0 3 5 7 54 46 11 9 5 30 5 3 5 6 0 0 0 0 0 0 0 0 0 0 0 -999
P8150 2047 5 0 0 0 0 0 0 0 0 6 6 0 21 19 12 0 0 0 0 0 0 0 0 0 0 0 0 0 0 0 0 0
P8150 2047 6 0 0 0 0 0 0 0 0 0 0 0 0 0 0 0 12 0 0 0 0 0 0 0 0 0 0 0 0 0 0 -999
P8150 2047 7 0 0 0 0 0 0 0 0 0 0 0 0 0 12 0 0 0 0 26 35 1 0 0 0 0 0 0 0 0 0 0
P8150 2047 8 0 0 0 0 0 0 0 0 0 0 0 0 0 0 0 0 0 0 0 0 0 0 0 0 0 0 0 0 0 0 0
P8150 2047 9 0 0 0 0 0 0 0 0 0 0 0 0 0 105 76 23 0 0 0 0 0 0 0 0 0 0 0 0 0 0 -999
P8150 2047 10 0 35 74 20 21 32 21 23 6 80 25 30 8 50 28 93 82 6 62 2 8 5 5 0 0 8 1 0 0 0 0
P8150 2047 11 2 0 6 3 11 14 0 11 9 15 5 2 6 2 7 43 41 0 0 0 0 0 0 0 0 0 0 0 0 0 -999
P8150 2047 12 0 0 0 0 0 0 0 0 0 0 0 0 0 0 0 0 0 0 0 0 0 0 5 3 5 0 0 0 2 1 0
P8150 2048 1 1 8 0 0 0 0 0 0 0 5 4 51 8 32 6 0 4 0 0 0 0 0 0 0 0 0 0 0 0 0 0
P8150 2048 2 0 0 1 0 1 0 0 0 1 1 5 4 1 3 20 9 1 0 0 0 0 0 0 0 0 0 0 0 -999 -999 -999
P8150 2048 3 0 0 0 0 3 3 3 18 13 49 33 4 63 18 2 30 30 7 8 15 17 0 0 2 1 45 9 14 25 10 3
P8150 2048 4 1 0 2 0 10 0 0 0 0 0 0 0 0 0 0 0 0 0 0 0 1 0 19 0 0 0 0 0 0 0 -999
P8150 2048 5 0 0 0 10 2 0 0 0 0 0 0 0 0 5 0 0 6 79 0 0 16 30 3 0 0 0 0 0 0 0 0
P8150 2048 6 0 0 0 0 0 0 0 0 0 0 0 0 0 0 0 0 0 0 0 0 0 0 0 0 0 0 0 0 0 0 -999
P8150 2048 7 0 0 0 0 0 0 0 0 0 0 0 0 0 0 0 0 0 0 0 0 0 0 0 0 0 0 0 0 0 0 0
P8150 2048 8 0 0 0 0 0 0 0 0 0 0 0 0 0 0 0 0 0 0 0 0 0 0 0 0 0 0 0 0 0 0 0
P8150 2048 9 0 0 0 0 0 0 0 0 0 0 0 0 0 0 0 0 4 0 0 0 0 0 0 0 0 0 44 53 65 61 -999
P8150 2048 10 3 0 0 0 0 9 0 0 0 0 0 0 0 0 0 0 0 0 12 1 3 1 0 0 0 5 0 0 0 0 7
P8150 2048 11 5 0 0 0 0 39 0 0 0 0 0 0 0 0 0 1 53 12 35 25 22 0 0 0 0 41 50 22 25 27 -999
P8150 2048 12 58 26 8 7 54 15 0 0 0 0 0 0 0 0 0 0 0 0 1 1 0 0 0 2 0 0 33 37 69 22 0
P8150 2049 1 6 5 24 17 1 16 20 22 1 0 3 6 21 2 0 4 7 1 0 0 2 4 3 6 0 3 3 15 5 9 35
P8150 2049 2 25 38 27 70 25 2 1 0 0 0 0 0 0 10 10 0 0 0 0 0 0 1 1 7 2 8 6 2 -999 -999 -999
P8150 2049 3 0 0 0 0 0 0 0 0 0 0 0 0 0 0 1 2 0 0 0 2 0 3 6 10 0 0 0 0 0 19 41
P8150 2049 4 0 0 0 0 0 0 0 0 0 0 0 0 0 0 24 16 17 0 0 0 0 5 0 0 30 0 0 0 0 0 -999
P8150 2049 5 1 3 9 2 2 0 4 23 34 16 5 13 1 0 0 0 0 0 0 0 21 41 39 42 64 28 35 77 5 3 1
P8150 2049 6 0 0 0 0 0 0 0 0 0 0 0 0 0 0 0 0 0 0 0 0 0 0 0 0 0 0 0 0 0 0 -999
P8150 2049 7 0 0 0 0 0 0 0 0 0 0 0 0 0 0 0 0 0 0 0 0 0 0 0 0 0 0 0 0 0 0 0
P8150 2049 8 0 0 0 0 0 0 0 0 0 0 0 0 0 0 0 0 0 0 0 0 0 0 0 0 0 0 0 0 0 0 0
P8150 2049 9 0 0 0 0 0 0 0 0 0 0 0 0 0 0 0 0 0 0 0 0 55 27 21 3 0 0 0 0 0 0 -999
P8150 2049 10 0 0 0 0 0 0 0 0 0 0 0 0 0 0 6 49 1 0 0 0 0 0 0 43 55 15 0 0 0 10 0
P8150 2049 11 0 19 45 62 53 7 62 96 36 41 113 111 183 123 84 39 87 11 5 4 4 5 3 10 0 0 0 0 0 3 -999
P8150 2049 12 13 24 65 31 4 0 2 1 0 4 1 0 3 0 8 2 6 34 9 108 95 16 3 5 33 3 62 14 33 54 69
P8150 2050 1 131 77 113 22 8 95 8 1 0 3 3 11 67 30 22 32 88 77 7 0 0 0 0 18 14 0 0 0 0 1 0
P8150 2050 2 0 0 0 0 0 1 0 0 0 0 0 0 0 18 8 17 0 0 41 22 23 6 0 10 4 3 0 0 -999 -999 -999
P8150 2050 3 0 19 26 8 40 59 66 0 6 33 60 11 0 4 4 7 39 15 77 4 6 4 0 10 2 8 18 17 13 13 33
P8150 2050 4 8 27 20 9 18 20 13 7 32 14 0 0 0 15 0 4 2 0 0 0 0 0 0 0 0 0 1 0 0 0 -999
P8150 2050 5 4 2 0 3 3 4 0 0 0 0 0 0 0 0 0 0 0 0 0 0 0 4 0 0 0 2 6 39 0 0 0
P8150 2050 6 0 0 0 0 0 0 0 0 0 0 0 0 0 0 0 0 0 0 0 0 0 0 0 0 0 0 0 0 0 0 -999
P8150 2050 7 0 0 0 0 0 0 0 0 0 0 0 0 0 0 0 0 0 0 0 0 0 0 0 0 0 0 0 0 0 0 0
P8150 2050 8 0 0 0 0 0 0 0 0 0 0 0 0 0 0 0 0 0 0 0 0 0 0 9 0 0 0 0 0 0 0 0
P8150 2050 9 0 0 0 0 0 0 0 0 0 0 0 0 0 0 0 0 0 0 0 0 0 0 0 0 0 0 0 0 0 0 -999
P8150 2050 10 18 18 0 0 0 0 0 0 0 0 0 0 0 16 5 22 10 8 0 0 0 17 74 52 24 15 15 1 0 1 2
P8150 2050 11 7 5 0 4 8 20 39 111 84 36 17 11 12 0 0 0 0 0 4 0 20 30 135 22 3 3 52 4 0 14 -999
P8150 2050 12 1 7 4 0 0 0 15 1 1 0 5 3 0 0 0 0 0 3 1 3 0 0 0 0 0 0 0 0 0 0 1
P8150 2051 1 0 4 0 0 0 0 0 0 0 7 0 0 0 8 2 0 0 0 0 1 0 0 0 0 0 0 0 0 0 0 0
P8150 2051 2 0 5 3 7 8 31 0 0 0 0 7 1 0 0 0 12 1 0 5 22 2 0 0 2 2 0 0 0 -999 -999 -999
P8150 2051 3 0 0 0 0 0 0 0 0 3 4 22 28 36 1 21 0 0 21 27 15 15 0 0 0 0 0 0 0 0 0 14
P8150 2051 4 29 6 0 0 0 36 10 12 0 17 11 0 20 0 14 5 20 14 16 23 2 7 3 0 0 0 0 0 0 0 -999
P8150 2051 5 0 0 0 0 0 0 0 0 0 0 0 44 18 10 0 0 0 0 0 0 0 0 0 6 97 0 0 0 0 0 0
P8150 2051 6 0 0 0 0 0 0 0 0 0 0 0 0 0 0 0 0 0 0 0 0 0 0 0 0 0 0 0 0 0 0 -999
P8150 2051 7 0 0 0 0 0 0 0 0 0 0 0 0 0 0 0 0 0 0 0 0 0 0 0 0 0 0 0 0 0 0 0
P8150 2051 8 0 0 0 0 0 0 0 0 0 0 0 0 0 0 0 0 0 0 0 0 0 0 0 0 0 0 0 0 0 0 0
P8150 2051 9 0 0 0 0 0 0 0 0 0 0 4 0 60 3 0 0 0 0 0 0 0 0 0 0 0 0 0 0 0 0 -999
P8150 2051 10 0 0 0 78 56 0 0 0 0 0 0 0 0 0 0 0 0 0 0 0 0 0 0 0 1 0 63 90 77 53 75
P8150 2051 11 34 46 56 19 3 0 0 0 0 0 0 0 0 2 1 2 1 7 0 0 0 0 0 2 3 0 0 0 4 0 -999
P8150 2051 12 2 0 0 7 53 1 0 32 53 5 37 24 8 15 96 106 27 120 5 0 0 0 0 0 0 0 0 0 0 0 0
P8150 2052 1 0 0 0 0 0 0 0 2 4 0 0 0 0 50 13 4 0 10 9 0 0 0 0 0 0 0 16 21 36 47 43
P8150 2052 2 4 26 67 54 11 127 77 38 11 29 13 0 0 0 8 11 9 14 31 17 0 0 0 21 54 5 0 6 -999 -999 -999
P8150 2052 3 0 0 0 0 0 0 0 0 11 0 0 0 0 12 17 32 22 66 20 24 4 9 64 1 0 0 0 0 0 0 0
P8150 2052 4 0 0 0 0 0 0 21 4 0 0 0 3 1 0 0 0 2 0 0 0 0 0 0 0 0 0 0 0 0 0 -999
P8150 2052 5 0 0 0 0 0 0 0 0 0 0 0 7 4 55 27 8 8 10 37 2 0 0 0 0 0 0 0 0 0 0 0
P8150 2052 6 0 0 0 0 0 0 0 0 0 0 0 0 0 0 0 0 0 0 0 0 0 0 0 0 0 0 0 0 0 0 -999
P8150 2052 7 0 0 0 0 0 0 0 0 0 0 0 0 0 0 0 0 0 0 0 0 0 0 0 0 0 0 0 0 0 0 0
P8150 2052 8 30 36 9 0 0 0 0 0 0 0 0 0 0 0 0 0 0 0 0 0 0 0 0 0 0 0 0 0 0 0 0
P8150 2052 9 0 0 0 0 0 0 0 0 0 0 0 0 0 0 0 0 0 0 0 0 0 0 0 0 0 0 0 0 0 0 -999
P8150 2052 10 0 0 0 0 0 0 0 0 0 0 0 0 0 0 0 0 0 0 0 0 0 0 0 0 22 22 0 0 0 0 0
P8150 2052 11 1 40 4 1 0 0 0 0 0 0 0 0 0 0 0 0 0 4 97 18 144 32 23 1 11 6 13 3 2 6 -999
P8150 2052 12 0 4 6 8 1 0 0 0 0 0 0 0 2 81 7 0 2 21 4 19 71 8 3 4 20 1 2 0 3 5 0
P8150 2053 1 1 2 4 4 0 1 7 23 41 51 117 89 85 5 7 20 42 3 0 0 0 0 70 14 6 10 7 13 28 54 22
P8150 2053 2 30 32 47 13 57 29 99 10 9 9 0 7 9 4 4 11 41 29 9 4 0 3 3 16 28 65 26 11 -999 -999 -999
P8150 2053 3 0 0 0 0 0 0 0 0 0 0 0 0 0 0 0 0 0 0 0 0 0 0 0 0 0 0 0 0 3 0 14
P8150 2053 4 57 24 3 4 0 0 0 0 0 0 0 3 3 48 19 6 0 0 0 0 0 0 0 5 125 48 3 0 0 0 -999
P8150 2053 5 0 0 0 0 0 0 0 0 0 0 0 0 0 0 0 0 0 0 0 0 0 0 0 0 0 0 0 0 0 6 0
P8150 2053 6 0 0 0 0 0 0 0 0 0 0 0 0 0 0 0 0 0 20 20 0 0 0 0 0 0 0 0 0 0 0 -999
P8150 2053 7 0 0 0 0 0 0 0 0 0 0 0 0 0 0 0 0 0 0 0 0 0 0 0 0 0 0 0 0 0 0 0
P8150 2053 8 0 0 0 0 0 0 0 0 0 0 0 0 0 0 0 0 0 0 0 0 0 0 0 0 0 110 0 0 0 0 0
P8150 2053 9 0 0 0 0 0 0 0 0 0 0 0 0 0 0 0 0 0 0 0 87 72 68 0 0 0 0 0 89 43 8 -999
P8150 2053 10 1 0 0 0 0 0 0 72 37 0 0 0 0 0 0 0 0 0 0 0 0 0 0 0 0 0 0 0 0 0 0
P8150 2053 11 0 0 0 2 0 0 0 0 0 0 0 0 0 0 129 54 100 53 115 7 44 21 24 6 2 1 0 0 0 0 -999
P8150 2053 12 0 0 0 0 0 0 0 0 0 5 47 49 34 98 15 9 10 13 10 8 8 6 7 16 19 10 0 0 0 0 7
P8150 2054 1 67 24 6 53 25 28 16 8 5 0 2 0 0 0 0 2 7 32 22 1 1 2 2 2 2 0 0 0 0 0 0
P8150 2054 2 0 19 7 17 28 35 20 11 1 0 0 4 0 0 0 0 0 4 0 5 2 0 7 5 0 0 0 0 -999 -999 -999
P8150 2054 3 0 0 0 0 0 0 0 0 0 0 0 0 0 0 23 2 29 9 0 3 0 12 14 1 3 13 3 39 42 8 62
P8150 2054 4 10 29 26 29 7 14 32 10 6 19 3 0 0 0 10 1 0 8 16 41 31 21 5 9 30 50 7 6 0 0 -999
P8150 2054 5 0 16 14 8 5 5 0 6 19 39 8 24 0 0 0 0 0 0 0 0 0 0 0 0 0 0 0 0 0 0 0
P8150 2054 6 0 0 0 0 0 0 0 0 0 0 0 0 0 0 0 0 0 0 0 0 0 0 0 0 0 0 0 0 0 0 -999
P8150 2054 7 0 0 0 0 0 0 0 0 0 0 0 0 0 0 0 0 0 26 13 0 0 0 0 0 0 0 0 0 0 0 0
P8150 2054 8 0 0 0 0 0 0 0 0 0 0 0 0 0 0 0 0 0 0 0 0 0 0 0 0 0 0 0 0 0 0 0
P8150 2054 9 0 0 0 0 0 0 0 0 0 0 0 0 0 0 0 0 0 0 0 0 0 0 0 23 0 0 0 0 0 0 -999
P8150 2054 10 0 0 0 0 0 0 0 0 15 0 12 2 2 0 0 0 0 0 0 0 31 39 1 1 1 0 0 0 1 12 31
P8150 2054 11 130 73 54 42 48 29 7 89 33 0 0 0 0 0 0 4 2 0 0 0 0 0 0 0 0 0 5 8 16 6 -999
P8150 2054 12 21 23 1 0 0 2 0 0 0 11 1 1 9 7 5 0 0 0 0 0 0 0 2 0 0 0 0 0 0 0 0
P8150 2055 1 0 0 4 52 103 82 19 0 0 11 68 65 43 32 59 48 22 46 54 76 85 28 28 3 1 1 1 1 3 1 1
P8150 2055 2 0 0 0 0 0 1 1 0 0 0 0 5 5 7 6 30 3 6 0 5 11 11 0 0 0 0 0 0 -999 -999 -999
P8150 2055 3 0 30 19 50 7 19 46 17 124 39 15 10 44 18 4 9 24 18 0 5 0 5 7 17 15 43 47 3 24 26 2
P8150 2055 4 0 0 0 0 0 11 15 9 11 25 3 5 7 5 3 0 0 0 0 0 12 20 43 144 47 14 28 15 12 18 -999
P8150 2055 5 9 31 25 44 9 0 33 113 38 0 0 0 4 4 0 0 0 0 0 0 0 0 0 0 0 0 0 0 0 0 0
P8150 2055 6 0 0 0 0 0 0 0 0 0 0 0 0 0 0 49 4 4 10 2 2 2 2 0 0 0 0 0 0 0 0 -999
P8150 2055 7 0 0 0 0 0 0 0 0 0 0 0 0 0 0 0 0 0 0 0 0 0 0 0 0 0 0 0 0 0 0 0
P8150 2055 8 0 0 0 0 0 0 0 0 0 0 0 0 0 0 0 0 0 0 0 0 0 0 0 0 0 0 0 0 0 0 0
P8150 2055 9 0 0 0 0 0 0 0 0 0 0 0 0 0 0 0 0 0 0 0 0 0 0 0 0 0 0 0 0 0 0 -999
P8150 2055 10 0 0 0 0 0 0 0 16 3 0 0 7 5 0 2 0 0 1 3 0 5 0 36 58 22 1 3 0 0 0 0
P8150 2055 11 0 17 0 0 0 53 43 82 0 0 0 0 0 6 0 5 1 0 0 0 4 2 2 18 0 0 0 0 4 8 -999
P8150 2055 12 55 16 2 0 0 0 0 0 0 42 54 43 26 10 12 5 2 3 4 20 38 21 3 0 0 0 0 0 0 9 4
P8150 2056 1 0 0 0 5 0 4 111 2 3 0 3 0 0 0 0 3 3 1 0 2 27 13 66 19 24 2 15 80 1 0 1
P8150 2056 2 0 0 0 0 0 0 0 0 0 0 0 0 0 0 0 0 3 0 0 0 2 3 5 0 0 0 0 0 -999 -999 -999
P8150 2056 3 0 0 12 4 0 0 4 5 12 33 5 0 0 0 0 40 2 2 1 0 0 0 0 0 0 8 5 20 23 10 0
P8150 2056 4 0 0 0 0 0 0 0 0 3 0 0 0 0 0 0 0 4 0 7 4 0 0 71 15 0 20 35 35 0 0 -999
P8150 2056 5 5 18 14 4 6 33 0 0 0 0 0 2 2 0 0 0 0 0 0 0 0 0 0 0 22 9 7 2 2 0 0
P8150 2056 6 18 0 0 0 0 0 10 0 0 0 0 0 0 0 0 0 0 0 0 0 0 0 0 0 0 0 0 0 0 0 -999
P8150 2056 7 0 0 0 0 0 0 0 0 0 0 0 0 0 0 0 0 0 0 0 0 0 0 0 0 0 0 0 0 0 0 0
P8150 2056 8 0 0 0 0 0 0 0 0 0 0 0 0 0 0 0 0 0 0 0 0 0 0 0 0 0 0 0 0 0 0 0
P8150 2056 9 0 0 0 0 0 0 0 0 0 0 0 0 0 0 0 0 0 0 0 0 0 0 0 0 0 0 0 0 9 0 -999
P8150 2056 10 0 8 0 0 0 0 0 0 0 0 0 0 0 0 0 0 0 0 0 0 0 0 12 21 45 4 0 0 0 0 0
P8150 2056 11 0 0 0 8 29 17 19 12 6 0 0 0 0 13 0 0 0 0 18 3 3 3 2 22 38 44 20 37 58 67 -999
P8150 2056 12 98 42 56 29 138 107 97 36 9 75 80 31 3 13 5 23 8 31 22 24 36 7 0 0 0 0 0 0 0 0 0
P8150 2057 1 0 1 0 0 3 2 9 3 2 3 0 0 11 6 0 0 0 0 0 0 0 0 0 1 1 28 99 75 12 18 38
P8150 2057 2 10 11 23 21 81 53 89 75 57 71 0 0 0 0 5 0 0 7 6 118 14 2 5 2 1 0 0 0 -999 -999 -999
P8150 2057 3 0 0 0 0 6 4 5 0 0 3 0 0 0 0 0 0 7 0 0 0 0 0 0 4 8 4 2 2 1 0 4
P8150 2057 4 0 0 0 0 0 0 0 22 16 5 3 21 5 9 23 35 6 4 1 2 2 5 0 0 0 0 0 12 0 0 -999
P8150 2057 5 0 0 0 0 0 0 0 0 0 0 0 0 6 6 9 12 33 10 1 0 0 0 0 0 0 4 0 21 15 5 3
P8150 2057 6 6 2 0 0 0 0 0 0 0 0 0 0 0 0 0 0 0 0 0 0 0 0 0 0 0 0 0 0 0 0 -999
P8150 2057 7 0 0 0 0 0 0 0 0 0 0 0 0 0 0 0 0 0 0 0 0 0 0 0 0 0 0 0 0 0 0 0
P8150 2057 8 0 0 0 0 0 0 0 0 0 0 0 0 0 0 0 0 0 0 0 0 0 0 0 0 0 0 0 0 0 0 0
P8150 2057 9 0 0 0 0 0 0 0 0 0 0 0 0 0 0 0 0 0 0 0 0 0 0 0 0 0 0 0 0 0 0 -999
P8150 2057 10 0 0 0 0 0 0 0 0 0 0 0 0 0 0 0 0 20 0 0 0 0 0 0 0 0 0 0 0 0 3 5
P8150 2057 11 7 13 93 76 13 72 0 15 10 19 56 53 11 26 3 9 9 5 4 3 4 0 0 0 0 0 0 0 0 0 -999
P8150 2057 12 0 0 0 0 0 0 0 3 21 19 44 50 45 10 13 1 0 0 0 0 0 0 0 0 0 0 0 0 0 8 4
P8150 2058 1 0 0 0 0 0 0 0 0 22 31 2 0 2 22 22 0 0 0 0 0 0 0 0 0 0 1 11 3 1 5 0
P8150 2058 2 10 1 0 0 0 0 0 0 0 0 2 2 8 2 6 2 0 0 0 0 0 0 0 0 0 0 0 0 -999 -999 -999
P8150 2058 3 0 0 0 0 0 0 0 0 0 0 0 0 0 0 0 0 0 0 0 0 20 22 2 45 33 63 3 0 0 0 0
P8150 2058 4 0 0 0 0 0 0 0 0 0 22 3 5 2 0 0 0 0 0 3 5 0 0 0 0 0 0 0 0 0 0 -999
P8150 2058 5 0 0 0 0 0 0 0 0 0 0 0 0 0 0 0 0 0 0 0 0 0 0 0 0 0 0 0 0 14 16 0
P8150 2058 6 33 0 0 0 0 0 0 0 0 0 0 0 0 0 0 0 0 0 0 0 0 0 0 0 0 0 0 0 0 0 -999
P8150 2058 7 0 0 0 0 0 0 0 0 0 0 0 0 0 0 0 0 0 0 0 0 0 0 0 0 0 0 0 0 0 0 0
P8150 2058 8 0 0 0 0 0 0 0 0 0 0 0 0 0 0 0 0 0 0 0 0 0 0 0 0 0 0 0 0 0 0 0
P8150 2058 9 0 0 0 0 0 0 0 0 0 0 0 0 0 0 0 0 0 0 0 0 0 0 4 0 0 0 0 0 0 0 -999
P8150 2058 10 0 0 0 0 0 0 0 0 0 0 0 0 0 0 0 0 0 0 0 0 0 0 5 0 0 0 0 0 0 0 0
P8150 2058 11 0 0 0 0 0 0 0 28 29 11 33 25 2 4 5 32 16 121 132 58 7 3 6 0 5 17 47 53 41 54 -999
P8150 2058 12 2 15 4 5 0 1 2 0 1 0 0 0 0 0 8 1 13 48 36 61 41 13 4 15 11 24 22 24 1 11 98
P8150 2059 1 8 108 4 3 1 2 0 0 0 0 0 0 0 1 28 1 0 0 3 1 11 1 1 0 7 1 0 0 0 0 0
P8150 2059 2 0 0 0 0 0 0 0 0 0 0 0 0 0 0 0 0 0 0 0 0 0 0 0 0 0 0 0 0 -999 -999 -999
P8150 2059 3 0 0 0 0 0 0 0 0 0 0 0 8 2 0 0 0 0 0 0 4 37 3 10 55 11 35 8 6 4 2 1
P8150 2059 4 0 0 0 0 0 0 0 0 0 0 0 0 0 0 0 0 0 0 0 0 3 0 0 4 8 0 0 0 25 4 -999
P8150 2059 5 0 0 0 3 0 0 0 0 0 0 0 0 0 0 0 0 0 0 0 0 0 0 0 0 0 0 0 0 0 0 0
P8150 2059 6 0 0 0 0 0 0 0 0 0 0 0 0 0 0 0 0 0 0 0 0 0 0 0 0 0 0 0 0 0 0 -999
P8150 2059 7 0 0 0 0 0 0 0 0 0 0 0 0 0 0 0 0 0 0 0 0 0 0 0 0 0 0 0 0 0 0 0
P8150 2059 8 0 0 0 0 0 0 0 0 0 0 0 0 0 0 0 0 0 0 0 0 0 0 0 0 0 0 0 0 0 0 0
P8150 2059 9 0 0 0 0 0 0 0 0 0 0 0 0 0 0 0 0 0 0 0 0 0 0 0 13 40 0 0 0 0 0 -999
P8150 2059 10 0 0 0 0 0 0 0 0 0 0 0 0 0 0 33 14 0 0 0 11 46 93 66 42 10 10 1 0 0 51 0
P8150 2059 11 9 20 15 18 0 0 0 0 0 5 30 2 0 18 92 92 1 1 0 0 3 1 34 5 2 0 16 1 0 1 -999
P8150 2059 12 0 0 0 0 0 0 0 4 4 8 0 4 1 0 0 0 0 0 0 0 0 0 0 0 0 1 7 37 58 37 4
P8150 2060 1 4 8 16 10 34 58 0 0 0 10 2 0 0 0 0 0 0 0 0 0 0 0 0 0 0 1 0 0 0 0 0
P8150 2060 2 0 0 0 3 14 2 15 8 35 8 52 65 10 54 49 63 41 52 23 3 7 4 42 15 54 2 35 28 -999 -999 -999
P8150 2060 3 31 30 33 43 31 3 14 37 25 13 0 0 0 0 0 0 64 52 95 84 72 49 2 2 0 0 2 28 4 6 1
P8150 2060 4 0 0 0 0 0 0 0 0 0 0 16 14 0 0 0 0 0 0 0 0 0 0 0 0 0 0 0 0 0 0 -999
P8150 2060 5 0 0 0 0 0 0 0 0 0 0 0 0 0 0 0 0 0 0 0 0 0 0 0 0 0 0 0 0 0 0 0
P8150 2060 6 0 0 0 0 15 98 57 52 9 0 0 0 0 2 0 0 0 0 0 0 0 0 0 0 0 0 0 0 0 0 -999
P8150 2060 7 0 0 0 0 0 0 0 0 0 0 0 0 0 0 0 0 0 0 0 0 0 0 0 0 0 0 0 0 0 0 0
P8150 2060 8 0 0 0 0 0 0 0 0 0 0 0 0 0 0 0 0 0 0 0 0 0 0 0 0 0 0 0 0 0 0 0
P8150 2060 9 0 0 0 0 0 0 0 0 0 0 0 0 0 0 0 14 0 0 0 0 0 0 0 0 0 77 14 0 0 0 -999
P8150 2060 10 0 0 0 0 0 0 0 0 0 0 19 50 24 31 2 0 0 0 0 0 7 1 5 4 30 0 0 11 33 2 94
P8150 2060 11 39 1 10 4 0 0 0 0 11 2 0 6 3 1 2 4 0 4 3 0 0 0 0 0 1 4 14 2 5 0 -999
P8150 2060 12 0 3 7 2 18 49 8 0 3 1 0 0 0 5 4 9 4 8 0 22 82 0 3 2 5 5 3 5 4 0 0
P8150 2061 1 0 0 0 1 0 0 0 0 0 0 5 0 0 21 1 0 53 1 44 21 36 39 22 30 23 85 98 28 7 30 27
P8150 2061 2 5 0 0 0 7 0 0 0 5 4 16 36 7 110 84 14 2 12 2 47 9 16 2 1 11 2 6 6 -999 -999 -999
P8150 2061 3 89 28 14 44 2 1 8 1 10 19 115 5 40 21 39 40 9 16 43 8 11 0 0 0 0 0 0 0 0 0 0
P8150 2061 4 0 0 4 7 8 15 16 29 136 5 61 67 51 8 1 0 0 51 8 8 0 0 0 0 4 0 0 0 0 0 -999
P8150 2061 5 0 0 2 1 2 0 0 0 0 0 0 0 0 0 0 0 0 0 0 0 0 0 0 0 0 0 0 0 0 0 0
P8150 2061 6 0 0 0 0 0 0 0 0 0 0 0 0 0 0 0 0 0 0 0 0 0 0 0 0 0 0 0 0 0 0 -999
P8150 2061 7 0 0 0 0 0 0 0 0 0 0 0 0 0 0 0 0 0 0 0 0 0 0 0 0 0 0 0 0 0 0 0
P8150 2061 8 0 0 0 0 0 0 0 0 0 0 0 0 0 0 0 0 0 0 0 0 0 0 0 0 0 0 0 0 0 0 0
P8150 2061 9 0 0 0 0 0 0 0 0 0 0 0 0 0 0 0 0 77 62 47 66 24 15 0 0 0 0 0 0 0 0 -999
P8150 2061 10 0 10 1 1 0 0 29 1 45 49 0 0 0 0 0 0 5 5 0 0 0 0 0 0 20 36 49 16 2 0 0
P8150 2061 11 0 0 2 0 0 0 0 14 1 2 1 0 0 0 0 0 0 20 10 0 0 0 0 0 0 0 0 3 3 5 -999
P8150 2061 12 35 40 80 0 0 0 0 0 0 0 2 2 2 0 0 0 0 24 9 0 0 0 0 0 0 0 0 0 3 12 0
P8150 2062 1 0 0 0 0 0 0 0 0 0 0 0 6 17 6 39 45 19 9 1 0 3 2 0 0 0 4 3 11 3 28 97
P8150 2062 2 25 12 3 10 1 26 30 24 42 10 0 0 0 0 0 0 0 6 5 0 3 5 22 56 43 16 18 3 -999 -999 -999
P8150 2062 3 0 0 0 0 0 4 0 0 0 9 0 0 0 5 0 0 0 0 0 0 0 0 5 10 2 61 0 0 0 0 0
P8150 2062 4 0 2 6 0 0 5 0 0 0 28 32 2 0 0 0 0 0 2 0 0 2 0 3 15 5 3 0 0 0 0 -999
P8150 2062 5 0 0 25 0 0 0 0 36 0 0 0 0 0 0 0 0 0 0 0 0 0 0 0 0 0 0 0 14 22 7 3
P8150 2062 6 6 0 0 0 0 0 0 0 0 0 0 0 0 0 0 0 0 0 0 0 0 0 0 0 0 0 0 0 0 0 -999
P8150 2062 7 0 0 0 0 0 0 0 0 0 0 0 0 0 0 0 0 0 0 0 0 0 0 0 0 0 0 0 0 0 0 0
P8150 2062 8 0 0 0 0 0 0 0 0 0 0 0 0 0 0 0 0 0 0 0 0 0 0 0 0 0 0 0 0 0 0 0
P8150 2062 9 0 0 0 0 0 0 0 0 0 0 0 0 0 0 0 0 0 0 0 0 0 0 0 0 0 0 0 0 0 0 -999
P8150 2062 10 0 0 0 0 0 0 15 19 0 0 0 0 0 0 0 0 0 0 4 22 16 32 28 3 7 24 24 3 1 2 0
P8150 2062 11 0 0 13 16 49 21 1 0 0 17 30 6 0 0 0 0 0 8 7 22 15 2 47 13 81 1 0 5 0 2 -999
P8150 2062 12 0 0 0 0 0 0 4 0 28 48 70 5 0 0 0 27 1 3 5 2 3 6 20 38 22 0 0 3 2 0 0
P8150 2063 1 0 0 0 2 2 1 0 0 0 0 0 0 1 1 0 0 0 0 0 1 4 0 0 3 0 5 18 6 0 0 0
P8150 2063 2 0 0 0 0 0 0 9 7 5 0 0 0 0 1 18 0 0 0 0 0 1 2 2 0 0 0 0 5 -999 -999 -999
P8150 2063 3 5 0 0 0 0 0 6 2 2 8 33 12 40 38 21 34 3 7 15 9 4 3 0 0 0 43 73 39 29 3 0
P8150 2063 4 36 22 11 3 0 0 0 0 0 67 25 7 1 4 1 7 3 20 0 0 0 4 10 4 4 0 7 32 6 2 -999
P8150 2063 5 0 0 0 0 0 0 0 0 0 0 0 0 41 11 8 4 0 3 0 0 5 8 0 0 0 0 0 0 0 0 0
P8150 2063 6 0 0 0 0 0 0 0 0 0 0 0 0 0 0 0 0 0 0 0 0 0 0 0 0 0 0 0 0 0 0 -999
P8150 2063 7 0 0 0 0 0 0 0 0 0 0 0 0 0 0 0 0 0 0 0 0 0 0 0 0 0 0 0 0 0 0 0
P8150 2063 8 0 0 0 0 0 0 0 0 0 0 0 0 0 0 0 0 0 0 0 0 0 0 0 0 0 0 0 0 0 0 0
P8150 2063 9 0 0 0 0 0 0 0 0 0 0 0 0 0 0 0 0 0 0 0 0 0 0 0 0 0 4 51 0 0 0 -999
P8150 2063 10 0 0 0 0 0 0 0 0 7 26 55 8 0 8 4 1 0 0 4 29 44 75 2 0 0 0 14 23 3 3 0
P8150 2063 11 0 0 0 0 0 0 0 0 0 0 0 0 0 0 0 0 0 0 0 0 0 2 0 4 58 0 0 27 6 11 -999
P8150 2063 12 36 17 83 0 9 29 48 14 4 16 4 20 3 7 3 0 19 18 4 0 0 0 34 28 14 11 13 15 14 38 3
P8150 2064 1 0 6 3 13 1 6 0 0 0 35 39 90 28 23 1 2 0 0 0 0 27 32 0 0 0 0 3 8 9 1 0
P8150 2064 2 1 0 0 0 0 0 0 0 0 0 0 0 35 43 12 10 10 7 0 0 0 0 0 0 0 15 14 21 -999 -999 -999
P8150 2064 3 0 11 43 45 65 19 21 1 2 4 18 10 4 3 0 5 0 8 1 5 0 6 18 2 1 0 0 0 0 45 2
P8150 2064 4 2 8 4 33 0 0 0 0 0 2 0 0 0 0 0 0 0 3 5 0 0 0 0 13 7 9 53 50 0 0 -999
P8150 2064 5 0 8 3 0 0 0 0 0 0 0 0 0 0 0 0 0 0 0 0 0 0 0 0 0 0 0 0 0 0 0 0
P8150 2064 6 0 0 0 0 0 0 0 0 0 0 0 0 0 0 0 0 0 0 0 0 0 0 0 0 0 0 0 0 0 0 -999
P8150 2064 7 0 0 0 0 0 0 0 0 0 0 0 0 0 0 0 0 0 0 0 0 0 0 0 0 0 0 0 0 0 0 0
P8150 2064 8 0 0 0 0 0 0 0 0 0 0 0 0 0 0 0 0 0 0 0 0 0 0 0 0 0 0 0 0 0 0 0
P8150 2064 9 0 0 0 0 0 0 0 0 0 0 0 0 0 0 0 0 0 0 0 0 0 0 0 0 0 0 0 18 0 0 -999
P8150 2064 10 0 1 0 3 0 0 0 0 0 0 0 0 0 0 0 0 0 0 0 0 9 1 7 50 3 0 0 0 0 0 0
P8150 2064 11 0 0 0 0 0 11 2 2 3 5 0 0 0 3 1 0 0 0 0 0 0 0 0 31 8 8 8 14 22 1 -999
P8150 2064 12 0 2 1 3 5 0 9 17 42 39 41 17 0 0 0 0 2 1 13 42 15 92 5 3 0 10 26 64 2 27 23
P8150 2065 1 7 47 2 0 0 2 26 56 40 75 3 1 1 1 0 0 0 0 0 0 0 0 4 0 0 0 0 0 0 0 1
P8150 2065 2 5 6 4 23 1 0 0 0 0 0 0 0 0 0 0 0 0 0 6 4 18 0 0 0 6 4 0 2 -999 -999 -999
P8150 2065 3 0 0 0 0 3 10 10 1 8 16 0 0 0 0 0 0 0 19 0 0 0 2 0 27 4 5 16 20 6 30 48
P8150 2065 4 6 5 36 2 1 0 0 0 0 0 45 88 0 0 0 0 0 0 0 0 0 0 0 0 11 16 0 0 2 4 -999
P8150 2065 5 4 0 10 0 0 0 0 17 2 7 0 0 0 0 0 0 5 0 0 0 0 0 0 0 0 0 0 0 0 0 4
P8150 2065 6 4 26 13 13 15 9 9 0 0 0 15 44 4 0 0 0 0 0 0 0 0 0 0 0 0 0 0 0 0 0 -999
P8150 2065 7 0 0 0 0 0 0 0 0 0 0 0 0 0 0 0 0 0 0 0 0 0 0 0 0 0 0 0 0 0 0 0
P8150 2065 8 0 0 0 0 0 0 0 0 0 0 0 0 0 0 0 0 0 0 0 0 0 0 0 0 0 0 0 0 0 0 0
P8150 2065 9 0 0 0 0 0 0 0 0 0 0 0 0 0 0 0 0 0 0 0 0 28 87 91 40 37 15 22 10 0 0 -999
P8150 2065 10 0 0 0 0 0 0 0 0 0 0 0 0 0 0 0 19 32 26 37 1 0 0 4 0 0 0 0 0 0 0 0
P8150 2065 11 0 0 0 0 20 7 4 15 1 0 0 16 30 10 8 0 0 0 0 0 0 0 0 0 5 2 0 0 0 0 -999
P8150 2065 12 0 0 0 0 0 1 0 0 0 6 9 15 4 0 0 0 0 0 12 28 45 9 66 60 25 90 2 6 3 0 3
P8150 2066 1 0 0 1 2 12 0 0 2 2 7 6 3 3 3 3 8 10 2 0 0 0 0 0 0 0 0 0 0 0 0 0
P8150 2066 2 0 0 0 0 0 3 6 9 22 0 0 0 0 0 0 0 0 16 8 0 0 0 0 6 5 42 3 11 -999 -999 -999
P8150 2066 3 10 29 59 50 64 27 32 44 56 20 18 32 13 3 17 14 8 1 0 17 12 9 8 0 2 0 0 8 4 10 25
P8150 2066 4 36 7 0 0 0 0 16 53 0 0 0 0 0 0 0 1 9 14 0 0 0 0 0 0 0 0 0 0 0 0 -999
P8150 2066 5 0 0 0 0 0 0 0 0 0 0 0 0 0 0 0 0 0 0 0 0 0 0 0 0 0 0 0 0 0 0 0
P8150 2066 6 0 0 0 0 0 0 0 0 0 0 0 0 0 0 0 0 0 0 0 0 0 0 0 0 0 0 0 0 0 0 -999
P8150 2066 7 0 0 0 0 0 0 0 0 0 0 0 0 0 0 0 0 0 0 0 0 0 0 0 0 0 0 0 0 0 0 0
P8150 2066 8 0 0 0 0 0 0 0 0 0 0 0 0 0 0 0 0 0 0 0 0 0 0 0 0 0 0 0 0 0 0 0
P8150 2066 9 0 0 0 0 0 0 0 0 0 0 0 0 0 0 0 0 0 0 0 0 0 0 0 0 0 0 0 0 0 0 -999
P8150 2066 10 0 0 0 0 0 0 0 0 0 0 0 0 55 31 35 49 41 12 1 4 0 0 0 0 0 0 17 29 25 8 113
P8150 2066 11 22 9 10 6 8 71 65 63 46 7 0 0 0 0 0 17 14 16 20 96 107 88 4 0 4 28 70 54 123 104 -999
P8150 2066 12 46 66 48 0 0 0 3 5 10 10 4 107 89 165 18 14 150 37 0 0 0 2 4 7 11 40 59 37 11 10 10
P8150 2067 1 17 39 71 54 46 32 32 32 0 3 3 11 41 46 14 25 37 87 48 3 2 28 52 35 10 9 8 5 9 7 2
P8150 2067 2 2 3 2 0 0 0 2 17 98 5 23 26 4 0 0 0 0 2 5 2 8 2 1 2 0 0 0 0 -999 -999 -999
P8150 2067 3 0 0 1 10 0 0 0 0 3 3 2 24 4 3 4 18 8 0 0 0 0 0 0 0 5 4 24 61 2 0 0
P8150 2067 4 0 0 0 0 0 0 4 0 2 0 0 0 0 9 5 0 1 3 5 2 0 0 0 0 5 8 7 23 0 2 -999
P8150 2067 5 0 0 0 0 0 23 11 0 0 0 2 0 4 3 1 0 3 10 34 48 30 14 0 0 0 0 0 0 0 0 0
P8150 2067 6 0 0 0 0 0 0 0 57 0 0 0 0 0 0 0 0 0 0 0 0 0 0 0 0 0 0 0 0 0 0 -999
P8150 2067 7 0 0 0 0 0 0 0 0 0 0 0 0 0 0 0 0 0 0 0 0 0 0 0 0 0 0 0 0 0 0 0
P8150 2067 8 0 0 0 0 0 0 0 0 0 0 0 0 0 0 0 0 0 0 0 0 0 0 0 0 0 0 0 0 0 0 0
P8150 2067 9 0 0 0 0 0 0 0 0 0 0 0 0 0 0 0 0 0 0 0 0 0 0 0 0 0 0 0 0 0 0 -999
P8150 2067 10 0 0 0 0 0 0 9 21 0 0 0 0 0 0 0 0 0 0 0 0 0 0 0 0 0 0 0 0 31 42 57
P8150 2067 11 12 27 94 45 11 34 37 40 89 7 6 14 5 5 27 7 11 56 28 2 0 0 0 2 3 1 0 1 3 2 -999
P8150 2067 12 3 0 0 38 36 50 1 0 28 79 75 24 12 24 9 7 0 0 0 13 3 4 3 0 0 0 0 0 0 0 0
P8150 2068 1 1 0 0 0 0 0 0 0 0 13 9 5 2 0 0 0 2 0 0 2 2 6 8 6 10 10 2 0 86 28 120
P8150 2068 2 7 7 3 1 3 21 10 15 17 29 7 51 6 0 26 87 0 0 0 2 3 0 12 8 8 0 0 0 -999 -999 -999
P8150 2068 3 0 0 0 3 1 1 0 0 83 49 24 17 0 0 0 0 19 0 0 27 4 0 19 20 0 0 0 0 0 22 0
P8150 2068 4 2 3 0 8 11 11 0 0 0 0 0 0 0 0 0 0 0 0 0 0 0 0 3 6 2 0 0 12 4 0 -999
P8150 2068 5 0 0 0 3 0 0 0 0 0 7 3 52 24 9 32 11 9 11 13 6 15 0 0 0 0 0 0 0 0 0 0
P8150 2068 6 0 0 0 0 0 0 0 0 0 0 0 0 0 0 0 0 0 0 0 0 0 0 0 0 0 0 0 0 0 0 -999
P8150 2068 7 0 0 0 0 0 0 0 0 0 0 0 0 0 0 0 0 0 0 0 0 0 0 0 0 0 0 0 0 0 0 0
P8150 2068 8 0 0 0 0 0 0 0 0 0 0 0 0 0 0 0 0 0 0 0 0 0 0 0 0 0 0 0 0 0 0 0
P8150 2068 9 0 0 0 0 0 0 0 0 0 0 0 0 0 0 0 0 0 0 0 0 91 79 42 42 36 0 19 0 0 0 -999
P8150 2068 10 0 0 0 0 0 0 9 8 0 0 0 0 33 6 0 0 0 0 0 3 12 4 30 10 2 0 0 0 18 2 10
P8150 2068 11 0 0 0 0 0 0 0 0 0 0 0 0 0 0 8 15 4 7 3 2 59 92 11 20 15 0 0 0 41 59 -999
P8150 2068 12 0 26 22 29 50 59 4 9 38 6 32 5 8 8 40 34 23 38 67 9 4 2 0 0 0 2 6 3 0 0 0
P8150 2069 1 0 0 0 0 0 1 2 1 1 26 11 4 1 0 0 0 0 0 0 0 0 0 0 0 12 21 17 77 146 107 101
P8150 2069 2 11 19 29 3 74 4 13 15 78 25 2 4 6 9 2 0 0 0 0 0 0 0 2 0 1 0 0 2 -999 -999 -999
P8150 2069 3 27 46 6 3 6 34 25 5 18 26 16 2 0 0 0 0 0 0 0 0 0 0 0 3 1 0 2 5 20 3 0
P8150 2069 4 3 0 0 0 0 0 16 50 7 9 34 53 8 62 45 27 10 23 21 21 7 1 0 0 0 0 0 19 33 27 -999
P8150 2069 5 36 17 9 10 3 25 39 43 8 7 0 0 0 0 0 0 0 0 0 13 0 0 0 0 0 0 0 0 3 0 0
P8150 2069 6 0 0 0 0 0 0 0 0 0 0 0 0 0 0 0 0 0 0 0 0 0 0 0 0 0 0 0 0 0 0 -999
P8150 2069 7 0 2 0 0 0 0 0 0 0 0 0 0 0 0 0 0 0 0 0 0 0 0 0 0 0 0 0 0 0 0 0
P8150 2069 8 0 0 0 0 0 0 0 0 0 0 0 0 0 0 0 0 0 0 0 0 0 0 0 0 0 0 0 0 0 0 0
P8150 2069 9 0 0 0 0 0 0 0 0 12 0 0 0 0 0 0 0 0 0 0 0 0 0 0 0 0 0 9 5 60 9 -999
P8150 2069 10 29 34 27 9 0 0 0 0 0 0 0 0 0 0 7 3 4 0 0 2 2 11 50 14 6 1 0 0 0 0 17
P8150 2069 11 64 35 81 17 0 0 0 13 30 64 108 123 86 23 19 0 0 0 0 0 7 0 12 57 2 28 4 102 57 2 -999
P8150 2069 12 2 32 80 61 69 24 19 4 0 0 0 0 8 0 0 0 0 0 0 0 0 4 47 23 0 0 4 0 15 0 0
P8150 2070 1 13 42 5 9 22 8 2 3 52 5 5 0 0 1 0 0 3 3 8 29 72 38 48 34 27 27 108 11 6 79 44
P8150 2070 2 12 111 97 12 2 2 6 2 2 134 25 7 0 0 10 23 16 0 0 0 6 12 105 62 62 7 79 9 -999 -999 -999
P8150 2070 3 24 0 0 0 3 0 0 0 20 26 42 53 11 0 0 0 0 12 50 4 81 20 11 5 27 0 0 0 0 0 0
P8150 2070 4 17 48 2 0 29 21 21 41 30 18 14 12 2 3 17 18 15 0 0 0 0 10 8 4 7 2 2 6 0 0 -999
P8150 2070 5 0 0 0 6 13 2 19 10 0 4 0 3 21 97 18 8 3 6 2 0 0 0 0 0 0 0 0 0 0 0 0
P8150 2070 6 0 0 0 0 0 0 0 0 0 0 0 0 0 0 0 0 0 0 0 0 0 0 0 0 0 0 0 0 0 0 -999
P8150 2070 7 0 0 0 0 0 0 0 0 0 0 0 0 0 0 0 0 0 0 0 0 0 0 0 0 0 0 0 0 0 0 0
P8150 2070 8 0 0 0 0 0 0 0 0 0 0 0 0 0 0 0 0 0 0 0 0 0 0 0 0 0 0 0 0 0 0 0
P8150 2070 9 0 0 0 0 0 0 0 0 0 0 0 0 0 0 0 0 0 0 0 0 0 0 0 0 0 0 0 36 4 38 -999
P8150 2070 10 0 0 0 0 0 0 0 93 0 60 55 26 54 37 0 0 0 5 71 52 55 33 28 1 0 0 0 0 0 4 33
P8150 2070 11 0 80 61 50 2 4 21 16 25 4 25 111 61 15 2 7 33 1 8 24 18 58 49 16 6 0 0 0 0 0 -999
P8150 2070 12 0 0 2 0 0 0 0 0 0 2 1 1 0 0 0 0 0 0 2 4 0 41 12 4 4 3 10 18 20 23 1
P8150 2071 1 0 3 5 14 2 0 0 0 6 26 25 11 25 37 81 31 19 20 32 19 21 10 80 112 36 1 2 1 4 7 35
P8150 2071 2 22 4 0 2 34 24 8 8 2 0 0 1 1 0 0 0 0 0 8 7 34 13 3 2 3 51 48 0 -999 -999 -999
P8150 2071 3 0 0 0 0 2 1 4 1 1 25 13 0 0 0 0 0 0 0 4 0 0 0 0 0 0 0 0 0 4 1 0
P8150 2071 4 0 0 0 0 0 0 0 0 0 0 0 0 0 0 0 0 0 0 0 0 12 0 0 0 0 0 0 0 0 0 -999
P8150 2071 5 0 0 0 0 0 0 0 0 0 0 0 0 0 7 14 1 6 0 0 0 0 0 0 0 0 0 0 0 0 0 0
P8150 2071 6 0 0 0 0 0 0 0 18 3 0 0 0 0 0 0 0 0 0 0 0 0 0 0 0 0 0 0 0 0 0 -999
P8150 2071 7 0 0 0 0 0 0 0 0 0 0 0 0 0 0 0 0 0 0 0 0 0 0 0 0 0 0 0 0 0 0 0
P8150 2071 8 0 0 0 0 0 0 0 0 0 0 0 0 0 0 0 0 0 0 0 0 0 0 0 0 0 0 0 0 0 0 0
P8150 2071 9 0 0 0 0 0 0 0 0 0 0 0 0 0 0 0 0 0 0 0 0 0 0 0 0 0 0 0 0 0 0 -999
P8150 2071 10 0 0 0 0 0 0 0 0 16 2 1 0 0 0 0 0 0 0 0 0 0 0 0 0 27 0 0 0 0 0 0
P8150 2071 11 13 20 3 0 3 10 27 44 78 23 4 34 0 0 0 16 0 0 0 0 0 0 0 0 0 12 6 0 0 0 -999
P8150 2071 12 0 2 1 0 5 5 3 0 0 0 0 0 0 0 0 0 0 0 0 0 0 0 0 0 0 0 0 0 0 0 0
P8150 2072 1 0 0 0 0 0 1 0 0 2 10 1 2 0 5 8 1 0 0 0 0 15 19 43 1 0 0 1 12 74 2 8
P8150 2072 2 1 0 1 11 70 19 4 7 4 92 28 95 69 63 27 31 25 36 34 46 104 106 70 14 2 20 19 1 -999 -999 -999
P8150 2072 3 0 0 0 18 18 11 63 28 1 3 10 9 0 0 0 0 0 11 16 0 0 0 8 1 0 0 0 0 0 0 0
P8150 2072 4 0 0 0 0 0 23 33 63 60 14 39 2 0 11 33 66 26 0 0 0 0 0 35 32 0 0 0 0 0 0 -999
P8150 2072 5 0 0 0 39 0 0 0 0 18 0 0 0 0 0 0 0 0 0 0 0 0 0 0 0 0 0 0 0 0 0 0
P8150 2072 6 0 0 21 12 0 0 0 0 0 0 0 0 0 0 0 0 0 0 0 0 0 0 0 0 0 0 0 0 0 0 -999
P8150 2072 7 0 0 0 0 0 0 0 0 0 0 0 0 0 0 0 0 0 0 0 0 0 0 0 0 0 0 0 0 0 0 0
P8150 2072 8 0 0 0 0 0 0 0 0 0 0 0 0 0 0 0 0 0 0 0 0 0 0 0 0 0 0 0 0 0 0 0
P8150 2072 9 0 0 0 0 0 0 0 0 0 0 0 0 0 0 0 0 0 0 0 0 0 0 0 0 0 0 0 0 0 0 -999
P8150 2072 10 30 13 0 7 0 0 0 0 0 0 0 0 0 0 0 0 0 11 4 10 3 15 18 19 22 35 5 0 0 15 88
P8150 2072 11 2 12 0 42 25 38 44 66 121 73 59 11 1 0 0 0 0 0 0 0 0 4 20 52 6 66 128 2 0 0 -999
P8150 2072 12 0 0 0 0 1 23 29 7 0 3 3 0 0 0 0 0 0 0 0 0 0 0 3 0 0 0 1 0 0 0 0
P8150 2073 1 0 0 0 0 1 7 0 0 0 0 0 0 0 0 0 0 0 0 0 0 0 0 0 0 0 0 0 0 0 0 0
P8150 2073 2 0 0 1 5 5 3 3 4 37 112 23 6 10 94 8 5 8 1 1 0 2 0 7 0 0 0 0 0 -999 -999 -999
P8150 2073 3 0 0 0 0 0 0 0 8 7 8 1 0 0 0 3 13 5 2 17 19 7 5 0 0 0 0 0 2 1 0 0
P8150 2073 4 0 0 0 0 0 0 0 0 0 0 0 0 0 0 14 23 6 0 0 0 0 0 0 13 4 0 0 0 0 0 -999
P8150 2073 5 15 0 0 0 0 0 0 0 0 0 0 0 0 0 0 20 10 6 19 13 0 0 16 27 3 0 2 3 0 0 0
P8150 2073 6 0 0 0 0 0 0 0 0 0 0 0 0 0 0 0 0 0 0 0 0 0 0 0 0 0 0 0 0 0 0 -999
P8150 2073 7 0 0 0 0 0 0 0 0 0 0 0 0 0 0 0 0 0 0 0 0 0 0 0 0 0 0 0 0 0 0 0
P8150 2073 8 0 0 0 0 0 0 0 0 0 0 0 0 0 0 0 0 0 0 0 0 0 0 0 0 0 0 0 0 0 0 0
P8150 2073 9 0 0 0 14 0 6 0 0 0 0 0 0 0 0 0 0 0 0 0 0 0 0 3 0 0 0 0 0 0 0 -999
P8150 2073 10 0 0 0 0 0 0 11 80 0 51 43 0 0 0 0 0 0 0 9 6 0 0 0 0 0 0 18 23 0 3 0
P8150 2073 11 5 3 0 0 0 3 45 52 86 100 11 5 1 0 0 0 0 0 0 0 0 7 0 3 4 14 14 6 8 15 -999
P8150 2073 12 34 45 21 32 4 11 4 2 0 0 0 0 0 0 0 0 1 2 5 10 8 4 0 3 49 1 2 0 0 0 0
P8150 2074 1 0 0 0 0 0 0 0 0 0 1 0 1 0 0 0 0 0 51 43 34 0 0 0 0 0 7 5 2 3 0 0
P8150 2074 2 0 0 0 0 0 0 4 6 25 1 2 0 4 2 0 0 0 0 0 0 1 3 3 0 4 5 0 0 -999 -999 -999
P8150 2074 3 12 17 10 0 0 0 0 0 0 0 0 11 0 0 3 0 0 0 0 0 2 0 0 0 0 0 0 0 0 0 0
P8150 2074 4 0 0 0 0 0 0 0 0 0 0 0 0 0 0 0 0 0 0 0 0 0 0 0 0 0 43 9 2 0 0 -999
P8150 2074 5 0 0 0 0 0 49 23 26 37 44 123 51 9 0 0 0 0 0 11 18 22 12 10 0 0 0 0 0 0 0 0
P8150 2074 6 0 0 0 0 0 0 0 0 0 0 0 0 0 0 0 0 0 0 0 0 0 0 0 0 0 0 0 0 0 0 -999
P8150 2074 7 0 0 0 0 0 0 0 0 0 0 0 0 0 0 0 0 0 0 0 0 0 0 0 0 0 0 0 0 0 0 0
P8150 2074 8 0 0 0 0 0 0 0 0 0 0 0 0 0 0 0 0 0 0 0 0 0 0 0 0 0 0 0 0 0 0 0
P8150 2074 9 0 0 0 0 0 0 0 0 0 0 0 0 0 0 0 0 0 0 0 0 0 8 0 6 2 13 0 5 0 0 -999
P8150 2074 10 0 0 2 0 0 0 0 4 20 2 0 0 0 0 0 0 0 0 3 0 0 0 0 0 0 0 0 17 24 2 4
P8150 2074 11 0 3 3 0 0 0 0 14 21 38 0 0 0 0 0 20 3 2 1 0 0 0 79 105 80 32 0 3 1 0 -999
P8150 2074 12 0 0 7 43 0 0 0 10 0 2 2 6 46 31 57 107 54 19 25 19 74 14 3 0 0 0 53 43 72 11 23
P8150 2075 1 117 137 85 25 23 3 4 1 1 1 12 6 32 2 2 1 0 0 0 0 0 0 0 0 0 0 10 2 5 11 11
P8150 2075 2 11 1 3 0 67 21 15 12 2 0 24 28 22 9 4 5 2 0 9 7 86 13 2 1 0 0 0 0 -999 -999 -999
P8150 2075 3 0 0 0 11 19 50 18 0 0 111 50 28 70 23 0 3 4 25 55 28 22 19 31 33 12 18 25 7 15 36 18
P8150 2075 4 28 0 12 0 0 0 0 0 0 0 0 0 0 0 0 0 0 0 3 3 6 4 0 0 0 0 0 0 0 18 -999
P8150 2075 5 43 52 92 29 45 71 48 14 0 0 0 13 15 19 7 10 47 30 17 7 5 7 0 0 0 0 0 0 0 0 0
P8150 2075 6 0 0 0 0 0 0 0 0 0 0 0 0 0 0 0 0 0 0 0 0 0 0 0 0 0 0 0 0 0 0 -999
P8150 2075 7 0 0 0 0 0 0 0 0 0 0 0 0 0 0 0 0 0 0 0 0 0 0 0 0 0 0 0 0 0 0 0
P8150 2075 8 0 0 0 0 0 0 0 0 0 0 0 0 0 0 0 0 0 0 0 0 0 0 0 0 0 0 0 0 0 0 0
P8150 2075 9 0 0 0 0 0 0 0 0 0 0 0 0 0 0 0 0 0 0 0 0 0 0 0 0 0 0 0 62 17 17 -999
P8150 2075 10 0 0 16 6 4 0 0 11 4 0 0 0 0 0 0 0 0 0 33 36 3 0 0 0 0 0 17 20 1 0 0
P8150 2075 11 18 1 3 36 23 0 84 17 86 10 5 12 33 26 5 11 105 8 2 4 6 5 0 15 8 15 26 1 2 1 -999
P8150 2075 12 0 2 0 4 7 48 46 9 141 2 3 9 20 4 1 1 0 0 0 0 0 1 0 0 0 3 1 0 1 0 0
P8150 2076 1 0 0 0 0 0 0 0 0 0 1 1 1 0 3 1 0 0 4 2 0 0 0 0 0 0 0 3 3 0 1 0
P8150 2076 2 4 2 2 0 0 3 0 3 19 0 0 0 0 0 0 0 0 0 1 1 1 0 0 0 0 0 0 0 -999 -999 -999
P8150 2076 3 0 0 0 0 7 8 0 0 20 33 3 0 0 19 31 41 39 56 3 0 0 0 0 0 0 0 0 0 0 0 0
P8150 2076 4 0 0 0 17 0 0 0 0 0 0 0 17 1 0 0 0 0 0 0 0 67 54 51 38 11 0 50 16 0 0 -999
P8150 2076 5 11 0 12 4 0 0 0 0 0 0 0 0 0 0 0 0 0 9 23 71 24 8 6 0 0 0 24 63 9 12 2
P8150 2076 6 9 0 0 0 0 0 0 0 0 0 0 0 0 0 0 0 0 0 0 0 0 0 0 0 0 0 0 0 0 0 -999
P8150 2076 7 0 0 0 0 0 0 0 0 0 0 0 0 0 0 0 0 0 0 0 0 0 0 0 0 0 0 0 0 0 0 0
P8150 2076 8 0 0 0 0 0 0 0 0 0 0 0 0 0 0 0 0 0 0 0 0 0 0 0 0 0 0 0 0 0 0 0
P8150 2076 9 0 0 0 0 0 0 0 0 0 0 0 0 0 0 0 0 0 0 0 0 0 0 25 0 0 0 18 72 20 4 -999
P8150 2076 10 0 4 16 0 0 0 0 0 0 0 23 18 92 26 60 3 3 54 0 0 2 1 4 5 4 0 0 0 0 0 0
P8150 2076 11 0 0 0 2 0 0 0 7 20 26 24 19 1 1 1 0 0 19 1 1 0 0 0 10 15 0 0 0 0 0 -999
P8150 2076 12 0 0 0 0 0 0 0 2 3 0 0 0 0 0 2 1 0 0 0 0 0 0 0 0 0 0 1 0 5 3 0
P8150 2077 1 0 0 0 0 0 3 0 0 0 0 0 3 22 39 9 3 0 0 0 0 0 12 53 40 53 15 39 8 2 1 5
P8150 2077 2 3 0 5 22 34 86 1 0 0 0 0 12 9 3 13 17 17 0 0 0 0 0 0 0 0 0 0 0 -999 -999 -999
P8150 2077 3 0 0 10 0 0 14 3 15 15 16 39 13 20 34 1 80 0 152 48 4 0 0 0 0 0 8 5 3 1 0 0
P8150 2077 4 0 0 0 0 0 0 2 13 23 3 3 0 0 0 0 0 0 0 0 0 0 0 0 0 0 0 0 0 0 0 -999
P8150 2077 5 0 0 0 0 0 0 0 0 0 0 0 0 0 0 0 0 0 0 0 0 0 0 0 95 71 48 41 12 0 0 0
P8150 2077 6 0 0 0 0 0 0 0 0 0 0 1 3 4 5 0 0 0 0 0 0 0 0 0 0 0 0 0 0 0 0 -999
P8150 2077 7 0 0 0 0 0 0 0 0 0 0 0 0 0 0 0 0 0 0 0 0 0 0 0 0 0 0 0 0 0 0 0
P8150 2077 8 0 0 0 0 0 0 0 0 0 0 0 0 0 0 0 0 0 0 0 0 0 0 0 0 0 0 0 0 0 0 0
P8150 2077 9 0 0 0 0 0 0 0 0 0 0 0 0 0 0 0 0 0 0 0 0 0 0 0 0 0 0 0 16 0 0 -999
P8150 2077 10 0 0 0 0 0 0 0 0 0 0 0 0 0 9 5 0 0 15 8 8 5 23 39 1 0 0 0 7 0 0 0
P8150 2077 11 0 1 33 55 126 27 104 82 30 11 6 54 50 20 20 62 71 57 2 4 19 43 18 24 11 0 51 20 8 0 -999
P8150 2077 12 0 0 0 0 0 0 0 10 17 48 73 28 22 88 57 14 105 24 96 53 84 31 42 103 89 58 44 76 28 5 10
P8150 2078 1 0 55 34 20 16 72 6 42 5 49 1 0 0 0 0 0 0 0 0 0 0 12 12 1 0 0 0 0 0 0 0
P8150 2078 2 0 23 3 8 6 20 50 2 4 3 10 4 4 5 3 0 2 9 0 0 1 0 2 3 0 0 0 0 -999 -999 -999
P8150 2078 3 0 0 0 0 0 16 4 2 0 0 57 8 9 98 5 0 0 11 0 0 0 1 6 4 0 0 25 4 15 25 5
P8150 2078 4 40 20 1 58 38 32 7 2 5 0 0 0 0 3 0 3 7 67 40 6 0 0 0 0 0 0 0 7 82 6 -999
P8150 2078 5 9 8 0 22 12 9 21 6 0 0 17 17 41 13 19 40 29 11 0 0 0 0 0 0 0 0 0 0 0 0 0
P8150 2078 6 0 0 0 0 0 0 0 0 0 0 0 0 0 0 0 0 0 0 0 0 0 0 0 0 0 0 0 0 0 0 -999
P8150 2078 7 0 0 0 0 0 0 0 0 0 0 0 0 0 0 0 0 0 0 0 0 0 0 0 0 0 0 0 0 0 0 0
P8150 2078 8 0 0 0 0 0 0 0 0 0 0 0 0 0 0 0 0 0 0 0 0 0 0 0 0 0 0 0 0 0 0 0
P8150 2078 9 0 0 49 64 10 0 0 0 0 0 0 0 0 0 0 0 0 0 0 0 0 0 0 0 0 0 0 0 0 0 -999
P8150 2078 10 0 0 0 0 0 0 0 0 0 0 0 0 0 0 0 0 0 0 0 0 0 0 0 0 0 0 0 0 0 0 0
P8150 2078 11 0 0 80 44 2 0 0 0 0 0 0 0 0 0 0 0 0 0 0 1 0 0 7 9 0 0 3 47 6 9 -999
P8150 2078 12 0 0 0 0 0 0 0 6 0 0 1 0 0 0 1 2 2 0 0 0 0 0 0 0 15 9 12 43 9 73 73
P8150 2079 1 1 0 3 2 0 3 0 3 4 0 2 0 4 0 0 0 0 0 0 0 0 0 0 0 0 0 16 5 0 0 0
P8150 2079 2 0 20 0 2 32 36 3 51 30 1 0 0 0 5 0 0 0 35 55 25 63 19 64 50 57 39 48 33 -999 -999 -999
P8150 2079 3 9 57 3 10 4 3 0 4 0 6 6 20 0 0 0 0 0 0 0 7 62 31 18 7 0 0 0 0 0 9 8
P8150 2079 4 6 23 18 4 0 6 26 9 4 0 0 0 0 0 0 0 0 0 0 0 0 0 0 0 0 0 0 0 0 6 -999
P8150 2079 5 11 7 3 0 0 0 0 0 0 0 0 0 0 0 0 0 0 0 0 0 0 0 0 0 0 0 0 0 0 0 0
P8150 2079 6 0 0 0 0 0 0 0 0 0 0 0 0 0 0 0 0 0 0 0 0 0 0 0 0 0 0 0 0 0 0 -999
P8150 2079 7 0 0 0 0 0 0 0 0 0 0 0 0 0 0 0 0 0 0 0 0 0 0 0 0 0 0 0 0 0 0 0
P8150 2079 8 0 0 0 0 0 0 0 0 0 0 0 0 0 0 0 0 0 0 0 0 0 0 0 0 0 0 0 0 0 0 0
P8150 2079 9 0 0 0 0 0 0 0 0 0 0 19 0 0 0 0 0 0 0 0 0 0 0 0 0 0 0 0 0 0 33 -999
P8150 2079 10 0 0 0 0 0 0 0 0 0 0 0 0 0 0 0 0 0 26 75 57 37 65 7 7 11 6 8 0 0 0 0
P8150 2079 11 0 7 10 0 30 0 0 0 0 0 6 0 0 0 0 0 0 0 0 0 6 0 43 5 12 32 40 6 30 56 -999
P8150 2079 12 1 0 0 0 33 6 81 53 37 24 2 0 0 0 49 75 143 99 115 5 17 8 1 0 0 0 0 0 1 0 0
P8150 2080 1 0 0 0 4 3 0 0 0 0 0 0 2 0 1 0 0 0 0 4 2 2 11 52 17 7 3 3 3 2 4 0
P8150 2080 2 2 0 0 1 0 0 0 0 0 2 40 25 6 3 0 0 0 0 0 0 2 2 2 1 0 0 0 0 -999 -999 -999
P8150 2080 3 0 0 0 0 0 0 0 0 1 0 0 0 0 0 0 0 0 0 0 0 0 0 6 0 0 0 0 0 0 0 0
P8150 2080 4 17 11 14 8 52 26 38 25 33 5 5 0 0 0 0 20 27 9 24 8 1 0 0 0 17 0 0 0 0 0 -999
P8150 2080 5 26 30 2 0 0 0 0 0 0 0 0 0 0 0 0 0 0 6 0 0 0 0 0 0 0 0 0 0 0 0 0
P8150 2080 6 0 0 0 0 0 0 0 0 0 0 0 0 0 0 0 0 0 0 0 0 0 0 0 0 0 0 0 0 0 0 -999
P8150 2080 7 0 0 0 0 0 0 0 0 0 0 0 0 0 0 0 0 0 0 0 0 0 0 0 0 0 0 0 0 0 0 0
P8150 2080 8 0 0 0 0 0 0 0 0 0 0 0 0 0 0 0 0 0 0 0 0 0 0 0 6 14 2 0 0 0 0 0
P8150 2080 9 0 0 0 0 0 0 0 0 0 0 0 0 18 9 0 0 0 0 0 0 0 0 0 53 56 2 0 0 0 0 -999
P8150 2080 10 0 0 0 0 0 0 0 0 0 0 0 6 2 0 0 0 0 0 0 0 0 5 0 37 9 13 4 0 0 0 0
P8150 2080 11 0 0 0 8 10 1 0 0 0 5 4 0 0 0 0 15 10 0 0 0 13 0 0 0 0 10 5 49 1 0 -999
P8150 2080 12 0 0 0 0 0 0 2 4 5 68 45 1 2 49 3 0 0 0 0 0 0 6 40 41 86 0 0 2 0 4 0
P8150 2081 1 0 0 0 0 0 0 0 0 0 0 0 0 0 0 0 0 2 8 19 39 47 120 6 0 19 13 12 0 0 0 0
P8150 2081 2 0 21 56 17 2 2 3 0 2 0 0 0 0 0 0 0 0 33 1 47 28 22 22 2 4 2 3 6 -999 -999 -999
P8150 2081 3 0 0 0 0 0 0 0 0 0 2 6 8 63 82 42 7 77 6 51 15 14 21 22 8 24 19 29 49 9 36 30
P8150 2081 4 33 4 2 23 3 0 0 0 0 0 0 0 0 0 0 0 0 0 0 0 0 0 0 0 0 0 0 8 4 0 -999
P8150 2081 5 0 0 0 0 0 5 6 2 0 0 2 0 0 0 0 0 0 0 0 0 0 0 6 0 0 0 5 39 20 11 0
P8150 2081 6 0 0 0 0 0 0 0 0 22 36 42 10 0 0 0 0 0 0 0 0 0 0 0 0 0 0 0 0 0 0 -999
P8150 2081 7 0 0 0 0 0 0 0 0 0 0 0 0 0 0 0 0 0 0 0 0 0 0 0 0 0 0 0 0 0 0 0
P8150 2081 8 0 0 0 0 0 0 0 0 0 0 0 0 0 0 0 0 0 0 0 0 0 0 0 0 0 0 0 0 0 0 0
P8150 2081 9 0 0 0 0 0 0 0 0 0 0 0 0 0 0 0 0 0 0 0 0 0 0 0 0 0 0 0 0 0 0 -999
P8150 2081 10 0 0 32 0 0 0 0 0 0 19 79 9 28 8 31 42 47 107 46 39 20 0 0 0 0 0 0 0 0 0 24
P8150 2081 11 0 0 58 86 21 5 0 0 0 64 64 4 10 38 29 21 12 9 76 158 42 51 70 4 0 0 0 0 39 22 -999
P8150 2081 12 53 27 14 22 26 3 48 59 2 0 0 0 0 0 0 0 0 0 0 23 47 19 82 4 11 27 2 60 20 0 0
P8150 2082 1 0 0 0 0 0 0 6 1 1 0 0 0 0 5 43 113 2 4 5 1 0 0 0 0 0 5 40 21 22 11 0
P8150 2082 2 0 0 0 7 6 2 2 0 0 0 3 0 0 0 0 0 0 0 0 0 0 0 0 0 0 0 0 0 -999 -999 -999
P8150 2082 3 0 0 3 0 0 0 0 0 0 4 5 0 0 1 0 5 6 18 49 60 0 8 16 5 2 0 5 0 2 2 3
P8150 2082 4 8 0 44 43 6 32 40 45 42 43 60 43 42 0 0 42 15 0 17 71 35 0 0 0 0 0 0 6 8 0 -999
P8150 2082 5 0 0 0 0 0 0 0 0 0 0 0 0 0 0 0 0 0 0 0 0 0 0 0 0 0 0 0 0 0 0 0
P8150 2082 6 0 0 0 0 0 6 21 33 12 14 0 0 0 0 0 0 22 14 14 0 0 0 0 0 0 0 0 0 0 0 -999
P8150 2082 7 0 0 0 0 0 0 0 0 0 0 0 0 0 0 0 0 0 0 0 0 0 0 0 0 0 0 0 0 0 0 0
P8150 2082 8 0 0 0 0 0 0 0 0 0 0 0 0 0 0 0 0 0 0 0 0 0 0 0 0 0 0 0 0 0 0 0
P8150 2082 9 0 0 0 0 0 0 0 0 0 0 0 0 0 0 0 0 0 0 0 0 0 0 0 0 0 0 0 0 0 0 -999
P8150 2082 10 0 0 0 0 0 0 0 0 0 0 0 0 0 5 0 0 0 31 3 146 114 1 2 41 4 10 0 0 0 0 0
P8150 2082 11 0 0 0 0 0 0 0 0 0 4 8 10 8 16 14 23 20 4 3 24 7 42 29 7 2 1 4 9 82 6 -999
P8150 2082 12 1 5 3 0 0 0 0 0 0 0 0 0 0 0 0 0 0 0 0 0 0 0 0 0 0 0 0 0 0 5 0
P8150 2083 1 0 1 0 0 0 4 6 23 10 6 0 0 4 75 23 38 37 16 0 51 41 115 44 6 64 25 32 5 0 27 10
P8150 2083 2 14 21 51 3 5 0 0 7 54 33 143 23 109 6 11 10 37 46 32 5 24 78 9 35 14 19 20 48 -999 -999 -999
P8150 2083 3 35 0 0 0 0 0 7 2 0 0 13 0 0 0 10 0 0 0 0 2 0 0 0 0 0 1 0 0 15 3 2
P8150 2083 4 15 31 9 3 2 0 0 0 0 16 6 5 7 0 0 10 0 11 3 3 9 7 1 0 0 0 0 0 0 0 -999
P8150 2083 5 0 0 14 0 0 0 0 0 0 6 0 0 0 0 0 0 0 0 0 0 0 0 0 0 0 0 0 0 0 0 0
P8150 2083 6 0 0 0 0 0 0 0 0 0 0 0 0 0 0 0 0 0 0 0 0 0 0 0 0 0 0 0 0 0 0 -999
P8150 2083 7 0 0 0 0 0 0 0 0 0 0 0 0 0 0 0 0 0 0 0 0 0 0 0 0 0 0 0 0 0 0 0
P8150 2083 8 0 0 0 0 0 0 0 0 0 0 0 0 0 0 0 0 0 0 0 0 0 0 0 0 0 0 0 0 0 0 0
P8150 2083 9 0 0 0 0 0 0 0 0 0 0 0 0 0 0 0 0 0 0 0 0 0 0 0 0 0 0 0 0 0 46 -999
P8150 2083 10 42 19 0 0 0 0 0 0 0 0 0 0 0 0 0 0 0 0 0 0 0 0 0 0 0 0 0 0 0 0 0
P8150 2083 11 0 0 14 0 0 24 20 7 22 14 0 12 26 47 5 14 37 24 23 10 5 3 25 39 0 3 1 2 0 0 -999
P8150 2083 12 0 0 0 0 0 1 5 3 0 9 6 12 5 0 1 7 27 11 0 0 0 0 0 0 0 0 0 0 0 0 3
P8150 2084 1 4 9 10 3 0 0 20 2 0 0 0 0 1 0 0 0 9 110 71 4 6 59 33 1 0 0 0 0 0 0 0
P8150 2084 2 0 0 8 3 0 0 0 0 0 0 5 39 25 4 0 0 4 2 6 12 1 0 16 34 9 47 11 4 -999 -999 -999
P8150 2084 3 5 42 7 18 17 16 0 0 0 13 32 23 72 12 4 66 18 18 2 42 123 10 19 19 14 0 0 3 17 57 52
P8150 2084 4 33 24 100 44 46 9 29 69 55 6 41 7 0 7 12 3 0 0 8 0 0 0 0 0 0 0 0 0 0 0 -999
P8150 2084 5 0 0 0 0 0 0 0 4 0 0 0 0 0 0 0 0 0 0 0 0 0 0 0 0 0 0 0 0 0 0 0
P8150 2084 6 0 0 0 0 0 0 0 0 0 0 0 0 0 0 0 0 0 0 0 0 0 0 0 0 0 0 0 0 0 0 -999
P8150 2084 7 0 0 0 0 0 0 0 0 0 0 0 0 0 0 0 0 0 0 0 0 0 0 0 0 0 0 0 0 0 0 0
P8150 2084 8 0 0 0 0 0 0 0 0 0 0 0 0 0 0 0 0 0 0 0 0 0 0 0 0 0 0 0 0 0 0 0
P8150 2084 9 0 0 0 0 0 0 0 0 0 0 0 0 0 0 0 0 0 0 0 0 0 0 0 0 0 0 0 0 0 0 -999
P8150 2084 10 0 0 0 0 0 0 0 0 0 0 0 0 0 0 0 8 0 0 0 0 0 0 0 2 0 0 0 0 0 0 0
P8150 2084 11 0 0 0 0 79 25 18 9 81 36 49 105 44 72 0 0 0 2 0 0 0 0 0 0 0 0 0 0 0 2 -999
P8150 2084 12 2 0 0 7 6 0 0 0 0 0 0 0 0 0 0 0 2 0 2 0 0 0 2 2 4 8 1 8 1 0 0
P8150 2085 1 0 0 0 0 0 0 0 0 0 0 0 0 0 1 3 0 0 0 0 0 0 0 0 0 6 2 2 0 0 0 0
P8150 2085 2 0 0 0 1 0 0 0 0 0 0 0 0 0 0 0 10 32 0 0 0 0 0 4 0 0 0 2 0 -999 -999 -999
P8150 2085 3 0 0 0 0 13 0 0 0 0 0 4 18 32 0 0 0 0 24 14 9 52 25 38 14 9 0 24 15 13 17 28
P8150 2085 4 66 23 62 11 16 0 0 0 0 0 0 0 0 0 17 0 0 0 0 0 0 0 0 0 0 0 9 7 7 12 -999
P8150 2085 5 17 0 0 27 3 0 2 0 0 26 20 12 18 3 0 0 0 0 5 6 0 0 0 0 3 0 0 0 0 0 0
P8150 2085 6 0 0 0 0 0 0 0 0 0 0 0 0 0 0 0 0 0 0 0 0 0 0 0 0 0 0 0 0 0 0 -999
P8150 2085 7 0 0 0 0 0 0 0 0 0 0 0 0 0 0 0 0 0 0 0 0 0 0 0 0 0 0 0 0 0 0 0
P8150 2085 8 0 0 0 0 0 0 0 0 0 0 0 0 0 0 0 0 0 0 0 0 0 0 0 0 0 0 0 0 0 0 0
P8150 2085 9 0 0 0 0 0 0 0 0 0 0 0 0 0 0 0 0 0 0 0 0 0 9 0 0 0 0 0 0 0 0 -999
P8150 2085 10 0 0 0 0 3 0 0 0 28 0 0 0 0 0 0 0 0 0 0 0 0 0 0 2 0 0 7 0 0 0 0
P8150 2085 11 0 14 52 52 9 7 3 4 0 0 0 0 0 0 0 0 0 14 59 52 135 79 9 97 35 5 87 2 15 9 -999
P8150 2085 12 32 93 10 14 49 16 2 0 0 34 19 21 7 11 3 0 0 0 0 0 2 25 27 42 37 5 9 3 31 5 97
P8150 2086 1 54 30 65 39 3 0 0 0 0 0 0 0 0 0 0 3 0 0 0 0 0 0 0 0 0 0 0 0 0 0 0
P8150 2086 2 0 0 0 0 0 0 0 0 0 0 0 0 15 6 3 15 10 24 4 2 24 1 0 0 0 0 1 1 -999 -999 -999
P8150 2086 3 0 0 0 0 0 0 0 0 0 0 0 0 0 0 0 0 0 0 0 3 0 14 0 0 0 0 0 0 0 0 13
P8150 2086 4 29 19 0 0 0 0 10 8 4 5 5 0 0 20 71 38 22 33 45 18 10 17 25 21 0 0 78 20 0 0 -999
P8150 2086 5 0 0 8 0 0 0 0 0 0 0 0 0 0 0 0 0 0 9 5 4 0 0 0 0 1 0 0 0 0 0 0
P8150 2086 6 0 0 0 0 0 0 0 0 0 0 0 0 0 0 0 0 0 0 0 0 0 0 0 0 0 0 0 0 0 0 -999
P8150 2086 7 0 0 0 0 0 0 0 0 0 0 0 0 0 0 0 0 0 0 0 0 0 0 0 0 0 0 0 0 0 0 0
P8150 2086 8 0 0 0 0 0 0 0 0 0 0 0 0 0 0 0 0 0 0 0 0 0 0 0 0 0 0 0 0 0 0 0
P8150 2086 9 0 0 0 0 0 0 0 0 0 0 0 0 37 0 0 22 17 9 0 0 0 0 0 5 0 0 0 0 0 0 -999
P8150 2086 10 0 5 0 0 0 0 0 0 0 0 0 10 0 0 2 3 3 0 0 0 0 0 13 26 16 5 9 0 1 6 6
P8150 2086 11 0 0 0 0 0 0 0 0 0 5 3 4 12 5 140 44 59 82 28 25 7 5 3 0 0 0 4 5 23 5 -999
P8150 2086 12 9 35 31 25 36 3 0 0 0 0 0 0 2 0 0 0 0 0 4 12 2 0 0 0 0 0 0 7 6 9 19
P8150 2087 1 5 28 29 14 25 11 8 0 0 0 0 0 3 7 34 19 1 2 39 0 0 1 0 0 0 0 0 0 0 6 0
P8150 2087 2 0 0 0 2 0 0 0 0 0 0 0 8 0 4 0 0 0 0 0 2 0 0 0 0 0 0 0 0 -999 -999 -999
P8150 2087 3 0 0 0 6 0 8 2 2 0 0 0 0 0 23 74 3 4 25 24 3 0 3 0 0 0 9 18 4 2 0 0
P8150 2087 4 0 0 0 0 7 1 0 0 0 0 0 0 0 0 0 0 0 13 8 2 0 18 6 0 0 0 0 0 0 0 -999
P8150 2087 5 0 0 0 0 0 0 0 106 30 37 2 0 0 0 0 0 0 0 0 0 0 0 0 0 0 0 0 0 1 0 0
P8150 2087 6 0 0 0 0 0 0 0 0 0 0 0 0 0 0 0 0 0 0 0 0 0 0 0 0 0 0 0 0 0 0 -999
P8150 2087 7 0 0 0 0 0 0 0 0 0 0 0 0 0 0 0 0 0 0 0 0 0 0 0 0 0 0 0 0 0 0 0
P8150 2087 8 0 0 0 0 0 0 0 0 0 0 0 0 0 0 0 0 0 0 0 0 0 0 0 0 0 0 0 0 0 0 0
P8150 2087 9 0 0 0 0 0 0 0 0 0 0 0 0 0 0 0 0 0 0 0 0 42 0 0 0 0 0 0 0 0 0 -999
P8150 2087 10 0 0 0 0 0 0 0 0 0 0 0 0 0 0 0 0 0 0 0 9 0 18 39 1 2 4 0 0 0 0 0
P8150 2087 11 0 0 0 20 29 2 5 12 2 0 0 12 5 6 8 9 4 6 0 0 2 0 0 0 0 0 0 0 33 51 -999
P8150 2087 12 34 66 4 39 0 0 20 7 0 0 10 69 82 21 53 27 15 45 37 15 144 19 0 0 0 0 0 0 0 0 0
P8150 2088 1 0 0 0 0 1 0 29 108 95 85 91 102 87 152 9 101 54 6 1 0 0 1 5 124 94 102 94 22 35 51 3
P8150 2088 2 14 3 4 3 3 7 0 0 0 0 0 0 0 0 0 0 8 13 5 0 0 0 5 0 0 0 0 0 -999 -999 -999
P8150 2088 3 0 0 0 0 14 5 25 2 1 0 0 0 4 3 30 11 5 15 32 12 0 0 1 3 5 4 4 0 0 0 0
P8150 2088 4 4 0 0 0 0 0 0 0 0 8 6 6 4 2 0 0 0 0 0 0 0 0 0 0 0 0 0 0 0 0 -999
P8150 2088 5 0 0 0 0 12 11 14 0 0 0 3 61 26 3 0 0 0 0 0 0 0 0 0 0 0 0 0 0 0 0 0
P8150 2088 6 0 0 0 0 0 0 0 0 0 0 0 0 0 0 0 0 0 0 0 0 0 0 0 0 0 0 0 0 0 0 -999
P8150 2088 7 0 0 0 0 0 0 0 0 0 0 0 0 0 0 0 0 0 0 0 0 0 0 0 0 0 0 0 0 0 0 0
P8150 2088 8 0 0 0 0 0 0 0 0 0 0 0 0 0 0 0 0 0 0 0 0 0 0 0 0 0 0 0 0 0 0 0
P8150 2088 9 0 0 0 0 0 0 0 0 0 0 0 0 0 0 0 0 0 0 0 0 0 0 0 0 0 0 0 0 0 0 -999
P8150 2088 10 0 0 0 0 0 0 0 0 0 0 3 0 22 0 0 0 0 0 0 0 0 0 0 0 0 0 0 0 0 0 0
P8150 2088 11 0 6 59 46 20 72 11 8 130 53 3 3 2 0 0 0 0 0 0 0 0 0 33 18 8 17 40 2 0 10 -999
P8150 2088 12 58 12 13 30 31 21 3 0 0 0 0 0 0 0 0 0 0 0 0 0 0 0 0 0 0 3 8 0 0 5 0
P8150 2089 1 0 0 0 4 4 4 9 0 0 3 8 4 4 5 2 4 6 3 60 137 24 70 69 1 17 23 4 3 9 67 37
P8150 2089 2 103 10 0 41 60 2 4 6 40 17 69 96 42 22 31 61 26 51 20 20 34 0 0 0 0 20 35 7 -999 -999 -999
P8150 2089 3 1 0 0 0 0 0 0 0 0 0 0 0 0 0 0 0 3 5 0 0 0 0 0 0 0 0 0 0 0 0 0
P8150 2089 4 0 0 0 0 0 0 4 25 71 15 0 0 0 0 11 25 27 0 0 21 19 0 0 0 0 0 0 0 0 0 -999
P8150 2089 5 10 0 0 0 0 0 0 6 0 0 0 0 0 0 0 0 0 0 0 0 0 0 0 0 0 0 0 0 0 0 0
P8150 2089 6 0 1 0 0 0 0 0 0 0 0 0 0 0 0 0 0 0 0 0 0 0 0 0 0 0 0 0 0 0 0 -999
P8150 2089 7 0 0 0 0 0 0 0 0 0 0 0 0 0 0 0 0 0 0 0 0 0 0 0 0 0 0 0 0 0 0 0
P8150 2089 8 0 0 0 0 0 0 0 0 0 0 0 0 0 0 0 0 0 0 0 0 0 0 0 0 0 0 0 0 0 0 0
P8150 2089 9 0 0 0 0 0 0 0 0 0 0 0 0 0 0 0 0 0 0 0 0 0 0 0 0 0 0 0 0 0 0 -999
P8150 2089 10 0 0 0 0 0 0 0 0 0 0 0 42 10 0 0 1 0 0 0 0 0 0 0 0 1 0 0 0 0 0 0
P8150 2089 11 0 0 0 0 0 4 0 0 0 0 3 0 0 13 46 44 51 108 89 58 58 27 23 82 0 8 2 0 37 17 -999
P8150 2089 12 47 36 8 10 0 3 1 4 0 0 0 0 0 0 0 0 0 3 45 77 26 26 18 3 0 0 0 0 0 33 23
P8150 2090 1 0 0 0 0 0 2 1 0 0 4 5 6 0 0 0 0 0 0 0 16 14 24 42 1 2 1 4 0 0 10 2
P8150 2090 2 0 40 66 0 0 0 0 3 15 20 26 68 57 64 104 83 113 26 23 28 59 9 3 3 8 25 25 32 -999 -999 -999
P8150 2090 3 6 0 0 0 0 5 31 38 18 6 15 102 60 5 3 0 0 0 0 0 0 0 0 0 5 2 0 0 0 0 0
P8150 2090 4 0 5 51 48 61 6 0 0 0 0 0 0 0 0 0 0 0 0 0 0 0 12 12 16 0 0 13 49 2 24 -999
P8150 2090 5 6 0 0 0 0 0 0 0 0 0 0 0 0 0 0 6 3 50 10 4 4 0 0 0 0 0 0 0 5 0 0
P8150 2090 6 0 0 0 15 95 45 16 7 9 10 0 0 0 0 0 0 0 0 0 0 0 0 0 8 14 8 0 0 0 0 -999
P8150 2090 7 0 0 0 0 0 0 0 0 0 0 0 0 0 0 0 0 0 0 0 0 0 0 0 0 0 0 0 0 0 0 0
P8150 2090 8 0 0 0 0 0 0 0 0 0 0 0 0 0 0 0 0 0 0 0 0 0 0 0 0 0 0 0 0 0 0 0
P8150 2090 9 0 0 0 0 0 0 0 0 0 0 0 0 0 0 0 0 0 0 0 0 0 0 0 0 0 0 0 9 39 0 -999
P8150 2090 10 0 0 0 0 0 0 0 17 4 21 8 5 0 0 0 0 0 30 0 0 0 0 0 0 0 0 0 0 0 0 5
P8150 2090 11 4 5 6 0 0 0 0 0 0 0 0 0 0 0 0 0 0 0 0 0 0 0 0 0 0 5 4 67 56 36 -999
P8150 2090 12 36 7 24 52 4 0 1 0 27 29 5 3 3 11 12 0 0 0 0 0 0 20 0 64 0 0 0 0 11 11 0
P8150 2091 1 0 0 0 0 0 0 0 0 0 0 0 0 0 0 0 0 0 0 4 2 12 8 18 54 4 82 23 67 4 9 2
P8150 2091 2 11 39 41 39 28 47 36 10 32 6 2 3 18 18 20 11 3 0 0 0 0 57 22 16 15 9 5 0 -999 -999 -999
P8150 2091 3 0 0 0 0 0 0 0 1 1 0 0 0 0 0 0 0 0 0 0 0 0 0 0 1 0 0 0 0 0 0 0
P8150 2091 4 0 2 0 0 0 0 0 0 0 0 0 0 0 0 0 0 0 0 0 0 0 0 0 9 97 7 0 2 8 0 -999
P8150 2091 5 0 0 0 0 43 53 4 2 0 0 3 10 12 19 7 13 14 3 3 0 0 0 0 0 0 0 0 0 0 0 0
P8150 2091 6 0 0 0 0 0 0 0 0 0 0 0 0 0 0 0 0 0 0 0 0 0 0 0 0 0 0 0 0 0 0 -999
P8150 2091 7 0 0 0 0 0 0 0 0 0 0 0 0 0 0 0 0 0 0 0 0 0 0 0 0 0 0 0 0 0 0 0
P8150 2091 8 0 0 0 0 0 0 0 0 0 0 0 0 0 0 0 0 0 0 0 0 0 0 0 0 0 0 0 0 0 0 0
P8150 2091 9 0 0 0 0 0 0 0 0 0 0 0 0 0 0 0 0 0 0 0 0 0 3 0 0 14 17 0 0 0 0 -999
P8150 2091 10 0 0 0 0 0 0 0 0 27 41 0 0 0 0 0 0 0 0 0 0 0 0 22 0 0 0 0 0 35 1 10
P8150 2091 11 21 37 38 12 2 102 140 81 11 19 128 51 61 19 0 0 8 17 2 6 8 3 0 0 0 0 0 8 0 0 -999
P8150 2091 12 0 0 0 0 0 0 0 0 0 0 0 34 61 47 12 36 3 31 29 43 52 12 0 0 0 7 0 0 0 0 0
P8150 2092 1 2 0 0 0 25 47 18 14 2 11 1 51 168 5 6 0 0 0 0 0 0 0 3 1 4 19 2 0 0 0 0
P8150 2092 2 0 0 0 20 31 46 3 5 6 0 0 0 0 0 0 0 0 0 11 1 17 9 3 5 0 0 0 0 -999 -999 -999
P8150 2092 3 4 0 0 0 0 0 0 0 0 0 0 0 0 0 9 13 22 17 19 13 14 2 0 0 0 0 0 0 0 0 0
P8150 2092 4 0 0 0 0 0 0 7 1 12 3 0 0 0 0 0 11 0 0 0 0 29 0 0 0 0 26 0 0 0 0 -999
P8150 2092 5 0 0 0 0 0 0 0 0 0 0 0 0 0 0 0 0 0 0 0 0 0 0 0 0 0 0 0 0 5 0 0
P8150 2092 6 0 0 0 0 0 0 0 0 0 0 0 0 0 0 0 0 0 0 0 0 0 0 0 0 0 0 0 0 0 0 -999
P8150 2092 7 0 0 0 0 0 0 0 0 0 0 0 0 0 0 0 0 0 0 0 0 0 0 0 0 0 0 0 0 0 0 0
P8150 2092 8 0 0 0 0 0 0 0 0 0 0 0 0 0 0 0 0 0 0 0 0 0 0 0 0 0 0 0 0 0 39 0
P8150 2092 9 0 0 0 0 0 0 0 0 0 0 0 0 0 0 0 0 0 0 0 0 6 18 0 0 0 0 0 0 0 0 -999
P8150 2092 10 0 0 0 0 0 0 0 0 0 0 11 0 0 0 0 0 0 0 27 2 0 0 0 0 0 0 0 0 0 0 0
P8150 2092 11 0 0 0 0 3 0 31 40 20 0 0 0 21 2 0 0 0 22 0 0 0 0 0 0 0 0 0 0 0 0 -999
P8150 2092 12 0 0 0 0 0 9 25 12 1 1 0 0 0 0 0 0 0 0 0 0 0 0 0 0 0 10 82 4 1 0 0
P8150 2093 1 0 0 0 1 24 10 13 45 107 22 20 14 23 1 5 1 0 0 0 0 0 0 11 3 0 0 0 1 0 1 7
P8150 2093 2 0 0 0 1 1 11 4 49 75 100 9 1 2 10 16 22 10 14 47 23 22 19 3 0 0 0 0 0 -999 -999 -999
P8150 2093 3 0 0 15 2 0 0 0 35 9 41 42 3 3 10 103 9 1 20 73 121 63 15 6 23 3 0 3 0 21 23 14
P8150 2093 4 3 0 0 0 0 2 0 6 4 5 3 2 0 0 0 0 0 13 1 0 0 0 66 1 0 0 0 0 0 7 -999
P8150 2093 5 0 0 3 13 10 17 11 7 16 32 25 0 0 0 0 0 0 0 0 0 0 0 0 0 0 0 0 0 0 0 0
P8150 2093 6 0 0 0 0 0 0 0 0 0 0 0 10 8 7 0 0 0 0 0 0 0 0 0 0 0 0 0 0 0 0 -999
P8150 2093 7 0 0 0 0 0 0 0 0 0 0 0 0 0 0 0 0 0 0 0 0 0 0 0 0 0 0 0 0 0 0 0
P8150 2093 8 0 0 0 0 0 0 0 0 0 0 0 0 0 0 0 0 0 0 0 0 0 0 0 0 0 0 0 9 0 0 0
P8150 2093 9 0 0 0 0 0 0 0 0 0 0 0 0 0 0 0 0 0 0 0 0 0 0 0 0 0 0 0 0 0 0 -999
P8150 2093 10 0 0 0 0 0 0 0 0 0 12 0 0 0 0 0 0 0 0 0 0 0 3 0 0 0 0 0 0 0 0 0
P8150 2093 11 1 16 10 79 54 5 2 13 35 6 5 6 39 0 0 0 0 7 29 0 0 0 13 42 4 28 7 0 0 0 -999
P8150 2093 12 0 0 28 11 0 2 4 2 4 3 6 8 0 0 0 0 0 0 0 0 0 0 0 0 0 0 0 30 33 17 2
P8150 2094 1 0 0 3 4 63 63 79 16 0 0 0 0 0 0 0 0 0 1 1 0 0 0 0 0 0 0 0 0 0 0 1
P8150 2094 2 0 0 0 0 14 1 5 0 0 0 0 0 0 2 7 0 0 0 2 5 3 0 0 46 12 6 75 48 -999 -999 -999
P8150 2094 3 11 49 15 10 38 112 28 75 54 45 7 4 18 2 0 0 15 0 0 0 0 0 0 0 0 0 0 0 0 0 0
P8150 2094 4 0 0 0 16 19 8 0 0 0 8 0 41 8 2 33 24 4 0 0 0 0 0 2 4 49 6 0 0 0 0 -999
P8150 2094 5 0 0 0 0 0 0 0 0 0 0 0 0 0 0 0 0 0 0 0 0 0 0 0 0 0 0 0 0 0 0 0
P8150 2094 6 0 0 0 0 0 0 10 12 10 0 0 0 0 0 0 0 0 0 0 0 0 0 0 0 0 0 0 0 0 0 -999
P8150 2094 7 0 0 0 0 0 0 0 0 0 0 0 0 0 0 0 0 0 0 0 0 0 0 0 0 0 0 0 0 0 0 0
P8150 2094 8 0 0 0 0 0 0 0 0 0 0 0 0 0 0 0 0 0 0 0 0 0 0 0 0 0 0 0 0 0 0 0
P8150 2094 9 0 0 0 0 0 0 0 0 0 0 0 0 0 0 0 0 0 0 0 0 0 43 18 0 0 0 0 0 0 15 -999
P8150 2094 10 29 59 64 101 25 8 0 0 0 0 0 0 0 0 0 0 0 0 0 0 8 0 0 0 0 0 7 3 2 2 0
P8150 2094 11 0 0 0 0 0 16 24 1 4 0 0 3 12 4 4 2 0 0 0 0 0 0 0 10 0 20 78 60 20 5 -999
P8150 2094 12 0 0 4 10 20 101 55 39 33 51 97 5 0 44 102 0 9 10 7 0 0 0 8 0 7 27 46 30 35 5 23
P8150 2095 1 65 3 78 7 9 20 2 1 9 6 17 13 2 5 11 5 130 41 93 99 100 103 28 57 97 41 60 48 2 21 76
P8150 2095 2 11 0 0 33 8 5 20 2 1 1 0 0 29 24 5 24 2 3 2 0 0 0 3 1 0 0 0 0 -999 -999 -999
P8150 2095 3 0 0 0 0 0 0 0 0 0 0 10 31 20 8 6 7 14 15 49 16 2 3 0 11 20 11 0 0 0 0 0
P8150 2095 4 7 9 5 0 0 32 89 38 12 27 7 3 0 0 0 0 12 0 0 0 0 0 0 0 0 0 0 0 0 0 -999
P8150 2095 5 1 0 0 0 0 0 0 0 0 0 26 4 0 0 0 0 0 0 0 0 0 0 0 0 0 0 0 0 0 0 0
P8150 2095 6 0 0 0 0 0 0 0 0 0 0 0 0 0 0 0 0 0 0 0 0 0 0 0 0 0 0 0 0 0 0 -999
P8150 2095 7 0 0 0 0 0 0 0 0 0 0 0 0 0 0 0 0 0 0 0 0 0 0 0 0 0 0 0 0 0 0 0
P8150 2095 8 0 0 0 0 0 0 0 0 0 0 0 0 0 0 0 0 0 0 0 0 0 0 0 0 0 0 0 0 0 0 0
P8150 2095 9 0 0 0 0 0 0 0 0 0 0 0 0 0 0 0 0 0 0 0 0 0 0 0 0 0 0 0 0 0 0 -999
P8150 2095 10 0 0 0 0 0 0 0 0 0 0 2 0 0 0 0 0 6 0 0 0 0 0 0 0 0 0 0 0 33 8 6
P8150 2095 11 4 15 14 2 0 0 1 35 81 14 104 71 35 6 0 0 0 0 4 4 0 0 0 4 1 3 4 4 3 7 -999
P8150 2095 12 2 0 0 0 0 9 0 0 4 0 0 0 0 0 0 0 0 5 0 0 0 0 0 0 0 0 0 0 0 0 0
P8150 2096 1 0 0 0 11 1 18 3 2 5 7 9 0 0 0 3 0 0 0 0 0 1 0 0 0 0 0 0 0 2 2 0
P8150 2096 2 0 0 0 1 0 0 0 4 3 6 6 1 0 0 0 2 0 0 0 0 0 0 10 14 6 3 10 3 -999 -999 -999
P8150 2096 3 0 18 45 40 0 0 8 5 0 0 0 1 2 2 1 0 0 0 0 0 0 0 0 0 0 1 0 0 2 19 9
P8150 2096 4 0 0 11 0 0 25 4 14 54 0 53 40 77 40 10 9 8 8 49 16 0 0 0 0 0 0 0 16 3 0 -999
P8150 2096 5 0 0 0 0 0 0 0 0 0 0 0 0 0 0 0 0 0 0 0 0 0 0 0 0 0 0 5 0 34 26 48
P8150 2096 6 38 8 25 14 0 0 0 0 0 0 0 2 0 0 0 0 0 0 0 0 0 0 0 0 0 0 0 0 0 0 -999
P8150 2096 7 0 0 0 0 0 0 0 0 0 0 0 0 0 0 0 0 0 0 0 0 0 0 0 0 0 0 0 0 0 0 0
P8150 2096 8 0 0 0 0 0 0 0 0 0 0 0 0 0 0 0 0 0 0 0 0 0 0 0 0 0 0 0 0 0 0 0
P8150 2096 9 0 0 0 0 0 0 0 3 0 0 0 0 0 0 0 0 0 0 0 0 0 0 0 0 0 0 0 0 0 0 -999
P8150 2096 10 0 0 0 0 0 0 0 0 4 12 68 26 0 0 0 0 25 21 42 39 45 3 0 0 0 0 0 2 3 110 22
P8150 2096 11 74 59 16 11 7 17 4 23 35 78 29 3 37 39 66 89 127 87 18 63 1 3 4 0 4 6 4 4 3 3 -999
P8150 2096 12 0 0 0 0 0 0 0 0 0 0 0 0 0 0 2 0 0 0 0 0 0 0 0 7 2 68 43 48 21 31 33
P8150 2097 1 27 5 8 5 0 0 35 52 7 10 4 2 1 21 37 32 18 5 63 12 1 0 0 2 0 4 0 7 20 2 2
P8150 2097 2 13 2 0 0 5 2 0 2 0 8 0 2 3 0 0 0 0 0 0 17 29 0 0 0 0 0 0 0 -999 -999 -999
P8150 2097 3 0 0 0 6 10 5 0 0 0 0 0 0 0 7 0 0 2 0 81 50 60 0 0 40 17 9 0 0 0 0 0
P8150 2097 4 15 0 0 0 0 0 0 0 0 0 0 0 0 0 0 0 0 8 8 8 59 23 25 6 89 53 41 4 2 0 -999
P8150 2097 5 0 0 0 0 0 51 2 0 0 0 0 0 0 0 0 0 0 0 0 0 0 0 0 0 0 0 0 0 0 0 0
P8150 2097 6 0 0 0 0 0 0 0 0 0 0 0 0 0 0 0 0 0 0 0 0 0 0 0 0 0 0 0 0 0 0 -999
P8150 2097 7 0 0 0 0 0 0 0 0 0 0 0 0 0 0 0 0 0 0 0 0 0 0 0 0 0 0 0 0 0 0 0
P8150 2097 8 0 0 0 0 0 0 0 0 0 0 0 0 0 0 0 0 0 0 0 0 0 0 0 0 0 0 0 0 0 0 0
P8150 2097 9 0 0 0 0 0 0 0 0 0 0 0 0 0 0 0 0 0 0 0 0 0 0 0 0 0 0 0 0 0 0 -999
P8150 2097 10 0 41 4 10 47 0 0 0 0 0 0 0 0 0 0 0 0 71 23 15 4 3 20 12 0 0 0 0 0 24 95
P8150 2097 11 6 14 0 16 1 0 0 0 3 7 31 3 49 27 29 2 0 0 0 23 22 19 6 0 0 0 0 0 0 0 -999
P8150 2097 12 0 0 46 115 58 28 14 0 0 0 0 0 0 0 76 43 10 2 3 1 5 8 2 2 0 0 24 2 0 0 0
P8150 2098 1 0 8 1 0 7 8 1 10 1 2 0 0 0 3 0 0 0 0 2 0 6 1 7 0 0 0 0 1 0 0 0
P8150 2098 2 11 36 24 44 36 11 54 47 22 21 6 8 19 8 5 2 1 0 5 24 5 0 0 0 17 59 17 0 -999 -999 -999
P8150 2098 3 0 4 0 0 0 0 0 0 0 0 0 0 0 0 0 0 0 0 33 29 7 3 0 0 0 0 0 0 0 0 0
P8150 2098 4 0 0 0 0 0 0 0 2 2 2 3 6 0 2 0 0 0 0 0 19 21 0 0 0 0 0 4 0 0 0 -999
P8150 2098 5 0 0 0 0 0 0 0 0 0 0 0 0 0 0 0 0 23 8 0 0 0 0 0 0 0 0 0 0 0 0 0
P8150 2098 6 0 0 0 0 0 0 0 0 0 0 0 0 0 32 59 4 0 0 0 0 0 3 5 5 0 0 0 0 0 0 -999
P8150 2098 7 0 0 0 0 0 0 0 0 0 0 0 0 0 0 0 0 0 0 0 0 0 0 0 0 0 0 0 0 0 0 0
P8150 2098 8 0 0 0 0 0 0 0 0 0 0 0 0 0 0 0 0 0 0 0 0 0 0 0 0 0 0 0 0 0 0 0
P8150 2098 9 0 0 0 0 0 0 0 0 0 0 0 0 0 0 0 0 0 24 21 17 0 0 0 0 6 1 6 0 0 0 -999
P8150 2098 10 0 0 0 4 3 0 0 0 0 0 0 0 0 0 0 0 0 4 0 68 109 53 9 0 0 0 0 21 5 61 37
P8150 2098 11 68 59 2 90 3 27 1 10 0 115 53 11 11 0 0 19 64 20 3 3 5 14 12 9 0 0 9 2 17 40 -999
P8150 2098 12 11 42 25 34 68 72 1 0 9 0 0 0 0 0 0 0 0 4 2 4 23 31 43 6 1 2 0 3 0 0 0
P8150 2099 1 0 0 0 0 0 0 0 0 0 0 0 0 0 0 0 0 1 0 0 0 0 0 0 0 0 0 0 0 0 0 0
P8150 2099 2 2 42 37 2 0 0 0 0 0 0 0 0 0 0 0 0 0 2 2 3 4 1 0 0 5 0 10 0 -999 -999 -999
P8150 2099 3 0 0 0 0 14 21 23 106 80 129 24 58 0 0 0 0 0 0 0 0 0 0 6 0 1 0 0 0 0 0 0
P8150 2099 4 0 1 2 0 2 0 0 0 0 0 0 0 10 16 4 4 0 0 0 0 0 0 0 0 2 1 0 0 0 0 -999
P8150 2099 5 0 0 0 0 17 0 0 0 0 0 0 0 0 0 0 0 0 0 0 0 0 0 0 0 0 0 0 0 0 0 0
P8150 2099 6 0 0 0 0 0 0 0 0 0 0 0 0 0 0 0 0 0 0 15 14 12 0 0 0 0 0 0 0 0 0 -999
P8150 2099 7 0 0 0 0 0 0 0 0 0 0 0 0 0 0 0 0 0 0 0 0 0 0 0 0 0 0 0 0 0 0 0
P8150 2099 8 0 0 0 0 0 0 0 0 0 0 0 0 0 0 0 0 0 0 0 0 0 0 0 0 0 0 0 0 5 1 0
P8150 2099 9 0 0 0 0 0 0 0 0 0 0 0 0 0 0 0 0 0 0 0 0 0 0 0 0 0 0 0 0 0 0 -999
P8150 2099 10 0 0 0 0 0 0 0 0 0 0 21 0 0 3 29 0 0 0 0 0 0 0 0 0 0 0 0 0 0 20 71
P8150 2099 11 25 13 8 0 18 3 28 0 6 18 32 46 83 4 43 53 30 22 22 22 50 1 0 0 0 0 0 0 0 12 -999
P8150 2099 12 6 0 1 2 5 3 0 0 8 0 0 0 20 2 0 0 3 0 3 4 12 13 9 0 0 0 31 32 13 15 102
P8150 2100 1 7 0 0 0 0 0 0 0 0 0 0 20 24 8 0 37 1 0 0 0 0 1 4 1 0 0 0 0 0 0 0
P8150 2100 2 0 0 0 0 0 4 0 0 0 0 0 0 0 1 0 0 0 0 2 0 1 0 0 0 0 0 0 0 -999 -999 -999
P8150 2100 3 0 0 0 0 0 23 5 10 0 20 0 0 9 31 0 0 0 0 12 0 0 0 0 0 0 0 0 20 0 0 33
P8150 2100 4 2 0 4 0 0 0 0 0 3 0 5 0 1 0 0 0 8 0 0 0 0 55 35 0 0 0 0 0 0 15 -999
P8150 2100 5 0 0 0 0 5 0 5 0 0 0 5 0 3 0 0 3 2 0 0 0 0 0 0 20 5 4 0 0 0 0 0
P8150 2100 6 0 4 0 0 3 0 0 0 0 0 0 0 0 0 0 0 0 0 0 0 0 0 7 0 0 0 38 0 2 0 -999
P8150 2100 7 13 0 0 0 0 0 0 0 0 0 0 0 0 0 0 0 0 0 0 3 3 0 0 0 0 0 0 0 0 0 0
P8150 2100 8 0 0 0 0 0 0 0 0 0 0 0 0 0 0 0 0 0 0 0 0 0 0 0 0 0 0 0 0 0 0 0
P8150 2100 9 0 0 0 0 0 41 0 0 0 0 0 0 0 0 0 0 0 0 0 3 0 0 0 0 0 0 0 0 4 0 -999
P8150 2100 10 2 0 0 2 0 27 0 0 10 9 5 30 0 0 0 5 0 0 37 0 2 0 7 19 38 0 0 0 45 47 21
P8150 2100 11 1 2 0 0 4 3 3 0 0 0 0 91 59 5 3 0 0 0 0 0 0 0 0 0 0 6 0 0 0 0 -999
P8150 2100 12 0 0 0 0 0 0 0 0 0 0 0 0 0 3 0 10 0 0 22 3 0 10 0 2 0 19 37 21 13 0 -999
