precip bcc-csm1-1 rcp60 RNEURONALES decimas 2
P10909 40.797 -2.499 1084 geo 2006 2100 -1
P10909 2006 1 0 0 0 0 9 4 3 7 11 66 69 119 60 24 13 12 2 3 7 4 7 9 17 19 27 7 4 24 5 3 2
P10909 2006 2 6 2 10 30 48 60 50 40 55 131 107 141 133 61 18 43 22 7 0 0 44 29 87 41 34 11 0 0 -999 -999 -999
P10909 2006 3 0 0 24 0 0 16 11 3 28 72 48 32 25 45 19 9 71 2 0 0 0 0 0 0 0 0 5 6 14 13 12
P10909 2006 4 12 80 13 0 35 42 24 44 48 46 45 41 41 17 13 0 8 25 31 6 0 0 46 7 0 51 17 7 0 0 -999
P10909 2006 5 0 10 2 25 63 43 14 17 40 89 19 7 15 13 16 46 16 13 24 14 12 10 10 10 0 26 43 70 95 64 19
P10909 2006 6 30 12 46 53 76 53 48 11 0 0 0 0 0 0 0 0 0 0 0 0 0 0 0 0 0 0 0 0 0 0 -999
P10909 2006 7 0 0 0 0 0 21 0 0 0 0 0 0 0 0 0 0 0 0 0 0 0 0 0 0 0 0 0 0 0 0 0
P10909 2006 8 0 0 0 0 0 0 0 0 0 0 0 0 0 0 0 0 0 0 0 0 0 0 0 0 0 0 0 0 0 0 0
P10909 2006 9 0 0 0 0 0 0 0 6 3 14 15 6 0 45 53 50 18 10 10 0 0 0 0 0 0 0 0 0 0 0 -999
P10909 2006 10 54 16 15 28 15 0 0 0 0 0 0 0 0 0 0 0 7 0 0 0 0 0 0 0 0 0 0 0 0 0 0
P10909 2006 11 10 0 0 0 24 24 33 10 0 0 0 0 0 0 0 0 0 0 10 0 0 0 0 0 0 0 0 0 0 0 -999
P10909 2006 12 0 0 15 0 0 0 0 0 0 0 0 4 0 0 0 0 0 0 0 0 6 72 118 32 71 53 70 106 14 6 4
P10909 2007 1 0 0 0 0 0 0 0 0 0 6 11 0 5 0 0 0 5 23 17 19 28 6 17 28 35 32 90 50 43 33 22
P10909 2007 2 0 0 0 27 50 127 165 123 12 16 5 27 69 88 23 0 0 0 0 16 7 0 7 3 6 0 0 0 -999 -999 -999
P10909 2007 3 28 18 0 0 0 0 0 0 0 0 0 17 35 35 32 11 33 12 3 2 3 26 76 26 9 7 13 30 26 17 15
P10909 2007 4 0 18 25 22 34 28 46 7 0 0 0 0 13 13 23 79 7 23 55 13 19 75 99 86 56 58 18 7 28 8 -999
P10909 2007 5 9 8 10 72 34 15 12 31 7 9 17 40 47 12 34 18 18 14 4 9 5 4 5 0 0 0 0 0 0 13 21
P10909 2007 6 0 0 0 0 0 0 9 25 6 3 0 4 0 0 0 5 0 0 0 0 0 0 0 0 0 0 0 0 0 0 -999
P10909 2007 7 0 0 0 0 0 0 0 0 0 0 0 0 0 0 0 0 0 0 0 0 0 0 0 0 0 0 0 0 0 0 0
P10909 2007 8 0 0 0 0 0 0 0 0 0 0 0 0 0 0 0 0 0 0 0 0 0 0 0 23 20 11 21 8 6 0 0
P10909 2007 9 0 0 0 0 0 0 0 0 0 0 0 0 0 0 0 0 0 0 0 0 0 0 0 0 0 0 0 0 0 0 -999
P10909 2007 10 0 40 27 0 0 0 19 17 7 62 27 11 51 74 66 13 44 86 57 10 9 0 0 9 11 91 144 60 22 58 21
P10909 2007 11 0 0 0 0 0 0 0 0 5 39 21 4 11 4 11 2 0 7 5 89 26 75 160 88 77 22 18 14 53 17 -999
P10909 2007 12 5 3 2 0 0 0 0 11 56 49 33 14 12 12 9 35 128 82 47 89 79 19 48 16 6 4 0 11 18 0 0
P10909 2008 1 31 73 102 56 53 114 99 17 3 6 8 51 21 4 4 36 85 94 23 0 0 0 0 0 0 0 0 0 0 0 0
P10909 2008 2 0 0 0 0 0 0 0 2 0 0 0 0 0 0 3 0 0 0 0 42 18 0 21 22 9 2 0 0 -999 -999 -999
P10909 2008 3 0 0 6 0 0 0 0 4 2 0 4 3 30 51 38 24 21 22 4 24 11 5 36 26 28 89 26 4 11 48 21
P10909 2008 4 20 14 34 14 27 77 56 41 29 25 24 29 34 16 6 0 7 25 42 7 0 0 8 4 11 34 8 0 0 47 -999
P10909 2008 5 0 0 23 21 60 47 36 11 27 28 55 15 16 0 0 0 31 6 11 42 8 0 0 0 0 0 0 12 0 0 0
P10909 2008 6 17 0 0 6 4 0 0 0 0 0 0 0 0 0 6 2 0 0 0 0 2 0 0 22 10 4 8 19 36 0 -999
P10909 2008 7 5 16 7 27 68 14 51 13 5 11 8 0 0 0 0 3 9 5 6 0 0 0 0 0 0 0 0 0 0 0 0
P10909 2008 8 0 0 0 0 0 0 0 0 0 0 0 0 0 0 0 0 0 0 0 0 0 0 0 0 0 0 0 0 0 0 0
P10909 2008 9 0 0 0 0 0 0 0 0 0 0 0 0 0 0 0 0 0 0 0 0 0 0 0 0 0 0 0 10 9 0 -999
P10909 2008 10 9 25 32 16 15 13 11 0 0 0 60 24 31 49 64 41 38 8 5 24 27 59 43 37 9 17 3 6 15 8 11
P10909 2008 11 4 7 0 13 9 36 20 17 34 9 3 9 6 23 118 134 110 53 183 15 2 94 11 16 8 3 7 4 0 14 -999
P10909 2008 12 84 103 11 40 0 5 33 70 23 2 4 12 34 86 22 17 0 0 0 0 14 5 12 8 0 0 0 3 0 0 0
P10909 2009 1 0 0 0 2 15 24 13 9 4 16 36 10 29 21 16 13 6 40 20 0 0 28 49 42 16 7 0 4 18 49 11
P10909 2009 2 11 0 0 0 11 40 14 15 21 13 24 31 0 0 0 0 71 61 29 67 58 57 88 88 134 115 121 89 -999 -999 -999
P10909 2009 3 71 61 142 73 36 103 66 13 8 8 6 0 0 0 0 0 7 22 48 14 4 0 0 0 13 56 28 16 6 6 2
P10909 2009 4 0 0 0 0 4 12 23 8 4 0 24 10 24 34 6 3 0 0 0 40 7 5 0 9 0 0 21 0 0 0 -999
P10909 2009 5 0 0 0 0 0 0 0 0 0 0 0 0 0 0 0 5 0 12 0 0 12 0 0 0 0 0 0 0 0 0 0
P10909 2009 6 0 0 17 28 22 7 9 26 25 33 53 35 24 19 18 7 13 37 14 28 13 9 0 0 0 0 0 0 0 0 -999
P10909 2009 7 0 0 0 0 0 0 0 0 0 0 0 0 0 0 0 0 0 0 0 0 0 0 0 0 0 0 0 0 0 0 0
P10909 2009 8 0 0 0 0 0 0 0 0 0 0 0 0 0 0 0 0 0 0 0 0 0 0 0 0 0 0 0 0 0 0 0
P10909 2009 9 0 0 0 0 0 0 0 0 0 0 0 0 0 0 0 0 0 0 0 0 0 0 0 0 0 0 0 0 0 0 -999
P10909 2009 10 0 0 136 42 42 38 25 9 0 0 0 0 0 0 0 0 0 0 0 0 5 5 4 9 13 0 0 0 0 0 0
P10909 2009 11 0 0 0 0 0 0 0 22 31 40 66 45 12 0 4 2 0 0 0 5 0 7 4 0 0 0 0 0 2 4 -999
P10909 2009 12 6 6 9 4 7 6 26 15 0 34 57 11 6 0 0 53 34 13 6 0 0 0 0 7 18 85 71 109 80 19 52
P10909 2010 1 4 0 4 4 4 0 0 10 0 0 14 0 0 0 33 9 15 34 37 11 13 0 0 0 0 0 0 0 0 0 0
P10909 2010 2 0 0 0 0 0 0 0 0 0 11 9 10 13 4 0 6 7 0 0 0 13 21 0 0 0 0 3 6 -999 -999 -999
P10909 2010 3 5 0 0 0 3 10 42 44 49 19 10 0 0 0 0 0 0 0 11 23 92 29 40 15 12 9 8 2 1 0 0
P10909 2010 4 29 61 65 15 18 47 92 42 17 7 7 49 36 9 0 0 0 0 0 0 0 0 0 24 5 4 0 0 0 0 -999
P10909 2010 5 0 0 0 0 0 0 0 0 0 0 0 0 0 0 0 0 0 12 3 11 3 0 0 0 0 0 0 0 0 31 47
P10909 2010 6 63 0 0 0 0 0 0 0 0 12 11 13 4 39 68 21 6 6 0 23 5 0 0 5 0 0 0 0 0 0 -999
P10909 2010 7 0 0 0 0 0 0 0 0 0 0 0 0 0 0 0 0 0 0 0 0 0 0 0 0 0 0 0 0 0 0 0
P10909 2010 8 0 0 0 0 0 0 0 0 0 0 0 0 0 0 0 0 0 0 0 0 0 0 0 0 0 0 0 0 0 0 0
P10909 2010 9 0 0 0 0 0 0 0 0 0 0 0 0 0 0 0 0 0 0 0 0 0 0 0 0 0 76 0 0 0 0 -999
P10909 2010 10 0 0 0 0 0 0 0 0 0 0 0 0 0 0 0 2 0 0 0 0 0 0 0 0 0 18 31 0 0 0 0
P10909 2010 11 0 0 0 0 0 0 0 0 0 11 43 137 157 51 71 32 80 6 16 0 0 0 8 9 2 0 0 0 0 0 -999
P10909 2010 12 0 0 0 0 0 0 0 0 0 0 0 0 0 0 0 0 7 21 12 15 0 0 0 0 6 4 0 0 5 0 4
P10909 2011 1 0 0 0 0 0 1 0 0 0 0 0 12 0 0 0 0 0 21 24 25 25 0 0 0 0 4 3 7 4 14 20
P10909 2011 2 2 7 6 0 0 0 0 3 5 3 5 2 0 0 0 0 0 0 17 17 0 20 0 31 35 26 20 39 -999 -999 -999
P10909 2011 3 15 6 9 26 22 41 102 66 51 22 0 5 1 0 46 55 0 18 10 15 6 6 12 24 12 2 23 32 36 9 25
P10909 2011 4 88 12 22 25 19 9 0 0 0 38 49 17 7 2 0 0 0 0 0 0 0 0 3 6 11 27 5 0 0 0 -999
P10909 2011 5 0 0 0 0 0 0 0 9 0 0 0 0 0 15 0 0 0 0 0 0 0 0 0 0 0 5 24 0 0 0 0
P10909 2011 6 0 0 0 0 0 0 0 0 0 0 0 0 0 0 0 0 0 0 0 0 0 7 10 11 26 28 5 0 0 0 -999
P10909 2011 7 11 7 6 5 6 5 13 0 0 0 0 0 0 0 0 0 0 0 0 0 0 0 0 0 0 0 0 0 0 0 0
P10909 2011 8 0 0 0 0 0 0 0 0 0 0 0 0 0 0 0 0 0 0 0 0 0 0 0 0 0 0 0 0 0 0 0
P10909 2011 9 0 0 0 0 0 0 0 0 0 0 11 5 0 9 3 3 0 10 0 0 0 0 0 0 0 0 0 0 0 0 -999
P10909 2011 10 0 0 0 0 9 6 13 9 3 0 2 0 6 0 0 0 0 3 33 30 8 72 18 11 5 0 0 4 29 87 62
P10909 2011 11 49 83 109 35 11 26 13 48 0 0 0 73 19 8 0 0 0 0 0 0 19 32 87 9 0 23 78 66 79 22 -999
P10909 2011 12 54 12 3 0 0 0 0 0 0 0 3 0 0 6 73 55 30 45 0 0 0 2 1 3 14 63 81 47 28 26 14
P10909 2012 1 20 22 75 54 100 28 5 6 1 4 8 27 16 43 20 15 11 85 74 42 16 35 9 20 0 0 7 3 1 0 3
P10909 2012 2 0 0 2 16 0 0 0 0 0 7 25 51 20 16 0 0 145 15 59 0 6 6 20 43 31 0 21 0 -999 -999 -999
P10909 2012 3 9 0 0 0 0 0 0 0 0 0 0 0 6 10 10 4 5 2 24 16 0 0 5 6 7 9 40 5 5 0 3
P10909 2012 4 0 0 0 0 0 0 0 0 0 0 0 0 0 0 0 0 0 0 0 0 10 0 0 0 0 0 0 0 0 0 -999
P10909 2012 5 0 0 0 0 0 0 0 0 22 66 52 0 89 51 39 13 0 0 0 0 0 39 28 19 26 27 35 31 64 41 7
P10909 2012 6 0 0 0 15 13 9 4 3 0 0 0 0 0 0 0 0 0 0 0 0 0 0 0 0 0 0 0 0 0 0 -999
P10909 2012 7 0 0 0 0 0 0 0 0 0 0 0 0 0 0 0 0 0 0 0 0 0 0 0 0 0 0 0 0 0 0 0
P10909 2012 8 0 0 0 0 0 0 0 0 0 0 0 0 30 16 5 0 0 0 0 0 0 0 0 0 0 7 7 7 0 0 0
P10909 2012 9 0 0 0 0 0 0 0 0 0 0 0 0 0 0 0 0 0 0 0 0 0 0 0 0 0 0 0 0 0 0 -999
P10909 2012 10 0 0 0 0 0 0 0 0 0 57 32 0 0 0 0 0 0 0 0 0 46 67 75 15 9 54 3 9 7 126 92
P10909 2012 11 12 0 0 0 0 44 15 0 0 14 5 0 98 15 0 0 0 0 0 0 0 0 0 0 0 0 4 0 0 0 -999
P10909 2012 12 49 15 3 9 29 9 5 0 0 0 0 0 0 0 0 0 7 17 8 65 3 16 26 26 4 4 0 0 0 0 0
P10909 2013 1 0 0 0 0 0 0 4 0 0 0 0 0 20 9 3 7 0 2 2 7 36 26 37 72 20 14 2 0 0 11 8
P10909 2013 2 3 18 10 29 15 80 52 38 26 5 11 5 5 18 10 12 57 6 14 15 0 28 66 34 41 42 32 25 -999 -999 -999
P10909 2013 3 16 10 9 0 0 0 0 0 0 0 0 9 20 85 73 41 33 38 0 0 0 0 0 0 0 0 0 0 0 0 0
P10909 2013 4 0 21 27 24 34 30 17 10 15 19 5 0 0 0 47 41 27 0 25 36 39 44 26 10 5 3 0 0 0 0 -999
P10909 2013 5 0 8 0 0 0 0 0 0 0 29 14 11 6 0 0 27 27 57 60 47 24 22 14 11 11 5 4 0 0 0 0
P10909 2013 6 0 0 0 0 0 0 0 0 0 0 0 0 0 0 0 0 0 0 0 15 0 0 0 0 0 0 0 0 0 0 -999
P10909 2013 7 0 0 0 0 0 0 0 0 0 0 0 0 0 0 0 0 0 0 0 0 0 0 0 0 0 0 0 0 0 0 0
P10909 2013 8 0 0 0 0 0 0 0 0 0 0 0 0 0 0 0 0 0 0 0 0 0 0 0 0 0 0 0 0 0 0 0
P10909 2013 9 0 0 0 0 0 0 0 0 0 0 0 0 0 0 0 0 0 0 0 0 0 0 0 0 0 0 0 0 0 0 -999
P10909 2013 10 0 0 0 0 0 0 55 5 53 47 129 18 35 88 13 96 11 34 7 8 3 5 72 18 4 0 0 0 0 0 0
P10909 2013 11 0 0 0 0 0 0 0 0 0 0 0 0 13 12 60 10 0 0 0 0 0 0 0 0 24 26 33 33 13 0 -999
P10909 2013 12 0 0 42 53 26 11 4 1 2 0 7 7 0 0 0 24 41 31 8 0 5 0 20 0 0 0 0 2 5 10 49
P10909 2014 1 93 163 34 4 12 5 10 16 50 19 28 14 31 8 0 0 0 8 0 19 35 9 21 36 101 122 27 53 62 150 51
P10909 2014 2 51 26 9 31 27 14 9 11 19 23 0 0 0 0 0 0 0 0 0 0 7 5 0 0 0 0 0 0 -999 -999 -999
P10909 2014 3 0 0 0 0 0 0 0 0 0 0 5 2 2 10 49 11 3 0 0 8 30 25 10 16 21 18 0 0 0 10 21
P10909 2014 4 32 8 16 5 0 0 5 11 35 110 97 7 5 0 0 0 0 0 0 0 0 0 0 0 0 0 3 18 33 47 -999
P10909 2014 5 15 27 3 0 0 10 8 31 6 0 9 26 32 12 21 9 24 81 6 3 0 0 0 0 0 0 0 0 18 14 82
P10909 2014 6 62 28 4 11 17 0 0 0 0 0 0 0 0 0 0 0 0 0 0 0 0 0 0 0 0 0 0 0 0 0 -999
P10909 2014 7 0 0 0 0 0 0 0 0 0 0 0 0 0 0 0 0 0 0 0 0 0 0 0 0 0 0 0 0 49 0 0
P10909 2014 8 0 0 0 0 0 12 0 0 0 0 0 0 0 0 0 0 0 0 0 0 0 0 0 0 0 0 0 0 0 0 0
P10909 2014 9 0 0 0 0 0 0 0 0 0 0 0 0 0 0 0 0 0 0 0 0 0 0 0 0 0 0 0 0 0 0 -999
P10909 2014 10 0 0 0 0 0 0 0 0 0 0 0 0 0 0 0 0 0 0 0 0 9 16 21 13 0 38 13 0 0 0 0
P10909 2014 11 0 47 9 0 0 55 14 7 6 0 0 30 14 0 0 0 0 29 32 86 91 3 1 0 0 37 37 13 15 55 -999
P10909 2014 12 8 3 0 0 0 0 0 0 0 10 8 5 13 13 32 30 99 87 8 45 98 87 67 70 15 26 37 2 0 0 0
P10909 2015 1 0 0 0 0 0 0 0 0 0 0 0 0 0 0 2 3 0 4 5 7 3 14 7 5 64 92 14 12 8 73 8
P10909 2015 2 3 40 7 4 3 0 0 3 59 15 13 33 44 44 56 89 98 119 60 33 38 68 51 5 2 0 0 16 -999 -999 -999
P10909 2015 3 0 0 0 0 15 11 0 0 0 0 0 0 26 15 15 21 0 28 70 49 32 45 21 13 9 0 0 0 0 6 14
P10909 2015 4 17 13 0 0 0 13 5 0 9 45 62 31 49 53 67 76 9 7 65 61 30 59 9 66 75 0 0 0 0 0 -999
P10909 2015 5 53 5 6 13 16 13 13 30 22 7 0 0 0 0 0 0 0 0 0 0 0 0 0 0 0 0 0 0 0 0 0
P10909 2015 6 0 0 0 10 15 22 10 0 0 0 0 0 0 0 0 0 0 0 0 0 0 0 0 0 0 0 0 0 0 0 -999
P10909 2015 7 0 0 0 0 0 0 0 0 0 0 0 0 0 0 0 0 0 0 0 0 0 0 0 0 0 0 0 0 0 0 0
P10909 2015 8 0 0 0 0 0 0 0 0 0 0 0 0 0 0 0 0 0 0 0 0 0 0 0 0 0 0 0 0 0 0 0
P10909 2015 9 0 0 0 0 11 12 6 0 0 0 0 0 0 0 0 6 26 153 41 8 0 11 7 10 22 17 0 0 5 3 -999
P10909 2015 10 11 3 0 0 0 0 0 0 42 62 24 50 13 8 0 20 28 119 131 20 14 12 18 0 0 9 4 4 9 4 5
P10909 2015 11 3 0 0 0 11 0 0 0 0 0 0 4 6 49 5 11 0 0 0 0 0 0 0 0 0 0 0 0 11 0 -999
P10909 2015 12 0 0 0 0 0 0 0 0 0 0 0 13 16 45 16 2 0 0 19 25 24 74 7 0 61 10 43 126 48 98 22
P10909 2016 1 38 6 20 10 23 46 62 36 26 7 62 44 35 32 28 45 7 3 3 73 11 0 0 3 3 3 0 0 0 17 11
P10909 2016 2 10 11 6 0 0 31 4 10 14 4 8 14 25 10 5 0 0 0 0 0 0 0 0 0 0 0 0 0 -999 -999 -999
P10909 2016 3 0 2 0 0 5 0 0 0 10 3 0 0 0 0 0 0 6 31 7 0 0 0 2 0 4 0 0 0 0 36 19
P10909 2016 4 5 0 19 115 71 17 11 22 53 15 15 40 81 11 7 19 57 77 57 22 19 11 80 28 0 0 28 46 8 62 -999
P10909 2016 5 59 31 17 14 14 8 12 0 0 0 0 0 0 0 0 0 8 5 0 0 0 0 0 14 10 4 0 0 0 0 0
P10909 2016 6 0 0 0 0 6 9 9 9 0 0 0 0 0 0 0 0 0 0 0 0 0 0 0 0 0 32 31 8 0 0 -999
P10909 2016 7 0 0 0 0 0 0 0 0 0 0 0 0 0 0 0 0 0 0 0 0 0 0 0 0 0 0 0 0 0 0 0
P10909 2016 8 0 0 0 0 0 0 0 0 0 0 0 0 0 0 0 0 0 0 0 0 0 0 0 0 0 0 0 0 0 0 0
P10909 2016 9 0 3 0 0 0 0 0 0 0 0 0 0 0 0 0 0 0 0 0 0 0 0 0 0 0 0 0 11 0 0 -999
P10909 2016 10 0 0 0 0 0 0 0 0 0 0 0 0 0 0 7 47 11 14 16 23 37 16 24 84 129 101 45 187 8 8 9
P10909 2016 11 7 0 0 66 110 15 110 38 21 16 81 133 186 118 8 73 9 6 0 23 8 11 36 127 176 69 40 17 0 0 -999
P10909 2016 12 1 0 3 6 4 0 0 0 0 0 0 0 6 3 0 0 0 0 2 0 3 1 0 0 0 0 3 0 16 28 13
P10909 2017 1 0 0 79 6 21 8 24 40 24 66 6 10 3 4 7 5 3 0 0 0 0 8 0 0 15 16 18 68 10 0 0
P10909 2017 2 0 7 4 8 0 0 0 16 0 0 12 0 0 0 29 16 8 11 56 100 70 41 21 13 20 15 40 35 -999 -999 -999
P10909 2017 3 20 23 24 24 43 43 16 17 34 31 29 29 25 15 16 14 24 38 52 30 26 93 34 28 34 24 26 37 91 55 47
P10909 2017 4 55 47 25 9 4 5 41 37 13 37 70 67 18 9 65 13 12 17 8 14 28 27 13 10 14 58 19 6 27 7 -999
P10909 2017 5 11 41 8 15 14 19 78 16 8 16 3 10 0 33 14 0 0 0 0 0 10 24 68 34 12 9 4 0 0 0 0
P10909 2017 6 0 12 5 4 5 16 6 23 14 0 0 0 0 0 0 0 0 0 0 0 0 0 0 0 0 0 0 0 0 0 -999
P10909 2017 7 0 0 0 0 0 0 0 0 0 0 0 5 4 0 0 0 0 0 0 0 0 3 9 9 0 0 0 0 0 0 0
P10909 2017 8 0 0 0 0 0 0 0 0 0 7 7 0 0 0 0 0 0 0 0 0 0 0 0 0 0 0 0 0 0 0 0
P10909 2017 9 0 0 0 0 0 0 52 49 0 0 0 0 0 0 0 0 0 0 0 0 0 0 0 0 0 10 4 18 39 72 -999
P10909 2017 10 8 42 9 0 0 16 11 22 19 3 0 0 0 0 0 0 0 0 0 0 4 0 45 26 27 45 15 2 0 0 0
P10909 2017 11 17 12 0 0 32 6 9 13 22 39 54 8 0 0 5 0 16 19 9 3 3 5 7 42 63 12 0 0 0 2 -999
P10909 2017 12 0 8 4 4 4 4 0 3 0 0 7 29 60 38 9 43 47 17 12 21 72 96 18 5 4 5 21 50 116 99 68
P10909 2018 1 1 0 0 0 0 0 0 0 0 0 0 0 0 0 0 0 7 0 0 0 0 0 12 20 50 33 13 0 0 11 21
P10909 2018 2 12 29 48 28 75 87 36 83 9 0 0 55 72 28 6 0 0 0 0 0 0 0 0 0 0 0 6 13 -999 -999 -999
P10909 2018 3 6 0 0 9 11 15 19 0 0 0 0 77 22 6 0 0 0 0 0 33 47 52 37 100 35 107 50 59 30 108 18
P10909 2018 4 63 72 37 54 26 19 0 0 0 18 15 50 98 47 15 72 27 10 8 0 0 0 0 0 49 35 24 39 46 52 -999
P10909 2018 5 53 41 60 65 7 0 0 0 0 0 0 0 0 0 0 45 53 45 31 30 25 5 0 0 0 0 0 47 6 0 0
P10909 2018 6 0 0 0 0 0 41 16 3 0 0 0 0 0 0 0 0 0 0 0 0 0 0 0 0 0 0 0 0 0 0 -999
P10909 2018 7 0 0 0 0 0 0 0 0 0 0 0 0 0 0 0 0 0 0 0 0 0 0 0 0 0 0 0 0 0 0 0
P10909 2018 8 0 0 0 0 0 0 0 0 0 0 0 0 0 14 0 0 0 0 0 0 0 0 0 0 0 0 0 0 0 0 0
P10909 2018 9 0 0 0 0 0 0 0 0 0 0 0 0 0 0 0 0 0 0 0 0 20 67 44 0 0 0 0 0 0 0 -999
P10909 2018 10 0 0 0 0 0 0 0 0 0 0 0 0 0 0 0 0 0 0 0 30 45 21 0 0 55 19 22 12 7 14 45
P10909 2018 11 16 0 23 18 17 0 0 0 0 22 0 0 0 0 0 0 19 0 5 0 0 70 20 22 27 65 99 81 27 5 -999
P10909 2018 12 0 4 6 0 0 0 0 0 0 0 4 0 0 4 0 0 0 0 0 0 0 0 8 35 14 77 34 6 3 0 0
P10909 2019 1 0 0 4 25 13 62 54 49 34 17 26 7 47 15 41 0 0 0 0 0 0 0 0 0 6 7 0 0 0 0 0
P10909 2019 2 0 0 18 18 3 3 4 7 6 11 11 26 21 19 77 40 22 3 4 0 0 0 0 44 47 24 0 46 -999 -999 -999
P10909 2019 3 63 49 38 59 43 74 19 22 46 72 29 25 18 0 0 0 0 0 0 2 0 9 12 0 0 0 21 20 15 33 11
P10909 2019 4 8 0 0 0 0 0 0 0 3 0 0 9 5 0 0 0 0 0 0 0 0 4 5 3 4 13 43 78 12 10 -999
P10909 2019 5 12 12 7 2 7 2 0 0 64 30 8 20 70 14 0 10 0 0 0 0 0 0 0 3 4 0 0 4 7 0 0
P10909 2019 6 0 0 0 0 0 0 0 0 0 0 0 0 0 0 0 0 0 0 0 0 0 0 0 0 0 40 27 3 0 0 -999
P10909 2019 7 0 8 25 8 0 0 0 0 0 0 0 0 0 0 0 0 0 0 0 0 0 0 0 0 0 0 0 0 0 0 0
P10909 2019 8 0 0 0 0 0 0 0 0 0 0 0 0 0 0 0 0 0 0 11 0 0 0 0 0 0 0 0 0 0 0 42
P10909 2019 9 0 0 0 0 0 0 0 0 0 0 0 32 34 16 0 0 0 22 6 0 0 0 0 0 0 0 0 0 0 0 -999
P10909 2019 10 0 0 0 38 34 34 26 0 0 0 0 0 0 0 0 0 0 0 0 0 0 0 0 24 4 7 3 6 2 0 0
P10909 2019 11 5 49 0 24 77 101 48 9 3 0 3 0 0 30 17 5 0 0 0 0 0 0 0 0 3 31 8 16 24 32 -999
P10909 2019 12 6 0 0 0 0 0 0 0 0 0 0 0 8 6 70 28 26 60 44 10 12 51 57 130 140 24 11 2 0 3 0
P10909 2020 1 4 24 78 105 55 85 67 0 0 0 0 15 0 0 0 0 0 0 0 0 0 6 12 0 0 0 0 3 5 10 11
P10909 2020 2 27 35 52 90 12 6 33 4 4 0 0 0 0 0 39 49 21 8 10 15 19 13 24 32 14 0 0 0 -999 -999 -999
P10909 2020 3 0 0 0 0 0 0 0 0 0 0 0 0 16 23 25 22 20 12 0 6 7 19 80 113 106 28 80 3 27 12 20
P10909 2020 4 8 0 0 0 0 0 0 19 21 14 19 25 34 14 4 0 0 0 0 0 23 67 63 62 49 27 5 0 19 0 -999
P10909 2020 5 0 0 23 33 23 7 0 0 0 0 0 14 0 0 0 0 0 0 0 0 34 38 41 35 11 25 114 131 46 27 15
P10909 2020 6 3 0 0 0 0 13 66 54 21 4 3 0 0 0 0 0 0 0 0 0 0 0 0 0 0 0 0 0 0 0 -999
P10909 2020 7 0 0 0 0 0 0 0 0 0 0 0 0 0 0 0 0 0 0 0 0 0 0 0 0 0 0 0 0 0 0 0
P10909 2020 8 0 0 0 0 0 0 0 0 7 0 0 0 0 0 0 0 0 0 0 0 0 0 0 0 0 0 0 0 0 0 0
P10909 2020 9 0 0 0 0 0 0 0 0 0 0 0 0 0 30 48 31 0 17 43 24 6 0 0 0 0 0 0 0 0 0 -999
P10909 2020 10 0 0 7 12 4 0 0 0 3 0 19 17 0 0 0 0 0 0 0 0 0 0 56 70 22 69 146 100 20 11 0
P10909 2020 11 31 6 25 94 0 0 0 0 0 0 0 0 19 7 4 7 28 52 97 187 109 15 11 0 0 0 0 0 0 0 -999
P10909 2020 12 0 0 0 0 11 10 6 0 12 20 18 6 21 4 3 0 2 33 11 33 84 180 176 18 3 8 2 2 0 0 4
P10909 2021 1 3 6 6 3 19 4 6 0 0 0 7 15 19 26 7 7 13 8 10 8 21 21 57 95 109 159 233 95 75 102 140
P10909 2021 2 24 112 78 101 133 62 15 75 3 12 19 21 51 20 8 23 30 4 5 0 0 3 0 11 8 14 60 73 -999 -999 -999
P10909 2021 3 16 0 62 31 66 125 53 30 0 13 19 11 160 24 131 55 128 89 88 41 41 8 44 60 8 5 7 13 22 19 23
P10909 2021 4 27 60 13 53 15 0 0 5 31 104 28 2 0 0 6 28 47 33 28 12 0 0 0 56 63 68 76 21 9 25 -999
P10909 2021 5 5 4 0 4 4 21 27 18 18 17 20 4 13 9 4 2 7 0 0 0 0 0 0 0 0 0 11 18 20 49 21
P10909 2021 6 49 60 13 7 6 5 18 61 15 13 38 26 36 22 35 0 0 0 0 0 0 0 0 0 0 0 0 0 0 0 -999
P10909 2021 7 0 0 0 0 0 0 0 0 0 0 0 0 0 0 0 0 0 0 0 0 0 0 0 0 0 0 0 0 0 17 0
P10909 2021 8 0 0 0 0 0 0 0 10 25 15 11 0 0 0 0 0 0 0 0 0 0 0 0 0 0 0 0 0 0 0 4
P10909 2021 9 0 0 0 0 0 0 0 0 0 0 0 0 0 21 28 16 0 0 0 0 0 0 0 14 37 66 15 10 0 42 -999
P10909 2021 10 42 27 72 14 0 0 0 95 24 0 0 0 46 9 49 5 0 0 0 27 44 16 0 0 12 24 8 1 2 5 23
P10909 2021 11 51 15 26 10 41 0 0 17 13 5 0 0 0 0 0 0 0 0 0 17 29 7 11 8 0 0 0 0 0 0 -999
P10909 2021 12 0 0 0 0 0 0 0 4 0 0 0 0 19 29 62 49 122 125 101 52 165 31 69 43 93 30 86 108 46 35 10
P10909 2022 1 3 0 0 0 0 0 0 0 0 0 0 8 19 5 4 2 1 0 0 0 10 2 0 0 0 0 0 0 0 0 0
P10909 2022 2 0 8 0 0 3 0 0 0 16 33 11 3 3 0 28 24 4 5 0 0 48 18 13 32 11 21 26 117 -999 -999 -999
P10909 2022 3 24 28 13 42 69 91 3 6 0 11 0 0 0 0 4 3 0 0 0 17 28 0 0 22 6 0 6 0 0 6 4
P10909 2022 4 11 16 37 40 17 84 40 26 23 0 0 52 68 4 0 0 13 0 0 26 55 41 23 38 6 9 6 0 0 0 -999
P10909 2022 5 0 0 0 0 0 0 0 0 0 0 0 0 0 0 0 0 0 3 6 7 3 4 0 0 0 0 0 0 0 0 0
P10909 2022 6 0 0 0 0 0 0 53 0 0 0 0 0 0 0 0 0 0 0 0 0 0 0 0 0 0 0 0 0 0 0 -999
P10909 2022 7 0 0 0 0 0 0 0 0 0 0 0 0 0 0 0 0 0 0 0 0 0 0 0 0 0 0 0 0 0 0 0
P10909 2022 8 0 0 0 0 0 0 0 0 0 0 0 0 0 0 0 0 0 0 0 0 0 0 0 0 0 0 0 0 0 0 0
P10909 2022 9 0 0 0 0 0 0 0 0 0 0 0 0 0 0 0 0 0 0 0 0 0 12 14 32 12 4 0 0 0 0 -999
P10909 2022 10 0 0 0 0 7 0 0 0 4 2 0 7 10 10 19 0 0 0 0 56 25 0 0 0 0 0 17 39 0 0 0
P10909 2022 11 0 0 0 34 3 0 0 0 0 0 0 19 48 36 39 34 43 25 21 42 128 140 162 140 7 0 0 0 0 1 -999
P10909 2022 12 17 3 13 20 5 109 49 90 24 4 4 4 0 0 0 0 27 23 26 53 52 47 83 142 61 158 108 114 111 4 7
P10909 2023 1 8 13 21 26 62 75 55 47 36 8 54 30 18 53 11 10 0 0 30 0 8 8 10 10 8 0 0 0 0 0 0
P10909 2023 2 0 0 6 0 0 13 5 0 0 0 0 0 7 15 57 73 60 84 12 97 14 0 0 7 5 3 9 0 -999 -999 -999
P10909 2023 3 4 4 25 2 7 4 0 0 0 0 0 0 0 0 80 63 140 101 18 18 81 42 20 4 5 15 8 4 9 43 0
P10909 2023 4 0 0 0 0 2 0 35 40 23 0 10 0 0 0 42 67 53 7 5 0 11 4 5 5 10 7 0 0 0 0 -999
P10909 2023 5 0 96 92 73 50 42 91 50 113 28 4 6 46 26 0 0 0 36 0 44 44 14 9 9 8 7 0 0 4 6 0
P10909 2023 6 0 0 0 0 0 0 0 0 0 0 0 12 16 14 56 18 12 8 9 8 0 0 0 0 0 0 0 0 0 0 -999
P10909 2023 7 0 0 0 0 0 4 0 0 0 0 0 0 0 0 0 0 0 15 17 5 0 0 0 14 0 0 0 0 0 0 0
P10909 2023 8 0 0 0 0 0 0 0 0 0 0 0 0 0 0 0 0 0 0 0 0 0 0 0 0 0 0 0 0 0 0 0
P10909 2023 9 0 0 0 0 0 0 0 0 0 0 0 0 0 0 0 0 8 4 0 0 0 0 0 0 0 0 0 0 0 37 -999
P10909 2023 10 45 10 3 4 0 0 0 0 18 8 0 0 0 32 22 5 10 44 7 45 11 7 0 19 0 0 12 13 7 10 9
P10909 2023 11 11 7 3 0 0 0 0 0 33 45 50 56 27 0 0 0 0 0 0 0 6 2 0 0 0 0 4 5 0 0 -999
P10909 2023 12 0 22 43 61 0 0 0 0 0 0 0 0 0 0 9 6 12 48 31 133 57 103 12 51 6 0 0 0 0 4 7
P10909 2024 1 16 3 0 2 0 0 0 0 0 0 0 0 0 0 0 0 10 14 32 109 60 63 57 19 13 27 48 82 4 12 5
P10909 2024 2 8 10 7 33 12 0 0 26 49 22 43 112 40 4 0 0 0 0 0 0 0 0 6 0 0 0 0 0 -999 -999 -999
P10909 2024 3 0 0 0 4 3 11 13 0 0 0 38 30 15 60 23 5 20 25 34 28 18 7 0 0 0 0 5 5 8 21 15
P10909 2024 4 7 8 6 12 80 44 62 48 22 74 72 0 0 0 0 0 2 3 0 0 43 130 14 3 0 0 0 0 0 23 -999
P10909 2024 5 12 20 45 18 19 12 36 37 20 0 0 19 22 13 8 3 3 20 6 0 0 0 0 25 27 0 48 46 30 12 7
P10909 2024 6 0 0 0 0 0 0 0 0 0 0 0 37 10 0 0 0 0 0 0 0 0 0 0 0 0 0 0 0 0 0 -999
P10909 2024 7 0 0 0 0 0 0 0 0 0 0 0 0 0 0 0 0 0 0 0 0 0 0 0 0 0 0 0 0 0 0 0
P10909 2024 8 0 0 0 0 0 0 0 0 0 0 0 0 0 0 0 0 0 0 0 0 0 0 0 0 0 0 0 0 0 0 0
P10909 2024 9 0 0 0 0 0 0 0 0 0 0 0 0 0 0 0 0 52 91 14 35 112 62 29 20 2 6 14 8 14 16 -999
P10909 2024 10 14 94 160 11 72 84 24 0 0 0 0 0 0 0 0 0 0 9 0 0 0 0 0 0 0 0 0 8 15 59 68
P10909 2024 11 39 71 118 34 28 33 15 6 0 3 30 63 26 21 24 42 6 2 0 0 0 0 0 0 0 0 0 11 22 39 -999
P10909 2024 12 42 48 63 9 7 8 11 8 28 82 128 32 51 10 0 0 0 0 11 0 0 9 36 16 16 0 0 0 0 0 11
P10909 2025 1 4 2 6 64 150 99 21 50 10 14 6 7 8 15 4 10 8 24 15 3 0 0 0 0 0 0 4 49 44 89 17
P10909 2025 2 19 15 23 13 14 26 33 124 81 11 80 66 9 0 0 0 0 0 0 0 0 0 3 3 4 0 0 0 -999 -999 -999
P10909 2025 3 0 33 19 17 0 0 0 48 57 6 11 0 0 0 0 0 0 0 0 0 0 0 0 0 0 0 0 10 0 0 0
P10909 2025 4 0 0 0 0 7 0 0 0 0 0 0 0 0 0 0 0 0 28 9 0 0 0 0 0 0 0 8 5 5 0 -999
P10909 2025 5 0 5 14 22 7 14 0 0 0 0 0 0 15 47 17 6 6 19 17 3 3 38 13 24 18 13 8 23 82 7 5
P10909 2025 6 0 0 0 3 11 4 0 0 0 0 0 0 0 0 0 0 0 0 0 0 0 0 0 0 0 0 0 0 0 0 -999
P10909 2025 7 0 0 0 0 0 0 0 0 0 0 0 0 0 0 0 0 0 0 0 0 0 0 0 0 0 0 0 0 0 0 0
P10909 2025 8 0 79 12 8 0 0 0 0 0 0 0 33 7 5 0 0 0 0 5 0 0 0 0 0 0 0 0 0 0 0 0
P10909 2025 9 0 0 0 0 0 0 0 0 0 0 18 7 0 0 0 0 0 32 0 0 0 0 0 0 0 0 0 21 7 6 -999
P10909 2025 10 0 0 0 0 0 0 0 0 0 0 0 0 0 0 0 0 58 147 103 60 105 98 31 4 3 0 0 2 19 70 87
P10909 2025 11 143 53 13 75 111 32 33 6 67 108 52 0 0 85 112 25 11 0 0 0 0 0 0 0 0 0 0 0 0 0 -999
P10909 2025 12 0 0 0 0 0 0 8 6 10 4 39 25 40 15 13 46 6 52 32 7 24 101 31 42 16 27 5 14 9 19 31
P10909 2026 1 52 14 6 0 0 0 0 0 0 0 0 0 0 0 0 0 6 10 38 26 31 22 6 1 0 0 0 0 0 0 0
P10909 2026 2 0 0 0 0 0 0 0 0 0 0 0 0 8 10 10 64 10 3 3 5 3 1 1 0 8 2 0 0 -999 -999 -999
P10909 2026 3 11 0 0 34 26 32 52 13 0 7 0 0 0 50 7 0 0 0 0 0 0 0 104 111 81 61 36 29 72 47 17
P10909 2026 4 5 44 22 18 15 25 34 4 15 5 24 8 9 2 0 0 0 0 0 0 0 0 0 0 0 0 0 0 35 79 -999
P10909 2026 5 23 14 18 7 0 0 0 0 0 8 7 8 8 6 3 0 0 0 0 0 0 0 0 0 0 0 0 10 7 0 0
P10909 2026 6 0 0 0 0 0 0 0 0 0 0 0 0 0 0 0 0 0 0 0 0 27 0 0 0 0 0 0 0 0 0 -999
P10909 2026 7 0 0 0 0 0 0 0 0 0 0 0 0 0 0 0 0 0 0 0 0 0 0 0 0 0 0 0 0 0 0 0
P10909 2026 8 0 0 0 0 0 0 0 0 0 0 0 0 0 0 0 0 0 0 0 0 0 0 0 0 0 0 0 0 6 0 5
P10909 2026 9 5 5 12 13 0 0 0 0 0 0 0 0 0 0 0 0 0 0 0 63 72 18 0 0 0 0 0 0 0 0 -999
P10909 2026 10 0 0 0 0 0 0 0 0 0 0 0 0 0 0 0 0 5 3 0 26 16 6 0 0 0 0 0 21 29 31 144
P10909 2026 11 81 41 19 26 76 73 8 76 123 79 28 59 6 42 152 43 10 3 0 0 0 0 3 0 0 0 4 0 0 0 -999
P10909 2026 12 5 11 5 0 0 0 0 0 0 0 0 9 0 22 94 59 36 111 111 33 12 53 66 8 14 2 0 6 0 0 0
P10909 2027 1 0 0 0 10 18 87 145 25 6 12 96 44 4 0 10 14 0 7 62 14 29 30 2 3 12 124 120 93 142 9 0
P10909 2027 2 0 0 0 0 0 0 0 0 0 4 33 6 0 0 0 14 22 25 18 23 23 26 84 14 0 16 3 0 -999 -999 -999
P10909 2027 3 8 20 28 20 12 18 7 17 13 0 0 0 0 0 0 0 11 24 56 36 62 60 54 29 10 29 30 4 6 0 0
P10909 2027 4 0 13 0 43 23 0 0 0 0 0 0 11 12 32 18 0 0 12 0 0 5 7 17 0 0 0 0 0 0 0 -999
P10909 2027 5 0 11 19 44 24 58 69 9 0 0 57 8 7 0 0 4 0 0 0 0 0 49 0 0 0 5 0 0 0 0 0
P10909 2027 6 0 0 13 25 36 8 4 0 0 0 0 0 0 0 0 0 0 0 0 0 0 0 0 0 0 0 0 5 3 0 -999
P10909 2027 7 0 7 8 13 17 7 5 0 0 0 0 0 0 0 0 0 0 0 0 0 0 0 0 0 0 0 0 0 0 0 0
P10909 2027 8 0 0 0 0 0 0 0 0 0 0 0 0 0 0 48 30 0 0 7 0 0 0 0 0 0 0 0 0 0 0 0
P10909 2027 9 0 0 0 0 0 0 0 0 0 0 0 0 0 0 0 0 0 0 0 0 0 0 0 0 0 0 2 5 16 14 -999
P10909 2027 10 42 0 0 0 0 0 64 0 0 0 0 0 0 0 0 0 13 8 15 0 3 5 12 35 13 4 5 0 0 0 0
P10909 2027 11 6 3 16 7 14 7 4 3 6 59 54 5 0 0 0 0 0 0 0 0 17 28 23 0 27 46 33 6 3 8 -999
P10909 2027 12 6 4 2 0 13 7 0 0 0 0 0 0 5 6 17 31 40 13 3 6 2 0 0 0 0 3 2 0 0 0 0
P10909 2028 1 3 3 0 0 0 0 0 0 0 0 0 7 0 0 0 0 15 22 14 0 0 0 0 0 0 0 12 7 0 0 0
P10909 2028 2 0 24 41 31 42 41 41 0 19 21 53 93 68 121 75 93 121 33 53 13 5 15 6 0 0 0 0 0 -999 -999 -999
P10909 2028 3 0 0 0 0 6 0 0 0 0 0 50 35 34 22 6 0 0 0 0 0 0 0 6 0 12 26 35 9 4 0 7
P10909 2028 4 0 0 0 0 2 6 0 0 0 46 11 11 0 0 4 0 56 18 36 99 21 3 0 0 0 0 0 0 0 0 -999
P10909 2028 5 35 0 0 0 0 0 37 11 67 36 12 34 14 8 45 4 5 0 0 54 0 0 13 17 5 4 12 28 8 7 8
P10909 2028 6 7 12 29 25 30 42 68 9 2 0 0 0 0 0 0 0 0 0 0 0 0 0 0 0 0 0 0 19 68 51 -999
P10909 2028 7 22 7 13 0 0 0 0 4 0 0 7 10 12 0 0 0 0 0 0 0 0 0 0 0 0 0 0 3 0 0 0
P10909 2028 8 0 0 0 0 0 0 0 0 0 0 0 0 0 0 0 0 0 0 0 0 0 0 0 0 5 4 0 0 0 0 0
P10909 2028 9 0 0 0 0 0 0 0 0 0 0 0 0 0 0 0 0 0 0 0 0 0 0 0 23 4 20 51 0 14 0 -999
P10909 2028 10 0 0 0 0 0 0 0 0 0 16 9 0 0 10 0 0 9 0 20 0 0 0 0 0 0 0 0 0 0 0 0
P10909 2028 11 0 0 8 11 66 57 7 0 0 0 0 0 12 6 6 6 6 22 4 24 72 22 11 0 0 0 8 17 27 12 -999
P10909 2028 12 7 9 0 5 2 0 0 0 0 0 0 15 16 6 0 0 26 35 53 61 77 65 45 32 8 27 46 27 16 78 6
P10909 2029 1 8 0 17 103 11 5 0 42 15 30 32 91 59 25 0 20 23 13 3 7 2 0 0 0 0 0 0 27 13 15 16
P10909 2029 2 68 45 63 60 61 2 3 4 0 0 7 0 10 4 0 0 0 0 0 0 0 0 0 3 5 12 22 12 -999 -999 -999
P10909 2029 3 14 22 19 72 93 121 76 44 90 18 11 0 5 21 2 3 2 4 10 94 15 2 1 0 0 0 0 0 0 0 19
P10909 2029 4 15 11 22 17 7 8 0 0 0 0 0 0 0 51 9 26 4 56 6 4 0 0 4 7 0 0 11 27 29 47 -999
P10909 2029 5 25 4 23 69 110 49 98 87 29 8 10 4 9 0 0 0 0 0 0 3 3 2 0 0 28 0 0 0 0 0 0
P10909 2029 6 40 41 42 0 0 0 0 0 0 0 0 0 0 0 0 0 0 0 0 0 0 0 0 0 0 0 0 0 0 0 -999
P10909 2029 7 0 0 0 0 0 0 0 0 0 0 0 0 0 0 0 0 0 0 0 0 0 0 0 0 0 0 0 0 0 0 0
P10909 2029 8 0 11 0 0 0 0 0 0 0 0 0 0 0 0 0 0 0 0 0 0 0 0 0 0 0 0 0 0 0 0 0
P10909 2029 9 0 0 0 0 0 0 0 0 0 0 0 0 0 0 0 0 0 4 0 32 0 0 16 10 41 79 19 7 0 0 -999
P10909 2029 10 0 0 0 0 0 0 0 0 0 0 0 0 0 0 0 0 0 49 0 0 0 0 0 0 9 20 0 0 98 123 7
P10909 2029 11 0 0 0 0 0 0 0 0 0 0 0 0 0 0 0 0 12 12 7 0 0 11 0 89 3 0 10 5 13 0 -999
P10909 2029 12 0 12 29 41 139 8 21 18 54 4 14 4 5 5 9 0 10 3 1 0 5 119 52 35 91 14 60 87 91 21 0
P10909 2030 1 0 0 0 0 16 21 25 16 17 64 27 7 0 15 12 88 17 0 0 0 15 0 0 0 14 3 25 33 7 0 0
P10909 2030 2 9 27 53 25 44 28 17 16 1 0 0 0 0 0 0 37 22 4 0 0 0 21 8 8 44 10 0 0 -999 -999 -999
P10909 2030 3 0 0 0 0 0 0 0 0 0 0 0 0 0 0 0 0 14 22 13 9 0 16 26 27 40 35 26 57 119 50 89
P10909 2030 4 97 82 41 3 1 0 0 16 21 38 41 12 11 20 48 19 18 53 20 8 3 6 0 17 43 47 15 6 22 7 -999
P10909 2030 5 3 5 0 0 0 0 0 0 0 35 21 17 8 35 114 78 14 34 10 0 0 0 0 0 0 0 0 0 0 0 0
P10909 2030 6 0 0 0 0 0 0 0 0 0 0 0 0 0 0 9 8 11 19 8 9 5 5 10 8 0 0 0 0 0 0 -999
P10909 2030 7 0 0 0 0 0 0 0 0 0 0 0 0 0 0 0 0 0 0 0 0 0 0 0 0 0 0 0 0 0 0 0
P10909 2030 8 0 0 0 0 0 0 0 0 0 0 0 0 0 0 0 0 0 0 0 0 0 0 0 0 0 0 0 0 0 0 0
P10909 2030 9 0 0 0 0 0 0 0 0 19 0 0 0 0 0 12 110 178 16 6 7 52 40 44 8 0 13 19 19 14 8 -999
P10909 2030 10 0 0 0 0 0 0 21 80 41 109 27 57 21 17 13 7 15 41 57 142 121 119 45 50 12 0 0 0 43 9 7
P10909 2030 11 12 0 33 21 46 27 126 90 99 117 79 20 9 63 60 24 91 96 64 26 38 69 50 43 39 30 6 52 60 17 -999
P10909 2030 12 6 0 2 5 14 43 3 11 7 8 28 9 0 0 0 0 0 2 6 0 4 4 0 0 0 0 28 24 21 51 38
P10909 2031 1 21 3 0 52 16 44 12 64 132 114 25 100 135 121 81 13 0 0 7 4 3 0 0 0 0 0 0 0 2 0 10
P10909 2031 2 8 11 15 11 0 0 0 0 23 16 9 0 15 15 0 0 0 20 18 17 20 20 31 22 0 36 5 4 -999 -999 -999
P10909 2031 3 0 8 13 44 66 78 8 25 89 69 24 36 80 5 7 9 8 20 4 3 1 0 0 0 0 0 0 0 6 6 34
P10909 2031 4 24 27 14 2 10 22 36 16 30 39 43 33 67 17 1 0 0 0 0 0 0 0 0 0 0 0 0 0 0 0 -999
P10909 2031 5 19 11 23 10 14 6 0 0 0 13 42 0 0 0 16 0 0 0 0 0 0 0 0 0 0 0 33 28 0 0 0
P10909 2031 6 0 0 0 0 0 0 90 15 0 0 0 0 0 0 27 0 0 0 0 0 0 0 0 0 0 0 0 0 0 0 -999
P10909 2031 7 0 0 0 0 0 0 0 0 0 0 0 50 45 19 16 7 7 7 0 0 0 0 0 9 10 0 0 0 0 0 0
P10909 2031 8 0 0 0 0 0 0 0 0 0 0 7 11 0 0 0 0 0 0 0 0 0 0 0 0 0 0 0 0 0 0 0
P10909 2031 9 0 0 0 0 0 0 0 0 0 0 10 0 0 0 0 0 0 0 0 0 0 58 63 23 21 13 40 19 10 0 -999
P10909 2031 10 0 0 5 0 0 0 9 17 60 0 0 0 0 0 0 0 16 0 0 0 28 50 0 0 54 0 0 30 0 12 4
P10909 2031 11 4 6 30 71 13 47 39 43 10 13 48 30 63 129 114 88 17 59 44 61 134 58 18 11 43 32 69 87 52 32 -999
P10909 2031 12 69 150 78 47 116 26 65 36 34 21 7 0 0 0 5 5 3 2 2 3 46 39 33 44 38 22 12 77 16 17 4
P10909 2032 1 0 0 63 98 158 83 116 121 58 2 17 74 10 0 51 9 0 0 2 6 0 0 1 1 5 22 31 19 42 112 48
P10909 2032 2 3 10 0 0 5 13 4 3 0 0 67 75 10 0 0 0 0 0 0 0 0 11 0 0 0 0 0 0 -999 -999 -999
P10909 2032 3 0 0 0 0 0 0 0 0 0 9 4 0 0 2 2 0 0 0 0 0 0 0 0 0 0 0 0 0 11 15 10
P10909 2032 4 67 49 22 45 47 44 85 70 41 16 7 0 0 41 37 44 36 8 0 0 0 8 6 74 52 6 0 0 0 0 -999
P10909 2032 5 8 4 8 7 0 0 0 0 0 0 0 20 6 7 12 11 9 7 5 16 0 16 5 6 12 6 4 12 24 52 51
P10909 2032 6 7 0 0 0 0 0 0 21 11 42 0 0 0 0 0 0 26 11 0 0 0 0 0 0 0 0 0 0 0 0 -999
P10909 2032 7 0 0 0 0 0 0 0 0 0 0 0 0 0 0 0 0 0 0 0 0 0 0 0 0 0 0 0 0 0 0 0
P10909 2032 8 0 0 0 0 0 0 0 0 0 0 0 0 0 0 0 0 0 0 0 0 0 0 0 0 0 0 0 0 0 0 0
P10909 2032 9 0 0 0 0 0 0 0 0 0 0 68 8 17 13 10 47 41 6 0 0 0 0 0 0 0 0 0 0 0 0 -999
P10909 2032 10 0 44 64 28 0 0 0 9 33 13 0 0 0 14 100 47 28 0 0 0 35 34 147 26 10 0 0 44 70 8 13
P10909 2032 11 3 16 11 24 15 0 0 0 0 0 0 0 0 0 0 0 0 0 0 0 0 5 10 15 10 21 59 11 50 162 -999
P10909 2032 12 70 51 37 22 0 0 0 0 0 0 0 0 0 0 0 0 0 0 0 13 4 0 0 0 0 21 0 0 0 0 0
P10909 2033 1 2 13 50 81 53 41 47 73 131 118 21 46 115 5 37 86 42 0 26 0 0 0 7 6 11 24 95 75 13 43 4
P10909 2033 2 0 0 0 0 6 7 23 51 57 20 140 69 40 0 0 0 0 0 25 6 4 2 0 38 8 5 0 0 -999 -999 -999
P10909 2033 3 3 2 0 0 0 0 13 8 10 18 58 31 18 9 0 0 0 0 0 0 20 15 19 0 0 0 21 67 8 17 0
P10909 2033 4 0 0 0 43 69 38 25 22 25 28 30 32 35 26 16 72 67 55 42 27 39 83 36 22 70 17 16 0 34 9 -999
P10909 2033 5 8 0 45 64 0 0 0 1 3 4 8 10 21 35 11 10 73 45 23 31 87 16 9 4 0 0 0 0 0 0 0
P10909 2033 6 0 0 0 0 0 0 0 0 0 0 0 0 0 0 0 0 0 0 0 0 0 0 0 0 0 0 0 0 0 0 -999
P10909 2033 7 0 0 0 0 0 0 0 0 0 0 0 0 0 0 0 0 0 0 0 0 0 0 0 0 0 0 4 0 0 0 0
P10909 2033 8 0 0 0 0 0 0 0 0 0 0 0 0 0 0 0 0 0 0 0 0 0 0 0 0 0 0 0 0 10 56 10
P10909 2033 9 0 0 0 0 0 0 8 12 0 0 0 0 0 46 45 30 0 0 0 0 0 0 0 0 0 0 0 0 0 7 -999
P10909 2033 10 6 0 9 54 135 86 70 74 25 39 94 82 94 7 0 0 0 0 0 0 0 0 20 11 8 4 0 15 16 5 6
P10909 2033 11 23 52 125 176 15 5 2 0 5 0 3 0 0 0 0 3 15 5 3 6 5 6 0 0 0 0 0 0 0 0 -999
P10909 2033 12 0 9 0 0 0 0 0 8 3 0 11 8 2 0 0 0 0 0 0 0 0 0 0 0 0 0 0 0 0 0 0
P10909 2034 1 0 0 11 8 8 2 15 7 13 17 52 74 113 117 132 45 30 5 2 0 1 0 0 0 0 0 0 0 0 0 0
P10909 2034 2 0 0 0 0 0 0 9 0 0 5 1 1 3 4 27 14 10 12 15 11 7 0 0 0 0 0 19 34 -999 -999 -999
P10909 2034 3 38 54 59 57 61 40 30 32 0 0 0 0 6 6 6 4 2 2 2 0 0 0 25 42 22 10 0 0 0 0 0
P10909 2034 4 0 0 0 0 0 0 0 0 0 0 0 0 0 0 0 23 0 10 3 10 61 4 0 0 0 0 0 26 24 0 -999
P10909 2034 5 0 0 0 0 0 0 0 0 0 3 0 0 0 0 0 0 0 0 0 0 0 0 0 0 28 8 5 0 0 7 0
P10909 2034 6 7 0 0 11 25 18 9 0 0 0 0 0 0 0 0 0 0 0 0 0 0 0 0 0 0 0 0 0 0 0 -999
P10909 2034 7 0 0 0 0 0 0 0 3 5 5 3 0 0 0 0 0 0 0 0 0 0 0 0 0 0 3 0 0 8 0 4
P10909 2034 8 15 9 4 4 0 0 9 0 0 0 0 0 0 0 0 0 0 0 0 0 0 0 0 0 0 0 0 0 0 0 0
P10909 2034 9 0 0 0 0 0 0 0 0 0 0 0 0 0 0 0 0 0 0 0 0 0 0 0 0 0 25 0 0 0 76 -999
P10909 2034 10 26 9 28 5 93 99 6 0 0 73 28 6 2 7 0 7 4 0 0 0 0 0 0 21 51 44 10 56 18 0 0
P10909 2034 11 0 0 0 0 0 13 37 18 76 12 0 38 11 0 0 0 0 0 0 0 12 36 45 96 50 125 5 16 11 16 -999
P10909 2034 12 8 0 0 0 0 16 25 28 17 6 9 4 6 63 107 12 0 0 2 3 7 3 0 3 12 18 36 4 28 11 55
P10909 2035 1 10 0 19 55 48 37 0 52 18 8 18 13 43 22 26 19 29 6 0 31 119 153 75 51 7 5 0 0 0 0 0
P10909 2035 2 0 21 3 0 0 0 8 2 2 0 5 1 0 0 0 0 0 0 0 6 39 87 143 135 56 9 33 82 -999 -999 -999
P10909 2035 3 48 104 28 32 24 14 33 106 23 4 6 11 62 68 75 72 31 18 45 45 109 100 80 16 65 77 9 57 31 62 75
P10909 2035 4 61 68 50 84 124 84 66 102 150 38 39 27 8 34 0 0 0 0 0 59 93 101 106 41 19 9 9 46 62 43 -999
P10909 2035 5 35 5 0 0 0 0 0 17 32 0 0 0 0 0 0 0 0 0 0 0 0 0 83 71 3 0 0 0 0 0 64
P10909 2035 6 26 0 0 13 21 48 9 5 79 8 31 0 0 0 0 0 0 0 0 0 0 0 0 0 0 0 0 0 0 0 -999
P10909 2035 7 0 0 0 0 0 0 0 0 0 0 0 0 0 0 0 0 0 0 0 0 0 0 0 0 0 0 0 0 0 0 0
P10909 2035 8 0 0 0 0 0 0 0 0 0 0 0 0 0 0 0 0 0 0 0 0 0 0 0 0 0 0 0 0 0 0 0
P10909 2035 9 0 0 0 0 0 0 0 0 0 0 0 0 0 0 0 0 5 0 0 0 0 0 76 0 0 0 0 0 0 0 -999
P10909 2035 10 0 0 60 53 11 0 0 0 0 0 0 0 47 86 14 0 0 0 0 61 25 8 0 0 0 0 0 0 0 0 0
P10909 2035 11 0 0 24 34 37 31 22 6 0 0 0 0 0 0 0 0 0 0 0 0 0 0 0 0 5 0 0 0 8 0 -999
P10909 2035 12 13 21 46 47 104 148 157 50 21 57 8 3 8 16 0 0 0 0 24 47 91 39 0 0 0 0 0 0 0 0 8
P10909 2036 1 6 4 3 0 8 12 7 5 3 12 27 24 16 2 0 0 13 58 51 9 58 40 13 7 0 0 9 5 4 0 6
P10909 2036 2 3 0 0 0 0 0 18 21 22 9 11 41 64 21 7 4 9 3 0 0 0 0 0 0 0 0 9 15 -999 -999 -999
P10909 2036 3 70 80 25 29 20 34 0 0 0 0 0 0 0 10 6 13 0 0 0 11 9 0 0 4 2 4 8 25 12 22 39
P10909 2036 4 41 78 47 5 2 2 0 0 0 0 0 0 0 0 0 0 0 0 0 0 0 0 0 12 18 13 3 10 0 0 -999
P10909 2036 5 0 0 7 11 7 2 9 0 0 0 15 15 23 10 8 12 11 3 3 0 0 0 0 0 0 0 0 0 0 0 29
P10909 2036 6 60 67 26 0 0 0 0 0 0 0 0 0 0 0 13 0 0 6 32 5 0 0 0 0 0 0 0 0 0 0 -999
P10909 2036 7 0 0 0 0 0 0 0 0 0 0 0 0 0 0 0 0 0 0 0 0 0 0 0 0 0 0 0 0 0 0 0
P10909 2036 8 0 0 0 0 0 0 0 0 0 0 0 0 0 0 0 0 0 0 0 0 0 0 0 0 0 0 0 0 0 0 0
P10909 2036 9 0 0 0 0 0 0 0 0 0 16 0 0 0 0 0 0 0 0 0 0 0 0 0 0 0 0 0 0 0 0 -999
P10909 2036 10 0 13 0 0 6 3 0 0 0 0 22 0 0 7 8 4 0 0 0 0 0 0 0 0 0 32 30 32 95 116 28
P10909 2036 11 11 0 0 0 18 32 6 90 44 3 10 11 0 90 59 65 7 0 0 15 4 0 0 0 0 15 70 65 9 0 -999
P10909 2036 12 0 0 13 30 15 2 0 0 0 0 0 16 8 11 5 0 0 0 13 0 15 28 44 10 19 18 7 8 9 0 0
P10909 2037 1 0 0 0 0 0 0 0 0 21 122 19 86 78 0 0 0 0 0 79 63 84 86 43 105 153 24 165 101 128 10 4
P10909 2037 2 0 0 0 34 29 22 33 26 25 16 0 0 0 0 0 0 0 0 0 0 0 0 5 0 0 15 77 10 -999 -999 -999
P10909 2037 3 1 0 0 0 0 0 0 0 0 7 6 7 37 85 87 44 30 18 6 0 20 17 43 41 32 5 10 14 33 67 0
P10909 2037 4 39 0 17 15 26 36 12 15 26 9 5 4 5 45 110 35 46 29 9 10 34 42 45 30 24 0 0 0 0 0 -999
P10909 2037 5 0 0 0 0 0 0 0 0 5 8 6 10 0 10 8 8 12 10 6 7 9 17 39 21 117 48 11 3 7 0 0
P10909 2037 6 0 0 0 0 0 0 0 0 3 0 0 0 0 0 0 26 39 41 25 9 0 0 0 0 0 0 0 0 0 0 -999
P10909 2037 7 0 0 0 0 0 0 0 0 0 0 0 0 0 0 0 0 0 0 0 0 0 0 0 0 0 0 0 0 0 0 0
P10909 2037 8 0 0 0 0 0 0 0 0 0 0 0 0 0 0 0 0 0 0 0 0 0 0 0 0 0 0 0 0 0 0 0
P10909 2037 9 0 0 0 0 0 0 0 0 0 0 0 0 0 0 0 0 3 3 0 0 0 0 0 0 0 0 0 0 7 5 -999
P10909 2037 10 6 0 0 0 0 0 0 0 0 9 28 7 0 0 0 0 0 20 11 5 0 0 0 14 18 12 0 0 0 0 0
P10909 2037 11 0 0 0 0 0 0 22 31 10 0 24 40 41 79 36 1 0 0 0 57 24 23 41 58 25 19 37 42 47 9 -999
P10909 2037 12 48 8 36 116 66 23 39 43 158 66 114 26 30 17 7 2 16 35 9 1 0 0 31 3 0 0 0 0 4 5 0
P10909 2038 1 8 36 0 43 42 3 20 7 6 6 7 0 0 41 40 11 64 7 0 0 0 0 21 91 16 57 55 44 52 62 5
P10909 2038 2 0 0 0 96 97 52 38 0 0 0 0 0 0 0 0 8 5 13 12 0 0 0 17 3 0 0 0 32 -999 -999 -999
P10909 2038 3 54 27 32 31 153 72 42 32 25 32 23 0 0 0 0 0 0 30 40 63 39 5 0 7 0 23 4 12 14 7 8
P10909 2038 4 6 2 0 0 0 0 12 16 12 0 0 0 0 35 29 10 0 0 0 0 0 46 11 0 26 37 5 0 0 18 -999
P10909 2038 5 20 11 0 12 19 0 40 8 0 0 0 0 0 0 11 0 46 100 104 57 19 11 5 7 23 13 9 12 12 7 22
P10909 2038 6 0 0 0 7 0 0 0 0 0 0 0 0 0 0 0 0 0 0 0 0 0 0 0 0 0 0 0 0 0 0 -999
P10909 2038 7 0 0 0 0 0 0 0 0 0 0 0 0 0 0 0 0 0 0 0 0 0 0 0 0 0 0 0 0 0 0 0
P10909 2038 8 0 0 0 0 0 0 0 0 0 0 0 0 0 0 0 0 0 0 0 0 0 0 34 48 0 0 0 0 0 0 0
P10909 2038 9 0 0 0 0 0 0 0 0 0 0 0 0 0 0 0 0 0 0 0 0 0 33 0 8 0 0 0 0 0 0 -999
P10909 2038 10 0 0 0 0 0 0 0 0 0 0 0 0 0 0 0 0 0 0 8 0 0 31 72 11 0 0 0 0 4 0 0
P10909 2038 11 70 21 52 8 0 19 7 0 25 17 13 70 25 78 111 36 37 10 8 6 0 0 0 3 2 0 0 0 7 3 -999
P10909 2038 12 11 22 44 49 24 14 9 22 5 11 75 92 129 13 28 52 16 49 113 59 128 0 0 0 0 22 37 15 0 0 0
P10909 2039 1 0 21 19 16 36 6 7 6 0 0 0 0 0 0 0 19 52 4 16 25 14 9 33 23 32 3 4 3 0 8 8
P10909 2039 2 19 14 0 0 0 0 0 0 0 19 18 0 6 16 16 26 23 3 18 0 0 0 9 46 91 5 3 0 -999 -999 -999
P10909 2039 3 2 0 0 0 0 0 0 28 9 0 0 49 21 54 25 18 11 18 0 0 0 0 0 0 0 13 0 0 0 0 0
P10909 2039 4 0 0 0 0 0 0 0 0 0 0 0 0 0 65 17 2 0 0 7 7 14 8 6 0 0 0 0 0 0 0 -999
P10909 2039 5 0 0 0 0 0 0 0 0 0 0 0 0 0 0 0 52 19 10 4 6 6 15 15 6 0 0 0 0 0 0 0
P10909 2039 6 22 24 48 83 34 6 0 0 0 0 0 0 0 0 0 0 0 0 0 0 0 0 0 0 0 0 0 18 18 0 -999
P10909 2039 7 0 0 0 0 0 0 0 0 0 0 0 0 0 0 0 0 0 0 0 0 0 0 0 0 0 0 0 0 0 0 0
P10909 2039 8 0 0 0 0 0 0 0 0 0 0 0 0 0 0 0 0 0 0 0 0 0 0 0 0 0 0 0 0 0 0 0
P10909 2039 9 0 0 0 0 0 0 0 0 0 0 0 0 0 0 0 0 0 0 0 0 0 0 0 0 0 0 0 0 0 0 -999
P10909 2039 10 0 0 0 0 0 0 0 0 0 0 0 0 0 6 5 6 0 6 8 37 17 114 75 30 25 26 181 115 81 134 27
P10909 2039 11 2 3 0 0 0 0 0 0 25 18 38 40 16 21 12 14 5 39 99 87 31 18 58 0 0 0 12 47 11 5 -999
P10909 2039 12 8 26 26 56 97 35 18 11 45 0 0 0 0 19 12 0 9 11 19 54 5 10 13 16 17 18 18 87 46 47 22
P10909 2040 1 17 10 0 27 100 91 55 19 60 14 27 39 42 21 32 92 14 30 28 15 0 0 0 0 0 0 0 0 0 0 0
P10909 2040 2 0 0 3 15 2 0 0 2 3 6 0 0 3 4 2 3 8 8 2 3 0 2 0 0 0 0 0 0 -999 -999 -999
P10909 2040 3 0 0 0 0 0 0 0 0 0 0 0 0 0 0 0 0 0 0 0 0 0 0 75 127 86 102 27 17 60 95 25
P10909 2040 4 15 97 69 45 9 10 12 6 0 0 0 0 18 10 0 17 63 6 0 0 0 10 9 10 60 44 10 6 0 5 -999
P10909 2040 5 2 3 15 5 4 3 0 0 0 0 0 0 0 0 3 0 0 0 0 6 4 24 0 0 0 0 0 0 0 0 0
P10909 2040 6 3 1 0 0 0 0 0 0 0 0 0 0 0 0 0 0 0 0 0 0 0 0 0 0 0 0 0 0 0 0 -999
P10909 2040 7 0 0 0 0 0 0 0 0 0 0 0 0 0 0 0 0 0 0 0 0 0 0 0 0 0 0 0 0 0 0 0
P10909 2040 8 0 0 0 0 0 0 0 0 0 0 0 0 0 0 0 0 0 0 0 0 0 0 0 0 0 0 0 0 0 0 0
P10909 2040 9 0 0 0 0 0 0 0 0 0 0 0 0 0 0 5 4 7 0 0 0 0 0 24 18 0 0 37 34 15 0 -999
P10909 2040 10 6 0 0 0 0 0 13 0 0 0 0 0 0 0 0 0 19 37 65 21 6 5 5 0 0 12 7 0 0 0 0
P10909 2040 11 9 24 9 29 23 14 128 210 161 24 12 16 26 12 26 11 9 4 0 0 0 0 0 24 4 0 0 0 0 0 -999
P10909 2040 12 0 0 0 0 36 53 70 0 13 3 0 0 27 29 8 0 0 0 5 0 23 10 0 10 3 0 0 50 14 18 36
P10909 2041 1 11 0 0 0 0 0 6 3 0 0 0 0 9 16 13 0 0 0 14 18 58 65 105 85 67 68 71 68 35 15 0
P10909 2041 2 0 0 0 0 20 39 99 138 52 64 45 57 86 11 68 74 79 78 64 24 110 57 13 73 27 17 4 0 -999 -999 -999
P10909 2041 3 11 2 0 0 3 4 5 13 38 9 7 33 10 16 27 35 37 107 88 41 23 63 43 67 41 72 65 43 51 74 38
P10909 2041 4 1 0 0 0 0 0 0 0 0 0 3 5 10 9 10 4 23 98 72 38 41 10 16 83 112 26 3 5 0 0 -999
P10909 2041 5 0 0 0 48 0 0 0 0 0 59 33 16 0 0 0 0 0 20 38 59 47 38 52 62 32 47 87 57 11 20 13
P10909 2041 6 7 0 0 0 10 0 20 0 0 0 0 0 0 0 0 0 0 0 0 0 0 0 0 0 0 0 0 0 0 0 -999
P10909 2041 7 0 0 0 0 30 0 0 0 0 31 10 0 0 0 7 13 4 12 4 0 0 0 0 0 0 20 12 16 0 0 0
P10909 2041 8 0 0 0 0 0 0 0 0 0 0 0 0 0 0 0 0 0 0 0 0 0 0 0 0 0 0 0 0 5 0 0
P10909 2041 9 0 0 0 0 0 0 0 0 0 0 0 0 0 0 0 0 0 0 0 0 0 0 27 33 114 16 0 0 0 0 -999
P10909 2041 10 0 28 12 8 0 0 0 0 0 0 45 32 0 0 0 0 0 0 0 0 0 24 0 0 0 10 0 0 13 0 0
P10909 2041 11 0 0 0 19 9 25 13 6 20 18 30 49 82 88 99 84 146 125 35 68 84 157 75 167 88 20 44 27 27 10 -999
P10909 2041 12 5 43 11 49 123 20 0 0 0 0 7 13 15 43 30 112 103 66 47 50 16 3 17 6 0 3 1 3 0 0 0
P10909 2042 1 0 0 0 0 0 26 76 17 8 5 5 5 0 0 0 0 0 0 0 0 0 0 0 0 0 0 0 0 0 0 0
P10909 2042 2 6 3 0 0 0 0 0 0 0 0 0 0 0 0 0 0 0 0 5 0 0 0 0 0 26 0 0 0 -999 -999 -999
P10909 2042 3 0 0 0 0 0 7 12 0 0 0 0 6 5 10 23 32 0 0 70 105 15 22 3 57 18 7 11 7 0 14 82
P10909 2042 4 17 31 7 6 34 54 55 7 32 10 22 22 22 37 7 19 11 0 0 0 0 63 76 44 31 22 24 32 33 75 -999
P10909 2042 5 91 53 28 3 2 0 4 7 15 15 0 0 0 0 0 0 0 0 0 0 0 0 0 0 0 0 0 0 0 9 13
P10909 2042 6 9 15 11 6 6 0 29 24 0 0 0 0 0 0 0 0 0 0 0 0 0 0 0 0 0 0 0 0 0 0 -999
P10909 2042 7 0 0 0 0 0 0 0 0 0 0 0 0 0 0 65 11 0 0 0 0 0 19 4 0 0 0 0 0 0 0 0
P10909 2042 8 0 0 0 0 0 0 0 0 0 0 0 0 0 0 0 0 0 0 0 0 0 0 0 0 0 0 0 0 0 0 0
P10909 2042 9 0 0 0 0 0 0 0 0 0 0 0 0 0 0 0 0 0 0 0 0 0 0 0 0 0 0 0 0 0 0 -999
P10909 2042 10 0 0 15 5 9 0 0 43 39 0 0 0 56 44 27 13 12 11 9 96 68 27 9 3 0 0 0 8 0 0 0
P10909 2042 11 0 0 0 0 0 0 16 12 5 0 0 0 0 0 0 0 0 0 7 29 7 0 0 0 0 0 0 0 38 15 -999
P10909 2042 12 9 0 50 99 38 55 9 35 53 45 27 37 32 74 97 20 90 74 37 13 10 11 69 57 3 11 0 0 0 0 0
P10909 2043 1 8 11 12 20 0 50 8 4 0 0 0 13 30 125 55 49 9 15 13 85 34 59 49 54 2 2 5 20 35 2 0
P10909 2043 2 0 0 0 7 17 68 61 0 0 0 0 0 6 4 3 0 0 0 0 0 4 5 6 4 2 6 0 0 -999 -999 -999
P10909 2043 3 0 24 39 61 13 21 57 131 99 26 57 24 28 0 0 0 0 0 60 11 95 39 49 17 37 5 10 15 3 7 6
P10909 2043 4 24 5 0 18 0 0 0 0 0 0 64 0 0 0 11 45 51 15 21 87 2 0 0 0 0 0 0 0 0 2 -999
P10909 2043 5 0 0 0 0 0 0 0 0 0 0 0 0 0 0 0 0 0 0 0 0 63 69 78 55 12 12 58 29 7 18 26
P10909 2043 6 10 11 5 0 0 0 0 0 0 0 0 0 0 0 0 0 0 0 0 0 0 0 0 0 0 0 0 0 0 0 -999
P10909 2043 7 0 0 0 0 0 0 0 0 0 0 0 0 0 0 0 0 0 0 0 0 0 0 0 0 0 0 0 0 0 0 0
P10909 2043 8 0 0 0 0 0 0 0 0 0 0 0 0 0 0 0 0 0 0 0 0 0 0 0 0 11 15 6 6 14 0 0
P10909 2043 9 0 0 0 0 0 0 0 0 0 0 0 0 0 0 0 0 0 0 0 0 0 0 0 0 0 0 0 0 0 23 -999
P10909 2043 10 36 80 0 0 0 0 0 0 0 7 0 0 0 18 17 0 57 5 0 0 0 25 45 4 23 39 9 48 33 18 17
P10909 2043 11 0 0 0 0 0 0 0 0 0 0 55 28 105 110 0 0 0 0 0 0 0 2 2 11 17 31 5 68 25 18 -999
P10909 2043 12 12 15 3 0 0 0 4 0 3 17 27 54 9 10 55 4 0 39 144 29 160 42 0 0 0 27 14 2 0 0 0
P10909 2044 1 0 0 4 0 0 10 6 0 0 14 8 0 0 0 10 10 97 120 41 6 11 7 0 0 0 3 9 109 17 5 0
P10909 2044 2 0 0 0 0 22 20 0 0 16 24 18 0 0 0 0 0 0 0 0 0 0 0 4 65 93 8 37 26 -999 -999 -999
P10909 2044 3 11 43 88 67 83 9 4 51 20 7 4 6 0 0 0 11 12 66 32 22 11 4 0 0 6 26 72 56 19 97 3
P10909 2044 4 0 7 7 0 0 0 0 0 0 0 0 13 3 36 6 0 0 0 0 0 0 0 0 0 9 33 62 7 0 0 -999
P10909 2044 5 0 0 0 0 91 5 0 15 43 42 12 0 0 20 10 0 0 31 63 55 43 18 0 0 11 8 0 0 0 5 2
P10909 2044 6 0 0 0 0 17 26 8 3 0 0 0 0 0 0 0 0 0 0 0 0 0 0 0 0 28 5 3 0 6 0 -999
P10909 2044 7 15 5 0 0 0 0 0 0 0 0 0 0 0 0 0 0 0 0 0 0 0 0 0 0 2 0 0 0 0 0 0
P10909 2044 8 0 0 0 0 0 0 0 0 0 0 0 0 0 0 0 0 0 0 0 0 0 0 0 0 0 0 0 0 0 0 0
P10909 2044 9 0 0 0 0 0 0 0 0 0 0 0 0 0 0 0 0 0 0 0 32 0 0 0 37 66 27 0 0 0 34 -999
P10909 2044 10 40 22 45 0 0 0 0 0 0 0 0 0 0 0 6 4 6 0 64 76 50 10 0 0 0 0 0 0 0 0 0
P10909 2044 11 13 10 9 0 23 6 11 18 7 5 44 69 50 63 18 44 100 24 28 55 106 56 52 166 112 149 106 20 28 9 -999
P10909 2044 12 0 0 0 0 2 3 0 0 36 74 12 10 30 17 9 0 0 0 0 11 4 60 15 6 3 3 11 7 54 9 35
P10909 2045 1 95 64 22 22 25 12 116 98 13 12 94 36 77 101 25 53 26 2 0 0 0 7 5 0 0 0 0 0 0 0 0
P10909 2045 2 13 44 31 17 35 53 13 2 0 0 14 12 28 1 5 2 3 2 0 0 8 2 0 0 0 0 0 0 -999 -999 -999
P10909 2045 3 0 0 0 0 0 5 9 17 12 0 0 20 52 8 43 7 5 0 0 0 0 0 0 5 7 6 4 0 0 0 0
P10909 2045 4 33 0 0 8 21 116 107 4 13 18 41 10 0 9 0 33 0 0 0 0 0 0 0 0 0 0 0 0 3 0 -999
P10909 2045 5 19 5 0 0 0 0 0 54 16 10 2 0 4 0 0 0 0 0 0 16 7 2 0 0 0 0 0 0 0 0 7
P10909 2045 6 5 0 0 0 0 0 0 0 12 8 13 19 15 0 0 0 0 0 0 4 13 26 17 10 17 23 10 0 0 0 -999
P10909 2045 7 0 0 0 0 0 0 0 0 0 0 0 0 0 0 0 0 0 0 0 0 0 0 0 0 0 0 0 0 0 0 0
P10909 2045 8 0 0 0 0 0 0 0 0 0 0 0 0 0 0 0 0 0 0 0 0 0 0 0 0 0 0 0 0 0 0 0
P10909 2045 9 0 0 0 0 0 0 0 0 0 0 0 0 0 0 0 0 8 0 0 0 0 0 0 0 0 0 0 0 0 44 -999
P10909 2045 10 9 0 21 76 16 0 0 0 0 0 0 0 0 0 106 77 101 65 24 0 0 0 0 0 0 0 0 0 0 0 0
P10909 2045 11 31 16 6 0 11 6 0 0 0 0 0 4 6 7 14 72 200 91 8 0 0 0 29 118 19 45 143 101 37 10 -999
P10909 2045 12 5 5 4 8 27 15 9 4 3 5 0 0 0 0 0 0 0 26 12 30 20 6 10 28 39 41 15 14 4 0 0
P10909 2046 1 3 18 76 86 125 72 60 47 22 21 149 55 121 12 59 35 33 31 27 57 7 4 9 4 9 48 68 71 53 32 50
P10909 2046 2 43 51 40 23 15 20 21 13 6 3 17 25 42 40 46 51 26 8 13 7 14 141 27 11 50 47 98 77 -999 -999 -999
P10909 2046 3 64 82 67 36 26 73 148 120 91 70 127 69 143 50 147 35 161 44 18 45 93 18 5 3 0 0 0 76 51 2 8
P10909 2046 4 0 4 11 78 12 4 6 68 16 8 21 8 13 17 45 7 46 30 104 53 20 14 60 88 32 20 15 32 40 8 -999
P10909 2046 5 0 0 0 0 0 0 2 3 0 0 0 0 0 23 0 54 12 7 2 3 2 0 0 0 0 25 25 9 11 5 0
P10909 2046 6 0 0 0 0 0 0 0 0 0 0 0 0 0 0 0 4 0 14 28 10 5 0 0 0 0 0 0 0 0 0 -999
P10909 2046 7 0 0 0 0 0 0 0 16 0 0 0 0 0 0 0 0 0 0 0 0 0 0 0 0 0 0 0 0 0 0 0
P10909 2046 8 0 0 0 0 0 0 0 0 0 0 0 0 0 35 3 3 0 14 0 0 0 0 0 0 0 0 0 0 0 0 0
P10909 2046 9 0 0 0 0 0 0 0 0 0 0 0 0 0 0 0 0 0 0 0 0 0 0 0 0 0 0 0 0 10 0 -999
P10909 2046 10 0 0 13 2 5 46 26 92 3 0 0 0 0 0 0 0 0 0 0 8 12 80 19 18 46 6 14 19 14 73 25
P10909 2046 11 3 0 0 0 48 61 24 50 20 7 1 0 0 10 0 0 0 0 0 0 0 0 6 18 32 13 5 17 71 54 -999
P10909 2046 12 130 113 92 23 52 66 69 54 41 52 21 60 17 132 204 48 47 83 11 4 13 0 0 0 0 0 0 0 0 0 0
P10909 2047 1 0 0 0 0 0 0 9 29 10 24 36 0 11 40 105 212 192 32 120 10 63 53 12 0 0 0 0 0 0 0 0
P10909 2047 2 10 23 10 26 27 17 12 6 0 0 0 11 6 67 2 0 0 0 1 0 0 0 0 39 38 9 62 21 -999 -999 -999
P10909 2047 3 3 20 36 9 29 83 23 7 0 0 0 0 0 0 0 0 0 0 0 0 0 6 93 20 15 9 26 4 0 17 33
P10909 2047 4 125 5 15 7 8 12 12 9 39 94 155 60 13 17 80 39 2 27 13 5 0 7 0 0 0 0 15 14 0 0 -999
P10909 2047 5 0 0 0 0 0 0 0 0 0 37 28 28 42 27 0 0 0 0 0 0 0 0 0 0 0 0 0 0 0 0 0
P10909 2047 6 0 0 0 0 0 0 0 0 0 0 0 0 0 26 8 19 4 0 0 0 0 0 0 0 0 0 0 0 0 0 -999
P10909 2047 7 0 11 7 12 14 9 0 0 0 0 0 11 0 20 0 0 7 6 13 30 11 0 0 0 0 0 0 0 0 0 0
P10909 2047 8 0 0 0 0 0 0 0 0 0 0 0 0 0 0 0 0 0 0 0 0 0 0 0 0 0 0 0 0 0 0 0
P10909 2047 9 0 0 0 0 0 0 0 0 0 0 0 0 55 70 85 69 18 0 0 0 0 0 0 0 46 0 0 0 0 0 -999
P10909 2047 10 0 41 104 81 59 45 49 23 18 111 32 63 29 53 65 36 142 16 112 6 8 12 6 0 0 0 7 3 4 0 0
P10909 2047 11 5 7 20 6 11 20 0 0 20 0 7 8 12 9 30 60 49 7 0 0 0 0 0 0 0 0 0 0 0 0 -999
P10909 2047 12 0 0 0 0 0 0 0 0 0 0 0 0 0 0 3 0 0 0 0 0 0 0 6 9 10 1 0 0 17 6 0
P10909 2048 1 0 23 4 0 0 0 0 0 0 0 7 82 25 35 9 0 0 0 0 0 0 0 0 0 0 0 0 0 0 0 3
P10909 2048 2 0 0 7 4 9 2 1 1 5 18 12 12 19 36 37 38 5 2 1 0 0 0 0 0 0 0 0 0 -999 -999 -999
P10909 2048 3 0 0 0 0 9 9 17 40 65 58 101 19 45 70 13 63 37 15 13 22 55 9 0 14 9 60 24 30 54 35 5
P10909 2048 4 3 2 8 0 0 0 0 0 8 6 0 0 0 0 0 0 0 0 0 0 6 7 62 2 5 0 6 5 0 0 -999
P10909 2048 5 0 54 36 34 17 9 7 0 16 20 12 0 0 40 33 15 20 91 6 16 35 83 18 0 0 0 0 0 0 0 0
P10909 2048 6 0 0 0 0 0 0 0 0 0 0 0 0 0 0 0 0 0 0 0 0 0 0 0 0 0 0 0 0 0 0 -999
P10909 2048 7 0 0 0 0 0 0 0 0 0 0 0 0 0 0 0 0 0 0 0 0 0 0 0 0 0 0 0 0 0 0 0
P10909 2048 8 0 0 0 0 0 0 0 0 0 0 0 0 0 0 0 0 0 0 0 0 0 0 0 0 0 0 0 0 0 0 0
P10909 2048 9 0 0 0 0 0 0 0 0 0 0 14 0 0 0 0 0 37 36 0 0 0 0 0 0 0 0 28 43 99 86 -999
P10909 2048 10 8 4 0 0 0 24 3 0 0 0 0 0 0 0 0 0 0 0 0 6 26 10 0 0 9 3 2 0 0 0 24
P10909 2048 11 5 0 0 0 0 64 21 0 0 0 0 0 0 0 3 17 91 41 43 45 16 0 0 0 0 0 26 15 17 28 -999
P10909 2048 12 66 116 43 12 70 76 2 0 0 0 0 0 0 0 0 0 0 4 6 7 0 0 2 5 0 0 49 53 22 23 0
P10909 2049 1 0 0 18 27 10 0 21 28 9 0 15 27 31 11 0 0 0 12 0 0 0 14 11 10 0 0 12 32 15 17 14
P10909 2049 2 31 27 0 33 0 0 0 0 0 0 0 0 0 0 0 0 0 0 0 0 0 2 7 6 6 17 13 11 -999 -999 -999
P10909 2049 3 5 0 0 0 0 0 0 0 0 0 0 0 0 0 9 17 4 0 0 6 3 13 19 39 9 0 0 5 13 84 22
P10909 2049 4 0 16 3 0 2 0 0 0 0 0 0 0 0 0 0 53 53 8 0 0 0 29 0 0 59 30 5 4 3 3 -999
P10909 2049 5 11 13 19 9 9 10 28 64 122 74 15 31 8 4 0 0 0 0 0 0 86 95 74 105 62 60 59 74 29 8 7
P10909 2049 6 0 0 0 19 21 0 0 0 0 0 0 0 0 0 0 0 0 0 0 0 0 0 0 0 0 0 0 0 0 0 -999
P10909 2049 7 0 6 0 8 0 0 0 0 0 0 0 0 0 0 0 0 0 0 0 0 0 0 0 0 0 0 0 0 0 0 0
P10909 2049 8 0 0 0 0 0 0 0 0 0 0 0 0 0 0 0 0 0 0 0 0 0 0 0 0 0 0 0 0 0 0 0
P10909 2049 9 0 0 0 0 0 0 0 0 0 0 0 0 0 0 0 0 0 0 0 0 41 83 37 9 0 0 0 0 0 0 -999
P10909 2049 10 0 0 0 0 0 23 6 5 0 0 0 0 0 15 14 67 7 0 0 0 0 0 16 24 32 20 0 0 20 18 12
P10909 2049 11 0 44 116 127 107 26 58 85 110 57 180 60 151 91 76 164 163 35 15 16 11 8 0 28 0 0 0 0 0 13 -999
P10909 2049 12 8 71 59 77 14 2 3 5 1 13 6 0 9 0 27 14 15 69 24 109 144 11 5 25 26 15 33 38 61 54 93
P10909 2050 1 151 114 145 88 29 131 16 33 14 18 13 21 31 30 20 33 79 92 6 0 0 0 0 0 19 0 0 0 3 4 0
P10909 2050 2 0 0 0 0 0 0 0 0 0 0 0 0 0 0 0 14 0 0 39 23 18 20 0 43 14 12 0 0 -999 -999 -999
P10909 2050 3 0 47 62 31 29 41 32 0 0 35 32 26 14 13 16 8 62 15 71 19 12 9 0 30 11 21 29 67 23 55 131
P10909 2050 4 45 26 21 20 42 78 46 15 55 14 0 0 46 51 7 20 10 3 0 24 5 0 0 0 21 3 11 2 0 12 -999
P10909 2050 5 8 8 5 10 6 12 6 10 8 0 0 0 0 0 0 29 11 0 33 23 6 12 11 0 0 7 14 13 30 19 13
P10909 2050 6 0 0 0 0 0 0 0 0 0 0 0 0 0 0 0 0 0 0 0 4 0 0 0 0 0 0 0 0 0 0 -999
P10909 2050 7 0 0 0 0 0 0 0 0 0 0 0 0 0 0 0 0 0 0 0 0 0 0 0 0 1 0 0 0 0 0 0
P10909 2050 8 0 0 0 0 0 0 0 0 0 0 0 0 0 0 0 0 0 0 0 0 0 26 35 0 0 0 0 0 0 0 0
P10909 2050 9 0 0 0 0 0 0 0 0 0 0 0 0 0 0 0 0 0 0 0 0 0 0 0 0 0 0 0 0 0 0 -999
P10909 2050 10 39 38 5 0 0 0 0 0 0 0 0 0 19 49 0 0 11 12 0 0 0 33 49 28 48 47 31 10 8 12 15
P10909 2050 11 13 6 4 17 6 60 55 108 81 50 41 23 13 23 0 0 0 5 13 6 21 100 172 52 11 16 50 17 3 29 -999
P10909 2050 12 8 12 19 0 0 0 12 18 10 0 2 3 0 0 0 3 0 11 8 9 2 3 0 0 0 0 0 0 0 0 10
P10909 2051 1 5 11 0 0 0 0 0 0 0 9 0 0 0 21 16 0 2 2 0 0 0 0 0 0 0 0 0 0 0 0 0
P10909 2051 2 0 0 0 0 26 34 0 0 0 0 5 5 0 0 0 18 3 0 0 34 3 0 0 16 5 3 0 0 -999 -999 -999
P10909 2051 3 0 0 0 0 0 0 7 0 10 15 58 80 59 10 25 0 0 0 47 51 26 5 0 0 0 0 0 0 0 9 38
P10909 2051 4 34 17 0 0 0 0 0 0 0 0 31 0 57 42 17 14 12 38 23 79 7 10 27 12 0 0 0 15 0 0 -999
P10909 2051 5 0 0 0 0 0 0 0 0 0 0 21 60 65 15 4 0 0 0 0 0 0 0 0 73 80 67 42 0 0 0 0
P10909 2051 6 0 0 0 0 0 0 0 0 0 0 0 0 0 0 0 0 0 0 0 0 0 0 0 0 0 0 0 0 0 0 -999
P10909 2051 7 0 0 0 0 0 0 0 0 0 0 0 0 0 0 0 0 0 0 0 0 0 0 0 0 0 0 0 0 0 0 0
P10909 2051 8 0 0 0 0 0 0 0 0 0 0 0 0 0 0 0 0 0 0 0 72 0 0 0 5 0 0 0 0 0 0 0
P10909 2051 9 0 0 0 0 0 0 0 0 0 0 0 51 89 10 0 0 0 0 0 0 0 0 0 0 0 0 0 0 0 0 -999
P10909 2051 10 0 0 0 0 82 0 0 0 0 23 26 23 0 0 0 0 0 0 0 0 0 0 0 4 5 2 50 121 116 63 74
P10909 2051 11 50 95 59 19 9 2 0 2 4 2 0 0 0 6 7 8 6 14 0 0 3 4 4 11 16 0 0 0 0 0 -999
P10909 2051 12 0 0 0 0 46 14 0 81 134 11 43 74 11 20 84 188 54 76 10 2 0 0 0 0 0 0 0 0 0 0 0
P10909 2052 1 0 0 0 0 0 0 0 5 11 0 0 0 0 22 23 6 0 0 0 0 0 0 0 11 5 0 0 31 42 47 39
P10909 2052 2 21 37 36 44 23 140 170 58 21 46 26 17 7 6 20 38 41 41 29 29 0 0 0 44 43 14 0 25 -999 -999 -999
P10909 2052 3 0 0 0 0 0 0 0 0 0 0 0 0 0 17 37 134 51 87 111 72 8 20 138 2 0 2 0 0 0 0 0
P10909 2052 4 0 6 0 0 0 0 55 13 0 0 7 12 6 5 0 12 11 4 0 0 0 0 3 0 0 0 0 0 8 5 -999
P10909 2052 5 0 0 0 0 0 0 0 0 0 0 7 18 41 49 42 29 28 31 58 16 4 0 0 0 7 0 0 0 0 0 0
P10909 2052 6 0 0 0 0 0 0 0 0 0 0 0 0 0 0 0 0 0 0 0 0 0 0 0 0 29 25 0 0 0 0 -999
P10909 2052 7 0 0 0 9 0 0 0 0 0 0 0 0 0 0 0 0 0 0 0 0 0 0 0 0 0 0 0 0 0 8 16
P10909 2052 8 48 30 23 5 0 0 0 0 0 0 0 0 0 0 0 0 0 0 0 0 0 0 0 0 0 0 0 0 0 0 0
P10909 2052 9 0 0 0 0 0 0 0 0 0 0 0 0 0 0 0 0 0 0 0 0 0 0 0 0 0 0 0 0 0 0 -999
P10909 2052 10 0 0 0 0 0 0 0 0 0 0 0 0 0 0 0 0 0 0 0 0 0 0 0 0 39 22 0 0 0 0 10
P10909 2052 11 6 67 25 11 0 0 0 0 0 9 9 0 3 0 0 0 0 14 96 44 144 65 47 8 29 5 13 6 12 16 -999
P10909 2052 12 5 9 28 29 4 2 0 0 0 0 0 3 10 54 19 2 15 50 12 0 29 21 7 10 28 2 15 3 19 20 13
P10909 2053 1 6 10 3 0 5 0 0 0 93 98 177 60 126 13 14 23 31 9 1 0 0 0 0 0 0 0 20 43 22 27 83
P10909 2053 2 68 50 57 32 91 37 92 29 56 27 0 0 0 0 8 14 26 19 0 0 0 7 16 59 49 125 122 31 -999 -999 -999
P10909 2053 3 4 0 0 0 0 0 0 0 0 0 0 0 0 0 5 0 0 0 0 0 0 0 0 0 0 0 0 13 17 0 48
P10909 2053 4 48 39 9 11 6 0 0 0 0 0 0 30 68 113 64 13 12 0 0 0 0 0 0 50 89 118 88 36 30 0 -999
P10909 2053 5 0 13 7 0 0 0 0 0 0 0 0 0 0 0 0 0 0 0 0 0 0 0 0 0 0 0 0 0 4 18 7
P10909 2053 6 0 0 0 0 0 0 0 0 0 0 0 0 0 0 0 0 0 31 52 0 0 0 0 0 0 0 0 0 0 0 -999
P10909 2053 7 0 0 0 0 0 0 0 0 11 6 0 0 0 0 0 0 0 0 0 0 0 0 0 0 0 0 0 0 0 0 0
P10909 2053 8 0 0 0 0 0 0 0 0 0 0 0 0 0 0 0 0 0 0 0 0 0 0 0 0 61 56 0 0 0 0 6
P10909 2053 9 0 10 0 0 0 0 0 0 0 0 0 0 0 0 0 0 0 0 34 47 86 67 0 0 0 0 0 71 65 22 -999
P10909 2053 10 9 0 0 0 0 0 0 60 57 5 0 0 0 0 0 0 0 0 0 0 0 0 0 0 0 0 0 0 0 7 0
P10909 2053 11 0 6 12 6 8 0 0 0 0 0 0 0 0 0 110 74 161 62 174 19 78 41 16 23 4 0 0 0 0 0 -999
P10909 2053 12 0 0 0 0 0 0 0 0 3 19 35 107 85 76 32 20 22 18 8 3 0 0 15 77 30 19 0 0 0 0 10
P10909 2054 1 51 22 0 20 32 42 29 9 5 0 4 7 4 0 0 4 24 68 45 14 3 8 4 2 6 1 0 0 0 0 0
P10909 2054 2 0 0 13 28 21 18 10 24 0 0 0 0 0 0 0 0 0 0 0 0 3 4 26 9 0 0 0 0 -999 -999 -999
P10909 2054 3 0 0 0 0 0 0 0 8 6 0 0 0 8 3 22 15 62 12 7 6 0 0 25 4 8 25 15 26 70 20 62
P10909 2054 4 28 40 18 19 13 28 69 24 14 97 11 0 0 0 11 2 4 40 55 72 54 14 12 59 99 87 32 14 4 0 -999
P10909 2054 5 0 53 9 12 11 6 7 30 90 100 37 36 3 2 0 0 0 0 0 0 5 0 0 0 0 0 0 0 0 0 0
P10909 2054 6 0 0 0 0 0 0 0 0 0 0 0 0 0 0 0 0 0 0 0 0 0 0 0 0 0 0 0 0 0 0 -999
P10909 2054 7 0 0 0 0 0 0 0 0 0 0 0 0 0 0 0 0 57 50 15 10 0 0 0 0 0 0 0 0 0 0 0
P10909 2054 8 0 0 0 0 0 0 0 0 0 0 0 0 0 0 0 0 0 0 0 0 0 0 0 0 0 0 0 0 0 0 0
P10909 2054 9 0 0 0 0 0 0 0 0 0 0 0 0 0 0 0 0 0 0 0 0 0 0 51 33 9 0 0 0 0 0 -999
P10909 2054 10 0 0 0 0 0 0 0 0 16 0 61 18 12 4 0 0 0 0 0 0 61 119 5 9 11 5 0 7 11 13 91
P10909 2054 11 145 176 88 32 153 65 19 46 122 10 0 0 0 0 0 4 4 6 0 0 0 0 0 0 3 4 18 25 70 13 -999
P10909 2054 12 84 30 2 0 0 0 0 0 0 12 8 7 42 15 7 1 0 0 0 0 0 0 5 4 0 0 0 0 0 0 0
P10909 2055 1 0 0 0 66 136 72 13 0 0 30 64 85 77 36 31 68 42 54 62 93 89 121 74 20 7 8 4 3 7 5 0
P10909 2055 2 0 0 0 0 0 0 4 0 0 0 0 0 10 12 20 84 9 15 0 0 0 0 0 0 0 0 0 0 -999 -999 -999
P10909 2055 3 0 0 56 55 18 35 55 41 81 160 37 16 58 61 20 17 36 53 5 22 13 10 18 58 29 54 62 20 63 78 7
P10909 2055 4 0 0 0 6 2 19 84 8 47 50 2 13 20 3 16 0 0 0 0 0 51 53 58 52 44 36 32 29 14 13 -999
P10909 2055 5 24 64 144 61 12 0 0 53 29 9 4 7 11 15 15 0 0 0 0 0 2 0 0 0 0 0 0 0 0 31 43
P10909 2055 6 13 11 0 0 18 15 0 0 0 0 0 0 0 9 63 37 11 21 12 12 7 6 0 0 0 0 0 0 0 0 -999
P10909 2055 7 0 0 0 0 0 0 0 0 0 0 0 0 0 0 0 0 0 0 0 0 0 0 0 0 0 0 0 0 0 0 0
P10909 2055 8 0 0 0 0 0 0 0 0 0 0 0 0 0 0 0 0 0 0 0 0 0 0 0 0 0 0 0 0 0 0 0
P10909 2055 9 0 0 0 0 0 0 0 0 0 0 0 0 0 0 0 0 0 0 0 0 0 0 0 14 8 0 0 0 0 0 -999
P10909 2055 10 4 0 0 0 0 0 0 39 6 0 0 25 12 0 16 0 0 6 13 2 4 3 27 93 26 8 0 0 0 0 0
P10909 2055 11 0 0 0 0 24 119 109 66 12 0 0 0 0 12 0 18 3 0 0 0 0 9 14 58 5 0 0 0 0 25 -999
P10909 2055 12 48 61 4 4 0 0 0 0 0 0 46 92 38 38 38 24 13 10 6 80 66 25 4 0 0 0 0 0 0 0 22
P10909 2056 1 4 2 3 7 5 11 84 9 6 0 0 0 0 0 0 5 5 3 0 0 27 21 69 27 62 5 17 39 3 0 7
P10909 2056 2 0 0 0 0 2 0 0 0 0 0 0 0 0 0 0 0 6 0 0 0 7 12 10 3 0 0 0 0 -999 -999 -999
P10909 2056 3 0 0 0 0 0 0 0 9 10 59 10 0 0 0 0 67 17 9 13 12 6 0 12 9 0 43 39 37 21 34 17
P10909 2056 4 0 0 0 0 0 17 0 0 13 8 8 4 0 0 0 0 0 0 0 28 29 38 47 25 0 26 25 35 9 0 -999
P10909 2056 5 19 39 76 29 13 68 11 8 4 0 13 18 14 1 0 0 0 0 0 0 0 6 0 9 31 8 26 11 14 6 0
P10909 2056 6 52 42 0 0 16 12 22 8 0 0 0 0 0 0 0 0 0 0 0 0 0 0 0 0 0 0 0 0 0 0 -999
P10909 2056 7 0 0 0 0 0 0 0 0 0 0 0 0 0 0 5 0 0 0 0 0 0 0 0 0 0 0 0 0 0 0 0
P10909 2056 8 0 0 0 0 0 0 0 0 0 0 0 0 0 0 0 0 0 0 0 0 0 0 0 0 0 0 0 0 0 0 0
P10909 2056 9 0 0 0 0 0 0 0 0 0 0 0 0 0 0 0 0 0 0 0 0 0 0 0 0 0 0 0 0 0 0 -999
P10909 2056 10 0 23 15 0 0 0 0 0 0 0 0 0 0 0 0 0 0 0 0 0 0 0 16 92 100 10 0 0 0 0 0
P10909 2056 11 0 0 0 11 32 31 46 20 7 0 0 0 0 16 0 0 0 0 20 18 7 3 3 28 42 25 28 30 44 91 -999
P10909 2056 12 26 87 102 72 131 115 124 67 10 30 103 70 8 26 18 72 20 77 26 39 93 24 1 0 0 0 0 0 0 0 0
P10909 2057 1 0 0 0 0 6 13 20 18 0 0 0 0 0 7 0 0 0 0 0 0 0 0 0 3 11 50 100 109 102 5 55
P10909 2057 2 15 19 23 24 73 147 92 99 90 49 3 0 0 0 0 0 0 23 32 125 28 5 11 9 6 0 0 0 -999 -999 -999
P10909 2057 3 0 0 0 0 10 8 7 0 0 18 11 0 0 0 0 0 0 0 0 0 0 0 0 13 17 9 15 16 8 16 20
P10909 2057 4 8 0 9 0 0 0 0 0 31 36 54 49 15 17 78 124 43 39 22 8 6 22 0 0 0 0 0 23 6 0 -999
P10909 2057 5 0 0 0 0 0 0 0 0 0 0 0 10 15 14 59 55 73 42 7 3 4 7 8 7 12 0 45 35 56 20 13
P10909 2057 6 19 12 8 4 0 0 0 0 0 18 15 0 0 0 0 0 0 0 0 0 0 0 0 0 0 0 0 0 0 0 -999
P10909 2057 7 0 0 0 0 0 0 0 0 0 0 0 0 0 0 0 0 0 0 0 0 0 0 0 0 0 0 0 0 0 0 0
P10909 2057 8 0 0 0 0 0 0 0 0 0 0 0 0 0 0 0 0 0 0 0 0 0 0 0 0 0 0 0 0 0 0 0
P10909 2057 9 0 0 0 0 0 0 42 0 0 0 0 0 0 0 0 0 0 0 0 17 0 0 0 0 0 0 21 0 0 0 -999
P10909 2057 10 0 0 9 0 0 0 0 0 0 0 0 0 0 0 0 0 0 6 0 0 0 0 0 0 0 0 0 0 0 10 18
P10909 2057 11 17 9 97 151 44 63 11 42 35 33 112 87 40 27 16 24 11 6 8 10 5 3 0 0 0 0 0 0 0 0 -999
P10909 2057 12 0 0 0 0 0 4 0 0 27 14 49 78 126 37 37 5 4 0 0 0 0 0 0 0 0 0 0 0 0 0 0
P10909 2058 1 0 0 0 0 0 0 0 0 20 30 10 0 0 41 41 0 0 0 0 0 0 0 0 0 0 9 20 5 6 18 9
P10909 2058 2 20 3 0 0 0 0 0 0 0 0 0 0 14 0 10 8 0 0 0 0 0 0 0 0 0 0 0 0 -999 -999 -999
P10909 2058 3 0 0 0 2 3 0 0 0 0 0 0 0 0 0 0 0 0 0 6 6 57 41 18 60 80 107 15 0 5 2 3
P10909 2058 4 0 0 0 8 3 0 0 0 8 23 7 7 14 9 6 0 0 11 6 4 1 0 0 0 0 0 0 0 0 0 -999
P10909 2058 5 0 0 0 0 0 0 0 0 0 0 0 0 0 0 0 0 0 0 0 0 0 6 4 16 8 9 11 26 38 47 12
P10909 2058 6 31 0 0 0 0 0 0 0 0 0 0 0 0 0 0 0 0 0 0 0 0 0 0 0 0 0 0 0 0 0 -999
P10909 2058 7 0 0 0 0 0 0 0 0 0 0 0 0 0 0 4 5 6 5 0 0 0 0 0 0 0 0 0 0 0 0 0
P10909 2058 8 0 0 0 0 0 0 0 0 0 0 0 0 0 0 0 0 0 0 0 0 0 0 0 0 0 0 0 0 0 0 0
P10909 2058 9 0 0 0 0 0 0 0 0 0 0 0 0 2 3 10 0 0 0 0 0 0 20 16 0 0 0 0 0 0 0 -999
P10909 2058 10 0 0 0 4 3 0 0 0 0 0 0 0 0 0 0 0 0 0 0 0 0 12 12 8 0 0 0 0 0 0 0
P10909 2058 11 0 0 0 0 0 0 0 41 55 27 28 35 9 21 19 84 28 180 99 206 30 20 15 5 7 38 89 81 131 69 -999
P10909 2058 12 7 26 20 3 1 3 5 2 12 0 0 0 0 0 12 6 0 50 88 56 22 19 0 8 0 11 86 70 5 9 94
P10909 2059 1 18 103 27 17 7 9 4 3 0 0 0 0 0 0 21 7 0 0 8 9 39 13 10 0 9 6 0 0 0 0 0
P10909 2059 2 0 0 0 0 0 0 0 0 0 0 0 0 0 0 0 0 0 0 0 0 0 0 0 0 0 0 0 0 -999 -999 -999
P10909 2059 3 0 0 0 0 0 0 0 0 0 0 0 11 13 8 0 0 0 0 0 9 58 18 29 85 26 120 8 10 12 7 4
P10909 2059 4 4 2 0 0 0 0 0 0 0 0 0 0 2 0 0 0 0 0 0 0 0 15 14 25 22 14 0 0 30 35 -999
P10909 2059 5 4 0 0 54 59 33 20 31 31 22 15 12 16 0 0 11 5 12 8 10 0 0 0 0 0 0 0 0 0 0 0
P10909 2059 6 0 0 0 0 0 0 21 0 0 0 0 0 0 0 0 0 0 0 0 0 0 0 0 0 0 9 0 0 0 0 -999
P10909 2059 7 0 0 0 0 0 0 0 0 0 0 0 0 0 0 9 8 9 0 0 0 0 0 0 0 0 0 0 0 0 0 0
P10909 2059 8 0 0 0 0 0 0 0 0 0 0 0 0 0 0 0 0 0 0 0 0 0 0 0 0 0 0 0 0 0 0 0
P10909 2059 9 0 0 0 0 0 0 0 0 0 0 0 0 0 0 0 0 0 0 0 0 0 0 0 17 27 7 0 0 0 0 -999
P10909 2059 10 0 0 0 0 0 0 0 0 0 0 0 0 0 5 18 22 0 0 0 14 31 44 158 78 17 18 4 0 0 55 11
P10909 2059 11 24 31 25 36 31 0 0 0 6 5 42 8 5 22 135 73 8 11 6 5 4 5 84 43 6 0 42 8 5 7 -999
P10909 2059 12 0 0 0 0 0 0 0 6 11 15 2 4 6 6 5 0 0 0 0 0 0 0 0 0 0 0 0 48 89 45 0
P10909 2060 1 3 29 50 47 38 46 0 0 0 13 6 0 0 0 0 0 0 0 0 0 0 0 0 0 0 5 6 7 3 9 9
P10909 2060 2 0 0 0 6 26 10 21 16 44 54 46 98 24 73 154 90 52 54 39 9 30 8 42 59 54 25 58 37 -999 -999 -999
P10909 2060 3 101 70 48 46 34 48 59 87 38 17 0 0 0 0 0 0 68 90 117 110 122 79 25 10 3 0 6 53 20 16 5
P10909 2060 4 0 0 0 0 0 0 0 0 0 0 0 28 0 0 0 0 0 0 0 0 0 0 0 0 0 0 0 0 0 0 -999
P10909 2060 5 0 0 0 0 0 0 0 0 0 0 0 0 0 0 0 0 0 0 0 0 0 0 0 0 0 0 0 0 0 0 0
P10909 2060 6 0 45 43 30 31 31 44 46 19 9 8 9 5 14 9 0 0 0 0 0 15 0 0 0 0 0 0 0 0 0 -999
P10909 2060 7 0 0 0 0 0 0 0 0 0 0 0 0 0 0 0 0 0 0 0 0 0 0 0 0 0 0 0 0 0 0 0
P10909 2060 8 0 0 0 0 0 0 0 0 0 0 0 0 0 0 0 0 0 0 0 0 0 0 0 0 0 0 0 0 0 0 0
P10909 2060 9 0 0 0 0 0 0 0 0 0 0 0 0 0 0 3 17 9 0 0 0 0 0 0 0 0 0 55 7 0 0 -999
P10909 2060 10 0 0 0 0 0 0 0 0 0 0 0 75 34 68 10 6 0 6 0 0 10 4 9 10 45 8 0 38 29 17 155
P10909 2060 11 123 29 24 9 5 0 0 0 0 7 0 5 6 3 8 7 0 24 7 1 0 0 0 0 5 14 29 11 16 5 -999
P10909 2060 12 0 11 17 9 25 58 14 0 10 12 0 0 0 0 6 42 10 29 4 49 116 4 4 3 3 6 3 0 4 1 0
P10909 2061 1 0 0 0 0 0 0 0 0 0 0 10 0 0 18 6 0 55 6 69 32 44 52 90 43 154 117 168 89 27 22 37
P10909 2061 2 3 0 0 0 9 0 0 0 0 31 38 21 19 83 60 27 12 37 5 59 37 44 8 5 33 10 45 13 -999 -999 -999
P10909 2061 3 140 85 53 91 23 6 42 19 27 23 111 15 66 29 90 74 12 46 96 35 25 2 0 0 0 0 0 0 0 0 0
P10909 2061 4 0 0 19 15 19 35 37 68 74 15 26 29 29 21 6 7 29 48 82 20 3 0 0 0 21 23 31 19 0 0 -999
P10909 2061 5 0 0 60 24 25 13 0 0 0 0 0 0 0 0 0 0 0 0 0 0 0 0 0 0 0 0 0 0 0 0 0
P10909 2061 6 0 0 0 0 0 0 0 0 0 0 0 0 0 21 13 4 0 0 0 0 0 0 0 0 0 0 0 0 0 0 -999
P10909 2061 7 0 0 0 0 0 0 0 0 0 0 0 0 0 0 0 0 0 0 0 0 0 0 0 0 0 0 0 0 0 0 0
P10909 2061 8 0 0 0 0 0 0 0 0 0 0 0 0 0 0 0 0 0 0 0 0 0 0 0 0 0 0 0 0 0 0 0
P10909 2061 9 0 0 0 0 0 0 0 0 0 0 0 0 0 0 0 28 52 86 173 65 43 25 0 0 0 0 0 0 0 0 -999
P10909 2061 10 0 15 8 5 4 26 51 10 103 84 9 0 0 7 0 3 7 8 3 0 0 0 0 0 25 41 73 17 4 0 0
P10909 2061 11 0 0 22 0 0 0 0 27 5 19 4 0 0 0 0 0 0 0 12 0 0 0 0 0 0 0 0 0 0 0 -999
P10909 2061 12 41 118 55 0 0 0 0 0 0 0 0 9 0 0 0 0 0 0 6 4 3 0 0 0 0 0 0 0 0 24 0
P10909 2062 1 0 0 0 0 0 0 0 0 0 0 0 0 16 18 48 69 25 47 5 0 0 4 0 0 0 0 10 23 2 42 122
P10909 2062 2 51 55 18 40 5 45 53 63 39 26 1 0 0 0 0 6 11 16 24 6 17 38 60 56 72 59 84 4 -999 -999 -999
P10909 2062 3 0 0 0 0 0 11 5 0 0 0 7 0 0 28 0 0 0 0 0 0 0 7 20 17 13 65 4 0 0 0 0
P10909 2062 4 7 9 4 1 0 28 0 0 0 37 52 9 2 0 0 0 6 15 4 5 13 14 24 72 51 11 10 7 0 0 -999
P10909 2062 5 0 0 63 32 0 0 0 30 32 0 0 0 0 0 0 0 0 7 4 4 0 0 0 0 0 0 0 37 43 18 16
P10909 2062 6 17 6 2 0 0 0 0 0 0 0 10 6 0 0 0 0 0 0 0 0 0 0 0 0 0 0 0 0 0 0 -999
P10909 2062 7 0 0 0 0 0 0 0 0 0 0 0 0 0 0 0 0 0 0 0 0 0 0 0 0 0 0 0 0 0 0 0
P10909 2062 8 0 3 5 0 0 0 0 0 0 0 0 0 0 0 0 0 0 0 0 5 0 0 0 0 0 0 0 0 0 0 0
P10909 2062 9 0 0 0 0 0 0 0 0 0 0 0 0 0 0 0 0 0 0 0 0 0 0 0 0 0 0 0 0 0 0 -999
P10909 2062 10 0 0 0 0 0 0 0 70 0 0 0 0 0 0 0 0 0 0 0 63 36 49 35 0 22 28 17 33 11 11 0
P10909 2062 11 0 0 17 25 73 79 9 3 0 0 28 11 6 0 0 0 0 0 7 46 21 11 88 26 81 5 0 0 0 4 -999
P10909 2062 12 4 3 0 0 0 0 25 0 0 56 90 9 0 0 0 66 8 0 7 8 19 16 26 22 32 0 0 0 0 0 0
P10909 2063 1 0 0 0 0 0 8 0 0 0 0 0 0 3 2 0 0 0 0 0 0 12 0 0 16 0 10 32 9 0 0 0
P10909 2063 2 0 0 0 0 0 0 14 16 20 5 0 0 3 0 36 3 0 0 0 0 9 4 4 6 3 4 0 10 -999 -999 -999
P10909 2063 3 9 4 0 0 0 0 26 7 4 16 62 30 57 49 74 79 11 16 11 17 20 38 0 0 0 42 70 109 95 13 0
P10909 2063 4 19 35 20 9 0 0 0 0 0 70 148 17 3 8 6 34 42 68 7 3 3 15 22 7 19 7 21 28 11 4 -999
P10909 2063 5 2 0 0 0 0 0 0 0 0 20 16 12 40 28 21 21 7 10 10 10 6 27 5 0 0 0 0 0 0 0 0
P10909 2063 6 0 0 0 0 0 0 8 5 0 0 0 0 0 0 0 0 0 0 0 0 0 0 0 0 0 0 0 0 0 0 -999
P10909 2063 7 0 0 0 0 0 0 0 0 0 0 0 0 0 0 0 0 0 0 0 0 0 0 0 0 0 0 0 0 0 0 0
P10909 2063 8 0 0 0 0 0 0 0 0 0 0 0 0 0 0 0 0 0 0 0 0 0 0 0 0 0 0 0 0 0 0 0
P10909 2063 9 0 0 0 0 0 0 0 0 0 0 0 0 0 0 0 0 0 0 0 0 0 0 0 0 0 0 92 5 0 0 -999
P10909 2063 10 0 0 0 0 23 18 0 0 14 29 98 15 7 25 28 7 4 4 10 72 50 60 17 0 0 0 0 51 20 29 0
P10909 2063 11 0 4 0 0 0 0 0 0 0 0 5 0 0 6 0 0 0 0 0 0 4 5 4 9 61 4 0 52 23 23 -999
P10909 2063 12 38 23 54 0 0 0 0 0 0 0 9 34 9 12 2 0 0 0 5 0 0 0 26 27 11 0 23 0 0 45 17
P10909 2064 1 0 0 0 9 5 25 3 0 0 31 82 108 37 41 6 3 2 0 0 0 0 27 19 0 0 0 0 16 19 8 0
P10909 2064 2 0 0 0 0 0 0 0 0 0 0 0 0 0 48 35 31 30 21 3 0 0 0 0 0 0 0 21 33 -999 -999 -999
P10909 2064 3 8 0 59 129 77 39 15 6 6 11 69 15 7 3 0 19 0 13 6 7 2 12 98 12 4 0 5 0 0 0 18
P10909 2064 4 0 0 26 58 18 8 0 8 1 8 0 0 0 0 0 0 11 22 6 4 7 0 0 39 46 21 36 64 0 0 -999
P10909 2064 5 0 19 11 0 0 0 0 0 0 0 0 5 5 7 3 5 0 0 0 0 0 0 0 0 0 0 0 0 0 0 0
P10909 2064 6 0 0 0 0 0 0 0 0 0 0 0 0 0 0 0 0 0 0 0 0 0 0 0 0 0 0 0 0 0 0 -999
P10909 2064 7 0 0 0 0 0 0 0 0 0 0 0 0 0 0 0 0 0 0 0 0 0 0 0 0 0 0 0 0 0 0 0
P10909 2064 8 0 0 0 0 0 0 0 0 0 0 0 0 0 0 0 0 0 0 0 0 0 0 0 0 0 0 0 0 0 0 0
P10909 2064 9 0 0 0 0 0 0 0 0 0 0 0 0 0 9 0 0 0 0 0 0 0 0 0 0 0 0 0 28 3 7 -999
P10909 2064 10 5 4 6 12 0 0 0 0 0 41 0 0 0 0 0 0 0 0 0 0 21 6 19 38 12 4 8 0 0 0 0
P10909 2064 11 0 0 0 0 4 15 4 7 6 16 0 0 4 9 10 2 0 0 0 0 0 0 0 29 19 14 0 26 56 10 -999
P10909 2064 12 0 9 5 11 12 0 0 0 37 90 60 16 0 0 0 0 0 0 11 58 53 96 11 7 4 29 18 50 11 48 20
P10909 2065 1 29 68 13 6 4 11 30 40 47 75 28 12 4 2 0 0 0 0 0 0 0 0 10 3 0 0 0 0 0 0 0
P10909 2065 2 14 24 29 73 0 0 0 0 0 0 0 0 0 0 0 0 0 0 7 0 26 0 0 3 12 8 0 4 -999 -999 -999
P10909 2065 3 2 0 0 5 0 11 20 3 10 26 0 0 0 0 0 7 14 33 0 0 3 4 3 52 6 62 56 64 28 42 92
P10909 2065 4 35 26 49 13 4 0 0 0 0 4 24 19 0 24 22 0 0 0 0 0 0 0 0 4 32 35 5 13 25 14 -999
P10909 2065 5 9 1 26 4 0 0 10 13 10 19 8 5 4 0 0 20 31 2 0 2 4 0 0 0 0 0 0 0 0 6 11
P10909 2065 6 23 50 29 55 48 25 23 9 8 0 15 72 28 6 0 0 0 0 0 0 16 0 0 0 0 0 0 0 0 0 -999
P10909 2065 7 0 0 0 0 0 0 0 0 0 0 0 0 0 0 0 0 0 0 0 0 0 0 0 0 0 0 0 0 0 0 0
P10909 2065 8 0 0 0 0 0 0 0 0 0 0 0 0 0 0 0 0 0 0 0 0 0 0 0 0 0 0 0 0 0 0 0
P10909 2065 9 0 0 0 0 0 0 0 0 0 0 0 0 0 0 0 0 0 0 0 0 68 85 130 138 34 15 15 24 0 0 -999
P10909 2065 10 0 0 0 0 0 0 0 0 0 0 0 0 0 0 0 0 36 51 92 3 0 0 5 2 0 0 0 0 0 0 0
P10909 2065 11 0 0 0 0 51 10 17 16 5 1 0 0 0 12 0 0 0 0 0 0 0 0 0 0 0 6 2 0 0 0 -999
P10909 2065 12 0 0 0 0 0 0 0 0 0 11 18 95 6 0 0 0 0 0 0 20 44 16 78 52 35 44 6 0 24 0 9
P10909 2066 1 1 0 0 15 50 0 0 0 4 0 0 0 0 5 0 0 0 0 0 0 0 0 0 0 0 0 0 0 0 0 0
P10909 2066 2 0 0 0 0 0 0 18 23 20 0 0 0 0 0 0 3 0 0 27 0 0 0 0 31 8 69 7 9 -999 -999 -999
P10909 2066 3 89 95 72 79 68 58 102 74 55 40 28 38 9 0 40 62 21 7 0 20 31 39 17 8 6 0 0 21 15 27 57
P10909 2066 4 37 0 0 0 0 0 54 29 5 0 0 0 0 0 0 10 24 28 13 12 14 0 0 0 0 0 0 0 0 0 -999
P10909 2066 5 0 0 0 0 0 0 0 0 0 0 0 0 0 0 0 23 11 3 0 0 0 0 0 0 0 0 0 0 0 0 0
P10909 2066 6 32 17 0 0 0 0 0 0 9 0 0 0 0 0 0 0 0 0 0 0 0 0 0 0 0 0 0 0 0 0 -999
P10909 2066 7 0 0 0 0 0 0 0 0 0 0 0 0 0 0 0 0 0 0 0 0 0 0 0 0 0 0 0 0 0 0 0
P10909 2066 8 0 0 0 0 0 0 0 0 0 0 0 0 0 0 0 0 0 0 0 0 0 0 0 0 0 0 0 0 0 0 0
P10909 2066 9 0 0 0 0 0 0 0 0 0 0 0 0 0 0 0 0 0 0 0 0 0 0 0 0 0 0 0 0 0 0 -999
P10909 2066 10 0 0 0 0 0 0 0 0 0 0 0 0 73 26 44 81 69 28 12 10 0 0 11 0 0 0 57 58 44 33 138
P10909 2066 11 56 43 22 14 25 41 38 47 64 49 4 8 0 0 0 31 22 33 47 74 69 124 11 0 0 21 93 73 130 138 -999
P10909 2066 12 133 95 142 0 0 0 0 0 8 16 12 79 86 149 45 24 99 60 4 4 4 12 33 16 7 33 34 30 16 0 12
P10909 2067 1 0 26 43 62 45 30 22 20 16 8 14 28 39 45 46 42 38 82 143 15 0 47 45 37 32 25 31 22 39 28 21
P10909 2067 2 18 12 7 2 1 2 3 22 63 14 28 74 19 0 0 0 0 10 17 8 15 17 10 11 0 0 0 0 -999 -999 -999
P10909 2067 3 0 0 0 24 5 0 0 0 6 5 10 23 22 6 10 35 14 0 0 0 0 0 0 0 15 26 71 79 9 7 0
P10909 2067 4 0 0 0 0 0 11 19 25 23 5 0 0 0 24 14 5 5 9 21 7 3 0 0 9 28 59 39 25 0 22 -999
P10909 2067 5 0 0 0 0 0 0 56 33 0 14 23 22 29 43 20 6 24 23 57 50 36 33 7 0 0 0 0 0 0 0 0
P10909 2067 6 0 0 0 0 0 0 0 47 0 0 0 0 0 13 0 0 0 0 0 0 0 0 0 0 0 0 0 0 0 0 -999
P10909 2067 7 0 0 0 0 0 0 0 0 0 0 0 0 0 0 0 0 0 0 0 0 0 0 0 0 0 0 0 0 0 4 0
P10909 2067 8 0 0 0 0 0 0 0 0 0 0 0 0 0 0 0 0 0 0 0 0 0 0 0 0 0 0 0 0 0 0 0
P10909 2067 9 0 0 0 0 0 0 0 0 0 0 0 0 0 0 3 0 0 0 0 0 0 0 0 0 0 0 0 0 0 0 -999
P10909 2067 10 0 0 0 0 0 0 37 39 24 0 0 0 0 0 0 0 0 0 0 0 0 0 0 0 0 0 0 0 0 26 53
P10909 2067 11 25 39 113 93 32 42 123 112 91 20 17 36 15 12 25 23 14 41 86 6 0 0 0 0 18 3 4 4 19 3 -999
P10909 2067 12 4 3 0 30 62 90 3 0 64 39 77 126 20 15 0 0 0 0 0 17 13 29 9 0 0 0 0 0 0 0 0
P10909 2068 1 0 0 1 2 0 0 0 0 0 38 22 13 5 0 0 2 7 28 0 0 6 0 13 24 19 35 5 0 61 49 125
P10909 2068 2 17 14 7 2 9 30 16 36 75 63 12 0 25 0 32 62 7 0 0 3 5 0 23 10 12 0 0 0 -999 -999 -999
P10909 2068 3 0 0 0 9 10 4 0 0 0 116 60 24 0 0 0 0 31 15 0 21 7 4 0 43 0 0 0 0 0 0 4
P10909 2068 4 15 19 5 15 41 31 4 0 0 0 0 0 0 0 0 0 0 0 0 0 0 7 10 10 15 7 10 53 4 3 -999
P10909 2068 5 0 0 0 52 33 0 24 7 5 12 21 95 92 24 47 31 10 12 12 20 32 7 0 0 9 0 0 0 0 0 0
P10909 2068 6 0 0 0 0 0 0 0 0 0 0 0 0 0 4 0 0 0 0 0 0 0 0 0 0 0 0 0 0 0 0 -999
P10909 2068 7 0 0 0 0 0 0 0 0 0 0 0 0 0 0 0 0 0 0 0 0 0 0 0 0 0 0 0 0 0 0 0
P10909 2068 8 0 0 0 0 0 0 0 0 0 0 0 0 0 0 0 0 0 0 0 0 0 0 0 0 4 3 0 0 0 0 0
P10909 2068 9 0 0 0 0 0 0 0 0 0 0 0 0 0 0 0 0 0 0 0 0 42 80 78 37 15 0 13 25 0 49 -999
P10909 2068 10 13 20 0 0 0 0 20 33 3 0 0 0 37 25 11 0 0 5 3 19 17 14 102 54 5 3 0 0 26 8 23
P10909 2068 11 0 0 0 0 0 0 0 0 0 0 0 0 0 0 0 69 8 4 18 9 30 149 22 44 24 0 0 0 0 48 -999
P10909 2068 12 0 0 39 17 142 123 15 10 0 11 45 5 12 9 40 76 122 167 46 0 0 2 0 0 0 15 6 1 0 0 0
P10909 2069 1 0 0 0 0 0 0 8 3 9 45 43 14 4 0 0 0 0 0 0 0 0 0 0 0 15 25 33 64 139 135 129
P10909 2069 2 61 37 48 6 117 26 13 25 88 76 18 14 27 30 9 3 0 0 0 0 0 0 7 2 3 1 0 7 -999 -999 -999
P10909 2069 3 70 109 19 6 25 0 0 0 38 30 35 15 0 0 0 0 0 0 0 0 5 3 0 9 3 8 13 45 110 6 8
P10909 2069 4 9 2 0 0 0 0 45 100 26 27 116 130 26 51 77 55 31 47 94 85 11 6 8 7 3 0 5 41 32 37 -999
P10909 2069 5 91 49 17 7 13 44 94 72 29 17 6 4 0 0 0 10 9 3 11 42 10 4 5 3 0 0 12 7 8 6 6
P10909 2069 6 5 3 0 0 0 0 0 0 0 0 0 0 0 0 0 0 0 0 0 0 0 5 0 0 0 0 0 0 0 0 -999
P10909 2069 7 0 12 5 4 0 0 0 0 0 0 0 0 0 0 0 0 0 0 0 0 0 0 0 0 0 0 0 0 0 0 0
P10909 2069 8 0 0 0 0 0 0 0 0 0 0 0 0 0 0 0 0 0 0 0 0 0 0 0 0 0 0 0 0 0 0 0
P10909 2069 9 0 0 0 0 8 0 0 0 21 4 0 0 0 0 0 0 0 0 0 24 14 0 5 6 11 12 30 30 63 39 -999
P10909 2069 10 60 31 49 11 0 0 0 0 0 0 0 0 0 0 15 10 15 1 0 5 18 50 97 34 21 6 3 0 0 0 27
P10909 2069 11 63 65 92 25 5 0 0 0 44 45 125 58 44 38 24 5 0 0 0 0 20 0 26 60 15 59 9 123 167 7 -999
P10909 2069 12 2 32 76 75 37 35 37 15 0 0 0 0 13 0 0 0 0 0 0 0 0 0 61 41 6 0 5 0 0 0 0
P10909 2070 1 20 43 15 15 26 11 4 0 67 5 5 0 0 3 0 0 7 8 32 74 71 58 57 83 72 20 140 18 10 126 79
P10909 2070 2 56 98 142 45 7 8 17 6 17 83 35 22 10 0 0 27 37 10 7 0 0 21 82 64 59 36 106 19 -999 -999 -999
P10909 2070 3 24 6 0 0 0 0 0 0 26 58 58 58 29 16 15 0 7 24 45 10 67 103 77 11 66 15 0 0 0 0 0
P10909 2070 4 69 59 16 4 46 50 42 63 36 17 34 47 8 15 59 55 27 4 6 0 12 18 34 12 18 6 9 29 5 0 -999
P10909 2070 5 0 0 5 21 39 15 20 20 4 9 3 29 53 120 42 41 6 12 11 0 0 0 0 0 43 0 0 0 0 0 0
P10909 2070 6 0 0 36 25 21 9 0 0 0 0 0 0 0 0 0 0 0 0 0 0 0 0 0 0 0 0 0 0 0 0 -999
P10909 2070 7 0 0 0 0 0 0 0 0 0 0 0 0 0 0 0 0 0 0 0 0 0 0 0 0 0 0 0 0 0 0 0
P10909 2070 8 0 0 0 0 0 0 0 0 0 0 0 0 0 0 0 0 0 0 0 0 0 0 0 0 0 0 0 0 0 0 0
P10909 2070 9 0 0 0 0 0 0 0 0 0 0 0 0 0 0 0 0 0 0 0 0 0 0 0 0 0 0 0 43 9 31 -999
P10909 2070 10 15 0 0 0 0 0 39 44 29 30 45 48 32 21 16 13 14 14 34 155 98 109 56 4 0 0 0 0 0 8 11
P10909 2070 11 0 0 59 29 12 14 29 34 65 23 54 118 91 36 10 29 48 6 22 22 27 83 51 27 0 0 0 0 0 3 -999
P10909 2070 12 3 7 5 0 0 0 0 0 0 8 7 0 0 0 0 0 0 0 4 3 10 69 20 8 14 4 19 45 81 12 20
P10909 2071 1 0 8 15 50 7 5 0 9 32 45 28 30 32 57 60 94 62 66 63 45 36 24 100 75 79 7 5 11 13 36 101
P10909 2071 2 13 9 0 5 49 72 15 11 4 0 0 0 0 0 0 3 0 0 13 20 27 26 6 5 20 70 113 13 -999 -999 -999
P10909 2071 3 0 0 0 0 0 3 11 6 4 22 15 9 0 0 0 0 0 0 15 17 0 0 0 0 0 0 0 0 9 3 0
P10909 2071 4 0 0 0 0 0 0 0 0 0 0 0 0 0 0 0 0 0 0 0 0 36 30 0 0 0 0 0 0 0 0 -999
P10909 2071 5 0 0 0 0 0 0 0 0 0 0 0 0 0 0 37 6 18 8 0 0 0 0 0 0 0 0 0 0 0 0 0
P10909 2071 6 0 0 32 17 0 0 27 27 16 3 0 0 0 0 0 0 0 0 0 0 0 0 0 0 0 0 0 0 0 0 -999
P10909 2071 7 0 0 0 0 0 0 0 0 0 0 0 0 0 0 0 0 0 0 0 0 0 0 0 0 0 0 0 0 0 0 0
P10909 2071 8 0 0 0 0 0 0 0 0 0 0 0 0 0 0 0 0 0 0 0 0 0 0 0 0 0 0 0 0 0 0 0
P10909 2071 9 0 0 0 0 0 0 0 0 0 0 0 0 0 0 0 0 0 0 0 0 0 0 0 0 0 0 0 0 0 0 -999
P10909 2071 10 0 0 0 0 0 0 0 9 15 11 7 3 0 0 0 0 0 0 0 0 0 0 0 0 32 0 0 0 0 0 0
P10909 2071 11 28 36 5 0 0 12 34 87 80 19 12 58 9 3 0 18 4 0 0 0 0 0 0 0 0 20 12 5 0 0 -999
P10909 2071 12 0 3 6 5 8 26 9 10 0 0 0 0 0 0 0 0 0 1 0 0 0 0 0 0 0 0 0 0 0 0 0
P10909 2072 1 0 4 2 0 0 9 4 7 4 24 14 3 6 11 24 6 3 0 0 5 0 89 135 8 0 0 0 44 107 13 53
P10909 2072 2 5 6 7 23 69 28 10 34 7 97 49 97 127 109 62 73 87 71 66 82 98 183 96 57 6 11 24 5 -999 -999 -999
P10909 2072 3 0 0 0 30 30 22 77 67 6 4 0 25 0 9 0 0 0 0 54 0 0 0 17 5 4 0 0 0 29 6 4
P10909 2072 4 0 0 0 0 0 73 68 46 35 23 52 20 0 0 24 43 33 10 0 0 0 0 48 78 53 0 0 0 0 0 -999
P10909 2072 5 0 0 0 46 11 0 11 10 21 34 9 0 0 0 0 0 0 0 0 0 0 0 0 0 3 0 0 0 0 0 0
P10909 2072 6 18 17 19 16 4 0 0 0 0 0 0 0 0 0 0 0 0 0 0 0 0 0 0 0 0 0 0 0 0 0 -999
P10909 2072 7 0 0 0 0 0 0 0 0 0 0 0 0 0 0 0 0 0 0 0 0 0 0 0 0 0 0 0 0 0 0 0
P10909 2072 8 0 0 0 0 0 0 0 0 0 0 0 0 0 0 0 0 0 0 0 0 0 0 0 0 0 0 0 0 0 0 0
P10909 2072 9 0 0 0 0 0 0 0 0 0 0 0 0 0 0 0 0 0 0 0 0 0 0 0 0 0 0 0 0 0 0 -999
P10909 2072 10 27 12 11 15 0 7 21 0 0 0 0 0 0 0 0 0 25 34 24 27 15 18 0 40 11 46 15 0 0 43 48
P10909 2072 11 5 15 0 57 94 74 59 108 130 158 82 29 3 0 0 0 0 0 0 0 0 0 56 99 26 43 211 8 4 8 -999
P10909 2072 12 0 0 0 0 0 33 48 20 7 7 3 4 0 0 0 0 0 0 0 0 0 0 0 0 0 0 4 0 0 0 0
P10909 2073 1 0 0 0 0 0 21 4 0 0 0 0 0 0 0 0 0 0 0 0 0 0 0 0 0 0 0 3 0 0 0 0
P10909 2073 2 0 0 8 27 13 9 7 20 79 110 66 30 19 102 24 6 34 11 13 6 2 2 0 0 0 0 0 0 -999 -999 -999
P10909 2073 3 0 0 0 0 0 0 0 13 15 16 5 0 0 0 11 13 17 22 36 51 24 21 3 0 0 0 0 8 8 5 0
P10909 2073 4 0 0 0 0 0 0 0 0 0 0 0 0 0 0 0 52 47 8 7 4 0 9 0 35 33 13 4 11 0 0 -999
P10909 2073 5 23 0 0 0 0 0 0 8 0 0 0 0 0 0 18 29 36 31 49 19 4 7 30 76 11 0 10 10 4 0 0
P10909 2073 6 0 0 0 0 0 0 0 0 0 0 0 0 0 0 0 0 0 0 0 0 0 0 0 0 0 0 0 0 0 0 -999
P10909 2073 7 0 0 0 0 0 0 0 0 0 0 0 0 0 0 0 0 0 0 0 0 0 0 0 0 0 0 0 0 0 0 0
P10909 2073 8 0 0 0 0 0 0 0 0 0 0 0 0 0 0 0 0 0 0 0 0 0 0 0 0 0 0 0 0 0 0 0
P10909 2073 9 0 0 0 94 4 8 5 0 0 0 6 19 10 0 0 0 0 0 0 0 18 2 10 0 0 0 0 11 0 0 -999
P10909 2073 10 10 0 0 0 0 0 19 64 4 35 67 0 0 0 0 0 0 0 38 17 0 0 0 0 0 0 11 37 6 12 0
P10909 2073 11 0 20 7 13 5 14 132 124 91 111 38 9 2 0 0 0 0 0 4 2 5 24 0 21 15 15 21 16 19 24 -999
P10909 2073 12 34 67 34 60 14 25 8 6 0 0 0 0 0 0 0 0 5 5 8 26 36 13 2 0 49 8 16 0 0 0 0
P10909 2074 1 0 0 2 0 0 0 0 0 0 7 7 4 0 0 0 0 0 18 35 25 0 0 0 0 0 0 0 0 0 0 0
P10909 2074 2 0 0 0 0 0 0 12 15 55 6 4 0 3 0 0 0 0 0 0 0 11 19 8 0 7 5 0 0 -999 -999 -999
P10909 2074 3 0 31 10 0 0 0 0 0 0 0 0 9 0 0 0 3 0 0 0 0 6 4 0 0 0 0 5 0 0 0 5
P10909 2074 4 4 0 0 0 0 0 0 0 0 0 0 0 0 0 0 0 0 0 0 0 0 0 0 0 19 51 36 4 4 0 -999
P10909 2074 5 0 0 0 73 79 57 59 33 19 46 47 49 30 7 0 0 7 6 25 43 58 25 32 4 0 0 0 0 0 0 0
P10909 2074 6 0 0 0 0 0 0 0 0 0 0 0 0 0 0 0 0 0 0 15 10 0 0 0 0 0 0 0 0 0 0 -999
P10909 2074 7 0 0 0 0 0 0 0 0 0 0 0 0 0 0 0 0 0 0 0 0 0 0 0 0 0 0 0 0 0 0 0
P10909 2074 8 0 0 0 0 0 0 0 0 0 0 0 0 0 0 0 0 0 0 0 0 0 0 0 0 0 0 0 0 0 0 0
P10909 2074 9 0 0 0 0 0 0 0 0 0 0 0 0 0 0 0 0 0 0 6 4 0 14 14 13 7 10 4 19 0 0 -999
P10909 2074 10 0 0 15 7 0 0 0 18 47 16 6 0 0 0 0 0 0 17 26 0 0 0 0 0 0 0 0 13 57 5 0
P10909 2074 11 0 6 10 0 0 8 0 0 17 60 0 0 0 0 0 0 20 14 12 0 0 0 51 63 106 24 0 22 13 4 -999
P10909 2074 12 0 0 0 32 0 0 0 0 0 0 8 10 33 156 156 229 152 23 49 10 58 19 4 1 0 0 23 65 104 44 27
P10909 2075 1 94 116 74 101 74 25 7 5 7 2 7 10 33 5 3 6 0 0 0 0 0 0 0 0 0 0 0 0 9 32 15
P10909 2075 2 75 9 4 3 46 89 22 9 15 7 36 56 9 17 6 19 16 0 29 28 83 52 12 7 0 3 0 0 -999 -999 -999
P10909 2075 3 0 0 0 0 30 43 32 0 0 57 42 28 100 62 6 7 9 21 93 79 17 23 82 80 47 24 52 17 51 52 115
P10909 2075 4 64 2 29 0 0 0 9 6 0 0 0 0 0 0 0 0 15 18 10 12 15 11 15 0 0 0 0 0 0 0 -999
P10909 2075 5 69 72 91 89 75 90 73 39 7 4 4 33 40 34 18 24 42 54 20 18 13 12 12 0 0 0 0 0 0 0 0
P10909 2075 6 0 0 0 0 0 0 0 0 0 0 0 6 4 0 0 0 0 0 0 0 0 0 0 0 0 0 0 0 0 0 -999
P10909 2075 7 0 0 0 0 0 0 0 0 0 0 0 0 0 0 0 0 9 6 0 0 0 0 0 0 0 0 0 0 0 0 0
P10909 2075 8 0 0 0 0 0 0 0 0 0 0 0 0 0 0 0 0 0 0 0 0 0 0 0 0 0 0 0 0 0 0 0
P10909 2075 9 0 0 0 0 0 0 0 0 0 0 0 0 0 0 27 0 0 0 0 0 0 0 0 0 0 0 0 41 11 18 -999
P10909 2075 10 0 7 25 26 7 4 0 27 8 2 3 0 0 0 0 0 0 0 95 45 10 4 0 5 6 0 26 35 10 0 0
P10909 2075 11 0 9 28 76 22 4 74 77 125 33 18 31 50 47 4 22 72 26 15 11 13 0 0 0 0 0 65 6 14 6 -999
P10909 2075 12 0 0 2 6 17 37 64 40 127 10 21 26 44 12 3 3 2 0 0 0 0 2 11 3 0 17 4 0 4 0 0
P10909 2076 1 0 0 0 0 0 0 0 0 0 5 4 0 4 12 3 4 0 0 2 1 0 0 0 0 0 0 16 16 0 10 4
P10909 2076 2 3 20 3 0 0 0 0 18 70 3 0 0 0 3 0 0 0 0 7 7 9 0 0 0 0 0 1 0 -999 -999 -999
P10909 2076 3 2 3 0 0 0 15 7 0 23 54 26 0 0 0 27 32 63 99 11 0 6 0 0 0 0 0 0 0 0 0 0
P10909 2076 4 0 0 27 78 10 0 0 0 0 0 0 58 3 0 22 0 0 0 0 0 53 57 58 62 22 0 32 24 0 0 -999
P10909 2076 5 39 26 87 8 3 0 0 0 0 0 0 0 0 5 0 0 16 29 27 44 65 33 27 13 12 31 33 45 22 31 10
P10909 2076 6 42 26 10 0 0 0 11 12 0 0 0 0 0 0 0 0 0 0 0 0 0 0 0 0 0 0 0 0 0 0 -999
P10909 2076 7 0 0 0 0 14 5 0 0 0 0 0 0 0 0 0 0 0 0 0 0 0 0 0 0 0 0 0 0 0 0 0
P10909 2076 8 0 0 0 0 0 0 0 0 0 0 0 0 0 0 0 0 0 0 0 0 0 0 0 0 0 0 0 0 0 0 0
P10909 2076 9 0 0 0 12 4 0 0 0 0 0 0 0 0 0 0 4 0 0 0 0 0 0 59 13 0 0 69 96 41 12 -999
P10909 2076 10 5 0 24 0 0 0 0 0 0 0 39 119 146 111 116 15 4 91 12 6 11 7 27 10 7 0 0 0 0 0 0
P10909 2076 11 0 0 6 10 0 0 0 7 32 64 17 60 4 5 4 0 0 52 10 4 0 0 0 21 28 0 0 0 0 0 -999
P10909 2076 12 0 0 0 0 0 0 0 9 12 0 0 0 0 0 3 6 2 0 0 0 0 0 0 0 0 0 0 0 0 11 2
P10909 2077 1 0 0 0 0 0 5 2 2 0 0 3 17 40 95 17 8 0 0 0 0 0 20 43 111 90 19 49 21 4 5 7
P10909 2077 2 2 2 7 15 30 67 5 0 0 0 0 0 20 0 0 20 0 0 0 0 0 0 0 0 0 0 0 0 -999 -999 -999
P10909 2077 3 0 0 22 9 7 28 14 29 40 41 42 22 65 36 11 32 0 68 59 15 0 0 0 0 0 17 9 12 14 2 2
P10909 2077 4 0 0 0 0 0 0 0 26 38 5 9 1 2 1 0 0 0 0 0 0 0 0 0 0 0 0 23 14 0 0 -999
P10909 2077 5 0 0 0 0 0 46 44 34 19 8 3 0 0 0 0 0 0 0 0 0 0 0 69 102 101 98 27 10 0 0 0
P10909 2077 6 0 0 10 6 0 7 0 0 0 7 7 10 37 30 0 0 0 0 0 0 0 0 0 0 0 0 0 0 0 0 -999
P10909 2077 7 0 0 0 0 0 0 0 0 0 0 0 0 0 0 0 0 0 0 0 0 0 0 0 0 0 0 0 0 0 0 0
P10909 2077 8 0 0 0 0 0 0 0 0 0 0 0 0 0 0 0 0 0 0 0 0 0 0 0 0 0 0 0 0 0 0 0
P10909 2077 9 0 0 0 0 0 0 0 0 0 0 0 0 0 0 0 0 0 0 0 0 0 0 0 0 0 0 0 0 0 3 -999
P10909 2077 10 0 0 4 0 0 0 0 0 0 0 0 0 0 0 26 0 0 24 10 0 10 71 48 8 2 0 0 62 10 0 0
P10909 2077 11 0 10 70 107 173 67 67 102 28 18 15 63 114 84 69 66 49 81 9 6 29 113 95 25 0 0 0 0 0 0 -999
P10909 2077 12 0 0 0 0 0 9 5 12 14 61 172 59 36 93 81 10 89 125 132 93 83 37 28 74 193 75 165 32 0 8 10
P10909 2078 1 0 27 43 34 10 85 4 37 6 56 3 0 0 0 0 0 0 0 0 0 0 32 32 9 5 0 0 0 0 0 0
P10909 2078 2 0 0 9 0 11 61 108 6 8 2 21 8 17 20 3 2 11 22 4 0 8 3 7 12 0 10 0 0 -999 -999 -999
P10909 2078 3 0 0 0 0 0 19 16 12 7 0 66 44 33 82 16 6 0 0 0 0 5 8 7 14 2 0 56 13 20 84 8
P10909 2078 4 34 106 9 78 144 94 29 7 23 3 0 0 0 25 25 36 47 68 86 35 0 0 0 2 0 0 0 0 64 20 -999
P10909 2078 5 18 10 6 35 27 28 17 12 6 14 28 56 103 51 24 41 38 8 0 0 0 0 0 0 0 0 0 0 0 0 0
P10909 2078 6 0 21 0 0 0 0 0 0 0 0 0 0 0 0 0 0 0 0 0 0 0 0 0 0 0 0 0 0 0 0 -999
P10909 2078 7 0 0 0 0 0 0 0 0 0 0 0 0 0 0 0 0 0 0 0 0 0 0 0 0 0 0 0 0 0 0 0
P10909 2078 8 0 0 0 0 0 0 0 0 0 0 0 0 0 0 0 0 0 0 0 0 0 0 0 0 0 0 0 0 0 0 0
P10909 2078 9 0 0 0 83 18 0 0 0 0 0 0 0 0 0 0 0 0 0 0 0 0 0 0 0 0 0 0 0 0 0 -999
P10909 2078 10 0 8 0 0 0 0 0 0 0 0 0 0 0 0 0 0 0 0 0 0 0 0 17 0 0 0 0 0 0 0 0
P10909 2078 11 0 0 46 97 14 0 0 0 0 3 6 0 0 0 0 0 2 0 0 6 0 0 0 0 0 0 10 129 9 34 -999
P10909 2078 12 4 3 0 0 0 0 0 8 1 0 0 4 0 0 8 13 3 1 0 0 0 1 0 0 18 20 30 85 27 69 157
P10909 2079 1 13 0 0 15 2 1 0 5 0 0 2 2 6 0 0 0 0 0 0 0 0 0 0 0 0 0 32 15 0 0 0
P10909 2079 2 0 13 0 20 61 29 4 38 54 6 0 0 0 12 10 0 0 0 42 58 87 22 34 57 62 68 68 61 -999 -999 -999
P10909 2079 3 34 118 15 20 20 2 0 0 0 0 0 38 0 0 0 5 0 0 0 17 44 34 19 15 0 0 0 0 0 0 24
P10909 2079 4 42 53 57 16 9 20 30 25 16 0 0 0 0 0 0 0 0 0 0 0 0 0 0 0 0 0 0 0 0 20 -999
P10909 2079 5 54 14 14 0 0 0 0 0 0 0 0 0 0 0 0 0 0 0 0 0 0 0 0 0 0 0 0 0 0 0 0
P10909 2079 6 0 0 0 0 0 0 0 0 18 11 4 0 0 0 0 0 0 0 0 0 0 0 0 0 0 0 0 0 0 0 -999
P10909 2079 7 0 0 0 0 0 0 0 0 0 0 0 0 0 0 0 0 0 0 0 0 0 0 0 0 0 0 0 8 0 0 0
P10909 2079 8 0 0 0 0 0 0 0 0 0 0 0 0 0 0 0 0 0 0 0 0 0 0 0 0 0 0 0 0 0 0 0
P10909 2079 9 0 0 0 0 0 0 0 0 0 0 17 0 0 0 0 0 0 0 0 0 0 0 0 0 0 0 0 0 0 11 -999
P10909 2079 10 0 0 0 0 0 0 0 0 0 0 0 0 0 0 0 0 0 0 55 56 51 57 13 19 17 8 8 2 0 0 0
P10909 2079 11 0 13 29 7 39 0 0 0 0 0 0 0 0 0 0 0 0 0 0 0 10 0 24 0 0 93 83 16 36 96 -999
P10909 2079 12 4 0 0 0 22 17 51 93 41 38 5 0 0 5 80 105 145 57 99 25 0 0 3 0 0 0 0 0 5 0 0
P10909 2080 1 0 0 0 0 0 0 0 0 0 0 0 22 2 1 1 0 2 7 14 15 14 14 77 16 23 7 0 2 16 4 2
P10909 2080 2 3 0 0 3 3 2 0 0 7 7 34 80 28 8 0 0 5 0 0 0 14 5 5 10 0 0 0 0 -999 -999 -999
P10909 2080 3 0 0 0 0 0 0 0 0 0 0 0 0 0 0 0 0 0 0 0 0 0 0 24 0 0 0 0 0 0 0 0
P10909 2080 4 80 16 55 26 67 135 101 55 69 20 4 4 6 9 9 37 60 40 83 41 10 9 10 23 46 29 16 12 6 0 -999
P10909 2080 5 56 66 22 6 0 0 0 0 0 0 0 0 0 0 0 0 0 59 8 5 5 2 0 0 0 0 0 0 0 0 50
P10909 2080 6 8 0 0 0 0 0 0 12 10 0 0 0 0 0 9 0 0 0 0 0 0 0 0 0 0 0 0 0 0 0 -999
P10909 2080 7 0 0 0 0 0 0 0 0 0 0 0 0 0 0 0 0 0 0 0 0 0 0 0 0 0 0 0 0 0 0 0
P10909 2080 8 0 0 0 0 0 0 0 0 0 0 0 0 0 0 0 0 0 0 0 0 0 0 29 9 55 19 6 0 0 0 0
P10909 2080 9 0 0 0 0 0 0 0 0 0 0 0 0 32 15 3 0 0 0 0 0 0 0 70 90 69 13 0 0 0 0 -999
P10909 2080 10 0 0 0 0 0 0 0 0 0 0 0 26 7 0 0 0 0 0 0 0 0 11 6 61 43 29 10 4 0 0 0
P10909 2080 11 0 0 0 0 11 11 10 3 10 25 10 2 0 0 0 23 21 0 0 0 10 3 0 0 0 11 8 61 7 0 -999
P10909 2080 12 0 0 0 0 0 0 6 8 19 77 67 17 22 47 8 0 0 0 0 0 0 14 36 154 88 14 11 13 6 10 1
P10909 2081 1 0 0 0 0 0 0 0 0 0 0 0 0 0 0 0 2 6 21 32 119 138 150 11 0 0 14 0 0 0 10 0
P10909 2081 2 9 37 128 52 11 23 12 5 6 1 0 0 0 0 0 0 0 37 7 49 59 87 37 13 8 11 16 8 -999 -999 -999
P10909 2081 3 0 0 0 0 0 0 0 0 0 7 29 40 96 132 134 45 151 35 51 53 77 57 85 25 55 97 135 85 55 23 108
P10909 2081 4 43 13 7 34 19 0 3 0 0 0 0 0 0 0 0 0 11 5 0 0 0 16 7 0 0 0 0 20 21 16 -999
P10909 2081 5 11 0 0 0 0 10 19 8 2 3 9 0 0 0 0 0 0 0 0 0 0 3 12 7 9 7 6 43 32 21 5
P10909 2081 6 0 0 0 0 0 0 54 47 21 54 39 14 4 0 0 0 0 0 0 0 0 0 0 0 0 0 0 0 0 0 -999
P10909 2081 7 0 0 0 0 0 0 0 0 0 0 0 0 0 0 0 0 0 0 0 0 0 0 0 0 0 0 0 0 0 0 0
P10909 2081 8 0 0 0 0 0 0 0 0 0 0 0 0 0 0 0 0 0 0 0 0 0 0 0 0 0 0 0 0 0 0 0
P10909 2081 9 0 0 0 0 0 0 0 0 0 0 0 0 0 0 0 0 0 0 0 0 0 8 0 0 0 0 0 0 0 0 -999
P10909 2081 10 0 0 71 4 0 0 0 0 0 88 157 112 35 12 51 47 48 50 71 116 79 7 0 0 0 0 0 0 3 0 40
P10909 2081 11 0 0 0 91 72 6 0 0 0 54 69 18 10 0 33 48 23 52 81 169 143 80 92 7 0 0 0 0 53 46 -999
P10909 2081 12 78 28 17 38 53 10 55 101 17 0 0 0 0 0 0 0 0 0 0 25 106 64 92 9 28 43 9 90 27 0 0
P10909 2082 1 0 1 0 0 0 6 23 9 7 8 0 0 0 0 33 89 0 0 0 4 0 0 0 0 0 0 37 28 44 28 5
P10909 2082 2 0 0 4 17 21 7 4 3 0 0 11 3 0 0 0 0 0 0 0 0 0 0 0 0 0 0 8 0 -999 -999 -999
P10909 2082 3 0 5 9 3 0 0 0 0 0 14 22 13 5 4 1 12 20 35 55 73 0 0 48 37 18 0 9 8 9 5 10
P10909 2082 4 12 0 22 32 27 41 103 97 72 89 117 69 80 13 0 48 31 0 81 56 43 25 10 0 19 14 17 23 38 3 -999
P10909 2082 5 0 10 0 0 0 0 0 0 0 0 0 0 0 0 0 0 0 0 0 0 0 0 0 0 0 0 0 0 0 0 0
P10909 2082 6 0 6 15 12 11 11 23 48 18 13 4 0 0 0 0 19 34 28 62 8 13 0 0 0 0 0 0 0 0 0 -999
P10909 2082 7 0 0 0 0 0 0 0 0 0 0 0 0 0 0 0 0 0 0 0 0 0 0 0 0 0 0 0 0 0 0 0
P10909 2082 8 0 2 3 0 0 0 0 0 0 0 0 0 0 0 0 0 0 0 0 0 0 0 0 0 0 0 0 0 0 0 0
P10909 2082 9 0 0 0 0 0 0 0 0 0 0 0 0 0 0 0 0 0 0 0 0 0 0 0 0 0 0 0 0 0 0 -999
P10909 2082 10 0 0 0 0 0 0 0 0 0 0 0 0 0 0 0 0 15 36 18 156 106 4 3 53 0 0 0 0 0 0 0
P10909 2082 11 0 0 0 0 0 0 0 0 3 13 22 18 8 26 0 82 53 11 11 34 15 68 46 24 8 12 20 48 84 16 -999
P10909 2082 12 5 6 13 5 0 2 0 0 0 0 0 0 0 0 0 0 0 0 0 0 0 0 0 0 0 0 0 0 0 2 0
P10909 2083 1 0 0 4 2 0 6 23 58 10 22 3 0 14 117 47 39 0 39 0 67 44 28 56 35 35 0 49 22 0 25 55
P10909 2083 2 19 44 30 10 8 0 0 13 102 71 127 83 94 47 17 30 169 81 32 31 27 73 14 33 0 0 106 57 -999 -999 -999
P10909 2083 3 159 7 0 0 0 0 19 13 4 0 17 0 0 0 0 0 0 0 2 7 2 0 1 0 0 5 3 9 28 21 19
P10909 2083 4 89 64 45 22 15 0 6 6 0 47 16 23 13 5 0 22 6 25 28 13 16 17 4 0 0 0 0 0 0 0 -999
P10909 2083 5 0 0 0 0 0 0 0 0 0 52 0 0 0 0 0 0 0 0 6 7 0 14 0 0 0 0 0 0 0 0 0
P10909 2083 6 0 0 0 0 0 0 0 0 0 0 0 0 0 0 0 0 0 0 0 0 0 0 0 0 0 0 0 9 0 0 -999
P10909 2083 7 0 0 0 0 0 0 0 0 0 0 0 0 0 0 0 0 0 0 0 0 0 0 0 0 0 0 0 5 0 0 0
P10909 2083 8 0 17 0 0 0 0 0 0 0 0 0 0 0 0 0 0 0 0 0 0 0 0 0 0 0 0 0 0 0 0 0
P10909 2083 9 0 0 0 0 0 0 0 0 0 0 0 0 0 0 0 0 0 0 0 0 0 0 0 0 0 0 0 0 0 0 -999
P10909 2083 10 37 34 0 0 6 0 0 0 0 0 0 0 0 11 0 0 0 0 0 0 0 0 0 0 0 0 21 0 0 0 0
P10909 2083 11 0 0 0 0 0 0 31 12 25 45 0 0 35 72 22 23 56 62 25 20 13 12 15 62 4 4 5 9 4 0 -999
P10909 2083 12 0 0 0 0 0 6 16 8 0 0 25 10 0 0 0 13 56 15 0 0 0 0 0 0 0 0 0 0 0 0 3
P10909 2084 1 4 52 21 5 3 0 0 0 0 0 0 0 4 4 0 0 9 62 76 24 24 45 149 8 1 0 0 0 0 0 2
P10909 2084 2 0 0 16 11 0 0 0 0 0 0 0 51 59 11 0 3 6 6 21 34 7 7 58 142 12 34 34 10 -999 -999 -999
P10909 2084 3 24 25 19 19 21 26 0 0 0 26 35 43 62 66 28 155 63 51 38 68 91 18 22 36 19 0 0 0 0 47 50
P10909 2084 4 44 34 102 139 151 55 21 37 36 31 165 35 9 21 17 6 1 0 0 0 0 0 0 0 0 0 0 7 0 0 -999
P10909 2084 5 0 0 0 16 0 0 9 7 3 0 0 0 0 0 0 0 0 0 0 0 0 0 0 0 0 36 18 0 8 4 9
P10909 2084 6 12 0 0 0 0 0 0 0 0 0 0 0 37 19 9 4 0 0 0 0 0 0 0 0 0 0 0 0 0 0 -999
P10909 2084 7 0 0 0 0 0 0 0 0 0 0 0 0 0 0 0 0 0 0 0 0 0 0 0 0 0 0 0 0 0 0 0
P10909 2084 8 0 0 0 0 0 0 0 0 0 0 0 0 0 0 0 0 8 7 0 0 0 0 0 0 0 0 0 0 0 0 0
P10909 2084 9 0 0 0 0 0 0 0 0 0 0 0 0 0 0 0 0 0 0 0 0 0 0 0 0 0 0 0 0 0 0 -999
P10909 2084 10 0 0 0 0 0 0 0 0 0 0 0 0 0 0 0 29 0 0 0 0 0 0 11 5 7 2 0 0 0 0 0
P10909 2084 11 0 0 0 11 99 42 28 21 104 121 129 114 100 49 7 7 9 0 0 0 0 0 0 0 0 0 0 0 0 9 -999
P10909 2084 12 4 0 12 20 25 11 0 0 0 0 0 0 0 0 0 0 0 0 0 0 0 0 8 3 5 29 4 13 10 0 0
P10909 2085 1 0 0 0 0 0 0 0 0 0 0 0 0 0 0 13 0 0 0 0 0 0 0 0 0 0 0 0 0 0 0 0
P10909 2085 2 0 0 0 7 0 0 0 0 0 0 0 0 0 0 0 19 30 0 0 0 0 0 0 0 0 0 5 2 -999 -999 -999
P10909 2085 3 0 0 0 0 18 0 0 0 0 0 0 24 29 5 0 0 0 51 23 29 45 76 54 17 9 5 33 25 41 85 89
P10909 2085 4 103 64 141 27 33 0 0 0 0 0 0 5 3 0 39 21 0 0 0 0 0 0 0 0 0 11 21 49 18 54 -999
P10909 2085 5 22 8 0 48 18 0 13 2 7 77 54 32 28 9 7 4 10 13 11 15 18 15 7 0 11 8 5 0 0 0 0
P10909 2085 6 0 0 0 0 0 0 0 0 26 0 0 0 0 0 0 0 0 0 0 0 0 0 0 0 0 0 0 0 0 0 -999
P10909 2085 7 0 0 0 0 0 0 0 0 0 0 0 0 0 0 0 0 0 0 0 0 0 0 0 0 0 0 0 0 0 0 0
P10909 2085 8 0 0 0 0 0 0 0 0 0 0 0 0 0 0 0 0 0 0 0 0 0 0 0 0 0 0 0 0 0 0 0
P10909 2085 9 0 0 0 0 0 0 0 0 0 0 0 0 0 0 0 0 0 0 0 0 0 0 0 6 8 0 0 0 0 6 -999
P10909 2085 10 8 0 0 0 0 12 0 0 0 0 0 4 0 0 0 40 10 0 0 0 0 0 7 8 0 0 0 0 0 0 0
P10909 2085 11 0 25 47 129 26 23 5 5 0 0 0 0 0 0 0 0 0 20 93 55 152 171 36 76 170 28 110 8 16 0 -999
P10909 2085 12 35 83 15 7 52 39 5 0 0 23 15 13 0 0 7 0 0 0 0 0 0 12 32 51 33 19 25 24 52 23 101
P10909 2086 1 98 129 65 55 22 2 0 0 0 0 0 0 0 0 0 0 0 0 0 0 0 0 0 0 0 0 0 0 0 0 0
P10909 2086 2 0 0 0 0 0 0 0 0 0 0 0 0 13 9 0 4 0 7 12 0 76 5 2 0 0 5 0 9 -999 -999 -999
P10909 2086 3 2 0 0 0 0 0 0 0 0 5 4 1 0 0 0 0 0 0 0 24 0 0 0 0 0 0 0 0 0 0 18
P10909 2086 4 27 24 16 9 9 0 0 52 30 7 11 5 5 14 55 71 109 128 67 58 32 17 62 73 0 0 40 37 17 0 -999
P10909 2086 5 0 0 34 22 5 9 0 0 0 0 0 0 0 0 0 18 10 14 13 12 13 9 0 9 9 5 0 0 0 0 0
P10909 2086 6 0 0 0 0 0 0 0 0 0 0 0 0 0 0 0 0 0 0 0 0 4 0 0 0 0 0 0 0 0 0 -999
P10909 2086 7 0 0 0 0 0 0 0 0 0 0 0 0 0 0 0 0 0 0 0 0 0 0 0 0 0 0 0 0 0 0 0
P10909 2086 8 0 0 0 0 0 0 0 0 0 0 0 0 0 0 0 0 0 0 0 0 0 0 0 0 0 0 0 0 0 0 0
P10909 2086 9 0 0 0 0 0 0 0 0 0 0 0 0 34 6 0 0 27 22 10 0 0 0 0 0 0 0 0 0 0 0 -999
P10909 2086 10 0 0 25 0 0 0 0 0 0 0 0 0 0 0 11 11 0 0 0 0 0 0 15 41 42 44 28 0 11 18 14
P10909 2086 11 0 0 0 0 0 0 0 10 7 13 12 6 37 9 89 163 114 108 35 57 15 19 17 0 0 0 6 14 63 8 -999
P10909 2086 12 10 25 0 0 0 20 0 0 0 0 0 0 0 0 0 0 0 0 16 25 7 0 0 0 0 0 0 0 0 0 14
P10909 2087 1 13 92 38 38 0 0 0 0 0 0 0 0 5 18 117 73 5 16 52 0 0 6 3 0 0 0 0 0 0 11 5
P10909 2087 2 4 0 0 10 0 0 0 0 0 0 0 0 0 0 0 0 0 0 0 4 0 0 0 0 0 0 0 0 -999 -999 -999
P10909 2087 3 5 0 0 0 0 0 5 1 0 0 0 0 0 35 60 4 20 34 69 9 10 15 0 0 0 0 121 20 12 3 0
P10909 2087 4 0 0 11 16 25 6 0 0 0 0 0 0 0 0 0 0 12 30 32 6 5 23 12 0 0 0 0 0 0 0 -999
P10909 2087 5 0 0 0 0 0 0 0 126 143 107 19 0 0 0 0 8 22 0 0 0 0 0 0 0 0 0 7 18 8 8 0
P10909 2087 6 0 0 0 0 0 0 0 0 6 0 0 0 0 0 0 0 0 0 0 0 0 0 0 0 0 0 0 0 0 0 -999
P10909 2087 7 0 0 0 0 0 0 0 0 0 0 0 0 0 0 0 0 0 0 0 0 0 0 0 0 0 0 0 0 0 0 0
P10909 2087 8 0 0 0 0 0 0 0 0 0 0 0 0 0 0 0 0 0 0 0 0 0 0 0 0 0 0 0 0 0 0 0
P10909 2087 9 0 0 0 0 6 0 0 0 0 30 14 0 0 0 0 0 0 0 0 0 53 67 0 0 0 0 0 0 0 0 -999
P10909 2087 10 9 0 0 21 0 0 0 0 0 0 0 0 0 0 0 0 0 8 8 26 35 70 57 6 14 26 0 0 0 0 0
P10909 2087 11 0 0 0 19 27 0 0 31 18 4 7 33 8 14 40 24 3 33 0 0 0 3 0 0 0 0 0 0 0 44 -999
P10909 2087 12 51 117 13 0 0 0 0 20 0 0 7 52 67 27 53 43 86 142 131 27 97 20 0 0 0 0 0 0 0 0 0
P10909 2088 1 0 0 0 0 0 0 19 122 187 70 83 113 183 119 18 95 72 35 6 2 5 4 22 88 93 139 153 115 67 85 27
P10909 2088 2 34 9 5 19 12 7 3 0 0 0 0 0 0 0 0 0 19 28 29 0 0 9 36 6 0 0 0 0 -999 -999 -999
P10909 2088 3 0 0 0 0 35 9 53 11 3 0 0 0 14 16 26 33 34 26 44 12 0 0 4 4 11 4 12 0 0 0 0
P10909 2088 4 0 0 0 0 0 0 0 0 12 27 5 13 14 6 5 12 0 0 0 0 0 0 7 3 6 0 0 0 0 0 -999
P10909 2088 5 0 0 0 0 56 12 21 3 0 0 0 94 91 24 11 9 0 0 0 7 0 0 0 0 0 0 0 0 0 0 0
P10909 2088 6 0 0 0 0 0 0 0 0 0 0 0 0 0 0 0 0 0 0 0 0 0 0 0 0 0 0 0 0 0 0 -999
P10909 2088 7 0 0 0 0 0 0 0 0 0 0 0 0 0 0 0 0 0 0 0 0 0 0 0 0 0 0 0 0 0 0 0
P10909 2088 8 0 0 0 0 0 0 0 0 0 0 0 0 0 0 0 0 0 0 0 0 0 0 0 0 0 0 0 0 0 0 0
P10909 2088 9 0 0 0 0 0 0 0 0 0 0 0 0 0 0 0 0 0 0 0 0 0 0 0 0 0 0 0 0 0 0 -999
P10909 2088 10 0 0 0 0 0 26 0 0 0 0 27 10 35 6 0 0 0 0 0 0 0 0 0 0 0 0 0 0 0 0 0
P10909 2088 11 0 38 127 176 70 78 60 40 107 104 10 8 5 4 2 0 0 0 0 0 0 0 0 29 0 0 29 12 0 21 -999
P10909 2088 12 53 16 33 44 134 68 17 0 0 0 0 0 0 0 0 0 0 0 0 0 0 0 0 0 0 8 14 2 0 7 0
P10909 2089 1 0 0 0 2 8 7 22 2 0 0 30 13 10 75 16 7 15 7 41 85 78 66 116 10 44 64 17 14 23 58 117
P10909 2089 2 134 11 9 45 103 16 16 27 30 87 141 85 33 51 84 114 147 56 102 47 46 0 0 0 0 29 83 39 -999 -999 -999
P10909 2089 3 2 0 0 0 0 0 0 0 0 0 0 0 0 0 0 0 29 19 7 0 0 0 0 0 0 0 0 0 28 0 0
P10909 2089 4 0 0 0 0 0 6 30 81 73 36 9 0 0 0 32 36 17 0 0 40 46 0 0 0 0 0 0 0 0 0 -999
P10909 2089 5 10 8 0 0 0 0 0 0 45 0 0 0 0 0 0 0 0 0 0 0 0 0 0 0 0 0 0 0 0 0 15
P10909 2089 6 5 11 4 0 0 0 0 0 0 0 0 0 0 0 0 0 0 0 0 0 0 0 0 0 0 0 0 0 0 0 -999
P10909 2089 7 0 0 0 9 0 0 0 0 0 0 0 0 0 0 0 0 0 0 0 0 0 0 0 0 0 0 0 0 0 0 0
P10909 2089 8 0 0 0 0 0 0 0 0 0 0 0 0 0 0 0 0 0 0 0 0 0 0 0 0 0 0 0 0 0 0 0
P10909 2089 9 0 0 0 0 0 0 0 0 0 0 0 0 0 0 0 0 0 0 0 0 0 0 0 0 0 0 0 0 0 0 -999
P10909 2089 10 0 0 0 0 0 0 0 0 0 0 18 34 12 8 12 8 0 0 0 0 0 0 0 0 12 13 0 0 0 0 0
P10909 2089 11 0 0 0 0 0 11 3 3 0 0 6 4 11 25 20 96 63 89 103 55 75 104 128 28 0 0 0 0 57 43 -999
P10909 2089 12 81 47 10 19 2 3 3 11 4 2 0 0 0 0 0 0 2 15 43 100 74 33 24 12 0 0 0 0 0 57 67
P10909 2090 1 20 3 0 0 0 6 3 1 0 0 0 0 0 0 0 0 0 2 0 40 72 63 81 17 7 17 4 0 0 0 0
P10909 2090 2 0 45 68 0 0 0 0 0 0 57 110 94 82 78 129 128 132 34 14 43 119 22 6 6 17 86 130 78 -999 -999 -999
P10909 2090 3 27 5 0 0 11 11 32 76 57 16 18 113 121 11 10 7 0 0 0 0 0 0 0 5 16 7 0 0 0 0 0
P10909 2090 4 0 0 81 81 52 25 10 0 0 0 10 15 39 9 0 0 23 17 0 0 0 16 21 14 7 0 0 31 16 8 -999
P10909 2090 5 12 0 0 0 0 0 0 0 0 3 0 0 0 0 0 44 60 48 34 21 26 9 3 0 5 0 0 0 0 85 0
P10909 2090 6 0 0 44 69 100 86 34 13 10 15 14 0 0 0 0 0 0 0 0 0 0 0 0 14 25 18 7 12 10 0 -999
P10909 2090 7 0 0 0 0 0 0 0 0 0 0 0 0 0 0 0 0 0 0 0 0 0 0 0 0 0 0 0 0 0 0 0
P10909 2090 8 0 0 0 0 0 0 0 0 0 0 0 0 0 0 0 0 0 0 0 0 0 0 0 0 0 0 0 0 0 0 0
P10909 2090 9 0 0 0 0 0 0 0 0 0 0 0 0 0 0 0 0 0 0 0 0 0 0 0 0 0 0 0 0 89 0 -999
P10909 2090 10 0 4 0 0 0 19 0 48 20 22 24 7 3 0 0 0 0 30 0 0 0 0 0 0 0 0 0 0 0 3 17
P10909 2090 11 11 24 20 4 0 0 0 0 0 0 0 0 0 0 0 0 0 0 0 0 0 0 0 0 5 19 14 93 163 201 -999
P10909 2090 12 177 50 19 81 13 0 9 0 39 67 19 20 17 30 28 0 0 0 0 0 0 26 0 63 0 0 0 0 0 0 0
P10909 2091 1 0 0 0 0 0 0 0 0 0 0 0 0 1 0 0 0 0 0 12 5 20 27 27 65 27 120 114 72 18 20 0
P10909 2091 2 23 53 30 62 72 55 80 38 53 17 19 12 35 14 19 20 4 0 0 0 0 28 51 34 35 15 7 0 -999 -999 -999
P10909 2091 3 0 0 0 0 0 0 0 3 7 0 0 0 0 0 0 0 0 0 0 0 10 4 13 11 0 0 0 0 3 0 0
P10909 2091 4 0 7 0 0 0 0 0 0 0 0 0 0 0 0 0 0 0 0 0 48 17 9 12 35 56 37 0 6 11 7 -999
P10909 2091 5 8 8 30 0 18 75 21 7 3 2 20 28 73 87 27 48 50 9 17 0 0 0 0 0 0 0 0 0 0 0 0
P10909 2091 6 0 0 0 0 0 0 0 0 0 0 0 0 0 0 0 0 0 0 0 0 0 0 0 0 0 0 0 0 0 0 -999
P10909 2091 7 0 0 0 0 0 0 0 0 0 0 0 0 0 0 0 0 0 0 0 0 0 0 0 0 0 0 0 0 0 0 0
P10909 2091 8 0 0 0 0 0 0 0 0 0 0 0 0 0 0 0 0 0 0 0 0 0 0 0 0 0 0 0 0 0 0 0
P10909 2091 9 0 0 0 0 0 0 0 0 0 0 0 0 0 0 0 0 0 0 0 0 64 17 9 8 14 68 0 0 0 0 -999
P10909 2091 10 0 0 0 0 0 0 0 0 0 46 4 0 0 0 0 0 0 0 0 0 0 0 0 10 3 3 0 22 85 20 40
P10909 2091 11 56 92 72 45 25 63 131 165 51 38 108 105 75 19 4 3 19 63 11 32 23 3 0 0 0 0 0 0 0 0 -999
P10909 2091 12 0 0 0 0 0 0 0 0 0 0 0 0 55 77 41 55 6 0 15 29 27 0 0 0 0 0 0 0 0 0 0
P10909 2092 1 0 0 0 0 22 25 0 0 0 0 8 56 164 24 11 1 0 0 0 0 0 0 6 4 11 45 4 0 0 2 0
P10909 2092 2 0 0 0 27 80 135 7 0 0 0 0 0 0 0 0 0 0 0 21 10 24 30 12 7 0 0 8 4 -999 -999 -999
P10909 2092 3 3 0 0 0 0 0 0 0 0 0 0 0 0 0 0 35 31 123 82 32 24 3 0 0 0 0 0 0 0 0 0
P10909 2092 4 0 0 0 0 0 1 16 7 51 27 16 5 2 0 0 0 19 0 0 0 114 0 0 0 0 39 12 0 0 0 -999
P10909 2092 5 0 0 0 0 0 0 0 0 0 8 4 0 0 0 0 0 0 0 0 0 0 0 0 0 0 0 0 0 8 0 0
P10909 2092 6 0 17 0 0 0 0 0 0 0 0 0 0 0 0 0 0 0 0 0 0 0 0 0 0 0 0 0 0 0 3 -999
P10909 2092 7 0 0 0 0 0 0 0 0 0 0 0 0 0 0 0 0 0 0 0 0 0 0 0 0 0 0 0 0 0 0 0
P10909 2092 8 0 0 0 0 0 0 0 0 0 0 0 0 0 0 0 0 0 0 0 0 0 0 0 0 0 0 0 0 9 28 9
P10909 2092 9 0 0 0 0 0 0 0 0 0 4 0 0 0 0 0 0 0 0 0 9 9 28 25 0 0 0 0 0 0 14 -999
P10909 2092 10 13 10 5 0 0 0 0 0 0 0 0 0 0 0 4 0 8 0 19 6 0 0 0 0 0 0 0 0 0 0 0
P10909 2092 11 0 0 0 0 10 0 45 45 28 0 0 5 63 9 3 10 0 0 0 0 0 0 0 14 19 8 0 0 0 0 -999
P10909 2092 12 0 0 0 0 7 17 17 20 16 13 0 0 0 0 0 0 0 0 0 0 0 0 0 0 0 0 112 25 7 4 0
P10909 2093 1 0 0 0 0 26 12 19 38 109 66 27 52 31 2 11 10 0 0 0 0 0 0 0 0 0 0 0 0 5 3 7
P10909 2093 2 0 0 0 4 3 10 10 69 158 201 84 3 4 14 25 23 0 0 48 46 30 38 20 4 0 12 7 8 -999 -999 -999
P10909 2093 3 7 7 49 31 2 0 0 39 33 47 68 29 28 11 125 32 6 29 50 72 161 43 19 56 20 8 5 0 36 75 41
P10909 2093 4 6 0 0 0 0 6 4 12 14 34 14 12 22 0 0 0 0 9 12 0 0 0 96 6 0 0 0 0 0 32 -999
P10909 2093 5 0 5 13 29 18 20 11 12 22 48 34 6 0 0 0 0 0 0 0 2 0 0 0 0 0 0 0 0 0 0 0
P10909 2093 6 0 0 0 7 0 0 8 0 0 0 31 12 23 14 5 0 0 0 0 0 0 0 0 0 0 0 0 0 0 0 -999
P10909 2093 7 0 0 0 0 0 0 0 0 0 0 0 0 0 0 0 0 0 0 0 0 0 0 0 0 0 0 0 0 0 0 0
P10909 2093 8 0 0 0 0 0 0 0 0 0 0 0 0 0 0 0 0 0 0 0 0 0 0 0 0 0 0 13 15 8 0 0
P10909 2093 9 0 0 0 0 0 0 0 0 0 0 0 0 0 0 0 0 0 0 0 0 0 0 0 1 0 0 0 0 0 0 -999
P10909 2093 10 0 0 0 0 0 0 0 0 9 18 0 0 0 0 0 2 1 0 0 0 0 0 0 0 0 4 0 0 0 0 6
P10909 2093 11 6 48 33 75 50 16 5 19 42 0 0 15 47 0 0 0 6 19 30 25 0 0 0 41 18 55 22 3 0 0 -999
P10909 2093 12 0 0 0 36 0 11 13 11 8 4 5 7 1 0 0 0 0 0 0 0 0 0 0 0 0 0 0 16 70 47 10
P10909 2094 1 0 0 0 17 72 90 68 0 0 0 0 0 0 0 0 0 0 0 0 0 0 0 3 0 0 0 0 0 0 0 4
P10909 2094 2 2 0 0 0 13 3 7 0 0 0 0 0 0 0 7 0 0 0 2 6 5 2 6 91 9 7 73 124 -999 -999 -999
P10909 2094 3 32 51 21 19 90 121 131 102 163 120 29 14 61 10 4 0 26 0 0 0 0 1 0 0 0 0 0 0 0 0 0
P10909 2094 4 0 0 0 0 27 23 10 13 13 38 5 85 12 6 90 39 7 10 10 6 0 0 9 16 141 29 2 0 0 0 -999
P10909 2094 5 0 4 3 3 3 0 12 0 0 0 0 0 0 0 0 0 0 0 0 0 0 0 0 0 0 0 0 0 0 0 0
P10909 2094 6 0 0 0 0 0 0 33 24 16 7 0 0 9 8 0 0 0 0 0 0 0 0 0 0 0 0 0 0 0 0 -999
P10909 2094 7 0 0 0 0 0 0 0 0 0 0 0 0 0 0 0 0 0 0 0 0 0 0 56 0 0 0 0 0 0 0 0
P10909 2094 8 0 0 0 0 0 0 0 0 0 0 0 0 0 0 0 0 0 0 0 0 0 0 0 0 0 0 0 0 0 0 0
P10909 2094 9 0 0 0 0 0 0 0 0 0 0 0 0 0 0 0 0 0 0 0 0 0 39 0 0 0 0 0 0 0 29 -999
P10909 2094 10 32 65 116 68 73 11 0 0 0 0 0 0 0 0 0 0 0 0 0 0 11 8 0 0 0 31 33 19 7 4 0
P10909 2094 11 0 0 0 0 0 8 32 12 7 0 0 7 17 12 8 3 0 0 0 0 0 0 0 0 0 0 66 54 17 0 -999
P10909 2094 12 0 0 0 0 61 142 75 28 28 27 44 19 4 34 67 0 0 0 0 0 0 0 0 0 0 25 170 48 81 20 14
P10909 2095 1 119 9 90 25 23 53 9 3 18 15 23 15 8 10 21 14 88 68 181 137 163 149 56 41 168 82 41 146 8 31 88
P10909 2095 2 18 6 0 50 32 9 23 4 1 1 2 9 31 75 10 21 8 14 11 0 0 0 0 4 0 0 0 0 -999 -999 -999
P10909 2095 3 0 0 0 0 0 0 0 0 0 0 0 61 30 26 24 17 19 55 80 47 14 17 0 0 17 16 0 0 0 0 0
P10909 2095 4 39 13 6 7 5 51 96 69 19 39 20 10 4 0 0 0 16 0 0 0 0 0 0 0 0 0 0 0 0 0 -999
P10909 2095 5 3 3 5 0 0 11 0 0 0 0 40 46 12 0 0 0 0 0 0 0 4 0 0 0 0 0 0 0 0 4 17
P10909 2095 6 0 0 0 0 0 0 0 0 0 0 0 0 0 0 0 0 0 0 0 0 0 0 0 0 0 0 4 8 0 0 -999
P10909 2095 7 0 0 0 0 0 0 0 0 0 0 0 0 0 0 0 0 0 0 0 0 0 0 0 0 0 0 0 0 0 0 0
P10909 2095 8 0 0 0 0 0 0 0 0 0 0 0 0 0 0 0 0 0 0 0 0 0 0 0 0 0 0 0 0 0 0 0
P10909 2095 9 0 0 0 0 0 0 0 0 0 0 0 0 0 0 0 0 0 0 0 0 0 0 0 30 0 0 0 0 0 0 -999
P10909 2095 10 0 0 0 0 0 0 0 5 13 23 14 6 7 3 0 0 23 5 0 0 0 0 0 4 2 0 0 6 39 24 14
P10909 2095 11 8 32 27 13 6 0 4 86 133 44 165 63 43 10 0 0 0 0 5 3 0 0 0 0 6 8 15 17 7 13 -999
P10909 2095 12 6 0 0 0 0 0 3 0 6 0 0 0 0 0 0 0 3 3 0 0 0 0 0 1 2 4 0 0 0 0 0
P10909 2096 1 0 0 0 14 7 33 20 13 11 38 22 0 0 0 1 2 0 0 0 0 2 0 0 0 0 0 7 4 13 10 0
P10909 2096 2 0 0 0 5 0 0 0 2 2 8 15 4 0 0 13 17 9 5 3 2 0 5 12 25 15 10 0 0 -999 -999 -999
P10909 2096 3 0 19 73 59 22 0 11 8 3 0 0 3 9 10 2 0 0 0 0 0 0 0 0 0 0 14 3 3 14 39 35
P10909 2096 4 16 0 8 7 0 38 46 48 59 20 34 55 89 100 37 20 17 32 79 32 12 0 5 0 0 0 0 0 53 0 -999
P10909 2096 5 10 0 0 0 0 0 0 0 0 0 0 0 0 0 0 0 0 0 0 13 15 0 0 0 5 2 10 11 49 112 108
P10909 2096 6 111 13 16 21 0 0 0 5 0 0 11 7 4 0 0 0 0 0 0 0 0 7 0 0 0 0 0 0 0 0 -999
P10909 2096 7 0 0 7 0 0 0 0 0 0 0 0 0 0 0 0 0 0 0 0 0 0 0 0 0 4 0 0 0 0 0 0
P10909 2096 8 0 0 0 0 0 0 0 0 0 0 0 0 0 0 0 0 0 0 0 0 0 0 0 0 0 0 0 0 0 0 0
P10909 2096 9 4 0 0 0 0 0 6 15 0 0 19 0 0 0 0 0 0 0 0 0 0 0 0 0 0 0 0 0 0 0 -999
P10909 2096 10 0 0 0 0 0 0 0 0 0 27 43 36 4 0 0 0 40 116 51 69 52 21 0 9 8 0 0 13 23 111 59
P10909 2096 11 76 100 55 49 44 31 19 19 66 121 86 10 35 57 146 99 117 123 31 90 28 0 3 0 6 8 6 0 19 1 -999
P10909 2096 12 0 0 0 0 0 0 0 0 0 0 0 0 0 0 4 2 0 0 0 0 0 0 0 9 8 48 28 0 47 44 92
P10909 2097 1 43 25 24 28 6 6 17 45 28 32 7 10 17 0 0 62 57 9 59 31 7 0 2 5 0 13 0 0 0 0 0
P10909 2097 2 12 7 2 0 14 5 0 4 0 33 5 21 11 0 0 0 0 0 0 28 28 0 0 0 0 0 0 19 -999 -999 -999
P10909 2097 3 11 0 0 12 22 19 0 0 0 0 0 0 0 20 17 16 20 0 49 66 72 17 24 34 28 26 21 11 0 4 0
P10909 2097 4 40 0 0 0 0 0 0 0 7 7 0 0 0 0 0 0 0 18 22 20 77 111 76 20 92 76 109 11 5 0 -999
P10909 2097 5 0 0 0 0 0 85 20 3 0 0 0 0 0 9 7 0 0 0 20 0 0 0 0 0 0 0 0 0 3 0 11
P10909 2097 6 0 0 0 0 0 0 0 0 0 0 0 62 54 36 29 8 0 0 0 0 0 0 0 0 0 0 0 0 0 0 -999
P10909 2097 7 0 0 0 0 0 0 0 0 0 0 0 0 0 0 0 0 0 0 0 0 0 0 0 0 0 0 0 0 0 0 0
P10909 2097 8 0 0 0 0 0 0 0 0 0 0 0 0 0 0 0 0 0 0 0 0 0 0 0 0 0 0 0 0 0 0 0
P10909 2097 9 0 0 0 0 0 0 0 0 0 0 0 0 0 0 0 0 0 0 0 50 0 0 0 7 6 0 0 0 0 0 -999
P10909 2097 10 0 61 31 10 19 0 0 0 0 0 0 0 0 0 0 0 17 92 49 30 5 4 34 39 8 5 5 0 0 64 101
P10909 2097 11 27 28 0 26 7 0 0 0 4 21 29 13 89 73 22 16 5 0 0 0 38 70 19 0 0 0 0 0 0 0 -999
P10909 2097 12 0 0 67 71 59 42 16 0 0 0 0 0 0 0 51 105 28 8 3 1 7 32 12 17 0 4 0 10 0 0 0
P10909 2098 1 0 0 8 0 23 34 3 21 4 16 4 0 0 7 2 1 0 0 4 4 27 8 24 4 0 0 0 5 0 0 0
P10909 2098 2 8 23 62 52 57 46 59 45 43 75 10 23 36 13 10 15 18 0 16 30 21 0 0 0 18 27 13 0 -999 -999 -999
P10909 2098 3 14 14 5 7 4 9 6 0 0 0 0 0 0 0 0 0 0 0 28 56 42 8 0 0 0 0 0 0 0 0 0
P10909 2098 4 0 0 0 0 0 0 0 5 12 25 8 14 2 16 0 0 0 0 0 0 61 37 0 0 0 0 37 0 0 0 -999
P10909 2098 5 0 0 0 0 0 0 0 0 0 0 0 0 0 0 0 30 25 17 15 0 0 0 0 0 0 0 0 0 0 0 0
P10909 2098 6 0 0 0 0 0 0 0 0 0 0 0 0 0 24 40 13 8 5 0 0 11 13 21 22 0 0 0 0 0 0 -999
P10909 2098 7 0 0 0 0 0 0 0 0 0 0 0 0 0 0 0 0 0 0 0 0 0 0 0 0 0 0 0 0 0 0 0
P10909 2098 8 0 0 0 0 0 0 0 6 9 0 0 0 0 0 0 0 0 0 0 0 0 0 0 0 0 0 0 0 0 0 0
P10909 2098 9 0 0 0 0 0 0 0 0 0 0 0 0 0 0 0 0 0 38 11 23 0 0 0 0 13 8 13 3 0 0 -999
P10909 2098 10 0 0 0 22 9 4 0 0 0 0 10 0 0 0 18 0 0 39 5 29 23 26 13 2 4 3 6 40 12 46 43
P10909 2098 11 79 130 21 96 23 56 9 26 10 128 146 32 13 0 0 37 130 42 7 0 3 26 15 0 0 0 0 0 33 72 -999
P10909 2098 12 24 116 39 96 68 55 8 0 36 7 0 0 0 0 0 0 0 13 10 16 46 91 131 25 10 2 0 8 0 1 0
P10909 2099 1 0 0 0 0 0 0 0 0 0 0 0 5 0 0 5 8 6 0 0 0 0 0 0 0 0 0 0 0 0 0 0
P10909 2099 2 0 24 111 5 6 0 0 0 0 0 0 0 0 0 0 0 0 0 12 8 3 9 3 3 8 0 0 0 -999 -999 -999
P10909 2099 3 0 0 0 0 15 64 57 111 112 135 151 55 7 0 0 0 0 0 0 0 0 0 14 4 6 3 0 0 0 0 0
P10909 2099 4 0 5 4 0 13 2 0 0 0 0 5 8 33 61 32 8 0 0 0 0 0 9 5 5 6 8 0 0 0 7 -999
P10909 2099 5 0 0 0 20 43 0 3 5 8 3 0 0 0 36 7 0 0 0 0 23 0 0 0 0 0 0 0 0 0 0 0
P10909 2099 6 0 0 0 0 0 0 0 0 0 0 0 0 0 0 0 0 0 7 8 13 19 9 0 0 0 0 0 0 0 0 -999
P10909 2099 7 0 0 0 0 0 0 0 0 0 0 0 0 0 0 0 0 0 0 0 0 0 0 0 0 0 0 0 0 0 0 0
P10909 2099 8 0 0 0 0 0 0 0 0 0 0 0 0 0 0 0 0 0 0 0 2 0 0 0 0 0 0 0 0 0 10 3
P10909 2099 9 0 0 0 0 0 0 0 0 0 7 0 0 0 0 0 0 0 0 0 0 0 0 0 0 0 0 0 0 0 0 -999
P10909 2099 10 0 0 0 0 0 0 0 0 0 0 41 13 0 18 65 0 0 0 0 0 0 0 0 0 0 0 0 0 0 44 102
P10909 2099 11 52 29 19 9 30 25 29 13 8 22 38 50 146 14 32 29 42 64 130 51 104 14 0 0 0 0 0 0 0 0 -999
P10909 2099 12 13 0 0 0 4 17 0 0 43 0 0 0 0 14 0 0 3 3 0 0 15 34 20 0 0 0 0 34 19 33 167
P10909 2100 1 6 0 0 0 1 0 0 0 0 7 0 50 101 48 0 46 91 0 0 0 0 3 13 13 0 0 4 0 0 0 0
P10909 2100 2 0 0 10 8 0 2 3 0 0 0 3 0 0 3 0 0 0 0 7 11 5 0 0 0 0 0 0 0 -999 -999 -999
P10909 2100 3 0 0 0 0 0 62 4 67 6 60 7 7 13 27 0 0 0 0 7 0 0 0 0 0 0 0 0 60 10 0 46
P10909 2100 4 26 0 10 0 0 0 0 0 13 7 6 5 16 0 0 0 8 4 0 0 0 43 56 15 0 0 0 0 0 0 -999
P10909 2100 5 0 0 35 15 18 0 8 0 0 0 94 26 23 0 0 13 18 0 0 0 0 0 0 12 8 8 10 0 0 0 0
P10909 2100 6 0 19 0 0 6 0 0 0 0 0 0 0 0 0 0 0 0 0 0 0 0 0 5 0 0 0 41 0 8 0 -999
P10909 2100 7 16 0 0 0 0 0 0 0 0 0 0 0 0 0 4 0 0 0 0 0 0 0 0 0 0 0 0 0 0 0 0
P10909 2100 8 0 0 0 0 0 0 0 0 0 0 0 0 0 0 0 0 0 0 0 0 0 0 0 0 0 0 0 0 0 0 0
P10909 2100 9 0 0 0 0 0 73 9 0 13 0 0 0 0 0 0 0 0 0 0 0 0 0 0 0 0 0 0 0 0 0 -999
P10909 2100 10 10 4 2 7 0 26 21 10 27 51 18 44 4 4 5 17 15 16 45 0 13 0 23 62 60 11 0 41 84 68 21
P10909 2100 11 63 22 6 0 8 8 10 0 0 0 35 84 38 18 29 2 0 0 0 0 0 0 0 0 0 6 0 0 0 0 -999
P10909 2100 12 0 0 0 0 0 0 0 10 0 0 0 0 0 9 9 51 10 0 26 6 20 59 0 10 12 107 76 56 14 4 -999
