precip bcc-csm1-1 rcp60 RNEURONALES decimas 2
P5873 39.097 -5.163 447 geo 2006 2100 -1
P5873 2006 1 0 0 2 2 4 3 2 10 34 104 74 124 40 38 26 21 16 23 5 0 6 10 19 10 22 17 16 18 7 0 0
P5873 2006 2 2 0 3 21 59 63 33 27 74 155 101 171 133 29 55 94 33 3 3 0 35 29 81 80 60 13 9 12 -999 -999 -999
P5873 2006 3 7 16 5 3 5 11 7 0 11 44 36 34 63 52 32 20 41 0 0 0 0 0 0 0 0 0 5 6 6 8 6
P5873 2006 4 15 85 0 0 38 10 9 47 23 31 32 43 28 18 7 0 0 15 21 4 0 9 6 9 0 15 0 0 0 0 -999
P5873 2006 5 0 5 4 35 48 20 10 18 31 67 47 9 14 8 0 10 10 20 14 8 6 8 6 0 0 0 20 25 37 23 7
P5873 2006 6 21 7 21 43 79 54 36 4 0 0 0 0 0 0 0 0 0 0 0 0 0 0 0 0 0 0 0 0 0 0 -999
P5873 2006 7 0 0 0 0 0 11 0 0 0 0 0 0 0 0 0 0 0 0 0 0 0 0 0 0 0 0 0 0 0 0 0
P5873 2006 8 0 0 0 0 0 0 0 0 0 0 0 0 0 0 0 0 0 0 0 0 0 0 0 0 0 0 0 0 0 0 0
P5873 2006 9 0 0 0 0 0 0 0 0 0 0 8 0 0 19 10 5 5 11 7 0 0 0 0 0 0 12 9 0 0 10 -999
P5873 2006 10 17 12 26 55 15 0 0 0 0 0 18 0 0 0 0 4 0 0 0 0 0 0 0 0 0 0 13 7 5 0 0
P5873 2006 11 0 0 0 7 31 11 38 8 0 0 0 0 0 4 8 4 0 0 13 0 0 0 0 0 0 0 3 0 0 0 -999
P5873 2006 12 0 3 32 0 16 9 0 0 0 0 0 0 0 0 0 0 0 0 0 0 2 64 88 27 111 31 146 104 15 16 7
P5873 2007 1 0 0 0 0 0 0 0 0 0 5 6 38 3 0 0 0 5 25 18 20 26 3 23 30 27 67 68 26 68 19 22
P5873 2007 2 0 0 19 18 60 158 223 43 21 15 11 76 93 128 38 8 0 0 12 14 0 0 15 10 16 26 10 36 -999 -999 -999
P5873 2007 3 89 7 0 0 0 0 0 0 0 0 0 27 55 23 0 8 36 27 11 0 0 51 47 0 11 0 0 11 12 0 0
P5873 2007 4 0 9 13 28 16 26 44 13 0 0 0 0 10 5 14 33 11 40 29 17 25 74 79 69 53 38 11 12 21 15 -999
P5873 2007 5 15 5 9 37 20 21 14 12 13 13 13 26 11 17 17 12 20 11 0 4 0 0 0 0 0 0 0 0 0 0 7
P5873 2007 6 0 0 0 0 0 0 0 15 0 0 0 0 0 0 0 0 0 0 0 0 0 0 0 0 0 0 0 0 0 0 -999
P5873 2007 7 0 0 0 0 0 0 0 0 0 0 0 0 0 0 0 0 0 0 0 0 0 0 0 0 0 0 0 0 0 0 0
P5873 2007 8 0 0 0 0 0 0 0 0 0 0 0 0 0 0 0 0 0 0 0 0 0 0 0 27 17 6 6 0 9 0 0
P5873 2007 9 0 0 0 0 0 0 0 13 0 0 0 0 0 0 0 0 0 0 0 0 0 0 0 0 0 0 0 0 12 11 -999
P5873 2007 10 22 39 8 0 0 0 12 25 26 47 18 23 37 48 26 13 62 28 27 9 16 0 0 8 22 77 106 47 34 120 41
P5873 2007 11 0 0 0 0 0 0 0 6 4 17 14 0 7 4 8 6 0 6 9 95 31 129 117 62 24 17 21 36 102 20 -999
P5873 2007 12 19 6 0 0 0 0 0 32 158 58 29 19 15 16 41 190 182 137 107 156 43 16 67 28 11 10 9 14 31 14 15
P5873 2008 1 95 77 139 65 78 150 114 34 16 21 37 74 21 12 7 99 93 83 14 0 0 0 0 0 0 0 0 4 0 0 0
P5873 2008 2 1 0 0 0 0 0 0 0 0 0 0 0 0 0 0 0 0 0 9 81 27 41 3 21 4 0 0 18 -999 -999 -999
P5873 2008 3 17 7 6 0 0 0 3 2 0 0 0 4 37 60 67 42 55 20 5 12 7 0 52 38 44 88 21 8 14 26 17
P5873 2008 4 30 7 15 8 20 115 70 53 36 20 7 13 17 3 0 0 0 15 25 5 0 0 2 5 10 20 5 9 63 0 -999
P5873 2008 5 0 0 5 24 23 27 22 13 21 46 38 9 12 0 0 8 5 7 0 9 0 0 0 0 0 0 0 0 0 0 0
P5873 2008 6 0 0 0 3 0 0 0 0 0 0 0 0 0 0 0 0 0 0 0 0 0 0 0 0 0 4 12 0 0 0 -999
P5873 2008 7 7 11 0 20 21 16 31 0 0 0 0 0 0 0 0 0 0 0 0 0 0 0 0 0 0 0 0 0 0 0 0
P5873 2008 8 0 0 0 0 0 0 0 0 0 0 0 0 0 0 0 0 0 0 0 0 0 0 0 0 0 0 0 0 0 0 0
P5873 2008 9 0 0 0 0 0 0 0 0 0 0 0 0 0 0 0 0 0 0 0 0 0 0 0 0 0 0 0 0 0 0 -999
P5873 2008 10 13 20 25 19 16 7 0 0 0 23 16 11 59 70 89 36 27 5 7 32 18 89 78 27 25 33 0 9 12 14 25
P5873 2008 11 9 8 0 6 7 17 28 61 36 12 7 11 2 16 83 96 54 63 183 17 10 132 24 23 4 8 7 3 4 19 -999
P5873 2008 12 129 33 20 44 0 4 25 74 19 4 2 13 46 118 35 20 3 0 0 5 13 9 10 23 4 2 3 0 0 0 8
P5873 2009 1 4 0 0 0 18 20 14 17 16 37 46 15 67 19 18 17 17 82 66 25 31 37 32 24 15 12 0 3 16 31 13
P5873 2009 2 10 7 0 0 23 34 27 10 23 15 39 65 4 0 0 8 78 39 22 77 74 48 116 100 169 149 95 115 -999 -999 -999
P5873 2009 3 85 99 157 89 34 148 41 23 11 16 4 0 0 0 0 0 2 13 30 26 11 0 0 4 14 36 21 14 7 3 0
P5873 2009 4 0 0 0 0 0 6 19 3 2 0 10 14 22 22 10 3 0 0 0 10 12 0 0 0 0 0 0 0 0 0 -999
P5873 2009 5 0 0 0 0 0 0 0 0 0 0 0 0 0 0 6 0 0 0 0 0 0 0 0 0 0 0 0 23 0 0 0
P5873 2009 6 0 0 0 0 0 0 0 13 26 24 32 17 13 12 8 10 12 19 10 17 8 0 0 0 0 0 0 0 0 0 -999
P5873 2009 7 0 0 0 0 0 0 0 0 0 0 0 0 0 0 0 0 0 0 0 0 0 0 0 0 0 0 0 0 0 0 0
P5873 2009 8 0 0 0 0 0 0 0 0 0 0 0 0 0 0 0 0 0 0 0 0 0 0 0 0 0 0 0 0 0 0 0
P5873 2009 9 0 0 0 0 0 0 0 0 0 0 0 0 0 0 0 0 0 0 0 0 0 0 0 0 0 0 0 0 0 0 -999
P5873 2009 10 0 51 71 27 24 28 12 8 6 0 0 0 0 0 0 0 0 0 0 0 4 9 8 0 11 9 11 6 0 0 0
P5873 2009 11 0 14 28 7 10 0 0 5 22 38 77 32 18 0 0 0 0 0 0 0 0 3 10 0 0 0 0 0 0 0 -999
P5873 2009 12 0 0 10 7 9 10 18 6 0 30 42 41 12 7 25 63 41 10 8 0 0 0 4 21 48 128 83 147 67 69 84
P5873 2010 1 5 14 8 12 8 0 21 14 0 7 12 0 0 0 10 8 19 36 25 12 13 0 0 3 6 8 0 0 0 0 0
P5873 2010 2 0 0 0 0 2 0 0 0 2 12 5 8 8 0 0 3 11 2 3 2 16 6 0 0 0 0 0 7 -999 -999 -999
P5873 2010 3 6 0 0 0 1 7 46 44 40 27 15 0 0 0 0 0 0 0 12 63 40 25 33 19 17 13 16 12 0 0 4
P5873 2010 4 35 80 54 5 32 24 95 18 18 0 0 69 13 0 0 0 0 0 0 0 0 0 0 13 0 0 0 0 0 0 -999
P5873 2010 5 0 0 0 0 0 0 0 0 0 0 0 0 0 0 0 0 0 5 0 0 0 0 0 0 0 0 0 0 0 18 0
P5873 2010 6 0 0 0 0 0 0 0 0 0 0 0 0 0 71 18 13 5 0 0 0 0 0 0 0 0 0 0 0 0 0 -999
P5873 2010 7 0 0 0 0 0 0 0 0 0 0 0 0 0 0 0 0 0 0 0 0 0 0 0 0 0 0 0 0 0 0 0
P5873 2010 8 0 0 0 0 0 0 0 0 0 0 0 0 0 0 0 0 0 0 0 0 0 0 0 0 0 0 0 0 0 0 0
P5873 2010 9 0 0 0 0 0 0 0 0 0 0 0 0 0 0 0 0 0 0 0 0 16 11 0 0 32 52 5 0 0 0 -999
P5873 2010 10 0 0 0 0 0 0 0 0 0 0 0 0 0 0 0 0 0 0 0 0 0 0 13 0 8 13 18 0 0 0 0
P5873 2010 11 0 0 0 0 0 0 0 0 2 5 54 135 80 42 78 22 49 22 22 11 0 4 7 6 0 2 0 0 0 0 -999
P5873 2010 12 0 0 0 0 0 0 0 9 11 0 8 6 7 3 2 6 2 11 12 8 3 0 7 9 5 2 2 3 2 3 2
P5873 2011 1 0 0 0 0 2 0 0 0 0 0 4 7 0 0 0 0 34 46 30 31 25 0 0 0 0 6 7 0 0 12 9
P5873 2011 2 9 4 12 0 0 0 0 0 18 18 18 0 0 0 9 12 12 32 39 36 23 5 15 45 47 12 10 18 -999 -999 -999
P5873 2011 3 13 12 12 14 15 61 54 64 24 23 0 4 0 26 62 61 0 17 16 13 5 3 3 11 9 2 13 27 75 7 13
P5873 2011 4 35 23 14 7 4 3 0 0 7 50 35 21 17 0 0 0 0 0 0 16 13 3 0 6 5 17 7 0 0 0 -999
P5873 2011 5 0 0 0 0 0 0 0 0 0 18 6 0 0 0 0 0 0 0 0 0 0 0 0 0 0 0 8 0 0 0 7
P5873 2011 6 12 0 0 0 0 0 0 0 0 0 0 0 0 0 0 0 0 0 0 0 0 0 10 9 29 42 0 0 0 0 -999
P5873 2011 7 0 0 0 0 0 0 0 0 0 0 0 0 0 0 0 0 0 0 0 0 0 0 0 0 0 0 0 0 0 0 0
P5873 2011 8 0 0 0 0 0 0 0 0 0 0 0 0 0 0 0 0 0 0 0 0 0 0 0 0 0 0 0 0 0 0 0
P5873 2011 9 0 0 0 0 0 0 0 0 0 0 6 0 0 0 0 0 0 13 0 0 0 0 0 0 0 0 0 0 0 0 -999
P5873 2011 10 0 0 6 0 0 0 10 7 14 0 0 0 3 0 0 0 0 0 47 31 11 68 54 7 0 0 0 0 32 50 22
P5873 2011 11 50 54 81 22 13 55 17 31 5 0 0 46 30 39 23 0 0 0 0 8 20 30 86 12 10 29 90 131 85 35 -999
P5873 2011 12 84 30 5 0 0 0 2 3 3 0 7 0 6 8 98 36 56 44 0 0 0 2 3 11 44 120 93 38 29 30 21
P5873 2012 1 14 22 115 39 161 22 18 0 0 6 6 29 14 25 10 28 40 130 33 19 17 22 25 14 0 3 5 3 0 0 3
P5873 2012 2 0 0 0 10 0 0 0 1 2 11 32 53 24 7 25 6 153 17 35 24 10 6 20 47 25 0 10 0 -999 -999 -999
P5873 2012 3 4 0 0 0 0 0 0 0 0 0 0 4 6 18 8 7 14 18 22 13 0 0 0 15 10 19 27 13 0 0 2
P5873 2012 4 2 4 6 0 0 0 0 0 0 0 0 0 0 0 0 0 0 0 0 0 0 0 0 0 0 0 0 0 0 0 -999
P5873 2012 5 0 0 0 0 0 0 0 0 25 46 26 0 24 0 5 0 0 0 0 0 0 0 0 9 15 24 26 15 38 19 0
P5873 2012 6 0 0 0 0 0 11 0 0 0 0 0 0 0 0 0 0 0 0 0 0 0 0 0 0 0 0 0 0 0 0 -999
P5873 2012 7 0 0 0 0 0 0 0 0 0 0 0 0 0 0 0 0 0 0 0 0 0 0 0 0 0 0 0 0 0 0 0
P5873 2012 8 0 0 0 0 0 0 0 0 0 0 0 0 0 0 0 0 0 0 0 0 0 0 0 0 0 0 7 0 0 0 0
P5873 2012 9 0 0 0 0 0 0 0 0 0 0 0 0 0 0 0 0 0 0 0 0 0 0 0 0 0 0 0 0 0 0 -999
P5873 2012 10 0 0 0 0 0 0 0 0 0 0 0 0 13 0 0 0 0 0 0 0 48 64 20 4 19 45 0 12 16 186 52
P5873 2012 11 14 0 8 17 27 47 56 6 6 7 5 18 94 15 0 0 0 0 4 0 0 0 0 0 0 0 0 0 0 4 -999
P5873 2012 12 58 19 12 6 19 11 5 0 0 0 0 3 3 2 0 3 4 34 21 43 7 30 25 37 5 10 0 0 0 2 0
P5873 2013 1 6 0 0 0 0 3 0 0 0 0 1 4 12 14 12 6 0 2 1 6 21 29 71 44 24 11 0 0 0 9 5
P5873 2013 2 3 17 25 19 17 44 25 19 24 17 24 21 5 14 22 17 70 9 14 6 0 15 38 30 44 29 19 14 -999 -999 -999
P5873 2013 3 12 16 5 0 0 0 0 0 0 0 0 10 58 118 32 73 37 59 0 0 0 0 12 0 0 0 0 9 0 0 0
P5873 2013 4 0 33 53 43 30 26 24 23 30 9 0 0 0 0 69 71 61 56 76 74 34 25 0 0 0 0 0 0 0 0 -999
P5873 2013 5 0 0 0 0 0 0 0 17 0 9 10 6 4 0 0 14 15 26 14 29 12 22 13 15 4 0 0 0 0 0 0
P5873 2013 6 0 0 0 0 0 0 0 0 0 0 0 0 0 0 0 0 0 0 0 0 0 0 0 0 0 0 0 0 0 0 -999
P5873 2013 7 0 0 0 0 0 0 0 0 0 0 0 0 0 0 0 0 0 0 0 0 0 0 0 0 0 0 0 0 0 0 0
P5873 2013 8 0 0 0 0 0 0 0 0 0 0 0 0 0 0 0 0 0 0 0 0 0 0 0 0 0 0 0 0 0 0 0
P5873 2013 9 0 0 0 0 0 0 0 0 0 0 0 0 0 0 0 0 0 0 0 0 0 0 0 0 0 0 0 0 0 0 -999
P5873 2013 10 0 0 0 0 0 0 10 12 51 43 65 51 74 56 66 94 18 12 8 25 6 2 92 17 0 0 0 0 0 0 0
P5873 2013 11 6 10 5 5 0 0 0 0 0 0 0 3 15 14 79 27 9 9 3 3 2 3 0 18 12 22 25 50 17 0 -999
P5873 2013 12 43 29 76 49 22 18 16 6 0 0 5 8 0 0 0 33 67 19 0 0 4 2 7 0 0 0 0 2 6 14 32
P5873 2014 1 92 150 22 17 18 3 39 11 66 38 42 33 50 20 4 0 7 6 4 17 33 21 51 44 117 139 44 60 91 163 23
P5873 2014 2 130 10 25 54 13 7 15 23 17 35 0 0 0 0 0 0 0 0 11 13 13 13 0 0 0 0 0 0 -999 -999 -999
P5873 2014 3 0 0 0 0 0 0 0 0 0 0 0 0 0 0 24 18 0 0 0 5 20 20 17 17 20 14 0 0 0 0 13
P5873 2014 4 14 0 14 0 0 0 4 10 45 104 48 7 3 0 0 0 0 0 0 0 0 0 0 0 0 0 0 15 20 27 -999
P5873 2014 5 24 23 4 0 9 10 11 10 0 0 4 13 27 16 16 12 27 29 0 0 0 0 0 0 0 0 0 0 0 39 81
P5873 2014 6 39 21 7 0 0 0 0 0 0 0 0 0 0 0 0 0 0 0 0 0 0 0 0 0 0 0 0 0 0 0 -999
P5873 2014 7 0 0 0 0 0 0 0 0 0 0 0 0 0 0 0 0 0 0 0 0 0 0 0 0 0 0 0 0 0 0 0
P5873 2014 8 0 0 0 0 0 0 0 0 0 0 0 0 0 0 0 0 0 0 0 0 0 0 0 0 0 0 0 0 0 0 0
P5873 2014 9 0 0 0 0 0 0 0 0 0 0 0 0 0 0 0 0 0 0 0 0 0 0 0 0 0 0 0 0 0 0 -999
P5873 2014 10 0 0 0 0 0 0 0 0 0 16 0 0 0 0 0 0 0 0 0 0 4 9 15 0 0 28 7 0 0 0 0
P5873 2014 11 0 7 0 0 14 36 6 16 0 0 10 28 11 0 0 0 7 24 25 135 20 6 0 14 64 62 13 15 15 41 -999
P5873 2014 12 21 0 0 0 0 0 0 0 0 6 8 11 16 16 95 46 143 48 15 162 58 122 107 143 24 24 33 4 0 0 0
P5873 2015 1 0 0 0 0 0 0 0 0 0 0 0 0 0 0 1 2 6 5 5 4 0 15 10 11 91 57 17 24 12 68 15
P5873 2015 2 19 14 0 3 3 0 0 4 35 14 21 68 172 136 75 58 99 109 27 22 75 67 49 3 1 0 11 17 -999 -999 -999
P5873 2015 3 0 40 62 0 17 0 0 0 0 0 0 17 40 27 33 54 48 54 75 25 22 25 0 0 0 0 0 0 0 6 12
P5873 2015 4 0 0 0 0 27 42 0 0 12 60 38 21 37 42 71 41 18 19 54 64 52 60 24 35 23 0 0 0 0 0 -999
P5873 2015 5 0 0 8 11 17 11 0 0 0 0 0 0 0 0 0 0 0 0 0 0 0 0 0 0 0 0 0 0 0 0 0
P5873 2015 6 0 0 0 0 25 21 0 0 0 0 0 0 0 0 0 0 0 0 0 0 0 0 0 0 0 0 0 0 0 0 -999
P5873 2015 7 0 0 0 0 0 0 0 0 0 0 0 0 0 0 0 0 0 0 0 0 0 0 0 0 0 0 0 0 0 0 0
P5873 2015 8 0 0 0 0 0 0 0 0 0 0 0 0 0 0 0 0 0 0 0 0 0 0 0 0 0 0 0 0 0 0 0
P5873 2015 9 0 0 0 0 0 0 0 0 0 0 0 0 0 0 6 13 85 153 63 0 0 11 7 0 15 12 0 0 0 0 -999
P5873 2015 10 0 3 0 0 0 0 0 0 20 63 47 34 8 0 0 0 28 60 48 22 20 29 13 0 0 3 0 0 10 0 0
P5873 2015 11 0 0 0 0 6 0 9 14 11 0 0 2 9 23 17 8 0 0 0 0 0 0 3 0 0 0 0 0 10 3 -999
P5873 2015 12 0 0 0 0 0 0 0 0 0 0 3 16 17 46 25 3 3 3 21 29 22 92 16 8 91 11 69 102 46 92 63
P5873 2016 1 27 38 6 9 32 39 43 30 18 18 50 20 19 30 22 89 13 5 0 51 15 0 0 7 2 0 0 0 0 0 12
P5873 2016 2 10 9 8 0 21 20 4 9 7 0 2 9 14 19 9 0 0 0 0 0 0 0 0 0 0 0 0 0 -999 -999 -999
P5873 2016 3 4 0 0 0 5 0 0 17 7 0 0 0 0 0 0 0 0 26 0 0 0 0 0 0 0 0 0 0 0 11 15
P5873 2016 4 0 0 5 86 28 15 20 16 58 17 10 13 38 19 0 0 32 29 21 19 18 11 33 4 10 0 12 21 0 30 -999
P5873 2016 5 28 28 18 13 6 0 0 0 0 0 0 0 0 0 0 0 0 0 0 0 0 0 0 5 5 0 0 0 0 0 0
P5873 2016 6 9 0 0 0 0 0 0 0 0 0 0 0 0 0 0 0 0 0 0 0 0 0 0 0 0 0 0 3 0 0 -999
P5873 2016 7 0 0 0 0 0 0 0 0 0 0 0 0 0 0 0 0 0 0 0 0 0 0 0 0 0 0 0 0 0 0 0
P5873 2016 8 0 0 0 0 0 0 0 0 0 0 0 0 0 0 0 0 0 0 0 0 0 0 0 0 0 0 0 0 0 0 0
P5873 2016 9 0 0 0 0 0 0 0 0 0 0 0 5 0 0 0 0 0 0 0 0 0 0 0 4 0 0 0 4 0 0 -999
P5873 2016 10 0 0 0 0 0 0 0 11 11 7 0 0 0 0 7 40 33 38 34 33 32 11 44 129 113 40 67 177 38 8 11
P5873 2016 11 5 0 8 92 27 19 77 34 57 31 124 184 195 69 25 133 22 20 21 29 7 8 32 159 129 113 80 22 15 5 -999
P5873 2016 12 0 0 0 0 3 0 0 0 0 0 6 0 4 5 0 0 0 2 0 0 1 0 0 0 0 0 2 4 24 40 0
P5873 2017 1 0 0 47 17 23 16 45 29 40 43 13 14 8 0 4 9 0 0 0 20 19 2 0 2 15 16 69 94 0 0 0
P5873 2017 2 2 9 4 8 17 11 15 25 7 19 22 0 0 62 45 21 20 37 195 84 111 23 34 9 23 19 24 19 -999 -999 -999
P5873 2017 3 17 18 26 47 89 24 12 34 46 24 26 28 21 19 20 27 49 84 37 28 22 145 34 35 36 32 19 54 104 26 39
P5873 2017 4 31 34 22 20 20 17 67 25 11 69 108 26 13 28 56 27 17 18 12 16 31 9 0 8 8 35 15 13 16 12 -999
P5873 2017 5 21 25 6 8 7 16 56 13 29 32 14 0 0 26 0 0 0 0 0 0 0 15 36 18 14 5 0 0 0 0 0
P5873 2017 6 0 0 0 0 0 0 0 11 0 0 0 0 0 0 0 0 0 0 0 0 0 0 0 0 0 0 0 0 0 0 -999
P5873 2017 7 0 0 0 0 0 0 0 0 0 0 0 0 7 0 0 0 0 0 0 0 0 0 0 0 0 0 0 0 0 0 0
P5873 2017 8 0 0 0 0 0 0 0 0 0 0 0 0 0 0 0 0 0 0 0 0 0 0 0 0 0 0 0 0 0 0 0
P5873 2017 9 0 0 0 0 16 25 23 0 0 0 0 0 0 0 0 0 0 0 0 0 0 0 0 0 0 4 0 15 25 69 -999
P5873 2017 10 29 26 5 0 0 0 10 16 19 0 0 0 0 0 0 0 0 0 0 0 6 0 16 9 24 38 12 0 0 0 0
P5873 2017 11 8 7 0 0 14 19 9 17 10 23 22 8 14 0 3 0 9 23 16 14 3 24 6 65 84 35 0 11 14 0 -999
P5873 2017 12 6 5 0 0 0 0 0 1 0 0 13 29 65 33 19 34 46 22 23 27 92 56 57 10 6 13 24 82 125 68 102
P5873 2018 1 0 0 0 0 0 0 0 0 0 0 0 0 1 2 4 2 7 0 0 0 0 0 7 29 92 36 12 0 0 23 22
P5873 2018 2 19 57 113 26 118 109 38 110 2 5 20 98 49 8 0 0 0 0 0 0 0 5 14 15 3 0 0 13 -999 -999 -999
P5873 2018 3 8 0 0 0 0 13 5 0 0 0 40 72 17 4 0 0 0 0 0 35 27 36 35 68 33 86 36 54 32 60 20
P5873 2018 4 60 45 43 55 32 11 0 0 0 7 5 98 97 14 29 77 9 12 3 0 0 0 0 8 26 16 19 36 56 64 -999
P5873 2018 5 28 22 35 27 0 0 0 0 0 0 0 0 0 0 0 23 21 27 29 17 0 0 0 0 0 0 13 0 10 0 0
P5873 2018 6 0 0 0 0 0 8 2 7 0 0 0 0 0 0 0 0 0 0 0 0 0 0 0 0 0 0 0 0 0 0 -999
P5873 2018 7 0 0 0 0 0 0 0 0 0 0 0 0 0 0 0 0 0 0 0 0 0 0 0 0 0 0 0 0 0 0 0
P5873 2018 8 0 0 0 0 0 0 0 0 0 0 0 0 0 0 0 0 0 0 0 0 0 0 0 0 0 0 0 0 0 0 0
P5873 2018 9 0 0 0 0 0 0 0 0 0 0 0 0 0 0 0 0 0 0 0 6 16 43 19 0 0 0 0 0 0 0 -999
P5873 2018 10 0 0 0 0 5 0 0 0 0 0 0 0 0 0 5 6 0 0 10 27 35 0 0 0 20 0 0 6 0 9 71
P5873 2018 11 9 8 17 9 5 0 0 0 14 22 6 0 0 0 0 4 6 0 6 0 9 74 13 22 29 78 66 72 69 10 -999
P5873 2018 12 4 6 4 0 0 0 0 1 0 5 3 0 4 7 0 0 0 0 0 0 3 5 14 39 24 139 31 6 2 2 0
P5873 2019 1 0 0 2 8 10 58 35 46 26 17 16 16 79 13 28 9 0 0 0 2 0 0 0 2 2 0 0 0 0 5 26
P5873 2019 2 4 6 17 6 5 7 18 0 9 13 23 13 18 16 91 30 20 0 0 0 0 0 30 152 112 32 41 126 -999 -999 -999
P5873 2019 3 155 73 53 32 105 61 56 31 111 83 24 18 13 0 4 7 0 0 0 0 0 5 4 0 0 0 27 0 13 21 0
P5873 2019 4 0 0 0 0 0 0 0 4 0 0 4 5 3 0 0 0 0 0 0 4 0 0 7 0 4 5 15 68 11 12 -999
P5873 2019 5 4 0 3 0 0 0 0 0 14 9 0 0 10 13 0 7 0 0 0 0 0 0 0 0 0 0 0 0 0 0 12
P5873 2019 6 0 0 0 0 0 0 0 0 0 0 0 0 0 0 0 0 0 0 0 0 0 0 0 0 0 0 0 0 0 0 -999
P5873 2019 7 0 12 37 5 0 0 0 0 0 0 0 0 0 0 0 0 0 0 0 0 0 0 0 0 0 0 0 0 0 0 0
P5873 2019 8 0 0 0 0 0 0 0 0 0 0 0 0 0 0 0 0 0 0 0 0 0 0 0 0 0 0 0 0 0 0 0
P5873 2019 9 0 0 0 0 0 0 0 0 0 0 0 13 15 0 0 0 0 3 4 0 0 0 0 0 0 0 0 0 0 0 -999
P5873 2019 10 0 0 19 34 31 38 38 29 60 40 0 0 0 0 9 0 9 0 0 0 0 0 0 13 7 10 0 8 0 0 5
P5873 2019 11 6 61 0 17 102 52 93 36 0 4 6 6 12 27 64 10 0 0 0 0 0 0 0 6 11 48 12 9 8 42 -999
P5873 2019 12 11 16 6 0 17 5 11 4 0 0 0 0 6 14 70 32 45 74 27 15 12 56 45 100 149 84 30 0 6 2 0
P5873 2020 1 4 58 109 84 38 148 95 11 7 8 22 15 5 3 0 0 0 0 0 0 0 3 7 0 0 0 0 3 8 18 21
P5873 2020 2 18 26 39 52 20 35 18 4 0 0 0 0 0 26 45 33 13 0 0 18 37 40 70 68 9 15 0 0 -999 -999 -999
P5873 2020 3 0 0 0 0 0 0 0 0 0 0 3 4 17 14 30 32 26 17 0 0 0 14 98 111 50 30 52 8 24 21 16
P5873 2020 4 8 5 12 0 0 0 0 0 22 21 23 20 15 9 0 0 0 0 0 0 40 28 32 38 29 14 0 0 28 0 -999
P5873 2020 5 0 0 0 14 5 0 0 0 0 0 0 0 0 0 0 0 0 0 0 21 20 17 0 14 11 22 80 61 23 14 7
P5873 2020 6 0 0 0 0 0 10 14 17 8 0 0 0 0 0 0 0 0 0 0 0 0 0 0 0 0 0 0 0 0 0 -999
P5873 2020 7 0 0 0 0 0 0 0 0 0 0 0 0 0 0 0 0 0 0 0 0 0 0 0 0 0 0 0 0 0 0 0
P5873 2020 8 0 0 0 0 0 0 0 0 0 0 0 0 0 0 0 0 0 0 0 0 0 0 0 0 0 0 0 0 0 0 0
P5873 2020 9 0 0 0 0 0 0 0 0 0 0 0 0 0 10 26 13 0 13 44 11 7 0 0 0 0 0 0 0 0 0 -999
P5873 2020 10 0 0 0 0 0 8 0 0 0 0 8 0 0 0 0 0 0 0 0 0 0 3 23 74 12 94 145 80 4 9 0
P5873 2020 11 6 7 37 69 13 11 25 8 4 2 0 0 5 3 0 3 41 38 116 172 120 30 15 0 0 0 0 0 0 11 -999
P5873 2020 12 8 14 26 33 9 10 0 16 12 16 26 8 23 11 5 2 2 28 6 23 117 193 186 70 5 10 2 4 3 0 5
P5873 2021 1 0 8 12 16 13 7 2 0 0 3 13 30 19 27 4 8 20 21 20 19 27 29 81 141 147 188 216 75 132 108 90
P5873 2021 2 20 135 52 158 163 50 35 57 6 49 16 34 51 4 6 11 9 0 3 0 0 0 0 8 5 5 57 33 -999 -999 -999
P5873 2021 3 10 17 45 43 75 83 26 17 0 0 8 19 107 38 158 33 129 90 143 40 29 21 54 80 6 4 4 8 25 23 31
P5873 2021 4 36 61 16 40 12 0 0 0 30 97 42 5 0 9 0 40 53 22 9 7 0 0 16 57 83 31 20 22 0 8 -999
P5873 2021 5 7 0 0 5 0 7 15 20 22 13 22 6 8 0 0 0 0 0 0 0 0 0 0 0 0 0 0 17 19 29 17
P5873 2021 6 27 20 12 9 11 14 49 63 23 38 26 17 21 28 13 0 0 0 0 0 0 0 0 0 0 0 0 0 0 0 -999
P5873 2021 7 0 0 0 0 0 0 0 0 0 0 0 0 0 0 0 0 0 0 0 0 0 0 0 0 0 0 0 0 0 0 0
P5873 2021 8 0 0 0 0 0 0 0 9 11 11 5 0 0 0 0 0 0 0 0 0 0 0 0 0 0 0 0 0 0 0 0
P5873 2021 9 0 0 0 0 0 0 0 0 0 0 0 0 0 5 17 13 0 0 0 0 0 0 6 0 39 37 18 0 0 0 -999
P5873 2021 10 18 74 117 27 0 0 25 39 7 0 0 0 11 38 47 0 0 0 18 6 57 30 0 8 6 16 11 0 6 13 49
P5873 2021 11 65 27 36 11 20 20 26 29 9 9 0 0 0 0 0 0 0 0 7 27 30 7 7 0 0 0 0 0 0 4 -999
P5873 2021 12 0 0 0 0 0 0 0 2 0 0 5 9 48 61 139 38 199 155 66 97 140 44 104 88 129 37 152 126 37 51 7
P5873 2022 1 0 0 0 0 0 0 0 0 0 0 0 4 17 18 14 4 0 0 0 0 3 0 0 0 0 0 0 0 0 0 0
P5873 2022 2 0 5 3 3 3 0 0 0 12 28 19 2 2 5 39 8 8 4 0 12 45 5 9 59 10 31 47 112 -999 -999 -999
P5873 2022 3 30 55 7 59 76 57 14 5 0 5 0 0 0 0 0 0 0 0 0 17 7 0 5 9 0 15 0 0 0 5 5
P5873 2022 4 19 31 78 25 13 65 20 14 20 6 0 27 11 0 0 0 0 0 0 0 22 24 14 18 7 18 10 0 0 0 -999
P5873 2022 5 0 0 0 0 0 0 0 0 0 0 0 0 0 0 0 0 0 6 4 7 0 0 0 0 0 0 0 0 0 0 0
P5873 2022 6 0 0 0 0 0 0 0 0 0 0 0 0 0 0 0 0 0 0 0 0 0 0 0 0 0 0 0 0 0 0 -999
P5873 2022 7 0 0 0 0 0 0 0 0 0 0 0 0 0 0 0 0 0 0 0 0 0 0 0 0 0 0 0 0 0 0 0
P5873 2022 8 0 0 0 0 0 0 0 0 0 0 0 0 0 0 0 0 0 0 0 0 0 0 0 0 0 0 0 0 0 0 0
P5873 2022 9 0 0 0 0 0 0 0 0 0 0 0 0 0 0 0 0 0 0 0 0 0 12 11 14 6 9 0 0 0 0 -999
P5873 2022 10 0 0 0 0 9 0 0 0 0 0 0 5 29 12 4 0 0 0 0 22 10 0 0 0 0 0 45 18 0 0 0
P5873 2022 11 19 0 0 15 15 0 0 0 0 0 5 23 66 56 47 39 16 11 33 164 145 182 181 108 13 3 0 0 4 9 -999
P5873 2022 12 22 10 18 6 6 103 58 88 34 16 10 4 0 0 0 0 30 10 33 101 48 79 120 150 133 180 152 138 56 8 38
P5873 2023 1 17 30 42 69 131 74 23 85 51 9 72 10 36 30 11 11 32 28 8 4 6 7 12 5 0 6 0 0 0 0 0
P5873 2023 2 0 0 0 0 4 7 3 0 0 0 0 13 6 24 90 64 61 54 15 92 6 0 0 3 0 0 6 0 -999 -999 -999
P5873 2023 3 3 4 17 9 4 10 2 2 3 0 0 0 0 9 50 27 136 73 25 24 70 42 22 10 4 10 3 6 18 22 0
P5873 2023 4 0 0 0 0 0 0 19 38 9 0 0 0 7 18 44 20 11 10 0 0 8 9 0 0 9 4 0 0 0 0 -999
P5873 2023 5 46 139 59 70 45 58 49 87 42 18 9 7 21 0 0 0 0 0 0 0 0 6 5 6 0 0 0 0 0 0 0
P5873 2023 6 0 0 0 0 0 0 0 0 0 0 0 10 0 0 31 10 0 0 0 0 0 0 0 0 0 0 0 0 0 0 -999
P5873 2023 7 0 0 0 0 0 0 0 0 0 0 0 0 0 0 0 0 0 0 0 0 0 0 0 0 0 0 0 0 0 0 0
P5873 2023 8 0 15 0 0 0 0 0 0 0 0 0 0 0 0 0 0 0 0 0 0 0 0 0 0 0 0 0 0 0 0 0
P5873 2023 9 0 0 0 0 0 0 0 0 0 0 0 0 0 0 0 0 0 0 0 0 0 0 10 0 0 0 0 0 0 25 -999
P5873 2023 10 21 8 0 0 0 0 0 0 6 0 0 0 0 20 20 14 16 19 19 40 0 16 0 10 0 0 7 5 10 20 25
P5873 2023 11 17 10 4 0 0 0 0 8 42 52 73 70 50 3 4 0 4 0 0 0 3 0 0 0 0 0 3 6 0 3 -999
P5873 2023 12 3 19 78 32 0 0 0 0 0 0 0 0 0 0 9 5 15 70 55 143 37 110 47 94 8 0 0 0 0 2 5
P5873 2024 1 7 0 0 2 0 0 0 0 0 0 0 3 0 0 0 1 7 35 98 146 53 105 98 23 6 17 41 52 3 19 14
P5873 2024 2 9 14 0 47 5 0 0 43 23 0 65 91 136 7 5 0 0 0 0 0 0 2 3 0 0 0 0 0 -999 -999 -999
P5873 2024 3 0 0 0 0 3 10 13 0 12 12 24 22 15 99 6 7 11 18 44 8 11 0 0 0 0 5 8 4 11 9 9
P5873 2024 4 12 9 8 17 49 64 54 36 24 83 57 0 0 0 0 0 0 0 0 0 19 39 14 6 0 0 0 0 0 9 -999
P5873 2024 5 20 16 14 13 18 10 15 18 0 0 0 12 16 17 16 0 0 14 0 0 0 0 0 0 0 0 24 22 19 13 0
P5873 2024 6 0 0 0 0 0 0 0 0 0 0 0 14 9 0 0 0 0 0 0 0 0 0 0 0 0 0 0 0 0 0 -999
P5873 2024 7 0 0 0 0 0 0 0 0 0 0 0 0 0 0 0 0 0 0 0 0 0 0 0 0 0 0 0 0 0 0 0
P5873 2024 8 0 0 0 0 0 0 0 0 0 0 0 0 0 0 0 0 0 0 0 0 0 0 0 0 0 0 0 0 0 0 0
P5873 2024 9 0 0 0 0 0 0 0 0 0 0 0 0 0 0 0 24 45 0 0 32 93 49 45 21 9 12 15 9 7 13 -999
P5873 2024 10 7 70 79 11 87 27 12 0 0 0 0 0 0 0 28 0 0 13 0 0 0 0 0 0 0 0 0 0 10 50 44
P5873 2024 11 29 120 92 43 30 20 12 0 2 4 21 35 19 19 17 17 6 3 2 0 0 0 0 0 0 0 0 10 29 69 -999
P5873 2024 12 56 45 37 22 25 17 16 12 28 111 151 52 67 15 14 7 7 9 8 0 8 9 54 22 11 12 6 5 0 2 9
P5873 2025 1 0 0 4 115 198 39 9 49 40 37 12 0 4 13 7 13 13 66 28 4 7 0 2 0 0 0 4 42 64 96 15
P5873 2025 2 19 34 30 8 30 44 76 170 24 31 62 43 0 0 12 11 6 0 0 0 0 0 3 0 0 0 0 0 -999 -999 -999
P5873 2025 3 3 16 12 12 0 0 0 68 13 17 7 3 0 0 0 0 0 0 0 0 0 0 0 0 0 0 6 3 0 0 0
P5873 2025 4 0 0 0 3 3 0 0 0 0 0 0 0 0 0 0 0 0 0 0 0 0 0 0 0 10 0 0 0 9 0 -999
P5873 2025 5 0 0 5 21 7 3 0 0 0 0 0 0 0 23 13 4 0 0 0 0 0 10 0 9 13 9 17 22 45 0 0
P5873 2025 6 0 0 0 3 7 0 0 0 0 0 0 0 0 0 0 0 0 0 0 0 0 0 0 0 0 0 0 0 0 0 -999
P5873 2025 7 0 0 0 0 0 0 0 0 0 0 0 0 0 0 0 0 0 0 0 0 0 0 0 0 0 0 0 0 0 0 0
P5873 2025 8 0 16 7 0 0 0 0 0 0 0 0 0 0 5 0 0 0 0 0 0 0 0 0 0 0 0 0 0 0 0 0
P5873 2025 9 0 0 0 0 0 0 0 0 0 0 0 0 0 0 0 0 0 12 0 0 0 0 0 0 0 0 0 0 0 0 -999
P5873 2025 10 0 0 0 0 0 0 0 0 0 0 0 0 0 0 0 0 52 142 51 56 104 61 16 7 10 0 0 4 18 126 127
P5873 2025 11 105 25 23 183 90 55 16 8 75 166 41 4 7 129 104 58 12 0 0 6 2 0 5 0 0 4 0 0 0 0 -999
P5873 2025 12 0 0 2 0 0 3 3 6 5 9 31 21 39 18 19 44 0 39 14 12 42 49 27 35 29 29 8 24 24 24 51
P5873 2026 1 88 16 13 0 0 0 0 2 0 2 4 3 3 9 8 6 5 13 58 83 49 17 10 0 0 0 0 0 0 0 0
P5873 2026 2 0 0 0 0 0 0 0 0 0 0 0 0 10 13 4 46 15 16 6 0 0 8 0 10 8 0 0 8 -999 -999 -999
P5873 2026 3 8 0 19 43 31 31 12 4 0 0 0 0 12 19 0 0 0 0 0 0 0 0 110 31 62 54 61 28 51 72 26
P5873 2026 4 0 25 14 15 18 29 24 10 14 6 25 7 21 0 0 0 8 0 5 0 3 0 0 0 0 0 0 0 11 35 -999
P5873 2026 5 16 24 0 0 0 0 0 0 0 0 0 0 0 0 0 0 0 0 0 0 0 0 0 0 5 0 0 0 5 0 0
P5873 2026 6 0 0 0 0 0 0 0 0 0 0 0 0 0 0 0 25 0 0 0 0 0 0 0 0 0 0 0 0 0 0 -999
P5873 2026 7 0 0 0 0 0 0 0 0 0 0 0 0 0 0 0 0 0 0 0 0 0 0 0 0 0 0 0 0 0 0 0
P5873 2026 8 0 0 0 0 0 0 0 0 0 0 0 0 0 0 0 0 0 0 0 0 0 0 0 0 0 0 0 0 0 0 0
P5873 2026 9 0 0 0 0 0 0 0 0 0 0 0 0 0 0 0 0 0 0 0 0 7 0 0 0 0 0 0 0 0 0 -999
P5873 2026 10 0 0 0 0 0 0 0 0 0 0 0 0 7 7 0 6 3 0 0 30 14 9 0 0 0 0 0 10 74 69 159
P5873 2026 11 62 92 54 83 127 33 37 124 146 30 49 33 12 93 180 35 8 4 0 0 4 0 0 0 0 0 0 0 0 0 -999
P5873 2026 12 2 5 8 0 0 0 0 0 0 8 3 4 0 18 142 30 33 149 55 30 17 102 37 28 21 3 3 22 0 0 0
P5873 2027 1 0 3 4 19 16 104 116 24 21 23 161 27 9 3 11 4 0 3 57 16 74 39 8 4 27 172 148 84 140 3 0
P5873 2027 2 4 0 0 0 0 0 2 0 0 3 42 5 0 0 0 13 23 22 18 26 20 51 74 24 0 10 13 0 -999 -999 -999
P5873 2027 3 7 43 28 21 9 13 0 5 0 0 0 0 0 0 0 0 8 27 33 20 38 40 40 24 18 37 15 6 0 0 0
P5873 2027 4 0 8 12 15 0 0 0 0 0 0 0 0 4 20 13 0 0 0 0 0 0 7 16 8 0 0 0 0 18 8 -999
P5873 2027 5 10 0 0 14 23 38 41 18 0 0 16 0 0 0 0 0 0 0 0 0 0 0 0 0 0 0 0 0 0 0 0
P5873 2027 6 0 0 0 21 22 14 0 0 0 0 0 0 0 0 0 0 0 0 0 0 0 0 0 0 0 0 3 9 0 0 -999
P5873 2027 7 0 8 17 0 11 12 0 0 0 0 0 0 0 0 0 0 0 0 0 0 0 0 0 0 0 0 0 0 0 0 0
P5873 2027 8 0 0 0 0 0 0 0 0 0 0 0 0 0 0 16 0 0 0 0 0 0 0 0 0 0 0 0 0 0 0 0
P5873 2027 9 0 0 0 0 0 0 0 0 0 0 0 0 8 0 0 0 0 0 0 0 0 0 0 0 0 10 0 0 13 11 -999
P5873 2027 10 15 8 16 0 0 0 17 0 0 0 0 0 0 0 0 0 9 0 0 0 0 6 13 28 21 0 0 0 0 0 0
P5873 2027 11 0 0 8 0 19 0 4 0 9 94 32 7 0 0 0 0 0 0 0 0 14 46 34 19 25 106 39 12 4 8 -999
P5873 2027 12 11 10 4 4 5 9 2 0 0 0 0 0 9 4 27 19 50 46 0 8 0 0 0 0 2 2 0 0 0 0 2
P5873 2028 1 2 4 0 0 0 0 0 0 0 0 0 7 0 0 4 7 23 24 6 0 0 0 0 0 0 0 10 6 0 0 0
P5873 2028 2 0 17 39 30 59 56 38 30 4 13 79 36 75 159 91 76 71 62 58 5 6 26 6 0 0 0 0 0 -999 -999 -999
P5873 2028 3 0 0 0 0 0 0 0 0 0 7 23 16 24 32 20 0 0 0 0 0 0 3 0 0 10 36 44 4 4 5 13
P5873 2028 4 0 0 0 0 0 0 0 0 0 49 7 0 0 0 0 0 8 5 52 72 13 0 0 0 0 0 0 0 0 0 -999
P5873 2028 5 14 0 0 0 0 0 0 19 39 31 14 14 30 9 10 7 0 0 0 0 0 0 0 6 0 0 6 22 10 0 0
P5873 2028 6 9 13 19 19 20 33 15 8 0 0 0 0 0 0 0 0 0 0 0 0 0 0 0 0 0 0 0 21 30 41 -999
P5873 2028 7 25 0 0 0 0 0 0 0 0 0 0 11 0 0 0 0 0 0 0 0 0 0 0 0 0 0 0 0 0 0 0
P5873 2028 8 0 0 0 0 0 0 0 0 0 0 0 0 0 0 0 0 0 0 0 0 0 0 0 0 10 5 0 0 0 0 0
P5873 2028 9 0 0 0 0 0 0 0 0 0 0 0 0 0 0 0 0 0 0 0 0 0 0 0 31 0 17 19 8 10 0 -999
P5873 2028 10 0 0 0 0 0 0 0 0 0 0 4 0 0 5 0 0 0 0 7 0 0 0 0 0 0 0 0 0 0 0 0
P5873 2028 11 0 4 16 6 65 25 4 4 4 0 7 15 7 6 14 19 5 40 16 60 108 44 16 4 4 3 30 32 31 17 -999
P5873 2028 12 9 12 12 7 2 0 0 0 0 0 0 5 11 16 0 0 22 39 75 83 128 114 99 52 28 61 48 32 14 73 5
P5873 2029 1 8 0 56 88 12 4 8 43 12 25 29 108 62 51 15 60 44 15 13 8 0 0 0 0 0 0 0 32 10 8 11
P5873 2029 2 102 77 97 68 60 17 14 5 0 24 4 7 27 4 0 13 3 0 0 4 0 0 0 5 2 6 9 4 -999 -999 -999
P5873 2029 3 5 7 0 82 73 134 62 72 40 18 21 0 2 7 15 2 2 5 6 44 18 15 14 0 0 0 0 0 0 3 8
P5873 2029 4 0 0 12 10 0 0 0 0 0 0 0 0 8 38 3 12 0 43 0 0 0 0 0 0 0 0 0 19 51 17 -999
P5873 2029 5 11 0 36 73 73 29 112 48 14 9 8 0 3 0 0 0 0 0 0 6 0 0 0 0 4 0 0 0 0 0 0
P5873 2029 6 0 0 32 30 0 0 0 0 0 0 0 0 0 0 0 0 0 0 0 0 0 0 0 0 0 0 0 0 0 0 -999
P5873 2029 7 0 0 0 0 0 0 0 0 0 0 0 0 0 0 0 0 0 0 0 0 0 0 0 0 0 0 0 0 0 0 0
P5873 2029 8 0 0 0 0 0 0 0 0 0 0 0 0 0 0 0 0 0 0 0 0 0 0 0 0 0 0 0 0 0 0 0
P5873 2029 9 0 0 0 0 0 0 0 0 0 0 0 0 0 0 0 0 0 0 0 9 0 15 8 0 22 36 9 0 0 0 -999
P5873 2029 10 0 0 8 0 0 0 0 0 0 0 0 0 0 0 0 0 0 16 0 0 0 0 0 0 14 20 11 38 102 35 5
P5873 2029 11 0 0 0 0 0 0 0 0 0 0 0 0 0 0 3 4 8 14 6 8 14 6 16 36 0 0 10 10 15 0 -999
P5873 2029 12 6 9 47 70 128 24 30 50 67 17 17 4 6 9 4 0 16 6 3 0 9 69 32 29 66 15 127 129 147 4 0
P5873 2030 1 0 0 0 7 26 18 42 3 7 76 4 1 0 21 27 128 13 0 6 6 22 0 6 17 17 3 25 40 7 0 0
P5873 2030 2 7 10 65 14 111 30 52 15 0 0 0 0 0 0 7 33 8 2 0 0 0 10 9 0 73 3 0 5 -999 -999 -999
P5873 2030 3 0 0 0 0 0 0 0 0 0 0 0 0 0 0 0 3 14 8 4 0 0 13 24 35 46 47 38 44 102 34 122
P5873 2030 4 135 88 12 0 0 0 0 7 11 22 5 0 0 5 18 13 29 32 16 15 11 0 0 9 25 40 0 0 46 26 -999
P5873 2030 5 0 0 0 0 0 0 0 0 0 16 20 17 15 51 62 26 18 41 7 0 0 0 0 0 0 0 0 0 0 0 0
P5873 2030 6 0 0 0 0 0 0 0 0 0 0 0 0 0 0 7 0 9 10 8 9 0 0 0 0 0 0 0 0 0 0 -999
P5873 2030 7 0 0 0 0 0 0 0 0 0 0 0 0 0 0 0 0 0 0 0 0 0 0 0 0 0 0 0 0 0 0 0
P5873 2030 8 0 0 0 0 0 0 0 0 0 0 0 0 0 0 0 0 0 0 0 0 0 0 0 0 0 0 0 0 15 0 0
P5873 2030 9 0 0 0 0 0 0 0 11 5 0 0 0 0 0 0 118 67 35 11 10 48 34 13 7 17 0 5 18 15 10 -999
P5873 2030 10 0 0 0 0 0 9 8 30 41 64 9 57 20 25 50 7 9 22 92 63 106 47 69 48 12 0 0 9 7 9 17
P5873 2030 11 11 0 22 7 17 28 105 129 144 156 42 42 11 87 51 82 108 92 57 15 25 81 27 24 32 25 15 139 29 17 -999
P5873 2030 12 2 0 2 0 14 25 18 12 3 8 30 3 0 0 0 0 0 0 0 0 2 0 0 0 3 11 54 26 74 33 55
P5873 2031 1 46 4 10 56 19 35 11 134 180 59 48 43 155 108 84 4 4 3 4 3 9 0 2 0 0 0 0 0 0 0 11
P5873 2031 2 5 15 44 69 34 24 15 29 41 14 7 13 13 25 17 0 17 23 6 0 9 13 34 6 0 13 0 0 -999 -999 -999
P5873 2031 3 0 0 9 35 66 41 13 21 88 35 25 36 60 10 4 4 10 7 4 5 0 0 0 0 0 0 0 0 0 9 69
P5873 2031 4 14 11 12 0 10 14 14 17 20 23 10 14 55 9 0 0 0 0 0 0 0 0 0 0 0 0 0 0 0 0 -999
P5873 2031 5 0 3 14 5 4 0 0 0 0 0 14 0 0 0 0 0 0 0 0 0 0 0 0 0 0 0 0 0 0 0 0
P5873 2031 6 0 0 0 0 0 0 59 6 0 0 0 0 0 0 0 0 0 0 0 0 0 0 0 0 0 0 0 0 0 0 -999
P5873 2031 7 0 0 0 0 0 0 0 0 0 0 0 0 0 0 0 0 0 0 0 0 0 0 0 0 0 0 0 0 0 0 0
P5873 2031 8 0 0 0 0 0 0 0 0 0 0 0 7 0 0 0 0 0 0 0 0 0 0 17 0 0 0 0 0 0 0 0
P5873 2031 9 0 0 0 0 0 0 0 0 0 0 0 0 0 0 0 0 0 0 0 0 0 36 35 0 18 17 51 13 29 0 -999
P5873 2031 10 0 0 0 0 0 0 0 0 26 0 0 0 0 0 0 11 10 0 30 32 39 34 0 20 41 0 18 25 5 15 3
P5873 2031 11 0 10 37 124 24 40 50 80 19 17 29 12 106 131 159 53 63 99 109 125 92 42 23 40 110 53 77 58 36 58 -999
P5873 2031 12 130 168 53 109 140 112 80 58 32 25 11 3 0 0 8 7 5 4 2 5 91 36 28 42 36 49 33 87 42 54 12
P5873 2032 1 6 21 96 172 193 78 164 159 37 0 19 56 22 76 55 5 0 0 2 5 0 0 0 0 2 21 34 43 41 101 30
P5873 2032 2 9 0 0 0 0 12 11 3 0 17 113 72 13 0 0 7 0 0 0 0 2 8 0 0 0 11 23 20 -999 -999 -999
P5873 2032 3 0 0 0 0 0 0 0 0 0 6 5 5 2 0 0 0 0 0 0 0 0 0 0 0 0 0 0 4 12 17 0
P5873 2032 4 27 24 23 26 51 25 45 43 36 20 14 0 9 23 6 85 10 0 0 8 0 0 6 64 15 9 0 0 0 0 -999
P5873 2032 5 0 0 6 3 0 0 0 0 0 0 0 0 0 0 0 0 0 0 0 0 0 0 0 0 0 14 0 0 8 31 22
P5873 2032 6 0 0 0 0 0 0 0 0 0 0 0 0 0 0 0 0 0 0 0 0 0 0 0 0 0 0 0 0 0 0 -999
P5873 2032 7 0 0 0 0 0 0 0 0 0 0 0 0 0 0 0 0 0 0 0 0 0 0 0 0 0 0 0 0 0 0 0
P5873 2032 8 0 0 0 0 0 0 0 0 0 0 0 0 0 0 0 0 0 0 0 0 0 0 0 0 0 0 0 0 0 0 0
P5873 2032 9 0 0 0 0 0 0 0 0 0 0 13 0 33 10 8 35 14 0 0 0 0 0 0 0 0 0 0 0 0 0 -999
P5873 2032 10 31 47 27 0 0 0 0 10 22 0 0 0 0 26 130 40 37 0 0 16 9 20 43 44 0 0 0 74 110 15 24
P5873 2032 11 12 42 36 86 25 8 7 0 0 0 0 0 0 0 0 9 8 4 0 0 0 3 10 24 16 23 73 65 97 158 -999
P5873 2032 12 24 75 57 81 5 0 0 8 7 6 0 0 0 0 0 0 0 3 4 7 5 0 3 14 21 34 6 0 0 6 3
P5873 2033 1 2 12 74 102 25 48 31 78 172 163 60 92 58 14 91 155 61 48 26 4 4 10 10 7 17 24 90 43 19 45 5
P5873 2033 2 0 0 0 0 4 6 13 32 26 32 127 46 51 0 0 0 12 16 14 5 4 0 6 37 10 9 0 0 -999 -999 -999
P5873 2033 3 4 0 0 0 0 0 9 0 0 9 31 28 22 11 0 0 0 0 0 15 19 8 5 0 0 0 6 35 10 8 0
P5873 2033 4 0 0 5 19 20 17 17 18 27 29 22 26 24 19 30 161 91 42 35 66 46 89 15 32 73 15 7 7 11 14 -999
P5873 2033 5 17 0 30 14 0 0 0 0 0 0 0 20 21 20 14 16 61 22 28 30 76 17 14 12 0 0 0 0 0 0 0
P5873 2033 6 0 0 0 0 0 0 0 0 0 0 0 0 0 0 0 0 0 0 0 0 0 0 0 0 0 0 0 0 0 0 -999
P5873 2033 7 0 0 0 0 0 0 0 0 0 0 0 0 0 0 0 0 0 0 0 0 0 0 0 0 0 0 0 0 0 0 0
P5873 2033 8 0 0 0 0 0 0 0 0 0 0 0 0 0 0 0 0 0 0 0 0 0 0 0 0 0 0 0 0 0 36 0
P5873 2033 9 0 0 0 0 0 0 11 13 0 0 0 0 0 0 55 72 0 0 0 0 0 0 0 0 0 0 0 0 0 0 -999
P5873 2033 10 0 0 0 45 66 35 36 33 27 82 166 102 91 6 0 0 0 0 0 0 0 0 12 11 13 0 0 14 5 6 6
P5873 2033 11 17 58 161 76 8 7 0 0 3 3 4 0 0 0 0 2 9 12 0 3 0 9 0 0 0 0 0 0 0 0 -999
P5873 2033 12 7 9 4 3 2 0 0 4 8 3 12 12 0 0 0 0 0 0 0 0 0 0 0 0 0 0 0 0 0 0 0
P5873 2034 1 0 4 12 10 11 13 27 24 23 15 60 48 84 92 118 65 81 11 4 0 0 0 0 0 0 0 0 0 0 0 0
P5873 2034 2 0 0 0 0 0 3 4 0 0 2 0 0 9 25 25 11 10 0 0 11 0 0 0 0 0 0 13 20 -999 -999 -999
P5873 2034 3 45 109 76 15 41 22 38 12 0 0 0 0 0 0 17 13 0 0 0 0 0 5 29 27 15 0 0 0 0 0 0
P5873 2034 4 0 0 0 0 0 0 0 0 0 0 0 0 0 8 18 0 0 0 0 7 18 0 0 0 0 0 0 23 12 0 -999
P5873 2034 5 0 0 0 0 0 0 0 0 0 1 0 0 0 0 0 0 0 0 0 0 0 0 0 0 0 0 0 0 0 0 0
P5873 2034 6 0 0 0 0 35 18 7 0 0 0 0 0 0 0 0 0 0 0 0 0 0 0 0 0 0 0 0 0 0 0 -999
P5873 2034 7 0 0 0 0 0 0 0 0 0 7 0 0 0 0 0 0 0 0 0 0 0 0 0 0 0 0 0 0 0 0 0
P5873 2034 8 9 6 5 0 0 0 0 0 0 0 0 0 0 0 0 0 0 0 0 0 0 0 0 0 0 0 0 0 0 0 0
P5873 2034 9 0 0 0 0 0 0 0 0 0 0 0 0 0 0 0 0 0 0 0 0 10 6 0 0 0 14 0 0 0 0 -999
P5873 2034 10 7 15 24 9 67 23 0 18 11 28 10 5 4 7 0 5 0 0 0 0 7 6 0 12 26 24 17 32 23 0 5
P5873 2034 11 0 0 0 0 0 6 27 19 65 0 0 13 3 0 0 0 0 0 0 0 9 32 22 86 67 96 25 61 34 44 -999
P5873 2034 12 8 0 0 4 3 17 78 59 25 17 23 4 7 85 124 12 0 7 2 4 14 8 0 2 14 30 29 19 47 18 70
P5873 2035 1 6 0 19 46 62 71 61 74 8 6 16 10 35 15 21 28 63 7 9 47 152 125 54 37 15 5 0 9 4 0 6
P5873 2035 2 17 34 2 2 0 0 8 6 2 0 3 0 0 0 0 0 0 0 2 5 61 121 116 107 28 15 83 87 -999 -999 -999
P5873 2035 3 78 142 44 36 46 16 39 59 21 13 11 28 77 167 89 33 21 36 75 70 129 157 77 17 121 63 6 39 30 33 105
P5873 2035 4 47 88 45 78 76 106 60 76 97 41 65 30 6 16 0 0 0 0 38 118 117 71 33 23 16 9 13 57 24 74 -999
P5873 2035 5 26 0 0 0 0 0 0 0 0 0 0 0 0 0 0 0 0 0 0 0 0 0 37 6 0 0 0 0 0 45 31
P5873 2035 6 16 0 0 0 9 36 19 11 31 11 50 0 0 0 0 0 0 0 0 0 0 0 0 0 0 0 0 0 0 0 -999
P5873 2035 7 0 0 0 0 0 0 0 0 0 0 0 0 0 0 0 0 0 0 0 0 0 0 0 0 0 0 0 0 0 0 0
P5873 2035 8 0 0 0 0 0 0 0 0 0 0 0 0 0 0 0 0 0 0 0 0 0 0 0 0 0 0 0 0 0 0 0
P5873 2035 9 0 0 0 0 0 0 0 0 0 0 0 0 0 0 0 0 0 0 0 0 0 26 26 18 14 0 0 0 0 0 -999
P5873 2035 10 0 23 29 0 0 0 0 9 9 0 0 0 18 27 32 16 0 0 19 49 18 0 0 0 0 0 0 0 0 0 4
P5873 2035 11 0 0 17 20 19 14 0 13 15 0 0 0 0 0 0 0 0 0 0 0 0 0 0 0 2 0 0 9 5 3 -999
P5873 2035 12 15 27 27 51 124 157 107 38 26 43 16 16 68 26 8 4 0 4 55 124 137 45 0 0 0 0 0 0 0 0 7
P5873 2036 1 17 15 0 0 4 7 8 7 5 15 21 28 11 2 0 0 23 64 89 27 101 46 13 7 5 4 13 8 6 0 12
P5873 2036 2 4 0 0 0 2 4 8 28 16 7 12 36 58 19 14 20 16 0 0 0 0 0 0 0 0 3 7 14 -999 -999 -999
P5873 2036 3 98 26 22 48 70 32 0 9 0 0 0 0 0 4 4 8 0 0 0 3 0 0 0 0 0 0 9 18 14 8 10
P5873 2036 4 25 68 20 6 0 0 0 0 0 0 0 0 0 0 0 0 0 0 0 0 0 0 0 7 11 11 7 0 0 0 -999
P5873 2036 5 0 0 0 8 13 0 0 0 0 0 9 13 13 7 8 11 9 0 0 0 0 0 0 0 0 0 0 0 0 0 22
P5873 2036 6 27 0 0 0 0 0 0 0 0 0 0 0 0 0 0 0 0 6 4 0 0 0 0 0 0 0 0 0 0 0 -999
P5873 2036 7 0 0 0 0 0 0 0 0 0 0 0 0 0 0 0 0 0 0 0 0 0 0 0 0 0 0 0 0 0 0 0
P5873 2036 8 0 0 0 0 0 0 0 0 0 0 0 0 0 0 0 0 0 0 0 0 0 0 0 0 0 0 0 0 0 0 0
P5873 2036 9 0 0 0 0 0 0 0 0 0 0 0 0 0 0 0 0 0 0 0 0 0 0 0 0 0 0 0 0 0 0 -999
P5873 2036 10 0 15 0 0 4 0 0 0 0 0 47 0 0 0 8 0 0 0 0 0 0 0 0 0 0 37 18 20 144 68 14
P5873 2036 11 22 0 0 0 0 15 11 90 31 10 5 5 19 84 52 28 21 0 21 13 6 0 0 0 0 15 54 58 23 0 -999
P5873 2036 12 0 0 9 30 23 0 3 0 0 0 3 15 11 8 5 4 0 6 9 6 23 48 30 6 25 27 4 0 0 0 4
P5873 2037 1 2 4 0 0 0 2 2 0 25 56 38 126 50 0 0 0 0 6 84 115 148 48 54 151 122 48 199 67 113 13 3
P5873 2037 2 0 27 15 12 17 22 31 8 19 18 0 0 0 2 0 0 2 4 0 0 0 0 2 0 0 13 52 12 -999 -999 -999
P5873 2037 3 5 0 0 0 0 0 0 2 0 4 3 9 52 136 54 20 18 11 0 0 11 17 53 89 40 4 4 19 43 22 0
P5873 2037 4 4 0 11 9 37 39 16 19 23 6 0 3 5 47 79 31 36 20 19 22 95 49 49 20 9 0 0 0 0 0 -999
P5873 2037 5 0 0 0 0 0 0 0 0 0 10 11 0 0 0 6 0 3 10 7 0 0 10 23 12 47 22 12 0 4 5 0
P5873 2037 6 0 0 0 0 0 0 0 0 0 0 0 0 0 0 0 0 9 14 9 0 0 0 0 0 0 0 0 0 0 0 -999
P5873 2037 7 0 0 0 0 0 0 0 0 0 0 0 0 0 0 0 0 0 0 0 0 0 0 0 0 0 0 0 0 0 0 0
P5873 2037 8 0 0 0 0 0 0 0 0 0 0 0 0 0 0 0 0 0 0 0 0 0 0 0 0 0 0 0 0 0 0 0
P5873 2037 9 0 0 0 0 0 0 0 0 0 0 0 0 0 0 0 0 0 0 0 0 0 0 0 0 0 0 0 0 0 0 -999
P5873 2037 10 7 0 0 0 0 0 0 0 0 0 19 12 0 0 0 0 20 20 11 0 0 0 0 0 8 9 0 0 0 0 0
P5873 2037 11 0 0 0 0 0 14 18 10 0 0 12 30 31 52 44 0 0 0 5 48 15 33 56 33 46 29 60 65 37 24 -999
P5873 2037 12 119 13 147 135 44 24 48 65 57 78 45 31 33 30 8 4 37 37 13 0 0 39 25 0 0 0 0 1 4 5 5
P5873 2038 1 11 48 7 43 29 15 38 0 7 9 11 6 8 67 27 31 104 3 5 15 9 12 69 111 10 62 37 74 59 71 21
P5873 2038 2 0 7 13 130 52 88 32 4 4 5 0 0 0 0 6 5 0 3 14 0 0 0 8 0 0 0 0 32 -999 -999 -999
P5873 2038 3 43 9 35 44 196 18 62 31 24 39 21 0 0 0 0 0 3 21 21 17 22 9 2 3 0 7 7 12 4 5 19
P5873 2038 4 5 0 0 0 0 0 7 19 11 0 0 0 0 32 23 9 0 0 0 0 12 11 0 0 0 0 0 0 0 0 -999
P5873 2038 5 14 0 0 0 0 0 14 0 0 0 0 0 0 0 0 0 48 86 52 24 0 0 0 0 5 0 0 8 6 0 0
P5873 2038 6 0 0 0 6 0 0 0 0 0 0 0 0 0 0 0 0 0 0 0 0 0 0 0 0 0 0 0 0 0 0 -999
P5873 2038 7 0 0 0 0 0 0 0 0 0 0 0 0 0 0 0 0 0 0 0 0 0 0 0 0 0 0 0 0 0 0 0
P5873 2038 8 0 0 0 0 0 0 0 0 0 0 0 0 0 0 0 0 0 0 0 0 0 0 0 0 0 0 0 0 0 0 0
P5873 2038 9 0 0 0 30 0 0 0 0 0 0 0 0 0 0 0 0 0 0 0 0 0 0 0 13 0 0 0 0 0 0 -999
P5873 2038 10 0 0 9 0 0 0 0 0 0 0 0 0 0 0 0 0 0 4 6 0 7 11 56 0 0 0 7 8 5 0 0
P5873 2038 11 29 17 44 0 0 14 8 11 9 8 14 55 18 124 91 20 55 19 0 4 0 0 0 2 1 0 3 3 8 0 -999
P5873 2038 12 9 24 27 54 30 18 21 25 0 14 143 74 144 26 46 69 69 69 98 93 167 13 13 11 6 17 83 14 12 25 25
P5873 2039 1 13 22 14 13 28 6 8 0 0 0 0 0 0 4 14 39 28 8 42 24 10 26 52 42 31 13 13 9 0 0 0
P5873 2039 2 42 28 0 9 0 0 0 0 10 14 0 0 0 11 5 35 20 0 33 0 0 0 5 63 92 15 9 6 -999 -999 -999
P5873 2039 3 3 0 0 0 0 0 4 17 5 0 0 47 13 39 18 19 0 0 0 0 0 0 0 0 0 3 0 0 0 0 0
P5873 2039 4 0 0 0 6 4 4 0 0 0 0 0 0 7 15 6 0 0 0 8 0 12 13 0 0 0 0 0 0 0 0 -999
P5873 2039 5 0 0 0 0 0 0 0 0 0 0 0 0 0 0 0 7 4 6 3 6 8 19 0 0 0 0 0 0 0 0 0
P5873 2039 6 7 23 58 42 15 0 0 0 0 0 0 0 0 0 0 0 0 0 0 0 0 0 0 0 0 0 0 0 0 0 -999
P5873 2039 7 0 0 0 0 0 0 0 0 0 0 0 0 0 0 0 0 0 0 0 0 0 0 0 0 0 0 0 0 0 0 0
P5873 2039 8 0 0 0 0 0 0 0 0 0 0 0 0 0 0 0 0 0 0 0 0 0 0 0 0 0 0 0 0 0 0 0
P5873 2039 9 0 0 0 0 17 0 0 0 0 0 0 0 0 0 0 0 0 10 15 0 0 0 0 0 0 0 0 0 0 0 -999
P5873 2039 10 9 0 0 0 0 0 0 0 0 0 0 0 0 13 12 0 0 0 0 23 37 126 88 44 26 37 136 46 74 59 7
P5873 2039 11 7 0 0 0 0 3 4 8 15 25 35 21 19 28 14 12 13 44 103 38 21 35 27 0 0 0 20 88 6 5 -999
P5873 2039 12 13 46 39 120 148 105 21 40 110 8 7 10 10 29 12 10 7 12 91 97 21 17 21 50 45 17 54 114 57 83 33
P5873 2040 1 20 22 12 64 156 139 48 73 60 48 61 58 40 22 42 58 26 39 67 11 0 11 4 3 2 3 2 0 0 0 0
P5873 2040 2 0 0 3 22 17 0 0 0 0 4 0 0 2 11 16 13 9 7 3 2 0 4 0 0 0 0 0 0 -999 -999 -999
P5873 2040 3 0 0 0 0 0 0 0 0 0 0 0 0 0 14 22 9 0 0 0 35 24 26 114 74 36 29 21 18 80 62 22
P5873 2040 4 12 82 48 15 0 9 19 8 0 0 4 0 6 12 0 28 52 5 0 0 0 4 5 7 61 19 0 4 0 3 -999
P5873 2040 5 9 10 17 0 0 0 0 0 0 0 0 0 0 0 0 0 0 0 0 5 0 0 0 0 0 0 0 0 0 0 0
P5873 2040 6 2 0 0 0 0 0 0 0 0 0 0 0 0 0 23 0 0 0 0 0 0 0 0 0 0 0 0 0 0 0 -999
P5873 2040 7 0 0 0 0 0 0 0 0 0 0 0 0 0 0 0 0 0 0 0 0 0 0 0 0 0 0 0 0 0 0 0
P5873 2040 8 0 0 0 0 0 0 0 0 0 0 0 0 0 0 0 0 0 0 0 0 0 0 0 0 0 0 0 0 0 0 0
P5873 2040 9 0 0 0 0 0 0 0 0 0 0 0 0 0 0 0 0 0 0 0 0 0 0 7 0 0 0 0 0 6 12 -999
P5873 2040 10 0 0 0 0 0 0 0 0 0 0 0 0 0 0 0 0 18 25 19 8 9 3 3 0 0 11 13 8 0 0 6
P5873 2040 11 5 23 19 16 0 6 87 145 72 23 20 13 12 12 18 7 0 0 0 0 0 0 0 17 6 0 0 0 0 0 -999
P5873 2040 12 0 0 0 0 43 104 61 4 6 0 0 0 0 14 4 0 0 12 12 0 7 5 0 0 0 4 21 34 17 46 38
P5873 2041 1 13 0 0 0 1 0 3 2 0 0 0 7 7 20 11 0 0 0 17 26 101 125 220 62 109 143 187 110 27 53 0
P5873 2041 2 0 3 0 0 57 15 145 98 91 107 36 75 86 24 129 91 77 116 41 47 187 42 30 78 25 17 7 0 -999 -999 -999
P5873 2041 3 6 4 0 0 3 13 15 8 26 15 18 35 18 29 26 35 21 94 65 30 45 48 101 59 70 111 60 54 37 89 20
P5873 2041 4 0 0 0 0 0 0 0 0 0 0 0 3 9 0 5 5 11 72 33 41 31 19 24 74 43 15 4 4 0 0 -999
P5873 2041 5 0 0 13 10 0 0 0 0 0 10 9 0 0 0 0 0 0 0 29 25 22 27 38 20 9 79 75 32 0 4 7
P5873 2041 6 0 0 0 0 0 0 0 0 0 0 0 0 0 0 0 0 0 0 0 0 0 0 0 0 0 0 0 0 0 0 -999
P5873 2041 7 0 0 0 0 0 0 0 0 0 21 0 0 0 0 0 0 0 0 0 0 0 0 0 0 12 24 23 4 0 0 0
P5873 2041 8 0 0 0 0 0 0 0 0 0 0 0 0 0 0 0 0 0 0 0 0 0 0 0 0 0 0 0 0 0 0 0
P5873 2041 9 0 0 0 0 0 0 0 0 0 0 0 11 0 0 0 0 0 0 0 0 0 14 25 44 66 10 0 0 0 0 -999
P5873 2041 10 0 17 15 0 0 0 0 0 0 0 0 0 0 0 0 0 0 0 8 5 19 15 0 0 0 6 0 0 7 0 0
P5873 2041 11 0 0 0 6 7 35 24 11 24 15 37 35 115 57 95 69 194 139 29 130 108 131 77 172 54 38 58 67 65 20 -999
P5873 2041 12 10 88 9 103 142 32 33 17 5 0 11 24 23 62 101 172 104 58 62 68 12 0 32 0 0 0 0 4 0 0 0
P5873 2042 1 0 0 0 0 0 24 42 28 18 12 6 5 0 0 0 0 0 0 0 0 0 0 0 0 0 0 0 0 0 0 2
P5873 2042 2 10 6 0 0 0 0 0 4 5 6 2 0 0 0 0 0 0 4 4 3 0 0 0 8 5 0 0 0 -999 -999 -999
P5873 2042 3 0 0 0 0 0 10 4 0 0 0 0 3 4 4 12 9 0 26 105 33 21 21 17 85 30 7 7 4 15 10 90
P5873 2042 4 20 40 10 6 18 61 22 18 35 12 11 25 14 17 20 17 5 0 0 0 0 84 45 23 18 13 12 17 19 48 -999
P5873 2042 5 54 40 13 0 0 0 0 0 0 0 0 0 0 0 0 0 0 0 0 0 0 0 0 0 0 0 0 0 0 0 0
P5873 2042 6 0 0 0 8 0 0 0 0 0 0 0 0 0 0 0 0 0 0 0 0 0 0 0 0 0 0 0 0 0 0 -999
P5873 2042 7 0 0 0 0 0 0 0 0 0 0 0 0 0 0 11 0 0 0 0 0 0 0 0 0 0 0 0 0 0 0 0
P5873 2042 8 0 0 0 0 0 0 0 0 0 0 0 0 0 0 0 0 0 0 0 0 0 0 0 0 0 0 0 0 0 0 0
P5873 2042 9 0 0 0 0 0 0 0 0 0 0 0 0 0 0 0 0 0 0 0 0 0 0 0 0 0 0 0 0 0 0 -999
P5873 2042 10 0 0 0 6 0 0 14 29 16 0 20 31 44 25 12 17 18 12 9 83 41 35 21 7 0 0 8 13 0 0 0
P5873 2042 11 0 0 0 0 5 4 35 18 16 0 0 0 0 0 0 0 3 4 9 33 0 0 0 0 0 4 0 4 47 19 -999
P5873 2042 12 20 11 82 68 66 12 16 37 70 68 42 59 53 97 42 27 120 49 40 63 14 19 91 68 0 18 3 0 0 0 3
P5873 2043 1 6 5 18 11 9 25 15 2 0 0 2 8 64 129 63 107 18 30 10 69 79 97 72 111 0 2 5 21 22 2 2
P5873 2043 2 2 0 0 2 8 38 54 0 0 0 0 0 0 0 0 0 0 0 0 2 0 0 3 0 2 4 0 0 -999 -999 -999
P5873 2043 3 0 11 32 57 11 9 38 164 32 53 39 56 15 6 15 6 18 11 27 0 40 31 25 16 24 6 12 11 7 9 7
P5873 2043 4 15 9 4 5 0 0 0 0 0 18 39 0 0 0 6 38 27 0 10 37 0 0 0 0 0 0 0 0 0 0 -999
P5873 2043 5 0 0 0 0 0 0 0 0 0 0 0 0 0 0 0 0 0 0 0 24 32 42 30 15 0 11 36 28 5 10 10
P5873 2043 6 10 9 0 0 0 0 0 0 0 0 0 0 0 0 0 0 0 0 0 0 0 0 0 0 0 0 0 0 0 0 -999
P5873 2043 7 0 0 0 0 0 0 0 0 0 0 0 0 0 0 0 0 0 0 0 0 0 0 0 0 0 0 0 0 0 0 0
P5873 2043 8 0 0 0 0 0 0 0 0 0 0 0 0 0 0 0 0 0 0 0 0 0 0 0 0 0 10 0 0 5 0 0
P5873 2043 9 0 0 0 0 0 0 0 0 0 0 0 0 0 0 0 0 0 0 0 0 7 12 0 0 0 0 0 0 17 16 -999
P5873 2043 10 12 16 0 0 0 0 0 14 0 11 0 0 0 7 9 0 35 0 0 0 7 10 25 4 25 9 12 37 21 18 27
P5873 2043 11 0 0 0 0 0 0 0 0 0 6 61 27 162 51 57 0 0 0 0 0 0 0 0 32 36 35 12 78 22 8 -999
P5873 2043 12 5 11 0 0 0 0 14 5 16 43 78 78 13 19 55 15 15 72 84 37 189 71 7 9 27 44 58 4 2 4 0
P5873 2044 1 0 4 10 0 2 11 9 0 0 9 9 2 0 0 5 7 126 119 20 16 17 27 0 0 0 2 16 120 12 4 0
P5873 2044 2 0 0 0 0 28 12 0 0 28 51 15 0 0 0 0 0 0 0 0 0 0 0 5 112 30 6 21 16 -999 -999 -999
P5873 2044 3 16 49 86 94 47 21 14 57 15 20 9 6 0 5 0 4 6 29 21 17 14 11 0 0 3 17 71 31 23 66 14
P5873 2044 4 0 9 9 0 0 0 0 0 0 0 4 0 0 24 12 0 0 0 0 0 0 0 7 0 6 18 31 4 0 0 -999
P5873 2044 5 0 0 0 25 19 0 0 11 24 38 0 0 0 0 0 0 0 25 30 27 23 0 0 0 7 7 8 5 3 3 0
P5873 2044 6 0 0 0 0 0 0 3 0 0 0 0 0 0 0 0 0 0 0 0 0 0 0 0 0 0 0 0 0 0 0 -999
P5873 2044 7 10 0 0 0 0 0 0 0 0 0 0 0 0 0 0 0 0 0 0 0 0 0 0 0 0 0 0 0 0 0 0
P5873 2044 8 0 0 0 0 0 0 0 0 0 0 0 0 0 0 0 0 0 0 0 0 0 0 0 0 0 0 0 0 0 0 0
P5873 2044 9 0 0 0 0 0 0 0 0 0 0 0 0 0 0 0 0 0 0 0 12 28 13 0 19 18 11 6 0 10 79 -999
P5873 2044 10 40 23 25 0 0 0 0 11 17 11 3 0 0 0 5 4 8 25 27 94 33 0 0 0 0 0 0 0 0 0 7
P5873 2044 11 6 5 11 0 23 4 9 17 8 0 86 51 47 29 35 67 96 78 87 80 119 38 122 180 201 182 96 55 66 10 -999
P5873 2044 12 5 0 0 0 3 0 0 5 60 43 9 7 22 11 14 19 18 14 5 12 8 53 16 15 10 0 7 6 55 6 61
P5873 2045 1 102 28 21 15 16 15 147 35 17 21 127 100 136 112 46 96 24 15 0 0 0 5 5 0 3 0 0 0 0 3 8
P5873 2045 2 12 70 15 10 59 38 6 0 0 0 8 20 34 0 5 2 3 0 0 0 5 4 0 0 0 0 0 0 -999 -999 -999
P5873 2045 3 0 0 4 0 0 3 8 31 9 0 0 14 21 5 78 5 5 0 0 0 0 0 0 0 7 0 0 0 0 0 20
P5873 2045 4 10 0 0 5 12 66 32 0 16 18 51 12 0 10 0 4 0 0 0 0 0 0 0 0 0 0 0 0 0 0 -999
P5873 2045 5 11 0 0 0 0 0 0 20 0 0 0 0 0 0 0 0 0 0 0 0 5 0 0 0 0 0 0 0 0 0 0
P5873 2045 6 0 0 0 0 0 0 0 0 0 0 0 0 0 0 0 0 0 0 0 0 18 18 16 19 22 15 0 0 0 0 -999
P5873 2045 7 0 0 0 0 0 0 0 0 0 0 0 0 0 0 0 0 0 0 0 0 0 0 0 0 0 0 0 0 0 0 0
P5873 2045 8 0 0 0 0 0 0 0 0 0 0 0 0 0 0 0 0 0 0 0 0 0 0 0 0 0 0 0 0 0 0 0
P5873 2045 9 0 0 0 0 0 0 0 0 0 0 0 0 0 0 0 0 0 0 0 0 0 0 0 0 0 0 0 0 8 21 -999
P5873 2045 10 14 0 14 14 0 0 0 0 0 0 0 0 0 5 87 70 80 59 19 0 0 0 0 0 0 0 0 0 0 0 5
P5873 2045 11 15 15 12 0 9 0 0 0 0 0 0 10 31 11 27 100 186 41 21 0 0 13 22 106 22 55 127 96 109 59 -999
P5873 2045 12 14 13 18 7 24 21 14 11 0 2 0 0 0 2 2 0 6 70 17 40 44 17 20 40 86 85 46 9 3 0 0
P5873 2046 1 3 18 82 113 101 56 168 69 27 28 163 77 114 44 117 54 64 47 73 52 3 5 15 0 0 64 53 54 43 67 70
P5873 2046 2 125 131 79 33 18 52 21 6 5 8 24 21 45 68 70 34 19 23 18 9 32 105 22 24 34 75 105 79 -999 -999 -999
P5873 2046 3 80 146 59 31 59 142 107 150 142 52 158 127 152 37 137 69 146 23 50 71 62 18 12 0 0 0 10 48 19 2 9
P5873 2046 4 0 6 13 59 12 11 10 36 27 23 20 4 7 11 67 14 42 24 44 30 14 37 21 45 27 28 20 34 19 10 -999
P5873 2046 5 0 0 5 0 0 0 2 0 0 0 0 0 16 8 0 9 3 8 0 0 0 0 0 0 0 8 0 4 7 0 0
P5873 2046 6 0 0 0 0 0 0 0 0 0 0 0 0 0 0 0 0 0 6 4 5 0 0 0 0 0 0 0 0 0 0 -999
P5873 2046 7 0 0 0 0 0 0 0 4 0 0 0 0 0 0 0 0 0 0 0 0 0 0 0 0 0 0 0 0 0 0 0
P5873 2046 8 0 0 0 0 0 0 0 0 0 0 0 0 0 0 0 0 0 0 0 0 0 0 0 0 0 0 0 0 0 0 0
P5873 2046 9 0 0 0 0 0 0 0 0 0 0 0 0 0 0 0 0 0 0 0 0 0 0 0 0 0 0 0 0 0 0 -999
P5873 2046 10 0 0 4 8 12 64 35 37 0 0 0 0 0 0 0 0 0 0 0 7 8 88 42 31 50 24 41 15 28 110 82
P5873 2046 11 0 0 0 0 23 26 14 46 21 20 19 0 0 7 0 0 0 0 0 0 0 4 6 24 27 11 4 32 104 54 -999
P5873 2046 12 117 119 32 22 82 54 50 65 107 29 66 80 26 203 122 23 85 100 13 0 9 0 2 0 0 0 0 0 0 0 3
P5873 2047 1 0 0 0 0 0 0 15 68 15 40 51 39 33 120 170 234 161 20 139 18 120 87 8 0 0 0 0 0 0 6 5
P5873 2047 2 7 10 7 14 41 8 42 21 5 5 7 0 6 52 0 0 0 0 0 0 3 0 0 32 24 16 66 27 -999 -999 -999
P5873 2047 3 29 119 15 6 42 84 29 6 0 0 0 0 0 0 0 0 0 0 0 0 0 6 46 14 22 9 23 0 0 19 44
P5873 2047 4 69 19 31 8 3 4 4 6 29 88 101 35 24 10 84 24 12 20 9 0 0 0 0 0 0 0 0 0 0 0 -999
P5873 2047 5 0 0 0 0 0 0 0 0 31 16 0 14 24 0 0 0 0 0 0 0 0 0 0 0 0 0 0 0 0 0 0
P5873 2047 6 0 0 0 0 0 0 0 0 0 0 0 0 0 0 5 9 0 0 0 0 0 0 0 0 0 0 0 0 0 0 -999
P5873 2047 7 0 0 0 0 0 0 0 0 0 0 0 0 0 10 0 0 0 0 26 22 4 0 0 0 0 0 0 0 0 0 0
P5873 2047 8 0 0 0 0 0 0 0 0 0 0 0 0 0 0 0 0 0 0 0 0 0 0 0 0 0 0 0 0 0 0 0
P5873 2047 9 0 0 0 0 0 0 0 0 0 0 0 0 32 38 29 20 0 0 0 0 0 0 14 0 0 0 0 0 0 0 -999
P5873 2047 10 0 10 48 46 32 98 65 51 52 120 52 51 25 64 56 107 126 20 55 8 23 23 10 2 0 6 6 0 0 0 0
P5873 2047 11 5 0 26 14 30 11 8 14 20 35 13 3 11 6 14 62 63 5 0 0 0 0 0 0 0 0 0 0 0 0 -999
P5873 2047 12 0 0 0 0 0 0 0 0 0 0 0 0 0 2 0 0 0 0 0 1 0 5 10 18 13 0 0 0 12 8 0
P5873 2048 1 9 20 0 0 0 0 0 0 0 8 7 121 57 104 15 4 7 3 3 3 3 6 0 0 0 0 0 0 4 3 2
P5873 2048 2 0 0 6 2 3 0 0 1 3 14 19 17 13 18 42 36 0 0 0 0 0 0 0 0 0 0 0 0 -999 -999 -999
P5873 2048 3 0 0 0 3 6 8 13 47 37 55 98 21 33 67 14 62 50 11 8 11 35 5 0 6 10 43 21 28 54 23 14
P5873 2048 4 14 0 10 7 6 0 0 0 0 0 0 0 0 0 5 0 0 0 0 0 3 0 15 0 0 0 3 0 0 0 -999
P5873 2048 5 0 0 0 36 12 13 0 0 0 0 0 0 0 17 0 0 13 79 7 0 9 6 0 0 0 0 0 0 0 0 0
P5873 2048 6 0 0 0 0 0 0 0 0 0 0 0 0 0 0 32 0 0 0 0 0 0 0 0 0 0 0 0 0 0 0 -999
P5873 2048 7 0 0 0 0 0 0 0 0 0 0 0 0 0 0 0 0 0 0 0 0 0 0 0 0 0 0 0 0 0 0 0
P5873 2048 8 0 0 0 0 0 0 0 0 0 0 0 0 0 0 0 0 0 0 0 0 0 0 0 0 0 0 0 0 0 0 0
P5873 2048 9 0 0 0 0 0 0 0 0 0 13 20 0 0 0 0 15 19 0 0 0 0 0 0 0 0 0 38 51 116 38 -999
P5873 2048 10 17 9 0 0 0 16 18 0 0 0 0 0 0 0 0 0 0 0 17 7 14 6 0 0 5 6 4 0 0 0 17
P5873 2048 11 14 0 7 6 14 32 0 0 0 0 0 0 0 0 5 12 70 34 67 33 25 4 0 0 0 35 6 8 8 22 -999
P5873 2048 12 83 174 13 47 121 38 2 0 0 0 0 0 0 0 0 0 0 0 8 9 0 0 0 6 0 0 81 73 24 21 6
P5873 2049 1 5 9 27 39 26 31 34 41 7 0 13 18 55 8 9 13 15 3 0 0 7 8 9 5 3 5 7 28 13 29 32
P5873 2049 2 63 59 28 33 20 5 3 0 0 3 0 0 0 22 10 3 2 0 0 0 3 6 8 12 3 26 8 7 -999 -999 -999
P5873 2049 3 2 0 0 0 0 0 0 0 0 0 0 0 0 0 9 18 0 0 0 3 0 14 12 20 0 0 0 0 6 26 10
P5873 2049 4 0 0 0 0 0 0 0 0 0 0 4 0 0 0 16 13 16 0 0 0 0 19 0 0 26 0 0 0 0 0 -999
P5873 2049 5 14 8 10 10 17 14 13 58 68 32 19 32 4 0 0 0 0 0 0 27 56 25 56 43 31 45 33 38 10 10 8
P5873 2049 6 0 0 0 0 0 0 0 0 0 0 0 0 0 0 0 0 0 0 0 0 0 0 0 0 0 0 0 0 0 0 -999
P5873 2049 7 0 0 0 0 0 0 0 0 0 0 0 0 0 0 0 0 0 0 0 0 0 0 0 0 0 0 0 0 0 0 0
P5873 2049 8 0 0 0 0 0 0 0 0 0 0 0 0 0 0 0 0 0 0 0 0 0 0 0 0 0 0 0 0 0 0 0
P5873 2049 9 0 0 0 0 0 0 0 0 0 0 0 0 0 0 0 0 0 0 0 0 43 46 25 14 0 0 0 0 0 0 -999
P5873 2049 10 0 0 0 8 0 0 0 0 0 0 0 7 0 0 16 54 24 0 0 0 0 8 0 9 25 14 0 0 0 14 0
P5873 2049 11 0 30 161 129 39 28 81 107 67 95 137 113 153 93 111 179 40 20 18 14 19 45 8 21 0 0 0 0 0 24 -999
P5873 2049 12 29 121 54 46 17 9 4 11 0 31 9 0 8 0 28 15 20 43 29 100 113 44 11 45 48 43 102 41 81 58 142
P5873 2050 1 194 107 181 41 48 120 17 24 0 22 17 39 73 65 56 92 139 143 12 0 0 0 0 10 8 0 0 0 0 4 0
P5873 2050 2 0 0 0 0 0 2 1 0 0 0 0 0 3 11 6 9 0 0 29 7 15 10 12 21 12 16 0 0 -999 -999 -999
P5873 2050 3 0 46 40 28 45 75 35 9 42 10 10 5 0 7 12 19 43 43 104 25 11 3 0 14 17 30 18 19 34 38 87
P5873 2050 4 24 47 39 12 33 45 33 27 37 5 0 0 0 6 5 11 5 0 0 0 0 0 0 0 5 0 10 0 0 0 -999
P5873 2050 5 6 9 0 10 13 13 0 0 0 0 0 10 19 0 0 0 0 0 0 0 0 14 0 0 0 11 13 10 0 0 0
P5873 2050 6 0 0 0 0 0 0 0 0 0 0 0 0 0 0 0 0 0 0 0 0 0 0 0 0 0 0 0 0 0 0 -999
P5873 2050 7 0 0 0 0 0 0 0 0 0 0 0 0 0 0 0 0 0 0 0 0 0 0 0 0 0 0 0 0 0 0 0
P5873 2050 8 0 0 0 0 0 0 0 0 0 0 0 0 0 0 0 0 0 0 0 0 0 0 20 0 0 0 0 0 0 0 0
P5873 2050 9 0 0 0 0 0 0 0 0 0 0 0 0 0 0 0 0 0 0 0 0 0 0 0 0 0 0 0 0 0 10 -999
P5873 2050 10 26 15 6 3 0 0 0 0 0 0 0 0 5 29 9 7 6 7 0 0 0 13 16 27 18 26 30 11 3 6 17
P5873 2050 11 21 12 0 22 31 68 99 154 132 79 98 70 20 7 0 5 5 4 14 7 58 83 164 43 48 9 125 37 0 34 -999
P5873 2050 12 8 29 56 0 0 0 15 4 3 0 5 3 0 0 2 0 4 7 5 12 7 0 0 0 0 0 0 0 0 0 4
P5873 2051 1 0 12 0 0 0 0 0 0 3 11 0 0 0 15 3 0 2 2 3 4 2 0 0 0 0 0 0 0 3 0 0
P5873 2051 2 0 5 8 7 38 4 0 2 0 0 9 3 0 0 0 13 1 7 15 23 2 0 0 10 16 0 0 0 -999 -999 -999
P5873 2051 3 0 3 0 0 0 4 0 5 5 5 48 77 58 7 11 0 0 34 57 36 9 0 0 0 0 0 0 0 0 0 15
P5873 2051 4 16 13 0 0 0 21 25 10 7 56 9 0 11 0 5 13 17 15 47 51 11 6 14 0 0 0 0 0 0 0 -999
P5873 2051 5 0 0 0 0 0 0 0 0 0 0 8 27 27 13 0 0 0 0 0 0 0 0 30 55 17 0 0 0 0 0 0
P5873 2051 6 0 0 0 0 0 0 0 0 0 0 0 0 0 0 0 0 0 0 0 0 0 0 0 0 0 0 0 0 0 0 -999
P5873 2051 7 0 0 0 0 0 0 0 0 0 0 0 0 0 0 0 0 0 0 0 0 0 0 0 0 0 0 0 0 0 0 0
P5873 2051 8 0 0 0 0 0 0 0 0 0 0 0 0 0 0 0 0 0 0 0 0 0 0 0 0 0 0 0 0 0 0 0
P5873 2051 9 0 0 0 0 0 0 0 0 0 0 26 0 16 8 0 0 0 0 0 0 0 0 0 0 0 0 0 0 0 0 -999
P5873 2051 10 0 0 0 79 58 0 0 0 0 0 0 16 11 20 0 0 0 0 0 0 7 0 0 5 6 0 90 98 96 81 80
P5873 2051 11 52 53 34 16 15 0 0 0 0 2 0 0 0 4 4 15 21 16 0 0 0 0 0 10 10 5 0 6 11 9 -999
P5873 2051 12 13 0 12 30 55 8 9 126 89 10 124 104 64 35 124 205 53 94 27 0 0 0 0 0 0 0 0 0 0 0 0
P5873 2052 1 0 0 0 0 0 0 3 10 19 0 0 0 0 32 25 8 0 16 6 0 0 0 0 0 0 0 56 111 100 42 42
P5873 2052 2 30 78 91 56 41 203 150 35 43 57 26 0 0 0 66 99 71 32 77 7 0 0 0 44 13 19 0 10 -999 -999 -999
P5873 2052 3 0 0 0 0 0 0 0 18 10 5 0 0 4 4 25 60 69 100 70 70 8 22 90 4 0 0 0 0 0 5 0
P5873 2052 4 0 3 0 0 0 0 17 5 0 0 0 5 6 0 0 9 8 0 0 0 0 0 0 0 0 0 0 0 0 0 -999
P5873 2052 5 0 0 0 0 0 0 0 0 0 0 0 22 21 21 19 18 18 24 30 5 0 0 0 0 0 0 0 0 0 0 0
P5873 2052 6 0 0 0 0 0 0 0 0 0 0 0 0 0 0 0 0 0 0 0 0 0 0 0 0 10 8 0 0 0 0 -999
P5873 2052 7 0 0 0 0 0 0 0 0 0 0 0 0 0 0 0 0 0 0 0 0 0 0 0 0 0 0 0 0 0 0 0
P5873 2052 8 27 23 18 0 0 0 0 0 0 0 0 0 0 0 0 0 0 0 0 0 0 0 0 0 0 0 0 0 0 0 0
P5873 2052 9 0 0 0 0 0 0 0 0 0 0 0 0 0 0 0 0 0 0 0 0 0 0 0 0 0 0 0 0 0 0 -999
P5873 2052 10 0 0 0 0 0 0 0 0 0 0 0 0 0 0 0 0 0 0 0 0 0 0 0 0 26 25 0 0 0 0 5
P5873 2052 11 13 51 25 13 0 0 0 0 0 4 0 0 0 0 0 0 0 16 72 30 153 60 26 17 97 23 47 10 12 13 -999
P5873 2052 12 10 14 48 19 9 15 0 0 0 0 7 3 37 66 8 0 19 37 22 35 67 31 20 20 22 10 29 0 32 28 18
P5873 2053 1 5 18 6 5 4 4 7 21 161 160 191 120 115 17 79 93 52 7 0 0 0 0 14 9 6 9 11 25 48 50 48
P5873 2053 2 43 100 39 24 55 58 94 31 41 35 0 7 8 22 22 22 34 20 5 2 0 3 20 36 34 131 64 35 -999 -999 -999
P5873 2053 3 0 0 0 0 0 0 0 0 0 0 0 0 0 0 0 0 0 0 0 0 0 0 0 0 0 0 0 0 9 0 15
P5873 2053 4 16 22 18 18 0 0 0 0 0 0 0 38 18 28 27 14 7 0 0 0 0 0 0 41 86 22 10 0 0 0 -999
P5873 2053 5 0 0 0 0 0 0 0 0 0 0 0 0 0 0 0 0 0 0 0 0 0 0 0 0 0 0 0 0 0 11 0
P5873 2053 6 0 0 0 0 0 0 0 0 0 0 0 0 0 0 0 0 0 25 18 0 0 0 0 0 0 0 0 0 0 0 -999
P5873 2053 7 0 0 0 0 0 0 0 0 0 0 0 0 0 0 0 0 0 0 0 0 0 0 0 0 0 0 0 0 0 0 0
P5873 2053 8 0 0 0 0 0 0 0 0 0 0 0 0 0 0 0 0 0 0 0 0 0 0 0 0 36 34 11 0 0 0 0
P5873 2053 9 0 0 0 0 0 0 0 0 0 0 0 0 0 0 0 32 0 0 0 60 78 20 10 0 0 0 19 49 53 29 -999
P5873 2053 10 8 0 0 0 0 0 0 37 5 0 0 0 0 0 0 0 0 0 0 0 0 0 0 0 0 0 7 0 0 0 0
P5873 2053 11 0 0 0 9 6 5 0 0 0 0 24 0 0 0 110 69 152 83 178 77 135 37 56 60 11 9 0 0 0 0 -999
P5873 2053 12 0 0 0 3 0 0 0 0 2 21 45 180 41 99 35 66 48 38 27 14 6 8 27 87 34 13 0 0 0 0 13
P5873 2054 1 94 9 29 53 18 60 35 29 9 3 5 4 0 0 0 4 31 66 39 17 14 11 5 4 3 0 0 0 0 0 0
P5873 2054 2 0 11 20 41 75 59 50 22 10 0 0 6 4 4 0 0 0 6 2 9 5 4 7 6 0 4 0 0 -999 -999 -999
P5873 2054 3 0 0 0 0 0 0 0 2 2 0 0 0 7 4 46 19 57 26 5 6 6 18 11 4 7 27 22 23 51 31 102
P5873 2054 4 32 62 31 36 16 36 58 41 8 59 20 0 0 0 7 8 6 40 27 48 25 10 13 31 52 46 27 17 0 0 -999
P5873 2054 5 0 16 9 9 7 8 0 23 60 73 23 16 4 0 0 0 0 0 0 0 3 0 0 0 0 0 0 0 0 0 0
P5873 2054 6 0 0 0 0 0 0 0 0 0 0 0 0 0 0 0 0 0 0 0 0 0 0 0 0 0 0 0 0 0 0 -999
P5873 2054 7 0 0 0 0 0 0 0 0 0 0 0 0 0 0 0 0 0 9 8 0 0 0 0 0 0 0 0 0 0 0 0
P5873 2054 8 0 0 0 0 0 0 0 0 0 0 0 0 0 0 0 0 0 0 0 0 0 0 0 0 0 0 0 0 0 0 0
P5873 2054 9 0 0 0 0 0 0 0 0 0 0 0 0 0 0 0 0 0 0 0 0 0 0 24 9 0 0 0 0 0 0 -999
P5873 2054 10 0 0 0 0 0 0 0 11 4 0 46 28 17 0 0 0 0 0 0 0 53 22 10 17 11 0 0 3 15 40 92
P5873 2054 11 139 132 100 56 139 32 16 101 24 0 0 0 0 0 0 15 12 0 3 0 0 0 0 0 2 0 12 30 89 47 -999
P5873 2054 12 65 33 11 0 0 3 0 0 4 9 5 6 78 58 38 0 0 2 0 0 0 2 6 3 0 0 0 0 0 0 0
P5873 2055 1 0 0 7 65 136 47 13 0 0 91 88 136 121 46 97 82 75 78 79 86 105 173 83 13 11 6 4 4 8 4 4
P5873 2055 2 3 0 0 0 0 5 6 5 8 4 0 5 8 7 11 43 18 19 7 5 9 7 0 0 0 0 4 0 -999 -999 -999
P5873 2055 3 0 34 51 21 20 43 56 38 159 138 40 43 67 28 16 10 20 16 4 19 4 13 21 43 23 82 66 18 29 60 7
P5873 2055 4 0 4 0 5 0 21 58 21 59 34 15 9 12 15 16 0 0 0 0 0 57 36 52 44 46 39 29 20 9 19 -999
P5873 2055 5 14 87 141 53 7 17 23 35 55 2 0 0 10 13 0 0 0 0 0 0 0 0 0 0 0 0 0 0 0 0 0
P5873 2055 6 0 0 0 0 0 0 0 0 0 0 0 0 0 0 57 18 14 20 12 15 7 12 0 0 0 0 0 0 0 0 -999
P5873 2055 7 0 0 0 0 0 0 0 0 0 0 0 0 0 0 0 0 0 0 0 0 0 0 0 0 0 0 0 0 0 0 0
P5873 2055 8 0 0 0 0 0 0 0 0 0 0 0 0 0 0 0 0 0 0 0 0 0 0 0 0 0 0 0 0 0 0 0
P5873 2055 9 0 0 0 0 0 0 0 0 0 0 0 0 0 0 0 0 0 0 0 0 0 0 0 0 6 0 0 0 0 0 -999
P5873 2055 10 0 0 0 0 0 0 7 17 8 0 0 35 10 0 6 0 0 7 14 15 6 3 27 82 11 14 7 0 0 0 0
P5873 2055 11 12 16 0 0 9 122 75 25 0 0 0 7 5 18 0 27 5 0 0 0 7 4 13 31 0 0 0 0 5 17 -999
P5873 2055 12 61 31 8 5 0 0 0 0 0 36 59 79 43 29 68 84 18 15 20 111 162 74 12 5 0 0 0 0 0 7 14
P5873 2056 1 0 0 2 5 3 8 96 17 21 0 4 0 0 0 3 9 7 3 2 6 52 44 120 21 58 10 53 46 3 0 3
P5873 2056 2 0 0 0 2 2 0 0 0 0 0 0 0 0 0 0 1 10 0 0 3 15 16 11 0 0 0 0 0 -999 -999 -999
P5873 2056 3 0 17 17 4 0 0 22 18 32 39 3 0 0 0 0 33 14 7 3 3 4 0 0 6 0 25 31 28 7 19 0
P5873 2056 4 0 0 0 0 0 12 0 0 9 0 0 0 0 0 0 0 13 14 32 17 0 0 6 6 0 12 19 18 4 0 -999
P5873 2056 5 10 12 27 12 14 22 0 0 0 0 6 25 13 0 0 0 0 0 0 0 0 0 0 0 10 11 21 9 11 0 0
P5873 2056 6 12 0 0 0 0 5 20 0 0 0 0 0 0 0 0 0 0 0 0 0 0 0 0 0 0 0 0 0 0 0 -999
P5873 2056 7 0 0 0 0 0 0 0 0 0 0 0 0 0 0 0 0 0 0 0 0 0 0 0 0 0 0 0 0 0 0 0
P5873 2056 8 0 0 0 0 0 0 0 0 0 0 0 0 0 0 0 0 0 0 0 0 0 0 0 0 0 0 0 0 0 0 0
P5873 2056 9 0 0 0 0 0 0 0 0 12 0 0 0 0 0 0 0 0 0 0 0 0 0 0 0 0 0 0 18 15 9 -999
P5873 2056 10 0 15 4 0 0 0 0 0 0 0 0 0 0 0 0 0 0 0 9 0 0 0 6 126 63 20 0 0 0 0 5
P5873 2056 11 4 0 5 18 51 37 56 41 10 0 6 7 9 16 0 0 0 0 19 26 13 14 5 22 64 62 67 81 67 119 -999
P5873 2056 12 132 151 66 37 172 131 117 65 109 130 124 37 13 56 82 120 63 100 58 49 85 17 2 0 0 0 0 0 0 0 0
P5873 2057 1 7 4 0 0 6 10 27 18 12 7 0 0 6 7 0 0 0 0 0 0 0 0 0 3 4 58 100 126 43 29 73
P5873 2057 2 34 14 16 35 89 129 105 128 83 66 0 0 0 0 5 0 0 4 44 112 21 15 17 15 11 0 0 0 -999 -999 -999
P5873 2057 3 0 0 0 0 10 8 11 7 0 4 0 0 0 0 0 0 15 0 0 0 0 0 0 6 3 5 9 6 4 3 7
P5873 2057 4 0 0 0 0 0 0 0 11 21 18 32 8 13 17 68 73 29 26 16 13 13 16 0 0 0 0 0 4 0 0 -999
P5873 2057 5 0 0 0 0 0 0 0 0 0 0 0 0 12 14 31 46 54 18 10 0 0 0 0 0 19 23 0 21 30 11 8
P5873 2057 6 14 17 5 0 0 0 0 0 0 0 0 0 0 0 0 0 0 0 0 0 0 0 0 0 0 0 0 0 0 0 -999
P5873 2057 7 0 0 0 0 0 0 0 0 0 0 0 0 0 0 0 0 0 0 0 0 0 0 0 0 0 0 0 0 0 0 0
P5873 2057 8 0 0 0 0 0 0 0 0 0 0 0 0 0 0 0 0 0 0 0 0 0 0 0 0 0 0 0 0 0 0 0
P5873 2057 9 0 0 0 0 0 0 0 0 0 0 0 0 0 0 0 0 0 0 0 0 0 0 0 0 0 0 5 0 0 0 -999
P5873 2057 10 0 0 0 0 0 0 0 0 0 0 0 0 0 0 16 12 15 0 0 0 0 0 0 0 0 0 0 0 4 3 19
P5873 2057 11 29 31 90 103 38 62 0 25 18 33 146 62 34 37 10 39 52 21 9 12 22 8 0 0 0 2 4 0 0 0 -999
P5873 2057 12 0 0 0 0 0 2 0 6 42 44 89 125 151 36 28 16 0 0 0 0 0 0 0 0 0 0 0 0 0 3 2
P5873 2058 1 0 0 0 0 0 0 0 0 29 60 6 3 4 50 23 0 0 0 0 0 0 0 0 0 0 3 21 11 11 19 13
P5873 2058 2 25 2 0 0 0 0 0 0 0 3 6 8 20 7 21 5 2 0 0 0 0 0 0 0 0 0 0 0 -999 -999 -999
P5873 2058 3 0 0 0 0 0 0 0 0 0 0 0 0 0 0 0 0 0 3 0 7 41 34 11 63 83 59 11 0 0 0 0
P5873 2058 4 0 0 0 0 0 0 0 0 0 6 11 23 5 0 0 0 0 0 3 10 0 0 0 0 0 0 0 0 0 0 -999
P5873 2058 5 0 0 0 0 7 0 0 9 0 0 0 0 0 0 0 0 0 10 0 0 0 0 0 0 0 0 0 0 18 17 14
P5873 2058 6 8 0 0 0 0 0 0 0 0 0 0 0 0 0 0 0 0 0 0 0 0 0 0 0 0 0 0 0 0 0 -999
P5873 2058 7 0 0 0 0 0 0 0 0 0 0 0 0 0 0 0 0 4 0 0 0 0 0 0 0 0 0 0 0 0 0 0
P5873 2058 8 0 0 0 0 0 0 0 0 0 0 0 0 0 0 0 0 0 0 0 0 0 0 0 0 0 0 0 0 0 0 0
P5873 2058 9 0 0 0 0 0 0 0 0 0 0 0 0 0 0 0 0 0 0 0 0 0 0 17 0 8 0 0 0 0 0 -999
P5873 2058 10 0 0 0 0 0 0 0 0 0 0 0 0 0 0 0 0 0 0 0 0 0 3 5 5 0 0 0 0 0 0 0
P5873 2058 11 0 0 0 0 0 0 0 19 46 44 71 32 11 30 33 51 49 187 138 155 16 30 35 5 13 50 45 147 88 47 -999
P5873 2058 12 10 35 19 7 0 4 7 0 8 0 0 0 0 0 15 5 17 81 129 138 52 25 10 11 13 24 100 34 13 31 93
P5873 2059 1 24 95 24 25 15 11 3 0 0 0 0 0 0 9 46 4 4 0 13 9 21 9 5 3 6 4 2 3 2 0 0
P5873 2059 2 0 0 0 0 0 0 0 0 0 0 0 0 0 0 0 3 0 0 0 0 0 0 0 0 0 0 0 0 -999 -999 -999
P5873 2059 3 0 0 0 0 0 0 0 0 0 0 0 12 9 0 0 0 0 0 0 4 39 21 25 70 26 82 22 23 17 16 8
P5873 2059 4 0 0 0 0 0 0 0 0 0 0 0 0 0 0 0 0 0 0 0 2 6 0 0 3 0 0 0 0 10 7 -999
P5873 2059 5 0 0 0 27 0 0 0 7 0 0 0 0 0 0 0 0 0 7 0 0 0 0 0 0 0 0 13 13 0 0 0
P5873 2059 6 0 0 0 0 0 0 0 0 0 0 0 0 0 0 0 0 0 0 0 0 0 0 0 0 0 0 0 0 0 0 -999
P5873 2059 7 0 0 0 0 0 0 0 0 0 0 0 0 0 0 0 0 0 0 0 0 0 0 0 0 0 0 0 0 0 0 0
P5873 2059 8 0 0 0 0 0 0 0 0 0 0 0 0 0 0 0 0 0 0 0 0 0 0 0 0 0 0 0 0 0 0 0
P5873 2059 9 0 0 0 0 0 0 0 0 0 0 0 0 0 0 0 0 0 0 0 0 0 0 0 12 18 0 0 0 0 0 -999
P5873 2059 10 0 0 0 0 0 0 0 0 0 0 0 0 0 0 15 18 5 0 0 13 63 126 116 80 26 39 8 0 0 35 18
P5873 2059 11 65 55 38 51 0 0 0 6 5 15 86 13 5 40 133 24 9 12 5 3 13 9 77 23 8 2 43 6 0 4 -999
P5873 2059 12 0 0 0 4 0 0 2 17 23 31 9 8 8 9 16 0 0 0 0 0 0 0 0 0 0 3 6 115 168 49 11
P5873 2060 1 9 45 87 80 83 21 0 0 0 9 6 0 0 0 0 0 0 0 0 0 0 0 0 0 0 5 0 4 2 3 0
P5873 2060 2 0 0 0 7 61 16 54 26 54 18 71 75 39 134 183 49 72 80 31 10 54 23 61 29 46 18 55 39 -999 -999 -999
P5873 2060 3 108 72 90 39 32 74 85 96 52 19 0 0 0 6 0 0 131 34 101 92 112 39 19 14 2 0 4 44 19 18 4
P5873 2060 4 0 0 0 0 0 0 0 0 0 13 22 10 0 0 0 0 0 0 0 0 0 0 0 0 0 0 0 0 0 0 -999
P5873 2060 5 0 0 0 0 0 0 0 0 0 0 0 0 0 0 0 0 0 0 0 0 0 0 0 0 0 0 0 0 0 0 0
P5873 2060 6 0 0 0 0 10 19 28 22 11 5 0 0 0 27 0 0 0 0 0 0 0 0 0 0 0 0 0 0 0 0 -999
P5873 2060 7 0 0 0 0 0 0 0 0 0 0 0 0 0 0 0 0 0 0 0 0 0 0 0 0 0 0 0 0 0 0 0
P5873 2060 8 0 0 0 0 0 0 0 0 0 0 0 0 0 0 0 0 0 0 0 0 0 0 0 0 0 0 0 0 0 0 0
P5873 2060 9 0 0 0 0 0 0 0 0 0 0 0 0 0 0 0 10 0 0 0 0 0 0 0 0 0 29 11 0 0 0 -999
P5873 2060 10 0 0 0 0 0 0 0 0 0 0 19 68 35 56 18 8 7 4 0 0 12 8 25 8 30 0 0 12 10 23 112
P5873 2060 11 41 23 37 18 4 3 0 7 17 6 5 11 14 6 8 10 0 28 12 0 0 0 0 0 5 18 26 11 30 6 -999
P5873 2060 12 0 12 27 17 32 67 6 0 17 13 0 0 0 12 11 49 15 36 4 67 97 7 7 11 8 16 6 20 7 1 0
P5873 2061 1 0 0 0 3 0 0 0 0 0 3 8 0 0 17 8 0 54 8 128 45 82 130 160 109 164 124 173 111 76 64 64
P5873 2061 2 8 0 0 4 9 0 0 0 17 38 33 15 10 89 94 17 14 35 6 72 21 34 12 21 23 16 53 26 -999 -999 -999
P5873 2061 3 201 35 74 66 16 12 25 20 33 35 126 25 69 55 90 54 23 53 71 24 11 4 0 0 0 0 0 0 0 0 0
P5873 2061 4 0 0 7 7 11 18 15 15 13 19 18 14 13 10 7 0 0 19 20 21 10 0 0 10 11 0 0 0 0 0 -999
P5873 2061 5 0 0 16 10 10 0 0 0 0 0 0 0 0 0 0 0 0 0 0 0 0 0 0 0 0 0 0 0 0 0 0
P5873 2061 6 0 0 0 0 0 0 0 0 0 0 0 0 0 0 0 0 0 0 0 0 0 0 0 0 0 0 0 0 0 0 -999
P5873 2061 7 0 0 0 0 0 0 0 0 0 0 0 0 0 0 0 0 0 0 0 0 0 0 0 0 0 0 0 0 0 0 0
P5873 2061 8 0 0 0 0 0 0 0 0 0 0 0 0 0 0 0 0 0 0 0 0 0 0 0 0 0 0 0 0 0 0 0
P5873 2061 9 0 0 0 0 0 0 0 0 0 0 0 0 0 0 0 18 71 64 193 95 87 33 0 0 0 0 0 0 0 0 -999
P5873 2061 10 0 21 29 11 0 0 34 16 91 28 0 0 0 6 0 0 8 11 0 0 17 9 0 0 22 52 97 44 5 6 7
P5873 2061 11 0 0 17 0 0 0 4 12 8 15 8 0 0 0 0 0 0 7 14 0 0 0 0 0 0 0 3 6 12 8 -999
P5873 2061 12 64 143 105 5 0 0 0 3 0 5 6 7 5 0 0 0 7 25 22 2 6 5 0 0 0 0 0 0 7 23 0
P5873 2062 1 0 0 0 0 0 0 0 0 0 0 0 22 51 18 90 87 26 35 8 0 8 4 4 4 0 10 10 43 22 50 144
P5873 2062 2 64 29 30 25 17 56 90 85 54 26 0 0 0 0 0 0 0 14 13 7 23 45 37 65 141 33 87 9 -999 -999 -999
P5873 2062 3 0 0 0 0 0 26 0 0 0 13 5 0 4 12 0 0 0 0 0 0 0 0 24 19 10 58 0 0 0 0 0
P5873 2062 4 7 13 9 0 0 12 0 0 34 19 23 14 0 0 0 0 4 8 0 3 7 0 11 78 27 18 0 0 0 0 -999
P5873 2062 5 0 22 39 0 0 0 0 13 0 0 0 0 0 0 0 0 0 0 5 0 0 0 0 0 0 0 0 14 20 15 26
P5873 2062 6 8 0 0 0 0 0 0 0 0 0 0 0 0 0 0 0 0 0 0 0 0 0 0 0 0 0 0 0 0 0 -999
P5873 2062 7 0 0 0 0 0 0 0 0 0 0 0 0 0 0 0 0 0 0 0 0 0 0 0 0 0 0 0 0 0 0 0
P5873 2062 8 0 0 0 0 0 0 0 0 0 0 0 0 0 0 0 0 0 0 0 0 0 0 0 0 0 0 0 0 0 0 0
P5873 2062 9 0 0 0 0 0 0 0 0 0 0 0 0 0 0 0 0 0 0 0 0 0 0 0 0 0 0 0 0 0 0 -999
P5873 2062 10 0 0 0 0 0 0 43 20 0 0 0 0 0 0 0 0 0 0 18 40 15 65 65 20 28 16 4 6 15 6 0
P5873 2062 11 0 8 8 15 137 119 9 0 0 11 29 4 0 0 0 0 0 24 12 41 51 7 94 86 70 9 0 13 0 6 -999
P5873 2062 12 4 0 0 0 0 0 14 0 15 104 70 16 4 3 7 75 4 7 8 14 14 20 38 23 16 5 0 4 4 0 0
P5873 2063 1 0 0 0 4 3 5 0 0 0 0 0 0 2 2 0 0 0 0 0 5 6 0 0 12 0 16 89 18 0 0 0
P5873 2063 2 0 0 0 0 0 0 11 15 14 0 0 4 2 6 38 0 4 0 0 0 3 13 15 0 0 0 0 3 -999 -999 -999
P5873 2063 3 3 0 0 0 0 0 20 13 16 26 57 31 94 49 115 34 19 25 13 19 21 16 0 0 0 45 87 77 31 8 0
P5873 2063 4 23 11 13 23 0 0 0 0 0 67 32 15 9 6 3 20 14 12 0 0 0 13 17 10 15 6 8 12 17 6 -999
P5873 2063 5 0 0 0 0 0 0 0 0 0 0 0 10 27 13 18 13 0 9 12 0 15 15 0 0 0 0 0 0 0 0 0
P5873 2063 6 0 0 0 0 0 0 0 0 0 0 0 0 0 0 0 0 0 0 0 0 0 0 0 0 0 0 0 0 0 0 -999
P5873 2063 7 0 0 0 0 0 0 0 0 0 0 0 0 0 0 0 0 0 0 0 0 0 0 0 0 0 0 0 0 0 0 0
P5873 2063 8 0 0 0 0 0 0 0 0 0 0 0 0 0 0 0 0 0 0 0 0 0 0 0 0 0 0 0 0 0 0 0
P5873 2063 9 0 0 0 0 0 0 0 0 0 0 0 0 0 0 0 0 0 0 0 0 0 0 0 0 0 18 15 18 11 0 -999
P5873 2063 10 0 0 0 0 0 7 0 12 23 37 74 9 5 29 18 13 12 6 11 41 20 67 11 0 0 0 10 43 20 33 0
P5873 2063 11 0 0 0 0 0 0 0 0 0 0 0 0 0 0 0 0 0 0 0 0 0 6 0 8 26 0 0 44 26 62 -999
P5873 2063 12 66 69 61 5 18 33 37 10 5 10 12 60 16 41 6 7 20 26 6 5 4 6 22 35 15 18 19 18 18 50 6
P5873 2064 1 6 9 8 41 12 27 0 0 6 32 111 152 55 50 9 11 11 0 0 0 23 22 0 0 0 0 29 16 35 8 3
P5873 2064 2 4 2 2 0 0 0 0 0 0 0 0 0 11 30 31 20 32 26 4 0 0 0 0 0 0 18 33 20 -999 -999 -999
P5873 2064 3 0 27 67 158 76 92 35 3 5 32 64 17 12 6 0 7 0 11 8 16 2 9 40 14 17 0 2 0 0 17 8
P5873 2064 4 8 10 12 12 0 0 0 0 0 4 0 0 0 0 0 0 0 20 16 0 0 0 13 40 25 15 24 8 0 0 -999
P5873 2064 5 0 6 11 0 0 0 0 0 0 0 0 0 0 0 0 0 0 0 0 0 0 0 0 0 0 0 0 0 0 0 0
P5873 2064 6 0 0 0 0 0 0 0 0 3 0 0 0 0 0 0 0 0 0 0 0 0 0 0 0 0 0 0 0 0 0 -999
P5873 2064 7 0 0 0 0 0 0 0 0 0 0 0 0 0 0 0 0 0 0 0 0 0 0 0 0 0 0 0 0 0 0 0
P5873 2064 8 0 0 0 0 0 0 0 0 0 0 0 0 0 0 0 0 0 0 0 0 0 0 0 0 0 0 0 0 0 0 0
P5873 2064 9 0 0 0 0 0 0 0 0 0 0 0 0 0 0 0 0 0 0 0 0 0 0 0 0 0 0 11 13 0 5 -999
P5873 2064 10 7 8 0 14 0 0 0 0 0 0 0 0 0 0 0 9 0 0 0 6 7 9 21 44 11 12 5 0 0 0 0
P5873 2064 11 0 0 0 0 0 26 16 18 10 16 0 0 2 5 9 10 0 0 0 0 0 0 0 33 11 37 28 54 69 8 -999
P5873 2064 12 0 10 5 11 11 5 15 20 93 133 71 33 0 0 0 4 5 5 14 113 44 122 25 9 4 16 24 82 23 76 60
P5873 2065 1 32 55 19 0 0 16 47 34 30 26 20 18 8 4 0 0 0 0 0 0 3 2 8 0 0 0 0 0 0 0 3
P5873 2065 2 20 32 24 57 8 0 0 0 3 3 4 0 0 0 0 0 0 0 3 5 9 0 5 2 20 26 3 4 -999 -999 -999
P5873 2065 3 0 0 0 4 5 16 17 6 8 24 0 0 0 0 0 0 0 5 0 0 5 25 0 30 9 34 32 45 18 37 29
P5873 2065 4 28 25 48 6 5 0 0 0 0 0 12 8 0 15 0 0 0 0 0 0 0 0 0 0 8 24 0 0 10 12 -999
P5873 2065 5 10 0 11 4 11 0 11 11 8 11 0 0 0 0 0 0 20 0 0 0 4 0 0 0 0 0 0 0 0 0 10
P5873 2065 6 22 21 18 28 25 15 14 4 0 0 19 78 13 6 0 0 0 0 7 0 0 0 0 0 0 0 0 0 0 0 -999
P5873 2065 7 0 0 0 0 0 0 0 0 0 0 0 0 0 0 0 0 0 0 0 0 0 0 0 0 0 0 0 0 0 0 0
P5873 2065 8 0 0 0 0 0 0 0 0 0 0 0 0 0 0 0 0 0 0 0 0 0 0 0 0 0 0 0 0 0 0 0
P5873 2065 9 0 0 0 0 0 0 0 0 0 0 0 0 0 0 0 0 0 0 0 0 53 61 100 173 80 27 20 11 0 0 -999
P5873 2065 10 0 0 0 0 0 0 0 0 0 0 18 9 0 0 0 20 48 59 85 12 19 0 9 0 0 0 0 0 0 0 0
P5873 2065 11 6 0 0 8 69 57 45 39 9 0 0 15 28 16 15 0 0 0 0 0 7 4 3 3 4 2 0 0 0 0 -999
P5873 2065 12 0 0 0 0 4 6 0 0 0 10 64 101 30 0 4 3 0 5 6 12 27 42 146 80 53 79 19 33 8 8 7
P5873 2066 1 3 0 6 12 25 0 0 7 4 7 7 10 6 8 13 23 49 8 0 0 0 0 0 0 0 0 0 0 0 0 0
P5873 2066 2 0 0 0 0 0 11 29 13 7 0 0 0 0 0 0 0 0 18 10 4 0 0 0 12 8 71 5 28 -999 -999 -999
P5873 2066 3 74 91 89 82 99 96 44 71 80 29 36 38 12 18 25 40 17 8 0 23 33 13 20 10 9 0 5 24 10 9 60
P5873 2066 4 28 4 0 0 0 11 11 10 0 0 0 0 0 0 0 10 30 27 0 0 0 0 0 0 0 0 0 0 0 0 -999
P5873 2066 5 0 0 0 0 0 0 0 0 0 0 0 0 0 0 0 0 0 0 0 0 0 0 0 0 0 0 0 0 0 0 0
P5873 2066 6 0 0 0 0 0 0 0 0 0 0 0 0 0 0 0 0 0 0 0 0 0 0 0 0 0 0 0 0 0 0 -999
P5873 2066 7 0 0 0 0 0 0 0 0 0 0 0 0 0 0 0 0 0 0 0 0 0 0 0 0 0 0 0 0 0 0 0
P5873 2066 8 0 0 0 0 0 0 0 0 0 0 0 0 0 0 0 0 0 0 0 0 0 0 0 0 0 0 0 0 0 0 0
P5873 2066 9 0 0 0 0 0 0 0 0 0 0 0 0 0 0 0 0 0 0 0 0 0 0 0 0 0 0 0 0 0 0 -999
P5873 2066 10 0 0 0 0 0 0 0 0 0 0 0 9 57 15 46 77 110 40 16 15 0 10 0 0 0 21 36 27 18 30 107
P5873 2066 11 30 29 38 28 19 28 61 70 71 6 0 0 0 5 0 20 18 25 28 123 132 145 16 0 13 41 68 67 172 180 -999
P5873 2066 12 123 143 79 0 0 5 6 9 10 9 7 106 132 171 38 34 140 44 6 0 2 5 24 21 22 65 70 42 19 18 23
P5873 2067 1 29 72 72 106 42 16 33 26 0 14 29 84 129 73 49 35 90 206 95 7 7 39 24 23 19 17 20 15 44 21 18
P5873 2067 2 18 16 13 0 0 0 6 38 91 7 14 55 14 0 0 0 0 4 19 18 20 19 11 7 0 0 0 9 -999 -999 -999
P5873 2067 3 5 0 12 27 4 0 3 3 6 4 15 18 15 9 9 9 11 5 0 0 0 0 0 0 10 18 38 22 9 8 0
P5873 2067 4 0 0 0 0 0 7 11 16 11 0 0 0 7 18 0 12 16 13 10 7 0 0 0 2 15 26 24 41 0 10 -999
P5873 2067 5 0 0 7 0 15 36 25 0 0 0 11 0 13 16 9 0 11 28 43 40 19 15 6 0 0 0 0 0 0 0 0
P5873 2067 6 0 0 0 0 0 0 21 33 0 0 0 0 0 0 0 0 0 0 0 0 0 0 0 0 0 0 0 0 0 0 -999
P5873 2067 7 0 0 0 0 0 0 0 0 0 0 0 0 0 0 0 0 0 0 0 0 0 0 0 0 0 0 0 0 0 0 0
P5873 2067 8 0 0 0 0 0 0 0 0 0 0 0 0 0 0 0 0 0 0 0 0 0 0 0 0 0 0 0 0 0 0 0
P5873 2067 9 0 0 0 0 0 0 0 0 0 0 0 0 0 0 0 0 0 0 0 0 0 0 0 0 0 0 0 0 0 0 -999
P5873 2067 10 0 0 0 0 0 14 37 36 0 5 0 15 0 0 0 0 0 0 0 0 0 0 0 0 0 0 0 0 22 16 53
P5873 2067 11 10 84 127 51 30 50 172 45 126 68 25 50 31 19 22 15 12 69 141 10 0 7 0 10 10 13 14 4 17 9 -999
P5873 2067 12 9 2 0 43 81 96 12 0 83 63 97 110 28 20 8 9 4 0 0 52 20 20 7 0 0 0 0 0 0 0 0
P5873 2068 1 2 0 2 0 0 0 0 2 4 29 52 16 3 1 1 3 7 5 0 14 9 15 31 65 7 37 2 2 102 81 104
P5873 2068 2 24 30 12 3 6 25 11 42 117 33 43 25 11 0 24 15 0 0 3 5 14 4 7 6 6 0 0 0 -999 -999 -999
P5873 2068 3 5 3 5 10 9 9 0 0 26 132 29 18 0 0 0 18 14 0 0 8 7 0 22 15 4 8 0 0 0 11 3
P5873 2068 4 11 12 5 19 46 23 0 0 0 0 0 0 0 0 0 0 0 0 0 0 0 0 11 12 9 3 0 23 12 0 -999
P5873 2068 5 0 0 14 27 0 0 0 0 0 17 13 46 28 17 42 11 8 5 11 15 7 0 0 0 0 0 0 0 0 0 0
P5873 2068 6 0 0 0 0 0 0 0 0 0 0 0 0 0 0 0 0 0 0 0 0 0 0 0 0 0 0 0 0 0 0 -999
P5873 2068 7 0 0 0 0 0 0 0 0 0 0 0 0 0 0 0 0 0 0 0 0 0 0 0 0 0 0 0 0 0 0 0
P5873 2068 8 0 0 0 0 0 0 0 0 0 0 0 0 0 0 0 0 0 0 0 0 0 0 0 0 0 0 0 0 0 0 0
P5873 2068 9 0 0 0 0 0 0 0 0 0 0 0 0 0 0 0 0 0 0 0 0 24 71 97 39 11 0 18 12 0 0 -999
P5873 2068 10 7 0 0 0 0 0 8 28 19 0 0 6 12 32 9 0 0 0 0 29 48 24 82 22 7 24 0 4 26 16 30
P5873 2068 11 7 0 0 0 0 0 0 0 0 0 0 0 0 0 9 44 15 24 12 7 52 89 44 55 24 0 0 0 34 49 -999
P5873 2068 12 10 19 29 33 167 29 31 39 27 14 33 21 30 11 52 86 175 130 63 13 13 3 0 0 0 36 16 13 0 0 0
P5873 2069 1 0 0 0 0 0 4 11 9 14 56 27 17 9 0 0 0 0 0 0 0 0 7 0 8 12 27 38 83 161 111 131
P5873 2069 2 84 66 25 38 123 19 46 74 122 42 17 12 12 28 6 5 0 0 0 0 0 0 3 0 3 1 1 4 -999 -999 -999
P5873 2069 3 91 75 22 25 40 31 26 32 11 25 23 12 0 0 0 0 0 0 0 4 4 3 4 9 9 0 9 25 61 21 0
P5873 2069 4 5 0 0 0 0 0 35 32 25 34 145 77 25 63 88 69 35 52 93 50 14 8 6 3 0 0 0 13 24 45 -999
P5873 2069 5 71 35 14 15 11 67 64 42 22 23 0 0 0 0 0 6 0 0 11 9 0 0 0 0 0 0 0 6 10 0 0
P5873 2069 6 3 0 9 0 0 0 0 0 0 0 0 0 0 0 0 0 0 0 0 0 0 0 0 0 0 0 0 0 0 0 -999
P5873 2069 7 0 12 0 0 0 0 0 0 0 0 0 0 0 0 0 0 0 0 0 0 0 0 0 0 0 0 0 0 0 0 0
P5873 2069 8 0 0 0 0 0 0 0 0 0 0 0 0 0 0 0 0 0 0 0 0 0 0 0 0 0 0 0 0 0 0 0
P5873 2069 9 0 0 0 0 0 0 0 0 33 16 0 0 0 0 0 0 0 0 0 0 0 0 0 0 0 0 21 38 161 106 -999
P5873 2069 10 73 66 80 11 0 0 0 0 0 0 0 0 0 0 7 11 13 0 0 9 28 31 56 30 21 13 0 0 0 0 24
P5873 2069 11 37 81 136 63 5 0 0 14 33 51 79 48 57 64 7 0 0 0 0 0 11 7 23 74 14 106 43 120 91 15 -999
P5873 2069 12 10 75 109 39 16 16 22 14 0 4 0 6 16 0 0 0 0 0 0 0 0 5 94 61 13 5 8 7 19 4 0
P5873 2070 1 28 32 42 33 59 54 7 13 72 32 10 3 4 3 0 0 12 9 52 121 99 42 98 50 85 52 143 23 18 127 81
P5873 2070 2 28 143 141 24 13 6 8 3 12 114 39 24 15 0 46 48 21 0 3 3 6 12 138 54 90 23 119 18 -999 -999 -999
P5873 2070 3 23 0 0 0 17 0 0 0 96 84 39 29 16 8 0 0 4 62 84 9 69 111 40 16 59 0 0 0 0 0 16
P5873 2070 4 11 25 20 0 47 52 37 79 41 39 26 33 16 19 37 24 19 0 0 0 0 18 20 18 20 13 10 7 5 0 -999
P5873 2070 5 0 0 5 8 17 11 12 8 0 9 5 48 55 87 29 14 9 6 3 0 0 0 0 0 0 0 0 0 0 0 0
P5873 2070 6 0 14 13 9 6 0 0 0 0 0 0 0 0 0 0 0 0 0 0 0 0 0 0 0 0 0 0 0 0 0 -999
P5873 2070 7 0 0 0 0 0 0 0 0 0 0 0 0 0 0 0 0 0 0 0 0 0 0 0 0 0 0 0 0 0 0 0
P5873 2070 8 0 0 0 0 0 0 0 0 0 0 0 0 0 0 0 0 0 0 0 0 0 0 0 0 0 0 0 0 0 0 0
P5873 2070 9 0 0 0 0 0 0 0 0 0 0 0 0 0 0 0 0 0 0 0 0 0 0 0 0 0 0 0 7 18 18 -999
P5873 2070 10 0 0 0 0 0 0 11 7 4 11 47 27 14 9 4 0 0 7 70 148 101 103 34 5 0 0 0 8 7 8 11
P5873 2070 11 0 56 36 45 4 15 52 44 39 28 84 165 68 28 16 44 65 7 49 81 32 87 83 35 8 0 0 0 0 0 -999
P5873 2070 12 0 4 9 0 0 0 0 0 0 4 5 3 3 0 0 0 0 0 4 14 4 70 35 14 27 8 29 41 67 49 11
P5873 2071 1 0 8 12 27 17 0 0 5 12 33 41 62 80 57 100 61 187 131 67 36 25 18 132 105 41 9 9 18 8 19 73
P5873 2071 2 59 7 4 4 44 88 70 14 4 0 0 4 6 0 0 0 0 2 11 38 45 20 12 4 17 70 97 6 -999 -999 -999
P5873 2071 3 0 0 0 5 5 5 9 12 9 28 27 4 0 0 0 0 0 0 9 0 0 0 0 0 12 0 0 0 7 4 0
P5873 2071 4 0 0 0 0 0 0 0 0 0 0 0 0 0 0 0 0 0 0 0 13 34 0 0 0 0 0 0 0 0 0 -999
P5873 2071 5 0 0 0 0 0 0 0 0 0 0 0 0 0 29 5 12 5 0 0 0 0 0 0 0 0 0 0 0 0 0 0
P5873 2071 6 0 0 0 0 0 0 0 8 4 0 0 0 0 0 0 0 0 0 0 0 0 0 0 0 0 0 0 0 0 0 -999
P5873 2071 7 0 0 0 0 0 0 0 0 0 0 0 0 0 0 0 0 0 0 0 0 0 0 0 0 0 0 0 0 0 0 0
P5873 2071 8 0 0 0 0 0 0 0 0 0 0 0 0 0 0 0 0 0 0 0 0 0 0 0 0 0 0 0 0 0 0 0
P5873 2071 9 0 0 0 0 0 0 0 0 0 0 0 0 0 0 0 0 0 0 0 0 0 0 0 0 0 0 0 0 0 0 -999
P5873 2071 10 0 0 0 0 0 9 0 0 10 8 6 6 4 0 0 0 0 0 0 0 0 0 0 0 11 0 0 0 0 0 0
P5873 2071 11 34 30 36 0 6 13 35 76 28 12 20 42 10 4 4 19 2 5 0 0 0 0 0 0 0 15 17 0 0 0 -999
P5873 2071 12 0 3 14 8 22 72 28 0 0 0 0 0 0 0 0 0 0 0 17 0 0 0 0 0 0 0 0 0 0 0 0
P5873 2072 1 0 0 0 0 0 4 9 0 6 26 15 14 8 13 45 5 3 0 0 2 11 147 92 6 0 0 3 29 66 21 68
P5873 2072 2 6 3 3 37 91 28 20 45 41 117 43 195 99 132 74 143 165 74 111 92 107 199 121 34 16 12 21 5 -999 -999 -999
P5873 2072 3 0 0 0 9 7 15 88 42 10 6 7 11 0 8 0 0 0 8 11 0 0 0 9 3 0 0 0 0 0 0 0
P5873 2072 4 0 0 0 0 0 60 34 25 20 15 67 13 4 9 21 21 7 0 0 0 15 0 61 20 0 0 0 0 0 9 -999
P5873 2072 5 0 0 0 7 0 0 0 8 13 0 0 0 0 0 0 0 0 0 0 0 0 0 0 0 0 0 0 0 0 0 0
P5873 2072 6 0 0 16 10 0 0 0 0 0 0 0 0 0 0 0 0 0 0 0 0 0 0 0 0 0 0 0 0 0 0 -999
P5873 2072 7 0 0 0 0 0 0 0 0 0 0 0 0 0 0 0 0 0 0 0 0 0 0 0 0 0 0 0 0 0 0 0
P5873 2072 8 0 0 0 0 0 0 0 0 0 0 0 0 0 0 0 0 0 0 0 0 0 0 0 0 0 0 0 0 0 0 0
P5873 2072 9 0 0 0 0 0 0 0 0 0 0 0 0 0 0 0 0 0 0 0 0 0 0 0 0 0 0 0 0 0 0 -999
P5873 2072 10 21 12 0 15 0 0 8 0 0 0 0 0 0 0 0 0 57 65 25 18 8 36 11 40 24 69 28 9 9 27 134
P5873 2072 11 12 18 0 29 75 103 42 108 133 116 53 20 11 0 0 0 0 0 0 0 4 10 46 93 11 85 135 9 15 15 -999
P5873 2072 12 0 0 0 0 5 56 78 47 6 7 5 0 0 0 0 0 0 3 0 0 7 6 5 0 0 3 2 0 0 0 0
P5873 2073 1 0 0 0 0 10 13 0 0 0 0 0 0 0 0 0 0 0 0 3 0 0 0 0 0 0 6 2 0 0 0 0
P5873 2073 2 0 0 2 18 23 6 9 7 75 97 51 18 27 76 39 25 72 14 16 0 3 3 8 3 0 0 0 0 -999 -999 -999
P5873 2073 3 0 0 0 0 0 0 0 8 7 11 11 0 0 3 7 10 8 20 33 18 14 12 10 0 0 0 7 12 16 6 0
P5873 2073 4 0 0 0 0 0 0 0 0 0 0 0 0 0 14 36 50 14 0 0 0 0 0 0 13 0 0 0 13 0 0 -999
P5873 2073 5 9 0 0 0 0 0 0 0 0 0 0 0 0 25 8 17 30 21 24 11 0 4 24 46 9 0 8 9 0 0 0
P5873 2073 6 0 0 0 0 0 0 0 0 0 0 0 0 0 0 0 0 0 0 0 0 0 0 0 0 0 0 0 0 0 0 -999
P5873 2073 7 0 0 0 0 0 0 0 0 0 0 0 0 0 0 0 0 0 0 0 0 0 0 0 0 0 0 0 0 0 0 0
P5873 2073 8 0 0 0 0 0 0 0 0 0 0 0 0 0 0 0 0 0 0 0 0 0 0 0 0 0 0 0 0 0 0 0
P5873 2073 9 0 0 0 31 0 7 0 0 0 0 0 12 0 0 0 0 0 0 0 0 0 6 11 0 0 0 0 0 0 0 -999
P5873 2073 10 0 0 0 0 0 0 13 16 11 117 58 0 0 0 0 0 0 15 44 17 0 0 0 0 0 0 10 18 8 12 0
P5873 2073 11 16 6 0 0 5 11 131 30 119 122 28 17 9 0 0 0 0 0 0 0 3 16 0 16 8 14 26 15 15 33 -999
P5873 2073 12 43 54 14 31 20 58 16 11 0 0 0 0 0 0 0 0 5 10 12 49 60 100 6 7 49 6 19 0 0 0 0
P5873 2074 1 0 2 0 0 0 0 0 0 0 4 4 4 3 3 0 0 0 39 44 20 0 0 0 0 3 9 8 5 5 0 0
P5873 2074 2 3 0 0 0 0 0 5 9 48 7 5 5 4 4 3 0 0 0 0 5 5 10 9 2 3 6 8 0 -999 -999 -999
P5873 2074 3 16 15 3 0 0 0 0 0 0 0 0 5 0 4 15 0 0 4 4 3 2 0 0 0 0 0 0 0 0 0 0
P5873 2074 4 0 0 0 0 0 0 0 0 0 0 0 0 0 0 0 0 0 0 0 0 0 0 0 0 0 38 18 12 0 0 -999
P5873 2074 5 0 0 0 0 0 13 19 10 13 21 21 16 10 0 0 0 0 5 23 34 31 38 19 0 0 0 0 0 0 0 0
P5873 2074 6 0 0 0 0 0 0 0 0 0 0 0 0 0 0 0 0 0 0 13 0 0 0 0 0 0 0 0 0 0 0 -999
P5873 2074 7 0 0 0 0 0 0 0 0 0 0 0 0 0 0 0 0 0 0 0 0 0 0 0 0 0 0 0 0 0 0 0
P5873 2074 8 0 0 0 0 0 0 0 0 0 0 0 0 0 0 0 0 0 0 0 0 0 0 0 0 0 0 0 0 0 0 0
P5873 2074 9 0 0 0 0 0 0 0 0 0 0 0 0 0 0 0 0 0 8 9 0 0 16 7 6 8 4 0 8 0 0 -999
P5873 2074 10 0 0 9 0 0 0 0 8 22 15 11 0 0 0 0 0 0 9 12 0 0 0 0 4 0 0 0 7 37 6 14
P5873 2074 11 9 14 15 0 0 0 0 15 45 105 18 0 7 0 0 14 12 34 0 0 0 0 131 132 137 9 0 10 14 5 -999
P5873 2074 12 0 0 25 19 0 0 0 11 3 7 5 11 49 186 191 233 102 38 109 37 119 65 8 0 0 0 136 82 185 28 51
P5873 2075 1 81 68 41 35 44 21 8 7 8 10 26 29 75 5 9 6 0 0 0 0 0 0 0 0 0 0 9 4 3 21 29
P5873 2075 2 89 23 5 4 56 43 39 38 12 10 62 68 18 27 4 11 4 0 15 18 83 22 19 6 0 0 0 0 -999 -999 -999
P5873 2075 3 0 0 0 26 52 72 12 0 0 54 30 38 49 47 12 6 10 35 100 59 34 52 74 58 31 19 52 15 49 52 96
P5873 2075 4 23 4 22 0 0 12 0 5 0 0 0 0 0 0 0 0 0 6 5 15 16 6 0 0 0 0 0 0 27 66 -999
P5873 2075 5 36 29 30 90 57 70 32 17 0 0 0 13 12 14 17 20 64 20 15 15 10 11 0 0 0 0 0 0 0 0 0
P5873 2075 6 0 0 0 0 0 0 0 0 0 0 0 0 0 0 0 0 0 0 0 0 0 0 0 0 0 0 0 0 0 0 -999
P5873 2075 7 0 0 0 0 0 0 0 0 0 0 0 0 0 0 0 0 0 0 0 0 0 0 0 0 0 0 0 0 0 0 0
P5873 2075 8 0 0 0 0 0 0 0 0 0 0 0 0 0 0 0 0 0 0 0 0 0 0 0 0 0 0 0 0 0 0 0
P5873 2075 9 0 0 0 0 0 0 0 0 0 0 0 0 0 0 9 0 0 0 0 0 0 0 0 0 0 0 25 21 20 15 -999
P5873 2075 10 0 0 14 21 20 0 0 17 13 9 4 0 0 0 14 10 0 0 25 22 15 4 0 0 13 0 11 16 25 0 0
P5873 2075 11 16 14 24 34 10 12 144 25 106 22 33 100 51 46 17 47 90 33 15 22 27 6 6 14 9 16 31 11 13 8 -999
P5873 2075 12 0 10 0 32 15 38 76 28 100 15 11 36 72 44 3 3 0 0 0 0 0 2 6 0 0 8 3 0 3 1 0
P5873 2076 1 0 0 0 0 0 0 0 0 2 5 4 3 3 9 2 3 0 4 6 0 0 0 0 0 0 0 8 10 0 3 3
P5873 2076 2 3 11 6 4 0 5 0 19 86 0 0 0 1 1 0 0 0 0 5 8 6 0 0 0 0 2 0 0 -999 -999 -999
P5873 2076 3 0 2 0 0 10 9 0 0 24 64 10 0 0 14 14 15 44 51 14 0 3 0 0 0 0 0 0 0 0 0 0
P5873 2076 4 0 0 0 18 0 0 0 0 0 0 0 13 5 0 0 0 0 0 0 0 66 51 31 30 9 0 14 0 0 0 -999
P5873 2076 5 6 6 32 12 0 0 0 0 0 0 0 0 0 0 0 0 8 17 22 34 37 26 25 0 0 0 4 26 18 18 9
P5873 2076 6 30 0 0 0 0 0 0 0 0 0 0 0 0 0 0 0 0 0 0 0 0 0 0 0 0 0 0 0 0 0 -999
P5873 2076 7 0 0 0 0 13 0 0 0 0 0 0 0 0 0 0 0 0 0 0 0 0 0 0 0 0 0 0 0 0 0 0
P5873 2076 8 0 0 0 0 0 0 0 0 0 0 0 0 0 0 0 0 0 0 0 0 0 0 0 0 0 0 0 0 0 0 0
P5873 2076 9 0 0 0 0 0 0 0 0 0 0 0 0 0 0 0 0 0 0 0 0 0 0 16 0 0 0 24 32 11 20 -999
P5873 2076 10 5 8 10 0 0 0 0 0 0 0 24 61 50 110 67 10 16 78 0 0 16 8 25 39 14 0 0 0 0 0 0
P5873 2076 11 0 0 0 9 0 0 4 26 45 46 30 59 7 7 4 0 0 13 11 5 0 0 0 38 17 7 0 0 0 0 -999
P5873 2076 12 0 0 0 0 0 0 1 9 15 0 0 0 0 0 3 6 14 0 0 0 0 0 0 0 0 0 4 4 9 9 2
P5873 2077 1 0 0 0 0 0 6 2 3 0 0 0 14 87 139 64 40 3 3 0 0 0 34 131 35 140 79 60 32 8 4 15
P5873 2077 2 9 3 6 16 51 35 10 0 0 0 0 15 26 13 30 15 37 0 0 0 3 0 4 0 0 0 0 0 -999 -999 -999
P5873 2077 3 0 6 13 0 0 17 13 14 29 23 17 30 44 18 13 20 0 73 41 7 0 0 0 0 0 13 11 18 6 0 0
P5873 2077 4 0 0 0 0 0 0 7 6 47 10 8 0 0 0 0 0 0 0 0 0 0 0 0 0 0 0 0 0 0 0 -999
P5873 2077 5 0 0 0 0 0 0 0 0 0 0 0 0 0 0 0 0 0 0 9 0 0 0 0 33 82 68 47 12 0 0 0
P5873 2077 6 0 0 0 0 0 0 0 0 0 2 9 0 7 10 0 0 0 0 0 0 0 0 0 0 0 0 0 0 0 0 -999
P5873 2077 7 0 0 0 0 0 0 0 0 0 0 0 0 0 0 0 0 0 0 0 0 0 0 0 0 0 0 0 0 0 0 0
P5873 2077 8 0 0 0 0 0 0 0 0 0 0 0 0 0 0 0 0 0 0 0 0 0 0 0 0 0 0 0 0 0 0 0
P5873 2077 9 0 0 0 0 0 0 0 0 0 0 0 0 0 0 0 0 0 0 0 0 0 0 0 0 0 0 15 28 0 0 -999
P5873 2077 10 0 0 0 0 0 0 0 0 0 0 0 0 13 18 15 0 0 13 13 10 14 68 20 5 3 0 0 22 8 0 0
P5873 2077 11 0 10 56 89 94 46 101 58 19 15 18 73 144 172 117 82 86 92 5 18 34 127 106 18 11 10 18 8 4 0 -999
P5873 2077 12 4 0 0 3 5 4 5 26 16 112 182 101 142 166 70 38 132 175 157 66 103 81 106 171 193 182 204 59 45 14 14
P5873 2078 1 10 60 52 67 24 120 19 88 16 48 15 0 0 0 0 0 0 0 0 0 0 48 25 19 0 0 0 0 0 0 6
P5873 2078 2 5 11 3 6 7 63 55 15 8 5 23 15 17 13 17 0 17 8 0 0 4 0 7 10 0 0 0 0 -999 -999 -999
P5873 2078 3 0 0 0 0 0 26 11 23 0 17 43 26 34 107 24 0 0 22 0 0 0 8 15 9 0 0 17 31 27 49 16
P5873 2078 4 31 65 23 116 112 57 14 13 21 0 0 0 6 14 0 0 23 46 37 15 0 0 0 0 0 0 0 33 34 9 -999
P5873 2078 5 16 7 7 19 14 27 25 7 0 7 18 23 20 11 35 31 5 8 0 0 0 0 0 0 0 0 0 0 0 0 0
P5873 2078 6 0 0 0 0 0 0 0 0 0 0 0 0 0 0 0 0 0 0 0 0 0 0 0 0 0 0 0 0 0 0 -999
P5873 2078 7 0 0 0 0 0 0 0 0 0 0 0 0 0 0 0 0 0 0 0 0 0 0 0 0 0 0 0 0 0 0 0
P5873 2078 8 0 0 0 0 0 0 0 0 0 0 0 0 0 0 0 0 0 0 0 0 0 0 0 0 0 0 0 0 0 0 0
P5873 2078 9 0 0 44 36 11 0 0 0 0 0 0 0 0 0 0 0 0 0 0 0 0 0 0 0 0 0 0 0 0 0 -999
P5873 2078 10 0 7 0 0 0 0 0 0 0 0 0 0 0 0 0 4 0 0 0 0 0 0 8 0 0 0 0 0 0 0 0
P5873 2078 11 0 0 86 53 11 5 0 0 0 4 0 0 0 0 0 0 0 0 0 4 0 0 4 3 0 0 9 75 18 47 -999
P5873 2078 12 6 2 0 0 0 0 7 12 0 0 16 0 0 0 13 20 7 0 0 0 0 0 0 0 19 17 27 53 41 116 159
P5873 2079 1 6 6 6 18 8 7 5 11 7 2 6 3 6 4 0 0 0 0 0 0 0 0 0 0 0 8 47 12 0 0 0
P5873 2079 2 0 9 0 5 52 9 6 74 42 4 5 0 8 11 0 0 0 34 109 93 59 23 59 72 85 99 72 25 -999 -999 -999
P5873 2079 3 32 52 20 47 11 5 0 10 10 13 15 16 0 0 0 0 0 0 0 58 87 13 17 4 0 0 0 0 0 12 24
P5873 2079 4 107 42 16 3 0 14 30 14 8 0 0 0 0 0 0 0 0 0 0 0 0 0 0 0 0 0 0 0 0 10 -999
P5873 2079 5 8 18 20 0 0 0 0 0 0 0 0 0 0 0 0 33 22 0 0 0 0 0 0 0 0 0 0 0 0 0 0
P5873 2079 6 0 0 0 0 0 0 0 0 0 5 0 0 0 0 0 0 0 0 0 0 0 0 0 0 0 0 0 0 0 0 -999
P5873 2079 7 0 0 0 0 0 0 0 0 0 0 0 0 0 0 0 0 0 0 0 0 0 0 0 0 0 0 7 0 0 0 0
P5873 2079 8 0 0 0 0 0 0 0 0 0 0 0 0 0 0 0 0 0 0 0 0 0 0 0 0 0 0 0 0 0 0 0
P5873 2079 9 0 0 0 0 0 0 0 0 0 8 16 0 0 0 0 0 0 0 0 0 0 0 0 0 0 0 0 0 3 13 -999
P5873 2079 10 0 0 0 0 0 0 0 0 0 0 0 0 0 0 0 0 0 31 47 63 26 90 33 44 75 14 14 7 14 10 9
P5873 2079 11 7 32 35 5 30 9 0 0 0 4 8 4 0 0 0 0 0 0 0 6 6 5 51 15 13 125 53 30 56 81 -999
P5873 2079 12 7 0 0 0 21 39 60 105 76 46 23 0 5 5 95 95 176 125 163 38 11 7 5 4 0 3 0 4 3 0 0
P5873 2080 1 0 0 0 12 9 3 6 4 0 3 0 9 0 10 0 0 0 0 14 16 21 48 44 18 28 14 7 5 24 9 4
P5873 2080 2 7 0 0 2 1 0 0 0 3 3 18 70 22 16 0 0 3 0 0 0 11 17 17 16 0 0 0 0 -999 -999 -999
P5873 2080 3 0 0 0 0 0 0 0 3 6 0 0 0 0 0 0 0 0 0 4 0 0 0 6 0 0 0 0 7 8 7 20
P5873 2080 4 43 9 33 25 48 110 43 59 71 17 8 0 0 0 0 25 24 41 59 30 6 0 0 10 28 0 0 0 0 0 -999
P5873 2080 5 31 20 10 0 0 0 0 0 0 0 0 0 0 0 0 0 25 11 0 12 0 0 0 0 0 0 0 0 0 0 0
P5873 2080 6 0 0 0 0 0 0 0 0 0 0 0 0 0 0 0 0 0 0 0 0 0 0 0 0 0 0 0 0 0 0 -999
P5873 2080 7 0 0 0 0 0 0 0 0 0 0 0 0 0 0 0 0 0 0 0 0 0 0 0 0 0 0 0 0 0 0 0
P5873 2080 8 0 0 0 0 0 0 0 0 0 0 0 0 0 0 0 0 0 0 0 0 0 0 0 9 43 14 0 0 0 0 0
P5873 2080 9 0 0 0 0 0 0 0 0 0 0 25 15 28 28 0 0 0 0 0 0 0 0 15 47 51 17 0 0 0 0 -999
P5873 2080 10 0 0 0 0 0 0 0 0 0 0 0 22 26 0 8 0 0 0 0 0 0 7 10 66 43 14 6 0 0 0 0
P5873 2080 11 0 0 0 11 26 10 0 0 0 21 13 13 0 0 0 46 44 7 0 5 14 5 0 0 5 8 12 58 6 0 -999
P5873 2080 12 0 0 0 0 0 2 5 36 24 123 28 17 20 81 17 7 5 0 0 0 9 10 37 169 42 0 9 17 9 17 0
P5873 2081 1 0 0 0 0 0 0 0 0 0 0 3 0 0 0 0 2 4 22 44 186 142 166 31 6 13 9 7 0 4 2 0
P5873 2081 2 4 20 117 23 12 18 8 6 5 0 0 0 0 0 0 0 4 36 5 19 64 94 38 24 14 8 23 15 -999 -999 -999
P5873 2081 3 0 0 0 0 5 0 0 0 3 7 29 98 102 118 107 38 169 26 86 53 47 50 100 30 79 73 133 104 22 41 58
P5873 2081 4 21 19 18 16 9 0 0 0 0 0 0 0 0 0 0 0 3 4 0 0 0 0 0 0 0 0 0 25 10 0 -999
P5873 2081 5 0 0 0 0 0 5 19 10 0 0 9 0 0 0 0 0 0 0 0 0 0 0 11 0 7 0 8 21 15 10 0
P5873 2081 6 0 0 0 0 0 0 0 0 7 37 15 6 0 0 0 0 0 0 0 0 0 0 0 0 0 0 0 0 0 0 -999
P5873 2081 7 0 0 0 0 0 0 0 0 0 0 0 0 0 0 0 0 0 0 0 0 0 0 0 0 0 0 0 0 0 0 0
P5873 2081 8 0 0 0 0 0 0 0 0 0 0 0 0 0 0 0 0 0 0 0 0 0 0 0 0 0 0 0 0 0 0 0
P5873 2081 9 0 0 0 0 0 0 0 0 0 0 0 0 0 0 0 0 0 0 0 0 0 0 0 0 0 0 0 0 0 0 -999
P5873 2081 10 0 0 22 0 0 0 0 0 0 19 105 24 23 20 93 29 30 23 20 48 24 0 0 0 0 0 0 0 0 0 21
P5873 2081 11 0 0 50 124 17 43 8 0 9 64 39 17 30 45 88 63 13 59 87 184 46 126 121 15 8 0 0 0 35 64 -999
P5873 2081 12 70 60 27 35 38 23 107 124 16 0 0 0 0 0 0 0 0 2 4 16 89 47 161 22 42 82 26 150 26 0 0
P5873 2082 1 0 0 0 0 0 0 22 17 15 4 0 0 0 7 72 121 13 10 6 3 0 3 2 3 3 8 60 23 82 17 0
P5873 2082 2 0 0 4 13 14 17 11 0 0 0 4 6 0 0 0 0 0 0 0 0 0 0 0 0 0 0 2 0 -999 -999 -999
P5873 2082 3 0 2 8 0 0 0 0 0 0 13 13 8 0 3 0 13 46 33 63 57 0 41 18 29 11 0 5 0 19 25 30
P5873 2082 4 16 0 0 25 31 59 111 35 76 128 66 78 88 0 10 20 13 10 31 23 19 0 0 0 0 0 0 10 11 0 -999
P5873 2082 5 0 0 0 0 0 0 0 0 0 0 0 0 0 0 0 0 0 17 0 0 0 0 0 0 0 0 0 0 0 0 0
P5873 2082 6 0 0 9 0 0 7 22 33 16 9 0 0 0 0 0 0 7 28 27 10 6 0 0 0 0 0 0 0 0 0 -999
P5873 2082 7 0 0 0 0 0 0 0 0 0 0 0 0 0 0 0 0 0 0 0 0 0 0 0 0 0 0 0 0 0 0 0
P5873 2082 8 0 0 0 0 0 0 0 0 0 0 0 0 0 0 0 0 0 0 0 0 0 0 0 0 0 0 0 0 0 0 0
P5873 2082 9 0 0 0 0 0 0 0 0 0 0 0 0 0 0 0 0 0 0 0 0 0 0 0 0 0 0 0 0 0 0 -999
P5873 2082 10 0 0 0 0 0 0 0 0 0 0 0 0 11 13 0 0 11 61 37 191 108 12 20 66 14 17 0 0 0 0 0
P5873 2082 11 0 0 0 0 0 7 0 0 0 20 29 59 27 18 16 100 35 27 10 37 14 56 58 29 11 15 18 61 96 16 -999
P5873 2082 12 5 17 16 9 0 0 0 0 0 0 0 0 0 0 0 0 0 0 3 0 0 0 0 0 0 0 0 0 0 8 0
P5873 2083 1 0 4 0 0 0 12 28 104 28 27 0 3 15 133 89 66 89 11 8 33 12 7 17 29 76 32 81 16 7 60 30
P5873 2083 2 64 58 120 5 24 3 5 13 104 73 162 54 117 23 45 39 179 53 61 26 61 77 34 54 17 30 83 104 -999 -999 -999
P5873 2083 3 156 0 0 0 5 0 7 9 0 12 15 0 5 7 6 0 0 0 0 5 0 2 0 0 5 4 0 0 9 40 30
P5873 2083 4 55 29 24 30 10 0 0 0 0 11 31 35 17 6 0 4 0 13 42 22 19 22 5 0 0 0 0 0 0 0 -999
P5873 2083 5 0 12 15 0 0 0 0 0 0 21 0 0 0 0 0 0 0 0 0 0 0 0 0 0 0 0 0 0 0 0 0
P5873 2083 6 0 0 0 0 0 0 0 0 0 0 0 0 0 0 0 0 0 0 0 0 0 0 0 0 0 0 0 0 0 0 -999
P5873 2083 7 0 0 0 0 0 0 0 0 0 0 0 0 0 0 0 0 0 0 0 0 0 0 0 0 0 0 0 0 0 0 0
P5873 2083 8 0 13 0 0 0 0 0 0 0 0 0 0 0 0 0 0 0 0 0 0 0 0 0 0 0 0 0 0 0 0 0
P5873 2083 9 0 0 0 0 0 0 0 0 0 0 0 0 0 0 0 0 0 0 0 0 0 0 0 0 12 0 0 0 0 10 -999
P5873 2083 10 17 13 0 0 0 0 0 0 0 0 0 0 0 0 0 0 0 0 0 0 0 0 0 0 0 0 15 0 0 0 0
P5873 2083 11 0 0 32 0 0 10 20 10 41 43 0 26 29 25 20 42 47 80 50 69 14 7 32 56 11 15 8 11 0 0 -999
P5873 2083 12 0 0 0 0 0 4 8 10 0 23 21 15 21 6 7 31 48 17 0 0 0 0 6 3 0 0 0 0 0 0 8
P5873 2084 1 7 79 61 7 4 6 18 7 0 0 0 3 6 4 0 0 15 140 123 13 14 61 78 10 5 0 0 0 0 0 0
P5873 2084 2 0 0 11 5 0 0 0 0 0 0 15 45 45 5 0 0 7 5 22 21 15 0 106 57 19 55 21 23 -999 -999 -999
P5873 2084 3 15 19 9 11 23 29 0 0 13 36 34 43 38 26 24 73 38 34 28 63 111 33 14 69 12 0 27 43 16 20 35
P5873 2084 4 36 45 126 118 79 18 63 65 91 50 107 22 5 37 70 28 0 0 18 0 0 0 0 0 0 0 0 0 0 0 -999
P5873 2084 5 0 0 0 0 0 0 0 8 0 0 0 0 0 0 0 0 0 0 0 0 0 0 0 0 0 0 0 0 0 0 6
P5873 2084 6 0 0 0 0 0 0 0 0 0 0 0 0 0 0 0 0 0 0 0 0 0 0 0 0 0 0 0 0 0 0 -999
P5873 2084 7 0 0 0 0 0 0 0 0 0 0 0 0 0 0 0 0 0 0 0 0 0 0 0 0 0 0 0 0 0 0 0
P5873 2084 8 0 0 0 0 0 0 0 0 0 0 0 0 0 0 0 0 0 0 0 0 0 0 0 0 0 0 0 0 0 0 0
P5873 2084 9 0 0 0 0 0 0 0 0 0 0 0 0 0 0 0 0 0 0 0 0 0 0 0 0 18 16 0 0 0 0 -999
P5873 2084 10 7 11 0 0 0 0 0 0 0 0 0 0 0 0 14 17 0 0 0 0 0 0 5 9 9 0 0 0 0 0 0
P5873 2084 11 0 0 0 6 89 35 34 31 119 103 38 163 103 16 0 8 9 10 0 0 0 0 0 0 0 0 0 0 0 7 -999
P5873 2084 12 7 0 8 22 12 12 8 5 3 0 0 0 0 0 2 3 5 0 4 0 0 0 4 7 7 44 11 26 6 0 0
P5873 2085 1 0 0 0 0 0 0 0 0 0 0 0 0 3 9 16 0 0 0 0 0 0 0 2 3 8 4 8 7 4 2 0
P5873 2085 2 0 0 2 3 0 0 0 0 0 0 0 0 0 0 0 27 6 0 0 0 0 0 7 0 0 3 2 0 -999 -999 -999
P5873 2085 3 0 0 0 0 6 0 0 0 0 14 12 13 9 0 0 5 0 36 24 25 148 53 57 35 12 9 21 16 22 105 42
P5873 2085 4 90 62 129 13 85 0 0 0 0 0 0 0 0 0 76 0 0 0 0 4 0 0 0 0 0 4 31 23 32 29 -999
P5873 2085 5 13 0 0 13 7 0 5 0 6 36 25 17 13 8 0 0 0 5 11 14 0 0 0 0 6 0 0 0 0 0 0
P5873 2085 6 0 0 0 0 0 0 0 0 0 0 0 0 0 0 0 0 0 0 0 0 0 0 0 0 0 0 0 0 0 0 -999
P5873 2085 7 0 0 0 0 0 0 0 0 0 0 0 0 0 0 0 0 0 0 0 0 0 0 0 0 0 0 0 0 0 0 0
P5873 2085 8 0 0 0 0 0 0 0 0 0 0 0 0 0 0 0 0 0 0 0 0 0 0 0 0 0 0 0 0 0 0 0
P5873 2085 9 0 0 0 0 0 0 0 0 0 0 0 0 0 0 0 0 0 0 0 0 18 25 0 6 0 0 0 0 0 0 -999
P5873 2085 10 0 0 0 0 12 0 0 10 17 0 0 0 0 0 0 0 0 0 0 0 0 0 9 9 0 0 8 0 0 0 0
P5873 2085 11 7 9 46 46 20 28 12 16 0 0 0 0 0 0 0 9 4 38 103 112 131 138 35 153 136 21 158 8 17 8 -999
P5873 2085 12 90 88 25 25 87 37 12 2 8 47 28 20 17 10 5 0 0 7 3 3 4 14 111 101 32 10 34 19 53 21 84
P5873 2086 1 57 129 40 51 11 0 0 0 0 0 0 0 0 0 0 10 0 0 0 0 0 0 0 2 0 0 0 0 0 0 0
P5873 2086 2 0 0 0 0 2 0 0 0 0 0 0 3 15 10 9 16 18 48 9 19 87 11 2 0 0 11 12 8 -999 -999 -999
P5873 2086 3 0 0 0 0 0 0 0 0 0 3 2 0 9 0 0 0 0 0 16 6 0 13 0 0 0 0 0 0 4 0 10
P5873 2086 4 17 25 0 0 0 0 9 30 10 15 9 0 0 20 56 102 90 81 67 39 24 16 56 21 0 0 9 6 0 0 -999
P5873 2086 5 0 0 12 0 0 0 0 0 0 0 0 17 11 0 0 0 0 12 19 15 8 0 0 0 9 0 0 0 0 0 0
P5873 2086 6 0 0 0 0 0 0 0 0 0 0 0 0 0 0 0 0 0 0 0 0 0 0 0 0 0 0 0 0 0 0 -999
P5873 2086 7 0 0 0 0 0 0 0 0 0 0 0 0 0 0 0 0 0 0 0 0 0 0 0 0 0 0 0 0 0 0 0
P5873 2086 8 0 0 0 0 0 0 0 0 0 0 0 0 0 0 0 0 0 0 0 0 0 0 0 0 0 0 0 0 0 0 0
P5873 2086 9 0 0 0 0 0 0 23 0 0 0 0 26 18 11 0 25 18 11 0 7 6 0 0 9 0 0 0 0 0 0 -999
P5873 2086 10 12 14 0 0 0 0 0 0 0 0 0 14 0 0 12 11 6 6 0 0 0 0 12 22 22 36 42 0 10 28 8
P5873 2086 11 0 32 0 0 6 0 3 8 0 19 8 20 49 20 140 99 132 83 89 114 29 25 10 7 0 8 26 30 80 20 -999
P5873 2086 12 28 43 16 39 78 10 0 0 0 0 0 7 10 4 2 0 0 0 13 28 11 0 0 0 3 2 3 5 8 10 16
P5873 2087 1 15 122 42 13 35 27 9 0 0 4 4 2 7 33 149 25 16 25 64 4 8 3 0 0 0 0 0 0 0 10 0
P5873 2087 2 0 0 4 4 0 0 0 0 0 0 0 4 4 4 0 0 0 0 0 3 0 0 0 0 0 0 0 3 -999 -999 -999
P5873 2087 3 3 0 4 8 0 15 9 2 0 0 0 0 0 25 17 9 47 60 34 7 8 10 0 0 0 45 97 21 14 0 0
P5873 2087 4 0 0 6 7 27 5 0 0 0 0 0 0 24 0 0 0 9 21 15 13 4 13 3 0 0 0 0 0 0 0 -999
P5873 2087 5 0 0 0 0 0 0 0 59 101 71 7 0 0 0 0 0 0 0 0 0 0 0 0 0 0 0 0 11 13 14 0
P5873 2087 6 0 0 0 0 0 0 0 0 0 0 0 0 0 0 0 0 0 0 0 0 0 0 0 0 0 0 0 0 0 0 -999
P5873 2087 7 0 0 0 0 0 0 0 0 0 0 0 0 0 0 0 0 0 0 0 0 0 0 0 0 0 0 0 0 0 0 0
P5873 2087 8 0 0 0 0 0 0 0 0 0 0 0 0 0 0 0 0 0 0 0 0 0 0 0 0 0 0 0 0 0 0 0
P5873 2087 9 0 0 0 0 0 0 0 0 0 0 0 0 0 0 0 0 0 0 20 20 50 9 0 0 0 0 0 23 13 0 -999
P5873 2087 10 0 0 0 0 0 0 0 0 0 0 0 0 0 0 0 0 0 0 12 21 9 68 49 14 9 17 0 0 0 0 0
P5873 2087 11 0 0 0 16 17 6 19 9 9 13 4 21 24 33 73 24 18 26 0 0 6 0 5 0 0 0 0 0 52 16 -999
P5873 2087 12 80 133 11 23 0 0 21 13 0 0 37 87 77 76 65 41 91 146 99 44 160 23 0 0 0 0 0 0 0 0 0
P5873 2088 1 0 0 0 0 3 3 32 132 159 140 109 145 164 174 28 150 84 71 11 8 7 5 29 106 121 134 218 63 115 43 30
P5873 2088 2 43 12 8 28 19 18 0 0 0 2 0 0 0 2 0 10 33 39 32 0 0 10 28 0 0 0 0 0 -999 -999 -999
P5873 2088 3 0 0 0 11 6 9 69 10 6 0 0 0 24 25 13 28 28 13 16 3 0 0 6 14 48 15 12 0 0 0 0
P5873 2088 4 9 0 0 0 0 0 0 0 7 25 17 13 12 6 0 0 0 0 0 0 0 0 0 0 0 0 0 0 0 0 -999
P5873 2088 5 0 0 10 0 14 6 11 0 0 0 52 41 27 8 5 0 0 0 0 0 0 0 0 0 0 0 0 0 0 0 0
P5873 2088 6 0 0 0 0 0 0 0 0 0 0 0 0 0 0 0 0 0 0 0 0 0 0 0 0 0 0 0 0 0 0 -999
P5873 2088 7 0 0 0 0 0 0 0 0 0 0 0 0 0 0 0 0 0 0 0 0 0 0 0 0 0 0 0 0 0 0 0
P5873 2088 8 0 0 0 0 0 0 0 0 0 0 0 0 0 0 0 0 0 0 0 0 0 0 0 0 0 0 0 0 0 0 0
P5873 2088 9 0 0 0 0 0 0 0 0 0 0 8 0 0 0 0 0 0 0 0 0 0 0 0 0 0 0 0 0 0 0 -999
P5873 2088 10 0 0 0 0 0 0 0 0 0 0 30 8 30 9 0 0 0 0 0 0 0 0 0 0 0 0 0 0 0 0 0
P5873 2088 11 0 12 91 110 32 97 28 62 115 44 13 18 8 0 0 0 0 0 0 0 0 9 26 12 10 27 74 7 0 27 -999
P5873 2088 12 60 13 22 66 150 44 13 0 0 0 0 0 0 0 0 0 0 0 0 0 2 1 0 0 3 15 16 0 0 7 0
P5873 2089 1 0 0 0 5 7 11 24 0 0 4 61 28 17 73 76 47 26 8 92 174 44 98 84 22 52 81 42 11 32 70 56
P5873 2089 2 177 16 11 36 81 18 14 33 31 144 57 142 85 61 109 155 117 83 83 45 31 3 0 0 0 10 64 24 -999 -999 -999
P5873 2089 3 10 0 0 0 0 0 0 0 0 0 0 0 0 0 0 0 17 14 0 0 0 0 0 0 0 0 0 0 0 0 0
P5873 2089 4 0 0 0 0 6 0 7 67 81 21 12 0 0 0 12 10 0 0 0 52 15 0 0 0 0 0 0 28 0 0 -999
P5873 2089 5 6 6 0 0 0 0 0 41 4 0 0 0 0 0 0 0 0 0 0 0 0 0 0 0 0 0 0 0 0 0 0
P5873 2089 6 8 10 0 0 0 0 0 0 0 0 0 0 0 0 0 0 0 0 0 0 0 0 0 0 0 0 0 0 0 0 -999
P5873 2089 7 0 0 0 0 0 0 0 0 0 0 0 0 0 0 0 0 0 0 0 0 0 0 0 0 0 0 0 0 0 0 0
P5873 2089 8 0 0 0 0 0 0 0 0 0 0 0 0 0 0 0 0 0 0 0 0 0 0 0 0 0 0 0 0 0 0 0
P5873 2089 9 0 0 0 0 0 0 0 0 0 0 0 0 0 0 0 0 0 0 0 0 0 0 0 0 0 0 0 0 0 0 -999
P5873 2089 10 0 0 0 0 0 0 0 0 0 0 0 13 8 8 12 13 0 0 0 0 0 0 0 0 10 11 0 0 0 0 0
P5873 2089 11 6 0 0 0 0 4 6 0 0 0 8 7 13 23 47 117 66 130 109 79 78 128 143 114 9 8 6 3 64 28 -999
P5873 2089 12 118 118 19 19 0 8 9 18 0 0 0 0 0 0 0 0 10 22 42 81 79 60 31 6 0 0 0 0 3 49 37
P5873 2090 1 17 0 0 0 0 7 8 0 0 6 8 19 0 2 0 0 0 3 0 37 64 98 59 17 14 9 10 0 3 8 4
P5873 2090 2 0 50 30 0 0 6 7 7 23 54 114 112 91 135 118 165 174 45 39 47 97 18 13 22 17 82 84 47 -999 -999 -999
P5873 2090 3 18 6 2 0 4 5 75 119 39 15 46 147 70 9 5 0 0 0 0 0 0 0 0 3 9 4 0 0 0 0 0
P5873 2090 4 0 43 19 58 26 12 0 0 0 0 4 7 7 0 0 0 0 0 0 0 0 12 17 28 6 16 12 31 7 8 -999
P5873 2090 5 5 0 0 0 0 0 0 0 0 0 0 0 0 0 17 72 38 17 11 6 7 0 0 0 0 0 0 0 18 0 0
P5873 2090 6 0 0 0 14 31 48 21 4 4 8 4 0 0 0 0 0 0 0 0 0 0 0 6 15 25 14 0 5 0 0 -999
P5873 2090 7 0 0 0 0 0 0 0 0 0 0 0 0 0 0 0 0 0 0 0 0 0 0 0 0 0 0 0 0 0 0 0
P5873 2090 8 0 0 0 0 0 0 0 0 0 0 0 0 0 0 0 0 0 0 0 0 0 0 0 0 0 0 0 0 0 0 0
P5873 2090 9 0 0 0 0 0 0 0 0 0 0 0 0 0 0 0 0 0 0 0 0 0 0 0 0 0 0 0 30 14 0 -999
P5873 2090 10 6 5 0 0 0 0 0 28 25 29 13 23 4 0 0 0 0 45 28 17 0 0 0 0 0 0 0 0 0 0 21
P5873 2090 11 25 18 7 4 0 0 0 0 0 0 0 0 0 0 0 0 0 4 3 0 0 4 2 0 7 24 47 112 127 229 -999
P5873 2090 12 168 8 99 50 6 0 6 0 38 55 19 26 25 37 24 0 0 0 0 0 0 25 0 60 0 0 0 0 13 16 0
P5873 2091 1 0 0 0 2 0 0 0 0 0 0 0 0 0 0 0 0 0 0 13 8 35 36 54 100 26 157 36 84 15 33 7
P5873 2091 2 22 40 25 69 48 87 46 51 49 31 19 11 69 28 50 29 12 2 0 0 5 41 84 26 26 21 2 0 -999 -999 -999
P5873 2091 3 0 0 0 17 0 0 0 6 7 0 0 0 0 0 0 0 0 0 0 7 7 2 0 3 0 0 0 0 2 0 0
P5873 2091 4 0 7 0 0 0 0 0 0 0 0 0 0 0 0 0 0 0 0 0 19 0 0 0 24 31 18 0 7 6 0 -999
P5873 2091 5 4 0 0 0 17 30 16 12 0 0 9 17 45 44 24 59 46 17 12 0 0 0 0 0 0 0 0 0 0 0 0
P5873 2091 6 0 0 0 0 0 0 0 0 0 0 0 0 0 0 0 0 0 0 0 0 0 0 0 0 0 0 0 0 0 0 -999
P5873 2091 7 0 0 0 0 0 0 0 0 0 0 0 0 0 0 0 0 0 0 0 0 0 0 0 0 0 0 0 0 0 0 0
P5873 2091 8 0 0 0 0 0 0 0 0 0 0 0 0 0 0 0 0 0 0 0 0 0 0 0 0 0 0 0 0 0 0 0
P5873 2091 9 0 0 0 0 0 0 0 0 0 0 0 0 0 0 0 0 0 30 17 14 10 8 0 0 61 48 0 0 0 0 -999
P5873 2091 10 0 0 0 0 0 0 0 0 13 22 4 0 0 0 0 0 0 0 0 0 0 0 21 0 0 0 0 16 31 20 51
P5873 2091 11 35 65 68 23 24 89 126 73 25 58 95 54 47 6 0 0 30 29 12 17 23 6 3 0 3 0 0 10 5 0 -999
P5873 2091 12 0 0 0 5 0 0 0 5 0 0 0 35 118 97 18 46 12 31 36 47 98 19 0 0 4 6 0 0 0 0 0
P5873 2092 1 5 0 0 0 41 45 15 36 5 14 7 129 175 40 23 2 0 0 0 0 0 0 6 7 15 50 11 0 0 0 0
P5873 2092 2 0 0 3 20 92 102 25 9 5 3 0 0 0 0 0 0 0 0 6 5 53 28 10 16 0 0 0 4 -999 -999 -999
P5873 2092 3 4 0 0 0 0 0 0 0 0 0 0 0 0 0 7 14 32 93 25 51 61 8 0 0 0 0 0 0 0 0 0
P5873 2092 4 0 0 0 0 0 0 11 17 40 23 0 0 0 0 0 28 0 0 0 39 42 0 0 0 0 15 0 0 0 0 -999
P5873 2092 5 0 0 0 0 0 0 0 0 0 0 0 0 0 0 0 0 0 0 0 0 0 0 0 0 0 0 0 0 18 0 0
P5873 2092 6 0 0 0 0 0 0 0 0 0 0 0 0 0 0 0 0 0 0 0 0 0 0 0 0 0 0 0 0 0 0 -999
P5873 2092 7 0 0 0 0 0 0 0 0 0 0 0 0 0 0 0 0 0 0 0 0 0 0 0 0 0 0 0 0 0 0 0
P5873 2092 8 0 0 0 0 0 0 0 0 0 0 0 0 0 0 0 0 0 0 0 0 0 0 0 0 0 0 0 0 10 22 0
P5873 2092 9 0 0 0 0 0 0 0 0 0 0 0 0 0 0 0 0 0 0 0 8 19 19 0 0 0 0 0 0 0 0 -999
P5873 2092 10 0 0 7 4 0 0 0 0 0 0 11 0 0 0 3 0 5 6 23 6 0 0 0 0 0 0 11 0 0 0 7
P5873 2092 11 11 0 0 0 16 10 72 33 29 0 7 0 60 16 9 10 11 27 0 0 0 0 0 7 0 0 0 0 0 0 -999
P5873 2092 12 0 0 0 0 13 26 28 29 15 11 0 0 0 0 0 0 0 0 0 0 0 0 0 0 0 33 133 16 8 0 0
P5873 2093 1 0 0 2 4 53 13 19 67 121 84 71 93 60 10 17 7 0 0 0 0 0 0 5 3 0 0 0 5 2 7 25
P5873 2093 2 3 0 3 5 7 40 13 90 175 195 30 12 13 38 49 55 44 70 168 88 26 23 4 0 0 0 0 0 -999 -999 -999
P5873 2093 3 0 12 40 23 12 0 0 43 16 72 64 26 23 23 173 19 18 64 117 118 75 29 49 45 12 0 3 8 29 29 69
P5873 2093 4 7 0 0 0 0 4 0 13 10 23 25 5 0 0 0 0 0 10 36 0 0 0 30 12 0 0 0 0 11 11 -999
P5873 2093 5 0 0 14 23 15 13 9 9 40 45 40 0 0 0 0 0 0 0 0 0 0 0 0 0 0 0 0 0 0 0 0
P5873 2093 6 0 0 0 0 0 0 0 0 0 0 4 22 33 12 10 0 0 0 0 0 0 0 0 0 0 0 0 0 0 0 -999
P5873 2093 7 0 0 0 0 0 0 0 0 0 0 0 0 0 0 0 0 0 0 0 0 0 0 0 0 0 0 0 0 0 0 0
P5873 2093 8 0 0 0 0 0 0 0 0 0 0 0 0 0 0 0 0 0 0 0 0 0 0 0 0 0 0 6 11 0 0 0
P5873 2093 9 0 0 0 0 0 0 0 0 0 0 0 0 21 0 0 0 0 0 0 0 0 0 0 0 0 0 0 0 0 0 -999
P5873 2093 10 0 0 0 0 0 0 0 0 8 17 0 0 0 0 0 0 0 0 0 0 0 13 6 0 0 0 0 0 0 0 4
P5873 2093 11 16 44 52 78 32 21 9 19 26 33 16 21 76 0 0 0 5 33 91 18 0 0 15 82 18 63 35 3 3 4 -999
P5873 2093 12 5 9 55 13 0 6 20 23 13 8 15 19 0 0 0 0 0 0 0 0 0 0 0 0 0 3 4 33 95 22 12
P5873 2094 1 0 0 5 9 61 127 146 31 4 0 0 0 0 0 0 0 3 5 6 0 2 0 2 0 0 0 0 0 0 0 4
P5873 2094 2 0 0 0 0 17 3 22 3 0 0 0 0 0 6 12 4 0 0 5 18 12 0 5 74 28 19 109 57 -999 -999 -999
P5873 2094 3 27 69 28 26 90 167 53 169 125 70 55 9 33 8 3 0 5 0 0 0 0 0 0 0 0 0 0 0 0 0 0
P5873 2094 4 0 0 0 19 15 5 0 0 6 15 7 64 19 16 53 31 16 6 6 0 0 0 6 30 87 17 8 0 0 0 -999
P5873 2094 5 0 0 0 0 0 0 0 0 0 0 0 0 0 0 0 0 0 0 0 0 0 0 0 0 0 0 0 0 0 0 0
P5873 2094 6 0 0 0 0 0 0 11 9 7 3 0 0 8 0 0 0 0 0 0 0 0 0 0 0 0 0 0 0 0 0 -999
P5873 2094 7 0 0 0 0 0 0 0 0 0 0 0 0 0 0 0 0 0 0 0 0 0 0 0 0 0 0 0 0 0 0 0
P5873 2094 8 0 0 0 0 0 0 0 0 0 0 0 0 0 0 0 0 0 0 0 0 0 0 0 0 0 0 0 0 0 0 0
P5873 2094 9 0 0 0 0 0 0 0 0 0 0 0 0 0 0 0 0 0 0 0 0 0 9 4 0 0 0 0 0 11 12 -999
P5873 2094 10 22 77 87 73 37 24 0 0 0 0 0 0 0 0 0 0 0 0 0 6 13 0 0 0 0 0 17 17 16 9 11
P5873 2094 11 6 0 0 0 0 26 50 10 10 0 9 7 36 11 26 6 0 0 0 0 0 0 6 7 5 21 127 83 18 6 -999
P5873 2094 12 0 6 8 12 73 159 127 100 88 95 115 29 0 77 89 10 17 15 8 0 0 6 10 0 7 38 147 51 103 61 31
P5873 2095 1 140 24 101 47 48 61 19 16 28 30 55 54 11 21 28 18 126 104 170 178 160 149 45 110 175 78 137 130 20 30 109
P5873 2095 2 56 7 5 54 21 17 27 8 11 4 0 0 20 43 20 41 9 9 9 0 0 0 3 2 0 0 0 0 -999 -999 -999
P5873 2095 3 0 0 0 0 0 0 0 0 0 0 15 56 14 36 60 45 42 70 39 30 14 19 0 0 0 15 0 0 0 0 0
P5873 2095 4 14 20 18 0 0 39 108 118 23 38 24 6 0 0 0 0 3 0 0 0 0 0 6 0 0 0 0 0 0 0 -999
P5873 2095 5 10 0 0 0 0 0 0 0 0 0 56 25 0 0 0 0 0 0 0 0 0 0 0 0 0 0 0 0 0 0 0
P5873 2095 6 0 0 0 0 0 0 0 0 0 0 0 0 0 0 0 0 0 0 0 0 0 0 0 0 0 0 7 9 0 0 -999
P5873 2095 7 0 0 0 0 0 0 0 0 0 0 0 0 0 0 0 0 0 0 0 0 0 0 0 0 0 0 0 0 0 0 0
P5873 2095 8 0 0 0 0 0 0 0 0 0 0 0 0 0 0 0 0 0 0 0 0 0 0 0 0 0 0 0 0 0 0 0
P5873 2095 9 0 0 0 0 0 0 0 0 0 0 0 0 0 0 0 0 0 0 0 0 0 0 0 0 0 0 0 0 0 0 -999
P5873 2095 10 0 0 0 0 0 0 0 0 0 0 24 12 0 0 0 0 13 0 0 0 0 0 0 0 0 0 0 4 35 18 12
P5873 2095 11 17 39 24 13 8 0 5 99 109 48 180 121 64 25 0 8 5 8 13 20 0 0 0 6 4 14 26 26 23 23 -999
P5873 2095 12 7 0 0 0 0 11 3 0 14 0 0 0 0 0 0 2 0 11 0 0 0 0 0 0 0 0 0 0 0 0 0
P5873 2096 1 0 0 4 40 9 31 17 17 20 23 25 0 0 0 3 1 0 0 0 0 4 0 0 0 0 0 0 0 18 10 0
P5873 2096 2 0 0 0 4 0 0 1 4 7 9 9 6 0 7 13 28 0 0 0 0 0 0 0 25 20 14 6 10 -999 -999 -999
P5873 2096 3 0 45 110 58 16 0 16 10 6 0 0 10 14 16 10 0 0 0 0 0 0 0 0 0 0 3 15 0 15 21 17
P5873 2096 4 0 0 5 0 0 20 22 43 15 0 24 44 32 67 24 11 13 25 48 15 0 0 0 0 0 0 0 14 19 0 -999
P5873 2096 5 0 0 0 0 0 0 0 0 0 0 0 0 0 0 0 0 0 0 0 0 0 0 0 0 0 0 0 0 43 57 81
P5873 2096 6 57 18 35 18 0 0 0 0 0 0 0 7 0 0 0 0 0 0 0 0 0 8 0 0 0 0 0 0 0 0 -999
P5873 2096 7 0 0 0 0 0 0 0 0 0 0 0 0 0 0 0 0 0 0 0 0 0 0 0 0 0 0 0 0 0 0 0
P5873 2096 8 0 0 0 0 0 0 0 0 0 0 0 0 0 0 0 0 0 0 0 0 0 0 0 0 0 0 0 0 0 0 0
P5873 2096 9 5 0 0 0 0 0 0 8 0 0 0 0 0 0 0 0 0 0 0 0 0 0 0 0 0 0 0 0 0 0 -999
P5873 2096 10 0 0 0 0 0 0 0 0 8 15 21 14 11 0 0 12 59 119 82 69 23 23 0 7 7 0 0 9 16 83 26
P5873 2096 11 75 75 36 32 30 21 23 59 88 153 39 17 79 60 181 115 140 60 68 91 29 13 4 0 8 13 12 6 31 10 -999
P5873 2096 12 0 0 0 0 0 3 0 0 0 0 0 0 0 3 4 0 0 0 0 0 0 0 0 15 17 103 50 59 80 80 72
P5873 2097 1 43 27 44 49 15 6 50 82 57 54 34 64 19 15 54 142 39 24 70 31 12 0 2 10 0 11 0 8 17 7 8
P5873 2097 2 11 8 2 0 16 6 3 4 0 12 0 10 4 0 0 0 0 0 0 29 7 0 0 0 0 0 0 12 -999 -999 -999
P5873 2097 3 0 0 0 22 69 21 0 0 0 0 0 0 0 19 0 0 14 26 72 69 32 0 0 12 19 19 0 0 0 0 0
P5873 2097 4 18 0 0 0 0 0 0 0 0 12 0 0 0 0 0 0 0 7 28 28 66 65 25 27 98 81 42 19 5 5 -999
P5873 2097 5 0 0 9 0 0 18 8 0 0 0 0 0 0 0 0 0 0 0 0 0 0 0 0 0 0 0 0 0 0 0 0
P5873 2097 6 0 0 0 0 0 0 0 0 0 0 0 13 11 0 0 0 0 0 0 0 0 0 0 0 0 0 0 0 0 0 -999
P5873 2097 7 0 0 0 0 0 0 0 0 0 0 0 0 0 0 0 0 0 0 0 0 0 0 0 0 0 0 0 0 0 0 0
P5873 2097 8 0 0 0 0 0 0 0 0 0 0 0 0 0 0 0 0 0 0 0 0 0 0 0 0 0 0 0 0 0 0 0
P5873 2097 9 0 0 0 0 0 0 0 0 0 0 0 0 0 0 0 0 0 0 0 9 0 0 0 0 0 0 0 0 0 0 -999
P5873 2097 10 21 35 16 18 26 0 0 0 0 0 0 0 0 0 0 0 8 42 51 51 25 14 43 28 0 0 0 0 8 41 35
P5873 2097 11 31 41 6 37 4 0 0 0 15 37 35 12 100 45 120 14 0 0 9 19 29 63 10 0 0 0 0 0 0 0 -999
P5873 2097 12 0 0 72 127 87 52 69 6 0 0 0 0 0 0 191 57 17 14 8 13 34 45 25 11 4 4 48 8 0 0 0
P5873 2098 1 0 11 8 4 21 27 13 35 10 9 0 0 0 5 3 0 0 0 3 7 14 5 15 2 0 0 0 4 0 0 3
P5873 2098 2 5 25 146 13 78 23 97 60 56 41 12 24 40 16 18 21 13 0 12 28 9 0 0 10 15 14 4 6 -999 -999 -999
P5873 2098 3 0 12 0 0 0 0 3 0 0 0 0 0 0 0 0 0 0 5 49 19 17 4 0 0 0 0 0 0 0 0 0
P5873 2098 4 0 0 0 0 0 0 0 2 15 16 21 25 0 11 0 0 0 0 0 27 34 0 0 0 0 0 26 16 0 0 -999
P5873 2098 5 0 0 0 0 0 0 0 0 0 0 0 0 0 0 0 0 32 24 0 0 0 0 0 0 0 0 0 0 0 0 0
P5873 2098 6 0 0 0 0 0 0 0 0 0 0 0 0 0 20 17 8 0 0 0 0 8 9 18 13 0 0 0 0 0 0 -999
P5873 2098 7 0 0 0 0 0 0 0 0 0 0 0 0 0 0 0 0 0 0 0 0 0 0 0 0 0 0 0 0 0 0 0
P5873 2098 8 0 0 0 0 0 0 0 0 0 0 0 0 0 0 0 0 0 0 0 0 0 0 0 0 0 0 0 0 0 0 0
P5873 2098 9 0 0 0 0 0 0 0 0 0 0 0 0 0 0 0 0 0 16 37 43 0 0 0 0 16 32 26 0 0 0 -999
P5873 2098 10 0 0 0 16 7 0 0 0 0 0 0 0 0 0 9 0 26 21 7 33 24 27 13 2 0 5 0 41 26 103 52
P5873 2098 11 106 57 20 73 25 66 13 35 12 147 42 26 32 0 0 53 89 51 13 7 5 35 36 17 0 0 7 6 44 53 -999
P5873 2098 12 31 117 61 106 85 36 12 0 58 0 0 0 0 0 0 0 0 17 18 18 41 85 74 24 9 8 0 10 0 0 0
P5873 2099 1 0 0 2 0 0 0 0 0 0 0 4 0 0 0 2 4 3 0 0 0 0 0 0 0 1 0 0 0 0 0 4
P5873 2099 2 5 36 62 10 9 0 0 0 0 0 0 0 0 0 0 0 0 15 21 15 15 8 0 3 10 0 30 5 -999 -999 -999
P5873 2099 3 4 3 6 0 21 56 73 99 90 181 112 23 0 0 0 0 0 0 0 0 0 0 10 7 3 0 0 0 5 0 4
P5873 2099 4 0 6 9 0 13 0 0 0 0 0 0 4 12 30 22 12 0 0 0 0 0 4 4 2 8 13 0 0 0 0 -999
P5873 2099 5 0 0 0 0 5 0 8 0 0 0 0 0 0 10 0 0 0 0 0 0 0 0 0 0 0 0 0 0 0 0 0
P5873 2099 6 0 0 0 0 0 0 0 0 0 0 0 0 17 0 0 0 0 5 15 14 12 0 0 0 0 0 0 0 0 0 -999
P5873 2099 7 0 0 0 0 0 0 0 0 0 0 0 0 0 0 0 0 0 0 0 0 24 0 0 0 0 0 0 0 0 0 0
P5873 2099 8 0 0 0 0 0 0 0 0 0 0 0 0 0 0 0 0 0 0 0 0 0 0 0 0 0 0 0 0 18 11 0
P5873 2099 9 0 0 0 0 0 0 0 0 0 9 7 0 0 0 0 0 0 0 0 0 0 0 0 0 0 0 0 0 0 0 -999
P5873 2099 10 0 0 0 0 0 0 0 0 0 0 14 0 0 24 92 0 0 0 0 0 0 0 0 0 0 0 0 0 0 34 93
P5873 2099 11 46 22 12 0 14 23 36 11 15 30 79 71 71 11 57 40 36 108 126 103 87 17 0 0 7 0 0 0 0 15 -999
P5873 2099 12 12 5 6 5 10 8 0 9 13 0 0 0 22 3 0 0 7 3 9 9 27 73 34 5 0 4 10 32 13 22 170
P5873 2100 1 20 0 0 0 6 0 0 0 0 0 0 48 33 24 0 83 10 0 0 0 0 13 19 0 0 2 0 0 0 0 0
P5873 2100 2 0 0 24 12 0 12 0 0 0 0 2 0 0 1 0 0 0 0 5 4 0 0 0 0 0 0 0 0 -999 -999 -999
P5873 2100 3 0 0 0 0 8 22 25 69 10 88 0 0 28 28 0 0 0 0 15 0 0 0 0 0 0 0 0 68 0 0 22
P5873 2100 4 10 0 6 0 0 0 0 0 4 0 11 3 8 0 0 0 13 0 0 0 0 16 32 0 0 0 0 0 0 54 -999
P5873 2100 5 0 0 0 0 20 0 5 0 0 0 13 0 16 0 0 10 44 0 0 0 0 0 0 23 34 10 0 0 0 0 0
P5873 2100 6 0 4 0 0 15 0 0 0 0 0 0 0 0 0 0 0 0 0 0 0 0 0 7 0 0 0 62 0 10 0 -999
P5873 2100 7 19 0 0 0 0 0 0 0 0 0 0 0 0 0 0 0 0 0 9 16 7 4 0 0 0 0 0 0 0 0 0
P5873 2100 8 2 0 0 0 0 0 0 0 0 0 0 0 0 0 0 0 0 0 0 0 0 0 0 0 0 0 0 0 0 0 0
P5873 2100 9 0 0 3 0 6 37 0 0 0 0 0 0 0 0 0 0 0 5 0 10 0 0 0 0 0 0 0 0 4 0 -999
P5873 2100 10 22 0 8 10 9 17 0 0 55 66 7 14 0 0 12 21 15 30 86 0 18 0 37 117 30 0 0 52 79 55 72
P5873 2100 11 86 9 0 0 9 9 8 0 0 0 43 39 28 24 57 0 0 0 0 0 0 0 0 0 0 10 0 0 0 0 -999
P5873 2100 12 0 0 0 0 0 0 0 0 0 13 0 0 0 11 0 101 15 0 21 9 29 29 0 15 0 60 112 60 13 0 -999
