precip bcc-csm1-1 rcp60 RNEURONALES decimas 2
P115 36.5 -5.752 161 geo 2006 2100 -1
P115 2006 1 1 1 5 10 18 0 1 6 40 93 74 99 59 71 20 37 8 13 3 0 5 10 8 3 26 7 6 39 3 0 0
P115 2006 2 0 0 1 12 161 160 130 58 107 109 118 149 119 63 83 94 61 0 0 0 23 1 55 33 57 6 5 7 -999 -999 -999
P115 2006 3 5 54 41 0 0 44 10 0 0 36 55 45 66 62 31 9 75 2 0 0 0 0 0 0 0 0 11 19 21 23 0
P115 2006 4 0 47 1 0 0 0 4 55 68 114 86 72 48 66 9 0 0 95 41 0 0 0 8 0 0 0 0 0 0 0 -999
P115 2006 5 0 1 1 33 62 28 8 21 41 81 48 18 8 0 0 0 0 0 3 4 4 4 4 0 0 0 9 28 36 30 11
P115 2006 6 32 2 0 26 43 40 30 6 0 0 0 0 0 0 0 0 0 0 0 0 0 0 0 0 0 0 0 0 0 0 -999
P115 2006 7 0 0 0 0 0 0 0 0 0 0 0 0 0 0 0 0 0 0 0 0 0 0 0 0 0 0 0 0 0 0 0
P115 2006 8 0 0 0 0 0 0 0 0 0 0 0 0 0 0 0 0 0 0 0 0 0 0 0 0 0 0 0 0 0 0 0
P115 2006 9 0 0 0 0 0 0 0 0 0 3 7 0 0 33 12 4 5 24 12 0 0 0 0 0 0 30 0 0 0 0 -999
P115 2006 10 12 4 16 17 17 0 0 0 0 0 35 0 0 10 10 16 13 0 0 0 0 0 0 0 0 12 24 6 5 3 0
P115 2006 11 0 0 0 54 82 42 48 10 0 0 0 0 0 0 8 8 0 0 16 0 0 0 0 0 0 0 16 7 0 0 -999
P115 2006 12 4 18 62 15 28 29 0 0 0 0 0 0 0 0 0 0 0 0 0 3 6 102 130 59 273 146 212 194 32 5 3
P115 2007 1 3 0 0 0 0 0 0 0 5 15 27 10 12 0 0 0 0 31 24 42 48 5 18 65 55 51 82 38 233 32 6
P115 2007 2 11 18 92 62 166 117 154 86 27 29 9 106 59 101 65 35 0 0 20 11 2 0 6 29 119 125 31 261 -999 -999 -999
P115 2007 3 251 35 0 0 0 0 0 0 0 0 14 102 89 0 0 3 16 33 3 1 10 45 33 0 2 0 0 32 0 0 0
P115 2007 4 0 0 4 31 34 9 14 13 0 0 0 0 0 0 12 32 17 64 30 25 31 63 79 66 49 42 13 19 28 2 -999
P115 2007 5 8 0 0 29 24 31 3 3 9 10 15 50 9 16 12 13 25 16 0 1 1 4 0 0 0 0 0 0 0 0 0
P115 2007 6 0 0 0 0 0 0 0 0 1 0 0 0 0 0 0 0 0 0 0 0 0 0 0 0 0 0 0 0 0 0 -999
P115 2007 7 0 0 0 0 0 0 0 0 0 0 0 0 0 0 0 0 0 0 0 0 0 0 0 0 0 0 0 0 0 0 0
P115 2007 8 0 0 0 0 0 0 0 0 0 0 0 0 0 0 0 0 0 0 0 0 0 0 6 32 31 6 10 1 1 0 0
P115 2007 9 0 0 0 0 0 0 0 0 0 0 0 0 0 0 0 0 0 0 0 0 0 0 0 0 0 0 0 0 0 0 -999
P115 2007 10 169 222 69 0 0 0 0 10 22 43 5 0 0 7 32 9 60 24 27 3 3 0 0 0 26 77 78 75 37 98 81
P115 2007 11 0 0 0 0 0 0 0 17 17 35 15 1 8 5 8 0 0 5 7 66 28 135 114 60 32 44 38 52 106 16 -999
P115 2007 12 14 4 0 0 0 0 0 38 290 108 75 47 39 9 34 322 161 145 111 113 76 16 104 22 20 18 41 36 50 64 103
P115 2008 1 129 81 137 149 102 146 114 45 18 64 35 66 52 9 4 144 67 85 7 0 0 0 0 0 0 0 0 13 3 2 7
P115 2008 2 3 2 3 2 1 0 0 0 5 0 0 0 0 2 0 0 0 0 34 109 53 84 24 30 0 0 2 0 -999 -999 -999
P115 2008 3 7 13 92 15 3 0 7 1 0 1 2 1 50 104 68 51 30 22 2 14 10 0 13 32 29 70 32 2 5 44 0
P115 2008 4 11 19 39 0 0 51 95 73 33 10 0 5 12 5 0 0 0 20 29 0 0 0 2 0 5 17 0 0 96 0 -999
P115 2008 5 0 0 0 6 29 36 34 14 33 53 35 9 4 0 0 0 0 0 0 0 4 0 0 0 0 0 0 0 0 0 0
P115 2008 6 0 0 0 6 2 0 0 0 0 0 0 0 0 0 0 0 0 0 0 0 0 0 0 0 0 0 0 0 0 0 -999
P115 2008 7 3 4 0 6 22 28 47 3 0 0 0 0 0 0 0 0 0 0 0 0 0 0 0 0 0 0 0 0 0 0 0
P115 2008 8 0 0 0 0 0 0 0 0 0 0 0 0 0 0 0 0 0 0 0 0 0 0 0 0 0 0 0 0 0 0 0
P115 2008 9 0 0 0 0 0 0 0 0 0 0 0 0 0 0 1 0 0 0 0 0 0 0 0 0 0 0 0 0 0 0 -999
P115 2008 10 0 18 42 33 47 4 0 0 0 30 23 8 23 51 79 17 18 5 5 28 6 38 58 32 44 23 0 7 12 5 32
P115 2008 11 5 0 1 5 11 17 16 39 30 15 0 11 2 25 95 118 125 113 150 25 7 174 23 11 0 0 2 3 5 18 -999
P115 2008 12 92 73 29 72 0 0 15 66 29 1 1 16 69 83 69 78 5 0 7 69 40 8 6 10 0 0 0 0 0 9 22
P115 2009 1 18 2 0 0 31 36 1 3 17 181 223 5 158 55 41 40 64 147 121 54 58 139 23 34 36 2 0 15 63 92 1
P115 2009 2 2 0 0 31 132 76 26 4 9 19 59 61 14 0 0 75 83 49 13 109 119 145 99 109 140 134 94 162 -999 -999 -999
P115 2009 3 78 131 177 93 44 113 64 40 17 65 5 0 0 0 0 15 7 8 24 18 9 0 0 26 81 48 3 17 6 1 0
P115 2009 4 0 0 0 8 6 0 14 0 0 0 0 2 29 18 2 0 0 0 20 31 3 8 0 10 0 0 0 0 0 0 -999
P115 2009 5 0 0 0 0 0 0 0 0 0 0 0 0 0 0 0 0 0 0 0 0 0 0 0 0 0 0 0 0 0 0 0
P115 2009 6 0 0 0 17 5 3 5 18 49 38 55 27 22 15 7 10 5 26 9 27 24 5 0 0 0 0 0 0 0 0 -999
P115 2009 7 0 0 0 0 0 0 0 0 0 0 0 0 0 0 0 0 0 0 0 0 0 0 0 0 0 0 0 0 0 0 0
P115 2009 8 0 0 0 0 0 0 0 0 0 0 0 0 0 0 0 0 0 0 0 0 0 0 0 0 0 0 0 0 0 0 0
P115 2009 9 0 0 0 0 0 0 0 0 0 0 0 0 0 0 0 0 0 0 0 0 0 0 0 0 0 0 0 0 0 0 -999
P115 2009 10 0 158 67 16 25 25 30 8 0 0 0 0 0 0 0 0 0 0 0 0 10 2 3 3 20 67 76 52 9 11 10
P115 2009 11 3 32 73 24 33 29 5 11 44 36 81 14 10 0 0 0 0 0 0 0 3 5 8 0 0 0 0 0 0 0 -999
P115 2009 12 0 0 13 11 14 19 26 12 0 58 53 27 12 37 116 132 75 11 0 0 0 7 16 55 80 109 81 148 79 61 102
P115 2010 1 3 14 4 2 1 0 34 43 12 10 54 0 0 0 13 2 6 26 48 2 2 2 3 8 26 39 12 0 0 0 0
P115 2010 2 0 0 0 0 3 4 2 1 1 22 45 43 34 28 11 37 67 40 37 33 58 20 1 0 0 0 0 3 -999 -999 -999
P115 2010 3 2 0 0 3 5 14 80 89 90 29 2 1 1 8 5 0 0 2 10 219 94 38 62 35 22 19 18 6 1 1 64
P115 2010 4 164 232 67 2 50 39 97 18 27 9 6 76 2 0 0 0 0 0 0 0 0 0 0 9 1 0 0 0 0 0 -999
P115 2010 5 0 0 0 0 0 0 0 0 0 0 0 0 0 0 0 0 0 30 0 0 0 0 0 0 0 0 0 0 0 0 0
P115 2010 6 0 0 0 0 0 0 0 0 0 0 0 0 0 51 12 11 0 0 0 0 0 0 0 0 0 0 0 0 0 0 -999
P115 2010 7 0 0 0 0 0 0 0 0 0 0 0 0 0 0 0 0 0 0 0 0 0 0 0 0 0 0 0 0 0 0 0
P115 2010 8 0 0 0 0 0 0 0 0 0 0 0 0 0 0 0 0 0 0 0 0 0 0 0 0 0 0 0 0 0 0 0
P115 2010 9 0 0 0 0 0 0 0 0 0 0 0 0 0 0 0 0 0 0 0 13 11 0 0 0 54 62 7 0 0 0 -999
P115 2010 10 0 0 0 0 0 0 0 0 0 0 0 0 0 0 0 0 0 0 0 0 0 0 14 8 13 37 37 0 0 0 0
P115 2010 11 0 10 0 0 0 0 0 0 0 5 50 144 104 61 136 12 63 44 44 5 0 11 13 2 0 0 0 0 0 0 -999
P115 2010 12 0 2 1 2 14 4 8 45 27 18 75 54 48 22 4 12 35 57 67 46 27 3 30 73 80 20 9 15 6 7 7
P115 2011 1 0 0 0 1 5 3 0 0 0 0 4 30 8 2 0 74 189 197 146 55 10 3 1 0 2 40 13 2 0 42 8
P115 2011 2 1 5 9 0 0 0 0 0 9 13 20 6 0 0 23 86 29 32 21 22 7 32 77 122 86 7 4 35 -999 -999 -999
P115 2011 3 4 1 8 25 17 109 142 68 39 31 0 6 1 3 139 105 0 47 67 28 1 2 1 3 0 0 0 18 58 3 16
P115 2011 4 36 32 28 9 0 0 0 0 0 15 11 4 7 0 0 0 0 0 0 102 175 41 5 0 0 3 2 0 0 0 -999
P115 2011 5 0 0 0 0 0 0 0 0 0 0 12 0 0 0 0 0 0 0 0 0 0 0 0 0 0 0 0 0 0 0 0
P115 2011 6 0 0 0 0 0 0 0 0 0 0 0 0 0 0 0 0 0 0 0 0 0 0 0 0 0 27 0 0 0 0 -999
P115 2011 7 0 0 0 0 2 0 0 0 0 0 0 0 0 0 0 0 0 0 0 0 0 0 0 0 0 0 0 0 0 0 0
P115 2011 8 0 0 0 0 0 0 0 0 0 0 0 0 0 0 0 0 0 0 43 0 0 0 0 0 0 0 0 0 0 0 0
P115 2011 9 0 0 0 0 0 0 0 0 0 0 0 0 0 0 0 0 0 0 0 0 0 0 0 0 0 0 0 0 0 0 -999
P115 2011 10 0 0 43 21 0 0 3 1 2 0 2 0 7 0 0 0 0 0 42 18 2 61 46 9 0 0 0 0 74 99 30
P115 2011 11 61 83 96 42 24 62 79 51 0 0 0 19 8 54 86 0 57 18 0 43 69 90 88 33 2 6 57 111 63 12 -999
P115 2011 12 76 25 0 0 0 0 0 0 0 0 0 0 3 7 108 52 50 87 0 0 0 0 0 0 41 120 187 50 28 45 47
P115 2012 1 67 90 148 62 139 30 22 0 0 13 5 3 5 18 30 43 97 115 55 20 7 27 46 18 0 9 33 5 1 0 8
P115 2012 2 8 3 0 8 0 0 5 11 6 12 53 117 90 48 74 25 97 21 72 11 9 1 22 48 56 2 10 0 -999 -999 -999
P115 2012 3 0 0 0 0 0 0 0 0 0 0 0 0 3 1 17 1 3 14 33 0 0 0 0 2 6 10 21 8 0 0 0
P115 2012 4 0 5 9 8 0 0 0 0 0 0 0 0 0 0 0 0 0 0 0 0 0 0 0 0 0 0 0 0 0 0 -999
P115 2012 5 0 0 0 0 0 0 0 0 103 38 0 0 15 6 9 0 0 0 0 0 0 0 0 8 21 31 30 23 34 24 3
P115 2012 6 0 0 0 0 0 2 0 0 0 0 0 0 0 0 0 0 0 0 0 0 0 0 0 0 0 0 0 0 0 0 -999
P115 2012 7 0 0 0 0 0 0 0 0 0 0 0 0 0 0 0 0 0 0 0 0 0 0 0 0 0 0 0 0 0 0 0
P115 2012 8 0 0 0 0 0 0 0 0 0 0 0 0 0 0 0 0 0 0 0 0 0 0 0 0 0 0 0 0 0 0 0
P115 2012 9 0 0 0 0 0 0 0 0 0 0 0 0 15 0 0 0 0 0 0 0 0 0 0 0 0 0 0 0 0 0 -999
P115 2012 10 0 0 0 0 0 0 0 0 0 0 12 2 0 0 0 0 0 27 0 0 92 52 12 2 7 53 0 0 12 136 59
P115 2012 11 1 0 9 30 65 52 9 0 0 7 0 6 55 2 0 0 0 0 9 14 0 0 0 0 0 0 2 0 0 30 -999
P115 2012 12 114 19 3 7 31 3 0 0 0 0 0 3 16 1 0 11 17 37 21 51 3 77 48 30 6 3 0 0 0 3 0
P115 2013 1 12 8 0 0 0 2 1 0 0 2 4 4 18 7 2 12 0 0 0 0 7 33 69 95 32 2 0 1 10 30 12
P115 2013 2 2 27 39 14 16 86 109 26 54 17 18 12 3 9 6 28 106 6 2 0 0 59 48 3 40 62 39 30 -999 -999 -999
P115 2013 3 5 24 12 0 0 0 0 0 0 0 3 40 286 102 16 35 61 40 0 0 0 0 0 0 0 0 0 0 0 0 0
P115 2013 4 0 6 8 5 14 17 4 5 60 4 0 0 0 0 32 17 12 7 59 60 23 15 10 0 0 0 0 0 0 0 -999
P115 2013 5 4 0 0 0 0 0 0 0 0 12 12 9 0 0 0 0 0 0 14 30 16 26 15 4 3 0 0 0 0 0 0
P115 2013 6 0 0 0 0 0 0 0 0 0 0 0 0 0 0 0 0 0 0 0 0 0 0 0 0 0 0 0 0 0 0 -999
P115 2013 7 0 0 0 0 0 0 0 0 0 0 0 0 0 0 0 0 0 0 0 0 0 0 0 0 0 0 0 0 0 0 0
P115 2013 8 0 0 0 0 0 0 0 0 0 0 0 0 0 0 0 0 0 0 0 0 0 0 0 0 0 0 0 0 0 0 0
P115 2013 9 0 0 0 0 0 0 0 0 0 0 0 0 0 0 0 0 0 0 0 0 0 0 0 0 0 0 0 0 0 0 -999
P115 2013 10 0 0 0 0 0 0 20 0 31 27 37 51 122 45 22 47 6 2 2 28 18 2 48 18 0 0 0 0 0 0 0
P115 2013 11 17 35 26 0 0 0 0 15 0 7 0 7 40 12 104 19 0 57 16 8 0 0 4 47 40 35 72 103 52 28 -999
P115 2013 12 38 16 219 160 3 34 9 3 5 3 7 13 0 0 16 36 96 15 0 0 0 0 15 0 0 0 0 0 2 5 37
P115 2014 1 91 108 37 9 13 0 14 5 77 54 77 34 30 38 8 0 39 40 3 6 10 7 36 82 90 102 110 77 111 100 34
P115 2014 2 289 11 12 109 55 11 23 34 25 27 0 0 0 0 0 4 8 30 31 37 29 11 2 0 0 0 0 0 -999 -999 -999
P115 2014 3 0 0 0 3 0 0 0 0 0 0 0 0 0 4 86 2 0 0 0 17 51 7 6 24 72 27 1 3 3 0 0
P115 2014 4 0 0 5 0 0 0 12 0 23 114 37 9 1 0 0 0 0 0 0 3 0 0 0 0 0 0 0 1 11 37 -999
P115 2014 5 27 46 0 0 0 0 0 0 1 0 9 8 14 11 29 7 16 50 8 5 0 0 0 0 0 0 0 0 0 14 37
P115 2014 6 19 26 4 0 0 0 0 0 0 0 0 0 0 0 0 0 0 0 0 0 0 0 0 0 0 0 0 0 0 0 -999
P115 2014 7 0 0 0 0 0 0 0 0 0 0 0 0 0 0 0 0 0 0 0 0 0 0 0 0 0 0 0 0 0 0 0
P115 2014 8 0 0 0 0 0 0 0 0 0 0 0 0 0 0 0 0 0 0 0 0 0 0 0 0 0 0 0 0 0 0 0
P115 2014 9 0 0 0 0 0 0 0 0 0 0 0 0 0 0 0 0 0 0 0 0 0 0 0 0 0 0 0 0 0 0 -999
P115 2014 10 0 0 0 0 0 0 0 0 0 78 0 0 0 0 0 0 0 0 0 0 16 19 10 6 0 36 27 0 0 0 0
P115 2014 11 0 12 8 0 27 61 5 5 0 0 25 87 29 0 0 0 66 94 44 96 43 3 6 74 177 167 35 5 3 80 -999
P115 2014 12 12 3 0 0 0 0 0 2 3 10 14 16 13 4 80 64 113 86 13 444 49 132 170 97 15 58 47 0 0 0 0
P115 2015 1 0 0 0 0 0 0 0 0 0 0 0 0 0 0 0 0 2 35 9 0 1 9 4 4 72 99 20 52 3 85 21
P115 2015 2 9 10 0 0 2 0 0 5 60 13 45 183 368 221 91 113 111 142 44 43 114 68 64 0 0 0 33 23 -999 -999 -999
P115 2015 3 0 0 9 13 7 3 1 0 0 6 7 22 9 4 11 35 113 161 145 28 23 28 0 0 0 0 0 0 0 14 3
P115 2015 4 0 0 0 0 30 22 1 2 76 136 58 38 75 73 99 75 35 31 66 24 29 7 0 0 0 0 0 0 0 0 -999
P115 2015 5 0 0 2 6 4 1 0 0 0 0 0 0 0 0 0 0 0 0 0 0 0 0 0 0 0 0 0 0 0 0 0
P115 2015 6 0 0 0 0 11 10 0 0 0 0 0 0 0 0 0 0 0 0 0 0 0 0 0 0 0 0 0 0 0 0 -999
P115 2015 7 0 0 0 0 0 0 0 0 0 0 0 0 0 0 0 0 0 0 0 0 0 0 0 0 0 0 0 0 0 0 0
P115 2015 8 0 0 0 0 0 0 0 0 0 0 0 0 0 0 0 0 0 0 0 0 0 0 0 0 0 0 0 0 0 0 0
P115 2015 9 0 0 0 0 0 8 0 0 0 0 0 0 0 0 0 13 15 38 25 0 0 0 0 0 19 15 0 0 0 0 -999
P115 2015 10 0 0 0 0 0 0 0 0 14 55 8 48 7 0 0 0 16 78 80 54 39 15 28 3 0 0 1 18 10 0 0
P115 2015 11 0 0 0 0 24 11 0 80 102 29 5 2 2 20 13 11 0 0 0 0 0 0 0 0 0 0 0 0 42 19 -999
P115 2015 12 0 0 0 0 0 0 0 0 0 0 7 41 39 43 15 1 7 7 65 35 39 92 32 34 102 28 96 92 46 96 73
P115 2016 1 31 53 13 12 21 61 64 70 13 17 140 48 32 82 6 83 11 2 2 125 9 3 1 2 1 0 1 0 4 13 10
P115 2016 2 9 7 3 1 26 101 2 4 14 5 7 29 28 10 5 0 0 0 0 0 0 0 0 0 0 0 0 0 -999 -999 -999
P115 2016 3 9 1 0 0 0 0 0 40 47 0 0 0 0 0 0 1 4 33 7 0 0 0 0 0 0 0 0 3 0 57 6
P115 2016 4 0 0 29 139 42 4 28 20 87 17 17 29 11 2 0 0 99 32 8 26 21 7 79 0 0 0 22 28 0 19 -999
P115 2016 5 35 29 16 5 4 0 0 0 0 0 0 0 0 0 0 0 0 0 0 0 0 0 0 0 0 0 0 0 0 0 0
P115 2016 6 60 0 0 0 0 0 0 0 0 0 0 0 0 0 0 0 0 0 0 0 0 0 0 0 0 0 0 5 0 0 -999
P115 2016 7 0 0 0 0 0 0 0 0 0 0 0 0 0 0 0 0 0 0 0 0 0 0 0 0 0 7 0 0 0 0 0
P115 2016 8 0 0 0 0 0 0 0 0 0 0 0 0 0 0 0 0 0 0 0 0 0 0 0 0 0 0 0 0 0 0 0
P115 2016 9 0 0 0 0 0 0 0 0 0 0 0 0 0 0 0 0 0 0 0 0 0 0 0 0 0 0 0 14 0 0 -999
P115 2016 10 0 0 0 0 0 0 18 35 14 0 0 0 0 0 0 22 38 23 25 35 6 9 44 147 76 22 83 142 40 0 5
P115 2016 11 0 0 6 130 27 10 116 43 99 42 126 134 146 81 23 195 11 35 59 38 0 7 56 88 91 111 80 68 46 28 -999
P115 2016 12 0 0 0 2 3 0 0 0 0 0 0 1 18 18 3 0 2 9 3 0 2 1 0 0 0 0 0 10 42 65 5
P115 2017 1 0 10 112 3 37 14 92 55 46 91 3 5 8 0 3 2 0 2 21 98 117 8 2 4 59 69 64 156 1 0 0
P115 2017 2 0 0 7 14 50 91 45 39 45 10 0 0 0 248 127 3 9 68 354 134 214 48 67 13 20 23 96 36 -999 -999 -999
P115 2017 3 14 36 103 108 146 26 11 63 100 55 79 62 42 5 4 13 66 127 51 66 28 165 83 57 38 64 47 42 91 27 55
P115 2017 4 85 86 31 3 3 4 121 43 6 95 162 63 3 29 83 23 20 25 13 14 14 2 0 1 9 39 9 3 10 7 -999
P115 2017 5 19 20 3 2 0 2 15 17 16 28 3 0 0 21 0 0 0 0 0 0 19 0 9 10 17 8 0 0 0 0 0
P115 2017 6 0 0 0 0 0 0 0 0 0 0 0 0 0 0 0 0 0 0 0 0 0 0 0 0 0 0 0 0 0 0 -999
P115 2017 7 0 0 0 0 0 0 0 0 0 0 0 5 11 0 0 0 0 0 0 0 0 0 0 0 0 0 0 0 0 0 0
P115 2017 8 0 0 0 0 0 0 0 0 0 0 0 0 0 0 0 0 0 0 0 0 0 0 0 0 0 0 0 0 0 0 0
P115 2017 9 0 0 0 0 0 0 0 0 0 0 0 0 0 0 0 0 0 0 0 0 0 0 0 0 0 0 0 0 51 60 -999
P115 2017 10 10 0 0 0 0 0 1 2 5 0 0 0 0 0 0 0 0 0 0 0 10 0 15 19 38 5 0 1 1 0 0
P115 2017 11 50 7 0 0 9 3 0 24 30 89 25 0 0 0 11 0 0 9 4 17 1 12 26 90 80 24 0 17 62 9 -999
P115 2017 12 0 1 2 0 0 0 0 0 0 0 9 39 53 69 46 99 117 46 15 58 150 85 63 17 22 28 29 184 164 120 102
P115 2018 1 1 2 9 0 0 0 0 0 0 0 0 0 0 0 6 8 28 4 0 0 0 0 49 86 128 73 6 2 18 116 39
P115 2018 2 9 90 150 39 171 214 166 202 31 38 81 180 105 13 1 0 0 2 6 6 8 39 101 83 31 11 28 42 -999 -999 -999
P115 2018 3 8 3 3 3 2 7 2 0 0 0 69 87 60 14 0 0 0 0 0 16 39 63 32 77 55 110 60 93 57 90 23
P115 2018 4 65 79 62 71 51 10 0 0 0 16 0 17 67 26 24 119 6 7 4 0 0 0 0 0 20 3 0 0 22 45 -999
P115 2018 5 36 32 71 41 5 0 0 0 0 0 0 0 0 0 0 0 18 34 29 7 0 0 0 0 0 0 0 0 0 0 0
P115 2018 6 0 0 0 0 0 66 0 0 0 0 0 0 0 0 0 0 0 0 0 0 0 0 0 0 0 0 0 0 0 0 -999
P115 2018 7 0 0 0 0 0 0 0 0 0 0 0 0 0 0 0 0 0 0 0 0 0 0 0 0 0 0 0 0 0 0 0
P115 2018 8 0 0 0 0 0 0 0 0 0 0 0 0 0 0 0 0 0 0 0 0 0 0 0 0 0 0 0 0 0 0 0
P115 2018 9 0 0 0 0 0 0 0 0 0 0 0 0 0 0 0 0 0 0 0 0 0 38 18 6 0 0 0 0 0 0 -999
P115 2018 10 0 0 0 0 0 0 0 0 0 0 0 0 0 0 11 11 8 18 59 85 83 0 0 59 46 10 10 6 8 11 103
P115 2018 11 70 24 52 19 3 0 0 0 0 0 0 0 0 0 0 8 8 0 0 0 58 165 77 67 84 94 54 79 59 31 -999
P115 2018 12 13 26 0 0 0 4 0 2 0 11 36 3 9 44 2 0 0 0 0 0 3 29 52 86 69 124 109 13 1 0 0
P115 2019 1 0 0 5 10 4 58 61 29 25 7 12 7 63 6 10 14 0 0 16 17 0 0 5 12 11 2 3 5 17 40 96
P115 2019 2 7 8 46 11 1 1 2 6 4 11 14 1 4 13 145 64 47 0 0 0 0 11 245 197 87 49 86 311 -999 -999 -999
P115 2019 3 269 82 30 35 112 89 78 157 163 113 72 33 15 0 0 0 0 0 0 0 0 0 0 0 0 0 0 0 0 8 0
P115 2019 4 0 0 0 0 0 0 0 0 0 0 0 6 1 0 0 17 0 0 0 0 0 0 0 0 4 0 12 29 14 8 -999
P115 2019 5 2 0 0 0 0 0 0 0 0 2 0 0 4 15 0 3 0 0 0 0 0 0 0 0 0 0 0 0 0 0 0
P115 2019 6 0 0 0 0 0 0 0 0 0 0 0 0 0 0 0 0 0 0 0 0 0 0 0 0 0 8 12 5 0 0 -999
P115 2019 7 0 11 19 5 0 0 0 0 0 0 0 0 0 0 0 0 0 0 0 0 0 0 0 0 0 0 0 0 0 0 0
P115 2019 8 0 0 0 0 0 0 0 0 0 0 0 0 0 0 0 0 0 0 0 0 0 0 0 0 0 0 0 0 0 0 0
P115 2019 9 0 0 0 0 0 0 0 0 0 0 7 17 26 17 10 0 0 3 0 0 0 0 0 0 0 0 0 0 0 0 -999
P115 2019 10 0 0 0 0 0 27 22 6 51 38 16 0 0 33 36 0 0 0 0 0 0 5 0 0 0 0 0 0 0 0 0
P115 2019 11 0 0 0 0 35 72 51 15 0 4 0 0 45 72 45 0 0 0 0 0 0 0 0 6 4 69 2 0 0 24 -999
P115 2019 12 21 30 36 36 56 15 44 0 0 0 0 0 0 9 61 33 47 67 64 1 0 82 112 96 116 101 10 0 0 7 0
P115 2020 1 7 49 123 142 73 220 140 41 37 38 66 59 20 5 0 8 0 0 0 0 0 2 2 3 6 7 6 32 13 30 9
P115 2020 2 26 56 81 82 31 20 45 2 1 0 0 0 11 143 50 68 25 0 3 30 78 76 184 84 8 5 8 0 -999 -999 -999
P115 2020 3 0 0 0 0 0 0 0 0 0 0 6 43 159 116 167 33 18 4 0 1 5 71 135 136 78 60 70 5 46 14 27
P115 2020 4 8 0 31 28 0 0 0 0 2 4 33 50 39 13 0 0 0 0 0 22 100 16 31 49 54 19 1 2 26 0 -999
P115 2020 5 0 0 13 24 8 1 0 0 0 0 0 0 0 0 0 0 0 0 0 0 0 0 6 18 12 20 59 63 38 21 8
P115 2020 6 1 1 0 0 0 4 10 16 3 0 0 0 0 0 0 0 0 0 0 0 0 0 0 0 0 0 0 0 0 0 -999
P115 2020 7 0 0 0 0 0 0 0 0 0 0 12 0 0 0 0 0 0 0 0 0 0 0 0 0 0 0 0 0 0 0 0
P115 2020 8 0 0 0 0 12 25 22 16 0 0 0 0 0 0 0 0 0 0 0 0 0 0 0 0 0 0 0 0 0 0 0
P115 2020 9 0 0 0 0 0 0 0 0 0 0 0 0 0 0 29 19 0 0 48 9 0 0 0 0 0 0 0 0 0 0 -999
P115 2020 10 0 0 0 0 0 2 0 0 11 6 7 0 0 0 0 0 0 0 0 0 0 12 23 50 29 80 120 44 3 0 0
P115 2020 11 0 0 7 77 40 56 24 44 28 14 0 0 0 2 0 22 49 31 80 132 96 15 5 0 0 0 0 0 31 89 -999
P115 2020 12 60 63 121 170 58 35 9 7 26 41 23 7 36 1 0 0 0 48 3 38 107 120 131 89 5 6 0 0 0 0 13
P115 2021 1 0 4 1 3 24 4 0 0 0 0 11 57 47 70 2 0 17 48 39 36 86 83 149 126 104 118 114 76 129 88 89
P115 2021 2 24 96 66 193 97 64 56 87 1 12 23 168 98 11 1 0 0 0 0 0 0 0 0 37 7 2 57 16 -999 -999 -999
P115 2021 3 0 22 74 83 117 73 51 12 0 0 9 8 126 90 138 61 170 96 126 54 49 32 72 76 6 0 4 0 16 3 12
P115 2021 4 38 20 0 16 10 0 0 0 9 54 33 0 0 0 0 15 41 3 0 0 0 0 0 0 68 45 24 27 6 10 -999
P115 2021 5 0 0 0 2 0 3 4 20 21 12 5 2 3 0 0 0 0 0 0 0 0 0 0 21 0 0 0 3 6 12 18
P115 2021 6 21 20 7 8 5 8 31 49 28 33 19 2 9 24 14 0 0 0 0 0 0 0 0 0 0 0 0 0 0 0 -999
P115 2021 7 0 0 0 0 0 0 0 0 0 0 0 0 0 0 0 0 0 0 0 0 0 0 0 0 0 0 0 0 0 0 0
P115 2021 8 0 0 0 0 0 0 0 20 16 11 3 0 0 0 0 0 0 0 0 0 0 0 0 0 0 0 0 0 0 0 0
P115 2021 9 0 0 0 0 0 0 0 0 0 0 0 0 0 3 16 20 0 0 0 0 0 0 0 0 128 46 32 23 0 6 -999
P115 2021 10 10 65 89 33 0 0 0 27 14 6 0 0 0 4 25 0 0 0 181 37 20 22 0 40 21 1 17 3 3 12 79
P115 2021 11 82 26 33 27 89 110 75 55 0 5 0 0 0 0 0 0 0 0 34 54 40 6 7 5 0 0 0 0 22 9 -999
P115 2021 12 0 0 0 0 0 0 0 3 0 0 20 57 101 124 138 63 304 220 110 127 114 27 119 78 120 45 114 107 54 56 11
P115 2022 1 0 0 0 0 0 0 0 0 0 5 6 12 20 8 12 3 1 0 0 29 29 2 1 1 2 0 0 0 0 5 2
P115 2022 2 0 4 26 31 16 0 0 0 5 11 10 0 3 8 108 12 0 0 3 19 27 13 9 61 13 25 27 109 -999 -999 -999
P115 2022 3 50 82 4 58 53 82 5 11 9 42 0 0 0 0 0 1 0 8 8 17 16 0 0 0 3 7 0 0 2 2 8
P115 2022 4 82 137 122 39 28 81 14 12 11 0 0 98 5 0 0 0 0 0 0 20 23 40 12 21 17 44 25 0 0 5 -999
P115 2022 5 0 0 0 0 0 0 0 0 0 0 0 0 0 0 0 0 0 0 0 0 0 0 0 0 0 0 0 0 0 0 0
P115 2022 6 0 0 0 0 0 0 0 0 0 0 0 0 0 0 0 0 0 0 0 0 0 0 0 0 0 0 0 0 0 0 -999
P115 2022 7 0 0 0 0 0 0 0 0 0 0 0 0 0 0 0 0 0 0 0 0 0 0 0 0 0 0 0 0 0 0 0
P115 2022 8 0 0 0 0 0 0 0 0 0 0 0 0 0 0 0 0 0 0 0 0 0 0 0 0 0 0 0 0 0 0 0
P115 2022 9 0 0 0 0 0 0 0 0 0 0 0 0 0 0 0 0 0 0 0 26 19 0 0 4 1 0 0 0 0 0 -999
P115 2022 10 0 0 0 0 1 0 0 0 0 0 0 38 59 27 11 0 0 0 0 37 11 0 0 0 0 0 92 29 0 0 0
P115 2022 11 0 0 0 2 2 0 0 0 9 10 3 36 165 150 167 103 17 8 10 237 131 152 141 79 12 0 0 0 0 2 -999
P115 2022 12 13 1 13 4 7 88 102 79 21 5 11 3 0 0 0 4 54 33 35 83 74 42 104 98 98 97 118 101 78 21 44
P115 2023 1 78 106 65 94 167 87 38 142 73 3 101 87 37 56 3 4 15 18 39 24 4 6 43 7 1 3 3 0 0 0 0
P115 2023 2 0 2 3 2 0 4 4 0 0 0 11 49 31 116 175 98 79 76 4 129 8 0 0 1 0 0 11 3 -999 -999 -999
P115 2023 3 0 0 21 2 6 5 0 0 0 0 0 0 0 23 59 28 132 81 38 28 39 70 17 2 0 16 0 0 0 0 0
P115 2023 4 0 0 0 0 0 0 31 92 49 0 0 0 0 0 35 5 2 2 0 0 4 8 2 0 9 6 0 0 0 0 -999
P115 2023 5 0 47 58 83 58 40 30 111 35 34 8 4 22 0 0 0 0 0 0 0 0 3 2 3 0 0 0 0 0 0 0
P115 2023 6 0 0 0 0 0 0 0 0 0 0 0 0 0 0 10 8 3 7 0 0 0 0 0 0 0 0 0 0 0 0 -999
P115 2023 7 0 0 0 0 0 0 0 0 0 0 0 0 0 0 0 0 0 3 6 13 0 0 0 0 0 0 0 0 0 0 0
P115 2023 8 0 0 0 0 0 0 0 0 0 0 0 0 0 0 0 0 0 0 0 0 0 0 0 0 0 0 0 0 0 0 0
P115 2023 9 0 0 0 0 0 0 0 0 0 0 0 0 0 0 0 0 0 0 0 0 0 0 0 0 0 0 0 0 0 0 -999
P115 2023 10 5 1 0 4 0 0 0 0 0 0 0 0 0 9 3 4 4 26 6 56 13 21 8 0 0 0 0 10 0 13 49
P115 2023 11 20 5 4 0 0 0 0 33 132 92 65 54 49 0 0 0 0 0 0 0 0 0 0 0 0 2 6 12 7 7 -999
P115 2023 12 24 59 138 46 0 0 0 0 0 0 0 2 0 23 52 25 19 80 64 144 59 98 26 92 1 0 0 0 0 0 5
P115 2024 1 21 0 0 0 0 0 0 0 0 0 4 5 4 0 8 7 41 73 144 148 116 87 118 75 29 76 96 73 1 6 11
P115 2024 2 3 12 6 58 17 2 4 160 54 9 91 141 159 4 11 0 0 0 0 0 0 20 19 0 0 0 0 0 -999 -999 -999
P115 2024 3 0 0 0 0 0 5 0 0 6 15 21 34 18 35 2 2 5 8 40 4 12 2 0 3 8 8 14 3 5 57 12
P115 2024 4 2 1 1 8 57 73 97 73 57 124 88 0 0 0 0 0 0 0 0 0 5 33 17 6 0 0 0 0 0 0 -999
P115 2024 5 0 0 0 1 1 2 37 0 0 0 0 4 16 20 22 6 7 9 0 0 0 0 0 0 0 0 0 19 13 2 0
P115 2024 6 0 0 0 0 0 0 0 0 0 0 0 36 0 0 0 0 0 0 0 0 0 0 0 0 0 0 0 0 0 0 -999
P115 2024 7 0 0 0 0 0 0 0 0 0 0 0 0 0 0 0 0 0 0 0 0 0 0 0 0 0 0 0 0 0 0 0
P115 2024 8 0 0 0 0 0 0 0 0 0 0 0 0 0 0 0 0 0 0 0 0 0 0 0 0 0 0 0 0 0 0 0
P115 2024 9 0 0 0 0 0 0 0 0 0 0 0 0 0 0 0 0 0 0 5 35 102 25 9 9 7 0 0 0 0 0 -999
P115 2024 10 0 49 46 23 66 16 9 0 0 0 0 0 0 0 37 0 0 10 0 0 0 0 0 0 0 0 0 0 7 35 28
P115 2024 11 32 102 114 103 53 9 0 0 0 0 13 46 43 47 51 34 21 3 2 0 0 0 0 0 0 0 0 11 8 75 -999
P115 2024 12 101 58 37 13 29 9 15 24 79 91 122 87 98 69 57 28 29 77 55 0 7 7 8 39 7 14 24 30 4 5 20
P115 2025 1 0 0 15 167 232 81 5 49 31 58 10 0 0 2 1 12 10 63 32 2 11 0 0 0 0 0 5 45 33 87 31
P115 2025 2 23 16 24 3 39 31 64 109 40 30 177 147 0 0 14 11 0 4 0 0 0 0 8 0 0 0 0 0 -999 -999 -999
P115 2025 3 14 99 2 0 0 0 0 46 7 9 8 3 0 0 0 0 0 0 0 0 0 0 0 0 0 0 64 65 13 8 0
P115 2025 4 0 0 0 0 3 0 0 0 0 0 0 0 0 0 0 0 0 0 0 0 0 0 0 0 0 0 0 0 0 1 -999
P115 2025 5 0 0 6 2 5 0 0 0 0 0 0 0 0 20 21 2 0 0 0 0 0 0 1 5 8 5 37 32 44 2 0
P115 2025 6 0 0 0 0 0 0 0 0 0 0 0 0 0 0 0 0 0 0 0 0 0 0 0 0 0 0 0 0 0 0 -999
P115 2025 7 0 0 0 0 0 0 0 0 0 0 0 0 0 0 0 0 0 0 0 0 0 0 0 0 0 0 0 0 0 0 0
P115 2025 8 0 0 3 0 0 0 0 0 0 0 0 0 0 0 0 0 0 0 0 0 0 0 0 0 0 0 0 0 0 0 0
P115 2025 9 0 0 0 0 0 0 0 0 0 0 0 0 0 0 0 0 0 10 0 0 0 0 0 0 0 0 0 0 0 0 -999
P115 2025 10 0 0 0 0 0 0 0 0 0 0 0 0 0 0 0 0 0 106 34 99 113 86 25 10 14 0 0 0 6 121 128
P115 2025 11 97 37 29 272 80 39 53 5 68 176 77 18 13 70 73 35 4 0 0 8 5 0 0 0 0 0 0 0 7 0 -999
P115 2025 12 0 0 0 0 0 14 6 3 4 2 40 23 53 7 11 80 0 26 12 2 46 125 61 95 106 126 33 49 25 48 101
P115 2026 1 82 5 13 0 0 0 0 3 10 13 4 0 0 0 11 48 37 13 63 69 62 9 8 0 0 0 0 0 0 0 0
P115 2026 2 0 0 0 0 0 7 19 4 0 0 0 1 16 15 4 85 8 6 1 0 1 1 1 12 48 35 0 7 -999 -999 -999
P115 2026 3 8 12 33 122 25 55 11 1 0 0 0 0 50 52 0 0 0 0 0 0 0 0 189 37 106 75 54 36 23 34 22
P115 2026 4 0 0 30 5 17 29 22 1 25 2 36 5 13 5 4 2 7 60 65 0 0 0 0 0 0 0 0 0 0 23 -999
P115 2026 5 13 7 0 0 0 0 0 0 0 0 0 0 0 0 0 0 0 0 0 0 0 0 0 0 0 0 0 0 4 0 0
P115 2026 6 0 0 0 0 0 0 0 0 0 0 0 0 0 0 0 0 0 0 0 0 0 0 0 0 0 0 0 0 0 0 -999
P115 2026 7 0 0 0 0 0 0 0 0 0 0 0 0 0 0 0 0 0 0 0 0 0 0 0 0 0 0 0 0 0 0 0
P115 2026 8 0 0 0 0 0 0 0 0 0 0 0 0 0 0 0 0 0 0 0 0 0 0 0 0 0 0 0 0 0 0 0
P115 2026 9 0 2 3 6 0 0 0 0 0 0 0 0 0 0 0 0 0 0 0 0 6 5 0 0 0 0 0 0 0 0 -999
P115 2026 10 0 0 0 0 0 0 0 0 0 0 0 0 0 37 0 26 0 0 6 53 10 3 0 0 0 0 0 12 15 50 119
P115 2026 11 65 148 43 97 128 47 11 155 96 17 122 108 1 45 186 51 2 0 0 0 57 0 0 0 0 0 1 0 0 0 -999
P115 2026 12 0 7 17 0 0 0 0 0 0 15 10 17 9 50 173 48 102 196 88 71 24 174 73 64 48 2 3 59 0 0 0
P115 2027 1 4 18 9 25 7 189 109 51 30 70 122 43 20 3 40 4 1 0 23 3 71 50 1 5 77 132 144 109 152 18 0
P115 2027 2 0 0 0 0 0 0 0 0 0 19 71 5 0 0 49 69 148 131 100 114 82 58 72 24 0 2 3 0 -999 -999 -999
P115 2027 3 0 41 37 2 0 1 0 3 0 0 14 12 0 0 0 0 67 89 29 0 35 53 42 28 13 24 7 1 0 0 0
P115 2027 4 0 26 51 143 0 0 0 0 0 0 0 0 0 0 0 0 0 0 0 0 0 34 62 24 0 0 0 0 57 57 -999
P115 2027 5 86 0 0 8 40 45 15 2 0 0 6 2 0 0 0 0 0 0 0 0 0 0 0 0 0 0 0 0 0 0 0
P115 2027 6 0 0 0 5 19 24 5 0 0 0 0 0 0 0 0 0 0 0 0 0 0 0 0 0 0 0 0 3 0 0 -999
P115 2027 7 0 0 8 0 0 0 0 0 0 0 0 0 0 0 0 0 0 0 0 0 0 0 0 0 0 0 0 0 0 0 0
P115 2027 8 0 0 0 0 0 0 0 0 0 0 0 0 0 0 0 0 0 0 0 0 0 0 0 0 0 0 0 0 0 0 0
P115 2027 9 0 0 0 0 0 0 0 0 0 0 0 0 0 0 0 0 0 0 0 0 0 0 0 0 0 6 0 0 0 0 -999
P115 2027 10 0 0 0 0 0 0 0 0 0 0 0 0 0 0 0 0 14 2 0 0 0 0 1 16 9 0 0 0 0 0 0
P115 2027 11 0 0 0 2 9 14 0 0 4 64 29 0 0 0 0 0 0 0 0 0 55 61 69 58 73 73 59 46 8 6 -999
P115 2027 12 18 12 6 9 7 3 0 0 0 0 0 4 28 18 27 16 25 40 0 2 0 0 0 8 19 2 0 0 0 0 0
P115 2028 1 1 2 0 0 0 0 0 0 0 0 2 3 0 7 13 47 92 20 4 0 0 0 0 0 0 0 16 3 0 0 0
P115 2028 2 0 13 48 62 44 75 98 91 36 93 168 91 60 99 158 85 55 65 68 3 4 35 0 0 26 0 0 0 -999 -999 -999
P115 2028 3 5 0 0 0 0 0 0 0 0 9 51 55 11 53 13 0 0 0 0 0 0 3 3 0 3 29 34 3 0 9 0
P115 2028 4 0 0 0 0 0 0 0 0 0 3 3 0 0 0 0 0 0 0 14 32 1 0 0 0 0 0 0 0 0 0 -999
P115 2028 5 0 0 0 0 0 0 0 0 23 34 10 7 26 0 0 0 0 0 0 0 0 0 0 2 5 0 0 16 13 13 3
P115 2028 6 6 9 25 22 14 26 16 27 1 0 0 0 0 0 0 0 0 0 0 0 0 0 0 0 0 0 0 9 30 35 -999
P115 2028 7 38 12 7 0 0 0 0 0 0 0 0 5 19 0 0 0 0 0 0 0 0 0 0 0 0 0 0 0 0 0 0
P115 2028 8 0 0 0 0 0 0 0 0 0 0 0 0 0 0 0 0 0 0 0 0 0 0 0 0 0 0 0 0 0 0 0
P115 2028 9 0 0 0 0 0 0 0 0 0 0 0 0 0 0 0 0 0 0 0 0 0 0 0 0 0 0 0 0 25 0 -999
P115 2028 10 0 0 0 0 0 0 0 0 0 0 0 0 0 0 0 0 0 0 0 0 0 0 0 0 0 0 0 0 0 5 0
P115 2028 11 0 9 34 21 82 43 1 0 0 0 22 86 39 14 0 0 0 24 13 90 111 49 9 0 0 0 33 43 29 3 -999
P115 2028 12 4 6 4 7 1 0 4 0 0 0 0 4 8 1 0 0 7 13 79 112 102 94 121 36 26 44 38 35 24 94 3
P115 2029 1 10 11 74 170 3 0 15 64 1 0 12 101 42 40 18 68 49 2 1 2 3 2 0 0 0 0 46 135 9 12 44
P115 2029 2 68 65 103 82 88 5 19 2 0 34 12 0 11 1 1 45 20 0 0 0 0 0 0 0 0 7 46 30 -999 -999 -999
P115 2029 3 15 5 7 100 36 88 50 24 41 17 32 0 9 5 7 4 0 0 3 55 14 12 3 5 0 0 0 0 0 5 29
P115 2029 4 17 0 2 1 0 0 0 0 0 0 0 0 50 75 1 3 2 40 4 0 0 0 0 0 0 0 0 8 93 26 -999
P115 2029 5 5 3 50 72 51 42 97 32 16 6 16 6 0 0 0 0 0 0 0 0 0 0 0 0 0 0 0 0 0 0 0
P115 2029 6 0 0 29 38 0 0 0 0 0 0 0 0 0 0 0 0 0 0 0 0 0 0 0 0 0 0 0 0 0 0 -999
P115 2029 7 0 0 0 0 0 0 0 0 0 0 0 0 0 0 0 0 0 0 0 0 0 0 0 0 0 0 0 0 0 0 0
P115 2029 8 0 0 0 0 0 0 0 0 0 0 0 0 0 0 0 0 0 0 0 0 0 0 0 0 0 0 0 0 0 0 0
P115 2029 9 0 0 0 0 0 0 0 0 0 0 0 0 0 0 0 0 0 0 0 0 0 18 15 3 11 31 8 2 0 0 -999
P115 2029 10 0 0 0 0 0 0 0 0 0 0 0 0 0 0 0 0 0 13 0 0 0 0 0 8 42 55 11 50 185 52 3
P115 2029 11 0 0 0 0 0 0 0 0 0 0 0 0 0 0 11 17 47 58 25 23 58 40 34 44 0 0 24 3 30 0 -999
P115 2029 12 9 46 96 111 105 25 17 40 119 3 28 18 5 2 5 0 12 1 1 0 4 80 89 57 82 11 75 185 210 18 0
P115 2030 1 0 0 0 24 96 71 108 44 39 168 21 2 2 29 23 120 23 0 4 9 33 4 10 50 56 6 24 60 2 1 0
P115 2030 2 26 8 91 9 43 7 69 11 0 0 2 0 0 0 0 101 31 1 0 0 0 0 0 5 172 6 0 0 -999 -999 -999
P115 2030 3 0 0 0 0 0 0 0 0 0 0 0 0 0 0 0 25 82 27 1 0 0 4 0 9 18 7 21 45 119 41 128
P115 2030 4 113 70 7 0 0 0 0 16 16 14 15 0 0 0 10 6 38 26 26 13 14 3 0 9 55 128 3 0 35 38 -999
P115 2030 5 0 0 0 0 0 0 0 0 0 0 3 3 19 49 42 31 14 37 16 0 0 0 0 0 0 0 0 0 0 0 0
P115 2030 6 0 0 0 0 0 0 0 0 0 0 0 0 0 0 0 2 4 8 6 3 0 0 1 1 0 0 0 0 0 0 -999
P115 2030 7 0 0 0 0 0 0 0 0 0 0 0 0 0 0 0 0 0 0 0 0 0 0 0 0 0 0 0 0 0 0 0
P115 2030 8 0 0 0 0 0 0 0 0 0 0 0 0 0 0 0 0 0 0 0 0 0 0 0 0 0 0 0 0 0 0 0
P115 2030 9 0 0 0 0 0 0 0 0 0 0 0 0 0 0 0 43 67 38 0 0 10 10 10 6 9 6 0 11 25 16 -999
P115 2030 10 0 0 0 0 0 0 0 33 20 32 11 67 43 14 26 0 22 54 99 46 90 64 52 53 3 0 0 35 0 0 0
P115 2030 11 0 0 0 0 3 22 114 121 148 102 51 60 8 87 66 77 138 74 63 15 12 110 56 52 70 44 19 228 55 9 -999
P115 2030 12 0 0 0 0 3 33 21 25 5 17 47 20 0 0 0 0 0 0 0 0 2 0 0 0 4 38 101 88 118 48 25
P115 2031 1 56 2 14 127 49 17 3 132 148 61 146 126 148 148 140 10 0 0 3 0 24 0 0 0 0 0 0 0 2 0 3
P115 2031 2 3 5 3 10 18 18 4 17 55 10 3 5 3 23 0 53 122 22 2 2 7 25 80 26 0 16 0 0 -999 -999 -999
P115 2031 3 0 5 4 38 47 63 6 30 88 77 30 68 89 9 3 3 6 0 2 1 0 0 0 0 1 0 0 0 5 20 61
P115 2031 4 9 10 4 1 12 5 0 7 8 16 0 15 56 10 0 0 0 0 0 0 0 0 0 0 0 0 0 0 0 0 -999
P115 2031 5 0 0 0 0 0 0 0 0 0 0 0 0 0 0 0 0 0 0 0 0 0 0 0 0 0 0 0 0 0 0 0
P115 2031 6 0 0 0 0 0 0 48 8 0 0 0 0 0 0 0 0 0 0 0 0 0 0 0 0 0 0 0 0 0 0 -999
P115 2031 7 0 0 0 0 0 0 0 0 0 0 0 0 0 2 4 3 8 3 0 0 0 0 0 0 0 0 0 0 0 0 0
P115 2031 8 0 0 0 0 0 0 0 0 0 0 0 3 0 0 0 0 0 0 0 0 0 0 0 0 0 0 0 0 0 0 0
P115 2031 9 0 0 0 0 0 0 0 0 0 0 1 3 0 0 0 0 0 0 0 0 0 27 29 15 23 16 53 5 12 0 -999
P115 2031 10 0 0 0 0 0 0 0 0 0 0 0 0 0 0 0 4 0 0 0 0 34 22 0 53 100 9 45 90 28 27 1
P115 2031 11 0 9 31 109 31 58 43 51 16 11 41 18 89 115 118 72 81 133 90 92 62 51 39 109 114 87 81 56 41 85 -999
P115 2031 12 136 106 64 75 112 198 86 78 22 3 8 2 0 0 4 2 0 0 0 3 65 51 43 144 61 176 43 63 46 52 8
P115 2032 1 23 94 94 129 106 71 145 107 62 1 14 62 4 26 74 1 0 0 0 1 0 0 1 0 1 13 29 31 41 110 33
P115 2032 2 2 14 16 3 0 16 5 0 0 98 116 48 63 0 0 25 0 0 0 0 0 61 36 0 0 11 103 68 -999 -999 -999
P115 2032 3 2 0 0 21 0 0 0 0 0 9 0 0 0 0 0 0 0 0 0 0 0 0 0 0 0 0 0 5 50 75 0
P115 2032 4 0 35 39 33 46 16 25 45 54 50 19 4 6 31 3 40 13 2 0 0 0 0 9 39 12 18 0 0 0 9 -999
P115 2032 5 20 0 0 0 0 0 0 0 0 0 0 0 0 0 0 0 0 0 0 0 0 0 0 0 0 0 0 0 0 0 27
P115 2032 6 0 0 0 0 0 0 0 0 0 0 0 0 0 0 0 10 16 19 0 0 0 0 0 0 0 0 0 0 0 0 -999
P115 2032 7 0 0 0 0 0 0 0 0 0 0 0 0 0 0 0 0 0 0 0 0 0 0 0 0 0 0 0 0 0 0 0
P115 2032 8 0 0 0 0 0 0 0 0 0 0 0 0 0 0 0 0 0 0 0 0 0 0 0 0 0 0 0 0 0 0 0
P115 2032 9 0 0 0 0 0 0 0 0 0 0 7 5 30 19 0 0 16 0 0 0 0 0 0 0 0 0 0 0 0 0 -999
P115 2032 10 0 8 11 12 0 0 0 12 25 0 0 0 0 0 73 22 17 0 0 0 0 8 31 87 5 0 0 59 68 0 8
P115 2032 11 2 31 37 76 46 0 0 0 0 0 0 0 0 0 0 62 48 31 11 0 0 0 3 5 14 47 46 36 98 119 -999
P115 2032 12 37 89 82 48 14 0 0 16 22 11 0 0 0 0 0 0 0 5 12 6 2 0 10 27 59 100 19 0 21 27 17
P115 2033 1 7 55 87 128 61 163 104 131 138 130 105 123 81 1 66 189 124 55 27 12 41 90 58 45 42 50 76 49 7 51 3
P115 2033 2 0 0 0 9 30 3 7 25 25 1 109 103 139 3 0 9 8 34 59 3 0 0 0 102 2 0 0 0 -999 -999 -999
P115 2033 3 7 0 0 0 0 0 7 0 0 11 21 7 8 0 0 29 4 0 3 43 116 54 27 0 0 0 22 54 1 2 0
P115 2033 4 0 0 15 46 25 25 16 10 39 56 35 51 43 39 92 318 199 116 52 74 90 82 6 45 71 19 5 0 1 2 -999
P115 2033 5 14 0 0 0 0 0 0 0 0 0 0 4 5 27 12 25 61 26 36 54 68 30 9 9 0 0 0 0 0 0 0
P115 2033 6 0 0 0 0 0 0 0 0 0 0 0 0 0 0 0 0 0 0 0 0 0 0 0 0 0 0 0 0 0 0 -999
P115 2033 7 0 0 0 0 0 0 0 0 0 0 0 0 0 0 0 0 0 0 0 0 0 0 0 0 0 0 0 0 0 0 0
P115 2033 8 0 0 0 0 0 0 0 0 0 0 0 0 0 0 0 0 0 0 0 0 0 0 0 0 0 0 0 0 0 12 0
P115 2033 9 0 0 0 0 0 0 0 0 0 0 0 0 0 0 37 41 0 0 0 0 0 0 0 0 0 0 0 0 0 0 -999
P115 2033 10 0 0 0 13 41 52 57 37 23 45 118 108 93 0 0 0 0 0 0 0 0 0 0 15 15 0 0 20 4 0 6
P115 2033 11 5 22 113 70 14 3 0 0 0 0 4 0 0 0 0 0 27 3 2 3 5 6 0 0 0 0 0 0 0 0 -999
P115 2033 12 4 27 28 18 3 0 0 3 1 10 35 15 2 0 0 0 0 0 0 0 0 0 0 0 0 0 0 27 62 14 7
P115 2034 1 6 14 18 14 0 2 49 10 13 6 19 77 130 107 136 82 82 5 7 0 0 0 0 0 0 0 0 0 2 0 0
P115 2034 2 0 0 0 0 0 0 6 1 0 1 0 1 2 14 101 84 48 12 6 0 3 0 0 0 0 0 24 76 -999 -999 -999
P115 2034 3 102 179 134 13 40 27 53 0 0 0 0 0 0 0 2 5 2 2 1 0 0 2 74 122 35 0 0 0 0 0 0
P115 2034 4 0 0 0 0 0 0 0 0 0 10 10 0 0 0 36 23 0 0 0 0 12 7 0 0 0 0 0 0 0 0 -999
P115 2034 5 0 0 0 0 0 0 0 0 0 4 0 0 0 0 0 0 0 0 0 0 0 0 0 0 11 8 2 0 0 2 0
P115 2034 6 0 0 0 0 25 25 13 0 0 0 0 0 0 0 0 0 0 0 0 0 0 0 0 0 0 0 0 0 0 0 -999
P115 2034 7 0 0 0 0 0 0 0 0 0 0 0 0 0 0 0 0 0 0 0 0 0 0 0 0 0 0 0 0 0 0 0
P115 2034 8 0 0 0 0 0 0 0 0 0 0 0 0 0 0 0 0 0 0 0 0 0 0 0 0 0 0 0 0 0 0 0
P115 2034 9 0 0 0 0 0 0 0 0 0 0 0 0 0 0 0 0 0 0 0 0 54 55 0 0 0 0 0 0 0 0 -999
P115 2034 10 16 4 10 12 62 20 2 0 0 33 6 2 2 12 5 17 0 0 0 0 0 14 0 16 54 47 2 19 7 0 0
P115 2034 11 0 0 0 0 0 7 36 35 77 3 0 29 1 0 0 0 0 0 0 3 14 57 52 64 60 84 38 62 9 44 -999
P115 2034 12 4 0 0 10 18 44 85 72 14 16 28 3 15 91 135 19 0 5 0 0 9 7 0 0 7 22 35 8 41 22 86
P115 2035 1 15 5 75 102 85 80 88 190 77 8 20 15 42 30 14 17 48 7 52 127 238 215 98 104 16 5 2 61 22 14 73
P115 2035 2 124 127 7 0 0 0 17 1 4 0 0 0 0 0 0 2 2 0 1 8 46 136 134 109 45 12 118 97 -999 -999 -999
P115 2035 3 97 111 78 88 102 54 26 74 38 5 25 7 153 288 78 55 20 15 89 87 120 140 65 19 91 44 3 45 14 49 93
P115 2035 4 62 130 36 67 27 101 54 78 104 86 85 31 0 0 0 0 0 10 0 156 110 86 58 33 22 24 23 77 17 27 -999
P115 2035 5 24 9 0 0 0 0 0 0 0 0 0 0 0 0 0 0 0 0 0 0 0 0 0 3 0 0 0 0 0 0 23
P115 2035 6 21 0 0 0 4 42 15 3 12 10 26 0 0 0 0 0 0 0 0 0 0 0 0 0 0 0 0 0 0 0 -999
P115 2035 7 0 0 0 0 0 0 0 0 0 0 0 0 0 0 0 0 0 0 0 0 0 0 0 0 0 0 0 0 0 0 0
P115 2035 8 0 0 0 0 0 0 0 0 0 0 0 0 0 0 0 0 0 0 0 0 0 0 0 0 0 0 0 0 0 0 0
P115 2035 9 0 0 0 0 0 0 0 0 0 0 0 0 0 0 0 0 0 0 0 0 0 0 65 0 0 0 0 0 0 0 -999
P115 2035 10 0 0 15 7 0 0 0 0 0 0 0 0 30 31 0 0 0 0 18 65 25 4 0 0 0 0 0 0 0 0 0
P115 2035 11 11 6 25 14 19 23 0 3 9 0 0 0 0 0 0 0 0 0 0 0 0 0 0 0 4 2 5 21 18 7 -999
P115 2035 12 40 26 28 43 99 131 115 74 75 159 34 26 224 119 41 56 14 43 85 154 112 111 0 11 20 7 0 0 0 2 1
P115 2036 1 14 28 3 0 12 17 1 1 1 27 59 102 43 1 0 2 28 58 88 21 104 67 17 2 0 0 8 1 3 0 7
P115 2036 2 1 0 3 0 2 6 27 52 57 36 72 71 86 28 3 10 37 0 0 0 0 0 0 0 4 6 13 45 -999 -999 -999
P115 2036 3 92 22 12 72 75 34 0 0 0 0 0 0 6 37 1 0 0 0 0 0 0 0 0 0 0 1 2 28 7 0 0
P115 2036 4 12 76 35 7 3 0 0 0 0 0 0 0 0 0 0 0 0 0 0 0 0 0 0 6 8 4 0 0 0 0 -999
P115 2036 5 0 0 0 0 2 0 0 0 0 0 0 1 9 10 18 18 24 4 2 0 0 0 0 0 0 0 0 0 0 0 0
P115 2036 6 0 0 0 0 0 0 0 0 0 0 0 0 0 0 0 0 0 2 5 0 0 0 0 0 0 0 0 0 0 0 -999
P115 2036 7 0 0 0 0 0 0 0 0 0 0 0 0 0 0 0 0 0 0 0 0 0 0 0 0 0 0 0 0 0 0 0
P115 2036 8 0 0 0 0 0 0 0 0 0 0 0 0 0 0 0 0 0 0 0 0 0 0 0 0 0 0 0 0 0 0 0
P115 2036 9 0 0 0 0 0 0 0 0 0 0 0 0 0 0 0 0 0 0 0 0 0 0 0 0 0 0 0 0 0 0 -999
P115 2036 10 0 0 0 0 0 0 0 0 0 0 93 7 0 0 0 0 0 0 0 0 22 20 0 0 0 131 95 19 108 41 12
P115 2036 11 1 0 0 0 0 3 0 70 37 14 0 14 77 92 23 55 2 10 33 24 0 0 0 0 0 22 59 46 16 0 -999
P115 2036 12 0 0 5 15 46 0 3 0 0 0 2 10 9 12 13 20 7 30 65 18 55 108 118 32 73 88 22 13 8 2 3
P115 2037 1 9 15 11 3 0 0 0 0 51 83 61 112 65 0 0 0 0 42 90 90 118 57 76 130 97 75 149 79 129 2 0
P115 2037 2 0 37 16 17 18 47 29 4 6 20 3 0 0 6 0 0 5 3 0 0 2 0 6 3 0 27 51 10 -999 -999 -999
P115 2037 3 1 1 0 0 0 0 0 4 5 4 0 42 115 107 69 51 57 11 0 0 21 21 72 69 47 1 0 5 16 47 0
P115 2037 4 3 0 4 3 11 47 14 19 20 12 0 0 0 32 64 58 84 31 33 24 116 50 53 24 10 0 0 4 7 0 -999
P115 2037 5 0 0 0 0 0 0 0 0 0 0 0 3 0 2 0 0 0 1 1 0 0 0 0 9 21 27 16 6 0 0 0
P115 2037 6 0 0 0 0 0 0 0 0 0 0 0 0 0 0 9 10 11 20 13 0 0 0 0 0 0 0 0 0 0 0 -999
P115 2037 7 0 0 0 0 0 0 0 0 0 0 0 0 0 0 0 0 0 0 0 0 0 0 0 0 0 0 0 0 0 0 0
P115 2037 8 0 0 0 0 0 0 0 0 0 0 0 0 0 0 0 0 0 0 0 0 0 0 0 0 0 0 0 0 0 0 0
P115 2037 9 0 0 0 0 0 0 0 0 0 0 0 0 0 0 0 0 0 0 0 0 0 0 0 0 0 0 0 0 0 0 -999
P115 2037 10 0 0 0 0 0 0 0 0 0 0 18 0 0 0 0 0 75 78 2 0 0 0 0 0 0 6 0 0 0 0 0
P115 2037 11 0 0 0 0 24 38 9 8 7 10 40 33 8 7 6 0 0 0 23 107 10 25 63 45 35 29 44 61 71 65 -999
P115 2037 12 314 8 279 84 59 19 55 81 74 105 49 30 20 27 10 0 51 63 4 0 0 58 35 3 0 0 0 0 6 18 13
P115 2038 1 47 94 20 46 39 11 68 3 4 16 14 4 16 71 70 63 115 1 4 79 96 34 106 102 31 59 49 28 85 45 9
P115 2038 2 4 26 63 122 53 163 29 0 0 8 0 0 0 0 22 27 0 0 7 0 0 0 40 0 0 0 61 127 -999 -999 -999
P115 2038 3 71 9 51 47 183 21 60 68 23 127 56 2 0 0 0 0 11 139 73 8 37 6 3 8 0 10 0 13 6 0 0
P115 2038 4 0 0 0 0 0 5 37 103 12 0 0 0 24 49 52 5 0 0 0 0 40 18 0 0 0 0 0 0 0 0 -999
P115 2038 5 8 7 0 0 0 0 16 3 0 0 0 0 0 0 0 0 0 33 27 11 7 0 0 0 2 4 4 8 3 0 0
P115 2038 6 0 8 0 0 0 0 0 0 0 0 0 0 0 0 0 0 0 0 0 0 0 0 0 0 0 0 0 0 0 0 -999
P115 2038 7 0 0 0 0 0 0 0 0 0 0 0 0 0 0 0 0 0 0 0 0 0 0 0 0 0 0 0 0 0 0 0
P115 2038 8 0 0 0 0 0 0 0 0 0 0 0 0 0 0 0 0 0 0 0 0 0 0 0 8 0 0 0 0 0 0 0
P115 2038 9 0 0 0 0 0 0 0 0 0 0 0 0 0 0 0 0 0 0 0 0 0 0 0 8 0 0 0 0 0 0 -999
P115 2038 10 0 0 0 0 0 0 0 0 0 0 0 0 0 0 0 0 0 0 7 0 15 21 53 0 0 0 0 14 12 0 0
P115 2038 11 12 11 41 0 0 25 43 17 24 10 3 32 13 93 69 31 99 12 3 3 0 0 0 0 0 0 5 0 4 0 -999
P115 2038 12 0 29 45 71 49 10 55 138 3 9 154 122 118 8 66 79 50 126 72 84 117 36 37 61 42 34 113 36 14 31 60
P115 2039 1 53 115 88 29 73 7 1 1 2 0 0 0 0 29 90 110 109 21 138 16 3 21 52 47 45 5 23 1 12 0 1
P115 2039 2 77 94 6 3 0 20 32 42 35 87 3 0 0 6 5 5 21 0 7 0 0 0 13 51 96 5 10 18 -999 -999 -999
P115 2039 3 2 0 0 0 0 0 11 64 7 0 0 30 33 92 9 1 0 4 0 0 0 0 4 6 34 6 0 0 0 0 0
P115 2039 4 0 0 0 29 19 5 0 0 0 0 0 0 0 69 2 1 0 0 0 0 3 3 4 0 0 0 0 0 0 0 -999
P115 2039 5 0 0 43 0 0 0 0 0 0 0 0 0 0 0 7 12 3 3 3 6 7 19 3 0 0 0 0 0 0 0 0
P115 2039 6 0 2 41 31 9 1 0 0 0 0 0 0 0 0 0 0 0 0 0 0 0 0 0 0 0 0 0 0 0 0 -999
P115 2039 7 0 0 0 0 0 0 0 0 0 0 0 0 0 0 0 0 0 0 0 0 0 0 0 0 0 0 0 0 0 0 0
P115 2039 8 0 0 0 0 0 0 0 0 0 0 0 0 0 0 0 0 0 0 0 0 0 0 0 0 0 0 0 0 0 0 0
P115 2039 9 0 0 0 0 0 0 0 0 0 0 0 0 0 0 0 0 0 0 0 0 0 0 0 0 0 0 0 0 0 0 -999
P115 2039 10 38 0 0 0 0 0 0 0 0 0 0 0 0 0 2 0 0 0 4 7 11 53 70 67 46 69 138 81 148 82 18
P115 2039 11 4 0 0 0 0 0 9 67 47 3 65 46 15 63 7 12 14 55 100 106 38 87 85 0 0 0 7 60 1 2 -999
P115 2039 12 12 46 48 164 97 80 62 65 97 18 10 28 61 55 47 39 32 35 91 108 5 41 101 88 102 73 86 140 61 107 79
P115 2040 1 50 54 64 138 89 84 51 101 36 73 75 42 26 29 54 101 30 39 131 25 5 6 18 2 3 4 4 0 0 0 6
P115 2040 2 0 0 0 10 2 1 0 0 3 32 0 0 0 5 18 12 15 1 0 1 0 0 1 0 0 0 0 0 -999 -999 -999
P115 2040 3 0 0 0 0 0 0 0 0 0 0 0 0 0 0 0 0 0 0 0 0 0 95 284 60 67 35 42 38 112 40 19
P115 2040 4 7 42 52 10 5 14 23 8 0 0 0 0 0 0 0 35 28 0 0 0 0 0 1 3 63 14 3 5 3 0 -999
P115 2040 5 2 5 16 1 1 0 0 0 0 0 0 0 0 0 0 0 0 0 0 11 0 0 0 0 0 0 0 0 0 0 0
P115 2040 6 0 0 0 0 0 0 0 0 0 0 0 0 0 0 0 0 0 0 0 0 0 0 0 0 0 0 0 0 0 0 -999
P115 2040 7 0 0 0 0 0 0 0 0 0 0 0 0 0 0 0 0 0 0 0 0 0 0 0 0 0 0 0 0 0 0 0
P115 2040 8 0 0 0 0 0 0 0 0 0 0 0 0 0 0 0 0 0 0 0 0 0 0 0 0 0 0 0 0 0 0 0
P115 2040 9 0 0 0 0 0 0 0 0 0 0 0 0 0 0 0 0 6 0 0 0 0 0 0 9 0 0 0 0 10 1 -999
P115 2040 10 0 0 0 0 0 0 0 0 0 0 0 0 0 0 0 0 23 76 39 9 6 3 6 0 0 13 18 0 0 0 18
P115 2040 11 0 2 0 0 0 0 76 164 114 41 27 20 24 4 22 22 5 0 0 0 0 0 7 69 10 0 0 0 0 0 -999
P115 2040 12 0 0 0 24 56 101 28 0 0 1 0 0 45 30 8 4 0 37 64 15 6 27 11 8 1 5 49 83 3 33 41
P115 2041 1 11 0 0 3 3 0 15 19 1 1 26 57 67 27 17 7 0 33 94 105 249 183 354 93 157 199 260 176 34 53 3
P115 2041 2 2 3 2 0 103 54 83 100 82 94 20 85 79 26 162 137 73 96 41 100 164 50 64 137 45 37 2 0 -999 -999 -999
P115 2041 3 7 2 0 0 0 7 13 5 25 3 30 54 15 48 16 42 58 83 77 64 69 77 103 71 68 63 36 75 46 85 27
P115 2041 4 2 0 0 0 0 0 0 0 0 0 0 1 5 3 2 0 5 24 33 38 21 9 12 29 18 17 1 2 0 0 -999
P115 2041 5 0 0 15 13 0 0 0 0 0 14 19 17 0 0 0 0 0 0 0 21 36 60 81 28 15 67 72 28 0 0 2
P115 2041 6 1 0 0 0 0 0 0 0 0 0 0 0 0 0 0 0 0 0 0 0 0 0 0 0 0 0 0 0 0 0 -999
P115 2041 7 0 0 0 0 0 0 0 0 0 9 0 0 0 0 0 0 0 0 0 0 0 0 0 0 0 24 22 3 0 0 0
P115 2041 8 0 0 0 0 0 0 0 0 0 0 0 0 0 0 0 0 0 0 0 0 0 0 0 21 20 0 0 0 0 0 0
P115 2041 9 0 0 0 0 0 0 0 0 0 0 0 73 0 0 0 0 0 0 0 0 0 0 19 38 37 9 0 0 0 0 -999
P115 2041 10 0 8 0 0 0 0 0 0 0 0 0 0 0 0 0 0 0 0 0 26 30 43 0 0 0 33 0 0 35 0 0
P115 2041 11 0 0 0 19 8 11 9 9 38 51 55 23 44 63 60 101 161 116 9 71 88 89 59 138 53 28 86 73 32 4 -999
P115 2041 12 2 87 2 137 110 40 28 24 11 0 0 13 47 73 74 131 102 69 66 125 3 0 16 2 0 0 0 5 0 6 3
P115 2042 1 0 0 3 0 0 49 72 19 8 10 9 14 2 0 0 0 0 0 0 0 0 0 0 3 6 2 0 0 0 9 34
P115 2042 2 59 30 1 1 2 4 22 48 48 50 19 4 3 0 0 0 3 14 22 10 0 0 0 10 0 0 0 0 -999 -999 -999
P115 2042 3 0 0 0 6 0 4 4 0 7 13 4 13 32 13 37 62 70 143 274 23 38 45 23 112 22 4 4 15 68 40 41
P115 2042 4 19 42 12 13 26 41 32 10 43 18 6 8 5 7 9 8 0 0 0 0 0 40 25 48 21 8 15 22 56 70 -999
P115 2042 5 58 50 17 1 2 0 0 0 0 0 0 0 0 0 0 0 0 0 0 0 0 0 0 0 0 0 0 0 0 0 0
P115 2042 6 0 0 0 0 0 0 0 0 0 0 0 0 0 0 0 0 0 0 0 0 0 0 0 0 0 0 0 0 0 0 -999
P115 2042 7 0 0 0 0 0 0 0 0 0 0 0 0 0 0 13 8 0 0 0 0 0 0 0 0 0 0 0 0 0 0 0
P115 2042 8 0 0 0 0 0 0 0 0 0 0 0 0 0 0 0 0 0 0 0 0 0 0 0 0 0 0 0 0 0 0 0
P115 2042 9 0 0 0 0 0 0 0 0 0 0 0 0 0 0 0 0 0 0 0 0 0 0 0 0 0 0 0 0 0 0 -999
P115 2042 10 0 0 0 0 0 0 0 0 0 0 0 19 35 32 16 9 27 18 0 66 48 35 32 0 0 0 0 32 0 0 0
P115 2042 11 0 0 0 0 18 23 56 46 15 0 0 0 0 0 0 0 0 0 13 57 1 0 0 0 0 8 14 15 57 14 -999
P115 2042 12 14 47 132 103 24 14 6 42 52 71 65 56 69 96 48 22 90 65 61 35 3 5 60 116 0 3 8 0 0 0 0
P115 2043 1 30 37 54 19 14 59 3 8 0 0 2 3 52 94 93 111 29 19 29 64 40 94 53 102 1 1 33 68 50 1 0
P115 2043 2 0 0 0 21 23 92 123 0 0 0 0 0 0 0 0 0 0 0 0 9 18 3 1 0 0 2 0 0 -999 -999 -999
P115 2043 3 0 32 28 65 1 0 142 97 40 101 99 48 56 31 65 22 0 54 20 0 13 44 37 13 35 3 15 5 7 12 9
P115 2043 4 6 1 0 3 0 0 0 0 0 56 63 0 0 0 1 42 35 0 9 29 3 0 0 0 0 0 12 0 33 0 -999
P115 2043 5 0 0 0 0 0 0 0 0 0 0 0 0 0 0 0 0 0 0 0 0 0 0 13 20 6 6 24 28 7 13 5
P115 2043 6 7 10 2 0 0 0 0 0 0 0 0 0 0 0 0 0 0 0 0 0 0 0 0 0 0 0 0 0 0 0 -999
P115 2043 7 0 0 0 0 0 0 0 0 0 0 0 0 0 0 0 0 0 0 0 0 0 0 0 0 0 0 0 0 0 0 0
P115 2043 8 0 0 0 0 0 0 0 0 0 0 0 0 0 0 0 0 0 0 0 0 0 0 0 0 0 0 0 0 2 0 0
P115 2043 9 0 0 0 0 0 0 0 0 0 0 0 0 0 0 0 0 0 0 0 0 0 0 0 0 0 0 0 0 0 0 -999
P115 2043 10 0 0 0 0 0 0 0 0 0 0 0 0 0 0 15 0 5 0 0 0 33 68 61 1 7 18 1 36 25 24 12
P115 2043 11 0 0 0 0 0 0 0 0 0 29 119 27 145 43 20 0 0 0 0 0 0 0 0 64 38 44 3 92 29 13 -999
P115 2043 12 1 1 0 0 0 0 15 20 28 55 91 88 1 22 44 5 4 210 95 58 208 81 47 88 85 71 86 0 0 0 0
P115 2044 1 0 0 3 0 0 3 1 5 0 7 20 6 0 0 6 2 72 101 49 5 18 60 2 0 14 8 10 88 6 1 0
P115 2044 2 0 0 0 0 89 8 0 3 59 68 73 2 0 0 0 0 0 0 0 0 0 0 20 164 67 1 4 21 -999 -999 -999
P115 2044 3 14 51 139 208 100 20 11 123 10 14 3 2 0 52 0 0 0 1 43 15 2 13 3 24 22 36 77 78 39 60 1
P115 2044 4 1 8 6 0 0 0 0 0 0 0 15 0 0 4 0 0 0 0 0 0 0 0 0 0 0 0 16 2 0 0 -999
P115 2044 5 0 0 0 0 0 1 0 9 5 40 2 0 0 0 0 0 0 0 10 24 41 18 0 0 6 0 0 0 0 1 1
P115 2044 6 0 0 0 0 0 0 1 0 0 0 0 0 0 0 0 0 0 0 0 0 0 0 0 0 0 0 0 0 0 0 -999
P115 2044 7 0 0 0 0 0 0 0 0 0 0 0 0 0 0 0 0 0 0 0 0 0 0 0 0 0 0 0 0 0 0 0
P115 2044 8 0 0 0 0 0 0 0 0 0 0 0 0 0 0 0 0 0 0 0 0 0 0 0 0 0 0 0 0 0 0 0
P115 2044 9 0 0 0 0 0 0 0 0 0 0 0 0 0 0 0 0 0 0 0 0 70 45 0 53 22 4 0 0 0 29 -999
P115 2044 10 45 19 12 0 0 0 0 0 87 70 0 0 0 0 0 0 0 24 42 55 47 4 3 6 0 0 0 0 0 7 44
P115 2044 11 60 13 11 0 14 6 15 15 2 0 131 60 46 52 21 133 82 22 56 72 81 59 112 138 113 129 121 36 44 0 -999
P115 2044 12 0 0 0 0 0 0 0 13 141 85 0 0 13 38 32 13 10 8 11 33 2 49 10 4 1 0 5 14 77 7 88
P115 2045 1 239 91 3 0 8 4 193 70 33 57 192 118 153 90 70 73 16 2 1 0 0 8 29 27 14 0 0 0 3 12 30
P115 2045 2 46 134 12 3 49 111 1 1 0 0 7 11 57 1 11 1 1 0 0 0 8 2 0 0 0 0 0 0 -999 -999 -999
P115 2045 3 0 0 2 2 0 4 14 56 49 1 0 11 23 0 18 2 1 0 0 0 0 0 0 0 0 2 0 0 0 0 0
P115 2045 4 40 0 0 0 0 65 29 8 4 24 35 11 10 50 29 0 0 0 0 0 0 0 0 0 0 0 0 0 0 0 -999
P115 2045 5 0 0 0 0 0 0 0 14 0 0 0 0 0 0 0 0 0 0 0 0 0 0 0 0 0 0 0 0 0 0 0
P115 2045 6 0 0 0 0 0 0 0 0 0 0 0 0 0 0 0 0 0 0 0 0 0 10 15 4 9 9 8 0 0 0 -999
P115 2045 7 0 0 0 0 0 0 0 0 0 0 0 0 0 0 0 0 0 0 0 0 0 0 0 0 0 0 0 0 0 0 0
P115 2045 8 0 0 0 0 0 0 0 0 0 0 0 0 0 0 0 0 0 0 0 0 0 0 0 0 0 0 0 0 0 0 0
P115 2045 9 0 0 0 0 0 0 0 0 0 0 0 0 0 0 0 0 0 0 0 0 0 0 0 0 0 0 0 0 0 16 -999
P115 2045 10 14 0 0 0 0 0 0 0 0 0 0 0 0 18 60 53 65 26 8 0 0 0 0 0 0 0 0 0 0 0 0
P115 2045 11 51 3 1 0 16 4 0 0 0 7 0 1 34 22 42 82 107 71 13 0 0 106 32 122 16 52 129 128 88 55 -999
P115 2045 12 6 8 23 2 9 29 1 1 2 12 2 0 2 2 2 5 34 133 95 85 107 85 80 94 119 77 50 9 0 0 0
P115 2046 1 0 11 62 130 126 75 164 66 52 31 89 82 118 68 109 44 18 67 64 88 7 0 1 0 2 192 78 100 113 138 117
P115 2046 2 196 183 104 6 0 22 129 19 1 1 31 36 85 24 177 21 10 20 9 3 71 121 35 29 73 95 130 95 -999 -999 -999
P115 2046 3 111 129 91 102 53 217 53 99 194 156 123 101 89 72 129 77 81 40 133 67 70 20 4 4 0 0 49 68 17 4 7
P115 2046 4 1 4 30 69 7 3 2 66 16 9 30 4 10 4 10 4 57 0 38 40 29 59 54 35 51 72 30 31 25 11 -999
P115 2046 5 0 0 0 0 0 0 0 0 0 0 0 0 39 50 0 0 0 1 1 2 0 0 0 0 0 8 0 0 3 0 0
P115 2046 6 0 0 0 0 0 0 0 0 0 0 0 0 0 0 0 0 0 0 0 0 1 0 0 0 0 0 0 0 0 0 -999
P115 2046 7 0 0 0 0 0 0 0 0 0 0 0 0 0 0 0 0 0 0 0 0 0 0 0 0 0 0 0 0 0 0 0
P115 2046 8 0 0 0 0 0 0 0 0 0 0 0 0 0 0 0 0 0 0 0 0 0 0 0 0 0 0 0 0 0 0 0
P115 2046 9 0 0 0 0 0 0 0 16 0 0 0 0 0 0 0 0 0 0 0 0 0 0 0 0 0 0 0 0 0 0 -999
P115 2046 10 0 0 4 0 0 7 29 44 0 0 0 0 0 0 0 0 0 0 0 9 0 34 14 3 39 8 25 17 5 64 48
P115 2046 11 0 0 0 0 78 86 5 28 34 20 4 0 9 31 3 0 0 0 0 0 0 0 2 4 41 1 15 171 168 100 -999
P115 2046 12 96 142 55 28 156 179 170 198 96 19 74 70 21 267 167 39 125 114 27 0 0 0 0 0 0 11 17 5 4 5 4
P115 2047 1 0 0 0 0 0 0 14 66 24 69 140 108 81 106 197 264 190 32 212 57 117 99 52 16 0 0 0 0 0 13 20
P115 2047 2 13 4 0 24 78 28 7 17 0 0 3 0 2 91 7 0 0 0 0 0 13 3 3 59 50 25 95 51 -999 -999 -999
P115 2047 3 22 186 28 3 169 86 32 8 0 0 0 0 0 0 0 0 0 0 0 0 0 6 41 10 23 17 27 2 0 21 9
P115 2047 4 64 35 61 11 0 0 0 0 0 28 74 37 41 17 59 20 17 11 7 0 0 10 0 0 0 0 0 0 0 0 -999
P115 2047 5 0 0 0 0 0 0 0 0 0 0 0 0 0 2 0 0 0 11 10 0 0 0 0 0 0 0 0 0 0 0 0
P115 2047 6 0 0 0 0 0 0 0 0 0 0 0 0 0 0 4 5 6 5 8 0 0 0 0 0 0 0 0 0 0 0 -999
P115 2047 7 0 8 0 0 0 0 0 0 0 0 0 0 0 0 0 0 0 0 14 24 9 0 0 0 0 0 0 0 0 0 0
P115 2047 8 0 0 0 0 0 0 0 0 0 0 0 0 0 0 0 0 0 0 0 0 0 0 0 0 0 0 0 0 0 0 0
P115 2047 9 0 0 0 0 0 0 0 0 0 0 0 0 20 41 29 26 7 0 0 0 0 0 0 0 0 0 0 0 0 0 -999
P115 2047 10 0 0 51 58 52 65 45 80 26 86 32 37 27 47 60 161 100 3 65 12 42 23 0 0 0 15 1 2 0 0 0
P115 2047 11 9 8 10 13 50 47 28 42 37 53 8 3 1 2 8 19 33 7 0 0 0 0 0 0 0 0 0 0 0 0 -999
P115 2047 12 0 0 3 0 0 0 0 0 0 0 0 0 0 11 11 0 0 0 0 0 0 31 41 77 36 1 0 0 13 41 2
P115 2048 1 36 60 2 0 0 0 2 0 0 14 14 77 74 98 26 0 0 0 6 6 7 12 12 0 0 0 0 0 0 0 3
P115 2048 2 0 0 6 10 11 0 0 0 1 8 23 11 8 21 28 61 1 1 0 0 0 0 0 0 0 0 0 0 -999 -999 -999
P115 2048 3 0 0 0 10 26 41 76 84 33 74 105 26 32 64 2 23 5 11 24 43 31 4 0 0 0 12 15 17 34 33 11
P115 2048 4 2 1 9 36 37 0 0 0 0 0 0 0 0 34 34 14 25 0 0 0 0 0 11 2 0 0 0 0 0 0 -999
P115 2048 5 0 0 0 22 0 4 0 0 0 0 0 0 0 0 0 0 16 56 8 0 10 5 1 0 0 0 0 0 0 0 0
P115 2048 6 0 0 0 0 0 0 0 0 0 0 0 0 0 0 0 0 0 0 0 0 0 0 0 0 0 0 0 0 0 0 -999
P115 2048 7 0 0 0 0 0 0 0 0 0 0 0 0 0 0 0 0 0 0 0 0 0 0 0 0 0 0 0 0 0 0 0
P115 2048 8 0 0 0 0 0 0 0 0 0 0 0 0 0 0 0 0 0 0 0 0 0 0 0 0 0 0 0 0 0 0 0
P115 2048 9 0 0 0 0 0 0 0 0 0 0 0 0 0 0 0 0 0 7 0 0 0 0 0 0 0 0 66 47 71 43 -999
P115 2048 10 14 0 0 0 0 4 6 2 0 0 0 0 0 0 0 0 0 0 55 7 5 3 0 0 0 0 0 0 0 0 8
P115 2048 11 0 0 30 24 30 69 3 0 0 0 0 0 0 9 5 29 82 40 61 58 25 0 0 0 0 94 28 20 8 7 -999
P115 2048 12 45 206 21 20 143 85 0 0 0 0 0 0 0 0 0 0 0 3 4 4 2 2 1 8 0 0 114 187 87 47 9
P115 2049 1 12 32 59 78 11 108 164 147 36 4 9 16 101 34 21 48 76 42 3 3 14 9 6 5 4 18 42 42 50 42 148
P115 2049 2 145 123 147 125 57 36 11 5 12 45 18 6 19 96 57 14 6 0 0 6 5 2 8 34 16 29 12 2 -999 -999 -999
P115 2049 3 2 0 0 10 13 11 0 0 0 0 0 0 0 0 15 13 0 0 0 20 0 2 0 9 0 0 0 0 0 20 7
P115 2049 4 1 16 1 3 0 0 0 0 0 0 17 60 6 0 85 105 73 5 0 0 0 0 0 0 0 0 0 6 0 0 -999
P115 2049 5 4 11 2 7 12 4 21 54 45 39 30 29 2 0 0 0 0 0 0 0 32 37 61 61 39 42 51 45 10 5 11
P115 2049 6 0 0 0 0 0 0 0 0 0 0 0 0 0 0 0 0 0 0 0 0 0 0 0 0 0 0 0 0 0 0 -999
P115 2049 7 0 0 0 0 0 0 0 0 0 0 0 0 0 0 0 0 0 0 0 0 0 0 0 0 0 0 0 0 0 0 0
P115 2049 8 0 0 0 0 0 0 0 0 0 0 0 0 0 0 0 0 0 0 0 0 0 0 0 0 0 0 0 0 0 0 0
P115 2049 9 0 0 0 0 0 0 0 0 0 0 0 0 0 0 0 0 0 0 0 0 49 53 21 9 0 0 0 0 0 0 -999
P115 2049 10 0 0 0 0 0 0 0 0 0 0 0 0 0 0 8 36 13 0 0 0 0 0 8 29 37 0 0 0 0 4 0
P115 2049 11 3 32 203 171 59 22 79 88 80 122 130 166 91 131 165 188 62 39 24 28 9 26 4 48 0 0 0 0 0 17 -999
P115 2049 12 14 154 74 53 12 1 2 12 1 21 10 3 11 0 18 45 5 85 29 127 133 69 7 29 73 49 137 95 75 80 130
P115 2050 1 186 71 208 65 92 184 21 114 1 0 13 29 73 77 78 96 130 151 44 16 0 30 6 8 6 0 4 0 0 0 0
P115 2050 2 0 0 0 0 0 2 3 1 0 0 0 0 6 58 28 76 21 24 111 58 43 13 3 54 9 27 0 0 -999 -999 -999
P115 2050 3 8 125 114 113 90 76 33 11 74 2 5 2 0 6 5 4 55 33 101 5 1 0 0 0 5 17 30 51 1 22 68
P115 2050 4 39 88 44 59 39 37 42 33 74 0 0 0 0 0 0 0 0 0 0 0 0 0 0 0 28 0 0 0 0 0 -999
P115 2050 5 1 0 2 5 7 14 9 0 0 0 0 0 0 0 0 0 0 0 0 0 0 6 0 0 0 1 9 0 0 6 3
P115 2050 6 1 0 0 0 0 0 0 0 0 0 0 0 0 0 0 0 0 0 0 0 0 0 0 0 0 0 0 0 0 0 -999
P115 2050 7 0 0 0 0 0 0 0 0 0 0 0 0 0 0 0 0 0 0 0 0 0 0 0 0 0 0 0 0 0 0 0
P115 2050 8 0 0 0 0 0 0 0 0 0 0 0 0 0 0 0 0 0 0 0 0 0 0 0 0 0 0 0 0 0 0 0
P115 2050 9 0 0 0 0 0 0 0 0 0 0 0 0 0 0 0 0 0 0 0 0 0 0 0 0 0 0 0 0 0 0 -999
P115 2050 10 40 15 9 0 0 0 0 0 0 0 0 20 23 36 0 6 5 2 0 0 0 0 8 30 32 38 48 10 5 8 9
P115 2050 11 14 9 0 10 16 65 62 117 128 112 72 45 4 2 0 0 0 0 0 0 47 44 103 74 90 9 78 28 0 28 -999
P115 2050 12 2 29 31 0 0 0 58 4 2 0 0 0 0 0 4 5 5 39 28 14 1 1 0 0 0 0 0 0 0 15 46
P115 2051 1 1 5 0 0 0 0 0 0 13 39 1 10 24 32 17 0 0 1 2 13 12 14 0 0 4 5 0 0 4 2 0
P115 2051 2 5 19 61 34 148 25 0 0 0 0 27 3 0 0 0 27 1 1 56 78 0 0 0 15 4 2 0 0 -999 -999 -999
P115 2051 3 0 9 0 0 0 7 8 13 22 15 30 43 55 14 14 0 0 28 36 46 22 1 0 0 0 0 0 0 0 0 0
P115 2051 4 6 0 0 0 0 37 33 7 16 156 12 0 10 0 5 14 25 14 44 37 6 3 0 0 0 0 0 0 0 0 -999
P115 2051 5 0 0 0 0 0 0 0 0 0 0 0 12 18 15 1 0 0 0 0 0 0 0 0 0 0 16 22 7 0 0 0
P115 2051 6 0 0 0 0 0 0 0 0 0 0 0 0 0 0 0 0 0 0 0 0 0 0 0 0 0 0 0 0 0 0 -999
P115 2051 7 0 0 0 0 0 0 0 0 0 0 0 0 0 0 0 0 0 0 0 0 0 0 0 0 0 0 0 0 0 0 0
P115 2051 8 0 0 0 0 0 0 0 0 0 0 0 0 0 0 0 0 0 0 0 0 0 0 0 0 0 0 0 0 0 0 0
P115 2051 9 0 0 0 0 0 0 0 0 0 0 0 0 15 21 7 0 0 0 0 0 0 0 0 0 0 0 0 0 0 0 -999
P115 2051 10 0 0 0 270 86 27 0 0 0 0 0 8 6 8 0 0 0 0 0 0 0 0 0 0 6 0 125 80 91 69 69
P115 2051 11 87 81 59 27 33 3 0 0 0 0 0 0 0 10 4 10 3 28 0 0 0 1 3 15 22 7 0 24 25 13 -999
P115 2051 12 25 10 14 100 83 15 16 132 88 11 96 85 77 18 176 149 61 55 35 3 0 0 0 0 0 0 0 0 0 0 1
P115 2052 1 0 0 0 1 2 3 25 20 112 21 0 0 111 174 69 11 9 42 26 3 0 0 3 3 3 0 78 172 164 83 82
P115 2052 2 88 150 187 98 88 280 303 68 39 134 79 9 1 3 113 115 53 42 118 18 0 0 0 60 7 1 0 25 -999 -999 -999
P115 2052 3 0 0 0 0 0 0 21 191 78 54 0 17 34 34 55 56 77 122 58 59 27 27 87 2 0 0 0 0 21 59 23
P115 2052 4 9 16 0 0 0 0 5 2 0 0 8 0 0 0 0 0 0 0 0 0 44 0 0 0 0 0 0 0 0 0 -999
P115 2052 5 0 0 0 0 0 0 0 0 0 0 0 0 12 22 25 19 27 34 34 11 1 0 0 0 2 0 0 0 0 0 0
P115 2052 6 0 0 0 0 0 0 0 0 0 0 0 0 0 0 0 0 0 0 0 0 0 0 0 19 21 21 0 0 0 0 -999
P115 2052 7 0 0 0 0 0 0 0 0 0 0 0 0 0 0 0 0 0 0 0 0 0 0 0 0 0 0 0 0 0 0 0
P115 2052 8 19 22 14 0 0 0 0 0 0 0 0 0 0 0 0 0 0 0 0 0 0 0 0 0 0 0 0 0 0 0 0
P115 2052 9 0 0 0 0 0 0 0 0 0 0 0 0 0 0 0 0 0 0 0 0 0 0 0 0 0 0 0 0 0 0 -999
P115 2052 10 0 0 0 0 0 0 0 0 0 0 0 0 24 16 0 0 0 0 0 0 0 0 0 0 49 51 13 0 0 0 0
P115 2052 11 1 51 41 3 0 0 0 0 0 0 2 0 0 0 0 0 0 30 111 27 144 98 61 1 57 16 36 23 7 2 -999
P115 2052 12 7 0 41 43 11 1 1 0 0 0 0 1 17 113 10 1 16 67 20 47 71 12 12 7 27 5 14 0 21 29 8
P115 2053 1 5 18 25 6 2 5 20 82 107 123 135 123 81 31 64 109 70 8 1 0 0 108 37 11 9 26 31 26 19 73 83
P115 2053 2 71 106 77 9 76 32 140 56 38 35 26 49 36 66 79 103 123 100 19 2 0 0 50 70 17 176 81 40 -999 -999 -999
P115 2053 3 11 0 0 0 0 0 0 0 0 0 18 0 0 0 0 0 0 0 0 0 0 0 0 0 0 0 0 0 0 37 8
P115 2053 4 4 35 34 15 7 0 0 0 0 0 0 47 0 18 37 13 0 0 0 0 0 0 0 55 68 21 11 0 0 0 -999
P115 2053 5 0 4 2 0 0 0 0 0 0 0 0 0 0 0 0 0 0 0 0 0 0 0 0 0 0 0 0 0 0 3 5
P115 2053 6 0 0 0 0 0 0 0 0 0 0 0 0 0 0 0 0 0 0 0 0 0 0 0 0 0 0 0 0 0 0 -999
P115 2053 7 0 0 0 0 0 0 0 0 17 14 0 0 0 0 0 0 0 0 0 0 0 0 0 0 0 0 0 0 0 0 0
P115 2053 8 0 0 0 0 0 0 0 0 0 0 0 0 0 0 0 0 0 0 0 0 0 0 0 0 0 34 13 0 0 0 4
P115 2053 9 0 10 0 0 0 0 0 0 0 0 0 0 0 0 0 0 0 0 0 44 50 13 14 0 0 0 0 34 37 12 -999
P115 2053 10 18 0 0 0 0 0 0 0 0 1 2 0 0 0 6 0 0 0 0 0 0 0 0 0 0 0 0 0 0 2 0
P115 2053 11 0 0 0 0 0 0 0 0 0 12 9 3 0 0 40 74 119 74 112 59 95 25 59 52 8 4 0 0 0 0 -999
P115 2053 12 0 0 0 11 3 0 0 0 4 21 96 195 71 66 49 42 54 58 47 58 35 30 71 91 92 42 0 0 0 2 28
P115 2054 1 113 8 15 81 29 75 43 56 40 0 0 0 0 0 0 4 32 71 76 25 2 27 9 7 2 0 0 0 0 0 0
P115 2054 2 0 34 40 104 89 67 51 49 2 0 10 30 23 13 0 0 0 12 21 23 16 4 20 38 12 30 8 0 -999 -999 -999
P115 2054 3 0 0 0 0 0 0 0 6 1 0 0 10 14 5 43 2 24 28 0 13 0 36 18 0 9 79 0 0 19 17 64
P115 2054 4 47 99 42 33 6 33 91 49 13 37 0 0 0 0 0 3 2 54 22 36 36 10 4 45 46 48 40 37 4 0 -999
P115 2054 5 0 30 3 3 4 2 0 0 47 49 23 22 4 1 2 0 0 0 0 0 3 0 0 0 0 0 0 0 0 0 0
P115 2054 6 0 0 0 0 0 0 0 0 0 0 0 0 0 0 0 0 0 0 0 0 0 0 0 0 0 0 0 0 0 0 -999
P115 2054 7 0 0 0 0 0 0 0 0 0 0 0 0 0 0 0 0 0 12 13 4 0 0 0 0 0 0 0 0 0 0 0
P115 2054 8 0 0 0 0 0 0 0 0 0 0 0 0 0 0 0 0 0 0 0 0 0 0 0 0 0 0 0 0 0 0 0
P115 2054 9 0 0 0 0 0 0 0 0 0 0 0 0 0 0 0 0 0 0 0 0 0 0 0 10 5 0 0 0 0 0 -999
P115 2054 10 0 0 0 0 0 0 0 0 0 0 0 13 5 0 0 0 0 0 0 0 95 26 4 15 7 4 0 0 5 27 90
P115 2054 11 103 129 77 80 82 41 19 81 42 0 0 0 0 0 0 6 5 0 0 0 0 0 0 0 4 0 9 37 90 36 -999
P115 2054 12 69 50 4 4 0 14 0 0 30 41 13 2 32 28 4 0 0 0 0 0 0 0 11 2 0 0 0 0 0 0 0
P115 2055 1 0 0 17 66 183 150 65 77 78 136 143 294 156 49 113 81 97 80 98 141 185 212 136 25 3 4 4 4 6 9 5
P115 2055 2 2 0 0 0 7 14 24 11 22 8 9 33 88 98 77 79 10 39 17 21 59 50 0 0 0 0 10 10 -999 -999 -999
P115 2055 3 0 34 61 30 39 35 52 54 134 92 53 40 76 14 3 0 32 6 0 11 10 3 2 15 4 56 25 3 10 23 0
P115 2055 4 0 0 0 0 0 26 61 31 78 33 9 15 1 1 9 0 0 0 0 0 22 20 39 32 60 61 33 22 23 36 -999
P115 2055 5 10 25 61 32 0 0 10 13 20 0 0 0 0 0 0 0 0 0 0 0 0 0 0 0 0 0 0 0 0 0 0
P115 2055 6 0 0 0 0 0 0 0 0 0 0 0 0 0 0 19 16 8 16 5 11 0 9 0 0 0 0 0 0 0 0 -999
P115 2055 7 0 0 0 0 0 0 0 0 0 0 0 0 0 0 0 0 0 0 0 0 0 0 0 0 0 0 0 0 0 0 0
P115 2055 8 0 0 0 0 0 0 0 0 0 0 0 0 0 0 0 0 0 0 0 0 0 0 0 0 0 0 0 0 0 0 0
P115 2055 9 0 0 0 0 0 0 0 0 0 0 0 0 0 0 0 0 0 0 0 0 0 0 0 0 0 0 0 0 0 0 -999
P115 2055 10 0 0 0 0 0 0 41 28 1 4 0 44 7 0 6 0 0 16 21 4 6 3 23 81 7 2 0 0 0 0 0
P115 2055 11 16 14 11 0 7 134 159 95 3 0 0 0 7 26 0 14 0 0 0 0 48 11 1 43 3 0 0 0 34 31 -999
P115 2055 12 82 66 2 2 0 0 0 0 0 143 143 245 62 46 42 61 16 2 41 95 145 78 11 18 0 0 0 0 0 22 78
P115 2056 1 0 0 2 3 2 29 132 17 72 0 10 0 0 0 5 8 6 8 3 3 73 91 114 37 76 2 140 116 2 1 3
P115 2056 2 0 0 0 0 0 0 0 0 0 0 0 0 0 0 1 3 20 0 0 3 33 16 8 1 0 0 0 0 -999 -999 -999
P115 2056 3 5 237 209 59 22 27 66 60 79 82 3 0 0 0 36 34 0 0 0 0 0 0 7 0 0 0 0 12 0 7 0
P115 2056 4 0 0 0 0 9 0 0 0 0 3 1 0 0 0 0 0 0 0 0 0 0 0 4 7 0 16 29 12 3 0 -999
P115 2056 5 0 6 35 16 20 32 0 0 0 0 8 25 15 0 0 0 0 0 0 0 0 0 0 0 6 16 28 11 7 0 0
P115 2056 6 0 0 0 0 0 0 4 0 0 0 0 0 0 0 0 0 0 0 0 0 0 0 0 0 0 0 0 0 0 0 -999
P115 2056 7 0 0 0 0 0 0 0 0 0 0 0 0 0 0 0 0 0 0 0 0 0 0 0 0 0 0 0 0 0 0 0
P115 2056 8 0 0 0 0 0 0 0 0 0 0 0 0 0 0 0 0 0 0 0 0 0 0 0 0 0 0 0 0 0 0 0
P115 2056 9 0 0 0 0 0 0 0 0 0 0 0 0 0 0 0 0 0 0 0 0 0 0 0 0 0 0 0 31 42 31 -999
P115 2056 10 0 6 5 0 0 0 0 0 0 0 0 0 0 0 0 0 0 0 51 0 0 0 21 91 38 1 0 0 0 0 11
P115 2056 11 22 8 10 38 49 64 61 35 9 0 35 39 52 81 5 0 0 16 61 39 16 0 0 52 69 78 84 101 55 111 -999
P115 2056 12 154 155 81 74 219 161 75 72 98 106 85 46 16 53 76 103 54 120 99 62 69 41 3 0 0 0 0 2 0 8 59
P115 2057 1 27 10 7 7 32 30 53 45 22 21 0 0 37 51 6 0 0 0 0 0 0 0 2 6 14 62 90 120 70 27 106
P115 2057 2 36 28 27 15 111 81 95 113 64 26 1 0 0 13 20 0 5 29 16 77 11 1 4 15 8 6 2 2 -999 -999 -999
P115 2057 3 4 5 1 4 13 7 4 2 0 3 0 0 0 0 0 0 60 6 0 0 0 0 32 56 25 1 0 0 0 0 0
P115 2057 4 0 0 0 0 0 0 0 10 56 35 0 8 11 2 54 79 53 76 19 10 22 38 4 0 0 0 0 0 0 0 -999
P115 2057 5 0 0 0 0 0 0 0 0 0 0 0 0 2 2 15 33 57 22 1 7 5 0 4 0 0 0 7 25 27 15 10
P115 2057 6 16 22 6 3 0 0 0 0 0 0 0 0 0 0 0 0 0 0 0 0 0 0 0 0 0 0 0 0 0 0 -999
P115 2057 7 0 0 0 0 0 0 0 0 0 0 0 0 0 0 0 0 0 0 0 0 0 0 0 0 0 0 0 0 0 0 0
P115 2057 8 0 0 0 0 0 0 0 0 0 0 0 0 0 0 0 0 0 0 0 0 0 0 0 0 0 0 0 0 0 0 0
P115 2057 9 0 0 0 0 0 0 0 0 0 0 0 0 0 0 0 0 0 0 0 0 0 0 0 0 0 0 6 0 0 0 -999
P115 2057 10 0 0 0 0 0 0 0 0 0 0 0 0 0 0 117 48 43 0 0 0 0 0 0 0 0 0 0 0 0 24 21
P115 2057 11 16 20 84 96 52 140 0 34 38 55 227 128 43 58 19 32 41 13 0 2 3 3 0 0 0 0 6 3 0 0 -999
P115 2057 12 0 0 0 5 8 11 17 64 116 120 152 147 105 47 36 18 0 0 0 0 0 0 0 0 0 0 10 3 9 47 47
P115 2058 1 6 7 4 0 0 0 9 32 78 142 58 16 46 111 86 7 4 3 3 0 2 0 0 0 4 14 46 14 2 39 13
P115 2058 2 47 3 0 0 4 2 2 0 9 10 17 43 55 33 41 15 2 0 0 0 0 0 2 2 0 0 0 0 -999 -999 -999
P115 2058 3 0 0 0 0 0 0 0 0 0 0 0 0 0 0 6 0 0 0 10 23 53 32 3 35 64 60 8 0 0 0 0
P115 2058 4 0 0 0 5 0 1 0 0 0 1 6 25 8 3 0 0 0 0 0 2 1 0 0 0 0 0 0 0 0 0 -999
P115 2058 5 0 0 0 0 0 0 0 0 0 0 0 0 0 0 0 0 0 0 0 0 0 0 0 0 0 0 0 0 0 6 0
P115 2058 6 0 0 0 0 0 0 0 0 0 0 0 0 0 0 0 0 0 0 0 0 0 0 0 0 0 0 0 0 0 0 -999
P115 2058 7 0 0 0 0 0 0 0 0 0 0 0 0 0 0 0 0 0 0 0 0 0 0 0 0 0 0 0 0 0 0 0
P115 2058 8 0 0 0 0 0 0 0 0 0 0 0 0 0 0 0 0 0 0 0 0 0 0 0 0 0 0 0 0 0 0 0
P115 2058 9 0 0 0 0 0 0 0 0 0 0 0 0 0 0 0 0 0 0 0 0 0 0 24 0 0 0 0 0 0 0 -999
P115 2058 10 0 0 0 0 0 0 0 0 0 0 0 0 0 0 0 0 0 0 0 0 0 5 10 15 5 0 0 0 0 0 0
P115 2058 11 0 0 0 0 0 0 0 37 53 22 62 34 11 38 26 64 66 193 129 149 19 43 34 5 7 68 60 136 58 58 -999
P115 2058 12 3 25 3 2 0 0 23 0 1 0 0 0 0 8 64 29 72 122 89 132 76 67 15 40 49 71 77 80 3 81 157
P115 2059 1 16 118 53 66 15 17 3 3 2 0 0 0 10 52 114 18 0 0 10 2 17 2 2 4 25 10 3 5 0 0 2
P115 2059 2 3 5 0 0 0 0 0 0 0 0 0 0 0 0 0 3 2 0 0 0 0 0 0 0 0 0 0 0 -999 -999 -999
P115 2059 3 0 0 0 0 0 0 0 0 0 0 0 25 2 0 0 0 0 0 0 12 31 22 22 88 31 81 44 31 6 3 4
P115 2059 4 1 1 0 0 0 0 0 0 0 0 0 0 0 0 0 0 0 0 0 0 14 16 6 0 4 0 0 0 23 10 -999
P115 2059 5 0 0 0 19 7 11 9 8 4 6 11 5 0 0 0 0 0 0 0 0 0 0 0 0 0 0 0 63 60 0 0
P115 2059 6 0 0 0 0 0 0 0 0 8 2 0 0 0 0 0 0 0 0 0 5 0 0 0 0 0 9 0 0 0 0 -999
P115 2059 7 0 0 0 0 0 0 0 0 0 0 0 0 0 0 0 0 6 0 0 0 0 0 0 0 0 0 0 0 0 0 0
P115 2059 8 0 0 0 0 0 0 0 0 0 0 0 0 0 0 0 0 0 0 0 0 0 0 0 0 0 0 0 0 0 0 0
P115 2059 9 0 0 0 0 0 0 0 0 0 0 0 0 0 0 0 0 0 0 0 0 0 0 0 14 20 0 0 0 0 0 -999
P115 2059 10 0 0 0 0 0 0 0 0 0 0 0 0 0 4 31 28 0 0 0 11 15 88 70 48 14 8 0 0 0 62 29
P115 2059 11 12 63 35 40 0 0 0 0 0 4 95 18 0 55 139 43 1 24 10 6 9 13 74 39 19 3 82 11 0 0 -999
P115 2059 12 0 0 20 55 6 0 6 39 38 35 2 16 1 3 2 0 4 0 0 0 0 0 0 0 7 15 58 198 316 136 42
P115 2060 1 49 94 160 144 129 57 0 0 13 90 75 4 0 0 0 0 0 0 0 0 0 0 0 0 0 3 5 0 0 0 0
P115 2060 2 0 0 0 18 74 26 34 69 88 27 79 127 19 96 162 32 73 84 21 1 59 35 50 43 93 26 105 46 -999 -999 -999
P115 2060 3 110 76 61 47 49 64 95 100 42 39 5 0 0 0 0 0 101 21 145 170 240 84 22 12 5 0 10 43 3 10 0
P115 2060 4 0 0 0 0 0 0 0 0 0 0 86 38 0 0 0 0 0 0 0 0 0 0 0 0 0 0 0 0 0 0 -999
P115 2060 5 0 0 0 0 0 0 0 0 0 0 0 0 0 0 0 0 0 0 0 0 0 0 0 0 0 0 0 0 0 0 0
P115 2060 6 0 0 9 8 19 39 35 32 18 11 7 4 3 28 15 0 0 0 0 0 0 0 0 0 0 0 0 0 0 0 -999
P115 2060 7 0 0 0 0 0 0 0 0 0 0 0 0 0 0 0 0 0 0 0 0 0 0 0 0 0 0 0 0 0 0 0
P115 2060 8 0 0 0 0 0 0 0 0 0 0 0 0 0 0 0 0 0 0 0 0 0 0 0 0 0 0 0 0 0 0 0
P115 2060 9 0 0 0 0 0 0 0 0 0 0 0 0 0 0 0 0 0 0 0 0 0 0 0 0 0 18 17 0 0 0 -999
P115 2060 10 0 0 0 0 0 0 0 0 0 0 28 91 51 60 4 9 12 7 0 0 0 0 7 0 6 0 0 0 0 0 82
P115 2060 11 82 41 57 22 0 0 0 10 76 23 0 16 2 6 5 24 11 20 4 0 0 1 0 0 10 18 43 4 36 6 -999
P115 2060 12 0 18 39 6 20 110 7 0 5 24 0 0 22 50 19 54 10 23 1 116 80 2 3 28 6 25 6 15 8 0 0
P115 2061 1 0 0 7 6 0 0 0 0 0 0 3 0 6 50 9 51 97 28 152 74 66 96 88 104 94 135 108 87 66 46 36
P115 2061 2 0 0 0 8 39 0 0 7 81 92 73 22 7 83 107 18 2 21 2 77 12 67 2 33 35 17 71 40 -999 -999 -999
P115 2061 3 165 74 125 80 13 4 30 25 58 58 111 18 90 58 85 72 32 80 54 26 10 0 0 0 0 0 0 0 0 0 0
P115 2061 4 0 0 12 26 23 46 36 7 14 49 51 26 50 19 7 0 0 40 32 25 8 0 0 19 0 0 0 0 0 0 -999
P115 2061 5 0 6 17 14 8 2 0 0 0 0 0 0 0 4 0 0 0 0 0 0 0 0 0 0 0 0 0 0 0 0 0
P115 2061 6 0 0 0 0 0 0 0 0 0 0 0 3 11 12 6 0 0 0 0 0 0 0 0 0 0 0 0 0 0 0 -999
P115 2061 7 0 0 0 0 0 0 0 0 0 0 0 0 0 0 0 0 0 0 0 0 0 0 0 0 0 0 0 0 0 0 0
P115 2061 8 0 0 0 0 0 0 0 0 0 0 0 0 0 0 0 0 0 0 0 0 0 0 0 0 0 0 0 0 0 0 0
P115 2061 9 0 0 0 0 0 0 0 0 0 0 0 0 0 0 0 9 52 62 92 55 66 10 0 0 14 0 0 0 0 0 -999
P115 2061 10 0 38 0 0 0 0 0 5 53 40 0 0 0 7 0 0 0 0 0 0 0 0 0 0 72 56 70 36 0 0 0
P115 2061 11 0 0 6 0 0 0 30 68 5 4 4 0 0 0 3 0 29 64 68 13 0 0 0 0 0 0 4 9 40 58 -999
P115 2061 12 135 147 109 10 0 15 10 4 4 26 54 38 21 5 0 11 41 94 68 5 5 0 0 0 0 0 0 0 13 88 16
P115 2062 1 7 0 4 3 4 0 1 1 1 8 40 61 121 46 122 100 98 53 1 0 15 32 15 4 6 46 75 96 13 64 140
P115 2062 2 77 68 39 31 29 95 79 85 86 28 0 0 0 0 0 0 0 0 3 1 2 33 65 99 337 82 113 4 -999 -999 -999
P115 2062 3 0 0 0 0 17 39 3 0 0 49 7 0 0 22 0 0 0 0 0 0 0 0 0 0 1 54 7 0 0 0 0
P115 2062 4 0 13 1 0 0 0 0 0 16 24 26 30 3 0 0 0 4 9 0 0 3 0 6 29 18 12 0 0 0 0 -999
P115 2062 5 0 0 0 0 0 0 0 0 0 0 0 0 0 0 0 0 0 0 0 0 0 0 0 0 0 0 0 7 8 8 20
P115 2062 6 19 0 1 0 0 0 0 0 0 0 2 0 0 0 0 0 0 0 0 0 0 0 0 0 0 0 0 0 0 0 -999
P115 2062 7 0 0 0 0 0 0 0 0 0 0 0 0 0 0 0 0 0 0 0 0 0 0 0 0 0 0 0 0 0 0 0
P115 2062 8 0 0 0 0 0 0 0 0 0 0 0 0 0 0 0 0 0 0 0 0 0 0 0 0 0 0 0 0 0 0 0
P115 2062 9 0 0 0 0 0 0 0 0 0 0 0 0 0 0 0 0 0 0 0 0 0 0 0 0 0 0 0 0 0 0 -999
P115 2062 10 0 0 0 0 0 0 0 0 0 0 0 0 0 0 0 0 0 0 96 93 28 36 33 26 51 31 4 2 8 2 0
P115 2062 11 0 46 36 0 52 65 1 0 13 76 147 9 0 0 0 0 0 62 26 59 79 13 56 67 89 1 0 26 3 5 -999
P115 2062 12 2 0 0 0 0 11 49 13 54 142 51 5 0 5 63 120 5 7 13 19 25 32 37 59 55 5 0 17 43 11 0
P115 2063 1 5 11 23 36 27 18 4 0 0 0 0 0 0 1 0 0 0 0 21 21 56 21 16 32 8 26 75 17 1 3 0
P115 2063 2 0 0 0 0 0 3 40 72 36 10 0 0 4 7 51 11 0 0 0 8 1 3 2 5 2 2 0 5 -999 -999 -999
P115 2063 3 3 0 0 0 0 0 17 5 2 47 77 35 97 85 131 35 28 28 30 43 14 0 66 29 32 33 133 89 57 9 0
P115 2063 4 43 38 10 14 0 0 0 0 0 63 36 25 2 12 24 36 20 0 0 0 0 17 1 3 9 0 4 3 6 2 -999
P115 2063 5 1 0 0 0 0 0 0 0 0 0 0 0 38 7 12 19 5 9 7 7 13 25 0 0 0 0 0 0 0 0 0
P115 2063 6 0 0 0 0 0 0 0 0 0 0 0 0 0 0 0 0 0 0 0 0 0 0 0 0 0 0 0 0 0 0 -999
P115 2063 7 0 0 0 0 0 0 0 0 0 0 0 0 0 0 0 0 0 0 0 0 0 0 0 0 0 0 0 0 0 0 0
P115 2063 8 0 0 0 0 0 0 0 0 0 0 0 0 0 0 0 0 0 0 0 0 0 0 0 0 0 0 0 0 0 0 0
P115 2063 9 0 0 0 0 0 0 0 0 0 0 0 0 0 0 0 0 0 0 0 0 0 0 0 0 0 0 8 21 0 0 -999
P115 2063 10 0 0 0 0 0 0 0 0 49 37 54 13 0 0 8 3 0 0 14 52 9 99 8 0 0 0 12 88 5 9 0
P115 2063 11 0 0 0 0 0 0 0 0 0 0 0 0 0 7 0 0 0 0 0 4 0 3 0 18 30 1 0 27 20 20 -999
P115 2063 12 57 58 68 0 28 57 30 0 5 12 5 29 12 30 0 14 50 66 21 9 0 38 78 104 58 56 56 32 28 66 12
P115 2064 1 4 8 0 6 1 5 0 0 8 80 102 131 90 102 13 4 1 2 0 0 77 41 13 4 0 0 17 47 127 57 25
P115 2064 2 10 4 3 0 0 0 0 0 0 0 0 0 58 42 53 24 29 32 5 0 0 0 0 0 0 12 11 3 -999 -999 -999
P115 2064 3 0 10 125 108 62 136 37 3 0 7 41 6 24 8 3 14 0 4 0 5 0 14 42 8 29 2 4 8 38 70 30
P115 2064 4 6 7 21 0 0 4 0 1 1 13 0 0 0 0 0 0 0 3 4 0 0 0 41 7 0 8 62 21 0 0 -999
P115 2064 5 0 0 5 0 0 0 0 0 0 0 0 0 0 0 0 0 0 0 0 0 0 0 0 0 0 0 0 0 0 0 0
P115 2064 6 0 0 0 0 0 0 0 0 0 0 0 0 0 0 0 0 0 0 0 0 0 0 0 0 0 0 0 0 0 0 -999
P115 2064 7 0 0 0 0 0 0 0 0 0 0 0 0 0 0 0 0 0 0 0 0 0 0 0 0 0 0 0 0 0 0 0
P115 2064 8 0 0 0 0 0 0 0 0 0 0 0 0 0 0 0 0 0 0 0 0 0 0 0 0 0 0 0 0 0 0 0
P115 2064 9 0 0 0 0 0 0 0 0 0 0 0 0 4 0 0 0 0 0 0 0 0 0 0 12 0 0 8 20 0 0 -999
P115 2064 10 0 0 0 0 0 0 0 0 68 45 0 0 0 0 0 0 0 0 0 0 14 2 8 31 10 0 0 0 0 0 0
P115 2064 11 0 0 0 0 0 19 13 16 13 22 0 0 0 0 3 1 0 0 0 0 1 1 15 74 20 59 40 92 157 5 -999
P115 2064 12 0 10 12 32 32 25 61 99 159 129 66 41 0 0 0 0 0 2 19 122 72 159 12 3 3 29 57 92 68 88 67
P115 2065 1 20 69 12 3 11 11 88 79 132 66 14 49 20 4 2 0 0 0 0 6 13 10 30 2 0 0 0 2 0 0 9
P115 2065 2 38 46 30 65 28 0 0 0 21 9 2 0 0 0 0 0 0 4 19 15 63 18 42 0 5 12 0 3 -999 -999 -999
P115 2065 3 0 0 0 0 11 60 58 0 18 32 0 0 0 0 0 0 0 0 0 0 0 5 0 40 0 0 56 58 23 43 20
P115 2065 4 66 58 97 5 1 1 0 0 0 3 13 5 35 48 5 0 0 0 0 0 0 0 0 0 9 19 8 9 3 2 -999
P115 2065 5 6 5 24 3 0 0 0 0 0 10 4 2 2 0 0 0 20 3 0 0 0 0 0 0 0 0 0 0 0 0 0
P115 2065 6 2 2 9 26 32 26 17 3 0 0 21 30 9 0 0 0 0 0 0 0 0 0 0 0 0 0 0 0 0 0 -999
P115 2065 7 0 0 0 0 0 0 0 0 0 0 0 0 0 0 0 0 0 0 0 0 0 0 0 0 0 0 0 0 0 0 0
P115 2065 8 0 0 0 0 0 0 0 0 0 0 0 0 0 0 0 0 0 0 0 0 0 0 0 0 0 0 0 0 0 0 0
P115 2065 9 0 0 0 0 0 0 0 0 0 0 0 0 0 0 0 0 0 0 0 0 0 37 109 139 75 20 14 15 0 0 -999
P115 2065 10 0 0 0 0 0 0 0 0 0 0 0 7 0 0 0 66 115 88 50 3 12 0 27 0 0 0 0 0 0 0 0
P115 2065 11 15 0 0 0 35 42 40 45 1 0 8 111 60 42 0 0 0 0 0 0 69 60 23 17 21 4 0 0 0 0 -999
P115 2065 12 0 0 4 17 48 58 7 0 2 30 56 79 21 0 0 0 0 11 27 52 47 81 215 68 82 107 80 28 3 0 2
P115 2066 1 2 2 2 29 99 2 0 47 38 29 17 29 24 30 8 17 72 19 0 0 0 0 0 6 6 7 14 5 0 3 2
P115 2066 2 0 0 3 4 10 60 78 49 45 4 0 0 0 0 5 7 3 19 8 0 0 0 0 21 9 49 2 0 -999 -999 -999
P115 2066 3 40 134 173 238 273 128 54 167 162 48 59 68 11 22 58 36 22 1 0 7 12 2 10 6 4 0 72 73 42 24 30
P115 2066 4 20 0 0 0 0 115 44 13 0 0 0 0 0 0 0 0 16 20 0 0 0 0 0 0 0 0 0 0 0 0 -999
P115 2066 5 0 0 0 0 0 41 0 0 0 0 0 0 0 0 0 0 6 0 0 0 0 0 0 0 0 0 0 0 0 0 0
P115 2066 6 0 0 0 0 0 0 0 0 0 0 0 0 0 0 0 0 0 0 0 0 0 0 0 0 0 0 0 0 0 0 -999
P115 2066 7 0 0 0 0 0 0 0 0 0 0 0 0 0 0 0 0 0 0 0 0 0 0 0 0 0 0 0 0 0 0 0
P115 2066 8 0 0 0 0 0 0 0 0 0 0 0 0 0 0 0 0 0 0 0 0 0 0 0 0 0 0 0 0 0 0 0
P115 2066 9 0 0 0 0 0 0 0 0 0 0 0 0 0 0 0 0 0 0 0 0 0 0 0 0 0 0 0 0 27 0 -999
P115 2066 10 0 0 0 0 0 0 0 0 0 0 14 35 81 30 16 74 46 37 6 15 0 0 0 0 0 0 0 8 10 7 98
P115 2066 11 41 40 56 55 46 85 123 134 87 1 0 0 0 0 0 28 47 11 35 132 90 104 37 11 46 117 112 31 146 129 -999
P115 2066 12 95 160 90 2 0 20 36 50 53 27 7 70 120 115 41 45 140 67 0 0 0 11 27 31 56 108 175 135 83 64 39
P115 2067 1 104 196 208 227 78 22 84 81 16 17 73 156 224 128 108 71 157 225 141 6 4 79 55 67 59 62 48 12 38 12 5
P115 2067 2 37 25 16 2 3 4 33 134 143 12 26 49 2 0 0 0 0 3 6 20 31 43 28 36 9 1 2 4 -999 -999 -999
P115 2067 3 0 2 18 84 7 0 0 0 3 2 4 29 9 3 8 9 16 0 0 0 0 0 0 0 0 7 23 14 10 11 0
P115 2067 4 0 0 0 0 0 13 18 0 0 1 0 0 0 10 0 0 15 10 13 2 1 0 0 5 18 22 31 58 0 9 -999
P115 2067 5 0 0 0 0 0 0 0 0 0 0 2 21 16 34 18 3 22 37 32 10 4 13 4 0 0 0 0 0 0 0 0
P115 2067 6 0 0 0 0 0 0 91 82 0 0 0 0 0 0 0 0 0 0 0 0 0 0 0 0 0 0 0 0 0 0 -999
P115 2067 7 0 0 0 0 0 0 0 0 0 0 0 0 0 0 0 0 0 0 0 0 0 0 0 0 0 0 0 0 0 0 0
P115 2067 8 0 0 0 0 0 0 0 0 0 0 0 0 0 0 0 0 0 0 0 0 0 0 0 0 0 0 0 0 0 0 0
P115 2067 9 0 0 0 0 0 0 0 0 0 0 0 0 0 0 0 0 0 0 0 0 0 0 0 0 0 0 0 0 0 0 -999
P115 2067 10 0 0 0 0 0 0 0 20 5 3 0 5 13 0 0 0 0 0 0 0 0 0 0 0 0 0 0 26 44 40 102
P115 2067 11 42 43 90 52 36 52 139 41 72 46 12 33 25 11 26 2 0 95 92 48 0 0 0 9 25 7 12 2 26 2 -999
P115 2067 12 7 0 0 90 104 76 2 7 237 99 76 77 27 25 53 59 10 0 3 52 56 43 34 19 22 10 6 6 4 4 7
P115 2068 1 23 1 0 0 0 0 0 4 5 33 40 6 0 0 0 0 5 4 0 16 23 79 195 171 12 99 14 1 99 78 75
P115 2068 2 7 37 26 2 0 42 21 85 141 41 51 8 30 27 17 22 0 0 0 2 7 0 27 8 1 0 0 0 -999 -999 -999
P115 2068 3 0 4 29 35 2 1 0 0 191 161 51 47 1 0 0 30 37 0 0 10 13 1 35 57 12 0 0 0 0 23 0
P115 2068 4 0 0 0 0 24 31 2 0 0 44 8 0 0 0 0 0 0 0 0 0 0 0 5 3 3 0 0 7 10 11 -999
P115 2068 5 0 0 0 90 0 0 11 2 0 6 9 28 41 22 53 13 2 0 0 2 0 0 0 0 0 0 0 0 0 0 0
P115 2068 6 0 0 0 0 0 0 0 0 0 0 0 0 0 0 0 0 0 0 0 0 0 0 0 0 0 0 0 0 0 0 -999
P115 2068 7 0 0 0 0 0 0 0 0 0 0 0 0 0 0 0 0 0 0 0 0 0 0 0 0 0 0 0 0 0 0 0
P115 2068 8 0 0 0 0 0 0 0 0 0 0 0 0 0 0 0 0 0 0 0 0 0 0 0 0 0 0 0 0 0 0 0
P115 2068 9 0 0 0 0 0 0 0 0 0 0 0 0 0 0 0 0 0 0 0 0 19 59 53 33 0 0 8 0 0 3 -999
P115 2068 10 10 6 0 0 0 0 23 23 6 0 0 8 24 10 0 0 0 0 0 2 32 18 59 28 18 34 0 0 32 27 31
P115 2068 11 0 0 0 0 0 0 3 0 0 0 0 0 0 0 55 92 1 20 48 14 108 104 57 67 98 4 0 11 65 52 -999
P115 2068 12 0 109 44 24 113 45 23 27 112 26 42 14 47 20 128 134 185 103 109 46 56 2 0 0 0 24 10 14 8 0 0
P115 2069 1 0 0 0 0 0 7 15 2 28 207 86 29 11 1 0 0 0 0 0 11 21 28 12 11 48 32 14 56 177 128 118
P115 2069 2 98 81 57 17 100 31 60 67 106 55 29 10 9 43 5 1 0 0 0 0 3 0 3 0 2 0 0 2 -999 -999 -999
P115 2069 3 86 61 5 3 6 0 0 0 8 14 31 3 0 0 0 0 0 0 0 28 22 4 0 20 1 0 3 8 29 8 0
P115 2069 4 24 0 0 0 0 0 0 24 24 28 94 69 50 57 77 39 25 53 42 38 24 3 0 0 0 0 0 29 8 28 -999
P115 2069 5 48 40 11 10 8 29 29 25 22 27 5 0 0 0 0 0 0 0 0 0 3 0 0 0 0 0 0 1 3 8 13
P115 2069 6 0 0 0 0 0 0 0 0 0 0 0 0 0 0 0 0 0 0 0 0 0 5 0 0 0 0 0 0 0 0 -999
P115 2069 7 0 5 0 0 0 0 0 0 0 0 0 0 0 0 0 0 0 0 0 0 0 0 0 0 0 0 0 0 0 0 0
P115 2069 8 0 0 0 0 0 0 0 0 0 0 0 0 0 0 0 0 0 0 0 0 0 0 0 0 0 0 0 0 0 0 0
P115 2069 9 0 0 0 0 0 0 0 0 14 0 0 0 0 0 0 0 0 0 9 15 5 0 0 0 3 6 27 15 92 59 -999
P115 2069 10 43 31 104 40 0 0 0 0 0 0 0 0 0 0 0 0 1 0 1 10 17 14 61 41 25 7 3 0 0 10 44
P115 2069 11 61 44 88 43 0 0 0 51 110 115 112 80 178 139 15 3 0 0 0 0 0 0 6 44 4 41 53 107 84 21 -999
P115 2069 12 9 109 147 125 40 52 61 30 6 4 0 5 67 20 0 0 0 0 0 0 0 22 113 88 21 0 15 20 76 23 15
P115 2070 1 73 53 20 74 77 47 2 20 69 12 14 5 17 14 0 4 53 11 40 117 71 64 83 86 95 86 137 10 26 133 100
P115 2070 2 84 191 121 37 5 8 29 8 5 83 72 76 75 10 214 65 10 0 0 9 16 25 81 45 80 44 124 13 -999 -999 -999
P115 2070 3 19 2 0 0 95 0 0 16 198 50 20 26 43 4 0 0 0 22 41 0 35 75 36 11 66 0 0 0 0 0 0
P115 2070 4 10 18 33 4 49 49 49 94 50 46 18 11 9 0 0 21 16 0 0 0 0 0 24 25 26 11 14 5 3 2 -999
P115 2070 5 4 17 10 22 26 1 0 2 0 0 0 18 12 53 37 17 0 16 5 0 0 0 0 0 0 0 0 0 0 0 0
P115 2070 6 17 28 28 17 12 0 0 0 0 0 0 0 0 0 0 0 0 0 0 0 0 0 0 0 0 0 0 0 0 0 -999
P115 2070 7 0 0 0 0 0 0 0 0 0 0 0 0 0 0 0 0 0 0 0 0 0 0 0 0 0 0 0 0 0 0 0
P115 2070 8 0 0 0 0 0 0 0 0 0 0 0 0 0 0 0 0 0 0 0 0 0 0 0 0 0 0 0 0 0 0 0
P115 2070 9 0 0 0 0 0 0 0 0 0 0 0 0 0 0 0 0 0 0 0 0 0 0 0 0 0 0 0 9 24 42 -999
P115 2070 10 4 0 0 8 0 0 0 3 10 75 144 46 33 38 8 3 4 10 73 82 74 82 37 6 0 0 0 0 0 0 0
P115 2070 11 13 44 27 72 3 6 51 45 46 8 96 112 50 51 8 14 77 1 11 63 78 56 66 36 9 0 0 0 0 1 -999
P115 2070 12 0 4 27 0 0 0 0 0 9 14 17 7 10 4 0 0 0 0 1 9 7 95 11 9 13 3 30 40 70 52 8
P115 2071 1 0 5 10 53 22 3 2 6 28 49 32 50 53 69 138 231 451 324 155 76 58 26 120 112 36 1 2 15 5 14 74
P115 2071 2 78 28 18 29 55 77 30 33 5 0 0 8 7 0 0 0 0 0 10 24 49 9 4 6 16 76 77 0 -999 -999 -999
P115 2071 3 0 0 0 0 24 6 4 8 5 21 26 4 0 0 5 0 0 0 0 0 0 0 0 0 34 0 0 0 0 0 0
P115 2071 4 0 0 0 0 0 0 0 0 0 0 0 0 0 0 0 0 0 0 0 0 48 0 0 0 0 0 0 0 0 0 -999
P115 2071 5 0 0 0 0 0 0 0 0 0 0 0 0 0 79 8 0 0 0 0 0 0 0 0 0 0 0 0 0 0 0 0
P115 2071 6 0 0 0 0 0 0 7 8 4 0 0 0 0 0 0 0 0 0 0 0 0 0 0 0 0 0 0 0 0 0 -999
P115 2071 7 0 0 0 0 0 0 0 0 0 0 0 0 0 0 0 0 0 0 0 0 0 0 0 0 0 0 0 0 0 0 0
P115 2071 8 0 0 0 0 0 0 0 0 0 0 0 0 0 0 0 0 0 0 0 0 0 0 0 0 0 0 0 0 0 0 0
P115 2071 9 0 0 0 0 0 0 0 0 0 0 0 0 0 0 0 0 0 0 0 0 0 0 0 0 0 0 0 0 0 0 -999
P115 2071 10 0 21 0 0 0 0 0 0 2 1 6 10 6 0 0 0 0 0 0 0 0 0 0 0 15 0 0 0 0 0 0
P115 2071 11 40 37 60 6 11 42 59 110 47 16 22 60 0 0 0 30 1 0 0 0 0 0 0 7 6 55 10 0 0 0 -999
P115 2071 12 21 10 3 3 9 67 42 3 0 0 0 0 0 0 0 0 0 0 6 4 0 0 0 0 0 0 0 0 0 0 0
P115 2072 1 0 0 0 0 0 7 1 2 9 36 10 1 8 5 43 4 1 0 0 0 60 168 219 9 0 0 10 34 87 37 78
P115 2072 2 2 2 3 60 77 29 2 46 9 81 52 235 102 161 111 181 349 124 305 189 93 121 91 51 10 23 41 2 -999 -999 -999
P115 2072 3 0 0 0 0 0 1 106 52 4 7 54 66 0 0 0 0 0 46 51 6 0 0 10 2 1 0 0 0 15 2 0
P115 2072 4 0 0 0 0 0 13 26 22 39 43 84 13 3 0 21 0 0 0 0 0 0 0 36 6 0 0 0 0 0 0 -999
P115 2072 5 0 0 0 6 10 4 6 7 0 0 0 0 0 0 0 0 0 0 0 0 0 0 0 0 0 0 0 0 0 0 0
P115 2072 6 0 0 0 0 0 0 0 0 0 0 0 0 0 0 0 0 0 0 0 0 0 0 0 0 0 0 0 0 0 0 -999
P115 2072 7 0 0 0 0 0 0 0 0 0 0 0 0 0 0 0 0 0 0 0 0 0 0 0 0 0 0 0 0 0 0 0
P115 2072 8 0 0 0 0 0 0 0 0 0 0 0 0 0 0 0 0 0 0 0 0 0 0 0 0 0 0 0 0 0 0 0
P115 2072 9 0 0 0 0 0 0 0 0 0 0 0 0 0 0 0 0 0 0 0 0 0 0 0 0 0 0 0 0 0 0 -999
P115 2072 10 16 20 0 0 0 0 0 0 0 0 0 0 0 0 0 0 10 23 19 20 9 24 23 59 15 30 11 0 39 43 50
P115 2072 11 11 8 0 0 92 74 56 75 134 115 79 42 13 2 2 0 0 0 0 0 8 16 104 122 6 29 183 6 4 2 -999
P115 2072 12 0 0 0 0 3 67 100 44 11 14 3 0 0 0 0 0 6 27 20 66 42 22 18 5 0 36 11 0 0 4 5
P115 2073 1 4 6 9 14 21 98 21 7 2 0 6 13 26 4 0 0 0 2 2 0 0 0 0 0 0 11 4 0 0 0 0
P115 2073 2 0 0 10 25 15 4 13 12 63 120 98 27 2 63 113 41 168 3 11 11 3 0 22 10 0 0 0 0 -999 -999 -999
P115 2073 3 0 0 0 0 0 0 0 19 33 20 2 3 0 21 44 34 7 4 39 12 14 17 9 6 0 0 54 49 2 0 0
P115 2073 4 0 0 0 0 0 0 0 0 0 0 0 0 0 0 24 0 0 0 0 0 0 0 0 0 0 0 0 10 0 0 -999
P115 2073 5 30 0 0 0 0 0 0 35 0 0 0 0 0 0 16 16 39 34 32 9 6 3 22 34 9 0 4 3 0 0 0
P115 2073 6 0 0 0 0 0 0 0 0 0 0 0 0 0 0 0 0 0 0 0 0 0 0 0 0 0 0 0 0 0 0 -999
P115 2073 7 0 0 0 0 0 0 0 0 0 0 0 0 0 0 0 0 0 0 0 0 0 0 0 0 0 0 0 0 0 0 0
P115 2073 8 0 0 0 0 0 0 0 0 0 0 0 0 0 0 0 0 0 0 0 0 0 0 0 0 0 0 0 0 0 0 0
P115 2073 9 0 0 0 0 0 0 0 0 0 0 0 0 0 0 0 0 0 0 0 0 0 0 0 0 0 0 0 0 0 0 -999
P115 2073 10 0 0 0 0 0 0 26 14 10 128 128 0 0 0 0 0 0 0 19 3 0 0 0 0 0 0 30 20 2 2 5
P115 2073 11 21 2 0 0 6 9 200 38 166 102 64 35 13 2 33 0 0 0 4 0 2 37 13 32 25 39 14 16 10 15 -999
P115 2073 12 60 116 69 27 2 71 1 7 0 0 0 0 0 0 0 0 2 5 14 42 62 45 0 35 127 4 2 0 0 0 0
P115 2074 1 0 3 0 0 0 0 0 0 0 4 5 14 32 36 11 0 16 105 89 71 7 13 14 5 0 0 3 8 11 3 0
P115 2074 2 2 9 0 0 0 20 38 35 73 7 3 8 17 6 6 5 0 0 0 19 35 28 14 0 12 13 7 0 -999 -999 -999
P115 2074 3 0 48 17 9 14 32 43 0 0 0 0 33 0 0 52 10 0 19 22 47 4 0 0 0 0 0 0 0 0 0 0
P115 2074 4 0 0 0 0 0 0 0 0 0 0 0 0 0 0 0 0 0 0 0 0 0 0 0 0 0 7 16 12 0 0 -999
P115 2074 5 0 0 0 0 0 8 25 13 7 8 20 20 16 5 0 0 0 6 0 9 22 35 18 0 0 0 0 0 0 0 0
P115 2074 6 0 0 0 0 0 0 0 0 0 0 0 0 0 0 0 0 0 0 0 0 0 0 0 0 0 0 0 0 0 0 -999
P115 2074 7 0 0 0 0 0 0 0 0 0 0 0 0 0 0 0 0 0 0 0 0 0 0 0 0 0 0 0 0 0 0 0
P115 2074 8 0 0 0 0 0 0 0 0 0 0 0 0 0 0 0 0 0 0 0 0 0 0 0 0 0 0 0 0 0 0 0
P115 2074 9 0 0 0 0 0 0 0 0 0 0 0 0 0 0 0 0 0 0 0 0 0 0 0 1 1 1 2 21 0 0 -999
P115 2074 10 0 0 13 0 0 0 0 0 15 19 10 0 0 0 0 0 0 0 11 0 0 0 0 0 0 0 0 30 63 1 0
P115 2074 11 8 19 14 0 0 0 0 20 73 108 21 28 0 0 0 79 11 3 2 0 0 0 69 151 172 56 9 11 7 0 -999
P115 2074 12 0 0 112 110 8 0 33 83 27 14 21 53 86 231 236 165 90 63 169 59 97 74 3 1 1 7 405 83 267 72 124
P115 2075 1 219 275 142 77 70 60 14 17 17 15 73 59 86 2 4 6 0 0 0 0 0 0 0 0 0 9 19 5 6 8 4
P115 2075 2 84 14 0 2 62 56 69 80 34 7 72 77 26 66 4 7 16 0 0 28 134 17 37 17 0 0 0 0 -999 -999 -999
P115 2075 3 0 0 5 65 69 50 9 0 87 64 41 48 51 51 10 5 8 57 75 54 23 0 42 60 18 46 57 4 20 25 28
P115 2075 4 28 1 28 0 0 28 0 0 0 0 0 0 0 0 0 0 0 0 0 11 13 0 0 0 0 0 0 0 0 0 -999
P115 2075 5 23 16 36 112 69 76 44 30 2 0 0 0 0 14 9 30 62 31 17 21 7 13 11 0 0 0 0 0 0 0 0
P115 2075 6 0 0 0 0 0 0 0 0 0 0 0 0 0 0 0 0 0 0 0 0 0 0 0 0 0 0 0 0 0 0 -999
P115 2075 7 0 0 0 0 0 0 0 0 0 0 0 0 0 0 0 14 3 0 0 0 0 0 0 0 0 0 0 0 0 0 0
P115 2075 8 0 0 0 0 0 0 0 0 0 0 0 0 0 0 0 0 0 0 0 0 0 0 0 0 0 0 0 0 0 0 0
P115 2075 9 0 0 0 0 0 0 0 0 0 0 0 0 0 0 24 0 0 0 0 0 0 0 0 0 0 0 0 26 40 24 -999
P115 2075 10 7 0 16 6 0 0 0 30 1 0 0 0 0 0 0 0 0 0 0 14 6 0 0 0 0 0 26 11 1 0 0
P115 2075 11 37 0 0 16 12 17 167 47 136 12 22 48 40 58 7 48 94 29 22 18 21 18 49 68 40 96 59 2 9 16 -999
P115 2075 12 1 7 1 32 84 81 108 48 106 2 11 30 59 43 0 0 0 0 0 0 0 2 0 0 0 26 2 0 2 2 0
P115 2076 1 3 4 3 4 0 0 0 0 6 35 28 17 9 29 7 5 0 2 2 0 0 0 0 0 0 4 39 50 0 2 0
P115 2076 2 3 12 0 0 0 27 8 8 82 2 0 0 0 0 0 0 0 0 8 23 9 0 0 0 0 3 0 0 -999 -999 -999
P115 2076 3 0 0 0 0 19 27 1 0 23 50 5 0 0 11 46 43 61 40 3 0 0 0 0 0 0 0 0 0 0 0 0
P115 2076 4 0 0 0 12 0 0 0 0 0 0 0 36 0 0 0 0 0 0 0 0 68 34 21 14 12 0 21 0 0 0 -999
P115 2076 5 0 0 28 15 1 0 0 0 0 0 0 0 0 1 0 0 11 19 4 9 29 33 31 0 0 0 1 70 30 35 14
P115 2076 6 59 10 0 0 0 0 0 0 0 0 0 0 0 0 0 0 0 0 0 0 0 0 0 0 0 0 0 0 0 0 -999
P115 2076 7 0 0 0 0 9 0 0 0 0 0 0 0 0 0 0 0 0 0 0 0 0 0 0 0 0 0 0 0 0 0 0
P115 2076 8 0 0 0 0 0 0 0 0 0 0 0 0 0 0 0 0 0 0 0 0 0 0 0 0 0 0 0 0 0 0 0
P115 2076 9 0 0 0 0 0 0 0 0 0 0 0 0 0 0 0 0 0 0 0 0 0 0 0 0 0 0 0 23 8 16 -999
P115 2076 10 0 0 29 0 0 0 0 0 0 0 65 109 56 118 67 11 8 77 5 0 13 7 6 13 0 0 27 0 0 0 0
P115 2076 11 0 0 0 13 0 0 0 31 82 98 56 64 1 1 0 0 0 39 8 4 0 0 47 213 101 14 0 0 0 0 -999
P115 2076 12 0 0 0 0 0 0 0 8 35 0 0 0 0 0 2 2 1 5 0 0 0 0 0 0 0 12 9 6 47 56 1
P115 2077 1 0 0 0 0 0 21 1 3 0 0 2 10 49 116 49 50 0 0 23 4 4 136 311 48 105 43 100 17 1 5 16
P115 2077 2 7 0 0 71 115 52 1 1 0 0 26 88 78 52 79 65 72 0 0 0 0 0 0 8 0 0 0 0 -999 -999 -999
P115 2077 3 7 53 77 6 0 2 0 32 41 65 10 2 45 11 0 0 5 51 74 8 0 0 0 0 0 6 3 22 13 0 0
P115 2077 4 0 0 0 0 4 0 11 29 15 6 0 0 0 0 0 0 0 0 0 0 0 0 0 0 0 0 0 0 0 0 -999
P115 2077 5 0 0 0 0 0 0 0 0 2 0 1 0 0 0 0 0 0 0 0 0 0 0 0 24 56 43 32 6 0 0 0
P115 2077 6 0 0 0 0 0 0 0 0 0 0 6 11 15 8 0 0 0 0 0 0 0 0 0 0 0 0 0 0 0 0 -999
P115 2077 7 0 0 0 0 0 0 0 0 0 0 0 0 0 0 0 0 0 0 0 0 0 0 0 0 0 0 0 0 0 0 0
P115 2077 8 0 0 0 0 0 0 0 0 0 0 0 0 0 0 0 0 0 0 0 0 0 0 0 0 0 0 0 0 0 0 0
P115 2077 9 0 0 0 0 0 0 0 0 0 0 0 0 0 0 0 0 0 0 0 0 0 0 0 0 0 0 0 71 0 0 -999
P115 2077 10 0 0 0 0 0 0 0 0 0 0 0 0 0 26 44 20 0 18 19 13 10 71 15 6 4 0 0 6 5 0 0
P115 2077 11 0 10 103 113 159 99 149 97 33 22 35 89 172 216 97 74 90 95 3 3 66 116 77 27 40 41 74 46 38 16 -999
P115 2077 12 11 0 0 9 16 6 4 28 52 89 141 86 144 109 74 46 208 132 159 63 82 88 77 106 115 188 107 51 73 36 17
P115 2078 1 0 66 20 70 51 78 11 129 6 56 1 0 0 0 0 0 0 0 0 0 0 41 41 30 0 0 0 0 0 0 0
P115 2078 2 25 70 18 15 44 100 46 21 23 4 40 8 2 2 7 0 9 55 1 0 3 2 5 6 0 3 0 1 -999 -999 -999
P115 2078 3 0 0 0 0 0 46 35 5 0 0 18 33 33 93 18 7 0 52 9 0 0 3 24 4 0 0 35 2 16 40 18
P115 2078 4 122 62 16 78 39 57 20 3 31 9 0 0 9 19 0 0 15 22 62 24 4 0 0 0 0 0 0 11 1 2 -999
P115 2078 5 19 7 5 27 13 32 26 5 0 8 52 44 8 15 54 39 4 3 0 0 0 0 0 0 0 0 0 0 0 0 0
P115 2078 6 0 0 0 0 0 0 0 0 0 0 0 0 0 0 0 0 0 0 0 0 0 0 0 0 0 0 0 0 0 0 -999
P115 2078 7 0 0 0 0 0 0 0 0 0 0 0 0 0 0 0 0 0 0 0 0 0 0 0 0 0 0 0 0 0 0 0
P115 2078 8 0 0 0 0 0 0 0 0 0 0 0 0 0 0 0 0 0 0 0 0 0 0 0 0 0 0 0 0 0 0 0
P115 2078 9 0 0 106 36 0 0 0 0 0 0 0 0 0 0 0 0 0 0 0 0 0 0 0 0 0 0 0 0 0 0 -999
P115 2078 10 0 0 0 0 0 0 0 0 0 0 0 0 0 0 0 36 0 0 0 0 0 0 14 5 0 0 0 0 0 0 0
P115 2078 11 0 15 138 33 5 0 0 0 0 0 0 0 0 0 0 13 3 0 33 41 0 0 43 41 22 15 21 69 18 42 -999
P115 2078 12 0 2 0 0 0 0 10 14 0 0 7 6 0 1 7 9 1 1 0 0 0 0 2 11 82 67 39 101 35 101 168
P115 2079 1 4 0 16 31 1 16 73 74 32 4 5 2 8 0 0 0 0 0 0 0 0 0 0 2 2 5 132 73 4 0 5
P115 2079 2 26 58 11 8 85 11 1 22 73 3 0 0 3 4 2 0 0 64 297 197 68 16 76 117 100 146 114 37 -999 -999 -999
P115 2079 3 55 115 19 31 30 2 8 22 63 64 82 80 10 0 0 0 0 0 8 11 121 4 25 7 4 7 0 0 12 0 0
P115 2079 4 74 34 19 3 1 6 39 5 5 0 0 0 0 0 0 0 0 0 0 0 0 0 0 0 0 0 0 0 0 0 -999
P115 2079 5 0 24 17 0 0 0 0 0 0 0 0 0 0 0 0 0 0 0 0 0 0 0 0 0 0 0 0 0 0 0 0
P115 2079 6 0 0 0 0 0 0 0 0 8 11 4 0 0 0 0 0 0 0 0 0 0 0 0 0 0 0 0 0 0 0 -999
P115 2079 7 0 0 0 0 0 0 0 0 0 0 0 0 0 0 0 0 0 0 0 0 0 0 0 0 0 0 0 0 0 0 0
P115 2079 8 0 0 0 0 0 0 0 0 0 0 0 0 0 0 0 0 0 0 0 0 0 0 0 0 0 0 0 0 0 0 0
P115 2079 9 0 0 0 0 0 0 0 0 0 9 11 0 0 0 0 0 0 0 0 0 0 0 0 0 0 0 0 0 0 8 -999
P115 2079 10 7 0 0 0 0 0 0 0 0 0 0 0 0 0 0 0 0 67 43 43 29 82 21 32 62 8 7 0 0 0 0
P115 2079 11 0 35 45 3 9 0 0 0 0 0 55 14 0 0 0 0 0 0 0 7 37 18 69 34 70 121 43 16 121 95 -999
P115 2079 12 1 0 0 0 38 3 59 73 68 67 57 0 0 3 69 85 113 100 123 28 14 30 1 0 0 0 0 6 11 3 4
P115 2080 1 4 7 37 66 26 21 51 39 37 39 4 9 1 1 1 0 0 0 22 16 7 61 115 58 12 17 10 8 22 4 2
P115 2080 2 7 0 0 2 0 0 0 0 0 4 20 59 35 4 0 0 3 0 0 0 5 8 6 29 0 0 0 0 -999 -999 -999
P115 2080 3 0 0 0 0 0 4 4 6 9 6 9 4 8 0 0 9 0 0 0 0 0 0 0 0 0 0 0 0 0 29 80
P115 2080 4 42 12 30 5 13 87 42 96 60 8 1 0 0 0 7 101 31 17 52 5 0 0 0 0 0 0 0 0 0 0 -999
P115 2080 5 0 10 10 3 0 0 0 0 0 0 0 0 0 0 0 0 0 0 0 10 0 0 0 0 0 0 0 0 0 0 0
P115 2080 6 0 0 0 0 0 0 0 0 0 0 0 0 0 0 2 0 0 0 0 0 0 0 0 0 0 0 0 0 0 0 -999
P115 2080 7 0 0 0 0 0 0 0 0 0 0 0 0 0 0 0 0 0 0 0 0 0 0 0 0 0 0 0 0 0 0 0
P115 2080 8 0 0 0 0 0 0 0 0 0 0 0 0 0 0 0 0 0 0 0 0 0 0 7 2 38 21 0 0 0 0 0
P115 2080 9 0 0 0 0 0 0 0 0 0 0 0 0 23 9 0 0 0 0 0 0 0 0 0 39 52 35 3 0 0 0 -999
P115 2080 10 0 0 0 0 0 0 0 0 0 0 0 7 23 12 0 0 0 0 0 0 0 31 0 64 82 44 1 0 0 0 0
P115 2080 11 0 0 0 46 39 0 0 0 0 36 14 3 0 0 3 80 92 13 0 0 9 0 0 0 0 24 27 89 3 0 -999
P115 2080 12 0 0 0 0 0 0 5 25 26 89 58 12 18 79 25 22 14 0 0 0 18 54 126 132 143 9 35 39 17 15 0
P115 2081 1 0 0 0 3 4 0 0 0 0 9 10 0 0 0 2 16 14 43 106 193 145 132 80 16 91 56 39 0 0 3 0
P115 2081 2 0 20 98 34 13 36 7 7 0 0 0 5 0 0 0 0 11 23 0 0 60 59 27 22 29 15 10 0 -999 -999 -999
P115 2081 3 0 0 0 15 39 12 0 0 21 0 24 96 73 89 83 73 140 34 109 35 43 54 115 36 149 52 102 111 40 48 44
P115 2081 4 34 19 31 36 6 0 0 0 0 0 0 0 0 0 0 0 26 0 0 0 0 0 0 0 0 0 0 0 6 0 -999
P115 2081 5 0 0 0 0 0 0 5 15 3 2 8 0 0 0 0 0 0 0 0 0 0 0 7 3 0 0 1 12 14 15 0
P115 2081 6 0 0 0 0 0 0 0 5 9 31 16 12 2 0 0 13 0 0 0 0 0 0 0 0 0 0 0 0 0 0 -999
P115 2081 7 0 0 0 0 0 0 0 0 0 0 0 0 0 0 0 0 0 0 0 0 0 0 0 0 0 0 15 0 0 0 0
P115 2081 8 0 0 0 0 0 0 0 0 0 0 0 0 0 0 0 0 0 0 0 0 0 0 0 0 0 0 0 0 0 0 0
P115 2081 9 0 0 0 0 0 0 0 0 0 0 0 0 0 0 0 0 0 0 0 0 0 0 0 0 0 0 0 0 0 0 -999
P115 2081 10 0 0 40 1 0 0 0 0 0 56 130 27 30 30 79 40 37 25 37 72 52 6 0 0 0 0 0 0 0 0 0
P115 2081 11 0 0 59 124 5 12 0 0 26 134 58 7 18 129 104 85 10 3 56 172 62 144 74 5 20 0 0 0 79 42 -999
P115 2081 12 40 43 48 91 76 10 62 117 8 0 24 29 29 10 0 0 0 5 10 58 100 44 179 31 64 84 11 187 67 0 0
P115 2082 1 0 0 0 0 0 4 31 22 14 16 0 0 3 31 165 170 24 11 13 20 0 0 0 2 7 53 156 88 93 22 0
P115 2082 2 0 0 0 11 6 6 13 0 0 0 7 0 2 0 0 0 0 0 0 0 0 0 0 0 0 0 1 0 -999 -999 -999
P115 2082 3 0 0 2 1 1 0 0 0 11 9 9 12 0 1 1 43 27 74 91 91 0 27 16 51 9 0 0 3 2 2 2
P115 2082 4 0 0 9 45 44 73 91 23 115 140 104 144 96 6 0 55 15 21 39 18 27 10 0 0 5 0 0 12 17 1 -999
P115 2082 5 0 0 0 0 0 0 0 0 0 0 0 0 0 0 0 0 0 0 0 0 0 0 0 0 0 0 0 0 0 0 0
P115 2082 6 0 8 19 11 0 14 13 19 16 8 9 0 0 0 0 0 0 37 19 18 0 0 0 0 0 0 0 0 0 0 -999
P115 2082 7 0 0 0 0 0 0 0 0 0 0 0 0 0 0 0 0 0 0 0 0 0 0 0 0 0 0 0 0 0 0 0
P115 2082 8 0 0 0 0 0 0 0 0 0 0 0 0 0 0 0 0 0 0 0 0 0 0 0 0 0 0 0 0 0 0 0
P115 2082 9 0 0 0 0 0 0 0 0 0 0 0 0 0 0 0 0 0 0 0 0 0 0 0 0 0 0 0 0 0 0 -999
P115 2082 10 0 0 0 0 0 0 0 0 0 0 0 0 0 0 0 0 0 38 9 137 88 1 8 81 51 100 0 0 0 0 0
P115 2082 11 0 0 0 0 0 52 37 11 0 14 51 54 31 80 49 78 34 47 31 66 16 27 40 8 1 1 3 38 103 25 -999
P115 2082 12 13 18 22 5 11 0 0 3 3 5 20 7 7 10 10 8 10 43 21 2 2 7 8 7 0 0 0 0 4 17 0
P115 2083 1 0 4 0 0 0 5 15 70 75 43 0 3 46 123 154 125 124 17 5 41 25 10 34 43 79 23 65 17 5 77 50
P115 2083 2 84 48 125 14 22 0 0 31 47 78 126 63 156 33 36 63 92 73 214 29 71 116 55 71 46 127 66 48 -999 -999 -999
P115 2083 3 73 4 0 0 69 0 0 1 0 0 12 0 0 56 64 0 0 0 0 0 0 0 0 0 21 54 8 0 4 18 18
P115 2083 4 29 12 8 25 13 0 0 0 0 4 23 16 29 8 0 3 0 0 5 11 12 36 2 0 0 0 0 43 12 0 -999
P115 2083 5 0 61 55 0 0 0 0 0 0 79 0 0 0 0 0 0 0 0 0 0 0 0 0 0 0 0 0 0 0 0 0
P115 2083 6 0 0 0 0 0 0 0 0 0 0 0 0 0 0 0 0 0 0 0 0 0 0 0 0 0 5 5 0 0 0 -999
P115 2083 7 0 0 0 0 0 0 0 0 0 0 0 0 0 0 0 0 0 0 0 0 0 0 0 0 0 0 0 0 0 0 0
P115 2083 8 0 0 0 0 0 0 0 0 0 0 0 0 0 0 0 0 0 0 0 0 0 0 0 0 0 0 0 0 0 0 0
P115 2083 9 0 0 0 0 0 0 0 0 0 0 0 0 0 0 0 0 0 0 0 0 0 0 0 0 0 0 0 0 0 8 -999
P115 2083 10 19 10 0 0 0 0 0 0 0 0 0 0 0 0 0 0 0 0 0 0 0 0 0 0 0 0 0 0 0 0 0
P115 2083 11 0 0 0 0 0 0 19 6 44 36 0 67 67 33 21 39 65 102 64 61 18 14 82 81 1 9 16 26 0 0 -999
P115 2083 12 0 0 0 0 0 11 36 12 4 80 47 40 27 6 39 135 66 26 0 0 0 14 18 9 0 0 0 0 0 0 2
P115 2084 1 4 81 62 0 0 40 33 23 0 0 0 5 1 6 0 0 35 153 134 58 36 56 82 17 0 1 0 0 0 0 0
P115 2084 2 3 21 77 49 3 0 0 0 0 0 73 116 103 30 0 0 8 2 7 17 1 0 140 70 2 29 3 16 -999 -999 -999
P115 2084 3 16 45 3 0 0 6 5 10 0 0 22 44 45 62 54 115 108 103 47 54 95 44 67 91 32 0 0 0 14 14 43
P115 2084 4 63 148 138 127 136 36 86 71 70 42 59 34 3 31 44 3 0 0 0 0 0 0 0 0 0 0 0 0 0 0 -999
P115 2084 5 0 0 0 0 0 0 0 0 0 0 0 0 0 0 0 0 0 0 0 0 0 0 0 0 0 0 0 0 5 0 7
P115 2084 6 0 0 0 0 0 0 0 0 0 0 0 0 0 0 5 5 0 0 0 0 0 0 0 0 0 0 0 0 0 0 -999
P115 2084 7 0 0 0 0 0 0 0 0 0 0 0 0 0 0 0 0 0 0 0 0 0 0 0 0 0 0 0 0 0 0 0
P115 2084 8 0 0 0 0 0 0 0 0 0 0 0 0 0 0 0 0 3 0 0 0 0 0 0 0 0 0 0 0 0 0 0
P115 2084 9 0 0 0 0 0 0 0 0 0 0 0 0 0 0 0 0 0 0 0 0 0 0 0 0 0 0 0 0 0 0 -999
P115 2084 10 0 44 0 0 0 0 0 0 0 0 0 0 0 0 0 23 0 0 0 0 0 0 0 0 0 0 0 0 0 0 0
P115 2084 11 0 0 14 22 65 52 43 25 128 140 42 153 97 53 2 3 8 8 0 0 0 0 0 13 18 3 4 15 8 21 -999
P115 2084 12 27 8 9 54 34 4 0 5 7 2 2 0 6 9 11 28 19 6 12 0 0 0 11 13 6 43 3 28 9 0 0
P115 2085 1 0 0 0 0 0 0 0 0 0 0 0 0 3 15 31 5 2 0 0 0 0 0 0 11 32 19 13 10 11 8 5
P115 2085 2 0 0 8 21 0 0 0 0 0 0 0 0 0 0 12 106 9 0 0 0 0 0 0 0 17 26 14 0 -999 -999 -999
P115 2085 3 0 0 0 5 27 0 0 0 0 0 0 45 14 0 0 0 0 16 22 28 160 51 70 39 10 8 54 44 65 72 25
P115 2085 4 83 63 86 21 38 0 0 0 0 0 0 0 0 0 76 1 0 0 26 36 5 0 0 0 0 0 9 31 51 33 -999
P115 2085 5 7 2 1 9 2 0 5 0 0 33 38 23 17 7 2 4 7 4 9 17 10 10 7 0 0 0 0 0 0 0 0
P115 2085 6 0 0 0 0 0 0 0 0 0 0 0 0 0 0 0 0 0 0 0 0 0 0 0 0 0 0 0 0 0 0 -999
P115 2085 7 0 0 0 0 0 0 0 0 0 0 0 0 0 0 0 0 0 0 0 0 0 0 0 0 0 0 0 0 0 0 0
P115 2085 8 0 0 0 0 0 0 0 0 0 0 0 0 0 0 0 0 0 0 0 0 0 0 0 0 0 0 0 0 0 0 0
P115 2085 9 0 0 0 0 0 0 0 0 0 0 0 0 0 0 0 0 0 0 0 0 0 0 0 0 0 0 0 0 0 0 -999
P115 2085 10 0 0 0 0 35 0 0 0 9 0 0 0 0 0 0 13 15 0 0 0 0 0 0 9 0 0 14 3 0 0 0
P115 2085 11 31 24 20 92 24 23 7 15 0 0 0 0 0 0 21 31 34 119 167 96 97 113 70 185 137 59 229 5 17 11 -999
P115 2085 12 79 74 57 38 164 46 3 0 16 98 82 75 98 60 37 0 0 0 0 13 12 51 182 244 123 3 16 21 39 26 72
P115 2086 1 93 183 77 86 5 0 0 0 0 0 0 0 3 0 4 128 17 0 0 0 0 0 0 2 7 2 0 0 0 0 0
P115 2086 2 0 0 0 0 2 1 0 0 0 8 3 11 78 63 34 45 59 67 27 24 80 4 1 0 2 19 18 8 -999 -999 -999
P115 2086 3 2 0 0 0 0 0 0 0 0 0 1 1 9 0 0 0 0 0 0 0 0 0 0 0 0 0 0 0 0 18 18
P115 2086 4 26 34 2 0 0 0 10 65 10 14 17 2 1 19 75 87 88 72 66 47 25 21 70 13 0 0 0 4 0 0 -999
P115 2086 5 0 0 0 0 0 0 0 0 0 0 0 0 0 0 0 0 0 6 19 16 4 2 0 0 6 0 0 0 0 0 0
P115 2086 6 0 0 0 0 0 0 0 0 0 0 0 0 0 0 0 0 0 0 0 0 0 0 0 0 0 0 0 0 0 0 -999
P115 2086 7 0 0 0 0 0 0 0 0 0 0 0 0 0 0 0 0 0 0 0 0 0 0 0 0 0 0 0 0 0 0 0
P115 2086 8 0 0 0 0 0 0 0 0 0 0 0 0 0 0 0 0 0 0 0 0 0 0 0 0 0 0 0 0 0 0 0
P115 2086 9 0 0 0 0 0 0 0 0 0 0 0 0 9 16 8 0 0 0 0 0 0 0 0 0 0 0 0 0 0 0 -999
P115 2086 10 0 0 0 0 0 0 0 0 0 0 0 44 0 0 0 5 2 0 0 0 0 0 14 57 39 17 39 0 0 0 0
P115 2086 11 0 116 0 0 0 0 0 5 3 6 0 0 49 2 158 56 91 64 95 92 26 10 0 0 0 0 6 18 87 14 -999
P115 2086 12 19 109 145 141 111 17 11 0 0 0 0 8 50 28 6 5 4 6 37 57 21 6 0 0 0 3 12 37 53 53 62
P115 2087 1 50 101 94 43 112 66 16 5 0 14 13 6 15 60 139 42 10 14 90 4 0 4 2 0 0 0 0 0 0 9 0
P115 2087 2 3 7 6 12 0 0 0 0 0 0 10 25 19 28 8 7 6 0 0 3 0 0 0 0 0 0 0 4 -999 -999 -999
P115 2087 3 5 5 9 8 8 45 40 0 0 0 0 0 0 54 21 6 36 97 81 2 0 0 0 0 0 81 50 15 4 0 0
P115 2087 4 0 0 28 0 6 0 0 0 0 0 0 0 0 0 0 0 11 24 16 17 0 87 0 0 0 0 0 0 0 0 -999
P115 2087 5 0 0 0 0 0 0 0 79 81 38 14 0 0 0 0 0 0 0 0 0 0 0 0 0 0 0 0 0 0 0 0
P115 2087 6 0 0 0 0 0 0 0 0 0 0 0 0 0 0 0 0 0 0 0 0 0 0 0 0 0 0 0 0 0 0 -999
P115 2087 7 0 0 0 0 0 0 0 0 0 0 0 0 0 0 0 0 0 0 0 0 0 0 0 0 0 0 0 0 0 0 0
P115 2087 8 0 0 0 0 0 0 0 0 0 0 0 0 0 0 0 0 0 0 0 0 0 0 0 0 0 0 0 0 0 0 0
P115 2087 9 0 0 0 0 0 0 0 0 0 0 0 0 0 0 0 0 0 0 0 0 68 0 0 0 0 0 0 0 0 0 -999
P115 2087 10 0 0 0 15 0 0 0 0 0 28 0 0 0 0 0 0 0 0 0 0 0 56 32 0 0 0 0 0 0 0 0
P115 2087 11 0 0 22 112 58 21 31 19 0 2 0 24 32 32 49 31 13 60 0 0 9 0 0 0 0 0 0 23 148 76 -999
P115 2087 12 78 145 38 81 9 0 96 52 3 5 36 113 67 59 61 39 107 101 133 123 256 87 5 0 0 0 0 0 0 0 0
P115 2088 1 0 0 0 2 3 2 90 131 184 130 75 121 123 143 51 107 93 26 7 1 8 4 28 84 100 93 127 72 161 64 44
P115 2088 2 22 4 8 32 23 31 0 0 0 0 0 0 0 5 0 23 111 115 102 0 0 0 0 0 0 0 0 17 -999 -999 -999
P115 2088 3 0 0 0 38 52 7 45 1 1 0 0 0 4 13 56 56 39 0 0 0 0 0 3 6 44 9 12 0 0 0 0
P115 2088 4 15 0 0 0 0 0 0 0 0 9 21 12 44 0 0 0 0 0 0 0 0 0 0 0 0 0 0 0 0 0 -999
P115 2088 5 0 0 0 0 0 2 10 0 0 0 0 19 58 15 4 0 0 0 5 0 0 0 0 0 0 0 0 0 0 0 0
P115 2088 6 0 0 0 0 0 0 0 0 0 0 0 0 0 0 0 0 0 0 0 0 0 0 0 0 0 0 0 0 0 0 -999
P115 2088 7 0 0 0 0 0 0 0 0 0 0 0 0 0 0 0 0 0 0 0 0 0 0 0 0 0 0 0 0 0 0 0
P115 2088 8 0 0 0 0 0 0 0 0 0 0 0 0 0 0 0 0 0 0 0 0 0 0 0 0 0 0 0 0 0 0 0
P115 2088 9 0 0 0 0 0 0 0 0 0 0 0 0 0 0 0 0 0 0 0 0 0 0 0 0 0 0 0 0 0 0 -999
P115 2088 10 0 0 0 0 0 0 0 0 0 0 31 21 29 2 2 0 0 0 0 0 0 0 0 0 0 0 0 0 0 0 0
P115 2088 11 0 0 112 172 69 165 67 110 107 63 8 9 14 4 0 0 0 0 0 0 0 35 147 95 61 82 96 26 0 33 -999
P115 2088 12 132 81 19 28 127 89 11 2 0 0 0 0 0 0 0 0 0 0 0 0 3 0 0 0 9 34 82 4 0 19 7
P115 2089 1 0 0 0 4 8 18 67 1 0 11 39 13 17 96 55 28 46 1 80 97 51 79 71 20 76 93 50 0 9 24 59
P115 2089 2 208 35 4 104 103 5 9 8 33 112 40 179 103 92 88 108 64 100 81 42 23 0 0 0 0 0 47 42 -999 -999 -999
P115 2089 3 5 1 0 0 0 0 0 0 0 0 0 0 0 0 0 0 31 9 9 0 0 0 6 0 0 0 0 0 3 0 0
P115 2089 4 0 0 0 0 10 0 0 36 84 11 1 0 0 0 0 14 4 0 0 32 0 0 0 0 0 0 0 0 0 0 -999
P115 2089 5 8 6 5 0 0 0 0 0 0 0 0 0 0 0 0 0 0 0 0 0 0 0 0 0 0 0 0 0 0 0 0
P115 2089 6 5 9 0 0 0 0 0 0 0 0 0 0 0 0 0 0 0 0 0 0 0 0 0 0 0 0 0 0 0 0 -999
P115 2089 7 0 0 7 12 0 0 0 0 0 0 0 0 0 0 0 0 0 0 0 0 0 0 0 0 0 0 0 0 0 0 0
P115 2089 8 0 0 0 0 0 0 0 0 0 0 0 0 0 0 0 0 0 0 0 0 0 0 0 0 0 0 0 0 0 0 0
P115 2089 9 0 0 0 0 0 0 0 0 0 0 0 0 0 0 0 0 0 0 0 0 0 0 0 0 0 0 0 0 0 0 -999
P115 2089 10 0 0 0 0 0 0 0 0 0 0 0 6 1 0 19 43 0 0 0 0 0 0 0 0 7 5 0 0 0 0 0
P115 2089 11 0 0 0 0 0 7 1 0 0 0 9 6 13 29 105 80 45 124 108 51 67 171 81 116 50 40 27 0 46 27 -999
P115 2089 12 116 90 26 23 0 4 7 12 3 0 0 0 0 0 0 0 2 10 68 99 69 44 42 28 0 0 0 0 6 49 45
P115 2090 1 0 0 0 0 0 5 1 1 1 8 9 28 0 0 0 0 0 0 0 28 57 68 69 30 13 4 6 0 0 21 26
P115 2090 2 15 113 86 0 0 0 0 22 75 67 70 79 65 85 74 166 172 52 21 34 127 14 5 81 55 84 55 85 -999 -999 -999
P115 2090 3 21 18 0 0 6 32 91 103 19 9 13 214 123 3 3 4 0 0 0 0 0 0 0 0 3 12 0 0 0 0 0
P115 2090 4 0 106 15 54 40 7 3 0 0 0 9 13 0 0 0 0 0 0 0 0 19 54 37 5 0 0 0 21 7 4 -999
P115 2090 5 0 0 0 0 0 0 0 0 0 0 0 0 0 0 0 62 11 15 17 12 10 8 4 0 0 0 0 0 0 0 0
P115 2090 6 0 0 0 0 29 40 32 5 4 5 3 0 0 0 0 0 0 0 0 0 0 0 22 18 24 19 4 0 0 0 -999
P115 2090 7 0 0 0 0 0 0 0 0 0 0 0 0 0 0 0 0 0 0 0 0 0 0 0 0 0 0 0 0 0 0 0
P115 2090 8 0 0 0 0 0 0 0 0 0 0 0 0 0 0 0 0 0 0 0 0 0 0 0 0 0 0 0 0 0 0 0
P115 2090 9 0 0 0 0 0 0 0 0 0 0 0 0 0 0 0 0 0 0 0 0 0 0 0 0 0 0 0 88 0 0 -999
P115 2090 10 0 0 0 0 0 19 0 12 24 51 14 9 0 0 0 0 0 57 0 0 0 0 0 0 0 0 0 0 0 0 2
P115 2090 11 24 15 1 1 0 0 0 0 0 0 0 0 0 0 0 0 4 14 6 0 0 0 7 2 7 21 35 121 136 276 -999
P115 2090 12 195 7 20 64 11 2 3 3 48 78 12 23 9 8 29 7 0 0 0 0 61 131 22 128 0 0 0 17 61 61 6
P115 2091 1 0 5 27 5 0 0 0 0 0 0 0 0 0 0 0 0 0 2 65 5 47 58 68 97 59 160 105 171 20 49 16
P115 2091 2 50 86 31 36 40 84 85 32 25 20 16 0 54 54 66 61 7 0 0 0 8 89 98 70 69 51 2 0 -999 -999 -999
P115 2091 3 0 0 0 0 0 0 0 0 2 0 0 0 0 0 0 0 0 0 3 3 5 0 0 0 0 0 0 84 0 0 0
P115 2091 4 0 0 0 0 0 0 0 0 0 0 0 0 0 0 0 0 0 0 0 0 0 0 0 4 11 8 0 35 29 0 -999
P115 2091 5 0 0 0 0 0 13 12 13 0 0 5 20 68 55 27 46 46 20 5 0 0 0 0 0 0 0 0 0 0 0 0
P115 2091 6 0 0 0 0 0 0 0 0 0 0 0 0 0 0 0 0 0 0 0 0 0 0 0 0 0 0 0 0 0 0 -999
P115 2091 7 0 0 0 0 0 0 0 0 0 0 0 0 0 0 0 0 0 0 0 0 0 0 0 0 0 0 0 0 0 0 0
P115 2091 8 0 0 0 0 0 0 0 0 0 0 0 0 0 0 0 0 0 0 0 0 0 0 0 0 0 0 0 0 0 0 0
P115 2091 9 0 0 0 0 0 0 0 0 0 0 0 0 0 0 0 0 0 0 0 0 0 9 0 0 56 49 0 0 0 0 -999
P115 2091 10 0 0 0 0 0 0 0 0 18 13 0 0 0 0 0 0 0 0 0 0 0 0 25 0 0 0 0 9 48 32 91
P115 2091 11 54 99 101 64 48 124 235 102 53 68 105 102 89 13 2 0 35 45 13 19 22 6 3 0 0 0 0 0 6 0 -999
P115 2091 12 0 0 0 0 0 0 0 0 0 0 11 118 149 247 26 105 3 42 60 82 62 42 4 0 0 50 5 0 0 0 0
P115 2092 1 8 0 0 6 96 118 68 84 24 43 6 132 131 49 43 0 0 7 0 0 0 0 5 1 9 50 5 0 0 0 0
P115 2092 2 0 0 15 55 103 103 31 31 13 2 0 0 0 0 0 7 11 3 20 4 34 34 5 12 0 0 0 0 -999 -999 -999
P115 2092 3 0 0 0 0 0 0 0 0 0 0 0 0 0 0 39 43 2 59 22 42 47 3 0 0 0 0 0 0 0 0 0
P115 2092 4 0 0 0 0 0 0 4 7 26 13 0 0 0 0 0 91 0 0 0 0 50 0 0 0 0 70 0 0 0 0 -999
P115 2092 5 0 0 0 0 0 0 0 0 0 0 0 0 0 0 0 0 0 0 0 0 0 0 0 0 0 0 0 0 0 0 0
P115 2092 6 0 0 0 0 0 0 0 31 0 0 0 0 0 0 0 0 0 0 0 0 0 0 0 0 0 0 0 13 0 0 -999
P115 2092 7 0 0 0 0 0 0 0 0 0 0 0 0 0 0 0 0 0 0 0 0 0 0 0 0 0 0 0 0 0 0 0
P115 2092 8 0 0 0 0 0 0 0 0 0 0 0 0 0 0 0 0 0 0 0 0 0 0 0 0 0 0 0 0 12 27 5
P115 2092 9 0 0 0 0 0 0 0 0 0 0 0 0 0 0 0 0 0 0 0 0 0 0 0 0 0 0 0 0 0 0 -999
P115 2092 10 0 1 11 8 0 0 0 0 0 0 0 0 0 0 0 0 6 0 20 6 0 0 0 0 0 0 0 0 0 0 0
P115 2092 11 0 0 0 0 30 11 48 67 36 0 0 0 18 5 3 0 36 81 7 0 0 0 0 0 0 0 0 0 0 0 -999
P115 2092 12 0 0 0 6 18 27 27 61 1 2 0 0 0 0 0 0 0 0 0 0 0 0 0 0 5 66 180 32 3 8 0
P115 2093 1 0 0 3 13 84 74 71 74 105 72 71 114 62 1 21 11 0 0 0 0 0 0 35 45 4 0 0 5 1 1 54
P115 2093 2 13 0 10 18 6 31 33 83 149 160 54 12 3 11 14 30 62 180 339 98 33 9 7 0 0 0 2 0 -999 -999 -999
P115 2093 3 2 6 27 29 2 0 0 81 32 156 87 80 73 69 220 40 36 79 105 104 74 52 21 5 1 2 0 0 121 38 3
P115 2093 4 0 0 0 0 0 0 0 11 0 3 5 0 0 0 0 0 0 0 0 0 0 0 20 0 0 0 0 0 0 0 -999
P115 2093 5 0 0 3 33 16 14 8 15 16 20 23 6 0 0 0 0 0 0 0 0 0 0 0 0 0 0 0 0 0 0 0
P115 2093 6 0 0 0 0 0 0 0 0 0 0 0 28 36 8 4 0 0 0 0 0 0 0 0 0 0 0 0 0 0 0 -999
P115 2093 7 0 0 0 0 0 0 0 0 0 0 0 0 0 0 0 0 0 0 0 6 0 0 0 0 0 0 0 0 0 0 0
P115 2093 8 0 0 0 0 0 0 0 0 0 0 0 0 0 0 0 0 0 0 0 0 0 0 0 0 0 0 12 10 4 0 0
P115 2093 9 0 0 0 0 0 0 0 0 0 0 0 0 0 0 0 0 0 0 0 0 0 0 0 0 0 0 0 0 0 0 -999
P115 2093 10 0 0 0 0 0 0 0 0 10 16 0 0 0 0 0 0 0 0 0 0 0 44 56 15 0 0 0 0 0 0 0
P115 2093 11 2 61 37 76 37 12 10 38 102 87 45 60 87 0 0 22 0 46 132 25 0 0 80 119 20 41 29 0 0 0 -999
P115 2093 12 0 31 140 50 0 10 11 18 14 3 8 38 0 0 0 0 0 0 0 0 0 0 8 6 6 7 24 87 158 93 17
P115 2094 1 0 0 13 17 91 121 133 88 30 39 14 0 0 0 0 0 8 21 30 11 29 4 7 0 0 0 0 0 0 0 8
P115 2094 2 0 0 0 10 40 1 9 0 0 0 0 0 0 15 30 4 0 0 0 6 12 0 6 92 27 26 135 47 -999 -999 -999
P115 2094 3 25 82 57 37 55 157 59 211 82 45 48 32 56 7 0 0 0 0 0 0 42 0 0 0 0 0 0 0 0 0 0
P115 2094 4 0 2 14 11 0 0 0 2 7 11 0 59 34 16 68 51 21 6 8 0 0 0 2 2 63 19 8 0 0 0 -999
P115 2094 5 0 0 0 0 0 0 0 0 0 0 0 0 0 0 0 0 0 0 0 0 0 0 0 0 0 0 0 0 0 0 0
P115 2094 6 0 0 0 0 0 0 9 11 7 1 3 0 0 0 0 0 0 0 0 0 0 0 0 0 0 0 0 0 0 0 -999
P115 2094 7 0 0 0 0 0 0 0 0 0 0 0 0 0 0 0 0 0 0 0 0 0 0 25 0 0 0 0 0 0 0 0
P115 2094 8 0 0 0 0 0 0 0 0 0 0 0 0 0 0 0 0 0 0 0 0 0 0 0 0 0 0 0 0 0 0 0
P115 2094 9 0 0 0 0 0 0 0 0 0 0 0 0 0 0 0 0 0 0 0 0 0 18 14 0 0 0 0 0 39 28 -999
P115 2094 10 19 55 61 48 44 29 0 0 0 0 0 0 0 0 0 0 0 0 0 30 41 0 0 0 0 6 5 21 26 14 13
P115 2094 11 43 6 0 0 0 43 63 2 0 0 52 54 46 51 38 12 0 0 0 10 0 0 0 46 38 53 94 72 61 33 -999
P115 2094 12 20 40 44 59 71 98 89 98 86 87 110 20 4 187 145 33 55 52 59 14 26 62 33 0 32 61 97 62 77 52 88
P115 2095 1 89 11 83 41 39 71 30 12 57 40 81 66 31 22 63 7 143 170 114 123 166 155 42 99 114 84 156 82 3 26 67
P115 2095 2 14 7 28 87 5 3 19 2 2 1 0 2 45 70 27 41 14 21 21 0 0 0 11 4 0 0 2 0 -999 -999 -999
P115 2095 3 0 5 2 0 0 0 0 0 0 24 86 114 13 4 5 4 25 102 26 51 5 1 0 4 5 5 0 0 0 0 6
P115 2095 4 40 19 9 2 5 51 53 83 10 38 14 11 0 0 0 0 17 0 0 0 0 0 43 0 0 0 0 0 0 0 -999
P115 2095 5 0 0 0 0 0 0 0 0 0 0 0 0 0 0 0 0 0 0 0 0 0 0 0 0 0 0 0 0 0 0 0
P115 2095 6 0 0 0 0 0 0 0 0 0 0 0 0 0 0 0 0 0 0 0 0 0 0 0 0 0 0 0 0 0 0 -999
P115 2095 7 0 0 0 0 0 0 0 0 0 0 0 0 0 0 0 0 0 0 0 0 0 0 0 0 0 0 0 0 0 0 0
P115 2095 8 0 0 0 0 0 0 0 0 0 0 0 0 0 0 0 0 0 0 0 0 0 0 0 0 0 0 0 0 0 0 0
P115 2095 9 0 0 0 0 0 0 0 0 0 12 8 0 0 0 0 0 0 0 0 0 0 0 0 0 0 0 0 0 0 0 -999
P115 2095 10 0 0 0 0 0 0 0 0 0 0 20 2 2 0 0 0 16 0 0 0 0 0 0 0 0 0 0 0 48 10 10
P115 2095 11 20 81 16 2 1 0 18 89 136 76 137 104 94 23 0 0 10 0 2 7 4 0 0 16 10 18 24 6 12 42 -999
P115 2095 12 3 0 0 0 0 39 1 2 11 0 0 0 0 0 0 2 0 6 0 0 0 0 0 0 0 2 19 25 7 0 0
P115 2096 1 0 0 6 96 72 84 11 1 44 87 43 4 0 0 0 0 0 0 0 0 2 2 0 0 0 0 8 7 13 10 1
P115 2096 2 0 0 2 1 1 0 0 0 6 13 8 2 0 0 3 3 0 2 7 8 2 1 6 7 3 1 2 13 -999 -999 -999
P115 2096 3 3 73 361 61 10 5 16 2 0 0 0 4 2 15 16 1 1 0 0 0 1 0 0 0 4 2 0 0 0 0 4
P115 2096 4 0 0 40 0 0 39 53 39 5 0 18 57 22 62 38 20 21 41 61 21 0 0 0 0 0 0 0 85 51 11 -999
P115 2096 5 0 0 0 0 0 0 0 0 0 0 0 0 0 0 0 0 0 0 0 0 0 0 0 0 0 0 0 0 4 43 58
P115 2096 6 54 30 39 55 0 0 0 0 0 0 0 0 0 0 0 0 0 0 0 0 0 0 0 0 0 0 0 0 0 0 -999
P115 2096 7 0 0 0 0 0 0 0 0 0 0 0 0 0 0 0 0 0 0 0 0 0 0 0 0 0 0 0 0 0 0 0
P115 2096 8 0 0 0 0 0 0 0 0 0 0 0 0 0 0 0 0 0 0 0 0 0 0 0 0 0 0 0 0 0 0 0
P115 2096 9 0 0 0 0 0 0 0 0 0 0 0 0 0 0 0 0 0 0 0 0 0 0 0 0 0 0 0 0 0 0 -999
P115 2096 10 0 0 0 0 0 0 0 0 0 71 15 23 19 11 0 25 112 112 54 65 23 16 9 9 0 0 0 8 3 131 56
P115 2096 11 157 124 72 58 90 29 36 71 157 144 67 30 81 100 135 91 104 71 155 92 8 0 2 0 0 0 0 11 6 1 -999
P115 2096 12 0 0 0 0 0 0 0 0 0 0 0 0 0 5 12 0 0 0 0 0 0 0 0 18 21 120 139 180 111 91 56
P115 2097 1 50 53 49 45 13 5 65 21 46 44 19 21 12 72 161 146 44 15 111 23 9 0 0 6 0 6 0 25 82 22 15
P115 2097 2 46 12 1 1 34 26 12 12 0 7 0 5 3 1 0 2 4 6 23 148 47 0 0 0 0 0 6 4 -999 -999 -999
P115 2097 3 0 0 0 28 245 7 0 0 0 0 0 0 0 0 0 0 0 0 62 68 48 0 0 0 0 0 0 0 0 0 0
P115 2097 4 27 0 0 0 0 0 0 0 0 3 0 0 0 0 0 0 0 23 15 39 92 62 37 35 76 81 44 9 4 0 -999
P115 2097 5 0 0 0 0 0 10 4 0 0 0 0 0 0 0 0 0 0 0 0 0 0 0 0 0 0 0 0 0 0 0 0
P115 2097 6 0 0 0 0 0 0 0 0 0 0 0 18 23 21 15 4 0 0 0 0 0 0 0 0 0 0 0 0 0 0 -999
P115 2097 7 0 0 0 0 0 0 0 0 0 0 0 0 0 0 0 0 0 0 0 0 0 0 0 0 0 0 0 0 0 0 0
P115 2097 8 0 0 0 0 0 0 0 0 0 0 0 0 0 0 0 0 0 0 0 0 0 0 0 0 0 0 0 0 0 0 0
P115 2097 9 0 0 0 0 0 0 0 0 0 0 0 0 0 0 0 0 0 0 0 0 0 0 0 0 0 0 0 0 0 0 -999
P115 2097 10 17 39 24 38 37 0 0 0 0 0 0 0 0 0 0 0 0 65 61 55 24 20 33 28 0 0 0 0 0 30 38
P115 2097 11 13 31 0 33 1 0 0 0 11 46 55 4 49 42 176 33 0 0 17 48 64 73 18 0 0 0 0 0 0 0 -999
P115 2097 12 0 0 65 120 104 68 48 7 0 0 0 0 0 20 403 101 9 20 1 2 95 77 2 12 7 3 32 13 0 0 0
P115 2098 1 4 25 15 2 9 68 4 40 10 12 0 0 0 9 1 1 0 0 1 2 33 5 27 0 0 0 2 23 2 0 12
P115 2098 2 36 101 237 14 33 28 71 126 116 65 1 0 10 6 35 6 5 1 6 27 8 0 0 4 2 3 1 0 -999 -999 -999
P115 2098 3 0 0 0 0 0 0 0 0 0 0 0 0 0 0 0 0 13 86 105 33 13 0 0 0 0 0 0 0 0 0 0
P115 2098 4 0 0 0 0 0 0 0 0 0 2 19 20 1 23 0 0 0 0 0 209 169 33 0 0 0 0 0 0 0 0 -999
P115 2098 5 0 0 0 0 0 0 0 0 0 0 0 0 0 0 0 0 0 0 0 0 0 0 0 0 0 0 0 0 0 0 0
P115 2098 6 0 0 0 0 0 0 0 0 0 0 0 0 0 29 20 12 3 0 0 0 0 0 10 15 0 0 0 0 0 0 -999
P115 2098 7 0 0 0 0 0 0 0 0 0 0 0 0 0 0 0 0 0 0 0 0 0 0 0 0 0 0 0 0 0 0 0
P115 2098 8 0 0 0 0 0 0 0 0 0 0 0 0 0 0 0 0 0 0 0 0 0 0 0 0 0 0 0 0 0 0 0
P115 2098 9 0 0 0 0 0 0 0 0 0 0 0 0 0 0 0 0 0 9 27 65 0 0 0 0 0 6 0 0 0 0 -999
P115 2098 10 0 0 0 0 0 0 0 0 0 0 0 0 0 0 78 0 0 13 0 4 22 19 10 0 0 0 0 50 22 99 79
P115 2098 11 64 65 22 114 21 70 9 34 12 153 76 43 73 0 0 124 135 18 11 0 11 76 83 73 34 0 9 20 62 72 -999
P115 2098 12 59 135 67 122 101 105 13 15 44 8 0 0 2 0 0 0 14 22 23 4 32 72 80 60 14 0 2 35 0 0 0
P115 2099 1 0 0 0 0 0 0 0 0 0 0 0 0 0 0 0 6 6 0 0 0 0 0 0 0 0 0 0 0 3 2 0
P115 2099 2 10 94 89 12 3 0 0 0 0 0 0 0 0 0 0 2 2 34 23 13 8 7 0 5 32 5 11 12 -999 -999 -999
P115 2099 3 31 16 22 27 57 55 22 84 79 132 90 10 0 0 0 0 0 0 0 0 27 0 1 1 2 0 0 0 27 27 0
P115 2099 4 0 16 7 7 18 0 0 0 0 0 0 0 0 33 19 17 0 0 57 0 0 0 0 0 0 5 0 0 0 0 -999
P115 2099 5 0 0 0 0 20 0 0 0 0 0 0 0 0 0 0 0 0 15 6 0 0 0 0 0 0 0 0 0 0 0 0
P115 2099 6 0 0 0 0 0 0 0 0 0 0 0 0 0 0 0 0 0 10 13 15 11 5 0 0 0 0 0 0 0 0 -999
P115 2099 7 0 0 0 0 0 0 0 0 0 0 0 0 0 0 0 0 0 0 0 0 0 0 0 0 0 0 0 0 0 0 0
P115 2099 8 0 0 0 0 0 0 0 0 0 0 0 0 0 0 0 0 0 0 0 0 0 0 0 0 0 0 0 0 0 9 0
P115 2099 9 0 0 0 0 0 0 0 0 0 0 0 0 0 0 0 0 0 0 0 0 0 0 0 0 0 0 0 0 0 0 -999
P115 2099 10 0 0 0 0 0 0 0 0 0 0 0 0 0 35 86 0 0 0 0 0 0 0 0 0 0 0 0 10 5 73 66
P115 2099 11 49 39 10 0 0 7 52 0 8 19 43 47 64 10 37 55 22 85 53 39 41 4 0 0 0 0 0 0 0 55 -999
P115 2099 12 67 22 21 8 43 31 4 17 42 1 0 12 147 16 1 0 13 5 6 10 31 67 63 0 0 0 27 70 44 19 119
P115 2100 1 27 8 0 0 0 0 0 0 0 1 3 68 29 18 20 77 3 0 0 0 0 1 7 7 1 4 0 0 0 0 0
P115 2100 2 0 27 45 3 0 2 0 0 0 0 0 0 0 0 0 0 0 0 10 3 0 0 3 0 0 0 2 0 -999 -999 -999
P115 2100 3 0 0 0 0 9 7 64 88 21 76 0 20 11 20 0 0 0 0 2 0 0 0 0 3 0 0 0 1 0 27 17
P115 2100 4 1 11 6 0 0 0 0 0 4 0 10 0 0 0 0 0 46 0 0 0 0 0 63 7 0 0 0 0 0 0 -999
P115 2100 5 0 11 59 8 15 0 0 0 0 0 3 0 5 0 0 0 3 0 0 0 0 0 0 72 23 0 0 0 0 0 0
P115 2100 6 0 0 0 0 0 0 0 0 0 0 0 0 0 0 0 0 0 0 0 0 0 0 0 0 0 21 28 0 12 0 -999
P115 2100 7 0 0 0 0 0 0 0 0 0 0 0 0 0 0 0 0 0 0 0 0 0 0 0 0 0 0 0 0 0 0 0
P115 2100 8 0 0 0 0 0 0 0 0 0 0 0 0 0 0 0 0 0 0 0 0 0 0 0 0 0 0 0 0 0 0 0
P115 2100 9 0 0 0 0 0 9 0 0 0 0 0 0 0 0 0 0 0 0 0 0 0 0 0 0 0 0 0 0 0 0 -999
P115 2100 10 4 3 0 2 26 69 0 0 8 25 9 20 2 5 19 32 14 23 55 13 11 0 15 129 65 19 0 46 95 50 113
P115 2100 11 22 0 0 0 0 4 0 0 0 9 35 30 54 37 68 0 0 0 0 0 0 0 0 0 0 23 0 0 0 0 -999
P115 2100 12 0 0 0 0 0 0 33 18 8 20 1 0 0 11 9 118 18 34 24 20 33 41 0 3 43 93 73 61 23 7 -999
