precip bcc-csm1-1 rcp60 RNEURONALES decimas 2
P2641 37.844 -2.457 1078 geo 2006 2100 -1
P2641 2006 1 0 0 0 0 0 0 0 0 0 8 5 26 8 6 4 5 7 6 0 0 0 2 2 0 5 7 13 7 2 0 0
P2641 2006 2 0 0 0 3 36 31 33 23 98 69 35 36 36 19 6 6 2 1 0 0 6 3 17 5 3 2 2 4 -999 -999 -999
P2641 2006 3 0 0 10 0 0 3 4 0 3 10 41 31 10 10 9 5 34 8 0 0 0 0 0 0 0 0 0 0 0 0 5
P2641 2006 4 0 10 6 0 77 23 13 14 15 18 16 23 16 13 11 10 0 0 7 0 0 6 16 8 4 39 12 0 0 0 -999
P2641 2006 5 0 2 8 3 16 12 12 10 6 9 0 0 0 4 5 12 0 4 8 12 13 11 6 6 35 90 62 15 18 15 11
P2641 2006 6 6 3 13 23 29 12 10 3 0 0 0 0 0 0 0 0 0 0 0 0 17 0 0 0 0 0 0 0 0 0 -999
P2641 2006 7 0 0 0 0 0 0 0 0 0 0 0 0 0 0 0 0 0 0 0 0 0 0 0 0 0 0 0 0 0 0 0
P2641 2006 8 0 0 0 0 0 0 0 0 0 0 0 0 0 0 0 0 0 0 0 0 0 0 0 0 0 0 25 0 0 0 0
P2641 2006 9 0 0 0 0 0 0 0 4 4 8 9 0 0 25 64 66 42 5 0 0 0 0 0 0 0 0 0 0 0 5 -999
P2641 2006 10 7 3 9 11 0 0 12 0 0 0 0 0 0 0 0 0 0 0 0 0 0 0 0 0 0 0 4 7 6 3 10
P2641 2006 11 0 0 0 0 3 4 3 2 0 0 0 0 0 0 0 0 0 0 0 0 0 0 0 0 0 0 0 0 0 0 -999
P2641 2006 12 0 0 3 0 0 0 0 0 0 0 0 0 0 0 0 0 0 0 0 0 0 7 39 27 79 59 162 59 3 3 2
P2641 2007 1 0 0 0 0 0 0 0 0 0 0 3 5 1 0 0 0 0 23 20 14 2 0 2 5 4 6 12 13 25 14 7
P2641 2007 2 0 0 2 2 7 40 85 40 2 2 2 25 4 5 0 0 0 0 8 5 12 14 7 4 5 5 2 16 -999 -999 -999
P2641 2007 3 37 7 2 0 0 0 0 0 0 0 0 12 63 83 23 0 2 4 2 0 0 8 47 14 8 5 0 0 12 28 67
P2641 2007 4 53 15 12 0 3 6 4 2 0 0 0 0 0 0 0 13 6 5 19 11 5 16 21 21 19 14 13 10 3 2 -999
P2641 2007 5 0 0 0 10 5 2 6 17 3 2 0 12 32 7 8 5 8 4 2 2 3 0 0 0 0 0 0 0 4 7 12
P2641 2007 6 12 16 10 8 0 0 16 38 4 2 0 0 0 0 0 0 0 0 0 0 0 0 0 0 0 0 0 0 0 0 -999
P2641 2007 7 0 0 0 0 0 0 0 0 0 0 0 0 0 0 0 0 0 0 0 0 0 0 0 0 0 0 0 0 0 0 0
P2641 2007 8 0 0 0 0 0 0 0 0 0 0 0 0 0 0 0 0 0 0 0 0 0 0 0 0 0 0 3 3 9 10 0
P2641 2007 9 0 28 0 0 0 0 0 0 0 0 0 0 0 0 0 0 0 0 0 0 0 0 0 0 0 10 0 0 0 0 -999
P2641 2007 10 0 15 4 0 0 0 0 4 3 4 4 5 30 53 8 5 5 14 12 10 0 0 0 0 0 14 34 23 10 2 2
P2641 2007 11 0 0 0 0 0 0 0 0 0 6 11 13 0 0 0 0 0 0 0 10 4 9 22 61 65 14 10 2 4 5 -999
P2641 2007 12 0 0 0 0 0 0 0 9 30 16 15 13 13 14 11 44 73 23 8 16 20 14 21 3 0 0 0 0 1 0 6
P2641 2008 1 16 17 45 65 34 10 13 4 2 0 0 8 5 2 1 6 11 15 14 0 0 0 0 0 0 0 0 0 0 3 2
P2641 2008 2 1 0 2 2 2 0 0 0 6 11 0 0 0 0 2 0 0 0 0 4 2 3 4 6 2 0 0 4 -999 -999 -999
P2641 2008 3 0 6 2 0 0 0 0 1 1 0 0 1 6 5 8 9 7 0 0 0 0 0 5 9 0 12 22 0 0 9 4
P2641 2008 4 0 0 10 0 4 205 78 20 32 25 78 114 24 8 8 9 0 8 5 0 0 0 0 4 5 5 2 3 16 10 -999
P2641 2008 5 0 0 5 7 15 15 10 4 6 9 10 3 0 0 0 0 10 0 3 4 0 0 0 0 0 0 0 0 0 0 0
P2641 2008 6 6 10 0 0 0 0 0 0 0 0 0 0 0 0 0 0 0 0 0 0 0 0 0 0 0 0 8 14 12 0 -999
P2641 2008 7 0 9 0 0 57 8 12 0 0 0 0 0 0 0 0 0 0 0 0 0 0 0 0 0 0 0 0 0 0 0 0
P2641 2008 8 0 0 0 0 0 0 0 0 0 0 0 0 0 0 0 0 0 0 0 0 0 0 0 0 0 0 0 0 0 0 0
P2641 2008 9 0 0 0 0 0 0 0 0 0 0 0 0 59 18 11 6 0 0 0 0 0 0 0 0 0 0 0 0 0 7 -999
P2641 2008 10 0 4 6 4 4 4 5 4 8 16 13 0 0 8 13 12 4 2 2 14 14 7 3 3 5 6 0 0 0 2 3
P2641 2008 11 0 0 0 0 0 10 3 0 3 10 13 10 0 0 37 91 46 65 70 4 2 7 0 0 0 0 0 0 0 0 -999
P2641 2008 12 5 30 9 6 0 0 2 8 4 2 0 0 10 8 2 3 1 0 0 0 1 0 0 0 0 0 0 1 15 7 1
P2641 2009 1 1 0 0 0 2 23 14 14 13 24 40 13 19 17 23 16 7 6 2 2 3 6 16 14 15 14 0 0 5 11 4
P2641 2009 2 3 0 0 0 4 12 0 2 2 0 3 5 5 2 0 0 21 14 14 14 24 26 12 14 30 14 21 66 -999 -999 -999
P2641 2009 3 95 46 77 74 18 99 83 4 3 0 0 0 0 0 0 0 0 0 4 2 0 0 0 0 0 9 6 2 0 0 0
P2641 2009 4 0 0 0 0 0 0 4 0 0 0 5 0 0 2 1 0 0 0 0 12 6 0 0 0 0 0 12 0 0 0 -999
P2641 2009 5 0 0 0 0 0 0 0 0 0 0 0 0 0 0 0 0 0 4 0 6 8 0 16 0 0 0 0 0 0 0 0
P2641 2009 6 0 0 46 91 27 6 7 14 14 10 16 20 13 6 4 3 6 12 9 11 0 0 0 0 0 0 0 0 0 0 -999
P2641 2009 7 0 0 0 0 0 0 0 0 0 0 0 0 0 0 0 0 0 0 0 0 0 0 0 0 0 0 0 0 0 0 0
P2641 2009 8 0 0 0 0 0 0 0 0 0 0 0 0 0 0 0 0 0 0 0 0 0 0 0 0 0 0 0 0 0 0 0
P2641 2009 9 0 0 0 64 57 44 0 25 24 13 0 0 0 0 0 13 0 0 0 0 0 0 12 0 0 0 0 8 0 0 -999
P2641 2009 10 0 0 42 38 23 6 4 0 0 0 0 0 0 0 0 0 0 0 0 0 0 2 2 0 0 0 0 0 0 0 0
P2641 2009 11 0 0 0 0 0 0 0 0 6 3 4 5 0 0 0 0 0 0 0 0 0 0 0 0 0 0 0 0 0 0 -999
P2641 2009 12 0 0 0 0 0 0 3 3 0 4 6 3 0 0 0 6 5 3 0 0 0 0 0 0 2 9 16 26 10 2 3
P2641 2010 1 2 0 0 0 0 0 0 0 0 0 1 2 0 0 6 3 20 14 9 2 1 0 0 0 2 1 0 0 0 0 0
P2641 2010 2 0 0 0 0 0 0 0 0 1 2 3 3 2 2 2 2 1 0 0 0 0 6 2 0 0 0 0 0 -999 -999 -999
P2641 2010 3 2 0 0 0 0 2 14 26 65 32 9 5 0 0 0 0 0 4 10 13 26 9 20 18 12 15 14 4 1 4 0
P2641 2010 4 4 26 16 5 0 5 85 17 14 9 0 15 10 0 0 0 0 0 0 0 0 4 0 3 6 0 0 0 0 0 -999
P2641 2010 5 0 0 0 0 0 0 0 0 0 0 0 0 0 0 0 0 0 0 0 12 5 2 3 0 0 0 14 8 0 0 32
P2641 2010 6 21 0 0 0 0 0 0 0 4 7 8 0 0 19 12 2 0 7 15 0 0 0 0 0 0 0 0 0 0 0 -999
P2641 2010 7 0 0 0 0 0 0 0 0 0 0 0 0 0 0 0 0 0 0 0 0 0 0 0 0 0 0 0 0 0 0 0
P2641 2010 8 0 0 0 0 0 0 0 0 0 0 0 0 0 0 0 0 0 0 0 0 0 0 0 0 0 0 0 0 0 0 0
P2641 2010 9 0 0 0 0 0 0 0 0 0 0 0 0 0 0 0 0 0 0 0 0 70 55 38 63 93 88 0 0 0 0 -999
P2641 2010 10 0 0 0 0 0 0 0 0 0 0 0 0 0 0 0 0 0 0 0 0 0 0 6 0 5 0 12 28 24 7 0
P2641 2010 11 3 0 0 0 0 0 0 5 3 0 10 34 43 8 31 7 18 4 3 4 0 0 2 2 0 0 0 0 0 0 -999
P2641 2010 12 0 11 9 0 0 0 0 3 2 0 0 0 0 0 0 1 2 5 3 3 2 0 0 1 0 0 0 0 0 0 2
P2641 2011 1 0 0 0 0 0 0 0 0 0 0 0 2 14 13 0 7 46 23 24 19 19 14 6 0 5 6 4 6 0 0 4
P2641 2011 2 2 3 5 0 0 0 0 0 10 19 13 13 0 0 4 3 4 7 13 15 9 2 1 5 8 10 9 14 -999 -999 -999
P2641 2011 3 14 13 13 6 5 23 64 15 8 7 0 0 0 4 2 3 0 0 0 2 0 0 6 12 2 0 3 0 5 0 0
P2641 2011 4 15 4 0 7 0 0 0 13 0 37 5 2 0 0 0 0 4 0 0 0 0 0 0 0 0 5 1 0 0 0 -999
P2641 2011 5 0 0 0 0 0 0 0 6 7 3 3 0 0 3 0 0 0 0 0 0 0 0 2 8 0 0 5 0 0 0 0
P2641 2011 6 0 0 0 0 0 0 0 0 0 0 0 0 0 0 0 0 0 0 0 0 0 0 0 0 0 0 0 0 0 0 -999
P2641 2011 7 0 0 0 0 0 0 9 13 0 0 0 0 0 0 0 0 0 0 0 0 0 29 0 0 0 0 0 0 0 0 0
P2641 2011 8 0 0 0 0 0 0 0 0 0 0 0 0 0 0 0 0 0 0 0 0 0 0 0 0 0 0 0 0 0 0 0
P2641 2011 9 41 0 0 0 0 0 0 0 0 0 0 0 0 0 0 0 0 0 0 0 0 0 0 0 0 0 0 0 0 0 -999
P2641 2011 10 0 0 0 0 0 0 4 10 13 0 0 0 0 0 0 0 0 0 5 4 2 5 0 0 2 3 3 0 0 16 17
P2641 2011 11 8 10 25 17 4 2 2 3 0 0 6 7 3 4 0 0 0 0 0 0 3 5 14 9 20 2 4 8 3 2 -999
P2641 2011 12 4 3 2 0 0 0 0 0 0 0 0 0 0 0 7 4 7 5 0 0 0 0 0 0 1 9 21 28 11 5 4
P2641 2012 1 5 6 16 6 22 11 0 0 0 0 0 19 8 6 0 0 2 20 12 17 14 17 9 13 0 0 0 2 3 0 0
P2641 2012 2 0 0 0 0 0 0 0 0 0 2 6 7 3 2 2 3 51 4 5 0 0 0 4 3 10 12 5 0 -999 -999 -999
P2641 2012 3 0 0 0 0 0 0 0 0 0 0 0 0 3 3 0 3 4 3 8 5 0 0 0 3 3 4 9 2 0 0 0
P2641 2012 4 0 0 0 0 0 0 0 0 0 0 0 0 0 0 0 0 0 0 0 0 0 0 0 0 0 0 0 0 0 0 -999
P2641 2012 5 0 0 0 0 0 0 0 0 0 134 134 140 66 34 22 4 8 10 12 11 9 13 0 27 10 10 6 8 20 16 4
P2641 2012 6 0 0 0 0 17 4 0 0 0 0 0 0 0 0 0 0 0 0 0 0 0 0 0 0 0 0 0 0 0 0 -999
P2641 2012 7 0 0 0 0 0 0 0 0 0 12 0 0 0 0 0 0 0 0 0 0 0 0 0 0 0 0 0 0 0 0 0
P2641 2012 8 0 0 0 0 0 0 0 0 0 0 0 0 0 0 0 0 0 0 0 0 0 0 0 0 0 0 0 0 0 0 0
P2641 2012 9 0 0 0 0 0 0 0 0 0 0 0 0 0 0 0 0 0 0 0 0 0 0 0 0 0 0 0 0 0 0 -999
P2641 2012 10 29 0 0 0 0 0 0 0 62 82 27 21 19 20 0 0 0 0 0 0 78 57 28 7 9 12 0 0 0 17 14
P2641 2012 11 2 0 0 0 0 6 0 0 0 0 2 3 12 2 0 0 0 0 0 0 0 0 0 0 0 0 0 0 0 0 -999
P2641 2012 12 6 3 3 0 6 10 0 0 0 0 0 2 0 0 0 0 0 1 0 8 5 16 18 9 2 0 0 0 0 0 0
P2641 2013 1 0 2 0 0 0 0 0 0 0 0 0 0 2 3 9 8 0 0 0 0 0 8 17 15 14 14 14 15 0 0 2
P2641 2013 2 1 3 8 17 22 73 82 15 16 3 0 0 0 0 0 3 13 4 10 4 0 13 16 9 12 20 16 14 -999 -999 -999
P2641 2013 3 14 13 2 0 0 0 0 0 0 11 15 16 18 63 15 3 0 4 3 4 0 0 3 0 0 0 0 0 0 0 0
P2641 2013 4 23 39 51 53 26 41 27 14 7 5 0 0 9 50 127 123 81 49 65 133 148 128 29 13 0 8 14 18 22 22 -999
P2641 2013 5 7 10 3 0 0 0 0 0 11 5 5 0 0 0 13 18 11 39 16 11 6 10 4 6 0 4 2 0 0 0 0
P2641 2013 6 0 0 0 0 0 0 0 0 0 0 0 0 0 0 0 0 0 0 9 12 0 0 0 0 0 0 0 0 0 0 -999
P2641 2013 7 0 0 0 0 0 0 0 0 0 0 0 0 0 0 0 0 0 0 0 0 0 0 0 0 0 0 0 0 0 0 0
P2641 2013 8 0 0 0 0 0 0 0 0 0 0 0 0 0 0 0 0 0 0 0 0 0 0 0 0 0 0 0 0 0 113 0
P2641 2013 9 0 0 0 0 0 0 0 0 0 0 0 0 0 0 0 0 0 0 0 0 0 0 0 0 0 0 0 0 0 0 -999
P2641 2013 10 0 0 0 12 21 30 16 0 0 10 21 2 0 9 18 10 4 30 10 0 0 0 8 3 2 0 0 0 0 0 0
P2641 2013 11 0 0 0 0 0 0 0 0 0 0 0 0 2 2 5 2 2 2 0 0 0 0 0 0 2 3 5 9 9 63 -999
P2641 2013 12 66 21 7 19 16 14 11 11 0 12 7 0 0 0 0 11 23 18 12 0 0 0 1 0 0 0 0 0 0 0 3
P2641 2014 1 13 13 14 12 5 0 3 4 8 2 1 0 2 0 0 0 0 0 0 0 4 0 3 12 42 21 2 6 16 30 15
P2641 2014 2 33 14 11 16 21 16 15 16 5 0 0 0 0 0 0 0 0 6 10 7 10 11 4 0 0 0 0 0 -999 -999 -999
P2641 2014 3 0 0 0 0 0 0 0 0 0 0 0 0 0 2 10 5 4 0 0 5 15 72 39 15 14 15 16 13 0 6 11
P2641 2014 4 16 0 0 0 0 0 0 2 4 27 7 1 0 0 0 0 0 0 0 0 0 0 0 0 0 0 0 11 15 13 -999
P2641 2014 5 4 3 0 0 0 0 2 12 5 0 0 13 5 2 5 3 2 11 7 0 0 0 0 0 2 0 0 0 0 10 12
P2641 2014 6 18 2 0 0 6 0 7 0 0 0 0 0 0 0 0 0 0 0 0 0 0 0 0 0 0 0 0 0 0 0 -999
P2641 2014 7 0 0 0 0 0 0 0 0 0 0 0 0 0 0 0 0 0 0 0 0 39 0 0 0 0 0 0 0 0 0 0
P2641 2014 8 0 0 11 19 0 0 0 0 0 0 0 0 0 0 0 0 0 0 0 0 0 0 0 0 0 0 0 0 0 0 0
P2641 2014 9 0 0 0 0 0 0 9 0 0 12 0 0 40 67 81 0 0 0 0 0 0 0 0 0 0 0 0 0 0 0 -999
P2641 2014 10 0 0 13 0 0 0 0 0 0 0 0 0 0 0 0 0 0 0 0 0 5 9 17 8 8 0 0 0 0 0 0
P2641 2014 11 0 3 3 10 13 5 3 0 0 0 0 0 2 0 0 0 0 4 4 13 15 4 2 2 12 18 10 8 7 9 -999
P2641 2014 12 3 0 0 0 0 0 0 0 0 0 0 0 1 0 2 2 16 17 9 54 16 6 4 12 3 0 2 1 0 0 0
P2641 2015 1 0 0 0 0 0 0 0 0 0 0 0 0 0 0 0 0 2 0 0 0 0 0 0 0 11 18 13 17 5 14 16
P2641 2015 2 5 5 0 0 0 0 0 0 8 14 14 18 19 19 18 22 18 36 20 16 16 24 7 0 0 0 0 2 -999 -999 -999
P2641 2015 3 7 22 107 129 107 39 31 17 0 14 19 38 35 15 36 47 34 52 104 17 9 26 56 79 109 123 93 0 0 0 12
P2641 2015 4 8 8 0 0 13 109 46 8 4 15 18 15 14 36 24 54 14 3 6 10 3 8 5 20 28 0 0 0 0 0 -999
P2641 2015 5 6 1 6 14 31 31 5 7 0 5 5 0 0 0 0 0 0 0 0 0 0 0 0 0 0 17 0 0 0 0 0
P2641 2015 6 0 0 0 0 57 37 16 6 0 0 0 0 0 0 0 0 0 0 0 0 0 0 0 0 0 0 0 0 10 0 -999
P2641 2015 7 0 0 0 0 0 0 0 0 0 0 0 0 0 0 0 0 0 0 0 0 0 0 0 0 0 0 0 0 0 0 0
P2641 2015 8 0 0 0 0 0 0 0 0 0 0 0 0 0 0 0 0 0 0 0 0 0 0 0 0 0 0 0 0 0 0 0
P2641 2015 9 0 0 0 0 0 0 0 0 0 0 0 0 0 0 0 0 13 65 10 0 0 0 0 0 0 0 0 7 0 0 -999
P2641 2015 10 0 0 0 0 0 0 0 0 0 16 22 39 3 3 18 9 6 30 94 28 14 0 0 0 0 2 2 2 0 0 0
P2641 2015 11 0 0 0 0 0 0 0 0 0 0 0 0 0 0 7 0 0 0 0 0 0 0 0 0 0 0 0 0 0 0 -999
P2641 2015 12 0 0 0 0 0 0 0 0 0 0 0 2 3 4 2 0 0 0 1 2 2 9 0 0 4 2 2 13 13 15 10
P2641 2016 1 10 4 0 1 2 48 94 105 21 14 37 17 15 17 24 10 2 3 0 8 13 14 0 0 2 13 15 29 65 15 14
P2641 2016 2 14 14 14 7 0 2 2 6 3 0 0 2 3 4 2 0 0 0 0 0 0 0 0 0 0 0 0 0 -999 -999 -999
P2641 2016 3 0 0 0 0 0 0 0 0 0 0 0 0 0 0 0 0 0 2 0 0 0 0 2 7 0 4 0 0 0 9 8
P2641 2016 4 3 0 0 17 31 15 13 14 17 2 2 10 15 5 0 0 27 28 42 4 2 0 32 10 16 0 12 5 0 12 -999
P2641 2016 5 19 11 4 2 3 0 3 0 13 0 2 0 0 0 0 0 0 0 0 0 0 0 14 0 4 3 3 0 0 0 0
P2641 2016 6 0 0 0 0 12 4 0 6 0 0 0 0 0 0 0 0 0 0 0 0 0 0 14 18 0 18 16 0 0 0 -999
P2641 2016 7 0 0 0 0 0 0 0 0 0 0 0 0 0 0 0 0 0 0 0 0 0 0 0 0 0 0 0 0 0 0 0
P2641 2016 8 0 0 0 0 0 0 0 0 0 0 0 0 0 0 0 0 0 0 0 0 0 0 0 0 0 0 0 0 0 0 0
P2641 2016 9 0 0 0 0 17 0 0 0 0 0 15 0 0 0 0 0 0 0 0 0 0 0 0 0 0 0 0 0 0 6 -999
P2641 2016 10 0 0 0 0 0 0 0 13 19 6 0 0 0 0 0 0 0 0 2 0 5 3 0 7 26 48 7 29 8 0 0
P2641 2016 11 0 0 0 11 41 17 36 23 11 4 8 13 61 13 2 8 0 0 0 3 0 0 3 31 75 17 3 0 0 0 -999
P2641 2016 12 0 0 0 0 0 0 0 0 0 0 0 0 0 4 13 0 0 0 0 0 0 2 0 0 0 0 0 0 2 3 5
P2641 2017 1 7 3 13 11 14 3 7 15 10 43 8 8 1 0 0 4 0 0 0 0 2 0 0 0 2 3 20 40 10 0 0
P2641 2017 2 0 0 0 4 6 1 2 2 3 9 13 9 7 25 38 19 8 4 22 39 60 19 33 0 3 8 15 14 -999 -999 -999
P2641 2017 3 14 15 16 19 91 15 10 9 16 16 25 24 15 15 15 17 30 23 20 9 11 94 80 6 2 4 6 7 34 16 36
P2641 2017 4 15 16 16 16 5 7 120 24 12 15 45 15 14 13 9 5 3 4 7 4 3 14 9 4 2 11 11 11 14 11 -999
P2641 2017 5 4 6 0 0 3 3 8 3 0 4 2 0 0 5 7 0 0 0 0 0 0 9 23 39 5 0 0 0 0 0 0
P2641 2017 6 0 4 0 0 0 2 4 19 8 0 0 0 25 48 7 0 0 0 0 0 0 0 0 0 0 0 0 0 0 0 -999
P2641 2017 7 0 0 0 0 0 0 0 9 0 0 0 0 0 0 0 0 0 0 0 0 0 0 0 9 0 0 0 0 0 0 0
P2641 2017 8 0 0 0 0 0 0 0 0 0 8 4 0 0 0 0 0 0 0 0 11 11 10 0 0 0 0 0 0 0 0 115
P2641 2017 9 0 0 0 0 15 52 77 33 0 0 0 0 0 0 0 0 0 0 0 0 0 0 0 0 0 2 2 5 0 8 -999
P2641 2017 10 7 3 0 22 78 40 7 2 2 3 0 0 0 0 0 0 0 0 0 0 0 0 9 5 0 4 7 2 2 0 0
P2641 2017 11 2 4 0 0 7 3 0 0 3 8 6 3 0 0 0 3 0 5 4 0 0 0 0 3 5 0 0 0 0 0 -999
P2641 2017 12 0 2 0 0 0 0 0 0 0 0 0 0 12 31 19 40 29 31 0 1 7 24 6 0 0 0 4 7 79 23 9
P2641 2018 1 0 0 0 0 0 0 0 0 0 0 0 0 0 0 0 0 1 1 0 0 0 0 0 5 7 13 20 31 15 17 15
P2641 2018 2 15 33 23 15 4 8 2 7 2 2 4 10 19 15 13 0 6 8 14 9 0 12 8 2 1 2 15 47 -999 -999 -999
P2641 2018 3 47 44 63 61 24 27 10 5 3 7 3 17 4 0 0 2 2 7 7 16 14 24 5 24 23 31 36 57 11 63 13
P2641 2018 4 10 78 17 9 0 7 0 0 0 0 8 24 26 12 3 6 6 3 0 0 0 0 0 0 8 9 7 63 95 26 -999
P2641 2018 5 14 14 18 16 5 0 0 0 0 0 0 0 0 6 3 7 18 25 39 58 11 0 6 5 0 0 0 0 0 0 0
P2641 2018 6 0 0 0 0 0 0 0 0 0 0 0 0 0 0 0 0 0 0 0 0 0 0 0 0 0 0 0 0 0 0 -999
P2641 2018 7 0 0 0 0 0 0 0 0 0 0 0 0 0 0 0 0 0 0 0 0 0 0 0 0 0 0 0 0 0 0 0
P2641 2018 8 0 0 0 0 0 0 0 0 0 0 0 0 0 0 0 0 0 0 0 0 0 0 0 0 0 0 0 0 0 0 0
P2641 2018 9 0 0 0 0 0 41 16 0 0 0 0 0 0 0 0 0 0 0 0 0 0 31 8 0 0 0 0 0 0 0 -999
P2641 2018 10 0 0 0 15 19 0 0 0 0 0 0 0 0 0 35 16 0 0 23 48 69 64 85 72 24 18 14 0 0 0 9
P2641 2018 11 7 5 4 5 8 0 0 0 6 5 4 0 0 0 0 0 0 0 0 0 0 26 13 6 5 11 16 21 8 0 -999
P2641 2018 12 0 0 0 0 0 0 0 0 0 2 0 0 0 0 0 0 0 0 0 0 0 0 0 3 4 3 2 2 0 0 0
P2641 2019 1 0 0 0 6 5 11 13 7 2 2 2 3 2 2 2 0 0 0 0 0 0 0 0 0 0 2 0 0 0 0 2
P2641 2019 2 0 0 0 2 1 2 9 10 2 10 14 12 6 5 25 14 6 0 0 0 0 3 14 138 31 3 7 41 -999 -999 -999
P2641 2019 3 59 35 62 18 14 49 2 0 9 13 12 12 3 0 0 0 0 0 0 0 0 0 4 16 19 36 95 49 43 23 10
P2641 2019 4 3 2 0 0 0 0 0 0 0 0 0 0 1 0 0 0 0 0 0 0 0 0 0 0 0 0 0 16 3 3 -999
P2641 2019 5 5 3 0 0 0 0 9 12 28 5 0 0 30 2 0 0 0 0 0 0 0 0 0 0 3 0 0 0 9 41 15
P2641 2019 6 0 0 0 0 0 0 0 0 0 0 4 12 20 9 0 0 0 0 0 0 0 0 0 0 0 25 13 0 0 0 -999
P2641 2019 7 0 0 0 0 0 0 0 0 0 0 0 0 0 0 0 0 0 0 0 0 0 0 0 0 0 0 0 0 0 0 0
P2641 2019 8 0 0 0 0 0 0 0 0 0 0 0 0 0 0 0 0 0 0 0 0 0 0 0 0 0 0 15 29 30 0 19
P2641 2019 9 22 18 0 0 0 0 0 0 68 97 46 21 12 0 0 0 24 0 0 0 7 14 68 118 113 0 0 0 0 0 -999
P2641 2019 10 0 0 25 52 29 17 31 5 10 4 0 0 0 0 0 0 0 5 0 0 40 16 0 0 0 0 0 0 0 0 0
P2641 2019 11 0 7 0 0 9 35 11 8 0 0 0 0 0 3 3 0 0 0 0 0 0 0 0 0 0 10 4 80 35 7 -999
P2641 2019 12 0 0 0 0 0 0 0 0 0 0 0 0 0 0 8 6 4 4 19 46 40 20 43 89 45 10 0 0 0 0 0
P2641 2020 1 0 3 9 27 12 23 5 0 0 0 0 1 0 0 0 0 0 0 0 0 0 1 11 11 7 0 0 0 3 11 16
P2641 2020 2 13 37 78 97 14 10 4 0 4 25 0 0 0 24 7 22 22 30 31 32 20 29 108 19 9 6 12 0 -999 -999 -999
P2641 2020 3 0 0 0 0 0 0 0 0 0 0 0 0 8 4 15 80 101 48 12 7 10 10 20 25 30 35 30 4 4 3 0
P2641 2020 4 0 0 0 0 0 23 33 52 116 71 25 15 14 12 5 0 0 0 0 0 24 17 32 37 18 13 6 0 27 126 -999
P2641 2020 5 146 116 18 10 11 7 6 5 0 0 3 5 0 0 0 0 0 71 104 90 56 19 9 0 0 9 36 20 9 7 4
P2641 2020 6 2 2 2 0 0 0 11 5 2 0 0 0 0 0 11 0 0 0 0 0 0 0 0 0 0 0 0 0 0 0 -999
P2641 2020 7 0 0 0 0 0 0 0 0 0 0 0 0 0 0 0 0 0 0 0 0 0 0 0 0 0 0 0 0 0 0 0
P2641 2020 8 0 0 0 0 0 0 0 0 0 0 0 0 0 0 0 0 0 0 0 0 0 0 0 0 0 0 0 0 0 0 0
P2641 2020 9 0 0 0 0 0 0 0 0 11 0 0 0 0 0 14 14 0 0 12 10 0 0 0 0 0 0 0 0 0 0 -999
P2641 2020 10 0 0 20 18 8 9 0 0 0 0 5 6 7 8 0 0 0 0 0 0 0 0 13 16 5 0 28 57 18 2 0
P2641 2020 11 9 2 0 12 12 0 5 0 0 0 0 0 3 3 3 0 2 9 30 47 13 4 0 0 0 0 0 0 0 0 -999
P2641 2020 12 0 0 0 0 0 1 0 0 0 2 2 0 2 1 0 0 0 3 0 5 21 64 45 9 0 7 0 0 0 0 0
P2641 2021 1 0 1 8 13 0 0 0 0 0 0 0 2 2 2 3 4 17 13 5 5 5 4 9 10 23 63 100 65 10 6 32
P2641 2021 2 15 9 26 15 16 14 17 28 2 3 8 11 10 3 6 9 5 3 0 0 0 0 0 0 2 17 42 35 -999 -999 -999
P2641 2021 3 18 22 17 4 20 44 66 125 132 16 0 3 66 8 80 36 42 36 72 20 17 2 5 11 0 0 0 0 5 0 0
P2641 2021 4 0 18 3 11 0 0 0 0 0 18 7 0 0 7 0 4 6 5 5 5 5 6 9 50 142 26 15 10 0 6 -999
P2641 2021 5 4 0 0 0 0 3 7 3 0 0 2 2 3 0 0 0 0 0 0 4 0 0 0 0 0 7 0 9 8 22 6
P2641 2021 6 13 25 3 0 0 0 3 6 3 3 3 3 3 5 5 0 0 0 0 0 0 0 0 0 0 0 0 0 0 0 -999
P2641 2021 7 0 0 0 0 0 0 0 0 0 0 0 0 0 0 0 0 0 0 0 0 0 0 0 0 0 0 0 0 0 0 0
P2641 2021 8 0 0 0 0 0 0 0 0 18 0 0 0 0 0 0 0 0 0 0 0 0 0 0 0 0 0 0 0 0 0 0
P2641 2021 9 0 0 0 0 0 0 0 0 0 0 0 0 50 27 20 5 0 0 0 0 0 0 0 0 31 11 0 4 8 45 -999
P2641 2021 10 9 6 9 0 0 0 25 40 0 0 0 0 6 11 6 0 0 0 7 4 16 0 0 0 6 34 10 2 3 2 1
P2641 2021 11 6 4 0 0 5 0 0 5 2 0 0 0 0 0 0 0 0 0 0 3 0 0 0 3 0 0 0 0 0 0 -999
P2641 2021 12 0 0 0 0 0 0 0 0 0 0 0 0 1 3 16 16 46 34 53 4 32 2 8 10 11 4 32 39 24 4 2
P2641 2022 1 2 0 0 0 0 0 0 0 0 0 0 0 5 18 16 3 2 7 101 112 5 1 3 14 4 0 0 0 0 0 0
P2641 2022 2 0 6 0 0 0 0 0 0 2 6 0 0 0 0 4 6 3 0 0 0 3 6 0 5 2 0 4 81 -999 -999 -999
P2641 2022 3 30 8 0 3 11 26 2 0 0 0 0 0 0 0 0 3 0 0 0 2 5 10 12 8 4 2 1 0 4 3 6
P2641 2022 4 10 43 130 16 7 25 16 4 2 0 0 20 37 10 0 0 98 109 115 54 18 15 15 15 4 2 0 0 0 0 -999
P2641 2022 5 0 0 0 0 0 0 0 0 0 0 0 0 0 0 0 0 0 0 0 0 0 3 4 0 0 0 0 0 21 32 0
P2641 2022 6 0 0 0 0 0 0 0 0 0 0 17 0 0 0 0 0 0 0 7 0 0 0 0 0 0 0 0 0 0 0 -999
P2641 2022 7 0 0 0 0 0 0 0 0 0 0 0 0 0 0 0 0 0 0 0 0 0 0 0 0 0 0 0 0 0 0 0
P2641 2022 8 0 0 0 0 0 0 0 0 0 0 0 0 0 0 0 0 0 0 0 0 0 0 0 0 0 0 0 0 0 0 0
P2641 2022 9 0 0 0 0 0 0 0 0 0 0 0 0 0 0 0 0 0 0 0 0 0 0 15 58 16 11 0 40 0 0 -999
P2641 2022 10 0 0 0 0 0 10 0 0 0 2 0 0 0 0 0 0 0 0 0 11 37 22 0 0 0 0 4 6 0 0 0
P2641 2022 11 0 0 25 4 2 0 0 0 0 0 0 0 7 8 10 4 9 37 38 22 20 27 62 48 2 0 0 0 0 0 -999
P2641 2022 12 0 2 4 0 0 10 51 33 8 0 0 1 0 0 0 0 2 7 5 2 5 7 9 13 7 54 19 15 23 1 2
P2641 2023 1 1 5 17 45 101 36 23 9 14 8 3 6 13 16 11 4 7 20 18 4 3 2 13 10 9 6 0 0 0 0 0
P2641 2023 2 0 7 8 10 6 0 0 0 0 0 0 4 2 2 5 16 4 15 2 10 12 0 0 0 0 0 0 0 -999 -999 -999
P2641 2023 3 0 0 2 2 0 0 0 0 0 0 0 0 0 0 19 12 44 25 3 2 15 18 0 0 0 0 0 2 4 9 3
P2641 2023 4 0 0 0 0 0 0 3 2 4 8 19 5 0 12 23 43 16 13 58 14 10 19 16 13 8 0 0 0 0 0 -999
P2641 2023 5 11 175 21 17 14 3 10 11 27 12 3 2 14 7 8 23 18 9 19 27 26 10 2 3 3 0 0 0 0 7 8
P2641 2023 6 0 0 0 0 0 6 0 0 0 0 0 8 0 0 15 8 4 0 0 0 0 0 0 0 0 0 0 0 0 0 -999
P2641 2023 7 0 0 0 0 0 0 0 11 0 0 0 0 0 0 0 0 0 42 62 14 0 0 0 0 0 0 0 0 0 0 0
P2641 2023 8 0 0 0 0 0 0 0 0 0 0 0 0 0 0 0 0 0 0 0 0 0 0 0 0 0 0 0 0 0 0 0
P2641 2023 9 0 0 0 0 0 0 0 0 0 0 0 0 0 0 0 0 15 15 0 0 0 0 0 0 0 0 0 0 0 7 -999
P2641 2023 10 71 87 11 0 0 0 0 0 0 5 3 3 0 8 4 2 2 11 13 14 4 0 0 0 0 0 0 0 2 2 4
P2641 2023 11 8 2 0 0 0 0 0 0 12 8 12 14 2 0 0 0 0 0 0 0 0 0 0 0 0 0 0 0 0 0 -999
P2641 2023 12 0 8 17 17 0 0 0 0 0 0 0 10 0 0 0 0 0 3 5 15 7 10 0 5 1 0 0 0 0 0 2
P2641 2024 1 0 0 0 0 0 0 0 0 0 0 0 0 0 0 0 0 0 1 2 7 4 2 3 1 1 3 7 10 3 0 0
P2641 2024 2 0 0 0 4 9 67 90 54 97 45 14 39 8 0 0 0 0 0 0 0 0 0 0 0 0 0 0 0 -999 -999 -999
P2641 2024 3 0 0 0 0 0 0 7 9 16 0 11 63 7 48 9 2 15 16 21 13 7 5 0 6 2 2 4 4 5 13 19
P2641 2024 4 34 27 13 13 19 22 67 31 25 23 10 0 0 0 0 0 1 2 0 0 13 20 14 0 0 0 0 0 0 4 -999
P2641 2024 5 5 3 6 7 11 17 30 14 6 0 0 0 8 13 14 12 7 6 0 0 0 0 0 8 11 9 14 10 3 0 0
P2641 2024 6 0 0 0 0 0 0 0 0 0 0 0 0 0 0 0 0 0 0 0 0 0 0 0 0 0 0 0 0 0 0 -999
P2641 2024 7 0 0 0 0 0 0 0 0 0 0 0 0 0 0 0 0 0 0 0 0 0 0 0 0 0 0 0 0 0 0 0
P2641 2024 8 0 0 0 0 0 0 0 0 0 0 0 0 0 0 0 0 0 0 0 0 0 0 0 0 0 0 0 0 0 0 0
P2641 2024 9 0 0 0 0 0 0 0 0 0 0 0 0 0 0 0 0 42 58 12 15 25 36 31 10 0 0 0 0 11 4 -999
P2641 2024 10 3 44 42 4 33 27 10 0 0 0 0 0 0 0 0 0 0 0 0 17 11 0 0 0 0 0 4 0 0 8 8
P2641 2024 11 5 17 46 12 9 14 0 0 0 0 3 26 17 16 29 15 1 1 1 0 0 0 0 0 0 0 0 11 17 25 -999
P2641 2024 12 18 14 4 4 0 0 4 0 2 7 26 3 2 2 0 0 0 0 2 0 2 2 3 0 0 0 0 1 0 0 0
P2641 2025 1 0 0 0 13 26 44 47 11 5 0 0 0 0 0 2 0 0 7 5 0 0 0 0 0 0 0 0 13 8 7 0
P2641 2025 2 6 5 0 0 2 5 3 19 17 3 15 47 7 21 77 8 2 0 1 0 0 0 0 2 3 3 0 0 -999 -999 -999
P2641 2025 3 0 9 10 2 0 0 19 75 12 3 0 0 0 0 0 0 0 0 0 0 0 0 0 0 0 0 0 0 0 0 0
P2641 2025 4 0 0 0 0 0 0 0 0 0 3 13 8 0 0 34 7 0 24 0 0 0 0 0 0 0 0 0 0 2 1 -999
P2641 2025 5 0 0 5 3 0 0 0 0 0 0 0 0 7 9 2 0 2 4 0 0 2 20 7 8 3 4 7 12 17 0 0
P2641 2025 6 0 0 0 0 0 0 0 0 0 0 0 0 0 0 0 0 0 0 0 0 0 0 0 0 0 0 0 0 0 0 -999
P2641 2025 7 0 0 0 0 0 0 0 0 0 0 0 0 0 0 0 0 0 0 0 0 0 0 0 0 0 0 0 0 0 0 0
P2641 2025 8 0 0 0 0 0 0 0 0 0 0 0 0 0 0 0 0 0 0 0 0 0 0 0 0 0 0 0 0 0 0 0
P2641 2025 9 0 0 0 0 0 0 0 0 0 0 0 0 0 0 0 0 0 14 0 0 0 0 31 0 0 0 22 9 0 0 -999
P2641 2025 10 0 0 0 0 0 0 0 0 0 0 0 0 0 0 0 21 59 73 18 10 93 25 12 0 0 0 0 0 3 14 30
P2641 2025 11 36 12 9 19 18 2 2 5 23 89 20 0 0 15 12 2 0 0 0 0 0 0 0 0 0 0 0 0 0 0 -999
P2641 2025 12 0 0 0 0 0 0 0 0 0 0 3 11 12 0 0 5 3 8 4 2 7 36 17 21 19 9 3 10 3 6 2
P2641 2026 1 8 2 0 0 0 0 0 0 0 0 0 0 0 0 0 0 1 0 3 9 8 0 4 1 0 0 0 0 0 0 0
P2641 2026 2 0 0 0 0 0 0 0 0 0 0 0 0 0 0 0 7 10 4 4 0 0 1 4 6 0 2 5 7 -999 -999 -999
P2641 2026 3 4 1 2 6 20 63 11 3 3 2 0 0 0 16 0 0 6 0 0 0 0 0 100 19 28 42 5 3 10 5 5
P2641 2026 4 3 4 0 3 0 0 5 1 4 5 8 0 7 6 4 5 5 0 0 0 4 0 0 0 0 0 0 0 14 12 -999
P2641 2026 5 3 6 6 0 0 0 0 0 5 15 12 11 19 15 10 0 0 0 0 0 0 0 0 0 0 0 0 0 0 0 0
P2641 2026 6 0 0 0 0 0 0 0 0 0 0 0 0 0 0 0 0 0 0 0 0 0 0 0 0 0 0 0 0 0 0 -999
P2641 2026 7 0 0 0 0 0 0 0 0 0 0 0 0 0 0 0 0 0 0 0 0 0 0 0 0 0 0 0 0 0 0 0
P2641 2026 8 0 0 0 0 0 0 0 0 0 0 0 0 0 0 0 0 0 0 0 0 0 0 0 0 0 0 0 0 0 0 12
P2641 2026 9 11 10 6 0 0 0 0 0 0 0 0 0 0 0 0 0 0 0 0 37 53 6 0 0 0 0 0 0 0 0 -999
P2641 2026 10 16 0 20 35 11 0 0 0 0 0 0 0 0 0 0 0 0 2 0 0 2 0 0 0 0 0 0 0 3 5 21
P2641 2026 11 11 17 7 10 19 12 2 7 15 10 7 6 2 6 11 4 2 1 0 0 0 0 0 0 0 0 0 0 0 0 -999
P2641 2026 12 0 0 0 0 0 0 0 0 0 0 0 0 0 0 16 19 16 55 33 27 15 33 9 4 0 0 0 0 0 0 0
P2641 2027 1 0 0 0 0 2 29 40 9 2 2 69 6 1 4 32 40 28 11 4 3 9 9 2 0 0 17 28 23 36 8 3
P2641 2027 2 2 0 0 0 0 0 0 0 0 0 2 2 8 0 13 3 6 4 2 3 3 6 13 3 0 2 3 0 -999 -999 -999
P2641 2027 3 0 6 7 5 3 3 4 7 4 0 0 0 0 0 0 0 4 9 19 37 35 19 23 15 2 2 2 2 0 0 0
P2641 2027 4 0 0 0 18 6 0 0 0 0 0 0 0 0 20 43 7 0 3 12 3 0 0 0 0 0 0 0 0 0 0 -999
P2641 2027 5 0 5 10 24 14 10 13 5 8 53 45 0 9 0 0 0 0 0 0 0 29 14 0 0 0 0 0 0 0 0 0
P2641 2027 6 0 0 0 7 15 2 0 0 0 0 0 0 0 0 0 0 0 0 0 0 0 0 0 0 0 0 0 0 0 0 -999
P2641 2027 7 0 0 0 0 0 0 0 0 0 0 0 0 0 0 0 0 0 0 0 0 0 0 0 0 0 0 0 0 0 0 0
P2641 2027 8 0 0 0 0 0 0 0 0 0 0 0 0 0 0 33 0 0 0 0 0 0 0 0 0 0 0 0 0 0 0 0
P2641 2027 9 0 0 0 0 0 0 0 0 0 0 0 0 14 0 0 0 0 15 15 0 0 0 0 0 0 10 0 3 0 0 -999
P2641 2027 10 13 0 0 0 0 0 0 0 0 0 0 0 0 10 8 4 0 3 0 0 0 2 15 26 12 0 0 0 0 0 0
P2641 2027 11 0 0 0 0 4 0 0 0 0 4 8 6 7 0 0 0 0 0 0 0 0 2 2 0 2 4 3 0 0 0 -999
P2641 2027 12 0 0 0 0 0 0 0 0 0 0 0 0 0 2 8 13 2 6 0 0 0 0 0 0 0 1 0 0 0 0 0
P2641 2028 1 0 0 0 0 0 0 0 0 0 0 0 6 12 0 0 3 22 57 15 2 0 0 7 29 47 21 14 11 11 0 16
P2641 2028 2 13 52 21 11 13 16 11 11 10 6 13 22 14 11 8 19 15 9 10 0 0 2 2 0 0 0 0 0 -999 -999 -999
P2641 2028 3 0 2 2 4 0 0 0 0 0 0 8 7 12 30 4 0 0 0 0 0 0 0 1 0 0 3 5 0 0 0 0
P2641 2028 4 0 0 0 0 0 0 0 0 0 11 3 0 0 0 0 0 14 13 20 29 4 2 0 0 0 0 0 0 0 0 -999
P2641 2028 5 0 0 0 0 0 0 0 14 26 3 3 7 0 0 25 0 8 0 0 42 0 0 0 4 2 0 0 4 2 0 0
P2641 2028 6 2 5 3 2 14 48 58 4 6 0 0 0 0 0 0 0 19 22 16 0 0 0 0 0 0 0 0 0 31 13 -999
P2641 2028 7 0 0 0 0 0 0 0 0 0 0 0 8 3 0 0 0 0 0 0 0 0 0 0 0 0 0 0 0 0 0 0
P2641 2028 8 0 0 0 0 0 0 0 0 0 0 0 0 0 0 0 0 0 0 0 0 0 0 0 0 0 0 0 0 0 0 0
P2641 2028 9 0 0 0 0 0 0 0 0 0 0 0 0 0 0 0 0 0 0 0 0 0 18 49 0 0 21 39 0 29 0 -999
P2641 2028 10 0 0 0 0 0 0 0 0 0 0 5 4 0 0 0 6 0 0 8 6 0 0 0 0 0 0 0 0 0 0 0
P2641 2028 11 0 0 0 0 11 14 6 0 0 0 0 10 0 0 0 0 0 9 5 5 5 5 0 0 0 0 0 2 0 0 -999
P2641 2028 12 0 0 0 0 0 0 0 0 0 0 0 0 8 64 36 38 37 18 11 6 11 6 12 0 9 13 8 0 3 28 0
P2641 2029 1 0 0 2 16 8 0 0 12 9 14 8 15 13 0 0 3 2 5 9 12 2 0 0 0 0 0 0 13 1 2 2
P2641 2029 2 8 6 9 10 13 0 0 0 0 1 1 0 0 0 0 0 0 0 0 0 0 0 0 0 0 0 2 3 -999 -999 -999
P2641 2029 3 8 11 10 15 32 23 11 5 15 9 2 0 0 4 0 0 0 0 0 32 21 14 3 2 0 0 0 0 0 0 5
P2641 2029 4 7 11 14 7 2 2 2 0 0 0 0 0 0 19 9 2 0 4 0 0 0 0 0 0 0 0 6 10 26 16 -999
P2641 2029 5 14 0 3 12 22 13 17 23 12 10 2 0 0 0 0 0 0 0 0 0 2 0 0 0 7 0 0 0 0 61 78
P2641 2029 6 134 147 145 126 0 0 0 0 0 0 0 0 0 0 0 0 0 0 0 0 0 0 0 0 0 0 0 0 0 0 -999
P2641 2029 7 0 0 0 0 0 0 0 0 0 0 0 0 0 0 0 51 0 0 0 0 0 0 0 0 0 0 0 0 0 0 0
P2641 2029 8 0 0 0 0 0 0 0 0 0 0 0 0 0 0 0 0 0 0 0 0 0 0 0 0 0 0 0 0 0 0 0
P2641 2029 9 0 0 0 0 0 0 0 0 0 0 0 0 0 0 0 0 0 0 0 0 0 0 0 0 14 36 33 14 10 10 -999
P2641 2029 10 6 0 0 0 0 0 0 0 0 0 0 0 0 0 0 0 0 7 0 0 0 0 0 0 0 11 28 29 129 33 0
P2641 2029 11 0 0 0 0 0 0 0 0 0 0 0 0 0 0 0 0 0 2 0 0 0 0 0 7 2 0 0 0 5 0 -999
P2641 2029 12 0 0 0 4 40 7 0 7 13 2 2 0 0 0 0 0 0 2 1 0 0 27 25 16 37 7 3 5 17 7 0
P2641 2030 1 0 0 0 10 10 3 4 8 9 12 14 8 3 5 2 5 2 0 0 0 3 0 2 1 2 0 4 5 3 2 0
P2641 2030 2 9 13 21 7 2 2 0 7 2 0 0 0 0 0 0 9 5 4 10 0 0 4 3 0 5 2 0 3 -999 -999 -999
P2641 2030 3 0 0 12 9 13 0 0 0 0 0 0 0 0 0 0 0 0 0 7 10 4 5 18 76 139 136 54 17 19 15 19
P2641 2030 4 11 16 12 2 3 2 0 3 8 15 12 20 12 20 16 11 7 7 13 14 5 4 0 9 13 24 18 7 0 0 -999
P2641 2030 5 0 0 0 0 0 0 0 0 0 9 7 10 7 15 45 20 7 0 0 0 0 0 0 0 0 0 0 0 0 0 0
P2641 2030 6 0 0 0 0 0 0 0 0 0 0 0 0 0 0 40 22 20 25 4 0 0 0 9 0 0 0 0 0 0 0 -999
P2641 2030 7 0 0 0 0 0 0 0 0 0 0 0 0 0 0 0 0 0 0 0 0 0 0 0 0 0 0 0 0 0 0 0
P2641 2030 8 0 0 16 35 0 0 0 0 0 0 0 0 0 0 0 0 0 0 0 0 0 0 0 0 0 42 111 71 16 0 0
P2641 2030 9 0 0 0 0 0 0 0 0 0 0 0 0 0 0 0 29 27 18 0 0 6 10 9 3 0 3 0 6 5 0 -999
P2641 2030 10 0 0 0 0 0 0 0 29 48 56 6 5 4 2 0 0 0 0 48 60 46 27 3 2 3 0 0 0 16 44 52
P2641 2030 11 25 69 21 15 18 23 22 10 6 18 9 3 2 4 8 3 10 7 5 5 6 16 17 16 25 8 1 9 12 8 -999
P2641 2030 12 0 0 0 0 0 15 11 0 0 2 2 2 0 0 0 0 0 0 0 0 0 0 0 0 0 2 3 3 3 3 2
P2641 2031 1 3 0 0 5 5 9 2 3 14 26 16 34 15 18 37 11 1 0 2 0 0 0 0 0 0 0 0 0 0 0 2
P2641 2031 2 2 7 16 28 20 32 20 8 15 7 12 23 18 11 5 3 53 70 5 11 16 10 8 9 10 9 3 2 -999 -999 -999
P2641 2031 3 4 3 4 6 9 16 9 9 9 19 12 31 85 10 0 0 5 0 0 2 4 0 0 0 0 0 0 0 0 3 7
P2641 2031 4 3 2 2 3 4 10 5 3 2 6 5 7 15 9 3 0 0 0 0 0 0 0 0 0 0 0 0 0 0 0 -999
P2641 2031 5 0 0 10 6 10 0 4 2 0 6 11 12 0 15 22 39 43 16 11 14 7 0 0 0 0 19 37 16 0 0 0
P2641 2031 6 0 0 0 0 0 0 86 0 0 0 0 0 0 0 0 0 0 0 0 0 0 0 0 0 0 0 0 0 0 0 -999
P2641 2031 7 0 0 0 0 0 0 0 0 0 0 0 84 52 14 6 0 0 0 0 0 0 0 0 0 0 0 0 0 0 0 0
P2641 2031 8 0 0 0 0 0 0 0 0 0 0 0 4 0 0 0 0 0 0 0 0 0 0 0 0 0 0 0 0 0 0 0
P2641 2031 9 0 0 0 0 0 0 0 0 0 0 18 14 0 0 0 0 25 19 10 0 0 0 34 19 0 4 4 3 0 0 -999
P2641 2031 10 0 0 0 0 0 0 0 21 38 21 40 75 58 0 0 20 6 8 11 11 22 44 0 0 0 0 0 0 0 0 2
P2641 2031 11 0 0 2 7 3 10 14 2 0 0 7 11 17 29 32 26 2 4 7 20 25 11 8 3 9 7 21 17 5 2 -999
P2641 2031 12 13 52 37 6 13 11 24 16 32 5 0 0 0 0 0 0 0 0 0 2 26 32 42 69 61 55 8 14 9 6 0
P2641 2032 1 0 0 6 16 30 7 8 12 7 0 0 15 12 28 36 6 0 0 0 2 0 0 0 0 0 5 3 0 3 19 7
P2641 2032 2 5 14 25 15 3 0 0 0 0 12 28 7 1 0 0 10 3 6 0 0 0 0 4 17 12 3 8 20 -999 -999 -999
P2641 2032 3 14 0 0 3 0 0 0 0 0 0 0 0 0 1 2 0 2 0 0 0 0 0 0 0 0 0 2 2 2 4 15
P2641 2032 4 23 28 20 12 17 27 90 23 21 12 6 0 0 9 9 6 4 2 5 5 3 0 6 52 24 2 0 0 0 0 -999
P2641 2032 5 0 0 0 2 2 0 0 0 0 0 0 27 6 10 14 5 0 3 3 4 0 0 0 0 3 4 5 7 11 26 20
P2641 2032 6 0 0 0 0 0 0 0 11 14 30 0 0 0 0 0 0 0 0 0 0 0 0 0 0 0 0 0 0 0 0 -999
P2641 2032 7 0 0 0 17 0 0 0 0 0 0 0 0 0 0 0 0 0 0 0 0 0 0 0 0 0 0 0 0 0 0 0
P2641 2032 8 0 0 0 0 0 0 0 0 0 0 0 0 0 0 0 0 0 0 0 0 0 32 0 0 0 0 0 0 0 0 0
P2641 2032 9 0 0 0 0 0 0 0 0 0 19 39 0 0 0 0 32 0 0 7 12 0 0 0 0 0 0 0 0 0 0 -999
P2641 2032 10 30 37 54 40 0 0 0 0 5 0 0 3 4 9 40 4 2 0 0 13 11 12 24 16 0 0 0 0 3 2 0
P2641 2032 11 0 0 0 5 0 0 0 0 0 0 0 0 0 0 0 0 0 0 0 0 0 0 0 0 0 3 8 0 3 67 -999
P2641 2032 12 16 5 4 1 0 0 0 0 0 0 0 0 0 0 0 0 0 0 0 2 0 0 0 2 3 5 1 0 0 0 0
P2641 2033 1 0 0 3 32 22 48 44 85 37 19 2 3 32 2 9 33 3 15 3 2 0 0 0 0 0 0 14 20 7 3 2
P2641 2033 2 0 0 0 0 0 4 15 15 14 8 26 26 25 0 0 0 0 7 2 0 0 0 0 3 2 0 0 0 -999 -999 -999
P2641 2033 3 0 0 2 0 0 0 0 0 0 0 42 128 114 62 51 34 64 131 63 5 2 3 2 0 0 0 8 11 5 2 5
P2641 2033 4 0 0 0 11 15 14 18 18 16 16 15 17 17 17 19 43 42 16 17 3 4 21 4 3 8 3 0 6 5 2 -999
P2641 2033 5 3 0 8 14 0 0 0 0 0 0 0 3 5 15 14 4 10 13 5 8 10 2 0 0 0 0 0 0 0 0 0
P2641 2033 6 0 0 0 0 0 0 0 0 0 0 0 39 0 0 0 0 0 0 0 0 0 0 0 0 0 0 0 4 4 0 -999
P2641 2033 7 0 0 31 0 0 0 0 0 0 0 0 0 0 0 0 0 0 0 0 0 0 0 0 0 0 0 0 0 0 0 0
P2641 2033 8 0 0 0 0 0 0 0 0 0 0 0 0 0 0 0 0 0 0 0 0 0 0 0 0 0 0 0 0 8 21 0
P2641 2033 9 15 12 10 0 0 0 0 0 0 0 0 0 0 32 14 0 0 0 0 0 0 0 0 0 0 0 0 0 0 0 -999
P2641 2033 10 20 6 0 13 45 16 16 33 12 2 3 8 16 0 0 0 0 0 0 0 0 0 0 0 0 0 0 2 2 0 0
P2641 2033 11 4 12 17 39 8 2 0 0 0 0 0 0 0 0 0 0 2 4 5 0 0 0 0 0 0 0 0 0 0 0 -999
P2641 2033 12 2 2 4 0 0 0 0 0 2 0 0 2 2 0 0 0 0 0 0 0 0 0 0 0 0 0 0 0 2 0 0
P2641 2034 1 0 0 0 0 0 5 8 0 0 0 6 15 88 54 20 12 10 0 0 0 0 0 0 0 0 0 0 0 0 0 0
P2641 2034 2 0 0 0 0 0 2 1 0 0 0 2 8 13 10 12 12 33 128 139 16 0 0 0 0 0 0 3 9 -999 -999 -999
P2641 2034 3 11 9 35 32 44 16 0 0 0 0 0 0 2 25 16 13 13 11 5 0 0 7 8 34 96 144 49 0 0 0 0
P2641 2034 4 0 0 0 3 4 0 0 0 0 0 0 0 0 7 0 0 0 0 0 0 16 8 0 0 0 5 36 51 22 5 -999
P2641 2034 5 0 0 0 0 7 4 0 0 0 0 0 0 0 0 0 0 0 0 0 0 0 0 0 0 0 0 0 0 0 8 0
P2641 2034 6 0 0 0 0 0 2 3 2 0 0 0 0 0 0 0 0 0 0 0 0 0 0 0 62 0 0 0 0 0 0 -999
P2641 2034 7 0 0 0 0 0 0 0 0 0 0 0 0 0 0 0 0 0 0 0 0 0 0 0 0 0 0 0 0 0 0 0
P2641 2034 8 0 0 0 0 0 0 0 0 0 0 0 0 0 0 0 0 0 0 0 0 0 0 0 0 0 0 0 0 0 0 0
P2641 2034 9 0 0 0 0 0 0 0 57 0 0 0 0 0 0 0 0 0 0 0 0 0 0 0 14 0 0 0 0 33 38 -999
P2641 2034 10 16 7 0 0 18 39 8 0 0 10 4 2 0 0 0 0 5 16 8 6 0 0 0 8 12 11 6 11 2 0 0
P2641 2034 11 0 0 0 0 0 0 7 0 11 0 0 0 6 16 0 0 0 0 0 13 15 11 14 14 6 32 5 9 0 0 -999
P2641 2034 12 2 0 0 0 0 2 7 7 3 3 0 0 0 3 13 2 0 0 0 0 0 0 0 0 0 2 10 3 4 3 3
P2641 2035 1 2 0 3 8 12 12 7 8 4 2 2 2 4 4 2 0 3 2 0 3 24 71 52 63 6 0 0 0 0 0 0
P2641 2035 2 0 2 2 0 0 0 1 3 0 0 0 0 0 0 0 0 0 0 0 0 6 12 68 60 20 14 5 16 -999 -999 -999
P2641 2035 3 13 11 7 3 2 2 55 67 35 2 2 9 63 128 60 18 12 4 13 19 24 18 6 2 4 5 3 8 8 26 25
P2641 2035 4 11 22 5 14 20 19 10 19 100 61 16 0 3 22 7 0 0 119 64 134 144 18 15 15 14 7 0 9 20 28 -999
P2641 2035 5 44 0 0 0 0 0 0 14 25 21 0 0 0 8 0 0 0 0 0 0 0 42 105 23 0 0 0 0 0 125 38
P2641 2035 6 0 0 0 10 16 7 3 0 23 0 0 0 0 0 0 0 0 0 0 0 0 0 0 0 0 0 0 0 0 0 -999
P2641 2035 7 0 0 0 0 0 0 0 0 0 0 0 0 0 0 0 0 0 0 0 0 0 0 0 0 0 0 0 0 0 0 0
P2641 2035 8 0 0 0 0 0 0 0 0 0 0 0 0 0 0 0 0 0 0 0 0 0 0 0 0 0 0 0 0 0 0 0
P2641 2035 9 0 0 0 0 0 0 0 0 0 0 0 0 0 0 23 0 0 0 0 0 0 0 69 64 69 99 103 81 0 0 -999
P2641 2035 10 0 12 31 34 0 0 0 0 0 5 0 0 32 41 16 0 61 30 0 19 3 4 7 16 14 0 0 0 0 0 0
P2641 2035 11 0 0 6 19 21 25 8 0 0 0 0 0 0 0 0 0 0 0 0 0 0 0 0 0 0 0 19 5 2 0 -999
P2641 2035 12 2 4 4 3 8 16 32 35 67 57 11 2 1 1 0 0 0 0 2 4 5 4 0 0 0 0 0 0 0 0 2
P2641 2036 1 3 4 4 0 0 6 14 18 14 14 15 18 11 3 0 0 0 9 10 4 4 3 0 0 0 0 1 0 0 0 0
P2641 2036 2 2 0 0 0 0 0 2 2 3 2 3 4 9 13 14 14 9 0 0 0 0 0 0 0 0 0 0 0 -999 -999 -999
P2641 2036 3 10 21 7 5 7 6 0 0 0 0 0 0 0 0 4 7 4 3 2 3 2 0 0 2 3 8 9 13 11 16 36
P2641 2036 4 14 16 14 12 14 0 0 0 0 0 0 0 0 0 0 0 0 0 0 0 0 0 0 0 0 0 0 0 0 0 -999
P2641 2036 5 0 0 5 3 3 0 2 4 0 0 0 10 11 6 10 14 12 10 0 0 0 0 0 0 0 0 0 0 20 0 0
P2641 2036 6 45 71 0 0 0 0 0 0 0 0 0 0 0 0 0 0 0 0 4 0 0 0 0 0 0 0 0 0 0 0 -999
P2641 2036 7 0 0 0 0 0 0 0 0 0 0 0 0 0 0 0 0 0 0 0 0 0 0 0 0 0 0 0 0 0 0 0
P2641 2036 8 0 0 0 0 0 0 0 0 0 0 0 0 0 0 0 0 0 0 0 0 0 0 0 0 0 0 0 0 0 0 0
P2641 2036 9 0 0 0 0 0 0 0 68 0 0 0 0 0 0 0 0 0 0 0 0 0 0 0 0 0 0 0 0 0 0 -999
P2641 2036 10 0 0 0 0 0 0 0 0 0 0 3 0 0 3 5 8 5 0 0 0 0 0 0 0 0 0 14 8 20 71 36
P2641 2036 11 30 11 4 0 6 3 0 10 21 0 0 0 0 19 13 11 5 0 0 2 3 4 0 0 0 0 5 13 0 0 -999
P2641 2036 12 0 0 0 0 2 0 0 0 0 0 0 0 0 0 0 0 0 0 2 2 1 4 9 6 4 2 2 4 4 0 0
P2641 2037 1 0 0 0 0 0 0 0 0 2 34 9 10 13 0 0 0 0 0 12 3 5 11 6 75 100 11 22 27 106 2 1
P2641 2037 2 55 107 62 33 10 27 73 36 12 2 0 0 0 0 0 0 0 2 1 0 0 0 0 0 0 7 20 7 -999 -999 -999
P2641 2037 3 1 0 0 0 0 0 0 0 0 0 0 0 0 35 93 14 10 23 13 7 9 10 5 2 2 0 2 3 3 10 0
P2641 2037 4 5 0 6 9 8 4 7 12 6 0 0 0 0 9 25 8 15 17 15 13 24 21 48 25 14 18 0 0 0 0 -999
P2641 2037 5 0 0 0 0 2 0 0 0 16 9 7 2 0 2 2 3 0 4 2 0 0 0 4 0 22 17 8 0 0 0 0
P2641 2037 6 0 0 0 63 91 43 0 0 0 0 0 0 29 88 0 0 0 10 8 13 13 12 13 0 0 0 0 0 0 0 -999
P2641 2037 7 0 0 0 0 0 0 0 0 0 0 0 0 0 0 0 0 0 0 0 0 0 0 0 0 0 0 0 0 0 0 0
P2641 2037 8 0 0 0 0 0 0 0 0 0 0 0 0 0 0 0 0 0 0 0 0 0 0 0 0 0 0 0 0 0 0 0
P2641 2037 9 0 0 0 0 0 0 0 0 0 0 0 0 0 0 0 0 8 10 0 0 0 0 0 0 0 0 6 0 0 0 -999
P2641 2037 10 2 0 0 0 0 0 0 0 0 0 0 6 0 0 0 0 0 6 8 3 0 0 0 0 0 0 0 0 0 0 0
P2641 2037 11 0 0 0 0 0 5 2 8 0 0 5 9 8 11 2 0 0 0 0 5 4 2 3 9 3 0 2 4 26 3 -999
P2641 2037 12 62 9 41 13 5 3 12 24 104 16 60 19 11 0 0 0 0 4 22 25 103 13 8 3 0 0 0 0 0 0 0
P2641 2038 1 1 3 2 5 10 2 2 0 0 0 0 0 0 2 8 5 18 1 0 0 0 0 2 19 4 4 4 4 2 3 0
P2641 2038 2 0 0 0 12 18 30 5 0 0 0 0 0 0 0 0 0 0 0 2 0 0 0 3 2 0 0 0 21 -999 -999 -999
P2641 2038 3 15 12 12 5 40 13 10 21 14 15 5 0 1 0 0 0 0 11 41 23 12 2 0 0 0 0 0 3 4 2 0
P2641 2038 4 0 0 0 3 3 0 0 5 14 22 43 128 137 42 15 9 7 0 0 0 67 16 0 0 66 58 31 0 0 36 -999
P2641 2038 5 30 0 0 0 15 64 16 0 0 4 3 0 0 0 6 24 141 81 30 61 41 35 0 0 13 12 9 12 11 4 19
P2641 2038 6 0 0 0 0 0 0 0 0 0 0 0 0 0 0 0 0 0 0 0 0 0 0 0 0 0 23 0 0 0 0 -999
P2641 2038 7 0 0 0 0 0 0 0 0 0 0 0 0 0 0 0 0 0 0 0 0 0 0 0 0 0 0 0 0 0 0 0
P2641 2038 8 0 0 0 0 0 0 0 0 0 0 0 0 0 0 0 0 0 0 0 0 0 0 0 0 0 0 0 0 0 0 0
P2641 2038 9 0 0 0 0 0 0 0 0 0 0 0 0 0 0 0 0 0 0 0 0 0 24 0 0 0 0 0 0 0 0 -999
P2641 2038 10 0 0 0 0 0 0 0 0 0 0 0 0 0 0 0 0 0 0 6 0 10 7 43 7 0 0 0 0 2 0 5
P2641 2038 11 16 16 18 0 0 0 2 7 3 0 2 5 4 15 32 15 11 4 0 0 0 0 0 0 0 0 0 0 0 0 -999
P2641 2038 12 0 0 6 24 23 22 14 14 0 0 16 19 15 2 3 5 8 6 6 8 25 3 2 0 4 6 7 2 2 2 2
P2641 2039 1 2 2 2 2 4 4 19 18 9 0 0 0 0 0 0 2 4 3 60 30 8 5 3 5 9 3 2 10 0 0 9
P2641 2039 2 12 32 8 7 6 8 31 38 39 29 10 0 0 3 7 6 2 3 4 0 0 0 4 3 12 2 0 0 -999 -999 -999
P2641 2039 3 0 0 0 0 0 0 0 0 2 8 43 71 2 6 11 21 5 25 48 99 16 0 0 0 0 3 4 0 0 0 0
P2641 2039 4 0 0 0 0 0 0 0 0 0 0 0 0 0 0 3 2 1 0 0 2 5 11 0 0 0 0 0 0 0 0 -999
P2641 2039 5 0 0 0 0 0 0 0 0 0 0 0 0 0 0 0 18 7 7 0 6 6 10 10 8 6 5 0 0 0 0 0
P2641 2039 6 0 13 7 17 13 4 0 0 0 0 0 0 0 0 0 0 0 0 0 0 0 0 0 0 0 0 9 28 24 18 -999
P2641 2039 7 0 0 0 0 0 0 0 0 0 0 0 0 0 0 0 0 0 0 0 0 0 0 0 0 0 0 0 0 0 0 0
P2641 2039 8 0 0 0 0 0 0 0 0 0 0 0 0 0 0 0 0 0 0 0 0 0 0 0 0 0 54 105 93 0 0 0
P2641 2039 9 0 0 0 0 0 0 0 0 0 0 0 0 0 0 0 0 0 0 0 0 0 0 0 0 0 0 0 0 0 0 -999
P2641 2039 10 0 0 0 0 0 0 0 0 0 0 0 0 0 14 4 0 0 0 0 0 5 16 9 9 9 12 86 23 36 35 12
P2641 2039 11 2 0 0 0 0 0 0 0 4 7 16 16 14 12 0 2 6 7 55 43 15 21 18 9 0 0 0 8 2 0 -999
P2641 2039 12 0 4 9 9 12 3 2 2 12 2 6 3 2 3 2 2 1 0 5 10 4 0 0 1 2 0 3 12 6 6 2
P2641 2040 1 2 0 0 0 19 13 10 6 5 7 7 4 5 4 4 18 5 2 3 3 6 7 3 0 0 0 0 0 0 0 0
P2641 2040 2 0 0 0 4 7 8 0 0 0 1 2 0 0 0 5 12 14 14 13 9 0 0 4 0 0 0 0 0 -999 -999 -999
P2641 2040 3 0 0 0 0 0 0 0 0 0 0 0 0 2 7 11 4 0 0 65 108 11 8 107 29 15 22 20 10 8 15 2
P2641 2040 4 0 15 16 14 11 2 2 0 0 0 0 0 0 0 0 0 5 0 25 0 0 5 6 3 45 98 11 0 0 0 -999
P2641 2040 5 0 0 5 7 11 10 5 0 0 0 0 0 0 0 0 0 0 0 0 0 0 13 0 0 0 0 0 0 0 0 0
P2641 2040 6 0 0 0 0 0 0 0 0 0 68 38 0 0 123 111 0 0 0 0 0 0 0 0 0 0 0 0 0 0 0 -999
P2641 2040 7 0 0 0 0 0 0 0 0 0 0 0 0 0 0 0 0 0 0 0 0 0 0 0 0 0 0 0 0 0 0 0
P2641 2040 8 0 0 0 0 0 0 0 0 0 0 0 0 0 0 0 0 0 0 0 0 0 0 0 0 0 0 0 0 0 0 0
P2641 2040 9 0 0 0 0 0 0 0 0 0 0 0 0 0 0 0 0 0 0 10 0 0 0 0 0 31 95 95 0 6 8 -999
P2641 2040 10 0 0 0 0 0 0 0 0 0 0 0 0 0 0 0 0 11 28 46 13 7 0 0 0 0 0 0 0 0 0 0
P2641 2040 11 7 3 5 14 0 9 26 105 90 22 4 2 4 11 11 2 0 0 0 0 0 0 0 2 3 32 30 9 3 5 -999
P2641 2040 12 10 0 0 0 16 12 7 2 0 2 72 123 55 14 5 0 0 0 3 3 4 8 16 13 0 0 0 5 2 3 5
P2641 2041 1 13 24 0 0 0 0 0 2 11 43 14 8 10 11 3 0 0 0 11 7 22 6 39 65 48 20 43 42 16 0 0
P2641 2041 2 0 0 0 0 1 10 32 57 7 5 7 9 11 4 9 7 10 24 20 10 34 22 4 26 15 16 6 0 -999 -999 -999
P2641 2041 3 2 2 0 0 0 4 0 0 5 7 12 13 9 10 24 3 3 21 21 34 4 6 12 10 7 63 10 5 6 10 10
P2641 2041 4 1 0 0 0 0 0 0 0 0 0 2 4 3 0 3 2 2 15 13 4 3 0 0 10 67 11 2 0 0 0 -999
P2641 2041 5 0 0 6 14 14 35 0 102 80 45 20 13 0 15 23 32 97 131 123 120 116 118 30 12 7 4 7 6 0 4 6
P2641 2041 6 3 0 0 0 0 0 0 0 0 0 0 0 0 0 0 0 0 0 0 0 0 0 0 0 60 32 0 0 0 0 -999
P2641 2041 7 0 0 0 15 0 0 0 0 0 0 0 0 0 0 0 0 0 0 0 0 0 0 0 0 0 0 0 11 0 0 0
P2641 2041 8 0 0 0 0 0 0 0 0 0 0 0 0 0 0 0 0 0 0 0 0 90 100 105 116 82 0 0 0 0 0 0
P2641 2041 9 0 0 0 0 0 0 0 0 0 0 0 0 0 0 0 0 0 0 0 0 0 0 0 0 9 1 0 0 0 0 -999
P2641 2041 10 0 9 6 8 0 0 0 44 10 0 46 14 0 0 0 0 0 0 0 0 0 0 0 0 0 0 2 5 3 0 0
P2641 2041 11 0 0 0 0 3 2 0 0 2 3 11 9 8 8 13 17 42 13 6 2 8 75 4 17 5 2 3 7 0 0 -999
P2641 2041 12 0 6 0 8 48 9 0 0 0 0 0 3 2 3 3 21 42 24 9 4 2 0 3 6 9 0 0 0 0 0 0
P2641 2042 1 0 0 0 0 0 4 8 2 0 0 0 0 0 0 0 0 0 0 0 0 0 0 0 0 3 3 4 0 0 0 3
P2641 2042 2 3 4 4 7 0 0 0 0 0 1 0 0 0 0 3 3 2 3 0 0 0 0 0 43 10 0 0 0 -999 -999 -999
P2641 2042 3 0 0 0 0 0 2 0 0 0 0 0 0 3 6 9 13 12 28 130 44 12 26 0 8 3 0 0 0 0 0 11
P2641 2042 4 3 0 0 0 4 7 23 14 10 4 3 3 0 6 2 2 6 20 0 0 117 127 78 17 23 18 19 16 11 17 -999
P2641 2042 5 17 11 10 6 0 0 0 6 23 57 12 4 4 0 0 0 0 0 0 0 0 0 0 0 0 0 0 0 0 0 9
P2641 2042 6 5 5 6 4 4 5 6 0 0 0 0 0 0 0 0 0 0 14 0 0 0 0 0 0 0 0 0 0 0 0 -999
P2641 2042 7 0 0 0 0 0 0 0 0 0 0 0 0 0 0 0 0 0 0 0 0 43 18 0 0 0 0 0 0 0 0 0
P2641 2042 8 0 0 0 0 0 0 0 0 0 0 0 0 0 0 0 0 0 0 0 0 0 0 0 0 0 0 0 0 0 0 0
P2641 2042 9 0 0 0 0 0 0 0 0 0 0 0 0 0 0 0 0 0 0 0 0 0 0 0 0 0 14 0 0 0 0 -999
P2641 2042 10 0 0 0 0 5 8 28 38 31 40 61 57 114 58 15 23 0 0 0 5 10 3 0 0 0 0 0 0 0 0 0
P2641 2042 11 0 0 0 0 0 0 2 3 0 0 0 0 0 0 0 0 0 0 0 4 2 0 0 0 0 0 0 0 6 2 -999
P2641 2042 12 0 0 3 16 6 6 4 9 10 6 5 3 2 6 17 4 3 25 13 9 0 0 3 7 3 2 0 0 0 0 0
P2641 2043 1 0 0 3 2 0 5 3 0 0 0 0 0 0 13 11 8 5 4 0 8 2 6 10 12 1 0 0 0 2 1 3
P2641 2043 2 1 0 0 0 6 11 8 0 0 0 0 0 0 0 0 0 0 0 0 0 0 3 2 0 0 0 0 0 -999 -999 -999
P2641 2043 3 0 11 9 11 3 0 5 41 17 37 36 6 2 0 0 0 0 0 18 4 9 9 44 14 16 9 0 0 0 0 0
P2641 2043 4 3 2 0 3 0 0 0 0 6 0 50 0 0 0 0 19 43 19 0 13 0 0 0 0 0 0 0 0 0 0 -999
P2641 2043 5 15 47 80 36 0 0 0 56 0 0 0 0 0 0 0 0 0 0 0 127 126 128 78 22 0 0 25 2 0 3 4
P2641 2043 6 4 2 0 0 0 0 0 13 15 0 0 0 0 10 8 0 0 0 0 0 0 0 0 0 0 0 0 0 0 0 -999
P2641 2043 7 0 0 0 0 0 0 0 0 0 0 0 0 0 0 0 0 0 0 0 0 0 0 0 0 0 0 0 0 0 0 0
P2641 2043 8 0 0 0 0 0 0 0 0 0 0 0 0 0 0 0 0 0 0 0 0 0 0 0 0 0 0 0 0 6 0 0
P2641 2043 9 0 0 0 0 0 0 0 0 0 0 0 0 54 49 40 56 23 0 0 0 0 0 0 0 0 0 0 6 6 6 -999
P2641 2043 10 17 35 0 0 0 0 0 0 35 5 0 0 0 0 0 0 3 0 0 0 0 0 7 4 8 12 5 3 7 6 0
P2641 2043 11 0 0 0 0 0 0 0 0 0 9 13 11 21 39 0 0 0 0 0 0 0 0 0 0 0 5 2 4 5 3 -999
P2641 2043 12 3 2 0 0 0 0 0 0 0 2 2 3 1 4 9 3 2 4 29 24 65 3 0 0 0 2 6 0 0 0 0
P2641 2044 1 0 0 0 0 0 1 1 0 0 0 0 0 0 0 0 0 8 16 9 5 1 0 0 0 0 0 0 6 6 1 0
P2641 2044 2 0 0 0 0 2 4 0 0 0 2 3 2 9 0 0 0 0 0 0 0 0 0 0 17 24 18 19 13 -999 -999 -999
P2641 2044 3 10 7 24 37 35 6 1 10 4 3 2 2 0 0 0 0 10 21 19 16 14 13 8 3 2 6 22 73 15 12 2
P2641 2044 4 5 6 8 9 0 0 0 0 0 0 0 0 0 4 0 0 0 0 0 0 0 0 0 0 0 10 10 0 0 0 -999
P2641 2044 5 0 0 0 10 21 4 0 6 16 8 0 0 0 0 0 0 0 0 99 37 15 15 0 0 0 0 0 0 0 18 10
P2641 2044 6 0 0 0 0 0 28 7 0 0 0 0 0 0 0 0 0 0 0 0 0 0 0 6 16 23 0 0 0 0 0 -999
P2641 2044 7 0 0 0 0 0 0 0 0 0 0 0 0 0 0 0 0 0 0 0 0 0 0 0 0 0 0 0 0 0 0 0
P2641 2044 8 0 0 0 0 0 0 0 0 0 0 0 0 0 0 0 0 0 11 0 0 0 0 0 0 0 0 0 0 0 0 0
P2641 2044 9 0 0 0 0 0 0 0 0 0 0 0 0 0 0 0 0 0 0 0 0 36 0 0 10 21 18 23 0 0 9 -999
P2641 2044 10 9 15 34 0 0 0 0 0 0 0 0 0 0 0 0 0 0 3 7 4 31 9 4 0 3 3 0 0 0 0 0
P2641 2044 11 2 0 2 3 0 0 0 0 2 2 9 13 12 11 3 4 13 1 2 3 6 17 5 19 16 26 30 8 3 0 -999
P2641 2044 12 0 0 0 0 0 0 0 0 5 21 7 0 13 9 15 39 16 8 0 0 2 20 13 11 14 0 0 0 5 5 13
P2641 2045 1 18 19 16 6 0 2 30 20 15 17 12 5 14 22 4 4 4 6 5 0 0 11 9 3 2 0 0 0 0 0 3
P2641 2045 2 2 18 20 18 7 10 4 3 0 0 2 3 8 0 0 1 1 0 0 0 0 0 0 0 0 0 0 0 -999 -999 -999
P2641 2045 3 0 0 2 1 0 0 0 0 2 2 0 0 12 16 7 2 3 0 0 0 0 0 0 0 0 0 0 0 0 3 10
P2641 2045 4 4 0 0 0 0 21 23 2 0 1 3 0 0 0 4 11 14 0 0 0 0 0 0 0 0 0 0 0 5 6 -999
P2641 2045 5 6 0 0 0 0 0 25 57 12 4 0 0 0 0 0 0 0 0 0 0 0 0 0 0 0 0 0 0 0 0 4
P2641 2045 6 12 18 18 12 7 8 9 9 8 8 5 8 10 0 0 0 0 0 0 0 15 0 0 0 0 4 0 0 0 0 -999
P2641 2045 7 0 0 0 0 0 0 0 0 0 0 0 0 0 0 0 0 0 0 0 0 0 0 0 0 0 0 0 0 0 0 0
P2641 2045 8 0 0 0 0 0 0 0 0 0 0 0 0 0 0 0 0 0 0 0 0 0 0 0 0 0 0 0 0 0 0 0
P2641 2045 9 0 0 0 0 0 0 0 0 0 0 0 0 0 0 0 0 0 0 0 0 0 0 0 0 0 0 0 0 0 15 -999
P2641 2045 10 11 0 19 79 15 0 0 0 0 0 0 0 0 0 21 10 38 7 2 0 0 0 0 0 0 0 0 0 0 0 0
P2641 2045 11 10 14 8 0 0 0 0 0 0 0 2 0 0 0 0 7 86 31 2 0 0 0 3 18 4 2 23 34 7 0 -999
P2641 2045 12 0 0 0 0 7 35 14 14 14 0 0 0 0 0 0 0 0 2 2 2 2 0 0 2 3 3 2 4 0 0 0
P2641 2046 1 0 0 4 21 28 10 11 2 1 2 19 86 44 10 11 8 6 9 5 6 2 2 3 10 4 16 23 29 7 14 17
P2641 2046 2 46 47 54 54 19 15 11 13 13 12 14 15 33 22 22 16 9 4 0 0 5 72 29 20 21 8 29 40 -999 -999 -999
P2641 2046 3 21 92 71 24 5 7 29 31 63 86 93 13 73 6 45 8 63 59 7 29 45 8 2 0 0 0 0 12 10 2 2
P2641 2046 4 0 0 0 11 4 2 3 25 15 28 9 0 0 0 9 3 0 8 12 10 12 4 5 14 15 9 6 9 8 4 -999
P2641 2046 5 0 0 0 0 0 0 0 2 0 0 0 0 0 0 0 24 6 2 0 0 0 0 0 0 0 6 0 0 2 0 0
P2641 2046 6 0 0 0 0 0 0 0 0 0 0 19 0 14 14 19 8 0 0 14 23 7 0 0 0 0 0 0 0 0 0 -999
P2641 2046 7 0 0 0 0 0 0 0 0 0 0 0 0 0 0 0 0 0 0 0 0 0 0 0 0 0 0 0 0 0 0 0
P2641 2046 8 0 0 0 0 0 0 0 0 0 0 0 0 30 0 0 0 0 0 0 0 0 0 0 0 0 0 0 0 0 0 0
P2641 2046 9 0 0 0 0 0 0 0 0 27 21 0 0 0 0 0 28 0 0 0 0 0 0 0 0 0 0 0 0 0 0 -999
P2641 2046 10 0 0 0 19 24 10 5 8 0 0 0 0 0 0 0 0 0 0 0 0 2 7 4 2 4 2 0 2 4 3 2
P2641 2046 11 0 0 0 0 9 77 31 8 0 0 0 0 0 0 0 0 0 0 0 0 0 0 1 2 6 3 0 12 26 5 -999
P2641 2046 12 22 85 38 15 19 24 69 75 29 4 3 8 3 83 89 20 60 53 21 39 17 0 0 0 0 0 0 0 0 0 0
P2641 2047 1 0 0 0 0 0 0 0 2 3 10 3 2 1 6 26 101 87 10 29 3 10 4 0 0 0 0 0 0 0 0 0
P2641 2047 2 3 6 0 4 3 6 2 0 0 0 0 0 0 9 2 0 0 0 0 0 0 0 0 5 22 17 47 12 -999 -999 -999
P2641 2047 3 6 6 5 0 9 18 3 0 0 0 0 0 0 4 9 0 0 0 0 0 0 0 12 15 7 0 3 0 0 3 3
P2641 2047 4 14 5 3 0 0 0 0 7 8 9 21 15 4 0 7 3 3 2 3 3 0 0 0 0 0 0 4 6 7 0 -999
P2641 2047 5 0 0 0 4 9 10 46 70 85 48 24 38 28 9 11 42 50 49 79 0 0 0 0 0 0 0 0 0 0 0 0
P2641 2047 6 0 0 0 0 0 0 0 0 0 0 0 0 0 0 0 6 0 0 0 0 0 0 0 0 0 0 0 0 0 0 -999
P2641 2047 7 0 0 0 0 16 15 0 0 0 0 0 0 0 0 0 0 0 0 0 17 0 0 0 0 0 0 0 0 0 0 0
P2641 2047 8 0 0 0 0 0 0 0 0 0 0 0 0 0 0 0 0 0 0 0 0 0 0 0 0 0 0 0 0 0 0 0
P2641 2047 9 0 0 0 0 0 0 0 0 0 0 0 77 129 92 47 13 0 0 0 0 0 0 0 12 40 31 0 0 54 25 -999
P2641 2047 10 17 21 15 16 15 5 5 6 3 13 11 15 3 5 9 10 59 2 15 5 2 0 0 0 0 0 2 0 0 0 0
P2641 2047 11 0 0 0 0 0 2 2 0 3 3 3 2 2 2 7 7 3 0 0 0 0 0 0 0 0 0 0 0 0 0 -999
P2641 2047 12 0 0 0 0 0 0 0 0 0 0 0 0 0 0 0 0 0 0 0 0 0 0 0 2 3 2 6 0 0 0 0
P2641 2048 1 0 2 0 0 0 0 0 0 0 0 0 3 3 3 0 0 0 0 0 0 0 0 0 0 0 0 0 0 1 0 0
P2641 2048 2 0 0 0 0 0 0 0 0 0 4 0 0 4 10 3 7 4 3 2 0 0 0 0 0 0 0 0 0 -999 -999 -999
P2641 2048 3 0 0 0 0 2 3 7 21 12 3 16 4 0 5 2 20 0 0 0 0 8 0 0 0 0 3 6 0 4 3 2
P2641 2048 4 2 2 2 0 0 0 0 0 0 0 0 0 0 0 0 0 0 0 0 0 0 5 5 2 0 0 0 0 0 0 -999
P2641 2048 5 0 13 10 6 0 0 0 0 10 23 17 10 6 20 47 0 0 8 0 0 14 82 34 0 0 0 0 0 0 0 0
P2641 2048 6 0 0 0 0 0 0 0 0 8 0 0 0 0 0 30 0 0 0 0 0 0 0 0 0 0 0 0 0 0 0 -999
P2641 2048 7 0 0 0 0 0 0 0 0 0 0 0 0 0 0 0 0 0 0 0 0 0 0 0 0 0 0 0 0 0 0 0
P2641 2048 8 0 0 0 0 0 0 0 0 0 0 0 0 0 0 0 0 0 0 0 0 0 0 0 0 0 0 0 0 0 0 0
P2641 2048 9 0 0 0 0 0 0 0 0 0 0 31 7 0 0 0 0 0 0 0 0 0 0 0 0 0 0 0 24 24 9 -999
P2641 2048 10 0 0 0 0 0 3 2 0 0 0 0 0 0 0 0 0 0 0 0 3 2 0 0 0 0 0 0 0 0 0 4
P2641 2048 11 0 0 0 0 0 19 14 0 0 0 0 0 0 0 0 0 11 6 13 2 0 0 0 0 0 6 35 16 8 11 -999
P2641 2048 12 26 24 6 0 4 5 2 0 0 0 0 0 0 0 0 0 0 0 9 10 5 0 0 0 0 0 10 9 15 7 0
P2641 2049 1 0 0 4 6 10 5 2 4 5 21 14 6 3 2 7 0 0 2 0 0 2 8 12 8 4 3 5 12 7 3 6
P2641 2049 2 6 7 14 25 30 3 0 0 0 0 0 0 0 2 0 0 0 0 0 0 0 0 0 0 0 3 3 0 -999 -999 -999
P2641 2049 3 0 0 0 0 0 0 0 0 0 0 0 0 0 0 2 0 0 0 0 0 1 5 13 11 0 0 0 0 0 24 24
P2641 2049 4 16 11 3 0 0 0 0 0 0 0 0 0 0 0 0 9 13 7 0 0 4 10 10 0 23 23 8 0 0 0 -999
P2641 2049 5 3 0 2 9 8 4 4 11 15 16 2 2 2 0 0 0 0 0 4 15 60 16 15 21 16 12 14 25 8 0 0
P2641 2049 6 0 0 0 5 14 0 0 0 0 0 0 0 0 0 0 0 0 0 0 0 0 0 0 0 0 0 0 0 0 0 -999
P2641 2049 7 0 5 6 9 6 0 0 0 7 0 0 0 0 0 0 0 0 0 0 0 0 0 0 0 0 0 0 0 0 0 0
P2641 2049 8 0 0 0 0 0 0 0 0 0 0 0 0 0 0 0 0 0 0 0 0 0 0 0 0 0 0 0 0 0 0 0
P2641 2049 9 0 0 0 0 0 0 22 35 40 34 36 14 13 15 0 0 0 0 38 0 18 9 11 2 6 0 0 0 0 0 -999
P2641 2049 10 0 0 0 0 0 6 3 5 0 0 0 3 6 0 0 10 4 0 0 0 25 8 0 11 21 25 16 20 11 14 36
P2641 2049 11 26 19 18 26 21 7 8 7 15 19 93 25 21 20 15 76 29 14 4 0 2 0 0 2 0 0 0 0 0 0 -999
P2641 2049 12 0 10 8 10 5 2 0 0 0 0 0 0 0 0 3 6 13 12 6 9 60 5 0 5 7 5 4 10 26 14 17
P2641 2050 1 17 16 39 43 40 97 8 17 23 70 9 5 3 0 3 6 6 4 0 0 0 15 35 31 15 6 3 0 0 0 0
P2641 2050 2 0 0 0 0 0 0 0 0 0 0 0 0 0 0 0 0 4 0 9 6 10 9 9 6 2 4 0 0 -999 -999 -999
P2641 2050 3 0 13 22 22 72 136 81 37 51 30 63 9 12 7 3 0 5 3 5 2 10 3 4 6 2 2 4 20 7 4 35
P2641 2050 4 20 7 2 0 6 16 17 2 7 9 12 25 26 11 0 0 0 2 0 0 0 0 0 0 0 0 3 2 0 0 -999
P2641 2050 5 2 2 0 9 9 4 3 0 0 0 0 0 0 0 0 0 22 69 84 27 10 14 19 0 0 10 10 13 26 0 0
P2641 2050 6 0 0 14 11 0 0 0 0 0 0 0 0 0 0 10 0 0 0 0 0 0 0 0 0 0 0 0 0 0 0 -999
P2641 2050 7 0 0 0 0 0 0 0 0 0 0 0 0 0 0 0 0 0 0 0 0 0 0 0 0 0 0 0 0 0 0 0
P2641 2050 8 0 0 0 0 0 0 0 0 0 0 0 0 0 0 0 0 0 0 0 0 0 0 0 0 0 0 0 0 0 0 0
P2641 2050 9 0 0 0 0 0 0 0 0 0 0 0 0 0 0 0 0 0 0 0 0 0 0 0 0 0 0 0 0 0 0 -999
P2641 2050 10 6 5 1 0 0 0 0 0 0 0 0 0 0 66 15 0 0 3 3 0 4 11 21 17 10 14 13 2 0 0 3
P2641 2050 11 0 0 0 0 0 11 7 9 7 4 6 6 14 17 0 0 0 0 0 0 0 14 39 31 9 0 9 6 1 2 -999
P2641 2050 12 2 5 7 0 0 0 0 8 3 0 0 0 0 0 0 0 0 1 2 1 0 0 0 0 0 0 0 0 0 0 2
P2641 2051 1 3 0 0 0 0 0 0 0 0 1 0 0 0 3 3 0 0 0 0 0 0 0 0 0 0 0 0 0 18 4 9
P2641 2051 2 10 4 3 9 22 4 0 0 0 0 2 1 0 0 0 0 2 3 0 2 2 3 0 2 4 4 0 0 -999 -999 -999
P2641 2051 3 0 0 0 0 0 0 0 0 3 7 11 10 3 0 12 0 0 39 16 7 5 23 76 0 0 0 0 0 0 0 17
P2641 2051 4 15 14 10 25 0 109 68 30 14 8 11 14 62 13 0 12 4 6 2 5 1 0 5 7 0 0 0 0 0 18 -999
P2641 2051 5 7 0 0 9 47 110 87 0 45 27 23 29 13 2 0 0 0 4 3 2 0 0 41 128 100 51 20 0 0 0 0
P2641 2051 6 0 0 0 0 0 0 0 0 0 0 0 0 0 0 0 0 0 0 0 0 0 0 0 0 0 0 24 0 0 0 -999
P2641 2051 7 0 0 0 0 0 0 0 18 31 19 0 0 0 0 0 0 0 0 0 0 0 0 0 0 0 0 0 0 0 0 0
P2641 2051 8 0 0 0 0 0 0 0 0 0 0 0 0 0 0 0 0 0 0 0 0 0 0 0 0 12 0 0 0 0 0 0
P2641 2051 9 0 0 0 0 0 0 0 0 0 0 0 97 34 0 0 0 0 0 0 0 0 0 0 0 16 44 31 0 0 0 -999
P2641 2051 10 0 0 0 64 31 0 0 0 62 136 114 30 0 0 0 0 0 0 0 0 0 0 0 1 0 0 6 28 35 8 5
P2641 2051 11 6 25 23 10 3 2 0 0 0 0 0 0 0 0 0 4 9 4 0 0 0 0 0 0 2 0 0 7 4 3 -999
P2641 2051 12 0 0 0 2 3 2 0 5 22 4 3 11 9 4 11 69 9 12 2 0 0 0 0 0 0 0 0 0 0 0 0
P2641 2052 1 0 0 0 0 0 0 0 0 2 5 56 0 66 66 11 2 7 28 6 17 44 72 33 10 0 3 28 167 105 18 24
P2641 2052 2 25 65 58 21 13 96 77 18 7 74 80 119 38 15 19 34 13 2 3 7 0 0 0 8 11 2 2 4 -999 -999 -999
P2641 2052 3 0 0 0 0 0 0 0 0 2 0 0 0 0 4 9 18 7 6 15 17 5 0 14 1 0 0 0 0 0 0 0
P2641 2052 4 0 0 0 5 0 2 6 3 0 0 0 0 0 0 0 0 0 0 0 0 0 0 0 0 0 0 0 0 6 10 -999
P2641 2052 5 0 0 0 0 0 21 0 12 14 7 2 10 68 42 15 14 11 10 15 11 0 0 0 0 8 7 0 0 0 7 0
P2641 2052 6 0 0 0 0 56 70 0 0 0 0 0 0 0 0 0 0 0 0 0 0 0 0 0 0 0 0 0 0 0 0 -999
P2641 2052 7 0 0 0 0 0 0 0 0 0 0 0 0 0 0 0 0 0 0 0 0 0 0 0 0 0 0 0 0 0 0 0
P2641 2052 8 28 18 4 0 0 0 0 0 0 0 0 0 0 0 0 0 0 0 0 0 0 0 0 0 0 0 0 0 0 0 0
P2641 2052 9 0 0 0 0 0 0 0 0 0 0 0 0 0 0 0 0 0 0 0 0 0 0 0 0 0 0 0 0 0 0 -999
P2641 2052 10 0 0 0 0 0 0 0 0 0 0 0 0 0 0 13 5 0 0 3 0 0 5 0 0 8 9 0 0 0 0 0
P2641 2052 11 2 11 7 0 0 0 0 0 0 0 0 5 0 0 0 0 0 0 14 11 56 54 90 19 2 0 0 0 2 2 -999
P2641 2052 12 0 0 0 10 13 10 0 0 0 0 0 0 0 6 10 13 13 6 0 0 1 2 0 0 3 3 6 0 0 15 0
P2641 2053 1 0 0 0 0 0 0 0 0 12 7 33 7 14 3 2 1 3 1 3 20 59 33 104 52 55 46 8 2 4 4 34
P2641 2053 2 17 33 29 15 18 8 8 4 3 2 0 0 0 2 1 2 5 6 6 4 6 8 11 16 15 54 52 4 -999 -999 -999
P2641 2053 3 0 0 2 0 0 3 0 0 0 0 0 0 0 0 0 0 0 0 0 0 0 0 0 0 0 2 2 5 5 0 76
P2641 2053 4 23 15 10 9 0 0 0 0 0 4 0 34 41 23 16 9 2 0 0 0 0 0 26 134 149 127 122 106 137 64 -999
P2641 2053 5 0 0 5 0 0 0 0 0 0 0 0 0 0 0 0 0 0 0 0 0 0 0 0 0 0 0 0 0 0 6 6
P2641 2053 6 0 0 0 0 0 0 0 18 53 0 0 0 0 0 0 0 0 87 73 0 0 0 0 0 0 0 0 0 0 0 -999
P2641 2053 7 0 0 0 0 0 0 0 0 0 0 0 0 0 0 0 0 0 0 0 0 0 0 0 0 0 0 0 0 0 0 0
P2641 2053 8 0 0 0 0 0 0 0 0 0 0 0 0 0 0 0 0 0 0 0 0 0 0 0 102 139 93 0 0 0 0 0
P2641 2053 9 0 0 0 0 0 0 0 0 0 0 13 15 11 0 0 52 17 0 19 52 52 64 83 34 0 0 0 50 9 4 -999
P2641 2053 10 4 5 24 24 7 0 0 62 24 12 0 0 0 0 0 0 0 0 0 0 0 0 0 0 0 0 0 0 0 0 0
P2641 2053 11 3 2 3 2 0 7 0 0 0 6 18 6 0 0 10 15 71 6 32 8 7 4 4 5 0 0 0 0 0 0 -999
P2641 2053 12 0 0 0 0 0 0 0 0 0 2 3 34 18 3 8 0 0 3 0 0 0 0 3 13 3 2 0 0 20 19 17
P2641 2054 1 89 6 0 9 5 6 2 0 0 0 0 0 0 0 0 0 7 11 30 14 11 2 0 0 0 0 0 0 0 0 0
P2641 2054 2 0 0 4 3 2 8 7 5 0 0 0 0 0 0 0 0 0 0 0 0 0 1 2 0 0 0 0 0 -999 -999 -999
P2641 2054 3 0 0 0 0 0 0 0 2 2 0 0 0 0 0 2 3 6 0 0 0 0 0 0 1 0 0 3 4 6 0 9
P2641 2054 4 4 0 0 0 4 6 35 3 0 17 2 0 0 0 14 2 2 4 12 24 17 14 14 15 16 21 16 4 0 0 -999
P2641 2054 5 0 0 16 6 0 0 4 9 22 10 6 14 4 1 0 0 0 0 0 0 0 0 0 0 0 0 0 3 0 0 0
P2641 2054 6 0 0 0 0 0 0 0 0 0 0 0 0 0 0 0 0 0 0 0 0 0 0 0 0 0 0 0 0 0 0 -999
P2641 2054 7 0 0 0 0 0 0 0 0 0 0 0 0 0 0 0 18 32 0 0 0 0 0 0 0 0 0 0 0 0 0 0
P2641 2054 8 0 0 0 0 0 0 0 0 0 0 0 0 0 0 0 0 0 0 0 0 0 0 0 0 0 0 0 0 0 0 0
P2641 2054 9 0 0 0 0 0 0 0 0 0 0 0 0 0 0 0 0 0 38 22 0 0 0 36 0 0 19 12 0 6 0 -999
P2641 2054 10 0 0 21 24 0 0 0 21 0 10 12 5 13 5 4 0 0 0 0 0 38 36 6 0 2 0 0 0 2 0 14
P2641 2054 11 35 44 14 7 27 5 3 10 16 14 0 0 0 0 0 0 0 0 0 0 0 0 0 0 0 0 0 3 12 5 -999
P2641 2054 12 6 11 2 0 0 0 0 0 0 0 0 0 12 0 8 0 0 0 0 0 0 0 0 1 0 0 0 0 0 0 0
P2641 2055 1 0 0 0 7 37 21 12 16 27 22 12 44 23 9 76 23 9 11 28 85 71 68 57 14 8 2 0 0 4 3 6
P2641 2055 2 7 3 0 0 0 2 2 2 2 0 0 0 0 0 2 9 4 0 0 0 0 2 0 0 0 0 0 0 -999 -999 -999
P2641 2055 3 0 9 23 18 7 4 9 5 10 50 9 2 5 7 2 0 12 21 0 2 0 0 4 13 6 6 6 0 14 6 0
P2641 2055 4 0 0 0 0 0 0 15 4 0 9 0 0 3 2 2 0 0 0 4 49 110 45 108 138 53 35 33 15 10 5 -999
P2641 2055 5 0 13 24 8 10 45 90 107 20 11 5 14 46 126 105 17 0 0 0 0 2 2 0 0 0 0 0 0 0 29 0
P2641 2055 6 0 0 0 0 25 0 0 0 0 0 0 0 0 0 0 9 4 3 2 0 0 0 0 0 0 0 0 0 0 0 -999
P2641 2055 7 0 0 0 0 0 0 0 0 0 0 0 0 0 0 0 0 0 0 0 0 0 0 0 0 0 0 0 0 0 0 0
P2641 2055 8 0 0 0 0 0 0 0 0 0 0 0 0 0 0 0 0 0 0 0 0 0 0 0 0 0 0 0 0 0 0 0
P2641 2055 9 0 0 0 0 0 0 0 0 0 0 0 0 0 0 0 0 0 0 0 0 0 0 0 0 20 0 0 0 0 0 -999
P2641 2055 10 0 0 0 0 0 0 0 8 3 5 0 0 2 0 2 0 0 0 2 0 0 0 0 12 6 4 0 0 0 0 0
P2641 2055 11 0 6 8 22 0 12 33 20 14 0 0 0 0 0 0 0 0 0 0 0 0 1 2 6 4 0 0 0 0 4 -999
P2641 2055 12 6 21 7 11 0 0 0 0 0 6 8 21 11 2 2 9 0 0 0 9 10 9 0 0 0 0 0 0 0 0 4
P2641 2056 1 2 0 0 0 0 0 28 5 8 10 0 0 0 0 0 0 0 0 0 0 2 2 10 6 11 1 0 3 1 4 2
P2641 2056 2 5 0 0 0 0 0 0 0 0 0 0 0 0 0 0 0 2 0 0 0 0 0 0 0 3 5 0 0 -999 -999 -999
P2641 2056 3 0 10 3 0 0 0 0 0 0 13 6 3 4 0 0 81 13 2 0 0 2 0 0 6 11 65 31 10 6 14 4
P2641 2056 4 0 0 0 0 6 13 15 4 4 0 6 7 0 0 13 30 24 0 0 30 15 33 59 20 12 0 9 26 6 0 -999
P2641 2056 5 6 11 16 14 6 19 22 16 6 0 0 3 2 0 0 0 0 0 0 0 0 0 0 0 35 7 5 2 0 0 0
P2641 2056 6 19 24 0 0 0 0 0 0 0 0 0 0 0 0 0 0 0 0 0 0 0 0 0 0 0 0 0 0 0 0 -999
P2641 2056 7 0 0 0 0 0 0 0 0 0 0 0 0 0 0 0 0 0 0 0 0 0 0 0 0 0 0 0 0 0 0 0
P2641 2056 8 0 0 0 0 0 0 0 0 0 0 0 0 0 0 0 0 0 0 0 0 0 0 0 0 0 0 0 0 0 0 0
P2641 2056 9 0 0 0 0 0 0 0 0 12 36 84 0 0 0 0 0 0 0 0 0 0 0 0 0 0 0 0 0 0 37 -999
P2641 2056 10 0 37 9 0 0 0 0 0 88 85 0 0 0 0 0 0 0 0 0 0 0 0 0 19 33 11 0 0 0 0 0
P2641 2056 11 0 0 0 2 3 3 4 2 0 0 0 0 0 0 0 0 0 0 4 3 0 0 0 0 5 7 44 159 39 15 -999
P2641 2056 12 4 8 28 25 108 61 87 14 0 6 8 5 2 2 7 9 7 7 2 4 13 4 1 0 0 0 0 2 2 0 3
P2641 2057 1 0 0 0 0 0 1 0 2 5 2 0 0 0 0 0 0 0 0 0 0 0 0 0 0 2 5 12 13 28 3 3
P2641 2057 2 0 0 2 2 7 30 8 8 8 7 1 0 0 0 0 0 3 5 8 27 4 9 29 46 33 17 11 10 -999 -999 -999
P2641 2057 3 11 3 5 13 17 15 24 4 0 2 3 0 0 0 0 0 0 0 3 0 0 0 0 0 0 0 2 0 0 0 0
P2641 2057 4 3 2 0 30 78 43 0 13 9 12 31 11 11 13 11 22 29 23 15 14 10 2 0 0 0 0 0 4 5 0 -999
P2641 2057 5 0 0 0 3 0 0 0 3 6 8 8 9 9 7 10 10 12 14 10 3 0 0 0 4 4 0 0 13 11 6 8
P2641 2057 6 4 3 2 0 0 0 0 0 0 0 20 67 0 0 0 0 0 0 0 79 0 0 0 0 0 0 0 0 0 0 -999
P2641 2057 7 0 0 0 0 0 0 0 0 0 0 0 0 0 0 0 0 0 0 0 0 0 0 0 0 0 0 0 0 0 0 0
P2641 2057 8 0 0 0 0 0 0 0 0 0 0 0 0 0 0 0 0 0 0 0 0 0 0 0 0 0 0 0 0 0 0 0
P2641 2057 9 0 0 0 0 0 0 0 82 0 0 0 0 0 0 0 0 0 0 0 0 0 0 0 0 0 0 0 0 0 0 -999
P2641 2057 10 0 0 0 0 0 0 0 0 0 0 0 0 0 47 48 0 0 0 0 0 0 0 0 0 0 0 0 0 0 0 2
P2641 2057 11 3 3 7 31 19 27 0 3 16 15 45 25 9 2 2 3 6 0 0 0 0 0 0 0 0 0 0 0 0 0 -999
P2641 2057 12 0 0 0 0 0 0 0 0 2 2 6 6 11 5 5 5 0 0 0 0 0 0 0 0 0 0 0 0 9 16 4
P2641 2058 1 0 0 0 0 0 0 0 0 2 4 1 0 3 36 5 0 0 5 0 0 0 0 0 0 0 0 2 2 3 2 0
P2641 2058 2 0 1 0 0 0 0 2 0 0 0 0 0 1 0 0 0 0 0 0 0 0 0 0 0 0 0 0 0 -999 -999 -999
P2641 2058 3 0 0 0 0 0 0 0 0 0 0 0 2 0 0 0 0 1 0 0 0 10 6 0 13 14 39 10 0 0 0 0
P2641 2058 4 0 0 0 0 3 6 0 0 0 13 11 13 0 0 0 0 0 0 0 2 2 0 0 0 0 0 0 0 0 0 -999
P2641 2058 5 0 0 0 0 0 0 22 20 5 0 0 0 49 16 0 0 0 0 0 0 0 0 3 3 0 4 8 27 15 12 9
P2641 2058 6 21 0 0 0 0 0 0 0 0 0 0 0 0 0 0 0 0 0 0 0 0 0 0 0 0 0 0 0 0 0 -999
P2641 2058 7 0 0 0 0 0 0 0 0 0 0 0 0 0 0 0 0 0 0 0 0 0 0 0 0 0 0 0 0 0 0 0
P2641 2058 8 0 0 0 0 0 0 0 0 0 0 0 0 0 0 0 0 0 0 0 0 0 0 0 0 0 0 0 0 0 0 0
P2641 2058 9 0 0 0 0 0 0 0 0 0 0 0 0 0 0 0 0 0 0 0 0 0 0 0 0 0 0 0 0 0 0 -999
P2641 2058 10 0 0 0 0 2 0 0 0 0 0 0 0 0 0 0 0 0 0 0 0 0 3 4 4 0 0 0 0 0 0 0
P2641 2058 11 0 0 0 0 0 0 0 3 9 0 0 4 7 10 0 9 3 33 13 72 8 2 0 0 0 2 8 19 16 7 -999
P2641 2058 12 2 10 2 0 0 0 0 0 2 0 0 0 0 0 0 0 2 11 13 5 3 4 0 0 0 1 12 24 2 3 27
P2641 2059 1 5 70 53 47 16 12 0 0 0 0 0 0 0 0 1 1 0 0 0 2 10 2 2 0 4 2 0 0 0 0 0
P2641 2059 2 0 0 0 0 0 0 0 0 0 0 0 0 0 0 2 2 0 0 0 0 0 0 0 0 0 0 0 0 -999 -999 -999
P2641 2059 3 0 0 0 0 0 0 0 0 0 0 3 5 10 13 5 0 0 0 0 0 9 9 5 20 12 57 8 3 12 25 4
P2641 2059 4 0 0 0 0 0 0 0 0 0 0 0 6 5 2 0 0 0 0 0 0 2 2 6 32 25 11 12 65 15 6 -999
P2641 2059 5 0 0 11 48 46 0 11 16 18 18 15 0 0 0 0 0 3 5 8 0 0 0 0 0 0 0 0 0 0 0 0
P2641 2059 6 0 0 0 0 0 17 22 56 0 0 0 0 0 0 0 0 0 0 0 0 0 0 0 0 0 0 0 0 0 0 -999
P2641 2059 7 0 0 0 0 0 0 0 0 0 0 0 0 0 0 0 0 12 0 0 0 0 0 0 0 0 0 0 0 0 0 0
P2641 2059 8 0 0 0 0 0 0 0 0 0 0 0 0 0 0 0 0 0 0 0 0 0 0 0 0 0 0 0 0 0 0 0
P2641 2059 9 0 0 0 0 0 0 0 0 0 0 0 0 0 0 0 0 0 0 0 0 0 0 0 0 9 8 0 0 0 0 -999
P2641 2059 10 0 0 0 0 0 0 0 0 0 0 0 0 0 0 24 13 0 0 0 0 0 6 48 9 3 2 4 13 35 26 3
P2641 2059 11 15 86 64 107 138 60 0 0 0 0 3 0 0 0 23 27 12 5 0 0 0 0 10 12 2 0 2 2 5 2 -999
P2641 2059 12 0 0 0 0 0 0 0 0 0 8 0 0 2 0 7 15 0 0 0 0 0 0 0 0 0 0 3 17 17 3 0
P2641 2060 1 0 3 8 4 5 8 0 0 0 0 1 0 0 0 0 0 0 0 0 0 0 0 0 0 0 0 0 0 0 0 0
P2641 2060 2 0 0 0 0 6 4 6 2 9 12 3 17 3 17 119 24 3 7 5 2 6 3 4 13 54 17 39 6 -999 -999 -999
P2641 2060 3 62 15 9 0 4 28 31 27 3 2 0 0 0 2 2 0 18 21 28 40 111 17 15 2 0 0 0 7 6 0 1
P2641 2060 4 0 0 0 0 0 0 0 0 0 0 0 5 0 0 0 0 0 0 0 0 0 0 0 0 0 0 0 0 0 0 -999
P2641 2060 5 0 0 0 0 0 0 0 0 0 0 0 0 0 0 0 0 0 66 23 5 0 0 0 0 0 0 0 0 86 0 0
P2641 2060 6 56 92 71 39 20 24 66 13 3 0 0 4 3 0 0 0 0 0 10 0 13 0 0 0 0 0 0 0 0 0 -999
P2641 2060 7 0 0 0 0 0 0 0 0 0 0 0 0 0 0 0 0 0 0 0 0 0 0 0 0 0 0 0 0 0 0 0
P2641 2060 8 0 0 0 0 0 0 0 0 0 0 0 0 0 0 0 0 0 0 0 0 0 0 0 0 0 0 0 0 0 0 0
P2641 2060 9 0 0 0 0 0 0 0 0 0 0 0 0 0 0 0 10 12 0 0 0 0 0 0 0 49 92 19 0 0 0 -999
P2641 2060 10 0 0 0 0 0 0 0 0 0 0 0 5 4 8 2 0 0 0 0 0 0 0 0 0 4 0 0 33 22 7 18
P2641 2060 11 22 18 13 0 0 0 0 0 0 0 0 0 1 2 1 0 0 0 3 9 0 0 0 0 0 0 2 2 0 0 -999
P2641 2060 12 0 0 1 2 2 8 2 0 0 3 0 0 0 0 0 0 0 0 0 5 13 1 0 0 0 0 0 0 0 0 0
P2641 2061 1 0 0 0 0 0 0 0 0 0 0 0 0 0 2 2 0 3 5 9 7 4 8 12 5 90 18 30 10 10 10 8
P2641 2061 2 0 0 0 0 0 0 0 0 2 5 11 15 12 7 5 3 2 1 0 5 3 28 14 12 7 13 34 3 -999 -999 -999
P2641 2061 3 29 21 34 46 15 5 3 17 39 7 17 3 4 7 15 11 3 5 18 8 2 2 0 0 0 0 0 0 0 0 0
P2641 2061 4 0 0 0 0 0 10 15 69 132 25 42 53 45 38 19 34 141 78 19 13 2 0 0 0 6 11 16 24 18 0 -999
P2641 2061 5 0 27 16 21 13 11 0 0 0 0 0 10 0 0 5 0 0 0 0 0 0 0 0 0 0 0 0 0 0 0 0
P2641 2061 6 0 71 0 0 0 0 0 0 0 0 0 0 0 0 0 0 0 0 0 0 0 0 0 0 0 0 0 0 0 0 -999
P2641 2061 7 0 0 0 0 0 0 0 0 0 0 0 0 0 0 0 0 0 0 0 0 0 0 0 0 0 0 0 0 0 0 0
P2641 2061 8 0 0 0 0 0 0 0 0 0 0 0 0 0 0 0 0 0 0 0 0 0 0 0 0 0 0 0 0 0 0 0
P2641 2061 9 0 0 0 0 0 0 0 0 0 0 0 0 0 0 0 0 71 54 48 4 0 0 0 0 0 0 0 0 0 0 -999
P2641 2061 10 0 0 0 11 10 28 6 0 15 16 19 0 0 0 0 0 0 0 0 0 0 0 0 0 4 6 9 3 0 3 7
P2641 2061 11 0 0 2 4 5 0 3 4 5 3 0 0 0 0 0 0 0 0 0 0 0 0 0 0 0 0 0 0 0 0 -999
P2641 2061 12 9 16 3 0 0 0 0 0 0 0 0 0 0 0 0 0 0 0 1 0 0 0 0 0 0 0 0 0 0 4 0
P2641 2062 1 0 0 0 0 0 0 11 22 22 20 7 5 3 2 5 11 3 7 1 0 0 0 0 0 0 0 0 2 0 10 23
P2641 2062 2 62 65 27 10 2 3 4 2 3 3 1 0 0 0 0 10 32 48 26 24 44 70 43 21 63 26 28 0 -999 -999 -999
P2641 2062 3 0 0 0 0 0 0 2 0 0 0 0 0 0 6 0 4 0 0 0 0 0 0 0 0 3 21 0 0 0 0 0
P2641 2062 4 0 0 2 1 0 9 4 0 66 0 16 13 0 0 0 0 0 0 0 0 0 8 6 12 7 4 0 0 0 9 -999
P2641 2062 5 19 0 31 7 0 0 0 0 27 0 0 0 0 0 0 0 0 0 8 4 0 0 0 0 0 0 0 10 12 11 2
P2641 2062 6 2 2 2 0 0 0 0 0 0 0 0 0 7 0 0 0 0 0 0 0 0 0 0 0 0 0 0 0 0 0 -999
P2641 2062 7 0 0 0 0 0 0 0 0 0 0 0 0 0 0 0 0 0 0 0 0 0 0 0 0 0 0 0 0 0 0 0
P2641 2062 8 0 0 0 0 0 0 0 0 0 0 0 0 0 0 0 0 0 0 0 0 0 0 0 0 0 0 0 0 0 0 0
P2641 2062 9 0 0 0 0 0 0 0 0 0 0 0 0 0 0 0 0 0 0 0 0 0 0 0 0 0 0 0 0 0 0 -999
P2641 2062 10 0 0 0 0 0 0 0 19 0 0 0 0 0 0 0 0 0 0 0 11 9 5 2 0 10 19 39 97 14 0 0
P2641 2062 11 0 0 2 0 4 7 4 19 16 0 6 4 3 14 2 0 0 0 0 4 4 3 7 6 12 2 2 0 0 0 -999
P2641 2062 12 0 0 0 0 0 0 2 0 13 12 9 0 0 0 0 7 2 0 0 1 2 2 0 0 3 0 0 0 0 2 0
P2641 2063 1 0 0 2 2 2 0 0 0 0 0 0 0 0 0 0 0 0 0 0 0 1 1 0 2 0 0 4 3 2 0 0
P2641 2063 2 0 0 0 0 0 0 11 7 8 2 0 0 0 4 2 0 2 0 0 0 2 6 14 13 0 0 0 8 -999 -999 -999
P2641 2063 3 11 16 31 71 34 0 4 11 14 13 26 8 8 12 78 15 9 0 0 6 9 11 0 144 143 69 21 33 19 9 0
P2641 2063 4 10 13 8 0 0 0 0 0 0 22 27 14 8 0 0 6 21 21 0 0 0 4 3 2 4 0 5 18 18 6 -999
P2641 2063 5 6 0 0 0 0 0 0 0 0 3 11 11 18 21 10 5 3 3 0 0 0 3 2 0 0 0 0 0 0 0 0
P2641 2063 6 0 0 0 0 0 0 0 0 0 0 0 0 0 0 0 0 0 0 0 0 0 0 0 0 0 0 0 0 0 0 -999
P2641 2063 7 0 0 0 0 0 0 0 0 0 0 0 0 0 0 0 0 0 0 0 0 0 0 0 0 0 0 0 0 0 0 0
P2641 2063 8 0 0 0 0 0 0 0 0 0 0 0 0 0 0 0 0 0 0 0 0 0 0 0 0 0 0 0 0 0 0 0
P2641 2063 9 0 0 0 0 0 0 0 0 0 0 0 0 0 0 0 0 0 52 0 0 0 0 0 0 0 0 56 0 0 0 -999
P2641 2063 10 0 0 0 0 56 21 0 0 0 0 6 2 3 3 0 2 0 0 0 16 18 15 6 0 0 0 0 7 8 5 0
P2641 2063 11 0 0 5 9 0 0 0 0 0 0 3 0 0 0 0 0 0 0 0 2 2 0 0 0 16 7 7 3 7 3 -999
P2641 2063 12 3 3 3 0 7 6 0 0 0 0 2 7 0 0 0 0 0 0 0 0 0 0 0 3 2 0 0 0 0 5 0
P2641 2064 1 0 0 0 2 2 2 0 0 0 0 9 17 3 3 2 2 5 62 16 9 69 61 32 20 0 0 2 2 2 1 0
P2641 2064 2 0 0 0 0 0 0 0 0 0 0 0 0 32 72 10 7 9 2 0 0 0 0 0 0 11 70 112 46 -999 -999 -999
P2641 2064 3 8 8 9 33 27 9 0 0 0 0 12 7 0 0 0 2 0 1 2 0 0 0 17 15 6 0 0 0 0 18 16
P2641 2064 4 13 17 21 70 43 19 0 5 2 0 0 0 0 0 0 4 16 7 3 2 2 0 10 110 68 0 0 29 4 0 -999
P2641 2064 5 0 5 3 0 0 0 0 0 0 0 0 0 0 0 2 2 0 0 0 30 0 0 24 21 0 0 0 0 0 0 0
P2641 2064 6 0 0 0 0 0 0 0 0 0 0 0 0 0 0 0 0 0 0 0 0 0 0 0 0 0 0 0 0 0 0 -999
P2641 2064 7 0 0 0 0 0 0 0 0 0 0 0 0 0 0 0 0 0 0 0 0 0 0 0 0 0 0 0 0 0 0 0
P2641 2064 8 0 0 0 0 0 0 0 0 0 0 0 0 0 0 0 0 0 0 0 0 0 0 0 0 0 0 0 0 0 0 0
P2641 2064 9 0 0 0 0 0 0 0 0 0 0 21 0 0 0 0 0 0 0 0 0 0 0 0 0 0 0 0 5 0 0 -999
P2641 2064 10 0 0 0 0 0 0 0 0 0 0 31 41 0 0 0 0 0 0 0 0 0 2 0 2 2 0 0 0 0 0 0
P2641 2064 11 0 0 0 0 0 4 12 11 0 0 0 0 0 0 2 4 0 0 0 0 42 29 28 37 13 0 0 2 4 7 -999
P2641 2064 12 6 0 0 0 0 0 0 0 5 13 7 0 0 0 0 0 0 0 0 4 2 11 0 0 0 0 0 3 3 5 4
P2641 2065 1 3 16 16 12 3 11 120 84 21 100 15 17 4 3 0 0 0 0 0 0 0 0 0 1 0 0 0 0 0 0 0
P2641 2065 2 0 3 4 4 0 0 0 0 0 0 2 0 0 0 0 0 0 0 2 5 4 0 0 0 5 0 0 0 -999 -999 -999
P2641 2065 3 2 0 0 0 0 0 2 1 2 3 0 0 0 0 0 0 4 8 0 0 0 0 0 7 3 47 4 10 4 7 42
P2641 2065 4 16 19 17 12 3 5 0 0 0 0 26 119 110 36 67 49 8 0 0 0 0 0 0 0 10 9 3 0 4 4 -999
P2641 2065 5 2 0 0 2 6 5 10 61 19 13 6 3 0 2 2 3 4 0 0 0 0 0 0 0 0 0 0 0 0 0 3
P2641 2065 6 14 17 6 7 8 5 4 0 3 0 0 11 2 0 0 0 0 0 0 0 13 14 0 0 0 0 0 0 0 0 -999
P2641 2065 7 0 0 0 0 0 0 0 0 0 0 0 0 0 0 0 0 0 0 0 0 0 0 0 0 0 0 0 0 0 0 0
P2641 2065 8 0 0 0 0 0 0 0 0 0 0 0 0 0 0 0 0 0 0 0 0 0 0 0 0 0 0 0 0 0 0 0
P2641 2065 9 0 0 0 0 0 0 0 0 0 0 0 0 0 0 0 0 0 0 0 21 106 93 67 71 18 0 0 13 0 0 -999
P2641 2065 10 0 0 0 0 0 0 0 0 3 14 27 6 0 0 0 0 5 14 13 0 0 0 0 0 0 0 0 0 0 0 0
P2641 2065 11 0 0 0 0 7 9 0 0 2 0 0 0 0 0 0 0 0 0 0 0 0 0 0 0 0 2 2 0 0 0 -999
P2641 2065 12 0 0 0 0 0 0 0 0 0 2 4 8 0 0 0 0 0 0 0 6 12 9 60 17 6 3 2 3 2 0 0
P2641 2066 1 0 0 0 0 4 0 0 0 0 4 5 0 0 0 3 10 11 0 0 0 0 0 0 0 0 0 0 0 0 0 0
P2641 2066 2 0 0 0 0 2 3 2 5 5 0 0 0 0 0 0 0 2 26 13 5 0 0 0 7 0 10 2 4 -999 -999 -999
P2641 2066 3 72 21 26 24 50 20 20 21 63 17 3 3 0 5 5 6 3 3 5 29 35 17 6 0 5 0 0 2 4 8 12
P2641 2066 4 0 0 0 0 0 0 22 42 14 0 0 0 0 0 0 3 4 4 4 4 0 0 0 0 0 0 0 0 0 0 -999
P2641 2066 5 0 0 0 0 0 0 0 0 0 0 0 0 0 0 0 0 0 5 5 0 0 25 21 0 83 0 0 0 0 13 18
P2641 2066 6 27 0 0 0 0 0 0 0 5 0 0 0 0 0 0 0 0 0 0 0 0 0 0 0 0 0 0 0 0 0 -999
P2641 2066 7 0 0 0 0 0 0 0 0 0 0 0 0 0 0 0 0 0 0 0 0 0 0 0 0 0 0 0 0 0 0 0
P2641 2066 8 0 0 0 0 0 0 0 0 0 0 0 0 0 0 0 0 0 0 0 0 0 0 0 0 0 0 0 0 0 0 0
P2641 2066 9 0 0 0 0 0 0 0 0 0 0 0 0 0 0 0 0 0 0 0 0 0 0 0 0 0 0 0 0 0 0 -999
P2641 2066 10 0 0 0 0 0 0 0 0 0 0 0 0 35 15 4 13 4 3 3 0 0 0 14 24 49 28 24 12 8 5 16
P2641 2066 11 15 9 4 0 0 49 57 70 44 39 9 5 0 0 0 0 2 6 15 32 9 23 0 0 0 3 20 17 15 20 -999
P2641 2066 12 27 78 39 20 0 0 0 0 2 3 2 7 25 43 11 3 6 6 1 0 0 0 5 7 4 5 4 8 8 10 11
P2641 2067 1 8 16 51 120 41 25 29 102 33 13 14 12 64 59 17 16 15 52 26 6 0 7 17 17 14 16 16 6 42 73 14
P2641 2067 2 15 14 13 12 0 0 0 3 6 4 7 13 5 0 0 0 0 0 6 14 16 13 7 2 0 3 5 2 -999 -999 -999
P2641 2067 3 0 0 3 2 0 0 0 0 0 0 0 0 2 0 0 0 0 0 0 0 0 0 0 4 3 3 5 31 8 6 0
P2641 2067 4 0 0 0 0 0 0 9 29 19 4 0 0 3 11 16 26 10 4 5 12 13 0 0 0 6 11 7 4 2 2 -999
P2641 2067 5 0 0 0 0 0 58 33 8 34 28 14 12 15 15 11 0 0 3 9 24 17 9 0 0 0 0 0 0 0 0 0
P2641 2067 6 0 0 0 0 0 0 0 113 77 0 0 0 0 0 0 0 0 0 0 0 0 0 0 0 0 0 0 0 0 0 -999
P2641 2067 7 0 0 0 0 0 0 0 0 0 0 0 0 0 0 0 0 0 0 0 0 0 0 0 0 0 0 0 0 0 0 0
P2641 2067 8 0 0 0 0 0 0 0 0 0 0 0 0 0 0 0 0 0 0 0 0 0 0 0 0 0 0 0 0 0 0 0
P2641 2067 9 0 0 0 0 0 0 0 0 0 0 0 0 0 0 0 0 0 0 0 0 0 0 0 0 58 0 46 54 0 0 -999
P2641 2067 10 0 0 0 0 0 0 49 91 25 5 3 0 0 0 0 0 0 0 0 0 0 0 0 0 0 0 0 0 0 0 4
P2641 2067 11 4 3 10 12 3 5 26 19 12 8 0 3 4 0 2 3 0 3 21 2 0 6 0 0 2 5 4 0 0 0 -999
P2641 2067 12 0 0 0 3 7 8 2 0 3 4 9 45 2 2 0 0 0 0 0 2 2 2 1 0 0 0 0 0 0 0 0
P2641 2068 1 0 0 0 0 0 0 0 0 0 3 6 0 0 0 0 0 0 3 5 3 6 10 11 10 3 5 1 1 3 3 6
P2641 2068 2 1 0 0 0 0 2 4 14 31 19 4 11 24 7 66 23 17 0 0 0 0 0 0 5 15 4 0 0 -999 -999 -999
P2641 2068 3 0 0 0 3 4 14 13 16 68 130 9 7 2 0 0 17 6 0 0 13 0 0 0 4 0 0 0 0 0 0 0
P2641 2068 4 0 0 0 0 4 5 0 0 0 0 0 0 0 0 0 0 0 0 0 0 0 4 3 3 2 0 0 4 2 0 -999
P2641 2068 5 0 0 0 29 131 138 35 3 3 3 0 17 17 11 10 8 4 7 8 12 7 0 0 0 3 0 0 0 0 32 0
P2641 2068 6 0 0 0 0 0 0 0 0 0 0 0 0 0 0 0 0 0 0 0 0 0 0 0 0 0 0 0 0 0 0 -999
P2641 2068 7 0 0 0 0 0 0 0 0 0 0 0 0 0 0 0 0 0 0 0 0 0 0 0 0 0 0 0 0 0 0 0
P2641 2068 8 0 0 0 0 0 0 0 0 0 0 0 0 0 0 0 0 0 0 0 0 0 0 0 0 0 7 0 0 0 0 0
P2641 2068 9 0 0 0 0 0 0 0 0 0 0 0 0 0 0 0 0 0 0 32 65 55 45 12 9 34 0 17 11 15 14 -999
P2641 2068 10 0 39 27 5 0 0 0 2 0 0 0 0 17 20 0 0 0 0 3 4 0 0 17 6 4 0 0 0 0 2 2
P2641 2068 11 0 0 0 0 0 0 4 0 0 0 0 0 0 0 0 8 2 2 0 0 3 33 5 6 3 0 0 52 28 10 -999
P2641 2068 12 0 0 3 0 31 18 2 0 0 1 2 0 0 0 7 12 26 45 5 0 0 0 0 0 0 0 8 0 0 0 0
P2641 2069 1 0 0 0 0 0 0 2 2 9 39 24 13 4 3 0 0 0 0 0 0 0 6 5 10 10 9 7 3 20 84 110
P2641 2069 2 97 19 14 0 24 14 9 3 6 22 17 10 4 5 0 0 0 0 0 0 0 0 0 0 0 0 0 0 -999 -999 -999
P2641 2069 3 8 20 4 6 9 11 9 16 4 8 14 8 2 0 0 0 0 0 0 0 0 0 0 0 2 0 0 10 14 3 0
P2641 2069 4 0 0 0 0 0 0 16 22 13 11 69 44 7 9 6 25 6 0 10 4 3 0 0 0 0 0 0 7 19 40 -999
P2641 2069 5 16 12 3 0 0 6 13 13 2 2 0 0 0 0 0 0 0 0 4 8 4 0 0 0 7 12 0 0 5 0 0
P2641 2069 6 0 0 10 0 0 0 0 0 0 0 0 0 0 0 0 0 0 0 0 0 0 0 0 0 0 0 0 0 0 0 -999
P2641 2069 7 0 0 0 0 0 0 0 0 0 0 0 0 0 0 0 0 0 0 0 0 0 0 0 0 0 0 0 0 0 0 0
P2641 2069 8 0 0 0 0 0 0 0 0 0 0 0 0 0 0 0 0 0 0 0 0 0 0 0 0 0 0 0 0 0 0 0
P2641 2069 9 0 0 0 0 0 0 0 0 0 0 0 0 0 0 0 0 0 0 0 0 0 0 0 0 0 0 0 7 8 0 -999
P2641 2069 10 11 0 16 7 13 0 0 0 0 0 0 0 0 0 0 0 3 1 0 0 6 11 16 12 9 4 4 0 0 0 0
P2641 2069 11 20 16 8 0 0 0 0 0 6 24 109 140 96 70 10 5 17 0 0 0 10 0 0 3 3 4 8 16 54 5 -999
P2641 2069 12 0 2 6 24 30 67 15 6 0 0 0 0 1 0 0 0 0 0 0 0 0 0 3 4 0 0 0 2 7 2 0
P2641 2070 1 9 4 2 0 7 8 2 0 6 2 0 0 0 0 0 0 0 0 4 11 7 8 24 21 14 9 17 5 0 13 41
P2641 2070 2 39 65 35 4 1 1 0 2 7 20 12 12 9 28 45 50 23 7 0 0 0 0 12 9 10 7 19 2 -999 -999 -999
P2641 2070 3 5 0 2 0 0 0 3 8 47 64 44 21 14 14 0 0 0 0 3 3 6 19 8 0 43 11 0 0 0 0 0
P2641 2070 4 14 34 13 0 5 4 14 18 7 2 3 8 2 3 18 4 7 2 2 0 4 11 15 13 7 3 3 10 7 3 -999
P2641 2070 5 0 0 0 0 8 4 7 5 0 0 0 0 7 77 12 4 0 0 0 0 0 0 0 0 0 0 0 0 14 0 125
P2641 2070 6 131 0 0 0 0 0 0 0 0 0 0 0 0 54 39 0 0 0 0 0 0 0 0 0 0 0 0 0 0 0 -999
P2641 2070 7 0 0 0 0 0 0 0 0 0 0 0 0 0 0 0 0 0 0 0 0 0 0 0 0 0 0 0 0 0 0 0
P2641 2070 8 0 0 0 0 0 0 0 0 0 0 0 0 0 0 0 0 0 0 0 0 0 0 0 0 0 0 0 0 0 0 0
P2641 2070 9 0 0 0 0 0 0 10 0 0 0 0 0 0 0 0 0 0 0 0 0 0 0 0 0 0 45 0 0 0 28 -999
P2641 2070 10 30 44 88 0 0 0 26 87 46 37 62 64 32 6 6 12 0 0 17 47 5 15 5 1 0 0 0 0 0 0 30
P2641 2070 11 113 92 31 3 2 0 2 4 10 4 6 11 8 5 0 0 2 4 0 0 2 5 4 2 0 0 0 0 0 0 -999
P2641 2070 12 0 0 0 0 0 0 0 0 0 0 0 3 3 2 0 0 0 0 0 0 0 9 2 0 0 0 0 11 22 11 0
P2641 2071 1 0 0 0 11 11 9 0 0 10 13 17 9 7 6 54 41 96 71 30 16 7 2 8 5 5 1 0 0 0 0 18
P2641 2071 2 4 0 0 0 7 11 6 0 0 0 0 1 0 0 0 0 0 0 0 2 3 2 0 0 2 9 22 0 -999 -999 -999
P2641 2071 3 0 0 0 0 0 0 0 0 0 8 4 0 0 0 4 4 7 0 9 0 0 0 0 0 20 3 0 0 0 3 3
P2641 2071 4 8 6 3 11 13 0 0 0 0 0 0 0 0 0 0 0 0 0 0 0 20 7 16 21 0 0 0 0 0 0 -999
P2641 2071 5 0 0 0 0 0 0 0 0 0 0 0 0 0 0 13 2 0 0 11 14 20 36 15 0 0 0 0 0 0 0 0
P2641 2071 6 0 27 29 13 11 44 37 5 0 0 0 0 0 0 0 0 0 0 0 0 0 0 0 0 0 0 0 0 0 0 -999
P2641 2071 7 0 0 0 0 0 0 0 0 0 0 0 0 0 0 0 0 0 0 0 0 0 0 0 0 0 0 0 0 0 0 0
P2641 2071 8 0 0 0 0 0 0 0 0 0 0 0 0 0 0 0 0 0 0 0 0 0 0 0 0 0 0 0 0 0 0 0
P2641 2071 9 0 0 0 0 0 0 0 0 0 0 0 0 0 0 0 0 0 0 0 0 0 0 0 0 0 0 0 0 0 0 -999
P2641 2071 10 0 0 0 0 0 0 0 0 7 18 13 9 0 0 0 0 0 0 0 0 0 0 0 0 0 0 0 0 0 0 0
P2641 2071 11 0 4 0 0 0 0 4 13 38 15 13 13 0 0 0 0 2 2 0 0 0 0 0 0 0 3 4 2 0 0 -999
P2641 2071 12 0 0 0 0 0 8 3 3 0 0 0 0 0 0 0 0 0 0 7 0 0 0 0 0 0 0 0 0 0 0 0
P2641 2072 1 0 0 0 0 0 1 3 7 0 11 16 14 5 0 0 1 0 0 0 0 0 12 19 4 0 0 4 11 48 18 12
P2641 2072 2 0 0 2 5 4 3 0 3 0 8 10 15 22 32 16 34 67 56 38 37 111 92 69 10 1 0 2 2 -999 -999 -999
P2641 2072 3 0 0 0 0 12 10 6 9 4 0 0 2 0 0 0 0 0 0 14 24 26 0 35 14 7 0 0 145 109 3 0
P2641 2072 4 0 0 0 0 15 108 17 51 22 13 5 2 0 23 125 34 10 5 18 63 86 100 130 68 26 0 0 0 77 27 -999
P2641 2072 5 31 0 0 52 0 0 12 12 25 55 9 4 1 0 0 0 4 4 4 0 0 0 0 0 0 0 0 4 6 13 25
P2641 2072 6 13 18 69 16 3 0 0 32 19 0 0 0 0 0 0 0 0 0 0 0 0 0 0 0 0 0 0 0 0 0 -999
P2641 2072 7 0 0 0 0 0 0 0 0 0 0 0 0 0 0 0 0 0 0 0 0 0 0 0 0 0 0 0 0 0 0 0
P2641 2072 8 0 0 0 0 0 0 0 0 0 0 0 0 0 0 0 0 0 0 0 0 0 0 0 0 0 0 0 0 0 0 0
P2641 2072 9 0 0 0 0 0 0 0 0 0 0 0 0 0 0 0 0 0 0 0 19 0 0 0 0 0 0 0 0 0 0 -999
P2641 2072 10 0 0 0 0 0 0 8 0 0 0 0 0 0 0 9 15 39 17 5 0 0 0 0 6 7 9 0 0 0 6 7
P2641 2072 11 0 0 0 0 15 12 20 19 25 75 59 17 3 4 26 70 27 0 0 0 0 0 4 8 6 5 77 6 12 8 -999
P2641 2072 12 0 0 0 0 0 2 4 5 0 0 0 0 0 0 0 0 0 0 0 0 0 0 0 0 0 0 0 0 0 10 2
P2641 2073 1 0 0 0 0 0 2 2 0 0 0 0 0 6 0 0 0 0 0 0 0 0 0 0 0 0 0 0 0 0 0 0
P2641 2073 2 0 0 2 3 6 0 0 0 7 50 45 18 23 7 29 7 17 10 9 0 0 0 0 0 0 0 0 0 -999 -999 -999
P2641 2073 3 0 0 0 0 0 0 0 0 5 4 3 2 0 0 2 0 0 0 3 8 4 6 3 0 0 0 0 0 2 2 0
P2641 2073 4 0 0 0 0 0 0 0 0 0 6 5 3 5 36 107 75 21 0 7 0 0 0 3 13 13 3 2 0 0 0 -999
P2641 2073 5 0 0 0 0 0 0 0 0 0 0 0 0 0 0 0 8 9 6 18 12 4 0 4 12 3 0 0 2 0 0 0
P2641 2073 6 0 0 0 0 0 0 0 0 0 0 0 0 0 0 0 0 0 0 0 0 0 0 0 0 0 0 0 0 0 0 -999
P2641 2073 7 0 0 0 0 0 0 0 0 0 0 0 0 0 0 0 0 0 0 0 0 0 0 0 0 0 0 0 0 0 0 0
P2641 2073 8 0 0 0 0 0 0 0 0 0 0 0 0 0 0 0 0 0 0 96 0 0 0 0 0 0 0 0 0 0 0 0
P2641 2073 9 0 0 0 35 0 13 11 0 0 0 0 6 6 0 0 0 0 0 0 0 0 0 0 0 0 0 0 14 11 0 -999
P2641 2073 10 0 0 0 0 0 0 0 24 3 4 5 0 0 0 0 0 0 0 5 3 0 0 0 0 0 0 0 12 0 10 9
P2641 2073 11 11 3 3 0 0 0 26 53 56 16 37 3 7 9 0 0 0 10 3 2 4 2 3 12 6 9 10 7 9 6 -999
P2641 2073 12 15 19 7 8 2 4 2 0 0 0 0 0 0 0 0 0 0 2 0 3 0 7 0 0 2 2 0 0 0 0 0
P2641 2074 1 0 0 0 0 0 0 0 0 0 0 0 0 0 0 0 0 0 2 3 5 3 0 0 0 0 2 1 1 2 3 2
P2641 2074 2 0 0 0 0 0 0 2 2 3 3 0 0 0 0 0 0 0 0 0 0 2 0 0 0 0 0 3 7 -999 -999 -999
P2641 2074 3 3 6 3 0 0 0 0 0 0 0 0 0 0 0 0 0 0 0 0 0 0 0 0 0 0 0 0 0 0 0 3
P2641 2074 4 16 8 0 0 0 0 0 0 0 0 0 0 0 0 0 0 0 0 0 0 0 0 0 0 0 11 6 0 0 0 -999
P2641 2074 5 0 5 0 25 30 29 21 12 18 98 75 18 13 0 4 0 0 0 0 10 11 3 0 0 0 0 0 0 0 0 0
P2641 2074 6 0 0 0 0 0 0 0 0 0 0 0 0 0 0 0 0 0 0 11 0 0 0 0 0 0 0 0 0 0 0 -999
P2641 2074 7 0 0 40 0 0 0 0 0 0 0 0 0 0 0 0 0 0 0 0 0 0 0 0 0 0 0 0 0 0 0 0
P2641 2074 8 0 0 0 0 0 0 0 0 0 0 0 0 0 0 0 0 0 0 0 0 0 0 0 0 0 0 0 0 0 0 0
P2641 2074 9 0 0 0 0 0 0 0 0 0 0 0 0 0 0 0 0 0 0 0 0 0 0 0 4 3 5 3 0 0 0 -999
P2641 2074 10 0 0 5 0 0 0 0 0 13 14 0 0 0 0 0 0 0 0 7 0 0 0 0 0 0 0 0 0 11 0 0
P2641 2074 11 0 0 0 0 0 0 0 0 0 8 9 30 0 0 0 0 3 18 33 65 146 78 4 3 15 11 8 7 3 3 -999
P2641 2074 12 0 0 9 8 13 11 0 0 0 0 0 2 3 92 45 108 41 7 7 0 4 6 6 3 7 15 24 26 77 98 12
P2641 2075 1 67 246 31 50 22 6 1 5 14 3 2 0 2 1 2 0 0 0 0 0 0 0 0 0 0 8 4 0 2 3 3
P2641 2075 2 8 0 0 0 2 19 6 5 2 0 3 7 4 2 2 8 4 3 5 4 74 16 3 1 0 0 0 0 -999 -999 -999
P2641 2075 3 0 0 0 15 117 88 19 7 14 107 3 3 21 13 5 0 0 3 32 9 4 10 16 14 7 4 5 3 3 3 18
P2641 2075 4 6 1 2 0 0 0 0 0 1 0 0 0 0 0 0 0 0 0 0 2 0 0 0 0 0 0 0 122 113 79 -999
P2641 2075 5 72 131 107 20 14 19 17 10 3 2 3 21 20 14 11 6 8 15 15 16 14 11 0 0 0 0 0 0 0 0 0
P2641 2075 6 0 0 0 0 0 0 0 0 0 0 0 0 0 0 0 0 0 0 0 0 0 0 0 0 0 0 0 0 0 0 -999
P2641 2075 7 0 0 0 0 0 0 0 0 0 0 0 0 0 29 67 0 0 0 0 0 0 0 0 0 0 0 0 0 0 0 0
P2641 2075 8 0 0 0 0 0 0 0 0 0 0 0 0 0 0 0 0 0 0 0 0 0 0 0 0 0 0 0 0 0 0 0
P2641 2075 9 0 0 0 0 0 0 0 0 0 0 0 0 0 0 0 0 0 0 0 0 0 0 0 0 0 0 57 0 0 0 -999
P2641 2075 10 0 0 12 8 0 0 0 0 2 0 0 0 0 0 0 0 0 9 40 22 3 0 0 0 0 0 0 8 6 9 0
P2641 2075 11 5 0 13 18 12 3 34 16 21 6 0 4 8 16 0 0 6 3 0 0 0 0 0 0 0 0 6 3 2 0 -999
P2641 2075 12 0 0 0 3 1 2 4 8 20 7 0 4 11 0 0 0 0 0 0 0 0 0 2 0 0 2 2 3 0 0 0
P2641 2076 1 0 0 0 0 0 0 0 0 0 0 0 0 0 0 0 1 0 0 0 0 0 0 0 0 0 0 0 5 15 2 0
P2641 2076 2 0 0 0 0 0 0 0 0 12 2 0 0 0 0 0 0 0 0 2 1 1 0 0 0 0 0 0 0 -999 -999 -999
P2641 2076 3 0 0 0 0 0 2 6 7 37 55 15 0 0 19 8 8 14 21 3 0 0 0 0 0 0 0 0 0 0 0 0
P2641 2076 4 0 5 5 37 16 0 0 0 0 0 0 10 2 0 0 4 0 0 29 120 137 114 103 44 0 0 13 17 10 5 -999
P2641 2076 5 13 18 13 4 3 0 0 0 0 0 0 0 6 17 9 0 0 10 17 28 10 8 6 0 0 18 20 15 10 3 2
P2641 2076 6 12 26 13 0 0 0 0 5 0 0 0 0 0 0 0 0 0 0 0 0 0 0 3 0 4 0 0 8 0 0 -999
P2641 2076 7 0 0 0 0 0 0 0 0 0 0 0 0 0 0 0 0 0 0 0 0 0 0 0 0 0 0 0 0 0 0 0
P2641 2076 8 0 0 0 0 0 0 0 0 0 0 0 0 0 0 0 0 0 0 0 0 0 0 0 0 0 0 0 0 0 0 0
P2641 2076 9 0 0 0 0 0 0 0 0 0 0 0 0 0 0 0 0 14 0 0 0 0 0 48 0 0 0 62 25 10 0 -999
P2641 2076 10 0 0 0 0 0 0 0 0 0 0 0 47 78 93 49 2 0 8 0 0 0 2 5 3 0 0 0 0 0 0 0
P2641 2076 11 0 0 0 0 0 0 0 0 0 13 7 9 6 8 11 40 145 23 2 0 0 0 0 6 2 0 0 0 0 0 -999
P2641 2076 12 0 0 0 0 0 0 0 0 2 0 0 0 0 0 0 1 6 21 0 0 0 0 0 0 0 0 0 0 0 0 1
P2641 2077 1 2 0 0 0 0 0 0 0 0 0 0 0 2 9 9 0 0 0 2 13 75 22 21 19 12 0 10 4 0 1 0
P2641 2077 2 0 0 0 0 4 17 7 0 0 0 3 3 4 2 2 2 2 0 0 0 0 0 0 0 0 0 0 0 -999 -999 -999
P2641 2077 3 0 0 0 0 0 5 6 0 0 15 15 3 9 13 9 118 87 146 17 7 11 10 0 0 0 5 3 0 0 2 2
P2641 2077 4 9 0 0 0 0 0 0 5 8 0 0 0 0 0 0 0 0 0 0 0 0 0 0 0 0 5 7 4 0 0 -999
P2641 2077 5 0 0 0 0 16 47 104 54 10 7 7 0 0 0 0 0 0 0 0 0 0 0 67 79 63 80 34 0 0 0 0
P2641 2077 6 0 0 11 0 0 0 0 0 0 0 10 7 8 13 11 0 0 0 0 0 0 0 0 0 0 0 0 0 0 0 -999
P2641 2077 7 0 0 0 0 0 0 0 0 0 0 0 0 0 0 0 0 0 0 0 0 0 0 0 0 0 0 0 0 0 0 0
P2641 2077 8 0 0 0 0 0 0 0 0 0 0 0 0 0 0 0 0 0 0 0 0 0 0 0 0 0 0 0 0 0 0 0
P2641 2077 9 0 0 0 0 0 0 0 0 0 0 0 0 0 0 0 0 0 0 0 0 0 0 0 0 0 0 0 0 0 0 -999
P2641 2077 10 0 0 0 0 0 0 0 0 0 0 0 0 0 0 4 0 0 0 0 0 0 35 8 1 0 0 0 3 0 0 0
P2641 2077 11 0 0 13 26 95 10 23 26 12 12 10 10 24 49 32 29 3 7 2 0 0 17 41 48 13 0 61 10 5 0 -999
P2641 2077 12 0 0 0 0 0 0 0 1 2 6 33 11 0 10 9 2 6 53 50 33 14 4 2 11 48 24 66 4 2 2 0
P2641 2078 1 0 6 4 2 0 7 0 8 3 7 0 0 0 0 0 0 0 0 0 0 0 2 16 9 0 0 0 0 0 0 0
P2641 2078 2 0 0 2 0 2 9 10 2 0 0 5 3 4 2 6 0 2 2 0 0 2 2 2 2 0 2 0 8 -999 -999 -999
P2641 2078 3 66 114 91 12 0 4 4 3 0 15 55 8 5 11 3 0 0 0 0 0 0 0 0 0 0 0 6 0 0 15 3
P2641 2078 4 0 19 4 17 15 23 14 8 3 0 0 0 7 11 15 16 53 114 16 12 0 0 0 0 2 2 0 6 46 8 -999
P2641 2078 5 6 8 0 6 5 3 2 2 0 0 0 24 82 41 12 13 20 7 0 0 0 0 0 0 0 0 0 0 0 0 0
P2641 2078 6 0 0 0 0 0 0 0 0 0 0 0 0 0 0 0 0 0 0 0 0 0 0 0 0 0 0 0 0 0 0 -999
P2641 2078 7 0 0 0 0 0 0 0 0 0 0 0 0 0 0 0 0 0 0 0 0 0 0 0 0 0 0 0 0 0 0 0
P2641 2078 8 0 0 0 0 0 0 0 0 0 0 0 0 0 0 0 0 0 0 0 0 0 0 0 0 0 0 0 0 0 10 0
P2641 2078 9 0 0 26 16 0 0 0 0 0 0 0 0 0 0 0 0 0 0 0 0 0 0 0 0 0 0 0 0 0 0 -999
P2641 2078 10 0 0 0 0 0 0 0 0 0 0 0 0 0 0 0 0 0 0 0 0 0 0 0 8 13 0 0 0 0 10 37
P2641 2078 11 75 95 97 18 3 0 0 0 0 0 0 0 0 0 0 0 0 0 0 0 0 0 0 2 3 0 0 21 3 7 -999
P2641 2078 12 0 0 0 0 0 0 0 0 0 0 0 0 0 0 6 15 14 11 0 0 0 0 0 0 3 5 12 13 4 2 23
P2641 2079 1 6 2 0 2 2 2 8 3 0 0 0 0 0 0 0 0 0 0 0 0 0 0 0 0 3 6 3 2 0 0 0
P2641 2079 2 0 0 0 0 12 13 3 7 3 2 10 32 55 28 8 5 4 0 8 19 37 9 45 22 15 50 82 16 -999 -999 -999
P2641 2079 3 7 22 7 0 0 0 0 2 8 4 4 5 0 0 10 3 0 6 11 22 79 18 10 6 4 5 7 6 5 5 31
P2641 2079 4 140 115 19 11 17 18 24 31 7 0 0 0 0 0 0 0 0 0 0 2 2 0 0 0 0 4 5 4 0 8 -999
P2641 2079 5 18 4 3 0 0 0 0 0 0 0 0 18 0 0 95 110 0 0 0 0 0 0 0 0 0 0 0 0 0 0 0
P2641 2079 6 0 0 0 0 0 0 0 0 0 0 0 0 0 0 0 0 0 0 0 0 0 0 0 0 0 0 0 0 0 0 -999
P2641 2079 7 0 0 0 0 0 0 0 0 0 0 0 0 0 0 0 0 0 0 0 0 0 0 0 0 0 0 0 0 0 0 0
P2641 2079 8 0 0 0 0 0 0 0 0 0 0 0 0 0 0 0 0 0 0 0 0 0 0 0 0 0 0 0 0 0 0 0
P2641 2079 9 0 0 0 0 0 0 0 0 0 0 0 0 0 0 0 0 0 0 0 0 0 0 0 0 0 0 0 0 0 0 -999
P2641 2079 10 31 0 0 0 0 0 0 10 0 0 0 0 0 0 9 0 0 26 35 12 7 5 0 0 0 0 0 0 0 0 0
P2641 2079 11 0 2 3 0 4 0 0 0 0 0 0 0 0 0 0 0 0 0 0 0 0 0 2 0 0 10 6 1 2 10 -999
P2641 2079 12 3 0 0 0 3 3 6 23 10 6 8 0 0 0 5 18 30 8 11 3 2 0 0 0 0 0 0 1 0 0 0
P2641 2080 1 0 0 0 0 0 0 0 0 0 0 0 4 1 5 11 0 0 0 5 14 15 15 21 8 7 0 0 0 4 0 0
P2641 2080 2 0 0 0 0 1 0 0 0 0 0 12 15 16 2 0 0 0 5 0 0 4 11 14 13 0 0 0 0 -999 -999 -999
P2641 2080 3 0 0 0 0 0 0 0 0 4 0 0 0 0 0 0 0 0 0 0 0 0 0 2 0 0 0 0 2 8 5 0
P2641 2080 4 24 0 6 11 22 32 18 86 17 2 2 3 4 6 4 7 15 7 9 4 2 3 0 6 18 35 14 8 5 16 -999
P2641 2080 5 107 131 8 3 0 0 0 0 0 0 0 0 0 0 0 0 38 23 0 0 0 0 0 4 0 0 0 0 28 59 16
P2641 2080 6 0 0 14 6 0 0 4 8 5 0 0 0 0 13 13 0 0 0 0 0 0 0 0 0 0 0 0 0 0 0 -999
P2641 2080 7 0 0 0 0 0 0 0 0 0 0 0 0 0 0 0 0 0 0 0 0 0 0 0 0 0 0 0 0 0 0 0
P2641 2080 8 0 0 0 0 0 0 0 0 0 0 0 0 0 0 0 0 0 0 0 0 0 0 0 5 5 0 0 0 0 0 0
P2641 2080 9 0 0 0 0 0 0 0 0 0 0 103 0 0 0 0 0 0 0 0 0 0 0 23 32 12 4 13 0 0 0 -999
P2641 2080 10 0 0 0 0 0 0 0 0 0 0 0 5 2 0 0 0 5 0 0 0 0 0 0 8 7 19 15 0 0 0 0
P2641 2080 11 0 0 0 0 4 5 3 0 0 19 14 9 0 0 0 0 2 0 0 0 0 0 0 0 0 0 0 4 2 0 -999
P2641 2080 12 0 0 0 0 0 0 0 4 0 2 12 51 15 2 0 0 0 0 0 0 0 0 8 95 32 75 15 6 3 0 0
P2641 2081 1 0 0 12 0 0 0 0 0 0 0 0 0 0 0 0 0 0 2 4 26 48 36 0 0 3 3 0 0 0 2 0
P2641 2081 2 4 11 30 20 9 9 0 0 0 0 0 0 0 0 0 0 0 6 4 12 8 8 2 2 0 0 3 0 -999 -999 -999
P2641 2081 3 0 0 0 0 0 0 0 0 0 0 0 10 13 19 42 12 87 5 6 3 6 42 63 2 19 26 46 18 13 0 73
P2641 2081 4 15 9 0 4 9 0 0 0 0 0 0 0 0 0 0 0 0 0 0 0 0 12 18 38 0 0 17 7 4 6 -999
P2641 2081 5 8 5 0 0 0 0 4 4 0 3 0 0 0 0 0 0 0 0 0 0 0 0 0 0 7 0 7 28 12 8 0
P2641 2081 6 0 0 0 0 0 11 71 31 9 29 28 3 0 11 0 0 0 0 0 0 8 0 0 0 0 0 0 0 0 0 -999
P2641 2081 7 0 0 0 0 0 0 0 0 0 0 0 0 0 0 0 0 0 0 0 0 0 0 0 0 0 0 0 0 0 0 0
P2641 2081 8 0 0 0 0 0 0 0 0 0 0 0 0 0 0 0 0 0 0 0 0 0 0 0 0 0 0 0 0 0 0 0
P2641 2081 9 0 0 0 0 0 0 0 0 0 0 0 0 0 0 0 0 0 0 0 0 0 0 0 0 0 0 0 0 0 0 -999
P2641 2081 10 0 0 9 7 0 0 0 0 0 37 144 88 18 5 7 19 123 137 25 12 12 0 0 0 0 0 0 0 0 0 7
P2641 2081 11 0 0 30 51 23 0 0 0 0 9 21 4 0 0 3 5 6 12 5 34 20 7 7 2 0 0 0 0 5 4 -999
P2641 2081 12 5 2 0 3 7 5 2 10 6 0 0 3 0 0 0 0 0 0 0 3 16 9 11 0 1 3 3 57 4 0 0
P2641 2082 1 0 1 4 0 0 0 21 15 13 0 0 0 0 0 5 8 0 0 0 0 0 0 0 0 0 0 11 5 11 10 8
P2641 2082 2 0 0 0 0 2 2 0 0 0 0 0 1 0 0 0 0 0 0 0 0 0 0 0 0 0 0 0 0 -999 -999 -999
P2641 2082 3 0 0 2 11 12 0 0 0 11 12 12 5 0 0 0 0 0 7 4 16 3 32 9 10 8 0 2 4 8 6 46
P2641 2082 4 113 132 149 69 6 5 29 27 16 28 24 18 46 9 0 4 3 0 57 104 39 33 19 0 37 67 30 7 10 0 -999
P2641 2082 5 0 0 0 0 0 0 0 0 0 0 0 0 0 0 0 0 0 0 0 0 0 0 0 0 0 0 0 0 0 0 0
P2641 2082 6 0 0 0 0 0 0 7 10 4 6 0 0 0 0 0 0 0 13 9 0 0 0 0 0 0 0 0 0 0 0 -999
P2641 2082 7 0 0 0 0 0 0 0 0 0 0 0 0 0 0 0 0 0 0 0 0 0 0 0 0 0 0 0 0 0 0 0
P2641 2082 8 0 0 0 0 0 0 0 0 0 0 0 0 0 0 0 0 0 0 0 0 0 0 0 0 0 0 0 0 0 0 0
P2641 2082 9 0 0 0 0 0 0 0 0 0 0 0 0 0 0 0 0 0 0 0 7 29 96 15 0 0 0 0 0 0 0 -999
P2641 2082 10 0 0 0 0 0 42 29 0 0 0 0 0 0 3 0 0 0 6 10 33 10 2 0 0 0 0 0 0 0 0 0
P2641 2082 11 0 0 4 7 5 6 0 0 0 0 0 3 0 0 0 19 8 0 0 2 3 6 3 4 11 22 3 0 7 2 -999
P2641 2082 12 2 0 2 2 0 0 0 0 0 0 7 2 0 0 0 0 0 0 0 0 0 0 0 0 0 0 0 0 0 0 0
P2641 2083 1 0 0 0 0 0 0 3 6 3 4 0 0 0 16 13 24 26 11 12 75 77 112 54 10 2 3 6 3 2 3 2
P2641 2083 2 3 3 5 0 0 0 0 2 27 25 20 6 15 5 5 0 46 27 17 21 3 3 2 4 0 0 18 7 -999 -999 -999
P2641 2083 3 37 1 0 0 0 0 3 3 0 0 3 0 0 0 0 0 0 0 0 0 0 0 0 0 0 0 0 4 10 4 3
P2641 2083 4 6 17 9 2 0 0 0 0 0 6 4 0 0 0 0 10 0 0 4 2 2 3 4 4 0 0 0 0 0 0 -999
P2641 2083 5 0 0 0 0 9 6 0 0 0 25 0 0 0 0 0 0 0 0 0 0 0 0 0 24 0 0 0 0 0 0 0
P2641 2083 6 0 0 0 0 0 0 0 0 0 0 0 0 0 0 0 0 0 0 0 0 0 0 0 0 0 0 0 0 0 0 -999
P2641 2083 7 0 0 0 0 0 0 0 0 0 0 0 0 0 0 0 0 0 0 0 0 0 0 0 0 0 0 0 0 0 0 0
P2641 2083 8 0 0 0 0 0 0 0 0 0 0 0 0 0 0 0 0 0 0 0 0 0 0 0 0 0 0 0 0 0 0 0
P2641 2083 9 0 0 0 0 0 0 0 0 0 0 0 0 0 0 0 0 0 0 0 0 0 0 0 0 0 0 0 0 0 60 -999
P2641 2083 10 42 50 29 0 0 0 0 0 0 0 0 0 0 0 0 0 0 0 0 21 0 0 0 0 6 4 0 0 0 0 0
P2641 2083 11 0 19 46 11 4 0 0 0 6 2 0 0 3 12 10 0 12 21 12 9 0 0 2 5 2 0 0 0 0 0 -999
P2641 2083 12 0 0 0 0 0 0 2 4 4 15 4 3 18 2 0 9 6 2 0 0 0 0 0 0 0 0 0 0 0 0 0
P2641 2084 1 0 10 0 0 0 0 0 2 2 0 0 0 2 0 0 0 0 6 11 7 4 7 47 12 9 0 0 0 0 0 0
P2641 2084 2 0 0 2 2 2 2 0 0 0 0 0 3 6 5 0 0 0 2 9 6 3 0 53 27 4 10 33 7 -999 -999 -999
P2641 2084 3 2 18 12 29 90 132 131 113 55 90 52 58 21 29 59 105 69 29 20 38 16 2 4 4 5 0 39 53 0 16 18
P2641 2084 4 14 5 36 26 27 14 5 3 3 3 22 2 0 0 0 0 0 0 6 0 0 0 0 0 0 0 0 0 0 0 -999
P2641 2084 5 0 0 0 0 0 0 0 2 9 0 0 3 11 0 0 0 0 0 0 0 0 0 52 0 0 0 0 0 0 0 0
P2641 2084 6 0 0 0 0 0 0 0 0 0 0 25 18 22 0 18 0 0 0 0 0 0 0 0 0 0 0 0 0 0 0 -999
P2641 2084 7 0 0 0 0 0 0 0 0 0 0 0 0 0 0 0 0 0 0 0 0 0 0 0 0 0 0 0 0 0 0 0
P2641 2084 8 0 0 0 0 0 0 0 0 0 0 0 0 0 0 0 0 0 12 0 15 15 0 0 0 0 0 0 0 0 0 0
P2641 2084 9 0 0 0 0 0 0 0 0 0 0 0 0 0 0 0 0 0 0 0 0 0 0 0 0 0 0 0 0 0 0 -999
P2641 2084 10 0 0 0 0 0 0 0 0 0 0 0 0 0 0 0 5 0 0 0 5 0 0 0 2 3 0 0 0 0 0 0
P2641 2084 11 0 0 0 0 15 15 3 3 11 53 80 23 10 22 5 0 0 0 0 0 0 0 0 0 0 0 28 8 0 0 -999
P2641 2084 12 0 0 2 6 7 4 3 3 0 0 0 0 0 0 0 0 0 0 0 0 0 0 0 0 0 2 2 2 0 0 0
P2641 2085 1 0 0 0 0 0 0 0 0 0 0 0 0 0 0 2 0 0 0 0 0 0 0 0 0 0 0 2 2 0 0 0
P2641 2085 2 0 0 0 1 0 0 0 0 0 0 0 0 0 0 0 13 15 14 0 0 0 0 0 0 0 0 2 1 -999 -999 -999
P2641 2085 3 0 0 0 0 10 4 0 32 14 0 13 25 35 0 0 9 0 8 6 8 16 18 19 3 0 0 0 0 9 54 13
P2641 2085 4 14 11 40 6 4 0 0 0 0 0 0 0 0 0 24 12 2 0 0 0 0 0 0 0 0 0 4 6 5 3 -999
P2641 2085 5 3 6 4 9 10 0 0 0 2 11 16 15 14 13 10 6 7 9 11 16 16 12 0 0 0 0 0 0 0 0 0
P2641 2085 6 0 0 0 0 0 22 38 63 79 45 0 0 0 0 0 0 0 0 0 0 0 0 0 0 0 0 52 0 0 0 -999
P2641 2085 7 0 0 0 0 0 0 0 0 0 0 0 0 0 0 0 0 0 0 0 0 0 0 0 0 0 0 0 0 0 0 0
P2641 2085 8 0 0 0 0 0 0 0 0 0 0 0 0 0 0 0 0 0 0 0 0 0 0 0 0 0 0 0 0 0 0 0
P2641 2085 9 0 0 0 0 0 0 0 0 0 0 0 0 0 0 0 0 0 0 0 0 0 0 0 0 12 4 0 0 0 0 -999
P2641 2085 10 0 0 0 0 19 0 0 0 42 72 0 0 0 0 0 0 26 106 0 0 0 0 0 0 0 0 0 0 0 0 0
P2641 2085 11 0 4 14 53 8 3 0 0 0 0 0 0 0 0 0 0 0 0 11 13 28 66 27 23 37 6 12 0 0 0 -999
P2641 2085 12 3 9 5 2 2 3 0 0 0 4 2 0 0 0 2 0 0 0 0 0 0 3 15 21 24 22 11 3 4 5 8
P2641 2086 1 16 30 24 18 14 0 0 0 0 0 0 0 0 0 0 0 0 0 0 0 0 0 0 0 0 0 0 0 0 0 0
P2641 2086 2 0 0 0 0 0 0 0 0 0 0 0 0 0 2 0 0 0 2 2 0 7 2 1 5 9 8 10 3 -999 -999 -999
P2641 2086 3 1 0 0 0 0 0 0 0 0 0 1 1 0 0 0 0 0 0 3 6 3 3 3 0 0 0 0 0 0 0 13
P2641 2086 4 16 21 23 10 0 0 4 13 16 8 6 8 11 17 69 26 21 20 16 11 10 7 48 59 80 102 70 49 29 16 -999
P2641 2086 5 20 50 74 48 0 0 0 0 0 0 0 0 0 0 0 29 9 4 3 5 6 10 0 0 0 0 0 0 0 0 0
P2641 2086 6 0 0 0 0 0 0 0 0 0 0 0 0 0 0 0 0 0 0 0 0 0 0 0 0 0 0 0 0 0 0 -999
P2641 2086 7 0 0 0 0 0 0 0 0 0 0 0 0 0 0 0 0 0 0 0 0 0 0 0 0 0 0 0 0 0 0 0
P2641 2086 8 0 0 0 0 0 0 0 0 0 0 0 0 0 0 0 0 0 0 0 0 0 0 0 0 0 0 0 0 0 0 0
P2641 2086 9 0 0 0 0 0 0 0 0 0 0 0 64 0 0 0 0 0 0 0 0 0 0 0 0 0 0 0 0 0 0 -999
P2641 2086 10 0 6 0 0 0 0 0 0 0 0 0 0 0 0 26 26 23 36 23 15 0 0 0 7 6 9 2 0 0 0 0
P2641 2086 11 0 70 0 0 0 0 6 9 0 0 0 0 0 0 11 36 67 30 11 11 0 0 0 0 0 0 0 5 10 5 -999
P2641 2086 12 2 0 0 5 8 5 5 3 0 0 0 0 0 0 0 0 0 0 2 2 0 0 0 0 0 0 0 0 0 0 1
P2641 2087 1 2 9 5 5 5 4 0 0 0 0 0 0 0 2 15 16 8 2 2 0 0 0 2 20 14 15 17 24 37 13 5
P2641 2087 2 0 0 0 5 13 15 0 0 0 0 0 0 0 0 0 0 0 0 0 0 0 0 0 0 0 0 0 0 -999 -999 -999
P2641 2087 3 0 0 0 0 0 0 0 0 2 0 0 0 0 3 27 5 3 2 8 7 12 3 0 0 0 0 60 22 4 0 0
P2641 2087 4 0 0 0 0 2 1 0 0 0 0 0 0 5 11 0 0 0 0 3 2 0 0 5 0 0 0 0 0 0 0 -999
P2641 2087 5 0 0 0 0 0 23 139 88 28 38 5 0 0 0 0 10 10 0 0 0 0 0 0 0 0 0 6 0 0 0 0
P2641 2087 6 0 0 0 0 0 0 0 0 0 0 12 0 0 0 0 0 0 0 0 0 0 0 0 0 0 0 0 0 0 0 -999
P2641 2087 7 0 0 0 0 0 0 0 0 0 0 0 0 0 0 0 0 0 0 0 0 0 0 0 0 0 0 0 0 0 0 0
P2641 2087 8 0 0 0 0 0 0 0 0 0 0 0 0 0 0 0 0 0 0 0 0 0 0 0 0 0 0 0 0 0 0 0
P2641 2087 9 0 0 0 0 19 17 0 0 0 0 0 0 0 0 0 0 0 0 0 0 50 0 0 0 0 0 8 16 11 4 -999
P2641 2087 10 0 0 0 0 0 0 0 0 0 0 0 0 0 0 0 0 0 0 0 9 0 17 13 5 15 13 0 0 0 0 0
P2641 2087 11 0 0 0 0 0 0 3 2 3 2 0 2 2 0 5 3 0 0 0 0 0 0 0 0 0 0 0 0 4 11 -999
P2641 2087 12 19 33 9 32 7 0 10 4 5 0 0 3 8 3 6 7 45 58 72 19 14 2 0 0 0 0 0 0 0 0 0
P2641 2088 1 0 0 0 0 0 0 3 20 94 20 9 12 28 22 5 31 6 9 3 2 0 0 5 12 19 17 79 32 25 18 22
P2641 2088 2 2 2 0 0 6 3 0 0 0 0 0 0 0 0 2 2 3 10 8 5 0 16 4 0 0 0 0 0 -999 -999 -999
P2641 2088 3 0 0 0 0 0 0 6 2 2 3 8 14 17 9 4 33 38 14 21 6 3 0 0 0 8 4 0 0 0 0 0
P2641 2088 4 0 0 0 0 8 0 0 0 0 3 0 0 0 2 6 42 3 0 0 0 0 0 0 0 0 0 0 0 14 0 -999
P2641 2088 5 0 0 0 0 0 0 6 0 0 0 100 122 19 4 4 12 50 42 20 0 0 0 0 0 0 0 0 0 0 0 0
P2641 2088 6 0 0 0 0 0 0 0 0 0 0 0 0 0 0 0 0 0 0 0 0 0 0 0 0 0 0 0 0 0 0 -999
P2641 2088 7 0 0 0 0 0 0 0 0 0 0 0 0 0 0 0 0 0 0 0 0 0 0 0 0 0 0 0 0 0 0 0
P2641 2088 8 0 0 0 0 0 0 0 0 0 0 0 0 0 0 0 0 0 0 0 0 0 0 0 0 0 0 0 0 0 0 0
P2641 2088 9 0 0 0 0 0 0 0 0 0 0 0 0 0 0 0 0 0 0 0 0 0 0 0 0 0 0 0 0 0 0 -999
P2641 2088 10 0 0 0 0 0 23 0 0 24 0 0 0 2 3 0 0 0 0 0 0 0 0 0 0 0 0 0 0 0 0 0
P2641 2088 11 4 8 18 64 20 56 31 40 15 18 4 0 0 0 0 0 0 0 0 0 0 0 0 2 0 2 3 2 0 0 -999
P2641 2088 12 8 7 8 16 44 19 14 0 0 0 0 0 0 0 0 0 0 0 0 0 0 0 0 0 0 0 3 0 0 0 0
P2641 2089 1 0 0 0 0 0 0 2 1 0 0 6 0 8 10 10 0 8 6 8 12 10 8 34 4 3 12 0 0 5 3 16
P2641 2089 2 18 5 3 2 11 3 0 0 2 22 26 8 1 3 10 50 29 26 23 19 14 2 0 0 2 8 10 7 -999 -999 -999
P2641 2089 3 2 2 0 0 0 0 0 0 0 0 0 0 0 0 0 0 3 6 0 0 0 0 0 0 0 0 0 4 5 0 0
P2641 2089 4 0 0 0 0 0 0 12 12 10 41 5 0 0 5 22 22 57 66 83 116 87 0 0 0 0 0 0 140 0 0 -999
P2641 2089 5 0 5 3 0 0 0 0 33 0 0 0 0 0 0 0 0 0 0 0 0 0 0 0 0 0 0 0 0 0 0 0
P2641 2089 6 0 6 0 13 23 0 0 44 93 35 0 0 0 0 0 0 0 0 0 0 0 0 0 0 0 0 0 0 0 0 -999
P2641 2089 7 0 0 0 0 0 0 0 0 0 0 0 0 0 0 0 0 0 0 0 0 0 0 0 0 0 0 0 0 0 0 0
P2641 2089 8 0 0 0 0 0 0 0 0 0 0 0 0 0 0 0 0 0 0 0 0 0 0 0 0 0 0 0 0 0 0 0
P2641 2089 9 0 0 0 0 0 0 0 0 0 0 0 0 0 0 0 0 0 0 0 0 0 0 0 0 0 0 0 0 0 0 -999
P2641 2089 10 0 0 0 0 0 0 0 0 0 0 25 36 80 59 13 0 0 0 0 0 0 0 0 0 3 6 0 0 0 0 0
P2641 2089 11 0 0 0 0 0 3 3 0 0 0 0 0 3 0 0 7 4 10 14 6 29 76 64 2 0 0 0 0 4 3 -999
P2641 2089 12 9 6 0 2 0 0 0 0 0 0 0 0 0 0 0 0 0 3 5 22 30 7 2 2 0 0 0 0 0 10 14
P2641 2090 1 0 0 0 0 0 0 1 2 13 22 13 0 0 0 0 0 0 0 0 6 16 12 13 23 12 0 0 0 0 0 0
P2641 2090 2 0 6 25 20 20 0 0 0 0 8 13 11 6 10 16 16 27 8 2 4 20 7 0 0 2 12 19 18 -999 -999 -999
P2641 2090 3 14 0 0 0 0 0 4 21 14 3 2 24 21 5 0 4 7 8 0 0 0 14 12 7 9 5 8 0 0 0 0
P2641 2090 4 0 61 30 23 26 14 0 0 0 0 0 10 14 0 0 0 29 36 0 0 0 0 0 9 7 26 0 20 5 9 -999
P2641 2090 5 18 12 0 0 0 0 2 0 0 0 0 0 0 0 0 58 67 21 11 0 7 4 0 0 0 0 0 0 51 125 0
P2641 2090 6 0 0 33 106 46 16 3 7 12 11 13 0 0 0 0 0 0 0 0 0 0 0 0 0 0 0 0 0 0 0 -999
P2641 2090 7 0 0 0 0 0 0 0 0 0 0 0 0 0 0 0 0 0 0 0 0 0 0 0 0 0 0 0 0 0 0 0
P2641 2090 8 0 0 0 0 0 0 0 0 0 0 0 0 0 0 0 0 0 0 0 0 0 0 0 0 0 0 0 0 0 0 0
P2641 2090 9 0 0 0 0 0 14 0 0 0 0 0 0 0 0 0 0 0 0 0 0 0 0 0 0 0 0 0 15 19 0 -999
P2641 2090 10 0 0 9 0 0 0 0 15 4 0 2 0 0 0 0 0 0 5 0 0 0 0 0 0 0 0 0 0 0 0 4
P2641 2090 11 3 2 2 0 0 0 0 0 0 0 0 0 10 0 0 0 0 0 0 0 0 0 0 0 0 0 4 21 32 62 -999
P2641 2090 12 70 59 4 6 5 5 0 0 4 21 17 30 18 8 3 0 0 0 0 0 0 3 0 3 0 0 0 0 0 1 0
P2641 2091 1 0 0 0 0 0 0 0 0 0 0 0 0 0 2 0 0 0 0 5 7 7 5 3 3 2 43 35 31 8 0 0
P2641 2091 2 3 5 7 16 16 18 13 4 4 8 6 0 9 7 3 0 0 0 0 0 0 0 4 8 7 10 5 2 -999 -999 -999
P2641 2091 3 0 0 0 4 0 0 0 0 2 0 0 0 0 0 0 0 0 2 0 0 0 0 0 0 0 0 0 0 0 0 0
P2641 2091 4 0 0 0 0 0 0 0 0 0 0 0 0 0 0 0 0 0 0 0 25 23 0 8 22 114 106 32 0 4 0 -999
P2641 2091 5 0 3 15 0 15 31 50 2 0 0 9 13 16 11 2 3 6 2 2 0 0 0 0 0 0 0 0 0 0 0 0
P2641 2091 6 0 0 0 0 0 0 0 0 0 0 0 0 0 0 8 5 5 0 0 0 0 0 0 0 0 0 0 37 0 0 -999
P2641 2091 7 0 0 0 0 0 0 0 0 0 0 0 0 0 0 0 0 0 0 0 0 0 0 0 0 0 0 0 0 0 0 0
P2641 2091 8 0 0 0 0 0 0 0 0 0 0 0 0 0 0 0 0 0 0 0 0 0 0 0 0 0 0 0 0 0 0 0
P2641 2091 9 0 0 0 0 0 28 0 0 0 0 0 0 0 0 0 0 90 66 23 34 0 0 0 0 0 21 0 0 0 0 -999
P2641 2091 10 0 0 0 0 0 0 0 0 17 16 0 0 0 0 0 0 0 0 0 0 0 0 6 23 19 12 0 0 17 15 42
P2641 2091 11 31 78 33 17 15 12 37 46 11 2 15 48 45 4 0 0 0 9 11 9 3 0 0 0 0 0 0 0 0 0 -999
P2641 2091 12 0 0 0 0 0 0 0 0 0 0 0 0 19 58 14 8 0 0 2 3 2 0 0 0 0 0 0 0 0 0 0
P2641 2092 1 0 0 0 0 2 0 0 1 0 0 2 5 38 3 0 0 0 0 0 0 0 0 0 2 2 2 1 0 0 0 0
P2641 2092 2 0 0 0 3 16 38 4 2 0 0 0 0 0 0 0 0 0 0 2 7 2 2 1 0 0 0 0 0 -999 -999 -999
P2641 2092 3 0 0 0 0 0 0 0 0 0 0 0 0 0 0 0 8 11 22 18 2 1 0 0 0 0 0 0 0 0 0 0
P2641 2092 4 0 0 0 0 0 0 2 8 8 5 0 0 0 0 0 0 9 0 0 103 26 0 0 0 0 0 10 0 0 0 -999
P2641 2092 5 0 0 0 27 0 0 0 0 5 9 15 3 0 0 0 0 0 0 0 0 0 0 0 0 0 0 0 0 0 0 0
P2641 2092 6 0 60 33 0 0 0 0 0 0 0 0 0 0 0 0 0 0 0 0 0 0 0 0 0 0 0 0 0 0 0 -999
P2641 2092 7 0 0 0 0 0 20 0 0 0 0 0 0 0 0 0 0 0 0 0 0 0 0 0 0 0 0 0 0 0 0 0
P2641 2092 8 0 0 0 0 0 0 0 0 0 0 0 0 0 0 0 0 0 0 0 0 0 0 0 0 0 0 0 0 0 41 0
P2641 2092 9 0 0 0 0 0 0 0 0 0 0 0 0 0 0 0 0 0 0 0 0 0 0 0 0 0 0 0 0 0 14 -999
P2641 2092 10 93 40 0 0 0 0 0 0 0 0 12 0 0 0 0 0 0 0 0 0 0 0 0 0 0 0 7 0 0 0 6
P2641 2092 11 3 0 0 0 0 0 5 11 7 0 0 0 3 2 0 0 0 0 0 0 0 0 0 0 11 0 0 0 0 0 -999
P2641 2092 12 0 0 0 10 15 18 31 21 14 8 0 0 0 0 0 0 0 0 0 0 0 0 0 0 0 0 7 5 11 0 0
P2641 2093 1 0 0 0 0 2 2 8 13 24 10 11 11 8 2 0 1 0 0 0 0 0 0 0 1 2 0 0 0 1 1 0
P2641 2093 2 0 0 0 0 0 2 2 12 36 68 24 2 16 86 69 57 60 63 69 46 136 72 3 4 17 32 88 54 -999 -999 -999
P2641 2093 3 17 11 8 16 6 0 0 5 12 15 24 18 17 4 91 36 17 3 8 21 37 37 15 17 2 0 0 0 0 14 3
P2641 2093 4 0 0 0 0 0 0 0 0 0 4 0 0 6 0 0 0 0 0 3 0 0 0 41 3 0 0 0 0 0 4 -999
P2641 2093 5 0 0 2 3 6 11 6 4 11 10 7 0 0 0 0 0 0 0 0 0 0 0 0 0 0 0 0 0 0 0 0
P2641 2093 6 0 0 0 17 14 9 8 0 0 0 0 0 22 35 16 0 0 0 0 0 0 0 0 0 0 0 0 0 0 0 -999
P2641 2093 7 0 0 0 0 0 0 0 0 0 0 0 0 0 0 0 0 0 0 0 0 0 0 0 0 0 0 0 0 0 0 0
P2641 2093 8 0 0 0 0 0 0 0 0 0 0 0 0 0 0 0 0 0 0 0 0 0 0 0 0 0 0 0 14 0 0 0
P2641 2093 9 0 0 0 0 0 0 0 0 0 0 0 0 0 0 0 0 0 0 0 0 0 0 0 0 0 0 0 0 0 0 -999
P2641 2093 10 0 0 0 0 0 0 0 0 0 0 0 0 0 0 0 0 0 0 0 0 0 0 0 0 0 0 0 0 0 0 0
P2641 2093 11 6 21 0 9 11 2 0 0 7 14 0 0 5 0 0 0 0 5 26 3 0 0 0 2 2 2 0 0 0 0 -999
P2641 2093 12 0 0 3 6 0 0 2 0 0 0 0 4 2 0 0 0 0 0 0 0 0 0 0 0 0 0 0 0 10 7 4
P2641 2094 1 0 0 0 2 8 8 3 2 0 0 0 0 0 0 0 0 0 0 0 0 0 0 0 0 0 0 0 0 0 0 0
P2641 2094 2 0 0 0 0 1 0 0 0 0 0 0 0 0 0 0 0 0 0 0 0 0 0 0 9 3 0 10 24 -999 -999 -999
P2641 2094 3 13 2 2 2 6 23 45 13 30 13 2 0 4 1 0 0 0 0 0 0 0 0 2 0 0 0 0 0 0 7 10
P2641 2094 4 0 0 58 60 31 15 8 0 0 4 0 8 4 6 14 42 0 0 0 0 0 0 0 4 15 13 4 0 0 0 -999
P2641 2094 5 0 0 0 0 2 2 2 0 0 0 0 0 0 0 0 0 0 0 0 0 0 0 0 0 0 0 0 0 0 0 0
P2641 2094 6 0 0 0 0 0 0 0 17 4 0 0 0 0 0 0 0 0 0 0 0 0 0 0 0 0 0 0 0 0 0 -999
P2641 2094 7 0 0 0 0 0 0 0 0 0 0 0 0 0 0 0 0 0 0 0 0 0 0 0 0 0 0 0 0 0 0 0
P2641 2094 8 0 0 0 0 0 0 0 0 0 0 0 0 0 0 0 0 0 0 0 0 0 0 0 0 0 0 0 0 0 0 0
P2641 2094 9 0 0 0 0 0 0 0 0 0 0 0 0 0 0 0 0 0 0 0 0 0 54 0 0 0 0 0 0 0 0 -999
P2641 2094 10 0 10 13 4 7 0 0 0 0 0 0 0 0 0 0 0 0 0 0 0 5 6 7 0 28 47 10 11 5 2 0
P2641 2094 11 0 0 0 0 0 0 3 2 0 0 0 0 2 0 0 0 0 0 0 0 0 0 0 0 0 0 6 4 0 0 -999
P2641 2094 12 0 0 0 0 5 34 11 9 9 9 11 6 2 13 4 0 0 0 0 0 0 0 0 0 0 0 31 23 20 0 0
P2641 2095 1 16 2 7 9 8 15 20 13 5 3 2 5 0 0 2 6 65 48 95 112 108 44 6 7 17 13 4 15 1 0 6
P2641 2095 2 2 0 0 4 2 0 3 2 2 12 33 147 16 17 2 3 0 0 2 0 0 0 0 2 3 26 79 0 -999 -999 -999
P2641 2095 3 0 0 0 0 0 0 0 0 0 0 0 13 11 9 33 20 19 32 13 10 10 25 22 132 136 132 76 11 0 0 0
P2641 2095 4 5 7 4 1 0 12 23 10 2 4 4 0 0 0 0 0 7 4 0 0 0 0 0 0 0 0 0 0 0 0 -999
P2641 2095 5 0 10 6 0 0 3 5 0 0 0 62 48 6 0 0 0 0 0 0 0 0 9 6 0 0 0 0 0 0 10 11
P2641 2095 6 0 0 0 0 0 0 0 0 0 0 0 0 0 0 0 0 0 0 0 0 0 0 0 0 0 0 0 0 0 0 -999
P2641 2095 7 0 0 0 0 0 0 0 0 0 0 0 0 0 0 0 0 0 0 0 0 0 0 0 0 0 0 0 0 0 0 0
P2641 2095 8 0 0 0 0 0 0 0 0 0 0 0 0 0 0 0 0 0 0 0 0 0 0 0 0 0 0 0 0 0 0 0
P2641 2095 9 0 0 0 0 0 0 0 0 0 0 22 0 0 0 0 0 0 0 0 0 0 0 106 0 0 0 0 0 0 0 -999
P2641 2095 10 0 0 0 0 0 0 0 0 6 0 2 2 2 0 0 0 4 0 0 0 0 0 0 0 0 0 0 0 3 2 2
P2641 2095 11 2 5 13 21 14 0 0 10 81 62 37 11 11 0 0 0 0 0 0 0 0 0 0 0 0 0 3 0 0 0 -999
P2641 2095 12 2 0 0 0 0 0 1 0 0 0 0 0 0 0 0 0 0 0 0 0 0 0 0 0 7 12 33 10 0 0 0
P2641 2096 1 0 0 0 2 2 29 51 14 11 6 5 0 0 0 0 0 0 0 0 0 0 0 0 0 0 0 0 5 9 11 6
P2641 2096 2 16 15 20 6 0 0 0 0 0 0 0 0 0 2 3 18 14 9 3 2 3 28 47 6 6 41 51 19 -999 -999 -999
P2641 2096 3 2 6 69 33 51 67 22 13 77 47 7 5 15 14 12 0 0 0 0 0 0 0 0 0 0 4 6 4 9 17 10
P2641 2096 4 9 0 0 9 15 16 16 30 49 46 16 30 43 14 19 13 10 8 16 17 16 0 4 0 0 0 0 0 18 0 -999
P2641 2096 5 0 0 5 3 3 16 26 17 10 0 0 0 33 37 26 0 13 0 0 18 13 3 0 0 0 0 16 7 27 24 11
P2641 2096 6 15 2 0 0 0 0 0 0 0 0 0 0 0 0 0 0 0 0 0 0 0 0 0 0 0 0 0 0 0 0 -999
P2641 2096 7 0 0 0 0 0 0 0 0 0 0 0 0 0 0 0 0 0 0 0 0 0 0 0 0 0 0 0 0 0 0 0
P2641 2096 8 0 0 0 0 0 0 0 0 0 0 0 0 0 0 0 0 0 0 0 0 0 0 0 0 0 0 0 0 0 0 0
P2641 2096 9 0 0 0 0 0 0 4 12 0 0 0 0 0 0 0 0 0 0 0 0 0 0 0 0 0 0 0 0 0 0 -999
P2641 2096 10 0 0 0 0 0 0 0 0 0 0 72 16 2 0 0 0 4 34 18 20 11 5 0 0 0 0 0 0 2 55 17
P2641 2096 11 40 65 42 19 19 15 9 2 8 32 13 0 2 9 19 12 7 22 13 21 0 0 0 0 0 0 0 0 3 0 -999
P2641 2096 12 0 0 0 0 0 0 0 0 0 0 0 0 0 0 0 0 0 0 0 0 0 0 0 0 3 2 3 7 6 5 16
P2641 2097 1 10 8 4 8 0 0 2 5 9 10 8 9 5 2 2 4 7 0 3 3 0 0 0 0 0 0 0 0 2 0 0
P2641 2097 2 0 1 1 0 0 0 0 0 2 2 0 2 3 10 16 9 11 14 27 54 5 4 10 0 32 63 67 31 -999 -999 -999
P2641 2097 3 11 0 4 23 46 8 0 0 0 0 0 0 0 5 0 10 13 69 135 55 33 23 90 65 46 29 14 0 0 0 0
P2641 2097 4 4 0 0 0 4 16 17 13 0 4 6 0 0 0 0 0 0 0 3 3 12 16 16 7 20 14 21 2 0 0 -999
P2641 2097 5 0 0 0 0 0 87 25 2 0 0 0 0 0 0 0 0 5 5 12 55 28 0 0 0 0 0 0 0 0 0 10
P2641 2097 6 0 0 0 0 0 0 0 0 0 0 0 25 17 0 0 0 0 0 0 0 0 0 0 0 0 0 0 0 0 0 -999
P2641 2097 7 0 0 0 0 0 0 0 0 0 0 0 0 0 0 0 0 0 0 0 0 0 0 0 0 0 0 0 0 0 0 0
P2641 2097 8 0 0 0 0 0 0 0 0 0 0 0 0 0 0 0 0 0 0 0 0 0 0 0 0 0 0 0 0 0 0 0
P2641 2097 9 0 0 0 0 0 0 0 0 0 0 0 0 0 0 0 0 0 0 0 25 0 0 17 15 16 8 0 0 0 0 -999
P2641 2097 10 0 6 4 0 0 0 0 0 0 0 0 0 0 0 0 0 0 56 45 14 0 0 3 5 2 0 0 0 0 14 23
P2641 2097 11 17 0 0 2 2 0 0 0 0 0 2 7 19 9 7 3 3 2 0 0 4 12 6 0 0 0 0 0 0 0 -999
P2641 2097 12 0 0 6 18 10 3 0 0 0 0 0 0 4 53 50 27 14 8 12 9 12 23 10 0 0 0 0 0 0 0 0
P2641 2098 1 0 11 7 9 10 3 2 2 1 2 17 38 16 8 3 1 0 0 0 2 2 4 3 0 0 0 0 0 0 0 0
P2641 2098 2 0 9 25 30 23 10 6 3 4 13 6 3 3 2 2 8 11 11 4 4 6 8 14 16 21 21 11 9 -999 -999 -999
P2641 2098 3 0 0 0 0 0 0 0 4 3 0 0 0 0 0 0 0 0 0 2 9 9 2 0 0 0 0 0 0 0 0 0
P2641 2098 4 0 0 0 0 0 0 0 0 16 17 0 4 2 2 0 0 0 0 0 0 31 5 0 0 0 0 35 18 0 0 -999
P2641 2098 5 0 0 0 0 0 0 0 0 0 92 124 31 0 8 60 87 51 0 0 0 0 0 0 0 0 0 0 0 0 0 0
P2641 2098 6 0 0 0 0 0 13 0 0 0 0 0 0 0 0 32 0 0 0 0 0 0 0 0 5 0 0 0 0 0 0 -999
P2641 2098 7 0 0 0 0 0 0 0 0 0 0 0 0 0 0 0 0 0 0 0 0 0 0 0 0 0 0 0 0 0 0 0
P2641 2098 8 0 0 0 0 0 0 0 0 14 0 0 0 0 0 0 0 0 0 0 0 0 0 0 0 0 0 0 0 0 0 0
P2641 2098 9 0 0 0 0 0 0 0 0 0 0 0 0 0 0 0 0 0 0 0 0 0 0 0 0 0 0 0 0 0 0 -999
P2641 2098 10 0 0 0 0 7 4 7 0 0 0 0 0 0 0 0 0 42 22 8 42 92 31 13 0 0 1 0 3 2 2 3
P2641 2098 11 4 16 15 23 0 2 2 2 0 9 25 18 3 0 0 6 28 4 0 0 0 2 0 0 0 0 0 0 3 12 -999
P2641 2098 12 49 39 17 11 4 21 74 19 0 2 0 0 0 2 0 8 0 0 2 2 7 29 47 27 14 13 13 1 0 0 0
P2641 2099 1 0 0 0 0 0 0 0 0 0 0 0 0 0 0 0 0 0 0 0 0 0 0 0 0 0 0 0 0 0 0 0
P2641 2099 2 0 2 36 11 9 0 0 0 0 0 0 0 0 0 0 0 0 0 2 0 0 0 0 0 0 0 2 0 -999 -999 -999
P2641 2099 3 0 0 0 0 0 14 12 8 17 13 27 19 2 0 0 0 0 0 0 0 0 0 2 0 0 0 0 0 0 0 0
P2641 2099 4 0 0 2 0 0 0 0 0 0 0 0 0 15 0 3 0 0 0 0 0 0 0 0 0 20 17 8 0 0 3 -999
P2641 2099 5 3 0 0 0 30 0 0 0 0 0 0 0 0 20 21 42 0 0 0 0 0 0 77 0 0 0 0 0 0 0 0
P2641 2099 6 0 0 0 0 0 0 0 0 0 0 0 0 0 0 0 0 0 0 0 0 0 0 0 0 0 0 0 0 0 0 -999
P2641 2099 7 0 0 0 0 0 0 0 0 0 0 0 0 0 0 0 0 0 0 0 0 0 0 0 0 0 0 0 0 0 0 0
P2641 2099 8 0 0 0 0 0 0 0 0 0 0 0 0 0 0 0 0 0 0 0 0 0 0 0 0 0 0 0 0 0 0 0
P2641 2099 9 0 0 0 0 0 0 0 0 0 0 0 0 0 0 0 0 0 0 0 0 0 0 0 0 0 0 0 0 0 0 -999
P2641 2099 10 0 0 0 0 0 0 0 0 0 0 23 38 0 9 4 3 6 0 0 0 0 0 0 0 0 0 0 0 0 8 14
P2641 2099 11 2 4 7 6 3 2 2 0 0 1 0 8 56 7 2 3 7 21 61 14 16 2 0 0 0 0 0 0 0 0 -999
P2641 2099 12 0 0 0 0 0 2 3 23 16 3 4 3 4 1 0 0 0 0 0 0 0 4 0 0 0 0 0 6 4 11 45
P2641 2100 1 10 0 0 0 0 0 0 0 0 0 9 12 15 9 27 18 0 0 0 0 2 2 3 2 0 0 0 0 0 0 0
P2641 2100 2 0 5 16 3 0 0 0 0 0 0 0 0 0 0 0 0 0 0 0 0 0 0 0 0 0 0 0 9 -999 -999 -999
P2641 2100 3 0 0 0 19 20 16 30 5 3 2 8 21 7 8 7 0 0 56 0 73 103 0 0 14 10 0 0 5 7 9 5
P2641 2100 4 1 0 0 0 0 0 0 0 0 0 0 0 0 0 0 0 0 0 24 9 97 27 5 4 0 0 0 0 0 126 -999
P2641 2100 5 0 141 30 0 0 21 0 0 72 0 0 17 0 0 0 0 0 0 0 0 0 0 0 0 0 0 0 0 0 69 0
P2641 2100 6 0 0 0 0 0 0 0 0 0 0 0 0 0 0 0 0 0 0 0 0 0 0 0 0 0 0 0 40 0 0 -999
P2641 2100 7 0 0 0 0 0 0 0 0 0 0 0 0 0 0 0 0 0 0 0 0 0 0 0 0 0 0 0 0 0 0 0
P2641 2100 8 0 0 0 0 0 0 0 0 0 0 0 0 0 0 0 0 0 0 0 0 0 0 0 0 0 0 0 0 0 0 0
P2641 2100 9 0 0 0 0 0 0 0 0 0 0 0 0 0 0 0 0 0 0 0 0 0 0 0 0 0 0 0 0 0 0 -999
P2641 2100 10 0 7 0 4 0 15 49 65 12 0 0 0 22 19 14 0 8 12 3 25 2 3 0 6 3 0 34 39 8 26 4
P2641 2100 11 0 0 0 0 0 0 0 0 12 0 64 58 23 6 3 0 0 0 0 0 0 0 0 0 0 0 0 0 0 0 -999
P2641 2100 12 0 0 0 0 0 0 10 12 5 11 0 0 0 0 0 9 0 9 12 0 17 12 15 0 30 80 58 48 5 5 -999
