precip bcc-csm1-1 rcp60 RNEURONALES decimas 2
P2755 37.917 -3.277 407 geo 2006 2100 -1
P2755 2006 1 0 0 2 2 3 0 7 3 5 38 14 45 29 35 11 15 4 7 4 0 2 4 6 9 11 6 6 7 3 2 4
P2755 2006 2 6 0 2 6 38 60 61 49 104 126 87 62 57 46 10 24 16 3 0 0 11 6 45 20 14 7 5 7 -999 -999 -999
P2755 2006 3 0 11 23 0 0 7 6 0 5 13 33 17 14 17 17 11 41 3 0 0 0 0 0 0 0 0 0 4 5 5 0
P2755 2006 4 0 27 7 0 24 16 22 36 46 57 50 33 21 8 12 4 0 8 10 0 0 0 21 15 0 18 0 0 0 0 -999
P2755 2006 5 0 5 2 7 18 25 13 7 10 53 11 4 5 6 0 0 9 11 16 11 8 8 8 7 0 0 30 41 45 35 15
P2755 2006 6 16 6 13 28 42 38 26 6 0 0 0 0 0 0 0 0 0 0 0 0 0 0 0 0 0 0 0 0 0 0 -999
P2755 2006 7 0 0 0 0 0 0 0 0 0 0 0 0 0 0 0 0 0 0 0 0 0 0 0 0 0 0 0 0 0 0 0
P2755 2006 8 0 0 0 0 0 0 0 0 0 0 0 0 0 0 0 0 0 0 0 0 0 0 0 0 0 0 0 0 0 0 0
P2755 2006 9 0 0 0 0 0 0 0 7 3 4 9 0 0 22 28 0 24 14 6 0 0 0 0 0 0 0 0 0 0 0 -999
P2755 2006 10 13 8 21 13 8 0 0 0 0 0 0 0 0 0 0 0 7 0 0 0 0 0 0 0 0 0 10 9 0 0 7
P2755 2006 11 4 0 0 0 17 11 11 6 0 0 0 0 0 0 0 0 0 0 5 0 0 0 0 0 0 0 3 0 0 0 -999
P2755 2006 12 0 5 8 0 0 4 0 0 0 0 0 3 4 0 0 0 0 0 0 0 4 16 55 52 110 84 156 77 15 8 6
P2755 2007 1 2 0 0 0 0 0 0 0 0 4 4 8 3 0 0 0 3 19 7 12 6 2 4 8 9 9 33 32 41 30 14
P2755 2007 2 7 0 9 7 26 56 79 61 8 3 3 23 19 26 17 0 0 0 16 17 5 4 4 5 8 14 5 11 -999 -999 -999
P2755 2007 3 41 16 0 0 0 0 0 0 0 0 0 16 40 39 11 5 13 15 4 2 2 13 31 13 8 5 4 14 18 16 17
P2755 2007 4 0 10 10 7 11 7 11 7 0 0 0 0 0 0 0 29 4 6 29 8 7 31 48 53 38 29 10 4 7 4 -999
P2755 2007 5 7 4 4 28 22 13 11 17 9 5 6 18 30 19 17 12 8 8 3 3 3 3 4 0 0 0 0 0 0 0 9
P2755 2007 6 7 10 0 0 0 0 0 18 7 4 0 4 0 0 0 0 0 0 0 0 0 0 0 0 0 0 0 0 0 0 -999
P2755 2007 7 0 0 0 0 0 0 0 0 0 0 0 0 0 0 0 0 0 0 0 0 0 0 0 0 0 0 0 0 0 0 0
P2755 2007 8 0 0 0 0 0 0 0 0 0 0 0 0 0 0 0 0 0 0 0 0 0 0 0 26 13 0 12 8 9 0 0
P2755 2007 9 0 0 0 0 0 0 0 0 0 0 0 0 0 0 0 0 0 0 0 0 0 0 0 0 0 0 0 0 0 0 -999
P2755 2007 10 0 23 12 0 0 0 6 18 13 24 12 12 17 25 28 6 18 34 15 5 5 0 0 0 5 26 67 53 10 21 10
P2755 2007 11 0 0 0 0 0 0 0 0 5 15 15 5 3 2 4 8 0 3 4 34 16 33 54 52 57 28 8 8 18 15 -999
P2755 2007 12 9 9 0 0 0 0 0 9 56 55 27 10 8 6 7 50 70 47 24 59 45 18 27 4 3 2 0 3 5 5 12
P2755 2008 1 35 44 69 87 39 84 65 11 5 5 7 23 16 4 2 19 20 25 10 0 0 0 0 0 0 0 0 0 0 0 0
P2755 2008 2 0 0 0 0 0 0 0 2 3 0 0 0 0 0 3 0 0 0 3 17 7 10 6 8 3 0 2 8 -999 -999 -999
P2755 2008 3 3 8 6 2 0 0 3 3 2 2 2 2 7 20 19 19 13 7 4 0 4 0 16 19 17 43 16 3 4 17 4
P2755 2008 4 7 0 11 0 12 65 57 45 32 21 32 42 31 10 6 5 6 9 11 3 0 0 4 5 4 7 4 0 19 11 -999
P2755 2008 5 0 0 6 7 27 28 22 4 8 28 28 5 4 0 0 0 0 0 7 9 8 0 0 0 0 0 0 0 0 0 0
P2755 2008 6 0 0 0 0 5 0 0 0 0 0 0 0 0 0 0 0 0 0 0 0 0 0 0 0 0 0 11 13 0 0 -999
P2755 2008 7 0 12 0 14 32 16 24 6 4 6 0 0 0 0 0 0 0 0 0 0 0 0 0 0 0 0 0 0 0 0 0
P2755 2008 8 0 0 0 0 0 0 0 0 0 0 0 0 0 0 0 0 0 0 0 0 0 0 0 0 0 0 0 0 0 0 0
P2755 2008 9 0 0 0 0 0 0 0 0 0 0 0 0 0 0 9 7 0 0 0 0 0 0 0 0 0 0 0 0 0 0 -999
P2755 2008 10 10 20 29 13 10 8 7 0 0 20 26 9 10 18 24 29 18 4 5 16 11 12 21 20 9 15 4 4 4 7 11
P2755 2008 11 8 5 0 3 3 12 7 20 26 7 3 3 2 5 44 130 80 98 149 13 2 29 12 13 7 0 3 2 0 4 -999
P2755 2008 12 35 52 10 8 0 3 6 18 11 2 2 4 23 36 9 11 3 0 0 7 5 3 3 3 0 0 0 0 0 17 5
P2755 2009 1 3 0 0 0 4 12 7 8 4 6 62 9 17 17 11 11 3 15 13 6 9 28 27 26 17 8 2 0 8 28 5
P2755 2009 2 6 5 0 0 21 30 6 4 6 0 11 21 0 0 0 0 48 29 21 33 55 30 33 26 86 31 58 82 -999 -999 -999
P2755 2009 3 111 57 120 93 29 129 70 8 8 4 8 0 0 0 0 0 0 5 17 5 7 0 0 0 7 23 24 4 3 3 5
P2755 2009 4 0 0 0 0 0 0 11 0 0 0 5 5 7 14 5 2 0 0 0 19 12 4 0 0 0 0 13 0 0 0 -999
P2755 2009 5 0 0 0 0 0 0 0 0 0 0 0 0 0 0 0 0 0 0 0 0 0 0 0 0 0 0 0 0 0 0 0
P2755 2009 6 0 0 18 29 18 6 7 18 16 14 30 32 24 14 8 6 8 15 6 21 15 12 9 0 0 0 0 0 0 0 -999
P2755 2009 7 0 0 0 0 0 0 0 0 0 0 0 0 0 0 0 0 0 0 0 0 0 0 0 0 0 0 0 0 0 0 0
P2755 2009 8 0 0 0 0 0 0 0 0 0 0 0 0 0 0 0 0 0 0 0 0 0 0 0 0 0 0 0 0 0 0 0
P2755 2009 9 0 0 0 0 0 0 0 0 0 0 0 0 0 0 0 0 0 0 0 0 0 0 0 0 0 0 0 0 0 0 -999
P2755 2009 10 0 24 43 39 34 25 13 7 0 0 0 0 0 0 0 0 0 0 0 0 4 5 3 3 4 0 0 0 0 0 0
P2755 2009 11 0 0 8 0 0 0 0 8 8 13 21 19 6 0 0 3 0 0 0 0 2 4 3 0 0 0 0 0 0 4 -999
P2755 2009 12 4 2 4 4 5 3 8 6 0 11 16 9 0 0 12 30 17 8 4 0 0 0 0 6 11 33 49 49 59 6 23
P2755 2010 1 3 0 10 0 10 0 0 4 0 0 6 0 0 5 8 5 13 18 17 8 6 4 0 0 0 5 0 0 0 0 0
P2755 2010 2 0 0 0 2 3 0 0 0 0 7 5 6 6 5 5 6 5 3 4 0 6 9 0 0 0 0 2 4 -999 -999 -999
P2755 2010 3 4 0 0 0 0 3 26 50 48 22 11 3 0 0 0 0 0 4 6 21 46 15 28 13 10 5 5 3 2 8 8
P2755 2010 4 11 36 29 4 5 10 75 42 11 4 4 22 9 0 0 0 0 0 0 0 0 0 0 9 4 3 0 0 0 0 -999
P2755 2010 5 0 0 0 0 0 0 0 0 0 0 0 0 0 0 0 0 0 0 0 8 0 0 7 0 0 0 0 0 0 0 0
P2755 2010 6 0 0 0 0 0 0 0 0 0 0 11 0 0 26 24 11 5 0 0 0 0 7 0 0 0 0 0 0 0 0 -999
P2755 2010 7 0 0 0 0 0 0 0 0 0 0 0 0 0 0 0 0 0 0 0 0 0 0 0 0 0 0 0 0 0 0 0
P2755 2010 8 0 0 0 0 0 0 0 0 0 0 0 0 0 0 0 0 0 0 0 0 0 0 0 0 0 0 0 0 0 0 0
P2755 2010 9 0 0 0 0 0 0 0 0 0 0 0 0 0 0 0 0 0 0 0 0 31 0 0 0 38 39 0 0 0 0 -999
P2755 2010 10 0 0 0 0 0 0 0 0 0 0 0 0 0 0 0 0 0 0 0 0 0 0 10 0 0 9 23 0 0 0 0
P2755 2010 11 0 0 0 0 0 0 0 0 10 0 15 56 106 41 56 13 40 15 9 4 5 5 5 4 2 0 0 0 0 0 -999
P2755 2010 12 0 2 3 0 13 0 0 6 4 0 6 0 4 3 4 4 6 9 5 6 4 0 0 6 5 3 5 4 3 3 3
P2755 2011 1 0 0 0 0 2 0 0 0 0 0 0 8 7 0 0 9 34 31 34 26 18 9 0 0 3 6 9 6 2 7 6
P2755 2011 2 3 3 4 3 0 0 0 7 11 7 5 3 0 0 2 3 5 9 14 9 4 3 5 9 18 9 7 19 -999 -999 -999
P2755 2011 3 17 12 14 8 12 21 103 20 26 4 0 2 0 3 10 21 0 3 4 6 3 2 5 9 3 2 5 10 21 6 6
P2755 2011 4 29 19 6 9 0 0 0 0 0 41 26 6 8 0 0 0 0 0 0 0 0 0 0 3 4 6 4 0 0 0 -999
P2755 2011 5 0 0 0 0 0 0 0 0 0 5 5 0 0 5 0 0 0 0 0 0 0 0 0 0 0 0 7 0 0 0 0
P2755 2011 6 0 0 0 0 0 0 0 0 0 0 0 0 0 0 0 0 0 0 0 0 0 0 0 0 0 29 9 0 0 0 -999
P2755 2011 7 0 0 0 0 0 8 0 0 0 0 0 0 0 0 0 0 0 0 0 0 0 0 0 0 0 0 0 0 0 0 0
P2755 2011 8 0 0 0 0 0 0 0 0 0 0 0 0 0 0 0 0 0 0 0 0 0 0 0 0 0 0 0 0 0 0 0
P2755 2011 9 0 0 0 0 0 0 0 0 0 0 0 0 0 0 0 0 0 9 0 0 0 0 0 0 0 0 0 0 0 0 -999
P2755 2011 10 0 0 0 0 0 6 9 11 10 3 2 0 3 0 0 0 0 0 25 21 8 20 15 7 4 0 0 0 14 38 39
P2755 2011 11 18 28 54 22 4 7 9 13 0 0 0 14 17 8 6 0 0 0 0 0 10 13 34 18 11 6 18 26 28 5 -999
P2755 2011 12 12 13 3 0 0 0 0 0 0 0 5 0 0 2 19 20 15 10 0 0 0 0 0 0 6 31 49 38 19 9 19
P2755 2012 1 15 14 35 25 48 23 3 0 0 2 6 13 7 10 7 5 8 61 29 13 8 13 6 5 0 0 3 4 2 0 2
P2755 2012 2 0 0 0 3 0 0 0 0 0 4 10 15 18 5 10 5 56 4 17 0 0 5 8 9 14 4 5 0 -999 -999 -999
P2755 2012 3 0 0 0 0 0 0 0 0 0 0 0 0 7 5 8 8 6 7 8 5 3 0 3 6 5 9 12 7 0 0 0
P2755 2012 4 0 0 0 0 0 0 0 0 0 0 0 0 0 0 0 0 0 0 0 0 0 0 0 0 0 0 0 0 0 0 -999
P2755 2012 5 0 0 0 0 0 0 0 0 28 52 40 45 43 27 18 0 0 0 0 0 0 0 0 30 24 20 15 15 34 24 5
P2755 2012 6 0 0 0 0 0 11 4 0 0 0 0 0 0 0 0 0 0 0 0 0 0 0 0 0 0 0 0 0 0 0 -999
P2755 2012 7 0 0 0 0 0 0 0 0 0 0 0 0 0 0 0 0 0 0 0 0 0 0 0 0 0 0 0 0 0 0 0
P2755 2012 8 0 0 0 0 0 0 0 0 0 0 0 0 0 0 0 0 0 0 0 0 0 0 0 0 0 0 0 0 0 0 0
P2755 2012 9 0 0 0 0 0 0 0 0 0 0 0 0 0 0 0 0 0 0 0 0 0 0 0 0 0 0 0 0 0 0 -999
P2755 2012 10 0 0 0 0 0 0 0 0 0 32 22 14 15 0 0 0 0 9 0 0 32 35 28 11 11 17 0 0 3 73 47
P2755 2012 11 7 0 0 0 0 19 10 0 0 8 5 4 29 6 0 0 0 0 0 0 0 0 0 0 0 0 3 0 0 7 -999
P2755 2012 12 20 8 3 3 5 5 2 0 0 0 0 4 9 0 0 6 3 6 7 33 2 5 19 16 5 3 0 0 0 0 0
P2755 2013 1 4 4 0 0 0 0 2 0 0 0 0 0 5 5 3 3 0 7 0 8 14 19 19 45 14 7 4 6 6 4 3
P2755 2013 2 2 3 8 17 6 86 150 43 22 4 8 10 7 11 11 8 24 4 7 4 0 23 25 13 31 46 49 38 -999 -999 -999
P2755 2013 3 16 7 3 0 0 0 0 0 0 3 12 20 25 50 32 9 10 17 0 0 0 0 0 0 0 0 0 0 0 0 0
P2755 2013 4 0 20 27 24 24 31 22 8 9 6 0 0 0 0 41 40 28 19 23 47 54 49 29 9 3 3 9 14 12 11 -999
P2755 2013 5 6 5 0 0 0 0 0 0 0 0 12 8 0 0 0 0 0 0 22 23 15 19 10 11 6 7 0 0 0 0 0
P2755 2013 6 0 0 0 0 0 0 0 0 0 0 0 0 0 0 0 0 0 0 0 12 0 0 0 0 0 0 0 0 0 0 -999
P2755 2013 7 0 0 0 0 0 0 0 0 0 0 0 0 0 0 0 0 0 0 0 0 0 0 0 0 0 0 0 0 0 0 0
P2755 2013 8 0 0 0 0 0 0 0 0 0 0 0 0 0 0 0 0 0 0 0 0 0 0 0 0 0 0 0 0 0 0 0
P2755 2013 9 0 0 0 0 0 0 0 0 0 0 0 0 0 0 0 0 0 0 0 0 0 0 0 0 0 0 0 0 0 0 -999
P2755 2013 10 0 0 0 0 0 17 25 7 12 17 43 15 14 32 22 33 17 34 14 4 3 4 18 14 5 0 0 0 0 0 0
P2755 2013 11 0 0 0 0 0 0 0 0 0 0 0 0 6 6 15 7 5 9 0 0 0 0 0 9 7 6 12 21 18 0 -999
P2755 2013 12 37 24 18 31 14 9 5 3 2 6 9 3 0 0 0 16 44 38 6 0 2 0 5 2 0 0 0 0 2 3 8
P2755 2014 1 33 106 33 5 5 2 5 6 12 8 5 4 7 5 0 0 0 4 0 5 8 9 8 18 45 98 11 19 25 58 32
P2755 2014 2 34 16 6 19 35 22 20 17 5 4 0 0 0 0 0 0 0 12 17 14 14 12 5 0 0 0 0 0 -999 -999 -999
P2755 2014 3 0 0 0 0 0 0 0 0 0 0 0 4 3 4 12 13 4 3 3 6 17 43 41 38 36 27 25 19 9 9 15
P2755 2014 4 13 3 8 4 0 0 0 5 13 31 63 7 3 0 0 0 0 0 0 0 0 0 0 0 0 0 0 11 22 25 -999
P2755 2014 5 8 6 0 0 0 7 7 12 5 0 6 18 21 9 10 5 6 39 6 4 4 4 0 0 0 0 0 0 0 19 31
P2755 2014 6 36 14 4 0 0 0 0 0 0 0 0 0 0 0 0 0 0 0 0 0 0 0 0 0 0 0 0 0 0 0 -999
P2755 2014 7 0 0 0 0 0 0 0 0 0 0 0 0 0 0 0 0 0 0 0 0 0 0 0 0 0 0 0 0 0 0 0
P2755 2014 8 0 0 0 0 0 0 0 0 0 0 0 0 0 0 0 0 0 0 0 0 0 0 0 0 0 0 0 0 0 0 0
P2755 2014 9 0 0 0 0 0 0 0 0 0 0 0 0 0 0 0 0 0 0 0 0 0 0 0 0 0 0 0 0 0 0 -999
P2755 2014 10 0 0 15 0 0 0 0 0 0 0 0 0 0 0 0 0 0 0 0 0 10 10 17 12 0 9 5 0 0 0 0
P2755 2014 11 0 7 10 0 15 19 5 7 5 4 4 7 11 0 0 0 0 22 14 27 38 4 2 4 7 31 14 16 8 18 -999
P2755 2014 12 8 2 0 0 0 0 0 0 4 5 3 4 6 8 16 18 37 43 5 52 62 17 21 38 7 7 11 2 0 0 0
P2755 2015 1 0 0 0 0 0 0 0 0 0 0 0 0 0 0 0 4 2 2 4 9 4 5 5 4 23 62 18 5 3 40 8
P2755 2015 2 3 9 3 0 5 0 0 2 14 16 20 36 47 50 38 39 36 60 55 39 22 17 15 3 0 0 5 7 -999 -999 -999
P2755 2015 3 0 6 25 35 37 15 11 0 0 0 13 28 29 12 14 24 29 38 53 22 12 27 21 17 23 21 0 0 0 7 9
P2755 2015 4 5 7 8 0 11 31 12 2 4 28 43 25 26 25 89 80 10 6 14 14 14 14 12 19 23 0 0 0 0 0 -999
P2755 2015 5 0 3 4 11 23 9 0 0 0 0 0 0 0 0 0 0 0 0 0 0 0 0 0 0 0 0 0 0 0 0 0
P2755 2015 6 0 0 0 0 24 26 14 0 0 0 0 0 0 0 0 0 0 0 0 0 0 0 0 0 0 0 0 0 0 0 -999
P2755 2015 7 0 0 0 0 0 0 0 0 0 0 0 0 0 0 0 0 0 0 0 0 0 0 0 0 0 0 0 0 0 0 0
P2755 2015 8 0 0 0 0 0 0 0 0 0 0 0 0 0 0 0 0 0 0 0 0 0 0 0 0 0 0 0 0 0 0 0
P2755 2015 9 0 0 0 0 0 11 0 0 0 0 0 0 0 0 0 0 27 53 31 0 0 0 0 0 0 12 0 0 0 6 -999
P2755 2015 10 6 0 0 0 0 0 0 0 12 59 31 33 7 5 0 11 19 71 138 26 9 5 6 0 0 3 3 3 3 0 0
P2755 2015 11 0 0 0 0 4 0 0 23 0 0 0 3 4 13 11 4 0 0 0 0 0 0 0 0 0 0 0 0 4 0 -999
P2755 2015 12 0 0 0 0 0 0 0 0 0 0 0 11 6 10 7 0 0 0 6 7 5 14 4 4 26 8 13 76 17 38 15
P2755 2016 1 14 10 6 4 9 37 36 50 16 4 66 57 46 45 35 11 6 2 2 24 13 5 2 2 2 5 5 0 26 26 16
P2755 2016 2 19 11 5 2 3 9 3 4 5 3 4 4 5 6 4 0 0 0 0 0 0 0 0 0 0 0 0 0 -999 -999 -999
P2755 2016 3 0 0 0 0 0 0 0 3 3 0 0 0 0 0 0 0 3 10 4 0 0 0 2 2 2 2 3 2 0 14 10
P2755 2016 4 4 0 6 41 55 29 14 8 20 6 3 10 23 6 4 0 29 29 42 22 6 6 24 0 0 0 17 25 4 20 -999
P2755 2016 5 35 19 6 4 4 0 4 0 0 0 7 0 0 0 0 0 0 0 0 0 0 0 0 0 7 0 0 0 0 0 0
P2755 2016 6 0 0 0 0 0 11 0 0 0 0 0 0 0 0 0 0 0 0 0 0 0 0 0 0 0 0 0 18 0 0 -999
P2755 2016 7 0 0 0 0 0 0 0 0 0 0 0 0 0 0 0 0 0 0 0 0 0 0 0 0 0 0 0 0 0 0 0
P2755 2016 8 0 0 0 0 0 0 0 0 0 0 0 0 0 0 0 0 0 0 0 0 0 0 0 0 0 0 0 0 0 0 0
P2755 2016 9 0 0 0 0 0 0 0 0 0 0 0 0 0 0 0 0 0 0 0 0 0 0 0 0 0 0 0 0 0 0 -999
P2755 2016 10 0 0 0 0 0 0 0 0 14 0 0 0 0 0 5 10 15 11 11 10 22 10 5 14 45 48 29 102 32 0 5
P2755 2016 11 5 0 0 29 52 26 55 31 23 12 46 85 159 117 7 45 5 5 0 13 0 0 13 43 85 29 14 5 0 0 -999
P2755 2016 12 0 0 0 0 0 0 0 0 0 0 3 2 2 2 8 0 0 3 2 0 2 2 0 0 0 0 0 0 7 8 5
P2755 2017 1 5 5 28 18 13 4 5 19 15 63 8 8 2 2 3 3 2 0 0 8 9 3 0 0 6 9 13 57 5 0 0
P2755 2017 2 0 0 3 7 8 6 0 8 5 9 12 8 5 27 39 10 7 5 52 69 87 43 14 10 7 9 48 48 -999 -999 -999
P2755 2017 3 27 32 25 28 57 43 6 8 38 40 44 46 34 18 14 17 37 42 30 22 6 140 57 17 8 10 14 26 44 26 51
P2755 2017 4 50 31 21 8 5 7 47 42 8 25 67 48 18 6 28 7 9 8 4 9 10 25 7 5 6 21 7 4 6 5 -999
P2755 2017 5 6 8 4 3 3 5 20 8 8 17 9 5 0 13 0 0 9 0 0 0 0 9 22 34 13 4 0 0 0 0 0
P2755 2017 6 0 0 0 0 0 0 0 10 7 0 0 0 0 0 0 0 0 0 0 0 0 0 0 0 0 0 0 0 0 0 -999
P2755 2017 7 0 0 0 0 0 0 0 0 0 0 0 0 0 0 0 0 0 0 0 0 0 0 10 8 0 0 0 0 0 0 0
P2755 2017 8 0 0 0 0 0 0 0 0 0 0 10 0 0 0 0 0 0 0 0 0 0 0 0 0 0 0 0 0 0 0 0
P2755 2017 9 0 0 0 0 0 0 0 0 0 0 0 0 0 0 0 0 0 0 0 0 0 0 0 0 0 6 4 7 13 19 -999
P2755 2017 10 13 10 7 0 0 0 13 8 11 4 0 0 0 0 0 0 0 0 0 0 0 0 11 8 9 20 15 3 2 0 0
P2755 2017 11 6 8 6 0 7 10 3 4 8 13 19 5 0 0 7 0 4 9 11 5 7 5 4 14 20 7 0 0 0 0 -999
P2755 2017 12 8 4 2 2 2 0 0 0 0 0 3 16 26 47 7 29 38 16 4 5 16 53 13 3 2 3 11 35 103 48 32
P2755 2018 1 2 0 0 0 0 0 0 0 0 0 0 0 0 0 0 0 6 3 0 0 0 0 8 13 21 29 13 15 20 40 26
P2755 2018 2 11 24 48 29 15 33 7 31 6 4 6 24 48 35 5 0 0 5 13 11 0 14 10 9 4 5 18 30 -999 -999 -999
P2755 2018 3 22 14 15 17 12 20 14 5 0 0 18 38 8 4 0 0 0 0 5 18 33 16 10 42 30 75 36 29 21 95 15
P2755 2018 4 20 47 33 23 8 6 0 0 0 0 6 26 44 20 8 33 15 8 4 0 0 0 0 0 11 11 14 19 27 41 -999
P2755 2018 5 29 26 41 43 5 0 0 0 0 0 0 0 0 0 10 10 25 36 26 18 0 0 0 0 0 0 0 0 0 0 0
P2755 2018 6 0 0 0 0 0 0 0 0 0 0 0 0 0 0 0 0 0 0 0 0 0 0 0 0 0 0 0 0 0 0 -999
P2755 2018 7 0 0 0 0 0 0 0 0 0 0 0 0 0 0 0 0 0 0 0 0 0 0 0 0 0 0 0 0 0 0 0
P2755 2018 8 0 0 0 0 0 0 0 0 0 0 0 0 0 0 0 0 0 0 0 0 0 0 0 0 0 0 0 0 0 0 0
P2755 2018 9 0 0 0 0 0 0 0 0 0 0 0 0 0 0 0 0 0 0 0 0 0 27 24 8 0 0 0 0 0 0 -999
P2755 2018 10 0 0 0 0 0 0 0 0 0 0 0 0 0 0 30 0 0 0 0 29 35 25 0 42 37 16 16 8 5 7 19
P2755 2018 11 17 11 13 9 9 0 0 0 6 9 0 0 0 0 0 0 5 0 3 0 16 43 26 15 10 32 34 44 14 5 -999
P2755 2018 12 0 3 0 0 0 0 0 0 0 3 3 0 0 3 0 0 0 0 0 0 0 0 7 9 7 37 28 4 2 0 0
P2755 2019 1 0 0 2 4 5 26 23 11 8 5 4 9 12 4 5 0 0 0 0 4 0 0 0 6 4 3 0 0 4 3 5
P2755 2019 2 2 0 8 9 2 4 9 6 4 9 14 12 6 6 23 23 11 3 2 2 0 4 17 54 46 7 13 45 -999 -999 -999
P2755 2019 3 53 47 45 47 28 58 5 10 25 32 29 26 8 0 0 0 0 0 0 0 0 4 5 8 12 16 34 26 27 36 10
P2755 2019 4 5 5 0 0 0 0 0 0 0 0 0 6 4 0 0 0 0 0 0 0 0 0 10 0 0 6 7 36 15 7 -999
P2755 2019 5 9 5 0 0 0 0 0 0 0 11 8 0 24 13 0 3 0 0 0 0 0 0 0 0 0 0 0 0 8 16 12
P2755 2019 6 0 0 0 0 0 0 0 0 0 0 0 10 0 0 0 0 0 0 0 0 0 0 0 0 0 15 14 0 0 0 -999
P2755 2019 7 0 0 21 8 0 0 0 0 0 0 0 0 0 0 0 0 0 0 0 0 0 0 0 0 0 0 0 0 0 0 0
P2755 2019 8 0 0 0 0 0 0 0 0 0 0 0 0 0 0 0 0 0 0 0 0 0 0 0 0 0 0 0 0 0 0 0
P2755 2019 9 0 0 0 0 0 0 0 0 0 0 0 22 17 9 0 0 0 0 0 0 0 0 0 0 0 0 0 0 0 0 -999
P2755 2019 10 0 0 15 23 17 20 22 6 13 11 0 0 0 0 0 0 0 0 0 0 0 0 0 0 4 5 0 5 0 0 0
P2755 2019 11 0 26 0 7 36 88 19 15 0 0 0 0 0 11 15 0 0 0 0 0 0 0 0 0 7 31 8 20 19 8 -999
P2755 2019 12 4 5 0 0 9 0 0 0 0 0 0 0 5 9 22 19 14 29 32 32 25 44 71 81 84 20 12 6 0 2 0
P2755 2020 1 2 14 36 50 30 39 26 4 0 0 14 10 0 0 0 0 0 0 0 0 0 3 6 11 9 0 0 3 4 8 17
P2755 2020 2 26 32 63 78 14 5 7 3 3 13 0 0 0 27 15 42 38 23 21 34 26 19 41 31 6 4 11 10 -999 -999 -999
P2755 2020 3 0 0 0 0 0 0 0 0 0 0 0 10 19 9 25 32 30 26 9 6 6 10 39 62 67 17 25 9 8 13 8
P2755 2020 4 10 0 0 0 0 0 0 14 34 30 38 37 29 11 5 0 0 0 0 0 17 17 31 43 40 15 3 0 20 28 -999
P2755 2020 5 39 42 18 20 11 5 6 5 0 0 6 6 0 0 0 0 0 0 0 0 19 15 9 11 10 13 43 56 26 16 10
P2755 2020 6 3 3 4 0 0 7 18 21 9 0 0 0 0 0 0 0 0 0 0 0 0 0 0 0 0 0 0 0 0 0 -999
P2755 2020 7 0 0 0 0 0 0 0 0 0 0 0 0 0 0 0 0 0 0 0 0 0 0 0 0 0 0 0 0 0 0 0
P2755 2020 8 0 0 0 0 0 22 25 21 0 0 0 0 0 0 0 0 0 0 0 0 0 0 0 0 0 0 0 0 0 0 0
P2755 2020 9 0 0 0 0 0 0 0 0 0 0 0 0 0 0 24 18 0 0 22 23 5 0 0 0 0 0 0 0 0 0 -999
P2755 2020 10 0 0 0 15 5 7 0 0 4 0 8 7 0 0 0 0 0 0 0 0 0 0 28 26 7 13 48 48 25 0 0
P2755 2020 11 11 4 7 23 0 0 0 0 0 0 0 0 3 4 4 5 16 25 35 133 112 15 3 0 0 0 0 0 0 7 -999
P2755 2020 12 0 0 8 6 8 6 2 4 3 5 4 6 8 3 3 0 0 7 4 9 19 98 97 23 0 10 7 0 0 0 0
P2755 2021 1 0 3 4 3 6 8 8 0 0 0 3 8 6 9 4 4 11 16 9 4 5 6 16 39 48 111 106 96 29 29 56
P2755 2021 2 28 32 43 42 72 77 10 23 3 8 9 10 23 17 6 6 6 4 3 0 0 0 0 5 5 9 38 39 -999 -999 -999
P2755 2021 3 13 22 39 20 30 50 48 45 30 7 4 9 130 27 98 41 53 65 94 34 24 4 11 22 8 0 3 4 11 11 13
P2755 2021 4 12 35 9 16 6 0 0 0 9 45 31 7 0 0 5 17 14 9 7 6 8 0 8 23 57 56 38 11 6 7 -999
P2755 2021 5 5 3 0 4 3 5 11 8 6 4 7 6 7 0 0 0 0 0 0 0 0 0 0 0 0 0 0 11 15 23 14
P2755 2021 6 20 29 8 4 6 8 28 44 22 16 14 8 14 13 12 0 0 0 0 0 0 0 0 0 0 0 0 0 0 0 -999
P2755 2021 7 0 0 0 0 0 0 0 0 0 0 0 0 0 0 0 0 0 0 0 0 0 0 0 0 0 0 0 0 0 0 0
P2755 2021 8 0 0 0 0 0 0 0 13 20 11 8 0 0 0 0 0 0 0 0 0 0 0 0 0 0 0 0 0 0 0 0
P2755 2021 9 0 0 0 0 0 0 0 0 0 0 0 0 0 0 28 15 0 0 0 0 0 0 0 0 29 26 11 10 0 22 -999
P2755 2021 10 16 24 34 17 0 0 0 32 17 0 0 0 11 14 19 6 0 0 16 13 17 11 0 0 25 32 20 3 5 5 11
P2755 2021 11 21 21 9 5 13 10 11 26 6 4 0 0 0 0 0 0 0 0 0 9 15 7 3 5 0 0 0 0 0 0 -999
P2755 2021 12 0 0 0 0 0 0 0 0 0 0 0 0 10 16 41 45 96 106 89 22 118 12 24 20 44 19 51 67 41 23 4
P2755 2022 1 2 0 0 0 0 0 0 0 0 0 0 3 10 20 18 6 4 5 0 32 12 2 2 7 0 0 0 0 0 0 0
P2755 2022 2 0 11 5 4 2 0 0 0 4 13 4 0 0 0 10 9 4 3 0 0 9 7 4 12 4 6 12 122 -999 -999 -999
P2755 2022 3 25 16 3 8 32 68 5 4 0 5 0 0 0 0 9 6 2 0 0 5 11 0 0 8 5 4 3 0 3 4 8
P2755 2022 4 11 21 54 32 7 45 18 7 6 0 0 27 49 7 0 0 23 0 0 31 39 53 21 31 7 3 3 0 0 0 -999
P2755 2022 5 0 0 0 0 0 0 0 0 0 0 0 0 0 0 0 0 0 0 0 0 0 0 0 0 0 0 0 0 0 0 0
P2755 2022 6 0 0 0 0 0 0 0 0 0 0 0 0 0 0 0 0 0 0 0 0 0 0 0 0 0 0 0 0 0 0 -999
P2755 2022 7 0 0 0 0 0 0 0 0 0 0 0 0 0 0 0 0 0 0 0 0 0 0 0 0 0 0 0 0 0 0 0
P2755 2022 8 0 0 0 0 0 0 0 0 0 0 0 0 0 0 0 0 0 0 0 0 0 0 0 0 0 0 0 0 0 0 0
P2755 2022 9 0 0 0 0 0 0 0 0 0 0 0 0 0 0 0 0 0 0 0 0 0 14 15 30 16 0 0 0 0 0 -999
P2755 2022 10 0 0 0 0 8 6 0 0 0 0 0 3 13 10 6 0 0 0 0 22 30 0 0 0 0 0 16 16 0 0 0
P2755 2022 11 0 0 0 12 6 3 0 0 0 0 0 6 28 24 30 16 12 23 17 30 43 53 92 65 4 0 0 0 0 6 -999
P2755 2022 12 11 8 6 5 0 38 42 41 15 6 2 3 0 0 0 0 8 7 7 17 23 15 34 48 42 118 52 58 52 6 5
P2755 2023 1 4 15 21 24 53 50 47 29 22 3 16 23 15 33 13 4 8 15 24 12 4 5 18 10 5 4 4 0 0 0 0
P2755 2023 2 0 7 9 7 3 4 0 0 0 0 0 7 3 5 17 20 11 25 8 25 14 0 0 0 0 2 3 0 -999 -999 -999
P2755 2023 3 0 0 8 3 3 8 0 0 0 0 0 0 0 0 37 40 90 45 15 6 34 28 11 9 4 4 0 5 6 12 0
P2755 2023 4 0 0 0 0 0 0 7 10 11 0 0 0 0 0 23 36 29 16 10 5 9 16 10 7 6 5 6 0 0 0 -999
P2755 2023 5 0 63 43 44 20 9 27 29 62 17 4 4 12 0 0 0 0 0 0 0 0 15 4 6 0 0 0 0 0 0 0
P2755 2023 6 0 0 0 0 0 0 0 0 0 0 0 8 8 8 25 9 4 4 5 0 0 0 0 0 0 0 0 0 0 0 -999
P2755 2023 7 0 0 0 0 0 0 0 0 0 0 0 0 0 0 0 0 0 22 31 17 0 0 0 0 0 0 0 0 0 0 0
P2755 2023 8 0 0 0 0 0 0 0 0 0 0 0 0 0 0 0 0 0 0 0 0 0 0 0 0 0 0 0 0 0 0 0
P2755 2023 9 0 0 0 0 0 0 0 0 0 0 0 0 0 0 0 0 0 12 0 0 0 0 0 0 0 0 0 0 0 21 -999
P2755 2023 10 37 30 6 3 0 0 0 0 7 7 0 0 9 21 12 7 5 17 8 26 8 11 6 5 0 0 6 6 5 9 9
P2755 2023 11 9 4 2 0 0 0 0 0 22 17 28 32 10 0 0 0 0 0 0 0 2 2 0 0 0 0 4 4 3 0 -999
P2755 2023 12 0 20 35 34 0 0 0 0 0 0 2 5 0 0 4 2 3 15 13 40 18 35 11 20 3 0 0 0 0 0 3
P2755 2024 1 4 0 0 0 0 0 0 0 0 0 0 0 0 0 0 0 5 6 18 30 17 15 19 10 4 8 21 32 5 3 12
P2755 2024 2 8 9 4 9 8 22 0 38 53 35 22 61 16 5 0 0 0 0 0 0 0 0 3 0 0 0 0 0 -999 -999 -999
P2755 2024 3 0 0 0 0 0 7 8 0 0 0 34 41 12 34 20 6 19 14 23 18 7 3 0 4 3 3 3 3 5 15 24
P2755 2024 4 18 15 8 7 33 33 69 53 19 36 44 0 3 0 0 0 0 0 0 0 9 54 13 2 0 0 0 0 0 4 -999
P2755 2024 5 6 5 9 10 17 13 25 19 10 0 0 6 11 8 5 2 3 8 4 0 0 0 0 0 0 0 12 19 12 4 0
P2755 2024 6 0 0 0 0 0 0 0 0 0 0 0 0 0 0 0 0 0 0 0 0 0 0 0 0 0 0 0 0 0 0 -999
P2755 2024 7 0 0 0 0 0 0 0 0 0 0 0 0 0 0 0 0 0 0 0 0 0 0 0 0 0 0 0 0 0 0 0
P2755 2024 8 0 0 0 0 0 0 0 0 0 0 0 0 0 0 0 0 0 0 0 0 0 0 0 0 0 0 0 0 0 0 0
P2755 2024 9 0 0 0 0 0 0 0 0 0 0 0 0 0 0 0 0 0 28 18 21 41 41 30 25 0 0 15 0 12 0 -999
P2755 2024 10 8 28 53 12 29 42 28 0 0 0 0 0 0 0 9 0 0 6 0 0 0 0 0 0 0 0 0 0 6 23 25
P2755 2024 11 23 39 66 26 17 14 5 0 0 0 9 63 25 33 52 22 6 3 3 0 0 0 0 0 0 0 0 8 14 34 -999
P2755 2024 12 33 19 21 4 9 7 7 3 5 21 78 15 27 9 0 0 0 0 6 0 5 7 6 10 5 0 0 4 0 0 3
P2755 2025 1 2 0 4 21 56 60 41 16 9 13 10 9 8 6 3 3 4 17 12 2 2 0 0 0 0 0 3 9 9 25 5
P2755 2025 2 8 8 9 3 5 11 13 49 31 8 39 45 7 0 0 14 0 0 0 0 0 0 0 0 3 0 0 0 -999 -999 -999
P2755 2025 3 0 12 8 5 0 0 0 39 24 6 4 0 0 0 0 0 0 0 0 0 0 0 0 0 0 0 0 10 0 0 0
P2755 2025 4 0 0 0 0 0 0 0 0 0 0 0 0 0 0 0 0 0 0 0 0 0 0 0 0 0 0 0 0 5 2 -999
P2755 2025 5 0 0 10 8 6 4 0 0 0 0 0 0 5 11 8 4 0 0 0 0 0 10 7 6 8 8 6 10 31 4 0
P2755 2025 6 0 0 0 0 0 0 0 0 0 0 0 0 0 0 0 0 0 0 0 0 0 0 0 0 0 0 0 0 0 0 -999
P2755 2025 7 0 0 0 0 0 0 0 0 0 0 0 0 0 0 0 0 0 0 0 0 0 0 0 0 0 0 0 0 0 0 0
P2755 2025 8 0 0 15 0 0 0 0 0 0 0 0 0 0 0 0 0 0 0 0 0 0 0 0 0 0 0 0 0 0 0 0
P2755 2025 9 0 0 0 0 0 0 0 0 0 0 0 0 0 0 0 0 0 15 0 0 0 0 0 0 0 0 0 10 5 0 -999
P2755 2025 10 0 0 0 0 0 0 0 0 0 0 0 0 0 0 0 0 27 53 48 35 58 54 17 3 4 0 0 0 9 61 74
P2755 2025 11 89 39 10 42 45 12 12 14 34 55 31 0 0 41 69 11 4 0 0 0 0 0 0 0 0 0 0 0 0 0 -999
P2755 2025 12 0 0 0 0 0 0 3 3 3 7 10 18 12 8 4 16 0 9 12 4 5 51 42 49 15 27 8 20 8 14 14
P2755 2026 1 20 8 2 0 0 0 0 0 0 0 0 0 0 0 0 0 3 3 15 20 18 11 7 2 0 0 0 0 0 0 0
P2755 2026 2 0 0 0 0 0 0 0 0 0 0 0 0 4 12 3 21 17 3 2 3 2 2 2 3 3 4 0 12 -999 -999 -999
P2755 2026 3 9 3 5 18 19 38 20 12 4 3 0 0 0 23 0 0 0 0 0 0 0 0 63 54 52 82 14 8 15 15 17
P2755 2026 4 9 11 8 11 6 11 16 4 5 3 7 11 15 4 4 2 7 7 7 0 0 0 0 0 0 0 0 0 14 31 -999
P2755 2026 5 19 7 4 0 0 0 0 0 0 8 8 7 9 8 3 0 0 0 0 0 0 0 0 0 0 0 0 0 0 0 0
P2755 2026 6 0 0 0 0 0 0 0 0 0 0 0 0 0 0 0 0 0 0 0 0 0 0 0 0 0 0 0 0 0 0 -999
P2755 2026 7 0 0 0 0 0 0 0 0 0 0 0 0 0 0 0 0 0 0 0 0 0 0 0 0 0 0 0 0 0 0 0
P2755 2026 8 0 0 0 0 0 0 0 0 0 0 0 0 0 0 0 0 0 0 0 0 0 0 0 0 0 0 0 0 0 0 0
P2755 2026 9 0 7 10 8 0 0 0 0 0 0 0 0 0 0 0 0 0 0 0 0 29 14 0 0 0 0 0 0 0 0 -999
P2755 2026 10 0 0 0 0 0 0 0 0 0 0 0 0 0 0 0 0 0 3 0 8 11 3 0 0 0 0 0 5 12 39 80
P2755 2026 11 86 38 23 39 67 48 6 23 50 39 13 37 5 14 52 23 6 2 0 0 6 0 2 3 0 0 2 4 0 0 -999
P2755 2026 12 0 3 3 0 0 0 0 0 0 0 2 3 2 7 50 56 27 72 107 28 7 24 35 7 5 3 0 4 0 0 0
P2755 2027 1 0 0 0 4 6 38 59 32 4 8 63 42 7 8 23 30 15 4 9 6 13 15 4 0 3 45 52 71 52 14 0
P2755 2027 2 0 0 0 0 0 0 0 0 0 3 11 5 5 0 12 7 11 14 12 10 6 14 34 6 0 7 2 6 -999 -999 -999
P2755 2027 3 7 12 16 9 5 6 5 10 6 0 0 0 0 0 0 0 13 18 23 22 40 38 39 34 5 9 7 3 2 0 0
P2755 2027 4 0 9 0 24 0 0 0 0 0 0 0 0 0 17 12 5 0 6 7 0 0 6 12 0 0 0 0 0 17 0 -999
P2755 2027 5 14 8 10 23 30 26 22 10 0 0 26 0 0 0 0 0 0 0 0 0 0 0 0 0 0 4 0 0 0 0 0
P2755 2027 6 0 0 0 17 25 6 3 0 0 0 0 0 0 0 0 0 0 0 0 0 0 0 0 0 0 0 0 8 0 0 -999
P2755 2027 7 0 0 10 0 0 0 0 0 0 0 0 0 0 0 0 0 0 0 0 0 0 0 0 0 0 0 0 0 0 0 0
P2755 2027 8 0 0 0 0 0 0 0 0 0 0 0 0 0 0 0 0 0 0 0 0 0 0 0 0 0 0 0 0 0 0 0
P2755 2027 9 0 0 0 0 0 0 0 0 0 0 0 0 0 0 0 0 0 0 0 0 0 0 0 0 0 0 0 0 5 9 -999
P2755 2027 10 15 0 0 0 0 0 0 0 0 0 0 0 0 0 0 0 7 7 5 0 0 5 13 25 8 0 0 0 0 0 0
P2755 2027 11 0 8 7 5 5 11 5 0 3 17 24 8 5 0 0 0 0 0 0 0 7 8 8 0 11 18 15 6 0 0 -999
P2755 2027 12 3 4 0 3 3 0 0 0 0 0 0 0 4 3 9 14 8 12 0 0 0 0 0 0 5 2 2 0 0 0 0
P2755 2028 1 0 3 0 0 0 0 0 0 0 0 2 4 5 0 0 6 29 36 13 0 0 0 3 8 0 0 16 16 0 0 12
P2755 2028 2 10 35 42 23 17 24 24 22 23 23 32 49 31 69 16 33 44 16 19 4 2 9 3 0 0 0 0 0 -999 -999 -999
P2755 2028 3 0 0 0 4 3 6 0 0 0 0 19 20 18 21 13 2 0 0 0 0 0 0 2 0 5 15 19 6 0 0 0
P2755 2028 4 0 0 0 0 0 0 0 0 0 11 5 4 0 0 0 0 13 0 27 44 14 3 0 0 0 0 0 0 0 0 -999
P2755 2028 5 0 0 0 0 0 0 0 15 31 19 7 11 8 0 0 0 0 0 0 0 0 0 0 13 6 3 5 16 6 8 4
P2755 2028 6 6 9 8 7 19 36 48 15 5 0 0 0 0 0 0 0 0 0 0 0 0 0 0 0 0 0 0 21 39 25 -999
P2755 2028 7 12 8 7 0 0 0 0 0 0 0 0 10 7 0 0 0 0 0 0 0 0 0 0 0 0 0 0 0 0 0 0
P2755 2028 8 0 0 0 0 0 0 0 0 0 0 0 0 0 0 0 0 0 0 0 0 0 0 0 0 0 0 0 0 0 0 0
P2755 2028 9 0 0 0 0 0 0 0 0 0 0 0 0 0 0 0 0 0 0 0 0 0 0 0 0 0 20 29 0 29 0 -999
P2755 2028 10 0 0 0 0 0 0 0 0 0 0 7 0 0 0 0 0 7 0 0 0 0 0 0 0 0 0 0 0 0 0 0
P2755 2028 11 0 0 6 4 27 31 6 0 0 0 0 22 7 4 7 10 0 17 11 14 48 16 4 0 0 0 6 11 8 11 -999
P2755 2028 12 10 5 0 0 0 0 0 0 0 0 0 5 17 29 22 26 32 25 20 23 25 26 32 17 13 18 23 12 8 33 3
P2755 2029 1 3 0 14 45 11 0 0 28 10 15 8 33 15 11 0 16 22 15 10 21 6 3 0 0 0 0 0 25 5 6 7
P2755 2029 2 30 27 29 29 22 9 8 9 0 3 3 0 3 3 0 2 2 0 0 0 0 0 0 0 6 3 7 8 -999 -999 -999
P2755 2029 3 11 8 8 30 43 45 32 10 34 20 6 0 4 7 6 0 0 0 0 26 19 3 2 2 0 0 0 0 0 6 7
P2755 2029 4 9 10 12 11 5 6 0 0 0 0 0 0 15 36 15 5 3 12 7 8 0 0 0 0 0 0 0 8 20 34 -999
P2755 2029 5 10 2 8 17 54 20 38 49 22 4 4 4 0 0 0 0 0 0 0 0 3 0 0 10 10 0 0 0 0 0 32
P2755 2029 6 42 0 45 39 0 0 0 0 0 0 0 0 0 0 0 0 0 0 0 0 0 0 0 0 0 0 0 0 0 0 -999
P2755 2029 7 0 0 0 0 0 0 0 0 0 0 0 0 0 0 0 0 0 0 0 0 0 0 0 0 0 0 0 0 0 0 0
P2755 2029 8 0 0 0 0 0 0 0 0 0 0 0 0 0 0 0 0 0 0 0 0 0 0 0 0 0 0 0 0 0 0 0
P2755 2029 9 0 0 0 0 0 0 0 0 0 0 0 0 0 0 0 0 0 0 0 0 0 0 10 6 16 37 30 16 0 0 -999
P2755 2029 10 0 0 0 0 0 0 0 0 0 0 0 0 0 0 0 0 0 12 4 0 0 0 0 0 0 27 17 23 52 46 7
P2755 2029 11 0 0 0 0 0 0 0 0 0 0 0 0 0 0 0 0 6 8 5 0 11 5 7 19 3 0 4 3 10 0 -999
P2755 2029 12 3 3 6 21 86 8 11 18 55 5 4 2 2 5 7 0 6 5 2 0 2 59 39 33 50 6 14 32 44 16 0
P2755 2030 1 0 0 0 16 21 10 11 21 13 33 26 15 7 10 5 25 7 0 0 0 7 2 3 4 5 2 8 8 11 4 0
P2755 2030 2 11 6 25 14 11 7 10 12 2 0 0 0 0 0 0 32 15 8 0 0 0 9 8 3 17 4 0 0 -999 -999 -999
P2755 2030 3 0 0 0 0 0 0 0 0 0 0 0 0 0 0 0 0 11 0 15 10 0 9 14 30 46 38 16 17 47 27 41
P2755 2030 4 81 34 13 3 2 0 0 4 9 17 13 0 0 18 21 9 7 14 18 22 5 5 4 8 20 46 19 4 8 14 -999
P2755 2030 5 10 0 0 0 0 0 0 0 0 15 21 19 8 20 41 43 7 8 0 0 0 0 0 0 0 0 0 0 0 0 0
P2755 2030 6 0 0 0 0 0 0 0 0 0 0 0 0 0 0 0 0 18 27 11 6 0 0 0 5 0 0 0 0 0 0 -999
P2755 2030 7 0 0 0 0 0 0 0 0 0 0 0 0 0 0 0 0 0 0 0 0 0 0 0 0 0 0 0 0 0 0 0
P2755 2030 8 0 0 0 0 0 0 0 0 0 0 0 0 0 0 0 0 0 0 0 0 0 0 0 0 0 0 0 0 0 0 0
P2755 2030 9 0 0 0 0 0 0 0 0 0 0 0 0 0 0 0 45 82 27 9 6 14 19 23 6 6 6 5 12 6 5 -999
P2755 2030 10 0 0 0 0 0 0 0 32 39 48 24 15 12 10 15 7 0 0 44 53 50 49 16 16 9 0 0 0 20 21 15
P2755 2030 11 0 0 19 0 24 30 69 60 29 43 43 10 6 14 21 16 27 42 36 16 16 35 51 39 20 15 3 26 37 10 -999
P2755 2030 12 2 0 0 0 8 19 4 8 3 4 7 4 0 0 0 0 0 0 2 3 2 0 0 0 0 4 9 12 8 21 6
P2755 2031 1 16 0 0 18 15 19 3 20 42 59 17 41 63 51 58 22 0 0 4 0 4 0 0 0 0 0 0 0 0 0 4
P2755 2031 2 3 9 15 12 9 21 9 7 20 10 7 11 14 9 5 0 23 34 6 8 20 13 15 18 5 7 0 2 -999 -999 -999
P2755 2031 3 5 6 5 20 44 45 10 8 34 54 22 26 87 4 2 3 8 4 3 4 2 0 0 0 0 0 0 0 0 6 19
P2755 2031 4 6 5 6 3 5 7 6 8 9 10 7 8 31 8 2 0 0 0 0 0 0 0 0 0 0 0 0 0 0 0 -999
P2755 2031 5 5 5 9 0 0 0 0 0 0 6 11 0 0 0 0 0 0 0 0 9 0 0 0 0 0 0 0 0 0 0 0
P2755 2031 6 0 0 0 0 0 0 37 11 0 0 0 0 0 0 0 0 0 0 0 0 0 0 0 0 0 0 0 0 0 0 -999
P2755 2031 7 0 0 0 0 0 0 0 0 0 0 0 0 0 17 12 5 8 9 0 0 0 0 0 0 0 0 0 0 0 0 0
P2755 2031 8 0 0 0 0 0 0 0 0 0 0 8 9 7 0 0 0 0 0 0 0 0 0 0 0 0 0 0 0 0 0 0
P2755 2031 9 0 0 0 0 0 0 0 0 0 0 0 14 0 0 0 0 0 0 0 0 0 18 33 16 13 12 16 8 7 0 -999
P2755 2031 10 0 0 0 0 0 0 0 10 18 0 0 0 0 0 0 16 10 9 17 16 18 20 0 0 16 0 0 13 0 0 4
P2755 2031 11 0 3 10 36 14 19 21 18 4 0 15 13 28 51 55 56 12 20 39 44 61 47 16 10 59 34 27 36 21 12 -999
P2755 2031 12 30 62 53 24 42 44 68 57 23 7 3 0 0 0 6 6 0 0 2 4 27 27 37 65 63 26 16 40 12 15 4
P2755 2032 1 0 0 28 57 58 34 36 96 33 2 6 39 14 24 35 12 0 0 0 3 0 0 1 0 3 4 6 4 10 45 15
P2755 2032 2 4 8 20 15 3 3 3 0 0 13 41 30 6 0 0 15 0 10 0 0 0 8 7 0 0 0 9 24 -999 -999 -999
P2755 2032 3 17 0 0 0 0 0 0 0 0 0 0 0 0 0 2 0 0 0 0 0 0 0 0 0 0 0 0 0 6 11 6
P2755 2032 4 25 64 22 20 30 26 49 54 33 8 4 3 4 11 10 13 10 4 0 6 0 0 6 44 47 4 0 0 0 0 -999
P2755 2032 5 0 0 5 5 0 0 0 0 0 0 0 17 0 0 9 7 0 7 5 6 0 4 0 0 11 10 6 9 13 18 20
P2755 2032 6 0 0 0 0 0 0 0 16 17 0 0 0 0 0 0 20 16 10 0 0 0 0 0 0 0 0 0 0 0 0 -999
P2755 2032 7 0 0 0 12 0 0 0 0 0 0 0 0 0 0 0 0 0 0 0 0 0 0 0 0 0 0 0 0 0 0 0
P2755 2032 8 0 0 0 0 0 0 0 0 0 0 0 0 0 0 0 0 0 0 0 0 0 0 0 0 0 0 0 0 0 0 0
P2755 2032 9 0 0 0 0 0 0 0 0 0 0 29 8 12 9 0 0 25 9 0 0 0 0 0 0 0 0 0 0 0 0 -999
P2755 2032 10 15 20 26 17 0 0 0 7 12 0 0 0 0 20 48 17 9 0 0 17 11 11 48 16 7 6 0 12 40 6 6
P2755 2032 11 6 10 16 24 10 0 0 0 0 0 0 0 0 0 0 10 7 0 0 0 0 3 5 5 5 7 24 14 21 85 -999
P2755 2032 12 40 14 10 11 11 0 0 0 0 0 0 0 0 0 0 0 0 0 0 3 2 0 0 8 15 15 5 0 0 6 4
P2755 2033 1 3 4 24 41 54 54 75 88 124 102 12 18 47 4 14 55 19 17 11 5 0 0 6 6 7 9 34 46 6 9 5
P2755 2033 2 0 0 0 0 4 6 12 18 24 12 51 54 30 3 0 0 0 0 5 4 0 0 0 14 5 3 0 0 -999 -999 -999
P2755 2033 3 0 0 3 3 0 0 5 4 6 6 41 62 43 24 23 28 30 38 0 7 11 12 10 0 0 0 5 17 4 4 0
P2755 2033 4 0 0 4 16 49 45 41 37 30 27 29 36 44 26 16 65 72 54 22 15 13 37 26 10 38 6 5 7 10 7 -999
P2755 2033 5 8 0 12 12 0 0 0 0 0 6 0 14 13 30 6 7 21 33 20 14 27 10 6 5 0 0 0 0 0 0 0
P2755 2033 6 0 0 0 0 0 0 0 0 0 0 0 0 0 0 0 0 0 0 0 0 0 0 0 0 0 0 0 0 0 0 -999
P2755 2033 7 0 0 0 0 0 0 0 0 0 0 0 0 0 0 0 0 0 0 0 0 0 0 0 0 0 0 0 0 0 0 0
P2755 2033 8 0 0 0 0 0 0 0 0 0 0 0 0 0 0 0 0 0 0 0 0 0 0 0 0 0 0 0 0 0 24 0
P2755 2033 9 0 0 0 0 0 0 0 12 0 0 0 0 0 22 25 23 0 0 0 0 0 0 0 0 0 0 0 0 0 0 -999
P2755 2033 10 10 0 0 18 52 43 41 43 16 15 43 37 34 0 0 0 0 0 0 0 0 0 0 0 11 4 0 4 4 0 0
P2755 2033 11 8 20 40 55 25 6 0 0 0 0 0 0 0 0 0 0 7 6 3 3 3 9 0 0 0 0 0 0 0 0 -999
P2755 2033 12 4 5 7 5 2 0 0 3 3 0 3 4 2 0 0 0 0 0 0 0 0 0 0 0 0 0 0 0 5 3 0
P2755 2034 1 0 3 3 7 10 9 9 11 11 12 20 62 127 70 63 22 14 10 0 0 0 2 0 0 0 0 0 0 0 0 0
P2755 2034 2 0 0 0 0 0 3 4 0 0 2 2 4 7 3 9 17 30 37 42 10 3 0 0 0 0 0 5 14 -999 -999 -999
P2755 2034 3 18 24 43 34 34 28 6 5 0 0 0 0 4 8 11 8 3 3 2 0 0 4 10 49 49 37 12 12 0 0 0
P2755 2034 4 0 0 0 0 0 0 0 0 0 0 8 0 0 0 0 0 0 0 0 3 35 5 0 0 0 0 0 16 13 0 -999
P2755 2034 5 0 0 0 0 0 0 0 0 0 0 0 0 0 0 0 0 0 0 0 0 0 0 0 0 0 0 0 0 0 8 0
P2755 2034 6 0 0 0 0 17 17 7 0 0 0 0 0 0 0 0 0 0 0 0 0 0 0 0 0 0 0 0 0 0 0 -999
P2755 2034 7 0 0 0 0 0 0 0 0 0 0 0 0 0 0 0 0 0 0 0 0 0 0 0 0 0 0 0 0 0 0 0
P2755 2034 8 0 0 0 5 0 0 0 0 0 0 0 0 0 0 0 0 0 0 0 0 0 0 0 0 0 0 0 0 0 0 0
P2755 2034 9 0 0 0 0 0 0 0 0 0 0 0 0 0 0 0 0 0 0 0 0 0 0 0 0 0 14 0 0 0 23 -999
P2755 2034 10 24 9 8 8 25 45 7 0 0 19 16 4 2 3 0 8 8 0 7 0 9 7 0 9 14 23 8 15 9 0 0
P2755 2034 11 0 0 0 0 0 6 14 9 29 5 0 13 12 0 0 0 0 0 0 0 19 20 24 29 17 55 11 15 13 9 -999
P2755 2034 12 6 0 0 0 2 5 21 25 13 7 7 0 2 12 43 7 0 0 0 0 6 10 0 0 4 7 17 7 9 5 15
P2755 2035 1 3 0 8 15 19 15 18 33 21 5 4 3 7 7 4 4 16 4 3 13 53 94 82 83 3 2 0 6 5 0 0
P2755 2035 2 6 18 5 0 0 0 7 4 2 0 0 0 0 0 0 0 0 0 2 3 22 73 123 75 53 6 12 34 -999 -999 -999
P2755 2035 3 48 52 44 10 12 22 33 59 43 4 4 13 41 63 59 45 15 7 26 34 47 40 35 5 23 29 4 17 8 30 39
P2755 2035 4 59 44 25 30 43 23 19 49 170 43 19 15 6 18 0 0 0 34 22 49 61 62 52 40 21 5 4 14 31 25 -999
P2755 2035 5 31 8 0 0 0 0 0 0 0 0 0 0 0 0 0 0 0 0 0 0 0 0 41 31 6 0 0 0 0 41 28
P2755 2035 6 13 0 0 12 16 22 13 5 23 8 11 0 0 0 0 0 0 0 0 0 0 0 0 0 0 0 0 0 0 0 -999
P2755 2035 7 0 0 0 0 0 0 0 0 0 0 0 0 0 0 0 0 0 0 0 0 0 0 0 0 0 0 0 0 0 0 0
P2755 2035 8 0 0 0 0 0 0 0 0 0 0 0 0 0 0 0 0 0 0 0 0 0 0 0 0 0 0 0 0 0 0 0
P2755 2035 9 0 0 0 0 0 0 0 0 0 0 0 0 0 0 0 0 0 0 0 0 0 0 32 30 0 28 30 0 0 0 -999
P2755 2035 10 0 12 23 21 0 0 0 0 0 0 0 0 20 37 18 0 0 0 0 33 13 8 0 0 0 0 0 0 0 0 0
P2755 2035 11 0 0 15 18 18 21 9 0 0 0 0 0 0 0 0 0 0 0 0 0 0 0 0 0 0 0 14 11 4 0 -999
P2755 2035 12 9 10 9 9 35 45 58 47 22 116 8 2 4 4 4 3 0 0 10 44 35 26 0 0 6 0 0 0 0 0 3
P2755 2036 1 4 3 2 2 2 5 7 13 14 26 32 14 14 2 0 3 9 23 33 10 22 12 4 5 0 0 4 2 2 0 3
P2755 2036 2 4 0 0 0 0 0 4 10 13 5 8 10 26 29 7 8 5 2 0 0 0 0 0 0 0 0 3 5 -999 -999 -999
P2755 2036 3 35 46 12 19 20 14 0 0 0 0 0 0 0 5 8 6 0 0 0 6 4 0 0 5 4 7 9 19 13 11 25
P2755 2036 4 20 31 31 8 4 2 0 0 0 0 0 0 0 0 0 0 0 0 0 0 0 0 0 5 8 12 10 0 0 0 -999
P2755 2036 5 0 0 0 9 8 5 0 0 0 0 8 16 22 8 8 19 15 4 2 0 0 0 0 0 0 0 0 0 0 0 0
P2755 2036 6 0 27 0 0 0 0 0 0 0 0 0 0 0 0 0 0 0 5 10 0 0 0 0 0 0 0 0 0 0 0 -999
P2755 2036 7 0 0 0 0 0 0 0 0 0 0 0 0 0 0 0 0 0 0 0 0 0 0 0 0 0 0 0 0 0 0 0
P2755 2036 8 0 0 0 0 0 0 0 0 0 0 0 0 0 0 0 0 0 0 0 0 0 0 0 0 0 0 0 0 0 0 0
P2755 2036 9 0 0 0 0 0 0 0 0 0 0 0 0 0 0 0 0 0 0 0 0 0 0 0 0 0 0 0 0 0 0 -999
P2755 2036 10 0 8 0 0 0 0 0 0 0 0 21 0 0 0 8 5 0 0 0 0 0 0 0 0 0 15 26 16 39 55 35
P2755 2036 11 19 0 0 0 9 9 3 23 26 6 3 6 22 38 26 21 7 5 0 8 6 3 0 0 0 8 19 29 12 0 -999
P2755 2036 12 0 0 5 8 9 3 0 0 0 0 0 4 4 4 3 0 0 0 6 3 6 18 26 9 11 11 4 3 4 0 0
P2755 2037 1 0 0 2 0 0 0 0 0 6 53 15 67 43 0 0 0 0 10 21 19 35 38 22 119 154 17 112 100 156 5 2
P2755 2037 2 0 34 29 33 14 29 40 34 16 8 0 0 0 0 0 0 5 3 0 0 0 0 2 0 0 8 32 6 -999 -999 -999
P2755 2037 3 2 2 0 0 0 0 0 0 0 0 0 0 13 47 59 34 23 28 8 4 13 11 11 11 11 3 0 4 11 0 0
P2755 2037 4 12 0 9 17 7 19 12 7 7 5 0 0 0 13 71 48 34 32 9 13 32 29 40 39 18 7 0 4 4 0 -999
P2755 2037 5 0 0 0 0 0 0 0 0 0 12 11 6 0 6 5 5 0 9 4 4 5 0 11 10 33 39 3 3 4 0 0
P2755 2037 6 0 0 0 0 0 0 0 0 0 0 0 0 0 0 0 0 13 22 21 0 0 0 0 0 0 0 0 0 0 0 -999
P2755 2037 7 0 0 0 0 0 0 0 0 0 0 0 0 0 0 0 0 0 0 0 0 0 0 0 0 0 0 0 0 0 0 0
P2755 2037 8 0 0 0 0 0 0 0 0 0 0 0 0 0 0 0 0 0 0 0 0 0 0 0 0 0 0 0 0 0 0 0
P2755 2037 9 0 0 0 0 0 0 0 0 0 0 0 0 0 0 0 0 0 7 0 0 0 0 0 0 0 0 0 0 0 0 -999
P2755 2037 10 7 0 0 0 0 0 0 0 0 0 13 10 0 0 0 0 0 23 13 5 0 0 0 0 0 7 0 0 0 0 0
P2755 2037 11 0 0 0 0 0 10 5 9 8 8 18 14 13 15 12 0 0 0 0 19 20 6 8 23 13 9 21 26 51 18 -999
P2755 2037 12 53 9 29 62 68 11 15 30 146 42 72 18 12 15 7 10 11 26 24 6 0 20 20 5 0 0 0 0 0 3 3
P2755 2038 1 8 17 4 8 19 2 8 3 2 2 3 0 3 13 22 9 37 5 0 8 5 4 9 63 8 18 22 8 13 20 6
P2755 2038 2 0 0 6 40 46 30 9 0 0 0 0 0 0 0 0 4 0 3 4 0 0 0 8 3 0 0 0 29 -999 -999 -999
P2755 2038 3 26 12 17 11 60 24 18 15 22 16 6 0 0 0 0 0 0 19 35 35 30 3 0 3 0 5 7 7 0 0 10
P2755 2038 4 6 0 0 3 4 0 5 11 16 0 0 0 40 40 24 12 0 0 0 0 30 18 0 0 0 24 0 0 0 20 -999
P2755 2038 5 21 10 0 0 0 0 15 0 0 0 0 0 0 0 0 0 42 52 35 29 0 12 0 0 10 16 8 13 9 5 0
P2755 2038 6 0 0 0 0 0 0 0 0 0 0 0 0 0 0 0 0 0 0 0 0 0 0 0 0 0 0 0 0 0 0 -999
P2755 2038 7 0 0 0 0 0 0 0 0 0 0 0 0 0 0 0 0 0 0 0 0 0 0 0 0 0 0 0 0 0 0 0
P2755 2038 8 0 0 0 0 0 0 0 0 0 0 0 0 0 0 0 0 0 0 0 0 0 0 0 17 0 0 0 0 0 0 0
P2755 2038 9 0 0 0 0 0 0 0 0 0 0 0 0 0 0 0 0 0 0 0 0 0 0 0 14 0 0 0 0 0 0 -999
P2755 2038 10 0 0 0 0 0 0 0 0 0 0 0 0 0 0 0 0 0 0 10 0 12 12 39 9 0 0 0 0 6 0 0
P2755 2038 11 25 27 18 4 0 0 7 12 12 6 6 18 9 27 55 21 13 8 4 3 0 0 0 0 0 0 0 0 3 2 -999
P2755 2038 12 5 8 12 25 29 38 10 13 3 5 40 34 78 4 13 16 22 28 44 15 47 7 0 0 10 9 17 9 0 0 7
P2755 2039 1 6 9 10 5 12 7 11 15 6 0 0 0 0 0 5 9 27 3 30 21 4 5 6 15 18 3 4 4 3 2 3
P2755 2039 2 8 23 6 6 6 9 13 13 16 27 12 0 0 3 5 6 7 0 5 0 0 0 4 10 48 5 3 0 -999 -999 -999
P2755 2039 3 3 0 0 0 0 0 0 7 8 0 0 44 7 27 18 19 10 24 23 25 7 5 3 0 0 9 4 0 0 0 0
P2755 2039 4 0 0 0 0 0 0 0 0 0 0 0 0 0 14 14 3 0 0 5 6 7 6 4 0 0 0 0 0 0 0 -999
P2755 2039 5 0 0 0 0 0 0 0 0 0 0 0 0 0 0 0 26 8 10 8 9 8 10 11 0 6 0 0 0 0 0 0
P2755 2039 6 12 15 25 31 29 7 0 0 0 0 0 0 0 0 0 0 0 0 0 0 0 0 0 0 0 0 0 15 15 0 -999
P2755 2039 7 0 0 0 0 0 0 0 0 0 0 0 0 0 0 0 0 0 0 0 0 0 0 0 0 0 0 0 0 0 0 0
P2755 2039 8 0 0 0 0 0 0 0 0 0 0 0 0 0 0 0 0 0 0 0 0 0 0 0 0 0 0 0 0 0 0 0
P2755 2039 9 0 0 0 0 0 0 0 0 0 0 0 0 0 0 0 0 0 0 0 0 0 0 0 0 0 0 0 0 0 0 -999
P2755 2039 10 0 0 0 0 0 0 0 0 0 0 0 0 0 9 8 5 0 5 0 9 19 54 62 22 18 19 163 50 50 60 13
P2755 2039 11 3 0 0 0 0 0 0 7 12 14 32 39 26 10 6 5 2 19 85 63 40 10 34 5 0 0 6 48 4 2 -999
P2755 2039 12 5 17 21 42 74 31 12 10 46 7 20 8 9 10 6 4 4 5 16 53 10 5 6 10 13 6 19 42 18 20 8
P2755 2040 1 6 0 0 12 55 37 24 19 11 23 20 13 16 10 10 46 13 8 13 8 6 7 4 0 0 0 0 0 0 0 0
P2755 2040 2 0 0 0 13 7 2 0 0 2 3 2 0 4 9 6 3 2 4 8 5 2 3 2 0 0 0 0 0 -999 -999 -999
P2755 2040 3 0 0 0 0 0 0 0 0 0 0 0 0 0 7 10 0 0 0 0 27 0 21 55 51 54 37 15 8 23 26 10
P2755 2040 4 3 30 45 24 6 5 5 5 0 0 0 0 0 0 0 16 31 0 0 0 0 8 5 4 33 47 8 3 0 0 -999
P2755 2040 5 7 4 8 4 5 6 0 0 0 0 0 0 0 0 0 0 0 0 0 0 0 0 0 0 0 0 0 0 0 0 0
P2755 2040 6 0 0 0 0 0 0 0 0 0 0 0 0 0 0 0 0 0 0 0 0 0 0 0 0 0 0 0 0 0 0 -999
P2755 2040 7 0 0 0 0 0 0 0 0 0 0 0 0 0 0 0 0 0 0 0 0 0 0 0 0 0 0 0 0 0 0 0
P2755 2040 8 0 0 0 0 0 0 0 0 0 0 0 0 0 0 0 0 0 0 0 0 0 0 0 0 0 0 0 0 0 0 0
P2755 2040 9 0 0 0 0 0 0 0 0 0 0 0 0 0 0 0 0 0 0 0 0 0 0 0 0 0 0 24 12 12 9 -999
P2755 2040 10 6 0 0 0 0 0 0 0 0 0 0 0 0 0 0 0 14 28 40 20 7 4 3 0 0 7 5 0 0 0 0
P2755 2040 11 0 10 11 0 0 8 58 206 179 26 6 4 7 11 10 6 3 0 0 0 0 0 0 7 11 8 0 0 0 0 -999
P2755 2040 12 7 0 0 15 29 25 17 0 4 4 14 34 50 23 5 0 0 0 9 8 5 15 11 15 2 0 10 18 9 7 9
P2755 2041 1 7 0 0 5 0 0 4 5 4 6 8 7 9 6 4 0 0 0 30 19 38 29 57 58 55 55 65 66 19 5 0
P2755 2041 2 0 0 0 0 9 21 37 79 36 26 26 21 32 16 18 21 28 43 51 10 53 44 9 60 39 9 3 0 -999 -999 -999
P2755 2041 3 4 4 0 0 6 8 8 5 12 6 9 20 6 9 13 11 7 42 59 35 18 12 26 58 21 49 29 14 11 16 20
P2755 2041 4 2 0 0 0 0 0 0 0 0 0 3 2 4 3 4 3 6 22 34 16 14 9 8 22 48 39 2 3 0 0 -999
P2755 2041 5 0 0 11 20 0 0 0 0 0 34 22 11 0 0 0 0 0 0 37 44 52 51 42 23 11 20 34 22 7 7 8
P2755 2041 6 5 0 0 0 0 0 0 0 0 0 0 0 0 0 0 0 0 0 0 0 0 0 0 0 0 0 0 0 0 0 -999
P2755 2041 7 0 0 0 0 0 0 0 0 0 13 0 0 0 0 0 0 0 0 0 0 0 0 0 0 0 13 18 14 0 0 0
P2755 2041 8 0 0 0 0 0 0 0 0 0 0 0 0 0 0 0 0 0 0 0 0 0 0 0 0 0 0 0 0 0 0 0
P2755 2041 9 0 0 0 0 0 0 0 0 0 0 0 0 0 0 0 0 0 0 0 0 0 0 20 25 46 7 0 0 0 0 -999
P2755 2041 10 0 17 9 7 0 0 0 0 0 0 27 0 0 0 0 0 0 0 0 0 0 11 0 0 0 5 0 0 9 0 0
P2755 2041 11 0 0 0 6 6 9 6 0 11 11 32 24 25 30 33 53 127 58 14 24 33 56 29 108 46 11 14 25 16 10 -999
P2755 2041 12 11 19 9 15 57 22 10 7 4 0 0 6 7 15 18 46 52 50 18 21 13 2 9 8 0 0 2 2 0 0 0
P2755 2042 1 0 0 3 0 0 12 32 7 8 3 2 2 0 0 0 0 0 0 0 0 0 0 0 0 3 0 0 0 0 0 10
P2755 2042 2 18 11 0 0 0 0 0 0 5 6 3 0 0 0 0 0 0 4 4 4 0 0 0 18 13 0 0 0 -999 -999 -999
P2755 2042 3 0 0 0 0 0 4 3 0 0 0 0 0 6 7 13 15 0 28 54 52 12 30 4 23 10 7 5 0 0 8 24
P2755 2042 4 17 5 0 0 9 29 40 6 10 9 4 9 7 13 12 7 6 0 0 0 24 44 54 37 44 34 23 20 17 31 -999
P2755 2042 5 43 24 20 3 2 3 0 0 12 15 0 0 0 0 0 0 0 0 0 0 0 0 0 0 0 0 0 0 0 0 7
P2755 2042 6 0 6 5 5 0 0 0 0 0 0 0 0 0 0 0 0 0 0 0 0 0 0 0 0 0 0 0 0 0 0 -999
P2755 2042 7 0 0 0 0 0 0 0 0 0 0 0 0 0 0 22 10 0 0 0 0 0 0 0 0 0 0 0 0 0 0 0
P2755 2042 8 0 0 0 0 0 0 0 0 0 0 0 0 0 0 0 0 0 0 0 0 0 0 0 0 0 0 0 0 0 0 0
P2755 2042 9 0 0 0 0 0 0 0 0 0 0 0 0 0 0 0 0 0 0 0 0 0 0 0 0 0 0 0 0 0 0 -999
P2755 2042 10 0 0 0 0 0 0 12 17 0 0 0 22 41 33 18 16 8 9 5 49 45 18 8 0 0 0 0 6 0 0 0
P2755 2042 11 0 0 0 0 0 0 12 10 7 0 0 0 0 0 0 0 0 0 0 15 3 0 0 0 0 3 3 4 13 6 -999
P2755 2042 12 4 3 14 45 13 8 5 8 18 23 13 23 13 21 39 9 18 50 13 17 10 10 19 28 3 4 3 0 0 0 0
P2755 2043 1 2 4 6 5 3 16 11 2 0 0 0 2 16 75 43 23 11 10 3 29 10 17 17 40 3 0 2 5 14 4 3
P2755 2043 2 0 0 0 5 5 20 18 0 0 0 0 0 3 2 2 0 0 0 0 0 5 4 3 0 0 2 0 0 -999 -999 -999
P2755 2043 3 0 19 16 18 5 4 16 56 57 22 45 10 5 0 8 0 0 0 35 6 13 21 48 18 21 3 3 3 4 6 4
P2755 2043 4 5 4 3 5 0 0 0 0 0 0 38 0 0 0 0 26 44 10 6 30 2 0 0 0 0 0 0 0 0 0 -999
P2755 2043 5 0 0 0 20 0 0 0 0 0 0 0 0 0 0 0 0 0 0 0 36 37 46 49 30 0 0 29 20 4 7 9
P2755 2043 6 7 6 3 0 0 0 0 0 0 0 0 0 0 0 0 0 0 0 0 0 0 0 0 0 0 0 0 0 0 0 -999
P2755 2043 7 0 0 0 0 0 0 0 0 0 0 0 0 0 0 0 0 0 0 0 0 0 0 0 0 0 0 0 0 0 0 0
P2755 2043 8 0 0 0 0 0 0 0 0 0 0 0 0 0 0 0 0 0 0 0 0 0 0 0 0 0 15 10 0 10 0 0
P2755 2043 9 0 0 0 0 0 0 0 0 0 0 0 0 0 0 0 0 0 0 0 0 0 0 0 0 0 0 0 0 10 11 -999
P2755 2043 10 0 23 0 0 0 0 0 0 0 10 0 0 0 0 10 0 18 4 0 0 0 11 18 0 12 23 8 10 19 9 3
P2755 2043 11 0 0 0 0 0 0 0 0 0 15 34 17 40 48 0 0 0 0 0 0 0 0 2 5 11 18 4 16 12 9 -999
P2755 2043 12 4 4 2 0 0 0 5 0 4 9 19 24 3 9 25 8 2 9 55 26 126 19 0 0 8 12 19 0 0 8 0
P2755 2044 1 0 0 9 0 0 3 3 0 0 3 4 2 0 0 3 3 51 87 23 5 4 3 0 0 0 3 5 36 21 2 0
P2755 2044 2 0 0 0 0 7 10 2 0 5 14 9 3 0 0 0 0 0 0 0 0 0 0 0 36 43 12 22 11 -999 -999 -999
P2755 2044 3 5 21 50 68 41 10 3 22 9 9 4 3 0 0 0 0 6 29 36 15 5 5 4 13 9 10 22 113 9 35 4
P2755 2044 4 2 6 8 6 0 0 0 0 0 0 0 0 0 17 9 0 0 0 0 0 0 0 0 0 0 12 25 5 0 0 -999
P2755 2044 5 0 0 0 0 25 8 0 10 18 26 4 0 0 0 0 0 0 0 43 52 34 17 0 0 0 0 0 0 0 32 7
P2755 2044 6 0 0 0 0 0 0 16 0 0 0 0 0 0 0 0 0 0 0 0 0 0 0 0 0 0 0 0 0 0 0 -999
P2755 2044 7 0 0 0 0 0 0 0 0 0 0 0 0 0 0 0 0 0 0 0 0 0 0 0 0 0 0 0 0 0 0 0
P2755 2044 8 0 0 0 0 0 0 0 0 0 0 0 0 0 0 0 0 0 0 0 0 0 0 0 0 0 0 0 0 0 0 0
P2755 2044 9 0 0 0 0 0 0 0 0 0 0 0 0 0 0 0 0 0 0 0 0 0 0 0 22 33 20 0 0 0 27 -999
P2755 2044 10 36 19 16 0 0 0 0 0 0 0 0 0 0 0 0 0 0 12 21 31 34 13 5 0 4 0 0 0 0 0 0
P2755 2044 11 9 5 6 5 6 0 5 8 5 3 19 25 19 27 6 15 36 8 12 32 46 46 23 116 104 188 74 21 15 0 -999
P2755 2044 12 0 0 0 0 0 5 0 8 15 34 6 4 16 14 13 15 10 8 4 5 4 23 8 7 12 2 3 3 14 4 19
P2755 2045 1 47 47 19 7 5 7 46 55 29 8 58 19 37 41 11 18 17 4 2 0 0 7 5 5 4 0 0 0 0 0 8
P2755 2045 2 9 40 37 14 11 29 12 4 0 0 4 4 17 2 2 2 2 2 0 0 3 2 0 0 0 0 0 0 -999 -999 -999
P2755 2045 3 0 0 0 0 0 0 3 7 12 0 0 6 22 11 10 3 2 2 0 0 0 0 0 0 5 2 0 0 0 0 0
P2755 2045 4 13 0 0 5 5 34 52 4 4 5 10 6 0 5 0 0 0 0 0 0 0 0 0 0 0 0 0 0 5 6 -999
P2755 2045 5 10 0 0 0 0 0 0 31 14 6 3 0 0 0 0 0 0 0 0 0 0 0 0 0 0 0 0 0 0 0 5
P2755 2045 6 8 0 0 0 0 0 7 10 0 7 8 6 0 0 0 0 0 0 0 0 17 12 13 0 15 12 6 0 0 0 -999
P2755 2045 7 0 0 0 0 0 0 0 0 0 0 0 0 0 0 0 0 0 0 0 0 0 0 0 0 0 0 0 0 0 0 0
P2755 2045 8 0 0 0 0 0 0 0 0 0 0 0 0 0 0 0 0 0 0 0 0 0 0 0 0 0 0 0 0 0 0 0
P2755 2045 9 0 0 0 0 0 0 0 0 0 0 0 0 0 0 0 0 0 0 0 0 0 0 0 0 0 0 0 0 0 24 -999
P2755 2045 10 17 9 20 30 18 4 0 0 0 0 0 0 0 0 41 32 41 22 7 0 0 0 0 0 0 0 0 0 0 0 0
P2755 2045 11 17 29 7 0 7 5 0 0 0 0 0 9 14 5 8 30 98 63 9 0 0 0 13 64 10 17 60 78 20 15 -999
P2755 2045 12 9 0 9 10 16 21 3 8 6 3 0 0 0 3 0 0 0 10 9 11 15 6 8 10 18 17 8 9 0 0 0
P2755 2046 1 0 4 20 49 56 26 21 14 5 5 69 62 33 13 30 22 11 22 19 14 5 4 6 4 4 32 51 50 29 21 27
P2755 2046 2 51 59 50 26 13 17 17 15 8 7 16 13 33 36 39 19 8 5 5 4 12 87 28 9 26 25 74 62 -999 -999 -999
P2755 2046 3 48 59 104 37 19 34 50 57 119 99 111 28 85 36 135 22 75 61 25 27 39 11 3 2 0 0 0 25 37 2 2
P2755 2046 4 0 2 3 21 9 3 3 29 15 9 11 4 4 9 22 9 13 0 46 46 21 9 15 20 18 14 8 11 11 5 -999
P2755 2046 5 0 0 0 0 0 0 0 3 0 0 0 0 0 0 0 0 0 6 2 3 3 0 0 0 0 10 0 4 5 0 0
P2755 2046 6 0 0 0 0 0 0 0 0 0 0 0 0 0 0 0 9 0 6 14 15 7 0 0 0 0 0 0 0 0 0 -999
P2755 2046 7 0 0 0 0 0 0 0 0 0 0 0 0 0 0 0 0 0 0 0 0 0 0 0 0 0 0 0 0 0 0 0
P2755 2046 8 0 0 0 0 0 0 0 0 0 0 0 0 0 0 0 0 0 0 0 0 0 0 0 0 0 0 0 0 0 0 0
P2755 2046 9 0 0 0 0 0 0 0 0 0 0 0 0 0 0 0 0 0 0 0 0 0 0 0 0 0 0 0 0 0 0 -999
P2755 2046 10 0 0 0 16 14 17 18 33 5 0 4 0 0 0 0 0 0 0 0 0 5 22 25 11 22 11 7 9 15 41 23
P2755 2046 11 4 0 0 0 14 52 27 31 14 15 11 4 0 3 0 0 0 0 0 0 0 0 4 5 11 5 6 24 47 29 -999
P2755 2046 12 63 121 72 13 39 62 128 50 46 23 16 28 13 128 89 50 34 81 27 11 10 0 0 0 0 0 0 0 0 0 0
P2755 2047 1 0 0 0 0 0 0 3 12 5 7 18 9 8 33 50 184 123 17 47 5 39 31 4 4 0 0 0 0 0 0 0
P2755 2047 2 4 5 5 10 17 5 5 7 0 0 0 4 5 27 4 2 0 0 0 0 2 0 0 7 36 3 37 20 -999 -999 -999
P2755 2047 3 13 14 9 2 16 26 18 0 0 0 0 0 0 0 8 0 0 0 0 0 0 4 31 40 7 5 10 8 0 7 7
P2755 2047 4 54 6 9 6 0 3 0 0 11 26 51 54 13 4 29 38 9 6 6 5 4 0 0 0 0 0 10 6 0 0 -999
P2755 2047 5 0 0 0 5 7 0 0 0 0 18 0 20 21 10 0 0 0 0 0 0 0 0 0 0 0 0 0 0 0 0 0
P2755 2047 6 0 0 0 0 0 0 0 0 0 0 0 0 0 0 7 10 3 0 6 0 0 0 0 0 0 0 0 0 0 0 -999
P2755 2047 7 0 11 10 8 12 0 0 0 0 0 0 0 0 0 0 0 0 0 18 27 14 0 0 0 0 0 0 0 0 0 0
P2755 2047 8 0 0 0 0 0 0 0 0 0 0 0 0 0 0 0 0 0 0 0 0 0 0 0 0 0 0 0 0 0 0 0
P2755 2047 9 0 0 0 0 0 0 0 0 0 0 0 0 37 42 42 31 13 0 0 0 0 0 0 0 28 0 0 0 0 0 -999
P2755 2047 10 0 20 41 42 65 56 36 20 20 62 32 33 14 14 29 45 139 11 35 4 4 11 0 0 0 0 6 3 0 0 0
P2755 2047 11 3 4 6 8 7 10 0 0 12 0 9 5 4 4 7 10 14 0 0 0 0 0 0 0 0 0 0 0 0 0 -999
P2755 2047 12 0 0 0 0 0 0 0 0 0 0 0 0 0 0 3 0 0 0 0 0 0 0 3 5 8 2 2 2 4 3 0
P2755 2048 1 3 10 0 0 0 0 0 0 0 0 3 20 9 17 8 0 0 0 0 0 0 0 0 0 0 0 0 0 0 0 3
P2755 2048 2 0 4 2 2 3 3 0 0 4 4 5 10 7 9 8 15 7 3 2 0 0 0 0 0 0 0 0 0 -999 -999 -999
P2755 2048 3 0 0 0 0 6 6 11 36 28 20 40 8 6 17 6 21 5 7 0 0 29 3 0 0 4 10 14 12 21 21 7
P2755 2048 4 4 3 3 0 0 0 0 0 0 4 0 0 0 0 0 0 0 0 0 0 0 5 18 3 0 0 0 0 0 0 -999
P2755 2048 5 0 0 10 17 9 12 11 8 11 13 0 0 7 16 15 0 6 28 6 0 17 41 27 0 0 0 0 0 0 0 0
P2755 2048 6 0 0 0 0 0 0 0 0 0 0 0 0 0 0 0 0 0 0 0 0 0 0 0 0 0 0 0 0 0 0 -999
P2755 2048 7 0 0 0 0 0 0 0 0 0 0 0 0 0 0 0 0 0 0 0 0 0 0 0 0 0 0 0 0 0 0 0
P2755 2048 8 0 0 0 0 0 0 0 0 0 0 0 0 0 0 0 0 0 0 0 0 0 0 0 0 0 0 0 0 0 0 0
P2755 2048 9 0 0 0 0 0 0 0 0 0 0 21 0 0 0 0 0 0 0 0 0 0 0 0 0 0 0 36 35 47 34 -999
P2755 2048 10 7 0 0 0 0 20 8 4 0 0 0 0 0 0 0 0 0 0 0 5 6 5 0 0 0 0 0 0 0 0 6
P2755 2048 11 5 0 0 8 0 28 0 0 0 0 0 0 0 0 3 9 35 25 16 10 6 0 0 0 0 17 36 22 13 13 -999
P2755 2048 12 30 55 30 4 23 32 4 0 0 0 0 0 0 0 0 0 0 2 5 7 4 4 0 3 0 0 37 34 25 21 0
P2755 2049 1 0 0 12 27 8 9 7 16 8 13 14 10 17 10 11 0 0 7 0 0 7 11 8 5 0 4 7 8 7 6 13
P2755 2049 2 19 29 26 33 28 9 0 3 0 8 3 0 0 9 0 0 0 0 0 0 0 4 7 0 0 6 5 3 -999 -999 -999
P2755 2049 3 2 0 0 0 0 0 0 0 0 0 0 0 0 0 4 8 0 0 0 0 0 6 10 12 5 0 0 0 0 31 29
P2755 2049 4 13 18 5 4 0 0 0 0 0 0 0 0 0 0 0 18 28 13 0 0 0 20 0 0 20 17 4 4 3 0 -999
P2755 2049 5 8 6 7 4 5 6 6 18 42 49 11 8 4 0 0 0 0 0 0 0 37 37 38 45 43 28 28 40 9 4 6
P2755 2049 6 0 0 0 0 0 0 0 0 0 0 0 0 0 0 0 0 0 0 0 0 0 0 0 0 0 0 0 0 0 0 -999
P2755 2049 7 0 0 0 8 0 0 0 0 0 0 0 0 0 0 0 0 0 0 0 0 0 0 0 0 0 0 0 0 0 0 0
P2755 2049 8 0 0 0 0 0 0 0 0 0 0 0 0 0 0 0 0 0 0 0 0 0 0 0 0 0 0 0 0 0 0 0
P2755 2049 9 0 0 0 0 0 0 0 0 0 0 0 0 0 0 0 0 0 0 0 0 23 46 41 8 7 0 0 0 0 0 -999
P2755 2049 10 0 0 0 0 0 0 7 7 7 0 0 7 0 0 9 20 10 5 0 0 17 12 9 14 22 17 0 0 8 12 14
P2755 2049 11 8 14 37 56 42 15 19 26 47 41 146 69 134 94 47 65 58 24 6 4 6 10 0 9 0 0 0 0 0 9 -999
P2755 2049 12 12 34 23 35 11 3 2 8 8 10 4 0 3 0 6 9 10 33 17 52 114 12 9 12 11 15 20 27 34 19 32
P2755 2050 1 71 95 81 57 22 142 21 30 15 18 14 7 6 9 9 13 20 24 3 0 0 0 0 20 16 0 0 0 0 6 6
P2755 2050 2 0 0 0 0 0 0 0 0 0 0 0 0 0 5 4 6 5 7 26 20 15 14 5 12 7 3 0 0 -999 -999 -999
P2755 2050 3 0 19 39 29 43 54 30 0 26 15 30 11 8 6 3 2 13 8 20 8 7 0 0 5 6 7 10 18 10 25 47
P2755 2050 4 46 26 9 6 15 34 42 7 15 10 0 0 15 0 0 0 0 5 0 0 0 0 0 0 0 0 7 4 0 4 -999
P2755 2050 5 6 4 2 4 4 6 3 4 4 0 0 0 0 0 0 0 0 0 20 14 8 11 12 0 0 12 22 13 0 0 7
P2755 2050 6 0 0 0 0 0 0 0 0 0 0 0 0 0 0 0 0 0 0 0 0 0 0 0 0 0 0 0 0 0 0 -999
P2755 2050 7 0 0 0 0 0 0 0 0 0 0 0 0 0 0 0 0 0 0 0 0 0 0 0 0 0 0 0 0 0 0 0
P2755 2050 8 0 0 0 0 0 0 0 0 0 0 0 0 0 0 0 0 0 0 0 0 0 0 17 0 0 0 0 0 0 0 0
P2755 2050 9 0 0 0 0 0 0 0 0 0 0 0 0 0 0 0 0 0 0 0 0 0 0 0 0 0 0 0 0 0 0 -999
P2755 2050 10 21 27 4 0 0 0 0 0 0 0 0 0 10 32 0 0 0 6 0 0 0 14 25 22 17 21 25 7 3 4 7
P2755 2050 11 9 13 3 11 14 34 38 71 33 33 37 27 20 18 0 0 0 0 8 0 8 33 96 55 11 11 24 31 2 6 -999
P2755 2050 12 4 11 14 0 0 0 8 7 3 2 0 6 6 0 0 2 0 4 3 4 4 2 0 0 0 0 0 0 0 0 6
P2755 2051 1 3 3 0 0 0 0 0 0 0 5 0 0 5 9 6 0 0 0 0 4 2 3 0 0 0 0 0 0 19 9 0
P2755 2051 2 0 12 10 13 30 16 0 0 0 0 8 3 0 0 0 0 5 2 4 13 3 2 0 5 4 2 0 0 -999 -999 -999
P2755 2051 3 0 3 0 0 0 4 4 6 9 8 20 26 20 8 15 0 0 35 34 17 8 14 0 0 0 0 0 0 0 7 13
P2755 2051 4 20 12 0 0 0 38 34 18 0 12 10 12 26 0 0 21 11 14 9 39 6 4 9 0 0 0 0 0 0 0 -999
P2755 2051 5 0 0 0 0 0 0 0 0 0 0 15 27 29 13 2 0 0 0 0 0 0 0 0 34 38 40 30 11 0 0 0
P2755 2051 6 0 0 0 0 0 0 0 0 0 0 0 0 0 0 0 0 0 0 0 0 0 0 0 0 0 0 0 0 0 0 -999
P2755 2051 7 0 0 0 0 0 0 0 0 0 0 0 0 0 0 0 0 0 0 0 0 0 0 0 0 0 0 0 0 0 0 0
P2755 2051 8 0 0 0 0 0 0 0 0 0 0 0 0 0 0 0 0 0 0 0 0 0 0 0 0 0 0 0 0 0 0 0
P2755 2051 9 0 0 0 0 0 0 0 0 0 0 0 0 33 17 0 0 0 0 0 0 0 0 0 0 13 22 0 0 0 0 -999
P2755 2051 10 0 0 0 36 33 0 0 0 25 33 30 19 0 0 0 0 0 0 0 0 0 0 0 4 3 0 17 55 88 65 47
P2755 2051 11 27 49 46 24 11 4 0 2 0 2 0 0 0 3 3 7 7 5 0 0 0 2 3 7 4 3 0 15 11 5 -999
P2755 2051 12 4 0 0 12 16 6 3 34 49 10 11 27 15 12 33 136 64 38 10 2 0 0 0 0 0 0 0 0 0 0 0
P2755 2052 1 0 0 0 0 0 0 0 4 10 6 11 0 37 47 22 5 0 18 12 13 0 20 20 6 3 0 24 52 59 54 45
P2755 2052 2 20 45 46 56 23 114 89 40 12 37 34 27 20 10 18 44 13 7 12 22 0 0 0 23 31 4 4 12 -999 -999 -999
P2755 2052 3 0 0 0 0 0 0 0 0 0 0 0 0 0 10 12 46 17 15 41 46 9 3 42 4 0 0 0 0 0 0 0
P2755 2052 4 0 0 0 0 0 0 12 4 0 0 0 0 0 0 0 0 13 0 0 0 0 0 0 0 0 0 0 0 6 6 -999
P2755 2052 5 0 0 0 0 0 0 0 0 10 9 6 11 22 40 41 19 26 20 34 8 3 0 0 0 9 0 0 0 0 0 0
P2755 2052 6 0 0 0 0 0 0 0 0 0 0 0 0 0 0 0 0 0 0 0 0 0 0 0 0 25 20 0 0 0 0 -999
P2755 2052 7 0 0 0 0 0 0 0 0 0 0 0 0 0 0 0 0 0 0 0 0 0 0 0 0 0 0 0 0 0 0 0
P2755 2052 8 24 26 19 5 0 0 0 0 0 0 0 0 0 0 0 0 0 0 0 0 0 0 0 0 0 0 0 0 0 0 0
P2755 2052 9 0 0 0 0 0 0 0 0 0 0 0 0 0 0 0 0 0 0 0 0 0 0 0 0 0 0 0 0 0 0 -999
P2755 2052 10 0 0 0 0 0 0 0 0 0 0 0 0 0 0 0 0 0 0 0 0 0 0 0 0 22 24 0 0 0 0 0
P2755 2052 11 7 29 14 5 0 0 0 0 0 4 2 3 0 3 0 0 0 4 35 15 111 51 47 18 9 4 8 5 5 5 -999
P2755 2052 12 6 8 14 24 2 3 0 0 0 0 4 2 8 23 16 6 8 11 4 4 8 5 7 9 11 2 9 0 11 14 10
P2755 2053 1 5 4 2 0 0 0 0 9 40 39 87 27 64 7 6 12 14 4 2 11 0 22 41 25 24 27 21 7 8 10 28
P2755 2053 2 33 50 50 29 36 17 32 7 17 10 6 12 0 7 10 13 17 16 12 8 0 6 7 29 30 78 76 15 -999 -999 -999
P2755 2053 3 2 0 0 0 0 0 0 0 0 0 0 0 0 0 0 0 0 0 0 0 0 0 0 0 0 0 0 8 7 0 30
P2755 2053 4 32 35 7 5 3 0 0 0 0 0 0 19 28 49 50 6 4 0 0 0 0 0 0 46 59 58 55 39 41 20 -999
P2755 2053 5 0 10 5 0 0 0 0 0 0 0 0 0 0 0 0 0 0 0 0 0 0 0 0 0 0 0 0 0 0 9 5
P2755 2053 6 0 0 0 0 0 0 0 0 0 0 0 0 0 0 0 0 0 32 30 0 0 0 0 0 0 0 0 0 0 0 -999
P2755 2053 7 0 0 0 0 0 0 0 0 0 0 0 0 0 0 0 0 0 0 0 0 0 0 0 0 0 0 0 0 0 0 0
P2755 2053 8 0 0 0 0 0 0 0 0 0 0 0 0 0 0 0 0 0 0 0 0 0 0 0 0 45 31 0 0 0 0 0
P2755 2053 9 0 8 0 0 0 0 0 0 0 0 0 0 0 0 0 0 0 0 14 23 32 26 0 18 0 0 0 33 28 13 -999
P2755 2053 10 12 6 0 0 0 0 0 23 17 12 11 0 0 0 0 0 0 0 0 0 0 0 0 0 0 0 6 0 0 5 0
P2755 2053 11 0 0 0 4 5 10 0 0 0 0 16 10 0 0 31 68 156 49 104 25 63 27 21 18 4 3 0 0 0 0 -999
P2755 2053 12 0 0 0 0 0 0 0 0 0 5 9 46 45 14 17 8 9 13 7 4 5 0 10 33 13 8 0 0 0 0 17
P2755 2054 1 43 13 3 17 19 15 6 4 3 0 9 7 8 3 0 0 12 42 45 12 5 3 3 2 3 0 0 0 0 0 0
P2755 2054 2 0 0 5 11 19 21 16 16 0 0 0 0 0 0 0 0 0 0 0 0 0 3 5 5 0 0 0 0 -999 -999 -999
P2755 2054 3 0 0 0 0 0 0 0 3 3 0 0 0 0 0 11 11 19 12 5 0 0 0 13 2 4 9 14 11 26 11 34
P2755 2054 4 41 18 0 20 17 10 48 20 5 23 5 0 0 0 12 5 4 16 22 36 41 19 13 32 37 47 23 8 3 0 -999
P2755 2054 5 0 0 15 5 4 4 5 7 18 36 18 26 3 3 0 0 0 0 0 0 0 0 0 0 0 0 0 0 0 0 0
P2755 2054 6 0 0 0 0 0 0 0 0 0 0 0 0 0 0 0 0 0 0 0 0 0 0 0 0 0 0 0 0 0 0 -999
P2755 2054 7 0 0 0 0 0 0 0 0 0 0 0 0 0 0 0 0 0 19 16 12 0 0 0 0 0 0 0 0 0 0 0
P2755 2054 8 0 0 0 0 0 0 0 0 0 0 0 0 0 0 0 0 0 0 0 0 0 0 0 0 0 0 0 0 0 0 0
P2755 2054 9 0 0 0 0 0 0 0 0 0 0 0 0 0 0 0 0 0 0 0 0 0 0 0 0 14 0 0 0 0 0 -999
P2755 2054 10 0 0 0 0 0 0 0 0 17 0 18 21 18 6 0 0 0 0 0 0 33 46 9 6 5 3 0 0 5 16 46
P2755 2054 11 136 88 40 21 51 28 8 22 46 9 0 0 0 0 0 4 9 4 0 0 0 0 0 0 0 2 4 7 38 17 -999
P2755 2054 12 24 20 4 0 0 0 0 0 0 3 4 3 19 13 15 7 0 0 0 0 0 0 2 2 0 0 0 0 0 0 0
P2755 2055 1 0 0 4 17 51 43 15 10 15 30 29 56 52 24 43 46 17 32 38 116 73 85 69 14 6 5 4 4 5 5 8
P2755 2055 2 8 0 0 0 3 3 4 3 2 0 0 0 4 4 6 33 6 4 3 0 8 11 0 0 0 0 0 0 -999 -999 -999
P2755 2055 3 0 14 33 37 7 8 26 14 47 78 30 6 24 24 6 6 16 22 0 6 3 4 6 18 16 12 14 6 13 26 6
P2755 2055 4 0 0 0 0 0 0 39 13 12 21 8 11 11 5 7 0 0 0 0 0 41 19 38 55 49 44 41 21 9 12 -999
P2755 2055 5 7 23 41 32 9 0 0 53 35 0 0 9 27 35 29 10 0 0 0 0 0 2 0 0 0 0 0 0 0 0 0
P2755 2055 6 0 0 0 0 0 0 0 0 0 0 0 0 0 0 22 27 10 12 8 9 6 7 0 0 0 0 0 0 0 0 -999
P2755 2055 7 0 0 0 0 0 0 0 0 0 0 0 0 0 0 0 0 0 0 0 0 0 0 0 0 0 0 0 0 0 0 0
P2755 2055 8 0 0 0 0 0 0 0 0 0 0 0 0 0 0 0 0 0 0 0 0 0 0 0 0 0 0 0 0 0 0 0
P2755 2055 9 0 0 0 0 0 0 0 0 0 0 0 0 0 0 0 0 0 0 0 0 0 0 0 0 0 0 0 0 0 0 -999
P2755 2055 10 0 0 0 0 0 0 9 15 8 7 0 13 10 0 5 0 0 3 9 6 4 3 5 38 22 6 0 0 0 0 0
P2755 2055 11 0 12 12 13 9 38 60 59 12 0 0 0 3 6 0 6 3 0 0 0 7 4 4 13 5 0 0 0 7 8 -999
P2755 2055 12 17 31 8 5 0 0 0 0 0 22 27 51 23 10 6 12 12 9 7 41 56 21 0 0 0 0 0 0 0 0 11
P2755 2056 1 3 2 2 4 2 4 37 6 5 4 2 0 0 0 0 2 2 0 0 0 5 8 44 18 19 2 3 9 3 4 5
P2755 2056 2 4 0 0 0 0 0 0 0 0 0 0 0 0 0 0 0 3 0 0 2 3 8 8 2 0 0 0 0 -999 -999 -999
P2755 2056 3 0 13 16 4 0 0 0 4 6 34 7 0 0 0 16 44 15 4 3 0 0 0 0 7 0 21 18 16 9 12 0
P2755 2056 4 0 0 0 0 0 0 0 0 6 0 5 3 0 0 0 15 12 0 12 14 0 0 27 17 0 18 21 23 4 0 -999
P2755 2056 5 7 11 26 8 8 38 15 8 5 4 5 10 11 6 0 0 0 0 0 0 0 0 0 0 31 11 14 7 5 6 0
P2755 2056 6 16 0 0 0 0 8 8 0 0 0 0 0 0 0 0 0 0 0 0 0 0 0 0 0 0 0 0 0 0 0 -999
P2755 2056 7 0 0 0 0 0 0 0 0 0 0 0 0 0 0 0 0 0 0 0 0 0 0 0 0 0 0 0 0 0 0 0
P2755 2056 8 0 0 0 0 0 0 0 0 0 0 0 0 0 0 0 0 0 0 0 0 0 0 0 0 0 0 0 0 0 0 0
P2755 2056 9 0 0 0 0 0 0 0 0 0 0 0 0 0 0 0 0 0 0 0 0 0 0 0 0 0 0 0 0 17 25 -999
P2755 2056 10 24 28 10 0 0 0 0 0 0 23 0 0 0 0 0 0 0 0 0 0 0 0 0 34 45 13 0 0 0 0 0
P2755 2056 11 0 0 0 8 13 11 16 10 0 0 0 0 0 11 0 0 0 0 9 8 5 12 5 7 26 31 30 39 30 44 -999
P2755 2056 12 24 39 64 72 209 115 113 32 15 31 67 35 8 6 20 61 23 35 17 26 45 24 2 0 0 0 0 0 4 0 5
P2755 2057 1 5 0 0 0 3 3 5 11 10 8 0 0 6 5 0 0 0 0 0 0 0 0 0 2 5 13 35 35 50 8 13
P2755 2057 2 5 6 5 5 22 58 53 38 31 22 4 0 0 0 0 0 9 7 8 60 21 12 29 35 26 18 5 6 -999 -999 -999
P2755 2057 3 12 0 0 10 23 13 11 5 0 4 4 0 0 0 0 0 0 0 0 0 0 0 0 5 5 4 4 4 0 0 0
P2755 2057 4 7 4 4 0 17 0 0 11 13 15 28 16 16 12 17 45 45 37 16 5 3 6 0 0 0 0 0 7 0 4 -999
P2755 2057 5 0 0 0 0 0 0 0 0 0 0 7 9 13 11 19 25 32 27 6 3 4 5 6 7 10 0 0 21 29 12 10
P2755 2057 6 7 6 7 4 0 0 0 0 0 0 0 0 0 0 0 0 0 0 0 0 0 0 0 0 0 0 0 0 0 0 -999
P2755 2057 7 0 0 0 0 0 0 0 0 0 0 0 0 0 0 0 0 0 0 0 0 0 0 0 0 0 0 0 0 0 0 0
P2755 2057 8 0 0 0 0 0 0 0 0 0 0 0 0 0 0 0 0 0 0 0 0 0 0 0 0 0 0 0 0 0 0 0
P2755 2057 9 0 0 0 0 0 0 0 0 0 0 0 0 0 0 0 0 0 0 0 0 0 0 0 0 0 0 16 0 0 0 -999
P2755 2057 10 0 0 6 0 0 0 0 0 0 0 0 0 0 0 23 0 0 0 0 0 0 0 0 0 0 0 0 0 0 5 7
P2755 2057 11 14 11 27 55 35 43 5 12 34 33 76 58 16 11 6 12 21 19 4 5 10 7 0 0 0 0 0 0 0 0 -999
P2755 2057 12 0 0 0 0 0 2 3 6 10 11 28 33 49 31 18 5 0 0 0 0 0 0 0 0 0 0 0 0 12 25 8
P2755 2058 1 0 0 0 0 0 0 0 0 7 14 7 7 13 44 20 5 5 6 0 0 0 0 0 0 0 10 5 5 4 5 4
P2755 2058 2 7 2 0 0 0 0 3 0 0 0 0 3 5 3 7 3 0 0 0 0 0 0 0 0 0 0 0 0 -999 -999 -999
P2755 2058 3 0 0 0 0 0 0 0 0 0 0 0 0 0 0 0 0 4 0 0 0 18 14 4 15 32 65 8 3 0 2 2
P2755 2058 4 0 0 0 0 5 5 4 0 0 17 7 5 5 4 0 0 0 0 0 5 2 2 0 0 0 0 0 0 0 0 -999
P2755 2058 5 0 0 0 0 0 0 0 0 0 0 0 0 0 0 0 0 0 0 0 0 0 0 4 6 5 0 0 15 16 18 12
P2755 2058 6 0 0 0 0 0 0 0 0 0 0 0 0 0 0 0 0 0 0 0 0 0 0 0 0 0 0 0 0 0 0 -999
P2755 2058 7 0 0 0 0 0 0 0 0 0 0 0 0 0 0 0 0 0 0 0 0 0 0 0 0 0 0 0 0 0 0 0
P2755 2058 8 0 0 0 0 0 0 0 0 0 0 0 0 0 0 0 0 0 0 0 0 0 0 0 0 0 0 0 0 0 0 0
P2755 2058 9 0 0 0 0 0 0 0 0 0 0 0 0 0 12 0 0 0 0 0 0 0 0 16 0 0 0 0 0 0 0 -999
P2755 2058 10 0 0 0 0 0 0 0 0 0 0 0 0 0 0 0 0 0 0 0 0 0 6 8 8 5 0 0 0 0 0 0
P2755 2058 11 0 0 0 0 0 0 0 12 20 12 22 29 4 9 13 37 19 141 88 88 25 6 9 5 4 14 33 32 43 34 -999
P2755 2058 12 8 18 6 3 0 3 4 0 3 0 0 0 0 0 5 3 5 30 28 37 20 14 4 7 0 7 32 31 3 8 75
P2755 2059 1 19 122 42 15 5 3 2 2 0 0 0 0 0 0 6 4 0 0 4 5 11 4 5 5 10 3 0 0 0 0 0
P2755 2059 2 0 0 0 0 0 0 0 0 0 0 0 0 0 0 0 4 0 0 0 0 0 0 0 0 0 0 0 0 -999 -999 -999
P2755 2059 3 0 0 0 0 0 0 0 0 0 0 6 15 11 10 4 3 0 0 0 0 33 7 6 31 22 45 16 13 16 18 4
P2755 2059 4 2 0 0 0 0 0 0 0 0 0 0 0 4 0 0 0 0 0 0 0 0 0 0 17 19 0 0 0 32 7 -999
P2755 2059 5 0 0 0 0 37 14 16 22 20 16 13 11 0 0 0 0 0 11 5 0 0 0 0 0 0 0 0 0 0 0 0
P2755 2059 6 0 0 0 0 0 0 0 0 0 0 0 0 0 0 0 0 0 0 0 0 0 0 0 0 0 0 0 0 0 0 -999
P2755 2059 7 0 0 0 0 0 0 0 0 0 0 0 0 0 0 0 21 16 0 0 0 0 0 0 0 0 0 0 0 0 0 0
P2755 2059 8 0 0 0 0 0 0 0 0 0 0 0 0 0 0 0 0 0 0 0 0 0 0 0 0 0 0 0 0 0 0 0
P2755 2059 9 0 0 0 0 0 0 0 0 0 0 0 0 0 0 0 0 0 0 0 0 0 0 0 17 19 0 0 0 0 0 -999
P2755 2059 10 0 0 0 0 0 0 0 0 0 0 0 0 0 0 19 15 0 0 0 0 15 40 101 84 19 11 7 0 0 26 12
P2755 2059 11 25 41 26 36 39 0 0 0 4 4 18 6 4 8 57 44 19 8 4 3 4 6 31 37 6 2 12 10 5 5 -999
P2755 2059 12 0 0 0 0 0 0 0 3 7 13 3 3 4 4 4 4 0 0 0 0 0 0 0 0 0 0 7 41 35 9 0
P2755 2060 1 4 26 33 33 31 31 0 0 0 4 4 0 0 0 0 0 0 0 0 0 0 0 0 0 0 2 3 2 0 2 2
P2755 2060 2 0 0 0 3 20 6 4 7 19 19 20 45 11 27 58 47 15 14 15 3 13 7 11 50 61 12 34 25 -999 -999 -999
P2755 2060 3 66 45 22 8 12 28 42 58 23 6 0 0 0 6 9 10 70 33 69 90 77 55 13 3 0 0 3 13 7 7 3
P2755 2060 4 0 0 0 0 0 0 0 0 0 0 15 12 0 0 0 0 0 0 0 0 0 0 0 0 0 0 0 0 0 0 -999
P2755 2060 5 0 0 0 0 0 0 0 0 0 0 0 0 0 0 0 0 0 0 0 0 0 0 0 0 0 0 0 0 0 0 0
P2755 2060 6 0 32 33 29 29 33 38 31 11 7 10 7 5 8 8 7 0 0 0 0 0 0 0 0 0 0 0 0 0 0 -999
P2755 2060 7 0 0 0 0 0 0 0 0 0 0 0 0 0 0 0 0 0 0 0 0 0 0 0 0 0 0 0 0 0 0 0
P2755 2060 8 0 0 0 0 0 0 0 0 0 0 0 0 0 0 0 0 0 0 0 0 0 0 0 0 0 0 0 0 0 0 0
P2755 2060 9 0 0 0 0 0 0 0 0 0 0 0 0 0 0 0 13 8 0 0 0 0 0 0 0 0 39 27 11 0 0 -999
P2755 2060 10 0 0 0 0 0 0 0 0 0 0 0 29 12 30 9 5 0 5 0 0 6 8 9 6 12 7 0 17 15 11 62
P2755 2060 11 60 19 15 8 0 0 0 0 8 4 0 8 5 3 3 3 0 16 6 2 0 0 0 0 3 5 11 4 11 10 -999
P2755 2060 12 0 4 7 6 9 21 10 0 4 11 0 0 0 0 5 18 11 12 8 13 70 3 2 2 3 4 9 0 6 0 0
P2755 2061 1 0 0 0 0 0 0 0 0 0 0 3 0 0 12 5 5 18 10 57 19 20 48 43 26 59 30 96 22 14 16 20
P2755 2061 2 6 0 0 0 4 0 0 0 8 17 20 21 13 20 41 19 6 7 4 14 15 26 4 6 13 6 13 12 -999 -999 -999
P2755 2061 3 55 51 21 71 7 2 9 9 20 18 56 13 22 22 42 40 12 12 40 12 6 2 0 0 0 0 0 0 0 0 0
P2755 2061 4 0 0 7 8 9 13 20 46 57 26 35 44 36 29 21 17 42 51 45 15 3 0 0 0 10 10 0 0 0 0 -999
P2755 2061 5 0 27 33 31 21 11 0 0 0 0 0 9 6 0 0 0 0 0 0 0 0 0 0 0 0 0 0 0 0 0 0
P2755 2061 6 0 0 0 0 0 0 0 0 0 0 0 0 13 19 12 0 0 0 0 0 0 0 0 0 0 0 0 0 0 0 -999
P2755 2061 7 0 0 0 0 0 0 0 0 0 0 0 0 0 0 0 0 0 0 0 0 0 0 0 0 0 0 0 0 0 0 0
P2755 2061 8 0 0 0 0 0 0 0 0 0 0 0 0 0 0 0 0 0 0 0 0 0 0 0 0 0 0 0 0 0 0 0
P2755 2061 9 0 0 0 0 0 0 0 0 0 0 0 0 0 0 0 13 38 43 71 46 22 11 0 0 0 0 0 0 0 0 -999
P2755 2061 10 0 13 24 10 0 0 18 9 30 38 12 0 0 3 0 0 0 7 0 0 0 0 0 0 21 15 29 15 0 0 0
P2755 2061 11 0 0 7 0 0 5 7 8 10 7 3 0 0 0 3 0 0 6 8 0 0 0 0 0 0 0 0 0 4 7 -999
P2755 2061 12 29 39 21 0 0 0 0 0 0 0 6 6 5 0 0 0 0 5 6 3 3 0 0 0 0 0 0 0 4 9 4
P2755 2062 1 0 0 0 0 0 0 0 20 17 17 9 7 9 6 17 23 15 16 3 0 0 3 3 0 0 4 6 6 8 15 96
P2755 2062 2 44 112 12 28 3 9 23 19 14 13 2 0 0 0 0 8 16 26 20 14 29 49 49 56 70 61 29 8 -999 -999 -999
P2755 2062 3 0 0 0 0 0 8 4 0 0 3 0 0 0 7 0 0 0 0 0 0 0 0 16 11 9 36 4 0 0 0 0
P2755 2062 4 0 12 6 0 0 9 0 0 0 17 42 5 3 0 0 0 3 7 8 0 6 6 7 18 23 10 5 0 0 0 -999
P2755 2062 5 14 0 26 11 0 0 0 0 20 0 0 0 0 0 0 0 0 0 9 4 0 0 0 0 0 0 0 12 23 10 14
P2755 2062 6 6 4 4 0 0 0 0 0 0 0 8 0 0 0 0 0 0 0 0 0 0 0 0 0 0 0 0 0 0 0 -999
P2755 2062 7 0 0 0 0 0 0 0 0 0 0 0 0 0 0 0 0 0 0 0 0 0 0 0 0 0 0 0 0 0 0 0
P2755 2062 8 0 0 0 0 0 0 0 0 0 0 0 0 0 0 0 0 0 0 0 0 0 0 0 0 0 0 0 0 0 0 0
P2755 2062 9 0 0 0 0 0 0 0 0 0 0 0 0 0 0 0 0 0 0 0 0 0 0 0 0 0 0 0 0 0 0 -999
P2755 2062 10 0 0 0 0 0 0 18 22 0 0 0 0 0 0 0 0 0 0 0 21 19 18 16 10 21 24 28 45 23 3 0
P2755 2062 11 0 0 9 0 31 59 11 0 0 0 29 8 0 8 0 0 0 8 5 15 17 8 21 35 61 4 2 3 0 9 -999
P2755 2062 12 8 3 0 0 0 0 8 4 15 25 27 6 0 0 0 27 7 0 0 4 6 8 4 5 11 0 0 0 4 0 0
P2755 2063 1 0 0 8 9 5 4 0 0 0 0 0 0 0 0 0 0 0 0 0 3 6 3 3 5 0 4 23 10 3 0 0
P2755 2063 2 0 0 0 0 0 0 11 11 7 3 0 0 2 3 7 2 0 0 0 5 5 10 9 6 3 4 0 9 -999 -999 -999
P2755 2063 3 11 7 10 14 0 5 12 7 3 11 23 11 18 26 43 34 5 5 6 13 10 0 17 48 46 33 34 57 50 8 0
P2755 2063 4 11 16 6 5 0 0 0 0 0 36 73 20 3 2 3 9 12 35 0 0 0 10 13 5 9 5 7 25 31 4 -999
P2755 2063 5 3 0 0 0 0 0 0 0 0 0 8 8 29 27 10 9 5 5 5 9 11 15 4 0 0 0 0 0 0 0 0
P2755 2063 6 0 0 0 0 0 0 0 0 0 0 0 0 0 0 0 0 0 0 0 0 0 0 0 0 0 0 0 0 0 0 -999
P2755 2063 7 0 0 0 0 0 0 0 0 0 0 0 0 0 0 0 0 0 0 0 0 0 0 0 0 0 0 0 0 0 0 0
P2755 2063 8 0 0 0 0 0 0 0 0 0 0 0 0 0 0 0 0 0 0 0 0 0 0 0 0 0 0 0 0 0 0 0
P2755 2063 9 0 0 0 0 0 0 0 0 0 0 0 0 0 0 0 0 0 0 0 0 0 0 0 0 0 0 38 7 0 0 -999
P2755 2063 10 0 0 0 0 0 20 0 0 7 11 33 11 5 9 14 8 8 0 6 29 35 27 8 0 0 0 0 21 16 12 0
P2755 2063 11 0 0 0 7 0 0 0 0 0 0 4 0 0 0 0 0 0 0 0 5 2 3 0 5 28 6 0 10 11 19 -999
P2755 2063 12 17 12 14 0 14 13 0 0 0 0 5 16 11 15 8 0 5 5 0 0 0 0 6 12 7 6 6 0 0 22 12
P2755 2064 1 0 0 0 9 5 5 0 0 0 6 29 28 27 23 6 5 8 42 19 7 36 42 34 11 0 0 5 6 9 4 0
P2755 2064 2 0 0 0 0 0 0 0 0 0 0 0 0 26 47 14 10 8 5 0 0 0 0 0 0 11 26 38 26 -999 -999 -999
P2755 2064 3 7 5 20 52 40 18 0 4 0 13 21 12 6 9 0 5 0 0 7 7 0 5 35 6 4 3 2 0 8 29 27
P2755 2064 4 14 14 19 33 21 15 0 5 2 3 0 0 0 0 0 0 0 16 10 5 4 0 17 37 24 8 19 33 0 0 -999
P2755 2064 5 0 5 5 0 0 0 0 0 0 0 0 0 5 6 0 3 0 0 0 0 0 0 0 0 0 0 0 0 0 0 0
P2755 2064 6 0 0 0 0 0 0 0 0 0 0 0 0 0 0 0 0 0 0 0 0 0 0 0 0 0 0 0 0 0 0 -999
P2755 2064 7 0 0 0 0 0 0 0 0 0 0 0 0 0 0 0 0 0 0 0 0 0 0 0 0 0 0 0 0 0 0 0
P2755 2064 8 0 0 0 0 0 0 0 0 0 0 0 0 0 0 0 0 0 0 0 0 0 0 0 0 0 0 0 0 0 0 0
P2755 2064 9 0 0 0 0 0 0 0 0 0 0 0 0 0 0 0 0 0 0 0 0 0 0 0 0 0 0 0 19 0 4 -999
P2755 2064 10 6 12 7 10 0 0 0 0 0 14 17 0 0 0 0 0 0 0 0 0 0 5 6 12 9 5 3 0 0 0 0
P2755 2064 11 0 0 0 0 5 15 4 4 5 13 5 0 4 4 5 3 2 0 0 0 18 18 19 43 17 7 6 19 30 13 -999
P2755 2064 12 3 4 2 3 3 0 0 0 27 39 20 6 0 0 0 0 0 0 0 25 28 33 7 7 3 4 5 16 11 22 23
P2755 2065 1 10 29 9 5 4 10 51 55 54 59 38 7 2 2 0 0 0 0 0 0 0 0 3 2 0 0 0 0 0 0 0
P2755 2065 2 4 11 6 14 5 0 0 0 0 0 4 0 0 0 0 0 0 0 5 6 9 0 0 0 8 11 0 3 -999 -999 -999
P2755 2065 3 3 0 0 0 0 6 16 3 4 10 0 0 0 0 0 0 5 7 0 0 0 12 10 12 0 0 18 31 16 17 46
P2755 2065 4 33 18 34 9 4 4 0 0 0 0 24 30 44 46 43 22 0 0 0 0 0 0 0 0 8 19 5 5 11 3 -999
P2755 2065 5 4 4 7 5 8 0 7 18 13 8 4 3 3 3 0 5 15 7 0 0 4 0 0 0 0 0 0 0 0 0 8
P2755 2065 6 19 16 12 20 26 12 9 3 0 0 0 32 11 0 0 0 0 0 0 0 0 0 0 0 0 0 0 0 0 0 -999
P2755 2065 7 0 0 0 0 0 0 0 0 0 0 0 0 0 0 0 0 0 0 0 0 0 0 0 0 0 0 0 0 0 0 0
P2755 2065 8 0 0 0 0 0 0 0 0 0 0 0 0 0 0 0 0 0 0 0 0 0 0 0 0 0 0 0 0 0 0 0
P2755 2065 9 0 0 0 0 0 0 0 0 0 0 0 0 0 0 0 0 0 0 0 25 40 42 56 53 27 18 17 20 8 0 -999
P2755 2065 10 0 0 0 0 0 0 0 0 0 0 13 10 0 0 0 15 16 30 43 5 6 0 0 0 0 0 0 0 0 0 0
P2755 2065 11 0 0 0 0 30 14 16 20 7 5 5 7 7 7 0 0 0 0 0 0 0 0 0 0 0 4 2 0 0 0 -999
P2755 2065 12 0 0 0 0 0 4 0 0 0 5 10 29 12 0 0 0 0 0 0 8 15 9 52 36 15 15 9 10 4 0 0
P2755 2066 1 2 0 2 5 16 0 0 0 7 11 10 5 0 4 6 8 13 4 0 0 0 0 0 0 0 0 0 0 0 0 0
P2755 2066 2 0 0 0 0 0 6 11 9 8 0 0 0 0 0 0 0 0 14 18 7 0 0 0 11 5 17 5 12 -999 -999 -999
P2755 2066 3 68 61 70 57 62 50 28 48 58 36 8 10 5 0 19 32 10 5 5 23 26 19 12 5 10 0 0 12 15 7 13
P2755 2066 4 9 0 0 0 0 0 36 41 8 0 0 0 0 0 0 7 17 19 6 0 0 0 0 0 0 0 0 0 0 0 -999
P2755 2066 5 0 0 0 0 0 0 0 0 0 0 0 0 0 0 0 0 16 6 0 0 0 0 0 0 0 0 0 0 0 0 0
P2755 2066 6 0 0 0 0 0 0 0 0 0 0 0 0 0 0 0 0 0 0 0 0 0 0 0 0 0 0 0 0 0 0 -999
P2755 2066 7 0 0 0 0 0 0 0 0 0 0 0 0 0 0 0 0 0 0 0 0 0 0 0 0 0 0 0 0 0 0 0
P2755 2066 8 0 0 0 0 0 0 0 0 0 0 0 0 0 0 0 0 0 0 0 0 0 0 0 0 0 0 0 0 0 0 0
P2755 2066 9 0 0 0 0 0 0 0 0 0 0 0 0 0 0 0 0 0 0 0 0 0 0 0 0 0 0 0 0 0 0 -999
P2755 2066 10 0 0 0 0 0 0 0 0 0 0 0 14 38 29 13 42 42 24 7 6 0 0 0 0 14 15 23 15 19 12 48
P2755 2066 11 32 21 9 12 24 35 33 37 26 30 9 0 0 0 0 9 11 16 31 59 51 109 6 0 8 18 51 27 55 97 -999
P2755 2066 12 58 49 55 0 0 0 7 6 9 6 5 23 47 150 73 12 38 25 3 0 2 3 8 16 10 22 13 16 12 12 16
P2755 2067 1 13 24 38 57 51 42 28 43 34 12 12 22 53 53 38 27 34 75 56 7 2 19 48 49 38 22 14 9 40 40 26
P2755 2067 2 20 19 9 5 2 1 2 7 32 4 8 24 12 0 0 0 0 3 11 12 16 14 5 3 2 2 3 4 -999 -999 -999
P2755 2067 3 2 2 3 5 3 0 0 0 0 4 4 4 8 2 4 7 0 0 0 0 0 0 0 0 5 10 10 46 12 2 0
P2755 2067 4 0 0 0 0 0 0 11 17 18 4 3 0 5 15 12 14 10 7 7 8 8 0 0 0 7 15 15 21 4 6 -999
P2755 2067 5 0 0 0 0 0 20 20 0 0 17 24 21 24 38 22 7 6 10 18 24 25 17 3 0 0 0 0 0 0 0 0
P2755 2067 6 0 0 0 0 0 0 0 44 0 0 0 0 0 0 0 0 0 0 0 0 0 0 0 0 0 0 0 0 0 0 -999
P2755 2067 7 0 0 0 0 0 0 0 0 0 0 0 0 0 0 0 0 0 0 0 0 0 0 0 0 0 0 0 0 0 0 0
P2755 2067 8 0 0 0 0 0 0 0 0 0 0 0 0 0 0 0 0 0 0 0 0 0 0 0 0 0 0 0 0 0 0 0
P2755 2067 9 0 0 0 0 0 0 0 0 0 0 0 0 0 0 0 0 0 0 0 0 0 0 0 0 0 0 0 0 0 0 -999
P2755 2067 10 0 0 0 0 0 0 19 30 12 0 0 7 0 0 0 0 0 0 0 0 0 0 0 0 0 0 0 0 9 7 21
P2755 2067 11 11 19 41 45 24 17 47 45 71 41 13 17 12 7 8 7 0 17 71 0 0 14 0 6 9 4 4 2 5 9 -999
P2755 2067 12 9 0 0 9 28 41 4 0 27 16 34 56 10 6 0 0 0 0 0 13 6 6 4 0 0 0 0 0 0 0 0
P2755 2068 1 0 0 0 0 0 0 0 0 0 6 24 11 2 0 0 0 3 4 3 4 5 5 12 21 9 14 4 2 10 22 62
P2755 2068 2 3 4 3 0 0 7 8 22 54 52 6 12 24 17 40 38 11 0 0 0 6 0 5 11 11 0 0 0 -999 -999 -999
P2755 2068 3 0 0 0 6 7 6 6 0 27 58 29 15 3 0 0 0 0 0 0 15 5 0 4 7 0 0 0 0 0 0 0
P2755 2068 4 11 7 0 0 31 14 2 0 0 0 0 0 0 0 0 0 0 0 0 0 0 0 6 6 5 4 0 16 5 4 -999
P2755 2068 5 0 0 0 22 44 0 28 10 5 5 7 29 43 11 14 13 7 8 8 11 8 0 0 0 0 0 0 0 0 0 0
P2755 2068 6 0 0 0 0 0 0 0 0 0 0 0 0 0 0 0 0 0 0 0 0 0 0 0 0 0 0 0 0 0 0 -999
P2755 2068 7 0 0 0 0 0 0 0 0 0 0 0 0 0 0 0 0 0 0 0 0 0 0 0 0 0 0 0 0 0 0 0
P2755 2068 8 0 0 0 0 0 0 0 0 0 0 0 0 0 0 0 0 0 0 0 0 0 0 0 0 0 0 0 0 0 0 0
P2755 2068 9 0 0 0 0 0 0 0 0 0 0 0 0 0 0 0 0 0 0 0 0 30 42 33 23 23 0 20 12 0 18 -999
P2755 2068 10 14 23 0 0 0 0 6 9 7 0 0 0 22 16 5 0 0 0 0 8 8 10 33 26 4 4 0 0 8 9 10
P2755 2068 11 0 0 0 0 0 0 6 0 0 0 0 0 0 0 5 26 7 4 5 3 12 58 14 30 16 0 0 0 24 25 -999
P2755 2068 12 0 14 15 5 63 48 5 3 5 4 10 6 5 4 18 25 54 57 19 0 0 0 0 0 0 12 10 4 0 0 0
P2755 2069 1 0 0 0 0 0 0 5 3 4 59 45 18 7 2 0 0 0 0 0 0 0 0 10 12 18 15 11 20 62 157 135
P2755 2069 2 65 18 21 7 55 28 8 11 27 47 7 4 5 9 3 2 0 0 0 0 0 0 2 5 3 0 0 2 -999 -999 -999
P2755 2069 3 18 42 14 9 21 20 16 0 12 15 22 7 4 0 0 0 0 0 0 0 0 0 0 4 5 0 4 10 23 16 0
P2755 2069 4 0 0 0 0 0 0 16 47 16 15 78 85 28 24 35 41 22 13 46 37 10 4 0 0 0 0 0 14 24 32 -999
P2755 2069 5 40 14 6 0 5 13 38 32 15 8 6 0 0 0 0 0 5 0 0 0 11 7 0 0 0 0 0 7 5 4 5
P2755 2069 6 0 0 0 0 0 0 0 0 0 0 0 0 0 0 0 0 0 0 0 0 0 0 0 0 0 0 0 0 0 0 -999
P2755 2069 7 0 13 8 0 0 0 0 0 0 0 0 0 0 0 0 0 0 0 0 0 0 0 0 0 0 0 0 0 0 0 0
P2755 2069 8 0 0 0 0 0 0 0 0 0 0 0 0 0 0 0 0 0 0 0 0 0 0 0 0 0 0 0 0 0 0 0
P2755 2069 9 0 0 0 0 0 0 0 0 15 10 0 0 0 0 0 0 0 0 0 24 13 0 0 0 8 7 15 22 104 36 -999
P2755 2069 10 26 26 28 19 0 0 0 0 0 0 0 0 0 0 0 8 12 2 0 5 12 17 37 28 14 4 3 0 0 0 13
P2755 2069 11 34 29 69 18 0 0 0 0 20 40 59 60 56 46 11 5 0 0 0 0 11 0 8 15 10 21 21 42 104 6 -999
P2755 2069 12 4 7 25 58 53 55 37 5 2 0 0 0 5 2 0 0 0 0 0 0 0 9 20 13 7 0 4 5 18 6 0
P2755 2070 1 16 11 5 10 21 21 4 0 16 5 3 0 0 0 0 0 4 4 16 33 51 27 38 42 25 21 109 14 4 38 67
P2755 2070 2 98 95 107 24 4 3 4 3 5 34 22 15 11 10 28 34 26 4 0 4 4 4 39 19 19 9 33 11 -999 -999 -999
P2755 2070 3 11 0 0 0 8 0 0 5 30 36 34 35 21 14 11 0 0 10 18 4 15 35 53 4 35 11 0 0 0 0 0
P2755 2070 4 0 46 12 3 11 20 22 41 33 13 7 13 12 8 19 20 17 4 4 0 0 11 24 7 10 5 4 11 5 3 -999
P2755 2070 5 3 3 0 0 18 10 8 9 0 0 0 17 26 56 28 9 0 0 9 0 0 0 0 0 0 0 0 0 0 0 0
P2755 2070 6 0 26 16 11 17 0 0 0 0 0 0 0 0 0 0 0 0 0 0 0 0 0 0 0 0 0 0 0 0 0 -999
P2755 2070 7 0 0 0 0 0 0 0 0 0 0 0 0 0 0 0 0 0 0 0 0 0 0 0 0 0 0 0 0 0 0 0
P2755 2070 8 0 0 0 0 0 0 0 0 0 0 0 0 0 0 0 0 0 0 0 0 0 0 0 0 0 0 0 0 0 0 0
P2755 2070 9 0 0 0 0 0 0 0 0 0 0 0 0 0 0 0 0 0 0 0 0 0 0 0 0 0 0 0 0 24 29 -999
P2755 2070 10 18 0 0 12 0 0 15 34 36 37 36 35 29 12 0 0 11 8 26 62 40 45 35 5 0 0 0 0 0 9 16
P2755 2070 11 0 50 40 17 5 3 11 15 23 13 27 76 65 22 4 7 24 6 5 10 13 17 21 8 0 0 0 0 0 3 -999
P2755 2070 12 2 3 4 0 0 0 0 0 0 4 4 6 6 4 0 0 0 0 8 8 3 21 4 3 5 4 5 24 26 16 12
P2755 2071 1 0 4 5 23 5 2 3 3 13 15 20 15 23 36 69 69 64 62 60 35 26 18 34 22 27 3 5 11 5 6 46
P2755 2071 2 16 3 0 3 7 44 15 6 4 0 0 3 3 0 0 0 0 0 3 11 11 9 3 2 4 14 39 4 -999 -999 -999
P2755 2071 3 0 0 0 0 0 0 9 0 0 13 12 4 0 0 8 0 0 0 7 6 0 0 0 0 0 0 0 0 0 0 0
P2755 2071 4 0 0 0 0 0 0 0 0 0 0 0 0 0 0 0 0 0 0 0 9 21 0 0 0 0 0 0 0 0 0 -999
P2755 2071 5 0 0 0 0 0 0 0 0 0 0 0 0 0 0 26 0 0 0 0 0 0 0 0 0 0 0 0 0 0 0 0
P2755 2071 6 0 0 0 0 0 0 23 13 6 4 0 0 0 0 0 0 0 0 0 0 0 0 0 0 0 0 0 0 0 0 -999
P2755 2071 7 0 0 0 0 0 0 0 0 0 0 0 0 0 0 0 0 0 0 0 0 0 0 0 0 0 0 0 0 0 0 0
P2755 2071 8 0 0 0 0 0 0 0 0 0 0 0 0 0 0 0 0 0 0 0 0 0 0 0 0 0 0 0 0 0 0 0
P2755 2071 9 0 0 0 0 0 0 0 0 0 0 0 0 0 0 0 0 0 0 0 0 0 0 0 0 0 0 0 0 0 0 -999
P2755 2071 10 0 0 0 0 0 0 0 0 11 17 9 2 0 0 0 0 0 0 0 0 0 0 0 0 7 0 0 0 0 0 0
P2755 2071 11 14 26 9 0 0 5 12 32 45 31 15 15 13 0 0 5 4 0 0 0 0 0 0 0 0 8 7 4 0 0 -999
P2755 2071 12 0 2 9 7 10 29 11 5 0 0 0 0 0 0 0 0 0 7 4 2 0 0 0 0 0 0 0 0 0 0 0
P2755 2072 1 0 0 5 0 0 3 5 6 3 17 5 4 3 7 10 4 2 0 0 0 7 36 54 10 0 0 9 14 107 11 18
P2755 2072 2 8 3 3 5 21 11 4 6 11 47 23 75 67 50 36 58 74 72 62 67 220 153 74 32 3 3 8 6 -999 -999 -999
P2755 2072 3 0 0 0 5 12 24 28 37 4 3 0 8 0 0 0 0 0 0 26 0 0 0 31 15 8 0 0 0 37 5 3
P2755 2072 4 0 0 0 0 0 33 25 43 39 10 17 7 4 14 42 24 13 0 0 17 24 0 52 45 17 0 0 0 0 0 -999
P2755 2072 5 0 0 0 27 10 8 12 13 16 19 0 0 0 0 0 0 0 0 0 0 0 0 0 0 0 0 0 0 0 0 0
P2755 2072 6 9 10 23 10 0 0 0 0 0 0 0 0 0 0 0 0 0 0 0 0 0 0 0 0 0 0 0 0 0 0 -999
P2755 2072 7 0 0 0 0 0 0 0 0 0 0 0 0 0 0 0 0 0 0 0 0 0 0 0 0 0 0 0 0 0 0 0
P2755 2072 8 0 0 0 0 0 0 0 0 0 0 0 0 0 0 0 0 0 0 0 0 0 0 0 0 0 0 0 0 0 0 0
P2755 2072 9 0 0 0 0 0 0 0 0 0 0 0 0 0 0 0 0 0 0 0 0 0 0 0 0 0 0 0 0 0 0 -999
P2755 2072 10 11 13 0 0 0 0 0 0 0 0 0 0 0 0 0 11 36 32 13 6 5 7 0 15 11 21 7 0 0 19 41
P2755 2072 11 14 12 0 10 38 38 39 48 84 148 92 16 4 3 11 13 0 0 0 0 0 8 20 39 24 14 102 23 12 8 -999
P2755 2072 12 0 0 0 0 0 8 23 18 5 3 2 0 0 0 0 0 0 0 0 0 0 0 0 0 0 0 3 0 0 0 0
P2755 2073 1 0 0 0 0 3 6 2 0 0 0 0 0 10 4 0 0 0 0 0 0 0 0 0 0 0 8 3 0 0 0 0
P2755 2073 2 0 0 6 7 6 3 3 3 23 69 67 45 19 30 36 10 17 6 9 3 0 4 3 0 0 0 0 0 -999 -999 -999
P2755 2073 3 0 0 0 0 0 0 0 4 8 6 7 3 0 0 6 5 5 6 16 16 6 6 4 3 0 0 0 9 9 0 0
P2755 2073 4 0 0 0 0 0 0 0 0 0 0 5 0 0 16 38 28 0 0 0 0 0 0 0 13 12 0 3 6 0 0 -999
P2755 2073 5 9 0 0 0 0 0 0 0 0 0 0 0 0 0 0 19 21 17 27 17 3 3 7 21 5 0 7 5 0 0 0
P2755 2073 6 0 0 0 0 0 0 0 0 0 0 0 0 0 0 0 0 0 0 0 0 0 0 0 0 0 0 0 0 0 0 -999
P2755 2073 7 0 0 0 0 0 0 0 0 0 0 0 0 0 0 0 0 0 0 0 0 0 0 0 0 0 0 0 0 0 0 0
P2755 2073 8 0 0 0 0 0 0 0 0 0 0 0 0 0 0 0 0 0 0 0 0 0 0 0 0 0 0 0 0 0 0 0
P2755 2073 9 0 0 0 0 0 12 0 0 0 0 0 9 9 0 0 0 0 0 0 0 0 0 9 0 0 0 0 12 0 0 -999
P2755 2073 10 0 0 0 0 0 0 0 41 4 17 19 0 0 0 0 0 0 0 25 14 3 0 0 0 0 0 12 21 5 9 6
P2755 2073 11 11 6 4 4 3 4 50 58 71 80 40 9 3 2 3 0 0 0 3 2 3 7 5 18 14 15 13 10 9 12 -999
P2755 2073 12 26 31 20 24 7 19 7 3 0 0 0 0 0 0 0 0 2 3 4 13 18 22 0 0 16 8 3 0 0 0 0
P2755 2074 1 0 0 0 0 0 0 0 0 0 2 3 4 0 0 0 0 0 8 15 14 5 0 0 0 0 4 3 3 3 0 0
P2755 2074 2 0 2 0 0 0 0 5 4 11 5 2 0 0 0 0 0 0 0 0 4 5 5 5 0 0 6 0 0 -999 -999 -999
P2755 2074 3 0 29 9 0 0 0 0 0 0 0 0 0 0 0 0 0 0 0 5 0 0 0 0 0 0 0 0 0 0 0 0
P2755 2074 4 0 0 0 0 0 0 0 0 0 0 0 0 0 0 0 0 0 0 0 0 0 0 0 0 0 17 14 6 4 0 -999
P2755 2074 5 0 0 0 31 21 32 32 16 16 33 38 38 16 5 6 0 0 0 7 18 27 21 9 0 0 0 0 0 0 0 0
P2755 2074 6 0 0 0 0 0 0 0 0 0 0 0 0 0 0 0 0 0 0 12 0 0 0 0 0 0 0 0 0 0 0 -999
P2755 2074 7 0 0 0 0 0 0 0 0 0 0 0 0 0 0 0 0 0 0 0 0 0 0 0 0 0 0 0 0 0 0 0
P2755 2074 8 0 0 0 0 0 0 0 0 0 0 0 0 0 0 0 0 0 0 0 0 0 0 0 0 0 0 0 0 0 0 0
P2755 2074 9 0 0 0 0 0 0 0 0 0 0 0 0 0 0 0 0 0 0 0 0 0 0 0 9 6 10 5 5 0 0 -999
P2755 2074 10 0 0 10 6 0 0 0 8 26 11 3 0 0 0 0 0 0 6 13 0 0 0 0 0 0 0 0 9 22 3 0
P2755 2074 11 0 9 10 0 0 0 0 0 13 45 14 20 0 0 0 0 13 21 20 0 0 0 14 22 51 29 12 11 9 6 -999
P2755 2074 12 0 0 27 27 0 0 0 14 0 0 5 6 16 55 62 191 117 19 25 6 42 39 7 2 3 6 27 56 74 43 30
P2755 2075 1 117 70 62 57 26 6 4 3 3 2 3 4 15 3 3 2 0 0 0 0 0 0 0 0 0 0 7 0 4 7 5
P2755 2075 2 25 10 0 0 10 37 14 9 6 0 13 31 10 10 0 8 6 5 12 9 51 39 11 3 0 0 0 0 -999 -999 -999
P2755 2075 3 0 0 0 22 37 48 15 0 0 45 14 13 41 34 4 4 5 10 34 61 21 20 23 25 16 6 13 9 18 16 36
P2755 2075 4 42 2 4 0 0 0 0 0 0 0 0 0 0 0 0 0 6 0 0 11 11 0 0 0 0 0 0 0 27 27 -999
P2755 2075 5 31 50 57 56 31 41 37 25 5 4 4 15 22 21 8 8 25 32 24 25 11 8 5 0 0 0 0 0 0 0 0
P2755 2075 6 0 0 0 0 0 0 0 0 0 0 0 0 0 0 0 0 0 0 0 0 0 0 0 0 0 0 0 0 0 0 -999
P2755 2075 7 0 0 0 0 0 0 0 0 0 0 0 0 0 0 0 0 0 0 0 0 0 0 0 0 0 0 0 0 0 0 0
P2755 2075 8 0 0 0 0 0 0 0 0 0 0 0 0 0 0 0 0 0 0 0 0 0 0 0 0 0 0 0 0 0 0 0
P2755 2075 9 0 0 0 0 0 0 0 0 0 0 0 0 0 0 0 0 0 0 0 0 0 0 0 0 0 0 0 0 17 13 -999
P2755 2075 10 7 0 18 13 11 0 0 0 9 3 0 0 0 0 0 0 0 0 41 32 6 4 0 0 6 0 0 20 11 7 0
P2755 2075 11 16 8 14 33 28 5 44 31 56 10 13 30 27 23 7 8 22 15 5 6 6 0 0 0 0 0 33 7 4 3 -999
P2755 2075 12 0 0 2 6 7 11 18 24 48 9 4 14 18 14 7 0 0 0 0 0 0 0 4 2 4 5 4 3 2 3 0
P2755 2076 1 0 0 0 0 0 0 0 0 0 3 2 2 0 3 2 2 0 0 0 0 0 0 0 0 0 0 4 10 8 5 3
P2755 2076 2 2 11 5 0 0 0 0 5 27 5 2 0 0 0 0 0 0 0 3 4 3 0 0 0 0 0 0 0 -999 -999 -999
P2755 2076 3 0 4 4 0 0 7 4 0 29 49 21 0 0 16 15 18 24 42 4 0 0 0 0 0 0 0 0 0 0 0 0
P2755 2076 4 0 0 0 23 17 0 0 0 0 0 0 20 5 0 0 0 0 0 18 33 48 48 49 31 4 0 16 14 0 0 -999
P2755 2076 5 0 13 38 6 3 0 0 0 0 0 0 0 3 12 5 0 8 16 19 27 27 19 13 5 0 0 17 35 12 10 4
P2755 2076 6 22 26 10 0 0 0 10 12 0 0 0 0 0 0 0 0 0 0 0 0 0 0 0 0 0 0 0 0 0 0 -999
P2755 2076 7 0 0 0 0 10 0 0 0 0 0 0 0 0 0 0 0 0 0 0 0 0 0 0 0 0 0 0 0 0 0 0
P2755 2076 8 0 0 0 0 0 0 0 0 0 0 0 0 0 0 0 0 0 0 0 0 0 0 0 0 0 0 0 0 0 0 0
P2755 2076 9 0 0 0 0 0 0 0 0 0 0 0 0 0 0 0 0 0 0 0 0 0 0 24 0 0 0 0 39 20 5 -999
P2755 2076 10 0 0 12 0 0 0 0 0 0 0 18 43 56 53 52 5 4 26 8 4 7 8 6 16 6 0 0 0 0 0 0
P2755 2076 11 0 0 4 4 0 0 0 7 16 31 16 25 8 7 7 0 36 43 7 3 0 0 0 22 9 0 0 0 0 0 -999
P2755 2076 12 0 0 0 0 0 0 0 3 5 4 0 0 0 0 2 3 7 13 0 0 0 0 0 0 0 0 0 0 0 8 3
P2755 2077 1 0 0 0 0 0 2 2 2 0 0 0 3 16 63 24 10 0 0 0 0 18 23 43 48 37 13 30 7 2 2 3
P2755 2077 2 4 0 2 4 22 38 8 2 0 0 0 9 14 4 9 9 15 0 0 0 0 0 0 0 0 0 0 0 -999 -999 -999
P2755 2077 3 0 0 7 0 0 6 0 0 13 23 33 5 20 32 14 28 0 59 43 15 5 0 0 0 0 5 5 5 6 3 3
P2755 2077 4 0 0 0 0 3 0 0 7 9 9 0 9 0 0 0 0 0 0 0 0 0 0 0 0 0 0 10 7 0 0 -999
P2755 2077 5 0 0 0 0 0 30 34 26 12 7 5 0 0 0 0 0 0 0 0 0 0 0 40 48 51 47 28 0 0 0 0
P2755 2077 6 0 0 0 0 0 0 0 0 0 0 14 17 22 19 0 0 0 0 0 0 0 0 0 0 0 0 0 0 0 0 -999
P2755 2077 7 0 0 0 0 0 0 0 0 0 0 0 0 0 0 0 0 0 0 0 0 0 0 0 0 0 0 0 0 0 0 0
P2755 2077 8 0 0 0 0 0 0 0 0 0 0 0 0 0 0 0 0 0 0 0 0 0 0 0 0 0 0 0 0 0 0 0
P2755 2077 9 0 0 0 0 0 0 0 0 0 0 0 0 0 0 0 0 0 0 0 0 0 0 0 0 0 0 0 0 0 0 -999
P2755 2077 10 5 0 14 10 0 0 0 0 0 0 0 0 0 0 9 0 0 0 0 0 0 47 34 3 0 0 0 14 4 0 0
P2755 2077 11 0 5 36 54 197 91 52 63 23 17 13 24 53 57 59 38 20 34 3 3 9 38 45 37 0 0 44 24 10 0 -999
P2755 2077 12 0 0 0 0 4 4 3 5 6 18 124 15 15 51 81 11 27 59 83 56 44 16 17 61 167 126 123 14 15 8 5
P2755 2078 1 0 17 8 15 0 53 4 43 8 20 0 0 0 0 0 0 0 0 0 0 0 8 23 4 3 0 0 0 0 0 0
P2755 2078 2 0 10 3 0 4 16 40 3 3 0 10 6 9 4 10 4 3 4 0 0 4 3 3 4 0 4 0 4 -999 -999 -999
P2755 2078 3 9 0 16 0 0 7 6 8 4 14 47 24 13 27 7 3 0 0 0 0 0 4 6 9 6 5 10 6 10 43 10
P2755 2078 4 9 36 28 38 46 55 17 4 8 2 0 0 11 12 13 12 34 56 49 19 3 0 0 0 0 5 5 11 33 9 -999
P2755 2078 5 10 5 4 10 15 23 11 4 4 5 13 26 53 45 25 23 23 8 0 0 0 0 0 0 0 0 0 0 0 0 0
P2755 2078 6 0 0 0 0 0 0 0 0 0 0 0 0 0 0 0 0 0 0 0 0 0 0 0 0 0 0 0 0 0 0 -999
P2755 2078 7 0 0 0 0 0 0 0 0 0 0 0 0 0 0 0 0 0 0 0 0 0 0 0 0 0 0 0 0 0 0 0
P2755 2078 8 0 0 0 0 0 0 0 0 0 0 0 0 0 0 0 0 0 0 0 0 0 0 0 0 0 0 0 0 0 0 0
P2755 2078 9 0 0 31 29 13 0 0 0 0 0 0 0 0 0 0 0 0 0 0 0 0 0 0 0 0 0 0 0 0 0 -999
P2755 2078 10 0 0 0 0 0 0 0 0 0 0 0 0 0 0 0 0 0 0 0 0 0 0 9 11 0 0 0 0 0 0 0
P2755 2078 11 21 26 38 28 9 2 0 0 0 3 4 0 0 0 0 0 3 0 0 5 0 0 12 9 7 6 4 69 6 16 -999
P2755 2078 12 11 5 0 0 0 0 0 12 0 0 4 2 0 0 4 10 5 2 0 0 0 0 0 7 12 10 14 31 8 15 57
P2755 2079 1 22 0 4 7 2 2 7 6 2 0 0 4 3 0 0 0 0 0 0 0 0 0 0 0 0 6 19 7 0 0 0
P2755 2079 2 0 5 0 6 22 29 8 11 18 5 9 18 19 15 5 3 3 6 24 38 51 12 36 43 35 40 58 41 -999 -999 -999
P2755 2079 3 9 50 11 10 6 0 0 5 10 7 9 16 0 0 0 0 0 0 6 13 49 34 10 7 7 7 0 0 0 6 12
P2755 2079 4 47 47 21 12 10 16 31 22 9 0 0 0 0 0 0 0 0 0 0 0 0 0 0 0 0 0 7 0 0 13 -999
P2755 2079 5 18 10 12 4 0 0 0 0 0 0 0 0 0 0 0 38 0 0 0 0 0 0 0 0 0 0 0 0 0 0 0
P2755 2079 6 0 0 0 0 0 0 0 0 0 16 8 0 0 0 0 0 0 0 0 0 0 0 0 0 0 0 0 0 0 0 -999
P2755 2079 7 0 0 0 0 0 0 0 0 0 0 0 0 0 0 0 0 0 0 0 0 0 0 0 0 0 0 0 15 0 0 0
P2755 2079 8 0 0 0 0 0 0 0 0 0 0 0 0 0 0 0 0 0 0 0 0 0 0 0 0 0 0 0 0 0 0 0
P2755 2079 9 0 0 0 0 0 0 0 0 0 0 0 0 0 0 0 0 0 0 0 0 0 0 0 0 0 0 0 0 0 0 -999
P2755 2079 10 0 0 0 0 0 0 0 0 0 0 0 0 0 0 0 0 0 18 28 21 26 36 19 20 23 11 8 6 0 0 0
P2755 2079 11 0 21 20 0 10 0 0 0 0 0 0 0 0 0 0 0 0 0 0 0 5 0 10 0 9 34 28 4 12 51 -999
P2755 2079 12 7 0 0 0 7 8 14 43 22 19 17 0 0 7 25 88 147 45 66 16 6 0 0 0 0 0 0 3 2 3 0
P2755 2080 1 0 0 0 8 6 5 9 0 0 3 4 9 2 2 5 2 0 3 7 9 17 11 27 20 16 3 0 5 9 9 5
P2755 2080 2 2 0 0 0 2 2 0 0 0 3 14 25 21 3 0 0 3 5 0 0 7 7 7 10 0 0 0 0 -999 -999 -999
P2755 2080 3 0 0 0 0 0 0 0 0 8 0 0 0 0 0 0 0 0 0 0 0 0 0 0 0 0 0 0 0 0 0 0
P2755 2080 4 40 7 20 21 21 41 51 81 57 11 5 4 6 6 4 17 35 11 19 14 0 0 0 11 17 0 14 12 0 0 -999
P2755 2080 5 44 47 22 4 0 0 0 0 0 0 0 0 0 0 0 0 0 0 0 6 0 0 0 0 0 0 0 0 0 0 0
P2755 2080 6 0 0 0 0 0 0 0 0 0 0 0 0 0 0 0 0 0 0 0 0 0 0 0 0 0 0 0 0 0 0 -999
P2755 2080 7 0 0 0 0 0 0 0 0 0 0 0 0 0 0 0 0 0 0 0 0 0 0 0 0 0 0 0 0 0 0 0
P2755 2080 8 0 0 0 0 0 0 0 0 0 0 0 0 0 0 0 0 0 0 0 0 0 0 0 13 15 16 0 0 0 0 0
P2755 2080 9 0 0 0 0 0 0 0 0 0 0 0 0 28 16 0 0 0 0 0 0 0 0 0 35 31 18 14 0 0 0 -999
P2755 2080 10 0 0 0 0 0 0 0 0 0 0 0 11 17 0 0 0 0 0 0 0 0 0 0 40 35 33 20 0 0 0 0
P2755 2080 11 0 0 0 10 13 11 6 5 5 15 6 4 0 0 0 6 9 0 0 0 0 0 0 0 0 5 5 19 5 0 -999
P2755 2080 12 0 0 0 0 0 0 3 12 17 29 39 29 13 8 3 0 0 0 0 0 0 5 15 116 56 44 23 16 5 4 0
P2755 2081 1 0 0 0 0 0 0 0 0 0 0 0 0 0 0 0 2 2 4 14 51 63 53 7 0 19 9 5 0 0 5 0
P2755 2081 2 5 11 44 48 17 16 3 4 0 0 0 0 0 0 0 0 0 9 5 11 17 34 17 6 6 4 10 9 -999 -999 -999
P2755 2081 3 0 0 0 0 0 0 0 0 0 5 14 25 43 119 61 38 126 15 13 14 30 42 58 14 24 44 55 52 25 8 52
P2755 2081 4 37 6 5 8 17 0 3 0 0 0 0 0 0 0 0 0 0 0 3 0 0 0 0 0 0 0 13 13 8 0 -999
P2755 2081 5 0 0 0 0 0 4 11 5 2 3 4 0 0 0 0 0 0 0 0 0 0 0 9 6 8 0 9 31 24 11 3
P2755 2081 6 0 0 0 0 0 0 0 20 15 31 36 13 6 0 0 0 0 0 0 0 0 0 0 0 0 0 0 0 0 0 -999
P2755 2081 7 0 0 0 0 0 0 0 0 0 0 0 0 0 0 0 0 0 0 0 0 0 0 0 0 0 0 0 0 0 0 0
P2755 2081 8 0 0 0 0 0 0 0 0 0 0 0 0 0 0 0 0 0 0 0 0 0 0 0 0 0 0 0 0 0 0 0
P2755 2081 9 0 0 0 0 0 0 0 0 0 0 0 0 0 0 0 0 0 0 0 0 0 0 0 0 0 0 0 0 0 0 -999
P2755 2081 10 0 0 34 7 0 0 0 0 0 34 57 53 30 9 25 31 48 51 45 40 29 7 0 0 0 0 0 0 0 0 17
P2755 2081 11 0 0 27 42 24 5 0 0 0 22 34 6 4 13 30 33 23 20 22 102 54 29 42 4 4 0 0 0 16 12 -999
P2755 2081 12 22 9 7 16 30 8 15 31 22 0 0 8 0 0 0 0 0 0 0 15 46 33 65 5 12 27 10 95 19 0 0
P2755 2082 1 0 0 3 0 0 2 13 5 5 3 0 0 0 4 14 22 3 0 0 3 0 0 0 0 0 5 24 10 29 25 3
P2755 2082 2 0 0 0 5 8 4 8 0 0 0 0 3 2 0 0 0 0 0 0 0 0 0 0 0 0 3 3 3 -999 -999 -999
P2755 2082 3 0 0 6 2 3 0 0 0 18 18 11 7 0 8 5 8 17 27 22 34 0 17 17 20 5 4 4 3 5 4 11
P2755 2082 4 27 33 53 44 14 13 41 45 42 64 65 33 66 5 0 8 0 0 31 56 50 31 13 0 19 17 12 13 17 2 -999
P2755 2082 5 0 0 0 0 0 0 0 0 0 0 0 0 0 0 0 0 0 0 0 0 0 0 0 0 0 0 0 0 0 0 0
P2755 2082 6 0 0 15 12 0 0 17 21 15 9 4 0 0 0 0 0 0 30 19 11 0 0 0 0 0 0 0 0 0 0 -999
P2755 2082 7 0 0 0 0 0 0 0 0 0 0 0 0 0 0 0 0 0 0 0 0 0 0 0 0 0 0 0 0 0 0 0
P2755 2082 8 0 0 0 0 0 0 0 0 0 0 0 0 0 0 0 0 0 0 0 0 0 0 0 0 0 0 0 0 0 0 0
P2755 2082 9 0 0 0 0 0 0 0 0 0 0 0 0 0 0 0 0 0 0 0 0 0 33 0 0 0 0 0 0 0 0 -999
P2755 2082 10 0 0 0 0 0 0 0 0 0 0 0 0 0 0 0 0 11 38 20 71 103 5 5 14 8 13 0 0 0 0 0
P2755 2082 11 0 0 0 16 0 14 6 0 0 12 15 20 7 15 0 42 25 6 4 14 13 21 26 16 16 20 7 11 55 17 -999
P2755 2082 12 2 4 7 6 0 0 0 0 0 0 14 0 0 0 0 0 0 7 0 0 0 0 0 0 0 0 0 0 0 3 0
P2755 2083 1 0 0 2 0 0 3 10 17 10 14 0 0 7 38 36 31 36 18 0 42 51 49 47 19 13 7 15 11 0 19 27
P2755 2083 2 8 14 22 4 4 0 0 6 31 40 109 50 41 28 10 6 68 115 53 19 7 13 7 21 0 0 43 22 -999 -999 -999
P2755 2083 3 52 4 0 0 0 0 0 6 0 0 10 0 0 0 0 0 0 0 0 5 5 0 0 0 0 0 0 0 12 10 15
P2755 2083 4 36 36 27 14 8 0 0 0 0 12 13 19 7 0 0 13 0 0 19 14 11 12 4 0 0 0 0 0 0 0 -999
P2755 2083 5 0 0 0 0 0 0 0 0 0 29 0 0 0 0 0 0 0 0 0 0 0 0 0 0 0 0 0 0 0 0 0
P2755 2083 6 0 0 0 0 0 0 0 0 0 0 0 0 0 0 0 0 0 0 0 0 0 0 0 0 0 0 0 0 0 0 -999
P2755 2083 7 0 0 0 0 0 0 0 0 0 0 0 0 0 0 0 0 0 0 0 0 0 0 0 0 0 0 0 0 0 0 0
P2755 2083 8 0 0 0 0 0 0 0 0 0 0 0 0 0 0 0 0 0 0 0 0 0 0 0 0 0 0 0 0 0 0 0
P2755 2083 9 0 0 0 0 0 0 0 0 0 0 0 0 0 0 0 0 0 0 0 0 0 0 0 0 0 0 0 0 0 0 -999
P2755 2083 10 43 32 0 0 9 0 0 0 0 0 0 0 0 0 0 0 0 0 0 0 0 0 0 0 0 0 0 0 0 0 0
P2755 2083 11 0 0 21 0 0 0 11 7 13 13 0 0 16 29 8 18 31 46 24 20 7 3 9 27 4 4 5 4 3 0 -999
P2755 2083 12 0 0 0 0 0 0 5 5 3 15 10 9 21 0 0 23 22 8 0 0 0 0 0 0 0 0 0 0 0 0 2
P2755 2084 1 6 19 14 11 0 0 0 4 0 0 0 0 4 3 0 0 4 32 47 14 8 13 68 9 2 2 0 0 0 0 3
P2755 2084 2 2 0 11 10 6 0 0 0 0 0 9 17 17 8 0 0 6 4 10 11 7 5 42 48 14 22 37 11 -999 -999 -999
P2755 2084 3 8 23 15 17 30 41 35 33 23 36 38 47 50 85 64 190 100 61 34 27 25 6 7 14 10 0 0 0 0 21 35
P2755 2084 4 24 26 51 55 69 31 8 15 20 13 63 17 3 8 18 15 0 0 0 0 0 0 0 0 0 0 0 0 0 0 -999
P2755 2084 5 0 0 0 0 0 0 0 6 4 0 0 0 0 0 0 0 0 0 0 0 0 0 0 0 0 0 14 0 5 0 6
P2755 2084 6 6 0 0 0 0 0 0 0 0 0 0 0 0 0 18 4 0 0 0 0 0 0 0 0 0 0 0 0 0 0 -999
P2755 2084 7 0 0 0 0 0 0 0 0 0 0 0 0 0 0 0 0 0 0 0 0 0 0 0 0 0 0 0 0 0 0 0
P2755 2084 8 0 0 0 0 0 0 0 0 0 0 0 0 0 0 0 0 29 16 0 0 0 0 0 0 0 0 0 0 0 0 0
P2755 2084 9 0 0 0 0 0 0 0 0 0 0 0 0 0 0 0 0 0 0 0 0 0 0 0 0 0 0 0 0 0 0 -999
P2755 2084 10 0 0 0 0 0 0 0 0 0 0 0 0 0 0 0 10 0 0 0 0 0 0 0 6 5 0 0 0 0 0 0
P2755 2084 11 0 0 4 6 48 51 24 6 31 51 57 66 38 36 7 4 5 0 0 0 0 0 0 0 5 0 19 0 0 3 -999
P2755 2084 12 4 5 7 21 11 5 5 6 3 0 0 0 0 0 0 4 3 0 0 0 0 0 2 3 3 17 4 3 5 0 0
P2755 2085 1 0 0 0 0 0 0 0 0 0 0 0 0 0 2 6 0 0 0 0 0 0 0 0 0 0 0 5 5 0 0 0
P2755 2085 2 0 0 0 5 0 0 0 0 0 0 0 0 0 0 0 18 25 0 0 0 0 0 0 0 0 0 0 2 -999 -999 -999
P2755 2085 3 0 0 0 0 12 0 0 0 0 0 0 32 24 0 0 0 0 14 10 8 20 41 29 10 6 5 10 0 21 50 34
P2755 2085 4 33 25 56 13 14 0 0 0 0 0 0 0 0 5 31 8 0 0 0 0 0 0 0 0 0 0 16 21 11 15 -999
P2755 2085 5 15 8 0 12 10 4 6 0 4 17 28 30 22 10 5 4 5 4 9 27 24 14 6 0 6 5 0 0 0 0 0
P2755 2085 6 0 0 0 0 0 0 0 0 0 0 0 0 0 0 0 0 0 0 0 0 0 0 0 0 0 0 0 0 0 0 -999
P2755 2085 7 0 0 0 0 0 0 0 0 0 0 0 0 0 0 0 0 0 0 0 0 0 0 0 0 0 0 0 0 0 0 0
P2755 2085 8 0 0 0 0 0 0 0 0 0 0 0 0 0 0 0 0 0 0 0 0 0 0 0 0 0 0 0 0 0 0 0
P2755 2085 9 0 0 0 0 0 0 0 0 0 0 0 0 0 0 0 0 0 0 0 0 0 0 0 0 0 0 0 0 0 0 -999
P2755 2085 10 0 0 0 0 0 0 0 0 22 0 0 0 0 0 0 21 22 26 0 0 0 0 0 7 0 0 4 2 0 0 0
P2755 2085 11 0 10 22 60 26 7 3 4 0 0 0 0 0 0 0 0 0 21 36 22 103 112 45 43 58 14 68 4 5 0 -999
P2755 2085 12 29 66 22 5 17 19 7 0 0 13 11 10 6 7 6 0 0 0 0 0 3 6 36 48 45 22 10 9 8 8 32
P2755 2086 1 41 59 59 52 19 0 0 0 0 0 0 0 6 0 0 6 0 0 0 0 0 0 0 0 0 0 0 0 0 0 0
P2755 2086 2 0 0 0 0 0 0 0 0 0 0 0 3 5 5 4 4 0 7 8 3 38 4 2 2 3 6 10 6 -999 -999 -999
P2755 2086 3 2 0 0 0 0 0 0 0 0 0 3 2 2 0 0 0 0 0 0 0 0 9 6 0 0 0 0 0 0 0 15
P2755 2086 4 27 36 25 8 0 0 9 15 36 7 5 6 5 18 45 35 35 46 42 30 17 11 29 37 0 0 23 24 0 0 -999
P2755 2086 5 0 19 24 0 0 7 0 0 0 0 0 0 0 0 0 0 0 7 12 9 8 12 7 0 8 0 0 0 0 0 0
P2755 2086 6 0 0 0 0 0 0 0 0 0 0 0 0 0 0 0 0 0 0 0 0 14 0 0 0 0 0 0 0 0 0 -999
P2755 2086 7 0 0 0 0 0 0 0 0 0 0 0 0 0 0 0 0 0 0 0 0 0 0 0 0 0 0 0 0 0 0 0
P2755 2086 8 0 0 0 0 0 0 0 0 0 0 0 0 0 0 0 0 0 0 0 0 0 0 0 0 0 0 0 0 0 0 0
P2755 2086 9 0 0 0 0 0 0 0 0 0 0 0 0 0 11 0 0 9 8 0 0 0 0 0 0 0 0 0 0 0 0 -999
P2755 2086 10 0 13 0 0 0 0 0 0 0 0 0 0 0 0 24 34 29 18 0 0 0 0 7 19 23 28 18 0 5 8 7
P2755 2086 11 0 0 0 0 0 0 0 16 6 5 0 16 19 10 44 56 46 66 25 62 23 12 8 0 0 0 14 16 42 13 -999
P2755 2086 12 6 8 13 16 32 16 0 0 0 0 0 0 4 3 0 0 0 0 5 7 3 0 0 0 0 0 0 7 0 5 6
P2755 2087 1 4 58 22 8 16 9 0 0 0 0 0 0 4 10 41 44 9 8 8 2 3 2 3 0 4 0 0 0 13 11 3
P2755 2087 2 4 0 5 10 5 7 0 0 0 0 0 0 0 0 0 0 0 0 0 4 0 0 0 0 0 0 0 0 -999 -999 -999
P2755 2087 3 3 0 0 0 0 0 6 0 0 0 0 0 0 8 47 6 11 12 26 13 8 5 0 0 0 0 48 28 7 0 0
P2755 2087 4 0 0 7 7 11 4 0 0 0 0 0 0 0 0 0 0 0 12 15 7 0 9 0 0 0 0 0 0 0 0 -999
P2755 2087 5 0 0 0 0 0 0 0 57 53 47 17 0 0 0 0 0 0 0 0 0 0 0 0 0 0 0 0 10 8 14 0
P2755 2087 6 0 0 0 0 0 0 0 0 0 0 0 0 0 0 0 0 0 0 0 0 0 0 0 0 0 0 0 0 0 0 -999
P2755 2087 7 0 0 0 0 0 0 0 0 0 0 0 0 0 0 0 0 0 0 0 0 0 0 0 0 0 0 0 0 0 0 0
P2755 2087 8 0 0 0 0 0 0 0 0 0 0 0 0 0 0 0 0 0 0 0 0 0 0 0 0 0 0 0 0 0 0 0
P2755 2087 9 0 0 0 0 0 0 0 0 0 0 0 0 0 0 0 0 0 0 0 0 28 18 0 0 0 0 0 13 9 0 -999
P2755 2087 10 11 0 0 13 0 0 0 0 0 0 0 0 0 0 0 0 0 13 16 10 0 34 31 7 14 15 0 0 0 0 0
P2755 2087 11 0 0 0 10 6 0 8 8 5 6 3 10 7 12 26 23 3 8 0 0 0 0 0 0 0 0 0 0 17 33 -999
P2755 2087 12 30 62 13 30 7 0 22 14 5 0 0 27 57 23 28 23 48 88 105 46 46 10 0 0 0 0 0 0 0 0 0
P2755 2088 1 0 0 0 0 0 0 13 36 150 43 50 55 147 157 18 43 41 26 10 2 3 3 8 36 41 58 91 53 40 56 8
P2755 2088 2 5 5 3 12 11 5 0 0 0 0 0 0 0 0 0 0 12 22 18 7 0 8 8 0 0 0 0 0 -999 -999 -999
P2755 2088 3 0 0 0 0 15 0 25 9 3 0 0 8 16 7 12 24 27 17 20 9 0 0 7 5 16 13 6 0 0 0 0
P2755 2088 4 0 0 0 0 0 0 0 0 0 13 10 10 12 5 3 9 0 0 0 0 0 0 0 0 0 0 0 0 0 0 -999
P2755 2088 5 0 0 0 0 0 0 20 0 0 0 0 56 44 10 8 10 0 0 13 7 0 0 0 0 0 0 0 0 0 0 0
P2755 2088 6 0 0 0 0 0 0 0 0 0 0 0 0 0 0 0 0 0 0 0 0 0 0 0 0 0 0 0 0 0 0 -999
P2755 2088 7 0 0 0 0 0 0 0 0 0 0 0 0 0 0 0 0 0 0 0 0 0 0 0 0 0 0 0 0 0 0 0
P2755 2088 8 0 0 0 0 0 0 0 0 0 0 0 0 0 0 0 0 0 0 0 0 0 0 0 0 0 0 0 0 0 0 0
P2755 2088 9 0 0 0 0 0 0 0 0 0 0 0 0 0 0 0 0 0 0 0 0 0 0 0 0 0 0 0 0 0 0 -999
P2755 2088 10 0 0 0 0 0 0 0 0 11 10 15 6 14 4 0 0 0 0 0 0 0 0 0 0 0 0 0 0 0 0 0
P2755 2088 11 6 12 38 68 57 97 54 22 66 47 4 4 3 0 3 0 0 0 0 0 0 0 14 13 0 14 24 7 0 8 -999
P2755 2088 12 34 20 19 22 56 52 14 0 0 0 0 0 0 0 0 0 0 0 0 0 0 0 0 0 0 5 5 2 0 2 2
P2755 2089 1 0 0 0 0 3 3 12 2 0 2 18 11 10 18 16 12 15 9 18 83 55 19 59 11 15 27 13 10 14 10 53
P2755 2089 2 103 17 5 10 41 8 6 13 9 45 56 23 13 21 33 50 48 33 39 32 33 0 0 0 0 7 28 32 -999 -999 -999
P2755 2089 3 6 3 0 0 0 0 0 0 0 0 0 0 0 0 0 0 7 8 3 0 0 0 0 0 0 0 0 0 9 0 0
P2755 2089 4 0 0 0 0 0 4 11 26 49 33 8 0 0 0 15 19 27 21 29 40 33 0 0 0 0 0 0 0 0 0 -999
P2755 2089 5 8 8 4 0 0 0 0 0 0 0 0 0 0 0 0 0 0 0 0 0 0 0 0 0 0 0 0 0 0 0 0
P2755 2089 6 0 15 0 0 0 0 0 0 0 0 0 0 0 0 0 0 0 0 0 0 0 0 0 0 0 0 0 0 0 0 -999
P2755 2089 7 0 0 0 0 0 0 0 0 0 0 0 0 0 0 0 0 0 0 0 0 0 0 0 0 0 0 0 0 0 0 0
P2755 2089 8 0 0 0 0 0 0 0 0 0 0 0 0 0 0 0 0 0 0 0 0 0 0 0 0 0 0 0 0 0 0 0
P2755 2089 9 0 0 0 0 0 0 0 0 0 0 0 0 0 0 0 0 0 0 0 0 0 0 0 0 0 0 0 0 0 0 -999
P2755 2089 10 0 0 0 0 0 0 0 0 0 0 0 31 31 30 15 7 0 0 0 0 0 0 0 0 8 8 0 0 0 0 0
P2755 2089 11 0 0 0 0 0 10 8 2 0 0 4 5 7 6 10 40 27 47 57 24 30 54 56 15 0 0 0 0 13 14 -999
P2755 2089 12 47 50 7 7 0 6 8 7 5 2 0 0 0 0 0 0 7 8 9 34 39 20 6 4 0 0 0 0 0 22 29
P2755 2090 1 10 0 0 0 0 4 4 2 7 20 12 4 0 0 0 0 0 0 0 13 24 45 69 11 2 7 9 0 0 0 3
P2755 2090 2 0 21 43 0 0 0 0 0 10 20 39 22 18 18 63 76 70 27 6 15 43 20 3 4 7 19 45 59 -999 -999 -999
P2755 2090 3 21 4 0 0 0 3 19 49 32 4 6 49 57 5 3 5 0 0 0 0 0 0 0 4 7 7 0 0 0 0 0
P2755 2090 4 0 26 34 42 53 24 5 0 0 0 0 9 12 0 0 0 31 13 0 0 0 0 0 23 0 0 0 38 20 15 -999
P2755 2090 5 27 0 0 0 0 0 0 0 0 0 0 0 0 0 0 25 30 25 16 9 13 6 4 0 0 0 0 0 0 0 0
P2755 2090 6 0 0 0 0 49 44 17 11 12 12 11 0 0 0 0 0 0 0 0 0 0 0 0 14 12 11 7 0 0 0 -999
P2755 2090 7 0 0 0 0 0 0 0 0 0 0 0 0 0 0 0 0 0 0 0 0 0 0 0 0 0 0 0 0 0 0 0
P2755 2090 8 0 0 0 0 0 0 0 0 0 0 0 0 0 0 0 0 0 0 0 0 0 0 0 0 0 0 0 0 0 0 0
P2755 2090 9 0 0 0 0 0 0 0 0 0 0 0 0 0 0 0 0 0 0 0 0 0 0 0 0 0 0 0 20 28 0 -999
P2755 2090 10 0 0 0 0 0 11 0 21 18 9 11 9 0 0 0 0 0 26 0 0 0 0 0 0 0 0 0 0 0 0 16
P2755 2090 11 15 7 5 2 0 0 0 0 0 0 0 0 0 0 0 0 0 0 0 0 0 0 0 0 0 8 16 33 55 58 -999
P2755 2090 12 57 43 8 26 14 7 7 3 13 46 31 33 23 18 10 5 0 0 0 0 0 10 3 16 0 0 0 0 8 6 0
P2755 2091 1 0 0 12 0 0 0 0 0 0 0 0 0 3 2 0 0 0 0 3 4 6 7 10 17 15 55 70 54 16 4 4
P2755 2091 2 10 18 17 23 30 33 37 13 17 12 10 6 22 18 10 7 6 0 0 0 0 7 23 19 30 33 11 0 -999 -999 -999
P2755 2091 3 0 0 0 0 0 0 0 0 4 0 0 0 0 0 0 0 0 0 4 4 5 0 0 0 0 0 0 0 0 0 0
P2755 2091 4 0 0 0 0 0 0 0 0 0 0 0 0 0 0 0 0 0 0 0 30 0 0 7 14 48 37 11 11 13 0 -999
P2755 2091 5 0 0 0 0 13 34 40 9 5 4 14 14 36 60 15 17 62 11 5 0 0 0 0 0 0 0 0 0 0 0 0
P2755 2091 6 0 0 0 0 0 0 0 0 0 0 0 0 0 0 0 0 0 0 0 0 0 0 0 0 0 0 0 0 0 0 -999
P2755 2091 7 0 0 0 0 0 0 0 0 0 0 0 0 0 0 0 0 0 0 0 0 0 0 0 0 0 0 0 0 0 0 0
P2755 2091 8 0 0 0 0 0 0 0 0 0 0 0 0 0 0 0 0 0 0 0 0 0 0 0 0 0 0 0 0 0 0 0
P2755 2091 9 0 0 0 0 0 0 0 0 0 0 0 0 0 0 0 0 0 0 0 0 16 10 6 0 13 35 0 0 0 0 -999
P2755 2091 10 0 0 0 0 0 0 0 0 0 19 0 0 0 0 0 0 0 0 0 0 0 0 12 10 6 8 0 11 41 15 50
P2755 2091 11 50 73 80 38 15 36 86 89 28 22 63 59 46 15 2 0 7 30 6 8 7 3 0 0 0 0 0 0 0 0 -999
P2755 2091 12 0 0 0 0 0 0 0 0 0 0 0 15 46 54 22 24 2 3 8 9 9 6 0 0 0 0 0 0 0 0 0
P2755 2092 1 0 0 0 0 11 11 0 11 0 6 7 19 148 31 4 0 0 0 0 0 0 0 2 4 4 8 3 0 0 2 0
P2755 2092 2 0 0 0 5 21 42 9 5 0 0 0 0 0 0 0 0 0 0 7 5 8 10 3 4 0 0 0 7 -999 -999 -999
P2755 2092 3 5 0 0 0 0 0 0 0 0 0 0 0 0 0 0 15 12 48 45 12 7 3 0 0 0 0 0 0 0 0 0
P2755 2092 4 0 0 0 0 0 0 5 13 20 13 0 0 0 0 0 0 0 0 0 36 41 0 0 0 0 14 0 0 0 0 -999
P2755 2092 5 0 0 0 0 0 0 0 0 0 5 9 4 0 0 0 0 0 0 0 0 0 0 0 0 0 0 0 0 0 0 0
P2755 2092 6 0 0 0 0 0 0 0 0 0 0 0 0 0 0 0 0 0 0 0 0 0 0 0 0 0 0 0 0 0 0 -999
P2755 2092 7 0 0 0 0 0 0 0 0 0 0 0 0 0 0 0 0 0 0 0 0 0 0 0 0 0 0 0 0 0 0 0
P2755 2092 8 0 0 0 0 0 0 0 0 0 0 0 0 0 0 0 0 0 0 0 0 0 0 0 0 0 0 0 0 0 38 17
P2755 2092 9 0 0 0 0 0 0 0 0 0 0 0 0 0 0 0 0 0 0 0 0 0 0 0 0 0 0 0 0 0 11 -999
P2755 2092 10 30 24 5 0 0 0 0 0 0 0 0 0 0 0 0 0 4 0 0 0 0 0 0 0 0 0 0 0 0 0 0
P2755 2092 11 0 0 0 0 10 7 24 25 19 0 0 0 16 9 4 5 0 0 0 0 0 0 0 5 9 4 0 0 0 0 -999
P2755 2092 12 0 0 0 4 15 34 37 25 11 6 0 0 0 0 0 0 0 0 0 0 0 0 0 0 0 5 34 15 5 2 0
P2755 2093 1 0 0 0 0 7 10 13 18 39 27 20 22 21 5 3 4 0 0 0 0 0 0 0 4 0 0 0 0 3 2 3
P2755 2093 2 0 0 0 2 3 8 8 21 90 144 81 7 9 18 25 23 25 29 57 51 50 40 6 9 0 15 21 17 -999 -999 -999
P2755 2093 3 10 6 15 14 3 0 0 14 22 30 58 17 19 11 132 37 5 14 36 37 65 28 17 16 4 4 5 0 13 31 10
P2755 2093 4 5 0 0 0 0 8 6 5 4 10 10 11 0 0 0 0 0 0 9 0 0 0 39 8 0 0 0 0 0 0 -999
P2755 2093 5 0 0 9 11 12 13 6 8 13 15 18 6 0 0 0 0 0 0 0 0 0 0 0 0 0 0 0 0 0 0 0
P2755 2093 6 0 0 0 0 0 0 0 0 0 0 0 26 37 31 15 0 0 0 0 0 0 0 0 0 0 0 0 0 0 0 -999
P2755 2093 7 0 0 0 0 0 0 0 0 0 0 0 0 0 0 0 0 0 0 0 0 0 0 0 0 0 0 0 0 0 0 0
P2755 2093 8 0 0 0 0 0 0 0 0 0 0 0 0 0 0 0 0 0 0 0 0 0 0 0 0 0 0 27 22 0 0 0
P2755 2093 9 0 0 0 0 0 0 0 0 0 0 0 0 0 0 0 0 0 0 0 0 0 0 0 0 0 0 0 0 0 0 -999
P2755 2093 10 0 0 0 0 0 0 0 0 9 13 0 0 0 0 0 0 0 0 0 0 0 0 6 0 0 0 0 0 0 0 4
P2755 2093 11 5 30 28 58 32 8 3 6 18 16 0 17 46 0 0 0 3 12 15 9 0 0 0 32 12 15 11 0 0 0 -999
P2755 2093 12 0 0 17 24 0 4 5 10 7 0 0 15 2 0 0 0 0 0 0 0 0 0 0 0 0 0 0 8 34 29 5
P2755 2094 1 0 0 7 7 20 26 25 12 0 0 0 0 0 0 0 0 3 4 5 3 3 2 2 0 0 0 0 0 0 0 3
P2755 2094 2 0 0 0 0 5 3 5 0 0 0 0 0 0 0 5 0 0 0 0 8 11 5 2 36 9 4 24 50 -999 -999 -999
P2755 2094 3 25 13 9 7 35 79 65 80 47 43 14 5 14 6 0 0 10 0 0 0 0 0 0 0 0 0 0 0 0 0 0
P2755 2094 4 0 0 21 25 21 12 0 5 5 7 3 39 14 6 42 35 11 3 0 0 0 0 8 21 86 23 2 3 0 0 -999
P2755 2094 5 0 0 0 0 3 0 4 0 0 0 0 0 0 0 0 0 0 0 0 0 0 0 0 0 0 0 0 0 0 0 0
P2755 2094 6 0 0 0 0 0 0 10 17 12 3 0 0 0 0 0 0 0 0 0 0 0 0 0 0 0 0 0 0 0 0 -999
P2755 2094 7 0 0 0 0 0 0 0 0 0 0 0 0 0 0 0 0 0 0 0 0 0 0 0 0 0 0 0 0 0 0 0
P2755 2094 8 0 0 0 0 0 0 0 0 0 0 0 0 0 0 0 0 0 0 0 0 0 0 0 0 0 0 0 0 0 0 0
P2755 2094 9 0 0 0 0 0 0 0 0 0 0 0 0 0 0 0 0 0 0 0 0 0 41 0 0 0 0 0 0 0 0 -999
P2755 2094 10 21 33 49 44 30 10 0 0 0 0 0 0 0 0 0 0 0 0 0 0 15 0 0 0 0 18 12 13 6 3 4
P2755 2094 11 0 0 0 0 0 6 25 7 3 0 0 5 8 12 8 5 0 0 0 0 0 0 0 10 0 8 28 18 0 0 -999
P2755 2094 12 0 0 0 0 22 85 51 29 40 39 55 34 5 23 25 0 0 0 0 0 0 0 0 0 0 7 58 35 27 14 11
P2755 2095 1 106 9 31 13 17 30 11 2 7 7 10 18 11 6 13 8 111 62 183 206 200 135 44 16 102 100 35 82 5 5 38
P2755 2095 2 9 3 0 25 11 3 8 4 3 6 16 40 46 37 11 7 3 5 4 0 0 0 0 6 0 8 28 0 -999 -999 -999
P2755 2095 3 0 0 0 0 0 0 0 0 0 0 5 22 13 14 32 11 15 30 26 24 8 23 10 41 42 32 17 0 0 0 0
P2755 2095 4 9 16 7 3 0 12 49 47 11 18 8 5 0 0 0 0 16 0 0 0 0 0 0 0 0 0 0 0 0 0 -999
P2755 2095 5 0 7 5 0 0 5 0 0 0 0 32 24 0 0 0 0 0 0 0 0 0 0 0 0 0 0 0 0 0 0 0
P2755 2095 6 0 0 0 0 0 0 0 0 0 0 0 0 0 0 0 0 0 0 0 0 0 0 0 0 0 0 0 13 0 0 -999
P2755 2095 7 0 0 0 0 0 0 0 0 0 0 0 0 0 0 0 0 0 0 0 0 0 0 0 0 0 0 0 0 0 0 0
P2755 2095 8 0 0 0 0 0 0 0 0 0 0 0 0 0 0 0 0 0 0 0 0 0 0 0 0 0 0 0 0 0 0 0
P2755 2095 9 0 0 0 0 0 0 0 0 0 0 0 0 0 0 0 0 0 0 0 0 0 0 0 0 0 0 0 0 0 0 -999
P2755 2095 10 0 0 0 0 0 0 0 0 12 8 19 9 5 4 0 0 10 3 0 0 0 0 0 0 3 0 0 3 11 10 6
P2755 2095 11 5 17 13 14 8 0 4 30 130 49 116 63 41 12 0 0 0 0 10 9 2 0 0 0 3 3 10 8 11 13 -999
P2755 2095 12 6 0 0 0 0 0 5 0 4 0 0 0 0 0 0 0 2 2 0 0 0 0 0 0 2 7 32 15 0 0 0
P2755 2096 1 0 0 0 10 5 25 42 19 7 9 6 4 0 0 0 0 0 0 0 0 0 0 0 0 0 0 3 3 9 16 6
P2755 2096 2 9 0 12 6 2 0 0 3 0 3 3 3 3 4 8 14 7 8 3 3 3 13 15 14 11 17 18 13 -999 -999 -999
P2755 2096 3 2 9 42 37 14 17 18 9 9 9 0 3 3 4 4 2 0 0 0 0 0 0 0 0 0 4 5 5 10 18 12
P2755 2096 4 11 8 12 9 0 18 19 30 33 0 16 25 38 45 24 9 7 13 33 27 12 0 0 0 0 0 0 0 22 0 -999
P2755 2096 5 0 0 0 0 0 0 0 0 0 0 0 0 0 0 0 0 0 0 0 18 19 7 0 0 0 0 0 0 22 37 65
P2755 2096 6 63 10 11 17 0 0 0 0 0 0 0 0 0 0 0 0 0 0 0 0 0 0 0 0 0 0 0 0 0 0 -999
P2755 2096 7 0 0 0 0 0 0 0 0 0 0 0 0 0 0 0 0 0 0 0 0 0 0 0 0 0 0 0 0 0 0 0
P2755 2096 8 0 0 0 0 0 0 0 0 0 0 0 0 0 0 0 0 0 0 0 0 0 0 0 0 0 0 0 0 0 0 0
P2755 2096 9 0 0 0 0 0 0 7 15 0 0 0 0 0 0 0 0 0 0 0 0 0 0 0 0 0 0 0 0 0 0 -999
P2755 2096 10 0 0 0 0 0 0 0 0 0 21 45 34 5 0 0 0 19 51 31 35 29 8 0 5 6 0 0 6 8 107 57
P2755 2096 11 73 115 76 31 20 29 8 12 24 65 48 10 16 19 48 41 60 66 28 42 12 0 0 0 0 4 8 0 13 6 -999
P2755 2096 12 0 0 0 0 0 0 0 0 0 0 0 0 0 0 3 0 0 0 0 0 0 0 0 3 7 15 15 22 29 34 42
P2755 2097 1 26 6 13 18 10 0 9 15 22 21 13 14 10 6 9 36 22 5 14 12 3 0 0 2 0 3 0 0 9 4 0
P2755 2097 2 5 6 2 0 4 3 0 3 0 5 0 5 6 0 0 0 8 9 15 34 16 0 0 0 0 16 25 16 -999 -999 -999
P2755 2097 3 7 0 0 11 29 12 10 0 0 0 0 0 0 0 5 12 22 22 52 42 36 15 28 25 24 22 18 0 0 0 0
P2755 2097 4 11 0 0 0 0 10 9 7 0 7 4 0 0 0 0 0 0 7 16 20 31 34 43 8 26 26 39 7 3 0 -999
P2755 2097 5 0 0 0 0 0 48 35 4 0 0 0 0 0 0 0 0 0 0 0 19 16 0 0 0 0 0 0 0 0 0 12
P2755 2097 6 0 0 0 0 0 0 0 0 0 0 0 30 30 23 19 8 0 0 0 0 0 0 0 0 0 0 0 0 0 0 -999
P2755 2097 7 0 0 0 0 0 0 0 0 0 0 0 0 0 0 0 0 0 0 0 0 0 0 0 0 0 0 0 0 0 0 0
P2755 2097 8 0 0 0 0 0 0 0 0 0 0 0 0 0 0 0 0 0 0 0 0 0 0 0 0 0 0 0 0 0 0 0
P2755 2097 9 0 0 0 0 0 0 0 0 0 0 0 0 0 0 0 0 0 0 0 0 0 0 0 0 9 8 0 0 0 0 -999
P2755 2097 10 0 28 17 7 12 0 0 0 0 0 0 0 0 0 0 0 0 43 31 29 0 7 20 27 5 0 0 0 0 25 47
P2755 2097 11 23 7 0 13 6 0 0 0 9 16 17 8 25 35 37 17 4 0 0 7 17 33 11 0 0 0 0 0 0 0 -999
P2755 2097 12 0 0 15 56 53 12 10 0 0 0 0 0 0 12 52 51 26 7 2 2 5 26 5 4 3 2 4 4 0 0 0
P2755 2098 1 0 11 5 4 9 12 4 8 3 4 10 14 7 4 2 2 0 0 3 4 5 3 8 4 0 0 0 3 0 0 0
P2755 2098 2 7 16 50 39 30 20 16 14 13 36 16 5 8 4 7 10 10 4 5 8 12 0 0 12 17 23 15 7 -999 -999 -999
P2755 2098 3 3 6 3 2 0 3 4 4 0 0 0 0 0 0 0 0 0 0 14 20 16 4 0 0 0 0 0 0 0 0 0
P2755 2098 4 0 0 0 0 0 0 0 0 24 17 13 19 6 4 0 0 0 0 0 0 26 9 0 0 0 0 0 0 0 0 -999
P2755 2098 5 0 0 0 0 0 0 0 0 0 0 0 0 0 0 0 0 18 15 0 0 0 0 0 0 0 0 0 0 0 0 0
P2755 2098 6 0 0 0 0 0 0 0 0 0 0 0 0 0 20 31 16 9 0 0 0 0 0 14 14 0 0 0 0 0 0 -999
P2755 2098 7 0 0 0 0 0 0 0 0 0 0 0 0 0 0 0 0 0 0 0 0 0 0 0 0 0 0 0 0 0 0 0
P2755 2098 8 0 0 0 0 0 0 0 0 0 0 0 0 0 0 0 0 0 0 0 0 0 0 0 0 0 0 0 0 0 0 0
P2755 2098 9 0 0 0 0 0 0 0 0 0 0 0 0 0 0 0 0 0 0 13 24 0 0 0 0 0 13 11 0 0 0 -999
P2755 2098 10 0 0 0 17 11 6 0 0 0 0 0 0 0 0 0 0 0 23 0 26 39 42 28 0 0 4 3 14 16 18 16
P2755 2098 11 18 52 8 41 9 23 8 8 5 47 51 29 7 0 0 25 51 9 3 0 0 10 10 0 0 0 0 4 14 58 -999
P2755 2098 12 17 90 31 41 32 44 30 12 11 6 0 0 2 0 0 4 5 4 7 5 23 64 91 32 6 4 6 3 0 0 0
P2755 2099 1 0 0 0 0 0 0 0 0 0 0 0 0 0 0 2 3 3 0 0 0 0 0 0 0 0 0 0 0 0 0 0
P2755 2099 2 3 5 56 5 3 0 0 0 0 0 0 0 0 0 0 3 0 4 5 6 9 7 0 2 3 0 7 0 -999 -999 -999
P2755 2099 3 0 0 0 0 9 29 16 31 42 59 52 35 5 0 0 0 0 0 0 0 0 0 5 3 3 0 0 0 0 0 0
P2755 2099 4 0 6 6 3 7 5 0 0 0 0 0 0 0 18 25 7 0 0 0 0 0 0 0 0 26 25 7 0 0 5 -999
P2755 2099 5 4 0 0 0 22 0 0 0 0 0 0 0 0 0 16 0 0 0 0 0 0 0 0 0 0 0 0 0 0 0 0
P2755 2099 6 0 0 0 0 0 0 0 0 0 0 0 0 0 0 0 0 0 0 0 10 13 0 0 0 0 0 0 0 0 0 -999
P2755 2099 7 0 0 0 0 0 0 0 0 0 0 0 0 0 0 0 0 0 0 0 0 0 0 0 0 0 0 0 0 0 0 0
P2755 2099 8 0 0 0 0 0 0 0 0 0 0 0 0 0 0 0 0 0 0 0 0 0 0 0 0 0 0 0 0 0 12 0
P2755 2099 9 0 0 0 0 0 0 0 0 0 0 0 0 0 0 0 0 0 0 0 0 0 0 0 0 0 0 0 0 0 0 -999
P2755 2099 10 0 0 0 0 0 0 0 0 0 0 0 24 0 21 26 0 0 0 0 0 0 0 0 0 0 0 0 0 0 18 40
P2755 2099 11 26 21 17 0 0 13 14 0 4 6 15 24 54 8 9 13 12 37 49 35 40 9 0 0 0 0 0 0 0 0 -999
P2755 2099 12 5 3 0 0 4 7 5 24 22 0 0 0 11 5 0 0 0 0 0 3 5 21 14 0 0 0 0 15 11 12 82
P2755 2100 1 7 0 0 0 4 0 0 0 0 3 0 24 36 15 29 26 3 0 0 0 3 3 5 3 0 2 0 0 0 0 0
P2755 2100 2 0 0 27 6 0 5 0 0 0 0 0 0 0 0 0 0 0 0 2 2 0 0 0 0 0 0 0 0 -999 -999 -999
P2755 2100 3 0 0 0 0 0 30 12 19 9 10 0 41 23 12 0 0 0 0 0 0 0 0 0 11 0 0 0 24 8 17 21
P2755 2100 4 2 6 2 0 0 0 0 0 5 0 4 0 4 0 0 0 0 0 0 0 0 26 44 12 0 0 0 0 0 0 -999
P2755 2100 5 0 0 54 21 9 0 0 0 0 0 6 0 5 0 0 0 5 0 0 0 0 0 0 6 6 4 0 0 0 0 0
P2755 2100 6 0 10 0 0 0 0 0 0 0 0 0 0 0 0 0 0 0 0 0 0 0 0 0 0 0 0 18 0 7 0 -999
P2755 2100 7 5 0 0 0 0 0 0 0 0 0 0 0 0 0 0 0 0 0 0 0 0 0 0 0 0 0 0 0 0 0 0
P2755 2100 8 0 0 0 0 0 0 0 0 0 0 0 0 0 0 0 0 0 0 0 0 0 0 0 0 0 0 0 0 0 0 0
P2755 2100 9 0 0 0 0 0 10 7 0 0 0 0 0 0 0 0 0 0 0 0 0 0 0 0 0 0 0 0 0 0 0 -999
P2755 2100 10 11 28 5 4 9 23 19 22 23 12 6 7 21 23 9 7 16 26 29 0 9 0 19 80 28 8 0 56 50 75 24
P2755 2100 11 6 3 0 0 0 0 5 0 0 0 39 52 43 6 10 0 0 0 0 0 0 0 0 0 0 0 0 0 0 0 -999
P2755 2100 12 0 0 0 0 0 0 0 12 0 18 0 0 0 3 14 25 15 0 30 3 27 25 0 5 39 115 51 132 33 13 -999
