precip bcc-csm1-1 rcp60 RNEURONALES decimas 2
P7917 39.676 -0.67 226 geo 2006 2100 -1
P7917 2006 1 0 0 0 0 0 0 0 0 0 0 0 1 4 1 2 1 0 0 0 0 0 0 0 0 2 2 2 0 0 0 0
P7917 2006 2 0 0 0 1 1 22 20 15 0 1 0 2 2 9 2 0 2 0 0 0 3 0 0 0 0 0 0 4 -999 -999 -999
P7917 2006 3 0 0 25 12 0 5 5 0 0 2 0 0 0 0 0 0 3 2 0 0 0 0 0 0 0 0 0 0 0 2 8
P7917 2006 4 0 13 4 0 57 25 10 17 33 46 28 5 1 2 13 0 0 0 3 0 0 8 25 25 4 27 11 0 0 0 -999
P7917 2006 5 0 2 0 0 2 9 9 4 3 3 0 0 0 4 4 12 15 6 6 6 4 5 12 10 19 65 49 16 18 23 6
P7917 2006 6 11 7 29 33 34 44 41 4 0 0 0 0 0 0 0 0 11 0 0 0 18 9 0 0 0 60 46 71 47 25 -999
P7917 2006 7 32 34 0 0 11 69 9 0 0 0 0 0 0 0 0 0 0 0 0 0 0 0 28 0 0 0 0 0 0 0 0
P7917 2006 8 0 0 0 0 0 0 0 0 0 0 0 0 0 0 0 0 0 0 0 0 0 0 0 0 0 19 45 23 9 0 0
P7917 2006 9 0 0 0 0 0 0 7 4 0 6 4 0 0 60 128 43 33 11 0 0 0 0 0 0 0 0 0 0 0 9 -999
P7917 2006 10 4 3 9 14 5 8 18 0 0 0 0 0 0 0 0 0 0 0 0 0 0 0 0 0 0 0 7 9 9 4 2
P7917 2006 11 0 0 0 0 8 7 5 0 0 0 0 0 0 0 0 0 0 0 0 0 0 0 0 0 0 0 0 0 0 0 -999
P7917 2006 12 0 0 0 0 0 0 0 0 0 0 0 0 0 0 0 0 0 0 0 0 0 2 2 2 41 10 43 11 3 5 0
P7917 2007 1 0 0 0 0 0 0 0 0 0 0 0 0 0 0 0 0 0 2 1 2 0 0 0 0 1 3 4 12 14 9 3
P7917 2007 2 0 0 0 3 4 4 16 22 1 0 0 12 4 2 0 0 0 0 4 19 8 3 3 4 5 3 0 8 -999 -999 -999
P7917 2007 3 83 7 0 0 0 0 0 0 0 0 0 14 129 118 7 0 0 2 0 0 0 3 40 17 12 2 0 0 5 12 19
P7917 2007 4 5 4 6 0 3 5 4 2 0 0 0 0 0 0 0 27 0 6 8 0 0 27 36 32 2 5 2 0 3 0 -999
P7917 2007 5 0 0 0 18 5 4 11 22 4 0 0 29 34 27 22 14 1 3 0 3 0 0 0 0 0 0 0 0 4 12 34
P7917 2007 6 17 6 6 0 0 0 16 40 4 0 0 0 0 0 0 0 0 0 0 0 0 0 0 9 29 22 36 37 0 0 -999
P7917 2007 7 0 0 0 0 0 0 0 0 0 0 0 0 0 16 19 0 0 0 0 0 0 0 0 0 0 0 0 0 0 0 0
P7917 2007 8 0 0 0 0 0 32 0 0 0 0 0 0 0 0 0 0 0 37 61 0 0 31 52 68 0 0 8 5 10 13 0
P7917 2007 9 0 20 9 0 0 0 17 74 105 31 0 0 0 0 0 0 15 23 0 0 0 0 0 0 0 3 0 0 0 0 -999
P7917 2007 10 0 9 9 0 0 0 0 2 0 3 3 6 16 71 16 0 0 28 3 2 0 0 0 0 0 3 20 19 3 3 5
P7917 2007 11 0 0 0 0 0 0 0 0 0 7 4 4 0 0 0 0 0 0 0 0 2 3 19 34 40 14 3 0 0 2 -999
P7917 2007 12 0 0 0 0 0 0 0 0 22 59 7 3 3 5 3 3 14 9 8 3 2 2 3 0 0 0 0 0 0 0 0
P7917 2008 1 12 25 12 1 3 2 1 0 0 0 0 0 1 1 0 7 3 1 11 2 0 0 0 0 0 0 0 0 0 5 4
P7917 2008 2 0 0 0 0 0 0 0 0 0 0 0 0 0 0 3 0 0 0 0 3 0 3 4 3 0 0 0 0 -999 -999 -999
P7917 2008 3 0 0 0 0 0 0 0 0 0 0 0 0 0 0 0 0 0 0 0 0 0 0 0 0 0 1 0 0 0 9 0
P7917 2008 4 0 0 1 0 2 18 132 97 74 34 60 236 71 8 4 0 0 5 4 0 0 0 3 3 0 2 0 0 7 10 -999
P7917 2008 5 0 0 10 4 13 19 5 0 2 2 4 4 0 0 0 0 12 6 4 5 12 0 0 0 0 0 0 2 0 0 0
P7917 2008 6 8 10 29 0 0 0 10 0 0 0 0 0 0 0 0 0 13 44 43 0 0 0 0 9 23 29 12 11 31 11 -999
P7917 2008 7 0 42 30 45 98 27 42 7 0 0 0 0 0 0 0 0 0 4 4 0 0 0 0 0 24 14 19 0 0 0 0
P7917 2008 8 10 0 0 0 0 0 0 0 0 19 10 0 0 0 0 0 0 0 0 0 0 0 0 0 0 0 0 0 0 0 0
P7917 2008 9 0 0 0 0 0 0 0 0 0 0 0 27 101 51 13 0 0 0 0 0 0 0 0 0 0 0 0 0 12 10 -999
P7917 2008 10 3 4 6 4 6 9 5 3 0 7 42 0 0 5 17 45 11 0 0 10 13 5 3 5 2 0 0 0 0 1 0
P7917 2008 11 0 0 0 0 0 5 0 0 3 2 2 0 0 0 2 6 19 1 2 1 0 0 0 0 0 0 0 0 0 0 -999
P7917 2008 12 2 2 3 0 0 0 0 1 1 0 0 0 2 2 0 4 0 0 0 0 0 0 0 0 0 0 0 0 0 0 0
P7917 2009 1 0 0 0 0 0 1 4 3 2 1 5 3 2 2 1 2 0 0 0 0 2 4 11 3 3 3 0 0 0 7 2
P7917 2009 2 0 0 0 0 0 32 0 0 0 0 0 5 23 0 0 0 36 7 13 9 48 7 7 3 3 2 31 4 -999 -999 -999
P7917 2009 3 1 1 4 10 2 2 0 0 0 0 0 0 0 0 0 0 0 0 1 0 0 0 0 0 0 9 17 0 0 0 0
P7917 2009 4 0 0 0 0 0 0 0 0 0 0 4 2 0 3 2 0 0 0 0 25 15 0 0 0 0 7 20 0 0 0 -999
P7917 2009 5 0 0 0 0 0 0 0 0 0 0 0 0 0 0 0 0 0 8 6 8 33 14 29 56 0 0 0 0 11 13 16
P7917 2009 6 14 16 31 96 50 6 5 22 11 11 38 56 18 0 0 3 5 7 5 0 0 0 0 0 0 0 0 0 0 0 -999
P7917 2009 7 0 0 0 0 0 0 0 0 0 0 0 0 0 0 0 0 0 0 0 0 0 0 0 0 0 0 0 76 94 70 0
P7917 2009 8 0 0 0 0 0 0 67 78 0 0 0 0 0 0 0 0 0 0 0 0 0 0 0 0 0 0 0 0 0 0 0
P7917 2009 9 0 24 89 75 36 36 31 28 30 25 14 15 0 0 0 21 23 0 0 0 0 7 6 6 9 25 84 36 18 16 -999
P7917 2009 10 0 23 123 39 32 9 7 0 0 0 0 0 0 0 0 0 0 0 0 0 0 3 3 0 0 0 0 0 0 0 0
P7917 2009 11 0 0 8 0 0 0 0 0 4 2 7 2 0 0 0 0 0 0 0 0 0 0 0 0 0 0 0 0 0 0 -999
P7917 2009 12 0 0 0 0 0 0 3 0 0 0 1 0 0 0 0 3 15 3 0 0 0 0 0 0 0 3 2 0 0 0 1
P7917 2010 1 0 0 0 0 0 0 0 0 0 0 0 0 0 0 1 4 16 21 4 4 0 0 0 0 0 0 0 0 0 0 0
P7917 2010 2 0 0 0 0 0 0 0 0 0 3 3 0 3 0 0 10 0 0 0 0 0 2 0 0 0 0 0 0 -999 -999 -999
P7917 2010 3 0 0 0 0 0 0 2 6 49 18 7 0 0 0 0 0 0 0 0 4 10 2 1 1 3 1 1 2 0 0 0
P7917 2010 4 6 60 34 5 11 6 33 4 2 0 0 4 11 0 0 0 0 0 0 0 5 0 0 3 0 0 0 0 0 0 -999
P7917 2010 5 0 0 0 0 0 0 0 0 0 0 0 0 0 0 0 0 0 10 6 10 5 0 0 0 4 4 6 3 0 6 18
P7917 2010 6 13 9 0 0 0 0 0 0 3 4 6 7 0 9 21 3 6 8 26 10 4 0 0 0 0 0 0 0 0 13 -999
P7917 2010 7 13 7 5 0 0 33 52 0 0 0 38 42 0 19 47 35 18 26 0 0 0 0 0 0 0 0 0 0 0 67 0
P7917 2010 8 0 0 15 12 0 0 0 0 0 0 47 110 22 0 0 0 34 0 0 0 0 0 0 0 0 0 0 0 0 0 0
P7917 2010 9 0 0 12 0 0 0 42 0 0 0 0 0 0 0 0 0 0 0 13 44 40 46 82 163 126 167 62 0 0 0 -999
P7917 2010 10 0 9 0 0 0 0 0 0 0 0 0 0 0 0 0 0 0 0 0 0 0 0 4 0 20 26 56 35 33 25 0
P7917 2010 11 0 0 0 0 0 0 0 0 0 0 18 42 15 2 18 4 1 0 2 0 0 0 0 0 0 0 0 0 0 0 -999
P7917 2010 12 0 0 0 0 0 0 0 3 0 0 0 0 0 0 0 0 0 7 0 0 0 0 0 0 0 0 0 0 0 0 0
P7917 2011 1 0 0 0 0 0 0 0 0 0 0 0 0 25 0 0 0 7 10 17 40 12 5 0 0 0 0 0 0 0 0 1
P7917 2011 2 2 0 0 0 0 0 0 0 0 0 2 0 0 0 0 0 0 0 2 3 2 0 0 3 7 9 4 7 -999 -999 -999
P7917 2011 3 11 8 2 0 2 4 5 3 1 0 0 0 0 0 0 3 0 0 0 0 0 0 0 9 1 0 0 1 0 0 0
P7917 2011 4 16 2 0 6 9 19 0 14 23 35 14 1 0 0 0 0 3 0 0 0 0 0 0 0 0 2 0 0 0 0 -999
P7917 2011 5 0 0 0 0 0 0 0 6 3 0 0 0 0 3 0 0 0 0 0 0 0 0 4 19 10 7 9 0 0 0 0
P7917 2011 6 0 0 0 0 0 0 0 0 0 0 0 0 0 0 0 0 0 0 0 0 32 41 42 23 31 11 0 0 0 0 -999
P7917 2011 7 17 36 20 13 17 12 10 37 17 9 0 0 0 0 0 0 0 0 0 0 5 14 10 0 0 0 0 0 0 0 0
P7917 2011 8 0 0 0 0 0 0 0 0 0 0 0 0 0 0 0 26 16 0 0 0 0 0 0 59 25 18 16 0 0 15 25
P7917 2011 9 40 20 7 11 19 58 51 0 35 53 29 0 0 10 0 0 0 0 0 0 33 33 13 0 0 0 0 0 0 0 -999
P7917 2011 10 0 0 0 0 0 0 4 14 3 0 0 0 0 0 0 0 0 0 0 7 3 3 0 0 0 3 0 0 0 17 34
P7917 2011 11 3 7 26 6 0 0 0 3 0 0 6 4 2 0 0 0 0 0 0 0 0 0 9 15 20 3 2 0 1 0 -999
P7917 2011 12 0 2 3 0 0 0 0 0 0 0 0 0 0 0 0 2 5 2 0 0 0 0 0 0 0 3 17 59 7 0 0
P7917 2012 1 9 5 11 8 7 2 0 0 0 0 0 2 2 0 0 0 0 3 2 3 2 1 2 0 0 0 0 4 0 0 0
P7917 2012 2 0 0 0 0 0 0 0 0 0 0 4 3 6 4 5 6 33 3 2 0 0 0 0 0 2 6 6 0 -999 -999 -999
P7917 2012 3 0 0 0 0 0 0 0 0 0 0 0 0 5 2 0 0 0 0 2 2 0 0 0 0 0 0 2 0 0 0 0
P7917 2012 4 0 0 0 0 0 0 0 0 0 0 0 0 0 0 0 0 0 0 0 0 8 19 0 0 0 0 7 0 0 0 -999
P7917 2012 5 29 15 0 0 0 0 0 0 58 223 290 368 273 158 63 9 6 17 18 4 3 33 22 34 10 13 6 17 38 25 0
P7917 2012 6 0 0 0 14 30 9 0 0 0 0 0 0 0 0 0 0 0 0 0 0 0 0 0 0 19 6 60 5 0 0 -999
P7917 2012 7 0 0 0 0 0 18 36 39 13 10 7 0 0 0 0 9 0 0 0 0 0 0 0 0 0 0 0 0 0 0 0
P7917 2012 8 0 0 0 0 0 0 0 0 0 0 0 8 21 12 0 0 0 0 0 0 0 0 0 0 0 0 0 0 32 26 0
P7917 2012 9 0 0 0 0 0 0 0 0 50 0 0 0 0 69 33 239 86 0 0 0 22 14 12 20 19 9 0 0 0 87 -999
P7917 2012 10 50 22 12 0 22 57 0 0 9 40 53 12 5 5 0 0 0 0 0 12 19 39 39 14 9 3 0 0 0 6 17
P7917 2012 11 0 0 0 0 0 5 0 0 0 0 2 0 4 3 0 0 0 0 0 0 0 0 0 0 0 0 0 0 0 0 -999
P7917 2012 12 7 1 0 0 1 0 0 0 0 0 0 0 0 0 0 0 0 0 0 1 0 3 0 0 0 0 0 0 0 0 0
P7917 2013 1 0 0 0 0 0 0 0 0 0 0 0 0 2 1 1 0 0 0 0 0 0 0 2 0 2 2 7 6 0 0 0
P7917 2013 2 0 0 0 3 2 2 14 16 4 0 0 0 0 0 0 0 2 2 3 0 0 3 8 7 9 19 34 27 -999 -999 -999
P7917 2013 3 4 0 0 0 0 0 0 0 0 3 5 16 23 17 18 0 0 3 3 1 0 0 2 0 0 0 0 0 0 0 0
P7917 2013 4 8 12 13 10 9 10 4 2 3 5 0 0 0 5 116 74 16 14 30 160 382 196 15 4 0 4 7 8 11 9 -999
P7917 2013 5 5 8 0 0 0 0 0 0 7 10 12 13 8 0 4 10 10 51 21 10 11 29 13 5 0 4 0 0 0 0 0
P7917 2013 6 0 0 0 0 0 0 0 0 0 0 0 0 0 0 0 0 0 5 5 7 0 0 0 0 0 0 0 0 0 0 -999
P7917 2013 7 0 0 0 0 122 162 134 85 83 58 0 0 0 0 19 0 0 0 0 0 0 0 0 0 0 0 0 0 0 0 0
P7917 2013 8 0 0 0 13 0 0 0 0 0 0 0 0 25 0 0 0 0 0 0 0 0 57 85 100 94 98 114 172 238 241 183
P7917 2013 9 57 0 0 25 29 0 0 0 0 0 0 0 0 0 0 0 0 0 0 0 0 24 24 0 0 0 0 0 0 0 -999
P7917 2013 10 16 18 10 10 9 26 24 0 0 10 28 0 0 15 24 37 13 94 13 0 0 6 9 4 0 0 0 0 0 0 0
P7917 2013 11 0 0 0 0 0 0 0 0 0 0 0 0 1 3 2 0 0 0 0 0 0 0 0 0 0 0 2 7 8 14 -999
P7917 2013 12 4 3 3 4 4 1 1 0 0 3 0 0 0 0 0 2 22 40 4 0 0 0 0 0 0 0 0 0 0 0 0
P7917 2014 1 0 2 8 4 0 0 0 3 2 2 0 0 0 0 0 0 0 0 0 0 0 0 0 1 1 2 0 1 3 35 12
P7917 2014 2 4 16 5 3 11 21 12 3 0 0 0 0 0 0 0 0 0 4 4 5 6 9 4 0 0 0 0 0 -999 -999 -999
P7917 2014 3 0 0 0 0 0 0 0 0 0 0 0 0 0 0 2 3 2 0 0 0 8 32 28 27 23 15 3 0 0 0 3
P7917 2014 4 3 0 0 0 0 0 0 2 3 7 10 1 0 0 0 0 0 0 0 0 0 0 0 0 0 0 0 13 15 11 -999
P7917 2014 5 3 7 0 0 7 17 3 21 5 0 0 29 14 4 2 0 0 4 0 0 0 0 0 0 0 0 0 0 4 27 23
P7917 2014 6 31 3 0 11 20 0 6 8 0 0 0 0 0 0 0 0 0 0 0 0 0 0 0 99 0 0 0 0 0 0 -999
P7917 2014 7 0 0 0 0 69 21 0 0 0 0 21 0 0 0 0 0 0 0 0 0 48 58 0 0 0 0 0 6 13 27 0
P7917 2014 8 0 11 17 22 24 66 81 68 44 0 0 0 0 0 0 0 0 0 0 0 24 33 40 65 138 88 98 95 103 98 54
P7917 2014 9 38 48 45 22 22 12 5 0 0 4 0 5 7 22 65 11 0 0 0 24 0 0 0 0 5 0 0 0 0 0 -999
P7917 2014 10 0 0 2 0 0 0 0 0 0 0 0 0 0 0 0 0 0 0 0 0 0 9 8 4 4 0 0 0 0 0 0
P7917 2014 11 0 3 12 11 8 6 0 0 0 0 0 0 5 0 0 0 0 7 6 21 11 2 3 3 4 17 8 5 2 2 -999
P7917 2014 12 0 0 0 0 0 0 0 0 0 0 0 0 0 0 0 3 8 13 1 11 3 2 2 6 6 0 1 0 0 0 0
P7917 2015 1 0 0 0 0 0 0 0 0 0 0 0 0 0 0 0 0 0 0 0 0 0 0 0 0 0 3 2 2 0 2 0
P7917 2015 2 2 0 0 0 0 0 0 0 2 8 10 5 9 24 7 3 6 26 31 26 4 1 2 0 0 0 0 6 -999 -999 -999
P7917 2015 3 6 2 7 158 192 16 8 0 0 31 26 37 32 11 23 56 35 27 177 28 11 37 103 108 124 141 17 0 0 0 4
P7917 2015 4 5 3 0 0 3 5 5 0 0 48 29 4 4 1 2 1 0 2 3 2 0 1 4 7 32 0 0 0 0 0 -999
P7917 2015 5 5 1 1 7 40 33 8 19 6 7 3 0 0 0 0 0 0 0 0 0 0 0 0 0 0 19 58 39 22 0 29
P7917 2015 6 0 0 24 26 53 35 6 0 0 0 0 0 0 0 99 0 0 0 0 0 0 0 0 0 8 22 38 19 15 0 -999
P7917 2015 7 0 0 0 0 0 0 8 12 12 0 0 0 0 16 9 0 0 0 0 0 0 0 0 0 0 0 0 123 49 0 0
P7917 2015 8 0 0 28 11 0 0 0 35 28 22 0 0 0 0 4 0 0 0 0 0 0 0 0 0 0 0 0 0 0 0 0
P7917 2015 9 16 12 0 0 12 38 0 0 0 0 0 0 0 0 0 0 47 29 14 0 0 0 0 0 19 16 5 4 0 0 -999
P7917 2015 10 0 0 0 0 0 0 0 0 0 9 10 56 5 5 5 3 4 5 3 1 1 0 0 0 0 0 3 0 0 0 0
P7917 2015 11 0 0 0 0 0 0 0 0 0 0 0 0 0 0 0 0 0 0 0 0 0 0 0 0 0 0 0 0 0 0 -999
P7917 2015 12 0 0 0 0 0 0 0 0 0 0 0 0 3 0 0 0 0 0 0 1 1 2 0 0 1 4 0 1 1 1 0
P7917 2016 1 0 0 0 0 2 0 2 0 0 2 20 142 63 43 58 3 0 0 0 3 4 0 0 0 1 6 27 89 164 148 30
P7917 2016 2 31 23 5 0 0 3 2 0 0 0 0 0 0 0 0 0 0 0 0 0 0 0 0 0 0 0 0 0 -999 -999 -999
P7917 2016 3 0 0 0 0 0 0 0 0 0 0 0 0 0 0 0 0 0 0 0 0 0 0 0 0 0 0 0 0 0 5 6
P7917 2016 4 0 0 0 36 37 19 3 2 4 3 0 13 16 3 0 0 48 25 36 20 4 0 42 12 7 7 23 2 0 19 -999
P7917 2016 5 7 3 2 0 0 0 0 0 7 0 0 0 0 0 0 0 18 0 0 7 0 21 23 15 16 5 0 0 0 0 0
P7917 2016 6 0 20 0 12 16 3 0 26 29 30 31 37 64 32 84 39 0 27 0 0 0 0 5 12 8 32 23 29 0 0 -999
P7917 2016 7 3 0 0 0 0 0 0 0 0 0 0 0 0 25 29 0 0 0 0 31 0 0 0 62 106 63 0 0 0 0 0
P7917 2016 8 36 38 19 24 22 0 0 0 0 0 0 0 0 10 0 0 0 0 0 8 7 12 17 34 0 0 0 0 0 0 0
P7917 2016 9 0 0 0 0 5 0 0 0 0 0 0 0 0 0 0 0 0 0 0 0 0 0 0 0 0 0 0 0 21 12 -999
P7917 2016 10 0 0 0 0 0 0 0 18 32 11 0 0 0 0 0 0 0 0 0 0 11 4 0 10 25 35 18 5 2 0 0
P7917 2016 11 0 0 0 20 28 20 3 2 2 2 2 2 3 3 2 2 0 0 0 1 0 0 0 2 14 3 0 0 0 0 -999
P7917 2016 12 0 0 0 0 0 0 0 0 0 0 0 0 0 3 3 0 0 0 0 0 0 0 0 0 0 0 0 0 0 4 5
P7917 2017 1 2 0 2 10 2 2 0 0 0 0 3 2 0 0 0 0 0 0 0 0 4 0 0 0 0 3 3 6 3 0 0
P7917 2017 2 0 0 0 3 3 0 0 3 0 2 0 0 0 4 8 3 0 0 3 5 3 4 2 0 0 1 25 28 -999 -999 -999
P7917 2017 3 3 5 11 11 82 127 6 4 25 56 67 59 56 8 3 3 6 12 7 2 3 3 0 0 0 0 2 3 26 17 33
P7917 2017 4 22 6 7 4 4 3 46 17 3 18 128 42 11 2 2 0 0 2 3 2 2 8 5 0 3 3 2 3 3 4 -999
P7917 2017 5 3 2 0 0 0 0 4 2 0 0 0 0 0 18 12 0 0 0 0 0 0 7 25 36 11 0 0 0 0 0 0
P7917 2017 6 6 3 0 0 0 9 7 22 9 0 0 0 10 28 5 0 0 0 0 0 0 0 0 0 0 0 0 0 0 0 -999
P7917 2017 7 0 0 20 10 7 4 5 0 0 0 9 0 0 0 25 0 0 0 0 0 0 0 9 17 0 0 0 0 0 0 0
P7917 2017 8 0 0 0 0 0 0 0 0 0 6 4 0 0 0 0 19 22 0 0 6 9 4 0 0 0 0 0 0 18 124 212
P7917 2017 9 14 0 0 0 0 9 28 18 6 0 0 0 0 0 0 0 0 0 0 0 0 0 0 0 0 2 4 3 6 8 -999
P7917 2017 10 4 0 7 31 37 23 13 3 3 0 0 0 0 0 0 0 0 0 0 0 0 0 5 5 0 4 19 3 0 0 0
P7917 2017 11 0 6 0 0 3 2 0 0 0 8 7 6 0 0 0 3 0 0 0 0 0 0 0 0 2 0 0 0 0 0 -999
P7917 2017 12 0 0 0 0 0 0 0 0 0 0 0 0 0 1 1 3 2 1 0 0 1 3 0 0 0 0 0 2 5 5 2
P7917 2018 1 0 0 0 0 0 0 0 0 0 0 0 0 0 0 0 0 0 0 0 0 0 0 0 0 9 12 13 3 0 11 16
P7917 2018 2 11 16 63 52 4 6 3 6 0 0 0 4 31 27 16 9 6 0 7 0 0 8 5 3 0 4 34 33 -999 -999 -999
P7917 2018 3 69 85 107 84 62 54 16 3 2 3 5 26 6 0 0 0 0 0 4 14 5 2 0 1 1 2 3 2 2 1 1
P7917 2018 4 2 1 2 2 0 3 0 0 0 0 5 8 21 4 0 4 4 0 0 0 0 0 0 0 3 7 4 10 73 32 -999
P7917 2018 5 10 16 81 62 0 0 0 0 0 0 0 0 0 0 0 4 18 34 42 68 11 6 5 5 0 0 24 19 0 0 6
P7917 2018 6 14 0 0 0 0 68 23 14 6 0 0 0 0 0 0 0 0 0 0 0 0 0 0 0 0 0 5 12 0 0 -999
P7917 2018 7 0 0 0 0 0 0 0 0 10 0 0 0 0 0 0 0 5 0 0 26 26 36 18 17 18 0 0 0 0 16 0
P7917 2018 8 0 0 0 0 0 0 0 26 23 0 0 0 51 57 0 0 0 0 0 0 0 0 0 0 0 24 0 0 0 0 0
P7917 2018 9 0 0 0 0 14 52 43 26 8 0 0 0 0 0 0 0 0 0 0 0 31 76 19 0 0 0 0 0 0 0 -999
P7917 2018 10 0 0 0 27 35 0 0 0 0 0 0 0 0 0 15 13 0 0 32 59 72 44 132 190 104 38 30 0 0 0 5
P7917 2018 11 6 0 5 10 20 0 0 0 5 3 0 0 0 0 0 0 4 0 0 0 0 30 37 19 9 13 7 1 0 0 -999
P7917 2018 12 0 0 0 0 0 0 0 0 0 0 0 0 0 0 0 0 0 0 0 0 0 0 0 1 0 2 2 0 0 0 0
P7917 2019 1 0 0 0 0 0 4 4 3 3 3 0 0 0 0 0 0 0 0 0 0 0 0 0 0 0 0 0 0 0 0 4
P7917 2019 2 0 0 0 2 2 4 3 2 0 3 4 4 2 2 2 3 2 0 0 0 0 0 3 33 47 4 3 38 -999 -999 -999
P7917 2019 3 116 91 102 60 5 3 0 0 2 9 13 23 18 0 0 0 0 0 0 0 0 0 0 3 3 9 45 12 8 12 3
P7917 2019 4 0 0 0 0 0 0 0 0 0 0 0 18 0 0 0 0 0 0 0 0 0 0 0 0 0 0 0 32 8 5 -999
P7917 2019 5 17 15 9 0 0 0 6 6 18 5 0 0 46 4 0 0 0 0 0 0 0 0 0 0 4 0 0 0 10 9 8
P7917 2019 6 0 0 0 0 0 11 8 0 0 0 0 3 7 0 0 0 0 0 40 77 140 67 6 5 9 54 36 0 0 0 -999
P7917 2019 7 59 21 19 0 0 0 15 0 0 0 5 0 0 0 0 0 57 51 0 0 0 0 0 0 0 17 0 0 0 0 0
P7917 2019 8 0 47 28 0 0 0 0 0 0 0 0 0 0 0 17 31 13 0 18 27 0 0 0 0 0 5 11 21 27 9 13
P7917 2019 9 23 34 33 30 19 0 0 50 95 124 55 57 29 0 0 16 73 12 0 0 0 8 25 166 148 60 12 0 0 0 -999
P7917 2019 10 0 0 6 7 4 4 7 3 3 2 0 0 0 0 0 0 24 38 28 34 53 32 0 0 0 0 0 0 0 0 0
P7917 2019 11 0 0 0 0 2 2 0 0 0 0 0 0 0 2 3 0 0 0 0 0 0 0 0 0 0 1 7 91 72 9 -999
P7917 2019 12 0 0 0 0 0 0 0 0 0 0 0 0 0 0 2 2 0 2 5 30 77 4 2 2 2 0 0 0 0 0 0
P7917 2020 1 0 0 2 3 9 9 6 0 0 0 9 0 0 0 0 0 0 0 0 0 0 0 3 3 0 0 0 0 2 3 7
P7917 2020 2 2 1 2 0 1 2 0 0 0 0 0 0 0 33 18 108 160 87 44 32 24 8 38 30 6 3 0 0 -999 -999 -999
P7917 2020 3 0 0 0 0 0 0 0 0 0 0 0 0 0 8 20 80 53 9 3 0 0 0 5 15 4 1 2 0 0 0 0
P7917 2020 4 0 0 0 0 0 8 3 3 32 48 33 3 3 3 0 0 0 0 0 0 19 64 35 36 31 6 0 0 9 115 -999
P7917 2020 5 263 325 25 4 8 5 0 4 0 0 0 6 0 0 0 0 6 26 70 58 12 6 11 26 5 10 58 24 8 13 8
P7917 2020 6 2 0 0 0 0 12 17 8 3 0 0 0 0 0 0 0 0 0 0 0 0 0 0 36 44 0 0 40 67 35 -999
P7917 2020 7 0 0 0 0 0 17 38 43 37 58 0 0 0 0 0 0 0 0 0 36 37 0 0 0 0 0 0 61 85 87 76
P7917 2020 8 84 169 168 114 72 0 0 0 0 0 0 0 0 0 0 0 0 31 33 0 0 0 35 26 0 0 0 0 62 134 106
P7917 2020 9 61 0 0 0 0 0 0 7 7 8 0 0 0 70 67 13 0 0 25 26 0 0 0 0 23 0 0 0 0 17 -999
P7917 2020 10 18 0 9 19 6 3 0 0 0 0 6 12 28 30 0 0 0 0 0 0 0 0 29 39 0 0 28 37 29 0 0
P7917 2020 11 6 4 0 4 6 7 19 62 0 0 0 0 0 5 0 0 2 2 3 2 2 3 0 0 0 0 0 0 0 0 -999
P7917 2020 12 0 0 0 0 0 0 0 0 0 0 0 0 0 0 0 0 0 0 0 0 1 4 1 0 0 0 0 0 0 0 0
P7917 2021 1 0 0 1 2 0 0 0 0 0 0 0 0 0 0 0 2 1 3 2 2 0 0 2 1 1 2 14 6 0 0 23
P7917 2021 2 25 2 1 2 1 0 0 0 0 2 3 3 5 11 8 3 4 4 0 0 0 0 0 0 2 10 92 39 -999 -999 -999
P7917 2021 3 26 31 38 20 34 32 31 80 194 6 0 0 2 2 5 1 16 18 8 1 2 0 2 2 0 0 0 0 0 0 0
P7917 2021 4 0 2 3 6 0 0 0 0 0 1 1 0 0 3 0 0 3 2 3 5 3 3 4 7 111 34 7 3 0 0 -999
P7917 2021 5 5 0 0 0 0 4 13 3 0 0 2 0 3 0 0 0 0 0 0 6 0 0 0 16 7 25 15 6 13 47 9
P7917 2021 6 34 29 3 0 0 0 2 3 3 3 7 6 5 8 7 0 0 0 0 0 0 0 0 0 0 0 0 0 0 18 -999
P7917 2021 7 0 17 6 0 0 0 0 0 0 0 0 0 0 0 0 26 0 0 0 0 0 12 13 0 0 0 0 0 0 17 38
P7917 2021 8 29 31 11 5 0 26 14 15 78 36 16 0 0 0 0 0 0 0 0 0 0 0 0 0 0 0 0 18 14 0 0
P7917 2021 9 0 0 0 0 0 0 0 0 77 12 0 8 56 31 30 7 0 0 0 0 0 0 0 0 43 24 0 10 13 23 -999
P7917 2021 10 7 3 5 4 0 0 4 21 20 12 0 0 16 6 2 7 0 0 0 7 39 0 0 0 15 33 16 3 0 0 0
P7917 2021 11 3 2 0 0 5 6 0 12 4 0 0 0 0 0 0 0 0 0 0 0 0 0 0 0 0 0 0 0 0 0 -999
P7917 2021 12 0 0 0 0 0 0 0 0 0 0 0 0 0 0 20 27 4 7 2 2 4 2 2 2 1 2 11 5 1 0 0
P7917 2022 1 0 0 0 0 0 0 0 0 0 0 0 0 2 7 3 0 0 6 76 247 20 0 0 3 0 0 0 0 0 0 0
P7917 2022 2 0 0 0 0 0 0 0 0 0 2 0 0 0 0 4 5 2 0 0 0 2 4 0 3 0 0 2 2 -999 -999 -999
P7917 2022 3 0 0 0 0 2 2 0 0 0 0 0 0 0 0 0 2 0 0 0 0 15 20 13 5 2 0 3 0 3 5 10
P7917 2022 4 40 22 303 41 0 66 31 2 3 0 0 36 36 28 0 92 148 179 146 166 39 32 3 2 3 0 0 0 0 0 -999
P7917 2022 5 0 0 0 0 0 0 0 0 0 0 0 0 0 0 0 0 0 0 9 9 0 6 3 0 12 0 0 0 11 11 5
P7917 2022 6 0 0 0 0 0 0 26 46 86 9 58 6 5 10 55 7 0 0 7 0 0 0 0 0 0 0 0 0 0 0 -999
P7917 2022 7 0 0 0 0 0 0 0 0 0 35 0 0 0 0 0 36 40 0 0 0 0 0 0 0 0 0 0 0 0 0 0
P7917 2022 8 0 0 0 0 0 0 0 104 37 30 0 0 0 0 0 0 0 0 0 19 53 76 59 32 12 0 10 0 0 0 0
P7917 2022 9 0 0 0 0 0 0 0 0 0 0 0 0 0 0 0 12 41 47 66 28 0 23 24 48 22 19 19 58 0 0 -999
P7917 2022 10 0 0 0 0 14 3 0 0 4 0 0 0 0 0 0 0 0 0 0 12 30 16 0 0 0 0 7 9 0 0 16
P7917 2022 11 14 5 7 3 0 0 0 0 0 0 0 0 4 5 9 5 10 15 5 3 6 9 6 24 3 0 0 0 0 0 -999
P7917 2022 12 0 0 0 0 0 1 1 2 0 0 0 0 0 0 0 0 0 1 3 3 3 0 0 3 2 1 1 2 20 2 2
P7917 2023 1 0 4 4 3 17 76 105 6 4 3 3 8 7 5 8 0 0 10 18 8 1 3 9 5 5 0 0 0 0 0 0
P7917 2023 2 0 10 5 6 0 0 0 0 0 0 0 3 0 0 2 1 1 1 4 3 13 0 0 0 0 0 0 0 -999 -999 -999
P7917 2023 3 0 0 0 0 0 0 0 0 0 0 0 0 0 0 31 26 3 0 1 1 26 2 0 0 0 0 0 2 3 5 3
P7917 2023 4 0 0 0 0 0 0 0 5 2 2 4 0 0 5 12 61 31 24 6 3 10 49 39 14 0 0 0 0 0 0 -999
P7917 2023 5 0 58 16 21 1 2 7 13 10 1 0 0 13 13 22 24 5 9 15 35 22 24 0 4 4 7 13 23 28 11 13
P7917 2023 6 0 0 0 0 0 17 22 9 0 0 11 13 3 9 29 4 0 0 6 6 27 10 0 24 26 23 0 0 0 0 -999
P7917 2023 7 0 0 0 0 0 18 5 5 7 11 23 30 14 0 0 0 48 32 35 45 0 0 0 32 40 18 8 0 0 0 0
P7917 2023 8 0 0 0 0 0 0 0 0 0 0 0 0 0 0 0 0 0 0 0 0 0 0 0 0 0 0 0 0 24 34 46
P7917 2023 9 12 0 0 0 0 0 0 0 0 0 0 0 0 0 0 0 25 67 0 0 0 0 0 14 0 0 0 0 4 7 -999
P7917 2023 10 71 34 14 0 0 0 0 0 0 5 3 0 0 5 3 3 0 4 3 2 2 0 0 0 0 0 0 0 3 2 2
P7917 2023 11 3 0 0 0 0 0 0 0 15 9 10 18 0 0 0 0 0 0 0 0 0 0 0 0 0 0 0 0 0 0 -999
P7917 2023 12 0 7 32 26 0 0 0 0 0 0 0 0 0 0 0 0 0 0 0 2 1 2 0 1 1 0 0 0 0 0 0
P7917 2024 1 0 0 0 0 0 0 0 0 0 0 0 0 0 0 0 0 0 0 2 0 1 0 1 0 2 2 6 5 3 0 0
P7917 2024 2 0 0 0 2 7 241 99 53 127 194 11 5 0 0 0 0 0 0 0 0 0 0 0 0 0 0 0 0 -999 -999 -999
P7917 2024 3 0 0 0 0 0 0 4 17 56 15 30 39 6 25 18 0 12 15 11 21 10 6 0 0 0 0 5 5 6 21 44
P7917 2024 4 77 42 12 13 8 8 12 19 1 3 3 0 0 0 0 0 0 0 0 0 3 34 4 0 0 0 0 0 0 4 -999
P7917 2024 5 6 3 8 18 12 5 35 11 7 0 0 3 3 2 1 0 0 4 0 0 0 0 0 4 12 7 19 17 5 0 0
P7917 2024 6 0 0 0 0 0 0 0 0 0 0 0 28 9 13 0 0 10 17 20 13 0 0 0 0 0 0 0 0 17 58 -999
P7917 2024 7 0 0 0 0 0 0 0 0 0 0 0 21 0 0 0 0 0 0 0 0 0 0 0 8 0 0 0 0 0 0 0
P7917 2024 8 66 66 0 0 0 0 0 0 0 19 39 36 29 0 0 0 0 0 0 0 0 0 0 0 0 0 0 0 0 0 0
P7917 2024 9 0 0 0 0 0 0 0 0 0 0 0 0 0 0 0 0 24 141 18 18 31 32 30 21 0 0 9 3 6 6 -999
P7917 2024 10 4 46 32 5 64 28 16 0 0 0 0 0 0 0 3 0 0 0 12 26 24 0 0 0 0 0 0 0 0 3 9
P7917 2024 11 5 16 9 7 6 8 0 0 0 0 0 4 9 26 44 8 4 0 0 0 0 0 0 0 0 0 0 0 3 3 -999
P7917 2024 12 13 7 3 0 0 0 0 0 0 0 1 0 1 4 0 0 0 0 0 0 0 3 0 0 0 0 0 0 0 0 0
P7917 2025 1 0 0 0 2 26 48 37 4 0 0 0 0 0 0 0 0 0 0 3 0 0 0 0 0 0 0 0 1 2 0 0
P7917 2025 2 0 0 0 0 0 0 1 14 9 0 4 47 2 0 130 15 6 0 1 0 0 0 0 0 0 0 0 0 -999 -999 -999
P7917 2025 3 0 2 4 0 0 0 0 178 13 3 0 0 0 0 0 0 0 0 0 0 0 0 0 0 0 0 0 0 0 0 0
P7917 2025 4 0 0 0 0 0 0 0 0 0 2 7 4 0 8 18 7 28 15 5 0 0 0 0 0 0 0 0 0 3 0 -999
P7917 2025 5 0 0 17 4 0 0 0 0 0 0 0 0 5 10 2 0 4 19 6 0 0 31 5 5 4 5 2 9 42 0 0
P7917 2025 6 0 0 10 15 0 0 0 0 0 10 8 3 0 0 0 0 0 0 0 0 0 0 0 0 0 0 0 0 0 0 -999
P7917 2025 7 0 0 0 0 0 58 74 88 0 0 0 0 0 0 0 0 0 0 0 0 0 0 0 0 0 33 0 0 0 0 0
P7917 2025 8 0 13 9 0 0 0 0 0 0 0 21 33 22 24 27 20 0 40 32 23 24 20 0 0 0 0 0 0 0 0 0
P7917 2025 9 0 0 0 0 0 0 0 0 0 0 9 6 0 0 0 12 9 16 27 20 27 33 26 13 0 0 4 3 0 0 -999
P7917 2025 10 0 0 0 0 0 0 0 0 0 0 0 7 0 0 0 7 61 102 39 17 73 27 3 0 0 0 0 0 0 2 8
P7917 2025 11 5 8 3 22 11 2 1 11 5 113 19 0 0 21 5 0 0 0 0 0 0 0 0 0 0 0 0 0 0 0 -999
P7917 2025 12 0 0 0 0 0 0 0 0 0 0 0 3 2 0 0 1 0 2 3 3 2 2 25 25 4 4 3 13 3 0 2
P7917 2026 1 3 3 0 0 0 0 0 0 0 0 0 0 0 0 0 0 0 0 0 2 0 0 0 3 0 0 0 0 0 0 0
P7917 2026 2 0 0 0 0 0 0 0 0 0 0 0 0 0 0 0 1 2 2 2 0 0 0 3 0 0 0 0 0 -999 -999 -999
P7917 2026 3 0 0 0 8 22 130 30 9 0 0 0 0 0 31 0 0 0 3 0 0 0 0 97 51 3 1 0 0 2 2 2
P7917 2026 4 0 0 0 1 0 0 1 0 1 1 0 0 0 0 0 0 0 0 0 0 0 0 0 0 23 14 0 0 16 22 -999
P7917 2026 5 17 9 9 0 0 0 0 0 2 5 6 10 15 11 0 0 0 0 0 0 0 0 0 0 0 0 0 11 9 0 0
P7917 2026 6 0 0 0 0 0 0 0 0 0 0 0 0 0 0 0 42 0 0 10 28 45 23 61 18 0 0 0 0 0 0 -999
P7917 2026 7 0 40 0 0 0 0 0 0 0 0 0 36 0 0 0 5 0 0 0 0 0 0 0 0 0 0 0 0 0 0 0
P7917 2026 8 0 0 0 0 0 0 0 15 25 43 44 23 17 18 19 40 30 0 0 0 0 0 0 0 0 45 31 0 0 22 26
P7917 2026 9 19 18 12 0 0 0 3 4 0 0 0 0 0 8 0 0 0 7 20 47 37 22 0 0 32 0 0 0 0 0 -999
P7917 2026 10 11 6 8 6 4 0 0 0 6 0 0 0 0 0 0 0 0 3 0 0 0 0 0 0 0 0 0 0 7 4 7
P7917 2026 11 4 3 2 2 4 2 3 3 4 23 1 5 3 3 4 7 3 0 0 0 0 0 0 0 0 0 0 0 0 0 -999
P7917 2026 12 0 0 0 0 0 0 0 0 0 0 0 0 0 0 16 34 46 3 3 2 1 2 1 0 0 0 0 0 0 0 0
P7917 2027 1 0 0 0 0 1 2 0 0 0 3 6 4 4 9 42 43 44 4 0 2 0 0 0 0 0 3 4 1 6 7 0
P7917 2027 2 0 0 0 0 0 0 0 0 0 0 1 4 0 0 0 0 0 3 7 3 0 4 19 0 0 0 0 0 -999 -999 -999
P7917 2027 3 0 0 1 0 2 2 0 10 9 0 0 0 0 0 0 0 10 35 41 40 42 33 36 33 2 3 2 0 0 0 0
P7917 2027 4 0 0 16 46 12 13 0 0 0 0 0 0 0 3 11 2 0 4 5 0 0 0 28 0 0 0 0 0 0 0 -999
P7917 2027 5 35 15 11 28 11 7 34 12 7 27 30 6 18 7 0 0 0 0 0 0 3 8 0 0 0 0 0 0 0 0 0
P7917 2027 6 8 0 0 12 16 3 0 0 0 0 0 0 28 0 0 0 0 21 43 0 0 0 0 16 37 29 0 3 0 0 -999
P7917 2027 7 0 44 0 0 15 12 0 0 0 0 17 19 0 0 0 0 0 0 0 0 0 0 0 0 0 0 0 0 0 0 0
P7917 2027 8 0 0 0 0 0 0 0 0 0 0 0 0 0 68 74 24 0 14 0 0 0 0 0 8 0 0 0 0 0 0 0
P7917 2027 9 0 0 0 0 0 0 0 0 0 0 0 0 72 0 0 0 20 21 15 0 7 0 0 0 69 12 0 0 0 0 -999
P7917 2027 10 44 0 0 0 0 0 110 28 0 0 0 0 0 17 6 6 5 4 0 0 0 3 14 22 2 0 0 0 0 0 0
P7917 2027 11 0 0 0 0 0 0 0 0 0 4 6 19 2 0 0 0 0 0 0 0 0 0 0 0 3 2 0 0 0 0 -999
P7917 2027 12 0 0 0 0 0 0 0 0 0 0 0 0 0 0 3 5 0 0 0 0 0 0 0 0 0 0 0 0 0 0 0
P7917 2028 1 0 0 0 0 0 0 0 0 0 0 0 0 0 0 0 0 15 116 60 5 0 0 6 41 57 21 16 12 0 0 9
P7917 2028 2 6 102 28 6 11 23 8 14 35 19 31 34 3 2 1 9 29 0 0 0 0 0 0 0 0 0 0 0 -999 -999 -999
P7917 2028 3 0 0 0 0 0 0 0 0 0 0 8 5 6 2 2 0 0 0 0 0 0 0 0 0 0 0 0 0 0 0 0
P7917 2028 4 0 0 0 0 0 0 0 0 0 9 1 0 0 0 0 0 12 18 32 33 12 0 0 0 0 0 0 0 0 0 -999
P7917 2028 5 0 0 6 21 8 16 14 19 26 3 5 7 0 0 42 8 5 5 8 66 4 0 0 9 0 0 0 3 0 0 0
P7917 2028 6 4 3 0 3 31 36 38 19 11 0 0 0 0 0 0 10 9 7 6 8 0 0 0 0 0 0 33 26 63 9 -999
P7917 2028 7 0 0 9 0 0 0 0 0 0 0 6 9 6 0 0 0 0 0 0 0 0 0 0 0 0 45 31 32 0 0 6
P7917 2028 8 0 0 0 0 0 0 0 0 0 0 0 0 0 0 0 0 0 0 0 45 55 0 0 0 0 0 0 0 9 6 11
P7917 2028 9 8 0 0 0 0 0 5 19 0 0 63 23 0 0 0 0 6 6 0 0 0 27 49 16 9 6 29 31 191 47 -999
P7917 2028 10 26 0 0 0 0 0 0 0 4 6 7 5 0 0 5 0 0 0 6 10 0 0 0 0 0 0 0 0 0 0 0
P7917 2028 11 0 0 0 0 25 16 0 0 0 0 0 16 0 0 0 0 0 0 0 0 0 0 0 0 0 0 0 0 0 0 -999
P7917 2028 12 0 0 0 0 0 0 0 0 0 0 0 0 19 132 23 12 31 15 3 3 3 1 2 0 0 2 0 0 0 4 0
P7917 2029 1 0 0 0 5 4 0 0 10 11 12 4 6 4 0 0 0 3 9 12 3 0 0 0 0 0 0 0 19 0 3 1
P7917 2029 2 2 2 2 2 1 0 0 0 0 0 0 0 0 0 0 0 0 0 0 0 0 0 0 0 0 0 3 4 -999 -999 -999
P7917 2029 3 11 25 20 23 48 33 13 4 14 7 0 0 0 0 0 0 0 0 0 1 1 0 2 0 0 0 0 0 0 0 11
P7917 2029 4 13 22 20 8 0 0 0 0 0 0 0 0 0 28 22 0 0 3 0 0 0 0 0 0 0 0 0 1 1 8 -999
P7917 2029 5 2 0 0 8 22 2 27 26 8 0 0 0 0 0 0 71 31 35 5 0 3 0 0 0 35 16 29 31 39 84 138
P7917 2029 6 287 384 323 190 23 0 0 0 0 0 0 0 0 0 0 0 0 0 0 0 0 0 0 0 0 0 0 0 0 0 -999
P7917 2029 7 26 29 0 0 0 0 0 0 0 22 14 0 0 0 13 97 53 14 0 8 15 24 31 0 0 0 0 14 66 0 0
P7917 2029 8 0 50 70 24 0 17 0 9 0 11 13 0 0 0 0 0 0 0 0 0 0 0 6 14 31 46 36 57 42 52 105
P7917 2029 9 125 91 76 0 0 0 0 0 0 0 0 0 0 0 0 0 7 0 0 9 5 21 5 0 22 38 34 25 8 3 -999
P7917 2029 10 0 0 0 0 0 0 0 0 7 0 0 0 0 0 0 0 0 4 0 0 0 0 0 0 0 27 19 6 155 87 0
P7917 2029 11 0 0 0 0 0 0 0 0 0 0 0 0 0 0 0 0 0 0 0 0 0 0 0 2 0 0 0 0 0 0 -999
P7917 2029 12 0 0 0 4 4 2 0 0 4 2 0 0 0 0 0 0 0 0 0 0 0 2 3 11 7 7 3 3 10 6 0
P7917 2030 1 0 0 0 0 20 3 4 20 13 19 40 20 10 4 0 3 2 0 0 0 0 0 0 0 0 0 0 1 12 0 0
P7917 2030 2 6 6 10 10 0 2 0 0 3 0 0 0 0 0 0 13 17 12 13 0 0 0 0 0 3 0 0 3 -999 -999 -999
P7917 2030 3 5 0 0 0 0 0 0 0 0 0 0 0 0 0 0 0 0 7 23 11 0 7 6 44 206 85 19 4 5 3 3
P7917 2030 4 3 8 10 2 0 0 0 0 4 3 21 19 6 13 31 8 4 2 8 14 0 0 0 3 8 27 37 0 0 0 -999
P7917 2030 5 0 0 0 0 0 0 0 0 0 3 5 9 5 7 65 31 5 0 0 0 0 0 0 0 23 26 0 0 0 0 0
P7917 2030 6 0 0 0 0 0 0 0 0 0 0 61 63 28 17 32 29 28 39 12 0 0 5 21 13 0 0 0 0 0 0 -999
P7917 2030 7 0 0 0 0 0 0 0 0 0 0 0 0 0 0 0 0 0 0 0 0 0 0 0 0 0 0 0 0 0 0 0
P7917 2030 8 0 0 10 50 115 67 0 0 0 0 0 0 0 0 0 0 0 0 0 0 0 0 0 0 0 13 107 82 17 22 50
P7917 2030 9 52 21 25 33 0 0 0 51 22 18 0 32 16 0 18 43 23 3 0 0 15 16 18 5 0 5 7 12 4 0 -999
P7917 2030 10 0 0 0 0 0 0 108 29 34 36 22 7 7 4 0 0 0 4 55 33 36 28 4 3 5 0 0 7 19 32 44
P7917 2030 11 25 49 22 10 22 18 3 3 3 4 13 0 0 2 1 0 3 11 3 3 6 9 29 15 2 1 0 3 11 3 -999
P7917 2030 12 0 0 0 0 0 2 0 0 0 0 0 0 0 0 0 0 0 0 0 0 0 0 0 0 0 0 0 2 2 3 3
P7917 2031 1 0 0 0 1 3 22 0 0 4 32 5 4 2 7 33 22 0 0 1 0 0 0 0 0 0 0 0 0 0 0 0
P7917 2031 2 0 0 2 3 3 6 5 3 11 10 18 22 21 10 4 3 18 216 9 6 6 5 8 17 5 4 3 0 -999 -999 -999
P7917 2031 3 0 0 0 0 0 1 3 0 2 1 8 1 1 0 0 0 0 0 0 0 0 0 0 0 0 0 0 0 0 6 4
P7917 2031 4 0 3 2 3 3 6 2 0 0 2 1 3 11 3 0 0 0 0 0 0 0 0 0 0 0 0 0 0 0 0 -999
P7917 2031 5 0 0 16 6 18 17 7 0 0 3 7 14 13 11 23 40 49 33 15 3 0 0 0 0 25 12 25 31 13 0 0
P7917 2031 6 0 0 0 0 0 35 187 8 0 0 0 0 0 0 29 17 0 41 50 43 47 0 26 28 0 0 0 85 38 26 -999
P7917 2031 7 0 0 0 0 0 0 0 0 0 0 5 83 44 17 16 0 0 0 13 12 7 0 0 0 45 18 0 0 0 0 0
P7917 2031 8 0 0 0 0 0 0 0 0 0 0 0 9 0 0 0 0 0 0 0 0 0 0 24 28 0 0 26 50 0 0 0
P7917 2031 9 0 0 0 0 0 0 0 0 0 25 21 8 0 0 0 0 13 24 16 0 0 23 59 49 12 17 6 5 0 0 -999
P7917 2031 10 0 0 0 0 0 0 0 7 27 35 34 61 42 20 23 17 6 5 3 4 6 10 3 0 3 0 0 5 0 0 5
P7917 2031 11 0 0 2 2 3 22 14 3 0 0 3 13 27 25 25 1 0 5 6 20 16 1 0 0 4 3 22 25 1 2 -999
P7917 2031 12 6 19 12 0 3 2 1 2 15 4 0 0 0 0 0 0 0 0 0 0 3 2 3 3 18 3 2 2 0 0 0
P7917 2032 1 0 0 1 2 10 4 3 1 5 0 0 9 40 8 120 22 0 0 0 0 0 0 0 0 0 0 0 0 1 2 2
P7917 2032 2 3 2 0 0 0 0 0 0 0 14 37 3 0 0 0 17 8 0 0 0 0 0 9 6 26 8 10 26 -999 -999 -999
P7917 2032 3 58 0 0 12 0 0 0 0 0 0 0 0 0 1 0 0 0 0 0 0 0 0 0 0 0 0 0 0 0 9 4
P7917 2032 4 7 4 3 5 53 32 39 34 5 1 0 0 0 13 26 6 3 0 0 3 0 0 21 59 35 4 0 0 0 0 -999
P7917 2032 5 11 0 3 6 0 0 0 0 0 0 5 8 17 13 4 6 5 4 4 5 0 0 0 0 3 4 3 3 5 10 7
P7917 2032 6 23 24 0 0 0 12 8 4 6 95 14 19 23 20 43 56 33 0 0 0 0 0 0 0 5 0 0 0 0 0 -999
P7917 2032 7 0 0 3 3 0 0 76 55 26 0 0 0 0 0 16 28 26 0 0 0 0 122 0 77 0 0 0 0 0 0 0
P7917 2032 8 0 16 0 0 0 0 0 7 0 0 16 11 8 0 0 0 0 0 0 0 35 115 42 8 0 38 116 42 14 10 0
P7917 2032 9 0 0 0 0 0 0 11 0 0 6 32 8 0 0 0 56 26 14 13 21 24 0 0 0 0 0 0 0 3 0 -999
P7917 2032 10 4 5 18 47 29 0 0 0 6 0 0 2 0 2 5 6 2 0 0 6 10 16 33 6 2 0 0 0 4 0 0
P7917 2032 11 0 0 0 0 0 0 0 0 0 0 0 0 0 0 0 0 0 0 0 0 0 0 0 0 0 0 2 0 0 8 -999
P7917 2032 12 15 2 2 0 0 57 9 0 0 0 0 0 0 0 0 0 0 0 0 0 0 0 0 0 7 14 0 0 0 0 0
P7917 2033 1 0 0 1 3 17 4 6 2 2 1 0 1 7 3 3 8 6 40 14 16 0 0 0 0 0 0 6 18 4 0 3
P7917 2033 2 0 0 0 0 0 4 5 9 15 7 4 5 5 0 0 0 0 7 0 0 0 0 0 2 2 0 0 0 -999 -999 -999
P7917 2033 3 0 0 0 0 0 0 0 0 0 0 2 43 69 5 0 8 23 39 19 14 4 14 6 0 0 0 0 8 6 3 0
P7917 2033 4 0 0 0 27 57 192 161 91 31 12 17 25 23 3 2 123 33 21 1 0 0 24 16 2 2 0 0 0 9 4 -999
P7917 2033 5 0 0 3 20 11 0 0 0 0 0 0 4 13 16 1 0 4 12 3 3 6 3 0 0 0 0 15 27 0 0 0
P7917 2033 6 0 0 0 0 0 0 0 0 38 52 70 75 50 66 61 79 0 0 0 92 32 37 0 0 0 0 0 6 3 0 -999
P7917 2033 7 7 37 52 7 7 0 0 0 0 0 0 0 0 0 0 0 73 0 0 0 0 0 0 0 27 0 17 0 0 0 0
P7917 2033 8 0 32 57 25 0 0 0 0 0 0 0 0 65 72 0 0 0 0 0 0 0 0 0 0 0 0 0 0 7 42 18
P7917 2033 9 24 20 9 0 0 0 7 0 0 0 0 0 18 64 28 0 0 0 0 0 0 0 0 0 0 0 0 0 0 31 -999
P7917 2033 10 29 9 0 9 165 30 20 58 10 0 3 12 19 16 0 0 0 0 0 0 0 0 0 0 0 0 0 0 0 0 0
P7917 2033 11 4 14 19 34 15 0 0 0 0 0 0 0 0 0 0 0 0 6 0 0 0 0 0 0 0 0 0 0 0 0 -999
P7917 2033 12 0 0 0 0 0 0 0 0 0 0 0 1 0 0 0 0 0 0 0 0 0 0 0 0 0 0 0 0 0 0 0
P7917 2034 1 0 0 0 0 0 0 0 0 0 0 0 3 3 2 2 2 0 0 0 0 0 0 0 0 0 0 0 0 0 0 0
P7917 2034 2 0 0 0 0 0 0 0 0 0 0 4 19 10 3 3 10 40 142 102 3 0 0 0 0 0 0 0 0 -999 -999 -999
P7917 2034 3 17 33 32 46 114 31 0 0 6 0 0 0 3 3 4 6 3 0 0 0 0 0 5 112 251 98 3 0 0 0 0
P7917 2034 4 0 0 0 0 0 0 0 0 0 0 0 0 0 28 24 6 0 0 0 0 26 3 0 0 0 6 22 43 22 9 -999
P7917 2034 5 0 0 0 9 16 10 0 0 0 0 0 0 0 0 0 0 0 0 0 0 0 0 0 19 29 0 24 9 0 24 0
P7917 2034 6 0 0 8 6 5 4 6 4 0 0 0 0 0 0 0 0 0 0 0 0 0 32 62 107 66 9 0 0 36 0 -999
P7917 2034 7 0 0 0 0 0 0 0 0 0 0 0 0 0 0 0 0 0 0 6 5 0 0 0 20 0 0 0 24 0 0 0
P7917 2034 8 0 0 9 6 0 4 10 0 0 0 0 0 0 0 0 0 0 22 0 0 0 0 0 0 0 0 0 0 38 245 197
P7917 2034 9 0 0 0 0 14 11 14 41 60 46 63 15 20 0 0 0 0 0 0 0 0 0 30 67 0 0 8 4 9 49 -999
P7917 2034 10 21 9 0 0 36 28 15 0 0 14 14 4 0 0 0 0 18 9 4 3 0 0 0 7 13 17 7 5 5 0 0
P7917 2034 11 0 0 0 0 0 0 3 0 8 0 0 0 12 35 14 0 0 0 0 0 32 21 24 7 1 1 0 0 0 0 -999
P7917 2034 12 0 0 0 0 0 0 0 0 2 0 0 0 0 0 1 2 0 0 0 0 0 0 0 0 0 0 0 0 0 0 2
P7917 2035 1 0 0 0 1 6 7 13 21 8 0 0 0 2 4 0 0 2 0 0 0 5 11 20 1 3 0 0 0 0 0 0
P7917 2035 2 0 4 0 0 0 0 3 2 0 0 0 0 0 0 0 0 0 0 0 0 2 2 2 6 23 1 0 1 -999 -999 -999
P7917 2035 3 2 1 2 2 0 1 8 67 15 2 0 3 4 53 86 25 5 0 11 59 38 9 3 0 3 3 0 6 5 3 2
P7917 2035 4 1 2 0 6 29 2 0 2 3 2 2 0 0 13 5 0 0 262 15 67 402 53 17 34 13 0 0 17 33 36 -999
P7917 2035 5 27 13 0 0 0 0 15 24 52 22 0 0 0 15 0 0 0 0 0 0 0 52 229 41 0 0 0 44 21 157 88
P7917 2035 6 0 0 0 10 15 8 3 0 34 6 0 0 0 0 0 0 0 0 0 0 0 0 0 0 0 0 0 0 0 0 -999
P7917 2035 7 0 0 0 0 0 0 0 0 0 0 0 0 0 0 0 0 0 0 0 0 0 0 0 0 0 0 0 0 0 0 0
P7917 2035 8 0 0 0 0 0 0 0 0 0 0 0 0 0 0 0 0 0 0 0 0 0 0 0 0 0 0 0 0 0 0 150
P7917 2035 9 114 0 0 0 0 0 0 0 0 0 0 0 0 48 46 22 0 0 0 0 13 29 64 92 104 97 137 71 44 24 -999
P7917 2035 10 8 10 20 33 11 0 0 0 14 19 16 11 21 57 17 0 29 13 11 51 14 10 6 4 0 0 0 0 0 0 0
P7917 2035 11 0 0 7 23 38 74 29 0 0 0 0 0 0 0 0 0 0 0 0 0 0 0 0 0 0 0 6 5 0 0 -999
P7917 2035 12 0 0 2 0 1 2 25 17 0 5 1 2 0 0 0 0 0 0 0 2 2 2 0 0 0 0 0 0 0 0 2
P7917 2036 1 2 0 0 0 0 4 11 23 8 3 3 1 3 0 0 0 0 0 0 0 0 0 0 0 0 0 0 0 0 0 0
P7917 2036 2 0 0 0 0 0 0 0 0 3 3 5 3 3 12 3 6 0 0 0 0 0 0 0 0 0 0 0 0 -999 -999 -999
P7917 2036 3 3 25 4 2 2 0 0 0 0 0 0 0 0 0 10 4 0 0 0 0 0 0 0 0 3 3 3 5 8 22 68
P7917 2036 4 9 11 15 4 0 0 0 0 0 0 0 0 0 0 0 0 0 0 0 0 0 0 0 0 0 0 0 0 0 0 -999
P7917 2036 5 0 5 6 2 2 0 0 7 0 0 14 25 23 3 9 17 11 0 0 0 0 0 10 9 38 7 0 0 4 5 16
P7917 2036 6 51 133 11 6 31 114 0 0 0 0 0 0 0 0 45 22 0 0 16 0 0 0 0 0 0 0 0 0 0 0 -999
P7917 2036 7 0 0 0 0 0 0 0 0 0 0 0 0 0 0 0 0 0 0 0 0 0 0 0 0 0 0 0 0 0 0 0
P7917 2036 8 0 0 0 0 0 0 0 0 0 0 0 0 0 0 0 0 0 0 0 0 0 0 0 0 0 0 0 0 23 29 34
P7917 2036 9 19 0 0 0 0 0 37 137 20 48 28 0 0 0 0 0 0 0 0 0 0 0 0 0 0 0 0 0 0 0 -999
P7917 2036 10 0 0 0 0 0 0 0 0 0 0 5 0 0 0 6 4 0 0 0 0 0 0 0 0 0 0 24 25 19 37 32
P7917 2036 11 41 9 0 0 0 2 0 3 1 0 0 0 0 36 18 4 2 0 0 2 11 0 0 0 0 0 3 2 0 0 -999
P7917 2036 12 0 0 0 0 2 0 0 0 0 0 0 0 0 0 0 0 0 0 0 0 0 6 19 9 6 6 0 0 3 0 0
P7917 2037 1 0 0 0 0 0 0 0 0 0 6 2 0 0 0 0 0 0 0 3 2 1 10 4 1 1 1 2 0 10 0 0
P7917 2037 2 43 113 58 63 11 23 65 35 7 3 0 0 0 0 0 0 0 5 0 0 0 0 0 0 0 0 19 1 -999 -999 -999
P7917 2037 3 0 0 0 0 0 0 0 0 0 0 0 0 0 33 39 35 6 23 7 3 6 19 7 0 0 0 0 3 3 2 4
P7917 2037 4 9 0 3 20 2 0 0 1 2 0 0 0 0 2 4 4 6 5 1 5 14 64 92 49 20 4 0 0 0 0 -999
P7917 2037 5 0 0 0 0 0 0 4 20 25 7 2 5 0 6 3 0 17 21 4 0 0 2 3 0 29 32 1 0 0 0 0
P7917 2037 6 0 0 28 105 191 95 31 38 24 5 0 11 33 97 18 0 0 7 13 17 13 8 10 19 0 0 0 0 0 0 -999
P7917 2037 7 0 0 0 0 4 0 0 0 0 24 16 0 0 25 69 98 0 0 0 0 0 0 0 0 0 0 0 0 0 0 0
P7917 2037 8 0 0 46 0 0 0 0 0 0 0 0 0 0 0 0 0 21 0 0 0 0 0 0 0 16 69 59 0 0 0 0
P7917 2037 9 0 0 0 0 0 0 19 43 25 0 0 0 0 0 0 0 20 10 0 0 0 0 0 0 0 0 5 5 8 4 -999
P7917 2037 10 0 0 0 0 0 0 0 0 0 0 1 7 0 0 0 0 0 9 7 3 0 0 0 0 8 0 0 0 0 0 0
P7917 2037 11 0 0 0 0 0 9 0 14 8 0 0 9 4 2 2 0 0 0 0 1 8 0 0 3 2 0 0 2 1 2 -999
P7917 2037 12 25 5 2 2 1 1 2 2 3 2 2 2 0 0 0 0 0 4 19 38 104 18 25 10 0 0 0 0 0 0 0
P7917 2038 1 0 2 0 2 1 0 0 0 0 0 0 0 0 3 3 3 4 2 0 0 0 0 0 1 3 3 6 0 0 1 0
P7917 2038 2 0 0 0 3 21 4 0 0 0 0 0 0 0 0 0 0 0 0 0 0 0 0 0 1 0 0 0 12 -999 -999 -999
P7917 2038 3 10 6 10 7 43 4 3 1 3 5 3 0 0 0 0 0 0 13 78 28 11 0 0 0 0 0 0 0 4 1 0
P7917 2038 4 0 0 0 0 0 0 0 11 25 5 8 122 305 90 12 15 13 0 0 0 156 33 12 19 69 45 49 21 14 18 -999
P7917 2038 5 36 12 0 0 7 21 22 0 0 0 0 0 0 0 24 58 261 187 55 76 30 8 0 0 7 11 16 22 18 11 60
P7917 2038 6 26 10 0 20 0 7 0 0 0 0 0 0 0 36 35 22 0 94 172 220 138 117 90 83 61 48 43 18 0 0 -999
P7917 2038 7 0 0 0 114 140 88 54 64 61 0 0 93 114 118 121 0 0 0 0 0 0 0 0 7 26 14 0 0 10 0 0
P7917 2038 8 0 0 0 0 0 0 0 0 59 26 0 22 48 71 71 48 0 0 0 0 60 50 40 51 45 19 0 0 0 0 0
P7917 2038 9 0 0 0 179 33 0 0 0 0 0 0 0 0 17 0 0 0 0 0 0 33 32 32 20 0 0 0 0 0 0 -999
P7917 2038 10 0 0 0 0 0 0 0 0 0 0 0 0 0 0 0 0 0 0 23 0 26 33 51 41 0 0 19 0 0 0 3
P7917 2038 11 16 22 4 0 0 0 0 3 0 0 3 3 4 7 35 9 0 3 0 0 0 0 0 0 0 0 0 0 0 0 -999
P7917 2038 12 0 0 3 6 48 35 3 4 0 0 5 4 2 0 0 2 0 0 6 1 4 1 3 0 5 3 5 3 0 0 0
P7917 2039 1 0 0 2 1 1 7 24 5 0 0 0 0 0 0 0 4 5 0 11 36 3 0 0 0 0 0 2 2 0 0 3
P7917 2039 2 3 3 2 2 0 0 5 24 41 39 11 0 0 0 5 3 0 0 0 0 0 0 0 0 2 2 0 0 -999 -999 -999
P7917 2039 3 0 0 0 0 0 0 0 0 10 17 26 64 1 6 7 4 0 3 4 4 0 0 0 0 0 3 0 0 0 0 0
P7917 2039 4 0 0 0 0 0 0 0 0 0 0 0 0 0 14 26 3 0 0 0 0 6 5 0 0 0 0 0 0 0 0 -999
P7917 2039 5 0 0 0 0 0 0 0 0 0 0 0 0 0 0 8 18 6 0 0 0 7 7 9 9 8 0 0 0 0 0 0
P7917 2039 6 25 24 14 89 31 6 0 4 12 9 0 0 0 0 9 26 23 0 0 0 9 24 0 0 0 0 4 13 21 17 -999
P7917 2039 7 18 16 0 0 0 15 28 25 19 67 81 26 27 58 0 0 0 0 0 0 0 0 0 0 0 66 73 74 38 0 0
P7917 2039 8 0 17 8 0 0 0 0 0 0 0 0 0 37 81 0 0 0 0 14 20 40 33 34 25 24 54 185 157 15 8 8
P7917 2039 9 11 12 0 20 26 16 0 14 14 13 10 0 0 0 0 0 0 0 10 13 0 0 0 0 0 15 0 0 0 0 -999
P7917 2039 10 0 0 0 0 0 0 37 0 0 0 0 0 14 4 2 0 0 0 0 0 0 2 1 1 1 3 5 18 36 45 8
P7917 2039 11 0 0 0 0 0 0 0 0 2 6 10 37 15 2 0 0 0 2 2 19 26 1 7 0 0 0 0 3 0 0 -999
P7917 2039 12 0 0 1 2 1 2 0 4 18 0 0 5 7 13 0 0 0 0 2 2 0 0 0 0 5 0 9 7 1 0 0
P7917 2040 1 0 0 0 0 2 2 0 2 0 0 0 1 0 0 0 1 2 0 0 3 0 0 0 0 0 0 0 0 0 0 0
P7917 2040 2 0 0 0 3 3 0 0 0 0 0 0 0 0 0 2 0 1 5 5 0 0 0 0 0 0 0 0 0 -999 -999 -999
P7917 2040 3 0 0 0 0 0 0 0 0 0 0 0 0 0 3 4 4 8 0 31 40 5 4 156 97 48 4 1 0 3 3 0
P7917 2040 4 0 15 29 7 4 0 0 0 0 0 0 0 0 0 0 22 17 0 14 25 22 18 10 4 71 47 7 0 0 0 -999
P7917 2040 5 0 0 0 3 6 8 0 0 0 0 0 0 0 0 0 0 0 0 0 0 0 17 6 0 0 0 0 0 0 0 15
P7917 2040 6 27 4 0 0 0 0 0 0 12 63 52 43 83 154 85 0 0 0 0 71 0 0 0 0 0 0 0 0 0 0 -999
P7917 2040 7 5 0 0 0 0 0 0 0 0 0 0 0 0 0 0 20 0 0 0 0 36 14 0 0 0 0 0 0 0 0 0
P7917 2040 8 0 0 0 0 30 0 0 0 0 18 12 0 0 0 0 0 0 0 0 97 86 47 33 46 32 0 0 0 0 0 19
P7917 2040 9 21 71 60 19 0 0 0 0 0 0 22 0 0 0 13 0 0 12 14 6 0 0 8 23 44 63 33 12 20 9 -999
P7917 2040 10 0 0 0 0 0 0 18 0 0 0 0 0 0 0 0 0 15 24 112 27 5 0 0 0 0 0 0 0 0 0 7
P7917 2040 11 13 4 5 11 7 9 7 11 17 2 0 0 2 10 3 0 0 0 0 0 0 0 0 0 27 25 24 9 0 0 -999
P7917 2040 12 0 0 0 0 14 11 2 0 0 11 124 126 115 29 0 0 0 0 0 4 3 16 33 36 0 0 0 3 8 0 2
P7917 2041 1 6 3 0 0 0 0 0 0 23 41 17 5 6 3 0 0 0 0 15 15 15 5 84 52 57 37 41 34 4 0 0
P7917 2041 2 0 0 0 0 0 10 5 3 2 2 1 0 0 2 2 2 10 28 35 4 5 10 0 2 4 1 0 0 -999 -999 -999
P7917 2041 3 0 3 0 0 0 0 0 0 0 1 2 2 3 2 2 0 0 14 37 3 2 2 4 3 3 21 14 4 3 3 14
P7917 2041 4 0 0 0 0 0 0 0 0 0 0 3 0 0 0 2 0 3 6 2 4 2 0 0 6 32 13 0 0 0 0 -999
P7917 2041 5 0 0 0 20 26 27 73 108 35 41 39 18 0 16 32 36 152 218 110 154 287 325 133 23 4 3 3 7 0 8 16
P7917 2041 6 4 0 0 0 0 0 9 11 0 0 0 0 0 0 0 0 0 0 0 0 0 0 0 6 10 25 21 0 0 0 -999
P7917 2041 7 0 0 0 5 37 15 0 0 0 28 17 0 0 0 0 32 0 16 0 0 0 33 0 0 0 34 20 40 27 0 0
P7917 2041 8 0 0 0 0 0 0 0 0 0 32 119 119 164 226 141 52 20 0 34 76 80 112 150 204 170 16 0 0 0 0 0
P7917 2041 9 0 0 0 0 0 0 0 0 0 0 0 0 0 0 0 0 0 0 0 0 35 22 42 48 23 0 0 0 0 0 -999
P7917 2041 10 0 40 9 8 11 17 24 39 22 26 84 46 0 0 0 0 0 0 0 0 0 22 0 0 0 0 0 0 0 0 0
P7917 2041 11 0 0 0 0 5 0 0 0 4 3 22 14 5 7 8 3 3 3 2 0 6 37 3 2 6 3 0 0 0 0 -999
P7917 2041 12 0 3 0 4 43 31 0 0 0 0 0 3 1 3 4 40 42 33 3 4 7 0 3 5 0 0 0 0 0 0 0
P7917 2042 1 0 0 0 0 0 0 8 0 0 0 0 0 0 0 0 0 0 0 0 0 0 0 0 0 0 0 0 0 0 0 0
P7917 2042 2 9 6 0 0 0 0 0 0 0 0 0 0 0 0 0 0 0 0 0 0 0 0 0 35 18 6 0 0 -999 -999 -999
P7917 2042 3 0 0 0 0 0 3 0 0 0 0 0 0 9 12 17 20 9 66 285 236 3 2 0 0 0 0 0 0 5 4 5
P7917 2042 4 4 0 0 0 4 3 2 1 2 0 0 2 0 0 0 0 5 8 19 14 78 186 164 36 89 146 13 6 7 22 -999
P7917 2042 5 17 3 4 2 0 0 0 0 24 54 7 4 0 0 0 0 0 0 0 0 0 0 0 0 0 0 0 0 0 5 7
P7917 2042 6 4 8 14 11 11 6 14 44 20 13 0 0 0 0 0 0 0 10 0 0 0 0 0 0 0 0 0 0 0 0 -999
P7917 2042 7 0 0 0 0 0 0 0 0 0 0 0 0 23 50 24 0 0 0 0 31 60 22 6 0 0 0 0 0 17 15 14
P7917 2042 8 0 0 0 0 11 16 0 0 0 0 0 0 0 116 151 0 0 0 0 0 0 0 0 0 0 0 0 0 0 0 21
P7917 2042 9 26 27 39 69 48 11 0 0 0 0 0 0 0 0 0 51 67 29 18 7 11 8 9 34 48 47 0 0 0 0 -999
P7917 2042 10 0 0 0 0 4 5 9 15 9 8 25 23 81 66 11 10 0 0 0 3 2 3 0 0 0 0 0 0 0 0 0
P7917 2042 11 0 0 0 0 0 0 0 5 0 0 0 0 0 0 0 0 0 0 0 5 0 0 0 0 0 0 0 0 0 0 -999
P7917 2042 12 0 0 0 11 5 3 2 0 0 0 0 0 0 1 9 2 2 5 2 0 0 0 0 1 3 0 0 0 0 0 0
P7917 2043 1 0 0 0 0 0 2 9 0 0 0 0 0 0 2 2 0 0 0 0 5 0 0 1 2 0 0 0 0 1 2 4
P7917 2043 2 0 0 0 0 4 4 7 0 0 0 0 0 0 0 0 0 0 0 0 0 0 0 0 0 0 0 0 0 -999 -999 -999
P7917 2043 3 0 0 6 10 3 0 3 28 37 2 4 2 0 0 0 0 0 0 30 0 3 1 50 7 6 2 0 0 0 0 0
P7917 2043 4 0 1 0 4 0 0 0 0 0 11 100 16 0 0 9 14 68 18 4 8 0 0 0 0 0 0 0 0 0 16 -999
P7917 2043 5 12 163 268 75 10 0 0 60 11 0 0 135 36 0 0 0 0 0 53 306 195 213 288 115 11 0 49 5 0 8 8
P7917 2043 6 2 0 0 0 0 0 0 10 0 0 0 0 0 0 0 0 0 0 0 0 0 0 0 0 0 0 11 0 0 0 -999
P7917 2043 7 0 0 0 0 0 0 0 0 0 0 0 0 0 0 0 0 0 0 0 0 0 0 0 0 0 0 0 0 0 0 0
P7917 2043 8 0 0 0 0 0 0 0 0 0 0 0 0 0 0 0 0 0 0 31 67 18 0 0 0 24 32 5 0 16 0 0
P7917 2043 9 0 0 0 0 0 0 0 0 0 28 23 26 72 48 34 39 14 0 0 0 0 9 20 0 0 0 0 0 5 6 -999
P7917 2043 10 22 62 10 20 22 0 0 5 29 7 0 0 0 0 8 8 3 5 0 0 0 0 14 14 21 26 6 3 9 6 0
P7917 2043 11 0 0 0 0 0 0 0 0 0 0 36 18 31 41 0 0 0 0 0 0 0 0 0 0 0 0 0 3 3 4 -999
P7917 2043 12 0 0 0 0 0 0 0 0 0 0 2 7 0 0 2 2 0 0 8 2 2 0 0 0 0 1 0 0 0 0 0
P7917 2044 1 0 0 0 0 0 0 0 0 0 0 0 0 0 0 0 0 0 0 2 4 0 0 0 0 0 0 0 5 17 0 0
P7917 2044 2 0 0 0 0 0 2 0 0 0 0 0 3 3 0 0 0 0 0 0 0 0 0 0 39 11 9 7 5 -999 -999 -999
P7917 2044 3 0 2 2 2 2 2 0 0 0 2 0 0 0 0 0 0 1 9 9 5 2 3 0 0 0 4 3 4 2 2 3
P7917 2044 4 0 0 3 0 0 0 0 0 0 0 0 8 0 2 0 0 0 0 0 0 0 0 6 0 16 7 21 0 0 0 -999
P7917 2044 5 0 0 0 0 5 5 0 5 42 3 0 0 0 0 11 0 0 4 177 213 35 16 0 0 0 0 19 30 34 36 25
P7917 2044 6 5 0 0 0 22 28 33 0 0 0 0 0 0 0 0 0 0 0 0 0 0 0 9 19 85 20 0 0 22 24 -999
P7917 2044 7 17 13 4 4 0 0 0 0 0 0 0 0 0 0 0 0 0 0 0 0 0 26 26 34 28 0 0 8 11 0 0
P7917 2044 8 0 21 11 0 0 0 0 0 25 59 43 28 0 0 0 0 0 17 22 24 0 0 0 0 0 0 0 0 0 0 0
P7917 2044 9 0 0 0 0 0 0 0 0 0 0 0 0 0 0 0 0 0 0 0 57 104 57 0 39 37 29 28 34 0 37 -999
P7917 2044 10 13 7 21 7 0 0 0 0 16 0 0 0 0 0 0 0 0 4 6 4 30 17 0 0 3 0 0 0 0 0 0
P7917 2044 11 0 0 0 3 0 0 0 0 3 0 4 10 8 8 0 6 29 0 0 2 4 1 0 2 2 2 6 4 2 0 -999
P7917 2044 12 0 0 0 0 0 0 0 0 2 5 4 0 6 9 15 19 8 3 0 0 0 2 2 5 5 0 0 0 2 0 3
P7917 2045 1 8 21 12 0 0 2 23 32 15 2 3 3 7 16 4 0 0 3 0 0 0 4 4 4 0 0 0 0 0 0 9
P7917 2045 2 0 20 92 12 4 10 14 0 0 0 2 0 2 0 0 0 0 0 0 0 0 0 0 0 0 0 0 0 -999 -999 -999
P7917 2045 3 0 0 0 0 0 0 0 0 6 10 0 0 12 23 2 1 0 0 0 0 0 0 0 0 0 0 0 0 0 0 3
P7917 2045 4 6 0 0 0 0 21 36 3 0 0 3 0 0 0 8 22 23 0 0 0 0 30 0 0 0 0 0 14 7 3 -999
P7917 2045 5 6 4 0 0 0 34 98 144 20 4 0 0 0 0 0 0 0 0 0 0 6 0 0 0 0 0 0 0 0 0 4
P7917 2045 6 7 13 10 18 10 9 11 7 15 6 3 14 16 0 0 0 12 19 24 7 14 11 60 22 15 8 8 0 0 0 -999
P7917 2045 7 0 0 0 0 0 0 0 0 0 0 0 0 0 0 0 0 0 0 0 0 0 0 0 0 40 0 0 0 0 0 0
P7917 2045 8 0 0 0 0 0 0 0 0 0 0 0 0 0 0 0 0 0 0 0 0 0 0 0 0 0 0 0 18 21 20 0
P7917 2045 9 0 0 0 0 0 0 102 77 26 0 0 22 22 65 115 43 25 0 0 0 0 0 0 19 35 0 0 0 0 41 -999
P7917 2045 10 7 0 18 140 40 0 0 0 0 0 0 0 0 0 29 10 62 9 3 0 0 0 0 0 0 0 0 0 0 0 0
P7917 2045 11 15 26 3 0 0 0 0 0 0 0 3 0 0 0 0 1 19 10 3 0 0 0 5 4 3 0 4 3 0 0 -999
P7917 2045 12 0 0 0 0 0 2 0 6 3 0 0 0 0 0 0 0 0 0 0 3 6 0 0 0 1 4 0 5 0 0 0
P7917 2046 1 0 0 2 2 2 2 2 2 0 0 1 0 2 0 0 1 0 2 0 1 1 3 2 2 0 4 24 6 5 8 8
P7917 2046 2 16 94 73 32 6 6 6 19 10 9 7 5 4 3 4 7 3 2 0 0 0 2 1 2 0 2 2 2 -999 -999 -999
P7917 2046 3 7 37 5 0 0 2 10 37 26 2 2 0 11 1 2 3 14 0 2 2 2 2 2 0 0 0 0 12 25 0 0
P7917 2046 4 0 0 0 4 1 0 0 2 3 3 0 0 0 0 2 0 3 2 25 17 7 3 2 2 1 2 3 5 4 1 -999
P7917 2046 5 0 0 0 0 0 4 20 0 0 0 0 0 9 2 2 7 15 4 0 0 0 0 0 0 0 13 27 14 3 0 0
P7917 2046 6 0 0 0 0 0 0 0 0 0 0 19 10 14 20 24 5 0 0 31 29 11 0 0 0 0 0 0 0 0 0 -999
P7917 2046 7 0 0 0 0 0 0 59 28 0 0 0 0 22 25 0 0 0 0 0 0 0 0 0 0 0 0 0 0 0 0 0
P7917 2046 8 0 0 0 0 0 0 13 30 26 0 0 37 54 16 26 14 7 27 104 24 0 0 0 0 68 62 36 38 43 11 0
P7917 2046 9 0 0 0 28 83 115 78 47 57 42 15 59 56 16 14 33 38 0 0 0 0 0 0 0 0 0 0 22 24 16 -999
P7917 2046 10 74 35 29 41 59 18 8 5 0 0 0 0 0 0 0 0 0 0 0 0 1 3 3 3 0 2 0 3 5 2 0
P7917 2046 11 3 0 0 0 0 33 43 2 0 0 0 0 0 0 0 0 0 0 0 0 0 0 2 0 3 0 0 9 18 5 -999
P7917 2046 12 2 3 4 1 6 95 52 3 3 3 0 2 2 5 12 19 2 1 24 16 3 0 0 0 0 0 0 0 0 0 0
P7917 2047 1 0 0 0 0 0 0 0 0 2 0 3 0 0 24 5 4 6 4 3 3 3 2 0 0 0 0 0 0 0 0 0
P7917 2047 2 0 0 0 0 11 0 0 0 0 0 0 0 0 2 0 0 0 0 0 0 0 0 0 0 1 0 2 2 -999 -999 -999
P7917 2047 3 2 2 2 0 4 33 7 0 0 0 0 0 0 0 0 0 0 0 0 0 0 0 9 31 3 0 0 0 0 0 2
P7917 2047 4 2 0 0 0 0 0 0 6 6 5 10 1 0 0 6 1 0 0 2 3 0 0 0 0 0 0 0 3 2 0 -999
P7917 2047 5 0 0 0 0 4 4 6 13 41 35 32 46 39 22 29 32 25 25 88 7 0 0 0 0 0 0 0 0 0 0 0
P7917 2047 6 0 0 0 0 0 0 0 0 0 0 32 39 31 20 0 8 0 0 0 0 0 0 0 0 0 0 0 0 16 29 -999
P7917 2047 7 21 27 18 13 40 38 0 0 0 6 15 15 0 12 22 0 0 41 48 38 15 0 0 0 0 0 0 0 25 0 0
P7917 2047 8 0 0 0 0 0 0 0 0 0 0 0 77 44 0 0 0 0 0 15 35 54 38 16 0 0 0 0 0 0 0 0
P7917 2047 9 0 0 0 11 4 0 0 0 0 0 13 69 232 162 83 21 0 0 11 0 0 0 0 16 68 15 0 10 11 7 -999
P7917 2047 10 9 37 26 8 2 0 4 1 3 4 13 17 2 2 1 6 6 3 6 1 0 0 0 0 0 0 4 0 0 0 0
P7917 2047 11 0 0 0 0 0 0 5 8 16 6 13 7 2 0 0 2 0 0 0 0 0 0 0 0 0 0 0 0 0 0 -999
P7917 2047 12 0 0 0 0 0 0 0 0 0 0 0 0 0 0 0 0 0 0 0 0 0 0 0 0 3 1 0 0 0 0 0
P7917 2048 1 0 4 0 0 0 0 0 0 0 0 0 1 4 0 0 0 0 0 0 0 0 0 0 0 0 0 0 0 0 0 0
P7917 2048 2 0 0 0 0 0 0 0 0 0 0 0 0 2 3 0 3 2 2 2 0 0 0 0 0 0 0 0 0 -999 -999 -999
P7917 2048 3 0 0 0 0 0 15 43 48 25 3 14 3 0 7 3 25 3 0 0 18 17 0 0 0 2 0 2 0 2 1 1
P7917 2048 4 2 2 0 0 0 0 0 0 0 0 0 0 0 0 0 0 0 14 0 0 0 3 11 0 0 0 0 0 0 0 -999
P7917 2048 5 0 8 6 3 0 0 0 0 4 22 21 6 3 15 20 9 9 9 0 0 53 40 38 133 24 20 35 48 29 0 0
P7917 2048 6 0 0 0 0 0 0 0 0 4 0 0 0 0 0 19 0 0 37 52 0 0 0 0 0 0 0 0 0 0 0 -999
P7917 2048 7 0 0 0 0 0 0 0 0 0 0 0 32 0 120 0 13 35 0 0 0 0 0 0 0 0 0 0 0 0 0 0
P7917 2048 8 0 75 0 0 0 0 0 0 0 63 41 25 39 38 9 10 0 0 0 0 0 0 0 0 0 0 0 0 0 129 58
P7917 2048 9 91 115 0 0 0 0 0 55 23 16 19 5 0 0 0 0 12 45 0 0 0 0 8 0 0 33 131 44 23 3 -999
P7917 2048 10 0 0 0 0 0 4 0 0 0 0 0 0 0 0 0 0 0 0 0 12 4 0 0 0 0 0 0 0 0 0 0
P7917 2048 11 0 0 0 4 8 33 48 23 0 0 0 0 0 0 0 0 12 14 4 5 0 0 0 0 0 7 59 26 13 20 -999
P7917 2048 12 67 36 13 0 4 21 0 0 0 0 0 0 0 0 0 0 0 0 6 4 0 0 0 0 0 0 4 6 40 29 0
P7917 2049 1 0 0 0 1 3 0 2 4 4 3 2 2 3 0 7 0 0 0 0 0 4 6 14 6 0 1 4 5 3 2 23
P7917 2049 2 10 22 34 78 30 0 0 0 0 0 0 0 0 6 0 0 0 0 0 0 0 0 0 0 0 0 0 0 -999 -999 -999
P7917 2049 3 0 0 0 0 0 0 0 0 0 0 0 0 0 0 0 0 0 0 0 0 2 4 6 9 0 0 0 0 0 22 30
P7917 2049 4 4 2 4 0 0 0 0 0 0 0 0 0 0 0 0 25 16 25 0 0 0 4 0 0 4 17 3 0 0 0 -999
P7917 2049 5 0 0 1 0 2 0 0 17 21 6 2 0 0 0 0 0 0 0 0 5 61 19 20 27 27 6 25 35 2 0 0
P7917 2049 6 0 0 0 6 25 0 0 0 0 0 0 0 0 0 0 0 0 0 0 0 0 0 0 0 0 0 0 0 0 0 -999
P7917 2049 7 0 9 5 7 6 0 0 7 3 0 0 0 0 0 0 0 12 21 0 0 0 0 0 0 0 0 0 0 0 0 0
P7917 2049 8 0 0 0 0 0 0 0 0 0 0 0 0 0 0 0 0 0 28 18 25 14 0 0 0 0 0 0 0 0 0 0
P7917 2049 9 0 0 0 0 0 14 63 76 43 46 43 15 7 13 48 33 33 63 40 9 8 9 16 3 0 0 0 0 0 0 -999
P7917 2049 10 0 0 0 0 0 2 2 2 0 0 0 0 10 12 18 15 4 0 0 0 0 0 0 12 31 42 24 9 3 7 36
P7917 2049 11 12 8 17 8 10 4 4 2 4 2 4 4 3 2 6 32 40 8 0 0 0 0 0 3 0 0 0 0 0 0 -999
P7917 2049 12 0 0 2 1 1 0 0 0 0 0 0 0 0 0 0 2 3 2 5 3 3 0 0 0 0 2 3 3 6 10 7
P7917 2050 1 3 3 7 10 0 9 5 19 76 44 6 3 0 0 0 5 3 3 0 0 0 17 33 36 27 8 0 0 0 0 0
P7917 2050 2 0 0 0 0 0 0 0 0 0 0 0 0 0 0 0 0 0 0 17 16 50 20 5 4 2 0 0 0 -999 -999 -999
P7917 2050 3 0 11 30 28 95 316 125 35 44 41 75 17 18 5 0 0 2 0 2 3 30 10 2 4 3 0 10 6 19 2 29
P7917 2050 4 11 2 0 0 6 28 17 3 7 11 5 6 19 8 7 1 0 1 0 0 0 0 0 0 0 2 3 3 0 0 -999
P7917 2050 5 3 2 0 1 3 3 0 0 4 0 0 0 0 11 15 54 31 140 140 95 32 26 19 0 0 31 33 17 41 14 16
P7917 2050 6 12 15 15 6 0 0 0 0 13 18 0 0 0 0 13 21 0 0 0 17 0 0 0 12 14 0 0 0 0 0 -999
P7917 2050 7 0 0 86 149 58 0 0 0 0 0 0 0 0 0 0 0 0 0 0 0 0 102 0 31 30 0 0 0 11 20 0
P7917 2050 8 0 0 0 0 0 0 0 0 0 0 0 0 0 0 0 0 0 0 0 0 0 10 8 0 0 0 0 0 0 0 0
P7917 2050 9 0 0 0 0 0 0 0 0 0 0 0 0 0 0 0 0 0 0 0 0 0 0 0 0 0 13 28 14 21 11 -999
P7917 2050 10 13 16 0 0 0 0 0 0 0 0 0 0 41 125 18 16 21 10 7 9 5 8 43 10 9 2 3 0 0 0 3
P7917 2050 11 0 0 0 0 0 0 2 3 3 2 8 22 20 19 0 0 0 0 0 0 0 11 3 1 0 0 0 2 0 2 -999
P7917 2050 12 0 0 3 0 0 0 0 0 0 0 0 0 0 0 0 0 0 0 0 0 0 0 0 0 0 0 0 0 0 0 0
P7917 2051 1 3 0 0 0 0 0 0 0 0 0 0 0 0 3 3 0 0 0 0 0 0 0 0 0 0 0 0 0 0 0 0
P7917 2051 2 0 8 4 9 26 10 0 0 0 0 0 0 0 0 0 0 5 0 0 4 1 0 0 0 2 0 0 0 -999 -999 -999
P7917 2051 3 0 0 0 0 0 0 0 0 0 15 12 16 3 0 17 10 0 36 26 16 8 50 15 0 0 0 0 0 0 0 21
P7917 2051 4 23 23 5 5 19 78 63 41 39 36 62 49 153 25 16 29 12 24 3 3 0 0 11 10 6 0 0 0 0 13 -999
P7917 2051 5 4 12 0 5 12 182 124 87 74 29 12 31 28 9 0 0 0 4 4 0 0 0 13 152 142 98 24 0 0 0 0
P7917 2051 6 0 0 0 0 0 0 0 0 0 0 0 0 0 0 33 48 5 0 0 0 0 23 48 81 32 25 36 27 0 25 -999
P7917 2051 7 0 0 0 0 0 0 10 20 34 18 0 0 0 0 0 0 0 0 217 142 15 0 51 207 250 78 0 0 0 0 0
P7917 2051 8 0 0 0 0 0 0 0 0 0 0 0 0 0 0 0 0 0 0 0 84 70 28 0 7 9 4 0 0 7 8 0
P7917 2051 9 0 0 0 13 12 0 0 0 11 14 30 154 62 12 0 0 0 0 0 0 0 0 0 0 9 9 35 0 0 0 -999
P7917 2051 10 0 0 0 63 48 0 0 0 3 126 73 9 0 0 0 0 0 0 0 0 0 0 0 0 0 0 5 9 3 3 3
P7917 2051 11 4 19 23 4 5 4 0 0 0 0 0 0 0 0 0 2 2 0 0 0 0 0 0 0 0 0 0 0 7 0 -999
P7917 2051 12 0 0 0 0 4 0 0 3 9 6 0 0 0 2 2 3 3 3 2 0 0 0 0 0 0 0 0 0 0 0 0
P7917 2052 1 0 0 0 0 0 0 0 0 6 14 6 0 11 147 23 5 12 18 16 27 53 87 72 14 0 0 3 5 59 126 12
P7917 2052 2 2 10 63 109 4 5 44 8 3 22 70 29 4 3 3 6 3 0 5 16 0 0 0 5 17 1 0 0 -999 -999 -999
P7917 2052 3 0 0 0 0 0 0 0 0 6 0 0 0 0 11 16 29 5 2 19 30 3 0 3 1 0 0 0 0 0 0 0
P7917 2052 4 0 0 0 3 0 0 6 1 0 0 0 0 0 0 0 0 0 0 0 0 0 0 0 0 0 0 0 0 6 6 -999
P7917 2052 5 0 0 0 0 0 3 0 3 2 2 3 8 75 51 38 4 5 9 42 7 0 0 0 0 15 12 0 0 0 8 0
P7917 2052 6 10 9 13 54 103 60 10 0 0 0 0 15 33 18 0 0 0 0 0 0 0 0 20 0 98 73 0 0 0 0 -999
P7917 2052 7 0 0 0 0 0 0 0 0 0 0 43 37 24 0 0 0 27 64 79 0 0 0 0 0 0 0 0 5 0 0 12
P7917 2052 8 76 35 9 0 0 0 0 0 0 0 0 0 0 0 0 0 0 0 0 0 0 3 0 0 0 0 0 0 0 0 0
P7917 2052 9 0 0 0 0 0 0 0 0 0 0 0 0 0 0 0 0 0 0 0 21 0 0 0 0 0 0 0 0 0 0 -999
P7917 2052 10 0 0 0 0 0 0 0 0 0 0 0 0 0 39 64 23 0 7 5 0 0 8 0 0 21 23 0 0 0 0 0
P7917 2052 11 6 5 4 0 0 0 0 0 0 0 0 0 0 0 0 0 0 0 5 1 4 0 76 18 0 0 0 0 4 1 -999
P7917 2052 12 0 0 0 0 0 3 0 0 0 0 0 0 0 0 5 5 0 3 0 0 0 0 0 0 1 0 0 0 0 0 0
P7917 2053 1 0 0 0 0 0 0 0 0 4 5 4 3 1 1 0 0 1 0 0 15 104 14 165 114 47 33 12 4 0 1 2
P7917 2053 2 12 14 19 14 3 5 3 0 3 3 0 0 0 0 7 10 12 19 39 21 29 49 23 23 24 5 8 1 -999 -999 -999
P7917 2053 3 0 0 0 0 0 0 0 0 0 0 0 0 0 0 0 0 0 0 0 0 0 0 0 0 0 0 0 0 14 6 58
P7917 2053 4 24 11 1 2 0 0 0 0 0 4 16 68 76 31 28 3 0 0 0 0 28 7 8 265 452 235 341 370 307 43 -999
P7917 2053 5 14 15 4 0 0 0 0 0 0 0 0 0 0 0 0 0 0 0 0 0 0 0 0 0 0 0 0 0 8 7 0
P7917 2053 6 0 0 0 0 0 0 0 27 51 33 0 0 0 7 0 0 27 75 35 7 0 0 0 96 80 76 54 0 0 0 -999
P7917 2053 7 0 0 0 0 0 0 178 229 130 62 19 0 0 0 0 0 0 0 0 0 0 0 0 0 0 0 6 3 0 0 0
P7917 2053 8 0 8 0 18 31 28 0 0 0 0 0 0 0 0 0 0 0 0 0 0 0 0 7 83 276 131 43 20 39 20 0
P7917 2053 9 0 0 0 0 0 0 0 0 0 0 7 12 7 5 9 48 26 6 11 30 53 115 106 73 8 6 8 39 40 7 -999
P7917 2053 10 7 5 0 7 10 5 5 17 34 35 69 0 0 0 0 0 0 0 0 3 0 0 0 0 0 0 0 0 0 0 0
P7917 2053 11 0 0 4 0 0 0 0 0 0 5 10 6 0 0 3 2 1 3 2 0 2 1 0 0 0 0 0 0 0 0 -999
P7917 2053 12 0 0 0 0 0 0 0 0 0 3 5 45 30 3 1 0 0 0 0 0 0 0 4 5 9 7 0 0 5 50 35
P7917 2054 1 157 11 0 7 15 5 0 0 0 0 0 0 0 0 0 0 0 1 1 4 3 0 0 0 0 0 0 0 0 0 0
P7917 2054 2 0 0 0 0 0 0 0 1 0 0 0 0 0 0 0 0 0 0 0 0 0 0 0 0 0 0 0 0 -999 -999 -999
P7917 2054 3 0 0 0 0 0 0 0 0 0 0 0 0 0 0 1 2 2 0 0 0 0 0 17 0 0 3 2 3 2 0 2
P7917 2054 4 2 0 0 0 0 1 3 0 0 20 3 0 0 8 25 2 0 3 8 33 26 10 10 3 39 31 5 2 0 0 -999
P7917 2054 5 0 8 26 8 0 0 4 6 65 17 10 21 0 0 0 0 0 0 0 0 0 0 0 0 0 0 0 0 0 0 0
P7917 2054 6 0 0 0 0 0 0 0 0 0 0 0 0 0 0 0 0 0 0 0 0 0 31 20 0 0 0 0 0 0 0 -999
P7917 2054 7 0 0 0 0 0 0 0 0 0 0 0 0 0 0 4 12 47 19 13 15 0 0 0 0 0 0 0 0 0 69 0
P7917 2054 8 0 0 0 0 0 0 0 0 0 0 0 0 0 0 0 0 0 0 0 0 0 0 0 0 0 0 0 0 59 160 167
P7917 2054 9 74 53 57 115 108 54 23 26 52 0 0 0 0 0 26 21 36 43 19 0 0 19 25 14 25 41 11 0 0 0 -999
P7917 2054 10 0 0 18 30 10 0 20 43 15 10 7 11 17 6 0 0 0 0 0 0 84 102 5 0 0 0 0 0 0 0 0
P7917 2054 11 5 10 17 9 20 7 1 3 40 33 0 0 0 0 0 0 0 0 0 0 0 0 0 0 0 0 0 0 0 0 -999
P7917 2054 12 0 1 0 0 0 0 0 0 0 0 0 0 2 0 0 0 0 0 0 0 0 0 0 0 0 0 0 0 0 0 0
P7917 2055 1 0 0 0 2 2 11 14 5 2 3 5 53 28 14 70 27 5 9 3 7 2 14 24 4 0 0 0 0 0 0 8
P7917 2055 2 0 0 0 0 0 0 0 0 0 0 0 0 0 0 0 4 4 0 0 0 0 0 0 0 0 0 0 0 -999 -999 -999
P7917 2055 3 0 4 27 37 7 0 13 3 2 2 4 0 5 10 0 0 10 15 2 0 0 0 8 26 8 5 4 2 12 9 0
P7917 2055 4 0 0 0 0 0 0 1 0 0 1 0 0 1 3 0 0 0 0 0 5 64 10 74 343 274 106 77 20 5 12 -999
P7917 2055 5 12 16 26 15 7 28 35 38 34 20 7 10 70 106 40 10 0 0 0 0 3 0 0 0 0 0 0 0 0 51 23
P7917 2055 6 39 25 21 18 45 24 0 0 0 0 0 0 0 23 33 18 10 5 5 0 0 0 0 0 0 0 0 0 0 0 -999
P7917 2055 7 0 0 0 0 0 0 0 0 0 0 52 0 0 7 0 16 42 81 66 55 29 21 24 0 0 39 50 0 0 0 0
P7917 2055 8 0 0 0 0 0 0 0 0 0 0 0 0 0 0 0 0 0 0 0 0 0 0 0 0 0 0 0 0 21 42 0
P7917 2055 9 0 0 0 0 0 0 0 0 0 0 0 0 0 0 0 0 0 0 0 0 0 0 0 29 30 0 0 0 0 0 -999
P7917 2055 10 0 0 0 0 0 0 0 8 4 0 0 0 5 0 0 0 0 0 2 0 0 0 0 2 11 3 0 0 0 0 0
P7917 2055 11 0 9 14 24 13 10 38 53 20 0 0 0 0 0 0 0 0 0 0 0 0 0 3 3 0 0 0 0 0 3 -999
P7917 2055 12 2 6 6 0 0 0 0 0 0 12 24 24 17 4 0 0 0 0 0 0 2 0 0 0 0 0 0 0 0 0 2
P7917 2056 1 0 0 0 0 0 0 1 1 4 2 0 0 0 0 0 0 0 0 0 0 0 3 2 0 2 0 0 0 0 0 0
P7917 2056 2 0 0 0 0 0 0 0 0 0 0 0 0 0 0 0 0 0 0 0 0 0 0 0 0 0 0 0 0 -999 -999 -999
P7917 2056 3 0 6 5 0 0 0 0 0 0 53 15 0 0 0 0 50 20 2 0 0 0 0 0 0 4 8 7 4 5 22 20
P7917 2056 4 0 0 0 0 6 23 22 6 4 7 16 6 0 0 19 28 17 11 49 50 19 65 97 24 18 23 36 44 4 0 -999
P7917 2056 5 0 12 7 0 0 64 39 13 3 0 0 0 2 0 0 0 0 0 0 0 0 0 0 23 35 9 6 4 0 0 0
P7917 2056 6 23 34 13 12 13 23 4 7 0 0 0 0 0 0 0 0 0 0 0 0 0 12 0 0 0 0 0 16 23 0 -999
P7917 2056 7 0 51 48 0 0 0 0 0 21 26 0 0 0 0 6 0 0 0 0 0 0 0 0 0 0 0 0 0 0 0 0
P7917 2056 8 0 0 0 0 0 0 0 0 0 0 0 0 0 0 0 0 4 6 0 0 0 0 0 0 0 0 0 0 0 0 0
P7917 2056 9 0 0 0 0 0 0 0 0 10 37 171 69 13 0 0 0 0 0 0 0 0 0 0 0 0 0 0 52 16 46 -999
P7917 2056 10 160 42 11 0 0 0 0 0 13 23 5 0 0 0 0 0 0 0 0 0 0 0 14 30 33 40 52 0 0 0 0
P7917 2056 11 0 0 0 3 6 3 9 4 0 0 0 0 0 0 0 0 0 0 11 3 0 0 0 0 0 5 12 29 25 18 -999
P7917 2056 12 0 1 13 8 13 2 0 0 0 0 3 6 4 0 0 0 2 0 1 4 10 1 0 0 0 0 0 0 0 0 0
P7917 2057 1 0 0 0 0 0 0 0 3 3 0 0 0 0 0 0 0 0 0 0 0 0 0 0 0 0 3 1 5 2 0 0
P7917 2057 2 0 0 0 0 2 6 3 2 2 6 0 0 0 0 0 0 0 6 1 2 4 11 8 10 11 4 0 3 -999 -999 -999
P7917 2057 3 3 0 0 15 39 58 53 5 0 0 0 0 0 0 0 0 0 0 1 0 0 0 0 0 0 12 0 0 0 0 0
P7917 2057 4 3 0 0 3 3 3 0 3 5 11 55 17 17 13 3 12 8 4 4 1 3 0 0 0 0 0 0 10 8 0 -999
P7917 2057 5 0 0 0 0 0 0 0 0 3 0 3 7 8 7 7 9 15 23 4 0 0 0 0 0 4 8 29 25 6 0 4
P7917 2057 6 6 4 0 0 0 0 0 0 0 5 27 99 13 0 0 0 0 0 0 76 27 0 0 0 0 0 0 0 30 13 -999
P7917 2057 7 0 0 0 0 0 0 0 0 16 0 0 0 0 0 0 0 0 0 0 0 0 0 0 0 0 0 0 0 0 0 0
P7917 2057 8 0 0 0 0 0 0 0 0 0 0 0 0 0 0 0 0 56 146 137 65 0 0 36 65 82 74 53 0 0 0 0
P7917 2057 9 40 35 24 22 27 70 105 76 94 87 62 36 61 85 209 87 0 0 0 0 0 0 0 0 23 41 29 0 0 0 -999
P7917 2057 10 0 0 0 0 0 0 0 0 0 0 0 0 0 90 45 5 0 6 0 0 0 0 0 0 0 0 0 0 0 0 0
P7917 2057 11 3 0 0 7 24 11 10 4 26 21 52 44 5 4 0 0 0 0 0 0 0 0 0 0 0 0 0 0 0 0 -999
P7917 2057 12 0 0 0 0 0 0 0 0 4 0 10 12 6 8 3 3 0 0 0 0 0 0 0 0 0 0 0 0 0 32 10
P7917 2058 1 0 0 0 0 0 0 0 0 0 4 0 0 0 15 5 0 0 0 0 0 0 0 0 0 0 0 2 2 2 0 0
P7917 2058 2 0 0 0 0 0 0 0 0 0 0 0 0 0 0 0 0 0 0 0 0 0 0 0 0 0 0 0 0 -999 -999 -999
P7917 2058 3 0 0 0 0 0 0 0 0 0 0 0 0 0 0 0 0 0 0 0 0 6 1 0 4 4 3 0 0 0 0 0
P7917 2058 4 0 0 0 0 13 3 0 0 5 23 3 3 0 0 0 0 0 25 14 3 2 0 0 0 0 0 0 0 0 0 -999
P7917 2058 5 0 0 0 0 3 5 7 0 0 0 0 11 24 18 0 0 0 0 0 4 0 0 3 0 0 3 13 9 8 13 8
P7917 2058 6 39 31 0 0 22 0 0 0 0 11 36 0 0 0 0 0 0 0 0 16 0 0 0 0 0 0 0 0 0 0 -999
P7917 2058 7 0 0 0 0 0 0 0 0 0 0 0 0 0 0 0 0 0 13 6 0 0 0 0 0 0 0 0 0 0 0 0
P7917 2058 8 0 0 0 0 0 0 0 0 0 0 0 0 0 0 0 0 0 0 0 0 0 0 0 0 0 0 0 0 0 6 15
P7917 2058 9 53 78 8 0 0 21 0 0 0 0 7 0 0 3 0 0 0 0 0 0 0 5 11 0 0 0 0 0 0 0 -999
P7917 2058 10 0 0 0 0 0 0 0 0 0 0 0 0 0 0 0 0 0 0 0 0 0 6 8 9 0 0 0 0 0 0 0
P7917 2058 11 0 0 0 0 0 0 0 5 5 0 0 1 0 0 0 1 3 2 3 15 11 0 0 0 0 0 8 18 12 10 -999
P7917 2058 12 5 5 3 0 0 0 0 0 0 0 0 0 0 0 0 0 0 40 4 0 0 0 0 0 0 0 3 1 3 2 2
P7917 2059 1 6 3 0 0 0 0 0 0 0 0 0 0 0 0 0 0 0 0 0 6 5 0 0 0 0 0 0 0 0 0 0
P7917 2059 2 0 0 0 0 0 0 0 0 0 0 0 0 0 0 0 0 0 0 0 0 0 0 0 0 0 0 0 0 -999 -999 -999
P7917 2059 3 0 0 0 0 0 0 0 0 0 0 0 0 6 3 0 0 0 0 0 0 14 1 0 1 1 2 0 2 14 29 2
P7917 2059 4 0 0 0 0 0 0 0 0 0 0 0 0 2 0 0 0 0 0 0 0 0 8 26 87 35 26 25 38 30 6 -999
P7917 2059 5 0 0 21 42 87 9 7 22 37 25 26 23 15 10 0 16 4 6 6 7 0 0 0 0 0 0 43 107 98 0 0
P7917 2059 6 0 0 8 7 8 4 51 77 41 0 0 0 0 0 0 0 0 24 88 95 49 0 0 0 0 90 44 0 0 0 -999
P7917 2059 7 0 0 0 0 0 0 0 0 0 14 6 0 0 0 35 28 39 10 0 10 0 0 0 0 0 0 0 0 0 0 0
P7917 2059 8 0 0 0 0 0 0 0 0 0 0 0 0 0 0 0 0 0 0 0 0 0 0 0 0 0 0 0 0 0 0 0
P7917 2059 9 0 51 56 9 4 0 0 0 0 0 0 0 0 0 0 0 0 0 0 0 0 0 0 9 32 17 8 0 0 0 -999
P7917 2059 10 0 0 0 0 0 0 0 0 0 0 0 0 0 73 59 67 0 0 0 23 0 7 5 6 3 3 5 5 0 9 3
P7917 2059 11 3 5 7 15 110 20 0 0 0 0 0 0 0 0 10 29 21 3 0 0 0 0 4 25 5 0 0 8 3 0 -999
P7917 2059 12 0 0 0 0 0 0 0 0 0 0 0 0 0 0 2 3 0 0 0 0 0 0 0 0 0 0 0 40 6 0 0
P7917 2060 1 0 0 12 12 10 10 0 0 0 0 0 0 0 0 0 0 0 0 0 0 0 0 0 0 0 0 0 0 0 0 0
P7917 2060 2 0 0 0 0 2 3 0 0 4 6 2 2 4 5 123 33 2 0 2 0 0 0 3 2 2 1 2 2 -999 -999 -999
P7917 2060 3 2 2 0 0 1 17 22 36 2 2 0 0 0 0 0 0 2 8 11 5 139 30 2 0 0 0 0 5 3 0 0
P7917 2060 4 0 0 0 0 0 0 0 0 0 0 0 12 0 0 0 0 0 4 0 0 0 0 0 11 0 0 0 0 0 0 -999
P7917 2060 5 0 0 0 0 0 0 0 0 0 0 0 0 0 0 0 0 0 34 3 0 0 0 19 48 41 36 42 78 78 0 0
P7917 2060 6 54 158 142 109 73 45 49 25 0 0 6 7 4 0 0 0 0 0 14 4 7 7 0 0 0 14 0 0 0 0 -999
P7917 2060 7 0 0 0 0 0 0 0 0 0 0 0 0 0 0 0 11 22 0 0 0 0 0 0 0 20 61 95 32 0 0 0
P7917 2060 8 0 0 0 0 47 87 39 17 0 0 0 0 0 0 32 49 56 82 142 58 0 0 0 0 0 0 34 25 0 0 0
P7917 2060 9 0 0 0 0 0 0 0 0 0 0 0 0 0 0 15 14 12 0 0 0 0 0 0 12 41 142 49 0 0 0 -999
P7917 2060 10 0 0 0 0 0 0 0 0 0 0 0 7 8 8 0 0 0 0 0 0 0 0 0 0 3 0 0 10 23 4 5
P7917 2060 11 27 4 0 0 0 0 0 0 0 0 0 0 0 0 0 0 0 0 1 0 0 0 0 0 0 0 2 0 0 0 -999
P7917 2060 12 0 0 3 0 0 4 4 0 0 5 0 0 0 0 0 0 0 0 0 0 0 0 0 0 0 0 0 0 0 0 0
P7917 2061 1 0 0 0 0 0 0 0 0 0 0 0 0 0 4 4 0 0 0 2 0 0 2 4 4 40 5 1 0 0 0 1
P7917 2061 2 0 0 0 0 0 0 0 0 0 15 6 31 11 3 3 3 4 0 0 2 1 4 1 2 2 1 2 2 -999 -999 -999
P7917 2061 3 3 17 3 1 0 0 2 5 2 2 2 2 2 2 2 2 2 3 12 6 1 0 0 0 0 0 0 0 0 0 0
P7917 2061 4 0 0 0 10 7 16 30 36 43 75 36 39 43 41 24 17 185 304 10 2 0 0 0 0 5 14 38 29 25 18 -999
P7917 2061 5 56 90 13 19 14 15 0 0 0 0 0 0 0 0 4 0 0 0 0 0 0 0 0 0 0 0 0 0 31 62 64
P7917 2061 6 76 179 89 66 0 0 0 0 0 0 30 34 22 30 31 0 0 0 0 0 0 0 0 0 0 0 0 0 0 0 -999
P7917 2061 7 0 0 0 0 0 0 14 22 0 0 0 0 0 0 0 0 0 0 0 0 0 0 0 0 0 0 0 0 0 98 56
P7917 2061 8 28 0 0 0 0 0 19 26 0 0 0 0 0 0 0 0 0 0 0 0 0 0 0 13 21 12 0 0 16 0 0
P7917 2061 9 0 0 0 0 13 0 0 0 0 0 20 37 9 0 0 13 63 120 56 4 16 2 0 0 0 0 0 0 0 0 -999
P7917 2061 10 0 6 4 6 12 32 6 5 45 33 58 0 0 0 0 0 0 0 0 0 0 20 0 0 13 10 6 3 0 0 2
P7917 2061 11 0 0 0 0 0 0 0 8 10 0 0 0 0 0 0 0 0 0 0 0 0 0 0 0 0 0 0 0 0 0 -999
P7917 2061 12 10 18 4 0 0 0 0 0 0 0 0 0 0 0 0 0 0 0 0 0 0 0 0 0 0 0 0 0 0 0 0
P7917 2062 1 0 0 0 0 0 0 56 119 92 46 29 19 6 3 3 2 0 3 0 0 0 0 0 0 0 0 0 0 0 0 3
P7917 2062 2 0 3 2 2 0 0 0 0 2 2 0 0 0 0 0 0 9 18 16 39 8 4 4 24 315 10 2 0 -999 -999 -999
P7917 2062 3 0 0 0 0 0 0 0 0 0 0 0 0 0 11 0 2 0 0 0 0 0 0 0 0 0 6 0 0 0 0 0
P7917 2062 4 0 0 1 0 0 6 5 18 42 8 32 0 0 0 0 0 0 0 0 0 0 0 4 13 3 3 0 0 4 3 -999
P7917 2062 5 2 2 8 5 0 0 0 55 44 17 0 0 0 0 0 0 0 27 25 3 0 0 0 0 0 0 0 8 11 3 0
P7917 2062 6 5 4 4 0 0 0 0 0 0 0 19 12 17 6 0 0 0 0 0 0 0 0 0 0 0 0 0 0 0 0 -999
P7917 2062 7 0 0 0 0 0 0 0 0 0 0 0 0 0 0 0 0 0 0 0 0 0 0 0 0 0 0 0 39 0 0 0
P7917 2062 8 0 21 13 0 0 0 0 0 6 20 27 30 44 0 26 39 0 0 0 0 0 17 0 0 0 0 15 0 0 0 0
P7917 2062 9 19 20 0 0 0 0 28 0 0 0 0 19 29 26 0 38 0 0 0 0 0 0 0 0 0 54 0 0 126 88 -999
P7917 2062 10 37 0 0 0 0 0 0 16 20 26 30 16 0 0 0 0 0 12 13 15 7 3 0 0 13 76 36 54 62 0 0
P7917 2062 11 0 0 5 5 4 6 7 38 43 18 12 6 5 6 3 0 0 0 0 0 3 7 2 3 2 4 2 0 0 0 -999
P7917 2062 12 0 0 0 0 0 0 0 0 3 9 5 0 0 0 0 5 9 0 0 2 2 3 0 0 1 0 0 0 0 0 0
P7917 2063 1 0 0 0 0 0 0 0 0 0 0 0 0 0 0 0 0 0 0 0 0 0 0 0 0 0 0 2 3 0 0 0
P7917 2063 2 0 0 0 0 0 0 6 5 0 0 0 0 0 0 0 0 0 0 0 0 2 5 7 0 0 0 0 0 -999 -999 -999
P7917 2063 3 15 23 20 7 0 0 3 1 1 2 2 3 5 11 186 28 1 0 0 18 24 28 16 178 278 9 10 38 7 0 0
P7917 2063 4 2 35 10 0 0 0 0 0 0 2 21 3 3 0 0 8 26 19 0 0 0 4 3 3 2 0 3 26 21 2 -999
P7917 2063 5 0 0 0 0 0 0 0 0 0 5 17 7 20 32 6 3 0 3 0 0 0 2 0 0 0 0 0 0 0 0 0
P7917 2063 6 0 0 0 0 0 0 0 0 0 0 0 0 0 0 0 0 0 15 15 0 0 21 0 0 0 0 0 0 0 0 -999
P7917 2063 7 0 0 0 0 0 0 0 0 0 0 0 0 0 0 0 0 0 0 0 0 0 0 0 0 0 0 0 0 0 0 154
P7917 2063 8 0 0 0 0 0 0 0 0 0 0 0 0 0 0 0 0 0 0 0 0 0 0 0 0 0 11 17 9 10 6 0
P7917 2063 9 0 20 19 22 15 0 0 0 0 20 0 0 0 0 0 52 156 23 5 0 0 0 0 0 37 93 37 0 0 0 -999
P7917 2063 10 0 0 0 11 31 17 0 0 0 0 5 3 7 0 0 0 0 0 0 17 23 6 5 0 0 0 0 12 25 2 0
P7917 2063 11 0 0 6 0 0 0 0 0 0 0 3 0 0 0 0 0 0 0 0 0 0 0 0 0 11 5 0 0 2 0 -999
P7917 2063 12 0 0 0 0 3 7 0 0 0 0 0 0 0 0 0 0 0 0 0 0 0 0 0 0 0 0 0 0 0 0 0
P7917 2064 1 0 0 0 0 4 0 0 0 0 0 2 5 2 10 5 3 7 3 0 0 22 78 103 30 0 0 0 0 0 0 0
P7917 2064 2 0 0 0 0 0 0 0 0 0 0 0 0 18 123 6 5 5 3 0 0 0 0 0 0 0 40 143 27 -999 -999 -999
P7917 2064 3 8 3 6 30 4 0 0 0 0 0 0 0 0 0 0 0 0 0 0 0 0 0 25 1 0 0 0 0 0 10 17
P7917 2064 4 13 23 34 137 57 29 0 3 0 0 0 0 0 0 0 0 10 4 2 0 0 0 0 19 6 0 8 61 17 0 -999
P7917 2064 5 0 14 3 0 0 0 0 0 0 0 0 0 0 0 0 3 0 0 12 23 15 0 16 32 17 7 14 18 19 0 11
P7917 2064 6 13 11 9 0 35 18 0 0 0 25 12 0 0 0 0 0 0 0 21 18 0 0 0 24 22 0 0 0 0 61 -999
P7917 2064 7 69 63 41 0 103 132 31 0 0 0 0 0 0 19 17 0 0 0 0 0 41 0 0 0 0 0 0 0 0 0 0
P7917 2064 8 0 0 27 0 0 0 0 0 0 0 0 30 0 0 0 0 124 165 39 0 0 0 0 0 0 74 36 0 0 0 0
P7917 2064 9 36 0 0 0 0 0 0 0 0 55 49 55 31 46 0 0 0 0 8 43 36 44 44 0 0 0 19 13 0 0 -999
P7917 2064 10 0 0 0 0 0 0 0 0 0 26 78 42 22 15 9 0 0 0 0 0 14 3 0 0 2 0 0 0 0 0 0
P7917 2064 11 0 0 0 0 0 2 1 2 0 0 0 0 0 0 3 3 0 0 0 0 0 0 33 95 16 0 0 6 14 19 -999
P7917 2064 12 0 0 0 0 0 0 0 0 8 4 2 0 0 0 0 0 0 0 0 9 6 3 0 0 0 0 0 0 0 2 0
P7917 2065 1 0 3 3 2 0 3 53 308 32 116 17 2 0 0 0 0 0 0 0 0 0 0 0 0 0 0 0 0 0 0 0
P7917 2065 2 0 0 2 2 0 0 0 0 0 0 0 0 0 0 0 0 0 0 0 0 15 0 0 0 0 0 0 0 -999 -999 -999
P7917 2065 3 0 0 0 0 0 0 9 0 0 6 0 0 0 0 0 0 0 10 0 0 0 0 0 3 4 13 2 12 2 6 33
P7917 2065 4 18 2 19 8 0 4 0 0 0 0 24 36 42 228 19 4 0 0 0 0 0 0 0 0 9 16 3 0 6 5 -999
P7917 2065 5 0 0 0 0 4 3 4 40 45 6 4 0 0 0 0 4 0 0 0 0 4 0 0 0 0 0 0 0 0 0 5
P7917 2065 6 14 26 7 21 30 6 5 3 8 22 32 23 2 0 0 0 18 15 0 0 26 73 0 0 0 0 0 0 0 0 -999
P7917 2065 7 0 0 0 0 0 0 0 0 0 0 0 0 0 22 0 0 0 0 0 0 0 0 0 0 0 0 0 0 0 0 0
P7917 2065 8 0 0 0 0 0 0 0 0 0 0 0 0 0 0 0 0 0 0 0 0 0 0 0 0 0 0 0 0 0 0 0
P7917 2065 9 0 0 0 0 0 0 0 0 0 0 0 0 6 15 29 27 0 0 0 3 27 119 171 117 139 56 24 24 0 0 -999
P7917 2065 10 0 0 0 0 0 0 0 0 3 5 4 0 0 0 0 0 10 33 22 0 0 0 0 0 0 0 0 0 0 0 0
P7917 2065 11 0 0 0 0 1 0 0 0 3 0 0 0 0 0 0 13 0 0 0 0 0 0 0 0 0 3 3 0 0 0 -999
P7917 2065 12 0 0 0 0 0 0 0 0 0 0 3 0 0 0 0 0 0 0 0 0 7 7 49 56 5 0 0 3 3 0 0
P7917 2066 1 0 0 0 0 4 0 0 0 0 6 7 0 0 0 4 3 3 0 0 0 0 0 0 0 0 0 0 0 0 0 0
P7917 2066 2 0 0 0 0 0 0 4 5 6 0 0 0 0 0 0 0 4 22 12 7 0 0 0 14 0 3 0 0 -999 -999 -999
P7917 2066 3 3 17 25 65 108 16 1 15 248 26 3 3 0 8 2 1 1 0 0 5 10 11 2 0 0 0 0 4 17 14 10
P7917 2066 4 0 11 0 0 0 0 27 35 5 0 0 0 0 0 0 2 3 3 5 0 0 0 0 0 0 0 0 0 0 0 -999
P7917 2066 5 0 0 0 0 0 0 0 0 7 0 0 0 0 10 15 10 27 4 0 0 5 3 17 16 48 89 10 0 0 0 5
P7917 2066 6 6 0 0 0 0 0 0 0 8 0 0 0 0 0 0 0 0 0 0 0 0 0 0 0 32 25 0 0 0 0 -999
P7917 2066 7 0 0 28 49 0 0 0 0 0 0 0 0 0 0 0 0 0 0 0 0 41 53 21 0 0 0 0 0 0 0 0
P7917 2066 8 0 0 0 0 0 0 0 0 0 0 0 0 0 0 0 0 69 0 0 0 0 0 0 0 0 0 0 0 0 35 27
P7917 2066 9 0 0 0 0 0 0 39 41 0 0 0 0 0 0 0 0 0 25 0 0 0 0 0 0 0 0 0 0 0 0 -999
P7917 2066 10 0 0 0 0 0 0 0 0 0 0 0 31 62 44 4 4 0 4 5 0 0 9 19 15 9 5 4 14 12 10 20
P7917 2066 11 15 5 0 0 0 121 53 55 37 130 59 10 0 0 0 0 2 3 10 2 2 3 0 0 0 6 18 6 2 2 -999
P7917 2066 12 6 64 42 26 0 0 0 0 12 0 0 4 2 2 1 2 2 3 4 0 0 0 4 4 2 3 3 6 9 5 0
P7917 2067 1 4 5 20 185 196 155 117 230 149 5 1 3 76 41 7 2 6 15 21 5 0 9 72 62 28 2 3 3 10 86 19
P7917 2067 2 4 4 3 0 0 0 0 0 3 0 3 7 10 0 0 0 0 0 3 5 3 3 2 0 0 0 0 0 -999 -999 -999
P7917 2067 3 0 0 0 0 0 0 0 0 0 0 0 0 1 0 0 9 14 0 0 0 0 0 0 3 2 2 2 31 5 0 0
P7917 2067 4 0 0 0 0 0 0 13 13 4 0 0 0 0 13 16 17 3 0 3 6 7 0 0 0 1 3 4 3 2 0 -999
P7917 2067 5 0 0 0 0 6 17 14 14 24 46 7 3 7 5 4 0 0 4 16 30 26 4 0 0 0 0 0 0 0 0 0
P7917 2067 6 0 0 0 0 0 0 0 251 109 0 0 0 23 16 0 0 0 0 0 0 0 0 0 0 0 0 0 0 0 0 -999
P7917 2067 7 0 0 0 0 0 0 0 0 0 0 0 0 0 0 0 0 0 0 0 0 0 0 0 7 7 0 0 0 0 7 0
P7917 2067 8 0 0 0 0 0 0 0 0 0 0 0 0 0 0 0 0 0 0 0 0 0 0 0 0 0 0 0 0 0 0 0
P7917 2067 9 0 0 0 0 0 0 23 77 73 126 0 0 0 0 0 0 0 0 0 0 0 3 3 4 15 11 29 31 19 0 -999
P7917 2067 10 0 0 7 8 0 4 13 84 43 8 4 0 0 0 0 0 0 0 0 0 0 0 0 0 0 0 0 9 4 0 8
P7917 2067 11 5 0 4 8 3 4 50 16 2 0 0 0 0 0 0 1 0 1 15 9 0 0 0 0 0 0 0 0 0 0 -999
P7917 2067 12 0 0 0 0 8 4 0 0 3 2 1 7 1 0 0 0 0 0 0 0 0 0 0 0 0 0 0 0 0 0 0
P7917 2068 1 0 0 0 0 0 0 0 0 0 0 0 0 0 0 0 0 0 2 0 2 3 6 5 11 8 5 5 0 3 3 1
P7917 2068 2 0 0 0 0 0 0 6 20 30 36 3 11 45 13 67 62 28 0 0 0 0 0 0 6 17 4 0 0 -999 -999 -999
P7917 2068 3 0 0 0 2 7 12 4 6 20 200 11 4 2 0 0 9 1 0 9 21 0 0 0 13 0 0 0 0 0 0 0
P7917 2068 4 0 0 0 0 1 1 0 0 0 0 0 0 0 0 0 0 0 0 0 0 0 0 3 3 3 0 0 1 2 0 -999
P7917 2068 5 0 0 0 12 96 57 101 0 3 0 0 36 36 4 5 13 12 10 10 6 9 4 0 0 0 0 0 0 44 75 42
P7917 2068 6 19 0 0 0 0 0 0 0 0 0 0 0 0 15 0 0 0 0 133 155 202 41 0 0 0 0 0 0 0 0 -999
P7917 2068 7 0 0 0 0 0 0 0 0 0 0 0 0 0 0 0 0 0 0 0 0 0 0 0 0 0 0 0 10 0 0 0
P7917 2068 8 0 0 0 0 0 0 0 0 0 0 0 0 0 0 0 0 0 0 0 0 0 0 0 15 21 9 0 0 0 0 0
P7917 2068 9 0 0 0 0 0 0 0 0 0 0 0 0 0 0 0 0 0 18 34 96 57 118 39 24 51 26 22 13 21 42 -999
P7917 2068 10 10 34 13 4 0 0 0 4 0 0 0 0 45 34 0 0 0 0 7 2 0 0 14 14 0 0 0 0 0 0 0
P7917 2068 11 0 0 0 0 0 0 0 0 0 0 0 0 0 0 0 7 1 0 0 0 0 14 2 3 6 0 0 50 31 36 -999
P7917 2068 12 0 0 1 0 3 24 2 0 0 0 3 0 0 0 4 5 22 68 5 0 0 0 0 0 0 0 0 0 0 0 0
P7917 2069 1 0 0 0 0 0 0 0 0 2 24 18 6 4 0 0 0 0 0 0 0 0 0 0 15 22 12 7 3 4 13 2
P7917 2069 2 1 0 0 0 1 9 2 0 1 5 1 0 0 0 0 0 0 0 0 0 0 0 0 0 0 0 0 0 -999 -999 -999
P7917 2069 3 3 9 6 3 2 2 2 4 2 8 4 3 0 0 0 0 0 0 0 0 0 0 0 0 0 0 0 3 2 0 0
P7917 2069 4 0 0 0 0 0 0 2 10 3 2 5 2 3 4 4 9 4 3 18 6 0 0 0 0 0 0 0 7 26 33 -999
P7917 2069 5 17 1 1 0 2 11 29 26 4 2 0 0 0 0 0 0 0 0 3 14 5 0 0 0 8 10 20 12 5 0 0
P7917 2069 6 0 9 33 0 0 0 0 0 35 37 50 27 0 0 0 0 0 0 0 45 17 0 0 41 0 0 0 0 0 0 -999
P7917 2069 7 0 19 13 11 0 0 0 0 0 0 34 0 0 0 0 0 0 0 0 0 0 0 0 0 0 0 0 0 0 0 0
P7917 2069 8 0 0 0 0 0 0 0 0 0 0 0 0 0 0 0 0 79 51 0 0 0 0 86 143 93 0 0 33 48 22 0
P7917 2069 9 0 19 46 40 0 0 29 0 0 0 0 0 27 38 35 0 21 24 66 38 0 0 0 0 0 0 5 4 2 6 -999
P7917 2069 10 20 30 28 20 6 0 0 0 0 0 0 0 0 0 0 0 2 0 0 0 2 4 3 2 2 0 0 0 0 0 0
P7917 2069 11 25 32 2 0 0 0 0 0 11 47 93 53 53 51 23 0 19 0 0 0 7 0 0 2 8 0 0 0 3 0 -999
P7917 2069 12 0 0 3 95 50 157 55 2 0 0 0 0 0 0 0 0 0 0 0 0 0 0 3 2 0 0 0 0 8 0 0
P7917 2070 1 21 9 3 0 1 2 0 0 1 0 0 0 0 0 0 0 0 0 0 2 1 6 15 6 2 0 2 1 0 1 8
P7917 2070 2 4 2 1 2 0 0 0 0 3 1 1 2 4 3 8 16 28 0 0 0 0 0 5 2 5 2 14 5 -999 -999 -999
P7917 2070 3 14 0 0 0 0 0 4 3 6 46 25 24 3 5 0 0 0 0 2 0 3 13 2 0 40 13 0 0 0 0 0
P7917 2070 4 12 30 3 0 0 3 1 2 2 0 0 2 2 2 4 2 2 2 3 0 4 14 5 1 3 3 0 5 5 0 -999
P7917 2070 5 0 0 0 0 21 8 5 13 0 0 0 4 16 45 15 2 0 0 12 0 0 0 0 23 8 0 0 13 21 69 162
P7917 2070 6 136 112 77 0 48 31 0 0 0 0 0 0 20 157 78 11 0 0 0 0 0 0 0 0 0 0 0 0 0 0 -999
P7917 2070 7 0 0 0 0 0 0 0 0 0 0 0 0 0 0 0 0 0 0 0 0 0 0 0 0 0 0 0 0 0 16 24
P7917 2070 8 103 23 0 0 0 0 0 0 0 0 0 0 0 0 0 0 0 0 0 0 0 0 0 0 0 0 0 0 0 0 0
P7917 2070 9 0 0 0 0 24 16 6 0 0 0 0 0 6 9 29 53 0 0 0 0 21 54 52 62 98 55 51 83 59 96 -999
P7917 2070 10 81 67 85 20 0 0 43 73 41 58 59 51 48 35 24 43 42 0 13 56 8 19 8 0 0 0 0 0 0 7 19
P7917 2070 11 39 65 36 4 2 0 0 0 12 8 0 2 2 4 0 0 0 9 0 0 0 2 2 0 0 0 0 0 0 0 -999
P7917 2070 12 0 0 0 0 0 0 0 0 0 0 0 0 0 0 0 0 0 0 0 0 0 2 0 0 0 0 0 2 0 0 0
P7917 2071 1 0 0 0 2 3 0 0 0 2 3 2 0 2 1 4 31 47 38 34 8 8 4 7 2 4 1 0 0 0 0 1
P7917 2071 2 0 0 0 0 1 1 0 0 0 0 0 0 0 0 0 0 0 0 0 0 0 0 0 0 0 1 2 0 -999 -999 -999
P7917 2071 3 0 0 0 0 0 0 0 0 0 0 0 0 0 0 0 11 10 13 10 0 0 0 0 78 34 5 10 0 8 10 4
P7917 2071 4 6 4 0 0 15 8 0 0 0 0 0 0 0 0 0 0 0 0 0 0 14 28 22 13 0 0 0 0 0 0 -999
P7917 2071 5 0 0 0 0 0 0 0 0 0 0 0 0 0 18 30 4 8 14 9 11 25 13 6 0 0 0 0 21 18 27 16
P7917 2071 6 15 21 40 22 21 37 39 15 0 0 0 0 0 0 0 0 0 0 0 0 0 0 0 0 0 0 0 0 0 0 -999
P7917 2071 7 0 0 0 0 0 0 0 0 0 0 0 0 0 0 0 0 0 0 0 0 0 0 0 0 24 0 0 0 0 0 0
P7917 2071 8 0 0 0 0 0 27 0 0 0 29 0 0 46 39 39 0 0 0 0 0 0 0 0 0 0 0 0 0 0 0 0
P7917 2071 9 0 0 0 0 0 0 0 9 23 11 0 0 39 0 0 0 0 0 0 0 0 34 0 0 0 0 0 0 0 0 -999
P7917 2071 10 0 0 7 0 0 0 0 6 10 16 10 0 0 0 0 0 0 0 0 0 0 0 0 0 6 0 0 0 0 0 0
P7917 2071 11 0 1 0 0 0 0 10 21 53 27 10 2 0 0 0 0 6 0 0 0 0 0 0 0 0 0 4 0 0 0 -999
P7917 2071 12 0 0 0 0 0 0 2 3 0 0 0 0 0 0 0 0 0 0 2 0 0 0 0 0 0 0 0 0 0 0 0
P7917 2072 1 0 0 0 0 0 0 5 0 0 0 0 3 0 0 0 1 0 0 0 0 0 4 11 5 0 0 0 2 3 1 0
P7917 2072 2 0 0 0 0 0 1 0 0 0 2 0 3 4 55 11 55 57 24 15 38 2 2 4 1 0 0 2 6 -999 -999 -999
P7917 2072 3 0 0 0 0 12 22 3 1 0 0 0 0 0 0 0 0 0 0 15 26 32 28 30 24 3 0 0 238 130 3 0
P7917 2072 4 0 0 0 0 16 86 9 33 35 4 5 5 0 19 123 80 8 3 8 12 22 78 272 113 16 22 203 209 179 29 -999
P7917 2072 5 22 11 25 37 41 0 0 17 34 49 11 3 0 0 0 0 0 12 15 12 10 9 13 0 0 0 0 6 9 12 7
P7917 2072 6 8 17 66 25 0 0 0 33 26 12 0 0 0 0 56 14 0 0 9 0 0 0 8 0 30 25 25 0 0 0 -999
P7917 2072 7 0 0 0 0 0 0 0 0 0 0 0 0 0 0 0 0 0 0 0 0 0 0 0 0 0 0 0 0 0 0 0
P7917 2072 8 0 0 0 0 0 0 0 0 0 0 0 0 0 0 0 0 90 89 82 0 0 0 0 0 0 0 0 0 0 0 0
P7917 2072 9 0 11 46 53 29 0 0 0 0 0 0 0 0 61 50 61 40 0 9 4 0 0 0 0 0 0 44 56 77 24 -999
P7917 2072 10 18 18 0 0 0 4 7 6 0 0 0 0 0 0 3 2 3 3 2 0 0 0 0 20 25 32 0 0 0 8 4
P7917 2072 11 0 0 0 0 5 7 17 19 18 12 2 1 2 4 11 56 11 0 0 0 0 0 4 6 22 6 19 15 8 4 -999
P7917 2072 12 0 0 0 0 0 0 0 0 0 0 0 0 0 0 0 0 0 0 0 0 0 0 0 0 0 0 0 0 0 0 0
P7917 2073 1 0 0 0 0 0 3 0 0 0 0 0 0 0 0 0 0 0 0 0 0 0 0 0 0 0 0 0 0 0 0 0
P7917 2073 2 0 0 0 3 2 0 0 0 2 2 19 28 18 4 0 2 2 4 3 0 0 0 0 0 0 0 0 0 -999 -999 -999
P7917 2073 3 0 0 0 0 0 0 0 0 2 1 4 0 0 0 0 0 5 0 3 4 1 1 0 0 0 0 0 4 2 0 0
P7917 2073 4 0 0 0 0 0 0 0 0 0 2 0 0 0 4 21 52 18 8 21 20 0 0 3 5 16 6 3 0 0 0 -999
P7917 2073 5 13 20 9 0 0 0 0 0 0 0 0 0 0 22 12 13 4 5 25 7 0 0 5 15 0 0 0 0 0 0 0
P7917 2073 6 0 0 0 0 0 0 0 0 0 0 0 0 4 0 0 0 0 0 0 15 28 59 0 0 0 0 0 0 0 0 -999
P7917 2073 7 0 0 0 0 0 0 0 0 0 0 0 0 0 0 0 0 0 0 0 0 0 0 0 0 0 0 0 0 0 0 11
P7917 2073 8 0 0 0 38 150 181 28 0 0 0 0 0 27 66 89 91 142 142 123 72 11 0 0 0 0 0 11 44 38 0 0
P7917 2073 9 0 0 0 50 12 17 31 16 0 0 0 9 5 0 0 0 0 0 0 106 23 0 0 0 0 0 0 24 16 0 -999
P7917 2073 10 8 5 0 0 0 0 0 33 3 3 10 16 23 34 15 20 8 0 6 10 0 0 0 0 0 42 30 23 5 5 6
P7917 2073 11 5 7 0 0 0 0 39 40 3 2 1 2 1 0 0 0 0 0 0 0 0 0 0 4 5 8 11 7 5 3 -999
P7917 2073 12 8 33 9 8 1 0 0 0 0 0 0 0 0 0 0 0 0 0 0 0 0 0 0 0 1 8 0 0 0 0 0
P7917 2074 1 0 0 0 0 0 0 0 0 0 0 0 0 0 0 0 0 0 0 3 8 7 0 0 0 0 0 0 0 5 5 0
P7917 2074 2 0 0 0 0 0 0 0 0 3 3 0 0 0 0 0 0 0 0 0 0 0 0 0 0 0 9 6 3 -999 -999 -999
P7917 2074 3 0 12 27 0 0 0 0 0 0 0 0 0 0 0 0 0 0 0 0 0 10 0 0 0 0 0 0 0 0 0 2
P7917 2074 4 17 3 0 0 0 0 0 0 0 0 0 0 0 0 0 0 0 0 0 0 0 0 0 0 3 14 10 0 0 0 -999
P7917 2074 5 0 5 6 23 87 83 45 14 16 95 154 77 7 0 0 0 0 0 3 16 16 3 0 0 0 0 0 15 13 6 0
P7917 2074 6 0 0 0 0 0 0 0 0 0 0 0 0 86 0 28 0 0 0 10 7 0 9 8 0 0 0 5 0 0 0 -999
P7917 2074 7 0 32 127 49 0 0 0 0 0 0 0 0 0 0 0 0 0 0 0 0 0 0 0 0 0 0 0 0 0 0 0
P7917 2074 8 0 0 0 0 0 0 0 0 0 0 0 0 0 0 0 0 0 0 0 0 0 0 0 0 0 0 0 0 0 0 0
P7917 2074 9 0 0 0 0 0 0 0 0 25 5 0 0 0 0 0 0 0 0 0 0 0 8 7 15 5 12 5 0 0 0 -999
P7917 2074 10 0 0 8 0 0 0 0 0 10 3 0 0 0 0 0 0 0 0 5 3 0 0 0 0 0 0 0 0 24 4 0
P7917 2074 11 0 0 0 0 0 0 0 0 3 7 10 7 0 11 0 0 7 6 18 32 292 36 4 4 10 30 10 8 6 3 -999
P7917 2074 12 0 0 9 9 14 37 0 0 0 0 0 6 6 145 64 12 7 2 0 0 1 2 3 4 6 3 3 28 77 1 0
P7917 2075 1 13 160 42 3 4 1 0 1 1 0 0 0 0 1 0 0 0 0 0 0 0 0 0 0 0 21 7 0 3 1 3
P7917 2075 2 2 0 0 0 2 3 1 0 0 0 2 0 0 1 2 3 1 0 0 3 68 15 2 0 0 0 0 0 -999 -999 -999
P7917 2075 3 0 0 0 3 28 162 14 3 4 169 11 7 25 2 0 0 0 0 1 1 2 3 10 5 1 0 3 17 9 6 15
P7917 2075 4 10 0 0 0 0 5 0 0 0 0 0 0 0 0 0 0 0 0 4 0 0 0 6 0 6 17 0 29 17 13 -999
P7917 2075 5 21 141 45 25 4 31 22 8 4 3 3 23 31 12 3 2 3 14 14 24 5 4 0 0 0 0 0 0 5 0 0
P7917 2075 6 0 0 0 4 10 8 0 0 0 0 0 8 0 0 0 0 0 0 0 0 0 0 0 0 7 0 0 0 0 0 -999
P7917 2075 7 0 0 0 0 0 0 0 0 0 0 0 0 7 106 268 31 0 0 0 0 0 0 0 0 78 91 54 26 0 0 0
P7917 2075 8 0 0 0 0 0 0 0 0 0 0 0 0 0 0 0 0 7 0 0 0 0 37 70 39 0 0 0 0 0 0 0
P7917 2075 9 0 0 0 0 0 0 0 0 0 0 0 0 0 0 29 0 0 0 0 0 0 0 0 0 0 22 62 59 28 12 -999
P7917 2075 10 0 0 20 6 0 0 0 4 3 0 0 0 0 0 0 0 0 3 35 16 0 0 0 0 0 0 0 12 7 3 0
P7917 2075 11 6 5 6 21 31 4 4 14 7 1 0 0 1 0 0 0 2 3 0 0 0 0 0 0 0 0 10 11 0 0 -999
P7917 2075 12 0 0 0 0 0 2 2 9 5 5 0 2 0 0 0 0 0 0 0 0 0 0 0 0 0 0 5 0 0 0 0
P7917 2076 1 0 0 0 0 0 0 0 0 0 0 0 0 0 0 0 3 0 0 0 0 0 0 0 0 0 0 0 3 2 0 0
P7917 2076 2 0 0 0 0 0 0 0 0 2 0 0 0 0 0 0 0 0 0 0 0 0 0 0 0 0 0 0 0 -999 -999 -999
P7917 2076 3 0 0 0 0 0 2 4 3 29 178 25 0 0 8 9 9 19 46 0 0 0 0 0 0 0 0 0 0 0 0 0
P7917 2076 4 0 1 4 32 18 0 0 0 0 0 0 56 7 0 0 5 0 0 6 13 242 193 41 10 0 0 11 17 10 6 -999
P7917 2076 5 37 29 16 0 0 0 0 0 0 0 0 0 3 7 0 0 0 12 24 29 33 21 5 0 0 30 24 17 5 4 0
P7917 2076 6 3 17 0 0 0 0 5 3 0 0 0 0 0 0 0 0 0 0 0 0 0 0 0 0 0 0 0 8 13 12 -999
P7917 2076 7 0 0 0 0 0 0 0 0 9 14 18 0 0 0 0 0 0 0 0 0 21 0 0 0 0 0 0 0 0 0 0
P7917 2076 8 0 0 0 0 0 0 0 0 0 0 0 0 0 0 0 0 0 0 0 0 0 0 0 0 0 0 0 0 0 12 18
P7917 2076 9 9 16 30 30 0 0 0 0 0 0 0 0 0 0 17 32 23 31 0 0 0 0 56 26 0 0 49 28 21 0 -999
P7917 2076 10 0 0 22 0 0 0 0 0 0 0 34 118 51 38 42 0 0 7 0 0 0 4 4 0 0 0 0 0 0 0 0
P7917 2076 11 0 0 0 0 0 0 0 0 0 13 34 19 9 17 26 78 289 130 4 0 0 0 0 10 4 0 0 0 0 0 -999
P7917 2076 12 0 0 0 0 0 0 0 0 0 0 0 0 0 0 0 3 4 2 0 0 0 0 0 0 0 0 0 0 0 0 4
P7917 2077 1 3 0 0 0 0 0 0 0 0 0 0 0 0 2 2 0 0 0 3 20 8 8 21 39 2 0 2 0 0 0 0
P7917 2077 2 0 0 0 0 4 21 11 0 0 14 4 0 11 5 3 4 6 0 0 0 0 0 0 0 0 0 0 0 -999 -999 -999
P7917 2077 3 0 0 0 0 0 4 4 8 10 25 31 3 13 32 21 35 35 42 33 15 20 0 0 0 0 0 2 0 0 0 0
P7917 2077 4 0 0 0 0 0 0 0 12 3 0 0 0 0 0 0 0 0 0 0 0 0 0 0 0 0 0 3 5 0 0 -999
P7917 2077 5 0 0 0 6 11 22 54 19 6 3 0 0 0 0 0 0 0 0 0 0 0 0 56 50 109 73 32 27 0 0 0
P7917 2077 6 0 0 44 19 0 0 0 7 57 28 28 57 39 21 14 25 25 0 0 0 0 0 0 0 12 0 0 0 0 0 -999
P7917 2077 7 0 0 0 0 45 66 0 0 0 0 0 0 0 0 0 0 0 0 0 0 0 0 0 0 0 0 0 0 0 0 0
P7917 2077 8 0 0 0 54 57 0 0 0 0 0 0 0 0 0 0 0 0 0 0 0 0 0 0 0 0 0 0 0 0 0 0
P7917 2077 9 0 0 0 0 0 0 0 0 0 0 0 0 0 0 0 0 0 0 0 0 0 0 47 0 0 0 0 32 19 5 -999
P7917 2077 10 0 0 0 0 0 0 0 0 0 0 0 0 0 0 7 0 0 0 0 0 7 23 18 0 0 0 0 5 0 0 0
P7917 2077 11 0 0 7 20 11 3 8 21 7 7 5 3 31 63 31 3 0 2 0 0 0 5 30 34 44 71 49 33 24 0 -999
P7917 2077 12 0 0 0 0 0 0 0 0 0 3 3 0 0 1 0 0 4 29 20 1 0 0 0 6 3 3 4 3 0 2 6
P7917 2078 1 0 10 2 0 0 1 0 0 0 2 0 0 0 0 0 0 0 0 0 0 0 0 1 0 0 0 0 0 0 0 0
P7917 2078 2 0 0 0 0 0 8 10 0 0 0 2 3 11 2 0 0 0 3 0 0 0 0 3 0 0 0 0 12 -999 -999 -999
P7917 2078 3 41 123 120 9 0 4 3 0 0 3 79 5 0 3 2 0 0 0 0 0 0 0 0 0 0 0 2 0 0 1 0
P7917 2078 4 0 6 2 3 14 21 2 3 2 0 0 0 8 33 27 22 73 93 25 3 0 0 0 0 0 0 0 0 57 10 -999
P7917 2078 5 5 4 0 12 20 2 0 0 0 0 16 37 38 36 34 36 48 23 15 0 0 0 0 0 0 0 0 0 0 0 0
P7917 2078 6 0 9 0 0 0 0 0 0 0 0 0 0 0 0 0 0 0 0 0 0 0 0 0 0 78 54 122 0 103 42 -999
P7917 2078 7 0 0 0 0 0 0 0 0 0 0 0 0 0 0 0 0 0 0 0 0 0 0 0 0 0 0 0 0 0 0 0
P7917 2078 8 0 0 0 0 0 0 0 0 0 0 0 0 0 0 0 0 28 0 0 0 0 0 0 0 0 0 13 0 0 4 0
P7917 2078 9 0 0 15 50 29 0 0 0 0 41 27 27 33 28 25 64 63 43 13 0 0 0 0 0 0 0 0 0 0 0 -999
P7917 2078 10 0 0 9 0 7 0 0 0 0 0 0 0 0 0 0 0 0 0 0 0 0 0 0 0 0 0 0 0 0 0 4
P7917 2078 11 5 10 65 39 9 0 0 0 0 0 0 0 0 0 0 0 0 0 0 0 0 0 0 0 10 0 0 1 3 0 -999
P7917 2078 12 0 0 0 0 0 0 0 0 0 0 0 0 0 0 3 15 3 0 0 0 0 0 0 0 6 4 4 5 3 0 3
P7917 2079 1 16 0 0 2 3 0 0 0 0 0 0 0 0 0 0 0 0 0 0 0 0 0 0 0 0 0 5 4 0 0 0
P7917 2079 2 0 0 0 0 8 20 7 4 4 4 0 11 26 26 7 3 0 0 3 14 57 12 23 46 7 34 192 29 -999 -999 -999
P7917 2079 3 3 20 4 0 0 0 0 0 9 0 4 4 4 4 5 3 0 0 0 3 85 143 22 14 10 8 16 21 8 4 7
P7917 2079 4 226 138 7 18 35 7 14 11 6 0 0 0 0 0 0 0 0 0 0 2 0 0 0 0 0 0 0 0 0 8 -999
P7917 2079 5 28 4 0 0 0 0 0 0 0 0 9 11 17 32 28 10 3 0 0 0 0 0 0 0 0 0 26 0 0 0 25
P7917 2079 6 51 0 0 0 0 0 0 18 17 13 0 0 12 24 0 0 0 0 0 0 0 0 0 0 0 0 0 0 52 32 -999
P7917 2079 7 0 0 0 0 0 0 0 0 0 0 0 0 0 0 10 20 37 0 0 0 0 0 0 0 0 0 0 41 0 0 0
P7917 2079 8 0 0 40 43 0 0 0 0 0 0 0 0 0 0 35 0 0 0 0 0 0 0 0 0 0 0 0 0 0 0 0
P7917 2079 9 0 0 190 242 140 55 42 40 47 71 26 0 0 0 0 0 10 44 24 0 0 0 0 36 59 68 54 24 29 24 -999
P7917 2079 10 59 115 236 111 8 6 8 12 13 0 0 0 0 0 0 0 0 17 20 13 13 3 0 0 0 0 0 0 0 0 0
P7917 2079 11 0 3 6 0 2 0 0 0 0 0 0 0 0 0 0 0 0 0 0 0 0 0 3 0 0 7 4 0 0 9 -999
P7917 2079 12 6 0 0 0 0 3 3 1 0 0 0 0 0 0 0 1 2 2 2 4 0 0 0 0 0 0 0 0 0 0 0
P7917 2080 1 0 0 0 0 0 0 0 0 0 0 0 0 0 3 2 0 0 0 1 3 37 2 2 2 2 0 0 0 0 0 0
P7917 2080 2 0 0 0 0 0 0 0 0 0 0 4 10 2 0 0 0 0 0 0 0 3 2 3 2 0 0 0 0 -999 -999 -999
P7917 2080 3 0 0 0 0 0 0 0 0 0 0 0 0 0 0 0 0 0 0 0 0 0 0 0 0 0 0 0 3 4 3 6
P7917 2080 4 28 0 4 22 20 64 19 1 2 2 2 3 0 4 0 24 27 6 6 3 3 0 0 3 7 20 7 5 3 3 -999
P7917 2080 5 56 253 8 0 0 0 0 0 0 0 0 0 0 0 0 0 31 54 16 0 0 0 0 10 6 0 0 8 23 41 9
P7917 2080 6 19 13 23 9 0 0 0 13 7 0 0 0 9 20 35 0 0 0 0 0 0 0 0 0 71 0 0 0 0 0 -999
P7917 2080 7 0 0 0 0 0 0 0 0 0 0 0 0 0 18 0 0 0 0 0 0 0 0 0 0 0 0 0 0 0 0 0
P7917 2080 8 0 0 0 0 29 43 51 36 28 0 0 0 0 0 0 0 0 0 0 0 0 134 52 14 12 6 0 0 0 0 0
P7917 2080 9 0 0 0 0 0 0 0 0 17 111 147 39 37 31 0 0 0 0 0 0 0 6 22 39 13 8 5 0 0 0 -999
P7917 2080 10 0 0 0 0 0 0 0 0 0 0 0 1 0 0 0 0 5 0 0 0 0 0 0 3 17 32 28 0 0 0 0
P7917 2080 11 0 0 0 0 7 4 2 0 0 1 1 3 0 0 0 0 3 0 0 0 0 0 0 0 0 0 3 2 1 0 -999
P7917 2080 12 0 0 0 0 0 0 0 0 0 0 12 7 3 3 0 0 0 0 0 0 0 0 2 3 36 71 25 0 0 0 0
P7917 2081 1 0 0 0 0 0 0 0 0 0 0 0 0 0 0 0 0 0 0 4 23 24 5 0 0 0 7 0 0 0 0 0
P7917 2081 2 4 5 15 25 6 3 0 0 0 0 0 0 0 0 0 0 0 3 0 3 2 11 3 0 0 0 0 0 -999 -999 -999
P7917 2081 3 0 0 0 0 0 0 0 0 0 0 0 0 2 1 19 4 10 1 3 3 5 26 54 2 13 29 75 17 3 0 50
P7917 2081 4 24 3 0 0 17 0 0 0 0 0 0 0 0 0 0 0 0 0 0 0 0 10 14 10 7 0 2 3 4 10 -999
P7917 2081 5 6 0 0 0 0 0 3 1 0 0 0 0 0 0 0 0 0 0 0 0 0 0 0 5 4 16 21 38 20 4 0
P7917 2081 6 0 0 0 0 0 6 83 37 13 49 45 12 0 7 10 0 0 0 9 8 3 0 0 0 21 0 0 0 0 0 -999
P7917 2081 7 0 181 37 0 0 0 0 0 0 0 0 0 0 0 0 25 44 0 0 0 0 0 0 46 21 0 0 0 0 0 0
P7917 2081 8 0 0 0 0 0 0 0 0 0 0 0 0 0 0 93 76 0 0 0 0 0 0 0 18 48 27 0 0 0 0 0
P7917 2081 9 0 0 0 0 0 0 0 0 0 0 0 0 0 0 0 0 16 72 59 14 28 49 31 26 24 37 0 0 14 0 -999
P7917 2081 10 0 0 6 10 0 0 0 0 19 61 297 195 62 9 6 57 231 247 175 14 8 0 0 0 0 0 0 0 0 0 0
P7917 2081 11 8 0 5 45 39 0 0 0 0 5 25 6 0 0 4 4 14 24 3 5 34 2 3 0 0 0 0 0 1 3 -999
P7917 2081 12 1 0 0 3 8 5 2 8 19 0 0 0 0 0 0 0 0 0 0 9 12 14 2 0 0 2 3 6 3 0 0
P7917 2082 1 0 5 0 0 0 0 1 0 2 0 0 0 0 0 3 3 0 0 0 0 0 0 0 0 0 0 17 6 11 18 5
P7917 2082 2 0 0 0 0 2 2 0 0 0 0 0 2 0 0 0 0 0 0 0 0 0 0 0 0 0 0 0 0 -999 -999 -999
P7917 2082 3 0 0 0 1 3 0 0 0 7 10 4 0 0 0 0 0 0 0 3 9 0 23 8 1 3 0 0 3 4 3 23
P7917 2082 4 79 44 317 151 3 3 41 35 20 39 7 6 12 0 0 4 6 13 94 38 229 58 4 0 57 15 8 6 13 0 -999
P7917 2082 5 0 12 0 0 0 0 0 0 0 0 0 0 0 0 0 0 0 0 37 0 0 0 14 13 4 0 9 11 0 27 28
P7917 2082 6 0 0 18 21 21 19 20 21 11 25 0 0 0 8 0 25 33 25 14 0 41 52 25 0 0 45 0 0 0 0 -999
P7917 2082 7 0 0 23 0 0 0 0 0 0 0 0 0 0 0 0 0 0 0 0 0 0 0 0 0 0 0 0 0 0 0 0
P7917 2082 8 0 0 0 0 0 0 0 0 0 0 0 0 0 0 0 0 0 0 0 0 0 0 0 55 40 18 0 0 0 0 0
P7917 2082 9 0 45 24 99 134 0 0 0 0 0 0 0 0 0 0 0 0 0 0 5 37 98 26 8 8 8 0 0 6 0 -999
P7917 2082 10 0 0 0 0 0 8 8 0 0 0 0 0 0 4 0 0 0 2 5 4 3 3 0 2 0 7 0 0 0 0 0
P7917 2082 11 0 0 0 0 4 4 0 0 0 0 0 0 0 0 0 24 5 0 0 3 8 8 5 8 8 7 3 0 1 2 -999
P7917 2082 12 0 0 0 0 0 0 0 0 0 0 0 0 0 0 0 0 0 0 0 0 0 0 0 0 0 0 0 0 0 0 0
P7917 2083 1 0 0 0 0 0 0 0 2 2 2 0 0 0 1 23 25 33 28 10 177 142 117 62 14 4 4 3 8 0 7 4
P7917 2083 2 0 2 0 0 0 0 0 0 2 2 3 5 6 1 0 0 11 2 6 19 3 3 0 0 0 3 15 4 -999 -999 -999
P7917 2083 3 23 0 0 0 0 0 5 2 0 0 0 0 0 0 0 0 0 0 0 0 0 0 0 0 0 0 0 0 37 7 3
P7917 2083 4 8 21 18 3 0 0 0 0 0 15 3 0 0 0 10 22 0 8 13 3 3 4 3 0 0 0 0 0 0 0 -999
P7917 2083 5 0 0 100 12 31 8 18 13 22 71 0 29 24 32 21 26 0 0 8 0 0 28 11 8 25 13 12 9 0 0 0
P7917 2083 6 0 0 0 45 0 0 0 17 39 29 25 45 24 0 0 0 0 0 0 17 8 0 0 20 42 46 50 41 30 0 -999
P7917 2083 7 0 33 32 36 0 0 0 0 0 0 0 0 23 0 0 0 0 0 0 0 0 36 20 0 0 0 0 7 0 17 0
P7917 2083 8 0 30 0 0 0 0 0 0 0 0 0 0 0 0 0 0 0 0 0 0 0 0 0 0 0 0 0 0 0 0 0
P7917 2083 9 0 0 0 0 0 0 0 0 0 0 0 0 0 0 0 0 0 0 0 0 85 110 42 0 0 0 0 0 16 203 -999
P7917 2083 10 74 100 73 0 0 0 0 0 0 0 0 0 0 0 0 0 0 0 0 38 30 0 0 8 7 5 0 0 0 0 0
P7917 2083 11 0 4 5 7 7 9 7 8 21 2 0 0 5 8 4 0 0 2 2 0 0 0 0 2 2 0 0 0 0 0 -999
P7917 2083 12 0 0 0 0 0 0 0 2 0 4 5 4 3 0 0 8 9 5 0 0 0 0 0 0 0 0 0 0 0 0 0
P7917 2084 1 0 0 0 0 0 0 0 0 0 0 0 0 0 0 0 0 0 3 4 0 0 1 8 2 0 0 0 0 0 0 0
P7917 2084 2 0 0 0 7 7 0 0 0 0 0 0 2 2 4 0 0 0 2 4 2 2 0 8 17 9 7 23 2 -999 -999 -999
P7917 2084 3 0 37 21 42 125 161 176 127 47 83 104 138 56 9 1 3 16 25 5 1 1 0 0 6 16 0 12 18 5 13 21
P7917 2084 4 6 4 17 34 49 4 0 0 3 2 21 2 0 0 0 0 0 0 4 0 0 0 0 0 0 0 0 0 0 0 -999
P7917 2084 5 0 12 32 25 0 0 0 5 7 0 0 5 3 0 0 0 0 0 0 0 0 34 115 43 45 30 20 0 0 0 0
P7917 2084 6 0 0 0 0 0 0 0 0 15 14 6 10 66 28 20 0 0 0 0 0 0 0 0 8 49 15 0 30 0 0 -999
P7917 2084 7 0 0 0 0 0 0 0 0 0 0 0 0 0 0 0 0 0 0 34 0 0 0 0 0 0 0 0 0 0 0 0
P7917 2084 8 0 0 0 0 0 0 0 0 0 0 0 0 41 0 0 33 36 23 8 13 11 0 0 0 0 0 0 0 0 0 33
P7917 2084 9 27 18 17 0 0 0 0 0 29 26 18 22 29 0 0 0 25 43 15 0 0 0 0 6 0 0 0 0 0 0 -999
P7917 2084 10 0 0 0 0 0 0 0 0 0 0 0 0 0 0 0 5 6 0 11 8 5 0 0 3 3 0 0 0 0 0 0
P7917 2084 11 0 0 0 0 2 1 2 0 8 59 85 6 20 54 10 0 0 0 0 0 0 0 0 0 0 0 0 0 0 0 -999
P7917 2084 12 0 0 0 0 3 0 0 0 0 0 0 0 0 0 0 0 0 0 0 0 0 0 0 0 0 0 1 0 0 0 0
P7917 2085 1 0 0 0 0 0 0 0 0 0 0 0 0 0 0 0 0 0 0 0 0 0 0 0 0 0 0 3 0 0 0 0
P7917 2085 2 0 0 0 0 0 0 0 0 0 0 0 0 0 0 0 18 26 34 0 0 0 0 0 0 0 0 9 1 -999 -999 -999
P7917 2085 3 0 0 0 0 19 25 0 38 14 20 22 28 36 0 0 9 17 10 7 1 3 15 3 0 0 0 0 0 11 33 22
P7917 2085 4 2 0 3 1 0 0 0 0 0 2 0 0 0 0 6 4 0 0 0 0 0 0 0 0 0 3 4 2 4 4 -999
P7917 2085 5 8 9 3 20 21 0 0 0 0 14 24 16 9 4 4 0 0 3 8 8 4 0 0 0 0 3 0 0 0 0 0
P7917 2085 6 0 0 0 0 0 4 13 32 67 62 32 0 0 0 0 0 0 0 10 36 31 15 0 0 0 23 237 60 0 0 -999
P7917 2085 7 0 0 0 0 0 0 0 0 0 0 0 0 0 0 0 0 0 0 0 0 0 0 0 0 0 0 0 0 0 0 0
P7917 2085 8 0 0 0 75 0 0 0 0 0 0 0 0 0 0 0 0 0 0 0 0 0 0 0 0 0 0 0 0 0 0 0
P7917 2085 9 0 0 0 14 24 12 0 0 0 0 0 0 0 0 0 0 0 0 0 0 19 26 14 15 29 8 0 0 0 0 -999
P7917 2085 10 0 18 49 43 53 0 0 10 32 90 24 27 112 132 95 27 34 84 7 0 0 0 0 0 0 0 0 0 0 0 0
P7917 2085 11 0 2 17 36 5 0 0 0 0 0 0 0 0 0 0 0 0 0 6 5 3 6 1 6 25 5 3 0 0 0 -999
P7917 2085 12 2 1 1 0 0 2 0 0 0 0 0 0 0 0 0 0 0 0 0 0 0 0 12 28 49 24 5 4 3 0 3
P7917 2086 1 8 160 47 30 18 0 0 0 0 0 0 0 0 0 0 0 0 0 0 0 0 0 0 0 0 0 0 0 0 0 0
P7917 2086 2 0 0 0 0 0 0 0 0 0 0 0 0 0 0 0 0 0 1 1 0 6 0 0 0 3 3 3 3 -999 -999 -999
P7917 2086 3 0 0 0 0 0 0 0 0 0 0 1 0 0 0 0 0 0 0 0 0 0 0 4 0 0 0 0 0 0 0 25
P7917 2086 4 26 13 5 0 0 0 0 18 28 11 0 6 5 15 87 66 41 28 9 10 18 7 92 48 54 198 113 114 76 34 -999
P7917 2086 5 11 35 141 80 4 0 0 0 0 0 0 0 0 0 14 22 11 3 3 3 4 9 0 0 6 3 0 0 32 18 4
P7917 2086 6 0 0 0 0 0 0 0 0 0 0 0 0 0 0 0 0 0 0 0 0 0 0 0 0 0 0 66 49 29 0 -999
P7917 2086 7 0 0 0 0 0 0 0 0 0 0 0 0 0 0 0 0 0 0 0 0 0 0 0 0 0 0 0 0 0 0 0
P7917 2086 8 0 0 0 0 0 0 0 0 0 0 0 0 0 0 0 0 0 0 0 0 0 0 0 0 0 0 0 0 0 0 0
P7917 2086 9 0 0 0 0 0 0 24 24 0 0 6 99 37 0 0 6 6 9 23 21 0 6 9 22 0 0 0 7 5 0 -999
P7917 2086 10 0 0 7 0 0 0 0 0 0 0 0 7 0 0 5 13 25 65 43 21 8 0 0 14 11 15 3 0 0 0 0
P7917 2086 11 0 63 8 0 0 0 13 0 0 0 0 0 0 0 3 24 41 17 2 0 0 0 0 0 0 0 0 0 2 0 -999
P7917 2086 12 0 0 0 0 18 36 4 3 0 0 0 0 0 0 0 0 0 0 0 0 0 0 0 0 0 0 0 0 0 0 0
P7917 2087 1 0 0 6 5 5 0 0 0 0 0 0 0 0 0 14 14 2 0 3 0 0 0 10 55 11 12 0 28 50 7 0
P7917 2087 2 0 0 0 6 4 0 0 0 0 0 0 0 0 0 0 0 0 0 0 0 0 0 0 0 0 0 0 0 -999 -999 -999
P7917 2087 3 0 0 0 0 0 0 4 0 0 0 0 0 0 2 37 6 2 4 13 21 17 5 0 0 6 4 44 32 3 0 0
P7917 2087 4 0 0 0 0 3 1 0 0 0 0 0 0 0 0 0 0 0 23 13 0 0 0 13 0 0 0 31 0 0 0 -999
P7917 2087 5 0 9 20 0 29 30 38 48 48 79 13 0 0 0 0 6 4 0 0 0 0 0 0 5 0 9 11 5 5 0 0
P7917 2087 6 0 0 0 0 0 0 0 26 32 20 20 4 0 0 0 0 0 0 0 0 0 0 0 0 0 0 0 0 0 0 -999
P7917 2087 7 0 0 0 0 0 0 0 0 0 0 0 0 0 0 28 0 0 0 0 0 0 0 0 0 0 0 0 0 0 0 0
P7917 2087 8 0 0 0 0 0 0 0 0 0 0 0 0 0 0 127 26 0 0 0 0 0 13 9 0 0 0 0 0 0 46 0
P7917 2087 9 0 0 0 0 28 51 0 0 0 44 30 22 0 0 0 0 0 0 8 0 36 24 0 0 0 0 4 5 4 0 -999
P7917 2087 10 0 0 0 14 0 0 0 0 0 0 0 0 0 0 0 0 0 0 3 5 8 47 30 8 4 0 0 0 0 0 0
P7917 2087 11 0 0 0 0 0 0 3 4 0 3 0 1 0 0 0 2 0 0 0 0 0 0 0 0 0 0 0 0 3 26 -999
P7917 2087 12 28 14 7 7 0 0 6 8 4 0 0 2 1 0 2 1 2 2 1 3 2 0 0 0 0 0 0 0 0 0 0
P7917 2088 1 0 0 0 0 0 0 5 5 6 3 2 2 2 3 1 8 2 0 0 0 0 0 2 2 2 1 4 23 28 36 4
P7917 2088 2 0 0 0 0 0 0 0 0 0 0 0 0 0 0 0 0 4 32 25 9 0 7 0 0 0 0 0 0 -999 -999 -999
P7917 2088 3 0 0 0 0 28 16 7 5 3 0 0 3 4 3 5 109 33 5 17 9 0 0 0 0 0 0 0 0 0 0 0
P7917 2088 4 0 3 0 0 13 40 0 0 0 1 0 0 0 1 7 34 3 0 0 0 0 0 0 0 0 0 6 14 8 0 -999
P7917 2088 5 0 213 23 0 9 29 19 0 0 0 140 42 49 0 6 19 28 22 18 0 0 0 0 0 0 0 0 0 0 0 0
P7917 2088 6 0 0 0 0 0 0 0 0 0 0 0 0 0 0 0 0 0 0 0 0 0 0 0 0 0 28 23 0 0 0 -999
P7917 2088 7 0 0 0 15 0 0 0 0 0 0 0 0 0 0 0 0 0 0 0 0 0 0 0 0 0 0 0 0 0 0 0
P7917 2088 8 0 0 0 0 0 0 0 0 0 0 0 0 0 0 0 0 0 0 0 0 0 0 0 0 0 43 0 0 0 0 0
P7917 2088 9 0 0 0 0 0 0 0 0 0 0 0 73 0 0 0 0 0 0 0 0 0 0 24 0 0 0 13 0 0 0 -999
P7917 2088 10 0 19 0 0 6 25 8 0 0 0 0 0 3 3 0 0 0 0 0 0 0 0 0 0 0 0 0 0 0 0 0
P7917 2088 11 0 0 16 90 24 10 4 2 2 3 0 0 0 0 0 0 0 0 0 0 0 0 11 6 0 15 7 2 0 0 -999
P7917 2088 12 6 10 10 8 38 28 8 0 0 0 0 0 0 0 0 0 0 0 0 0 0 0 0 0 0 0 0 0 0 0 0
P7917 2089 1 0 0 0 0 0 0 0 0 0 0 0 0 0 0 0 0 0 0 0 2 1 3 13 2 0 2 0 0 0 1 1
P7917 2089 2 2 0 0 0 5 4 0 0 0 18 32 3 0 3 24 37 31 22 29 30 28 5 0 0 0 8 4 4 -999 -999 -999
P7917 2089 3 3 0 0 0 0 0 0 0 0 0 0 0 0 0 0 0 0 4 0 0 0 0 0 0 0 0 0 5 25 0 0
P7917 2089 4 0 0 2 0 0 0 5 3 5 42 4 0 0 0 5 32 38 10 25 103 168 10 0 0 0 91 105 290 102 10 -999
P7917 2089 5 6 10 0 0 0 0 0 17 24 16 0 0 0 0 0 0 0 0 0 4 0 0 0 0 0 0 0 0 0 19 27
P7917 2089 6 15 20 11 15 35 27 11 20 95 22 0 0 0 0 0 0 0 0 0 0 0 0 0 0 0 0 0 0 0 0 -999
P7917 2089 7 0 0 50 99 0 0 0 90 0 0 19 0 0 0 0 0 0 0 0 0 0 53 0 0 0 0 0 0 0 0 0
P7917 2089 8 0 0 0 0 0 0 0 0 0 0 0 0 0 0 0 0 0 0 0 0 0 0 0 0 0 0 0 0 0 0 0
P7917 2089 9 0 0 0 0 0 0 0 0 0 79 92 84 73 46 0 0 0 0 0 0 0 0 0 0 0 0 0 0 0 0 -999
P7917 2089 10 0 0 0 0 0 0 0 10 0 0 24 27 33 63 10 0 0 0 0 0 0 0 0 0 5 0 0 0 0 0 0
P7917 2089 11 0 0 0 0 0 11 4 0 0 0 0 0 0 0 0 3 1 3 1 7 32 62 41 0 0 0 0 4 5 1 -999
P7917 2089 12 0 0 0 0 0 0 0 0 0 0 0 0 0 0 0 0 0 0 1 2 2 0 0 0 0 0 0 0 0 3 3
P7917 2090 1 0 0 0 0 0 0 0 0 5 8 8 0 0 0 0 0 0 0 0 0 2 2 2 1 0 0 0 0 0 0 0
P7917 2090 2 0 9 30 22 0 0 0 0 0 7 11 2 4 4 2 3 2 0 0 2 5 2 0 0 0 3 20 33 -999 -999 -999
P7917 2090 3 3 0 0 0 0 0 4 18 26 1 0 8 11 0 0 0 0 0 0 0 0 14 15 4 11 5 0 0 0 0 22
P7917 2090 4 27 77 73 62 47 37 0 0 0 0 0 10 21 0 0 0 32 18 0 0 0 0 18 30 6 38 11 32 13 17 -999
P7917 2090 5 70 31 0 0 0 0 0 0 0 0 0 0 0 0 0 36 82 64 22 0 7 0 0 0 0 0 0 0 25 163 28
P7917 2090 6 0 8 18 97 42 9 7 20 20 36 29 0 0 0 0 0 0 0 0 0 0 6 0 41 18 12 8 33 45 136 -999
P7917 2090 7 39 0 0 0 0 0 0 0 0 0 0 0 0 0 0 0 0 0 8 13 6 0 0 0 0 0 0 0 0 0 0
P7917 2090 8 0 0 0 0 0 0 0 0 0 0 0 0 0 0 0 0 0 0 30 26 0 0 0 0 16 0 0 0 0 0 9
P7917 2090 9 16 18 0 0 18 11 7 0 0 11 0 0 0 0 0 0 0 0 0 0 0 0 8 4 0 0 0 5 13 11 -999
P7917 2090 10 0 16 17 0 0 10 26 32 7 0 0 0 0 0 0 0 0 6 0 0 0 0 2 0 0 0 0 0 0 0 2
P7917 2090 11 2 0 1 0 0 0 0 0 0 0 0 0 0 0 0 0 0 0 0 0 0 0 0 0 0 0 3 20 44 161 -999
P7917 2090 12 114 60 11 10 8 0 0 0 0 18 46 33 3 3 0 0 0 0 0 0 0 5 0 3 0 0 0 0 0 0 0
P7917 2091 1 0 0 0 0 0 0 0 0 0 0 0 0 0 0 0 0 0 0 0 4 0 3 0 0 2 3 5 38 7 0 0
P7917 2091 2 5 6 8 13 24 28 3 6 1 0 0 0 2 2 2 0 0 0 0 0 0 0 3 8 16 27 21 6 -999 -999 -999
P7917 2091 3 0 0 0 0 0 6 0 0 0 0 0 0 0 0 0 0 0 0 0 0 0 0 0 0 0 0 0 0 0 0 0
P7917 2091 4 0 0 0 0 0 0 0 0 0 0 0 0 0 0 0 0 0 0 5 25 32 4 4 10 301 48 3 0 27 0 -999
P7917 2091 5 0 4 16 5 20 59 35 8 0 0 7 12 5 7 4 5 3 3 0 0 0 0 0 0 0 0 0 0 0 0 0
P7917 2091 6 0 0 0 0 0 0 0 0 0 0 0 0 0 3 3 8 10 0 0 0 0 0 0 0 0 0 7 7 6 0 -999
P7917 2091 7 0 0 0 0 0 0 40 0 0 0 0 0 0 0 38 0 0 0 0 0 0 0 0 0 0 0 0 0 0 0 0
P7917 2091 8 0 0 0 0 0 0 0 0 0 0 0 34 17 0 70 35 0 0 0 0 0 0 0 0 0 0 0 16 21 0 0
P7917 2091 9 0 13 0 0 31 45 13 0 0 0 0 0 0 0 0 7 38 38 17 46 49 7 0 0 0 45 0 0 0 0 -999
P7917 2091 10 12 0 0 0 30 30 19 5 11 39 0 0 0 0 0 0 0 0 0 0 0 0 19 36 17 0 0 0 13 5 4
P7917 2091 11 3 1 2 13 2 4 14 39 3 3 7 32 27 9 0 0 0 2 1 0 0 0 0 0 0 0 0 0 0 0 -999
P7917 2091 12 0 0 0 0 0 0 0 0 0 0 0 0 13 65 9 6 0 0 0 2 0 0 0 0 0 0 0 0 0 0 0
P7917 2092 1 0 0 0 0 0 0 0 0 0 0 4 2 3 3 0 0 0 0 0 0 0 0 0 3 0 0 0 0 0 0 0
P7917 2092 2 0 0 0 0 1 4 3 0 0 0 0 0 0 0 0 0 0 0 0 2 0 3 0 0 0 0 0 0 -999 -999 -999
P7917 2092 3 0 0 0 0 0 0 0 0 0 0 0 0 0 0 0 19 14 36 31 0 0 0 0 0 0 0 0 0 0 0 0
P7917 2092 4 0 0 0 0 0 0 2 3 4 3 0 0 0 0 0 0 6 0 0 6 18 0 0 0 0 18 15 0 0 0 -999
P7917 2092 5 0 0 0 6 4 0 0 0 7 15 4 0 0 0 0 0 0 0 0 0 0 0 0 0 0 0 0 0 11 10 12
P7917 2092 6 18 45 43 13 0 0 0 96 9 0 0 0 0 71 24 30 19 30 34 0 0 0 0 22 0 79 111 23 0 16 -999
P7917 2092 7 0 0 0 0 0 5 0 0 0 0 0 0 0 0 0 0 0 0 0 0 0 0 0 0 0 0 0 0 0 0 0
P7917 2092 8 0 0 0 0 0 0 0 0 0 0 0 0 0 0 0 0 0 0 0 0 0 0 0 0 0 44 0 0 28 67 58
P7917 2092 9 0 0 0 0 29 0 0 0 0 0 0 0 0 0 0 16 23 38 26 29 26 7 37 87 38 34 19 0 0 18 -999
P7917 2092 10 35 32 0 0 0 0 0 0 0 12 21 6 0 0 0 0 0 0 0 0 0 0 0 0 0 0 0 0 0 0 0
P7917 2092 11 0 0 0 0 0 0 3 7 37 0 0 0 3 0 0 0 0 0 0 0 0 0 0 0 0 0 0 0 0 0 -999
P7917 2092 12 0 0 0 0 4 5 8 10 7 0 0 0 0 0 0 0 0 0 0 0 0 0 0 0 0 0 4 2 3 0 0
P7917 2093 1 0 0 0 0 0 3 18 12 5 2 0 0 2 0 0 0 0 0 0 0 0 0 0 0 5 0 0 0 0 0 0
P7917 2093 2 0 0 0 0 0 0 0 4 2 2 2 6 20 34 9 7 4 8 89 150 342 324 6 40 71 33 93 109 -999 -999 -999
P7917 2093 3 31 0 3 4 2 0 0 3 14 11 33 5 3 3 5 1 0 0 2 2 3 2 3 3 1 0 0 0 5 12 4
P7917 2093 4 0 0 0 0 0 0 0 0 0 1 0 0 19 19 0 16 24 22 7 0 0 0 23 4 0 0 0 0 0 5 -999
P7917 2093 5 5 0 2 3 10 12 3 7 20 46 15 0 0 0 0 0 0 0 0 0 0 0 4 0 0 0 0 0 0 0 0
P7917 2093 6 0 0 9 20 22 15 22 0 0 18 31 41 90 122 86 0 0 0 0 0 25 55 22 66 52 0 0 0 0 0 -999
P7917 2093 7 0 0 0 0 0 0 0 0 0 0 8 4 0 0 0 0 11 13 19 0 0 0 0 0 0 0 0 0 24 22 0
P7917 2093 8 0 22 0 0 0 19 0 0 0 0 0 0 0 0 8 14 20 0 18 20 49 125 21 0 22 25 44 66 11 0 0
P7917 2093 9 0 0 0 0 0 0 0 0 0 0 0 0 99 37 16 32 0 0 0 0 0 0 0 7 0 0 0 6 0 0 -999
P7917 2093 10 0 0 0 0 0 0 0 0 0 0 0 0 0 0 0 0 0 0 0 0 0 0 0 0 0 0 0 0 0 0 0
P7917 2093 11 2 0 0 2 19 4 0 0 15 20 8 0 3 0 0 0 0 4 4 3 0 0 0 1 3 2 0 0 0 0 -999
P7917 2093 12 0 0 0 13 0 0 0 0 0 0 0 0 3 0 0 0 0 0 0 0 0 0 0 0 0 0 0 0 5 8 0
P7917 2094 1 0 0 0 0 3 3 4 0 0 0 0 0 0 0 0 0 0 0 0 0 0 0 0 0 0 0 0 0 0 0 0
P7917 2094 2 0 0 0 0 0 0 0 0 0 0 0 0 0 0 0 0 0 0 0 0 0 0 0 2 0 0 4 28 -999 -999 -999
P7917 2094 3 14 0 2 3 7 7 15 4 3 19 0 0 5 2 0 0 8 0 0 0 0 0 0 0 0 0 0 0 0 4 0
P7917 2094 4 0 19 69 59 24 17 10 7 0 2 0 2 0 2 2 1 0 0 0 0 0 0 1 2 6 4 0 0 0 0 -999
P7917 2094 5 0 0 0 0 3 0 4 0 0 0 0 0 0 0 0 0 0 0 37 0 0 0 38 131 91 0 0 0 0 0 0
P7917 2094 6 29 0 13 18 15 16 29 29 18 0 0 0 0 0 0 0 0 0 5 0 0 0 0 0 0 0 0 0 0 0 -999
P7917 2094 7 0 0 0 0 0 0 0 0 0 0 0 0 0 0 0 0 0 0 24 0 0 198 154 82 37 0 0 0 0 0 0
P7917 2094 8 0 0 11 0 0 0 15 31 0 0 0 0 0 0 0 0 0 0 0 11 11 0 0 0 0 61 0 0 0 0 0
P7917 2094 9 0 0 0 0 0 0 0 0 0 0 0 0 0 0 0 0 0 0 0 0 42 120 72 51 20 17 8 5 17 72 -999
P7917 2094 10 21 18 11 3 5 0 0 0 0 0 0 0 0 0 0 0 0 0 0 0 5 7 0 0 3 10 4 1 0 0 0
P7917 2094 11 0 0 0 0 0 0 4 3 0 0 0 0 3 0 0 0 0 0 0 0 0 0 0 0 0 0 7 2 0 0 -999
P7917 2094 12 0 0 0 0 7 2 2 2 2 3 4 2 0 3 4 0 0 0 0 0 0 0 0 0 0 0 6 1 0 0 0
P7917 2095 1 1 3 4 0 0 0 1 1 2 0 0 0 0 0 2 3 9 2 2 2 1 2 1 0 1 1 2 3 2 3 2
P7917 2095 2 0 0 0 2 1 0 0 1 3 13 286 424 113 5 3 0 0 0 0 0 0 0 0 0 7 4 4 0 -999 -999 -999
P7917 2095 3 0 0 0 0 0 0 0 0 0 0 0 8 5 5 3 3 3 17 16 4 3 2 3 10 31 92 13 0 0 0 0
P7917 2095 4 3 2 2 0 0 9 3 2 2 1 3 0 0 0 0 0 9 5 0 0 0 0 0 0 0 0 0 0 0 20 -999
P7917 2095 5 8 3 6 0 0 3 0 0 0 0 35 11 4 0 0 0 0 0 0 0 8 6 6 0 0 0 6 0 19 7 11
P7917 2095 6 22 0 0 39 0 0 0 24 33 21 0 0 0 0 0 0 0 0 0 0 0 0 33 0 0 0 21 23 0 33 -999
P7917 2095 7 44 0 0 0 0 0 0 0 0 0 0 0 0 0 0 0 0 0 0 0 0 24 0 0 0 0 0 0 0 0 0
P7917 2095 8 0 0 0 0 0 0 0 0 0 0 0 0 0 0 0 34 78 45 41 0 0 0 0 0 0 0 0 23 15 0 0
P7917 2095 9 0 0 0 0 0 0 0 0 0 46 8 0 0 0 0 0 0 0 55 32 43 59 221 128 30 0 56 30 0 0 -999
P7917 2095 10 0 0 0 0 0 0 0 0 3 0 0 3 0 0 0 0 0 0 0 0 0 0 0 0 0 0 0 0 0 2 1
P7917 2095 11 0 3 18 49 8 0 0 5 21 1 2 2 2 0 0 0 0 0 0 0 0 0 0 0 0 0 0 0 0 0 -999
P7917 2095 12 0 0 0 0 0 0 4 0 0 0 0 0 0 0 0 0 0 0 0 0 0 0 0 0 0 3 3 0 0 0 0
P7917 2096 1 0 0 0 3 0 13 112 5 2 3 3 0 0 0 0 0 0 0 0 0 0 0 0 0 0 0 0 0 3 3 3
P7917 2096 2 4 0 8 5 0 0 0 0 0 0 0 0 0 0 0 2 2 2 2 0 3 7 45 5 5 4 10 17 -999 -999 -999
P7917 2096 3 3 3 7 16 29 17 6 9 145 8 0 2 0 1 0 0 0 0 0 0 0 0 0 0 0 2 9 2 2 3 3
P7917 2096 4 3 0 0 23 5 3 8 28 42 49 6 15 74 18 1 2 4 6 19 30 21 0 0 0 0 0 0 0 20 28 -999
P7917 2096 5 15 0 5 0 0 4 25 15 7 0 0 63 88 33 0 0 0 0 0 3 3 0 0 0 0 6 4 11 14 39 10
P7917 2096 6 4 0 0 19 41 0 0 0 0 0 7 8 0 0 0 0 0 0 0 12 22 31 0 24 26 20 17 94 0 0 -999
P7917 2096 7 0 67 32 0 0 0 0 0 0 0 0 0 0 0 0 0 0 0 0 0 0 0 0 0 0 0 0 0 0 0 0
P7917 2096 8 0 0 0 0 0 0 0 0 0 0 0 0 0 0 0 0 0 0 0 0 0 0 0 0 0 0 0 0 34 0 0
P7917 2096 9 0 0 0 0 0 0 8 25 0 6 26 10 0 0 9 0 0 0 0 0 0 0 0 0 29 73 78 26 0 0 -999
P7917 2096 10 0 0 0 0 0 0 0 0 0 23 37 31 0 0 0 0 7 33 51 36 13 0 0 0 0 0 0 0 4 9 24
P7917 2096 11 8 7 7 2 1 10 2 0 3 28 3 0 0 3 11 4 2 3 2 3 0 0 0 0 0 0 0 0 1 0 -999
P7917 2096 12 0 0 0 0 0 0 0 0 0 0 0 0 0 0 0 0 0 0 0 0 0 0 0 0 2 0 0 5 4 9 27
P7917 2097 1 11 0 0 0 0 0 0 0 2 0 2 2 0 0 0 3 3 0 3 1 0 0 0 0 0 0 0 0 0 0 0
P7917 2097 2 0 1 0 0 0 0 0 0 0 3 0 0 6 13 4 0 6 9 7 25 8 5 5 0 18 52 86 22 -999 -999 -999
P7917 2097 3 6 4 6 16 22 4 0 0 0 0 0 0 0 10 0 3 2 4 196 69 42 26 121 54 9 7 0 0 0 0 0
P7917 2097 4 9 0 0 0 3 4 3 0 0 2 0 0 0 0 0 0 0 0 1 2 2 5 15 3 2 1 13 0 0 0 -999
P7917 2097 5 0 0 0 0 96 43 35 0 0 0 0 0 0 0 0 8 3 0 5 8 3 0 0 0 0 0 0 14 25 12 15
P7917 2097 6 0 0 0 0 0 0 0 0 0 31 57 78 57 35 19 0 0 0 0 0 0 0 25 10 0 0 0 0 23 16 -999
P7917 2097 7 11 0 0 0 0 0 0 0 0 20 13 0 0 0 0 0 0 0 0 0 0 0 0 0 0 0 0 0 0 0 0
P7917 2097 8 0 0 0 0 0 0 0 0 0 0 0 0 0 0 0 0 0 0 37 0 0 0 0 0 0 0 0 0 0 0 0
P7917 2097 9 13 0 0 0 0 0 0 0 0 0 0 0 0 0 0 0 0 0 51 123 34 30 47 43 35 3 0 0 0 0 -999
P7917 2097 10 14 11 4 0 12 0 0 0 0 0 0 0 0 0 9 29 14 104 32 31 0 0 3 4 0 0 0 0 0 7 19
P7917 2097 11 16 0 0 1 5 0 0 0 0 0 0 9 32 8 3 3 3 0 0 0 10 8 6 0 0 0 0 0 0 0 -999
P7917 2097 12 0 0 0 3 4 3 0 0 0 0 0 0 3 4 50 24 13 1 1 3 2 3 2 0 0 0 0 0 0 0 0
P7917 2098 1 0 11 0 0 0 4 3 2 0 0 36 112 21 3 0 0 0 0 0 0 0 0 0 0 0 0 0 0 0 0 0
P7917 2098 2 0 8 76 31 65 9 3 3 6 14 24 2 2 2 5 9 7 3 0 4 4 6 0 9 30 45 7 3 -999 -999 -999
P7917 2098 3 0 0 0 0 0 0 0 3 3 0 0 0 0 0 0 0 0 0 6 10 14 0 0 0 0 0 0 0 0 0 0
P7917 2098 4 0 0 0 0 0 0 0 27 26 4 0 2 0 0 0 0 0 0 0 27 55 21 0 0 0 0 13 20 0 0 -999
P7917 2098 5 39 50 0 0 0 0 13 0 0 94 239 69 7 6 33 42 11 11 24 0 0 0 0 0 0 0 0 0 0 0 0
P7917 2098 6 0 0 5 15 14 10 9 0 0 0 21 0 0 93 60 24 18 0 0 0 0 16 28 12 0 0 0 0 0 0 -999
P7917 2098 7 0 0 0 0 31 58 40 0 0 0 8 5 0 0 0 0 0 0 0 0 0 0 0 65 43 0 0 0 0 0 0
P7917 2098 8 0 0 0 0 0 0 0 26 33 48 18 0 0 0 0 0 0 0 0 0 0 0 0 0 0 0 0 0 0 0 0
P7917 2098 9 0 0 0 0 0 0 0 0 0 0 0 0 0 0 0 0 61 120 24 8 0 0 0 0 16 0 0 0 0 0 -999
P7917 2098 10 0 0 0 11 19 6 12 0 0 0 0 0 0 0 0 8 3 17 10 32 33 33 34 11 0 3 0 0 3 2 3
P7917 2098 11 3 11 1 3 0 0 3 0 0 3 15 14 0 0 0 6 21 4 0 0 0 7 5 0 0 0 0 0 2 1 -999
P7917 2098 12 1 2 3 0 0 23 91 3 0 5 0 0 0 0 0 0 0 0 3 0 0 2 1 1 4 9 2 0 0 0 0
P7917 2099 1 0 0 0 0 0 0 0 0 0 0 0 0 0 0 0 0 0 0 0 0 0 0 0 0 0 0 0 0 0 0 0
P7917 2099 2 0 0 2 1 0 0 0 0 0 0 0 0 0 0 0 0 0 0 0 0 0 0 0 0 0 0 0 0 -999 -999 -999
P7917 2099 3 0 0 0 0 0 21 4 4 5 2 12 27 4 0 0 0 0 0 0 0 0 0 2 0 0 0 0 0 0 0 0
P7917 2099 4 0 0 3 0 0 0 0 0 0 0 0 0 24 18 6 0 0 0 0 0 9 0 0 29 36 52 4 0 0 3 -999
P7917 2099 5 0 0 0 12 130 17 0 0 8 12 6 11 0 12 24 28 44 56 47 35 0 15 154 18 0 0 0 0 0 0 0
P7917 2099 6 0 0 0 0 0 0 0 0 31 44 117 137 96 0 0 0 0 0 0 0 22 13 0 0 0 0 0 0 0 0 -999
P7917 2099 7 0 0 0 0 0 0 0 0 0 0 0 0 0 0 0 0 0 0 0 6 14 37 0 0 0 0 0 0 0 0 0
P7917 2099 8 0 0 0 0 0 0 0 0 0 0 0 0 0 0 0 0 0 0 0 0 0 0 0 0 0 0 0 0 0 11 0
P7917 2099 9 0 16 39 0 0 0 9 9 0 0 0 41 19 0 0 0 0 0 0 0 16 28 15 0 0 0 0 0 0 0 -999
P7917 2099 10 0 0 0 0 0 0 28 15 0 9 27 32 26 7 4 5 10 12 7 5 0 0 0 0 0 0 10 0 0 9 31
P7917 2099 11 2 6 13 12 3 2 2 0 0 0 0 4 46 3 0 5 10 18 36 23 25 5 0 0 0 0 0 0 0 0 -999
P7917 2099 12 0 0 0 0 0 5 0 0 8 7 9 6 6 7 0 0 0 0 0 0 0 0 0 0 0 0 0 4 3 5 15
P7917 2100 1 2 0 0 0 0 0 0 0 0 0 0 4 13 3 3 13 0 0 0 0 4 3 2 0 0 0 0 0 0 0 0
P7917 2100 2 0 1 4 3 0 0 0 0 0 0 0 0 0 0 0 0 0 0 0 0 0 0 0 0 0 0 0 7 -999 -999 -999
P7917 2100 3 0 0 0 20 28 16 0 0 0 0 0 16 2 3 12 3 0 4 0 33 37 27 26 0 0 0 0 30 3 0 3
P7917 2100 4 0 0 0 0 0 0 0 2 7 9 0 0 0 0 0 0 0 15 19 5 18 9 3 0 0 0 0 0 86 222 -999
P7917 2100 5 79 37 30 2 0 11 0 0 33 23 11 23 0 0 0 9 3 0 0 0 0 19 13 0 0 0 5 0 0 22 34
P7917 2100 6 74 47 17 0 0 0 0 0 0 0 0 0 0 0 0 0 0 0 0 0 0 0 0 0 0 0 38 9 0 0 -999
P7917 2100 7 0 0 0 0 0 0 0 0 0 0 0 0 0 0 0 21 21 17 0 0 0 0 70 32 21 0 0 0 29 0 0
P7917 2100 8 0 0 0 0 0 0 0 0 0 0 0 0 0 0 0 23 13 0 0 0 0 0 0 0 0 0 0 0 0 0 0
P7917 2100 9 0 0 0 0 0 0 0 0 41 0 0 0 0 0 0 0 0 0 0 0 0 23 36 13 8 8 12 0 29 0 -999
P7917 2100 10 0 2 0 0 0 20 47 53 5 0 0 6 16 4 1 0 3 2 0 2 8 2 0 2 3 0 3 25 12 4 2
P7917 2100 11 0 0 0 0 0 0 0 0 3 9 25 31 31 0 0 0 0 0 0 0 0 0 0 0 0 0 0 0 0 0 -999
P7917 2100 12 0 0 0 0 0 0 0 0 0 0 0 0 0 0 0 0 0 1 17 0 2 32 3 0 1 2 2 0 6 4 -999
