precip bcc-csm1-1 rcp60 RNEURONALES decimas 2
P12544 41.247 -0.011 128 geo 2006 2100 -1
P12544 2006 1 0 0 0 0 0 0 0 0 3 3 3 4 4 3 3 3 0 0 0 0 0 3 0 3 4 4 0 3 0 0 0
P12544 2006 2 0 0 0 3 3 6 6 9 3 3 3 3 4 5 3 3 3 3 0 0 5 3 3 3 3 3 0 0 -999 -999 -999
P12544 2006 3 0 0 5 5 0 4 4 0 0 4 3 3 3 3 3 3 3 59 0 0 0 0 0 0 0 0 0 3 4 4 7
P12544 2006 4 4 4 6 0 39 20 89 65 59 85 15 3 4 5 10 0 0 4 4 0 0 0 6 25 0 13 29 6 0 0 -999
P12544 2006 5 4 4 0 4 4 4 5 5 4 4 3 3 4 4 6 10 13 7 5 5 5 6 6 5 10 50 90 18 4 5 5
P12544 2006 6 6 4 6 14 11 10 6 6 0 0 0 0 0 0 0 0 0 0 0 0 6 16 0 0 0 0 0 29 27 46 -999
P12544 2006 7 120 137 91 45 23 41 54 0 0 0 0 4 0 5 0 0 0 0 0 0 0 7 51 60 93 0 0 0 0 0 5
P12544 2006 8 0 0 0 0 0 0 0 0 8 18 0 0 0 0 0 0 0 0 0 0 0 0 0 0 0 20 47 48 0 8 5
P12544 2006 9 0 0 0 0 0 8 9 36 5 5 4 0 0 15 31 56 84 43 7 6 0 0 0 0 0 0 0 0 12 18 -999
P12544 2006 10 5 4 6 7 4 13 14 0 0 0 0 0 0 0 0 0 5 0 0 0 0 0 0 0 0 0 12 0 0 0 0
P12544 2006 11 0 0 0 0 4 4 4 4 0 0 0 0 0 0 0 0 0 0 0 0 0 0 0 0 0 0 0 0 0 0 -999
P12544 2006 12 0 0 0 0 0 0 0 0 0 0 0 0 0 0 0 0 0 0 0 0 0 3 3 3 4 12 41 30 10 5 0
P12544 2007 1 0 0 0 0 0 0 0 0 0 0 0 0 0 0 0 0 0 3 4 4 3 0 0 3 3 3 4 4 4 8 3
P12544 2007 2 0 0 0 4 4 4 4 5 3 3 0 4 4 4 0 0 0 0 8 49 86 0 0 0 38 0 0 0 -999 -999 -999
P12544 2007 3 10 5 0 0 0 0 0 0 0 0 0 0 8 41 23 5 3 3 0 0 0 0 35 10 11 0 0 0 4 0 19
P12544 2007 4 0 11 4 4 4 4 4 3 0 0 0 6 4 4 3 4 3 4 5 4 4 5 9 7 3 4 4 4 4 3 -999
P12544 2007 5 3 0 3 4 4 3 4 6 7 4 4 4 10 14 7 4 3 4 3 4 4 0 0 0 0 0 0 4 9 12 45
P12544 2007 6 58 26 9 0 0 4 21 48 5 0 0 5 0 0 0 4 0 0 0 0 0 0 0 0 8 11 18 0 0 0 -999
P12544 2007 7 0 0 0 0 0 0 0 0 0 0 0 0 5 24 58 119 121 88 0 90 0 0 0 0 0 0 0 0 0 0 0
P12544 2007 8 0 0 5 8 56 43 23 29 0 0 0 0 9 14 15 23 53 111 136 133 110 62 25 17 6 10 15 12 16 0 0
P12544 2007 9 0 0 15 0 0 0 0 106 99 62 0 0 5 6 22 0 70 81 0 0 0 0 0 8 0 0 0 0 0 0 -999
P12544 2007 10 0 0 5 0 0 0 4 3 3 3 4 4 10 19 12 5 4 15 5 10 4 0 0 0 3 4 5 4 4 4 4
P12544 2007 11 0 0 0 0 0 0 0 0 4 4 7 7 0 0 3 0 0 0 3 3 3 4 5 27 94 6 3 0 3 3 -999
P12544 2007 12 0 0 0 0 0 0 0 0 25 56 8 5 12 22 0 4 8 5 4 5 4 5 4 3 0 0 0 0 4 0 0
P12544 2008 1 6 10 6 3 3 3 3 3 0 0 0 3 3 3 0 3 3 4 12 0 0 0 0 0 0 0 0 0 0 0 0
P12544 2008 2 0 0 0 0 0 0 0 0 0 0 0 0 0 0 5 0 0 0 0 4 0 0 4 5 4 0 0 0 -999 -999 -999
P12544 2008 3 0 0 0 0 0 0 0 4 0 0 0 4 0 3 3 3 3 0 3 0 3 0 3 3 3 3 3 3 0 4 3
P12544 2008 4 3 3 3 4 6 48 163 160 100 27 24 133 133 29 11 0 0 5 5 0 0 0 4 4 3 3 4 0 0 9 -999
P12544 2008 5 0 0 15 5 6 5 4 3 3 3 8 7 0 0 0 0 5 9 4 5 4 6 0 0 0 0 0 8 5 0 0
P12544 2008 6 8 11 40 8 7 6 6 0 0 0 0 6 10 11 4 4 22 88 60 6 7 18 0 6 9 101 39 61 20 18 -999
P12544 2008 7 13 16 18 32 33 32 13 12 4 5 5 0 5 5 4 4 4 9 6 0 0 0 0 0 66 100 85 15 0 0 7
P12544 2008 8 61 100 0 0 0 0 0 0 31 0 0 0 0 0 0 0 0 0 0 0 0 0 0 0 0 0 0 0 20 48 7
P12544 2008 9 0 0 5 24 5 0 0 0 0 5 5 72 152 162 71 0 0 0 16 0 4 15 0 0 0 5 7 7 6 14 -999
P12544 2008 10 4 4 4 4 4 6 11 0 0 0 69 9 4 4 5 12 7 4 0 17 8 5 3 4 3 3 0 3 3 3 3
P12544 2008 11 0 0 0 0 4 4 3 3 3 4 9 0 0 0 3 4 5 3 3 4 0 4 3 3 0 0 0 0 0 0 -999
P12544 2008 12 3 4 5 3 0 0 4 3 3 0 0 3 3 3 3 4 0 0 0 0 0 0 0 0 0 0 0 0 0 0 0
P12544 2009 1 0 0 0 0 3 3 29 22 0 4 14 8 3 4 3 3 0 3 3 0 0 4 4 6 8 0 0 0 3 4 3
P12544 2009 2 0 0 0 0 0 5 4 4 0 4 4 4 5 0 0 0 5 4 10 6 14 7 4 4 4 3 14 4 -999 -999 -999
P12544 2009 3 3 3 4 4 4 3 3 3 3 0 3 0 0 0 0 0 0 4 3 3 0 0 0 0 4 4 11 3 3 0 0
P12544 2009 4 0 0 0 0 4 0 3 0 0 0 3 4 3 4 3 0 0 0 0 5 41 0 0 3 5 5 8 10 0 0 -999
P12544 2009 5 0 0 0 0 0 0 0 0 0 0 0 0 0 0 0 4 14 7 8 6 5 9 41 18 11 0 0 0 0 0 0
P12544 2009 6 0 43 36 54 126 78 37 47 20 10 17 18 9 5 5 5 5 5 17 5 7 14 22 0 0 0 0 0 0 0 -999
P12544 2009 7 0 0 0 0 0 0 0 0 0 0 0 0 0 0 0 0 0 0 0 0 0 0 0 0 0 0 0 0 0 104 71
P12544 2009 8 9 9 0 0 0 0 0 0 0 0 7 9 30 53 24 11 20 21 0 0 0 0 0 0 0 0 8 8 0 0 0
P12544 2009 9 0 0 76 115 100 108 124 97 69 58 21 11 27 0 38 19 19 0 0 0 0 0 0 38 0 0 0 50 0 0 -999
P12544 2009 10 0 0 13 10 21 4 4 4 0 0 0 0 0 0 0 0 0 0 0 0 4 4 0 0 0 0 0 4 0 0 4
P12544 2009 11 0 0 0 0 6 7 0 5 4 4 4 4 3 0 3 0 0 0 0 0 0 0 0 0 0 0 0 0 0 0 -999
P12544 2009 12 0 0 0 0 3 3 4 4 0 0 4 3 0 0 0 4 6 4 0 0 0 0 0 0 4 4 3 3 3 3 4
P12544 2010 1 3 0 0 0 3 0 0 0 0 0 4 0 0 0 4 7 8 5 4 6 0 0 0 0 0 0 0 0 0 0 0
P12544 2010 2 0 0 0 0 0 0 0 0 0 0 0 0 0 0 0 0 0 0 0 0 0 5 0 0 0 0 0 0 -999 -999 -999
P12544 2010 3 0 0 0 0 0 3 3 4 12 48 6 0 0 0 0 0 0 0 0 0 4 3 4 5 4 4 5 5 0 0 0
P12544 2010 4 0 6 6 6 4 4 10 10 4 4 0 9 25 0 0 0 0 0 0 0 0 0 0 4 4 0 0 0 0 0 -999
P12544 2010 5 0 0 0 0 0 0 0 0 0 0 0 0 0 0 0 0 0 4 20 18 7 0 0 0 5 18 25 0 0 0 5
P12544 2010 6 31 23 30 0 23 0 0 0 6 7 11 7 6 7 32 4 4 7 14 67 10 7 0 5 5 0 0 0 0 0 -999
P12544 2010 7 0 0 0 0 0 0 0 0 0 0 21 24 94 104 133 148 98 116 14 4 6 17 31 0 0 16 10 46 12 13 25
P12544 2010 8 19 63 66 35 0 0 0 0 0 0 0 26 16 8 0 94 87 83 50 24 35 64 51 40 0 0 0 0 0 0 0
P12544 2010 9 0 0 0 0 0 0 29 23 17 11 15 13 7 0 0 0 0 0 0 26 53 107 46 43 41 36 9 9 0 0 -999
P12544 2010 10 22 46 0 0 0 0 0 0 0 0 4 0 0 5 7 4 0 0 0 0 0 0 12 5 0 5 10 93 67 0 0
P12544 2010 11 0 0 0 0 0 0 0 0 0 0 4 4 6 3 4 13 3 3 4 0 0 0 4 3 0 0 0 0 0 0 -999
P12544 2010 12 0 0 0 0 0 0 0 0 0 0 0 0 0 0 0 0 0 6 0 0 0 0 0 0 0 0 0 0 0 0 0
P12544 2011 1 0 0 0 0 0 0 0 0 0 0 0 4 39 0 0 0 0 0 17 52 0 0 0 0 0 0 0 0 0 0 3
P12544 2011 2 0 0 0 0 0 0 0 0 0 3 5 0 0 0 0 0 0 0 0 0 0 0 0 0 17 35 6 4 -999 -999 -999
P12544 2011 3 9 10 0 4 4 4 4 4 4 0 0 0 0 0 0 4 0 0 0 3 0 0 0 4 3 0 0 3 3 3 3
P12544 2011 4 3 3 3 4 4 5 19 19 4 5 6 3 3 0 0 4 0 0 0 0 0 0 4 3 3 4 3 0 0 0 -999
P12544 2011 5 0 0 0 0 0 0 0 12 0 0 0 0 11 7 0 0 0 0 0 0 0 5 6 7 9 15 11 5 0 0 0
P12544 2011 6 0 0 0 0 0 0 0 0 0 0 0 0 0 0 0 0 0 0 4 9 15 11 9 12 17 6 4 5 4 15 -999
P12544 2011 7 12 8 8 8 12 17 16 12 26 16 0 0 0 0 0 0 0 0 0 31 57 60 53 0 0 0 0 0 0 0 0
P12544 2011 8 0 8 40 8 33 50 0 0 0 0 0 0 0 0 0 0 0 0 0 0 0 0 7 8 13 31 45 32 11 67 0
P12544 2011 9 0 52 0 19 18 26 27 18 23 50 11 12 5 4 6 4 0 4 4 5 7 13 10 0 0 0 0 0 0 0 -999
P12544 2011 10 0 0 0 4 4 4 4 122 71 0 0 0 0 0 0 0 0 0 3 4 4 3 3 4 4 0 0 0 4 5 14
P12544 2011 11 4 4 12 4 3 3 4 4 5 0 0 5 3 0 0 0 0 0 0 0 3 4 4 15 117 7 4 3 4 3 -999
P12544 2011 12 3 3 4 0 0 0 0 0 0 0 0 0 0 4 3 4 4 3 0 0 0 0 0 0 3 4 5 83 11 4 0
P12544 2012 1 6 4 6 5 6 7 0 0 0 0 0 4 4 0 0 0 3 5 4 4 4 4 5 0 0 0 4 39 0 0 0
P12544 2012 2 0 0 0 0 0 0 0 0 0 0 0 4 0 5 0 4 8 5 4 0 0 0 3 3 4 0 5 0 -999 -999 -999
P12544 2012 3 0 0 0 0 0 0 0 0 0 0 0 0 5 4 3 3 3 0 0 0 0 0 3 3 3 3 3 4 0 0 0
P12544 2012 4 0 0 0 0 0 0 0 0 0 0 0 0 0 0 0 0 6 8 0 4 4 4 9 0 0 0 9 93 0 0 -999
P12544 2012 5 0 88 0 0 0 0 0 0 7 65 145 157 149 139 110 30 18 15 15 0 0 5 15 21 6 4 4 6 7 13 5
P12544 2012 6 0 0 0 4 21 23 4 6 0 0 0 0 0 0 8 0 0 0 0 0 0 6 16 16 53 21 9 10 23 12 -999
P12544 2012 7 7 13 10 0 17 41 0 48 97 56 13 6 0 0 0 4 8 39 0 0 0 36 42 84 74 0 0 0 0 0 0
P12544 2012 8 0 0 0 0 0 0 0 0 10 0 0 14 7 11 7 5 0 0 0 0 0 5 6 5 5 5 4 5 17 30 71
P12544 2012 9 0 0 0 0 0 0 0 0 5 5 27 6 8 135 0 155 141 16 11 0 62 64 73 92 99 73 51 51 0 0 -999
P12544 2012 10 50 17 24 25 38 59 0 0 0 48 112 58 0 0 0 0 0 0 0 0 31 42 22 23 88 6 0 0 3 4 6
P12544 2012 11 3 0 0 0 4 4 3 0 0 3 5 0 4 4 0 0 0 0 0 0 0 0 0 0 0 0 0 0 0 0 -999
P12544 2012 12 4 3 0 0 3 4 0 0 0 0 0 0 0 0 0 0 0 3 3 3 3 3 3 3 3 0 0 0 0 0 0
P12544 2013 1 0 0 0 0 0 0 0 0 0 0 0 0 3 3 4 0 0 0 0 0 3 3 3 3 4 4 56 0 0 0 3
P12544 2013 2 0 3 0 22 3 3 4 5 4 3 0 0 0 0 3 3 4 7 0 0 0 4 5 4 4 4 10 23 -999 -999 -999
P12544 2013 3 7 4 0 0 0 0 0 0 0 0 0 0 6 8 5 3 4 4 7 0 0 0 0 4 0 0 0 0 0 0 0
P12544 2013 4 0 12 8 7 8 41 15 5 0 4 0 0 0 0 51 64 0 0 17 19 87 158 106 22 8 16 0 0 0 52 -999
P12544 2013 5 13 20 0 0 0 0 0 0 0 13 6 5 5 0 0 0 0 9 44 5 5 8 5 5 4 6 4 0 0 0 4
P12544 2013 6 0 0 0 0 0 0 0 0 0 0 0 0 0 0 0 0 33 30 15 9 0 0 0 0 0 5 0 0 0 0 -999
P12544 2013 7 0 0 0 0 60 0 0 0 18 18 9 12 10 14 32 17 0 0 0 0 0 0 0 0 34 9 9 36 0 0 0
P12544 2013 8 0 0 0 0 0 0 0 0 0 0 10 26 37 20 30 21 11 0 0 0 0 0 0 56 49 57 85 0 88 76 83
P12544 2013 9 38 22 19 58 62 0 0 0 0 0 0 0 8 0 0 0 0 0 0 0 0 7 41 37 39 0 26 0 0 5 -999
P12544 2013 10 13 21 33 0 0 9 9 4 4 4 9 7 4 6 33 16 8 38 96 0 4 6 5 5 6 0 0 0 0 0 0
P12544 2013 11 0 0 3 5 0 0 0 0 0 0 0 0 4 4 3 4 0 0 0 0 0 0 0 0 4 3 4 4 6 0 -999
P12544 2013 12 0 0 3 4 5 4 12 0 0 0 0 0 0 0 0 4 8 58 9 0 0 0 0 0 0 0 0 0 0 3 3
P12544 2014 1 3 3 4 12 0 0 0 5 4 3 0 3 3 4 0 0 0 0 0 3 3 0 3 3 3 3 3 3 4 8 7
P12544 2014 2 4 114 67 20 8 29 49 10 0 0 0 0 0 0 0 0 0 0 0 0 0 0 0 0 0 0 0 0 -999 -999 -999
P12544 2014 3 0 0 0 0 0 0 0 0 0 0 3 3 0 0 3 6 0 0 0 0 4 116 135 58 6 0 0 0 0 0 0
P12544 2014 4 4 0 3 3 0 0 3 4 3 4 4 3 0 0 0 0 0 0 0 0 0 0 0 0 0 0 4 8 8 4 -999
P12544 2014 5 3 4 3 0 4 5 6 5 9 0 4 6 5 3 4 3 3 7 43 18 0 0 0 0 0 0 0 7 5 13 7
P12544 2014 6 12 4 3 4 10 21 14 0 0 0 0 0 0 0 0 0 0 0 0 0 0 0 0 9 9 0 0 0 15 10 -999
P12544 2014 7 12 12 19 16 53 49 27 30 31 17 12 6 0 0 0 26 54 54 0 0 28 64 71 17 28 0 0 0 25 10 59
P12544 2014 8 52 51 44 38 13 7 12 52 76 64 50 34 0 0 0 0 0 0 0 0 0 0 0 0 0 31 78 56 38 29 37
P12544 2014 9 33 28 49 92 82 0 0 0 0 0 0 0 0 0 67 137 126 107 94 97 31 0 0 0 7 0 0 0 0 0 -999
P12544 2014 10 0 0 0 0 0 0 0 0 0 0 0 0 0 0 0 0 0 0 0 0 0 5 14 4 0 5 4 0 0 0 0
P12544 2014 11 0 6 6 0 0 6 4 4 4 0 0 4 5 0 0 0 0 5 5 6 5 8 0 0 0 6 4 7 4 3 -999
P12544 2014 12 3 0 0 0 0 0 0 0 0 0 0 0 3 0 3 4 4 5 4 4 7 3 3 4 5 4 4 4 0 0 0
P12544 2015 1 0 0 0 0 0 0 0 0 0 0 0 0 0 0 0 0 0 0 0 0 0 0 0 0 3 4 4 3 3 3 3
P12544 2015 2 0 0 0 0 0 0 0 0 3 4 4 4 4 5 5 4 4 9 10 8 4 3 3 0 0 0 0 5 -999 -999 -999
P12544 2015 3 0 0 0 0 74 94 0 0 0 0 0 0 14 16 0 0 0 0 18 34 5 8 33 81 133 149 0 0 0 0 7
P12544 2015 4 5 12 0 0 10 0 0 0 0 6 12 7 4 3 3 4 3 3 3 3 3 3 4 11 20 4 4 0 0 0 -999
P12544 2015 5 8 13 5 4 9 13 0 5 12 9 7 0 0 0 0 0 0 0 0 0 0 0 0 0 0 0 15 0 0 15 28
P12544 2015 6 25 22 24 27 100 48 37 0 0 0 0 0 0 0 14 61 0 0 0 0 0 0 7 18 41 19 82 106 78 22 -999
P12544 2015 7 0 0 0 0 0 0 0 11 0 0 0 0 0 0 0 0 0 0 0 0 0 0 0 0 0 0 0 0 9 9 20
P12544 2015 8 67 57 58 32 46 0 0 9 66 128 42 0 0 0 0 0 0 0 0 0 0 0 0 0 0 0 0 0 0 0 0
P12544 2015 9 0 9 9 10 14 83 73 48 20 0 0 0 0 0 0 4 11 16 6 4 6 6 5 5 4 5 25 0 4 4 -999
P12544 2015 10 0 3 0 0 0 0 0 0 3 4 5 105 25 7 0 5 4 4 4 3 3 0 4 4 0 4 4 0 0 0 0
P12544 2015 11 0 0 0 0 0 0 0 0 0 0 0 4 0 3 3 0 0 0 0 0 0 0 0 0 0 0 0 0 0 0 -999
P12544 2015 12 0 0 0 0 0 0 0 0 0 0 0 4 3 3 3 0 0 0 0 3 3 4 0 0 4 4 3 3 3 3 3
P12544 2016 1 3 0 0 4 3 3 3 3 4 4 9 144 68 9 27 8 3 0 0 4 18 0 0 0 5 0 0 0 0 143 92
P12544 2016 2 65 61 0 0 0 3 4 0 0 0 0 3 3 3 0 0 0 0 0 0 0 0 0 0 0 0 0 0 -999 -999 -999
P12544 2016 3 0 0 0 0 0 0 0 0 0 0 0 0 0 0 0 0 0 3 0 0 0 0 0 0 0 0 0 0 0 4 5
P12544 2016 4 0 0 0 4 30 127 32 5 5 4 3 4 7 4 0 0 6 10 31 23 3 4 7 9 29 7 8 4 4 5 -999
P12544 2016 5 6 3 3 3 3 4 4 0 9 5 0 0 0 0 0 0 5 4 5 29 8 33 121 9 7 16 9 0 0 0 0
P12544 2016 6 4 9 27 54 69 7 5 7 17 43 69 0 18 0 12 54 34 61 15 0 0 0 14 13 23 19 33 44 9 7 -999
P12544 2016 7 0 0 0 0 0 0 0 0 0 0 0 0 0 0 0 7 9 8 0 72 61 40 37 55 93 75 0 0 0 31 73
P12544 2016 8 46 14 120 142 107 45 0 0 0 0 0 0 0 51 0 0 0 0 0 0 0 0 0 0 0 0 0 0 0 0 0
P12544 2016 9 4 7 9 17 78 0 0 0 0 0 0 0 0 0 0 0 0 0 0 0 0 0 0 0 0 0 0 5 36 64 -999
P12544 2016 10 0 0 0 0 0 0 0 0 0 0 0 0 0 5 4 3 3 3 4 4 8 5 3 4 8 73 16 5 4 4 4
P12544 2016 11 0 0 0 8 18 39 4 3 3 4 3 4 4 3 3 3 0 0 0 4 4 0 4 4 4 3 3 3 0 3 -999
P12544 2016 12 0 0 0 0 0 0 0 0 0 0 0 0 0 10 0 0 0 0 0 0 0 0 0 0 0 0 0 0 3 7 62
P12544 2017 1 0 0 4 44 7 3 0 3 3 3 5 0 0 0 3 0 0 0 0 0 0 0 0 0 0 6 0 7 4 0 0
P12544 2017 2 0 0 3 5 0 0 0 0 0 0 0 0 0 0 32 0 0 0 5 8 4 5 3 3 3 3 11 77 -999 -999 -999
P12544 2017 3 12 10 16 19 114 154 55 6 7 20 72 121 106 0 0 0 6 5 5 4 3 4 3 3 3 3 4 4 9 11 30
P12544 2017 4 42 21 32 6 5 0 7 73 4 4 27 19 20 6 4 4 4 4 10 0 0 5 4 4 4 4 4 4 4 6 -999
P12544 2017 5 4 4 0 3 3 3 4 4 3 3 3 0 0 4 8 6 0 0 0 0 4 10 8 46 24 4 3 0 0 0 5
P12544 2017 6 10 5 4 4 0 8 12 47 39 8 0 0 0 77 86 24 0 0 0 0 0 0 0 0 0 0 0 0 0 0 -999
P12544 2017 7 0 0 61 117 54 0 0 0 0 0 11 7 6 13 27 13 15 9 8 8 5 4 14 16 5 0 0 0 0 0 0
P12544 2017 8 0 0 0 0 0 0 0 0 6 36 7 4 0 0 4 37 102 33 9 0 23 0 0 0 0 0 0 8 55 141 152
P12544 2017 9 132 14 19 0 0 0 75 24 0 0 0 0 0 0 0 0 0 5 4 0 0 86 0 14 21 4 5 6 4 4 -999
P12544 2017 10 19 4 4 124 150 58 26 4 4 0 0 0 0 0 0 0 0 0 0 0 3 5 7 4 4 4 21 5 0 0 0
P12544 2017 11 4 9 0 0 4 3 0 3 5 5 5 5 0 0 4 8 0 3 3 0 3 0 0 3 4 0 0 0 0 4 -999
P12544 2017 12 0 3 0 0 0 0 0 0 0 0 0 3 3 3 3 3 3 4 0 0 3 4 3 0 0 0 3 3 5 4 4
P12544 2018 1 0 0 0 0 0 0 0 0 0 0 0 0 0 0 0 0 0 0 0 0 0 0 0 0 4 7 53 0 0 0 9
P12544 2018 2 67 75 9 50 5 6 4 4 4 0 0 0 10 13 39 43 0 0 0 0 0 0 0 0 0 0 0 10 -999 -999 -999
P12544 2018 3 0 0 0 45 53 36 63 26 0 0 4 7 4 3 0 0 0 0 0 5 6 3 3 3 3 3 4 3 3 3 3
P12544 2018 4 3 3 3 3 3 4 0 0 0 0 6 12 13 5 6 4 5 5 0 0 0 0 0 0 10 50 15 16 98 117 -999
P12544 2018 5 22 18 14 26 15 0 0 0 0 0 0 0 0 0 0 4 10 82 52 40 16 6 21 0 0 0 0 7 6 5 7
P12544 2018 6 5 6 0 0 0 5 10 11 11 0 0 0 0 0 0 0 0 0 0 0 0 54 0 0 9 19 0 8 72 0 -999
P12544 2018 7 0 0 0 0 0 0 0 0 0 0 0 0 0 0 0 0 0 0 0 25 0 0 0 11 64 25 0 0 6 7 21
P12544 2018 8 0 0 0 0 0 0 0 16 0 0 20 41 34 23 19 100 0 0 0 0 0 8 7 9 24 58 52 63 0 0 0
P12544 2018 9 0 0 0 40 109 119 97 85 41 0 0 0 0 0 0 0 0 0 0 0 4 13 7 10 0 0 0 0 0 0 -999
P12544 2018 10 0 0 0 0 0 0 0 0 0 0 0 0 0 0 0 0 0 0 0 8 10 18 96 154 101 64 28 8 8 7 4
P12544 2018 11 4 0 0 0 4 0 0 7 0 0 0 0 0 0 0 0 17 4 0 0 0 9 9 7 4 5 4 3 3 0 -999
P12544 2018 12 0 3 0 0 0 0 0 0 0 0 0 0 0 0 0 0 0 0 0 0 0 0 0 3 4 4 4 0 0 0 0
P12544 2019 1 0 0 0 4 3 4 4 3 4 3 3 3 3 3 3 0 0 0 0 0 0 0 0 0 0 0 0 0 0 0 0
P12544 2019 2 0 0 4 5 3 4 11 0 0 4 4 3 3 3 3 4 3 0 0 0 0 0 0 23 59 5 0 25 -999 -999 -999
P12544 2019 3 26 32 48 89 10 5 0 0 4 4 8 9 5 0 4 0 4 0 3 3 0 0 0 0 0 0 15 18 51 9 4
P12544 2019 4 0 0 0 0 0 0 0 0 0 0 0 4 3 0 0 0 9 0 0 0 0 4 3 3 3 4 3 5 6 3 -999
P12544 2019 5 4 4 4 5 3 4 5 0 6 19 4 4 9 11 0 4 0 0 0 5 16 0 0 5 11 0 3 3 4 0 0
P12544 2019 6 0 0 5 6 13 13 34 0 0 0 0 28 0 0 0 0 0 0 0 0 0 97 0 11 13 40 78 5 5 6 -999
P12544 2019 7 10 7 13 5 0 10 24 0 0 0 0 0 0 0 0 0 0 13 14 126 0 0 0 6 40 106 73 10 0 0 0
P12544 2019 8 63 73 73 36 23 0 0 0 0 0 0 0 0 0 42 35 125 67 13 10 20 9 0 0 0 0 50 0 43 48 33
P12544 2019 9 24 17 27 55 41 13 27 69 73 87 120 98 56 48 23 7 9 12 5 0 0 0 0 138 151 142 0 0 0 0 -999
P12544 2019 10 0 0 26 29 16 13 18 0 0 0 0 0 0 0 5 5 23 61 38 0 104 39 0 4 4 3 3 0 0 0 0
P12544 2019 11 4 4 0 0 4 3 3 3 0 0 0 0 0 4 4 3 0 0 0 0 0 0 0 0 0 5 15 16 9 5 -999
P12544 2019 12 0 0 0 0 0 0 0 0 0 0 0 0 0 0 3 3 3 3 4 130 146 9 4 3 3 3 3 0 0 0 0
P12544 2020 1 0 3 3 4 4 5 5 0 0 0 5 4 0 0 0 0 0 0 0 0 0 0 0 0 0 0 0 0 3 3 15
P12544 2020 2 3 3 3 3 3 0 0 0 0 0 0 0 0 0 8 31 121 144 143 94 71 0 28 76 27 0 0 0 -999 -999 -999
P12544 2020 3 0 0 0 0 0 0 0 0 0 0 0 0 0 5 16 62 76 0 0 0 0 3 4 7 6 4 3 0 3 3 0
P12544 2020 4 3 0 0 3 0 0 0 4 60 51 16 6 4 4 0 0 0 0 0 0 7 15 15 13 9 8 10 0 0 0 -999
P12544 2020 5 131 165 147 60 18 8 0 0 0 0 0 4 4 0 0 0 0 0 0 49 54 14 9 14 7 5 16 8 5 4 5
P12544 2020 6 9 0 0 0 0 7 18 5 4 0 0 0 0 0 0 0 0 0 0 0 7 8 8 6 27 66 0 0 126 105 -999
P12544 2020 7 0 0 0 28 31 82 0 92 132 123 36 9 69 0 0 0 0 28 27 25 15 0 0 0 0 0 0 0 115 83 81
P12544 2020 8 98 90 50 65 87 48 54 33 24 37 0 0 0 0 0 0 0 0 0 0 0 0 15 42 54 0 0 0 0 12 0
P12544 2020 9 31 14 14 20 20 11 0 0 16 0 0 0 0 11 32 27 15 8 4 10 4 0 0 0 14 10 0 0 0 0 -999
P12544 2020 10 11 12 16 88 65 0 0 0 0 0 0 6 8 0 0 0 0 0 0 0 0 0 10 7 4 4 6 20 19 5 0
P12544 2020 11 4 20 4 4 5 4 5 7 0 4 0 0 0 6 0 0 3 3 3 3 3 3 0 0 0 0 0 0 0 0 -999
P12544 2020 12 0 0 0 0 5 0 4 0 0 4 3 0 3 3 0 0 0 3 3 3 3 4 3 3 0 3 0 0 0 0 0
P12544 2021 1 0 0 5 0 0 0 0 0 0 0 0 4 0 3 4 3 3 5 4 4 0 3 3 3 3 3 4 3 3 3 7
P12544 2021 2 11 3 3 3 3 3 3 3 4 0 0 0 4 5 9 0 5 9 0 0 0 0 0 0 5 0 14 19 -999 -999 -999
P12544 2021 3 14 15 10 5 6 8 7 133 149 31 4 3 3 3 4 3 5 8 5 3 4 3 3 3 0 0 3 3 3 3 3
P12544 2021 4 3 4 4 7 3 0 0 4 3 3 3 3 0 0 4 4 3 4 4 4 5 0 0 7 28 121 8 4 4 4 -999
P12544 2021 5 7 0 0 3 0 4 6 4 3 3 4 3 4 4 4 4 0 0 0 6 0 0 0 26 35 7 8 10 4 10 10
P12544 2021 6 7 19 5 3 3 4 4 4 4 4 4 5 4 5 5 4 0 0 0 0 0 0 8 0 0 4 11 5 0 5 -999
P12544 2021 7 21 89 0 0 0 0 0 0 0 0 0 0 0 0 0 66 31 14 29 45 45 54 34 0 0 0 0 0 28 30 56
P12544 2021 8 54 0 0 0 0 6 44 24 20 11 6 8 0 0 34 0 0 0 0 0 7 0 0 0 7 6 11 26 50 15 5
P12544 2021 9 0 0 0 0 0 0 0 0 0 12 0 0 39 65 61 6 0 0 0 0 0 0 0 7 6 12 5 8 0 80 -999
P12544 2021 10 12 6 4 4 0 0 0 44 13 12 0 0 7 18 4 5 6 0 0 5 47 4 0 0 10 81 49 0 0 0 3
P12544 2021 11 3 4 3 3 4 5 5 7 9 0 0 0 0 0 0 0 0 0 0 3 3 3 0 5 0 0 0 0 0 0 -999
P12544 2021 12 0 0 0 0 0 0 0 4 0 0 0 0 4 0 9 32 6 4 5 3 4 4 3 3 3 3 6 4 4 3 4
P12544 2022 1 0 0 0 0 0 0 0 0 0 0 0 0 5 7 0 0 0 0 0 147 54 0 0 0 0 0 0 0 0 0 0
P12544 2022 2 0 0 0 0 0 0 0 0 0 3 0 0 0 0 0 4 0 0 0 0 0 4 4 4 4 3 3 3 -999 -999 -999
P12544 2022 3 3 3 0 3 3 3 0 0 0 4 0 0 0 0 3 0 0 0 0 0 5 10 16 5 6 0 6 49 0 0 0
P12544 2022 4 0 0 76 84 4 8 6 4 4 0 0 5 42 84 0 108 149 136 130 147 112 103 21 14 5 0 0 0 0 0 -999
P12544 2022 5 0 0 0 0 0 0 0 0 0 0 0 0 0 0 0 0 4 6 5 6 5 7 0 0 4 9 0 0 22 81 26
P12544 2022 6 0 0 0 0 0 0 5 15 90 29 89 67 0 0 50 29 30 64 56 0 0 0 0 0 0 0 0 0 0 0 -999
P12544 2022 7 0 0 0 0 0 0 0 7 0 15 16 0 0 0 55 70 26 15 8 8 0 0 0 0 0 0 0 0 0 0 0
P12544 2022 8 0 0 0 0 0 24 20 33 85 18 13 0 0 0 0 0 0 0 0 10 34 74 98 74 34 31 0 0 0 0 5
P12544 2022 9 4 6 5 10 10 0 4 0 0 0 0 0 0 0 0 0 0 0 0 5 4 13 29 133 108 91 66 105 28 0 -999
P12544 2022 10 0 0 0 9 33 96 0 10 12 5 0 0 3 5 6 0 0 0 0 6 21 23 0 0 0 0 5 20 10 0 0
P12544 2022 11 5 18 46 8 3 0 0 0 0 0 0 0 4 10 32 32 46 82 0 0 4 4 4 6 3 0 0 0 0 0 -999
P12544 2022 12 3 3 0 0 0 3 3 3 3 0 0 3 0 0 0 0 0 4 4 4 4 3 3 4 4 3 3 4 6 4 0
P12544 2023 1 0 4 42 48 40 26 96 6 5 4 4 6 13 21 21 0 0 10 7 6 0 0 0 0 0 0 0 0 0 0 0
P12544 2023 2 0 0 0 0 0 0 0 0 0 0 0 0 0 0 3 3 3 4 5 3 34 0 0 0 0 0 0 0 -999 -999 -999
P12544 2023 3 0 0 3 0 0 0 0 0 0 0 0 0 0 0 6 10 4 3 3 3 4 3 3 3 0 0 4 5 4 5 0
P12544 2023 4 0 0 0 0 0 0 0 3 4 7 14 0 0 0 0 27 36 148 166 0 15 55 51 55 9 0 0 0 0 0 -999
P12544 2023 5 0 67 57 19 4 3 5 4 5 3 4 0 6 13 26 30 0 9 8 7 18 13 4 4 4 4 6 5 16 26 11
P12544 2023 6 0 4 4 0 0 8 45 0 0 5 31 17 4 4 27 6 3 4 4 5 6 25 13 27 56 119 117 76 0 0 -999
P12544 2023 7 0 0 0 5 9 21 26 41 23 19 18 61 21 0 0 6 14 64 127 56 0 0 12 8 25 0 32 14 19 11 0
P12544 2023 8 0 0 0 0 0 0 0 6 5 8 0 0 0 8 5 5 4 0 0 0 0 0 0 0 0 0 0 0 0 0 0
P12544 2023 9 0 0 0 0 10 17 10 9 5 0 0 0 0 11 59 7 117 138 0 0 0 0 0 10 6 8 0 0 4 5 -999
P12544 2023 10 65 161 130 0 0 0 0 0 4 9 4 0 0 4 4 3 4 5 55 13 4 4 0 0 0 0 0 4 4 3 3
P12544 2023 11 10 0 0 0 0 0 0 0 6 4 5 8 4 0 0 0 0 0 0 4 3 0 0 0 0 0 0 0 0 0 -999
P12544 2023 12 0 0 5 6 0 0 0 0 0 0 0 0 0 0 0 0 0 3 3 4 3 3 0 3 3 0 0 0 0 0 0
P12544 2024 1 0 0 0 0 0 0 0 0 0 0 0 0 0 0 0 0 0 0 4 3 3 3 3 3 5 4 4 4 7 0 3
P12544 2024 2 0 3 0 3 7 155 0 6 20 133 6 5 3 3 0 0 0 0 0 0 0 0 4 0 0 0 0 0 -999 -999 -999
P12544 2024 3 0 0 0 0 0 3 4 15 35 6 17 86 6 8 65 0 31 20 10 20 11 6 0 0 0 0 0 0 0 6 14
P12544 2024 4 24 13 7 4 4 3 3 4 3 3 4 0 0 0 0 0 4 0 0 0 4 11 5 0 0 0 0 0 0 4 -999
P12544 2024 5 5 5 4 9 17 6 11 12 8 7 5 5 4 4 4 4 4 4 0 0 0 0 15 12 6 11 6 5 4 4 3
P12544 2024 6 0 0 4 0 0 0 0 0 0 0 0 5 6 38 10 17 31 12 18 66 0 0 0 0 0 0 0 6 33 110 -999
P12544 2024 7 0 0 0 0 0 0 0 0 0 0 0 8 5 10 65 70 0 0 0 0 0 0 0 23 4 23 0 0 0 0 0
P12544 2024 8 29 21 15 10 6 5 0 0 0 45 31 9 10 5 7 21 22 0 0 5 0 0 0 0 0 0 22 25 21 0 0
P12544 2024 9 0 0 0 0 0 0 0 0 0 0 0 0 0 0 0 0 7 38 72 22 11 12 44 20 3 4 4 6 13 7 -999
P12544 2024 10 5 16 40 5 40 32 16 0 0 0 0 0 0 0 0 0 0 4 0 0 0 0 0 0 0 0 0 0 3 4 6
P12544 2024 11 4 4 4 4 22 19 3 0 0 0 3 4 4 10 149 4 4 0 0 0 0 0 0 0 0 0 0 0 18 22 -999
P12544 2024 12 6 4 4 3 0 0 3 0 0 3 3 3 4 7 0 0 0 0 4 0 0 5 3 3 0 0 0 0 0 0 0
P12544 2025 1 4 0 0 3 5 19 52 5 3 0 3 0 0 3 0 0 0 3 3 0 0 0 0 0 0 0 0 4 3 3 0
P12544 2025 2 3 3 3 3 3 3 3 5 4 4 5 28 32 0 59 14 0 0 5 0 0 0 0 0 0 0 0 0 -999 -999 -999
P12544 2025 3 0 3 6 3 0 0 0 18 18 18 0 0 0 0 0 0 0 0 0 0 0 0 0 0 0 0 0 4 7 0 0
P12544 2025 4 0 0 0 0 4 0 0 0 0 0 0 4 0 0 34 0 0 38 24 0 0 5 0 0 0 0 0 7 5 0 -999
P12544 2025 5 0 0 5 4 3 4 0 0 0 0 0 0 9 4 3 4 5 7 15 6 4 27 28 4 4 4 4 4 25 6 4
P12544 2025 6 4 4 5 13 4 0 0 4 7 81 32 0 0 0 0 10 0 0 0 0 0 0 0 0 0 0 0 0 0 0 -999
P12544 2025 7 0 0 0 0 0 0 0 0 0 0 0 0 6 9 12 9 0 0 0 0 0 0 0 0 0 92 0 0 0 0 0
P12544 2025 8 0 6 12 5 0 4 0 0 0 0 8 30 27 24 75 131 107 50 13 24 45 28 12 0 0 0 0 0 0 0 0
P12544 2025 9 0 0 0 0 0 0 5 24 5 4 4 8 4 0 5 20 43 8 22 58 0 0 19 24 34 54 0 8 4 0 -999
P12544 2025 10 0 0 0 0 0 4 5 13 5 0 0 5 0 0 0 0 35 91 16 4 13 8 5 0 0 0 0 3 3 3 6
P12544 2025 11 7 4 4 4 4 3 3 9 7 18 11 4 4 6 4 3 3 0 0 0 0 0 0 0 0 0 0 0 0 0 -999
P12544 2025 12 0 0 0 0 0 0 3 0 3 0 3 4 3 0 3 4 0 3 4 7 3 4 6 6 3 7 35 77 4 0 4
P12544 2026 1 4 5 0 0 0 0 0 0 0 0 0 0 0 0 0 0 3 0 3 3 3 3 3 6 0 0 0 0 0 0 0
P12544 2026 2 0 0 0 0 0 0 0 0 0 0 0 0 0 3 0 3 6 9 0 0 5 0 0 0 0 0 0 0 -999 -999 -999
P12544 2026 3 0 0 0 5 5 18 9 7 0 0 0 0 0 5 4 4 0 12 0 0 0 0 17 36 4 3 3 3 4 3 3
P12544 2026 4 4 0 3 4 4 3 3 3 3 3 3 3 4 0 0 0 0 0 0 0 0 0 0 0 0 5 5 0 5 8 -999
P12544 2026 5 5 4 4 4 0 0 0 0 0 12 7 7 9 15 5 0 0 0 0 0 0 0 0 0 3 4 6 5 5 5 4
P12544 2026 6 5 0 0 0 0 0 0 0 0 0 0 0 0 0 0 7 4 15 57 44 33 15 36 54 11 0 0 0 0 0 -999
P12544 2026 7 0 0 0 0 0 12 57 0 0 19 41 80 49 29 27 37 10 38 21 0 0 0 0 0 19 0 0 15 0 0 0
P12544 2026 8 0 0 0 5 13 45 0 17 34 0 0 0 0 0 0 32 34 0 0 0 0 0 0 0 0 26 66 17 9 28 47
P12544 2026 9 47 41 5 4 0 0 0 5 0 0 0 0 0 29 20 0 0 37 27 18 35 27 45 119 150 117 0 0 0 0 -999
P12544 2026 10 0 6 54 0 7 0 0 0 0 0 0 0 0 0 0 4 5 5 0 0 3 0 0 0 0 0 0 4 4 4 4
P12544 2026 11 4 3 3 3 4 5 4 4 5 14 3 4 4 4 4 5 4 3 0 0 0 0 0 0 0 0 0 0 0 0 -999
P12544 2026 12 0 0 0 0 0 0 0 0 0 0 0 0 0 0 5 14 14 4 3 4 4 3 4 0 0 0 0 0 0 0 0
P12544 2027 1 0 0 0 3 3 3 3 3 0 0 5 3 3 0 0 24 30 4 3 3 3 3 0 0 0 4 4 4 5 11 0
P12544 2027 2 0 0 0 0 0 0 0 0 0 0 4 10 0 0 0 0 0 4 6 4 3 4 4 4 0 3 0 0 -999 -999 -999
P12544 2027 3 0 3 3 3 3 0 0 0 4 0 0 0 0 0 0 0 0 4 4 28 47 9 10 22 3 4 3 0 0 0 0
P12544 2027 4 0 0 0 5 4 4 4 11 0 0 0 0 4 16 22 0 0 4 13 0 0 5 7 0 0 0 0 0 0 5 -999
P12544 2027 5 6 26 19 11 5 4 5 8 13 41 90 10 13 38 0 4 0 0 0 0 8 33 14 0 0 12 0 0 0 0 0
P12544 2027 6 5 11 4 5 9 4 0 0 0 0 0 0 22 0 0 26 20 5 6 12 36 0 0 9 4 5 7 6 3 5 -999
P12544 2027 7 5 6 6 4 4 15 17 0 0 0 18 19 0 0 0 0 0 37 6 4 7 0 0 0 0 0 0 0 0 0 0
P12544 2027 8 0 0 0 0 0 0 0 0 0 0 0 0 0 19 43 40 28 25 15 5 4 0 0 0 0 0 0 0 0 0 0
P12544 2027 9 0 0 0 0 0 0 0 0 0 0 0 0 7 5 7 13 94 145 0 0 0 0 0 0 90 34 13 12 0 4 -999
P12544 2027 10 6 10 8 0 8 6 13 6 0 0 0 5 7 41 0 0 4 13 0 0 3 4 7 18 10 0 0 0 0 0 0
P12544 2027 11 3 4 0 3 4 3 0 0 0 3 5 37 0 0 0 0 0 0 0 0 3 3 4 4 4 3 3 3 3 0 -999
P12544 2027 12 0 0 0 0 0 0 0 0 0 0 0 0 0 4 4 4 3 3 0 0 0 0 0 0 0 0 0 0 0 0 0
P12544 2028 1 0 0 0 0 0 0 0 0 0 0 0 0 0 0 0 0 0 17 55 0 0 0 0 0 0 0 0 9 0 0 0
P12544 2028 2 0 24 30 5 5 9 6 5 7 4 5 7 5 4 3 4 4 3 3 3 0 3 4 0 0 0 0 0 -999 -999 -999
P12544 2028 3 0 0 0 0 3 0 0 0 0 0 5 5 6 3 4 0 0 0 0 0 0 0 0 0 3 3 3 0 0 0 0
P12544 2028 4 0 3 0 0 0 0 0 0 4 10 4 0 0 0 4 0 5 6 19 56 39 0 0 0 0 0 0 0 0 0 -999
P12544 2028 5 0 4 19 12 11 70 14 22 19 4 4 8 4 5 12 15 20 7 5 8 20 0 4 16 4 4 0 4 4 0 4
P12544 2028 6 6 6 3 4 17 32 121 52 45 0 0 0 0 0 0 12 0 49 0 8 0 0 0 0 0 8 7 32 59 13 -999
P12544 2028 7 5 5 7 7 14 15 5 4 0 0 7 8 5 5 0 0 0 0 0 5 27 0 0 5 11 72 55 81 75 37 10
P12544 2028 8 9 0 6 0 0 0 0 0 0 0 0 0 0 0 0 0 0 0 0 0 14 0 29 15 26 19 13 0 0 0 18
P12544 2028 9 0 0 7 0 9 0 7 42 0 0 0 34 0 8 11 60 0 0 10 11 8 67 60 9 11 17 11 19 114 35 -999
P12544 2028 10 70 50 19 0 0 7 0 0 14 7 32 8 4 5 16 0 4 6 4 19 0 0 0 0 0 0 0 0 0 0 0
P12544 2028 11 0 0 4 5 7 5 0 0 0 0 0 0 5 4 3 0 0 3 3 0 3 3 0 0 0 0 0 3 3 3 -999
P12544 2028 12 3 0 0 4 4 0 0 0 0 0 0 0 18 92 0 0 13 27 4 4 5 4 3 3 3 3 4 4 0 8 4
P12544 2029 1 0 0 3 4 4 0 0 5 4 5 4 5 4 3 0 3 4 15 10 0 0 0 0 0 0 0 0 5 4 4 4
P12544 2029 2 3 3 3 3 3 0 0 0 0 0 3 0 0 3 0 0 0 0 0 0 0 0 0 0 3 0 4 4 -999 -999 -999
P12544 2029 3 11 7 7 9 8 11 5 4 5 7 3 0 0 3 0 0 0 0 3 4 4 3 0 0 0 0 0 0 0 0 4
P12544 2029 4 6 43 5 9 0 4 6 0 0 0 0 0 0 4 7 4 4 4 4 0 0 0 0 0 0 3 5 4 3 13 -999
P12544 2029 5 5 4 4 4 5 3 4 7 4 4 3 0 0 0 0 8 0 10 13 20 20 0 0 0 6 4 4 5 5 0 13
P12544 2029 6 26 116 132 101 0 0 0 0 0 0 0 0 0 0 0 0 0 0 0 0 0 0 0 0 0 0 0 0 0 0 -999
P12544 2029 7 0 0 0 0 0 0 0 0 0 25 0 0 0 0 73 133 129 80 25 21 16 29 80 11 9 0 0 8 7 11 31
P12544 2029 8 23 21 83 76 14 50 23 12 19 45 24 0 0 0 0 0 10 10 0 0 0 0 0 0 27 75 97 104 67 78 123
P12544 2029 9 124 80 37 0 0 0 0 0 13 14 8 11 35 0 0 0 4 6 6 6 20 85 29 4 7 8 30 78 37 0 -999
P12544 2029 10 0 0 0 0 0 0 8 5 8 0 0 0 0 0 0 0 0 4 5 0 0 0 0 0 3 6 0 0 52 38 14
P12544 2029 11 0 0 0 0 0 0 0 0 0 0 0 0 0 0 0 0 4 4 0 0 0 0 5 4 0 0 4 3 3 0 -999
P12544 2029 12 0 0 4 5 4 3 0 3 4 3 0 0 0 0 0 0 3 3 0 0 0 3 4 6 12 4 4 4 4 4 0
P12544 2030 1 0 0 0 0 0 4 4 7 6 6 8 9 0 0 3 4 4 0 0 0 3 0 0 0 3 0 0 4 14 0 0
P12544 2030 2 0 4 4 5 3 4 0 3 0 0 0 0 0 0 0 5 5 15 40 0 0 3 3 0 0 4 0 0 -999 -999 -999
P12544 2030 3 12 0 0 0 0 0 0 0 0 0 0 0 0 0 0 0 0 4 5 44 0 0 0 58 141 152 77 5 4 4 3
P12544 2030 4 4 14 13 11 0 0 0 4 4 6 5 14 11 14 16 8 6 4 4 119 69 54 19 14 5 13 121 0 3 3 -999
P12544 2030 5 3 0 0 4 0 0 0 0 0 5 5 4 4 4 11 19 6 4 4 5 0 4 6 7 8 93 84 0 0 0 6
P12544 2030 6 0 0 0 0 0 6 6 5 7 40 110 110 75 18 93 145 53 125 62 5 5 6 31 17 0 0 0 0 0 0 -999
P12544 2030 7 0 0 0 12 10 0 0 0 0 0 0 0 0 0 0 14 68 32 0 13 0 0 0 8 0 0 0 0 0 0 0
P12544 2030 8 0 0 11 32 101 125 41 0 18 0 0 0 0 12 23 0 0 0 0 0 0 0 0 0 0 54 108 110 87 69 53
P12544 2030 9 57 84 96 133 0 0 0 16 7 14 24 79 55 18 7 19 11 7 5 4 5 6 12 4 0 6 4 8 4 4 -999
P12544 2030 10 0 0 0 0 7 5 8 8 31 39 9 4 4 5 3 3 0 4 17 14 11 9 4 4 6 0 0 4 12 104 93
P12544 2030 11 60 60 30 26 39 33 4 3 3 4 5 3 3 3 3 3 4 5 4 3 5 4 7 4 3 4 0 4 5 4 -999
P12544 2030 12 0 0 0 0 3 3 5 0 0 3 3 4 0 0 0 0 0 0 0 0 0 0 0 0 0 0 3 4 0 4 3
P12544 2031 1 3 0 0 4 6 23 0 3 4 12 4 4 4 4 22 5 0 0 4 0 0 0 0 0 0 0 0 0 0 0 0
P12544 2031 2 0 0 7 0 0 0 0 0 9 9 0 0 17 13 0 0 0 122 34 0 0 0 4 5 0 4 7 0 -999 -999 -999
P12544 2031 3 0 0 4 3 3 3 4 3 3 4 4 3 3 3 0 0 4 0 3 0 0 0 0 0 0 0 0 0 0 5 21
P12544 2031 4 5 4 5 4 3 4 5 4 4 4 11 5 6 6 0 0 0 0 0 0 0 0 0 0 0 0 0 0 0 0 -999
P12544 2031 5 0 4 21 8 6 13 44 0 0 0 6 9 24 29 15 31 21 18 60 0 0 0 0 0 0 0 7 11 31 0 0
P12544 2031 6 0 0 0 0 0 0 66 10 10 0 0 0 0 0 5 5 15 102 103 80 0 0 0 54 23 0 0 24 28 45 -999
P12544 2031 7 68 0 56 23 135 134 0 0 0 0 19 11 106 51 8 4 4 6 9 24 24 9 7 11 11 51 0 0 0 0 0
P12544 2031 8 0 0 0 0 0 0 0 0 7 41 5 6 9 4 4 6 0 0 0 0 0 0 15 11 7 0 49 42 43 35 0
P12544 2031 9 0 4 29 8 27 73 0 0 4 34 138 64 0 0 0 0 0 27 109 66 15 13 21 42 7 10 4 5 3 0 -999
P12544 2031 10 0 0 5 0 0 4 5 10 15 38 0 0 81 116 132 129 48 0 0 16 12 12 0 0 7 0 0 6 5 4 7
P12544 2031 11 0 0 3 3 4 15 15 4 0 0 4 8 7 9 10 4 3 4 5 6 5 3 3 0 4 6 47 92 4 3 -999
P12544 2031 12 4 6 4 3 4 3 4 7 10 5 0 0 0 0 0 0 0 0 3 0 11 23 8 4 16 3 3 3 3 3 0
P12544 2032 1 0 0 4 4 5 4 3 3 4 0 0 6 10 13 15 10 0 0 0 3 0 0 0 0 0 3 0 3 3 3 3
P12544 2032 2 4 0 0 0 3 0 0 0 0 0 8 4 0 0 0 0 0 0 0 0 0 0 0 0 0 0 0 6 -999 -999 -999
P12544 2032 3 17 0 0 21 0 0 0 0 0 3 3 0 0 4 0 0 0 0 0 0 0 0 0 0 0 0 0 0 0 4 13
P12544 2032 4 4 4 3 3 4 6 41 55 3 3 4 0 0 7 10 4 5 5 0 0 0 0 5 29 53 41 0 0 0 0 -999
P12544 2032 5 4 4 6 8 0 0 0 0 0 0 0 16 12 22 7 4 5 4 6 6 7 0 4 5 4 5 5 7 8 8 10
P12544 2032 6 22 60 0 0 31 49 42 9 6 24 65 61 100 116 129 117 29 8 12 21 16 0 6 6 5 0 0 0 0 0 -999
P12544 2032 7 0 0 20 0 0 0 52 72 24 15 0 0 0 0 0 34 68 0 0 0 0 0 16 23 23 18 42 34 39 78 0
P12544 2032 8 0 69 60 37 0 0 0 0 0 0 0 0 0 0 0 0 0 0 0 0 0 19 74 0 0 0 44 31 0 25 0
P12544 2032 9 0 0 26 20 16 51 72 0 0 0 18 19 7 5 7 20 33 24 51 86 108 93 67 0 0 0 0 0 0 0 -999
P12544 2032 10 0 0 17 54 95 0 0 4 12 4 0 4 5 5 5 6 3 0 0 0 6 4 19 8 6 0 0 6 5 5 3
P12544 2032 11 0 0 3 3 4 0 0 0 0 0 0 0 0 0 0 0 0 0 0 0 0 0 3 3 3 0 3 0 3 4 -999
P12544 2032 12 9 4 3 0 0 0 0 0 0 4 0 0 0 0 0 0 0 0 0 0 0 0 0 0 0 0 0 0 0 0 0
P12544 2033 1 0 3 3 3 4 3 6 3 3 3 3 4 5 5 3 4 11 23 5 0 0 0 0 0 3 3 5 6 4 4 4
P12544 2033 2 0 0 0 0 4 4 4 5 6 6 4 4 3 0 0 0 0 0 4 4 0 0 0 3 3 0 0 0 -999 -999 -999
P12544 2033 3 3 0 0 0 0 0 0 0 0 3 4 15 29 0 0 0 0 0 0 0 4 4 4 0 0 0 3 4 6 4 0
P12544 2033 4 0 0 0 5 46 146 149 109 64 20 33 23 12 7 5 12 36 5 4 3 4 5 6 3 3 3 4 0 10 9 -999
P12544 2033 5 4 0 6 6 5 5 0 3 3 0 4 4 4 9 5 4 4 7 3 3 5 4 0 4 0 0 0 0 0 0 0
P12544 2033 6 0 0 7 5 11 0 0 0 73 0 0 52 41 17 0 81 0 0 0 0 27 17 0 0 0 0 0 16 8 0 -999
P12544 2033 7 5 6 72 97 37 0 0 0 0 0 0 0 0 0 0 24 42 0 19 39 42 15 23 28 68 46 33 15 0 0 0
P12544 2033 8 0 22 86 90 36 0 0 0 26 49 0 0 0 23 9 18 16 10 52 0 0 0 0 0 0 0 0 11 10 36 51
P12544 2033 9 141 150 83 0 6 7 5 4 0 0 0 0 10 44 23 4 8 0 0 0 0 0 0 0 0 0 0 0 7 17 -999
P12544 2033 10 74 21 0 10 60 17 5 6 15 4 4 6 8 7 11 0 0 0 0 0 8 5 4 3 3 4 0 0 4 0 0
P12544 2033 11 4 9 6 12 9 0 0 0 0 0 3 0 0 0 0 0 4 9 0 0 0 3 0 0 0 0 0 0 0 0 -999
P12544 2033 12 0 0 0 0 0 0 0 3 0 0 0 3 0 0 0 0 0 0 0 0 0 0 0 0 0 0 0 0 0 0 0
P12544 2034 1 0 0 3 0 3 0 0 3 3 0 3 3 3 3 3 3 3 0 0 0 0 0 0 0 0 0 0 0 0 0 0
P12544 2034 2 0 0 0 0 0 0 0 0 0 0 0 41 15 0 4 9 19 37 131 25 0 0 0 0 0 0 0 0 -999 -999 -999
P12544 2034 3 4 8 7 34 32 34 5 0 10 0 0 0 7 12 10 7 0 0 0 0 0 0 0 11 29 125 0 0 0 0 0
P12544 2034 4 0 0 0 0 0 0 0 0 0 0 0 0 0 0 0 4 4 0 3 3 12 23 0 0 0 0 41 33 13 0 -999
P12544 2034 5 0 0 0 0 0 0 0 0 4 4 5 0 0 0 0 0 0 0 0 0 0 4 7 35 114 40 21 22 0 9 7
P12544 2034 6 6 11 15 9 4 4 4 6 0 0 0 0 0 0 0 14 31 73 0 0 0 0 0 76 132 0 0 0 6 9 -999
P12544 2034 7 26 14 13 0 0 21 7 8 5 5 4 5 4 0 0 5 5 0 0 14 9 14 11 7 7 10 6 8 4 5 6
P12544 2034 8 4 5 16 5 0 0 8 0 0 0 0 13 72 0 0 0 0 13 48 0 0 0 0 0 0 18 53 117 148 159 153
P12544 2034 9 107 0 0 0 0 0 0 22 65 66 74 47 49 67 0 0 0 0 0 0 0 7 33 106 17 5 34 0 39 80 -999
P12544 2034 10 63 20 4 4 6 26 48 0 0 7 15 4 0 0 0 4 20 0 0 0 0 0 0 0 5 6 8 8 5 0 0
P12544 2034 11 0 0 0 0 0 5 4 4 5 4 0 4 9 35 0 0 0 0 0 0 16 5 5 4 3 3 3 3 0 3 -999
P12544 2034 12 3 0 0 0 0 0 3 3 3 3 0 0 0 3 3 6 0 0 0 0 3 0 0 0 3 3 3 0 3 3 3
P12544 2035 1 3 0 0 3 4 5 4 6 5 4 3 4 3 4 3 3 3 0 0 0 4 5 5 3 3 0 0 0 0 0 0
P12544 2035 2 0 4 4 0 0 0 4 7 0 0 0 0 0 0 0 0 0 0 0 0 3 3 3 4 8 3 3 3 -999 -999 -999
P12544 2035 3 3 3 3 4 3 4 48 158 11 3 3 5 7 37 112 55 19 6 7 9 12 4 4 3 3 3 4 4 4 5 3
P12544 2035 4 3 3 4 4 18 3 3 3 4 3 3 3 3 22 0 0 0 0 28 35 166 140 19 11 8 6 5 5 28 25 -999
P12544 2035 5 92 47 0 0 0 0 21 10 17 59 43 0 26 29 0 0 0 0 0 8 11 65 84 83 79 85 108 92 18 49 105
P12544 2035 6 47 20 15 13 9 6 4 4 13 9 6 0 0 0 6 59 0 0 0 9 17 35 0 8 9 0 0 0 0 0 -999
P12544 2035 7 0 0 0 0 0 0 0 0 0 0 0 0 10 8 23 30 54 0 0 0 0 0 0 0 0 0 0 0 0 0 0
P12544 2035 8 0 0 0 0 0 70 47 67 0 0 0 0 0 0 0 0 0 0 0 0 0 0 0 5 9 42 0 0 0 0 0
P12544 2035 9 0 0 0 0 0 0 0 0 0 0 0 5 14 75 81 78 5 0 0 0 0 0 12 25 65 67 47 69 133 0 -999
P12544 2035 10 0 27 20 35 47 0 0 0 0 12 9 0 11 9 10 0 0 23 0 21 5 7 31 0 0 0 0 0 0 0 0
P12544 2035 11 0 0 0 15 18 38 75 43 0 0 0 0 0 0 0 0 0 0 0 0 0 0 0 0 0 0 0 0 0 0 -999
P12544 2035 12 3 3 4 3 3 3 4 4 3 4 3 0 0 0 0 0 0 0 3 3 4 4 0 0 0 0 0 0 0 0 4
P12544 2036 1 3 0 0 0 0 5 37 94 131 20 4 3 4 5 0 0 0 4 3 3 3 3 3 0 0 0 3 0 0 0 0
P12544 2036 2 3 0 0 0 0 0 4 0 4 4 0 4 4 6 9 29 5 0 0 0 0 0 0 0 0 0 0 0 -999 -999 -999
P12544 2036 3 4 11 5 3 3 3 0 0 0 0 0 0 0 0 11 0 0 0 0 0 0 0 0 0 0 4 5 4 11 7 5
P12544 2036 4 8 4 5 9 0 0 0 0 0 0 0 0 0 0 0 0 0 0 0 0 0 0 3 4 3 3 3 4 3 0 -999
P12544 2036 5 0 4 10 4 4 3 4 4 0 5 4 6 17 4 4 6 14 6 0 0 0 4 13 31 0 0 0 0 0 0 9
P12544 2036 6 11 82 100 129 111 62 0 0 0 0 0 0 0 37 26 23 37 7 8 12 0 0 0 6 11 0 0 0 4 21 -999
P12544 2036 7 0 0 0 0 0 0 0 0 0 0 18 25 0 0 0 0 0 0 0 0 0 0 0 0 0 0 0 0 0 0 0
P12544 2036 8 0 11 9 0 4 6 11 103 0 0 0 0 0 0 0 0 0 0 0 0 0 0 0 0 0 0 0 24 32 37 29
P12544 2036 9 22 22 18 27 0 0 0 109 46 12 9 0 0 0 0 0 0 0 0 0 0 0 0 0 0 0 0 0 0 0 -999
P12544 2036 10 24 10 4 0 4 4 0 0 0 0 6 0 0 4 15 5 0 0 0 0 0 0 0 0 0 4 10 25 8 27 46
P12544 2036 11 37 0 6 4 5 4 3 4 3 0 0 0 0 13 8 7 7 0 0 4 15 0 0 0 0 0 4 3 3 0 -999
P12544 2036 12 0 0 3 3 3 0 0 0 0 0 0 3 3 0 0 0 0 0 4 0 0 0 7 0 0 4 0 0 0 0 0
P12544 2037 1 0 0 0 0 0 0 0 0 3 4 3 3 3 0 0 0 0 0 3 3 3 4 4 3 3 3 3 3 4 3 0
P12544 2037 2 0 72 119 71 13 22 60 49 8 4 0 0 0 0 0 0 0 21 0 0 0 0 0 0 0 0 4 3 -999 -999 -999
P12544 2037 3 0 0 0 0 0 0 0 0 0 0 0 0 3 5 46 72 4 7 27 0 17 15 5 4 3 3 4 4 4 4 12
P12544 2037 4 24 19 20 17 4 3 3 3 3 0 0 0 0 4 4 3 3 5 4 4 6 15 81 153 150 0 0 0 0 0 -999
P12544 2037 5 0 0 0 0 0 0 0 30 101 17 4 4 0 4 4 4 4 9 4 4 4 4 4 4 15 77 3 0 0 0 0
P12544 2037 6 0 0 22 61 59 67 26 14 30 12 0 5 14 116 149 71 20 8 7 15 79 0 0 8 12 0 0 0 0 0 -999
P12544 2037 7 0 0 0 0 0 0 0 0 0 23 0 0 0 50 26 105 0 0 0 0 0 0 0 0 11 4 0 0 0 0 0
P12544 2037 8 0 0 0 0 0 0 0 0 0 0 0 0 0 0 0 62 95 27 0 0 0 0 0 0 0 23 35 12 0 7 8
P12544 2037 9 43 0 0 10 6 39 98 123 72 0 0 5 7 15 18 9 52 59 0 0 0 0 0 0 0 0 0 8 5 9 -999
P12544 2037 10 5 0 0 0 0 0 0 4 4 0 4 14 0 0 0 0 0 5 7 4 0 0 0 4 10 5 0 0 0 0 0
P12544 2037 11 0 0 0 0 0 0 0 6 7 0 5 4 4 4 4 0 0 0 0 4 7 3 3 4 3 3 3 3 3 3 -999
P12544 2037 12 16 108 4 4 4 3 3 3 4 4 3 5 3 3 0 0 3 5 37 99 0 0 6 11 0 0 0 0 0 0 0
P12544 2038 1 0 4 0 4 3 0 0 0 0 0 0 0 0 4 7 7 6 4 0 0 0 0 4 4 7 7 4 3 3 4 0
P12544 2038 2 0 0 4 5 5 3 3 0 0 0 0 0 0 0 0 3 0 3 0 0 0 0 3 4 0 0 0 0 -999 -999 -999
P12544 2038 3 7 6 5 5 9 8 4 3 3 4 4 0 0 0 0 0 0 4 21 26 6 0 0 0 0 4 3 3 4 4 3
P12544 2038 4 0 3 0 0 0 0 0 4 29 0 0 0 140 152 54 21 0 0 0 0 51 8 12 67 63 48 143 155 141 107 -999
P12544 2038 5 77 29 0 5 8 89 61 5 0 0 0 0 0 0 0 0 29 140 49 72 93 64 18 16 24 25 26 15 9 5 8
P12544 2038 6 13 6 6 6 15 0 0 0 0 0 14 9 22 151 162 147 120 128 146 150 143 138 130 136 131 94 28 0 0 0 -999
P12544 2038 7 0 0 0 0 0 92 103 0 0 0 0 0 0 0 0 0 0 12 62 0 0 0 0 52 12 29 7 19 50 0 0
P12544 2038 8 0 0 0 0 0 0 0 0 30 68 91 111 123 131 85 0 0 0 0 0 21 40 37 54 53 20 0 0 0 0 0
P12544 2038 9 0 0 0 0 22 23 0 58 0 0 0 0 0 0 4 34 0 0 8 79 74 21 14 12 8 0 0 0 0 0 -999
P12544 2038 10 0 0 0 0 0 0 0 0 0 0 0 0 0 0 0 0 0 4 5 4 7 6 13 34 0 0 6 4 4 12 0
P12544 2038 11 5 14 4 4 0 4 4 0 5 4 4 4 4 6 63 13 4 5 0 4 0 0 0 0 0 0 0 0 3 0 -999
P12544 2038 12 0 3 8 27 138 146 6 4 0 4 4 4 4 3 3 4 3 3 5 3 4 4 0 0 0 4 5 5 0 0 0
P12544 2039 1 0 0 4 4 3 11 52 0 0 0 0 0 0 0 0 0 4 4 8 80 11 0 0 3 3 5 7 0 0 0 10
P12544 2039 2 11 0 0 0 0 0 0 0 0 29 27 0 0 0 4 5 3 0 0 0 0 0 4 3 3 3 0 0 -999 -999 -999
P12544 2039 3 3 0 0 0 0 0 0 3 5 0 0 83 4 4 19 26 0 0 0 0 0 0 0 0 0 0 0 0 0 0 0
P12544 2039 4 0 0 0 0 0 0 0 0 0 0 0 0 0 4 5 4 0 0 0 4 7 12 0 0 0 0 0 0 0 0 -999
P12544 2039 5 0 0 0 0 0 0 0 0 0 0 0 0 0 0 7 71 60 20 9 5 5 4 6 8 6 0 0 0 0 0 0
P12544 2039 6 5 11 5 8 29 7 0 24 0 0 18 48 43 0 22 19 11 23 0 0 15 14 11 0 0 0 21 50 47 21 -999
P12544 2039 7 24 0 0 0 0 0 26 86 0 0 50 22 0 0 0 0 0 0 0 0 0 0 0 0 0 0 20 77 101 66 0
P12544 2039 8 0 17 30 0 0 0 0 0 0 0 0 0 7 40 8 7 16 27 46 48 0 0 0 0 0 48 73 122 83 0 34
P12544 2039 9 17 0 0 0 23 10 14 36 30 18 0 0 0 0 0 0 0 0 11 11 8 6 8 15 46 44 0 0 0 0 -999
P12544 2039 10 0 0 0 0 0 6 9 0 0 0 0 7 34 12 0 0 0 4 0 3 3 3 3 3 3 3 5 5 14 54 5
P12544 2039 11 5 0 0 0 0 0 0 0 4 6 4 8 37 4 3 3 4 4 3 4 7 3 5 0 0 0 0 4 3 0 -999
P12544 2039 12 0 3 3 3 3 4 3 6 6 0 0 0 0 5 4 0 4 3 3 3 3 0 0 3 5 0 4 4 3 3 3
P12544 2040 1 3 0 0 4 4 3 3 4 4 3 3 3 3 3 3 3 4 0 3 4 0 0 0 0 0 0 0 0 0 0 0
P12544 2040 2 0 0 0 14 0 0 0 0 0 3 0 0 0 3 3 3 4 6 0 0 0 0 0 0 0 0 0 0 -999 -999 -999
P12544 2040 3 0 0 0 0 0 0 0 0 0 0 0 0 0 0 0 0 0 0 0 0 0 0 16 33 17 4 3 3 4 4 4
P12544 2040 4 3 4 7 4 5 5 4 0 0 0 0 4 5 0 4 4 4 4 15 8 13 37 17 5 14 142 62 5 0 3 -999
P12544 2040 5 3 0 5 18 28 20 0 0 0 0 0 0 0 3 4 0 0 0 0 3 5 25 14 0 0 0 0 0 7 15 12
P12544 2040 6 30 14 0 0 0 4 5 0 0 11 32 0 0 71 0 0 0 0 0 0 0 0 0 0 0 0 0 0 9 44 -999
P12544 2040 7 0 0 0 0 0 0 0 0 0 0 0 0 0 0 0 5 15 0 0 0 10 37 116 102 0 0 0 0 0 0 0
P12544 2040 8 0 8 11 43 41 32 0 9 16 20 45 0 0 0 0 0 0 0 0 0 0 33 0 0 0 0 0 0 0 0 67
P12544 2040 9 129 130 136 96 0 0 0 0 0 0 20 16 9 9 17 12 6 19 0 0 0 34 14 7 23 93 89 28 14 36 -999
P12544 2040 10 0 0 0 0 0 4 5 0 0 0 0 0 0 0 0 0 6 8 54 55 12 0 0 0 0 0 4 0 0 0 5
P12544 2040 11 9 4 5 16 8 17 4 3 4 3 3 3 4 10 5 5 0 0 0 0 0 0 0 4 23 0 0 0 0 0 -999
P12544 2040 12 0 0 0 0 6 5 5 0 4 14 0 158 160 30 4 0 0 0 0 0 0 12 58 69 0 0 0 4 7 3 6
P12544 2041 1 71 0 0 0 0 0 0 5 0 0 0 0 0 0 0 0 0 0 0 6 8 5 14 34 54 15 19 14 5 0 0
P12544 2041 2 0 0 0 0 3 5 5 4 3 3 3 3 3 3 3 3 4 9 19 4 4 5 3 3 4 3 0 0 -999 -999 -999
P12544 2041 3 0 7 0 0 0 0 0 0 3 3 3 3 4 3 6 3 3 6 19 3 3 3 3 5 0 14 7 4 4 4 4
P12544 2041 4 0 0 0 0 0 0 0 0 0 0 5 0 3 3 3 0 4 4 4 4 3 3 3 4 22 9 0 0 0 0 -999
P12544 2041 5 0 0 0 6 34 89 0 0 31 64 61 33 23 80 76 0 95 142 151 153 163 160 129 6 5 4 4 5 4 5 12
P12544 2041 6 6 0 0 5 4 6 10 47 0 0 0 0 0 0 0 0 0 0 0 0 0 0 0 0 0 18 13 7 6 10 -999
P12544 2041 7 5 5 0 23 11 8 13 0 12 14 24 6 0 0 5 16 34 12 8 5 5 6 13 13 6 7 14 18 23 0 0
P12544 2041 8 0 0 0 0 0 0 0 0 0 29 71 142 159 162 158 0 0 0 0 69 94 100 107 134 152 100 0 0 9 11 14
P12544 2041 9 0 0 0 0 0 0 0 0 0 0 0 0 0 0 0 0 0 11 0 5 60 94 71 24 7 3 0 0 0 0 -999
P12544 2041 10 4 9 8 4 0 0 0 0 18 9 24 24 0 0 0 0 0 0 0 0 5 5 5 0 0 4 0 0 0 0 0
P12544 2041 11 3 0 0 4 5 4 3 3 4 4 12 6 4 4 4 4 4 4 4 3 5 12 4 3 4 3 3 3 3 3 -999
P12544 2041 12 3 3 3 5 36 15 0 0 0 0 3 4 4 6 4 8 26 28 4 4 5 0 0 0 0 0 0 0 0 0 0
P12544 2042 1 0 0 0 0 0 4 5 3 3 0 0 0 0 0 0 0 0 0 0 0 0 0 0 0 0 0 0 0 0 0 0
P12544 2042 2 6 0 0 0 0 0 0 0 0 0 0 0 0 0 0 0 0 0 0 0 0 0 0 0 10 0 0 0 -999 -999 -999
P12544 2042 3 0 0 0 0 0 0 0 0 0 0 0 0 5 4 4 4 6 0 12 67 18 4 0 3 3 3 0 0 5 4 5
P12544 2042 4 5 3 0 3 4 3 4 3 3 3 3 3 3 3 3 3 3 0 0 0 0 145 131 42 50 167 158 62 5 5 -999
P12544 2042 5 7 4 5 5 0 0 0 0 24 37 16 0 0 0 0 0 4 0 0 0 0 0 0 0 0 0 0 0 0 6 15
P12544 2042 6 6 4 7 18 11 11 10 10 9 0 0 6 0 0 0 0 0 0 6 7 81 0 0 0 0 0 0 20 0 0 -999
P12544 2042 7 0 0 0 0 0 0 0 11 61 37 10 29 22 39 85 26 13 7 0 23 56 73 12 7 9 11 9 0 72 58 21
P12544 2042 8 0 0 0 20 37 0 0 0 0 0 0 0 0 0 42 13 0 0 0 0 0 0 0 0 0 0 0 0 0 0 0
P12544 2042 9 0 0 0 35 41 0 0 0 0 0 0 7 4 0 7 35 46 11 22 90 82 50 32 12 26 61 7 12 0 0 -999
P12544 2042 10 0 0 4 4 10 0 0 19 10 0 0 43 78 108 69 60 6 4 4 4 3 3 4 0 0 0 0 4 4 0 0
P12544 2042 11 0 0 0 0 0 0 4 4 3 0 0 0 0 0 0 0 0 0 0 4 4 0 0 0 0 0 0 0 4 3 -999
P12544 2042 12 0 0 4 5 6 5 4 3 3 3 3 3 3 3 5 3 3 4 3 3 0 3 3 4 14 0 0 0 0 0 0
P12544 2043 1 0 4 5 4 0 4 9 0 0 0 0 0 3 3 3 3 3 3 0 4 4 3 3 3 4 0 0 0 3 5 0
P12544 2043 2 0 0 0 4 10 8 4 5 0 0 0 0 0 0 0 0 0 0 0 0 0 5 0 0 0 0 0 0 -999 -999 -999
P12544 2043 3 0 0 4 4 4 0 4 9 19 3 10 5 0 0 4 0 0 4 7 7 4 3 9 61 11 8 0 0 3 0 3
P12544 2043 4 3 3 0 4 0 0 0 0 0 0 5 14 17 13 8 18 95 76 7 6 10 0 0 0 0 0 0 0 0 19 -999
P12544 2043 5 0 0 63 43 20 0 0 35 30 0 0 0 0 0 0 0 0 13 84 104 114 144 158 140 33 10 7 4 4 5 7
P12544 2043 6 4 4 6 8 0 0 0 45 0 0 0 0 18 0 0 0 0 0 0 0 0 0 0 0 0 0 49 11 0 0 -999
P12544 2043 7 0 0 0 0 0 0 0 0 0 0 0 0 0 0 0 0 0 0 0 0 0 0 0 0 0 0 0 0 0 0 0
P12544 2043 8 0 0 0 0 0 0 0 0 0 0 0 0 30 0 0 0 0 0 0 73 85 26 13 13 7 13 13 5 8 12 0
P12544 2043 9 0 0 0 0 0 5 15 0 0 0 0 0 71 68 53 51 0 0 0 0 0 11 12 0 10 9 57 0 0 8 -999
P12544 2043 10 6 35 16 19 14 18 0 10 38 8 0 0 0 0 5 24 9 9 0 0 0 5 5 8 8 9 9 4 4 4 0
P12544 2043 11 0 0 0 0 0 0 0 0 0 0 8 5 5 18 0 0 0 0 0 0 0 0 0 0 3 3 3 4 4 4 -999
P12544 2043 12 4 3 0 0 0 0 0 0 0 3 4 4 4 3 4 6 0 0 4 3 3 3 0 0 0 4 3 0 0 0 0
P12544 2044 1 0 0 0 0 0 3 0 0 0 0 3 0 0 0 0 3 3 3 10 5 0 0 0 0 0 4 0 4 12 0 0
P12544 2044 2 0 0 0 0 4 4 0 0 0 3 4 41 0 0 0 0 0 0 0 0 0 0 0 4 6 0 11 4 -999 -999 -999
P12544 2044 3 4 3 3 3 4 3 0 3 3 3 0 0 0 0 0 0 3 4 4 4 4 6 0 0 0 4 3 4 3 3 4
P12544 2044 4 0 0 20 0 0 0 0 0 0 0 0 4 4 3 0 0 0 0 0 0 0 4 23 4 9 4 6 4 4 0 -999
P12544 2044 5 0 0 5 0 4 43 0 5 11 4 6 0 0 7 11 0 0 0 86 155 68 9 5 4 4 4 6 5 16 134 129
P12544 2044 6 57 0 0 11 5 33 15 4 4 0 0 0 0 0 0 0 5 14 4 10 5 6 11 25 88 39 7 5 5 68 -999
P12544 2044 7 73 52 19 17 10 0 0 0 0 0 0 0 0 0 10 0 0 0 9 0 0 7 111 91 79 30 19 27 27 0 0
P12544 2044 8 0 32 54 42 15 17 0 59 69 56 56 11 12 54 0 0 0 12 16 15 9 0 0 0 0 0 0 0 0 0 0
P12544 2044 9 0 0 0 0 0 0 0 0 0 0 0 0 0 0 0 0 0 0 0 9 7 0 0 7 9 11 10 9 6 16 -999
P12544 2044 10 8 47 64 9 0 5 0 0 0 0 0 7 0 0 4 3 4 0 34 6 8 88 0 0 26 0 0 0 0 0 0
P12544 2044 11 4 4 4 0 0 0 4 3 4 3 4 5 5 5 4 4 7 3 3 3 4 3 3 3 3 4 8 4 4 4 -999
P12544 2044 12 0 0 0 0 3 4 0 0 4 4 6 0 4 0 0 0 0 0 0 0 3 4 33 44 0 0 0 0 3 4 4
P12544 2045 1 4 6 4 3 0 4 6 102 57 4 4 3 4 7 5 3 4 7 0 0 0 0 0 0 0 0 0 0 0 0 0
P12544 2045 2 0 7 51 33 6 6 12 0 0 0 4 3 3 0 0 4 0 0 0 0 0 0 0 0 0 0 0 0 -999 -999 -999
P12544 2045 3 0 0 0 0 0 0 0 4 4 8 0 3 8 74 4 4 0 0 0 0 0 0 0 3 0 0 0 0 0 0 0
P12544 2045 4 6 0 0 4 3 5 8 13 0 4 3 0 0 4 7 9 18 20 0 6 0 9 0 0 0 0 4 19 33 0 -999
P12544 2045 5 5 4 0 0 0 9 69 54 14 9 4 0 0 0 0 0 0 25 8 4 4 4 0 0 0 0 0 0 5 7 6
P12544 2045 6 0 0 0 17 45 29 16 8 8 22 6 5 8 0 0 0 9 11 8 14 28 11 6 6 13 7 7 5 0 0 -999
P12544 2045 7 6 0 0 0 0 0 0 0 0 0 0 0 0 0 0 0 0 0 0 26 26 14 31 39 44 8 11 8 0 0 0
P12544 2045 8 0 0 0 0 0 10 97 0 0 0 0 0 7 0 0 0 0 0 0 0 0 0 0 0 0 10 42 40 20 25 0
P12544 2045 9 0 0 0 0 0 0 0 0 0 9 7 34 63 100 113 35 11 0 0 0 0 11 7 7 8 9 10 6 43 14 -999
P12544 2045 10 15 0 17 27 121 51 0 0 0 0 0 0 0 4 7 5 11 6 5 4 0 0 0 0 0 0 0 0 0 0 0
P12544 2045 11 4 41 44 0 5 5 0 0 0 0 9 3 0 0 0 4 4 4 4 0 0 0 5 4 6 4 4 3 3 3 -999
P12544 2045 12 0 0 0 4 3 4 6 34 0 0 0 0 0 0 0 0 0 0 4 4 4 4 4 4 4 4 3 5 0 0 0
P12544 2046 1 0 3 4 3 4 4 4 4 0 4 4 3 3 3 3 3 3 3 4 3 4 4 4 0 0 4 15 4 4 4 36
P12544 2046 2 47 133 113 56 0 0 4 5 9 21 5 4 11 14 5 5 5 3 0 3 3 3 4 3 3 3 3 4 -999 -999 -999
P12544 2046 3 4 78 4 3 0 4 4 8 6 3 4 3 4 3 4 4 6 3 3 4 7 6 3 0 0 0 0 4 8 3 0
P12544 2046 4 0 0 0 4 4 3 0 3 4 4 3 0 3 3 3 3 4 4 6 4 6 3 3 4 3 4 4 4 4 4 -999
P12544 2046 5 0 0 0 4 5 5 15 4 0 0 0 0 15 6 36 25 31 15 0 0 0 0 0 0 0 13 8 10 4 0 0
P12544 2046 6 0 0 0 0 7 0 0 0 13 82 129 116 40 13 24 32 0 4 11 98 125 75 0 0 0 0 0 0 0 0 -999
P12544 2046 7 21 0 0 0 6 43 91 11 29 0 0 0 0 0 0 0 0 0 0 0 0 0 0 0 0 0 0 0 8 0 0
P12544 2046 8 0 0 0 0 0 0 0 0 0 0 0 0 42 26 14 19 9 6 15 28 55 61 0 0 73 95 76 52 36 0 0
P12544 2046 9 0 0 0 0 58 141 146 117 50 27 0 0 0 30 32 45 41 0 0 0 0 0 0 0 0 0 0 6 12 13 -999
P12544 2046 10 24 17 28 111 125 37 7 8 10 0 0 0 0 0 0 0 0 0 0 4 4 3 4 3 3 4 3 4 6 3 4
P12544 2046 11 4 0 0 0 3 54 99 3 3 3 0 0 0 0 0 0 0 0 0 0 0 0 4 3 4 0 0 0 10 5 -999
P12544 2046 12 4 3 5 3 4 18 12 3 4 5 3 3 3 4 5 4 3 4 103 75 0 0 0 0 0 0 0 0 0 0 0
P12544 2047 1 0 0 0 0 0 0 0 3 4 0 4 0 0 5 4 5 5 5 4 4 9 8 5 0 0 0 0 0 0 0 0
P12544 2047 2 4 4 0 0 4 4 3 0 0 0 0 0 3 4 8 0 0 0 0 0 0 0 0 3 3 3 3 3 -999 -999 -999
P12544 2047 3 4 0 4 0 3 5 6 0 0 0 0 0 0 0 0 0 0 0 0 0 0 0 4 19 6 4 3 3 0 4 4
P12544 2047 4 3 3 0 3 4 0 4 11 9 5 5 3 3 3 5 4 0 4 3 4 0 0 0 0 0 0 0 7 0 0 -999
P12544 2047 5 0 0 0 0 0 0 0 0 19 41 91 84 40 9 9 61 117 122 140 103 0 0 0 0 0 0 0 0 0 0 0
P12544 2047 6 0 0 0 0 0 0 0 0 0 0 0 0 22 60 28 10 6 0 0 20 0 0 0 0 0 0 0 22 51 48 -999
P12544 2047 7 86 34 13 18 15 22 9 0 0 0 8 8 6 7 8 15 9 8 56 26 9 5 0 0 0 0 0 0 0 0 0
P12544 2047 8 0 0 0 0 0 0 0 0 0 0 0 35 103 60 0 0 0 0 0 30 30 52 46 23 0 0 0 0 0 0 0
P12544 2047 9 0 0 0 0 0 0 0 0 0 0 0 25 124 155 131 71 12 18 0 0 0 0 0 7 39 22 0 0 0 0 -999
P12544 2047 10 8 12 14 7 4 4 4 3 4 4 9 7 4 3 3 3 14 4 4 4 3 3 0 0 0 0 9 0 0 0 0
P12544 2047 11 0 4 3 3 0 4 0 5 5 5 6 6 6 3 4 3 3 0 0 0 0 0 0 0 0 0 0 0 0 0 -999
P12544 2047 12 0 0 0 0 0 0 0 0 0 0 0 0 0 0 0 0 0 0 0 0 0 0 0 3 4 0 0 0 0 0 0
P12544 2048 1 0 0 0 0 0 0 0 0 0 0 3 3 4 3 3 0 0 0 0 0 0 0 0 0 0 0 0 0 0 0 0
P12544 2048 2 0 0 0 0 0 0 0 0 0 0 0 3 6 4 3 6 4 0 0 0 0 0 0 0 0 0 0 0 -999 -999 -999
P12544 2048 3 0 0 0 0 0 0 5 9 6 4 5 4 4 4 4 7 4 3 4 4 4 4 0 4 4 3 3 3 3 3 3
P12544 2048 4 4 0 0 0 0 0 0 4 7 0 0 0 0 0 0 0 0 59 0 0 4 5 5 7 0 0 0 3 0 0 -999
P12544 2048 5 0 8 11 4 4 3 0 0 5 11 45 21 0 12 17 5 4 5 4 4 6 60 137 139 0 0 0 0 28 7 6
P12544 2048 6 0 0 0 4 11 0 0 0 0 5 0 0 0 0 0 5 19 0 43 0 0 9 39 0 0 0 0 0 0 0 -999
P12544 2048 7 0 0 0 0 0 0 0 0 0 8 88 132 107 111 0 76 21 34 0 20 0 0 0 0 40 15 19 14 0 0 0
P12544 2048 8 21 87 52 0 104 83 10 7 20 22 26 47 63 93 58 36 0 0 0 0 0 0 0 0 0 12 0 0 0 0 22
P12544 2048 9 34 0 0 9 0 0 0 8 25 103 105 33 0 0 0 0 17 27 12 11 5 16 22 0 0 6 10 13 17 5 -999
P12544 2048 10 3 0 0 0 4 5 6 0 0 0 0 0 0 0 0 0 0 0 4 8 4 4 0 0 0 0 0 0 0 0 4
P12544 2048 11 0 0 0 5 0 14 22 11 0 0 0 0 0 0 3 4 5 5 5 5 4 0 0 0 0 4 13 10 5 4 -999
P12544 2048 12 7 23 6 0 5 7 8 0 0 0 0 0 0 0 0 0 0 0 0 0 0 0 0 0 0 0 4 4 15 11 0
P12544 2049 1 0 3 4 5 0 0 0 4 5 0 0 0 4 0 0 0 0 0 0 0 0 8 21 6 0 0 4 4 4 0 4
P12544 2049 2 4 7 8 15 0 0 0 0 0 0 0 0 0 0 0 0 0 0 0 0 0 0 0 0 3 4 4 5 -999 -999 -999
P12544 2049 3 4 0 0 0 0 0 0 0 0 0 0 0 0 0 4 0 0 0 0 4 6 0 4 4 4 0 0 3 4 8 30
P12544 2049 4 50 30 8 0 0 0 0 0 0 0 0 0 0 0 0 4 4 7 0 0 0 5 0 0 5 20 5 0 0 0 -999
P12544 2049 5 4 4 4 3 4 0 4 4 5 4 3 3 4 0 0 0 0 0 0 0 65 34 6 10 33 4 5 33 5 3 4
P12544 2049 6 0 0 0 13 8 6 0 0 0 0 0 0 0 0 0 0 0 0 0 0 0 0 0 0 0 0 0 0 0 0 -999
P12544 2049 7 10 18 8 7 0 0 0 25 0 0 0 0 0 0 19 32 52 64 43 0 0 0 0 0 0 0 0 0 0 0 0
P12544 2049 8 0 0 0 0 0 0 0 0 0 0 0 0 0 0 0 0 0 13 11 50 108 0 0 0 0 0 0 0 0 0 0
P12544 2049 9 0 0 0 0 11 80 146 141 136 122 104 39 42 82 0 89 73 106 119 74 28 19 9 4 0 0 5 0 0 0 -999
P12544 2049 10 0 0 0 0 0 5 4 0 0 0 0 0 0 7 10 6 22 0 0 0 0 0 0 5 6 9 25 0 11 21 46
P12544 2049 11 22 6 4 5 7 6 4 3 4 3 4 4 7 4 6 39 17 6 3 0 3 0 0 4 0 0 0 0 0 3 -999
P12544 2049 12 3 3 3 3 3 5 0 3 0 0 0 0 0 0 3 4 8 4 4 4 4 3 3 3 3 3 4 4 35 15 6
P12544 2050 1 4 4 3 4 3 6 7 4 23 122 46 0 0 0 0 4 4 4 0 0 0 0 0 0 8 0 0 0 0 0 0
P12544 2050 2 0 0 0 0 0 0 0 0 0 0 0 0 0 0 0 0 0 0 5 5 5 5 0 4 4 0 0 0 -999 -999 -999
P12544 2050 3 0 4 6 7 25 87 69 0 0 18 25 25 18 7 4 0 4 4 3 4 7 22 6 5 6 3 4 4 5 4 8
P12544 2050 4 5 3 3 3 4 5 4 3 3 5 0 0 8 7 8 4 4 4 0 3 5 0 0 0 4 5 4 3 0 0 -999
P12544 2050 5 7 3 3 3 4 4 0 0 4 0 0 0 0 0 6 7 46 123 120 75 68 61 74 55 86 142 73 7 10 14 7
P12544 2050 6 7 18 31 0 0 0 0 0 0 69 29 0 7 11 30 27 9 8 14 54 16 0 0 5 5 26 89 0 0 0 -999
P12544 2050 7 0 0 0 86 90 0 0 0 0 0 0 13 0 0 0 0 0 0 0 0 0 0 12 15 37 52 0 0 69 58 35
P12544 2050 8 25 29 5 0 0 0 0 0 0 0 0 0 0 8 58 0 0 0 0 5 6 14 10 5 0 5 0 0 0 0 0
P12544 2050 9 0 5 10 0 0 0 0 0 0 0 0 0 0 0 0 0 0 0 0 0 0 0 0 0 9 44 16 20 85 17 -999
P12544 2050 10 9 10 0 0 0 0 0 0 0 0 0 0 6 25 45 25 15 6 10 0 0 11 25 20 4 4 3 4 0 0 4
P12544 2050 11 3 3 0 3 3 3 3 4 4 4 5 6 44 90 0 0 0 4 3 0 0 4 3 3 0 0 3 3 0 3 -999
P12544 2050 12 3 4 5 0 0 0 3 4 4 0 0 0 0 0 0 0 0 0 3 3 0 0 0 0 0 0 0 0 0 0 3
P12544 2051 1 0 0 0 0 0 0 0 0 0 4 0 0 0 0 4 0 0 0 0 0 0 0 0 0 0 0 0 0 0 0 0
P12544 2051 2 0 0 0 0 18 7 0 0 0 0 4 4 0 0 0 0 6 0 0 4 4 0 0 3 3 0 0 0 -999 -999 -999
P12544 2051 3 0 0 0 0 0 0 0 0 5 8 4 4 4 4 7 0 0 19 33 11 7 53 0 0 0 0 0 0 0 3 8
P12544 2051 4 8 6 5 0 0 0 0 0 0 0 10 8 52 45 20 15 6 7 4 3 3 0 4 49 0 0 0 7 13 53 -999
P12544 2051 5 12 4 6 28 0 87 120 0 107 105 62 12 8 4 0 0 0 0 0 0 0 0 0 53 115 149 118 45 0 0 0
P12544 2051 6 0 0 0 0 0 0 0 0 0 0 0 0 5 26 107 109 0 0 0 0 0 85 53 73 73 72 71 53 37 58 -999
P12544 2051 7 75 0 0 0 0 38 47 27 17 0 0 18 0 0 0 0 0 0 0 142 0 0 0 110 93 72 0 0 0 0 0
P12544 2051 8 0 0 0 0 0 0 0 0 0 0 0 0 0 0 35 0 0 0 0 8 95 104 31 16 19 17 0 0 0 9 0
P12544 2051 9 0 0 0 23 45 0 0 0 0 0 15 17 121 12 10 0 0 0 0 0 0 0 0 0 0 17 26 0 0 0 -999
P12544 2051 10 0 0 0 14 50 0 0 0 40 153 159 140 36 0 0 0 0 7 0 0 0 0 4 6 0 0 4 4 3 4 3
P12544 2051 11 3 10 11 9 4 0 0 0 0 0 0 0 0 0 3 4 4 0 0 0 0 0 0 0 3 0 0 0 0 0 -999
P12544 2051 12 0 0 0 0 4 4 0 4 6 6 3 3 3 3 3 3 4 4 3 0 0 0 0 0 0 0 0 0 0 0 0
P12544 2052 1 0 0 0 0 0 0 0 0 7 46 0 0 0 47 16 0 0 0 0 0 0 0 0 15 0 0 0 35 75 137 86
P12544 2052 2 13 16 85 138 21 5 11 31 6 19 122 80 0 0 7 15 6 0 5 6 0 0 0 4 9 4 0 0 -999 -999 -999
P12544 2052 3 0 0 0 0 0 0 0 0 0 0 0 0 0 4 5 9 4 3 6 6 4 0 3 3 0 0 0 0 0 0 0
P12544 2052 4 0 0 6 0 4 0 9 4 0 0 0 4 4 0 0 4 3 0 0 0 0 0 4 0 0 5 18 0 6 16 -999
P12544 2052 5 0 0 0 0 0 0 0 6 21 0 5 11 63 79 65 5 4 5 10 19 15 0 0 0 13 20 0 0 0 0 0
P12544 2052 6 0 0 0 0 32 73 138 54 44 0 0 31 19 32 76 0 0 0 0 0 0 0 12 22 24 12 5 0 10 15 -999
P12544 2052 7 6 5 0 4 7 0 0 0 0 14 23 26 77 129 104 0 0 0 0 0 32 80 57 0 0 0 14 22 8 9 10
P12544 2052 8 14 27 5 4 5 6 0 0 5 0 0 0 0 0 4 0 0 0 0 0 0 0 0 0 0 0 0 0 0 0 0
P12544 2052 9 0 0 0 0 0 0 0 0 0 0 0 0 0 0 0 0 0 0 0 0 0 0 0 5 9 0 0 0 0 0 -999
P12544 2052 10 0 0 0 0 0 0 0 0 0 0 0 0 0 23 22 13 0 0 0 0 0 0 0 0 11 26 0 0 0 0 4
P12544 2052 11 9 4 4 0 0 0 0 0 0 0 0 0 0 0 0 0 0 0 4 4 4 3 19 142 0 0 3 3 4 3 -999
P12544 2052 12 0 0 3 3 3 0 0 0 0 0 0 0 0 3 7 0 0 4 0 0 3 3 0 3 3 4 0 0 3 3 0
P12544 2053 1 0 0 0 0 0 0 0 0 4 4 4 3 4 3 0 3 3 3 0 0 0 0 0 0 0 0 0 5 3 3 4
P12544 2053 2 5 6 7 26 6 4 3 4 4 4 0 0 0 0 4 0 4 4 0 0 0 0 4 4 7 4 6 3 -999 -999 -999
P12544 2053 3 0 0 0 0 0 0 0 0 0 0 0 0 15 6 4 0 0 0 0 0 0 0 0 0 0 0 0 0 4 5 91
P12544 2053 4 84 12 3 3 0 0 0 0 0 0 0 5 12 47 13 4 0 0 0 0 4 34 0 80 160 147 169 167 162 113 -999
P12544 2053 5 83 78 19 0 0 0 0 0 8 0 4 5 0 0 0 0 0 0 0 0 0 0 0 0 0 0 0 0 12 6 5
P12544 2053 6 0 0 0 0 0 0 0 0 42 0 0 0 0 0 0 0 0 15 19 14 0 0 0 16 99 146 112 20 0 0 -999
P12544 2053 7 0 0 0 0 0 35 130 125 43 56 27 0 0 0 0 0 0 0 0 0 0 0 0 0 0 0 28 52 13 0 0
P12544 2053 8 0 32 86 56 25 16 73 0 0 10 0 0 0 0 0 0 0 0 0 0 0 0 0 104 144 135 64 17 23 68 54
P12544 2053 9 9 7 0 0 0 0 0 0 0 0 0 40 0 0 0 20 46 43 54 77 79 81 132 151 139 100 75 54 32 4 -999
P12544 2053 10 5 31 0 0 0 0 0 42 19 44 131 155 112 0 0 0 0 0 0 6 0 0 0 0 0 0 0 0 0 5 0
P12544 2053 11 0 0 5 0 0 0 0 0 0 0 48 16 0 0 4 3 3 3 3 3 3 3 3 3 3 0 0 0 0 0 -999
P12544 2053 12 0 0 0 0 0 0 0 0 0 5 4 6 7 4 3 3 3 3 3 0 3 5 6 57 9 5 0 0 0 0 27
P12544 2054 1 31 11 0 0 8 6 4 0 0 0 0 0 0 0 0 0 3 3 3 4 0 0 0 0 0 0 0 0 0 0 0
P12544 2054 2 0 0 3 4 3 3 3 4 0 0 0 0 0 0 0 0 0 0 0 0 4 0 0 4 0 0 0 0 -999 -999 -999
P12544 2054 3 0 0 0 0 0 0 0 0 3 0 0 0 0 0 3 4 3 3 0 0 4 0 4 4 0 4 3 4 4 4 3
P12544 2054 4 3 3 3 3 3 3 3 3 3 5 4 0 0 4 89 4 5 4 4 7 14 7 6 4 6 13 4 3 0 0 -999
P12544 2054 5 0 5 12 7 4 4 4 6 19 7 5 19 18 8 0 0 0 0 0 0 4 4 0 0 0 4 7 11 0 0 0
P12544 2054 6 0 0 0 0 0 0 0 0 0 0 0 0 0 4 6 0 0 9 15 0 0 40 51 13 14 6 7 0 0 0 -999
P12544 2054 7 0 0 0 0 0 0 0 0 0 0 0 0 0 0 22 15 37 65 9 7 6 6 0 6 14 0 0 0 0 0 0
P12544 2054 8 0 0 0 0 0 0 14 22 21 0 0 0 0 0 0 0 0 0 0 0 0 0 0 0 0 0 0 0 0 0 61
P12544 2054 9 82 93 69 64 0 0 66 112 129 57 0 0 0 0 72 66 123 102 0 0 0 0 35 17 15 108 64 0 0 0 -999
P12544 2054 10 0 0 0 21 33 0 25 41 23 20 6 9 23 6 0 0 0 0 0 0 6 44 41 7 5 0 0 0 4 3 3
P12544 2054 11 3 4 6 6 22 5 4 3 13 24 27 0 0 0 0 0 3 0 0 0 0 0 0 0 0 3 0 3 3 3 -999
P12544 2054 12 3 3 0 0 0 0 0 0 0 0 0 3 3 3 3 0 0 0 0 0 0 0 0 3 0 0 0 0 0 0 0
P12544 2055 1 0 0 0 4 4 8 73 112 0 0 10 40 17 6 21 55 5 6 4 5 3 6 5 5 0 0 0 0 0 0 0
P12544 2055 2 0 0 0 0 0 0 0 0 0 0 0 0 0 0 4 5 4 0 0 0 4 4 0 0 0 0 0 0 -999 -999 -999
P12544 2055 3 0 0 11 36 5 4 4 4 3 4 3 3 4 8 4 4 4 7 7 6 0 4 4 6 4 4 4 4 10 5 3
P12544 2055 4 0 0 0 3 0 0 3 3 3 3 0 3 3 4 0 0 0 0 0 0 92 93 43 158 160 119 85 23 4 5 -999
P12544 2055 5 4 7 6 7 27 109 110 51 34 10 17 44 98 142 143 0 0 0 0 5 5 0 0 0 0 0 0 0 0 5 26
P12544 2055 6 39 25 68 40 48 78 34 47 38 15 9 7 6 8 17 8 5 4 6 4 4 4 0 5 6 0 0 7 0 0 -999
P12544 2055 7 0 0 0 0 12 0 0 0 0 0 0 0 0 7 14 33 46 14 39 73 94 109 100 84 0 75 63 0 0 0 0
P12544 2055 8 0 0 0 0 23 16 11 0 0 0 0 10 20 23 45 36 7 8 19 13 17 24 0 0 0 0 0 26 15 12 25
P12544 2055 9 25 0 9 0 0 0 5 0 0 0 0 0 0 0 0 0 26 0 0 0 0 0 0 7 67 34 0 0 0 4 -999
P12544 2055 10 4 0 0 0 0 0 4 4 10 0 0 4 9 0 4 0 0 3 4 0 0 0 3 4 9 8 0 0 0 0 0
P12544 2055 11 0 0 0 26 10 6 20 75 14 0 0 0 6 4 4 4 4 0 0 0 0 4 4 3 0 0 0 0 0 4 -999
P12544 2055 12 4 4 13 0 0 0 0 0 0 0 6 6 6 4 3 3 3 3 0 3 3 3 0 0 0 0 0 0 0 0 4
P12544 2056 1 5 0 0 0 0 0 3 3 4 0 0 0 0 0 0 0 0 0 0 0 4 4 3 4 3 4 0 3 4 0 4
P12544 2056 2 0 0 0 0 0 0 0 0 0 0 0 0 0 0 0 0 0 0 0 0 0 0 3 7 0 0 0 0 -999 -999 -999
P12544 2056 3 0 0 0 0 0 0 0 0 0 7 4 0 0 0 0 5 12 4 3 4 4 0 4 4 8 18 19 38 10 8 16
P12544 2056 4 0 0 0 0 0 0 0 0 0 6 19 34 0 0 0 134 112 78 34 14 8 11 107 40 12 48 34 22 13 0 -999
P12544 2056 5 9 6 7 4 6 10 25 55 71 0 4 4 4 0 0 0 0 0 0 0 0 8 9 21 26 9 7 5 4 4 6
P12544 2056 6 13 31 65 62 27 9 4 6 0 10 5 0 0 6 10 0 7 4 4 0 0 4 9 0 0 0 0 6 11 10 -999
P12544 2056 7 0 36 150 85 0 0 0 5 28 109 104 0 15 8 12 0 11 36 28 10 0 0 0 0 0 0 0 0 0 0 0
P12544 2056 8 0 0 0 0 0 0 0 0 0 0 0 0 0 0 0 0 0 0 0 0 0 0 0 0 0 0 0 0 0 0 0
P12544 2056 9 0 0 0 0 0 8 9 0 41 84 120 87 0 0 0 13 0 0 0 0 0 0 0 0 0 0 11 7 15 24 -999
P12544 2056 10 157 84 31 0 0 0 0 0 0 0 0 0 0 0 0 0 0 0 0 4 9 4 4 6 10 20 0 0 0 0 0
P12544 2056 11 0 0 0 4 9 4 4 4 0 0 0 0 0 4 0 0 0 0 4 4 0 3 3 3 3 26 95 84 73 18 -999
P12544 2056 12 4 4 7 8 11 5 3 3 3 3 4 4 4 3 3 3 3 3 4 5 8 3 0 0 0 0 0 0 0 0 0
P12544 2057 1 0 0 0 0 0 3 0 4 0 0 0 0 0 0 0 0 0 0 0 0 0 0 0 0 0 4 3 3 3 3 3
P12544 2057 2 3 3 3 3 3 4 3 3 4 4 4 0 0 0 0 0 0 4 3 3 5 5 7 47 0 0 0 0 -999 -999 -999
P12544 2057 3 0 0 0 0 0 0 19 0 0 0 0 0 0 0 0 0 0 4 0 0 0 0 0 4 3 4 4 3 3 3 4
P12544 2057 4 4 0 4 0 0 0 0 0 0 0 6 11 66 21 3 5 4 3 5 5 5 0 0 0 0 0 0 4 13 0 -999
P12544 2057 5 0 0 0 0 0 0 0 0 0 0 7 5 4 5 4 4 8 41 29 11 0 8 6 5 7 11 15 13 6 5 7
P12544 2057 6 10 9 9 6 0 0 0 0 0 6 19 138 129 0 0 0 0 0 0 0 65 43 0 0 0 0 0 0 0 14 -999
P12544 2057 7 0 0 0 0 0 0 63 143 146 89 0 0 0 0 0 0 0 0 0 10 77 0 0 0 0 0 0 0 0 0 0
P12544 2057 8 0 0 12 6 11 0 0 0 45 0 0 0 0 0 50 56 61 33 17 26 57 91 119 103 37 15 13 22 0 0 0
P12544 2057 9 63 88 45 14 27 38 29 86 104 91 60 28 82 117 156 160 119 50 39 9 11 0 0 0 0 44 48 54 0 39 -999
P12544 2057 10 7 5 6 0 0 0 0 0 0 0 0 0 0 0 0 0 0 9 0 0 0 0 0 0 0 0 0 0 0 4 3
P12544 2057 11 4 3 3 4 6 10 10 5 7 8 6 29 4 4 4 3 3 3 0 3 3 0 0 0 0 0 0 0 0 0 -999
P12544 2057 12 0 0 0 0 0 0 0 0 0 0 6 5 4 5 3 5 0 0 0 0 0 0 0 0 0 0 0 0 0 0 0
P12544 2058 1 0 0 0 0 0 0 0 0 0 4 0 0 0 18 6 0 0 0 0 0 0 0 0 0 0 0 3 3 0 0 0
P12544 2058 2 0 4 0 0 0 0 0 0 0 0 0 0 0 0 3 5 0 0 0 0 0 0 0 0 0 0 0 0 -999 -999 -999
P12544 2058 3 0 0 0 0 0 0 0 0 0 0 0 0 0 0 0 0 0 0 0 0 4 3 3 4 4 4 4 0 4 0 0
P12544 2058 4 0 0 0 4 30 0 0 0 4 19 7 4 0 0 4 0 0 4 8 6 0 0 0 0 0 0 0 0 0 0 -999
P12544 2058 5 0 0 0 0 0 49 0 0 0 0 0 27 63 87 0 0 0 0 0 8 8 16 4 4 4 5 21 27 6 8 6
P12544 2058 6 10 12 7 9 12 5 14 16 23 0 0 9 0 0 0 0 6 8 32 65 13 0 0 0 0 0 0 0 0 0 -999
P12544 2058 7 0 0 0 0 0 0 0 0 0 0 0 0 0 27 7 4 4 12 9 0 0 0 0 0 0 0 0 0 0 0 0
P12544 2058 8 0 0 0 0 0 0 0 0 0 0 0 0 0 0 0 0 0 0 0 0 0 0 0 0 0 6 11 0 0 0 0
P12544 2058 9 0 0 65 0 0 12 9 0 0 0 6 6 6 7 4 4 0 0 0 0 0 5 12 8 4 4 0 0 0 0 -999
P12544 2058 10 0 0 0 4 0 0 0 0 0 0 0 0 0 0 0 0 0 0 0 0 0 0 0 0 0 0 0 0 0 0 0
P12544 2058 11 0 0 0 0 0 0 0 4 4 4 3 3 3 3 4 4 3 3 3 5 14 4 3 3 0 4 5 5 6 6 -999
P12544 2058 12 5 6 4 0 0 0 3 0 3 0 0 0 0 0 0 0 0 7 4 3 3 3 0 0 0 3 3 3 5 3 3
P12544 2059 1 4 3 3 3 3 0 0 0 0 0 0 0 0 0 0 4 0 0 3 8 4 0 0 0 0 0 0 0 0 0 0
P12544 2059 2 0 0 0 0 0 0 0 0 0 0 0 0 0 0 0 0 0 0 0 0 0 0 0 0 0 0 0 0 -999 -999 -999
P12544 2059 3 0 0 0 0 0 0 0 0 0 0 0 0 6 11 0 0 0 0 0 0 4 3 3 3 3 3 3 3 16 39 0
P12544 2059 4 0 0 0 0 0 0 0 0 0 0 0 0 0 0 0 0 0 0 0 0 0 0 5 13 23 18 60 160 147 5 -999
P12544 2059 5 0 0 0 9 146 123 57 26 12 28 31 43 35 0 0 4 8 10 51 30 0 0 0 0 0 0 7 6 14 6 8
P12544 2059 6 0 0 33 68 31 0 25 84 136 70 29 21 36 55 73 30 0 0 90 93 34 10 7 9 9 14 15 19 11 0 -999
P12544 2059 7 0 0 0 0 0 10 15 0 0 6 99 44 0 13 7 105 39 12 12 9 0 0 0 0 0 0 0 0 0 0 0
P12544 2059 8 0 0 0 0 0 0 0 0 0 0 0 0 0 0 0 0 0 0 0 0 0 0 0 0 0 0 0 10 0 0 0
P12544 2059 9 30 120 132 113 0 0 0 0 0 0 0 0 0 0 25 0 0 0 0 0 0 0 5 5 45 58 21 0 0 0 -999
P12544 2059 10 0 0 0 0 0 0 0 0 0 0 0 0 0 10 15 10 0 0 0 5 3 4 4 3 3 3 4 10 0 7 7
P12544 2059 11 5 4 10 15 102 88 0 0 4 0 3 3 0 4 5 28 87 7 0 0 0 0 4 12 4 0 3 7 16 0 -999
P12544 2059 12 0 0 0 0 0 0 0 0 3 3 0 0 3 0 11 0 0 0 0 0 0 0 0 0 0 0 0 5 4 3 0
P12544 2060 1 0 4 6 7 6 8 0 0 0 0 0 0 0 0 0 0 0 0 0 0 0 0 0 0 0 0 0 0 0 0 0
P12544 2060 2 0 0 0 3 3 8 0 3 7 7 4 4 3 4 24 33 4 3 3 0 3 3 3 4 3 4 3 3 -999 -999 -999
P12544 2060 3 3 3 3 3 3 8 7 59 3 3 0 0 0 0 0 0 7 18 9 4 34 21 4 0 0 0 4 4 4 3 4
P12544 2060 4 0 0 0 0 0 0 0 0 0 0 0 4 4 0 0 0 4 62 0 0 0 0 5 0 0 0 0 0 0 0 -999
P12544 2060 5 0 13 16 0 0 0 0 0 0 0 0 0 0 0 0 0 0 24 17 0 0 0 4 26 82 93 76 59 33 0 0
P12544 2060 6 12 23 71 115 47 10 18 9 4 5 19 8 11 14 11 7 0 21 50 0 26 12 0 0 4 8 37 54 24 81 -999
P12544 2060 7 0 0 0 0 0 0 0 0 0 0 0 0 0 0 0 0 89 74 0 9 7 0 0 0 0 45 85 21 36 50 44
P12544 2060 8 0 0 0 0 28 64 130 75 0 0 0 0 0 0 66 63 94 112 135 134 43 8 11 12 0 0 27 0 0 0 0
P12544 2060 9 0 0 0 0 0 0 0 0 0 0 0 0 0 7 42 28 10 18 9 0 0 0 0 0 0 137 57 14 38 40 -999
P12544 2060 10 31 0 0 0 0 0 0 0 0 0 0 5 4 5 4 0 0 4 0 0 3 3 3 4 4 4 8 9 7 8 4
P12544 2060 11 7 5 3 3 0 0 0 0 0 4 0 3 3 0 0 0 0 3 4 0 0 0 0 0 0 0 3 3 0 0 -999
P12544 2060 12 0 0 4 3 3 4 5 0 0 4 0 0 0 0 3 3 3 3 0 0 3 0 0 0 0 0 0 0 3 0 0
P12544 2061 1 0 0 0 0 0 0 0 0 0 0 0 0 0 4 6 0 4 3 5 3 5 3 4 4 18 4 3 3 3 3 3
P12544 2061 2 0 0 0 0 3 0 0 0 0 4 4 7 6 4 4 4 0 3 3 3 3 3 5 6 4 3 4 4 -999 -999 -999
P12544 2061 3 4 7 4 3 3 0 4 5 4 3 3 3 3 3 3 3 3 4 6 5 4 4 0 0 0 0 0 0 0 0 0
P12544 2061 4 0 0 0 4 4 4 5 15 125 83 88 33 53 99 68 83 138 165 131 13 0 0 0 0 0 5 8 54 72 85 -999
P12544 2061 5 152 163 142 133 65 35 0 0 0 0 0 0 0 0 0 0 0 0 0 0 0 0 0 0 0 7 0 0 0 6 16
P12544 2061 6 113 117 137 116 0 0 0 0 0 0 47 31 17 9 7 8 0 0 0 0 0 0 0 0 0 0 0 0 0 0 -999
P12544 2061 7 20 18 6 10 0 0 39 88 0 0 29 41 22 0 0 0 0 0 0 0 0 0 0 5 10 17 52 32 21 23 27
P12544 2061 8 46 14 14 19 21 38 50 17 0 0 0 0 0 0 0 10 8 0 0 0 0 9 55 94 60 26 80 81 49 0 0
P12544 2061 9 0 0 0 0 0 0 0 0 0 0 0 0 11 10 11 19 12 12 9 4 5 5 0 0 0 0 0 0 0 0 -999
P12544 2061 10 5 5 4 4 9 18 7 5 18 9 34 28 4 0 0 3 3 3 4 0 0 0 7 0 8 5 4 4 4 5 8
P12544 2061 11 0 0 0 0 0 0 0 4 9 6 4 0 0 0 0 0 0 0 0 0 0 0 0 0 0 0 0 0 0 0 -999
P12544 2061 12 4 5 4 0 0 0 0 0 0 0 0 0 0 0 0 0 0 0 3 3 0 0 0 0 0 0 0 0 0 4 0
P12544 2062 1 0 0 0 0 0 0 0 0 0 0 0 0 6 4 5 4 4 4 3 0 0 0 0 0 0 0 0 3 0 3 3
P12544 2062 2 3 6 4 4 0 3 3 3 4 3 0 0 0 0 0 0 0 0 23 65 125 121 37 14 28 7 3 0 -999 -999 -999
P12544 2062 3 0 0 0 0 0 3 4 0 0 0 0 0 0 0 5 17 0 0 0 0 5 4 3 3 3 7 4 0 0 0 0
P12544 2062 4 0 3 3 0 0 0 0 0 94 14 22 4 0 0 0 0 0 3 0 0 4 4 4 5 4 4 0 4 14 9 -999
P12544 2062 5 0 0 42 14 0 0 0 10 7 36 24 0 0 0 0 0 0 11 59 16 0 0 0 0 0 0 4 9 8 7 4
P12544 2062 6 5 8 8 0 0 0 0 0 0 24 12 11 27 0 0 0 0 20 60 0 0 0 0 0 0 0 0 0 0 0 -999
P12544 2062 7 0 0 0 0 0 0 0 0 0 0 0 0 0 20 16 8 23 0 0 0 0 38 0 0 0 22 0 0 0 16 14
P12544 2062 8 10 75 32 9 8 6 0 0 0 0 111 83 44 31 16 71 92 18 10 7 9 18 0 0 0 0 21 17 43 15 12
P12544 2062 9 21 65 0 0 0 0 0 0 0 0 0 14 46 0 0 0 0 0 0 0 0 0 0 0 0 8 8 8 31 52 -999
P12544 2062 10 52 0 0 0 0 0 0 13 10 44 15 0 0 0 0 0 0 0 5 4 7 5 4 5 7 11 33 141 30 4 0
P12544 2062 11 0 0 4 8 5 5 6 85 0 0 7 16 16 7 4 0 0 0 4 4 5 6 4 4 4 7 0 0 0 0 -999
P12544 2062 12 4 0 0 0 0 0 4 0 0 6 5 4 0 0 0 5 5 0 3 4 4 3 3 3 4 0 0 0 5 0 0
P12544 2063 1 0 0 0 0 0 0 0 0 0 0 0 0 0 0 0 0 0 0 0 0 0 0 0 0 0 0 3 3 0 0 0
P12544 2063 2 0 0 0 0 0 0 0 4 0 5 0 0 0 0 3 4 0 0 0 0 4 4 0 0 0 0 0 0 -999 -999 -999
P12544 2063 3 5 19 0 0 0 0 4 4 5 6 3 3 4 4 50 19 4 0 0 6 9 7 5 135 163 88 8 18 5 4 0
P12544 2063 4 0 6 6 0 0 0 6 0 0 4 5 4 5 0 0 0 13 12 4 3 0 4 4 4 4 3 5 71 64 4 -999
P12544 2063 5 0 0 0 0 0 0 0 0 0 5 6 13 8 14 6 4 4 5 4 4 3 4 4 0 0 0 0 0 0 0 0
P12544 2063 6 0 0 0 0 0 0 0 4 5 7 18 0 0 0 0 0 0 110 51 16 5 18 88 39 29 69 0 0 0 0 -999
P12544 2063 7 0 0 0 0 0 0 0 0 0 0 0 0 0 0 0 0 0 0 0 0 0 0 0 0 0 0 0 0 13 9 24
P12544 2063 8 0 0 0 0 0 6 29 51 45 0 0 0 0 0 0 0 0 0 0 0 0 50 0 0 0 57 88 86 46 0 0
P12544 2063 9 0 0 0 0 0 0 0 0 5 42 0 0 0 0 0 0 63 19 16 0 0 0 21 13 19 31 65 29 6 10 -999
P12544 2063 10 0 0 4 9 112 124 28 0 3 3 4 4 5 3 3 4 0 0 3 5 24 4 4 0 0 0 0 6 16 4 0
P12544 2063 11 0 10 0 0 0 0 0 0 0 0 5 0 0 0 0 0 0 0 0 6 4 0 0 3 6 19 0 3 4 3 -999
P12544 2063 12 3 3 3 0 0 5 0 0 4 0 3 3 0 3 0 0 0 4 0 0 0 0 3 4 4 0 4 0 0 3 0
P12544 2064 1 0 0 0 3 4 0 0 0 0 0 4 4 4 4 4 4 0 0 0 0 0 81 147 144 0 0 0 0 0 0 0
P12544 2064 2 0 0 0 0 0 0 0 0 0 0 0 0 0 55 7 4 5 4 0 0 0 0 0 0 0 0 22 28 -999 -999 -999
P12544 2064 3 20 0 9 8 4 3 0 3 0 3 3 3 0 3 0 3 0 4 4 0 0 3 6 4 0 0 0 0 0 0 0
P12544 2064 4 0 0 8 20 139 116 0 7 7 0 0 0 0 0 0 4 6 4 3 0 0 0 0 27 20 0 0 15 8 0 -999
P12544 2064 5 4 15 5 0 0 0 0 0 0 0 6 4 3 3 4 0 0 0 4 12 25 46 0 27 61 79 0 117 102 67 61
P12544 2064 6 0 0 0 0 0 8 6 4 7 18 105 0 0 0 0 0 5 20 81 58 0 0 0 30 18 61 117 87 0 0 -999
P12544 2064 7 0 49 0 0 0 49 21 23 30 19 0 0 0 13 59 0 0 0 0 0 56 58 0 0 0 0 0 0 0 0 7
P12544 2064 8 8 19 35 19 9 12 26 24 29 26 32 63 88 83 60 102 108 83 49 19 18 33 0 0 8 32 58 0 0 0 0
P12544 2064 9 8 10 20 14 0 0 0 0 0 78 103 131 124 72 21 0 0 0 14 10 13 106 135 62 0 0 51 10 7 4 -999
P12544 2064 10 3 3 4 3 0 0 0 0 0 6 61 79 0 0 0 0 0 0 0 0 5 4 4 3 4 7 0 0 0 0 0
P12544 2064 11 0 0 0 0 3 3 4 4 0 3 0 0 0 3 6 0 0 0 0 0 0 0 0 19 22 0 0 4 5 23 -999
P12544 2064 12 0 0 0 0 0 0 0 0 4 4 4 0 0 0 0 0 0 0 0 5 4 4 0 3 0 0 3 3 3 3 4
P12544 2065 1 9 10 14 4 0 7 21 138 57 102 66 3 3 0 0 0 0 0 0 0 0 0 0 0 0 0 0 0 0 0 0
P12544 2065 2 3 3 9 5 0 0 0 0 0 0 0 0 0 0 0 0 0 0 0 0 5 0 0 0 3 0 0 3 -999 -999 -999
P12544 2065 3 0 0 0 0 0 3 4 3 0 5 5 0 0 0 0 4 0 4 4 0 0 3 3 3 8 17 10 5 4 5 20
P12544 2065 4 5 3 4 14 9 0 0 0 0 4 89 144 157 163 153 0 0 0 0 0 0 0 0 3 4 6 5 0 7 5 -999
P12544 2065 5 3 0 4 4 0 0 19 68 37 7 9 5 0 0 0 5 4 3 0 3 4 0 0 0 0 0 0 0 0 4 10
P12544 2065 6 6 8 5 5 6 4 4 4 4 17 35 7 4 4 0 0 8 24 27 14 40 84 85 0 0 0 0 0 11 0 -999
P12544 2065 7 0 0 0 0 0 0 0 0 0 0 0 27 53 15 7 19 72 46 8 27 0 0 0 0 0 5 29 0 0 0 0
P12544 2065 8 0 0 0 0 0 0 0 0 0 0 0 0 0 72 41 0 0 0 0 0 0 0 0 0 0 0 0 0 0 0 20
P12544 2065 9 0 0 0 24 0 0 0 0 0 7 9 0 0 0 74 76 0 0 0 13 33 118 102 14 32 21 11 31 25 0 -999
P12544 2065 10 0 0 0 0 0 0 5 0 0 0 0 0 0 0 0 0 4 6 6 4 0 0 4 9 0 0 0 0 0 0 0
P12544 2065 11 4 0 0 0 3 3 3 3 4 0 0 0 0 4 0 6 0 0 0 0 0 0 0 0 0 5 0 0 0 0 -999
P12544 2065 12 0 0 0 0 0 0 0 0 0 4 3 3 3 0 0 0 0 0 0 5 6 7 61 110 7 4 4 0 14 0 4
P12544 2066 1 0 0 0 0 4 0 0 0 0 0 0 0 0 0 0 0 0 0 0 0 0 0 0 0 0 0 0 0 0 0 0
P12544 2066 2 0 0 0 0 0 0 0 0 0 0 0 0 0 0 0 4 0 0 5 0 0 0 0 5 4 5 3 0 -999 -999 -999
P12544 2066 3 7 35 81 68 149 5 3 4 74 90 5 4 4 11 4 3 4 0 0 0 7 5 4 3 3 0 0 4 5 4 4
P12544 2066 4 4 5 4 0 0 0 5 37 63 0 0 0 0 0 0 3 3 3 4 0 4 5 0 0 0 0 0 0 0 4 -999
P12544 2066 5 4 0 0 0 0 3 5 0 0 9 30 0 0 0 19 10 56 29 0 0 5 0 14 5 30 132 0 0 4 0 0
P12544 2066 6 9 0 0 4 5 5 0 7 23 0 0 0 0 0 0 0 0 0 0 0 0 0 0 0 20 7 6 10 25 0 -999
P12544 2066 7 0 0 11 63 60 82 0 0 0 0 0 0 0 0 0 0 0 0 11 110 143 122 49 6 0 4 5 15 50 0 0
P12544 2066 8 0 0 0 0 0 0 0 0 0 0 5 0 0 0 54 64 91 48 0 25 20 21 0 0 0 0 87 90 61 94 73
P12544 2066 9 0 0 0 0 0 0 27 72 19 11 11 0 0 0 0 12 8 12 0 0 0 0 0 0 0 0 0 0 5 8 -999
P12544 2066 10 0 0 0 0 0 0 0 0 0 0 0 11 6 18 4 4 4 4 5 3 0 5 18 111 99 0 12 5 6 5 4
P12544 2066 11 5 4 3 0 8 47 46 32 22 42 56 8 0 0 0 4 4 4 5 4 4 4 3 0 0 5 6 6 3 3 -999
P12544 2066 12 5 97 19 17 0 0 0 4 5 4 4 6 3 4 3 3 3 4 5 0 0 3 4 4 3 6 3 4 0 0 0
P12544 2067 1 0 0 12 58 105 67 70 125 156 52 4 4 45 110 20 4 4 6 7 5 0 10 21 28 10 4 4 4 14 119 143
P12544 2067 2 65 50 13 0 0 0 0 0 4 4 0 5 7 0 0 0 0 3 4 4 13 11 0 0 0 0 0 0 -999 -999 -999
P12544 2067 3 0 0 0 0 0 0 0 0 0 3 0 0 4 0 3 4 6 5 0 4 0 0 4 7 6 3 3 43 5 0 0
P12544 2067 4 0 0 0 0 0 0 5 83 9 4 0 0 0 4 19 148 115 8 5 9 0 0 0 4 4 4 4 3 0 4 -999
P12544 2067 5 0 0 0 0 0 15 38 15 28 143 85 32 32 15 9 10 5 4 7 21 24 4 4 0 0 0 0 0 0 0 0
P12544 2067 6 0 0 0 0 0 0 0 26 122 83 0 0 27 8 27 41 0 0 0 0 0 0 26 5 13 6 0 0 0 0 -999
P12544 2067 7 6 57 0 0 0 0 0 0 0 0 0 0 0 0 6 0 0 0 0 0 0 0 0 78 0 0 0 5 11 38 0
P12544 2067 8 0 0 0 0 0 0 0 0 0 0 0 0 0 0 0 0 0 8 26 0 5 29 49 0 0 0 0 13 0 4 0
P12544 2067 9 0 0 0 0 5 22 91 121 0 75 0 0 0 0 7 5 0 0 0 0 0 0 0 0 0 27 56 62 0 0 -999
P12544 2067 10 0 0 0 0 0 0 15 71 123 56 0 0 0 0 0 0 0 0 0 0 0 0 0 0 0 0 0 0 0 0 5
P12544 2067 11 5 4 4 5 3 3 7 6 3 3 3 3 4 3 4 4 0 4 5 4 0 0 0 0 4 3 0 0 3 3 -999
P12544 2067 12 0 0 0 0 5 5 4 0 4 3 3 4 3 0 0 0 0 0 0 3 0 0 0 0 0 0 0 0 0 0 0
P12544 2068 1 0 0 0 0 0 0 0 0 0 3 3 3 0 0 0 0 0 14 0 0 0 0 0 0 4 4 8 0 4 3 3
P12544 2068 2 3 0 3 3 0 3 4 7 11 28 4 0 27 6 9 20 58 0 0 0 3 0 0 6 15 0 0 0 -999 -999 -999
P12544 2068 3 0 0 4 5 58 40 0 0 0 52 6 4 0 0 0 0 4 6 14 39 4 0 0 4 4 8 0 0 0 0 4
P12544 2068 4 4 3 3 3 3 3 0 0 0 0 0 0 0 0 0 0 0 0 0 0 5 4 4 4 4 3 4 4 3 0 -999
P12544 2068 5 0 0 0 6 82 164 154 17 6 3 3 6 29 6 5 4 5 12 14 11 6 6 0 0 7 13 0 0 8 78 109
P12544 2068 6 100 0 45 30 0 0 0 0 0 0 0 0 4 6 0 0 0 0 11 47 79 0 0 0 0 0 0 0 0 0 -999
P12544 2068 7 0 0 0 0 7 23 6 0 0 0 0 0 0 0 0 0 0 0 0 0 0 0 0 5 19 23 0 43 0 0 0
P12544 2068 8 0 0 0 0 0 0 0 0 20 54 0 0 0 0 0 0 0 0 0 0 0 0 0 47 82 91 0 0 0 0 0
P12544 2068 9 0 0 0 0 0 0 0 0 0 0 0 0 0 0 0 0 0 7 14 99 111 30 8 5 54 92 52 17 13 92 -999
P12544 2068 10 11 26 57 10 0 0 4 4 7 0 0 0 13 37 6 0 0 8 20 6 3 4 6 4 3 0 0 0 4 5 0
P12544 2068 11 0 0 0 0 0 0 0 0 0 0 0 0 0 0 0 4 3 0 0 0 4 6 5 4 5 0 0 0 11 8 -999
P12544 2068 12 0 4 4 3 4 5 4 0 0 4 5 3 3 3 4 4 12 6 5 0 4 4 0 0 0 3 3 0 0 0 0
P12544 2069 1 0 0 0 0 0 0 3 3 3 4 4 4 4 0 0 0 0 0 0 0 0 0 0 0 8 5 4 4 4 9 4
P12544 2069 2 3 4 3 0 3 9 3 3 3 4 3 3 3 3 4 0 0 0 0 0 0 0 0 0 0 0 0 3 -999 -999 -999
P12544 2069 3 4 4 4 3 5 0 0 0 6 5 4 6 0 0 0 0 0 0 0 0 0 0 0 3 3 0 3 4 4 3 0
P12544 2069 4 3 3 0 0 0 0 5 29 9 4 6 5 4 4 7 4 5 4 5 4 3 3 0 3 4 4 3 5 9 62 -999
P12544 2069 5 8 4 4 0 4 5 8 9 4 3 3 0 0 0 4 5 4 4 5 11 30 6 0 4 6 14 6 13 12 6 0
P12544 2069 6 4 5 12 10 0 0 0 21 25 54 55 20 10 15 0 0 0 0 0 0 34 6 71 131 0 0 0 0 0 6 -999
P12544 2069 7 15 10 7 10 0 0 0 0 0 0 98 89 78 112 0 0 0 0 119 0 0 8 32 110 83 0 0 75 115 76 0
P12544 2069 8 0 0 0 20 25 0 0 0 0 0 0 0 0 0 0 0 0 0 0 0 0 62 135 145 132 64 0 15 10 0 0
P12544 2069 9 0 48 76 120 41 10 15 6 4 5 4 7 11 10 29 33 45 65 100 54 14 15 17 11 13 10 6 5 4 7 -999
P12544 2069 10 5 17 20 8 21 21 0 0 0 0 0 0 0 0 4 4 4 0 0 0 4 9 5 4 4 7 0 0 0 0 4
P12544 2069 11 6 7 4 3 0 0 0 0 5 17 77 154 165 118 17 6 0 0 0 0 4 4 0 4 6 3 3 3 4 3 -999
P12544 2069 12 0 0 4 10 85 160 103 4 0 0 0 0 0 0 0 0 0 0 0 0 0 0 4 3 0 0 3 0 0 0 0
P12544 2070 1 21 7 4 3 3 3 0 0 3 3 0 0 0 3 0 0 0 4 3 3 3 4 9 5 3 3 3 3 0 4 5
P12544 2070 2 6 4 3 3 0 0 0 4 4 4 4 10 14 0 0 9 16 5 0 0 0 4 4 4 4 4 4 5 -999 -999 -999
P12544 2070 3 5 0 0 0 0 0 0 0 0 22 74 76 5 7 0 0 0 3 3 3 4 4 3 0 6 16 0 0 0 0 0
P12544 2070 4 7 69 6 0 4 4 3 3 3 3 3 4 4 0 5 4 8 5 4 0 4 9 4 4 4 4 0 5 18 0 -999
P12544 2070 5 0 0 0 5 5 6 5 5 4 3 3 4 5 109 10 5 0 3 4 6 0 0 0 8 37 39 10 13 30 29 80
P12544 2070 6 138 150 93 19 8 19 35 0 0 0 0 0 0 79 112 0 0 0 0 0 0 0 0 0 0 0 0 6 8 24 -999
P12544 2070 7 97 105 136 0 0 0 0 0 0 0 0 0 0 0 0 0 0 0 0 0 0 0 0 0 0 0 0 9 92 102 55
P12544 2070 8 36 42 55 47 0 0 0 0 108 0 0 0 0 0 0 0 0 0 0 0 0 0 0 0 0 0 0 0 0 0 0
P12544 2070 9 0 0 0 0 23 129 63 0 0 0 0 0 7 9 26 49 22 0 10 16 16 11 80 114 116 116 44 65 62 35 -999
P12544 2070 10 54 98 139 124 29 58 50 62 107 107 15 32 68 56 13 31 58 11 6 27 4 6 4 4 0 0 0 0 4 5 38
P12544 2070 11 157 144 72 5 4 0 3 4 5 5 3 3 3 3 4 3 4 31 0 3 3 4 4 4 0 0 0 0 0 4 -999
P12544 2070 12 0 0 4 0 0 0 0 0 0 0 0 0 0 0 0 0 0 0 3 0 0 4 3 0 3 0 0 3 3 3 0
P12544 2071 1 0 3 3 4 4 0 0 0 5 5 3 3 3 3 3 5 99 40 20 4 4 4 4 4 4 3 0 0 0 3 3
P12544 2071 2 3 0 0 0 3 3 3 0 4 0 0 0 0 0 0 0 0 0 3 3 3 3 0 0 3 3 4 3 -999 -999 -999
P12544 2071 3 0 0 0 0 0 3 0 0 0 3 3 0 0 0 0 12 29 12 8 0 0 0 0 0 0 0 6 4 5 15 0
P12544 2071 4 0 0 0 0 0 0 6 10 0 0 0 0 0 0 0 0 0 0 0 0 13 11 0 19 0 0 0 0 0 0 -999
P12544 2071 5 0 0 0 0 0 40 0 0 0 0 0 0 0 5 5 7 4 6 51 77 85 135 0 0 0 0 0 0 4 6 0
P12544 2071 6 43 75 75 37 25 73 96 7 4 0 23 21 0 0 5 9 5 4 0 0 0 0 0 0 0 10 0 0 0 0 -999
P12544 2071 7 0 0 0 0 0 0 4 35 0 0 0 45 0 0 0 0 0 0 0 0 0 0 14 76 65 0 0 0 0 0 0
P12544 2071 8 0 0 15 7 18 68 0 0 0 15 32 61 83 51 81 0 0 0 4 25 29 85 56 0 0 0 0 0 0 0 0
P12544 2071 9 0 8 13 26 10 7 0 11 17 30 0 0 22 0 0 0 0 0 0 25 106 142 51 0 0 0 13 0 0 0 -999
P12544 2071 10 0 5 9 0 0 0 6 7 9 6 8 0 0 0 0 0 0 0 0 0 0 0 0 0 11 5 0 0 0 0 0
P12544 2071 11 3 3 0 0 0 5 5 5 28 33 9 4 3 0 0 4 11 0 0 0 0 0 0 0 0 0 4 4 0 0 -999
P12544 2071 12 0 0 3 0 3 3 4 8 0 0 0 0 0 0 0 0 0 0 0 0 0 0 0 0 0 0 0 0 0 0 0
P12544 2072 1 0 0 0 0 0 3 5 0 0 3 4 7 0 0 3 5 0 0 0 0 0 4 5 21 0 0 0 3 3 3 3
P12544 2072 2 0 0 0 3 3 3 0 3 0 4 3 3 3 8 5 26 16 9 4 10 4 3 3 3 4 0 4 5 -999 -999 -999
P12544 2072 3 0 0 0 4 7 27 4 3 3 0 0 3 6 0 0 0 0 0 4 31 16 35 100 77 0 0 0 0 153 22 0
P12544 2072 4 0 0 0 0 0 87 69 129 149 114 22 6 0 0 71 125 39 11 16 0 0 0 127 145 126 132 0 155 139 54 -999
P12544 2072 5 28 26 16 85 113 51 25 23 17 79 50 22 0 0 0 0 0 10 9 0 0 36 16 6 4 0 0 0 15 16 14
P12544 2072 6 20 17 80 105 0 0 4 15 51 30 0 0 0 0 21 0 0 6 26 7 0 0 36 29 19 42 0 0 0 0 -999
P12544 2072 7 0 0 0 0 0 4 6 0 0 0 0 0 0 0 0 0 0 0 0 10 31 40 29 34 0 0 0 0 0 0 0
P12544 2072 8 0 0 0 0 0 0 5 0 0 0 0 0 0 0 8 17 23 14 14 17 0 0 0 0 0 0 0 0 0 0 0
P12544 2072 9 0 0 39 49 16 7 9 0 0 0 0 0 0 0 0 14 13 33 109 0 0 0 0 0 0 0 25 28 19 9 -999
P12544 2072 10 9 12 10 5 9 9 4 7 0 0 0 0 0 0 0 0 13 12 0 0 5 4 0 7 5 7 4 0 5 5 5
P12544 2072 11 4 4 0 5 4 4 7 15 4 7 3 4 5 0 0 0 0 0 0 0 0 4 4 6 14 4 4 23 74 0 -999
P12544 2072 12 34 0 0 0 0 3 3 3 0 3 0 0 0 0 0 0 0 0 0 0 0 0 0 0 0 0 4 0 0 0 0
P12544 2073 1 0 0 0 0 0 0 0 0 0 0 0 0 0 0 0 0 0 0 0 0 0 0 0 0 0 0 0 0 0 0 0
P12544 2073 2 0 0 4 4 3 0 0 0 3 3 4 11 27 8 3 3 3 20 5 0 0 0 0 0 0 0 0 0 -999 -999 -999
P12544 2073 3 0 0 0 0 0 0 0 4 4 4 5 0 0 0 0 0 4 5 5 5 4 4 4 0 0 0 0 4 3 4 0
P12544 2073 4 0 0 6 10 0 0 0 0 0 0 0 0 0 0 0 30 15 7 56 43 6 4 0 0 11 14 8 0 0 0 -999
P12544 2073 5 4 8 0 0 0 0 0 4 5 0 0 0 0 4 5 27 4 3 4 17 4 0 4 5 5 0 4 4 0 0 9
P12544 2073 6 0 0 0 0 0 0 0 0 0 0 0 5 32 11 0 0 0 0 0 40 61 0 0 0 0 4 11 0 0 0 -999
P12544 2073 7 0 0 0 0 0 0 131 127 0 0 0 0 0 0 0 11 0 0 0 0 0 0 5 0 0 0 0 0 0 0 0
P12544 2073 8 0 0 0 0 69 104 0 0 0 0 0 0 0 0 0 0 0 0 102 99 21 0 7 8 25 0 0 114 27 0 0
P12544 2073 9 16 0 0 9 48 32 8 5 0 0 4 8 10 0 0 0 0 0 0 38 23 25 19 0 0 6 19 24 49 0 -999
P12544 2073 10 6 17 0 0 0 0 4 44 11 0 8 9 37 23 9 11 14 27 6 9 0 0 0 0 0 41 13 8 23 0 0
P12544 2073 11 30 72 10 0 0 4 8 78 6 3 4 3 4 0 0 0 0 0 0 6 0 0 0 8 5 5 4 4 5 4 -999
P12544 2073 12 4 7 5 6 3 3 3 0 0 0 0 0 0 0 0 0 3 0 0 3 3 3 0 0 3 11 0 0 0 0 0
P12544 2074 1 0 0 0 0 0 0 0 0 0 0 0 0 0 0 0 0 0 0 5 10 0 0 0 0 0 0 0 0 0 0 0
P12544 2074 2 0 0 0 0 0 0 0 3 3 3 0 0 0 0 0 0 0 0 0 0 0 0 0 0 0 4 17 0 -999 -999 -999
P12544 2074 3 0 0 5 0 0 0 0 0 0 0 0 0 0 0 4 3 0 0 0 4 6 0 0 0 0 0 0 0 0 0 18
P12544 2074 4 43 0 0 0 0 0 0 0 0 0 0 0 0 0 0 0 0 0 0 0 0 0 0 4 10 14 10 4 0 0 -999
P12544 2074 5 0 0 0 36 133 155 130 22 9 26 97 77 14 7 0 0 5 4 4 5 14 4 4 0 0 4 10 70 98 20 0
P12544 2074 6 0 0 0 0 0 0 6 9 0 0 0 0 43 30 36 46 55 13 14 5 4 20 26 49 0 0 0 0 0 0 -999
P12544 2074 7 0 8 73 142 74 0 0 0 0 0 0 6 26 17 38 52 0 0 0 0 0 0 0 72 112 60 45 0 0 0 90
P12544 2074 8 0 0 0 0 0 0 0 5 0 0 0 0 12 4 0 0 0 0 7 0 0 0 0 0 0 0 0 0 0 0 0
P12544 2074 9 0 0 0 0 0 0 23 25 43 12 0 0 0 0 0 0 17 8 5 4 4 14 8 39 5 7 13 4 0 0 -999
P12544 2074 10 0 0 5 4 0 0 0 4 8 4 0 0 0 0 0 0 0 0 12 8 0 0 0 0 0 0 0 0 6 4 0
P12544 2074 11 0 3 3 0 0 0 0 0 4 4 17 22 5 36 0 0 8 39 78 0 152 149 14 4 5 18 18 6 5 6 -999
P12544 2074 12 0 0 7 5 0 11 0 0 4 0 6 5 4 13 8 5 4 3 3 3 3 4 4 0 0 0 20 21 4 3 3
P12544 2075 1 5 96 146 4 3 3 3 3 3 0 0 0 3 4 0 0 0 0 0 0 0 0 0 0 0 0 0 0 5 4 4
P12544 2075 2 3 0 0 0 4 4 3 3 3 0 3 3 3 4 5 0 4 0 0 4 13 34 4 0 0 0 0 0 -999 -999 -999
P12544 2075 3 0 0 0 0 25 122 66 0 0 84 24 4 15 4 4 4 3 3 4 3 3 4 7 5 3 3 4 4 4 4 5
P12544 2075 4 5 0 3 0 0 0 4 4 0 0 0 0 0 0 0 4 5 3 4 4 0 3 4 0 9 42 0 0 0 0 -999
P12544 2075 5 11 44 105 5 4 6 13 8 7 4 5 7 16 9 5 4 4 30 10 35 6 6 4 0 0 0 4 18 0 0 0
P12544 2075 6 0 0 0 0 7 23 0 0 0 0 12 21 5 0 5 0 0 0 0 0 10 0 0 0 28 39 0 0 0 0 -999
P12544 2075 7 0 0 0 0 4 6 0 0 0 0 0 0 0 42 158 125 16 12 26 0 0 0 0 6 27 35 101 127 98 112 97
P12544 2075 8 44 0 0 38 43 55 92 66 44 67 0 0 0 0 0 0 72 52 34 0 43 54 35 46 0 30 0 0 0 0 0
P12544 2075 9 0 0 0 0 0 0 0 0 0 0 0 0 0 0 10 8 12 10 20 0 0 0 0 0 0 0 59 45 17 10 -999
P12544 2075 10 11 9 9 7 3 3 0 4 6 0 0 0 0 0 0 0 5 0 16 16 4 3 0 0 4 0 4 7 6 0 0
P12544 2075 11 4 4 10 15 58 27 61 19 6 4 3 3 3 3 0 3 4 4 0 3 3 0 0 0 0 0 6 5 0 0 -999
P12544 2075 12 0 0 0 0 4 4 3 5 5 7 4 3 3 3 0 0 0 0 0 0 0 0 0 0 0 0 5 0 0 0 0
P12544 2076 1 0 0 0 0 0 0 0 0 0 0 0 0 0 0 3 0 0 0 0 0 0 0 0 0 0 0 0 5 0 0 0
P12544 2076 2 0 3 3 0 0 0 0 3 4 4 0 0 0 0 0 0 0 0 3 0 4 0 0 0 0 0 0 0 -999 -999 -999
P12544 2076 3 0 0 0 0 0 4 4 0 0 36 32 0 0 0 0 5 4 9 4 0 0 0 0 0 0 0 0 0 0 0 0
P12544 2076 4 0 25 6 10 47 0 0 0 0 0 0 6 10 0 0 8 0 0 0 0 133 140 69 12 0 0 0 12 0 0 -999
P12544 2076 5 4 45 12 4 0 0 0 0 0 0 0 0 23 39 0 0 3 5 20 83 8 6 7 4 6 10 72 54 7 5 6
P12544 2076 6 5 13 10 0 0 8 6 9 0 0 0 0 0 19 0 0 0 0 0 0 0 14 0 0 0 0 0 17 0 0 -999
P12544 2076 7 0 5 16 19 7 5 8 18 32 52 45 0 0 0 10 5 0 0 0 0 30 0 0 0 0 0 0 0 0 0 0
P12544 2076 8 0 0 0 0 0 0 0 0 0 0 0 0 0 0 0 0 6 0 0 0 0 14 6 19 0 0 0 0 0 0 31
P12544 2076 9 44 39 50 20 6 7 0 0 0 0 0 0 0 0 10 60 118 85 0 0 0 10 7 15 74 0 28 38 12 4 -999
P12544 2076 10 0 5 5 11 0 0 0 0 0 0 6 10 76 27 25 4 4 4 7 0 4 4 4 3 0 0 0 6 0 0 0
P12544 2076 11 0 0 4 4 0 0 0 3 4 6 6 6 19 9 18 0 135 149 7 0 0 0 0 5 7 0 0 0 0 0 -999
P12544 2076 12 0 0 0 0 0 0 0 0 3 0 0 0 0 0 0 4 0 0 0 0 0 0 0 0 0 0 0 0 0 4 8
P12544 2077 1 0 0 0 0 0 0 0 0 0 0 0 3 3 3 3 0 0 0 14 104 0 16 7 12 4 3 4 3 0 0 0
P12544 2077 2 0 0 0 3 4 13 18 0 0 0 0 0 0 0 4 4 4 4 0 0 0 0 0 0 0 0 0 0 -999 -999 -999
P12544 2077 3 0 0 0 4 4 4 4 5 4 4 9 4 5 11 39 127 160 167 34 8 53 0 0 0 0 5 4 0 4 4 0
P12544 2077 4 0 0 0 0 0 0 0 4 4 3 3 3 0 0 0 0 0 0 0 0 0 0 0 0 0 0 0 0 0 0 -999
P12544 2077 5 0 0 0 0 0 12 135 158 90 7 9 0 0 0 0 0 0 0 0 0 6 7 44 93 48 28 18 19 6 0 8
P12544 2077 6 11 9 8 25 42 8 7 0 16 47 149 108 23 10 11 25 28 34 24 0 0 0 0 6 10 17 89 0 0 0 -999
P12544 2077 7 0 0 0 0 15 103 74 17 35 40 0 0 0 0 0 0 6 6 19 0 0 0 0 0 0 0 0 0 0 0 0
P12544 2077 8 11 35 75 99 0 0 0 0 0 5 12 14 28 42 47 49 59 0 0 0 0 0 0 0 0 23 90 0 0 0 5
P12544 2077 9 0 0 0 0 0 0 0 0 0 0 0 0 0 0 0 0 0 0 0 0 0 0 0 0 0 0 0 8 11 23 -999
P12544 2077 10 0 4 0 0 0 17 0 0 0 0 0 0 0 0 5 5 8 5 4 4 4 22 18 0 0 0 0 9 13 0 0
P12544 2077 11 0 0 6 7 6 3 4 34 10 5 5 4 5 14 21 4 3 3 3 0 0 5 12 19 24 25 22 7 7 0 -999
P12544 2077 12 0 0 0 0 0 0 0 0 0 4 4 3 3 3 3 3 4 12 4 3 3 3 3 4 4 4 8 4 4 4 6
P12544 2078 1 0 6 4 3 4 4 0 3 4 4 4 0 0 0 0 0 0 0 0 0 0 3 3 3 0 0 0 0 0 0 0
P12544 2078 2 0 0 4 0 4 4 5 0 0 3 3 4 4 3 3 0 0 0 0 0 0 0 0 4 0 0 0 0 -999 -999 -999
P12544 2078 3 0 0 0 0 0 0 3 3 0 0 27 21 4 4 4 0 0 0 0 0 3 0 3 3 3 0 4 4 3 3 3
P12544 2078 4 4 4 3 11 5 4 4 4 3 0 0 0 0 6 6 6 9 95 67 10 0 0 0 5 0 0 0 0 36 23 -999
P12544 2078 5 7 6 4 4 7 4 3 4 0 4 4 6 37 141 33 8 47 32 44 0 0 5 6 0 0 4 5 4 0 3 0
P12544 2078 6 0 4 8 5 4 0 0 0 0 4 10 56 64 0 0 0 0 0 0 0 0 0 0 10 50 0 0 0 18 7 -999
P12544 2078 7 7 84 0 0 0 0 0 0 0 0 0 0 0 0 0 0 0 0 0 0 0 0 0 0 0 0 0 0 0 7 0
P12544 2078 8 0 0 0 113 0 0 12 0 0 0 0 0 31 0 0 0 18 67 0 0 0 0 0 0 0 5 102 41 0 0 0
P12544 2078 9 0 0 10 70 11 10 0 0 0 0 0 0 0 23 0 0 90 92 81 51 22 23 0 0 0 0 0 0 0 5 -999
P12544 2078 10 11 4 11 5 61 0 0 0 0 0 0 0 0 0 0 0 0 0 0 0 0 0 7 0 0 8 0 0 0 0 0
P12544 2078 11 0 0 35 21 9 0 0 0 5 3 0 0 0 0 0 0 3 0 0 4 0 0 0 6 0 0 3 3 3 3 -999
P12544 2078 12 3 0 0 0 0 0 0 0 0 0 0 0 0 0 6 63 12 0 0 0 0 0 0 0 6 4 4 4 4 3 4
P12544 2079 1 19 0 0 4 0 0 0 0 0 0 0 0 0 0 0 0 0 0 0 0 0 0 0 0 0 0 0 4 0 0 0
P12544 2079 2 0 0 0 0 5 19 9 4 4 4 0 0 0 79 37 0 0 0 0 5 31 6 12 41 7 10 81 84 -999 -999 -999
P12544 2079 3 9 10 11 3 3 3 0 0 0 0 0 7 5 8 11 0 0 0 0 0 31 114 31 8 0 0 0 0 0 0 0
P12544 2079 4 35 101 10 8 84 0 10 14 0 0 0 0 0 0 0 0 0 0 4 6 0 0 0 0 0 0 0 0 0 18 -999
P12544 2079 5 8 37 10 36 0 0 0 0 0 0 0 0 0 0 53 0 0 0 0 0 0 0 0 7 6 19 12 6 8 12 41
P12544 2079 6 11 0 0 0 0 6 7 16 75 16 13 11 0 0 0 0 0 0 0 0 0 0 0 0 0 0 0 52 89 59 -999
P12544 2079 7 0 0 0 0 0 22 0 0 0 0 0 0 0 0 40 0 80 90 0 0 0 0 0 0 0 17 19 17 14 0 0
P12544 2079 8 0 46 84 70 0 0 0 0 0 7 12 47 27 14 39 65 0 0 0 0 69 25 69 0 0 0 0 0 0 0 0
P12544 2079 9 0 0 27 36 29 15 111 133 0 72 26 19 0 0 0 0 22 38 79 16 6 18 0 20 8 21 36 12 20 41 -999
P12544 2079 10 109 157 163 154 0 0 0 18 0 0 0 0 11 0 0 0 0 0 7 7 7 4 4 3 3 3 3 3 0 0 0
P12544 2079 11 0 4 6 4 4 0 0 0 0 0 0 0 0 0 0 0 0 0 0 0 4 4 4 0 0 4 3 3 3 5 -999
P12544 2079 12 6 0 0 0 4 4 4 4 3 3 3 0 0 0 3 3 4 4 3 4 0 0 4 0 0 0 0 0 0 0 0
P12544 2080 1 0 0 0 0 0 0 0 0 0 0 0 0 4 8 0 0 0 0 4 11 89 5 4 4 4 0 0 3 0 0 0
P12544 2080 2 0 0 0 4 0 0 0 0 0 3 5 5 4 0 0 0 0 0 0 0 4 4 6 0 0 0 0 0 -999 -999 -999
P12544 2080 3 0 0 0 0 0 0 0 0 0 0 0 0 0 0 0 0 0 0 0 0 5 0 0 0 0 0 0 0 0 0 0
P12544 2080 4 5 4 4 9 5 9 8 3 3 3 3 4 0 0 0 4 5 4 4 4 4 4 4 7 6 22 47 10 5 0 -999
P12544 2080 5 86 165 47 6 0 0 8 0 0 0 0 0 0 0 0 0 0 11 30 7 4 4 6 9 0 0 0 0 0 41 57
P12544 2080 6 11 30 67 29 0 0 8 22 39 4 0 0 13 48 126 74 0 0 53 0 0 24 7 33 85 26 79 79 0 13 -999
P12544 2080 7 48 21 9 52 0 0 0 0 5 26 0 0 0 18 0 0 0 0 0 0 0 0 0 0 0 0 0 8 0 0 0
P12544 2080 8 0 0 0 0 13 46 67 55 58 31 0 0 0 0 0 0 0 0 0 0 0 34 42 25 4 4 4 0 0 0 0
P12544 2080 9 0 0 0 0 8 0 0 0 0 66 133 147 61 41 5 12 5 0 0 0 0 41 50 56 7 5 20 0 0 0 -999
P12544 2080 10 0 0 0 0 0 0 0 0 0 0 0 4 3 0 0 0 0 0 0 0 0 4 5 5 5 17 94 0 0 0 0
P12544 2080 11 0 0 0 4 6 35 4 0 4 3 9 0 0 0 0 0 4 0 0 0 0 4 0 4 0 0 4 4 4 0 -999
P12544 2080 12 0 0 0 0 0 0 0 3 3 3 6 51 6 4 3 0 0 0 0 0 0 0 4 5 147 168 125 5 0 0 0
P12544 2081 1 0 0 0 0 0 0 0 0 0 0 0 0 0 0 0 0 0 0 4 5 6 3 3 0 0 4 0 0 0 0 0
P12544 2081 2 0 4 5 6 4 5 0 0 0 0 0 0 0 0 0 0 3 4 4 6 4 4 4 3 0 3 3 3 -999 -999 -999
P12544 2081 3 0 0 0 0 0 0 0 0 0 3 3 3 3 3 8 4 8 3 3 4 4 5 18 4 4 17 8 7 6 4 21
P12544 2081 4 103 14 0 0 12 0 0 0 0 0 0 0 0 0 0 0 4 4 0 0 0 7 14 54 0 0 0 10 8 9 -999
P12544 2081 5 8 7 0 0 0 4 4 3 0 0 0 0 0 0 0 0 5 0 0 9 4 4 4 6 7 5 25 35 4 4 0
P12544 2081 6 0 0 4 5 0 10 55 133 34 12 38 18 4 10 16 0 0 7 39 29 0 0 0 0 13 8 24 0 0 0 -999
P12544 2081 7 0 71 86 0 0 0 0 0 0 0 0 0 0 0 0 0 0 71 60 38 15 0 0 0 0 0 44 27 30 42 50
P12544 2081 8 0 0 0 0 0 0 0 0 0 6 4 6 0 48 73 116 122 10 11 19 22 9 0 43 56 46 18 0 0 8 34
P12544 2081 9 10 0 11 0 25 0 0 0 0 0 0 0 0 69 0 0 0 28 66 65 43 40 66 110 90 50 6 16 16 6 -999
P12544 2081 10 0 0 9 68 0 0 0 0 0 20 108 78 69 12 7 17 120 130 149 6 4 0 0 0 0 0 0 4 4 0 4
P12544 2081 11 12 0 0 53 28 5 0 0 0 0 9 5 4 0 4 4 10 26 4 4 14 4 4 3 0 0 0 0 4 4 -999
P12544 2081 12 3 3 3 4 5 4 4 5 14 0 0 6 0 0 0 0 0 0 0 4 5 4 3 4 4 4 3 10 17 0 0
P12544 2082 1 0 26 0 0 0 0 3 4 0 0 0 0 0 0 4 4 0 0 0 0 0 0 0 0 0 0 4 4 5 13 6
P12544 2082 2 0 0 0 0 5 0 0 0 0 0 0 4 0 0 0 0 0 0 0 0 0 0 0 0 0 0 0 0 -999 -999 -999
P12544 2082 3 0 0 3 4 0 0 0 0 0 9 4 0 0 3 0 0 3 3 4 5 0 0 19 4 5 0 0 0 0 0 112
P12544 2082 4 0 0 144 164 57 5 11 19 9 13 4 5 10 5 0 7 5 8 32 142 165 159 89 22 82 21 10 7 9 14 -999
P12544 2082 5 0 8 0 0 0 0 0 0 0 0 0 0 0 0 0 0 0 0 6 0 0 70 83 50 0 0 0 0 0 0 0
P12544 2082 6 6 7 16 13 9 7 6 7 5 8 8 0 0 19 11 14 25 29 5 5 14 7 14 0 0 27 29 0 0 0 -999
P12544 2082 7 0 7 41 104 0 0 0 0 0 0 6 80 76 12 0 7 0 0 0 0 0 0 0 0 0 0 0 0 0 0 56
P12544 2082 8 20 31 27 18 0 0 0 0 0 0 52 0 0 0 0 0 0 0 0 19 0 0 6 9 20 93 94 0 0 0 0
P12544 2082 9 0 0 0 0 129 91 8 5 0 0 0 0 0 0 0 0 0 0 0 0 36 97 156 137 110 0 0 0 0 0 -999
P12544 2082 10 0 0 0 0 0 0 111 0 0 0 0 0 0 0 0 5 3 4 5 4 4 4 0 4 0 6 0 0 0 0 0
P12544 2082 11 0 6 0 0 0 0 0 0 3 3 3 4 0 4 5 13 4 0 0 4 5 6 4 4 6 43 3 3 3 3 -999
P12544 2082 12 0 3 3 0 0 0 0 0 0 0 0 0 0 0 0 0 0 0 0 0 0 0 0 0 0 0 0 0 0 0 0
P12544 2083 1 0 0 0 0 0 0 3 3 4 4 0 0 4 4 9 75 116 88 24 45 70 74 33 10 5 0 5 9 0 5 5
P12544 2083 2 0 3 3 4 0 0 0 3 4 3 3 4 4 3 0 3 4 3 5 41 5 4 3 3 5 0 5 4 -999 -999 -999
P12544 2083 3 12 4 0 0 0 4 19 4 0 0 4 0 0 0 4 0 0 0 3 3 0 0 0 0 0 0 4 4 5 5 3
P12544 2083 4 4 7 6 3 4 0 0 4 0 5 4 4 3 4 9 19 4 4 5 3 3 3 4 0 0 0 0 0 0 0 -999
P12544 2083 5 0 0 6 10 85 24 0 0 8 16 4 10 21 73 112 86 29 12 10 4 4 5 13 38 20 10 29 26 0 0 0
P12544 2083 6 0 0 0 7 7 0 0 0 0 0 0 0 56 17 6 7 12 31 53 67 17 0 0 12 31 50 31 28 34 24 -999
P12544 2083 7 34 57 52 75 100 0 0 0 0 0 0 21 17 30 0 0 0 0 0 0 57 85 64 0 0 0 8 19 7 14 8
P12544 2083 8 6 25 60 0 0 0 0 21 0 0 0 0 0 0 0 0 0 0 0 0 0 0 7 13 15 12 0 39 0 0 35
P12544 2083 9 5 0 0 0 14 0 40 0 0 0 0 0 0 0 0 0 6 7 0 0 43 97 39 24 8 0 0 0 0 91 -999
P12544 2083 10 63 36 76 36 5 0 0 0 0 0 0 4 0 4 0 0 0 0 0 0 0 0 4 7 25 17 0 0 0 0 6
P12544 2083 11 0 0 0 17 8 6 6 7 11 6 0 0 4 6 4 3 3 3 3 3 4 0 4 4 9 0 0 3 4 0 -999
P12544 2083 12 0 0 0 0 0 0 4 3 0 0 0 0 0 0 0 0 7 5 0 0 0 0 0 0 0 0 0 0 0 0 0
P12544 2084 1 0 3 3 3 0 0 0 0 0 0 0 0 4 0 0 0 0 4 5 3 3 3 5 4 0 0 0 0 0 0 0
P12544 2084 2 0 0 0 0 0 0 0 0 0 0 0 4 4 6 0 0 3 4 6 6 4 0 11 10 10 4 11 7 -999 -999 -999
P12544 2084 3 4 4 5 15 44 123 100 0 0 18 103 122 30 7 3 3 4 5 4 3 3 3 4 4 5 0 0 55 30 53 21
P12544 2084 4 4 4 13 47 31 8 0 3 4 4 5 3 0 3 3 3 3 0 0 4 7 0 0 0 0 0 13 4 6 0 -999
P12544 2084 5 0 0 5 8 23 4 4 4 17 0 0 6 0 0 5 0 0 0 0 0 0 0 51 102 83 45 46 49 15 5 4
P12544 2084 6 4 0 0 0 0 0 0 0 4 64 68 72 64 83 102 9 0 0 0 0 0 0 19 29 25 18 37 47 16 0 -999
P12544 2084 7 0 0 0 0 0 0 0 0 0 0 0 0 0 8 5 0 0 6 19 15 0 0 23 27 0 0 0 0 0 0 49
P12544 2084 8 0 0 0 0 0 0 0 0 0 0 13 75 89 30 32 150 155 71 22 37 44 0 0 0 0 0 0 7 13 21 43
P12544 2084 9 68 87 91 52 15 11 0 41 46 0 25 14 18 49 67 70 47 0 0 0 0 0 0 0 0 0 0 0 0 0 -999
P12544 2084 10 0 0 0 0 0 4 10 0 0 0 0 0 0 0 0 12 11 0 15 36 12 0 4 4 3 0 0 0 0 0 0
P12544 2084 11 0 0 0 0 3 3 3 3 3 11 60 9 6 22 10 0 0 0 0 0 0 0 0 0 0 0 0 0 0 0 -999
P12544 2084 12 0 0 0 3 7 0 0 0 0 0 0 0 0 0 0 0 0 0 0 0 0 0 0 3 0 3 3 0 0 0 0
P12544 2085 1 0 0 0 0 0 0 0 0 0 0 0 0 0 0 0 0 0 0 0 0 0 0 0 0 0 0 0 0 0 0 0
P12544 2085 2 0 0 0 0 0 0 0 0 0 0 0 0 0 0 0 0 7 15 0 0 0 0 0 0 0 0 7 7 -999 -999 -999
P12544 2085 3 0 0 0 0 5 0 0 0 0 0 7 5 10 5 7 10 17 8 6 5 3 8 4 4 3 0 4 4 4 10 4
P12544 2085 4 3 3 3 4 0 0 0 5 42 0 6 4 0 0 6 11 0 0 0 4 4 0 0 0 5 4 7 6 4 5 -999
P12544 2085 5 8 19 0 21 11 6 4 4 0 6 11 6 5 7 6 0 5 9 14 11 14 9 4 0 4 5 4 0 0 4 8
P12544 2085 6 0 0 0 0 0 0 62 75 68 94 101 39 0 0 0 0 9 44 27 45 100 20 21 0 0 0 71 137 52 51 -999
P12544 2085 7 0 0 0 0 0 0 0 0 0 0 0 0 0 0 0 6 14 18 8 0 0 0 0 0 0 0 0 0 0 13 8
P12544 2085 8 18 0 33 15 12 16 0 0 0 0 0 0 0 0 0 0 0 0 0 0 0 0 0 0 0 0 0 0 0 0 0
P12544 2085 9 0 22 15 0 0 0 0 0 0 5 8 0 0 0 0 0 0 0 0 0 0 11 18 44 22 42 0 0 0 5 -999
P12544 2085 10 7 8 40 84 49 8 8 29 80 91 40 25 141 160 151 41 43 126 0 0 0 0 0 5 6 0 0 0 0 0 0
P12544 2085 11 0 4 53 13 5 3 0 3 0 0 0 0 0 0 0 0 0 5 4 4 4 4 3 3 5 6 4 4 0 0 -999
P12544 2085 12 4 3 3 0 3 4 0 0 0 3 4 0 0 0 0 0 0 0 0 0 0 0 5 5 6 24 14 5 4 4 4
P12544 2086 1 4 13 75 23 33 35 0 0 0 0 0 0 0 0 0 0 0 0 0 0 0 0 0 0 0 0 0 0 0 0 0
P12544 2086 2 0 0 0 0 0 0 0 0 0 0 0 0 0 3 0 0 0 4 4 0 5 3 0 0 0 0 0 0 -999 -999 -999
P12544 2086 3 0 0 0 0 0 0 0 0 0 0 4 0 0 0 0 0 0 0 0 0 0 0 0 0 0 0 0 0 0 0 4
P12544 2086 4 83 61 19 0 0 0 0 6 37 42 11 18 20 12 9 14 8 11 5 4 5 6 13 28 81 89 69 68 79 64 -999
P12544 2086 5 0 0 21 14 21 0 0 4 5 0 0 0 0 0 30 105 45 5 4 8 15 21 0 6 5 4 0 0 6 9 26
P12544 2086 6 0 0 0 0 14 27 0 0 5 0 0 0 0 0 0 0 0 0 0 5 5 0 0 0 0 24 37 45 24 9 -999
P12544 2086 7 8 20 0 0 0 0 0 0 0 95 0 0 0 0 0 0 24 43 0 0 7 45 0 0 0 0 0 0 0 0 0
P12544 2086 8 0 0 0 0 0 0 0 0 0 0 0 20 0 0 0 0 14 0 0 0 0 8 5 9 51 9 0 18 0 0 0
P12544 2086 9 0 0 0 0 0 0 8 8 8 0 62 82 83 9 8 31 18 8 7 45 10 13 14 10 7 0 0 47 0 0 -999
P12544 2086 10 0 0 9 11 0 0 0 0 0 0 0 6 5 15 61 79 113 0 0 31 0 9 8 6 6 6 4 0 3 3 4
P12544 2086 11 0 0 17 0 0 9 31 5 5 3 3 3 3 3 4 9 22 26 3 3 3 4 5 0 0 0 3 4 4 3 -999
P12544 2086 12 0 0 0 0 9 21 0 0 0 0 0 0 0 0 0 0 0 0 0 3 0 0 0 0 0 0 0 0 0 0 0
P12544 2087 1 0 3 15 6 0 4 0 0 0 0 0 0 0 4 4 6 0 0 4 0 0 0 43 112 54 0 0 0 57 35 5
P12544 2087 2 0 0 0 4 0 0 0 0 0 0 0 0 0 0 0 0 0 0 0 3 0 0 0 0 0 0 0 0 -999 -999 -999
P12544 2087 3 0 0 0 0 0 4 4 4 0 0 0 0 0 3 13 23 0 4 4 11 30 4 0 0 0 0 13 18 9 0 0
P12544 2087 4 0 0 4 3 4 4 0 0 0 0 0 0 0 0 0 7 10 4 4 3 3 3 4 10 0 0 5 10 7 35 -999
P12544 2087 5 8 15 58 8 36 122 169 136 11 14 9 7 4 0 0 8 5 0 0 5 0 0 0 6 8 61 18 5 4 3 4
P12544 2087 6 0 0 0 0 5 6 6 13 21 99 85 31 0 0 0 0 0 0 0 0 0 52 0 0 0 0 0 0 0 0 -999
P12544 2087 7 0 0 0 0 0 0 0 0 0 0 85 64 0 21 81 0 0 0 0 0 0 0 0 6 5 72 98 33 0 0 21
P12544 2087 8 21 0 0 0 0 0 0 0 0 0 0 0 0 0 11 28 0 0 0 0 7 79 44 0 0 0 0 0 6 6 10
P12544 2087 9 6 0 0 93 149 142 0 0 0 11 17 126 0 0 0 0 0 0 0 10 11 40 10 14 32 0 21 58 0 0 -999
P12544 2087 10 4 0 0 5 0 0 0 0 0 0 0 0 0 0 0 0 0 4 6 7 5 6 10 13 14 0 0 0 0 0 0
P12544 2087 11 0 0 0 4 0 5 37 7 4 5 0 4 3 3 3 3 0 0 0 0 0 4 0 0 0 0 0 0 0 5 -999
P12544 2087 12 6 6 83 64 0 0 8 18 0 0 0 4 3 3 3 3 3 3 3 4 4 3 0 0 0 0 0 0 0 0 0
P12544 2088 1 0 0 0 0 0 0 0 3 4 6 3 3 3 4 4 7 4 3 3 6 0 0 4 4 3 3 4 5 4 32 4
P12544 2088 2 3 3 0 3 3 0 0 0 0 0 0 0 0 0 0 0 0 4 4 0 6 37 0 0 0 0 0 0 -999 -999 -999
P12544 2088 3 0 0 0 0 5 4 6 5 0 0 0 0 0 0 4 81 35 5 5 10 0 0 3 0 3 3 0 0 0 0 0
P12544 2088 4 0 4 0 10 0 14 0 6 5 4 3 0 3 4 7 15 0 0 0 0 0 0 4 4 4 4 5 93 115 0 -999
P12544 2088 5 0 142 141 11 6 6 10 4 0 0 21 104 39 4 5 10 89 119 100 20 0 0 0 0 0 0 0 0 0 0 0
P12544 2088 6 0 0 0 0 0 0 6 0 0 0 0 0 0 0 0 0 0 0 17 17 0 0 0 0 0 69 88 46 0 0 -999
P12544 2088 7 0 0 47 41 0 0 0 0 0 0 0 0 0 0 0 0 0 0 0 0 0 0 0 0 0 0 0 0 0 0 0
P12544 2088 8 65 0 0 55 8 0 0 0 0 0 0 0 0 21 0 0 0 0 0 0 0 0 0 0 0 42 7 7 7 6 5
P12544 2088 9 6 6 28 0 0 0 0 0 0 0 0 31 17 60 0 0 7 8 0 0 0 0 0 0 0 0 0 6 12 0 -999
P12544 2088 10 0 11 21 0 24 12 82 0 153 0 6 5 4 10 80 140 26 0 0 0 0 0 0 0 0 0 0 0 0 0 0
P12544 2088 11 0 0 6 24 13 4 4 3 3 4 4 0 3 0 0 0 0 0 0 0 0 0 0 4 0 5 5 4 0 0 -999
P12544 2088 12 4 8 8 5 20 8 7 0 0 0 0 0 0 0 0 0 0 0 0 0 0 0 0 0 0 0 0 0 0 0 0
P12544 2089 1 0 0 0 0 0 0 4 5 0 0 3 3 3 3 3 0 3 3 3 4 4 3 5 5 3 3 3 0 3 3 3
P12544 2089 2 3 3 0 0 4 4 0 3 3 5 17 3 3 4 9 25 15 5 20 7 14 8 0 0 0 4 4 3 -999 -999 -999
P12544 2089 3 3 0 0 0 0 0 0 0 0 0 0 0 0 0 0 0 4 4 0 0 0 0 0 0 0 0 0 0 24 9 0
P12544 2089 4 0 0 0 0 0 6 5 3 5 133 38 0 0 0 12 17 0 0 0 27 98 98 0 0 0 0 46 72 107 61 -999
P12544 2089 5 18 9 0 0 0 0 0 12 18 16 26 0 0 0 0 0 0 0 0 28 0 0 0 0 0 0 0 0 0 8 8
P12544 2089 6 13 23 15 36 0 115 0 68 122 116 23 0 7 0 0 0 0 0 0 0 0 0 0 81 116 73 0 0 0 0 -999
P12544 2089 7 0 0 23 32 33 38 48 17 15 53 61 54 63 0 15 46 30 12 0 0 0 13 18 111 141 132 72 83 59 0 0
P12544 2089 8 0 0 0 0 0 0 0 0 0 0 0 0 0 0 0 0 0 0 0 0 0 0 0 28 0 0 0 0 0 0 0
P12544 2089 9 0 0 0 0 0 0 0 0 0 79 84 149 143 89 15 0 0 6 6 0 0 11 8 0 0 0 0 0 0 0 -999
P12544 2089 10 0 0 0 0 0 0 0 8 5 8 118 47 151 165 49 5 0 0 0 0 0 0 0 0 13 5 0 0 0 0 0
P12544 2089 11 0 0 0 0 5 7 28 0 0 0 3 4 0 0 4 4 3 3 3 4 7 24 34 3 0 0 4 6 5 4 -999
P12544 2089 12 3 3 3 3 0 0 0 0 3 0 0 0 0 0 0 0 0 0 3 3 3 3 3 3 0 0 0 0 0 4 4
P12544 2090 1 0 0 0 0 0 3 3 0 0 0 0 0 0 0 0 0 0 0 0 3 3 3 3 3 3 0 0 0 0 0 0
P12544 2090 2 0 5 10 0 0 0 0 0 0 5 5 3 4 4 4 3 3 3 3 3 4 4 0 0 4 4 5 12 -999 -999 -999
P12544 2090 3 8 0 0 0 0 3 4 6 8 3 3 4 9 4 0 0 0 0 0 0 0 0 0 0 4 4 0 0 0 0 0
P12544 2090 4 0 8 39 10 120 127 35 0 0 0 5 5 12 4 6 4 34 23 0 0 4 4 4 9 16 38 10 10 8 37 -999
P12544 2090 5 142 145 0 0 0 0 0 0 0 6 4 0 0 0 0 26 59 94 36 8 9 10 7 0 4 10 0 0 7 87 107
P12544 2090 6 70 92 44 35 107 5 4 6 15 15 13 0 0 0 0 0 0 0 0 0 0 4 7 12 5 6 6 12 11 15 -999
P12544 2090 7 17 0 0 0 0 0 0 0 6 49 0 0 0 19 29 77 0 0 27 96 39 0 0 0 0 0 0 0 0 0 0
P12544 2090 8 0 0 0 0 0 0 0 0 0 0 0 0 0 0 0 10 39 49 51 68 20 0 0 42 118 45 0 0 0 0 0
P12544 2090 9 0 0 0 0 0 35 0 0 0 0 0 0 0 0 0 0 0 0 0 0 0 0 64 0 0 0 0 0 31 11 -999
P12544 2090 10 15 49 32 0 0 10 17 15 7 4 4 3 4 0 0 0 0 9 6 0 0 4 6 0 0 0 5 0 0 3 3
P12544 2090 11 3 4 3 0 0 0 0 0 0 0 0 0 0 0 0 0 0 0 0 0 0 0 0 0 0 3 3 6 7 10 -999
P12544 2090 12 28 55 7 8 7 0 0 0 3 10 90 101 6 4 0 0 0 0 0 0 0 4 0 6 0 0 0 0 0 0 0
P12544 2091 1 0 0 0 0 0 0 0 0 0 0 0 0 0 0 0 0 0 0 0 4 4 4 3 3 4 3 4 7 8 0 0
P12544 2091 2 5 4 6 8 6 11 5 5 3 3 3 0 3 3 3 0 3 0 0 0 0 0 4 4 5 9 9 25 -999 -999 -999
P12544 2091 3 0 0 0 0 0 0 8 4 0 0 0 0 0 0 0 0 0 0 0 0 0 4 0 4 0 0 0 0 4 0 0
P12544 2091 4 3 4 0 0 0 3 8 0 0 0 4 0 0 0 0 0 0 23 27 89 93 12 10 11 111 157 0 0 4 4 -999
P12544 2091 5 4 4 10 76 30 14 84 73 0 0 46 20 4 4 3 4 3 3 4 0 0 0 0 0 0 0 0 0 0 0 0
P12544 2091 6 0 0 0 0 0 0 0 0 0 0 0 0 0 0 0 18 0 0 0 0 0 0 0 0 0 0 0 0 0 0 -999
P12544 2091 7 0 0 0 0 0 0 41 84 82 0 0 0 0 52 23 0 0 0 0 12 0 0 0 0 0 0 0 0 0 0 0
P12544 2091 8 0 0 0 0 0 0 0 0 0 0 0 21 0 0 37 118 96 0 103 66 27 11 12 26 55 65 0 65 51 78 0
P12544 2091 9 0 0 0 0 0 19 41 0 0 0 0 0 0 0 0 41 64 64 37 51 133 28 5 4 5 9 0 0 0 0 -999
P12544 2091 10 0 0 0 0 0 41 103 21 12 20 5 0 0 0 0 0 0 0 0 0 0 6 33 125 145 137 0 10 6 9 5
P12544 2091 11 4 3 3 6 3 3 4 14 4 4 4 9 21 23 0 0 3 3 4 3 3 0 0 0 0 0 0 0 0 0 -999
P12544 2091 12 0 0 0 0 0 0 0 0 0 0 0 0 6 10 7 6 0 0 4 4 4 0 0 0 0 0 0 0 0 0 0
P12544 2092 1 0 0 0 0 0 4 0 0 4 0 7 3 4 4 0 0 0 0 0 0 0 0 3 4 0 3 0 0 0 0 0
P12544 2092 2 0 0 0 3 3 4 4 0 0 0 0 0 0 0 0 0 0 0 4 4 3 4 3 0 0 0 0 3 -999 -999 -999
P12544 2092 3 0 0 0 0 0 0 0 0 0 0 0 0 0 0 0 4 13 7 44 4 3 0 0 0 0 0 4 0 0 0 0
P12544 2092 4 0 0 0 0 3 0 3 10 4 4 4 4 4 0 0 0 6 0 0 19 51 0 0 0 0 5 5 5 7 4 -999
P12544 2092 5 5 0 0 0 0 0 0 14 30 11 11 0 0 0 0 0 0 0 0 0 0 0 0 0 0 0 0 12 10 49 101
P12544 2092 6 25 21 116 76 0 0 0 6 12 28 0 0 0 0 0 14 40 63 0 0 0 0 0 0 0 0 34 43 12 17 -999
P12544 2092 7 9 0 0 0 0 0 20 11 11 0 0 0 6 12 0 0 0 29 45 36 24 0 0 0 0 0 0 0 0 0 0
P12544 2092 8 0 0 0 0 0 0 0 0 0 0 0 0 22 25 53 52 19 10 16 23 25 0 0 0 0 46 78 33 54 43 39
P12544 2092 9 5 0 0 12 11 9 16 21 8 13 0 0 0 0 0 13 14 20 26 88 21 7 11 38 107 102 102 0 10 11 -999
P12544 2092 10 142 123 5 0 0 0 0 0 0 10 58 41 0 4 4 0 4 0 4 3 0 0 0 0 18 0 0 0 0 0 0
P12544 2092 11 0 0 0 0 4 0 8 6 24 9 0 6 4 3 4 0 0 0 0 0 0 0 0 5 7 0 0 0 0 0 -999
P12544 2092 12 0 0 0 0 0 0 0 7 18 0 0 0 0 0 0 0 0 0 0 0 0 0 0 0 0 0 3 4 4 0 0
P12544 2093 1 0 0 0 0 0 4 16 5 5 3 3 3 3 0 0 4 0 0 0 0 0 0 0 4 0 0 0 0 4 0 0
P12544 2093 2 0 0 0 3 0 3 3 4 3 3 3 5 0 0 17 16 0 0 28 70 139 157 26 46 85 66 122 126 -999 -999 -999
P12544 2093 3 117 32 8 5 30 0 0 5 7 5 30 4 4 4 7 5 4 3 3 3 4 4 5 14 9 0 0 0 4 5 7
P12544 2093 4 0 0 0 0 0 3 0 3 3 4 4 4 5 6 10 11 69 8 10 0 0 0 14 10 0 0 0 0 0 6 -999
P12544 2093 5 4 6 3 4 4 5 4 4 6 13 7 5 7 0 0 0 8 9 5 8 0 0 8 0 0 4 9 0 0 0 0
P12544 2093 6 0 9 43 17 21 37 17 0 0 6 42 58 46 115 87 64 0 0 0 0 25 34 20 40 94 0 43 0 0 0 -999
P12544 2093 7 0 0 0 0 0 0 0 0 0 0 0 0 0 0 9 6 0 0 17 50 19 16 11 34 33 0 0 0 0 9 43
P12544 2093 8 34 78 0 0 0 0 0 0 0 10 6 9 0 0 17 0 0 0 23 32 102 134 86 22 34 107 48 16 8 5 0
P12544 2093 9 0 0 0 0 0 0 0 0 0 0 0 0 27 10 27 71 7 39 9 5 0 0 4 9 0 0 5 35 0 0 -999
P12544 2093 10 0 0 0 0 0 0 0 0 4 4 0 0 0 0 0 4 0 0 0 0 0 0 4 4 5 0 0 0 0 0 4
P12544 2093 11 3 3 3 3 16 4 0 4 5 6 0 5 4 0 0 0 5 7 4 13 0 0 0 4 5 3 3 0 0 0 -999
P12544 2093 12 0 0 0 8 0 0 3 3 0 0 0 3 0 0 0 0 0 0 0 0 0 0 0 0 0 0 0 0 4 5 0
P12544 2094 1 0 0 0 0 4 4 4 4 0 0 0 0 0 0 0 0 0 0 0 0 0 0 0 0 0 0 0 0 0 0 3
P12544 2094 2 0 0 0 0 3 3 0 0 0 0 0 0 0 0 4 0 0 0 3 0 3 0 0 3 3 0 4 7 -999 -999 -999
P12544 2094 3 5 4 3 3 5 3 4 3 4 6 3 0 4 4 0 0 4 0 0 0 0 5 0 0 0 0 0 0 6 0 0
P12544 2094 4 0 0 0 0 8 6 4 4 5 4 4 3 3 4 4 3 3 0 3 4 0 0 4 4 3 4 0 0 0 0 -999
P12544 2094 5 0 0 0 3 4 0 4 0 0 0 0 0 0 0 0 0 0 0 4 12 0 0 0 45 79 0 0 0 0 0 19
P12544 2094 6 47 55 74 49 83 49 8 7 12 4 0 0 6 4 6 0 5 56 68 0 0 0 0 0 0 0 0 0 0 0 -999
P12544 2094 7 0 0 0 0 0 0 0 0 0 0 0 0 0 0 68 88 85 88 111 158 160 142 64 27 43 25 0 0 0 0 0
P12544 2094 8 0 0 0 0 0 0 0 44 52 55 0 0 0 0 0 0 0 0 62 59 0 8 9 0 0 105 0 0 0 0 0
P12544 2094 9 0 0 0 0 0 0 0 0 0 0 0 0 0 0 12 9 14 36 16 9 41 84 63 68 34 41 38 31 23 10 -999
P12544 2094 10 11 7 5 4 4 3 0 0 0 0 0 0 0 0 0 0 0 0 0 5 25 82 0 0 0 34 4 3 3 0 0
P12544 2094 11 0 0 0 0 0 4 4 4 0 0 0 4 5 3 0 3 0 0 0 0 0 0 0 0 4 5 5 4 4 0 -999
P12544 2094 12 0 0 0 0 4 3 3 3 4 3 4 5 0 0 5 0 4 3 3 0 0 0 0 0 0 4 4 3 3 3 0
P12544 2095 1 4 3 4 3 3 3 3 3 3 0 3 3 3 0 4 4 5 3 4 3 3 4 3 3 3 3 3 4 3 4 3
P12544 2095 2 3 0 0 4 4 0 3 4 0 0 113 167 142 4 3 0 0 0 4 0 0 0 0 5 0 0 0 0 -999 -999 -999
P12544 2095 3 0 0 0 0 0 0 0 0 0 0 0 4 9 21 7 7 0 5 7 7 15 0 0 0 127 124 0 0 0 0 0
P12544 2095 4 4 4 3 0 0 4 4 3 3 3 3 3 0 0 0 0 5 59 0 0 0 0 0 0 4 4 11 4 0 4 -999
P12544 2095 5 6 5 8 0 0 0 0 0 0 0 8 41 16 0 0 6 0 0 0 5 22 0 6 0 5 6 21 6 9 21 9
P12544 2095 6 7 6 19 16 9 20 0 94 89 14 20 0 0 0 0 0 0 0 0 4 5 10 42 56 18 6 12 34 33 20 -999
P12544 2095 7 43 55 11 0 0 0 0 0 0 0 19 16 0 0 60 108 61 74 0 0 0 17 29 0 0 0 0 71 78 0 0
P12544 2095 8 0 0 0 0 0 12 31 45 40 0 0 0 0 0 0 63 112 120 79 69 106 120 0 0 0 0 0 0 0 0 0
P12544 2095 9 0 0 0 0 0 0 8 6 7 129 0 0 0 0 8 5 0 11 42 24 55 68 138 46 22 0 54 19 13 23 -999
P12544 2095 10 0 0 0 0 0 0 0 4 7 3 3 4 4 0 0 0 4 4 0 0 0 0 0 0 0 0 0 0 4 3 3
P12544 2095 11 3 5 66 111 39 0 0 4 5 3 3 3 4 0 0 0 0 0 3 0 0 0 0 0 4 4 3 3 3 3 -999
P12544 2095 12 3 0 0 0 0 0 11 0 0 0 0 0 0 0 0 0 4 0 0 0 0 0 0 0 0 0 0 0 0 0 0
P12544 2096 1 0 0 0 3 4 10 160 114 4 5 4 0 0 0 0 0 0 0 0 0 0 0 0 0 0 0 0 6 0 0 0
P12544 2096 2 0 0 0 0 0 0 0 0 0 0 3 0 0 0 0 0 0 0 0 0 0 0 46 6 12 0 0 0 -999 -999 -999
P12544 2096 3 0 0 24 133 132 0 0 16 148 0 0 4 4 5 0 0 0 0 0 0 0 0 0 0 0 28 33 0 5 5 5
P12544 2096 4 8 0 4 40 0 0 6 6 70 38 11 15 43 7 3 4 4 4 4 32 86 0 11 0 0 0 0 0 8 21 -999
P12544 2096 5 10 16 0 0 0 0 14 56 0 0 0 17 109 97 0 0 0 0 0 11 18 0 0 0 7 6 4 11 19 7 4
P12544 2096 6 4 3 4 4 5 10 21 4 4 4 7 5 4 0 0 0 0 0 19 89 141 78 51 114 52 36 55 71 27 15 -999
P12544 2096 7 21 46 15 25 7 7 0 0 0 0 0 0 8 0 0 0 0 0 0 0 83 24 10 7 6 0 0 5 16 0 0
P12544 2096 8 0 14 48 0 0 0 0 0 0 0 0 0 0 0 0 0 0 0 0 0 0 0 0 0 0 0 0 0 45 49 16
P12544 2096 9 13 42 12 10 8 11 7 6 5 11 6 12 12 0 0 0 0 0 9 9 42 25 0 0 58 53 57 50 51 0 -999
P12544 2096 10 0 0 0 0 0 0 0 0 4 5 78 61 4 0 0 0 5 10 12 9 7 4 4 0 0 5 0 4 4 4 30
P12544 2096 11 4 4 4 3 3 6 4 3 4 8 4 4 0 4 6 4 4 4 3 8 3 0 3 0 0 3 3 0 3 0 -999
P12544 2096 12 0 0 0 0 0 0 0 0 0 0 0 0 0 0 3 0 0 0 0 0 0 0 0 0 3 3 4 4 8 5 9
P12544 2097 1 4 3 3 3 0 0 3 3 3 3 3 0 0 0 0 4 4 0 4 4 0 0 0 0 0 0 0 0 0 0 0
P12544 2097 2 3 4 0 0 0 0 0 0 0 0 0 4 11 0 0 0 0 0 0 25 9 0 0 0 0 0 45 52 -999 -999 -999
P12544 2097 3 23 0 0 38 19 0 0 0 0 0 0 0 0 0 4 6 5 0 78 88 34 11 53 59 38 12 4 0 0 0 0
P12544 2097 4 5 5 0 0 0 8 0 0 3 4 0 0 0 0 0 0 0 4 4 3 3 4 4 4 3 3 7 3 0 0 -999
P12544 2097 5 0 0 0 0 10 19 112 26 0 0 0 5 0 0 4 7 5 0 8 17 0 0 0 0 0 0 4 6 26 47 19
P12544 2097 6 0 0 0 0 0 0 0 0 6 11 65 113 84 60 34 14 0 0 0 0 0 0 9 27 0 0 109 78 41 68 -999
P12544 2097 7 98 29 0 0 14 29 0 0 0 13 71 58 31 0 0 18 10 46 0 0 0 0 0 0 0 0 0 0 0 0 0
P12544 2097 8 0 0 0 0 0 0 0 0 0 0 0 0 0 0 0 0 0 54 100 54 38 0 0 0 7 47 35 0 0 0 0
P12544 2097 9 7 0 0 0 0 0 0 0 0 0 0 0 26 5 0 0 0 0 42 44 11 111 139 126 93 26 0 0 0 0 -999
P12544 2097 10 30 30 10 8 12 0 0 0 0 0 0 0 0 0 0 10 5 54 16 8 5 4 4 4 4 0 0 0 0 5 9
P12544 2097 11 7 3 0 4 9 0 0 0 3 3 3 8 16 6 3 12 5 0 0 0 4 4 5 0 0 0 0 0 0 0 -999
P12544 2097 12 0 0 3 4 13 4 0 0 0 0 0 5 14 0 13 6 11 3 4 0 0 11 0 0 0 5 0 4 0 0 0
P12544 2098 1 0 0 0 0 0 4 5 4 3 3 118 135 0 0 0 0 0 0 3 0 3 0 3 0 0 0 0 0 0 0 0
P12544 2098 2 0 4 9 8 10 6 4 4 6 12 13 4 4 4 3 6 5 0 0 5 5 0 0 0 26 61 8 0 -999 -999 -999
P12544 2098 3 0 3 0 0 0 0 3 0 0 0 0 0 0 0 0 0 0 0 5 12 21 4 0 0 0 0 0 0 0 0 0
P12544 2098 4 0 0 0 0 0 0 3 9 110 6 3 3 0 0 0 0 0 0 0 0 9 6 0 0 0 0 0 0 0 0 -999
P12544 2098 5 0 19 7 0 0 0 28 8 20 0 157 147 78 27 28 23 20 10 6 0 0 0 0 0 0 0 0 0 0 0 0
P12544 2098 6 0 0 10 27 29 19 0 0 0 44 20 50 19 22 15 16 16 17 0 0 7 7 15 7 0 0 0 0 0 0 -999
P12544 2098 7 0 5 20 6 11 16 46 37 0 0 0 0 0 0 0 16 0 0 0 0 0 0 0 0 135 63 0 0 0 0 22
P12544 2098 8 47 0 0 46 0 12 58 79 89 148 123 0 0 0 0 0 0 0 0 0 0 0 0 0 0 0 0 0 0 0 0
P12544 2098 9 17 0 0 0 0 0 0 0 0 0 0 0 0 0 0 0 15 13 11 7 0 0 5 8 8 4 3 4 0 5 -999
P12544 2098 10 5 6 5 6 28 6 0 0 0 0 4 0 0 0 4 40 64 46 39 129 153 106 28 8 4 4 0 3 3 3 4
P12544 2098 11 4 7 4 4 4 4 5 3 5 5 5 29 0 0 0 5 11 4 0 0 4 11 5 0 0 0 0 0 4 3 -999
P12544 2098 12 3 3 4 3 3 73 148 0 0 12 0 0 0 0 0 0 0 0 4 3 3 3 3 3 7 22 0 0 0 0 0
P12544 2099 1 0 0 0 0 0 0 0 0 0 0 0 0 0 0 0 0 4 0 0 0 0 0 0 0 0 0 0 0 0 0 0
P12544 2099 2 0 0 4 3 0 0 0 0 0 0 0 0 0 0 0 0 0 0 0 3 0 0 0 0 0 0 0 0 -999 -999 -999
P12544 2099 3 0 0 0 0 0 4 4 4 4 4 5 15 5 0 0 0 0 0 0 0 0 5 5 0 0 0 0 0 0 0 0
P12544 2099 4 4 4 4 0 3 0 0 0 0 3 4 4 13 14 4 0 0 0 0 0 41 7 12 27 118 129 42 0 0 14 -999
P12544 2099 5 0 0 0 0 8 6 4 14 9 72 7 5 4 30 95 150 161 151 106 20 16 83 120 48 41 53 37 0 0 0 0
P12544 2099 6 0 0 0 0 0 0 0 6 19 96 38 40 26 0 0 0 9 7 8 6 8 8 14 21 0 0 0 15 23 0 -999
P12544 2099 7 0 27 0 0 0 0 0 0 0 0 0 0 0 0 0 117 0 0 0 48 44 0 0 0 0 0 0 0 0 0 0
P12544 2099 8 0 0 0 17 0 0 0 0 0 0 0 0 46 39 0 0 0 0 11 12 4 0 0 0 0 0 5 6 8 9 9
P12544 2099 9 20 27 55 17 28 0 0 33 11 4 4 7 10 40 114 0 0 62 0 0 0 41 40 40 0 0 0 0 0 0 -999
P12544 2099 10 0 0 0 0 0 0 7 17 32 29 17 77 134 26 5 8 69 114 0 0 0 0 0 0 0 0 0 18 0 34 31
P12544 2099 11 4 5 5 6 5 4 3 0 3 4 3 4 31 18 0 4 6 14 19 15 11 5 0 0 0 0 0 0 0 0 -999
P12544 2099 12 0 0 0 0 0 4 0 0 24 0 0 0 0 0 0 0 0 0 0 0 0 3 3 0 0 0 0 4 4 7 8
P12544 2100 1 6 0 0 5 0 0 4 0 0 0 0 4 4 4 28 137 0 0 0 75 62 0 0 0 0 0 0 0 0 0 0
P12544 2100 2 0 8 48 5 0 0 0 0 0 0 0 0 0 0 0 0 0 0 0 0 0 0 0 0 0 0 0 0 -999 -999 -999
P12544 2100 3 0 0 0 76 127 7 4 3 5 3 4 79 6 4 10 40 0 158 6 22 159 149 153 111 0 0 0 4 4 76 11
P12544 2100 4 0 0 3 0 0 0 89 168 4 4 0 0 0 0 0 6 4 7 138 35 35 80 3 3 0 12 0 0 0 96 -999
P12544 2100 5 102 148 158 55 4 94 0 0 166 155 5 4 4 0 98 4 0 0 0 0 0 15 52 4 3 3 5 3 5 154 88
P12544 2100 6 73 5 148 100 0 0 0 0 0 0 0 0 0 0 0 0 0 0 0 0 0 117 4 78 69 16 5 89 5 0 -999
P12544 2100 7 0 93 41 0 0 19 27 114 158 14 0 0 107 166 7 41 148 166 167 0 0 22 74 110 151 156 155 123 94 152 0
P12544 2100 8 0 0 0 0 0 0 0 0 0 0 0 120 100 87 88 167 137 114 0 0 0 0 135 0 0 0 0 136 0 0 0
P12544 2100 9 0 19 7 4 37 3 3 139 11 8 30 123 162 18 90 12 0 0 0 0 0 0 0 158 129 165 101 32 0 0 -999
P12544 2100 10 4 9 3 0 0 5 76 72 8 0 0 5 159 82 4 4 5 47 3 149 4 56 4 3 3 3 156 148 7 13 4
P12544 2100 11 0 0 4 112 5 3 0 0 4 21 87 64 130 4 3 0 0 0 0 0 0 0 0 0 0 0 0 0 0 0 -999
P12544 2100 12 0 0 0 0 0 0 7 7 19 57 0 0 0 4 4 3 3 15 38 0 24 12 27 5 13 7 3 4 6 8 -999
