precip bcc-csm1-1 rcp60 RNEURONALES decimas 2
P1213 37.252 -2.738 1671 geo 2006 2100 -1
P1213 2006 1 0 0 0 0 0 0 0 0 0 7 3 19 20 22 19 21 11 15 5 0 0 10 3 0 6 16 20 15 8 0 0
P1213 2006 2 0 0 0 7 44 3 2 43 53 29 31 43 34 13 17 11 12 5 0 0 9 4 15 0 3 5 6 0 -999 -999 -999
P1213 2006 3 0 0 8 0 0 0 1 0 0 10 12 2 4 0 9 16 15 15 0 0 0 0 0 0 0 0 0 0 0 0 0
P1213 2006 4 0 17 13 0 15 9 9 15 4 3 3 2 2 2 10 2 0 0 7 0 0 0 0 8 4 26 16 0 0 0 -999
P1213 2006 5 0 4 1 11 11 18 16 9 11 15 0 0 0 6 0 0 9 20 16 20 5 8 14 14 28 22 23 25 25 22 16
P1213 2006 6 15 8 0 3 25 20 22 14 0 0 0 0 0 0 0 4 0 0 0 0 0 0 0 0 0 0 0 0 0 0 -999
P1213 2006 7 0 0 0 0 0 0 0 0 0 0 0 0 0 0 0 0 0 0 0 0 0 0 0 0 0 0 0 0 0 0 0
P1213 2006 8 0 0 0 0 0 0 0 0 0 0 0 0 0 0 0 0 0 0 0 0 0 0 0 0 0 0 0 0 0 0 0
P1213 2006 9 0 0 0 0 0 0 0 10 5 6 10 0 0 40 11 7 30 12 5 4 4 3 3 0 0 0 0 0 0 8 -999
P1213 2006 10 11 8 17 12 0 0 0 0 0 0 0 0 0 0 0 0 0 0 0 0 0 0 0 0 0 0 16 23 15 11 5
P1213 2006 11 0 0 0 0 12 9 8 5 0 0 0 0 0 0 0 0 0 0 0 0 0 0 0 0 0 0 0 0 0 0 -999
P1213 2006 12 0 0 3 0 0 0 0 0 0 0 0 0 0 0 0 0 0 0 0 0 0 4 49 21 97 14 90 35 19 22 18
P1213 2007 1 7 0 0 0 0 0 0 0 0 0 2 4 7 0 2 0 0 10 3 19 8 1 1 3 4 12 15 21 22 25 16
P1213 2007 2 6 0 9 6 49 62 95 62 21 2 4 28 11 12 0 0 0 0 0 26 12 3 11 17 13 7 0 0 -999 -999 -999
P1213 2007 3 20 13 11 0 0 0 0 0 0 0 0 12 77 71 16 0 3 15 17 2 3 7 21 5 13 12 0 0 2 12 24
P1213 2007 4 17 1 11 0 13 2 10 9 0 0 0 0 0 0 0 3 8 10 20 10 4 18 4 4 31 9 2 4 6 5 -999
P1213 2007 5 0 0 0 4 20 22 19 3 19 13 5 7 7 21 19 17 10 14 4 5 6 4 4 0 0 0 0 0 5 10 16
P1213 2007 6 12 10 15 12 0 0 22 24 16 9 1 3 2 0 0 0 0 0 0 0 0 0 0 0 0 0 0 0 0 0 -999
P1213 2007 7 0 0 0 0 0 0 0 0 0 0 0 0 0 0 0 0 0 0 16 0 0 0 0 0 0 0 0 0 0 0 0
P1213 2007 8 0 0 0 0 0 0 0 0 0 0 0 0 0 0 0 0 0 0 0 0 0 0 44 55 18 0 17 15 18 15 0
P1213 2007 9 0 0 0 0 0 0 0 0 0 0 0 0 0 0 0 0 0 0 0 0 0 0 0 0 0 0 0 0 0 0 -999
P1213 2007 10 0 0 0 0 0 0 0 9 14 9 16 14 34 25 17 4 8 35 13 2 1 0 0 0 0 13 56 53 10 9 7
P1213 2007 11 0 0 0 0 0 0 0 0 0 16 12 11 0 0 0 0 0 0 0 0 11 9 35 21 21 7 11 7 0 18 -999
P1213 2007 12 0 0 0 0 0 0 0 2 81 3 1 1 1 22 8 21 83 15 4 70 64 2 12 1 0 0 0 0 0 0 0
P1213 2008 1 5 7 63 39 14 23 29 20 17 0 0 2 16 21 11 18 11 6 3 0 0 0 0 0 0 0 0 0 0 14 12
P1213 2008 2 0 0 0 0 0 0 0 2 3 2 0 0 0 0 6 0 0 0 0 8 6 6 4 4 1 0 2 0 -999 -999 -999
P1213 2008 3 0 0 0 0 0 0 0 10 1 7 3 9 10 3 6 17 6 0 0 0 0 0 4 3 0 29 11 1 3 17 1
P1213 2008 4 1 0 0 0 0 10 6 44 45 20 74 58 48 10 7 5 1 3 6 0 0 0 0 9 10 7 3 0 0 0 -999
P1213 2008 5 0 0 8 7 18 24 19 10 5 9 28 5 0 0 0 0 0 5 11 13 12 4 0 0 0 0 0 0 3 0 0
P1213 2008 6 19 0 0 0 5 0 0 0 0 0 0 0 0 4 0 0 0 0 0 0 0 0 0 0 0 5 14 27 0 0 -999
P1213 2008 7 0 16 13 19 53 17 44 7 2 0 4 0 0 0 0 0 0 8 0 0 0 0 0 0 0 0 21 0 0 0 0
P1213 2008 8 0 6 0 0 0 0 0 0 0 0 0 0 0 0 0 0 0 0 0 0 0 0 0 0 0 0 0 0 0 0 0
P1213 2008 9 0 0 0 0 0 0 0 0 0 0 0 0 15 22 20 13 0 0 0 0 0 0 0 0 0 0 0 0 0 6 -999
P1213 2008 10 5 17 21 18 12 13 17 14 0 8 42 3 5 16 24 17 19 10 7 15 25 5 8 20 18 8 0 0 0 16 12
P1213 2008 11 0 0 0 0 2 12 5 0 17 16 1 2 0 0 34 69 50 22 64 19 13 8 0 0 0 0 0 0 0 0 -999
P1213 2008 12 7 39 21 6 0 0 0 11 14 12 0 0 11 10 6 11 4 0 0 30 0 0 0 0 0 0 0 3 4 0 0
P1213 2009 1 0 0 0 0 4 5 1 16 17 6 74 13 7 16 21 20 12 7 9 4 5 18 25 14 16 11 0 0 3 22 6
P1213 2009 2 12 0 0 0 20 28 0 0 0 0 0 1 6 0 0 0 16 3 13 39 59 29 26 31 19 9 5 50 -999 -999 -999
P1213 2009 3 38 47 92 22 1 55 7 4 5 0 0 0 0 0 0 0 0 0 17 12 0 0 0 0 0 2 24 7 3 0 0
P1213 2009 4 0 0 0 0 0 0 0 0 0 0 0 2 0 15 20 0 0 0 0 2 23 8 0 0 0 0 22 0 0 0 -999
P1213 2009 5 0 0 0 0 0 0 0 0 0 0 0 0 0 0 0 0 0 0 5 10 0 2 4 0 0 0 0 0 0 0 0
P1213 2009 6 0 39 51 54 26 6 4 22 15 13 46 59 19 11 6 6 10 13 6 9 9 12 5 3 0 0 0 0 0 0 -999
P1213 2009 7 0 0 0 0 0 0 0 0 0 0 0 0 0 0 0 0 0 0 0 0 0 0 0 0 0 0 0 0 0 0 0
P1213 2009 8 0 0 0 0 0 0 0 0 0 0 0 0 0 0 0 0 0 0 0 0 0 0 0 0 0 0 0 0 0 0 0
P1213 2009 9 0 0 0 0 0 0 0 0 25 12 0 14 10 0 0 30 0 0 0 0 0 0 0 0 8 0 0 0 0 0 -999
P1213 2009 10 0 0 30 88 29 20 12 6 0 0 0 0 0 0 0 0 0 0 0 0 0 15 15 0 0 0 0 0 0 0 0
P1213 2009 11 0 0 0 0 0 0 0 0 5 11 14 17 3 0 0 0 0 0 0 0 0 0 0 0 0 0 0 0 0 5 -999
P1213 2009 12 1 0 3 0 0 0 5 6 0 0 10 15 0 0 0 23 16 12 0 0 0 0 0 0 5 15 19 14 18 0 6
P1213 2010 1 6 0 0 0 0 0 0 0 0 0 0 0 0 0 0 8 16 17 15 16 14 0 0 0 5 13 0 0 0 0 0
P1213 2010 2 0 0 0 0 0 0 0 0 0 12 12 13 24 33 38 56 15 0 0 0 0 10 5 0 0 0 0 0 -999 -999 -999
P1213 2010 3 7 2 0 0 0 2 12 47 34 60 17 6 0 0 0 0 0 0 1 13 53 14 13 10 20 3 19 20 16 6 0
P1213 2010 4 0 17 8 1 0 9 67 33 14 2 0 34 13 0 0 0 0 0 0 0 0 0 0 8 9 0 0 0 0 0 -999
P1213 2010 5 0 0 0 0 0 0 0 0 0 0 0 0 0 0 0 0 0 0 0 46 11 5 7 0 0 0 5 15 0 0 0
P1213 2010 6 0 1 0 0 0 4 2 4 7 14 9 6 7 26 25 17 10 21 7 4 8 9 5 0 0 0 0 0 0 0 -999
P1213 2010 7 0 0 0 0 0 0 0 0 0 0 0 0 0 0 0 0 0 0 0 0 0 0 0 0 0 0 0 0 0 0 0
P1213 2010 8 0 0 10 0 0 0 0 0 0 0 0 0 0 0 0 0 0 0 0 0 0 0 0 0 0 0 0 0 0 0 0
P1213 2010 9 0 0 0 0 0 0 0 0 0 0 0 0 0 0 0 0 0 0 0 0 219 89 18 0 47 0 0 0 0 0 -999
P1213 2010 10 0 0 0 0 0 0 0 0 0 0 0 0 0 0 4 2 0 0 0 0 0 0 0 0 14 0 23 16 30 7 0
P1213 2010 11 0 0 0 0 0 0 0 0 0 0 4 24 94 19 43 14 12 22 16 0 0 0 0 5 0 0 0 0 0 0 -999
P1213 2010 12 0 1 1 1 2 0 0 3 0 0 0 0 0 0 0 0 0 4 0 0 0 0 0 0 9 0 0 0 7 5 7
P1213 2011 1 0 0 0 0 0 0 0 0 0 0 0 4 18 2 0 0 18 41 50 30 13 5 32 0 2 7 11 2 0 0 4
P1213 2011 2 19 5 12 0 0 0 0 0 6 10 19 4 0 0 0 1 2 2 7 8 0 0 5 6 4 2 5 25 -999 -999 -999
P1213 2011 3 23 19 15 2 6 15 84 10 17 12 0 0 1 0 5 15 2 0 0 5 0 0 3 9 1 0 0 0 0 0 0
P1213 2011 4 1 21 0 11 0 0 0 0 0 13 28 9 6 0 0 0 0 0 0 0 0 0 0 0 0 0 6 0 0 0 -999
P1213 2011 5 0 0 0 0 0 0 0 15 10 5 8 0 0 6 0 0 0 0 0 0 0 0 0 0 0 7 6 0 0 0 0
P1213 2011 6 0 0 0 0 0 0 0 0 0 0 0 0 0 0 0 0 0 0 0 0 0 0 0 41 28 13 8 0 0 0 -999
P1213 2011 7 9 12 12 0 17 9 0 0 0 0 0 0 0 0 0 0 0 0 0 0 0 0 0 0 0 0 0 0 0 0 0
P1213 2011 8 0 0 0 0 0 0 0 0 0 0 0 0 0 0 0 0 0 0 0 0 0 0 0 0 0 0 0 0 0 0 0
P1213 2011 9 0 0 0 20 0 0 0 0 0 0 7 0 0 0 0 0 0 0 0 0 0 0 0 0 0 0 0 0 0 0 -999
P1213 2011 10 0 0 0 0 0 0 13 29 23 6 0 0 0 0 3 0 0 0 5 18 19 15 3 0 0 5 0 0 0 11 54
P1213 2011 11 9 32 79 9 12 5 6 11 0 0 0 1 17 18 0 0 0 0 0 0 0 0 15 6 19 4 16 3 15 8 -999
P1213 2011 12 0 8 6 0 0 0 0 0 0 0 0 0 0 0 0 15 15 7 0 0 0 0 0 0 0 16 34 65 15 7 19
P1213 2012 1 9 8 14 17 16 17 2 0 0 0 0 3 5 2 4 0 7 18 17 4 5 4 17 3 0 0 0 12 6 0 0
P1213 2012 2 0 0 0 0 0 0 0 0 0 4 6 8 18 0 0 0 20 5 8 0 0 5 11 10 4 2 3 0 -999 -999 -999
P1213 2012 3 0 0 0 0 0 0 0 0 0 0 0 0 11 11 0 5 11 20 7 2 0 0 0 14 9 11 11 9 0 0 0
P1213 2012 4 0 0 0 0 0 0 0 0 0 0 0 0 0 0 0 0 0 0 0 0 0 0 0 0 0 0 0 21 0 0 -999
P1213 2012 5 0 0 0 0 0 0 0 0 42 94 34 10 28 8 11 7 6 10 11 7 0 0 0 15 21 18 9 19 60 29 6
P1213 2012 6 0 0 0 0 3 16 7 2 1 2 3 0 0 0 0 0 0 0 0 0 0 0 0 0 15 0 0 0 0 0 -999
P1213 2012 7 0 0 0 0 0 0 0 0 31 18 0 0 0 0 0 0 0 0 0 0 0 0 0 0 0 0 0 0 0 0 0
P1213 2012 8 0 0 0 0 0 0 0 0 0 0 0 0 0 0 8 0 0 0 0 0 0 0 0 0 0 0 0 0 0 0 0
P1213 2012 9 0 0 0 0 0 0 0 0 0 0 0 0 0 14 0 0 0 0 0 0 0 0 0 0 0 0 0 0 0 0 -999
P1213 2012 10 0 0 0 0 19 15 0 0 0 7 22 28 18 14 0 0 0 0 0 0 28 20 28 18 14 3 0 0 0 57 36
P1213 2012 11 11 0 0 0 1 10 4 0 0 0 4 0 25 10 0 0 0 0 0 0 0 0 0 0 0 0 0 0 0 0 -999
P1213 2012 12 11 15 12 0 4 6 0 0 0 0 0 0 0 0 0 0 0 6 6 16 12 12 10 8 10 0 0 0 0 0 0
P1213 2013 1 0 0 0 0 0 0 0 0 0 0 0 0 6 16 17 7 0 0 0 0 0 7 11 11 19 1 1 24 2 0 4
P1213 2013 2 4 2 0 14 5 18 3 3 19 16 0 0 0 0 0 5 7 5 13 3 0 21 3 4 23 7 4 5 -999 -999 -999
P1213 2013 3 1 4 3 0 0 0 0 0 0 1 18 25 16 6 4 4 0 13 6 3 0 0 0 0 0 0 0 0 0 0 0
P1213 2013 4 0 13 17 37 40 56 56 7 8 6 1 0 0 0 25 47 34 20 32 73 252 76 45 6 1 4 27 21 20 11 -999
P1213 2013 5 5 7 5 0 0 1 0 0 0 1 13 9 8 5 0 0 0 0 1 21 19 19 14 13 5 13 6 6 0 0 0
P1213 2013 6 0 0 0 0 0 0 0 0 0 0 0 0 0 0 0 0 0 0 6 12 0 0 0 0 0 0 0 0 0 0 -999
P1213 2013 7 0 0 0 0 0 0 0 0 0 0 0 0 0 0 22 4 0 0 0 0 0 0 0 0 0 0 0 0 0 0 0
P1213 2013 8 0 0 0 0 0 0 0 0 0 0 0 0 0 0 0 0 0 0 0 0 0 0 0 0 0 0 0 0 0 0 0
P1213 2013 9 0 0 0 0 0 0 0 0 0 0 0 0 0 0 0 0 0 0 0 0 0 0 0 0 0 0 0 0 0 0 -999
P1213 2013 10 0 0 9 14 15 40 28 3 0 0 4 12 0 17 18 33 16 23 21 6 0 0 10 8 8 0 0 0 0 0 0
P1213 2013 11 0 0 0 0 0 0 0 0 0 0 0 0 4 16 7 9 0 0 0 0 0 0 0 0 0 0 0 5 2 43 -999
P1213 2013 12 34 0 0 39 16 15 20 5 4 7 7 4 0 0 0 1 35 64 3 0 0 0 0 14 0 0 0 0 0 0 0
P1213 2014 1 4 18 3 20 8 0 2 8 10 18 0 0 0 0 0 0 0 0 0 0 1 2 3 19 24 16 4 4 15 6 21
P1213 2014 2 15 38 4 19 71 34 17 14 2 0 0 0 0 0 0 0 0 14 20 19 20 22 18 0 0 0 0 0 -999 -999 -999
P1213 2014 3 0 0 0 0 0 0 0 0 0 0 0 0 0 0 9 18 13 0 0 4 17 6 16 23 2 3 35 8 1 6 32
P1213 2014 4 14 0 0 0 0 0 0 5 9 0 27 22 6 0 0 0 0 0 0 0 0 0 0 0 0 0 0 8 20 19 -999
P1213 2014 5 13 0 0 0 0 1 14 6 7 0 0 3 18 18 10 5 4 20 7 3 1 3 1 0 3 0 0 0 0 16 17
P1213 2014 6 40 20 13 0 4 0 0 0 0 0 0 0 0 0 0 0 0 0 0 0 0 0 0 0 0 0 0 0 0 0 -999
P1213 2014 7 0 0 0 0 0 0 0 0 0 0 0 0 0 0 0 0 0 0 0 0 0 0 0 0 0 0 0 0 0 0 0
P1213 2014 8 0 16 24 26 0 0 0 0 0 0 0 0 0 0 0 0 0 0 0 0 0 0 0 0 0 0 0 0 0 0 0
P1213 2014 9 0 0 0 0 0 0 0 0 7 0 0 0 0 0 0 0 0 5 4 10 4 2 0 0 0 0 0 0 0 0 -999
P1213 2014 10 0 0 14 0 0 0 0 0 0 0 0 0 0 0 0 0 0 0 0 0 10 9 10 8 0 0 0 0 0 0 0
P1213 2014 11 0 0 12 11 7 16 5 4 0 0 0 0 13 0 0 0 0 0 4 14 12 15 15 17 8 21 12 19 5 22 -999
P1213 2014 12 17 0 0 0 0 0 0 0 0 0 0 0 6 0 3 12 11 19 5 30 22 9 12 16 11 0 9 15 0 0 0
P1213 2015 1 0 0 0 0 0 0 0 0 0 0 0 0 0 0 0 0 4 0 0 0 1 0 0 0 4 47 21 12 1 11 7
P1213 2015 2 14 1 0 0 0 4 0 0 11 1 21 20 54 64 20 45 19 68 4 23 18 8 9 0 0 0 0 3 -999 -999 -999
P1213 2015 3 1 0 27 65 31 12 18 28 0 0 43 41 47 14 11 25 13 44 114 28 8 34 6 21 90 62 60 10 0 0 5
P1213 2015 4 1 5 0 0 11 26 18 0 3 12 4 7 15 12 20 55 16 17 10 6 6 3 21 0 1 0 0 0 0 0 -999
P1213 2015 5 0 5 9 9 10 19 13 0 0 2 7 0 0 0 0 0 0 0 0 0 0 0 0 0 0 23 0 0 0 0 0
P1213 2015 6 0 0 0 2 33 18 17 7 0 0 0 0 0 0 0 0 0 0 0 0 0 0 0 0 0 0 0 16 19 4 -999
P1213 2015 7 0 0 0 0 0 0 0 0 0 0 0 0 0 0 0 0 0 0 0 0 0 0 0 0 0 0 0 0 0 0 0
P1213 2015 8 0 0 67 0 0 0 0 0 0 0 23 10 0 0 0 0 0 0 0 0 0 0 0 0 0 0 0 0 0 0 0
P1213 2015 9 0 0 0 0 0 18 7 4 0 0 0 0 0 0 0 0 23 46 17 0 0 0 0 0 0 0 16 0 0 3 -999
P1213 2015 10 0 0 0 0 0 0 0 0 0 30 20 20 10 17 9 6 16 24 60 19 15 6 0 0 0 2 8 12 0 0 0
P1213 2015 11 0 0 0 0 0 0 0 0 0 0 0 0 3 0 8 2 0 0 0 0 0 0 0 0 0 0 0 0 0 0 -999
P1213 2015 12 0 0 0 0 0 0 0 0 0 0 0 24 8 3 6 0 0 0 0 6 3 5 0 0 24 15 4 19 7 13 16
P1213 2016 1 18 16 0 5 17 19 21 40 0 4 85 5 5 63 75 4 15 8 4 13 12 1 0 0 7 27 19 4 114 5 2
P1213 2016 2 6 1 1 1 0 12 15 10 9 0 2 2 3 13 13 0 0 0 0 0 0 0 0 0 0 0 0 0 -999 -999 -999
P1213 2016 3 0 0 0 0 0 0 0 0 0 0 0 0 0 0 0 0 0 9 3 0 0 0 4 1 1 2 0 0 0 5 14
P1213 2016 4 10 0 0 21 15 18 11 6 14 16 2 3 1 7 0 0 0 1 28 22 12 0 0 0 0 0 1 19 0 38 -999
P1213 2016 5 19 14 8 2 2 0 0 0 0 1 9 1 0 0 0 0 0 0 0 0 0 0 14 0 18 6 4 3 0 0 0
P1213 2016 6 0 0 0 0 30 9 0 0 0 0 0 0 0 0 0 0 0 0 0 0 0 0 0 0 0 0 3 23 11 0 -999
P1213 2016 7 0 0 0 0 0 0 0 0 0 0 0 0 0 0 0 0 0 0 0 0 0 0 0 0 3 0 0 0 0 0 0
P1213 2016 8 0 0 0 9 11 0 0 0 0 0 0 0 0 0 0 0 0 0 0 0 0 0 0 0 0 0 0 0 0 0 0
P1213 2016 9 0 0 0 0 0 0 0 0 0 0 0 0 0 0 0 0 0 0 0 0 0 0 0 0 0 0 0 0 4 11 -999
P1213 2016 10 5 2 0 0 0 0 0 0 0 0 0 0 0 0 3 3 5 6 5 0 33 17 4 0 16 9 20 38 22 0 2
P1213 2016 11 0 0 0 27 31 25 12 16 14 8 9 25 78 23 19 12 0 0 0 6 0 0 0 9 25 12 0 0 0 0 -999
P1213 2016 12 0 0 0 0 0 0 0 0 0 0 0 0 0 4 9 0 0 0 2 0 0 5 0 0 0 0 0 0 0 6 6
P1213 2017 1 5 0 16 21 20 15 9 9 13 23 1 19 10 0 0 9 1 0 0 0 14 0 0 0 0 10 11 78 6 0 0
P1213 2017 2 0 0 0 9 7 12 7 8 2 8 0 0 7 26 72 24 4 0 46 38 75 2 10 1 5 14 3 2 -999 -999 -999
P1213 2017 3 1 13 6 3 34 32 5 5 28 4 5 6 4 15 12 13 54 52 9 20 5 81 20 13 5 5 7 19 21 1 18
P1213 2017 4 34 2 21 12 17 9 72 80 8 32 97 9 24 3 17 6 7 6 10 8 11 47 9 6 9 15 7 6 7 10 -999
P1213 2017 5 11 8 0 0 2 6 31 15 6 9 15 0 0 0 16 0 0 0 0 0 0 3 1 17 15 0 0 0 0 0 0
P1213 2017 6 0 4 0 0 0 5 5 37 22 3 0 0 0 1 4 0 0 0 0 0 0 0 0 0 0 0 0 0 0 0 -999
P1213 2017 7 0 0 0 0 0 0 0 0 0 0 0 0 0 0 0 0 0 0 0 0 0 0 23 18 0 0 0 0 0 0 0
P1213 2017 8 0 0 0 0 0 0 0 0 0 5 15 8 0 0 0 0 0 0 8 10 0 0 0 0 0 0 0 0 0 0 7
P1213 2017 9 10 0 0 0 0 0 0 13 0 0 0 0 0 0 0 0 0 0 0 0 0 0 0 0 0 10 16 11 0 11 -999
P1213 2017 10 10 0 0 28 2 6 30 6 9 15 0 0 0 0 0 0 0 0 0 0 0 0 0 0 0 24 22 15 17 9 0
P1213 2017 11 0 21 1 0 0 19 0 0 0 0 25 7 0 0 0 4 0 7 10 2 0 0 0 8 11 4 0 0 0 0 -999
P1213 2017 12 0 13 4 0 0 0 0 0 0 0 0 0 8 20 14 17 19 10 3 0 5 26 13 0 0 0 12 16 81 31 9
P1213 2018 1 0 0 0 0 0 0 0 0 0 0 0 0 0 0 0 0 18 14 0 0 0 0 0 8 11 16 26 13 3 44 34
P1213 2018 2 14 20 52 23 9 16 6 12 7 5 6 14 28 3 1 2 6 9 34 30 0 5 0 6 0 13 27 28 -999 -999 -999
P1213 2018 3 45 40 20 21 23 50 21 6 0 0 1 21 0 0 0 0 1 15 12 14 18 7 8 11 18 16 17 10 13 63 18
P1213 2018 4 10 15 18 9 0 0 0 0 0 0 0 43 42 16 6 27 18 11 4 0 0 0 0 0 0 16 24 8 1 23 -999
P1213 2018 5 31 31 48 54 3 0 0 0 0 0 0 0 0 0 0 0 1 63 52 56 9 2 0 0 0 0 0 0 0 0 0
P1213 2018 6 0 0 0 0 0 0 0 14 0 0 0 0 0 0 0 0 0 0 0 0 0 0 0 0 0 0 0 0 0 0 -999
P1213 2018 7 0 0 0 0 0 0 0 0 0 0 0 0 0 0 0 0 0 0 0 0 0 0 0 0 16 0 0 0 0 0 0
P1213 2018 8 0 0 0 0 0 0 0 0 0 0 0 0 0 7 0 0 0 0 0 0 0 0 0 0 0 0 0 0 0 0 0
P1213 2018 9 0 0 0 0 0 53 39 0 0 0 0 0 0 0 0 0 0 0 0 0 0 0 8 6 0 0 0 0 0 0 -999
P1213 2018 10 0 0 0 0 0 0 0 0 0 0 0 0 0 0 33 0 0 0 42 44 48 46 42 82 57 19 27 8 2 4 7
P1213 2018 11 14 9 9 9 14 0 0 0 6 0 0 0 0 0 0 0 0 0 0 0 0 63 24 11 0 21 31 17 7 0 -999
P1213 2018 12 0 0 0 0 0 0 0 0 0 0 0 0 0 0 0 0 0 0 0 0 0 0 0 2 3 13 19 9 8 0 0
P1213 2019 1 0 0 0 1 1 11 12 10 10 15 2 14 0 2 0 0 0 0 0 0 0 0 0 0 4 2 0 0 0 17 0
P1213 2019 2 0 0 0 13 7 20 22 13 4 10 22 10 8 12 10 14 9 0 0 0 0 0 17 86 78 10 0 18 -999 -999 -999
P1213 2019 3 77 72 20 37 16 50 8 0 4 1 1 4 1 0 0 0 0 0 0 0 0 0 3 4 0 0 19 14 39 47 6
P1213 2019 4 2 0 0 0 0 0 0 0 0 0 0 1 9 0 0 0 0 0 0 0 0 0 0 0 0 0 0 2 22 17 -999
P1213 2019 5 19 0 0 0 0 0 0 0 0 9 4 0 1 18 4 0 0 0 0 0 0 0 0 0 6 0 0 4 15 29 0
P1213 2019 6 0 0 0 0 0 0 15 3 0 0 2 9 20 7 0 0 0 0 0 0 0 0 0 0 0 8 29 0 0 0 -999
P1213 2019 7 0 0 32 6 0 0 0 0 0 0 0 0 0 0 0 0 0 0 0 0 0 0 0 0 0 0 0 0 0 0 0
P1213 2019 8 0 0 0 0 10 0 0 0 0 0 0 0 0 0 0 0 0 10 35 0 0 0 0 0 0 0 0 0 0 0 18
P1213 2019 9 31 0 0 0 0 0 0 11 4 0 4 37 24 3 8 12 0 0 0 0 13 0 23 69 37 0 0 0 0 0 -999
P1213 2019 10 0 0 29 46 16 16 27 7 16 9 0 0 0 0 0 0 0 0 0 0 2 1 0 0 0 0 0 0 0 0 0
P1213 2019 11 0 0 0 0 18 21 4 11 0 0 0 0 0 0 0 0 0 0 0 0 0 0 0 0 0 16 19 27 18 6 -999
P1213 2019 12 4 0 0 0 0 0 0 0 0 0 0 0 0 0 7 18 11 14 26 15 82 20 62 24 21 0 0 0 0 0 0
P1213 2020 1 0 5 15 68 23 20 27 0 0 0 0 0 0 0 0 0 0 0 0 0 0 6 8 14 7 2 0 2 16 18 21
P1213 2020 2 20 15 16 45 16 10 0 0 8 33 0 0 0 22 12 35 57 47 38 21 19 17 74 38 3 1 0 0 -999 -999 -999
P1213 2020 3 0 0 0 0 0 0 0 0 0 0 0 0 0 6 24 27 55 43 4 2 2 5 1 3 17 1 11 7 8 13 0
P1213 2020 4 0 0 0 0 0 13 0 8 85 28 22 19 12 10 3 0 0 0 0 0 22 0 26 15 38 8 1 0 40 98 -999
P1213 2020 5 134 48 10 8 7 6 12 9 3 4 3 8 0 0 0 0 0 0 0 0 18 10 1 9 8 18 8 74 46 20 16
P1213 2020 6 12 14 12 0 0 5 26 17 15 4 3 2 3 7 0 0 0 0 0 0 0 0 0 0 0 0 0 0 0 0 -999
P1213 2020 7 0 0 0 0 0 0 0 0 0 0 0 0 0 0 0 0 0 0 0 0 0 0 0 0 0 0 0 0 0 0 0
P1213 2020 8 0 0 0 0 0 0 29 21 0 0 0 0 0 0 0 0 0 0 0 0 0 0 0 0 0 0 0 0 0 0 0
P1213 2020 9 0 0 0 22 6 0 0 5 12 0 0 0 0 0 25 20 0 0 35 31 9 0 0 0 0 0 0 0 0 0 -999
P1213 2020 10 0 0 9 29 18 21 6 0 0 0 9 10 5 0 0 0 0 0 0 0 0 0 13 17 3 0 44 40 33 5 0
P1213 2020 11 0 6 0 0 0 0 17 0 0 0 0 0 0 6 6 0 10 20 25 38 22 18 0 0 0 0 0 0 0 0 -999
P1213 2020 12 0 0 0 0 0 0 0 0 0 0 0 0 7 12 0 0 0 0 0 0 3 63 52 0 0 0 0 0 0 0 0
P1213 2021 1 0 4 6 14 3 0 0 0 0 0 0 11 4 7 4 4 18 23 21 14 7 5 6 16 33 62 81 26 9 22 27
P1213 2021 2 24 8 16 7 49 22 9 11 9 9 8 0 20 5 12 3 0 11 0 0 0 0 0 0 6 12 37 5 -999 -999 -999
P1213 2021 3 5 5 24 18 6 4 15 74 267 5 0 6 18 20 67 21 21 62 98 18 2 8 9 6 0 0 0 0 0 0 0
P1213 2021 4 0 4 28 15 4 0 0 0 0 27 19 0 0 0 3 5 8 11 7 6 10 15 0 0 3 10 39 14 5 3 -999
P1213 2021 5 13 3 0 4 3 0 7 15 3 0 3 8 8 0 0 0 0 0 0 5 0 0 0 23 9 0 0 17 17 37 16
P1213 2021 6 44 15 11 7 0 0 9 23 17 9 12 15 14 14 8 0 0 0 0 0 0 0 0 0 0 0 0 0 0 0 -999
P1213 2021 7 0 0 0 0 0 0 0 0 0 0 0 0 0 0 0 0 0 0 0 0 0 0 0 0 0 0 0 0 0 18 0
P1213 2021 8 0 0 0 0 0 0 0 13 29 13 10 6 0 0 0 0 0 0 0 0 0 0 0 0 0 0 0 0 0 0 0
P1213 2021 9 0 0 0 0 0 0 0 0 0 0 0 0 0 8 36 17 0 0 0 0 0 0 0 0 30 36 0 12 17 43 -999
P1213 2021 10 15 12 13 7 0 0 0 0 4 0 0 0 11 14 0 0 4 0 0 19 22 4 0 0 31 28 23 20 19 11 11
P1213 2021 11 9 15 0 0 0 0 0 18 8 0 0 0 0 0 0 0 0 0 0 0 0 0 0 5 0 0 0 0 0 0 -999
P1213 2021 12 0 0 0 0 0 0 0 0 0 0 0 0 11 11 18 7 16 50 64 14 25 17 10 20 18 19 61 51 19 10 4
P1213 2022 1 7 0 0 0 0 0 0 0 0 0 0 0 11 23 23 15 13 35 101 56 16 9 4 10 6 0 0 0 0 0 0
P1213 2022 2 0 6 9 0 0 0 0 0 0 13 4 0 0 0 0 2 10 0 0 0 0 5 1 6 3 0 13 65 -999 -999 -999
P1213 2022 3 17 9 0 0 15 17 7 0 0 0 0 0 0 0 1 18 0 0 0 2 7 4 3 7 6 2 7 6 4 13 28
P1213 2022 4 23 17 90 18 5 37 27 5 10 0 0 30 11 34 7 22 45 62 5 2 33 3 1 18 16 4 6 0 0 0 -999
P1213 2022 5 0 0 0 0 0 0 0 0 0 0 0 0 0 0 0 0 0 0 0 0 5 8 8 0 0 0 0 0 0 0 0
P1213 2022 6 0 2 0 0 0 0 0 0 55 0 38 0 0 0 0 0 0 0 0 0 0 0 0 0 0 0 0 0 0 0 -999
P1213 2022 7 0 0 0 0 0 0 0 0 0 0 0 0 0 0 0 0 0 0 0 0 0 0 0 0 0 0 0 0 0 0 0
P1213 2022 8 0 0 0 0 0 0 0 0 0 0 0 0 0 0 0 0 0 0 0 0 0 0 0 0 0 0 0 0 0 0 0
P1213 2022 9 0 0 0 0 0 0 0 0 0 0 0 0 0 0 0 0 0 0 0 0 0 0 41 62 23 22 34 24 0 0 -999
P1213 2022 10 0 0 0 0 5 17 0 0 0 7 0 0 0 0 0 0 0 0 0 4 8 11 1 0 0 0 21 21 0 0 0
P1213 2022 11 0 0 2 27 16 11 0 0 0 0 0 0 14 23 17 15 17 28 15 19 25 25 86 66 18 0 0 0 0 0 -999
P1213 2022 12 0 8 5 0 0 26 17 17 14 0 0 10 0 0 0 0 4 3 7 9 15 3 5 32 19 55 24 60 46 22 20
P1213 2023 1 10 13 14 16 78 42 28 16 1 1 8 16 8 19 15 2 0 0 7 11 1 8 22 11 5 0 0 0 0 0 0
P1213 2023 2 0 0 9 6 1 0 0 0 0 0 0 0 0 0 7 7 4 1 20 11 25 0 0 0 0 0 0 0 -999 -999 -999
P1213 2023 3 0 0 8 15 0 0 0 0 0 0 0 0 0 0 3 24 17 28 22 13 4 20 0 0 0 0 0 6 0 0 0
P1213 2023 4 0 0 0 0 0 0 0 0 1 0 4 0 0 0 17 63 20 21 15 3 10 29 24 16 4 3 2 0 0 0 -999
P1213 2023 5 8 24 3 7 11 3 31 19 22 18 17 4 18 1 11 17 17 0 27 0 0 3 4 8 4 7 0 0 5 12 9
P1213 2023 6 0 0 0 0 0 0 0 0 0 0 0 11 5 10 47 14 6 5 6 0 0 0 0 0 0 0 0 0 0 0 -999
P1213 2023 7 0 0 0 0 0 26 7 11 0 0 0 0 0 0 0 0 0 11 28 23 0 0 0 0 0 0 0 0 0 0 0
P1213 2023 8 0 0 0 0 0 0 0 0 0 0 0 0 0 0 0 0 0 0 0 0 0 0 0 0 0 0 0 0 0 0 0
P1213 2023 9 0 0 0 0 0 0 0 0 0 0 0 0 0 0 0 0 1 20 5 0 0 0 0 0 0 0 0 0 0 19 -999
P1213 2023 10 60 56 15 6 0 0 0 0 0 8 4 0 0 21 13 14 4 16 12 13 7 9 0 0 0 0 0 0 6 19 20
P1213 2023 11 11 9 0 0 0 0 0 0 26 22 18 27 5 0 0 0 0 0 0 0 0 0 0 0 0 0 0 4 0 0 -999
P1213 2023 12 0 21 53 29 2 0 0 0 0 0 1 0 0 0 0 0 0 3 4 27 13 10 3 7 18 0 0 0 0 0 2
P1213 2024 1 0 0 0 0 0 0 0 0 0 0 0 0 0 0 0 0 0 6 8 12 15 5 9 0 0 0 15 14 20 0 0
P1213 2024 2 0 0 0 4 9 20 92 56 124 131 14 21 5 0 0 0 0 0 0 0 0 0 0 0 0 0 0 0 -999 -999 -999
P1213 2024 3 0 0 0 0 0 0 2 7 6 2 10 32 15 69 14 11 17 14 16 14 12 8 0 0 0 5 4 7 15 16 26
P1213 2024 4 47 34 7 10 20 15 35 6 14 17 19 0 0 0 0 0 5 2 0 0 1 4 18 3 0 0 0 0 0 0 -999
P1213 2024 5 5 5 6 11 16 14 34 21 20 0 0 4 14 15 11 3 10 9 1 0 0 0 0 10 4 4 14 8 14 0 0
P1213 2024 6 0 0 0 0 0 0 0 0 0 0 0 0 0 0 0 0 0 0 0 0 0 0 0 0 0 0 0 0 0 0 -999
P1213 2024 7 0 0 0 0 0 0 0 0 0 0 0 0 0 0 0 0 0 0 0 0 0 0 0 0 0 0 0 0 0 0 0
P1213 2024 8 0 0 0 0 0 0 0 0 0 14 0 0 0 0 0 0 0 0 0 0 0 0 0 0 0 0 0 0 0 0 0
P1213 2024 9 0 0 0 0 0 0 0 0 0 0 0 0 0 0 0 0 0 1 23 41 11 43 31 31 0 0 0 10 52 0 -999
P1213 2024 10 10 0 61 13 34 9 22 0 0 0 0 0 0 0 0 0 0 0 0 0 0 0 0 0 0 0 0 0 0 22 33
P1213 2024 11 20 21 44 17 37 29 0 0 0 0 4 32 6 3 7 2 22 18 12 0 0 0 0 0 0 0 0 7 14 36 -999
P1213 2024 12 51 14 17 9 0 0 0 0 0 3 18 0 22 5 0 0 0 0 0 0 0 10 3 0 0 0 0 0 0 0 0
P1213 2025 1 1 0 0 13 47 35 23 13 15 0 0 0 0 0 3 0 0 4 19 0 0 0 0 0 0 0 0 2 8 4 0
P1213 2025 2 0 0 0 0 0 3 7 55 22 6 29 55 46 14 43 16 0 0 4 0 0 0 0 0 9 0 0 0 -999 -999 -999
P1213 2025 3 0 2 16 2 0 0 0 41 3 20 4 0 0 0 0 0 0 0 0 0 0 0 0 0 0 0 0 0 0 0 0
P1213 2025 4 0 0 0 0 0 3 0 0 0 0 0 0 0 0 0 0 0 3 3 0 0 0 0 0 0 0 0 0 19 13 -999
P1213 2025 5 0 0 2 13 4 0 0 0 0 0 0 0 4 6 9 3 0 0 0 4 0 23 31 14 11 17 10 13 48 1 0
P1213 2025 6 0 0 0 4 0 0 0 0 0 0 0 0 0 0 0 0 0 0 0 0 0 0 0 0 0 0 0 0 0 0 -999
P1213 2025 7 0 0 0 0 0 0 0 0 0 0 0 0 0 0 0 0 0 0 0 0 0 0 0 0 0 0 0 0 0 0 0
P1213 2025 8 0 0 38 10 0 0 0 0 0 0 0 0 0 58 9 0 0 0 0 0 0 0 0 0 0 0 0 0 0 0 0
P1213 2025 9 0 0 0 0 0 0 0 0 0 0 0 0 0 0 0 0 0 20 3 0 0 0 0 0 0 7 6 7 3 0 -999
P1213 2025 10 0 0 0 0 0 0 0 0 0 0 0 0 0 0 0 0 2 10 24 20 94 62 18 3 0 0 0 0 0 28 53
P1213 2025 11 73 25 17 14 24 14 17 18 20 63 38 0 0 25 21 8 0 0 0 0 0 0 0 0 0 0 0 0 0 0 -999
P1213 2025 12 0 0 0 0 0 0 0 0 0 0 0 7 15 0 0 10 0 0 18 18 5 55 8 3 15 45 18 20 14 0 13
P1213 2026 1 1 18 6 0 0 0 0 0 0 0 0 0 0 0 0 0 0 0 2 13 0 0 0 12 1 0 0 0 0 0 0
P1213 2026 2 0 0 0 0 0 0 0 0 0 0 0 0 5 2 0 12 16 21 11 1 2 17 10 4 5 10 4 5 -999 -999 -999
P1213 2026 3 5 6 0 11 14 67 27 13 19 6 0 0 0 36 0 0 0 0 0 0 0 0 90 54 57 21 7 5 6 6 6
P1213 2026 4 0 0 0 6 2 0 7 10 8 7 7 0 10 8 5 1 0 0 0 0 0 0 0 0 0 0 0 4 0 43 -999
P1213 2026 5 21 12 5 0 0 0 0 0 4 26 24 16 4 5 0 1 0 0 0 0 0 0 0 0 0 0 0 0 6 0 0
P1213 2026 6 0 0 0 0 0 0 0 0 0 0 0 0 0 0 0 0 0 0 0 0 0 17 37 0 0 0 0 0 0 0 -999
P1213 2026 7 0 0 0 0 0 0 0 0 0 0 0 0 0 0 0 0 0 0 7 0 0 0 0 0 0 0 0 0 0 0 0
P1213 2026 8 0 0 0 0 0 0 0 0 0 0 0 0 0 0 0 0 0 0 0 0 0 0 0 0 0 0 0 0 0 13 16
P1213 2026 9 15 16 16 9 0 0 0 0 0 0 0 0 0 0 0 0 0 0 0 0 1 7 16 0 0 0 0 11 0 0 -999
P1213 2026 10 0 0 4 6 12 0 0 0 0 0 0 0 0 0 0 0 0 8 0 0 9 4 0 0 0 0 0 0 5 12 28
P1213 2026 11 21 18 12 13 28 22 13 10 49 19 16 21 14 0 35 19 13 3 0 0 0 0 0 3 0 0 0 2 0 0 -999
P1213 2026 12 0 0 0 0 0 0 0 0 0 0 0 0 0 0 18 4 22 15 21 4 8 9 18 17 0 0 0 0 0 0 0
P1213 2027 1 0 0 0 0 17 11 34 22 20 18 56 23 23 24 21 71 9 7 2 14 5 14 8 0 0 38 16 42 72 12 0
P1213 2027 2 0 0 0 0 0 0 0 0 0 0 5 14 16 0 0 0 0 6 6 4 0 9 21 5 0 7 14 0 -999 -999 -999
P1213 2027 3 0 0 9 8 6 8 5 12 4 0 0 0 0 0 0 0 17 18 27 3 13 7 11 2 13 5 10 8 0 0 0
P1213 2027 4 0 0 0 0 0 0 0 0 0 0 0 0 0 0 51 0 0 0 15 0 0 0 0 0 0 0 0 0 0 0 -999
P1213 2027 5 19 17 24 31 22 19 12 18 13 0 0 13 4 13 0 0 0 0 0 0 0 0 1 0 4 4 2 2 4 0 0
P1213 2027 6 0 0 0 42 21 16 0 0 0 0 0 0 0 0 0 0 0 0 0 0 0 4 6 0 0 0 0 16 0 0 -999
P1213 2027 7 0 0 0 0 0 0 0 0 0 0 0 0 0 0 0 0 0 0 0 0 0 0 0 0 0 0 0 0 0 0 0
P1213 2027 8 0 0 0 0 0 0 0 0 0 0 0 0 0 0 0 0 0 0 0 0 0 0 0 0 0 0 0 0 0 0 0
P1213 2027 9 0 0 0 0 0 0 0 0 0 0 0 0 0 0 0 0 0 50 18 0 0 0 0 0 0 15 6 0 0 0 -999
P1213 2027 10 0 0 0 0 0 0 0 0 0 0 0 0 0 30 0 0 6 7 0 0 0 5 17 18 11 0 0 0 0 0 0
P1213 2027 11 0 3 0 1 3 0 0 0 0 6 12 23 7 0 0 0 0 0 0 0 0 0 0 0 0 5 0 0 0 0 -999
P1213 2027 12 0 0 0 0 0 0 0 0 0 0 0 0 4 4 5 13 7 9 0 0 0 0 0 0 0 5 2 0 0 0 0
P1213 2028 1 0 0 0 0 0 0 0 0 0 0 0 1 0 0 0 0 22 34 3 8 0 0 6 31 54 17 17 25 2 0 14
P1213 2028 2 23 24 7 15 21 36 15 0 19 23 23 59 14 18 0 0 3 13 5 0 0 3 6 0 0 0 0 0 -999 -999 -999
P1213 2028 3 0 0 0 0 0 4 0 0 0 0 18 16 17 17 19 0 0 0 0 0 0 0 6 0 1 7 5 0 0 0 0
P1213 2028 4 0 0 0 0 0 0 0 0 0 2 4 0 0 0 0 0 0 0 2 12 20 8 0 0 0 0 0 0 0 0 -999
P1213 2028 5 0 0 0 0 0 0 0 11 5 17 20 10 0 0 0 0 0 0 0 0 0 0 0 32 16 4 0 11 10 3 0
P1213 2028 6 15 15 3 10 3 14 11 22 17 0 0 0 5 0 0 0 0 25 0 0 0 0 0 0 0 0 0 16 51 13 -999
P1213 2028 7 6 3 0 0 0 0 0 0 0 0 0 13 10 0 0 0 0 0 0 0 0 0 0 0 0 0 0 7 0 0 0
P1213 2028 8 0 0 0 0 0 0 0 0 0 0 0 0 0 0 0 0 0 0 0 0 0 0 0 0 0 0 0 0 0 0 0
P1213 2028 9 0 0 0 0 0 0 0 0 0 0 0 0 0 0 0 0 0 0 0 0 0 15 43 0 11 0 0 0 48 0 -999
P1213 2028 10 0 0 0 0 0 0 0 0 0 0 27 0 0 0 5 0 0 0 10 0 0 0 0 0 0 0 0 0 0 0 0
P1213 2028 11 0 0 0 0 18 7 5 0 0 0 0 0 0 0 0 0 0 0 17 16 8 4 0 0 0 0 0 4 0 0 -999
P1213 2028 12 0 0 0 0 0 0 0 0 0 0 0 0 18 34 59 61 47 20 6 12 13 11 11 0 0 4 5 0 2 28 1
P1213 2029 1 0 0 5 41 15 0 0 24 17 19 7 32 11 0 0 8 16 21 23 23 17 5 0 0 0 0 0 33 5 7 9
P1213 2029 2 7 14 10 11 12 8 0 0 0 0 5 0 0 5 0 0 0 0 0 0 0 0 0 0 0 0 0 1 -999 -999 -999
P1213 2029 3 1 2 1 31 23 67 28 11 8 22 13 0 0 1 15 0 0 0 0 10 17 11 18 9 0 0 0 0 0 0 0
P1213 2029 4 1 11 18 18 6 3 1 1 0 0 0 0 0 9 20 4 5 8 2 0 0 0 0 0 0 0 0 7 17 2 -999
P1213 2029 5 0 0 2 2 29 17 27 22 9 4 6 0 0 0 0 0 0 0 0 0 11 5 0 0 0 0 0 0 0 0 159
P1213 2029 6 154 74 82 73 0 0 0 0 0 0 0 0 0 0 0 0 0 0 0 0 0 0 0 0 0 0 0 0 0 0 -999
P1213 2029 7 0 0 0 0 0 0 0 0 0 0 0 0 0 0 0 27 22 16 11 0 0 0 0 0 4 0 0 0 0 0 0
P1213 2029 8 0 0 0 0 0 0 0 0 0 0 0 0 0 0 0 0 0 0 0 0 0 0 0 0 0 0 0 0 0 0 0
P1213 2029 9 0 0 0 0 0 0 0 0 0 0 0 0 0 0 0 0 0 0 0 0 0 0 16 6 23 8 25 26 14 8 -999
P1213 2029 10 0 0 0 0 0 0 0 0 4 0 0 0 0 0 0 0 0 6 1 0 0 0 0 0 0 25 24 16 91 83 5
P1213 2029 11 0 0 0 0 0 0 0 0 0 0 0 0 0 0 0 0 0 9 0 0 0 0 0 12 13 0 0 0 0 0 -999
P1213 2029 12 0 0 0 11 29 14 0 7 31 19 6 0 0 3 0 0 0 18 18 5 0 14 36 23 22 11 8 13 31 16 0
P1213 2030 1 0 0 0 0 14 7 6 17 10 17 21 34 15 6 5 9 13 0 0 0 0 0 0 0 0 3 5 1 23 21 0
P1213 2030 2 10 1 0 2 2 11 0 6 21 16 0 0 0 0 0 15 18 19 17 0 0 0 1 0 0 0 0 0 -999 -999 -999
P1213 2030 3 1 4 1 0 0 0 0 0 0 0 0 0 0 0 0 0 0 0 1 22 3 0 0 0 8 54 15 14 40 17 16
P1213 2030 4 18 23 18 5 17 5 0 0 7 9 7 1 2 21 24 8 4 10 6 23 9 2 1 3 19 82 29 3 3 0 -999
P1213 2030 5 0 0 0 0 0 0 0 0 0 8 24 20 18 15 3 10 12 3 0 0 0 0 0 0 0 0 0 0 0 0 0
P1213 2030 6 0 0 0 0 0 0 0 0 0 0 0 0 0 0 4 17 22 26 19 7 0 9 12 7 0 0 0 0 0 0 -999
P1213 2030 7 0 0 0 0 0 0 0 0 0 0 0 0 0 0 0 0 0 0 0 0 0 0 0 0 0 0 0 0 0 0 0
P1213 2030 8 0 0 0 0 0 0 0 0 0 0 0 0 0 0 0 0 0 0 0 0 0 0 0 0 0 0 0 0 18 0 0
P1213 2030 9 0 0 0 0 0 0 0 0 0 0 0 0 0 0 0 46 79 15 5 0 18 49 32 17 12 9 3 15 9 5 -999
P1213 2030 10 0 0 0 0 0 0 0 3 32 10 24 10 11 10 0 0 0 0 44 8 82 68 10 14 14 0 0 0 5 13 40
P1213 2030 11 24 24 23 8 21 23 17 15 20 8 22 17 5 5 13 7 21 20 21 15 16 55 3 1 11 16 7 17 23 17 -999
P1213 2030 12 0 0 0 0 0 10 13 9 0 3 5 8 0 0 0 0 0 0 0 0 0 0 0 0 0 0 0 9 6 19 7
P1213 2031 1 7 0 0 0 11 17 2 3 34 38 13 30 19 76 7 2 1 0 9 0 0 0 0 0 0 0 0 0 0 0 0
P1213 2031 2 2 5 8 11 12 38 9 0 26 12 11 21 32 13 0 0 21 45 8 10 26 8 12 18 5 0 0 2 -999 -999 -999
P1213 2031 3 1 2 5 5 6 44 18 8 8 52 22 13 22 4 1 0 8 0 0 14 11 1 0 0 0 0 0 0 0 6 11
P1213 2031 4 0 0 11 10 6 9 1 4 5 7 3 7 4 6 3 0 1 0 0 0 0 0 0 0 0 0 0 0 0 0 -999
P1213 2031 5 0 0 14 13 2 1 7 2 0 7 0 0 0 0 0 8 14 15 10 5 4 0 0 0 0 0 0 2 6 0 0
P1213 2031 6 0 0 0 0 0 0 3 8 9 1 0 0 0 0 0 0 0 0 28 22 0 0 0 0 0 0 0 0 0 0 -999
P1213 2031 7 0 0 0 0 0 0 0 0 0 0 0 0 2 40 16 7 4 10 0 0 0 0 0 11 24 20 0 0 0 0 0
P1213 2031 8 0 0 0 0 0 0 0 0 0 3 6 13 11 0 0 0 0 0 0 0 0 0 0 0 0 0 0 0 0 0 0
P1213 2031 9 0 0 0 0 0 0 0 0 0 0 27 17 7 0 0 0 0 0 0 0 0 0 85 47 7 13 9 9 0 0 -999
P1213 2031 10 0 0 0 0 0 0 0 13 19 28 0 0 0 6 13 14 9 8 14 25 24 18 0 0 0 0 0 0 0 0 7
P1213 2031 11 2 0 6 0 8 27 28 12 0 0 0 2 10 74 62 21 10 0 44 13 15 20 18 14 19 15 2 12 33 12 -999
P1213 2031 12 44 6 33 11 19 21 19 38 64 6 0 0 0 0 0 0 0 0 0 0 29 5 36 66 87 17 16 14 7 0 0
P1213 2032 1 0 0 26 16 58 21 10 35 34 2 0 29 28 16 26 23 3 0 0 5 3 0 0 0 0 3 4 0 13 14 14
P1213 2032 2 19 16 19 8 3 0 0 0 0 0 45 15 18 0 0 0 12 0 0 0 0 0 9 7 0 0 0 0 -999 -999 -999
P1213 2032 3 46 0 0 0 5 0 0 0 0 0 0 0 0 1 4 1 0 0 0 0 0 0 0 0 0 0 0 0 0 8 11
P1213 2032 4 9 21 20 17 4 7 6 5 18 10 8 1 0 0 3 8 9 4 2 6 0 0 6 10 7 11 5 0 0 0 -999
P1213 2032 5 0 0 7 16 11 6 4 3 9 18 0 11 7 6 10 7 1 6 4 10 1 0 0 0 12 15 15 11 12 0 0
P1213 2032 6 0 0 0 0 0 0 10 25 0 0 0 0 0 0 19 27 19 5 0 6 3 0 0 0 0 0 0 0 0 0 -999
P1213 2032 7 0 0 3 11 10 0 0 0 0 0 0 0 0 0 0 0 0 0 0 0 0 0 0 0 0 0 0 0 0 0 0
P1213 2032 8 0 0 0 0 0 0 0 0 0 0 0 0 0 0 0 0 0 0 0 0 0 0 0 0 0 0 0 0 0 0 0
P1213 2032 9 0 0 0 0 0 0 0 0 0 0 51 8 0 5 0 15 17 16 10 14 14 4 0 0 0 0 0 0 0 0 -999
P1213 2032 10 0 27 44 43 16 0 0 0 13 0 0 9 0 11 20 26 6 0 0 25 17 11 39 23 2 3 0 0 14 10 0
P1213 2032 11 5 4 0 5 0 0 0 0 0 0 0 3 0 0 0 0 0 0 0 0 0 0 0 0 0 0 10 0 0 80 -999
P1213 2032 12 7 12 7 6 0 0 0 0 0 0 0 0 0 0 0 0 0 0 0 0 0 0 0 0 20 13 0 0 0 0 0
P1213 2033 1 0 0 12 29 6 17 2 42 19 21 8 13 51 16 9 81 16 14 16 0 0 0 0 13 0 0 17 21 6 3 14
P1213 2033 2 0 0 0 0 0 10 10 13 6 17 55 25 19 1 0 0 0 0 0 0 0 0 0 14 16 0 0 0 -999 -999 -999
P1213 2033 3 0 0 5 0 0 0 0 1 0 0 29 100 23 21 24 54 113 187 21 0 11 17 8 0 0 0 0 15 8 6 3
P1213 2033 4 0 0 0 11 7 1 1 2 2 1 2 32 26 12 12 85 3 2 1 8 7 31 21 21 12 2 2 0 2 11 -999
P1213 2033 5 6 0 0 0 0 0 0 0 0 0 0 12 19 21 1 12 27 21 21 13 17 16 0 0 0 0 0 0 0 0 0
P1213 2033 6 0 0 0 0 0 0 0 0 0 0 0 0 0 0 0 0 0 0 0 0 0 0 0 0 0 0 0 5 4 0 -999
P1213 2033 7 0 0 0 17 0 0 0 0 0 0 0 0 0 0 0 0 0 0 0 0 0 0 0 0 0 0 15 0 0 0 0
P1213 2033 8 0 0 0 0 0 0 0 0 0 0 0 0 0 0 0 0 0 0 0 0 0 0 0 0 0 0 0 0 15 27 0
P1213 2033 9 21 38 13 0 0 0 6 5 0 0 0 0 0 2 40 4 0 0 0 0 0 0 0 0 0 0 0 0 0 20 -999
P1213 2033 10 16 9 0 23 43 51 18 46 16 5 10 42 38 0 0 0 0 0 0 0 0 0 0 0 0 3 0 0 0 0 0
P1213 2033 11 9 0 36 90 24 13 0 0 0 0 0 0 0 0 0 0 7 18 11 3 1 0 0 0 0 0 0 0 0 0 -999
P1213 2033 12 0 0 5 0 0 0 0 3 12 0 0 16 13 0 0 0 0 0 0 0 0 0 0 0 0 0 0 0 0 0 0
P1213 2034 1 0 0 0 0 0 17 3 3 3 0 0 19 21 15 16 16 0 0 0 0 0 6 0 0 0 0 0 0 0 0 0
P1213 2034 2 0 0 0 0 0 0 0 0 0 0 11 20 19 7 5 17 24 54 53 3 0 0 0 0 0 0 0 3 -999 -999 -999
P1213 2034 3 9 0 71 4 32 26 2 0 0 0 0 0 5 20 20 21 13 3 3 0 0 0 4 25 117 220 9 2 0 0 0
P1213 2034 4 0 0 0 7 0 0 0 0 0 0 0 0 0 0 0 0 0 0 0 0 7 17 0 0 0 4 26 16 9 9 -999
P1213 2034 5 0 0 0 0 0 0 0 0 0 0 0 0 0 0 0 0 0 0 0 0 0 0 0 0 1 5 15 1 5 19 3
P1213 2034 6 4 0 0 7 7 14 11 9 0 0 0 0 0 0 0 0 0 0 0 0 0 0 0 0 0 0 0 0 0 0 -999
P1213 2034 7 0 0 0 0 0 0 0 0 7 5 0 0 0 0 0 0 0 0 0 0 0 0 0 0 0 0 0 0 0 0 0
P1213 2034 8 0 0 0 13 7 0 0 0 0 0 0 0 0 0 0 0 0 0 0 0 0 0 0 0 0 0 0 0 0 0 0
P1213 2034 9 0 0 0 0 0 0 0 0 0 0 7 0 11 0 0 0 0 0 0 0 0 0 22 17 0 0 0 0 0 1 -999
P1213 2034 10 41 13 0 0 0 11 19 0 0 0 17 16 4 0 0 0 16 9 6 0 0 0 0 0 19 30 7 0 6 0 0
P1213 2034 11 0 0 0 0 0 0 5 0 37 2 0 0 19 13 0 0 0 0 0 0 21 16 18 16 11 19 14 8 0 0 -999
P1213 2034 12 8 0 0 0 0 3 7 0 10 14 6 0 0 3 25 13 0 0 0 0 0 0 0 0 0 4 10 14 0 6 11
P1213 2035 1 5 0 0 7 7 1 3 17 15 4 0 0 4 7 5 3 10 4 0 0 21 85 24 47 14 0 0 0 0 0 0
P1213 2035 2 0 14 13 0 0 0 16 21 0 0 0 0 0 0 0 0 0 0 0 0 12 19 48 66 9 5 11 16 -999 -999 -999
P1213 2035 3 17 31 16 0 0 14 16 40 23 17 5 18 41 82 58 52 9 3 23 37 61 36 23 12 10 16 4 18 1 15 10
P1213 2035 4 21 15 0 2 9 3 9 14 56 18 9 0 6 13 0 0 0 0 0 26 103 36 70 6 16 3 2 9 6 23 -999
P1213 2035 5 10 25 0 0 0 0 0 18 2 1 7 0 8 12 0 0 0 0 0 0 0 0 20 11 22 2 0 0 0 28 1
P1213 2035 6 8 0 0 20 36 12 15 0 2 10 0 0 0 0 0 0 0 0 0 0 0 0 0 0 0 0 0 0 0 0 -999
P1213 2035 7 0 0 0 0 0 0 0 0 0 0 0 0 0 0 0 0 0 0 0 0 0 0 0 0 0 0 0 0 0 0 0
P1213 2035 8 0 0 0 0 0 0 0 0 0 0 0 0 0 0 0 0 0 0 0 0 0 0 0 0 0 0 0 0 0 0 0
P1213 2035 9 0 0 0 0 0 0 0 0 0 0 0 0 0 58 3 2 4 0 0 0 0 0 0 0 0 0 0 0 0 0 -999
P1213 2035 10 0 0 26 49 4 0 0 0 0 0 0 0 0 42 17 0 0 0 0 47 13 11 7 0 0 0 0 0 0 0 0
P1213 2035 11 0 0 18 28 25 30 9 0 0 0 0 0 0 0 0 0 0 0 0 0 0 0 0 0 0 4 11 8 0 0 -999
P1213 2035 12 10 10 6 4 9 44 56 3 17 81 19 18 10 0 0 0 0 0 4 10 15 17 0 0 0 0 0 0 0 0 3
P1213 2036 1 19 15 7 0 1 11 2 12 6 10 10 1 1 3 0 0 0 3 10 4 7 6 0 0 0 0 2 4 0 0 0
P1213 2036 2 6 0 0 0 0 0 4 4 9 13 21 14 16 15 1 20 10 6 0 0 0 0 0 0 0 0 0 0 -999 -999 -999
P1213 2036 3 12 11 15 13 9 0 0 0 0 0 0 0 0 0 14 10 0 0 0 0 0 0 0 4 13 13 16 18 16 9 2
P1213 2036 4 30 35 3 3 4 0 0 0 0 0 0 0 0 0 0 0 0 0 0 0 0 0 0 0 0 4 3 0 0 0 -999
P1213 2036 5 0 0 0 23 17 8 0 0 0 3 0 5 21 17 3 17 20 3 3 0 0 0 0 1 0 0 0 0 0 0 0
P1213 2036 6 0 11 5 0 7 30 0 0 0 0 0 0 0 0 0 0 7 8 9 3 2 0 0 0 0 0 0 0 0 0 -999
P1213 2036 7 0 0 0 0 0 0 0 0 0 0 0 0 0 0 0 0 0 0 0 0 0 0 0 0 0 0 0 0 0 0 0
P1213 2036 8 0 0 0 0 0 0 0 0 0 0 0 0 0 0 0 0 0 0 0 0 0 0 0 0 0 0 0 0 0 0 0
P1213 2036 9 0 0 0 0 0 0 0 0 0 38 0 0 0 0 0 0 0 0 0 0 0 0 0 0 0 0 0 0 0 0 -999
P1213 2036 10 0 0 0 0 0 0 0 0 0 0 10 0 0 0 15 12 6 0 0 0 0 0 0 0 0 0 38 24 53 14 38
P1213 2036 11 27 13 5 0 0 9 0 13 13 4 0 0 0 5 25 26 12 0 0 0 21 15 0 0 0 0 14 7 0 0 -999
P1213 2036 12 0 0 0 0 5 0 0 0 0 0 0 0 3 0 0 0 0 0 0 0 0 8 15 11 11 16 4 3 5 0 0
P1213 2037 1 0 0 0 0 0 0 0 0 2 47 19 13 16 1 0 0 0 0 14 15 13 6 21 38 46 20 16 20 72 10 1
P1213 2037 2 42 2 5 60 10 34 88 38 16 20 0 0 0 0 0 0 0 6 0 0 0 0 0 0 0 0 2 17 -999 -999 -999
P1213 2037 3 14 1 0 0 0 0 0 0 0 0 0 0 0 2 42 4 18 23 16 3 4 9 8 3 6 0 0 3 0 0 0
P1213 2037 4 11 6 7 20 6 4 17 14 14 1 0 0 0 10 42 22 20 44 15 18 30 40 9 9 15 2 0 0 5 0 -999
P1213 2037 5 0 0 0 0 0 0 0 0 2 20 18 14 3 7 7 8 0 20 14 0 0 0 0 0 3 26 9 5 0 0 0
P1213 2037 6 0 0 0 0 0 0 0 0 8 6 0 0 0 0 0 0 6 17 46 50 25 17 0 0 0 0 0 0 0 0 -999
P1213 2037 7 0 0 0 0 0 0 0 0 0 0 0 0 0 0 0 0 0 0 0 0 0 0 0 0 0 0 0 0 0 0 0
P1213 2037 8 0 0 0 0 0 0 0 0 0 0 0 0 0 0 0 0 0 0 0 0 0 0 0 0 0 0 0 0 0 0 0
P1213 2037 9 0 0 0 0 0 0 0 0 0 0 0 0 0 0 0 7 17 17 0 0 0 0 0 0 0 0 0 0 0 0 -999
P1213 2037 10 7 0 0 0 0 0 0 0 0 0 0 18 0 0 0 0 0 28 16 13 0 0 0 0 0 0 0 0 0 0 0
P1213 2037 11 0 0 0 0 0 0 0 11 6 0 7 6 16 3 7 0 0 0 0 9 21 13 0 31 13 3 3 11 18 22 -999
P1213 2037 12 34 15 6 12 19 16 11 12 57 15 16 9 1 0 0 0 0 32 23 11 0 20 23 22 0 0 0 0 0 0 0
P1213 2038 1 5 13 4 2 8 11 7 0 0 0 0 0 0 9 11 13 19 19 0 0 0 0 8 19 6 9 18 3 0 14 11
P1213 2038 2 0 0 0 16 10 17 2 0 0 0 0 0 0 0 0 0 0 0 2 0 0 0 0 3 0 0 0 35 -999 -999 -999
P1213 2038 3 1 2 10 6 57 14 15 4 15 11 4 0 4 0 0 0 0 0 35 2 15 9 0 0 0 0 0 0 0 9 4
P1213 2038 4 0 0 0 5 6 0 0 0 17 16 10 0 13 30 26 11 11 0 0 0 0 0 0 0 2 30 40 27 13 20 -999
P1213 2038 5 26 8 0 4 2 0 6 3 0 0 0 0 0 0 0 0 19 6 11 11 26 18 7 0 3 17 9 15 11 12 2
P1213 2038 6 0 0 0 0 0 0 0 0 0 0 0 0 0 9 28 39 0 0 0 0 0 0 29 26 27 0 0 0 0 0 -999
P1213 2038 7 0 0 0 0 0 0 0 0 0 0 0 0 0 0 0 0 0 0 0 0 0 0 0 0 0 0 0 0 0 0 0
P1213 2038 8 0 0 0 0 0 0 0 0 0 0 0 0 15 25 0 0 0 0 0 0 0 0 12 16 0 0 0 0 0 0 0
P1213 2038 9 0 0 0 0 0 0 0 0 0 0 0 0 0 0 0 0 0 0 0 0 0 7 0 6 7 10 0 0 0 0 -999
P1213 2038 10 0 0 0 0 0 0 0 0 0 0 0 0 0 0 0 0 0 0 22 4 19 0 66 18 0 0 0 0 8 0 0
P1213 2038 11 51 10 10 1 0 0 4 4 0 3 3 16 14 5 8 1 6 10 3 0 0 0 0 0 0 0 0 0 0 0 -999
P1213 2038 12 0 2 7 29 37 25 18 11 3 0 41 21 19 3 6 5 10 0 19 12 42 8 0 0 0 1 12 7 0 0 0
P1213 2039 1 0 0 2 3 8 14 20 21 6 0 0 0 0 0 0 9 17 6 66 34 7 4 3 3 11 14 19 13 1 0 3
P1213 2039 2 10 17 6 4 2 0 8 0 8 23 14 0 0 0 2 3 5 1 0 0 0 0 2 3 11 15 0 0 -999 -999 -999
P1213 2039 3 0 0 0 0 0 0 0 0 2 12 0 7 19 35 53 19 5 13 19 18 1 0 0 0 0 10 12 5 0 0 0
P1213 2039 4 0 0 0 0 0 0 0 0 0 0 0 0 0 0 1 18 6 0 0 5 11 14 5 0 0 0 0 0 0 0 -999
P1213 2039 5 0 0 0 0 0 0 0 0 0 0 0 0 0 0 0 6 5 10 8 12 10 9 24 17 10 7 3 2 0 0 0
P1213 2039 6 0 7 13 52 34 19 7 0 0 0 0 0 3 0 0 0 0 0 0 0 0 0 0 0 0 0 7 16 49 17 -999
P1213 2039 7 0 0 0 0 0 0 0 0 0 0 0 0 0 0 0 0 0 0 0 0 0 0 0 0 0 0 0 0 0 0 0
P1213 2039 8 0 0 10 0 0 0 0 0 0 0 0 0 0 0 0 0 0 0 23 25 0 0 0 0 0 0 0 0 0 0 0
P1213 2039 9 0 0 0 0 0 0 0 0 0 0 0 0 0 0 0 0 0 0 0 0 0 0 0 0 0 0 0 0 0 0 -999
P1213 2039 10 0 0 0 0 0 0 0 0 0 0 0 0 12 17 17 10 5 7 0 0 5 7 22 16 16 15 76 82 71 24 9
P1213 2039 11 18 0 0 0 0 0 0 0 9 18 20 34 6 14 2 7 3 10 34 8 3 7 40 7 0 0 0 29 8 0 -999
P1213 2039 12 0 4 20 14 17 18 0 2 22 7 11 14 24 12 6 0 0 0 10 15 13 0 0 7 16 0 22 20 9 6 2
P1213 2040 1 0 0 0 0 6 15 10 10 0 0 6 12 3 5 4 52 18 6 9 8 0 0 0 0 0 0 0 0 0 0 0
P1213 2040 2 0 0 0 12 23 9 0 0 0 3 2 0 0 5 17 18 2 0 46 13 2 2 8 0 0 0 0 0 -999 -999 -999
P1213 2040 3 0 0 0 0 0 0 0 0 0 0 0 0 0 0 0 0 0 0 32 53 0 0 69 36 57 33 3 11 11 23 8
P1213 2040 4 0 2 4 2 6 3 8 0 0 0 0 0 0 0 0 0 19 0 0 0 0 3 3 4 23 22 4 3 0 0 -999
P1213 2040 5 12 10 2 6 12 16 7 2 2 4 4 0 0 0 0 0 0 0 0 0 0 14 10 0 0 0 0 0 0 0 0
P1213 2040 6 0 6 0 0 0 0 0 0 0 0 0 0 0 0 0 0 0 0 0 0 0 0 0 0 0 0 0 0 0 0 -999
P1213 2040 7 0 0 0 0 0 0 0 0 0 0 0 0 0 0 0 0 0 0 0 0 0 0 0 0 0 0 0 0 0 0 0
P1213 2040 8 0 0 0 0 0 0 0 0 0 0 0 0 0 0 0 0 0 0 0 0 0 0 0 0 0 0 0 0 0 0 0
P1213 2040 9 0 0 0 0 0 0 0 0 0 0 0 0 0 0 13 10 6 9 18 0 0 0 0 0 0 30 47 8 23 16 -999
P1213 2040 10 2 0 0 0 0 0 0 0 0 0 0 0 0 0 0 0 11 21 72 43 13 6 0 0 0 0 0 0 0 0 0
P1213 2040 11 8 11 8 15 0 1 70 92 44 20 17 8 6 11 9 10 0 0 0 0 0 0 0 0 18 22 17 11 0 5 -999
P1213 2040 12 6 0 0 0 16 14 4 5 0 16 42 91 23 4 8 0 0 0 13 9 0 11 16 14 0 0 0 23 19 10 6
P1213 2041 1 12 14 0 0 0 0 0 4 20 24 10 3 6 2 0 0 0 0 48 21 17 11 71 84 48 12 51 5 1 4 0
P1213 2041 2 0 0 0 0 0 9 3 47 12 11 19 5 8 21 8 0 13 12 11 8 56 20 19 49 22 1 12 3 -999 -999 -999
P1213 2041 3 4 18 2 0 0 11 12 0 7 17 17 16 17 15 8 3 0 6 4 13 18 8 14 18 19 5 16 9 5 6 2
P1213 2041 4 12 4 0 0 0 0 0 1 1 0 7 3 5 2 4 3 6 25 27 12 14 0 0 9 31 23 8 0 0 0 -999
P1213 2041 5 0 0 0 28 1 1 0 0 0 8 11 5 3 10 28 6 6 77 70 67 242 263 69 25 11 11 12 19 5 8 16
P1213 2041 6 10 0 0 0 0 0 0 0 0 0 0 0 0 0 0 0 0 0 0 0 0 0 0 0 0 0 0 0 0 0 -999
P1213 2041 7 0 0 0 0 0 0 0 0 0 18 20 0 0 0 0 0 0 0 5 0 0 0 0 0 0 26 22 23 0 0 0
P1213 2041 8 0 0 0 0 0 0 0 0 0 0 0 0 0 0 0 0 0 0 0 0 29 54 0 26 33 0 0 0 3 6 7
P1213 2041 9 0 0 0 0 0 0 0 0 0 0 0 0 0 0 0 0 0 0 0 0 0 0 13 35 23 16 0 0 0 0 -999
P1213 2041 10 0 31 16 16 11 0 0 0 0 0 12 5 0 0 0 0 0 0 0 0 0 0 0 0 0 0 6 0 0 0 0
P1213 2041 11 0 0 0 0 4 4 0 0 0 7 8 15 11 30 26 55 22 33 23 6 33 38 17 29 22 20 0 0 0 0 -999
P1213 2041 12 0 10 0 3 9 22 0 0 0 0 0 9 7 8 14 37 68 12 16 11 19 1 8 16 5 0 0 2 0 0 0
P1213 2042 1 0 0 0 0 0 7 19 16 4 5 0 0 0 0 4 0 0 0 0 0 0 0 0 0 3 4 6 0 0 0 52
P1213 2042 2 21 21 14 0 0 0 0 0 0 0 0 0 0 0 10 0 0 0 0 0 0 0 0 14 20 1 0 0 -999 -999 -999
P1213 2042 3 0 0 0 0 0 9 0 0 0 0 0 0 0 11 0 0 0 42 48 78 16 16 10 3 3 1 0 0 0 0 4
P1213 2042 4 20 0 0 0 6 26 27 11 6 7 2 5 0 9 17 4 10 16 0 0 29 43 75 16 45 35 12 11 14 27 -999
P1213 2042 5 29 18 20 9 3 0 0 5 4 24 7 8 7 0 0 0 0 3 0 0 0 0 0 0 0 0 4 6 4 4 8
P1213 2042 6 6 13 1 9 7 0 0 0 0 0 0 0 0 0 0 0 0 0 0 0 0 0 0 0 0 0 0 0 0 0 -999
P1213 2042 7 0 0 0 0 0 0 0 0 0 0 0 0 0 0 0 16 0 0 0 14 27 30 8 0 0 0 0 0 0 0 23
P1213 2042 8 0 0 0 0 6 10 0 0 0 0 0 0 0 0 0 0 0 0 0 0 0 0 0 0 0 0 0 0 0 0 0
P1213 2042 9 0 0 0 0 0 0 0 0 0 0 0 0 0 0 0 0 0 0 0 0 0 0 0 0 0 0 0 0 0 0 -999
P1213 2042 10 0 0 0 0 10 10 0 0 9 0 0 15 75 80 22 13 2 0 0 33 22 17 5 0 0 0 0 0 0 0 0
P1213 2042 11 0 0 0 0 0 0 0 8 0 0 0 0 0 0 0 0 0 0 0 6 3 0 0 0 0 0 0 0 4 7 -999
P1213 2042 12 0 0 0 58 13 6 10 7 8 7 2 0 0 18 10 17 6 28 17 10 0 0 0 13 10 0 0 0 0 0 0
P1213 2043 1 0 4 7 6 0 9 23 11 0 0 0 0 0 20 22 10 7 0 0 10 17 0 10 15 7 0 0 0 9 18 10
P1213 2043 2 0 0 0 0 2 8 11 0 0 0 0 0 0 1 0 0 0 0 0 0 0 8 6 0 0 0 0 0 -999 -999 -999
P1213 2043 3 0 0 17 16 5 0 0 1 5 15 34 6 0 0 0 0 0 0 6 10 0 17 31 12 11 4 0 0 0 0 0
P1213 2043 4 3 14 0 5 0 0 0 0 0 0 51 0 0 0 0 18 33 14 1 16 3 0 0 0 0 0 0 0 0 0 -999
P1213 2043 5 36 114 96 0 0 0 0 0 3 0 0 0 0 0 0 0 0 0 0 150 29 37 17 50 6 0 3 13 4 12 13
P1213 2043 6 11 9 3 4 5 3 2 10 13 4 0 0 5 10 10 0 0 0 0 0 0 0 0 0 0 0 0 0 0 0 -999
P1213 2043 7 0 0 0 0 0 0 0 0 0 0 0 0 0 0 0 0 0 0 0 0 0 0 0 0 0 0 0 0 0 0 0
P1213 2043 8 0 0 0 0 0 0 0 0 0 0 0 0 0 0 0 0 0 0 0 0 0 0 0 0 0 44 9 0 31 12 0
P1213 2043 9 0 0 0 0 0 0 0 0 0 0 0 0 0 41 0 0 0 0 0 0 0 0 0 0 0 0 0 0 21 0 -999
P1213 2043 10 0 1 0 0 0 0 0 0 32 11 8 0 0 0 0 4 9 3 0 0 0 0 0 2 15 14 14 4 17 12 0
P1213 2043 11 0 0 0 0 0 0 0 0 0 0 28 14 22 10 0 0 0 0 0 0 0 0 3 0 0 5 12 8 7 7 -999
P1213 2043 12 3 3 2 0 0 0 0 0 0 0 13 16 3 8 6 15 3 0 37 20 29 7 0 0 0 6 11 0 0 0 0
P1213 2044 1 0 0 0 0 0 0 12 0 0 0 0 0 0 0 0 0 6 21 31 15 8 0 0 0 0 0 0 15 25 5 0
P1213 2044 2 0 0 0 0 0 10 8 0 0 0 4 5 0 0 0 0 0 0 0 0 0 0 0 19 16 23 14 9 -999 -999 -999
P1213 2044 3 4 13 19 20 20 15 17 8 7 19 14 10 0 0 0 0 0 44 4 1 0 15 16 14 19 12 5 57 16 8 20
P1213 2044 4 10 3 7 9 0 0 0 0 0 0 0 0 0 8 0 0 0 0 0 0 0 0 0 0 0 0 1 7 0 0 -999
P1213 2044 5 0 0 0 0 0 16 4 9 18 11 3 0 0 0 5 0 0 0 1 93 38 16 0 0 0 0 0 0 0 21 29
P1213 2044 6 10 0 0 0 0 1 8 0 0 0 0 0 0 0 0 0 0 0 0 0 0 0 8 28 46 6 0 0 0 45 -999
P1213 2044 7 0 18 0 0 0 0 0 0 0 0 0 0 0 0 0 0 0 0 0 0 0 0 0 0 22 12 0 0 0 0 0
P1213 2044 8 0 0 0 0 0 0 0 0 0 0 0 0 0 6 0 0 0 0 5 9 0 0 0 0 0 0 0 0 0 0 0
P1213 2044 9 0 0 0 0 0 0 0 0 0 0 0 0 0 0 0 0 0 0 0 0 0 0 0 0 6 30 33 0 0 20 -999
P1213 2044 10 33 19 32 0 0 0 0 0 0 0 0 0 0 0 0 0 0 13 13 25 56 22 11 0 4 8 0 0 0 0 0
P1213 2044 11 10 0 3 6 0 0 0 0 6 4 14 21 21 40 3 11 36 8 0 18 18 19 7 34 23 64 86 18 8 0 -999
P1213 2044 12 0 0 0 0 0 0 0 0 10 2 9 0 14 12 14 9 8 7 0 0 6 11 8 19 31 2 2 1 9 2 2
P1213 2045 1 45 65 22 3 0 4 42 5 23 13 20 17 48 2 10 0 11 21 16 0 0 5 6 9 10 0 0 0 0 0 29
P1213 2045 2 14 20 37 10 4 15 21 29 10 1 6 12 15 5 0 11 11 0 0 0 0 0 0 0 0 0 0 0 -999 -999 -999
P1213 2045 3 0 0 0 0 0 0 0 0 15 24 0 0 16 19 6 11 1 0 0 0 0 0 0 0 0 0 0 0 0 0 0
P1213 2045 4 3 0 0 0 0 0 5 21 0 5 11 0 0 0 3 0 41 0 0 0 0 0 0 0 0 0 0 0 16 11 -999
P1213 2045 5 0 3 0 0 0 0 52 81 3 6 1 1 0 0 0 0 0 0 0 0 0 0 0 0 0 0 0 0 0 0 7
P1213 2045 6 12 7 1 7 9 8 11 13 6 9 8 7 10 0 0 0 0 0 0 9 23 14 0 0 26 10 7 0 0 0 -999
P1213 2045 7 0 0 0 0 0 0 0 0 0 0 0 0 0 0 0 0 0 0 0 0 0 0 0 0 0 0 0 0 0 0 0
P1213 2045 8 0 0 0 0 0 0 0 0 0 0 0 0 0 0 0 0 0 0 0 0 0 0 0 0 0 0 0 0 0 0 0
P1213 2045 9 0 0 0 0 0 0 0 0 0 0 0 0 17 52 32 20 15 0 0 0 0 0 0 0 0 0 0 0 0 25 -999
P1213 2045 10 19 11 21 20 44 2 0 0 0 0 0 0 0 0 30 28 38 40 0 0 0 0 0 0 0 0 0 0 0 0 0
P1213 2045 11 0 26 21 0 0 3 0 0 0 0 3 4 11 0 0 18 86 30 21 0 0 0 0 25 9 9 18 23 3 5 -999
P1213 2045 12 0 0 0 0 4 12 0 8 16 2 0 0 0 0 0 0 0 0 11 11 0 0 0 0 0 10 4 13 0 0 0
P1213 2046 1 0 0 11 27 44 30 16 13 0 0 27 47 35 17 9 16 5 15 6 0 2 13 17 11 1 44 14 34 19 38 45
P1213 2046 2 63 57 56 42 13 11 14 11 1 2 16 10 48 39 59 33 8 14 0 0 12 35 33 14 7 11 63 48 -999 -999 -999
P1213 2046 3 29 3 12 12 9 0 50 25 68 36 39 23 3 21 69 16 2 19 20 11 22 13 19 7 0 0 0 5 19 17 1
P1213 2046 4 1 0 0 11 17 13 6 8 16 13 9 0 0 0 5 10 0 0 3 19 18 20 10 11 12 15 10 10 14 13 -999
P1213 2046 5 0 0 0 0 0 0 0 10 0 0 0 0 0 0 0 0 1 15 6 1 0 1 1 0 0 0 0 1 8 2 0
P1213 2046 6 0 0 0 0 0 0 0 0 0 0 0 0 0 0 19 12 6 0 3 11 17 4 0 0 0 0 0 0 0 0 -999
P1213 2046 7 0 0 0 0 0 0 0 0 0 0 0 0 0 0 0 0 0 0 0 0 0 0 0 0 0 0 0 0 0 0 0
P1213 2046 8 0 0 0 0 0 0 0 0 0 0 0 0 0 17 17 9 0 0 0 0 0 0 0 0 0 0 0 0 0 0 0
P1213 2046 9 0 0 0 0 0 0 0 0 0 0 0 0 0 0 0 0 0 0 0 0 0 0 0 0 0 0 0 0 0 0 -999
P1213 2046 10 0 0 6 42 33 13 12 28 4 5 0 0 0 0 0 0 0 0 0 0 4 9 12 8 7 11 0 11 18 11 7
P1213 2046 11 6 0 0 0 0 23 37 17 0 0 18 0 0 0 0 0 0 0 0 0 0 0 6 6 10 6 0 16 32 19 -999
P1213 2046 12 33 21 80 8 19 90 107 17 38 15 10 11 12 72 93 12 12 32 26 22 5 0 0 0 0 0 0 0 0 0 0
P1213 2047 1 0 0 0 0 0 0 0 5 4 0 0 0 0 15 19 96 94 32 34 4 15 14 0 5 0 0 0 0 0 0 0
P1213 2047 2 0 0 0 0 5 0 3 0 0 0 0 0 0 11 16 0 0 0 0 4 0 0 0 3 17 9 17 17 -999 -999 -999
P1213 2047 3 22 9 11 1 10 3 15 0 0 0 0 0 0 2 1 0 0 0 0 0 0 0 40 2 15 2 5 0 0 3 4
P1213 2047 4 25 20 8 0 0 0 0 2 11 17 61 21 17 0 10 22 20 0 8 9 0 0 0 0 0 0 0 4 2 0 -999
P1213 2047 5 0 0 0 2 8 0 16 0 0 1 12 18 18 14 13 1 0 3 2 12 3 0 0 0 0 0 0 0 0 0 0
P1213 2047 6 0 0 0 0 0 0 0 0 0 0 0 0 0 0 9 10 4 3 0 8 5 0 0 0 0 0 0 0 0 17 -999
P1213 2047 7 6 8 10 8 17 17 0 0 0 0 0 0 0 0 0 0 0 20 58 48 16 0 0 0 0 0 0 0 0 0 0
P1213 2047 8 0 0 0 0 0 0 0 0 0 0 0 0 0 0 0 0 0 0 0 0 0 0 0 0 0 0 0 0 0 0 0
P1213 2047 9 0 0 0 0 0 0 0 0 0 0 0 22 33 50 72 23 10 9 0 0 0 0 0 0 47 0 0 0 0 0 -999
P1213 2047 10 0 18 66 26 15 10 12 10 0 30 54 49 17 11 17 19 74 13 54 15 13 0 0 0 0 0 12 9 0 0 0
P1213 2047 11 0 0 0 0 0 0 0 0 0 0 13 7 9 5 7 6 0 0 0 0 0 0 0 0 0 0 0 0 0 0 -999
P1213 2047 12 0 0 0 0 0 0 0 0 0 0 0 0 0 0 0 0 0 0 0 0 0 0 0 12 14 14 2 0 0 0 0
P1213 2048 1 0 13 0 0 0 0 0 0 0 0 0 8 12 10 0 0 0 0 0 0 0 0 0 0 0 0 0 0 0 0 0
P1213 2048 2 0 0 0 0 0 0 0 0 0 0 0 4 6 9 3 8 8 12 8 1 0 0 0 0 0 0 0 0 -999 -999 -999
P1213 2048 3 0 0 0 0 0 3 5 9 20 11 54 7 0 1 11 18 0 0 0 0 2 0 0 0 0 0 6 0 14 19 21
P1213 2048 4 21 11 0 0 0 0 0 0 1 0 0 0 0 0 0 0 0 0 3 0 0 7 22 11 0 0 0 0 0 0 -999
P1213 2048 5 0 0 0 8 0 2 3 5 20 1 1 4 6 25 34 4 4 17 5 0 0 4 16 32 0 0 0 0 0 0 0
P1213 2048 6 0 0 0 0 0 0 0 0 0 0 0 0 0 0 0 0 0 0 0 0 0 0 0 0 0 0 0 0 0 0 -999
P1213 2048 7 0 0 0 0 0 0 0 0 0 0 0 0 0 60 0 0 0 12 0 0 0 0 0 0 0 0 0 0 0 0 0
P1213 2048 8 0 0 0 0 0 0 0 0 0 22 15 17 32 0 0 0 0 0 0 0 0 0 0 0 0 0 0 0 0 0 0
P1213 2048 9 0 0 0 0 0 0 0 0 2 38 18 16 0 0 0 0 0 2 0 0 0 0 0 0 0 0 139 59 72 34 -999
P1213 2048 10 7 0 0 0 0 23 15 12 0 0 0 0 0 0 0 0 0 0 0 9 5 4 0 0 0 0 0 0 0 0 3
P1213 2048 11 2 0 0 0 0 26 4 24 0 0 0 0 0 0 3 0 36 20 12 0 0 0 0 0 0 0 51 38 14 16 -999
P1213 2048 12 48 33 21 5 0 22 16 0 0 0 0 0 0 0 0 0 0 0 5 10 8 0 0 0 0 0 56 18 23 9 0
P1213 2049 1 0 0 0 13 18 0 5 16 11 8 11 8 10 15 0 0 0 10 0 0 5 12 8 3 0 2 1 0 0 2 21
P1213 2049 2 12 16 24 22 31 0 0 0 0 0 0 0 0 0 0 0 0 0 0 0 0 6 0 0 0 6 4 0 -999 -999 -999
P1213 2049 3 0 0 0 0 0 0 0 0 0 0 0 0 0 0 6 0 0 0 0 0 2 12 13 9 2 0 0 0 0 3 9
P1213 2049 4 18 10 14 5 0 0 0 0 0 0 0 0 0 0 0 0 16 18 0 0 0 27 0 0 0 2 2 6 3 2 -999
P1213 2049 5 8 2 12 1 4 5 2 3 33 21 20 6 3 0 0 0 0 0 0 0 1 19 55 52 39 17 25 26 12 1 6
P1213 2049 6 0 0 0 0 6 0 0 0 0 0 0 0 0 0 0 0 0 0 0 0 0 0 0 0 0 0 0 0 0 0 -999
P1213 2049 7 0 9 12 16 10 0 0 0 0 0 0 0 0 0 0 0 0 0 0 0 0 0 0 0 0 0 0 0 0 0 0
P1213 2049 8 0 0 0 0 0 0 0 0 0 0 0 0 0 0 0 0 0 0 0 0 26 0 0 0 0 0 0 0 0 0 0
P1213 2049 9 0 0 0 0 0 0 18 48 4 12 46 10 13 0 0 0 0 0 25 0 31 27 20 18 14 0 0 0 0 0 -999
P1213 2049 10 0 0 0 0 0 0 6 9 7 0 0 0 0 0 7 18 17 11 0 0 8 3 4 19 48 41 17 12 9 33 38
P1213 2049 11 6 9 16 51 41 13 6 9 37 15 56 60 62 25 54 37 7 18 6 0 5 0 0 6 0 0 0 0 0 0 -999
P1213 2049 12 13 6 14 35 19 16 0 0 0 0 0 0 0 0 3 10 16 15 21 18 20 6 0 0 0 12 13 14 33 37 40
P1213 2050 1 54 22 20 25 16 90 20 22 6 31 16 11 0 0 0 0 8 9 0 0 0 0 0 31 25 6 2 0 0 0 11
P1213 2050 2 8 0 0 0 0 0 0 0 0 0 0 0 0 0 0 0 0 0 23 21 23 22 7 6 18 11 0 0 -999 -999 -999
P1213 2050 3 0 0 18 40 93 157 54 42 37 20 36 12 7 4 1 0 4 6 0 13 18 2 0 0 7 5 0 0 0 40 77
P1213 2050 4 34 20 7 0 6 3 21 17 20 3 0 0 0 0 0 0 0 5 0 0 0 0 0 0 0 0 9 12 6 0 -999
P1213 2050 5 14 14 1 6 13 15 6 0 3 0 0 0 0 0 0 0 6 61 26 36 13 13 12 7 1 14 16 40 4 1 5
P1213 2050 6 6 7 10 8 0 0 0 0 0 0 0 0 0 0 0 0 0 0 0 0 0 0 0 0 0 0 0 0 0 0 -999
P1213 2050 7 0 0 0 0 0 0 0 0 0 0 0 0 0 0 0 0 0 0 0 0 0 0 0 0 0 0 0 0 0 0 0
P1213 2050 8 0 0 0 0 0 0 0 0 0 0 0 0 0 0 0 0 0 0 0 0 0 0 9 0 0 0 0 0 0 0 0
P1213 2050 9 0 0 0 0 0 0 0 0 0 0 0 0 0 0 0 0 0 0 0 0 0 0 0 0 0 0 0 0 4 0 -999
P1213 2050 10 0 20 16 5 0 0 0 0 0 0 0 0 0 33 0 0 5 13 9 0 4 23 3 45 24 17 17 13 0 0 8
P1213 2050 11 2 0 0 0 10 7 11 15 12 0 29 3 4 5 0 0 0 0 0 0 0 6 40 18 7 0 0 19 3 11 -999
P1213 2050 12 7 8 14 0 0 0 0 0 0 0 0 0 0 0 0 0 0 0 5 8 8 7 0 0 0 0 0 0 0 0 3
P1213 2051 1 3 2 0 0 0 0 0 0 0 0 0 0 0 9 11 0 0 0 0 0 0 0 0 0 0 0 0 0 12 17 20
P1213 2051 2 19 10 15 10 42 12 0 0 0 0 20 8 0 0 0 0 21 4 0 13 8 3 0 2 16 7 0 0 -999 -999 -999
P1213 2051 3 0 0 0 0 0 0 0 0 10 4 3 17 10 0 15 0 0 0 4 13 6 16 118 0 0 0 0 0 0 0 7
P1213 2051 4 3 14 11 0 0 103 52 33 0 0 0 19 25 1 1 22 11 2 10 19 10 0 0 1 6 0 0 0 0 7 -999
P1213 2051 5 0 0 0 1 34 0 0 0 0 0 22 66 7 21 10 0 0 3 5 0 0 0 0 0 7 57 46 11 0 0 0
P1213 2051 6 0 0 0 0 0 0 0 0 0 0 0 0 0 0 4 33 6 0 0 0 0 0 0 0 0 0 0 0 0 0 -999
P1213 2051 7 0 0 0 0 0 0 0 15 17 1 0 0 0 0 0 0 0 0 0 0 0 0 0 0 0 0 0 0 0 0 0
P1213 2051 8 0 0 0 0 0 0 0 0 0 0 0 0 0 0 0 0 0 0 0 0 0 72 0 23 33 0 0 0 0 0 0
P1213 2051 9 0 0 0 0 0 0 0 0 0 0 0 0 6 22 4 0 0 0 0 0 0 0 0 0 13 38 7 0 0 0 -999
P1213 2051 10 0 0 0 0 41 0 0 0 28 76 80 10 0 0 0 0 0 0 0 0 0 0 0 6 0 2 9 32 23 15 20
P1213 2051 11 37 51 8 20 22 21 3 0 0 0 0 0 0 0 0 7 15 10 0 0 0 0 0 0 2 0 0 14 9 4 -999
P1213 2051 12 0 0 0 0 10 5 0 11 25 21 7 6 13 14 13 56 26 20 21 0 0 0 0 0 0 0 0 0 0 0 0
P1213 2052 1 0 0 0 0 0 0 0 0 13 14 17 0 0 31 18 8 11 12 14 17 38 58 50 6 0 0 37 76 82 10 32
P1213 2052 2 17 77 81 41 16 90 97 51 17 70 54 50 32 11 13 70 8 0 10 14 2 0 0 2 6 4 5 0 -999 -999 -999
P1213 2052 3 0 0 0 0 0 0 0 0 0 0 0 0 0 0 0 14 18 0 8 8 21 0 26 22 0 0 0 0 0 0 0
P1213 2052 4 0 0 0 0 0 3 11 3 0 0 0 0 0 0 0 0 9 0 0 0 0 0 0 0 0 0 0 0 16 15 -999
P1213 2052 5 0 0 0 0 0 15 0 14 10 7 7 21 9 11 24 14 19 17 20 10 2 1 0 0 10 9 4 0 0 8 0
P1213 2052 6 0 0 0 0 0 0 0 0 0 0 0 7 0 0 6 3 0 0 0 0 0 0 0 0 51 30 0 0 0 0 -999
P1213 2052 7 0 0 0 0 5 0 0 0 0 0 0 0 0 0 0 0 0 0 0 0 0 0 0 0 0 0 0 0 0 0 14
P1213 2052 8 58 53 17 8 0 0 0 0 0 0 0 0 0 0 0 0 0 0 0 0 0 0 0 0 0 0 0 0 0 0 0
P1213 2052 9 0 0 0 0 0 0 0 0 0 0 0 0 0 0 0 0 0 0 0 0 0 0 0 0 0 0 0 0 0 0 -999
P1213 2052 10 0 0 0 0 0 0 0 0 0 0 0 0 0 0 0 1 0 0 0 0 0 0 0 0 31 19 0 0 0 0 0
P1213 2052 11 18 20 11 7 0 0 0 0 0 0 0 0 0 3 0 0 0 0 37 17 42 15 98 24 9 0 0 0 0 10 -999
P1213 2052 12 2 0 0 16 0 10 7 0 0 0 0 0 0 8 3 22 3 4 2 0 0 0 0 0 13 7 2 0 0 7 4
P1213 2053 1 0 0 0 0 0 0 0 0 12 16 29 9 19 21 4 7 13 18 16 135 28 21 45 23 23 19 16 11 3 11 3
P1213 2053 2 23 32 9 4 21 17 16 2 12 17 0 0 0 0 18 24 11 13 12 2 3 1 1 2 10 61 88 20 -999 -999 -999
P1213 2053 3 0 0 0 0 0 0 0 0 0 0 0 0 0 0 0 0 0 0 0 0 0 0 0 0 0 0 0 0 0 0 26
P1213 2053 4 2 33 15 11 1 0 0 0 0 0 0 0 0 9 62 11 0 0 0 0 0 0 0 283 108 232 216 215 188 61 -999
P1213 2053 5 5 5 2 0 0 0 0 0 0 0 0 0 0 0 0 0 0 0 0 0 0 0 0 0 0 0 0 0 5 12 7
P1213 2053 6 3 0 0 0 0 0 0 0 18 22 0 0 0 0 0 0 0 52 44 0 0 0 0 0 0 0 0 0 0 0 -999
P1213 2053 7 0 0 0 0 0 0 0 0 0 0 0 0 0 0 0 0 0 0 0 0 0 0 0 0 0 0 0 6 0 0 0
P1213 2053 8 0 0 0 0 0 0 0 0 0 0 5 0 0 0 0 0 0 0 0 0 0 0 0 54 70 28 0 0 0 0 7
P1213 2053 9 0 0 0 0 0 0 0 0 0 0 0 21 8 0 0 0 10 8 16 27 23 13 8 10 0 0 0 30 18 14 -999
P1213 2053 10 17 11 4 0 0 0 0 24 36 28 51 5 0 0 0 0 0 0 0 0 5 0 0 0 0 0 0 0 0 4 2
P1213 2053 11 0 0 5 4 0 0 0 0 0 12 12 12 0 0 11 19 76 21 44 7 14 20 19 11 6 0 0 0 0 0 -999
P1213 2053 12 0 0 0 0 0 0 0 0 0 6 6 41 22 7 16 5 0 0 0 0 0 0 7 10 11 13 4 0 8 35 8
P1213 2054 1 22 16 0 10 18 12 5 0 0 0 0 0 0 0 0 0 6 20 20 2 20 8 0 0 0 0 0 0 0 0 0
P1213 2054 2 0 0 0 0 4 0 5 8 0 0 0 0 0 0 0 0 0 0 0 0 0 9 0 0 0 0 0 0 -999 -999 -999
P1213 2054 3 0 0 0 0 0 0 0 4 5 0 0 0 0 0 6 17 11 5 0 0 0 0 0 3 0 0 13 0 0 0 16
P1213 2054 4 17 0 0 0 17 14 26 7 0 1 11 0 0 0 3 21 14 12 44 15 20 6 22 12 19 33 20 19 6 0 -999
P1213 2054 5 0 0 10 8 3 2 5 0 0 15 15 16 8 10 3 0 0 2 3 0 0 0 0 0 0 0 0 0 0 0 0
P1213 2054 6 0 0 0 0 0 0 0 0 0 0 0 0 0 0 0 0 0 0 0 0 0 0 0 0 0 0 0 0 0 0 -999
P1213 2054 7 0 0 0 0 0 0 0 0 0 0 0 0 0 0 0 0 0 6 22 40 9 0 0 0 0 0 0 0 0 0 0
P1213 2054 8 0 0 0 0 0 0 0 0 0 0 0 0 0 0 0 0 0 0 0 0 0 0 0 0 0 0 0 0 0 0 0
P1213 2054 9 0 0 0 0 0 0 0 0 0 0 0 0 0 0 0 0 26 54 0 0 0 0 8 0 37 56 20 0 0 0 -999
P1213 2054 10 0 0 0 9 0 0 0 29 24 29 13 28 17 15 5 0 0 0 0 0 0 67 15 4 9 2 0 0 5 3 27
P1213 2054 11 73 70 63 32 65 34 13 12 61 20 2 0 0 0 0 0 6 0 0 0 0 0 0 0 0 0 0 2 7 12 -999
P1213 2054 12 5 16 17 0 0 0 0 0 0 0 0 0 8 0 13 0 0 0 0 0 0 0 0 9 2 0 0 0 0 0 0
P1213 2055 1 0 0 0 9 25 66 39 15 18 31 43 86 21 20 74 6 2 17 13 82 58 70 5 2 6 3 5 11 7 8 14
P1213 2055 2 13 0 0 0 0 1 2 0 0 0 0 0 0 0 0 18 20 0 0 0 0 0 0 0 0 0 0 0 -999 -999 -999
P1213 2055 3 1 9 3 7 8 2 19 13 7 67 16 11 20 19 3 0 0 1 1 0 0 0 3 2 13 9 14 0 0 28 0
P1213 2055 4 0 0 0 0 0 0 12 18 0 15 0 0 18 17 7 0 0 0 0 0 2 7 21 56 49 15 21 9 9 11 -999
P1213 2055 5 0 3 1 60 31 0 0 96 118 29 10 54 86 153 87 16 0 0 0 1 5 7 1 0 0 0 0 0 0 0 0
P1213 2055 6 22 2 2 20 7 2 0 0 0 0 0 0 0 0 14 19 14 10 9 11 0 0 0 0 0 0 0 0 0 0 -999
P1213 2055 7 0 0 0 0 0 0 0 0 0 0 0 0 0 0 0 0 0 0 0 0 0 0 0 0 0 0 0 0 0 0 0
P1213 2055 8 0 0 0 0 0 0 0 0 0 0 0 0 0 0 0 0 0 0 0 0 0 0 0 0 0 0 0 0 0 0 0
P1213 2055 9 0 0 0 0 0 0 0 0 0 0 0 0 0 0 0 0 0 0 0 0 0 0 0 0 5 7 0 0 0 0 -999
P1213 2055 10 0 0 0 0 0 0 0 0 18 16 0 0 15 5 5 0 0 0 6 17 0 0 0 35 23 15 0 0 0 0 0
P1213 2055 11 0 0 15 26 0 21 73 8 4 4 0 0 0 0 0 0 10 0 0 0 0 6 9 12 12 0 0 0 0 6 -999
P1213 2055 12 13 16 8 12 0 0 0 0 0 0 15 28 17 12 0 0 0 0 0 8 13 6 0 0 0 0 0 0 0 0 9
P1213 2056 1 11 0 0 0 0 0 34 17 9 8 0 0 0 0 0 0 0 0 0 0 0 7 10 8 7 8 0 0 5 3 2
P1213 2056 2 7 0 0 0 0 0 0 0 0 0 0 0 0 0 0 0 4 0 0 0 0 0 0 2 14 24 0 0 -999 -999 -999
P1213 2056 3 0 0 6 0 0 0 0 0 0 26 15 0 2 0 0 82 23 3 0 0 2 0 0 4 7 5 9 8 14 8 4
P1213 2056 4 0 0 0 0 4 0 0 0 10 4 11 4 1 0 16 23 14 0 0 0 0 1 5 4 1 3 19 8 2 1 -999
P1213 2056 5 0 12 25 3 5 61 57 16 13 5 0 5 10 11 0 0 4 1 0 0 0 0 0 2 8 19 17 11 0 0 0
P1213 2056 6 0 1 13 7 8 11 8 7 0 0 0 0 0 0 0 0 0 0 0 0 0 0 0 0 0 0 0 0 0 0 -999
P1213 2056 7 0 0 54 0 0 0 0 0 0 0 0 0 0 0 0 0 0 0 0 0 0 0 0 0 0 0 0 0 0 0 0
P1213 2056 8 0 0 0 0 0 0 0 0 0 0 0 0 0 0 0 0 0 0 0 0 0 0 0 0 0 0 0 0 0 0 0
P1213 2056 9 0 0 0 0 0 0 0 0 0 0 0 0 0 0 0 0 0 0 0 0 0 0 0 0 0 0 0 0 0 48 -999
P1213 2056 10 57 71 16 0 0 0 0 0 0 31 0 0 0 0 0 0 0 0 0 0 0 0 0 5 13 24 0 0 0 0 0
P1213 2056 11 0 0 0 9 12 2 9 10 0 0 0 0 0 0 0 0 0 0 0 6 0 0 0 0 9 16 49 56 47 27 -999
P1213 2056 12 8 21 82 76 87 18 46 14 7 13 21 21 21 8 9 10 12 0 18 18 22 22 16 2 0 0 0 0 0 0 0
P1213 2057 1 0 0 0 0 0 6 0 11 8 0 0 0 0 0 0 0 0 0 0 0 0 0 0 0 5 8 16 16 20 18 8
P1213 2057 2 0 0 0 2 9 34 20 11 28 20 12 0 0 0 0 0 6 1 5 26 19 22 23 24 25 24 11 7 -999 -999 -999
P1213 2057 3 23 32 12 50 51 26 15 0 0 0 0 0 0 0 0 0 0 0 0 0 0 0 0 0 0 0 2 0 0 0 0
P1213 2057 4 6 0 0 12 0 0 0 0 0 0 3 0 22 16 7 36 5 2 1 0 8 9 0 0 0 0 0 0 10 0 -999
P1213 2057 5 0 0 0 0 0 0 0 0 4 6 10 11 17 16 15 15 19 34 8 6 3 1 2 5 13 0 0 32 32 9 6
P1213 2057 6 12 13 12 4 0 0 0 0 0 0 3 4 0 0 0 0 0 0 0 0 0 0 0 0 0 0 0 0 0 0 -999
P1213 2057 7 0 0 0 0 0 0 0 0 0 0 0 0 0 0 0 0 0 0 0 0 0 0 0 0 0 0 0 0 0 0 0
P1213 2057 8 0 0 0 0 0 0 0 0 0 0 0 0 0 0 0 0 0 0 0 0 0 0 0 0 0 0 0 0 0 0 0
P1213 2057 9 0 0 0 0 0 0 0 4 46 70 0 0 0 0 0 0 0 0 0 0 5 0 0 0 0 0 24 9 0 0 -999
P1213 2057 10 4 0 3 0 0 0 0 0 0 0 0 0 0 0 0 0 0 0 0 0 0 0 0 0 0 0 0 0 0 0 2
P1213 2057 11 11 15 6 26 22 56 5 10 24 28 86 33 11 13 5 4 14 12 0 0 6 7 0 0 0 0 0 0 0 0 -999
P1213 2057 12 0 0 0 0 0 0 0 0 0 10 16 18 18 22 21 19 0 0 0 0 0 0 0 0 0 0 0 0 61 170 46
P1213 2058 1 0 0 0 0 0 0 0 0 0 0 9 0 10 24 17 0 0 10 0 0 0 0 0 0 0 9 4 19 16 5 0
P1213 2058 2 0 6 0 0 0 0 0 0 0 0 0 0 0 0 0 0 0 0 0 0 0 0 0 0 0 0 0 0 -999 -999 -999
P1213 2058 3 0 0 0 0 0 0 0 0 0 0 0 0 0 0 0 0 0 0 0 0 11 8 0 4 27 66 6 0 0 1 0
P1213 2058 4 0 0 0 0 13 15 0 0 0 4 17 9 3 0 2 0 0 0 1 20 18 6 0 0 0 0 0 0 0 0 -999
P1213 2058 5 0 0 0 0 0 0 0 0 0 0 0 0 5 20 0 0 0 0 0 0 0 3 8 4 3 7 15 14 28 30 10
P1213 2058 6 0 0 0 0 0 0 0 0 0 0 0 0 0 0 0 0 0 0 0 13 0 0 0 0 0 0 0 0 0 0 -999
P1213 2058 7 0 0 0 0 0 0 0 0 0 0 0 0 0 0 0 0 0 10 0 0 0 0 0 0 0 0 0 0 0 0 0
P1213 2058 8 0 0 0 0 0 0 0 0 0 0 0 0 0 0 0 0 0 0 0 0 0 0 0 0 0 0 0 0 0 0 0
P1213 2058 9 0 0 0 0 0 0 0 0 0 0 0 0 0 13 0 0 0 0 0 0 0 0 12 0 0 0 0 0 0 0 -999
P1213 2058 10 0 0 0 0 6 0 0 0 0 0 0 0 0 0 4 0 0 0 0 0 0 0 20 18 12 0 0 0 0 0 0
P1213 2058 11 0 0 0 0 0 0 0 0 19 2 0 17 3 1 3 16 21 21 17 58 22 8 0 0 0 0 38 25 46 22 -999
P1213 2058 12 20 12 10 0 0 0 0 0 4 5 0 0 0 0 0 0 0 19 16 12 0 0 0 0 0 0 16 30 15 20 36
P1213 2059 1 22 21 19 15 7 6 3 0 0 0 0 0 0 0 0 5 0 0 0 7 6 3 0 0 0 0 0 0 0 0 0
P1213 2059 2 0 0 0 0 0 0 0 0 0 0 0 0 0 0 0 5 0 0 0 0 0 0 0 0 0 0 0 0 -999 -999 -999
P1213 2059 3 0 0 0 0 0 0 0 0 0 3 2 8 14 14 8 4 0 0 0 0 22 16 3 15 19 18 19 20 21 23 18
P1213 2059 4 3 0 0 0 0 0 0 0 0 0 0 8 13 9 0 0 0 0 0 0 0 0 0 6 10 12 7 15 14 5 -999
P1213 2059 5 0 0 0 0 4 6 15 34 7 8 11 12 0 0 0 8 7 12 3 5 4 0 0 0 0 0 0 0 0 0 0
P1213 2059 6 0 0 0 0 7 15 0 0 6 8 8 9 7 0 0 0 0 0 0 0 0 0 0 0 10 58 0 0 0 0 -999
P1213 2059 7 0 0 0 0 0 0 0 0 0 0 0 0 0 0 0 98 16 12 0 0 0 0 0 0 0 0 0 0 0 0 0
P1213 2059 8 0 0 0 0 0 0 0 0 0 0 0 0 0 0 0 0 0 0 0 0 0 0 0 0 0 0 0 0 0 0 0
P1213 2059 9 0 0 21 0 0 0 0 0 0 0 0 0 0 0 0 0 0 0 0 0 0 0 0 0 35 10 10 0 0 0 -999
P1213 2059 10 0 0 0 0 0 0 0 0 0 0 0 0 0 0 32 0 0 0 0 0 6 32 41 19 20 12 10 11 0 33 11
P1213 2059 11 37 78 54 71 65 24 0 0 0 3 0 4 0 0 65 55 25 17 7 0 0 0 16 22 20 0 0 16 15 9 -999
P1213 2059 12 0 0 0 0 0 0 0 0 0 6 14 0 11 1 8 9 0 0 0 0 0 0 0 0 0 0 0 28 13 0 0
P1213 2060 1 0 0 16 19 27 12 0 0 0 0 0 0 0 0 0 0 0 0 0 0 0 0 0 0 0 0 0 0 0 0 0
P1213 2060 2 0 0 0 0 12 7 0 11 12 18 12 43 17 12 70 8 14 5 15 1 4 5 7 19 33 1 13 20 -999 -999 -999
P1213 2060 3 17 17 6 0 11 2 2 13 19 9 0 0 0 0 2 0 34 12 63 73 99 4 1 2 0 0 0 9 6 3 3
P1213 2060 4 0 0 0 0 0 0 0 0 0 0 0 0 0 0 0 0 0 3 0 0 0 0 0 3 0 0 0 0 0 0 -999
P1213 2060 5 0 0 0 0 0 0 0 0 0 0 0 0 0 0 0 0 0 58 15 5 0 0 0 0 0 0 0 0 0 0 0
P1213 2060 6 8 3 23 30 30 22 19 38 12 5 9 7 9 8 5 0 0 0 17 0 0 9 0 0 0 0 0 0 0 0 -999
P1213 2060 7 0 0 0 0 0 0 0 0 0 0 0 0 0 0 0 0 0 0 0 0 0 0 0 0 0 0 28 0 0 0 0
P1213 2060 8 0 0 0 0 0 0 0 32 0 0 0 0 0 0 0 0 0 0 36 30 0 0 0 0 0 0 0 0 0 0 0
P1213 2060 9 0 0 0 0 0 0 0 0 0 0 0 0 0 0 0 27 29 3 0 8 0 0 0 0 0 26 45 12 0 0 -999
P1213 2060 10 0 0 0 0 0 0 0 0 0 0 0 12 9 34 12 5 0 0 0 0 0 5 0 0 5 0 0 19 50 8 35
P1213 2060 11 31 3 11 4 0 0 0 0 0 0 0 0 15 16 8 0 0 0 17 0 4 0 0 0 0 0 11 9 3 0 -999
P1213 2060 12 0 0 7 6 0 0 11 0 0 15 0 0 0 0 0 0 0 0 0 0 25 19 0 0 0 0 0 0 0 0 0
P1213 2061 1 0 0 0 0 0 0 0 0 0 0 0 0 0 0 7 0 0 5 15 8 6 11 6 21 79 12 43 20 0 23 14
P1213 2061 2 0 0 0 0 0 0 0 0 0 11 0 15 12 7 11 20 17 11 0 4 18 8 0 14 10 2 6 15 -999 -999 -999
P1213 2061 3 14 33 15 19 1 3 10 1 14 15 13 19 13 12 10 28 15 10 30 10 6 6 1 0 0 0 0 0 0 0 0
P1213 2061 4 0 0 0 0 6 0 0 5 87 31 118 24 18 41 19 60 88 27 53 21 11 0 0 0 0 1 0 3 4 11 -999
P1213 2061 5 12 6 16 22 16 10 15 0 0 0 4 12 7 10 9 0 0 0 0 0 0 0 0 0 0 0 0 0 0 0 0
P1213 2061 6 0 38 0 0 0 0 0 0 0 0 0 0 17 29 17 7 3 0 0 0 0 0 0 0 0 0 0 0 0 0 -999
P1213 2061 7 0 0 0 0 0 0 0 0 0 0 0 0 0 0 0 0 0 0 0 0 0 0 0 0 0 0 0 0 0 0 0
P1213 2061 8 0 0 0 0 0 0 0 0 0 0 0 0 0 0 0 0 0 0 0 0 0 0 0 0 0 0 0 0 0 0 0
P1213 2061 9 0 0 0 0 0 0 0 0 0 0 0 0 0 0 0 8 68 60 91 25 30 13 0 0 0 0 0 0 0 0 -999
P1213 2061 10 0 0 0 14 13 19 13 9 45 55 24 2 0 0 0 0 0 0 0 0 0 0 0 0 16 8 23 7 0 0 0
P1213 2061 11 0 0 0 3 0 0 0 0 17 8 8 0 0 0 0 0 0 0 0 11 0 0 0 0 0 0 0 0 0 0 -999
P1213 2061 12 27 24 11 0 0 0 0 0 0 0 18 0 0 0 0 0 0 0 9 4 0 0 0 0 0 0 0 0 0 3 0
P1213 2062 1 0 0 0 0 0 0 62 336 257 165 14 10 9 8 6 12 16 11 15 0 0 0 0 0 0 0 0 0 0 12 19
P1213 2062 2 6 27 8 19 18 13 11 6 11 20 20 0 0 0 0 6 33 60 17 23 25 22 21 22 101 19 12 0 -999 -999 -999
P1213 2062 3 0 0 0 0 0 0 5 0 0 0 0 0 0 0 0 0 0 0 0 0 0 0 0 0 5 36 5 0 0 0 0
P1213 2062 4 0 0 13 7 0 0 0 0 0 8 20 8 1 0 0 0 0 0 0 0 0 2 4 10 17 13 0 0 4 9 -999
P1213 2062 5 10 0 0 0 0 0 0 0 0 17 0 1 2 0 0 0 0 0 20 12 0 0 0 1 0 0 0 12 42 13 12
P1213 2062 6 8 6 15 8 2 0 0 6 0 8 13 13 8 0 0 0 0 0 0 0 0 0 0 0 0 0 0 0 0 0 -999
P1213 2062 7 0 0 0 0 0 0 0 0 0 0 0 0 0 0 0 0 0 0 0 0 0 0 0 0 0 0 0 0 0 0 0
P1213 2062 8 0 25 9 0 0 0 0 0 0 0 0 0 0 0 0 0 0 0 0 0 0 0 0 0 0 0 0 0 0 0 0
P1213 2062 9 0 0 0 0 0 0 0 0 0 0 0 0 0 0 0 0 0 0 0 0 0 0 0 0 0 0 0 0 0 3 -999
P1213 2062 10 33 15 0 0 0 0 0 0 0 0 32 0 0 0 0 0 0 0 0 0 39 6 6 0 15 26 60 115 23 0 0
P1213 2062 11 0 0 0 0 12 14 18 26 23 0 16 14 3 15 0 0 0 0 0 0 2 12 8 12 19 19 14 0 0 0 -999
P1213 2062 12 0 0 0 0 0 0 4 0 0 29 35 3 0 0 0 7 20 0 0 9 12 14 0 0 6 0 0 0 0 9 0
P1213 2063 1 0 0 0 13 8 0 0 0 0 0 0 0 0 0 0 0 0 0 0 0 0 10 0 4 0 0 8 21 13 0 0
P1213 2063 2 0 0 0 5 0 1 5 11 8 8 0 0 0 1 3 0 0 0 0 0 9 22 14 8 0 0 0 0 -999 -999 -999
P1213 2063 3 16 5 19 44 26 1 9 15 4 17 11 16 13 18 28 3 8 0 0 13 22 1 23 166 58 11 19 20 71 4 0
P1213 2063 4 4 8 6 0 0 0 0 0 0 0 34 16 15 5 0 14 0 14 0 0 0 2 17 15 11 0 10 9 23 18 -999
P1213 2063 5 14 1 0 0 0 0 0 0 0 0 0 22 59 10 8 8 5 6 2 2 7 6 4 0 0 0 0 0 0 0 0
P1213 2063 6 0 0 0 0 0 0 0 0 0 0 0 0 0 0 0 0 0 0 0 0 0 0 0 0 0 0 0 0 0 0 -999
P1213 2063 7 0 0 0 0 0 0 0 0 0 0 0 0 0 0 0 0 0 0 0 0 0 0 0 0 0 0 0 0 0 0 0
P1213 2063 8 0 0 0 0 0 0 0 0 0 0 0 0 0 0 0 0 0 0 0 0 0 0 0 0 0 0 0 0 0 0 0
P1213 2063 9 0 0 0 0 0 0 0 0 0 19 0 0 0 0 0 0 0 0 0 0 0 0 0 0 0 0 5 9 0 0 -999
P1213 2063 10 0 0 0 0 8 47 3 0 0 0 37 15 10 3 4 8 0 0 0 21 33 16 7 0 0 0 0 13 17 12 0
P1213 2063 11 0 0 7 9 0 0 0 0 0 0 4 0 0 0 0 0 0 0 0 0 2 0 0 0 47 14 1 4 5 7 -999
P1213 2063 12 7 7 6 0 0 0 0 0 0 0 0 0 0 0 0 0 0 0 0 0 0 0 0 0 0 0 0 0 0 7 0
P1213 2064 1 0 0 0 0 18 4 0 0 0 0 2 8 17 19 15 21 23 57 13 0 72 63 85 11 0 0 0 0 0 7 0
P1213 2064 2 0 0 0 0 3 0 0 2 0 0 0 0 31 23 10 9 4 5 0 0 0 0 0 0 0 45 47 17 -999 -999 -999
P1213 2064 3 12 0 12 67 24 6 0 0 0 0 0 12 0 0 0 0 0 0 2 0 0 0 2 1 8 0 2 0 0 23 25
P1213 2064 4 14 18 22 29 6 36 4 5 15 7 0 0 0 0 0 13 24 9 17 14 3 0 19 62 27 0 0 62 11 0 -999
P1213 2064 5 0 7 9 2 0 0 0 0 0 0 0 1 1 3 4 5 0 0 0 0 0 0 0 0 0 8 0 0 0 0 0
P1213 2064 6 0 0 0 0 0 0 0 0 0 0 14 0 0 0 0 0 0 0 0 0 0 0 0 0 0 0 0 0 0 0 -999
P1213 2064 7 0 0 0 0 0 0 0 0 0 0 0 0 0 0 0 0 0 0 0 0 0 0 0 0 0 0 0 0 0 0 0
P1213 2064 8 0 0 0 0 0 0 0 0 0 0 0 0 0 0 0 0 0 0 0 0 0 0 0 0 0 0 0 0 0 0 0
P1213 2064 9 0 0 0 0 0 0 0 0 0 0 11 26 24 14 0 0 0 0 0 0 0 1 5 0 0 0 0 41 6 2 -999
P1213 2064 10 0 0 0 0 0 0 0 0 0 0 26 37 0 0 0 0 0 0 0 0 0 7 4 5 9 9 0 0 0 0 0
P1213 2064 11 0 0 0 0 0 14 10 10 2 3 0 0 0 0 8 15 5 0 0 0 141 127 19 83 14 2 0 12 18 20 -999
P1213 2064 12 2 0 0 0 0 0 0 0 12 26 13 0 0 0 0 0 0 0 0 13 22 11 0 0 0 0 0 3 8 6 6
P1213 2065 1 2 25 22 6 3 12 84 76 94 90 3 17 1 6 0 0 0 0 0 0 0 0 0 6 0 0 0 0 0 0 0
P1213 2065 2 0 6 3 5 8 0 0 0 0 0 0 0 0 0 0 0 0 0 2 10 0 0 0 0 0 0 0 0 -999 -999 -999
P1213 2065 3 11 0 0 0 0 0 15 10 0 9 0 0 0 0 0 0 0 0 0 0 0 0 10 0 1 0 2 12 16 18 7
P1213 2065 4 17 18 51 9 8 18 0 0 0 0 32 10 17 139 104 14 4 0 0 0 0 0 0 0 2 18 16 0 11 6 -999
P1213 2065 5 6 8 0 2 14 9 15 64 18 6 5 3 4 8 6 4 4 8 0 0 5 5 0 0 0 0 0 0 0 0 20
P1213 2065 6 18 38 17 20 20 16 14 6 11 0 0 55 11 0 0 0 0 0 0 0 0 51 0 0 0 0 0 0 0 0 -999
P1213 2065 7 0 0 0 0 0 0 0 0 0 0 0 0 0 0 0 0 0 0 0 0 0 0 0 0 0 0 0 0 0 0 0
P1213 2065 8 0 0 0 0 0 0 0 0 0 0 0 0 0 0 0 0 0 0 0 0 0 0 0 0 0 0 0 0 0 0 0
P1213 2065 9 0 0 0 0 0 0 0 0 0 0 0 0 0 0 0 0 0 0 0 8 37 36 101 85 32 0 45 50 10 0 -999
P1213 2065 10 0 0 0 0 0 0 0 0 0 5 9 10 0 0 0 0 0 16 40 11 0 0 0 3 0 0 0 0 0 0 0
P1213 2065 11 0 0 0 0 13 9 0 0 8 11 0 0 0 0 0 0 0 0 0 0 0 0 0 0 0 7 17 0 0 0 -999
P1213 2065 12 0 0 0 0 0 0 0 0 0 0 7 0 0 0 0 0 0 0 0 0 3 4 31 33 13 5 11 5 0 0 0
P1213 2066 1 0 0 0 0 0 0 0 0 0 19 0 0 0 0 10 5 0 0 0 0 0 0 0 0 0 0 0 0 0 0 52
P1213 2066 2 0 0 0 0 5 4 13 11 10 0 0 0 0 0 0 0 5 11 11 17 0 0 0 0 0 10 6 15 -999 -999 -999
P1213 2066 3 0 3 6 14 36 2 2 21 76 42 5 0 0 0 10 33 14 6 0 17 56 39 9 1 3 0 0 0 20 1 1
P1213 2066 4 0 0 0 0 0 0 0 13 17 0 0 0 0 0 0 2 13 15 12 0 0 0 0 0 0 0 0 0 0 0 -999
P1213 2066 5 0 0 0 0 0 0 0 0 0 0 0 0 0 0 0 0 1 10 0 0 0 0 0 0 0 0 0 0 0 7 0
P1213 2066 6 0 0 0 0 0 0 0 0 16 4 0 0 0 0 0 0 0 0 0 0 0 0 0 0 0 0 0 0 0 0 -999
P1213 2066 7 0 0 0 0 0 0 0 0 0 0 0 0 0 0 0 0 0 0 0 0 0 0 0 0 0 0 0 0 0 0 0
P1213 2066 8 0 0 0 0 0 0 0 0 0 0 0 0 0 0 0 0 0 0 0 0 0 0 0 0 0 0 0 0 0 71 0
P1213 2066 9 0 0 0 0 0 0 0 0 0 0 0 0 0 0 0 0 0 0 0 0 0 0 0 0 0 0 0 0 0 0 -999
P1213 2066 10 0 0 0 0 0 0 0 0 0 0 0 35 39 56 7 20 6 9 4 0 0 0 4 17 17 16 24 21 36 14 36
P1213 2066 11 38 17 7 0 0 102 41 53 25 43 42 5 0 0 0 0 14 20 16 15 12 14 0 0 0 12 30 27 16 42 -999
P1213 2066 12 60 66 83 48 0 0 0 0 13 0 3 21 18 44 22 18 12 21 15 0 0 0 5 20 22 20 7 10 19 0 0
P1213 2067 1 0 11 29 48 88 56 30 104 60 14 21 18 78 5 2 6 20 63 87 12 0 10 19 8 3 2 12 10 65 57 1
P1213 2067 2 21 20 18 8 0 0 0 0 17 0 0 1 23 0 0 0 0 0 18 19 19 17 11 5 5 2 1 2 -999 -999 -999
P1213 2067 3 0 3 0 5 0 0 0 0 0 0 0 0 14 0 0 0 0 4 0 0 0 0 0 0 1 4 0 35 22 7 0
P1213 2067 4 0 0 0 0 0 0 9 36 15 7 6 0 0 19 2 22 20 6 10 3 11 1 0 0 1 10 17 17 5 0 -999
P1213 2067 5 0 0 0 0 0 0 7 0 1 46 16 9 25 42 12 3 1 8 20 15 7 18 2 0 0 0 0 0 0 0 0
P1213 2067 6 0 0 0 0 0 0 0 109 6 0 0 0 0 0 0 7 8 0 0 0 0 0 0 0 0 0 0 0 0 0 -999
P1213 2067 7 0 0 0 0 0 0 0 0 0 0 0 0 0 0 0 0 0 0 0 0 0 0 0 0 0 0 0 0 0 12 0
P1213 2067 8 0 0 0 0 0 0 0 0 0 0 0 0 0 0 0 0 0 0 0 0 0 0 0 0 0 0 0 0 0 0 0
P1213 2067 9 0 0 0 0 0 0 0 0 0 0 0 0 0 0 0 0 0 0 0 0 0 0 0 0 0 0 0 0 0 0 -999
P1213 2067 10 0 0 0 0 0 0 0 19 15 5 3 7 0 4 5 0 0 0 0 0 0 0 0 0 0 0 0 0 0 0 16
P1213 2067 11 15 8 32 36 21 17 64 27 16 14 0 0 3 0 0 6 0 0 50 0 0 0 0 0 11 14 14 0 0 0 -999
P1213 2067 12 0 0 0 0 21 36 15 0 12 0 0 2 19 0 0 0 0 0 0 11 7 0 0 0 0 0 0 0 0 0 0
P1213 2068 1 0 0 0 0 0 0 0 0 0 0 6 4 0 0 0 0 0 4 1 6 15 9 7 9 12 11 15 10 10 18 21
P1213 2068 2 12 0 0 0 0 0 2 3 3 5 8 0 12 21 81 71 37 0 0 0 0 0 0 18 17 6 0 0 -999 -999 -999
P1213 2068 3 0 0 0 0 19 21 24 0 0 110 19 14 11 0 0 0 0 0 0 1 2 0 0 0 0 0 0 0 0 0 0
P1213 2068 4 0 0 0 0 34 17 2 0 0 0 0 0 0 0 0 0 0 0 0 0 1 2 6 7 8 0 0 19 19 3 -999
P1213 2068 5 0 0 0 0 10 77 119 8 10 3 3 18 43 8 13 4 10 19 13 16 9 3 0 5 3 2 0 0 0 0 0
P1213 2068 6 11 0 0 3 1 0 0 0 0 0 0 0 0 0 0 0 0 0 0 0 0 0 0 0 0 0 0 0 0 0 -999
P1213 2068 7 0 0 0 0 0 0 0 0 0 0 0 0 0 0 0 0 0 0 0 0 0 0 0 0 0 0 0 0 0 0 0
P1213 2068 8 0 0 0 0 0 0 0 0 0 0 0 0 0 0 0 0 0 0 0 0 0 0 0 0 0 16 14 0 0 0 0
P1213 2068 9 0 0 0 0 0 0 0 0 0 0 0 0 0 0 0 0 0 0 0 14 51 77 46 28 96 39 17 23 0 13 -999
P1213 2068 10 16 64 28 6 4 0 0 7 15 0 0 0 27 14 3 0 0 0 9 11 0 0 21 20 12 8 0 0 0 5 0
P1213 2068 11 0 0 0 0 0 0 5 0 0 0 0 0 0 0 0 26 12 12 0 0 9 69 13 12 12 0 0 0 37 21 -999
P1213 2068 12 0 0 12 0 54 9 18 0 0 0 10 10 0 0 0 11 18 22 14 0 0 0 0 0 0 0 10 15 0 0 0
P1213 2069 1 0 0 0 0 0 0 6 17 11 82 3 3 21 8 0 0 0 0 0 0 0 10 7 0 19 13 9 10 41 83 66
P1213 2069 2 35 6 10 0 32 3 15 3 23 21 2 1 1 5 2 6 3 0 0 0 5 0 0 0 0 0 0 0 -999 -999 -999
P1213 2069 3 9 19 20 13 10 0 0 0 0 5 25 6 3 0 0 0 0 0 0 0 0 0 0 0 11 0 0 0 9 16 0
P1213 2069 4 0 0 0 0 0 0 0 52 9 6 20 64 17 14 15 26 16 0 45 21 17 0 0 0 0 0 0 0 7 63 -999
P1213 2069 5 57 9 6 0 0 17 24 21 18 11 0 0 0 0 0 0 3 0 5 0 25 2 0 0 0 0 0 13 9 3 0
P1213 2069 6 0 8 8 0 0 0 0 0 0 0 0 0 0 0 0 0 0 0 0 0 0 0 0 0 0 0 0 0 0 0 -999
P1213 2069 7 0 11 11 8 0 0 0 0 0 0 0 0 0 0 0 0 0 0 0 0 0 0 0 0 0 0 0 0 0 0 0
P1213 2069 8 0 0 0 0 0 0 0 0 0 0 0 0 0 0 0 0 0 0 0 0 0 0 0 0 0 0 0 0 0 0 0
P1213 2069 9 0 0 0 0 0 0 0 0 0 5 0 0 0 0 0 0 0 0 42 36 13 0 0 2 7 3 13 12 21 0 -999
P1213 2069 10 0 29 42 30 21 0 0 0 0 0 0 0 0 0 0 0 15 14 4 0 6 28 12 13 9 10 8 0 0 0 0
P1213 2069 11 58 29 19 0 0 0 0 0 0 61 111 28 28 16 3 10 19 0 0 0 0 0 0 8 15 3 7 0 71 20 -999
P1213 2069 12 14 0 13 47 12 38 1 3 0 0 0 0 0 0 0 0 0 0 0 0 0 0 13 12 0 0 0 0 12 12 0
P1213 2070 1 12 8 7 0 7 19 13 0 6 19 0 0 0 0 0 0 0 3 8 8 26 19 23 31 10 20 25 19 0 38 59
P1213 2070 2 86 18 59 21 12 0 0 0 3 14 2 6 18 13 25 53 38 2 0 0 0 0 17 26 26 10 21 16 -999 -999 -999
P1213 2070 3 14 0 0 0 0 0 4 4 46 12 2 5 3 21 1 0 0 2 9 2 12 2 20 0 16 2 0 0 0 0 0
P1213 2070 4 0 11 15 2 2 13 13 14 18 12 4 14 11 5 0 0 10 5 3 0 0 35 18 9 13 14 4 7 10 7 -999
P1213 2070 5 6 0 0 0 3 31 32 11 0 0 0 0 33 78 23 8 0 0 0 0 0 0 0 0 0 0 0 0 0 0 0
P1213 2070 6 3 2 0 0 25 29 0 0 0 0 0 0 0 0 16 9 0 0 0 0 0 0 0 0 0 0 0 0 0 0 -999
P1213 2070 7 0 0 0 0 0 0 0 0 0 0 0 0 0 0 0 0 0 0 0 0 0 0 0 0 0 0 0 0 0 0 0
P1213 2070 8 0 0 0 0 0 0 0 0 0 0 0 0 0 0 0 0 0 0 0 0 0 0 0 0 0 0 0 0 0 0 0
P1213 2070 9 0 0 0 0 0 0 13 0 0 0 0 0 0 0 0 0 0 0 0 0 0 0 0 0 0 0 0 10 38 24 -999
P1213 2070 10 45 62 34 12 0 0 21 42 47 45 78 11 16 10 4 19 16 5 39 73 55 76 28 17 0 0 0 0 0 10 65
P1213 2070 11 32 43 25 13 8 0 0 0 2 17 5 21 21 20 5 0 8 14 0 0 9 0 10 0 0 0 0 0 0 3 -999
P1213 2070 12 2 0 6 0 0 0 0 0 0 0 0 6 0 0 0 0 0 0 6 4 0 16 3 0 0 0 0 10 11 14 0
P1213 2071 1 0 0 2 18 14 7 4 0 8 15 10 3 13 20 28 32 8 6 5 5 19 21 19 14 18 14 0 0 0 0 15
P1213 2071 2 19 0 0 0 2 14 6 0 0 0 0 0 0 0 0 0 0 0 0 2 0 13 5 0 0 9 21 0 -999 -999 -999
P1213 2071 3 0 0 0 0 0 0 0 0 0 7 14 0 0 0 0 7 1 8 8 0 0 0 0 0 0 0 0 0 0 12 0
P1213 2071 4 11 9 0 0 0 0 0 0 0 0 0 0 0 0 0 0 0 0 0 0 0 0 0 0 0 0 0 0 0 0 -999
P1213 2071 5 0 0 0 0 0 0 8 0 5 6 0 0 0 0 2 6 0 0 37 39 62 53 15 7 0 0 0 0 0 0 0
P1213 2071 6 0 0 2 1 3 6 10 15 6 1 0 0 0 0 0 0 0 0 0 0 0 0 0 0 0 0 0 0 0 0 -999
P1213 2071 7 0 0 0 0 0 0 0 0 0 0 0 0 0 0 0 0 0 0 0 0 0 0 0 0 16 5 0 0 0 0 0
P1213 2071 8 0 0 0 0 0 19 0 0 0 0 0 0 0 28 0 0 0 0 0 0 0 0 0 0 0 0 0 0 0 0 0
P1213 2071 9 0 0 0 0 0 0 0 0 0 0 0 0 0 0 0 0 0 0 0 0 0 10 0 0 0 0 0 0 0 0 -999
P1213 2071 10 0 0 0 0 0 0 0 0 19 22 5 4 0 0 0 0 0 0 0 0 0 0 0 0 0 0 0 0 0 0 0
P1213 2071 11 0 18 11 0 0 0 8 20 33 25 21 8 0 0 0 0 8 3 0 0 0 0 0 0 0 0 9 3 0 0 -999
P1213 2071 12 0 0 2 0 0 8 11 4 0 0 0 0 0 0 0 0 0 1 20 2 0 0 0 0 0 0 0 0 0 0 0
P1213 2072 1 0 0 0 0 0 0 20 18 0 10 1 1 6 0 0 11 10 0 0 0 0 32 22 18 0 0 6 13 21 19 8
P1213 2072 2 5 0 0 1 5 14 0 0 0 10 17 19 21 76 6 14 102 4 42 85 57 65 56 18 11 0 0 16 -999 -999 -999
P1213 2072 3 0 0 0 0 0 5 14 15 7 0 0 0 0 0 0 0 0 0 1 2 15 11 77 12 18 5 0 223 65 13 0
P1213 2072 4 0 0 0 0 0 6 3 3 6 4 14 16 10 14 69 3 10 0 12 37 47 0 43 53 16 10 0 0 2 0 -999
P1213 2072 5 0 0 0 4 7 5 12 17 4 2 3 7 11 2 1 4 7 10 0 0 0 0 0 0 0 0 0 10 10 23 25
P1213 2072 6 20 21 61 15 9 0 0 0 7 0 0 0 0 0 0 0 0 0 0 0 0 0 0 0 0 0 0 0 0 0 -999
P1213 2072 7 0 0 0 0 0 0 0 0 0 0 0 0 0 0 0 0 0 0 0 0 0 0 0 0 0 0 0 0 0 0 0
P1213 2072 8 0 0 0 0 0 0 0 0 0 0 0 0 0 0 0 0 0 0 0 0 0 0 0 0 0 0 0 0 0 0 0
P1213 2072 9 0 0 0 0 0 0 0 0 0 0 0 0 0 0 0 0 0 0 0 0 0 0 0 0 0 0 0 0 0 0 -999
P1213 2072 10 0 10 0 0 0 0 11 0 0 0 0 0 0 0 0 6 18 13 14 0 0 0 0 0 15 30 4 0 0 0 22
P1213 2072 11 0 0 0 0 0 33 30 58 28 97 29 15 17 17 23 18 12 6 0 0 0 0 0 50 23 15 85 24 26 15 -999
P1213 2072 12 1 0 0 0 0 0 5 6 0 0 0 0 0 0 0 0 0 0 0 0 0 0 0 0 0 0 0 0 0 0 0
P1213 2073 1 0 0 0 0 0 6 0 0 0 0 0 0 8 0 0 0 0 0 0 0 0 0 0 0 0 0 0 0 0 0 0
P1213 2073 2 0 0 0 9 16 0 0 0 11 19 4 5 75 12 20 20 10 7 17 2 0 0 0 0 0 0 0 0 -999 -999 -999
P1213 2073 3 0 0 0 0 0 0 0 0 12 10 20 2 0 0 0 0 0 2 10 16 5 5 4 0 0 0 0 11 10 0 0
P1213 2073 4 0 0 0 0 0 0 0 0 0 0 0 0 0 0 52 0 11 0 1 3 3 0 3 0 32 7 5 0 0 0 -999
P1213 2073 5 0 2 6 0 0 0 0 0 0 0 0 0 0 0 0 21 16 15 36 19 11 0 0 2 5 0 2 8 1 0 3
P1213 2073 6 3 0 0 0 0 0 0 0 0 0 0 0 0 6 3 0 0 0 0 0 0 0 0 0 0 0 0 0 0 0 -999
P1213 2073 7 0 0 0 0 0 0 0 0 0 0 0 0 0 0 0 0 0 0 0 0 0 0 0 0 0 0 0 0 0 0 0
P1213 2073 8 0 0 0 0 0 0 0 0 0 0 0 0 0 0 0 0 0 0 0 0 0 0 0 0 0 0 0 0 0 0 0
P1213 2073 9 0 0 0 0 31 19 17 11 0 0 0 16 9 0 0 0 0 0 0 0 0 4 0 0 0 0 0 48 18 5 -999
P1213 2073 10 11 4 0 0 0 0 0 8 15 9 0 0 0 0 0 0 0 0 0 17 4 0 0 0 0 0 13 36 8 10 8
P1213 2073 11 13 6 4 1 0 0 45 64 17 17 17 22 17 7 0 0 0 3 3 4 3 3 4 6 10 14 12 10 7 5 -999
P1213 2073 12 15 27 24 30 18 10 16 8 0 0 0 0 0 0 0 0 3 7 0 3 0 9 0 0 19 17 0 0 0 0 0
P1213 2074 1 0 0 0 0 0 0 0 0 0 0 2 0 0 0 0 0 0 0 11 17 10 0 0 0 0 0 0 0 5 0 0
P1213 2074 2 0 0 0 0 0 0 0 3 10 13 0 0 0 0 0 0 0 0 0 0 0 0 0 0 0 16 5 0 -999 -999 -999
P1213 2074 3 0 17 0 0 0 0 0 0 0 0 0 0 0 0 0 0 0 0 0 0 0 2 0 0 0 0 0 0 0 0 3
P1213 2074 4 14 5 0 0 0 0 0 0 0 0 0 0 0 0 0 0 0 0 0 0 0 0 0 0 0 11 12 13 4 0 -999
P1213 2074 5 0 0 0 1 3 5 50 29 39 88 57 33 10 5 3 0 0 0 0 1 32 15 3 0 0 0 0 0 3 3 0
P1213 2074 6 0 0 0 0 0 0 0 0 0 0 0 0 0 0 0 0 0 5 10 8 0 0 0 0 0 0 0 0 0 0 -999
P1213 2074 7 0 0 0 0 0 0 0 0 0 0 0 0 0 0 0 0 0 0 0 0 0 0 0 0 0 0 0 0 0 0 0
P1213 2074 8 0 0 0 0 0 0 0 0 0 0 0 0 0 0 0 0 0 0 0 0 0 0 0 0 0 0 0 0 0 0 0
P1213 2074 9 0 0 0 0 0 0 0 0 9 0 0 0 0 0 0 0 0 0 0 0 0 0 0 15 8 18 14 0 0 0 -999
P1213 2074 10 0 0 9 3 0 0 0 0 28 9 3 0 0 0 0 0 0 0 12 2 0 0 0 0 0 0 0 0 24 3 0
P1213 2074 11 0 0 0 0 0 0 0 0 0 25 15 11 0 0 0 0 15 20 21 31 150 9 3 8 77 23 19 12 14 18 -999
P1213 2074 12 0 0 24 22 0 0 0 0 0 0 0 8 11 25 79 86 60 20 0 0 17 14 20 20 20 11 13 15 33 14 21
P1213 2075 1 71 106 3 10 18 1 18 12 0 14 8 0 5 13 11 0 0 0 0 0 0 0 0 0 0 0 0 0 5 11 10
P1213 2075 2 8 0 0 0 0 17 20 17 6 0 7 4 0 7 7 9 0 8 12 6 89 25 21 9 0 0 0 0 -999 -999 -999
P1213 2075 3 0 0 4 15 61 42 12 0 0 88 18 27 53 18 12 0 0 3 14 38 20 18 8 5 16 0 0 1 17 24 0
P1213 2075 4 22 8 0 0 0 0 0 0 3 0 0 0 0 0 0 0 0 0 0 8 0 0 0 0 0 0 0 49 0 0 -999
P1213 2075 5 0 5 37 14 37 63 40 24 11 10 6 43 3 3 9 6 12 56 7 14 0 6 5 0 0 0 0 0 0 0 0
P1213 2075 6 0 0 0 0 0 0 0 0 0 0 0 0 0 0 0 0 0 0 0 0 0 0 0 0 0 0 0 0 0 0 -999
P1213 2075 7 0 0 0 0 0 0 0 0 0 0 0 0 0 0 0 0 16 12 0 0 0 0 0 0 0 0 0 0 0 0 0
P1213 2075 8 0 0 0 0 0 0 0 0 0 0 0 0 0 0 0 0 0 0 0 0 0 0 0 0 0 0 0 0 0 0 0
P1213 2075 9 0 0 0 0 0 0 0 0 0 0 0 0 0 0 0 0 0 0 0 0 0 0 0 0 0 0 0 38 13 13 -999
P1213 2075 10 6 3 34 11 0 0 0 0 11 13 0 0 0 0 0 0 0 0 17 73 8 0 0 0 0 0 0 2 15 14 0
P1213 2075 11 0 0 8 45 7 18 17 40 46 7 0 8 15 9 5 0 18 15 7 0 0 0 0 0 0 0 17 20 9 3 -999
P1213 2075 12 0 0 6 13 0 8 14 18 18 18 0 17 13 9 0 0 0 0 0 0 0 0 3 0 0 0 15 3 0 0 0
P1213 2076 1 0 0 0 0 0 0 0 0 0 0 0 0 0 0 0 6 0 0 0 0 0 0 0 0 0 0 0 10 1 4 0
P1213 2076 2 0 0 0 0 0 0 0 0 6 7 0 0 0 0 0 0 0 0 0 7 6 0 0 0 0 0 0 0 -999 -999 -999
P1213 2076 3 0 0 0 0 0 6 7 3 47 38 24 1 0 0 0 19 26 48 3 0 0 0 0 0 0 0 0 0 0 0 0
P1213 2076 4 0 0 0 0 9 2 0 0 0 0 0 0 15 0 0 3 0 0 0 18 24 41 61 45 0 0 0 20 10 0 -999
P1213 2076 5 0 11 17 16 7 0 0 0 3 0 0 0 5 17 6 1 0 28 31 38 20 16 10 1 0 2 1 48 10 11 9
P1213 2076 6 7 41 12 5 4 0 11 11 6 0 0 0 0 0 0 0 0 3 0 0 0 3 9 11 8 7 0 12 0 0 -999
P1213 2076 7 0 0 0 3 0 0 0 0 0 0 0 0 0 0 0 0 0 0 0 0 0 0 0 0 0 0 0 0 0 0 0
P1213 2076 8 0 0 0 0 0 0 0 0 0 0 0 0 0 0 0 0 0 0 0 0 0 0 0 0 0 0 0 0 0 0 0
P1213 2076 9 0 0 0 10 0 0 0 0 0 0 0 0 0 0 0 63 34 0 0 0 0 0 0 7 0 0 0 34 20 6 -999
P1213 2076 10 0 0 0 0 0 0 0 0 0 0 0 4 9 23 26 5 0 19 12 0 0 8 3 11 0 0 0 0 0 0 0
P1213 2076 11 0 0 0 3 0 0 0 0 0 48 12 15 19 22 22 31 139 60 12 9 0 0 0 14 6 0 0 0 0 0 -999
P1213 2076 12 0 0 0 0 0 0 0 0 9 4 0 0 0 0 0 10 23 24 0 0 0 0 0 0 0 0 0 0 0 0 8
P1213 2077 1 10 0 0 0 0 0 0 0 0 0 0 0 6 11 21 0 0 0 0 13 10 10 53 22 10 0 19 12 3 4 0
P1213 2077 2 0 0 0 0 12 7 23 8 3 0 0 0 8 0 0 0 5 0 0 0 0 0 0 0 0 0 0 0 -999 -999 -999
P1213 2077 3 0 0 0 0 0 1 1 0 0 0 5 3 27 17 14 5 8 78 28 20 29 16 0 0 1 2 7 5 0 4 15
P1213 2077 4 2 0 0 0 0 0 0 0 3 0 0 8 0 0 0 0 0 0 0 0 0 0 0 0 0 0 9 0 0 0 -999
P1213 2077 5 0 0 0 0 0 77 64 37 9 8 9 3 0 0 0 0 0 0 0 0 0 0 5 33 25 108 79 0 0 0 0
P1213 2077 6 0 0 0 3 4 0 0 0 0 6 22 21 19 16 10 0 0 0 0 0 0 0 0 0 0 0 0 0 0 0 -999
P1213 2077 7 0 0 0 0 0 0 0 0 0 0 0 0 0 0 0 0 0 0 0 0 0 0 0 0 0 0 0 0 0 0 0
P1213 2077 8 0 0 0 0 0 0 0 0 0 0 0 0 0 0 0 0 0 0 0 0 0 0 0 0 0 0 0 0 0 0 0
P1213 2077 9 0 0 0 0 0 0 0 0 0 0 0 0 0 0 0 0 0 0 0 0 0 0 0 0 0 0 0 0 0 9 -999
P1213 2077 10 9 0 10 7 1 2 0 0 0 0 0 0 0 0 0 0 0 0 0 0 0 6 42 8 0 0 0 22 1 0 0
P1213 2077 11 0 0 34 73 95 22 49 67 51 19 15 12 49 80 16 11 13 29 4 0 0 20 2 16 6 0 58 29 32 0 -999
P1213 2077 12 0 0 0 0 7 0 0 0 3 6 27 6 7 37 22 19 35 8 33 17 8 3 5 28 44 22 58 8 0 9 5
P1213 2078 1 3 12 5 0 0 30 0 0 5 24 2 0 0 0 0 0 0 0 0 0 0 4 18 11 0 0 0 0 0 0 0
P1213 2078 2 0 0 0 0 0 0 15 14 0 0 0 19 21 9 10 7 0 0 0 0 3 2 6 8 0 6 0 10 -999 -999 -999
P1213 2078 3 30 100 27 4 0 0 7 5 0 0 3 18 6 14 7 0 0 0 0 0 0 0 0 0 0 0 0 0 0 47 11
P1213 2078 4 0 2 20 30 62 29 5 8 15 0 0 0 0 0 0 0 0 9 16 15 0 0 0 0 6 7 4 6 67 13 -999
P1213 2078 5 12 6 3 12 12 19 10 5 2 0 0 0 44 25 18 16 25 10 8 0 0 0 0 0 0 0 0 0 0 0 0
P1213 2078 6 0 0 0 0 0 0 0 0 0 0 0 0 0 0 0 0 0 0 0 0 0 0 0 0 0 0 0 0 0 0 -999
P1213 2078 7 0 0 0 0 0 0 0 0 0 0 0 0 0 0 0 0 0 0 0 0 0 0 0 0 0 0 0 0 0 0 0
P1213 2078 8 0 0 0 0 0 0 0 0 0 0 0 0 0 0 0 0 0 0 0 0 0 0 0 0 0 0 0 6 0 11 0
P1213 2078 9 0 0 0 21 0 0 0 0 0 0 0 0 0 0 0 0 0 0 0 0 0 0 0 0 0 0 0 0 0 0 -999
P1213 2078 10 0 0 0 0 0 0 0 0 0 0 0 0 0 0 0 0 0 0 0 0 0 0 0 10 5 2 5 0 1 4 14
P1213 2078 11 13 34 45 9 11 0 0 0 0 0 6 0 0 0 0 0 0 0 0 0 0 0 0 15 18 7 0 50 20 7 -999
P1213 2078 12 0 0 0 0 0 0 0 0 0 0 0 0 0 0 5 16 17 7 0 0 0 0 0 0 7 5 7 13 6 3 47
P1213 2079 1 23 0 0 5 20 18 15 7 0 0 0 13 0 0 0 0 0 0 0 0 0 0 0 0 0 0 13 17 0 0 0
P1213 2079 2 0 0 0 0 13 15 21 11 12 7 3 12 13 11 4 1 0 0 0 51 39 5 70 23 25 70 11 10 -999 -999 -999
P1213 2079 3 3 41 9 3 0 0 0 0 0 0 0 15 9 2 2 2 1 1 4 18 69 12 4 9 14 17 12 0 0 0 0
P1213 2079 4 54 91 12 14 23 13 34 33 5 0 0 3 6 0 0 0 0 0 0 1 0 0 0 0 0 7 13 5 5 22 -999
P1213 2079 5 1 16 11 3 7 10 0 0 0 0 0 0 0 0 59 65 0 0 0 0 0 0 0 0 0 0 0 0 0 0 0
P1213 2079 6 0 0 0 0 0 0 0 0 0 0 12 0 6 0 0 0 0 0 0 0 0 0 0 0 0 0 0 0 0 0 -999
P1213 2079 7 0 0 0 0 0 0 0 0 0 0 0 0 0 0 0 0 0 0 0 0 0 0 0 0 0 0 0 0 0 0 0
P1213 2079 8 0 0 0 0 0 0 0 0 0 0 0 0 0 0 0 0 0 0 0 0 0 0 0 0 0 0 0 0 0 0 0
P1213 2079 9 0 0 0 0 0 0 0 0 0 0 30 0 0 0 0 0 0 0 0 0 0 0 0 0 0 0 0 0 0 20 -999
P1213 2079 10 45 0 0 0 0 0 0 0 0 0 0 0 0 0 0 0 0 0 24 18 45 12 7 3 0 0 0 0 0 0 0
P1213 2079 11 0 14 14 0 12 0 0 0 0 0 0 0 0 0 0 0 0 0 0 0 0 0 10 0 0 27 16 6 0 46 -999
P1213 2079 12 21 0 0 0 0 8 0 12 5 0 9 0 0 0 8 19 22 13 26 10 0 0 0 0 0 0 0 0 0 0 0
P1213 2080 1 0 0 0 0 0 0 0 0 0 0 0 3 7 13 21 2 0 1 11 1 13 17 17 36 18 11 0 0 8 0 0
P1213 2080 2 0 0 0 0 6 3 0 0 0 0 6 7 18 8 0 0 0 0 0 0 5 19 12 17 0 0 0 0 -999 -999 -999
P1213 2080 3 0 0 0 0 0 0 0 0 0 0 0 0 0 0 0 0 0 0 0 0 0 0 0 0 0 0 0 0 0 0 0
P1213 2080 4 4 4 33 19 19 10 67 48 17 12 16 12 6 9 3 13 5 9 16 13 5 3 3 10 35 1 10 30 14 11 -999
P1213 2080 5 77 51 17 8 0 0 0 0 0 0 0 0 0 0 0 0 0 0 2 0 0 0 0 7 0 0 0 0 0 12 6
P1213 2080 6 0 14 15 11 0 0 0 4 8 6 0 0 14 2 12 4 0 0 0 0 0 0 0 0 0 0 0 0 0 0 -999
P1213 2080 7 0 0 0 0 0 0 0 0 0 0 0 0 0 0 0 0 0 0 0 0 0 0 0 0 0 0 0 0 0 0 0
P1213 2080 8 0 0 0 0 0 0 0 0 0 0 0 0 0 0 0 0 0 0 0 0 0 0 0 14 12 12 0 0 0 0 0
P1213 2080 9 0 0 0 0 0 0 0 0 0 0 0 0 36 11 0 0 0 0 0 0 0 0 0 7 34 12 12 0 0 0 -999
P1213 2080 10 0 0 0 0 0 0 0 0 0 0 0 2 18 0 0 0 0 0 0 0 0 0 0 0 0 6 21 4 0 0 0
P1213 2080 11 0 0 0 0 8 10 10 7 1 24 1 17 4 0 0 0 10 0 0 0 0 0 0 0 0 0 0 6 7 0 -999
P1213 2080 12 0 0 0 0 0 0 0 4 0 14 46 22 8 0 0 0 0 0 0 0 0 0 8 56 7 59 21 15 11 0 10
P1213 2081 1 0 3 11 4 0 0 0 0 0 0 0 0 0 0 0 0 0 2 7 64 82 18 0 0 0 0 0 0 0 0 0
P1213 2081 2 4 6 50 14 16 21 0 0 0 0 0 0 0 0 0 0 0 6 2 0 1 11 16 15 8 0 3 3 -999 -999 -999
P1213 2081 3 0 0 0 0 0 0 0 0 0 0 0 5 15 35 32 21 76 14 15 18 42 57 51 12 15 2 75 54 10 0 4
P1213 2081 4 8 8 8 3 17 2 0 3 0 0 0 0 0 0 0 0 0 1 0 0 0 4 4 0 0 0 8 10 9 3 -999
P1213 2081 5 3 1 0 0 0 2 15 10 5 6 3 0 0 0 0 0 0 0 0 0 0 3 6 7 9 0 19 22 21 15 2
P1213 2081 6 0 0 0 0 0 0 2 10 25 36 27 18 10 0 0 0 0 0 1 11 7 0 0 0 0 0 0 0 0 0 -999
P1213 2081 7 0 0 0 0 0 0 0 0 0 0 0 0 0 0 0 0 0 0 0 0 0 0 0 0 0 0 0 0 0 0 0
P1213 2081 8 0 0 0 0 0 0 0 0 0 0 0 0 0 0 0 0 0 0 0 0 0 0 0 0 0 0 0 0 0 0 0
P1213 2081 9 0 0 0 0 0 0 0 0 0 0 0 0 0 0 0 0 0 0 0 0 0 63 94 0 0 0 0 0 0 0 -999
P1213 2081 10 0 0 0 13 9 0 0 0 0 29 97 106 23 8 9 24 182 221 102 23 31 7 0 0 0 0 0 0 0 0 0
P1213 2081 11 0 0 0 33 40 7 0 0 0 0 50 4 0 0 17 26 34 31 12 54 75 8 12 14 0 0 0 0 0 11 -999
P1213 2081 12 14 7 0 0 18 8 3 21 23 0 0 0 0 0 0 0 0 0 0 0 55 23 11 0 0 14 18 26 19 0 0
P1213 2082 1 0 4 8 0 0 0 10 5 9 3 0 0 0 0 3 10 0 0 0 0 0 0 0 0 0 0 14 5 14 23 6
P1213 2082 2 0 0 0 0 13 13 0 0 0 0 0 20 0 0 0 0 0 0 0 0 0 0 0 0 0 0 0 0 -999 -999 -999
P1213 2082 3 0 0 6 4 24 6 0 0 18 16 8 8 0 0 13 10 9 10 14 17 0 10 1 38 6 0 2 4 17 16 20
P1213 2082 4 23 78 216 59 10 7 19 17 70 34 9 32 26 3 0 0 0 0 0 96 23 20 7 7 38 36 17 9 12 1 -999
P1213 2082 5 3 0 0 0 0 0 0 0 0 0 0 0 0 0 0 0 0 0 0 0 0 0 0 0 0 0 0 0 0 0 0
P1213 2082 6 0 0 33 23 0 0 35 25 15 12 10 0 0 7 0 0 1 28 23 7 0 0 0 0 0 0 0 0 0 0 -999
P1213 2082 7 0 0 0 16 0 0 0 0 0 0 0 0 0 0 0 0 0 0 0 0 0 0 0 0 0 0 0 0 0 0 0
P1213 2082 8 0 0 0 0 0 0 0 0 0 0 0 0 0 0 0 0 0 0 0 0 0 0 0 0 0 0 0 0 0 0 0
P1213 2082 9 0 0 0 0 0 0 0 0 0 0 0 0 0 0 0 0 0 0 0 0 0 15 0 0 12 0 0 0 0 0 -999
P1213 2082 10 0 0 0 0 0 0 33 0 0 0 0 0 0 0 0 0 0 12 17 29 52 18 15 0 0 0 0 0 0 0 0
P1213 2082 11 0 0 0 0 0 0 0 0 0 0 0 5 0 0 0 45 19 5 0 0 14 39 17 17 22 23 14 0 36 22 -999
P1213 2082 12 11 0 9 16 0 0 0 0 0 0 0 0 0 0 0 0 0 0 0 0 0 0 0 0 0 0 0 0 0 0 0
P1213 2083 1 0 0 0 0 0 0 7 5 8 8 0 0 0 27 55 22 22 17 5 91 53 116 48 12 7 0 1 13 0 18 22
P1213 2083 2 4 13 11 0 0 0 0 0 28 12 50 20 19 21 6 0 11 23 21 51 8 0 6 0 0 0 1 28 -999 -999 -999
P1213 2083 3 25 7 0 0 0 0 0 6 0 0 0 0 0 0 0 0 0 0 0 2 0 0 0 0 0 0 0 5 3 6 11
P1213 2083 4 31 24 22 18 5 0 0 0 0 16 5 4 0 0 0 3 0 0 17 18 20 21 16 5 3 0 0 0 0 0 -999
P1213 2083 5 0 0 0 0 20 7 0 0 0 0 0 0 0 0 0 0 0 0 0 0 0 1 9 0 0 0 0 11 0 0 0
P1213 2083 6 0 0 0 0 0 0 0 0 0 0 0 0 0 0 0 0 0 0 0 15 0 0 0 0 0 0 0 21 0 0 -999
P1213 2083 7 0 0 0 0 0 0 0 0 0 0 0 0 0 0 0 0 0 0 0 0 0 0 0 0 0 0 0 9 0 0 0
P1213 2083 8 0 0 0 0 0 0 0 0 0 0 0 0 0 0 0 0 0 0 0 0 0 0 0 0 0 0 0 0 0 0 0
P1213 2083 9 0 0 0 0 0 0 0 0 0 0 0 0 0 0 0 0 0 0 0 0 0 0 0 0 0 0 0 0 0 78 -999
P1213 2083 10 124 102 79 15 0 0 0 0 0 0 0 0 0 0 0 0 0 0 0 0 0 0 0 0 20 5 0 0 0 0 0
P1213 2083 11 0 0 29 0 0 0 0 0 0 9 0 0 15 39 10 2 16 19 16 7 0 0 0 30 13 0 0 0 0 0 -999
P1213 2083 12 0 0 0 0 0 0 4 5 4 15 8 10 22 0 0 16 25 8 3 0 0 0 0 0 0 0 0 0 0 0 0
P1213 2084 1 0 5 4 0 0 0 0 7 0 0 0 0 7 0 0 0 0 15 42 10 0 8 42 4 0 5 0 0 0 0 0
P1213 2084 2 6 0 0 14 14 6 0 0 0 0 0 10 7 7 0 0 0 4 21 13 16 0 26 2 21 19 23 16 -999 -999 -999
P1213 2084 3 0 32 18 34 68 64 96 68 12 12 3 42 19 69 27 64 32 3 1 9 7 8 0 0 2 0 13 0 0 2 25
P1213 2084 4 28 17 57 5 80 17 3 5 9 11 36 21 0 0 0 0 0 0 0 0 0 0 0 0 0 0 0 0 2 0 -999
P1213 2084 5 0 0 0 2 5 0 0 11 16 0 0 0 6 0 0 0 0 0 0 0 0 0 0 0 0 0 5 7 1 2 0
P1213 2084 6 3 0 0 0 0 0 0 0 0 0 7 0 0 2 31 10 0 0 0 0 0 0 0 0 0 0 0 0 0 0 -999
P1213 2084 7 0 0 0 0 0 0 0 0 0 0 0 0 0 0 0 0 0 0 0 0 0 0 0 0 0 0 0 0 0 0 0
P1213 2084 8 0 0 0 0 0 0 0 0 0 0 0 0 0 0 0 0 166 26 0 0 0 0 0 0 0 0 0 0 0 0 0
P1213 2084 9 0 0 0 0 0 0 0 0 0 0 0 0 0 0 0 0 0 0 0 0 0 0 0 0 0 0 0 0 0 0 -999
P1213 2084 10 0 0 0 0 0 0 0 0 0 0 0 0 0 0 0 12 7 0 0 0 0 0 0 9 15 0 0 0 0 0 0
P1213 2084 11 0 0 0 0 19 19 19 6 27 78 28 19 27 25 14 1 0 0 0 0 0 0 0 0 0 0 16 0 0 0 -999
P1213 2084 12 0 0 0 10 7 3 0 0 0 0 0 0 0 0 0 0 0 0 0 0 0 0 0 6 0 12 18 9 0 0 0
P1213 2085 1 0 0 0 0 0 0 0 0 0 0 0 0 0 0 0 0 0 0 0 0 0 0 0 0 0 0 11 0 0 0 0
P1213 2085 2 0 0 0 13 0 0 0 0 0 0 0 0 0 0 0 0 5 12 0 0 0 0 0 0 0 0 0 11 -999 -999 -999
P1213 2085 3 0 0 0 0 2 0 0 0 0 0 0 17 19 15 0 0 0 2 12 5 13 15 7 4 2 0 0 0 0 5 11
P1213 2085 4 22 8 28 17 5 0 0 0 0 0 0 0 0 0 55 10 0 0 0 0 0 0 0 0 0 0 17 31 13 37 -999
P1213 2085 5 39 16 15 15 17 2 5 2 6 14 36 24 3 2 8 7 4 3 12 21 15 6 2 0 4 3 0 0 0 0 0
P1213 2085 6 0 0 0 0 0 0 0 0 5 10 0 0 0 0 0 0 0 0 0 0 0 16 0 0 0 0 0 0 0 0 -999
P1213 2085 7 0 0 0 0 0 0 0 0 0 0 0 0 0 0 0 0 0 0 0 0 0 0 0 0 0 0 0 0 0 0 0
P1213 2085 8 0 0 0 0 0 0 0 0 0 0 0 0 0 0 0 0 0 0 0 0 0 0 0 0 0 0 0 0 0 0 0
P1213 2085 9 0 0 0 0 0 0 0 0 0 0 0 0 0 0 0 0 0 0 0 0 0 0 0 11 21 8 0 0 0 0 -999
P1213 2085 10 0 0 26 0 0 0 0 9 49 63 16 14 59 0 0 15 45 41 19 0 0 0 0 0 2 0 0 0 0 0 0
P1213 2085 11 0 0 3 101 22 6 0 0 0 0 0 0 0 0 0 0 0 0 36 18 51 88 21 18 30 12 28 0 0 0 -999
P1213 2085 12 9 20 21 16 0 14 0 0 0 0 0 0 0 0 11 0 0 0 0 0 0 0 38 63 84 53 3 9 4 3 18
P1213 2086 1 37 98 18 3 2 0 0 0 0 0 0 0 5 0 0 0 0 0 0 0 0 0 0 0 0 0 0 0 0 0 0
P1213 2086 2 0 0 0 0 0 0 0 0 0 0 0 0 0 0 0 0 0 8 17 0 16 19 14 10 7 12 13 8 -999 -999 -999
P1213 2086 3 5 1 0 0 0 0 0 0 0 0 6 17 6 0 0 0 0 0 0 0 0 0 0 0 0 0 0 0 0 0 3
P1213 2086 4 28 74 52 2 0 0 0 0 16 16 3 6 5 18 81 55 34 8 60 19 15 8 25 4 3 4 26 62 40 18 -999
P1213 2086 5 0 49 69 9 4 3 0 0 0 0 0 0 0 0 0 0 6 5 15 10 9 13 5 2 8 3 0 0 0 0 0
P1213 2086 6 0 0 0 0 0 0 0 0 0 0 0 0 0 0 0 0 0 0 0 0 5 0 0 0 0 0 0 0 0 0 -999
P1213 2086 7 0 0 0 0 0 0 0 0 0 0 0 0 0 0 0 0 0 0 0 0 0 0 0 0 0 0 0 0 0 0 0
P1213 2086 8 0 0 0 0 0 0 0 0 0 0 0 0 0 0 0 0 0 0 0 0 0 0 0 0 0 0 0 0 0 0 0
P1213 2086 9 0 0 0 0 0 0 0 0 0 0 0 0 5 6 0 0 0 12 0 0 0 0 0 0 0 0 0 0 0 0 -999
P1213 2086 10 0 0 0 0 0 0 0 0 0 0 0 0 0 0 19 23 26 21 0 0 0 0 0 24 39 20 14 0 0 0 0
P1213 2086 11 0 0 0 0 0 0 15 8 4 0 0 0 0 0 20 30 22 35 17 9 0 0 0 0 0 0 0 7 15 18 -999
P1213 2086 12 13 0 0 0 15 18 9 0 0 0 0 0 0 0 0 0 0 0 0 7 0 0 0 0 0 0 0 0 0 0 0
P1213 2087 1 0 6 15 9 9 0 0 0 0 0 0 0 0 6 28 22 21 0 0 0 0 0 5 24 13 6 3 36 26 9 2
P1213 2087 2 4 0 0 14 14 5 0 0 0 0 0 0 0 0 0 0 0 0 0 0 0 0 0 0 0 0 0 0 -999 -999 -999
P1213 2087 3 0 0 0 0 0 0 0 0 12 0 0 0 0 0 13 23 18 10 37 3 9 4 0 0 0 0 3 30 8 0 0
P1213 2087 4 0 0 0 0 11 16 0 0 0 0 0 0 0 0 0 0 0 0 16 12 0 0 0 0 0 0 0 0 0 0 -999
P1213 2087 5 0 0 0 0 2 0 3 62 95 27 14 2 0 0 0 0 0 0 0 0 0 0 0 0 0 0 9 5 0 0 0
P1213 2087 6 0 0 0 0 0 0 0 0 0 18 11 0 0 0 0 0 0 0 0 0 0 0 0 0 0 0 0 0 0 0 -999
P1213 2087 7 0 0 0 0 0 0 0 0 0 0 0 0 0 0 0 0 0 0 0 0 0 0 0 0 0 0 0 0 0 0 0
P1213 2087 8 0 0 0 0 0 0 0 0 0 0 0 0 0 0 0 0 0 0 0 0 0 0 17 0 0 0 0 0 0 0 0
P1213 2087 9 0 0 0 0 110 29 0 0 0 0 0 30 0 0 0 0 0 0 0 0 0 0 0 0 0 0 10 11 10 0 -999
P1213 2087 10 0 0 0 0 0 0 0 0 0 0 0 0 0 0 0 0 0 0 0 12 0 23 55 9 14 0 0 0 0 0 0
P1213 2087 11 0 0 0 0 0 0 0 7 0 12 0 12 18 5 0 21 16 0 0 0 0 0 0 0 0 0 0 0 0 21 -999
P1213 2087 12 18 28 29 46 7 0 22 13 3 0 0 12 17 14 11 15 13 35 83 21 0 0 0 0 0 0 0 0 0 0 0
P1213 2088 1 0 0 0 0 0 0 11 19 65 12 14 15 26 32 17 52 13 17 20 13 7 5 9 12 14 29 62 30 22 6 7
P1213 2088 2 2 10 0 0 15 10 0 0 0 0 0 0 0 0 0 0 8 17 16 0 0 7 2 0 0 0 0 0 -999 -999 -999
P1213 2088 3 0 0 0 0 0 0 24 19 15 1 0 9 32 7 10 30 29 0 0 17 14 0 5 2 8 12 0 0 0 0 0
P1213 2088 4 0 0 0 0 10 0 0 0 0 8 0 0 0 11 16 13 0 0 0 0 0 0 0 0 0 0 0 0 27 0 -999
P1213 2088 5 0 0 0 0 0 1 52 3 0 0 0 15 37 10 9 19 4 1 3 7 0 0 0 0 0 0 0 0 0 0 0
P1213 2088 6 0 0 0 0 0 0 0 0 0 0 0 0 0 0 0 0 0 0 0 0 0 0 0 0 0 0 0 0 0 0 -999
P1213 2088 7 0 0 0 0 0 0 0 0 0 0 0 0 0 0 0 0 0 0 0 0 0 0 0 0 0 0 0 0 0 0 0
P1213 2088 8 0 0 0 0 0 0 0 0 0 0 0 0 0 0 0 0 0 0 0 0 0 0 0 0 0 0 0 0 0 0 0
P1213 2088 9 0 0 0 0 0 0 0 0 0 0 0 0 0 0 0 0 0 0 0 0 0 0 0 0 0 0 0 0 0 0 -999
P1213 2088 10 0 0 0 0 0 0 5 6 12 2 2 0 12 11 4 6 0 0 0 0 0 0 0 0 0 0 0 0 0 0 0
P1213 2088 11 0 0 38 69 10 72 57 11 11 52 8 0 0 0 0 0 0 0 0 0 0 0 0 0 0 17 16 15 0 0 -999
P1213 2088 12 20 19 16 25 62 7 2 2 0 0 0 0 0 0 0 0 0 0 0 0 0 0 0 0 0 0 0 0 0 0 0
P1213 2089 1 0 0 0 0 0 0 7 3 0 0 8 0 5 0 8 0 7 3 6 30 22 20 21 17 9 14 0 0 6 8 23
P1213 2089 2 17 7 0 0 64 15 0 0 0 0 10 10 8 14 18 37 11 21 3 4 9 24 0 0 7 0 36 22 -999 -999 -999
P1213 2089 3 22 18 0 0 0 0 0 0 0 0 0 0 0 0 0 0 2 13 2 0 0 0 0 0 0 0 0 7 16 4 0
P1213 2089 4 0 0 0 0 0 2 16 12 53 31 16 0 0 0 26 35 68 0 0 33 8 0 0 0 0 0 0 17 9 0 -999
P1213 2089 5 6 15 10 0 0 0 0 0 0 3 6 0 0 0 0 0 0 0 0 5 5 0 0 0 0 0 0 0 0 0 0
P1213 2089 6 21 12 6 0 0 0 0 0 0 8 0 0 0 0 0 0 0 0 0 0 0 0 0 0 0 3 0 0 0 0 -999
P1213 2089 7 0 0 0 0 0 0 0 0 0 0 0 0 0 0 0 0 0 0 0 0 0 0 0 0 0 0 0 0 0 0 0
P1213 2089 8 0 0 0 0 0 0 0 0 0 0 0 0 0 0 0 0 0 0 0 0 0 0 0 0 0 0 0 0 0 0 0
P1213 2089 9 0 0 0 0 0 0 0 0 0 0 0 0 0 0 0 0 0 0 0 0 0 0 0 0 0 0 0 0 0 0 -999
P1213 2089 10 0 0 0 0 0 0 0 0 0 0 5 34 64 138 5 4 0 0 0 0 0 0 0 0 7 4 0 0 0 0 0
P1213 2089 11 0 0 0 0 0 4 22 10 0 0 0 0 0 0 0 42 14 14 46 30 54 89 68 9 0 0 0 0 7 14 -999
P1213 2089 12 10 9 5 0 0 0 0 0 5 8 0 0 0 0 0 0 8 8 5 14 14 9 3 0 0 0 0 0 0 22 15
P1213 2090 1 0 0 0 0 0 0 17 18 14 32 24 0 0 0 0 0 0 0 0 0 6 15 18 4 5 0 0 0 0 0 0
P1213 2090 2 0 13 64 14 12 0 0 0 0 0 12 16 20 16 19 15 26 19 5 9 38 20 1 0 0 1 2 3 -999 -999 -999
P1213 2090 3 4 0 0 0 0 0 12 23 23 13 10 61 56 4 0 4 3 0 0 0 0 17 1 0 7 16 10 0 0 0 0
P1213 2090 4 0 0 6 66 14 2 2 0 0 0 0 6 4 0 0 0 14 32 0 0 0 0 0 10 0 0 0 13 21 21 -999
P1213 2090 5 47 15 0 0 0 0 0 11 0 0 0 0 0 0 0 32 0 18 13 5 10 8 6 0 0 0 0 0 0 0 0
P1213 2090 6 0 0 0 0 28 41 19 20 21 18 23 8 0 0 0 0 0 0 0 0 0 0 0 0 0 16 8 10 0 0 -999
P1213 2090 7 0 0 0 0 0 0 0 0 0 0 0 0 0 0 0 0 0 0 0 0 0 0 0 0 0 0 0 0 0 0 0
P1213 2090 8 0 0 0 0 0 0 0 0 0 0 0 0 0 0 0 0 0 0 0 0 0 0 0 0 0 0 0 0 0 0 0
P1213 2090 9 0 0 0 0 0 0 0 0 0 0 0 0 0 0 0 0 0 0 0 0 0 0 0 0 0 0 0 0 0 0 -999
P1213 2090 10 0 0 10 0 0 0 14 30 18 0 6 0 0 0 0 0 0 16 0 0 0 0 0 0 0 0 0 0 0 0 7
P1213 2090 11 17 0 7 3 0 0 0 0 0 0 0 0 17 0 0 0 0 0 0 0 0 0 0 0 0 0 5 43 50 79 -999
P1213 2090 12 104 38 7 24 19 12 0 0 10 26 23 23 21 13 4 0 0 0 0 0 0 5 0 11 0 0 0 0 0 0 0
P1213 2091 1 0 0 0 0 0 0 0 0 0 0 0 0 1 13 0 0 0 0 2 12 8 5 10 5 18 16 30 55 19 6 0
P1213 2091 2 0 21 6 1 4 35 21 14 13 11 1 0 11 19 12 0 4 0 0 0 0 0 0 0 2 7 3 3 -999 -999 -999
P1213 2091 3 0 0 0 0 0 0 0 3 11 0 0 0 0 0 0 0 0 0 0 0 0 0 0 0 0 0 0 0 0 0 0
P1213 2091 4 0 0 0 0 0 0 0 0 0 0 0 0 0 0 0 0 0 0 0 0 2 3 8 34 7 52 8 0 16 5 -999
P1213 2091 5 0 0 0 2 23 9 46 21 5 0 10 15 17 21 20 14 20 20 5 0 0 0 0 0 0 0 0 0 0 0 0
P1213 2091 6 0 0 0 0 0 0 0 0 0 0 0 0 0 5 10 8 0 0 0 0 0 0 0 0 0 0 56 20 0 0 -999
P1213 2091 7 0 0 0 0 0 0 0 0 0 0 0 0 0 0 0 0 0 0 0 0 0 0 0 0 0 0 0 0 0 0 0
P1213 2091 8 0 0 0 0 0 0 0 0 0 0 0 0 0 0 0 0 0 0 0 0 0 0 0 0 0 0 0 0 0 0 0
P1213 2091 9 0 0 0 0 0 0 0 0 0 0 0 0 0 0 0 0 0 22 20 30 16 10 0 0 0 43 0 0 0 0 -999
P1213 2091 10 0 0 0 0 0 0 0 0 32 20 0 0 0 0 0 0 0 0 0 0 0 0 9 26 22 8 0 1 35 2 38
P1213 2091 11 43 44 70 66 13 18 45 97 19 14 61 95 85 21 6 0 5 19 5 9 12 4 0 0 0 0 0 0 0 0 -999
P1213 2091 12 0 0 0 0 0 0 0 0 0 0 0 0 69 30 24 23 0 0 0 0 0 0 0 0 0 0 0 0 0 0 0
P1213 2092 1 0 0 0 0 0 0 0 0 0 0 14 5 69 21 0 0 0 0 0 0 0 0 0 19 7 3 14 0 0 4 0
P1213 2092 2 0 0 0 0 5 19 8 0 0 0 0 0 0 0 0 0 0 0 0 3 3 12 6 0 0 0 0 0 -999 -999 -999
P1213 2092 3 0 0 0 0 0 0 0 0 0 0 0 0 0 0 0 3 17 8 6 13 6 0 0 0 0 0 0 0 0 0 0
P1213 2092 4 0 0 0 0 0 0 5 20 14 5 0 0 0 0 0 0 0 0 0 0 34 0 0 0 0 0 4 0 0 0 -999
P1213 2092 5 0 0 0 0 0 0 0 0 6 20 21 10 0 0 0 0 0 0 0 0 0 0 0 0 0 0 0 0 0 0 0
P1213 2092 6 0 36 160 8 0 0 0 0 0 0 0 0 0 0 0 0 0 0 0 0 0 0 0 0 0 0 0 0 0 10 -999
P1213 2092 7 0 0 0 0 0 0 0 0 0 0 0 0 0 0 0 0 0 0 0 0 0 0 0 0 0 0 0 0 0 0 0
P1213 2092 8 0 0 0 0 0 0 0 0 0 0 0 0 0 0 0 0 0 0 0 0 0 0 0 0 0 0 0 0 0 65 21
P1213 2092 9 0 0 0 0 0 0 0 0 0 0 0 0 0 0 0 0 0 0 0 0 20 0 0 0 52 115 46 0 0 48 -999
P1213 2092 10 50 18 5 0 0 0 0 0 0 0 21 0 0 0 0 0 0 0 0 0 0 0 0 0 0 0 0 0 0 0 0
P1213 2092 11 0 0 0 0 0 0 10 17 19 0 0 0 8 13 9 0 0 0 0 0 0 0 0 1 1 0 0 0 0 0 -999
P1213 2092 12 0 0 0 1 7 18 22 18 14 8 0 0 0 0 0 0 0 0 0 0 0 0 0 0 0 0 13 13 6 2 0
P1213 2093 1 0 0 0 0 0 9 14 13 21 9 17 9 10 14 0 11 0 0 0 0 0 0 0 0 0 0 0 0 8 7 6
P1213 2093 2 0 0 0 0 0 0 11 9 26 54 22 22 23 13 25 27 27 31 70 16 188 92 4 35 48 17 30 63 -999 -999 -999
P1213 2093 3 23 2 8 12 12 2 0 5 15 19 56 5 14 21 67 17 11 14 11 16 19 10 9 19 3 3 0 0 0 11 4
P1213 2093 4 0 0 0 0 0 0 0 0 0 3 0 0 0 0 0 0 0 0 16 0 0 0 69 13 10 0 0 0 0 0 -999
P1213 2093 5 0 0 8 10 15 16 9 13 12 31 30 5 0 0 0 0 0 0 0 0 0 0 0 0 0 0 0 0 0 0 0
P1213 2093 6 0 0 9 24 18 9 11 0 0 0 0 70 22 26 25 12 0 0 0 0 0 0 0 0 0 0 0 0 0 0 -999
P1213 2093 7 0 0 0 0 0 0 0 0 0 0 0 0 0 0 0 0 0 0 0 0 0 0 0 0 0 0 0 0 0 0 0
P1213 2093 8 0 0 0 0 0 0 0 0 0 0 0 0 0 0 0 0 0 0 0 0 0 0 0 0 0 36 82 19 12 0 0
P1213 2093 9 0 0 0 0 0 0 0 0 0 0 0 0 0 0 0 0 0 0 0 0 0 0 0 0 0 0 0 0 0 0 -999
P1213 2093 10 0 0 0 0 0 0 0 0 0 0 1 0 0 0 0 0 0 0 0 0 0 0 0 0 0 0 0 0 0 0 0
P1213 2093 11 12 3 0 36 30 16 0 0 0 0 0 0 16 0 0 0 0 17 8 4 0 0 0 24 15 10 3 0 0 0 -999
P1213 2093 12 0 0 0 14 0 0 4 0 0 0 0 9 19 6 0 0 0 0 0 0 0 0 0 0 0 0 0 0 18 19 4
P1213 2094 1 0 0 0 0 5 9 10 0 0 0 0 0 0 0 0 0 0 7 0 0 0 0 0 0 0 0 0 0 0 0 0
P1213 2094 2 0 0 0 0 0 0 0 0 0 0 0 0 0 0 0 0 0 0 0 0 0 5 0 13 20 0 19 7 -999 -999 -999
P1213 2094 3 25 4 9 11 24 21 55 20 16 4 11 0 0 18 0 0 0 0 0 0 0 0 18 10 0 0 0 0 0 12 16
P1213 2094 4 0 0 48 39 45 17 5 3 0 4 1 13 19 15 12 15 10 0 0 0 0 0 11 12 37 18 9 7 0 0 -999
P1213 2094 5 0 0 0 4 8 0 0 4 0 0 0 0 0 0 0 0 0 0 0 0 0 0 0 0 0 0 0 0 0 0 0
P1213 2094 6 0 0 0 0 0 12 25 48 17 7 0 0 0 0 0 0 0 0 0 0 0 0 0 0 0 0 0 0 0 0 -999
P1213 2094 7 0 0 0 0 0 0 0 0 0 0 0 0 0 0 0 0 0 0 0 0 0 0 0 0 0 0 0 0 0 0 0
P1213 2094 8 0 0 0 0 0 0 0 0 0 0 0 0 0 0 0 0 0 0 0 0 0 0 0 0 0 0 0 0 0 0 0
P1213 2094 9 0 0 0 0 0 0 0 0 0 0 0 0 0 0 0 0 0 0 0 0 0 179 82 62 0 0 0 0 0 0 -999
P1213 2094 10 32 46 57 14 17 0 0 0 0 0 0 0 0 0 0 0 0 0 0 0 0 20 0 0 8 39 11 13 11 6 8
P1213 2094 11 0 0 0 0 0 0 28 13 0 0 0 0 0 0 0 0 0 0 0 0 0 0 0 0 0 0 18 0 0 0 -999
P1213 2094 12 0 0 0 0 2 30 18 15 15 24 26 17 7 12 14 0 0 0 0 0 0 0 0 0 0 0 46 18 9 0 0
P1213 2095 1 65 20 17 5 3 14 15 4 17 10 9 10 0 0 12 8 82 16 84 76 93 72 20 7 24 22 13 85 19 0 34
P1213 2095 2 4 0 0 23 12 0 9 16 21 24 32 241 27 18 22 9 0 0 2 0 0 0 0 19 19 47 30 0 -999 -999 -999
P1213 2095 3 0 0 0 0 0 0 0 0 0 0 0 11 8 15 18 11 19 48 39 15 15 12 13 71 40 30 18 0 0 0 0
P1213 2095 4 4 18 19 9 0 0 19 36 20 16 11 6 0 0 0 0 0 10 0 0 0 0 0 0 0 0 0 0 0 0 -999
P1213 2095 5 11 17 15 12 0 0 8 0 0 0 34 17 5 0 0 0 0 0 0 0 0 6 0 0 0 0 0 0 0 9 0
P1213 2095 6 0 0 0 0 0 0 0 0 0 0 0 0 0 0 0 0 0 0 0 0 0 0 0 0 0 0 0 13 0 0 -999
P1213 2095 7 0 0 0 0 0 0 0 0 0 0 0 0 0 0 0 0 0 0 0 0 0 0 0 0 0 0 0 0 0 0 0
P1213 2095 8 0 0 0 0 0 0 0 0 0 0 0 0 0 0 0 0 0 0 0 0 0 0 0 0 0 0 0 0 0 0 0
P1213 2095 9 0 0 0 0 0 0 0 0 0 48 18 0 0 0 0 0 0 0 0 0 0 0 213 51 0 0 0 0 19 0 -999
P1213 2095 10 9 0 0 0 0 0 0 0 6 0 11 12 9 2 3 0 5 3 0 0 0 0 0 0 0 0 0 0 5 15 11
P1213 2095 11 10 22 34 28 19 0 0 15 91 23 35 17 20 0 0 0 0 0 0 14 7 0 0 0 0 0 6 0 0 0 -999
P1213 2095 12 7 0 0 0 0 0 19 12 7 8 0 0 0 0 0 0 2 0 0 0 0 0 0 0 4 12 22 15 0 0 0
P1213 2096 1 0 0 0 14 10 61 42 3 18 13 8 0 0 0 0 0 0 0 0 0 0 0 0 0 0 0 3 3 8 16 12
P1213 2096 2 17 12 23 12 3 0 0 0 0 0 0 0 0 0 3 16 7 11 4 5 9 18 23 40 49 36 16 14 -999 -999 -999
P1213 2096 3 6 0 55 51 26 15 23 35 15 45 1 10 0 0 9 2 3 0 0 0 0 0 0 0 0 2 21 14 4 3 7
P1213 2096 4 7 5 11 15 4 8 0 0 10 49 16 33 47 24 25 9 7 11 39 28 15 2 4 3 0 0 0 0 0 0 -999
P1213 2096 5 0 0 6 7 6 12 0 7 17 0 0 0 0 28 14 0 0 0 0 16 10 4 0 0 5 11 12 11 41 58 22
P1213 2096 6 60 13 0 0 0 0 0 0 0 0 0 13 0 0 0 0 0 0 0 0 0 0 0 0 0 0 0 0 0 0 -999
P1213 2096 7 0 16 0 0 0 0 0 0 0 0 0 0 0 0 0 0 0 0 0 0 0 0 0 0 0 0 0 0 0 0 0
P1213 2096 8 0 0 0 0 0 0 0 0 0 0 0 0 0 0 0 0 0 0 0 0 0 0 0 0 0 0 0 0 0 0 0
P1213 2096 9 0 0 0 0 0 0 14 18 0 0 0 0 0 0 0 0 0 0 0 0 0 0 0 0 0 0 0 0 0 0 -999
P1213 2096 10 0 0 0 0 0 0 0 0 0 0 10 24 16 0 0 0 0 35 53 54 32 5 0 0 0 0 0 0 10 63 25
P1213 2096 11 62 75 32 20 1 23 10 6 11 77 18 7 4 14 38 13 29 39 18 34 0 0 0 0 0 0 0 0 8 16 -999
P1213 2096 12 0 0 0 0 0 0 0 0 0 0 0 0 0 0 5 0 0 0 0 0 0 0 0 0 8 5 0 0 6 14 20
P1213 2097 1 7 3 3 4 0 0 0 6 12 6 12 13 0 0 0 39 17 0 5 18 0 0 0 0 0 0 0 0 0 0 0
P1213 2097 2 0 13 12 0 0 0 0 0 0 0 0 5 11 7 12 0 0 7 27 55 25 12 9 0 0 24 18 18 -999 -999 -999
P1213 2097 3 6 0 0 13 15 9 0 0 0 0 0 0 0 0 0 2 21 8 64 62 40 33 104 53 30 33 22 0 0 0 0
P1213 2097 4 0 3 0 0 0 28 18 2 0 12 7 0 0 0 0 0 0 0 14 16 6 1 30 13 16 17 5 14 0 0 -999
P1213 2097 5 0 0 0 0 0 0 43 10 0 0 0 3 2 0 0 0 0 0 0 28 0 0 0 0 0 0 0 0 2 15 15
P1213 2097 6 4 0 0 0 0 0 0 0 0 0 0 9 25 13 20 9 0 0 0 0 0 0 0 0 0 0 0 0 0 0 -999
P1213 2097 7 0 0 0 0 0 0 0 0 0 0 0 0 0 0 0 0 0 0 0 0 0 0 0 0 0 0 0 0 0 0 0
P1213 2097 8 0 0 0 0 0 0 0 0 0 0 0 0 0 0 0 0 0 0 0 0 0 0 0 0 0 0 0 0 0 0 0
P1213 2097 9 0 0 0 0 0 0 0 0 0 0 0 0 0 0 0 0 0 0 0 0 0 0 22 16 19 16 0 0 0 0 -999
P1213 2097 10 0 30 8 0 17 8 0 0 0 0 0 0 0 0 0 0 0 69 3 8 0 7 23 23 5 0 0 0 0 0 28
P1213 2097 11 21 0 0 0 17 4 0 0 0 0 0 11 32 19 18 11 5 0 0 0 0 1 10 0 0 0 0 0 0 0 -999
P1213 2097 12 0 0 5 17 19 8 0 0 0 0 0 0 0 7 52 3 19 19 0 15 14 31 3 0 0 0 0 0 0 0 0
P1213 2098 1 0 5 2 0 11 13 19 16 15 6 8 82 13 4 7 11 0 0 4 9 3 0 1 0 0 0 0 0 0 0 0
P1213 2098 2 0 13 78 7 58 14 9 16 0 2 21 4 5 15 18 15 14 8 0 0 15 12 5 2 18 39 12 6 -999 -999 -999
P1213 2098 3 0 0 0 0 0 0 0 5 3 0 0 12 0 0 0 0 0 0 0 5 25 3 0 0 0 0 0 0 0 0 0
P1213 2098 4 0 0 0 0 0 0 0 0 28 19 6 11 14 4 0 0 0 0 0 0 0 0 0 0 0 0 45 0 0 0 -999
P1213 2098 5 0 0 0 0 0 0 0 0 0 68 3 5 0 0 0 18 13 0 0 0 0 0 0 0 0 0 0 0 0 0 0
P1213 2098 6 0 0 0 0 16 17 0 0 0 0 0 0 5 40 76 12 12 7 0 0 0 19 17 15 0 0 0 0 0 0 -999
P1213 2098 7 0 0 0 0 0 0 32 0 0 0 0 0 0 0 0 0 0 0 0 0 0 0 0 0 0 0 0 0 0 0 0
P1213 2098 8 0 0 0 0 0 0 0 0 66 0 0 0 0 0 0 0 0 0 0 0 0 0 0 0 0 0 0 0 0 0 0
P1213 2098 9 0 0 0 0 0 0 0 0 0 0 0 0 0 0 0 0 0 0 19 0 0 0 0 0 0 12 0 0 0 0 -999
P1213 2098 10 0 0 0 0 33 21 22 0 0 0 0 0 0 0 0 0 11 17 11 59 38 25 55 6 0 14 0 6 21 9 12
P1213 2098 11 0 73 4 30 3 0 15 0 2 29 31 22 12 0 0 22 74 6 0 0 0 9 0 0 0 0 0 0 4 20 -999
P1213 2098 12 14 17 15 0 8 80 26 9 0 13 0 0 6 14 15 3 4 2 15 13 14 12 41 20 0 1 14 4 0 0 0
P1213 2099 1 0 0 0 0 0 0 0 0 0 0 0 0 0 0 0 0 4 0 0 0 0 0 0 0 0 0 0 0 0 0 0
P1213 2099 2 0 0 46 6 9 0 0 0 0 0 0 0 0 0 0 5 0 0 9 4 12 0 0 0 0 0 0 0 -999 -999 -999
P1213 2099 3 0 0 0 0 0 3 12 34 27 19 18 15 14 0 0 0 0 0 0 0 0 0 6 4 0 0 0 0 0 0 0
P1213 2099 4 0 8 21 0 0 10 0 0 0 0 0 0 0 0 22 0 0 0 0 0 0 0 0 0 21 25 17 1 3 12 -999
P1213 2099 5 6 0 0 0 0 0 0 0 0 10 0 0 0 0 47 112 67 25 0 0 0 0 0 0 0 0 0 0 0 0 0
P1213 2099 6 0 0 0 0 0 0 0 0 0 0 0 0 0 0 0 0 0 0 0 0 22 11 10 6 0 0 0 0 0 0 -999
P1213 2099 7 0 0 0 0 0 0 0 0 0 0 0 0 0 0 0 0 0 0 0 0 0 0 0 0 0 0 0 0 0 0 0
P1213 2099 8 0 0 0 0 0 0 0 0 0 0 0 0 0 0 0 0 0 0 0 0 0 0 0 0 0 0 0 0 0 7 8
P1213 2099 9 0 0 0 0 0 0 0 0 0 0 0 0 0 0 0 0 0 0 0 0 0 0 0 0 0 0 0 0 0 0 -999
P1213 2099 10 0 0 0 0 0 0 0 0 0 0 0 12 144 11 0 0 2 4 14 10 4 7 0 0 0 0 0 0 0 0 51
P1213 2099 11 31 26 41 15 0 13 10 0 0 0 0 21 44 8 0 8 0 15 4 27 14 16 0 0 0 0 0 0 0 0 -999
P1213 2099 12 0 0 0 0 0 7 6 6 12 9 0 0 12 10 0 0 0 0 0 0 0 0 0 0 0 0 0 0 4 15 72
P1213 2100 1 15 0 0 0 0 0 0 0 0 0 1 11 32 13 17 27 0 0 0 0 12 23 25 12 0 0 0 0 0 0 0
P1213 2100 2 0 2 15 11 0 7 0 0 0 0 0 0 0 0 0 0 0 0 0 0 0 0 0 0 0 0 0 3 -999 -999 -999
P1213 2100 3 0 0 1 0 5 32 7 19 9 0 1 25 13 11 8 0 0 0 0 17 1 1 3 2 7 0 0 10 16 2 32
P1213 2100 4 4 0 0 0 0 0 0 0 0 0 0 0 0 0 0 0 0 15 0 0 6 3 20 5 0 0 0 0 0 0 -999
P1213 2100 5 0 5 39 1 0 2 0 0 0 0 0 5 0 0 0 0 0 0 1 0 0 0 0 0 0 0 0 0 0 2 0
P1213 2100 6 0 0 0 0 0 0 0 0 0 0 0 0 0 0 0 0 0 0 0 0 0 0 0 0 1 0 0 6 8 0 -999
P1213 2100 7 0 0 0 0 0 0 0 0 0 0 0 0 0 0 0 0 0 0 0 0 0 0 0 0 0 0 0 0 0 0 0
P1213 2100 8 0 0 0 0 0 0 0 0 0 0 0 0 0 0 0 0 0 0 0 0 0 0 0 0 0 0 0 0 0 0 0
P1213 2100 9 0 0 0 0 0 0 0 1 0 0 0 0 0 0 0 0 0 0 0 0 0 0 0 0 0 0 0 0 0 0 -999
P1213 2100 10 0 10 12 0 0 13 23 17 30 0 0 0 25 18 3 7 5 7 11 4 0 2 0 14 18 8 0 12 21 48 18
P1213 2100 11 0 0 0 0 0 0 0 0 3 5 35 78 74 9 7 1 0 0 0 0 0 0 0 0 0 0 0 0 0 0 -999
P1213 2100 12 0 0 0 0 0 0 1 3 0 12 0 0 0 0 0 6 0 1 40 18 8 20 1 2 4 20 37 66 22 18 -999
