precip bcc-csm1-1 rcp60 RNEURONALES decimas 2
P6330 39.232 -3.999 771 geo 2006 2100 -1
P6330 2006 1 0 0 1 1 4 3 3 4 15 96 50 93 22 19 13 9 9 10 4 0 3 7 12 11 11 7 7 8 6 0 4
P6330 2006 2 4 0 2 10 62 69 59 27 101 206 98 184 111 45 23 76 24 2 0 0 39 14 61 46 39 7 4 12 -999 -999 -999
P6330 2006 3 4 15 16 3 3 10 7 0 9 37 38 25 34 34 21 13 19 6 0 0 0 0 0 0 0 0 3 4 5 7 5
P6330 2006 4 7 84 4 0 43 17 14 51 46 60 57 54 27 10 10 0 0 11 16 0 0 9 30 16 0 21 8 0 0 0 -999
P6330 2006 5 0 6 5 13 38 12 8 9 13 41 22 5 7 8 6 18 22 11 9 8 7 7 6 4 0 23 39 47 51 34 9
P6330 2006 6 16 5 26 108 94 42 29 4 0 0 0 0 0 0 0 0 0 0 0 0 0 0 0 0 0 0 0 0 0 0 -999
P6330 2006 7 0 0 0 0 0 20 0 0 0 0 0 0 0 0 0 0 0 0 0 0 0 0 0 0 0 0 0 0 0 0 0
P6330 2006 8 0 0 0 0 0 0 0 0 0 0 0 0 0 0 0 0 0 0 0 0 0 0 0 0 0 0 0 0 0 0 0
P6330 2006 9 0 0 0 0 0 0 0 0 0 6 7 0 0 27 35 50 29 10 6 0 0 0 0 0 0 7 0 0 0 0 -999
P6330 2006 10 16 8 15 24 11 0 0 0 0 0 15 0 0 0 0 0 0 0 0 0 0 0 0 0 0 0 9 9 6 0 0
P6330 2006 11 0 0 0 0 26 10 26 6 0 0 0 0 0 0 4 0 0 0 7 0 0 0 0 0 0 0 0 0 0 0 -999
P6330 2006 12 0 2 16 0 5 4 0 0 0 0 0 0 0 0 0 0 0 0 0 0 2 46 89 14 113 35 136 84 10 8 5
P6330 2007 1 0 0 0 0 0 0 0 0 0 3 5 12 4 0 0 0 6 11 7 8 10 3 12 21 16 29 61 19 65 13 11
P6330 2007 2 0 0 10 13 46 109 172 62 10 9 6 52 65 102 33 12 0 0 22 8 0 6 7 6 8 15 5 14 -999 -999 -999
P6330 2007 3 46 10 0 0 0 0 0 0 0 0 0 22 48 32 8 4 20 12 8 4 0 31 53 10 7 5 0 8 18 14 0
P6330 2007 4 0 14 10 15 14 16 23 9 0 0 0 0 8 3 11 42 7 15 33 8 13 57 68 68 54 42 9 7 11 9 -999
P6330 2007 5 11 3 5 50 14 9 8 17 7 7 7 26 47 21 15 10 10 7 4 5 0 0 0 0 0 0 0 0 0 7 10
P6330 2007 6 7 0 0 0 0 0 11 10 7 0 0 0 0 0 0 0 0 0 0 0 0 0 0 0 0 0 0 0 0 0 -999
P6330 2007 7 0 0 0 0 0 0 0 0 0 0 0 0 0 0 0 0 0 0 0 0 0 0 0 0 0 0 0 0 0 0 0
P6330 2007 8 0 0 0 0 0 0 0 0 0 0 0 0 0 0 0 0 0 0 0 0 0 0 0 27 16 0 10 7 8 0 0
P6330 2007 9 0 0 0 0 0 0 0 0 0 0 0 0 0 0 0 0 0 0 0 0 0 0 0 0 0 0 0 0 0 0 -999
P6330 2007 10 0 28 10 0 0 0 9 12 13 38 12 12 27 48 21 7 37 30 16 7 9 0 0 5 10 70 95 57 12 73 24
P6330 2007 11 0 0 0 0 0 0 0 3 3 17 8 6 0 3 4 0 0 3 6 89 15 90 90 67 72 20 12 16 86 10 -999
P6330 2007 12 12 7 0 0 0 0 0 18 74 63 40 15 11 9 15 143 106 79 63 98 49 10 37 10 6 4 8 8 17 8 10
P6330 2008 1 35 57 110 54 34 173 116 16 13 10 22 75 11 7 5 61 76 68 13 0 0 0 0 0 0 0 0 3 0 0 2
P6330 2008 2 1 1 0 0 0 0 0 0 3 0 0 0 0 0 2 0 0 0 4 52 15 33 4 16 5 0 0 6 -999 -999 -999
P6330 2008 3 4 4 3 0 0 0 0 2 1 0 0 5 15 43 37 29 27 11 4 8 5 0 25 25 23 82 10 7 7 24 9
P6330 2008 4 16 5 17 5 16 187 122 72 47 30 23 47 39 8 4 0 0 11 17 4 0 0 2 5 6 11 4 6 63 10 -999
P6330 2008 5 0 0 6 11 30 24 17 7 12 21 22 6 6 0 0 7 14 6 5 10 0 0 0 0 0 0 0 0 0 0 0
P6330 2008 6 8 0 0 0 0 0 0 0 0 0 0 0 0 0 0 0 0 0 0 0 0 0 0 0 0 0 10 13 0 0 -999
P6330 2008 7 0 11 0 20 49 12 29 5 0 0 0 0 0 0 0 0 0 0 0 0 0 0 0 0 0 0 0 0 0 0 0
P6330 2008 8 0 0 0 0 0 0 0 0 0 0 0 0 0 0 0 0 0 0 0 0 0 0 0 0 0 0 0 0 0 0 0
P6330 2008 9 0 0 0 0 0 0 0 0 0 0 0 0 0 0 0 0 0 0 0 0 0 0 0 0 0 0 0 0 0 0 -999
P6330 2008 10 9 8 10 9 9 8 0 0 0 31 26 10 33 42 51 48 19 5 4 23 15 52 41 11 9 19 0 6 6 7 12
P6330 2008 11 10 5 0 5 5 10 11 31 14 7 6 6 0 9 77 109 64 70 230 8 7 108 14 13 4 5 5 3 0 10 -999
P6330 2008 12 100 25 7 15 0 3 12 54 11 5 3 8 20 124 22 14 2 0 0 3 7 4 7 12 2 0 1 0 0 0 4
P6330 2009 1 3 0 0 0 9 9 7 7 7 17 55 7 35 8 7 8 7 51 35 12 24 29 33 21 12 8 0 1 8 30 8
P6330 2009 2 7 3 0 0 18 35 13 6 15 10 37 59 26 0 0 9 58 44 26 63 66 29 76 68 150 106 70 102 -999 -999 -999
P6330 2009 3 121 84 131 94 36 196 51 10 9 6 4 0 0 0 0 0 0 7 12 14 8 0 0 3 11 43 15 8 4 4 0
P6330 2009 4 0 0 0 0 0 0 15 0 0 0 9 7 11 17 7 3 0 0 4 24 7 0 0 0 0 0 0 0 0 0 -999
P6330 2009 5 0 0 0 0 0 0 0 0 0 0 0 0 0 0 0 0 0 0 0 0 6 0 0 0 0 0 0 22 0 0 0
P6330 2009 6 0 0 14 19 11 0 0 13 13 12 29 25 16 13 8 7 8 12 7 15 10 0 0 0 0 0 0 0 0 0 -999
P6330 2009 7 0 0 0 0 0 0 0 0 0 0 0 0 0 0 0 0 0 0 0 0 0 0 0 0 0 0 0 0 0 0 0
P6330 2009 8 0 0 0 0 0 0 0 0 0 0 0 0 0 0 0 0 0 0 0 0 0 0 0 0 0 0 0 0 0 0 0
P6330 2009 9 0 0 0 0 0 0 0 0 0 0 0 0 0 0 0 0 0 0 0 0 0 0 0 0 0 0 0 0 0 0 -999
P6330 2009 10 0 38 68 77 36 25 13 6 0 0 0 0 0 0 0 0 0 0 0 0 3 7 6 0 5 0 6 0 0 0 0
P6330 2009 11 0 8 16 0 9 0 0 5 15 20 52 19 10 0 0 0 0 0 0 0 0 2 6 0 0 0 0 0 0 6 -999
P6330 2009 12 0 0 7 6 5 5 11 6 0 16 31 15 5 0 14 47 27 8 4 0 0 0 2 10 27 95 45 159 58 33 69
P6330 2010 1 3 7 6 10 10 0 19 10 0 3 9 0 0 0 8 7 12 26 22 8 7 0 0 2 4 6 0 0 0 0 0
P6330 2010 2 0 0 0 0 2 0 0 0 2 8 5 6 7 2 0 2 4 0 1 0 9 7 0 0 0 0 0 6 -999 -999 -999
P6330 2010 3 6 0 0 0 0 5 20 18 29 19 9 0 0 0 0 0 0 4 9 42 53 10 26 9 8 7 7 7 3 0 3
P6330 2010 4 21 55 52 4 14 18 92 19 8 6 5 41 11 0 0 0 0 0 0 0 0 0 0 9 6 0 0 0 0 0 -999
P6330 2010 5 0 0 0 0 0 0 0 0 0 0 0 0 0 0 0 0 0 7 0 7 0 0 0 0 0 0 0 0 0 16 31
P6330 2010 6 24 0 0 0 0 0 0 0 0 0 0 0 0 55 33 10 5 0 0 0 0 0 0 0 0 0 0 0 0 0 -999
P6330 2010 7 0 0 0 0 0 0 0 0 0 0 0 0 0 0 0 0 0 0 0 0 0 0 0 0 0 0 0 0 0 0 0
P6330 2010 8 0 0 0 0 0 0 0 0 0 0 0 0 0 0 0 0 0 0 0 0 0 0 0 0 0 0 0 0 0 0 0
P6330 2010 9 0 0 0 0 0 0 0 0 0 0 0 0 0 0 0 0 0 0 0 0 43 37 0 0 54 76 0 0 0 0 -999
P6330 2010 10 0 0 0 0 0 0 0 0 0 0 0 0 0 0 0 0 0 0 0 0 0 0 11 0 8 11 36 0 0 0 0
P6330 2010 11 0 0 0 0 0 0 0 0 0 5 39 125 79 21 70 10 27 9 11 5 0 2 4 6 0 0 0 0 0 0 -999
P6330 2010 12 0 0 0 0 0 0 0 5 6 3 4 3 3 1 0 3 2 10 6 6 2 0 3 6 3 2 0 2 2 2 2
P6330 2011 1 0 0 0 0 2 0 0 0 0 0 0 6 0 0 0 0 36 37 38 36 22 5 0 0 0 4 6 2 0 8 7
P6330 2011 2 6 4 6 0 0 0 0 0 12 8 7 5 0 0 5 6 9 20 25 20 16 6 7 31 33 10 9 17 -999 -999 -999
P6330 2011 3 10 7 8 9 9 35 66 37 12 9 0 2 0 6 38 44 4 7 8 8 5 2 3 9 5 2 10 21 45 4 13
P6330 2011 4 34 14 7 8 6 10 0 0 36 159 35 9 9 0 0 0 0 0 0 13 0 0 0 3 3 11 5 0 0 0 -999
P6330 2011 5 0 0 0 0 0 0 0 0 8 8 5 0 0 0 0 0 0 0 0 0 0 0 0 0 0 0 7 0 0 0 0
P6330 2011 6 11 0 0 0 0 0 0 0 0 0 0 0 0 0 0 0 0 0 0 0 0 0 9 14 22 20 0 0 0 0 -999
P6330 2011 7 0 0 0 0 0 0 0 0 0 0 0 0 0 0 0 0 0 0 0 0 0 0 0 0 0 0 0 0 0 0 0
P6330 2011 8 0 0 0 0 0 0 0 0 0 0 0 0 0 0 0 0 0 0 0 0 0 0 0 0 0 0 0 0 0 0 0
P6330 2011 9 0 0 0 0 0 0 0 0 0 0 16 0 0 0 0 0 0 8 0 0 0 0 0 0 0 0 0 0 0 0 -999
P6330 2011 10 0 0 0 0 0 0 9 10 7 0 0 0 3 0 0 0 0 0 31 14 7 43 33 5 0 0 0 0 21 52 28
P6330 2011 11 31 44 71 18 7 25 10 26 0 0 0 41 14 11 13 0 0 0 0 6 16 20 52 58 13 13 63 117 74 17 -999
P6330 2011 12 57 18 4 0 0 0 0 2 0 0 6 0 2 4 75 24 22 24 0 0 0 0 2 5 28 63 69 59 18 15 14
P6330 2012 1 11 16 71 28 134 9 7 0 0 3 6 14 8 13 8 10 15 116 29 11 9 10 8 8 0 0 3 4 0 0 3
P6330 2012 2 0 0 0 4 0 0 0 0 0 6 19 38 20 6 21 5 100 8 29 7 6 5 11 26 22 0 5 0 -999 -999 -999
P6330 2012 3 2 0 0 0 0 0 0 0 0 0 0 0 6 8 8 10 11 10 13 7 0 0 0 8 8 10 10 9 0 0 0
P6330 2012 4 0 0 4 0 0 0 0 0 0 0 0 0 0 0 0 0 0 0 0 0 0 0 0 0 0 0 0 0 0 0 -999
P6330 2012 5 0 0 0 0 0 0 0 0 17 50 88 76 55 30 24 0 0 0 0 0 0 10 0 41 14 14 15 15 43 17 6
P6330 2012 6 0 0 0 6 34 7 0 0 0 0 0 0 0 0 0 0 0 0 0 0 0 0 0 0 0 0 0 0 0 0 -999
P6330 2012 7 0 0 0 0 0 0 0 0 0 0 0 0 0 0 0 0 0 0 0 0 0 0 0 0 0 0 0 0 0 0 0
P6330 2012 8 0 0 0 0 0 0 0 0 0 0 0 0 0 0 0 0 0 0 0 0 0 0 0 0 0 0 0 0 0 0 0
P6330 2012 9 0 0 0 0 0 0 0 0 0 0 0 0 0 0 0 0 0 0 0 0 0 0 0 0 0 0 0 0 0 0 -999
P6330 2012 10 0 0 0 0 0 0 0 0 0 38 22 17 18 0 0 0 0 0 0 0 40 50 34 8 9 22 0 5 7 170 63
P6330 2012 11 8 0 6 20 28 44 24 0 0 8 4 6 89 8 0 0 0 0 0 0 0 0 0 0 0 0 0 0 0 3 -999
P6330 2012 12 39 9 7 4 9 7 4 0 0 0 0 3 3 0 0 2 2 17 12 32 6 11 14 21 7 5 0 0 0 0 0
P6330 2013 1 3 0 0 0 0 0 2 0 0 0 0 1 8 7 6 6 0 0 0 7 17 18 29 29 10 7 6 0 0 6 5
P6330 2013 2 4 9 9 9 7 23 59 18 11 8 15 11 4 11 15 12 42 6 10 5 0 12 42 19 38 47 34 15 -999 -999 -999
P6330 2013 3 9 7 5 0 0 0 0 0 0 0 5 15 44 91 42 36 22 43 0 0 0 0 21 0 0 0 0 13 0 0 0
P6330 2013 4 0 27 46 35 24 29 16 12 17 8 0 0 0 37 70 62 46 30 46 66 63 44 12 0 0 0 0 0 0 0 -999
P6330 2013 5 0 5 0 0 0 0 0 10 18 15 11 6 3 0 0 15 16 37 30 30 13 14 9 9 4 6 0 0 0 0 0
P6330 2013 6 0 0 0 0 0 0 0 0 0 0 0 0 0 0 0 0 0 0 0 8 0 0 0 0 0 0 0 0 0 0 -999
P6330 2013 7 0 0 0 0 0 0 0 0 0 0 0 0 0 0 0 0 0 0 0 0 0 0 0 0 0 0 0 0 0 0 0
P6330 2013 8 0 0 0 0 0 0 0 0 0 0 0 0 0 0 0 0 0 0 0 0 0 0 0 0 0 0 0 0 0 0 0
P6330 2013 9 0 0 0 0 0 0 0 0 0 0 0 0 0 0 0 0 0 0 0 0 0 0 0 0 0 0 0 0 0 0 -999
P6330 2013 10 0 0 0 0 0 15 22 8 37 35 65 18 47 61 33 78 16 19 7 8 4 2 61 13 0 0 0 0 0 0 0
P6330 2013 11 0 0 0 0 0 0 0 0 0 0 0 0 9 8 53 12 10 11 0 0 0 0 0 11 9 13 16 28 25 23 -999
P6330 2013 12 32 13 36 28 9 7 7 4 4 0 3 5 0 0 0 25 58 26 5 0 2 0 5 0 0 0 0 1 3 8 21
P6330 2014 1 85 177 15 7 7 3 11 7 30 12 25 14 22 8 0 0 0 4 2 9 17 12 20 22 117 148 28 44 64 98 15
P6330 2014 2 85 8 8 41 25 12 15 15 8 12 0 0 0 0 0 0 0 4 10 10 11 9 4 0 0 0 0 0 -999 -999 -999
P6330 2014 3 0 0 0 0 0 0 0 0 0 0 0 0 0 4 19 7 4 0 0 3 13 25 10 12 30 22 15 0 0 0 14
P6330 2014 4 11 0 9 0 0 0 3 6 24 102 56 6 5 0 0 0 0 0 0 0 0 0 0 0 0 0 0 14 12 20 -999
P6330 2014 5 11 16 0 0 0 12 10 17 5 0 4 29 16 9 10 7 13 17 7 0 0 0 0 0 0 0 0 0 0 70 72
P6330 2014 6 47 12 5 0 6 0 0 0 0 0 0 0 0 0 0 0 0 0 0 0 0 0 0 0 0 0 0 0 0 0 -999
P6330 2014 7 0 0 0 0 0 0 0 0 0 0 0 0 0 0 0 0 0 0 0 0 0 0 0 0 0 0 0 0 0 0 0
P6330 2014 8 0 0 0 0 0 0 0 0 0 0 0 0 0 0 0 0 0 0 0 0 0 0 0 0 0 0 0 0 0 0 0
P6330 2014 9 0 0 0 0 0 0 0 0 0 0 0 0 0 0 0 0 0 0 0 0 0 0 0 0 0 0 0 0 0 0 -999
P6330 2014 10 0 0 0 0 0 0 0 0 0 0 0 0 0 0 0 0 0 0 0 0 5 9 18 0 0 19 5 0 0 0 0
P6330 2014 11 0 9 7 0 13 43 5 8 0 0 4 16 9 0 0 0 0 16 22 99 37 5 5 6 28 56 12 8 8 28 -999
P6330 2014 12 9 0 0 0 0 0 0 0 0 2 4 7 10 11 68 31 83 56 7 141 45 101 67 104 12 17 26 5 0 0 0
P6330 2015 1 0 0 0 0 0 0 0 0 0 0 0 0 0 0 0 4 3 3 5 7 5 9 7 6 82 36 8 9 8 46 8
P6330 2015 2 8 11 0 3 7 0 0 3 17 8 10 65 113 77 68 51 70 84 51 13 57 55 27 3 0 0 6 13 -999 -999 -999
P6330 2015 3 0 18 47 29 20 8 6 0 0 0 6 25 38 15 20 34 27 39 62 28 18 36 20 0 0 0 0 0 0 6 11
P6330 2015 4 7 6 0 0 16 34 7 0 7 44 51 18 18 22 34 28 8 9 38 47 29 44 16 36 39 0 0 0 0 0 -999
P6330 2015 5 12 5 6 9 18 11 7 9 0 0 0 0 0 0 0 0 0 0 0 0 0 0 0 0 0 0 0 0 0 0 0
P6330 2015 6 0 0 0 19 23 17 0 0 0 0 0 0 0 0 0 0 0 0 0 0 0 0 0 0 0 0 0 0 0 0 -999
P6330 2015 7 0 0 0 0 0 0 0 0 0 0 0 0 0 0 0 0 0 0 0 0 0 0 0 0 0 0 0 0 0 0 0
P6330 2015 8 0 0 0 0 0 0 0 0 0 0 0 0 0 0 0 0 0 0 0 0 0 0 0 0 0 0 0 0 0 0 0
P6330 2015 9 0 0 0 0 0 0 0 0 0 0 0 0 0 0 0 17 75 93 38 0 0 0 7 0 16 16 0 0 0 8 -999
P6330 2015 10 0 0 0 0 0 0 0 0 18 54 21 25 6 0 0 8 11 44 47 9 8 10 8 0 0 4 7 5 5 0 0
P6330 2015 11 0 0 0 0 3 0 7 11 0 0 0 3 7 21 8 6 0 0 0 0 0 0 0 0 0 0 0 0 6 2 -999
P6330 2015 12 0 0 0 0 0 0 0 0 0 0 0 12 9 23 12 0 2 0 12 16 14 69 7 4 45 7 39 100 23 84 33
P6330 2016 1 21 18 5 6 11 21 18 22 7 7 63 48 28 35 25 44 9 6 0 37 7 0 0 4 5 0 0 0 0 17 13
P6330 2016 2 11 10 6 3 5 12 5 6 6 0 2 5 9 9 7 0 0 0 0 0 0 0 0 0 0 0 0 0 -999 -999 -999
P6330 2016 3 2 0 0 0 3 0 0 6 4 0 0 0 0 0 0 0 0 16 0 0 0 0 0 0 0 0 0 0 0 12 8
P6330 2016 4 5 0 4 69 55 12 9 8 34 8 7 14 45 8 0 5 35 57 150 12 10 6 51 51 39 0 45 19 3 26 -999
P6330 2016 5 17 12 10 7 4 0 3 0 0 0 0 0 0 0 0 0 0 0 0 0 0 0 0 5 7 0 0 0 0 0 0
P6330 2016 6 11 0 0 0 0 0 0 0 0 0 0 0 0 0 0 0 0 0 0 0 0 0 0 0 0 0 0 19 0 0 -999
P6330 2016 7 0 0 0 0 0 0 0 0 0 0 0 0 0 0 0 0 0 0 0 0 0 0 0 0 0 0 0 0 0 0 0
P6330 2016 8 0 0 0 0 0 0 0 0 0 0 0 0 0 0 0 0 0 0 0 0 0 0 0 0 0 0 0 0 0 0 0
P6330 2016 9 0 0 0 0 0 0 0 0 0 0 0 0 0 0 0 0 0 0 0 0 0 0 0 0 0 0 0 6 0 0 -999
P6330 2016 10 0 0 0 0 0 0 0 11 12 9 0 0 0 0 5 26 18 19 19 24 40 8 17 75 90 72 32 172 12 0 8
P6330 2016 11 0 0 0 49 71 12 41 13 20 14 114 164 212 55 12 120 9 9 16 23 4 4 30 97 105 71 55 19 15 3 -999
P6330 2016 12 0 0 0 0 1 0 0 0 0 0 0 0 4 4 4 0 0 0 1 0 1 0 0 0 0 0 0 2 14 17 4
P6330 2017 1 0 0 46 7 8 7 17 16 23 34 7 7 7 0 5 7 0 0 0 8 7 2 0 0 8 10 36 83 5 0 0
P6330 2017 2 0 5 3 6 17 7 8 21 7 12 11 6 0 46 50 13 9 14 134 72 103 28 11 10 11 9 39 28 -999 -999 -999
P6330 2017 3 16 21 30 49 83 50 8 17 54 45 50 57 43 28 21 24 48 71 45 13 11 144 21 18 18 18 17 42 81 41 71
P6330 2017 4 54 40 18 9 8 8 84 33 9 49 74 38 9 10 32 10 9 9 7 8 24 20 5 5 6 22 9 7 8 7 -999
P6330 2017 5 9 13 5 4 6 8 41 8 15 16 10 0 3 22 0 0 0 0 0 0 5 14 46 119 9 0 0 0 0 0 0
P6330 2017 6 0 0 0 0 0 4 0 12 6 0 0 0 0 0 0 0 0 0 0 0 0 0 0 0 0 0 0 0 0 0 -999
P6330 2017 7 0 0 0 0 0 0 0 0 0 0 0 0 0 0 0 0 0 0 0 0 0 0 0 0 0 0 0 0 0 0 0
P6330 2017 8 0 0 0 0 0 0 0 0 0 0 0 0 0 0 0 0 0 0 0 0 0 0 0 0 0 0 0 0 0 0 0
P6330 2017 9 0 0 0 0 15 29 32 18 0 0 0 0 0 0 0 0 0 0 0 0 0 0 0 0 0 5 6 8 21 52 -999
P6330 2017 10 15 18 5 29 0 0 13 10 9 0 0 0 0 0 0 0 0 0 0 0 4 0 17 9 16 37 9 0 0 0 0
P6330 2017 11 6 8 0 0 8 9 5 8 6 15 25 5 0 0 3 0 4 11 9 9 5 10 3 43 67 17 0 0 13 0 -999
P6330 2017 12 0 6 0 0 0 0 0 1 0 0 7 24 42 14 7 12 17 8 10 16 53 61 20 5 3 5 16 46 100 56 52
P6330 2018 1 0 0 0 0 0 0 0 0 0 0 0 0 0 0 2 0 5 0 0 0 0 0 5 19 59 39 13 7 0 27 28
P6330 2018 2 12 39 79 27 78 74 25 72 3 2 10 59 57 18 5 0 0 0 4 0 0 6 7 8 2 0 4 12 -999 -999 -999
P6330 2018 3 9 5 5 6 8 21 11 0 0 0 41 39 13 3 0 0 0 0 3 28 33 18 17 58 18 82 13 25 20 66 9
P6330 2018 4 39 29 20 30 17 8 0 0 0 7 7 68 86 13 12 59 9 6 3 0 0 0 0 6 29 11 13 36 110 63 -999
P6330 2018 5 36 23 46 41 6 0 0 0 0 0 0 0 0 0 0 26 34 36 33 22 9 0 0 0 0 0 19 19 9 0 0
P6330 2018 6 0 0 0 0 0 15 20 6 0 0 0 0 0 0 0 0 0 0 0 0 0 0 0 0 0 0 0 0 0 0 -999
P6330 2018 7 0 0 0 0 0 0 0 0 0 0 0 0 0 0 0 0 0 0 0 0 0 0 0 0 0 0 0 0 0 0 0
P6330 2018 8 0 0 0 0 0 0 0 0 0 0 0 0 0 0 0 0 0 0 0 0 0 0 0 0 0 0 0 0 0 0 0
P6330 2018 9 0 0 0 0 0 0 0 0 0 0 0 0 0 0 0 0 0 0 0 6 15 54 27 0 0 0 0 0 0 0 -999
P6330 2018 10 0 0 0 0 6 0 0 0 0 0 0 0 0 0 0 0 0 0 11 29 37 20 0 55 31 0 12 7 0 8 44
P6330 2018 11 12 9 20 9 7 0 0 0 7 14 5 0 0 0 0 0 5 0 4 0 0 34 23 19 26 62 60 54 32 6 -999
P6330 2018 12 0 3 3 0 0 0 0 0 0 3 2 0 0 3 0 0 0 0 0 0 1 3 8 27 11 86 30 3 3 0 0
P6330 2019 1 0 0 1 6 6 41 31 22 11 8 9 11 42 8 16 5 0 0 0 2 0 0 0 0 2 1 0 0 0 2 15
P6330 2019 2 2 0 12 6 4 6 7 7 6 8 14 9 8 8 53 16 12 0 0 0 0 0 23 110 73 16 23 60 -999 -999 -999
P6330 2019 3 77 64 58 52 55 74 24 15 50 59 54 38 9 0 0 0 0 0 0 0 0 3 4 6 8 11 31 26 24 32 7
P6330 2019 4 0 3 0 0 0 0 0 0 0 0 0 5 4 0 0 0 0 0 0 0 0 0 9 0 4 4 16 95 7 7 -999
P6330 2019 5 5 4 3 0 0 0 0 0 21 12 0 4 33 8 0 5 0 0 0 0 0 0 0 0 0 0 0 0 7 13 11
P6330 2019 6 0 0 0 0 0 0 0 0 0 0 0 0 0 0 0 0 0 0 0 0 0 0 0 0 0 14 10 0 0 0 -999
P6330 2019 7 0 32 31 0 0 0 0 0 0 0 0 0 0 0 0 0 0 0 0 0 0 0 0 0 0 0 0 0 0 0 0
P6330 2019 8 0 0 0 0 0 0 0 0 0 0 0 0 0 0 0 0 0 0 0 0 0 0 0 0 0 0 0 0 0 0 0
P6330 2019 9 16 0 0 0 0 0 0 0 0 0 0 22 17 0 0 0 14 0 0 0 0 0 0 0 0 0 0 0 0 0 -999
P6330 2019 10 0 0 18 25 21 29 24 11 23 27 0 0 0 0 9 0 11 9 0 0 0 0 0 7 7 7 0 5 0 0 0
P6330 2019 11 5 41 0 11 87 28 42 24 0 0 0 0 7 24 50 7 0 0 0 0 0 0 0 3 6 38 8 13 17 18 -999
P6330 2019 12 6 6 0 0 9 0 5 0 0 0 0 0 5 8 59 12 18 43 18 13 32 57 53 111 171 45 16 0 2 3 0
P6330 2020 1 4 29 81 75 26 98 65 7 4 0 15 12 2 0 0 0 0 0 0 0 0 5 7 4 0 0 0 2 6 8 9
P6330 2020 2 9 10 17 45 8 12 12 5 5 0 0 0 0 22 32 48 17 0 11 27 30 24 58 51 8 7 8 0 -999 -999 -999
P6330 2020 3 0 0 0 0 0 0 0 0 0 0 0 4 13 15 33 52 47 28 6 5 5 10 82 75 62 13 38 8 14 14 9
P6330 2020 4 5 0 10 0 0 0 0 0 19 12 17 19 15 8 0 0 0 0 0 0 28 35 42 46 38 11 0 0 32 28 -999
P6330 2020 5 0 104 21 19 9 5 0 0 0 0 0 4 0 0 0 0 0 19 24 24 24 16 11 13 8 16 67 61 23 13 7
P6330 2020 6 5 0 0 0 0 7 19 16 8 0 0 0 0 0 0 0 0 0 0 0 0 0 0 0 0 0 0 0 0 0 -999
P6330 2020 7 0 0 0 0 0 0 0 0 0 0 0 0 0 0 0 0 0 0 0 0 0 0 0 0 0 0 0 0 0 0 0
P6330 2020 8 0 0 0 0 0 0 0 0 0 0 0 0 0 0 0 0 0 0 0 0 0 0 0 0 0 0 0 0 0 0 0
P6330 2020 9 0 0 0 0 0 0 0 0 11 0 0 0 0 18 31 12 0 8 43 37 6 0 0 0 0 0 0 0 0 0 -999
P6330 2020 10 0 0 0 10 6 6 0 0 0 0 7 5 0 0 0 0 0 0 0 0 0 0 34 46 8 55 110 96 25 5 0
P6330 2020 11 9 6 16 40 19 15 35 9 0 0 0 0 4 4 0 0 18 19 112 203 102 14 6 0 0 0 0 0 0 8 -999
P6330 2020 12 6 7 10 15 7 5 2 6 6 11 12 5 13 7 0 0 0 20 3 15 94 192 208 55 4 7 0 3 0 0 3
P6330 2021 1 0 6 7 7 8 9 4 0 0 0 7 12 9 16 5 7 8 7 8 9 13 14 46 115 125 187 198 94 122 97 80
P6330 2021 2 9 135 33 158 188 60 22 56 5 19 13 26 44 17 5 8 8 3 0 0 0 0 0 5 5 7 60 57 -999 -999 -999
P6330 2021 3 25 44 53 28 59 80 65 76 0 0 6 16 159 18 158 21 90 85 120 44 31 9 36 59 7 0 3 4 17 16 17
P6330 2021 4 23 69 13 28 9 0 0 0 20 92 27 6 0 16 0 19 37 14 7 5 0 0 14 49 89 62 20 9 0 8 -999
P6330 2021 5 6 0 0 4 0 5 11 10 12 7 11 5 4 0 0 0 0 0 0 0 0 0 0 0 0 0 0 11 10 26 11
P6330 2021 6 24 30 7 6 6 8 23 36 11 16 22 11 13 13 13 0 0 0 0 0 0 0 0 0 0 0 0 0 0 0 -999
P6330 2021 7 0 0 0 0 0 0 0 0 0 0 0 0 0 0 0 0 0 0 0 0 0 0 0 0 0 0 0 0 0 0 0
P6330 2021 8 0 0 0 0 0 0 0 10 15 9 0 0 0 0 0 0 0 0 0 0 0 0 0 0 0 0 0 0 0 0 0
P6330 2021 9 0 0 0 0 0 0 0 0 0 0 0 0 23 67 21 9 0 0 0 0 0 0 0 0 38 37 14 0 0 25 -999
P6330 2021 10 17 38 90 19 0 0 33 61 23 0 0 0 15 15 34 0 0 0 14 11 46 15 0 0 45 46 7 6 4 5 24
P6330 2021 11 36 11 15 6 16 20 26 59 6 6 0 0 0 0 0 0 0 0 4 15 19 4 4 2 0 0 0 0 0 3 -999
P6330 2021 12 0 0 0 0 0 0 0 2 0 0 0 3 24 33 66 53 169 142 71 58 181 23 76 50 108 18 117 110 19 20 6
P6330 2022 1 0 0 0 0 0 0 0 0 0 0 0 2 8 7 8 4 0 0 0 0 6 2 0 0 0 0 0 0 0 0 0
P6330 2022 2 0 5 2 2 2 0 0 0 6 14 10 0 2 2 25 11 5 0 0 4 36 6 5 29 5 15 20 138 -999 -999 -999
P6330 2022 3 15 21 4 39 46 31 9 4 0 5 0 0 0 0 0 7 0 0 0 10 11 0 12 9 4 8 2 0 0 5 6
P6330 2022 4 11 23 87 38 9 59 17 9 10 0 0 36 50 0 0 0 0 0 0 32 45 50 12 12 6 7 4 0 0 0 -999
P6330 2022 5 0 0 0 0 0 0 0 0 0 0 0 0 0 0 0 0 0 6 0 6 0 0 0 0 0 0 0 0 0 0 0
P6330 2022 6 0 0 0 0 0 0 20 0 0 0 0 0 0 0 0 0 0 0 0 0 0 0 0 0 0 0 0 0 0 0 -999
P6330 2022 7 0 0 0 0 0 0 0 0 0 0 0 0 0 0 0 0 0 0 0 0 0 0 0 0 0 0 0 0 0 0 0
P6330 2022 8 0 0 0 0 0 0 0 0 0 0 0 0 0 0 0 0 0 0 0 0 0 0 0 0 0 0 0 0 0 0 0
P6330 2022 9 0 0 0 0 0 0 0 0 0 0 0 0 0 0 0 0 0 0 0 0 0 28 24 33 13 13 0 0 0 0 -999
P6330 2022 10 0 0 0 0 8 0 0 0 0 0 0 0 19 9 4 0 0 0 0 35 58 19 0 0 0 0 32 21 0 0 0
P6330 2022 11 21 0 0 13 8 0 0 0 0 0 0 12 47 42 43 32 22 21 28 117 95 148 162 88 7 0 0 0 0 9 -999
P6330 2022 12 19 9 11 7 3 101 29 56 20 12 4 5 0 0 0 0 16 8 15 65 26 48 118 134 108 196 137 132 66 6 11
P6330 2023 1 8 16 30 50 86 65 46 58 49 6 47 16 22 27 8 5 14 17 17 6 4 5 10 6 3 3 0 0 0 0 0
P6330 2023 2 0 0 3 3 2 3 2 0 0 0 0 6 3 8 67 58 46 51 8 72 8 0 0 2 0 0 2 0 -999 -999 -999
P6330 2023 3 0 4 10 7 3 10 0 0 0 0 0 0 0 5 59 23 175 88 13 15 67 20 18 11 3 7 3 6 8 26 0
P6330 2023 4 0 0 0 0 0 0 12 33 14 0 0 5 5 10 44 40 16 7 0 0 7 7 7 6 6 4 0 0 0 0 -999
P6330 2023 5 36 133 65 63 33 39 46 52 62 11 6 4 24 5 0 0 13 9 0 0 52 14 5 5 0 0 0 0 0 0 0
P6330 2023 6 0 0 0 0 0 0 0 0 0 0 0 8 8 6 20 7 6 5 0 0 0 0 0 0 0 0 0 0 0 0 -999
P6330 2023 7 0 0 0 0 0 0 0 0 0 0 0 0 0 0 0 0 0 0 35 0 0 0 0 0 0 0 0 0 0 0 0
P6330 2023 8 0 0 0 0 0 0 0 0 0 0 0 0 0 0 0 0 0 0 0 0 0 0 0 0 0 0 0 0 0 0 0
P6330 2023 9 0 0 0 0 0 0 0 0 0 0 0 0 0 0 0 0 44 12 0 0 0 0 9 0 0 0 0 0 0 14 -999
P6330 2023 10 22 16 0 0 0 0 0 0 6 6 0 0 0 21 10 9 8 9 7 13 9 12 0 5 0 0 4 4 7 9 11
P6330 2023 11 7 5 3 0 0 0 0 0 26 43 62 60 29 0 2 0 0 0 0 0 2 0 0 0 0 0 2 3 0 0 -999
P6330 2023 12 0 15 47 45 0 0 0 0 0 0 0 0 0 0 4 3 8 59 32 81 29 89 24 72 7 0 0 0 0 1 3
P6330 2024 1 4 0 0 0 0 0 0 0 0 0 0 0 0 0 0 0 3 15 37 66 41 72 55 17 4 11 25 50 4 7 12
P6330 2024 2 7 9 0 25 7 0 0 42 62 31 49 77 73 4 4 0 0 0 0 0 0 0 2 0 0 0 0 0 -999 -999 -999
P6330 2024 3 0 0 0 0 2 7 11 7 13 16 55 38 9 83 12 5 16 16 42 12 9 5 0 3 2 3 5 4 7 14 18
P6330 2024 4 10 8 8 9 56 69 72 50 11 56 36 0 0 0 0 0 0 0 0 0 15 67 8 5 0 0 0 0 0 5 -999
P6330 2024 5 12 7 11 13 13 9 21 21 7 0 0 7 8 7 7 6 5 9 0 0 0 0 0 0 9 0 22 27 13 5 0
P6330 2024 6 0 0 0 0 0 0 0 0 0 0 0 29 9 0 0 0 0 0 0 0 0 0 0 0 0 0 0 0 0 0 -999
P6330 2024 7 0 0 0 0 0 0 0 0 0 0 0 0 0 0 0 0 0 0 0 0 0 0 0 0 0 0 0 0 0 0 0
P6330 2024 8 0 0 0 0 0 0 0 0 0 0 0 0 0 0 0 0 0 0 0 0 0 0 0 0 0 0 0 0 0 0 0
P6330 2024 9 0 0 0 0 0 0 0 0 0 0 0 0 0 0 0 17 52 38 14 22 73 80 74 28 0 0 24 12 12 10 -999
P6330 2024 10 8 82 72 9 101 144 11 0 0 0 0 0 0 0 25 0 0 8 0 0 0 0 0 0 0 0 0 0 7 43 38
P6330 2024 11 18 77 91 20 28 20 6 0 0 0 15 19 13 18 57 20 5 2 2 0 0 0 0 0 0 0 0 7 20 50 -999
P6330 2024 12 54 33 22 9 14 8 12 5 19 68 106 44 40 14 10 0 0 8 6 0 6 6 27 11 6 7 5 4 0 2 6
P6330 2025 1 0 0 2 70 118 88 33 24 15 19 10 0 4 8 6 5 9 33 14 3 3 0 0 0 0 0 2 30 33 86 10
P6330 2025 2 11 12 17 5 19 30 66 112 24 10 54 173 0 0 0 13 5 0 0 0 0 0 0 0 2 0 0 0 -999 -999 -999
P6330 2025 3 0 14 9 6 0 0 7 57 23 7 4 0 0 0 0 0 0 0 0 0 0 0 0 0 0 0 7 5 0 0 0
P6330 2025 4 0 0 0 0 2 0 0 0 0 0 8 0 0 0 0 0 0 0 5 0 0 0 0 0 0 0 0 4 7 0 -999
P6330 2025 5 0 0 9 9 5 0 0 0 0 0 0 0 5 14 8 3 0 0 0 0 0 17 7 7 8 7 9 12 42 0 0
P6330 2025 6 0 0 0 4 4 0 0 0 0 0 0 0 0 0 0 0 0 0 0 0 0 0 0 0 0 0 0 0 0 0 -999
P6330 2025 7 0 0 0 0 0 0 0 0 0 0 0 0 0 0 0 0 0 0 0 0 0 0 0 0 0 0 0 0 0 0 0
P6330 2025 8 0 43 15 0 0 0 0 0 0 0 0 0 0 0 0 0 0 0 0 0 0 0 0 0 0 0 0 0 0 0 0
P6330 2025 9 0 0 0 0 0 0 0 0 0 0 0 0 0 0 0 0 0 16 0 0 0 0 0 0 0 0 0 0 0 0 -999
P6330 2025 10 0 0 0 0 0 0 0 0 0 0 0 0 0 0 0 14 57 98 58 45 87 62 13 6 7 0 0 2 10 82 95
P6330 2025 11 105 24 11 151 72 23 14 7 48 107 44 4 7 84 96 29 7 0 0 0 0 0 0 0 0 4 0 0 0 0 -999
P6330 2025 12 0 0 0 0 0 2 2 5 3 7 19 10 12 9 8 34 0 26 11 7 19 47 29 56 16 27 12 39 10 19 35
P6330 2026 1 68 8 6 0 0 0 0 0 0 0 0 3 0 0 0 3 3 5 43 39 34 11 7 4 0 0 0 0 0 0 0
P6330 2026 2 0 0 0 0 0 0 0 0 0 0 0 0 6 11 2 43 7 7 6 0 5 7 4 3 6 3 0 6 -999 -999 -999
P6330 2026 3 4 2 8 33 29 43 22 6 0 0 0 0 9 27 0 0 0 0 0 0 0 0 79 52 65 56 36 18 38 43 17
P6330 2026 4 0 18 10 10 8 17 16 7 8 6 12 11 12 7 0 0 0 0 4 0 4 0 0 0 0 0 0 0 14 44 -999
P6330 2026 5 10 10 4 0 0 0 0 0 0 9 8 8 8 7 0 0 0 0 0 0 0 0 0 0 0 0 0 0 5 0 0
P6330 2026 6 0 0 0 0 0 0 0 0 0 0 0 0 0 0 0 27 0 0 0 0 0 0 0 0 0 0 0 0 0 0 -999
P6330 2026 7 0 0 0 0 0 0 0 0 0 0 0 0 0 0 0 0 0 0 0 0 0 0 0 0 0 0 0 0 0 0 0
P6330 2026 8 0 0 0 0 0 0 0 0 0 0 0 0 0 0 0 0 0 0 0 0 0 0 0 0 0 0 0 0 0 0 0
P6330 2026 9 0 0 6 0 0 0 0 0 0 0 0 0 0 0 0 0 0 0 19 29 33 0 0 0 0 0 0 0 0 0 -999
P6330 2026 10 0 0 0 18 0 0 0 0 0 0 0 0 0 0 0 6 3 0 0 20 10 6 0 0 0 0 0 8 37 39 169
P6330 2026 11 33 35 25 40 104 21 11 108 127 34 33 17 6 37 155 23 6 3 0 0 3 0 0 0 0 0 0 0 0 0 -999
P6330 2026 12 0 3 5 0 0 0 0 0 0 3 2 2 0 9 67 58 12 133 50 25 7 61 19 12 10 3 2 10 0 0 0
P6330 2027 1 0 0 1 10 9 90 146 11 11 11 129 19 6 4 19 18 0 3 32 9 31 27 7 2 12 113 147 83 115 9 0
P6330 2027 2 0 0 0 0 0 0 0 0 0 1 26 7 0 0 0 6 11 19 17 19 14 35 56 9 0 7 7 0 -999 -999 -999
P6330 2027 3 5 22 19 12 7 8 4 7 5 0 0 0 0 0 0 0 8 17 34 36 51 50 54 37 9 19 10 6 0 0 0
P6330 2027 4 0 6 9 16 0 0 0 0 0 0 0 0 3 32 14 0 0 5 0 0 0 5 13 7 0 0 0 18 22 7 -999
P6330 2027 5 10 0 12 12 9 29 38 14 0 0 43 0 0 0 0 0 0 0 0 0 22 13 0 0 0 0 0 0 0 0 0
P6330 2027 6 0 0 0 21 12 7 0 0 0 0 0 0 0 0 0 0 0 0 0 0 0 0 0 0 0 0 0 8 0 0 -999
P6330 2027 7 0 8 10 0 13 18 0 0 0 0 0 0 0 0 0 0 0 0 0 0 0 0 0 0 0 0 0 0 0 0 0
P6330 2027 8 0 0 0 0 0 0 0 0 0 0 0 0 0 0 21 0 0 0 0 0 0 0 0 0 0 0 0 0 0 0 0
P6330 2027 9 0 0 0 0 0 0 0 0 0 0 0 0 12 0 0 0 0 0 0 0 0 0 0 0 0 16 0 0 7 8 -999
P6330 2027 10 22 0 0 0 0 0 26 0 0 0 0 0 0 0 0 0 7 6 0 0 0 5 9 15 8 0 0 0 0 0 0
P6330 2027 11 0 0 6 3 9 0 0 0 4 59 35 6 0 0 0 0 0 0 0 0 9 35 26 18 19 85 35 9 0 5 -999
P6330 2027 12 7 5 2 2 3 4 0 0 0 0 0 0 4 3 15 12 20 19 0 3 0 0 0 0 2 2 0 0 0 0 0
P6330 2028 1 2 3 0 0 0 0 0 0 0 0 0 3 0 0 2 5 23 33 10 0 0 0 0 0 0 0 14 8 0 0 5
P6330 2028 2 3 21 51 30 41 51 27 26 20 17 56 64 43 148 51 37 66 31 48 3 3 17 4 0 0 0 0 0 -999 -999 -999
P6330 2028 3 0 0 0 0 0 0 0 0 0 4 24 19 12 13 11 0 0 0 0 0 0 3 0 0 6 18 24 3 0 0 7
P6330 2028 4 0 0 0 0 0 0 0 0 0 30 6 0 0 0 0 0 13 23 93 79 8 0 0 0 0 0 0 0 0 0 -999
P6330 2028 5 19 0 0 0 0 0 19 67 49 19 9 11 15 7 25 24 0 0 0 0 0 0 8 9 6 0 0 11 7 0 4
P6330 2028 6 7 7 13 13 46 72 49 6 0 0 0 0 0 0 0 0 0 0 0 0 0 0 0 0 0 0 0 40 24 17 -999
P6330 2028 7 12 0 0 0 0 0 0 0 0 0 0 8 7 0 0 0 0 0 0 0 0 0 0 0 0 0 0 0 0 0 0
P6330 2028 8 0 0 0 0 0 0 0 0 0 0 0 0 0 0 0 0 0 0 0 0 0 0 0 0 0 0 0 0 0 0 0
P6330 2028 9 0 0 0 0 0 0 0 0 0 0 0 0 0 0 0 0 0 0 0 0 0 0 0 19 0 34 57 39 32 0 -999
P6330 2028 10 0 0 0 0 0 0 0 0 0 0 9 0 0 0 0 0 0 0 8 0 0 0 0 0 0 0 0 0 0 0 0
P6330 2028 11 0 0 9 5 56 34 3 0 3 0 0 14 7 4 11 14 0 25 10 30 105 20 8 2 0 0 19 18 17 11 -999
P6330 2028 12 8 6 5 4 2 0 0 0 0 0 0 4 9 9 0 0 31 41 47 56 103 98 50 32 17 32 30 18 8 61 4
P6330 2029 1 4 0 27 66 8 3 6 37 10 21 18 73 35 26 13 52 40 11 7 7 3 0 0 0 0 0 0 25 7 7 7
P6330 2029 2 87 31 48 39 42 18 13 11 0 11 3 3 11 5 0 4 0 0 0 3 0 0 0 4 2 4 10 6 -999 -999 -999
P6330 2029 3 10 11 9 65 66 95 50 43 52 8 10 0 0 7 10 0 0 3 4 46 7 7 7 0 0 0 0 0 0 3 9
P6330 2029 4 5 0 12 8 0 0 0 0 0 0 0 0 10 41 6 8 5 22 0 0 0 0 0 0 0 0 0 10 29 22 -999
P6330 2029 5 7 0 17 54 75 18 92 54 14 6 8 0 0 0 0 0 0 0 0 5 0 0 0 0 8 0 0 0 0 0 29
P6330 2029 6 40 51 46 37 0 0 0 0 0 0 0 0 0 0 0 0 0 0 0 0 0 0 0 0 0 0 0 0 0 0 -999
P6330 2029 7 0 0 0 0 0 0 0 0 0 0 0 0 0 0 0 0 0 0 0 0 0 0 0 0 0 0 0 0 0 0 0
P6330 2029 8 0 0 0 0 0 0 0 0 0 0 0 0 0 0 0 0 0 0 0 0 0 0 0 0 0 0 0 0 0 0 0
P6330 2029 9 0 0 0 0 0 0 0 0 0 0 0 0 0 0 0 0 0 0 0 12 0 37 12 0 20 50 27 0 0 0 -999
P6330 2029 10 0 0 7 6 0 0 0 0 0 0 0 0 0 0 0 0 0 13 0 0 0 0 0 0 9 27 18 37 76 54 5
P6330 2029 11 0 0 0 0 0 0 0 0 0 0 0 0 0 0 0 0 5 9 3 0 10 4 11 24 6 0 4 7 12 0 -999
P6330 2029 12 0 5 25 48 120 9 16 25 25 7 8 3 4 9 8 0 9 8 4 0 6 66 29 21 56 8 76 90 92 7 0
P6330 2030 1 0 0 0 6 20 16 28 10 6 51 14 3 2 10 10 107 9 0 2 3 14 0 3 8 13 2 17 28 7 0 0
P6330 2030 2 6 10 38 17 71 15 17 14 6 0 0 0 0 0 6 35 11 4 0 0 0 7 6 0 48 3 0 9 -999 -999 -999
P6330 2030 3 0 0 0 0 0 0 0 0 0 0 0 0 0 0 0 0 12 11 45 6 0 10 21 48 95 58 16 23 86 25 106
P6330 2030 4 113 57 12 4 0 0 0 4 9 21 12 0 0 12 25 9 12 22 12 8 6 0 0 7 19 38 8 0 21 15 -999
P6330 2030 5 0 0 0 0 0 0 0 0 0 12 12 8 8 26 62 41 8 25 4 0 0 0 0 0 0 0 0 0 0 0 0
P6330 2030 6 0 0 0 0 0 0 0 0 0 0 0 0 0 0 51 0 18 18 7 5 0 0 6 0 0 0 0 0 0 0 -999
P6330 2030 7 0 0 0 0 0 0 0 0 0 0 0 0 0 0 0 0 0 0 0 0 0 0 0 0 0 0 0 0 0 0 0
P6330 2030 8 0 0 0 0 0 0 0 0 0 0 0 0 0 0 0 0 0 0 0 0 0 0 0 0 0 0 0 0 0 0 0
P6330 2030 9 0 0 0 0 0 0 0 17 0 0 0 0 0 0 0 87 57 14 0 6 36 30 16 6 6 3 5 8 8 7 -999
P6330 2030 10 0 0 0 0 0 0 13 51 126 76 11 40 11 11 22 5 8 27 87 82 80 58 40 39 8 0 0 10 40 66 22
P6330 2030 11 11 0 27 17 42 19 88 122 109 132 31 13 8 53 25 37 86 70 49 13 16 74 48 33 13 10 7 76 33 8 -999
P6330 2030 12 0 0 0 0 10 11 7 7 4 6 14 4 0 0 0 0 0 0 0 0 1 0 0 0 1 8 27 19 39 26 23
P6330 2031 1 29 2 5 28 24 30 4 99 124 66 36 35 160 91 77 12 4 0 3 3 5 0 0 0 0 0 0 0 0 0 5
P6330 2031 2 4 10 20 24 21 23 9 15 34 15 7 12 15 18 12 0 15 27 8 8 18 14 27 10 0 9 0 0 -999 -999 -999
P6330 2031 3 0 3 6 14 45 28 7 11 94 27 13 24 76 6 3 4 8 3 3 7 0 0 0 0 0 0 0 0 0 5 38
P6330 2031 4 7 9 7 6 6 11 12 9 12 18 10 12 57 7 0 0 0 0 0 0 0 0 0 0 0 0 0 0 0 0 -999
P6330 2031 5 0 3 18 5 5 0 0 0 0 9 14 0 0 0 0 0 0 0 0 0 0 0 0 0 0 0 0 0 0 0 0
P6330 2031 6 0 0 0 0 0 0 64 10 0 0 0 0 0 0 0 0 0 0 0 0 0 0 0 0 0 0 0 0 0 0 -999
P6330 2031 7 0 0 0 0 0 0 0 0 0 0 0 29 0 13 6 0 0 0 0 0 0 0 0 0 0 0 0 0 0 0 0
P6330 2031 8 0 0 0 0 0 0 0 0 0 0 0 7 0 0 0 0 0 0 0 0 0 0 26 0 0 0 0 0 0 0 0
P6330 2031 9 0 0 0 0 0 0 0 0 0 0 0 10 0 0 0 0 0 0 0 0 0 35 36 11 15 11 27 8 13 0 -999
P6330 2031 10 0 0 0 0 0 0 0 9 32 0 0 0 0 0 0 0 11 0 25 26 33 24 0 0 33 0 13 22 4 8 4
P6330 2031 11 0 4 21 96 18 45 40 35 8 11 27 15 64 85 93 49 25 74 89 98 79 25 17 18 91 53 73 55 28 33 -999
P6330 2031 12 99 132 64 73 120 48 101 64 31 11 5 2 0 0 5 6 3 2 2 0 69 26 13 16 19 18 14 68 22 32 7
P6330 2032 1 3 11 60 123 119 60 164 181 39 0 7 54 10 35 49 8 0 0 1 5 0 0 2 0 1 9 17 22 15 79 10
P6330 2032 2 6 6 0 0 6 5 6 3 0 12 81 64 8 0 0 6 0 0 0 0 0 6 4 0 0 7 15 29 -999 -999 -999
P6330 2032 3 0 0 0 0 0 0 0 0 0 4 4 0 0 0 0 0 0 0 0 0 0 0 0 0 0 0 0 4 8 18 6
P6330 2032 4 30 11 9 18 49 38 83 62 46 10 7 0 5 22 11 48 10 4 0 8 0 3 9 84 39 5 0 0 0 0 -999
P6330 2032 5 3 0 5 4 0 0 0 0 0 0 0 0 0 0 7 0 0 7 0 4 0 0 0 0 9 8 0 6 11 25 26
P6330 2032 6 0 0 0 0 0 0 0 0 0 0 0 0 0 0 0 0 0 0 0 0 0 0 0 0 0 0 0 0 0 0 -999
P6330 2032 7 0 0 0 0 0 0 0 0 0 0 0 0 0 0 0 0 0 0 0 0 0 0 0 0 0 0 0 0 0 0 0
P6330 2032 8 0 0 0 0 0 0 0 0 0 0 0 0 0 0 0 0 0 0 0 0 0 0 0 0 0 0 0 0 0 0 0
P6330 2032 9 0 0 0 0 0 0 0 0 0 0 30 0 18 9 0 36 31 0 0 0 0 0 0 0 0 0 0 0 0 0 -999
P6330 2032 10 26 38 32 12 0 0 0 7 15 0 0 0 0 16 118 31 20 0 0 18 12 17 59 19 9 0 0 43 75 9 12
P6330 2032 11 11 19 21 48 16 0 0 0 0 0 0 0 0 0 0 0 6 3 0 0 0 4 7 10 8 12 41 28 78 116 -999
P6330 2032 12 27 31 30 51 5 0 0 0 0 5 0 0 0 0 0 0 0 0 2 5 3 0 0 8 18 23 4 0 0 3 0
P6330 2033 1 2 5 59 107 43 53 42 60 198 177 41 44 62 7 69 108 46 52 24 3 0 6 7 4 10 16 74 51 9 25 5
P6330 2033 2 0 0 0 0 3 5 11 25 38 16 108 43 26 0 0 0 7 7 11 3 3 0 0 30 7 6 0 0 -999 -999 -999
P6330 2033 3 3 0 0 0 0 0 6 5 0 6 14 19 16 15 0 18 25 0 0 8 18 9 6 0 0 0 4 28 6 6 0
P6330 2033 4 0 0 3 15 34 18 17 25 32 30 26 28 33 18 12 85 72 59 31 31 30 90 14 11 40 7 5 6 17 7 -999
P6330 2033 5 12 0 23 23 0 0 0 0 0 0 0 12 10 21 7 8 52 18 11 12 57 8 6 7 0 0 0 0 0 0 0
P6330 2033 6 0 0 0 0 0 0 0 0 0 0 0 38 0 0 0 0 0 0 0 0 0 0 0 0 0 0 0 0 0 0 -999
P6330 2033 7 0 0 0 0 0 0 0 0 0 0 0 0 0 0 0 0 0 0 0 0 0 0 0 0 0 0 0 0 0 0 0
P6330 2033 8 0 0 0 0 0 0 0 0 0 0 0 0 0 0 0 0 0 0 0 0 0 0 0 0 0 0 0 0 0 47 0
P6330 2033 9 0 0 0 0 0 0 7 10 0 0 0 0 0 34 33 44 0 0 0 0 0 0 0 0 0 0 0 0 0 0 -999
P6330 2033 10 8 0 0 33 66 43 49 43 19 43 127 77 66 15 0 0 0 0 0 0 0 0 9 8 9 3 0 8 4 4 3
P6330 2033 11 13 32 108 74 9 0 0 0 0 0 2 0 0 0 0 0 7 7 5 5 0 9 0 0 0 0 0 0 0 0 -999
P6330 2033 12 4 5 4 2 0 0 0 4 7 0 6 7 6 0 0 0 0 0 0 0 0 0 0 0 0 0 0 0 2 0 0
P6330 2034 1 0 2 6 7 8 14 19 12 13 11 38 18 80 49 123 35 38 6 3 0 0 0 0 0 0 0 0 0 0 0 0
P6330 2034 2 0 0 0 0 0 0 3 0 0 2 0 5 6 8 14 12 19 24 21 7 5 0 0 0 0 0 7 22 -999 -999 -999
P6330 2034 3 33 62 54 38 50 21 16 7 0 0 0 0 3 7 8 7 5 4 0 0 0 3 18 49 50 19 0 0 0 0 0
P6330 2034 4 0 0 0 0 0 0 0 0 0 0 4 0 0 7 12 0 0 0 0 4 32 6 0 0 0 0 11 21 15 0 -999
P6330 2034 5 0 0 0 0 0 0 0 0 0 0 0 0 0 0 0 0 0 0 0 0 0 0 0 0 0 0 0 0 0 0 0
P6330 2034 6 0 0 0 0 20 12 6 0 0 0 0 0 0 0 0 0 0 0 0 0 0 0 0 0 0 0 0 0 0 0 -999
P6330 2034 7 0 0 0 0 0 0 0 0 0 0 0 0 0 0 0 0 0 0 0 0 0 0 0 0 0 0 0 0 0 0 0
P6330 2034 8 0 0 0 0 0 0 0 0 0 0 0 0 0 0 0 0 0 0 0 0 0 0 0 0 0 0 0 0 0 0 0
P6330 2034 9 0 0 0 0 0 0 0 0 0 0 0 0 0 0 0 0 0 0 0 0 0 0 0 0 0 0 0 0 0 31 -999
P6330 2034 10 20 8 16 6 48 67 0 0 0 37 10 5 0 3 0 0 0 0 0 0 6 4 0 10 25 34 11 25 16 0 0
P6330 2034 11 0 0 0 0 0 4 18 11 39 3 0 11 7 0 0 0 0 0 0 0 12 22 25 61 28 100 14 36 19 25 -999
P6330 2034 12 7 0 0 0 2 7 36 39 16 9 13 3 4 61 114 8 0 5 0 2 10 10 0 2 7 14 19 11 24 8 50
P6330 2035 1 5 0 9 39 41 41 33 52 12 4 8 5 22 9 10 11 24 4 5 24 107 85 64 32 7 4 0 6 2 0 3
P6330 2035 2 9 21 2 2 0 0 6 6 3 0 0 0 0 0 0 0 0 0 2 3 29 97 132 98 49 7 46 60 -999 -999 -999
P6330 2035 3 39 155 24 21 45 25 195 161 9 8 7 11 74 102 68 50 19 15 52 56 85 109 65 9 105 48 3 38 20 31 93
P6330 2035 4 24 39 29 59 65 69 44 64 126 17 35 19 4 36 0 0 0 33 34 121 94 64 55 33 11 6 6 42 42 54 -999
P6330 2035 5 56 0 0 0 0 0 0 0 14 0 0 0 0 0 0 0 0 0 0 0 0 0 55 32 0 0 0 0 0 60 44
P6330 2035 6 15 0 0 0 12 25 11 5 39 10 26 0 0 0 0 0 0 0 0 0 0 0 0 0 0 0 0 0 0 0 -999
P6330 2035 7 0 0 0 0 0 0 0 0 0 0 0 0 0 0 0 0 0 0 0 0 0 0 0 0 0 0 0 0 0 0 0
P6330 2035 8 0 0 0 0 0 0 0 0 0 0 0 0 0 0 0 0 0 0 0 0 0 0 0 0 0 0 0 0 0 0 0
P6330 2035 9 0 0 0 0 0 0 0 0 0 0 0 0 0 0 0 0 0 0 0 0 0 32 39 31 24 0 0 0 0 0 -999
P6330 2035 10 0 19 32 16 0 0 0 0 0 7 0 0 23 54 24 12 0 0 25 41 18 0 0 0 0 0 0 0 0 0 0
P6330 2035 11 0 0 17 22 23 23 6 6 6 0 0 0 0 0 0 0 0 0 0 0 0 0 0 0 2 0 0 10 4 0 -999
P6330 2035 12 10 10 16 28 128 133 85 55 12 23 7 7 19 11 3 2 0 3 29 106 102 32 0 0 0 0 0 0 0 0 6
P6330 2036 1 7 7 4 0 4 6 7 7 7 13 27 26 13 4 0 0 12 58 61 13 70 27 6 7 5 0 9 6 4 0 6
P6330 2036 2 6 0 0 0 0 2 5 16 13 4 7 28 38 10 7 7 7 0 0 0 0 0 0 0 0 2 3 9 -999 -999 -999
P6330 2036 3 64 61 13 23 33 19 0 0 0 0 0 0 0 3 7 4 0 0 0 4 3 0 0 0 5 6 7 13 13 13 26
P6330 2036 4 22 59 30 7 6 0 0 0 0 0 0 0 0 0 0 0 0 0 0 0 0 0 0 5 7 8 8 5 0 0 -999
P6330 2036 5 0 0 10 7 8 0 0 0 0 0 10 31 12 7 7 11 9 4 0 0 0 0 0 0 0 0 0 0 0 0 16
P6330 2036 6 32 27 0 0 0 0 0 0 0 0 0 0 0 0 0 0 0 0 6 0 0 0 0 0 0 0 0 0 0 0 -999
P6330 2036 7 0 0 0 0 0 0 0 0 0 0 0 0 0 0 0 0 0 0 0 0 0 0 0 0 0 0 0 0 0 0 0
P6330 2036 8 0 0 0 0 0 0 0 0 0 0 0 0 0 0 0 0 0 0 0 0 0 0 0 0 0 0 0 0 0 0 0
P6330 2036 9 0 0 0 0 0 0 0 0 0 0 0 0 0 0 0 0 0 0 0 0 0 0 0 0 0 0 0 0 0 0 -999
P6330 2036 10 0 0 0 0 0 0 0 0 0 0 36 0 0 0 11 0 0 0 0 0 0 0 0 0 0 23 41 26 92 122 27
P6330 2036 11 17 0 0 0 7 10 6 76 13 7 2 0 13 57 39 20 10 0 12 11 6 0 0 0 0 8 35 26 18 0 -999
P6330 2036 12 0 0 6 16 15 0 0 0 0 0 1 7 8 3 2 0 0 4 6 2 13 27 35 6 16 15 4 4 4 0 2
P6330 2037 1 1 2 0 0 0 0 0 0 14 64 17 149 43 0 0 0 0 5 58 91 127 55 26 190 219 28 228 106 130 8 4
P6330 2037 2 0 49 36 32 14 32 52 27 19 8 0 0 0 0 0 0 2 2 0 0 0 0 0 0 0 10 55 7 -999 -999 -999
P6330 2037 3 5 0 0 0 0 0 0 1 0 3 0 5 33 97 73 31 15 15 6 0 11 11 25 56 28 3 2 9 26 45 0
P6330 2037 4 14 0 8 9 14 21 8 8 8 0 0 0 4 34 68 15 17 14 8 9 59 48 56 42 12 0 0 5 5 0 -999
P6330 2037 5 0 0 0 0 0 0 0 0 0 8 7 4 0 3 4 4 4 14 6 0 0 7 14 9 63 27 7 0 0 0 0
P6330 2037 6 0 0 0 0 0 0 0 0 0 0 0 0 0 0 0 0 14 22 16 0 0 0 0 0 0 0 0 0 0 0 -999
P6330 2037 7 0 0 0 0 0 0 0 0 0 0 0 0 0 0 0 0 0 0 0 0 0 0 0 0 0 0 0 0 0 0 0
P6330 2037 8 0 0 0 0 0 0 0 0 0 0 0 0 0 0 0 0 0 0 0 0 0 0 0 0 0 0 0 0 0 0 0
P6330 2037 9 0 0 0 0 0 0 0 0 0 0 0 0 0 0 0 0 0 0 0 0 0 0 0 0 0 0 0 0 0 0 -999
P6330 2037 10 6 0 0 0 0 0 0 0 0 0 19 9 0 0 0 0 13 25 10 7 0 0 0 0 6 6 0 0 0 0 0
P6330 2037 11 0 0 0 0 0 10 12 11 5 0 10 20 21 41 17 0 0 0 0 31 9 12 37 28 17 15 37 26 16 10 -999
P6330 2037 12 90 7 81 121 37 12 17 30 86 45 25 11 21 18 5 0 18 17 8 7 0 45 29 2 0 0 0 0 2 3 2
P6330 2038 1 7 35 4 33 18 8 14 3 4 4 5 3 4 45 27 11 69 4 2 7 5 6 38 107 7 45 29 43 44 46 12
P6330 2038 2 0 3 9 57 61 63 17 2 2 4 0 0 0 0 3 4 0 2 8 0 0 0 7 2 0 0 0 25 -999 -999 -999
P6330 2038 3 37 13 25 22 146 13 33 18 17 20 10 0 0 0 0 0 0 20 41 47 23 5 0 0 0 5 7 7 7 3 13
P6330 2038 4 5 0 0 0 0 0 4 14 14 0 0 0 0 55 24 9 0 0 0 0 0 22 0 0 0 17 0 0 0 0 -999
P6330 2038 5 16 0 0 0 0 0 25 0 0 0 0 0 0 0 6 10 60 81 53 35 13 0 0 0 9 8 7 10 8 5 8
P6330 2038 6 0 0 0 0 0 0 0 0 0 0 0 0 0 0 0 0 0 0 0 0 0 0 0 0 0 0 0 0 0 0 -999
P6330 2038 7 0 0 0 0 0 0 0 0 0 0 0 0 0 0 0 0 0 0 0 0 0 0 0 0 0 0 0 0 0 0 0
P6330 2038 8 0 0 0 0 0 0 0 0 0 0 0 0 0 0 0 0 0 0 0 0 0 0 0 0 0 0 0 0 0 0 0
P6330 2038 9 0 0 0 0 0 0 0 0 0 0 0 0 0 0 0 0 0 0 0 0 0 0 0 14 0 0 0 0 0 0 -999
P6330 2038 10 0 0 8 0 0 0 0 0 0 0 0 0 0 0 0 0 0 4 6 0 8 15 59 0 0 0 11 8 4 0 0
P6330 2038 11 26 17 16 0 0 8 6 0 8 5 7 41 11 71 72 18 15 7 7 4 0 0 0 0 0 0 0 0 5 3 -999
P6330 2038 12 6 10 15 37 27 12 8 15 3 5 100 60 147 12 35 51 35 55 72 68 131 10 13 12 9 14 45 11 5 17 21
P6330 2039 1 10 16 14 7 22 7 8 6 0 0 0 0 0 4 6 19 30 5 39 27 7 8 22 23 19 7 7 6 0 0 4
P6330 2039 2 16 25 3 5 0 0 0 8 9 13 5 0 1 6 4 13 11 0 11 0 0 0 4 37 81 9 10 4 -999 -999 -999
P6330 2039 3 3 0 0 0 0 0 0 14 13 0 0 66 9 36 16 13 5 10 0 0 0 0 0 0 2 7 0 0 0 0 0
P6330 2039 4 0 0 0 0 0 0 0 0 0 0 0 0 8 23 8 6 0 0 5 0 8 7 0 0 0 0 0 0 0 0 -999
P6330 2039 5 0 0 0 0 0 0 0 0 0 0 0 0 0 0 32 20 7 7 6 6 7 11 8 0 6 0 0 0 0 0 0
P6330 2039 6 14 19 34 49 23 5 0 0 17 0 0 0 0 0 0 0 0 0 0 0 0 0 0 0 0 0 0 14 17 0 -999
P6330 2039 7 0 0 0 0 0 0 0 0 0 0 0 0 0 0 0 0 0 0 0 0 0 0 0 0 0 0 0 0 0 0 0
P6330 2039 8 0 0 0 0 0 0 0 0 0 0 0 0 0 0 0 0 0 0 0 0 0 0 0 0 0 0 0 0 0 0 0
P6330 2039 9 0 0 0 0 20 0 0 0 0 0 0 0 0 0 0 0 0 0 21 0 0 0 0 0 0 0 0 0 0 0 -999
P6330 2039 10 0 0 0 0 0 0 0 0 0 0 0 0 0 8 7 0 0 0 0 15 21 134 57 18 10 11 143 50 68 68 8
P6330 2039 11 6 0 0 0 0 0 0 6 17 10 29 27 9 10 12 7 7 15 106 56 28 14 32 0 0 0 11 51 5 3 -999
P6330 2039 12 7 32 23 86 154 92 27 30 75 6 9 7 8 22 10 7 6 11 73 90 16 7 12 31 27 11 34 77 29 64 23
P6330 2040 1 13 12 5 37 118 113 37 29 42 44 55 34 29 13 20 38 9 18 42 8 0 17 3 0 0 0 0 0 0 0 0
P6330 2040 2 0 0 3 10 6 0 0 0 0 3 0 0 5 9 7 6 6 6 5 4 0 7 0 0 0 0 0 0 -999 -999 -999
P6330 2040 3 0 0 0 0 0 0 0 0 0 0 0 0 0 11 22 11 0 0 19 29 25 25 80 65 55 33 15 8 52 46 12
P6330 2040 4 6 68 58 14 6 5 8 6 0 0 0 0 0 8 0 53 40 0 26 0 0 7 5 5 59 50 7 4 0 2 -999
P6330 2040 5 9 7 10 6 5 0 0 0 0 0 0 0 0 0 0 0 0 0 0 4 0 0 0 0 0 0 0 0 0 0 0
P6330 2040 6 0 0 0 0 0 0 0 0 0 0 0 0 0 0 0 0 0 0 0 0 0 0 0 0 0 0 0 0 0 0 -999
P6330 2040 7 0 0 0 0 0 0 0 0 0 0 0 0 0 0 0 0 0 0 0 0 0 0 0 0 0 0 0 0 0 0 0
P6330 2040 8 0 0 0 0 0 0 0 0 0 0 0 0 0 0 0 0 0 0 0 0 0 0 0 0 0 0 0 0 0 0 0
P6330 2040 9 0 0 0 0 0 0 0 0 0 0 0 0 0 0 0 0 0 0 0 0 0 0 9 9 0 0 20 11 9 7 -999
P6330 2040 10 0 0 0 0 0 0 0 0 0 0 0 0 0 0 0 0 15 28 48 12 7 4 3 0 0 7 7 0 0 0 12
P6330 2040 11 8 14 11 15 0 13 82 177 77 10 8 8 8 7 9 6 0 0 0 0 0 0 0 12 9 0 0 0 0 0 -999
P6330 2040 12 0 0 0 0 23 49 43 3 4 5 8 0 54 19 4 0 0 5 6 4 4 8 0 5 0 0 10 30 8 19 16
P6330 2041 1 8 0 0 0 0 0 2 2 0 0 4 4 6 11 6 0 0 0 12 17 59 76 103 83 70 77 100 75 17 18 0
P6330 2041 2 0 0 0 0 32 23 99 93 54 85 19 48 71 14 105 47 46 69 55 25 136 59 15 63 20 10 6 0 -999 -999 -999
P6330 2041 3 3 6 0 0 5 11 11 7 12 7 8 14 8 10 13 18 14 74 66 33 20 39 56 30 53 85 46 33 30 75 20
P6330 2041 4 6 0 0 0 0 0 0 0 0 0 3 3 7 5 5 4 8 62 20 20 15 12 11 76 100 14 3 2 0 0 -999
P6330 2041 5 0 0 11 19 0 0 0 0 34 38 15 7 0 0 0 0 0 17 26 40 71 56 47 26 13 42 60 18 6 5 6
P6330 2041 6 0 0 0 0 0 0 0 0 0 0 0 0 0 0 0 0 0 0 0 0 0 0 0 0 0 0 0 0 0 0 -999
P6330 2041 7 0 0 0 0 0 0 0 0 0 16 0 0 0 0 0 0 0 0 0 0 0 0 0 0 0 23 20 8 0 0 0
P6330 2041 8 0 0 0 0 0 0 0 0 0 0 0 0 0 0 0 0 0 0 0 0 0 0 0 0 0 0 0 0 0 0 0
P6330 2041 9 0 0 0 0 0 0 0 0 0 0 0 9 0 0 0 0 0 0 0 0 0 0 38 52 67 7 0 0 0 0 -999
P6330 2041 10 0 28 9 6 0 0 0 0 0 0 24 0 0 0 0 0 0 0 0 0 13 18 0 0 0 5 0 0 6 0 0
P6330 2041 11 0 0 0 6 6 20 14 8 22 16 79 31 79 49 73 42 210 117 21 99 65 90 67 197 41 14 37 59 27 16 -999
P6330 2041 12 11 49 8 58 84 14 17 11 3 0 6 10 16 56 65 91 74 60 37 44 8 4 14 5 0 0 0 5 0 0 0
P6330 2042 1 0 0 0 0 0 14 24 8 11 7 3 2 0 0 0 0 0 0 0 0 0 0 0 0 0 0 0 0 0 0 2
P6330 2042 2 7 5 0 0 0 0 0 0 3 5 0 0 0 0 0 0 0 3 3 2 0 0 0 9 10 0 0 0 -999 -999 -999
P6330 2042 3 0 0 0 0 0 6 3 0 0 0 0 2 4 4 12 17 0 30 65 59 9 9 9 69 16 7 4 3 13 11 66
P6330 2042 4 9 20 5 4 14 35 21 7 16 11 6 11 10 14 11 9 5 0 0 0 15 69 79 34 33 11 11 15 16 46 -999
P6330 2042 5 56 31 11 6 0 0 0 0 13 10 0 0 0 0 0 0 0 0 0 0 0 0 0 0 0 0 0 0 0 0 0
P6330 2042 6 0 0 5 7 0 0 8 0 0 0 0 0 0 0 0 0 0 0 0 0 0 0 0 0 0 0 0 0 0 0 -999
P6330 2042 7 0 0 0 0 0 0 0 0 0 0 0 0 0 0 21 0 0 0 0 0 0 0 0 0 0 0 0 0 0 0 0
P6330 2042 8 0 0 0 0 0 0 0 0 0 0 0 0 0 0 0 0 0 0 0 0 0 0 0 0 0 0 0 0 0 0 0
P6330 2042 9 0 0 0 0 0 0 0 0 0 0 0 0 0 0 0 0 0 0 0 0 0 0 0 0 0 0 0 0 0 0 -999
P6330 2042 10 0 0 0 5 6 0 16 28 18 18 24 39 59 29 12 9 0 8 5 72 21 14 12 0 0 0 0 8 0 0 0
P6330 2042 11 0 0 0 0 0 0 30 12 9 0 0 0 0 0 0 0 0 0 6 27 4 0 0 0 0 0 0 0 30 10 -999
P6330 2042 12 8 6 27 71 29 10 7 16 33 44 28 48 37 63 52 12 106 57 14 31 11 12 77 51 0 5 3 0 0 0 0
P6330 2043 1 3 4 8 7 4 23 7 3 0 0 1 3 38 122 39 67 12 12 5 53 33 61 39 66 6 2 3 17 20 3 1
P6330 2043 2 1 0 0 2 5 31 48 0 0 0 0 0 0 0 0 0 0 0 0 0 0 2 4 0 2 3 0 0 -999 -999 -999
P6330 2043 3 0 8 26 46 7 4 35 115 60 24 21 27 12 0 15 6 23 18 49 0 36 19 39 11 22 5 7 6 3 5 4
P6330 2043 4 8 7 0 5 0 0 0 0 0 19 47 0 0 0 5 53 41 8 6 36 0 0 0 0 0 0 0 0 0 0 -999
P6330 2043 5 0 0 0 0 0 0 0 17 0 0 0 0 0 0 0 0 0 0 0 40 53 72 69 34 0 13 41 19 4 9 9
P6330 2043 6 7 7 0 0 0 0 0 0 0 0 0 0 0 0 0 0 0 0 0 0 0 0 0 0 0 0 0 0 0 0 -999
P6330 2043 7 0 0 0 0 0 0 0 0 0 0 0 0 0 0 0 0 0 0 0 0 0 0 0 0 0 0 0 0 0 0 0
P6330 2043 8 0 0 0 0 0 0 0 0 0 0 0 0 0 0 0 0 0 0 0 0 0 0 0 0 0 11 0 0 6 0 0
P6330 2043 9 0 0 0 0 0 0 0 0 0 0 0 0 0 0 0 0 0 0 0 0 0 20 0 0 0 0 0 0 13 15 -999
P6330 2043 10 18 37 0 0 0 0 0 0 0 8 0 0 0 0 13 0 24 5 0 0 0 12 24 9 19 23 7 23 14 9 11
P6330 2043 11 0 0 0 0 0 0 0 0 0 8 47 21 89 64 13 0 0 0 0 0 0 0 0 14 22 17 8 57 16 6 -999
P6330 2043 12 3 7 0 0 0 0 7 0 7 31 56 54 6 13 35 10 4 42 76 19 204 61 8 11 17 31 35 0 0 0 0
P6330 2044 1 0 3 11 0 0 6 6 0 0 4 5 0 0 0 3 3 129 142 12 7 8 10 0 0 0 2 5 77 8 3 0
P6330 2044 2 0 0 0 0 21 9 0 0 12 34 11 3 0 0 0 0 0 0 0 0 0 0 3 76 46 8 17 10 -999 -999 -999
P6330 2044 3 8 23 55 52 34 9 9 37 12 10 8 5 0 0 0 3 5 18 16 8 7 6 2 0 3 11 73 49 9 55 7
P6330 2044 4 6 5 7 0 0 0 0 0 0 0 4 0 0 16 8 0 0 0 0 0 0 0 9 0 8 19 41 3 0 0 -999
P6330 2044 5 0 0 0 24 42 10 0 10 12 18 0 0 0 6 0 0 0 23 60 52 28 12 0 0 5 5 13 22 85 39 0
P6330 2044 6 0 0 0 0 0 0 14 0 0 0 0 0 0 0 0 0 0 0 0 0 0 0 0 0 10 0 0 0 0 0 -999
P6330 2044 7 22 0 0 0 0 0 0 0 0 0 0 0 0 0 0 0 0 0 0 0 0 0 0 0 0 0 0 0 0 0 0
P6330 2044 8 0 0 0 0 0 0 0 0 0 0 0 0 0 0 0 0 0 0 0 0 0 0 0 0 0 0 0 0 0 0 0
P6330 2044 9 0 0 0 0 0 0 0 0 0 0 0 0 0 0 0 0 0 0 0 16 35 17 0 31 38 17 12 0 0 64 -999
P6330 2044 10 31 30 25 0 0 0 0 0 0 0 0 0 0 0 0 0 4 18 27 65 27 8 0 0 0 0 0 0 0 0 4
P6330 2044 11 6 3 7 5 13 0 6 12 5 2 58 46 35 31 12 37 70 27 51 53 99 26 72 227 215 192 119 21 40 5 -999
P6330 2044 12 3 0 0 0 0 0 0 0 37 51 7 4 17 14 12 12 10 8 3 5 8 24 7 7 7 0 5 4 35 3 25
P6330 2045 1 71 59 21 9 9 9 100 84 8 8 97 53 89 67 21 87 12 6 0 0 0 4 3 0 2 0 0 0 0 0 5
P6330 2045 2 7 55 28 12 31 40 7 5 0 0 7 9 17 0 2 4 3 0 0 0 3 3 0 0 0 0 0 0 -999 -999 -999
P6330 2045 3 0 0 0 0 0 2 4 16 10 0 0 11 36 9 45 5 5 0 0 0 0 0 0 0 4 0 0 0 0 0 29
P6330 2045 4 18 0 0 4 7 71 60 6 5 9 23 6 0 7 9 12 0 0 0 0 0 0 0 0 0 0 0 0 7 0 -999
P6330 2045 5 9 0 0 0 0 0 0 35 13 5 0 0 0 0 0 0 0 0 0 0 5 0 0 0 0 0 0 0 0 0 0
P6330 2045 6 0 0 0 0 0 0 0 0 0 0 0 5 0 0 0 0 0 0 0 0 19 15 19 20 17 11 6 0 0 0 -999
P6330 2045 7 0 0 0 0 0 0 0 0 0 0 0 0 0 0 0 0 0 0 0 0 0 0 0 0 0 0 0 0 0 0 0
P6330 2045 8 0 0 0 0 0 0 0 0 0 0 0 0 0 0 0 0 0 0 0 0 0 0 0 0 0 0 0 0 0 0 0
P6330 2045 9 0 0 0 0 0 0 0 0 0 0 0 0 0 0 0 0 0 0 0 0 0 0 0 0 0 0 0 0 0 21 -999
P6330 2045 10 8 0 18 38 0 0 0 0 0 0 0 0 0 0 79 47 64 45 14 0 0 0 0 0 0 0 0 0 0 0 0
P6330 2045 11 22 29 6 0 4 3 0 0 0 0 0 11 17 6 20 67 147 46 8 0 0 15 16 85 8 30 112 68 53 30 -999
P6330 2045 12 9 8 12 7 12 8 6 7 6 2 0 0 0 0 0 0 0 42 11 24 29 11 13 22 45 56 24 7 0 0 0
P6330 2046 1 0 11 54 87 91 47 113 48 16 19 170 94 78 40 89 28 30 23 32 50 3 5 8 7 4 52 63 57 28 37 56
P6330 2046 2 85 83 73 33 14 31 19 10 6 7 13 9 21 51 55 29 11 9 9 6 14 166 9 9 19 42 99 74 -999 -999 -999
P6330 2046 3 69 86 82 13 22 119 91 85 98 46 184 102 138 23 190 43 115 17 21 35 54 8 7 4 0 0 7 52 25 4 6
P6330 2046 4 0 2 6 53 7 7 7 22 10 9 13 4 4 7 41 12 24 53 64 38 11 11 18 34 10 10 9 18 11 7 -999
P6330 2046 5 0 0 0 0 0 0 0 0 0 0 0 0 17 17 0 45 21 6 5 0 0 0 0 0 0 11 7 4 6 0 0
P6330 2046 6 0 0 0 0 0 0 0 0 0 0 0 0 0 0 0 0 0 4 17 22 0 0 0 0 0 0 0 0 0 0 -999
P6330 2046 7 0 0 0 0 0 0 0 0 0 0 0 0 0 0 0 0 0 0 0 0 0 0 0 0 0 0 0 0 0 0 0
P6330 2046 8 0 0 0 0 0 0 0 0 0 0 0 0 0 0 0 0 0 0 0 0 0 0 0 0 0 0 0 0 0 0 0
P6330 2046 9 0 0 0 0 0 0 0 0 0 0 0 0 0 0 0 0 0 0 0 0 0 0 0 0 0 0 0 0 0 0 -999
P6330 2046 10 0 26 63 48 17 36 19 35 0 0 0 0 0 0 0 0 0 0 0 5 6 65 19 14 31 11 18 11 10 78 46
P6330 2046 11 5 0 0 0 20 168 35 18 13 17 19 0 0 4 0 0 0 0 0 0 0 2 5 10 11 7 0 24 73 45 -999
P6330 2046 12 104 106 35 10 71 68 81 22 48 12 23 54 12 187 100 29 57 89 16 7 5 0 0 0 0 0 0 0 0 0 2
P6330 2047 1 0 0 0 0 0 0 7 31 7 20 27 25 24 59 126 197 116 16 136 7 88 68 4 0 0 0 0 0 0 0 5
P6330 2047 2 5 8 5 11 34 8 16 9 3 5 6 7 7 25 7 0 0 0 0 0 0 0 0 19 16 7 27 14 -999 -999 -999
P6330 2047 3 12 60 12 5 28 63 17 0 0 0 0 0 0 0 0 0 0 0 0 0 0 0 49 14 8 6 14 0 0 11 18
P6330 2047 4 54 9 18 7 0 3 4 7 17 76 95 26 14 5 87 12 13 10 7 5 0 0 0 0 0 0 0 6 0 0 -999
P6330 2047 5 0 0 0 0 0 0 16 22 35 30 12 24 29 8 0 0 0 0 0 0 0 0 0 0 0 0 0 0 0 0 0
P6330 2047 6 0 0 0 0 0 0 0 0 0 0 0 0 0 0 7 8 6 0 0 0 0 0 0 0 0 0 0 0 0 0 -999
P6330 2047 7 0 0 0 0 0 0 0 0 0 0 0 0 0 12 0 0 0 0 27 30 7 0 0 0 0 0 0 0 0 0 0
P6330 2047 8 0 0 0 0 0 0 0 0 0 0 0 0 0 0 0 0 0 0 0 0 0 0 0 0 0 0 0 0 0 0 0
P6330 2047 9 0 0 0 0 0 0 0 0 0 0 11 19 56 57 49 32 8 0 0 0 0 0 0 0 30 0 0 0 0 0 -999
P6330 2047 10 0 20 46 28 12 52 35 25 29 115 57 31 14 42 39 56 120 11 53 6 10 15 5 0 0 6 6 0 0 0 0
P6330 2047 11 3 0 12 9 14 10 6 12 22 35 16 4 6 4 10 43 54 3 0 0 0 0 0 0 0 0 0 0 0 0 -999
P6330 2047 12 0 0 0 0 0 0 0 0 0 0 0 0 0 0 0 0 0 0 0 0 0 0 5 8 8 6 0 0 7 4 0
P6330 2048 1 3 14 0 0 0 0 0 0 0 3 3 91 25 79 11 0 4 0 0 0 0 3 0 0 0 0 0 0 0 2 2
P6330 2048 2 0 0 4 2 2 0 0 0 5 7 10 12 7 13 18 16 7 6 3 0 0 0 0 0 0 0 0 0 -999 -999 -999
P6330 2048 3 0 0 0 2 5 7 13 52 25 47 71 10 22 48 7 46 24 7 14 23 38 0 0 10 6 27 15 16 32 12 7
P6330 2048 4 7 5 5 4 4 0 0 0 0 0 0 0 0 0 0 0 0 0 0 0 3 5 16 0 0 0 0 0 0 0 -999
P6330 2048 5 0 15 11 17 7 10 0 0 10 14 0 0 10 18 11 0 8 59 5 0 24 110 20 0 0 0 0 0 0 0 0
P6330 2048 6 0 0 0 0 0 0 0 0 0 0 0 0 0 0 48 0 0 0 0 0 0 0 0 0 0 0 0 0 0 0 -999
P6330 2048 7 0 0 0 0 0 0 0 0 0 0 0 0 0 0 0 0 0 0 0 0 0 0 0 0 0 0 0 0 0 0 0
P6330 2048 8 0 0 0 0 0 0 0 0 0 0 0 0 0 0 0 0 0 0 0 0 0 0 0 0 0 0 0 0 0 0 0
P6330 2048 9 0 0 0 0 0 0 0 0 0 0 21 0 0 0 0 0 18 10 0 0 0 0 0 0 0 0 58 63 70 35 -999
P6330 2048 10 8 0 0 0 0 12 7 0 0 0 0 0 0 0 0 0 0 0 10 6 8 4 0 0 0 4 0 0 0 0 10
P6330 2048 11 9 0 0 6 13 37 16 0 0 0 0 0 0 0 4 7 49 23 40 23 12 0 0 0 0 21 49 16 9 20 -999
P6330 2048 12 56 87 16 14 57 45 0 0 0 0 0 0 0 0 0 0 0 2 6 6 0 0 0 5 0 0 36 55 25 22 3
P6330 2049 1 3 5 20 20 14 9 17 21 7 7 9 11 32 6 8 8 12 3 0 0 6 10 8 4 2 4 8 23 11 18 17
P6330 2049 2 32 27 27 31 23 5 2 0 0 0 0 0 0 15 10 0 0 0 0 0 0 5 5 8 3 12 5 4 -999 -999 -999
P6330 2049 3 2 0 0 0 0 0 0 0 0 0 0 0 0 0 5 10 0 0 0 2 0 8 10 16 0 0 0 0 4 49 20
P6330 2049 4 8 0 0 0 0 0 0 0 0 0 0 0 0 0 11 19 29 0 0 0 0 22 0 0 29 10 0 0 0 0 -999
P6330 2049 5 8 6 7 7 8 8 9 48 65 31 8 18 4 0 0 0 0 0 0 24 61 28 43 53 44 33 33 52 8 5 6
P6330 2049 6 0 0 0 9 0 0 0 0 0 0 0 0 0 0 0 0 0 0 0 0 0 0 0 0 0 0 0 0 0 0 -999
P6330 2049 7 0 0 0 0 0 0 0 0 0 0 0 0 0 0 0 0 0 0 0 0 0 0 0 0 0 0 0 0 0 0 0
P6330 2049 8 0 0 0 0 0 0 0 0 0 0 0 0 0 0 0 0 0 0 0 0 0 0 0 0 0 0 0 0 0 0 0
P6330 2049 9 0 0 0 0 0 0 0 32 0 0 0 0 0 0 0 0 0 0 0 0 37 42 12 7 0 0 0 0 0 0 -999
P6330 2049 10 0 0 0 0 0 0 0 8 0 0 0 7 9 0 12 37 8 0 0 0 0 10 0 14 23 17 11 0 9 12 11
P6330 2049 11 10 22 87 95 50 13 56 99 70 71 160 54 157 79 83 110 64 10 10 6 10 20 4 16 0 0 0 0 0 15 -999
P6330 2049 12 17 93 39 33 7 7 3 13 0 17 5 0 4 0 14 7 8 22 11 78 126 20 13 24 31 21 66 27 56 39 96
P6330 2050 1 164 107 178 59 21 125 8 24 8 13 9 17 35 26 24 37 76 98 5 0 0 0 0 11 12 0 0 0 0 5 10
P6330 2050 2 0 0 0 0 0 1 0 0 0 0 0 0 0 6 4 6 3 0 17 13 15 11 4 14 7 8 0 0 -999 -999 -999
P6330 2050 3 0 26 49 36 49 76 41 13 43 25 31 9 6 6 6 7 31 16 86 13 11 5 0 10 8 14 16 29 39 30 82
P6330 2050 4 34 17 24 9 32 62 37 10 30 9 0 0 15 17 11 7 4 0 0 0 0 0 0 0 7 3 8 6 0 0 -999
P6330 2050 5 6 7 3 7 7 7 0 0 0 0 0 0 0 0 0 0 0 0 0 0 0 9 0 0 0 10 16 14 13 7 0
P6330 2050 6 0 0 0 0 0 0 0 0 0 0 0 0 0 0 0 0 0 0 0 0 0 0 0 0 0 0 0 0 0 0 -999
P6330 2050 7 0 0 0 0 0 0 0 0 0 0 0 0 0 0 0 0 0 0 0 0 0 0 0 0 0 0 0 0 0 0 0
P6330 2050 8 0 0 0 0 0 0 0 0 0 0 0 0 0 0 0 0 0 0 0 0 0 0 16 0 0 0 0 0 0 0 0
P6330 2050 9 0 0 0 0 0 0 0 0 0 0 0 0 0 0 0 0 0 0 0 0 0 0 0 0 0 0 0 0 0 0 -999
P6330 2050 10 41 15 6 0 0 0 0 0 0 0 0 0 8 40 22 29 7 5 0 0 0 20 29 25 19 14 10 7 2 4 8
P6330 2050 11 12 13 0 12 19 50 57 153 104 53 72 132 101 25 0 0 0 0 8 4 49 68 179 24 23 8 99 16 2 16 -999
P6330 2050 12 7 11 19 0 0 0 11 4 2 0 3 3 0 0 0 1 0 3 4 7 8 6 0 0 0 0 0 0 0 0 3
P6330 2051 1 0 6 0 0 0 0 0 0 0 7 0 0 0 11 4 0 0 2 0 2 1 0 0 0 0 0 0 0 0 0 0
P6330 2051 2 0 5 6 7 30 10 0 0 0 0 7 3 0 0 0 7 2 2 5 19 3 0 0 6 7 6 0 0 -999 -999 -999
P6330 2051 3 0 2 0 0 0 2 0 3 5 7 38 50 36 5 12 0 0 87 59 25 10 0 0 0 0 0 0 0 0 0 17
P6330 2051 4 21 10 0 0 13 28 26 15 8 29 14 8 34 13 17 17 11 20 22 36 6 5 17 0 0 0 0 0 0 0 -999
P6330 2051 5 0 0 0 0 0 0 0 0 0 0 31 36 35 8 3 0 0 0 0 0 0 0 27 58 54 41 18 0 0 0 0
P6330 2051 6 0 0 0 0 0 0 0 0 0 0 0 0 0 0 0 0 0 0 0 0 0 0 0 0 0 0 0 0 0 0 -999
P6330 2051 7 0 0 0 0 0 0 0 0 0 0 0 0 0 0 0 0 0 0 0 0 0 0 0 0 0 0 0 0 0 0 0
P6330 2051 8 0 0 0 0 0 0 0 0 0 0 0 0 0 0 0 0 0 0 0 0 0 0 0 0 0 0 0 0 0 0 0
P6330 2051 9 0 0 0 0 0 0 0 0 0 0 18 37 39 15 0 0 0 0 0 0 0 0 0 0 0 29 0 0 0 0 -999
P6330 2051 10 0 0 0 59 48 0 0 0 45 64 0 21 0 10 0 0 0 0 0 0 0 0 0 5 4 0 60 89 58 42 44
P6330 2051 11 25 60 49 13 8 3 0 0 0 0 0 0 0 2 4 9 8 9 0 0 0 3 0 6 7 0 0 0 9 5 -999
P6330 2051 12 6 0 5 18 40 6 4 60 77 7 66 75 32 17 114 227 41 75 9 0 0 0 0 0 0 0 0 0 0 0 0
P6330 2052 1 0 0 0 0 0 0 0 3 9 4 0 0 0 26 25 5 0 15 8 0 0 0 6 5 0 0 39 103 103 63 49
P6330 2052 2 13 44 135 69 22 157 86 40 19 63 72 41 15 8 38 74 29 20 39 15 0 0 0 32 34 9 2 8 -999 -999 -999
P6330 2052 3 0 0 0 0 0 0 0 12 11 0 0 0 0 6 20 60 33 73 67 64 6 7 94 5 0 0 0 0 0 0 0
P6330 2052 4 0 0 0 0 0 0 15 4 0 0 0 4 4 0 0 0 8 0 0 0 0 0 0 0 0 0 0 0 0 7 -999
P6330 2052 5 0 0 0 0 0 0 0 0 0 0 0 15 29 45 35 13 13 17 42 7 0 0 0 0 5 0 0 0 0 0 0
P6330 2052 6 0 0 0 0 0 0 0 0 0 0 0 0 0 0 0 0 0 0 0 0 0 0 0 0 13 11 0 0 0 0 -999
P6330 2052 7 0 0 0 0 0 0 0 0 0 0 0 0 0 0 0 0 0 0 0 0 0 0 0 0 0 0 0 0 0 0 0
P6330 2052 8 36 35 14 0 0 0 0 0 0 0 0 0 0 0 0 0 0 0 0 0 0 0 0 0 0 0 0 0 0 0 0
P6330 2052 9 0 0 0 0 0 0 0 0 0 0 0 0 0 0 0 0 0 0 0 0 0 0 0 0 0 0 0 0 0 0 -999
P6330 2052 10 0 0 0 0 0 0 0 0 0 0 0 0 0 0 8 0 0 0 0 0 0 0 0 0 32 30 0 0 0 0 5
P6330 2052 11 8 31 10 7 0 0 0 0 0 0 0 0 0 0 0 0 0 7 59 13 149 52 20 7 37 10 31 7 6 8 -999
P6330 2052 12 9 12 30 10 6 7 0 0 0 0 0 5 15 61 8 5 10 17 8 13 41 17 11 11 13 7 15 0 20 15 13
P6330 2053 1 5 9 3 4 2 2 4 13 100 114 185 103 123 8 30 51 37 6 4 0 0 0 37 18 13 13 14 18 24 30 51
P6330 2053 2 34 83 55 31 41 30 73 16 28 16 0 6 6 9 10 12 17 19 9 4 3 5 17 45 31 125 84 15 -999 -999 -999
P6330 2053 3 0 0 0 0 0 0 0 0 0 0 0 0 0 0 0 0 0 0 0 0 0 0 0 0 0 0 0 6 9 0 55
P6330 2053 4 41 25 8 8 6 0 0 0 0 0 7 30 39 65 40 7 4 0 0 0 0 0 0 52 179 90 120 0 0 0 -999
P6330 2053 5 0 0 4 0 0 0 0 0 0 0 0 0 0 0 0 0 0 0 0 0 0 0 0 0 0 0 0 0 0 7 7
P6330 2053 6 0 0 0 0 0 0 0 0 0 0 0 0 0 0 0 0 0 25 20 0 0 0 0 0 0 0 0 0 0 0 -999
P6330 2053 7 0 0 0 0 0 0 0 0 0 0 0 0 0 0 0 0 0 0 0 0 0 0 0 0 0 0 0 0 0 0 0
P6330 2053 8 0 0 0 0 0 0 0 0 0 0 0 0 0 0 0 0 0 0 0 0 0 0 0 0 69 49 0 0 0 0 0
P6330 2053 9 0 0 0 0 0 0 0 0 0 0 0 9 0 0 13 36 0 0 13 40 65 39 31 0 0 0 0 59 50 15 -999
P6330 2053 10 7 0 0 0 0 0 0 39 16 0 0 0 0 0 0 0 0 0 0 0 0 0 0 0 0 0 0 0 0 0 0
P6330 2053 11 0 0 3 5 5 0 0 0 0 0 20 9 0 0 73 53 210 62 219 43 141 15 22 26 6 4 0 0 0 0 -999
P6330 2053 12 0 0 0 2 0 0 0 0 0 10 27 103 49 62 13 28 31 32 22 9 5 5 17 56 25 10 0 0 0 0 15
P6330 2054 1 70 11 10 33 19 28 18 12 5 0 6 9 0 0 0 2 20 35 17 8 7 6 3 3 4 0 0 0 0 0 0
P6330 2054 2 0 9 11 27 53 50 31 16 4 0 0 3 2 2 0 0 0 2 0 4 3 2 7 5 0 0 0 0 -999 -999 -999
P6330 2054 3 0 0 0 0 0 0 0 2 2 0 0 0 4 0 37 9 29 16 0 4 0 15 18 3 4 22 14 14 71 15 83
P6330 2054 4 18 31 18 32 12 16 22 19 5 58 9 0 0 0 45 6 5 25 23 50 37 11 10 31 50 55 14 8 0 0 -999
P6330 2054 5 0 26 24 6 5 5 0 16 61 61 17 22 5 0 0 0 0 0 0 0 3 0 0 0 0 0 0 0 0 0 0
P6330 2054 6 0 0 0 0 0 0 0 0 0 0 0 0 0 0 0 0 0 0 0 0 0 0 0 0 0 0 0 0 0 0 -999
P6330 2054 7 0 0 0 0 0 0 0 0 0 0 0 0 0 0 0 0 0 21 16 0 0 0 0 0 0 0 0 0 0 0 0
P6330 2054 8 0 0 0 0 0 0 0 0 0 0 0 0 0 0 0 0 0 0 0 0 0 0 0 0 0 0 0 0 0 0 0
P6330 2054 9 0 0 0 0 0 0 0 0 0 0 0 0 0 0 0 0 0 0 0 0 0 0 28 15 19 36 0 0 0 0 -999
P6330 2054 10 0 0 0 0 0 0 0 18 21 0 35 25 13 5 0 0 0 0 0 0 48 49 7 8 7 6 0 0 7 24 62
P6330 2054 11 153 116 77 43 108 35 10 62 38 0 0 0 0 0 0 10 12 0 0 0 0 0 0 0 2 3 6 16 63 20 -999
P6330 2054 12 55 15 8 0 0 1 0 0 0 5 3 4 31 30 23 0 0 0 0 0 0 0 3 5 0 0 0 0 0 0 0
P6330 2055 1 0 0 4 42 116 53 30 20 0 40 68 77 72 36 75 64 48 61 82 92 68 122 80 10 6 5 4 3 5 4 5
P6330 2055 2 3 0 0 0 0 2 3 2 3 2 0 0 4 4 7 43 7 9 3 3 6 7 0 0 0 0 0 0 -999 -999 -999
P6330 2055 3 0 24 52 38 9 20 36 18 162 132 40 16 43 26 8 7 18 31 5 9 3 7 13 40 16 54 45 11 34 48 4
P6330 2055 4 0 0 0 0 0 10 65 15 28 25 13 6 8 7 9 0 0 0 0 49 80 35 73 103 62 55 46 23 8 13 -999
P6330 2055 5 11 70 109 61 13 0 185 276 71 0 0 13 14 18 16 0 0 0 0 0 0 0 0 0 0 0 0 0 0 20 0
P6330 2055 6 0 0 0 0 0 0 0 0 0 0 0 0 0 0 46 17 8 11 8 9 5 7 0 0 0 0 0 0 0 0 -999
P6330 2055 7 0 0 0 0 0 0 0 0 0 0 0 0 0 0 0 0 0 0 0 0 0 0 0 0 0 0 0 0 0 0 0
P6330 2055 8 0 0 0 0 0 0 0 0 0 0 0 0 0 0 0 0 0 0 0 0 0 0 0 0 0 0 0 0 0 0 0
P6330 2055 9 0 0 0 0 0 0 0 0 0 0 0 0 0 0 0 0 0 0 0 0 0 0 0 0 14 0 0 0 0 0 -999
P6330 2055 10 0 0 0 0 0 0 0 20 7 0 0 27 8 0 5 0 0 3 9 10 4 2 16 83 12 7 3 0 0 0 0
P6330 2055 11 9 14 0 0 8 82 71 60 7 0 0 0 0 10 0 14 5 0 0 0 5 3 7 15 5 0 0 0 4 11 -999
P6330 2055 12 37 35 7 5 0 0 0 0 0 16 44 65 34 18 34 38 14 8 11 106 138 52 7 0 0 0 0 0 0 4 11
P6330 2056 1 4 0 0 4 2 4 89 8 9 0 2 0 0 0 0 4 3 2 1 3 25 19 106 12 30 6 18 39 2 2 3
P6330 2056 2 0 0 0 0 0 0 0 0 0 0 0 0 0 0 0 0 6 0 0 2 7 9 9 0 0 0 0 0 -999 -999 -999
P6330 2056 3 0 9 11 3 0 0 10 8 16 37 3 0 0 0 0 42 12 5 2 2 3 0 0 5 0 30 29 29 9 20 0
P6330 2056 4 0 0 0 0 0 12 11 6 8 0 5 0 0 0 0 8 9 8 21 24 10 12 32 17 11 19 21 22 5 0 -999
P6330 2056 5 7 14 29 8 8 36 8 0 0 0 5 12 9 0 0 0 0 0 0 0 0 0 0 8 22 7 13 6 6 0 0
P6330 2056 6 22 13 0 0 0 6 11 0 0 0 0 0 0 0 0 0 0 0 0 0 0 0 0 0 0 0 0 0 0 0 -999
P6330 2056 7 0 0 0 0 0 0 0 0 0 0 0 0 0 0 0 0 0 0 0 0 0 0 0 0 0 0 0 0 0 0 0
P6330 2056 8 0 0 0 0 0 0 0 0 0 0 0 0 0 0 0 0 0 0 0 0 0 0 0 0 0 0 0 0 0 0 0
P6330 2056 9 0 0 0 0 0 0 0 0 0 0 0 0 0 0 0 0 0 0 0 0 0 0 0 0 0 0 0 0 16 32 -999
P6330 2056 10 0 32 7 0 0 0 0 0 0 0 0 0 0 0 0 0 0 0 0 0 0 0 9 75 78 14 0 0 0 0 0
P6330 2056 11 0 0 0 14 43 25 43 23 5 0 0 0 0 13 0 0 0 0 14 14 7 9 3 16 53 41 78 142 63 76 -999
P6330 2056 12 68 96 68 33 175 121 163 45 40 103 106 35 7 23 43 117 26 76 43 50 77 12 5 0 0 0 0 0 0 0 0
P6330 2057 1 0 2 0 0 3 5 13 14 7 5 0 0 4 4 0 0 0 0 0 0 0 0 0 2 3 39 104 122 32 13 47
P6330 2057 2 14 9 10 16 58 108 64 120 68 41 3 0 0 0 3 0 0 6 21 121 10 7 10 13 11 8 0 0 -999 -999 -999
P6330 2057 3 0 0 0 3 16 8 6 3 0 3 3 0 0 0 0 0 15 0 0 0 0 0 0 8 5 6 5 3 3 3 5
P6330 2057 4 5 0 0 0 0 0 0 9 18 23 45 18 15 9 48 69 35 25 10 7 7 9 0 0 0 0 0 6 0 0 -999
P6330 2057 5 0 0 0 0 0 0 0 0 0 0 0 7 8 8 19 27 39 17 7 0 0 0 0 0 13 20 11 23 24 10 8
P6330 2057 6 8 8 0 0 0 0 0 0 0 0 0 0 0 0 0 0 0 0 0 0 0 0 0 0 0 0 0 0 0 0 -999
P6330 2057 7 0 0 0 0 0 0 0 0 0 0 0 0 0 0 0 0 0 0 0 0 0 0 0 0 0 0 0 0 0 0 0
P6330 2057 8 0 0 0 0 0 0 0 0 0 0 0 0 0 0 0 0 0 0 0 0 0 0 0 0 0 0 0 0 0 0 0
P6330 2057 9 0 0 0 0 0 0 0 0 0 0 0 0 0 0 0 0 0 0 0 0 0 0 0 0 0 33 16 0 0 0 -999
P6330 2057 10 0 0 6 0 0 0 0 0 0 0 0 0 0 0 16 13 17 0 0 0 0 0 0 0 0 0 0 0 0 3 12
P6330 2057 11 12 11 90 85 15 61 0 14 23 30 106 65 15 21 7 19 20 13 4 8 14 9 0 0 0 0 0 0 0 0 -999
P6330 2057 12 0 0 0 0 0 1 0 3 20 22 44 77 134 21 13 7 0 0 0 0 0 0 0 0 0 0 0 0 0 6 3
P6330 2058 1 0 0 0 0 0 0 0 0 11 29 5 4 4 43 22 0 0 0 0 0 0 0 0 0 0 3 10 7 5 10 4
P6330 2058 2 12 2 0 0 0 0 0 0 0 0 2 3 12 4 13 2 0 0 0 0 0 0 0 0 0 0 0 0 -999 -999 -999
P6330 2058 3 0 0 0 0 0 0 0 0 0 0 0 0 0 0 0 0 0 3 0 4 37 19 7 42 60 70 7 0 0 4 0
P6330 2058 4 0 0 0 0 5 6 0 0 0 13 7 8 5 0 0 0 0 6 7 7 6 0 0 0 0 0 0 0 0 0 -999
P6330 2058 5 0 0 0 0 0 0 0 13 0 0 0 0 0 0 0 0 0 0 0 0 0 0 0 5 0 0 0 11 14 17 10
P6330 2058 6 14 0 0 0 0 0 0 0 0 0 0 0 0 0 0 0 0 0 0 0 0 0 0 0 0 0 0 0 0 0 -999
P6330 2058 7 0 0 0 0 0 0 0 0 0 0 0 0 0 0 0 0 0 0 0 0 0 0 0 0 0 0 0 0 0 0 0
P6330 2058 8 0 0 0 0 0 0 0 0 0 0 0 0 0 0 0 0 0 0 0 0 0 0 0 0 0 0 0 0 0 0 0
P6330 2058 9 0 0 0 0 0 0 0 0 0 0 0 0 0 0 0 0 0 0 0 0 0 0 16 0 0 0 0 0 0 0 -999
P6330 2058 10 0 0 0 0 0 0 0 0 0 0 0 0 0 0 0 0 0 0 0 0 0 4 6 6 0 0 0 0 0 0 0
P6330 2058 11 0 0 0 0 0 0 0 16 29 18 37 15 7 12 14 46 18 217 123 147 11 14 17 4 6 26 47 106 79 39 -999
P6330 2058 12 6 20 10 4 0 2 4 1 6 0 0 0 0 0 8 3 8 48 88 128 45 27 4 12 10 21 63 29 7 17 86
P6330 2059 1 9 120 10 10 7 7 4 0 0 0 0 0 0 3 21 4 0 0 7 6 15 6 4 0 6 3 0 0 0 0 0
P6330 2059 2 0 0 0 0 0 0 0 0 0 0 0 0 0 0 0 2 0 0 0 0 0 0 0 0 0 0 0 0 -999 -999 -999
P6330 2059 3 0 0 0 0 0 0 0 0 0 0 0 11 9 7 0 0 0 0 0 3 46 10 13 57 11 66 10 9 9 7 6
P6330 2059 4 2 0 0 0 0 0 0 0 0 0 0 0 0 0 0 0 0 0 0 0 4 3 4 16 14 0 0 0 27 7 -999
P6330 2059 5 0 0 12 44 32 11 14 21 16 13 10 0 0 0 0 0 0 7 0 0 0 0 0 0 0 0 0 0 0 0 0
P6330 2059 6 0 0 0 0 0 0 0 0 0 0 0 0 0 0 0 0 0 0 0 0 0 0 0 0 0 0 0 0 0 0 -999
P6330 2059 7 0 0 0 0 0 0 0 0 0 0 0 0 0 0 0 0 8 0 0 0 0 0 0 0 0 0 0 0 0 0 0
P6330 2059 8 0 0 0 0 0 0 0 0 0 0 0 0 0 0 0 0 0 0 0 0 0 0 0 0 0 0 0 0 0 0 0
P6330 2059 9 0 0 0 0 0 0 0 0 0 0 0 0 0 0 0 0 0 0 0 0 0 0 0 25 18 0 0 0 0 0 -999
P6330 2059 10 0 0 0 0 0 0 0 0 0 0 0 0 0 0 17 22 0 0 0 11 39 101 126 61 15 19 8 0 0 36 13
P6330 2059 11 29 46 35 53 52 0 0 0 5 8 67 8 3 19 101 61 8 7 5 0 7 7 42 17 6 0 17 7 4 3 -999
P6330 2059 12 0 0 0 0 0 0 0 8 14 20 7 4 7 8 7 0 0 0 0 0 0 0 0 0 0 1 4 47 106 35 6
P6330 2060 1 5 21 35 46 58 36 0 0 0 5 3 0 0 0 0 0 0 0 0 0 0 0 0 0 0 4 3 4 0 0 0
P6330 2060 2 0 0 0 5 24 8 20 11 40 13 40 74 14 94 109 59 37 42 18 8 30 14 29 18 62 8 19 16 -999 -999 -999
P6330 2060 3 99 39 51 25 26 61 69 67 27 11 0 0 0 0 0 0 98 43 77 86 84 60 15 7 2 0 2 34 9 9 4
P6330 2060 4 0 0 0 0 0 0 0 0 0 8 15 13 0 0 0 0 0 0 0 0 0 0 0 0 0 0 0 0 0 0 -999
P6330 2060 5 0 0 0 0 0 0 0 0 0 0 0 0 0 0 0 0 0 0 0 0 0 0 0 0 0 0 0 0 19 0 0
P6330 2060 6 19 31 28 0 31 39 46 28 11 6 7 6 6 10 0 0 0 0 0 0 0 0 0 0 0 0 0 0 0 0 -999
P6330 2060 7 0 0 0 0 0 0 0 0 0 0 0 0 0 0 0 0 0 0 0 0 0 0 0 0 0 0 0 0 0 0 0
P6330 2060 8 0 0 0 0 0 0 0 0 0 0 0 0 0 0 0 0 0 0 0 0 0 0 0 0 0 0 0 0 0 0 0
P6330 2060 9 0 0 0 0 0 0 0 0 0 0 0 0 0 0 0 8 0 0 0 0 0 0 0 0 0 49 24 0 0 0 -999
P6330 2060 10 0 0 0 0 0 0 0 0 0 0 7 63 26 55 8 6 0 3 0 0 9 7 12 5 22 0 0 17 16 12 108
P6330 2060 11 58 15 12 10 0 0 0 3 11 4 0 9 7 6 5 6 0 18 7 6 0 0 0 0 3 10 12 7 12 7 -999
P6330 2060 12 0 5 14 8 18 34 8 0 7 8 0 0 0 9 7 35 13 23 8 44 106 6 4 6 5 7 6 6 6 0 0
P6330 2061 1 0 0 0 2 0 0 0 0 0 2 4 0 0 12 4 0 27 7 112 23 46 95 79 75 103 103 181 66 32 36 32
P6330 2061 2 6 0 0 0 7 0 0 0 15 37 39 28 10 59 72 12 6 20 5 55 13 41 7 7 11 7 15 10 -999 -999 -999
P6330 2061 3 182 53 31 54 8 7 12 8 11 12 118 11 45 18 51 32 12 30 63 13 8 5 0 0 0 0 0 0 0 0 0
P6330 2061 4 0 0 5 7 9 17 33 196 143 21 43 44 25 16 14 0 121 77 23 10 7 0 0 7 16 11 11 0 0 0 -999
P6330 2061 5 0 0 31 13 12 6 0 0 0 0 0 0 0 0 0 0 0 0 0 0 0 0 0 0 0 0 0 0 0 0 0
P6330 2061 6 0 0 0 0 0 0 0 0 0 0 0 0 0 0 0 0 0 0 0 0 0 0 0 0 0 0 0 0 0 0 -999
P6330 2061 7 0 0 0 0 0 0 0 0 0 0 0 0 0 0 0 0 0 0 0 0 0 0 0 0 0 0 0 0 0 0 0
P6330 2061 8 0 0 0 0 0 0 0 0 0 0 0 0 0 0 0 0 0 0 0 0 0 0 0 0 0 0 0 0 0 0 0
P6330 2061 9 0 0 0 0 0 0 0 0 0 0 0 0 0 0 0 16 54 73 120 75 65 18 0 0 0 0 0 0 0 0 -999
P6330 2061 10 0 23 19 9 0 9 31 10 68 28 0 0 0 4 0 0 6 7 0 0 16 0 0 0 22 39 83 26 4 0 6
P6330 2061 11 0 0 9 0 0 0 4 12 8 6 6 0 0 0 0 0 0 7 10 0 0 0 0 0 0 0 0 3 6 6 -999
P6330 2061 12 26 82 87 0 0 0 0 3 0 3 4 4 3 0 0 0 0 14 10 2 3 0 0 0 0 0 0 0 4 15 0
P6330 2062 1 0 0 0 0 0 0 0 0 0 0 0 9 21 9 58 71 22 28 6 0 3 2 2 0 0 4 4 22 23 36 148
P6330 2062 2 65 34 10 10 8 33 72 68 32 11 5 0 0 0 0 0 11 22 15 8 25 56 46 63 82 45 50 7 -999 -999 -999
P6330 2062 3 0 0 0 0 0 14 3 0 0 6 4 0 3 12 0 0 0 0 0 0 0 0 15 15 6 50 6 0 0 0 0
P6330 2062 4 0 10 8 0 2 13 0 0 36 32 33 8 0 0 0 0 0 5 0 0 5 0 7 54 14 10 0 0 0 0 -999
P6330 2062 5 0 0 39 11 0 0 0 18 15 0 0 0 0 0 0 0 0 0 13 0 0 0 0 0 0 0 0 12 15 8 12
P6330 2062 6 7 5 0 0 0 0 0 0 0 0 0 0 0 0 0 0 0 0 0 0 0 0 0 0 0 0 0 0 0 0 -999
P6330 2062 7 0 0 0 0 0 0 0 0 0 0 0 0 0 0 0 0 0 0 0 0 0 0 0 0 0 0 0 0 0 0 0
P6330 2062 8 0 0 0 0 0 0 0 0 0 0 0 0 0 0 0 0 0 0 0 0 0 0 0 0 0 0 0 0 0 0 0
P6330 2062 9 0 0 0 0 0 0 0 0 0 0 0 0 0 0 0 0 0 0 0 0 0 0 0 0 0 0 0 0 0 0 -999
P6330 2062 10 0 0 0 0 0 0 33 32 0 0 0 0 0 0 0 0 0 0 15 44 17 40 38 11 20 31 74 70 9 4 0
P6330 2062 11 0 0 9 12 116 96 8 0 0 8 28 6 0 6 3 0 0 26 8 31 47 8 61 40 49 7 3 5 0 5 -999
P6330 2062 12 7 0 0 0 0 0 8 0 10 58 56 9 0 0 0 23 4 2 4 6 8 9 18 13 13 2 0 0 2 0 0
P6330 2063 1 0 0 0 3 2 2 0 0 0 0 0 0 1 1 0 0 0 0 0 3 4 2 0 7 0 7 52 8 0 0 0
P6330 2063 2 0 0 0 0 0 0 9 13 10 2 0 0 2 2 19 2 3 0 0 0 5 7 8 5 0 0 0 3 -999 -999 -999
P6330 2063 3 5 4 5 0 0 0 10 7 7 10 33 12 63 42 71 46 8 10 7 16 18 26 15 124 171 50 64 69 44 7 0
P6330 2063 4 14 16 8 8 0 0 0 0 0 87 55 10 6 5 2 17 24 36 0 0 0 13 9 7 10 4 7 22 10 6 -999
P6330 2063 5 4 0 0 0 0 0 0 0 0 4 6 8 24 19 10 8 6 7 8 9 14 11 4 0 0 0 0 0 0 0 0
P6330 2063 6 0 0 0 0 0 0 0 0 0 0 0 0 0 0 0 0 0 0 0 0 0 0 0 0 0 0 0 0 0 0 -999
P6330 2063 7 0 0 0 0 0 0 0 0 0 0 0 0 0 0 0 0 0 0 0 0 0 0 0 0 0 0 0 0 0 0 0
P6330 2063 8 0 0 0 0 0 0 0 0 0 0 0 0 0 0 0 0 0 0 0 0 0 0 0 0 0 0 0 0 0 0 0
P6330 2063 9 0 0 0 0 0 0 0 0 0 0 0 0 0 0 0 0 0 0 0 0 0 0 0 0 0 28 74 6 6 0 -999
P6330 2063 10 0 0 0 0 0 13 0 0 12 24 66 8 4 18 14 8 9 0 7 48 25 52 8 0 0 0 7 40 10 14 0
P6330 2063 11 0 0 0 0 0 0 0 0 0 0 0 0 0 0 0 0 0 0 0 0 0 5 0 5 33 6 0 26 11 22 -999
P6330 2063 12 33 32 54 0 13 33 26 11 3 16 7 46 9 20 9 0 14 18 4 0 0 0 16 18 10 12 14 10 13 43 6
P6330 2064 1 0 5 4 25 7 13 0 0 3 18 68 114 25 37 7 7 7 16 0 0 32 46 27 0 0 0 11 8 14 5 0
P6330 2064 2 2 0 0 0 0 0 0 0 0 0 0 0 15 42 20 13 17 11 3 0 0 0 0 0 6 19 37 25 -999 -999 -999
P6330 2064 3 5 13 51 98 74 39 15 3 4 19 43 15 5 5 0 6 0 7 6 7 0 6 51 7 8 0 3 0 0 20 14
P6330 2064 4 8 10 16 39 0 0 0 4 6 5 0 0 0 0 0 0 9 11 8 7 0 0 13 39 16 10 22 31 0 0 -999
P6330 2064 5 0 6 7 0 0 0 0 0 0 0 0 0 0 4 0 0 0 0 0 0 0 0 0 0 0 0 0 0 0 0 0
P6330 2064 6 0 0 0 0 0 0 0 0 0 0 0 0 0 0 0 0 0 0 0 0 0 0 0 0 0 0 0 0 0 0 -999
P6330 2064 7 0 0 0 0 0 0 0 0 0 0 0 0 0 0 0 0 0 0 0 0 0 0 0 0 0 0 0 0 0 0 0
P6330 2064 8 0 0 0 0 0 0 0 0 0 0 0 0 0 0 0 0 0 0 0 0 0 0 0 0 0 0 0 0 0 0 0
P6330 2064 9 0 0 0 0 0 0 0 0 0 0 0 0 0 0 0 0 0 0 0 0 0 0 0 0 0 0 19 14 0 0 -999
P6330 2064 10 0 8 0 10 0 0 0 0 0 14 0 0 0 0 0 0 0 0 0 0 8 6 10 26 8 7 5 0 0 0 0
P6330 2064 11 0 0 0 0 0 9 7 7 8 11 0 0 0 4 7 6 0 0 0 0 0 0 7 44 15 14 13 30 49 8 -999
P6330 2064 12 0 5 2 4 5 0 8 11 34 80 49 20 0 0 0 0 3 2 6 59 34 93 13 6 3 13 21 46 13 63 46
P6330 2065 1 16 35 10 5 4 9 128 127 54 115 15 8 6 5 0 0 0 0 0 0 0 0 4 0 0 0 0 0 0 0 1
P6330 2065 2 9 20 12 42 4 0 0 0 0 0 3 0 0 0 0 0 0 0 2 4 8 0 4 0 12 14 0 2 -999 -999 -999
P6330 2065 3 5 0 0 0 4 13 19 5 5 20 0 0 0 0 0 0 0 7 0 0 0 16 0 28 16 60 39 46 15 28 60
P6330 2065 4 31 12 40 7 4 0 0 0 0 0 44 150 161 66 43 0 0 0 0 0 0 0 0 0 9 15 6 0 10 7 -999
P6330 2065 5 8 0 8 3 9 0 8 11 10 7 6 0 0 0 0 4 13 0 0 0 4 0 0 0 0 0 0 0 0 0 8
P6330 2065 6 13 15 12 19 15 10 10 4 4 0 17 57 11 0 0 0 0 0 0 0 0 0 0 0 0 0 0 0 0 0 -999
P6330 2065 7 0 0 0 0 0 0 0 0 0 0 0 0 0 0 0 0 0 0 0 0 0 0 0 0 0 0 0 0 0 0 0
P6330 2065 8 0 0 0 0 0 0 0 0 0 0 0 0 0 0 0 0 0 0 0 0 0 0 0 0 0 0 0 0 0 0 0
P6330 2065 9 0 0 0 0 0 0 0 0 0 0 0 0 0 0 0 0 0 0 0 26 52 58 72 103 63 41 21 14 0 0 -999
P6330 2065 10 0 0 0 0 0 0 0 0 0 0 16 8 0 0 0 17 35 62 76 8 0 0 8 0 0 0 0 0 0 0 0
P6330 2065 11 4 0 0 0 36 25 25 27 7 8 0 9 19 13 12 0 0 0 0 0 0 0 0 0 3 3 0 0 0 0 -999
P6330 2065 12 0 0 0 0 3 3 0 0 0 5 25 94 21 0 0 0 0 0 4 10 29 16 79 62 30 55 9 21 6 0 4
P6330 2066 1 3 0 3 5 19 0 0 0 2 5 5 5 3 4 8 12 24 3 0 0 0 0 0 0 0 0 0 0 0 0 0
P6330 2066 2 0 0 0 0 0 5 17 13 9 0 0 0 0 0 0 0 0 15 18 5 0 0 0 19 6 52 3 13 -999 -999 -999
P6330 2066 3 100 72 69 68 73 73 47 58 68 30 21 24 8 23 26 37 9 4 0 24 37 12 9 7 11 0 0 21 9 9 39
P6330 2066 4 19 9 0 0 0 0 60 102 6 0 0 0 0 0 0 7 13 12 4 0 0 0 0 0 0 0 0 0 0 0 -999
P6330 2066 5 0 0 0 0 0 0 0 0 0 0 0 0 0 0 0 0 0 0 0 0 0 0 0 0 0 0 0 0 0 0 19
P6330 2066 6 0 0 0 0 0 0 0 0 0 0 0 0 0 0 0 0 0 0 0 0 0 0 0 0 0 0 0 0 0 0 -999
P6330 2066 7 0 0 0 0 0 0 0 0 0 0 0 0 0 0 0 0 0 0 0 0 0 0 0 0 0 0 0 0 0 0 0
P6330 2066 8 0 0 0 0 0 0 0 0 0 0 0 0 0 0 0 0 0 0 0 0 0 0 0 0 0 0 0 0 0 0 0
P6330 2066 9 0 0 0 0 0 0 0 0 0 0 0 0 0 0 0 0 0 0 0 0 0 0 0 0 0 0 0 0 0 0 -999
P6330 2066 10 0 0 0 0 0 0 0 0 0 0 0 9 52 30 27 58 75 20 8 8 0 0 25 0 18 18 31 23 19 14 87
P6330 2066 11 21 12 15 14 13 26 42 56 59 40 0 0 0 0 0 19 16 16 25 45 88 131 9 0 8 31 68 48 180 197 -999
P6330 2066 12 118 218 62 0 0 0 5 7 10 8 5 81 100 195 24 12 138 31 6 0 1 3 12 8 7 38 48 29 13 14 16
P6330 2067 1 18 50 61 86 56 42 36 53 19 11 17 60 76 66 53 34 65 166 72 6 3 30 51 46 31 20 17 9 18 13 9
P6330 2067 2 8 8 7 3 0 0 2 17 68 4 12 43 8 0 0 0 0 4 8 7 8 10 7 5 0 0 5 3 -999 -999 -999
P6330 2067 3 3 3 4 12 3 0 0 0 3 3 6 13 10 4 4 8 16 0 0 0 0 0 0 0 6 11 28 45 7 6 0
P6330 2067 4 0 0 0 0 0 6 11 22 11 6 0 0 4 17 13 9 7 7 7 7 6 0 0 2 10 16 10 14 0 5 -999
P6330 2067 5 0 0 0 0 10 30 33 9 0 12 10 8 12 20 11 0 7 14 35 67 25 12 4 0 0 0 0 0 0 0 0
P6330 2067 6 0 0 0 0 0 0 0 60 0 0 0 0 0 0 0 0 0 0 0 0 0 0 0 0 0 0 0 0 0 0 -999
P6330 2067 7 0 0 0 0 0 0 0 0 0 0 0 0 0 0 0 0 0 0 0 0 0 0 0 0 0 0 0 0 0 0 0
P6330 2067 8 0 0 0 0 0 0 0 0 0 0 0 0 0 0 0 0 0 0 0 0 0 0 0 0 0 0 0 0 0 0 0
P6330 2067 9 0 0 0 0 0 0 0 0 0 0 0 0 0 0 0 0 0 0 0 0 0 0 0 0 0 0 12 0 0 0 -999
P6330 2067 10 0 0 0 0 0 9 33 45 12 5 0 8 0 0 0 0 0 0 0 0 0 0 0 0 0 0 0 0 14 11 43
P6330 2067 11 11 54 100 50 15 31 125 54 85 31 14 38 14 13 16 11 6 55 136 40 0 0 0 6 8 7 7 5 9 8 -999
P6330 2067 12 8 0 0 26 64 81 7 0 38 56 73 97 13 12 8 0 0 0 0 22 9 13 5 0 0 0 0 0 0 0 0
P6330 2068 1 1 0 0 0 0 0 0 0 2 20 24 12 4 0 0 2 4 6 3 5 5 7 20 39 8 20 3 2 66 47 102
P6330 2068 2 10 13 6 3 4 18 11 42 79 57 16 15 26 0 38 29 8 0 0 3 7 0 6 7 8 0 0 0 -999 -999 -999
P6330 2068 3 0 0 3 7 9 7 0 0 40 83 36 16 0 0 0 21 18 0 0 16 5 0 8 18 0 0 0 0 0 13 0
P6330 2068 4 7 6 0 14 28 13 5 0 0 0 0 0 0 0 0 0 0 0 0 0 0 0 7 7 6 3 0 14 7 0 -999
P6330 2068 5 0 0 9 43 186 0 0 7 3 9 10 46 38 9 29 13 6 7 8 10 8 0 0 0 0 0 0 0 0 0 0
P6330 2068 6 0 0 0 0 0 0 0 0 0 0 0 0 0 0 0 0 0 0 0 0 0 0 0 0 0 0 0 0 0 0 -999
P6330 2068 7 0 0 0 0 0 0 0 0 0 0 0 0 0 0 0 0 0 0 0 0 0 0 0 0 0 0 0 0 0 0 0
P6330 2068 8 0 0 0 0 0 0 0 0 0 0 0 0 0 0 0 0 0 0 0 0 0 0 0 0 0 0 0 0 0 0 0
P6330 2068 9 0 0 0 0 0 0 0 0 0 0 0 0 0 0 0 0 0 12 0 0 45 61 68 34 25 0 17 14 14 0 -999
P6330 2068 10 10 21 0 0 0 0 6 17 9 0 0 0 24 18 5 0 0 0 0 11 28 16 77 19 6 10 0 0 16 10 19
P6330 2068 11 0 0 0 0 0 0 0 0 0 0 0 0 0 0 5 41 9 11 8 4 29 69 13 40 16 0 0 0 24 41 -999
P6330 2068 12 5 19 24 15 128 43 10 14 19 9 22 10 13 5 28 49 101 99 54 19 15 4 0 0 0 20 17 10 0 0 0
P6330 2069 1 0 0 0 0 0 2 8 7 7 68 42 10 6 2 0 0 0 0 0 0 0 0 5 8 15 22 19 48 120 110 209
P6330 2069 2 66 31 22 15 130 19 14 39 110 53 9 8 9 13 5 5 0 0 0 0 0 0 2 6 4 0 0 3 -999 -999 -999
P6330 2069 3 58 69 9 13 26 25 29 40 23 21 21 7 0 0 0 0 0 0 0 0 2 0 0 5 7 0 5 17 52 14 0
P6330 2069 4 4 0 0 0 0 0 28 37 12 21 166 86 12 32 64 51 29 50 100 47 10 4 0 0 0 0 0 19 88 52 -999
P6330 2069 5 65 24 8 6 7 54 63 38 11 11 0 0 0 0 0 0 3 0 7 16 9 0 0 0 8 0 0 7 6 6 0
P6330 2069 6 0 0 0 0 0 0 0 0 0 0 0 0 0 0 0 0 0 0 0 0 0 0 0 0 0 0 0 0 0 0 -999
P6330 2069 7 0 11 0 0 0 0 0 0 0 0 0 0 0 0 0 0 0 0 0 0 0 0 0 0 0 0 0 0 0 0 0
P6330 2069 8 0 0 0 0 0 0 0 0 0 0 0 0 0 0 0 0 0 0 0 0 0 0 0 0 0 0 0 0 0 0 0
P6330 2069 9 0 0 0 0 0 0 0 0 25 0 0 0 0 0 0 0 0 0 0 0 0 0 0 0 0 0 17 19 136 84 -999
P6330 2069 10 66 76 85 27 0 0 0 0 0 0 0 0 0 0 6 8 9 0 0 8 14 18 30 10 10 7 0 0 0 0 14
P6330 2069 11 43 50 99 46 0 0 0 8 24 108 120 102 68 56 9 0 0 0 0 0 11 0 15 50 9 77 26 94 107 7 -999
P6330 2069 12 9 40 73 61 43 46 41 9 2 0 0 0 9 0 0 0 0 0 0 0 0 4 55 26 8 0 4 4 13 3 0
P6330 2070 1 20 27 15 24 51 28 8 5 63 13 5 0 0 2 0 0 6 5 21 84 95 39 70 46 43 36 187 13 7 96 87
P6330 2070 2 38 107 162 15 6 3 6 2 6 94 43 22 10 0 24 39 32 3 0 2 4 8 110 39 59 15 87 10 -999 -999 -999
P6330 2070 3 16 0 0 0 10 0 0 9 67 84 66 47 18 9 0 0 2 35 58 5 57 92 28 7 68 9 0 0 0 0 20
P6330 2070 4 45 47 11 6 29 24 16 36 16 18 16 18 10 9 39 31 14 5 3 0 0 11 9 7 9 7 5 10 6 0 -999
P6330 2070 5 0 0 0 7 26 12 9 8 0 6 4 26 30 80 24 10 4 6 8 0 0 0 0 0 0 0 0 0 0 0 0
P6330 2070 6 52 28 16 10 12 0 0 0 0 0 0 0 0 0 0 0 0 0 0 0 0 0 0 0 0 0 0 0 0 0 -999
P6330 2070 7 0 0 0 0 0 0 0 0 0 0 0 0 0 0 0 0 0 0 0 0 0 0 0 0 0 0 0 0 0 0 0
P6330 2070 8 0 0 0 0 0 0 0 0 0 0 0 0 0 0 0 0 0 0 0 0 0 0 0 0 0 0 0 0 0 0 0
P6330 2070 9 0 0 0 0 0 0 0 0 0 0 0 0 0 0 0 0 0 0 0 0 0 0 0 0 0 0 0 66 23 22 -999
P6330 2070 10 0 0 0 0 0 0 18 50 32 25 45 48 33 12 5 0 0 7 49 97 80 84 33 5 0 0 0 0 7 9 27
P6330 2070 11 0 199 45 31 4 6 39 25 40 12 54 184 46 13 7 20 40 6 17 46 23 62 64 23 7 0 0 0 0 0 -999
P6330 2070 12 0 0 5 0 0 0 0 0 0 2 3 3 2 0 0 0 0 0 8 9 0 49 12 7 13 6 13 20 41 27 10
P6330 2071 1 0 5 8 11 7 7 0 4 11 10 14 30 38 31 130 67 92 78 67 41 24 14 97 80 40 6 8 15 6 12 44
P6330 2071 2 21 4 0 3 28 57 33 11 3 0 0 2 4 0 0 0 0 0 6 18 29 10 7 2 8 49 85 4 -999 -999 -999
P6330 2071 3 0 0 0 0 3 4 5 10 8 17 11 0 0 0 0 0 0 0 7 0 0 0 0 0 12 5 0 0 8 7 0
P6330 2071 4 0 0 0 0 0 0 0 0 0 0 0 0 0 0 0 0 0 0 0 10 31 10 0 0 0 0 0 0 0 0 -999
P6330 2071 5 0 0 0 0 0 0 0 0 0 0 0 0 0 39 33 6 5 0 0 0 0 0 0 0 0 0 0 0 0 0 0
P6330 2071 6 0 0 0 0 0 0 20 12 5 0 0 0 0 0 0 0 0 0 0 0 0 0 0 0 0 0 0 0 0 0 -999
P6330 2071 7 0 0 0 0 0 0 0 0 0 0 0 0 0 0 0 0 0 0 0 0 0 0 0 0 0 0 0 0 0 0 0
P6330 2071 8 0 0 0 0 0 0 0 0 0 0 0 0 0 0 0 0 0 0 0 0 0 0 0 0 0 0 0 0 0 0 0
P6330 2071 9 0 0 0 0 0 0 0 0 0 0 0 0 0 0 0 0 0 0 0 0 0 0 0 0 0 0 0 0 0 0 -999
P6330 2071 10 0 0 0 0 0 0 0 0 8 8 7 5 0 0 0 0 0 0 0 0 0 0 0 0 11 0 0 0 0 0 0
P6330 2071 11 25 13 17 0 3 7 24 60 68 13 9 16 0 0 0 12 3 2 0 0 0 0 0 0 0 10 10 0 0 0 -999
P6330 2071 12 0 3 14 9 13 42 13 5 0 0 0 0 0 0 0 0 0 0 6 0 0 0 0 0 0 0 0 0 0 0 0
P6330 2072 1 0 0 0 0 0 4 6 6 7 16 7 6 5 9 27 5 4 0 0 0 8 57 75 5 0 0 3 23 68 9 31
P6330 2072 2 7 2 2 16 69 13 9 26 14 109 31 170 94 85 60 79 110 72 97 78 155 227 139 31 6 7 15 6 -999 -999 -999
P6330 2072 3 0 0 0 8 28 25 62 24 7 3 6 12 0 3 0 0 0 6 23 0 0 0 35 6 4 0 0 0 32 6 0
P6330 2072 4 0 0 0 0 0 88 55 54 40 12 41 8 3 11 49 36 16 6 11 0 33 30 73 47 14 0 0 0 0 21 -999
P6330 2072 5 0 0 0 30 0 0 11 12 18 21 0 0 0 0 0 0 0 0 0 0 0 0 0 0 0 0 0 0 0 0 0
P6330 2072 6 8 11 15 9 0 0 0 0 0 0 0 0 0 0 0 0 0 0 0 0 0 0 0 0 0 0 0 0 0 0 -999
P6330 2072 7 0 0 0 0 0 0 0 0 0 0 0 0 0 0 0 0 0 0 0 0 0 0 0 0 0 0 0 0 0 0 0
P6330 2072 8 0 0 0 0 0 0 0 0 0 0 0 0 0 0 0 0 0 0 0 0 0 0 0 0 0 0 0 0 0 0 0
P6330 2072 9 0 0 0 0 0 0 0 0 0 0 0 0 0 0 0 0 0 0 0 0 0 0 0 0 0 0 0 0 0 0 -999
P6330 2072 10 18 10 0 9 0 0 8 0 0 0 0 0 0 0 0 0 43 43 15 11 6 20 7 38 19 53 13 0 0 37 113
P6330 2072 11 7 12 0 24 58 80 66 77 106 103 62 10 6 0 0 0 0 0 0 0 0 7 21 67 22 50 129 7 7 7 -999
P6330 2072 12 0 0 0 0 2 30 54 23 5 4 2 0 0 0 0 0 0 0 0 0 0 0 2 0 0 0 1 0 0 0 0
P6330 2073 1 0 0 0 0 3 9 1 0 0 0 0 0 0 0 0 0 0 0 0 0 0 0 0 0 0 0 2 0 0 0 0
P6330 2073 2 0 0 2 10 8 4 6 4 42 90 70 25 20 39 19 13 23 7 8 0 2 0 6 0 0 0 0 0 -999 -999 -999
P6330 2073 3 0 0 0 0 0 0 0 5 6 6 7 2 0 0 4 5 6 9 22 21 9 8 7 0 0 0 0 12 8 3 0
P6330 2073 4 0 0 0 0 0 0 0 0 0 0 0 0 0 14 36 41 19 0 0 0 0 0 0 12 8 0 4 6 0 0 -999
P6330 2073 5 10 0 0 0 0 0 0 0 0 0 0 0 0 36 20 20 14 11 26 10 5 0 16 44 6 0 7 7 0 0 0
P6330 2073 6 0 0 0 0 0 0 0 0 0 0 0 0 0 0 0 0 0 0 0 0 0 0 0 0 0 0 0 0 0 0 -999
P6330 2073 7 0 0 0 0 0 0 0 0 0 0 0 0 0 0 0 0 0 0 0 0 0 0 0 0 0 0 0 0 0 0 0
P6330 2073 8 0 0 0 0 0 0 0 0 0 0 0 0 0 0 0 0 0 0 0 0 0 0 0 0 0 0 0 0 0 0 0
P6330 2073 9 0 0 0 50 0 9 0 0 0 0 0 9 0 0 0 0 0 0 0 0 0 0 9 0 0 0 0 0 0 0 -999
P6330 2073 10 0 0 0 0 0 0 16 57 6 58 45 0 0 0 0 0 0 0 54 9 0 0 0 0 0 0 12 26 6 8 6
P6330 2073 11 12 7 0 0 3 5 78 69 80 101 17 7 6 5 0 0 0 0 0 0 2 8 0 12 7 12 20 11 12 18 -999
P6330 2073 12 32 52 18 35 9 20 9 7 0 0 0 0 0 0 0 0 6 7 8 27 39 42 0 6 34 7 6 0 0 0 0
P6330 2074 1 0 1 0 0 0 0 0 0 0 4 3 2 0 0 0 0 0 22 30 18 4 0 0 0 2 5 5 4 3 1 1
P6330 2074 2 2 0 0 0 0 0 4 6 35 6 3 0 3 3 0 0 0 0 0 2 3 6 5 0 2 4 6 0 -999 -999 -999
P6330 2074 3 25 28 5 0 0 0 0 0 0 0 0 5 0 0 11 0 0 0 0 0 5 0 0 0 0 0 0 0 0 0 0
P6330 2074 4 7 0 0 0 0 0 0 0 0 0 0 0 0 0 0 0 0 0 0 0 0 0 0 0 0 25 12 8 0 0 -999
P6330 2074 5 0 0 0 31 19 31 25 12 15 32 46 34 11 0 0 0 0 4 13 42 33 18 15 0 0 0 0 0 0 0 0
P6330 2074 6 0 0 0 0 0 0 0 0 0 0 0 0 0 0 0 0 0 0 10 0 0 0 0 0 0 0 0 0 0 0 -999
P6330 2074 7 0 0 0 0 0 0 0 0 0 0 0 0 0 0 0 0 0 0 0 0 0 0 0 0 0 0 0 0 0 0 0
P6330 2074 8 0 0 0 0 0 0 0 0 0 0 0 0 0 0 0 0 0 0 0 0 0 0 0 0 0 0 0 0 0 0 0
P6330 2074 9 0 0 0 0 0 0 0 0 0 0 0 0 0 0 0 0 0 0 0 0 0 16 16 10 6 5 0 5 0 0 -999
P6330 2074 10 0 0 9 0 0 0 0 8 12 9 6 0 0 0 0 0 0 0 11 0 0 0 0 0 0 0 0 6 35 4 6
P6330 2074 11 0 8 10 0 0 0 0 10 37 87 18 23 0 0 0 17 16 16 13 0 0 0 69 96 93 24 0 9 9 5 -999
P6330 2074 12 0 0 24 25 11 8 0 10 3 4 3 6 30 99 124 235 115 20 75 24 109 55 8 5 0 0 88 69 129 30 24
P6330 2075 1 49 192 71 53 26 12 6 6 6 6 12 12 46 5 7 5 0 0 0 0 0 0 0 0 0 0 7 3 2 12 11
P6330 2075 2 52 17 3 2 41 45 13 13 9 4 37 57 15 27 4 14 6 0 13 16 75 17 8 6 0 0 0 0 -999 -999 -999
P6330 2075 3 0 0 0 22 63 63 17 0 0 54 27 27 56 29 7 6 7 19 91 38 15 31 67 50 18 11 54 31 34 38 84
P6330 2075 4 34 3 11 0 0 14 0 3 0 0 0 0 0 0 0 0 0 5 6 9 9 4 4 0 0 0 0 0 27 45 -999
P6330 2075 5 53 107 73 74 45 58 42 19 5 0 0 15 22 17 9 11 28 19 16 17 9 8 4 0 0 0 0 0 0 0 0
P6330 2075 6 0 0 0 0 0 0 0 0 0 0 0 0 0 0 0 0 0 0 0 0 0 0 0 0 0 0 0 0 0 0 -999
P6330 2075 7 0 0 0 0 0 0 0 0 0 0 0 0 0 0 0 0 0 0 0 0 0 0 0 0 0 0 0 0 0 0 0
P6330 2075 8 0 0 0 0 0 0 0 0 0 0 0 0 0 0 0 0 0 0 0 0 0 0 0 0 0 0 0 0 0 0 0
P6330 2075 9 0 0 0 0 0 0 0 0 0 0 0 0 0 0 14 0 0 0 0 0 0 0 0 0 0 0 35 34 20 14 -999
P6330 2075 10 0 0 14 10 13 0 0 20 9 0 0 0 0 0 10 0 0 0 51 20 8 4 0 0 6 0 12 34 10 0 0
P6330 2075 11 18 10 23 71 12 6 87 23 77 11 19 58 27 18 10 23 73 12 7 11 13 5 0 14 9 18 35 6 7 5 -999
P6330 2075 12 0 3 3 9 8 27 61 30 69 7 5 14 42 29 3 3 0 0 0 0 0 2 4 0 0 5 5 0 2 0 0
P6330 2076 1 0 0 0 0 0 0 0 0 1 2 2 2 2 6 2 3 0 2 3 0 0 0 0 0 0 0 5 9 0 2 0
P6330 2076 2 2 8 6 0 0 3 0 10 50 6 0 0 0 0 0 0 0 0 3 4 4 0 0 0 0 0 0 0 -999 -999 -999
P6330 2076 3 0 3 0 0 5 8 3 0 28 66 10 0 0 13 15 18 42 57 7 0 2 0 0 0 0 0 0 0 0 0 0
P6330 2076 4 0 0 0 54 39 0 0 0 0 0 0 24 5 0 4 0 0 0 13 0 116 68 62 34 6 0 20 12 0 7 -999
P6330 2076 5 12 14 22 7 0 0 0 0 0 0 0 0 0 8 0 0 0 24 41 33 26 14 12 0 0 13 21 32 9 10 6
P6330 2076 6 23 19 0 0 0 0 7 8 0 0 0 0 0 0 0 0 0 0 0 0 0 0 0 0 0 0 0 0 0 0 -999
P6330 2076 7 0 0 0 0 0 0 0 0 0 0 0 0 0 0 0 0 0 0 0 0 0 0 0 0 0 0 0 0 0 0 0
P6330 2076 8 0 0 0 0 0 0 0 0 0 0 0 0 0 0 0 0 0 0 0 0 0 0 0 0 0 0 0 0 0 0 0
P6330 2076 9 0 0 0 0 0 0 0 0 0 0 0 0 0 0 0 0 0 0 0 0 0 0 28 0 0 0 44 60 13 9 -999
P6330 2076 10 3 5 13 0 0 0 0 0 0 0 25 71 110 80 66 7 5 62 0 0 7 7 11 17 8 0 0 0 0 0 0
P6330 2076 11 0 0 0 6 0 0 0 13 23 27 27 56 9 6 6 0 0 45 7 5 0 0 0 24 14 5 0 0 0 0 -999
P6330 2076 12 0 0 0 0 0 0 0 3 8 0 0 0 0 0 2 6 7 0 0 0 0 0 0 0 0 0 2 0 6 6 3
P6330 2077 1 0 0 0 0 0 3 2 4 0 0 0 6 54 133 32 19 0 0 0 0 0 19 82 40 76 34 30 15 5 5 7
P6330 2077 2 7 4 3 11 40 49 6 0 0 0 0 9 20 10 26 14 28 0 0 0 0 0 0 0 0 0 0 0 -999 -999 -999
P6330 2077 3 0 4 12 2 0 12 8 13 24 37 65 11 43 68 16 150 146 189 44 9 0 0 0 0 0 8 7 9 4 0 0
P6330 2077 4 0 0 0 0 0 0 5 8 26 10 5 0 0 0 0 0 0 0 0 0 0 0 0 0 0 0 11 0 0 0 -999
P6330 2077 5 0 0 0 0 0 20 18 12 9 6 0 0 0 0 0 0 0 0 8 0 0 0 56 87 77 72 55 16 0 0 0
P6330 2077 6 0 0 0 0 0 0 0 0 0 34 7 7 10 12 0 0 0 0 0 0 0 0 0 0 0 0 0 0 0 0 -999
P6330 2077 7 0 0 0 0 0 0 0 0 0 0 0 0 0 0 0 0 0 0 0 0 0 0 0 0 0 0 0 0 0 0 0
P6330 2077 8 0 0 0 0 0 0 0 0 0 0 0 0 0 0 0 0 0 0 0 0 0 0 0 0 0 0 0 0 0 0 0
P6330 2077 9 0 0 0 0 0 0 0 0 0 0 0 0 0 0 0 0 0 0 0 0 0 0 0 0 0 0 0 42 0 0 -999
P6330 2077 10 0 0 0 0 0 0 0 0 0 0 0 0 0 10 16 0 0 12 11 14 21 143 25 5 0 0 0 15 6 0 0
P6330 2077 11 0 6 49 70 122 22 58 56 16 12 9 45 96 97 82 76 68 79 5 6 14 78 107 71 45 0 44 14 0 0 -999
P6330 2077 12 0 0 0 0 3 3 3 12 11 77 210 51 63 165 63 13 104 105 140 56 107 66 88 146 206 168 190 48 43 11 6
P6330 2078 1 4 38 30 51 17 119 9 81 8 54 5 0 0 0 0 0 0 0 0 0 0 28 11 7 0 0 0 0 0 0 3
P6330 2078 2 3 8 2 6 5 41 55 7 4 3 15 8 9 8 17 0 6 6 0 0 3 0 4 7 0 3 0 0 -999 -999 -999
P6330 2078 3 0 0 0 0 0 13 8 10 0 16 63 15 22 76 10 0 0 17 0 0 0 3 8 7 6 0 22 12 14 42 10
P6330 2078 4 18 71 11 100 100 67 11 7 10 0 0 0 8 14 12 14 52 73 55 12 0 0 0 0 0 0 0 20 45 9 -999
P6330 2078 5 10 6 4 18 14 13 12 6 0 4 18 36 86 32 21 29 21 7 0 0 0 0 0 0 0 0 0 0 0 0 0
P6330 2078 6 0 0 0 0 0 0 0 0 0 0 0 0 0 0 0 0 0 0 0 0 0 0 0 0 0 0 0 0 0 0 -999
P6330 2078 7 0 0 0 0 0 0 0 0 0 0 0 0 0 0 0 0 0 0 0 0 0 0 0 0 0 0 0 0 0 0 0
P6330 2078 8 0 0 0 0 0 0 0 0 0 0 0 0 0 0 0 0 0 0 0 0 0 0 0 0 0 0 0 0 0 0 0
P6330 2078 9 0 0 50 45 13 0 0 0 0 0 0 0 0 0 0 0 0 0 0 0 0 0 0 0 0 0 0 0 0 0 -999
P6330 2078 10 0 0 0 0 0 0 0 0 0 0 0 0 0 0 0 0 0 0 0 0 0 0 8 0 0 0 0 0 0 0 0
P6330 2078 11 0 0 56 52 9 5 0 0 0 4 0 0 0 0 0 0 2 0 0 2 0 0 6 4 0 0 5 81 8 24 -999
P6330 2078 12 9 4 0 0 0 0 3 9 0 0 7 0 0 0 7 8 6 4 0 0 0 0 0 0 12 12 19 42 15 90 115
P6330 2079 1 15 3 4 11 6 5 3 4 3 0 3 5 3 0 0 0 0 0 0 0 0 0 0 0 0 6 29 9 0 0 0
P6330 2079 2 0 6 0 4 37 20 5 36 31 3 0 7 9 12 4 0 4 14 54 65 62 16 52 58 66 70 65 34 -999 -999 -999
P6330 2079 3 16 62 9 20 7 5 0 6 8 10 14 21 0 0 0 0 0 0 0 34 73 36 16 6 5 5 0 0 4 9 18
P6330 2079 4 90 51 18 7 0 17 36 20 8 0 0 0 0 0 0 0 0 0 0 0 0 0 0 0 0 0 0 0 0 13 -999
P6330 2079 5 18 8 10 0 0 0 0 0 0 0 0 0 0 0 24 32 0 0 0 0 0 0 0 0 0 0 0 0 0 0 0
P6330 2079 6 0 0 0 0 0 0 0 0 0 0 0 0 0 0 0 0 0 0 0 0 0 0 0 0 0 0 0 0 0 0 -999
P6330 2079 7 0 0 0 0 0 0 0 0 0 0 0 0 0 0 0 0 0 0 0 0 0 0 0 0 0 0 0 0 0 0 0
P6330 2079 8 0 0 0 0 0 0 0 0 0 0 0 0 0 0 0 0 0 0 0 0 0 0 0 0 0 0 0 0 0 0 0
P6330 2079 9 0 0 0 0 0 0 0 0 0 0 22 0 0 0 0 0 0 0 0 0 0 0 0 0 0 0 0 0 0 15 -999
P6330 2079 10 0 0 0 0 0 0 0 11 0 0 0 0 0 0 0 0 0 21 43 45 29 56 16 24 29 9 9 0 0 0 0
P6330 2079 11 0 37 28 0 20 4 0 0 0 0 0 0 0 0 0 0 0 0 0 0 5 3 41 8 8 87 42 11 32 77 -999
P6330 2079 12 6 0 0 0 15 15 41 77 53 41 13 0 5 4 78 88 199 104 142 27 10 10 2 0 0 0 0 0 2 0 0
P6330 2080 1 0 0 0 6 6 0 4 0 0 2 0 5 5 6 6 0 0 5 7 8 8 17 26 9 12 7 3 4 14 7 0
P6330 2080 2 6 0 0 2 2 0 0 0 0 2 16 60 12 8 0 0 2 0 0 0 7 7 7 7 0 0 0 0 -999 -999 -999
P6330 2080 3 0 0 0 0 0 0 0 0 4 0 0 0 0 0 0 0 0 0 0 0 0 0 6 0 0 0 0 0 14 15 25
P6330 2080 4 54 7 28 13 29 89 55 64 42 11 7 5 0 4 5 23 40 19 43 17 4 0 0 9 28 0 16 12 0 0 -999
P6330 2080 5 71 126 10 5 0 0 0 0 0 0 0 0 0 0 0 0 29 21 0 5 0 0 0 0 0 0 0 0 0 19 14
P6330 2080 6 0 0 0 0 0 0 0 0 0 0 0 0 0 0 0 0 0 0 0 0 0 0 0 0 0 0 0 0 0 0 -999
P6330 2080 7 0 0 0 0 0 0 0 0 0 0 0 0 0 0 0 0 0 0 0 0 0 0 0 0 0 0 0 0 0 0 0
P6330 2080 8 0 0 0 0 0 0 0 0 0 0 0 0 0 0 0 0 0 0 0 0 0 0 0 9 25 10 0 0 0 0 0
P6330 2080 9 0 0 0 0 0 0 0 0 0 0 0 0 61 19 0 0 0 0 0 0 0 0 32 54 43 15 0 0 0 0 -999
P6330 2080 10 0 0 0 0 0 0 0 0 0 0 0 15 10 0 0 0 0 0 0 0 0 8 8 67 50 83 19 0 0 0 0
P6330 2080 11 0 0 0 12 26 9 7 8 4 9 7 6 0 0 0 16 17 0 0 0 9 0 0 0 0 6 8 48 5 0 -999
P6330 2080 12 0 0 0 0 0 0 3 19 17 83 38 22 10 46 7 0 4 0 0 0 6 8 30 129 218 174 29 11 5 7 0
P6330 2081 1 0 0 0 0 0 0 0 0 0 0 0 0 0 0 0 2 2 11 26 116 108 135 15 0 9 8 5 0 0 2 0
P6330 2081 2 3 17 94 34 8 9 5 5 4 0 0 0 0 0 0 0 3 27 4 20 64 76 23 9 7 5 14 13 -999 -999 -999
P6330 2081 3 0 0 0 0 0 0 0 0 0 4 17 53 89 141 83 19 159 15 69 36 43 44 77 15 67 73 91 72 14 20 72
P6330 2081 4 33 7 8 11 10 0 0 0 0 0 0 0 0 0 0 0 3 2 0 0 0 0 0 0 0 0 0 14 9 0 -999
P6330 2081 5 0 0 0 0 0 4 9 7 0 0 6 0 0 0 0 0 0 0 0 0 0 0 8 0 0 0 23 18 15 9 0
P6330 2081 6 0 0 0 0 0 0 40 22 13 40 39 6 0 0 0 0 0 0 0 0 0 0 0 0 0 0 0 0 0 0 -999
P6330 2081 7 0 0 0 0 0 0 0 0 0 0 0 0 0 0 0 0 0 0 0 0 0 0 0 0 0 0 0 0 0 0 0
P6330 2081 8 0 0 0 0 0 0 0 0 0 0 0 0 0 0 0 0 0 0 0 0 0 0 0 0 0 0 0 0 0 0 0
P6330 2081 9 0 0 0 0 0 0 0 0 0 0 0 0 0 0 0 0 0 0 0 0 0 0 0 0 0 0 0 0 0 0 -999
P6330 2081 10 0 0 36 0 0 0 0 0 13 39 221 142 25 9 59 38 91 87 48 52 34 0 0 0 0 0 0 0 0 0 22
P6330 2081 11 0 0 37 70 35 11 0 0 0 42 45 9 12 34 86 49 59 39 68 162 54 93 103 8 6 0 0 0 23 40 -999
P6330 2081 12 48 28 16 21 37 11 80 71 18 0 0 0 0 0 0 0 0 0 0 12 68 35 164 10 28 66 11 145 22 0 0
P6330 2082 1 0 0 0 0 0 0 8 7 7 5 0 0 0 3 40 86 5 4 4 2 0 0 0 0 2 5 40 20 46 20 5
P6330 2082 2 0 0 2 8 8 8 11 0 0 0 2 5 0 0 0 0 0 0 0 0 0 0 0 0 0 0 3 0 -999 -999 -999
P6330 2082 3 0 2 7 6 6 0 0 0 6 15 10 6 0 7 9 10 16 22 36 51 0 30 26 13 7 0 6 6 9 10 11
P6330 2082 4 41 57 206 65 18 33 75 60 59 80 66 55 81 6 5 17 14 11 51 109 45 21 0 0 12 12 11 10 12 0 -999
P6330 2082 5 0 0 0 0 0 0 0 0 0 0 0 0 0 0 0 0 0 15 0 0 0 0 0 0 0 0 0 0 0 0 0
P6330 2082 6 0 0 11 9 0 7 22 28 11 8 0 0 0 0 0 0 46 23 17 8 7 0 0 0 0 0 0 0 0 0 -999
P6330 2082 7 0 0 0 0 0 0 0 0 0 0 0 0 0 0 0 0 0 0 0 0 0 0 0 0 0 0 0 0 0 0 0
P6330 2082 8 0 0 0 0 0 0 0 0 0 0 0 0 0 0 0 0 0 0 0 0 0 0 0 0 0 0 0 0 0 0 0
P6330 2082 9 0 0 0 0 0 0 0 0 0 0 0 0 0 0 0 0 0 0 0 0 0 44 0 0 0 0 0 0 0 0 -999
P6330 2082 10 0 0 0 0 0 0 0 0 0 0 0 0 0 20 0 0 0 36 13 185 103 7 9 43 9 18 0 0 0 0 0
P6330 2082 11 0 0 0 0 0 0 0 0 0 10 21 36 13 15 15 93 23 10 5 24 13 46 34 16 9 10 8 36 81 8 -999
P6330 2082 12 4 8 9 6 0 0 0 0 0 0 0 0 0 0 0 0 0 0 0 0 0 0 0 0 0 0 0 0 0 4 0
P6330 2083 1 0 2 2 0 0 5 19 77 15 18 0 0 9 94 94 106 57 18 9 65 67 74 48 23 41 15 38 13 5 34 29
P6330 2083 2 27 29 72 3 10 0 0 12 85 40 152 36 118 12 22 23 151 54 20 17 24 56 17 46 10 30 58 62 -999 -999 -999
P6330 2083 3 114 2 0 0 0 0 9 6 0 6 13 0 0 0 0 0 0 0 0 6 0 0 0 0 0 5 0 0 13 20 16
P6330 2083 4 48 24 14 12 6 0 0 0 0 15 12 17 9 5 0 12 0 11 30 10 10 9 6 0 0 0 0 0 0 0 -999
P6330 2083 5 0 9 23 0 0 0 0 0 0 36 0 0 0 0 0 0 0 0 0 0 0 0 0 0 0 0 0 0 0 0 0
P6330 2083 6 0 0 0 0 0 0 0 0 0 0 0 0 0 0 0 0 0 0 0 0 0 0 0 0 0 0 0 0 0 0 -999
P6330 2083 7 0 0 0 0 0 0 0 0 0 0 0 0 0 0 0 0 0 0 0 0 0 0 0 0 0 0 0 0 0 0 0
P6330 2083 8 0 0 0 0 0 0 0 0 0 0 0 0 0 0 0 0 0 0 0 0 0 0 0 0 0 0 0 0 0 0 0
P6330 2083 9 0 0 0 0 0 0 0 0 0 0 0 0 0 0 0 0 0 0 0 0 0 0 0 0 0 0 0 0 0 74 -999
P6330 2083 10 61 31 0 0 0 0 0 0 0 0 0 0 0 0 0 0 0 0 0 0 0 0 0 0 0 0 0 0 0 0 0
P6330 2083 11 0 0 36 13 0 10 24 10 42 33 0 13 27 34 8 23 36 46 30 37 9 4 22 56 7 7 5 6 0 0 -999
P6330 2083 12 0 0 0 0 0 2 6 7 0 14 21 12 21 0 4 25 40 11 0 0 0 0 0 0 0 0 0 0 0 0 7
P6330 2084 1 6 48 41 11 0 0 9 4 0 0 0 0 5 3 0 0 7 110 87 11 11 51 80 7 6 0 0 0 0 0 0
P6330 2084 2 0 0 6 5 0 0 0 0 0 0 9 27 33 5 0 0 5 4 16 15 8 0 89 69 9 49 17 9 -999 -999 -999
P6330 2084 3 9 18 12 17 29 40 0 30 16 47 48 60 54 20 9 117 63 57 31 41 95 18 12 59 16 0 35 76 36 45 38
P6330 2084 4 32 22 84 81 70 16 31 49 63 31 104 10 0 21 34 17 0 0 32 0 0 0 0 0 0 0 0 0 0 0 -999
P6330 2084 5 0 0 20 0 0 0 0 8 6 0 0 0 0 0 0 0 0 0 0 0 0 0 0 0 0 0 0 0 0 0 5
P6330 2084 6 0 0 0 0 0 0 0 0 0 0 0 0 0 0 0 0 0 0 0 0 0 0 0 0 0 0 0 0 0 0 -999
P6330 2084 7 0 0 0 0 0 0 0 0 0 0 0 0 0 0 0 0 0 0 0 0 0 0 0 0 0 0 0 0 0 0 0
P6330 2084 8 0 0 0 0 0 0 0 0 0 0 0 0 0 0 0 0 0 0 0 0 0 0 0 0 0 0 0 0 0 0 0
P6330 2084 9 0 0 0 0 0 0 0 0 0 0 0 0 0 0 0 0 0 0 0 0 0 0 0 0 20 0 0 0 0 0 -999
P6330 2084 10 0 10 0 0 0 0 0 0 0 0 0 0 0 0 8 14 0 0 0 0 0 0 0 7 6 0 0 0 0 0 0
P6330 2084 11 0 0 0 0 90 15 12 13 87 83 65 141 73 32 0 4 5 5 0 0 0 0 0 0 0 0 0 0 0 3 -999
P6330 2084 12 4 0 4 16 10 6 0 0 0 0 0 0 0 0 0 0 2 0 3 0 0 0 2 6 4 19 7 10 6 0 0
P6330 2085 1 0 0 0 0 0 0 0 0 0 0 0 0 0 3 8 0 0 0 0 0 0 0 0 0 5 2 5 5 0 0 0
P6330 2085 2 0 0 0 2 0 0 0 0 0 0 0 0 0 0 0 19 23 0 0 0 0 0 5 0 0 0 5 0 -999 -999 -999
P6330 2085 3 0 0 0 0 10 0 0 0 0 13 23 31 19 0 0 0 0 28 15 19 101 61 50 13 8 6 20 17 36 145 46
P6330 2085 4 93 58 145 8 41 0 0 0 0 0 0 0 0 0 49 8 0 0 0 0 0 0 0 0 0 0 27 16 14 25 -999
P6330 2085 5 13 5 0 13 7 0 4 0 3 29 21 16 12 8 6 0 0 5 8 15 15 0 0 0 5 0 0 0 0 0 0
P6330 2085 6 0 0 0 0 0 0 0 18 17 0 0 0 0 0 0 0 0 0 0 0 0 0 0 0 0 0 30 0 0 0 -999
P6330 2085 7 0 0 0 0 0 0 0 0 0 0 0 0 0 0 0 0 0 0 0 0 0 0 0 0 0 0 0 0 0 0 0
P6330 2085 8 0 0 0 0 0 0 0 0 0 0 0 0 0 0 0 0 0 0 0 0 0 0 0 0 0 0 0 0 0 0 0
P6330 2085 9 0 0 0 0 0 0 0 0 0 0 0 0 0 0 0 0 0 0 0 0 0 44 0 7 0 0 0 0 0 0 -999
P6330 2085 10 0 0 0 0 30 0 0 13 29 0 0 0 0 0 0 19 26 0 0 0 0 0 0 5 0 0 0 0 0 0 0
P6330 2085 11 0 12 65 65 10 13 7 7 0 0 0 0 0 0 0 0 0 15 69 69 142 140 21 141 94 11 126 5 9 4 -999
P6330 2085 12 80 62 9 13 63 19 10 0 5 22 18 12 12 8 4 0 0 0 0 0 2 7 47 68 46 14 17 10 24 11 65
P6330 2086 1 49 79 63 61 10 0 0 0 0 0 0 0 0 0 0 4 0 0 0 0 0 0 0 0 0 0 0 0 0 0 0
P6330 2086 2 0 0 0 0 0 0 0 0 0 0 0 0 7 6 5 8 13 44 7 7 67 7 4 0 0 7 10 6 -999 -999 -999
P6330 2086 3 0 0 0 0 0 0 0 0 0 0 3 7 4 0 0 0 0 0 10 11 0 19 6 0 0 0 0 0 0 0 20
P6330 2086 4 18 33 20 0 0 0 8 39 21 7 7 5 5 16 51 72 76 69 59 26 14 11 52 57 0 0 24 24 0 0 -999
P6330 2086 5 0 13 17 0 0 0 0 0 0 0 0 0 9 0 0 0 0 8 9 8 7 0 0 0 7 0 0 0 0 0 0
P6330 2086 6 0 0 0 0 0 0 0 0 0 0 0 0 0 0 0 0 0 0 0 0 0 0 0 0 0 0 0 0 0 0 -999
P6330 2086 7 0 0 0 0 0 0 0 0 0 0 0 0 0 0 0 0 0 0 0 0 0 0 0 0 0 0 0 0 0 0 0
P6330 2086 8 0 0 0 0 0 0 0 0 0 0 0 0 0 0 0 0 0 0 0 0 0 0 0 0 0 0 0 0 0 0 0
P6330 2086 9 0 0 0 0 0 0 22 0 0 0 0 57 25 0 0 19 13 10 0 0 0 0 0 0 0 0 0 0 0 0 -999
P6330 2086 10 0 16 0 0 0 0 0 0 0 0 0 22 0 0 20 19 15 14 0 0 0 0 9 26 34 18 16 0 6 15 7
P6330 2086 11 0 0 0 0 0 0 0 7 4 10 6 14 32 12 118 78 85 80 39 98 17 13 8 6 0 5 18 16 41 10 -999
P6330 2086 12 13 21 12 18 42 18 0 0 0 0 0 0 4 2 0 0 0 0 7 15 6 0 0 0 0 0 0 4 4 6 10
P6330 2087 1 9 128 25 10 18 15 6 0 0 0 0 0 4 20 89 24 7 9 34 3 3 2 0 0 0 0 0 0 0 9 4
P6330 2087 2 0 0 0 6 0 0 0 0 0 0 0 7 3 5 0 0 0 0 0 2 0 0 0 0 0 0 0 0 -999 -999 -999
P6330 2087 3 2 0 0 5 0 11 7 0 0 0 0 0 0 22 162 6 20 34 37 19 6 6 0 0 0 63 112 16 7 0 0
P6330 2087 4 0 0 5 6 21 5 0 0 0 0 0 0 22 0 0 0 8 27 12 10 0 13 19 0 0 0 0 0 0 0 -999
P6330 2087 5 0 0 0 0 0 0 0 78 69 60 9 0 0 0 0 8 0 0 0 0 0 0 0 0 0 0 0 8 9 0 0
P6330 2087 6 0 0 0 0 0 0 0 0 0 0 0 0 0 0 0 0 0 0 0 0 0 0 0 0 0 0 0 0 0 0 -999
P6330 2087 7 0 0 0 0 0 0 0 0 0 0 0 0 0 0 0 0 0 0 0 0 0 0 0 0 0 0 0 0 0 0 0
P6330 2087 8 0 0 0 0 0 0 0 0 0 0 0 0 0 0 0 0 0 0 0 0 0 0 0 0 0 0 0 0 0 0 0
P6330 2087 9 0 0 0 0 0 0 0 0 0 0 34 0 0 0 0 0 0 0 13 15 48 20 0 0 0 0 0 16 10 0 -999
P6330 2087 10 0 0 0 0 0 0 0 0 0 0 0 0 0 0 0 0 0 0 10 15 9 57 51 7 8 12 0 0 0 0 0
P6330 2087 11 0 0 0 10 19 5 16 10 6 7 0 13 8 19 43 11 9 13 0 0 3 0 0 0 0 0 0 0 18 27 -999
P6330 2087 12 52 101 41 50 0 0 18 14 0 0 13 69 50 28 34 20 73 170 83 15 118 20 0 0 0 0 0 0 0 0 0
P6330 2088 1 0 0 0 0 1 1 16 116 161 90 76 150 224 183 15 107 53 35 9 6 6 5 13 84 109 136 211 74 71 60 11
P6330 2088 2 17 8 4 17 9 9 0 0 0 0 0 0 0 0 0 8 23 34 25 0 0 9 13 0 0 0 0 0 -999 -999 -999
P6330 2088 3 0 0 0 0 11 6 59 7 5 0 0 0 18 13 12 40 41 17 20 7 0 0 7 11 27 14 7 0 0 0 0
P6330 2088 4 7 0 0 0 0 0 0 0 5 13 17 8 10 8 4 6 0 0 0 0 0 0 0 0 0 0 0 0 0 0 -999
P6330 2088 5 0 0 0 0 28 71 14 0 0 0 59 72 37 8 6 6 0 0 0 0 0 0 0 0 0 0 0 0 0 0 0
P6330 2088 6 0 0 0 0 0 0 0 0 0 0 0 0 0 0 0 0 0 0 0 0 0 0 0 0 0 0 0 0 0 0 -999
P6330 2088 7 0 0 0 0 0 0 0 0 0 0 0 0 0 0 0 0 0 0 0 0 0 0 0 0 0 0 0 0 0 0 0
P6330 2088 8 0 0 0 0 0 0 0 0 0 0 0 0 0 0 0 0 0 0 0 0 0 0 0 0 0 0 0 0 0 0 0
P6330 2088 9 0 0 0 0 0 0 0 0 0 0 0 0 0 0 0 0 0 0 0 0 0 0 0 0 0 0 0 0 0 0 -999
P6330 2088 10 0 0 0 0 0 0 0 0 0 0 20 0 21 6 0 0 0 0 0 0 0 0 0 0 0 0 0 0 0 0 0
P6330 2088 11 0 12 71 79 51 93 24 22 133 45 7 7 4 0 0 0 0 0 0 0 0 0 16 13 8 19 43 6 0 12 -999
P6330 2088 12 50 15 22 45 86 60 9 0 0 0 0 0 0 0 0 0 0 0 0 0 0 0 0 0 2 6 7 2 0 3 0
P6330 2089 1 0 0 0 3 4 5 16 0 0 2 23 19 21 41 29 21 16 11 67 147 29 74 72 8 22 43 28 7 20 45 51
P6330 2089 2 193 14 5 24 66 8 8 19 21 82 68 117 56 34 66 108 88 61 67 68 55 2 0 0 0 8 49 13 -999 -999 -999
P6330 2089 3 6 2 0 0 0 0 0 0 0 0 0 0 0 0 0 0 11 7 7 0 0 0 0 0 0 0 0 6 3 0 0
P6330 2089 4 0 0 0 0 0 0 7 52 60 36 7 0 0 0 14 17 21 15 0 48 37 0 0 0 0 0 0 50 0 0 -999
P6330 2089 5 6 6 0 0 0 0 0 56 11 0 0 0 0 0 0 0 0 0 0 0 0 0 0 0 0 0 0 0 0 0 0
P6330 2089 6 0 11 0 0 0 0 0 0 0 0 0 0 0 0 0 0 0 0 0 0 0 0 0 0 0 0 0 0 0 0 -999
P6330 2089 7 0 0 0 0 0 0 0 0 0 0 0 0 0 0 0 0 0 0 0 0 0 0 0 0 0 0 0 0 0 0 0
P6330 2089 8 0 0 0 0 0 0 0 0 0 0 0 0 0 0 0 0 0 0 0 0 0 0 0 0 0 0 0 0 0 0 0
P6330 2089 9 0 0 0 0 0 0 0 0 0 0 0 0 0 0 0 0 0 0 0 0 0 0 0 0 0 0 0 0 0 0 -999
P6330 2089 10 0 0 0 0 0 0 0 0 0 0 58 21 11 19 12 7 0 0 0 0 0 0 0 0 8 6 0 0 0 0 0
P6330 2089 11 0 0 0 0 0 10 6 0 0 0 4 4 6 14 32 89 32 104 91 48 60 100 85 75 0 21 7 0 41 17 -999
P6330 2089 12 83 98 10 12 0 6 8 11 4 0 0 0 0 0 0 0 10 10 24 60 29 33 17 5 0 0 0 0 0 38 12
P6330 2090 1 13 0 0 0 0 5 7 5 0 9 5 5 0 0 0 0 0 0 0 25 44 56 38 9 7 10 11 0 0 8 3
P6330 2090 2 0 30 61 0 0 0 0 5 17 48 77 103 68 93 117 173 182 27 17 25 89 11 7 8 13 68 75 63 -999 -999 -999
P6330 2090 3 9 0 0 0 3 4 55 82 43 8 15 111 58 6 3 3 0 0 0 0 0 0 0 4 7 5 0 0 0 0 0
P6330 2090 4 10 45 42 59 53 17 0 0 0 0 4 8 12 0 0 0 48 0 0 0 0 13 32 81 9 48 56 64 15 10 -999
P6330 2090 5 19 0 0 0 0 0 0 0 0 0 0 0 0 0 9 52 46 23 13 8 8 6 0 0 0 0 0 0 26 81 0
P6330 2090 6 0 0 16 64 64 46 18 7 10 12 7 0 0 0 0 0 0 0 0 0 0 0 0 23 21 13 0 0 0 0 -999
P6330 2090 7 0 0 0 0 0 0 0 0 0 0 0 0 0 0 0 0 0 0 0 0 0 0 0 0 0 0 0 0 0 0 0
P6330 2090 8 0 0 0 0 0 0 0 0 0 0 0 0 0 0 0 0 0 0 0 0 0 0 0 0 0 0 0 0 0 0 0
P6330 2090 9 0 0 0 0 0 0 0 0 0 0 0 0 0 0 0 0 0 0 0 0 0 0 0 0 0 0 0 37 34 0 -999
P6330 2090 10 0 0 0 0 0 0 0 26 10 15 10 12 0 0 0 0 0 43 11 0 0 0 0 0 0 0 0 0 0 0 12
P6330 2090 11 11 9 6 6 0 0 0 0 0 0 0 0 0 0 0 0 0 4 2 0 0 0 2 0 4 13 20 86 87 178 -999
P6330 2090 12 104 81 35 46 7 0 4 0 29 71 19 15 12 19 12 0 0 0 0 0 0 15 3 53 0 0 0 0 8 9 0
P6330 2091 1 0 0 0 0 0 0 0 0 0 0 0 0 0 0 0 0 0 0 7 6 11 14 23 76 15 170 32 78 9 12 4
P6330 2091 2 11 33 30 57 54 62 51 28 25 21 15 6 39 14 19 14 11 0 0 0 0 30 67 32 46 86 10 0 -999 -999 -999
P6330 2091 3 0 0 0 18 0 0 0 3 5 0 0 0 0 0 0 0 0 0 0 4 0 2 0 4 0 0 0 0 0 0 0
P6330 2091 4 0 4 0 0 0 0 0 0 0 0 0 0 0 0 0 0 0 0 0 40 0 0 0 21 71 22 8 6 7 0 -999
P6330 2091 5 3 0 8 0 18 59 44 7 0 0 9 9 23 35 11 30 20 8 7 0 0 0 0 0 0 0 0 0 0 0 0
P6330 2091 6 0 0 0 0 0 0 0 0 0 0 0 0 0 0 0 0 0 0 0 0 0 0 0 0 0 0 0 0 0 0 -999
P6330 2091 7 0 0 0 0 0 0 0 0 0 0 0 0 0 0 0 0 0 0 0 0 0 0 0 0 0 0 0 0 0 0 0
P6330 2091 8 0 0 0 0 0 0 0 0 0 0 0 0 0 0 0 0 0 0 0 0 0 0 0 0 0 0 0 0 0 0 0
P6330 2091 9 0 0 0 0 0 0 0 0 0 0 0 0 0 0 0 0 38 25 16 19 20 9 0 0 31 49 0 0 0 0 -999
P6330 2091 10 0 0 0 0 0 0 0 0 26 34 0 0 0 0 0 0 0 0 0 0 0 0 18 11 7 0 0 10 32 10 16
P6330 2091 11 19 43 32 23 17 51 88 70 10 26 59 56 52 10 4 0 14 15 7 8 9 6 0 0 0 0 0 7 2 0 -999
P6330 2091 12 0 0 0 0 0 0 0 2 0 0 0 18 56 70 17 37 5 11 20 27 56 16 0 0 0 5 0 0 0 0 0
P6330 2092 1 2 0 0 0 22 25 11 24 3 13 6 85 164 14 10 0 0 0 0 0 0 0 3 6 7 29 7 0 0 5 0
P6330 2092 2 0 0 2 12 40 100 12 6 3 3 0 0 0 0 0 0 0 0 5 4 23 14 7 7 0 0 0 7 -999 -999 -999
P6330 2092 3 6 0 0 0 0 0 0 0 0 0 0 0 0 0 4 19 32 85 36 21 29 6 0 0 0 0 0 0 0 0 0
P6330 2092 4 0 0 0 0 0 0 8 8 27 13 0 0 0 0 0 45 0 0 0 50 54 0 0 0 0 16 0 0 0 0 -999
P6330 2092 5 0 0 0 0 0 0 0 0 0 7 7 0 0 0 0 0 0 0 0 0 0 0 0 0 0 0 0 0 18 0 0
P6330 2092 6 0 0 0 0 0 0 0 0 0 0 0 0 0 0 0 0 0 0 0 0 0 0 0 0 0 0 0 0 0 0 -999
P6330 2092 7 0 0 0 0 0 0 0 0 0 0 0 0 0 0 0 0 0 0 0 0 0 0 0 0 0 0 0 0 0 0 0
P6330 2092 8 0 0 0 0 0 0 0 0 0 0 0 0 0 0 0 0 0 0 0 0 0 0 0 0 0 0 0 0 0 41 0
P6330 2092 9 0 0 0 0 0 0 0 0 0 0 0 0 0 0 0 0 0 0 0 0 13 19 0 0 0 0 0 0 0 8 -999
P6330 2092 10 22 0 0 0 0 0 0 0 0 0 25 0 0 0 0 0 0 0 34 0 0 0 0 0 0 0 0 0 0 0 0
P6330 2092 11 0 0 0 0 9 5 38 30 31 0 7 0 30 9 6 4 6 14 0 0 0 0 0 6 0 0 0 0 0 0 -999
P6330 2092 12 0 0 0 3 16 37 33 28 10 7 0 0 0 0 0 0 0 0 0 0 0 0 0 0 0 12 107 11 6 5 0
P6330 2093 1 0 0 0 2 22 11 14 44 94 39 31 51 29 8 5 6 0 0 0 0 0 0 4 2 0 0 0 2 2 6 9
P6330 2093 2 0 0 0 3 3 22 8 62 193 247 28 7 7 21 35 41 36 38 87 65 67 45 6 0 0 6 0 0 -999 -999 -999
P6330 2093 3 0 7 15 13 6 0 0 33 17 52 66 20 14 9 167 12 7 23 85 113 78 14 21 47 7 0 3 0 25 45 35
P6330 2093 4 5 0 0 0 0 3 0 7 6 14 10 6 7 0 0 0 0 67 16 0 0 0 44 8 0 0 0 0 8 12 -999
P6330 2093 5 0 0 9 11 9 9 7 7 21 40 29 0 0 0 0 0 0 0 0 0 0 0 0 0 0 0 0 0 0 0 0
P6330 2093 6 0 0 0 0 0 0 0 0 0 0 37 79 62 52 11 0 0 0 0 0 0 0 0 0 0 0 0 0 0 0 -999
P6330 2093 7 0 0 0 0 0 0 0 0 0 0 0 0 0 0 0 0 0 0 0 0 0 0 0 0 0 0 0 0 0 0 0
P6330 2093 8 0 0 0 0 0 0 0 0 0 0 0 0 0 0 0 0 0 0 0 0 0 0 0 0 0 0 30 14 0 0 0
P6330 2093 9 0 0 0 0 0 0 0 0 0 0 0 0 0 0 0 0 0 0 0 0 0 0 0 0 0 0 0 0 0 0 -999
P6330 2093 10 0 0 0 0 0 0 0 0 6 12 0 0 0 0 0 0 0 0 0 0 0 0 0 0 0 0 0 0 0 0 5
P6330 2093 11 7 20 32 74 29 9 5 10 21 28 15 29 64 0 0 0 4 12 50 10 0 0 18 55 13 41 16 0 0 0 -999
P6330 2093 12 0 0 34 23 0 3 10 15 7 4 8 12 6 0 0 0 0 0 0 0 0 0 0 0 0 0 2 14 64 27 5
P6330 2094 1 0 0 0 5 44 83 93 18 0 0 0 0 0 0 0 0 1 3 3 0 1 0 0 0 0 0 0 0 0 0 3
P6330 2094 2 0 0 0 0 12 3 8 0 0 0 0 0 0 3 7 2 0 0 5 10 9 5 2 69 12 9 78 65 -999 -999 -999
P6330 2094 3 15 40 14 13 76 163 79 167 114 64 23 7 24 6 0 0 7 0 0 0 0 0 0 0 0 0 0 0 0 0 0
P6330 2094 4 0 0 9 21 21 11 0 4 4 11 5 38 9 8 26 14 10 3 0 0 0 0 6 17 106 12 6 0 0 0 -999
P6330 2094 5 0 0 0 0 0 0 0 0 0 0 0 0 0 0 0 0 0 0 0 0 0 0 0 0 0 0 0 0 0 0 0
P6330 2094 6 0 0 0 0 0 0 11 15 7 3 0 0 0 0 0 0 0 0 0 0 0 0 0 0 0 0 0 0 0 0 -999
P6330 2094 7 0 0 0 0 0 0 0 0 0 0 0 0 0 0 0 0 0 0 0 0 0 0 22 0 0 0 0 0 0 0 0
P6330 2094 8 0 0 0 0 0 0 0 0 0 0 0 0 0 0 0 0 0 0 0 0 0 0 0 0 0 0 0 0 0 0 0
P6330 2094 9 0 0 0 0 0 0 0 0 0 0 0 0 0 0 0 0 0 0 0 0 0 75 0 0 0 0 0 0 19 21 -999
P6330 2094 10 29 59 69 48 25 14 0 0 0 0 0 0 0 0 0 0 0 0 0 0 22 13 0 0 0 23 11 9 9 7 0
P6330 2094 11 0 0 0 0 0 15 47 7 5 0 0 6 30 7 10 4 0 0 0 0 0 0 0 0 4 16 103 67 19 0 -999
P6330 2094 12 0 0 9 14 44 178 83 45 43 45 92 14 5 49 73 6 13 10 6 0 0 0 6 0 6 25 107 24 67 28 23
P6330 2095 1 153 10 78 27 28 31 7 7 10 14 36 42 7 12 20 9 112 61 162 215 224 133 27 74 193 92 100 117 8 16 93
P6330 2095 2 23 3 0 42 13 9 16 6 7 6 10 0 54 38 8 20 5 5 5 0 0 0 5 2 0 0 0 0 -999 -999 -999
P6330 2095 3 0 0 0 0 0 0 0 0 0 0 8 61 14 14 22 22 28 59 40 21 10 21 0 46 50 28 9 0 0 0 0
P6330 2095 4 11 8 8 5 0 29 92 88 11 17 11 4 0 0 0 0 21 0 0 0 0 0 6 0 0 0 0 0 0 0 -999
P6330 2095 5 14 9 0 0 0 0 0 0 0 0 45 23 0 0 0 0 0 0 0 0 0 0 0 0 0 0 0 0 0 0 0
P6330 2095 6 0 0 0 0 0 0 0 0 0 0 0 0 0 0 0 0 0 0 0 0 0 0 0 0 0 0 0 0 0 0 -999
P6330 2095 7 0 0 0 0 0 0 0 0 0 0 0 0 0 0 0 0 0 0 0 0 0 0 0 0 0 0 0 0 0 0 0
P6330 2095 8 0 0 0 0 0 0 0 0 0 0 0 0 0 0 0 0 0 0 0 0 0 0 0 0 0 0 0 0 0 0 0
P6330 2095 9 0 0 0 0 0 0 0 0 0 0 0 0 0 0 0 0 0 0 0 0 0 0 0 0 0 0 0 0 0 0 -999
P6330 2095 10 0 0 0 0 0 0 0 0 0 6 12 8 6 0 0 0 11 0 0 0 0 0 0 0 0 0 0 3 24 10 8
P6330 2095 11 9 20 16 10 7 0 3 62 108 27 225 82 46 15 0 0 0 0 12 10 0 0 0 4 2 5 16 12 15 15 -999
P6330 2095 12 8 0 0 0 0 12 5 0 6 0 0 0 0 0 0 1 2 7 0 0 0 0 0 0 0 0 0 0 0 0 0
P6330 2096 1 0 0 0 20 5 21 12 7 7 13 9 0 0 0 3 0 0 0 0 0 3 0 0 0 0 0 2 3 12 9 3
P6330 2096 2 0 0 0 3 0 0 0 3 3 5 6 5 0 4 7 15 6 5 3 3 0 4 11 23 12 17 13 8 -999 -999 -999
P6330 2096 3 3 17 120 62 18 15 17 8 12 0 0 6 6 7 6 0 0 0 0 0 0 0 0 0 0 4 7 7 10 19 13
P6330 2096 4 7 0 6 0 8 22 31 58 35 10 23 46 64 62 16 8 8 15 48 20 11 0 0 0 0 0 0 13 35 17 -999
P6330 2096 5 0 0 0 0 0 0 0 0 0 0 0 0 0 0 0 0 0 0 0 0 0 0 0 0 0 0 12 0 25 52 76
P6330 2096 6 59 9 18 27 0 0 0 0 0 0 0 12 0 0 0 0 0 0 0 0 0 0 0 0 0 0 0 0 0 0 -999
P6330 2096 7 0 0 0 0 0 0 0 0 0 0 0 0 0 0 0 0 0 0 0 0 0 0 0 0 0 0 0 0 0 0 0
P6330 2096 8 0 0 0 0 0 0 0 0 0 0 0 0 0 0 0 0 0 0 0 0 0 0 0 0 0 0 0 0 0 0 0
P6330 2096 9 0 0 0 0 0 0 0 8 0 0 0 0 0 0 0 0 0 0 0 0 0 0 0 0 0 0 0 0 0 0 -999
P6330 2096 10 0 0 0 0 0 0 0 0 8 32 183 16 7 0 0 0 54 106 72 73 27 10 0 4 0 0 0 5 9 93 36
P6330 2096 11 65 77 44 35 24 17 8 24 49 84 19 9 46 41 103 84 136 54 25 46 16 7 3 0 4 7 7 3 18 10 -999
P6330 2096 12 0 0 0 0 0 0 0 0 0 0 0 0 0 0 3 0 0 0 0 0 0 0 0 6 9 72 26 24 45 47 61
P6330 2097 1 43 12 21 26 12 4 36 60 34 34 21 22 9 13 36 81 31 10 49 16 8 0 0 5 0 5 0 5 13 4 4
P6330 2097 2 12 6 4 0 5 3 0 3 0 9 0 6 5 0 0 0 0 3 10 31 12 0 0 0 0 0 24 16 -999 -999 -999
P6330 2097 3 0 0 0 11 45 16 0 0 0 0 0 0 0 13 7 6 11 35 86 62 47 11 33 27 27 23 12 0 0 0 0
P6330 2097 4 22 0 0 0 0 9 8 0 0 7 0 0 0 0 0 0 0 8 14 13 66 68 39 10 100 72 48 10 3 0 -999
P6330 2097 5 0 0 0 0 21 189 43 0 0 0 0 0 0 0 0 0 0 0 10 15 0 0 0 0 0 0 0 0 0 0 0
P6330 2097 6 0 0 0 0 0 0 0 0 0 0 0 25 25 0 0 0 0 0 0 0 0 0 0 0 0 0 0 0 0 0 -999
P6330 2097 7 0 0 0 0 0 0 0 0 0 0 0 0 0 0 0 0 0 0 0 0 0 0 0 0 0 0 0 0 0 0 0
P6330 2097 8 0 0 0 0 0 0 0 0 0 0 0 0 0 0 0 0 0 0 0 0 0 0 0 0 0 0 0 0 0 0 0
P6330 2097 9 0 0 0 0 0 0 0 0 0 0 0 0 0 0 0 0 0 0 0 24 0 0 0 0 0 0 0 0 0 0 -999
P6330 2097 10 35 32 14 10 21 0 0 0 0 0 0 0 0 0 0 0 18 69 70 60 14 8 25 14 4 0 0 0 0 50 49
P6330 2097 11 15 20 0 29 5 0 0 0 10 28 30 11 58 37 42 10 0 0 0 13 32 56 13 0 0 0 0 0 0 0 -999
P6330 2097 12 0 0 52 93 55 26 38 0 0 0 0 0 0 20 124 63 11 7 6 6 11 29 9 7 3 3 17 5 0 0 0
P6330 2098 1 0 7 5 2 12 16 7 12 7 7 7 0 0 4 4 4 0 0 5 6 9 4 11 0 0 0 0 3 0 0 0
P6330 2098 2 4 19 81 48 49 21 61 40 36 43 12 12 22 8 8 11 8 5 7 15 11 0 0 9 20 27 8 5 -999 -999 -999
P6330 2098 3 0 9 0 0 0 0 2 4 0 0 0 0 0 0 0 0 0 0 37 26 18 2 0 0 0 0 0 0 0 0 0
P6330 2098 4 0 0 0 0 0 0 0 31 47 11 13 14 9 8 0 0 0 0 0 17 35 0 0 0 0 0 29 25 0 0 -999
P6330 2098 5 0 0 0 0 0 0 0 0 0 0 0 0 0 0 0 17 15 12 11 0 0 0 0 0 0 0 0 0 0 0 0
P6330 2098 6 0 0 0 0 0 0 0 0 0 0 0 0 0 25 30 11 0 0 0 0 8 10 14 11 0 0 0 0 0 0 -999
P6330 2098 7 0 0 0 0 0 0 0 0 0 0 0 0 0 0 0 0 0 0 0 0 0 0 0 0 0 0 0 0 0 0 0
P6330 2098 8 0 0 0 0 0 0 0 0 0 0 0 0 0 0 0 0 0 0 0 0 0 0 0 0 0 0 0 0 0 0 0
P6330 2098 9 0 0 0 0 0 0 0 0 0 0 0 0 0 0 0 0 23 32 23 43 0 0 0 0 22 14 16 0 0 0 -999
P6330 2098 10 0 0 0 35 14 0 0 0 0 0 0 0 0 0 0 0 48 38 11 66 143 169 62 0 0 6 0 26 10 63 41
P6330 2098 11 81 58 9 44 12 53 8 16 5 116 53 12 11 0 0 27 74 22 6 6 3 23 23 12 0 0 4 3 31 27 -999
P6330 2098 12 20 87 20 92 72 107 25 0 27 0 0 0 0 0 0 0 0 8 8 8 20 56 75 10 7 6 0 5 0 0 0
P6330 2099 1 0 0 0 0 0 0 0 0 0 0 0 0 0 0 2 0 4 0 0 0 0 0 0 0 0 0 0 0 0 0 0
P6330 2099 2 3 24 68 6 6 0 0 0 0 0 0 0 0 0 0 0 0 5 8 9 13 9 0 2 5 0 18 0 -999 -999 -999
P6330 2099 3 0 0 4 0 17 47 45 73 74 176 111 30 3 0 0 0 0 0 0 0 0 0 6 6 3 0 0 0 0 0 0
P6330 2099 4 0 5 7 0 7 0 0 0 0 0 0 0 14 42 12 8 0 0 0 0 0 0 0 0 91 9 0 0 0 0 -999
P6330 2099 5 0 0 0 0 19 0 6 0 0 0 0 0 0 25 33 0 0 0 0 0 0 0 0 0 0 0 0 0 0 0 0
P6330 2099 6 0 0 0 0 0 0 0 0 0 0 0 0 25 0 0 0 0 0 12 12 15 0 0 0 0 0 0 0 0 0 -999
P6330 2099 7 0 0 0 0 0 0 0 0 0 0 0 0 0 0 0 0 0 0 0 0 0 0 0 0 0 0 0 0 0 0 0
P6330 2099 8 0 0 0 0 0 0 0 0 0 0 0 0 0 0 0 0 0 0 0 0 0 0 0 0 0 0 0 0 29 8 0
P6330 2099 9 0 0 0 0 0 0 0 0 0 0 0 0 0 0 0 0 0 0 0 0 0 0 0 0 0 0 0 0 0 0 -999
P6330 2099 10 0 0 0 0 0 0 0 0 0 0 42 80 0 22 68 0 0 0 0 0 0 0 0 0 0 0 0 0 0 32 78
P6330 2099 11 39 21 14 0 12 13 19 5 8 18 60 45 94 7 32 25 29 76 130 74 71 8 0 0 0 0 0 0 0 7 -999
P6330 2099 12 7 3 3 2 5 7 0 0 15 0 0 0 11 3 0 0 4 2 4 4 19 63 30 0 0 0 8 20 15 18 127
P6330 2100 1 9 0 0 0 13 0 0 0 0 0 0 37 37 14 0 28 7 0 0 0 0 6 6 5 0 0 0 0 0 0 0
P6330 2100 2 0 0 30 6 0 11 0 0 0 0 1 0 0 1 0 0 0 0 3 6 2 0 0 0 0 0 0 0 -999 -999 -999
P6330 2100 3 0 0 0 0 0 26 10 13 6 28 0 0 19 24 0 0 0 0 7 0 0 0 0 0 0 0 0 10 8 0 14
P6330 2100 4 7 0 7 0 0 0 0 0 5 0 6 6 12 0 0 0 16 0 0 0 0 31 11 9 0 0 0 0 0 47 -999
P6330 2100 5 0 0 179 0 10 0 5 0 0 0 7 0 7 0 0 7 8 7 0 0 0 0 0 8 8 9 0 0 0 0 0
P6330 2100 6 0 7 0 0 7 6 0 0 0 0 0 0 0 0 0 0 0 0 0 0 0 0 7 0 0 0 29 0 7 0 -999
P6330 2100 7 9 0 0 0 0 0 0 0 0 0 0 0 0 0 0 0 0 0 0 17 11 0 0 0 0 0 0 0 0 0 0
P6330 2100 8 0 0 0 0 0 0 0 0 0 0 0 0 0 0 0 0 0 0 0 0 0 0 0 0 0 0 0 0 0 0 0
P6330 2100 9 0 0 0 0 0 14 7 0 0 0 0 0 0 0 0 0 0 4 0 8 0 0 0 0 0 0 0 0 6 0 -999
P6330 2100 10 13 0 7 7 6 16 0 0 11 9 6 9 0 0 6 11 14 31 48 0 12 0 25 35 12 10 0 165 62 69 19
P6330 2100 11 15 7 0 0 5 5 7 0 0 0 108 130 27 8 16 0 0 0 0 0 0 0 0 0 0 4 0 0 0 0 -999
P6330 2100 12 0 0 0 0 0 0 0 0 0 0 0 0 0 6 0 60 0 0 25 6 0 10 0 9 0 59 105 161 20 0 -999
