precip bcc-csm1-1 rcp60 RNEURONALES decimas 2
P5917 39.041 -2.331 884 geo 2006 2100 -1
P5917 2006 1 0 0 0 0 0 0 4 0 16 70 64 72 23 47 20 34 4 0 0 0 2 18 2 15 36 10 1 1 0 0 0
P5917 2006 2 0 0 7 25 66 71 72 17 115 119 132 57 54 55 13 64 40 4 0 0 13 19 64 59 50 17 0 10 -999 -999 -999
P5917 2006 3 0 0 3 0 0 3 3 0 12 15 51 22 7 13 9 9 62 0 0 0 0 0 0 0 0 0 0 0 2 3 3
P5917 2006 4 0 19 5 0 60 53 29 23 41 75 49 44 21 7 25 10 0 3 4 0 0 0 4 7 0 44 16 0 0 0 -999
P5917 2006 5 0 6 1 8 15 18 10 7 10 42 15 2 3 4 16 10 6 14 17 12 8 5 5 6 25 43 63 46 26 27 8
P5917 2006 6 7 4 12 4 17 26 17 2 0 0 0 0 0 0 0 0 0 0 0 0 0 0 0 0 0 0 0 0 0 0 -999
P5917 2006 7 0 0 0 0 0 0 0 0 0 0 0 0 0 0 0 0 0 0 0 0 0 0 0 0 0 0 0 0 0 0 0
P5917 2006 8 0 0 0 0 0 0 0 0 0 0 0 0 0 0 0 0 0 0 0 0 0 0 0 0 0 0 0 0 0 0 0
P5917 2006 9 0 0 0 0 0 0 0 0 0 5 1 0 0 27 21 10 12 13 4 0 0 0 0 0 0 0 0 0 0 0 -999
P5917 2006 10 22 9 14 13 0 0 0 0 0 0 0 0 0 0 0 0 0 0 0 0 0 0 0 0 0 0 0 0 0 0 0
P5917 2006 11 0 0 0 0 16 6 7 3 0 0 0 0 0 0 0 0 0 0 0 0 0 0 0 0 0 0 0 0 0 0 -999
P5917 2006 12 0 0 4 0 0 0 0 0 0 0 0 0 0 0 0 0 0 0 0 0 1 13 112 32 57 55 78 73 15 12 0
P5917 2007 1 0 0 0 0 0 0 0 0 0 1 0 1 10 0 0 0 1 44 14 0 39 2 4 6 13 8 19 15 23 31 1
P5917 2007 2 0 0 5 9 30 56 46 47 24 7 2 24 19 25 24 0 0 0 10 13 10 0 0 5 10 1 0 0 -999 -999 -999
P5917 2007 3 20 15 0 0 0 0 0 0 0 0 0 8 45 22 29 0 53 30 6 2 0 2 58 15 8 0 0 1 17 16 43
P5917 2007 4 0 18 15 6 6 3 7 3 0 0 0 0 0 2 0 10 3 2 24 5 4 29 51 60 30 33 14 2 6 2 -999
P5917 2007 5 10 0 4 15 13 6 4 27 8 5 3 7 8 5 9 3 4 5 0 4 0 0 0 0 0 0 0 0 0 0 20
P5917 2007 6 22 0 0 0 0 0 19 28 6 0 0 0 0 0 0 0 0 0 0 0 0 0 0 0 0 0 0 0 0 0 -999
P5917 2007 7 0 0 0 0 0 0 0 0 0 0 0 0 0 0 0 0 0 0 0 0 0 0 0 0 0 0 0 0 0 0 0
P5917 2007 8 0 0 0 0 0 0 0 0 0 0 0 0 0 0 0 0 0 0 0 0 0 0 0 11 5 0 5 5 8 0 0
P5917 2007 9 0 0 0 0 0 0 0 0 0 0 0 0 0 0 0 0 0 0 0 0 0 0 0 0 0 0 0 0 0 0 -999
P5917 2007 10 0 0 7 0 0 0 4 9 2 16 11 14 46 49 34 8 21 40 23 9 0 0 0 0 4 21 61 56 6 17 5
P5917 2007 11 0 0 0 0 0 0 0 0 0 13 15 5 0 0 5 0 0 9 2 120 33 19 39 62 64 15 4 0 59 18 -999
P5917 2007 12 0 0 0 0 0 0 0 11 43 67 37 8 10 25 1 26 54 49 14 42 51 21 17 12 7 0 0 5 3 2 0
P5917 2008 1 12 41 50 150 16 156 132 16 4 7 15 48 35 5 2 11 20 50 22 0 0 0 0 0 0 0 0 0 0 0 0
P5917 2008 2 0 0 0 0 0 0 0 0 0 0 0 0 0 0 3 0 0 0 3 20 9 2 6 6 5 0 0 0 -999 -999 -999
P5917 2008 3 0 9 0 0 0 0 0 3 0 0 0 3 0 57 30 15 28 15 0 0 6 0 40 39 47 37 26 0 0 18 10
P5917 2008 4 33 10 4 3 9 72 112 46 11 35 50 56 51 16 2 0 0 8 12 0 0 0 2 3 0 6 2 0 15 7 -999
P5917 2008 5 0 0 13 8 30 23 16 2 4 24 35 6 0 0 0 0 3 3 10 17 0 0 0 0 0 0 0 0 0 0 0
P5917 2008 6 14 0 0 0 0 0 0 0 0 0 0 0 0 0 0 0 0 0 0 0 0 0 0 0 0 0 13 39 0 0 -999
P5917 2008 7 0 7 0 0 29 6 29 8 0 0 0 0 0 0 0 0 0 0 0 0 0 0 0 0 0 0 0 0 0 0 0
P5917 2008 8 0 0 0 0 0 0 0 0 0 0 0 0 0 0 0 0 0 0 0 0 0 0 0 0 0 0 0 0 0 0 0
P5917 2008 9 0 0 0 0 0 0 0 0 0 0 0 0 0 0 0 0 0 0 0 0 0 0 0 0 0 0 0 0 0 0 -999
P5917 2008 10 8 10 11 5 4 8 15 0 0 5 68 3 16 13 22 23 10 2 0 18 28 20 31 14 4 0 0 13 5 11 0
P5917 2008 11 0 0 0 8 2 15 3 51 56 6 1 0 1 2 65 150 66 84 164 19 0 13 9 0 0 11 7 0 0 9 -999
P5917 2008 12 121 78 13 0 0 0 16 73 37 0 0 11 49 84 17 5 0 0 0 1 3 8 16 15 0 0 0 1 0 0 0
P5917 2009 1 0 0 0 0 16 50 14 0 0 18 62 10 16 23 21 15 5 56 46 1 1 16 35 26 19 0 0 0 4 27 8
P5917 2009 2 1 0 0 0 0 16 3 5 8 3 4 6 3 0 0 0 34 22 25 34 57 40 41 29 106 34 72 50 -999 -999 -999
P5917 2009 3 121 93 65 67 60 153 106 10 10 0 8 0 0 0 0 0 0 4 15 8 8 0 0 0 3 8 11 4 2 4 0
P5917 2009 4 0 0 0 0 0 0 24 0 0 0 3 2 5 10 4 0 0 0 0 8 12 0 0 0 0 0 6 0 0 0 -999
P5917 2009 5 0 0 0 0 0 0 0 0 0 0 0 0 0 0 0 0 0 0 0 0 0 0 0 0 0 0 0 0 0 0 0
P5917 2009 6 0 0 0 51 261 10 0 22 17 13 38 49 23 11 7 3 6 21 4 17 22 12 0 0 0 0 0 0 0 0 -999
P5917 2009 7 0 0 0 0 0 0 0 0 0 0 0 0 0 0 0 0 0 0 0 0 0 0 0 0 0 0 0 0 0 0 0
P5917 2009 8 0 0 0 0 0 0 0 0 0 0 0 0 0 0 0 0 0 0 0 0 0 0 0 0 0 0 0 0 0 0 0
P5917 2009 9 0 0 0 0 0 0 0 0 0 0 0 0 0 0 0 0 0 0 0 0 0 0 0 0 0 0 0 0 0 0 -999
P5917 2009 10 0 0 46 27 16 14 8 3 0 0 0 0 0 0 0 0 0 0 0 0 2 4 0 0 1 0 0 0 0 0 0
P5917 2009 11 0 0 0 0 0 0 0 1 6 11 15 14 16 0 0 0 0 0 0 0 0 0 0 0 0 0 0 0 0 0 -999
P5917 2009 12 0 0 0 0 17 6 8 9 0 14 23 9 0 0 3 27 14 9 0 0 0 0 0 2 7 27 151 136 80 7 30
P5917 2010 1 6 0 0 0 7 0 0 4 0 0 10 0 0 0 9 9 14 19 14 8 1 0 0 0 0 0 0 0 0 0 0
P5917 2010 2 0 0 0 0 0 0 0 0 0 1 0 0 6 0 0 2 2 0 0 0 1 10 0 0 0 0 0 0 -999 -999 -999
P5917 2010 3 4 0 0 0 0 8 54 40 41 46 14 0 0 0 0 0 0 3 7 1 27 15 95 14 10 5 7 5 0 0 3
P5917 2010 4 6 18 27 3 3 7 61 48 11 0 0 45 29 0 0 0 0 0 0 0 0 0 0 6 0 0 0 0 0 0 -999
P5917 2010 5 0 0 0 0 0 0 0 0 0 0 0 0 0 0 0 0 0 0 0 32 0 0 0 0 0 0 0 0 0 0 0
P5917 2010 6 17 0 0 0 0 0 0 0 0 0 0 0 0 26 20 4 2 0 0 0 0 0 0 0 0 0 0 0 0 0 -999
P5917 2010 7 0 0 0 0 0 0 0 0 0 0 0 0 0 0 0 0 0 0 0 0 0 0 0 0 0 0 0 0 0 0 0
P5917 2010 8 0 0 0 0 0 0 0 0 0 0 0 0 0 0 0 0 0 0 0 0 0 0 0 0 0 0 0 0 0 0 0
P5917 2010 9 0 0 0 0 0 0 0 0 0 0 0 0 0 0 0 0 0 0 0 0 0 0 0 0 0 0 0 0 0 0 -999
P5917 2010 10 0 0 0 0 0 0 0 0 0 0 0 0 0 0 0 0 0 0 0 0 0 0 0 0 0 0 12 0 0 0 0
P5917 2010 11 0 0 0 0 0 0 0 0 1 2 7 34 68 29 36 16 95 10 0 0 0 0 4 6 0 0 0 0 0 0 -999
P5917 2010 12 0 0 0 0 0 0 0 0 0 0 0 0 0 0 0 0 3 7 2 3 2 0 0 1 1 0 0 0 0 0 1
P5917 2011 1 0 0 0 0 0 0 0 0 0 0 0 5 10 0 0 0 6 29 3 5 16 8 0 0 0 0 1 1 0 5 20
P5917 2011 2 0 0 0 0 0 0 0 0 1 0 1 0 0 0 0 0 0 3 1 0 0 5 0 21 37 30 11 28 -999 -999 -999
P5917 2011 3 22 1 11 3 18 13 108 14 71 0 0 0 0 0 1 30 0 0 0 10 4 2 2 4 3 0 10 4 24 10 11
P5917 2011 4 20 7 4 6 2 0 0 0 0 4 17 3 4 0 0 0 0 0 0 0 0 0 0 0 2 4 2 0 0 0 -999
P5917 2011 5 0 0 0 0 0 0 0 0 0 0 0 0 0 8 0 0 0 0 0 0 0 0 0 0 0 0 11 0 0 0 0
P5917 2011 6 0 0 0 0 0 0 0 0 0 0 0 0 0 0 0 0 0 0 0 0 0 0 0 0 7 17 0 0 0 0 -999
P5917 2011 7 0 0 0 0 3 0 0 0 0 0 0 0 0 0 0 0 0 0 0 0 0 0 0 0 0 0 0 0 0 0 0
P5917 2011 8 0 0 0 0 0 0 0 0 0 0 0 0 0 0 0 0 0 0 0 0 0 0 0 0 0 0 0 0 0 0 0
P5917 2011 9 0 0 0 0 0 0 0 0 0 0 0 0 0 0 0 0 0 0 0 0 0 0 0 0 0 0 0 0 0 0 -999
P5917 2011 10 0 0 0 0 0 0 7 33 0 0 0 0 0 0 0 0 0 0 32 12 4 13 37 20 5 0 0 0 8 35 45
P5917 2011 11 17 39 56 32 4 17 9 32 0 0 1 13 11 8 0 0 0 0 0 0 3 5 17 16 25 11 37 65 75 9 -999
P5917 2011 12 30 28 0 0 0 0 0 0 0 0 0 0 0 0 70 36 12 18 0 0 0 0 0 0 4 20 43 42 17 0 1
P5917 2012 1 7 9 28 20 28 32 0 0 0 0 0 1 0 2 2 2 11 44 27 20 9 30 0 9 0 0 2 4 0 0 0
P5917 2012 2 0 0 0 0 0 0 0 0 0 0 1 13 12 2 2 2 20 4 82 0 0 4 20 49 12 3 1 0 -999 -999 -999
P5917 2012 3 0 0 0 0 0 0 0 0 0 0 0 0 7 0 6 4 6 0 0 1 0 0 2 7 0 11 34 0 0 0 0
P5917 2012 4 0 0 0 0 0 0 0 0 0 0 0 0 0 0 0 0 0 0 0 0 0 0 0 0 0 0 0 0 0 0 -999
P5917 2012 5 0 0 0 0 0 0 0 0 0 163 314 52 81 92 120 0 0 0 0 0 0 6 3 4 11 9 11 12 32 25 3
P5917 2012 6 0 0 0 0 4 7 0 0 0 0 0 0 0 0 0 0 0 0 0 0 0 0 0 0 0 0 0 0 0 0 -999
P5917 2012 7 0 0 0 0 0 0 0 0 0 0 0 0 0 0 0 0 0 0 0 0 0 0 0 0 0 0 0 0 0 0 0
P5917 2012 8 0 0 0 0 0 0 0 0 0 0 0 0 0 0 0 0 0 0 0 0 0 0 0 0 0 0 0 0 0 0 0
P5917 2012 9 0 0 0 0 0 0 0 0 0 0 0 0 0 0 0 0 0 0 0 0 0 0 0 0 0 0 0 0 0 0 -999
P5917 2012 10 0 0 0 0 0 0 0 0 0 48 295 138 19 0 0 0 0 0 0 0 31 57 58 29 12 1 0 0 8 43 35
P5917 2012 11 8 0 0 0 0 11 11 0 0 8 5 0 40 10 0 0 0 0 0 0 0 0 0 0 0 0 0 0 0 0 -999
P5917 2012 12 14 10 0 3 23 2 0 0 0 0 0 0 0 0 0 0 0 28 18 39 6 8 57 52 5 0 0 0 0 0 0
P5917 2013 1 0 0 0 0 0 0 0 0 0 0 0 0 31 16 0 9 0 0 0 7 32 24 18 81 35 14 4 0 0 0 11
P5917 2013 2 4 18 8 29 25 22 196 34 14 6 1 0 0 12 16 16 39 9 11 0 0 12 36 13 26 40 50 23 -999 -999 -999
P5917 2013 3 3 0 11 0 0 0 0 0 0 0 10 6 15 56 35 10 7 16 4 0 0 0 0 0 0 0 0 0 0 0 0
P5917 2013 4 0 20 3 3 57 64 2 0 8 8 0 0 0 0 45 26 43 24 5 48 64 65 52 19 1 1 9 0 0 0 -999
P5917 2013 5 0 9 0 0 0 0 0 0 0 4 4 2 0 0 0 0 0 0 8 10 9 11 5 8 3 8 0 0 0 0 0
P5917 2013 6 0 0 0 0 0 0 0 0 0 0 0 0 0 0 0 0 0 0 0 0 0 0 0 0 0 0 0 0 0 0 -999
P5917 2013 7 0 0 0 0 0 0 0 0 0 0 0 0 0 0 0 0 0 0 0 0 0 0 0 0 0 0 0 0 0 0 0
P5917 2013 8 0 0 0 0 0 0 0 0 0 0 0 0 0 0 0 0 0 0 0 0 0 0 0 0 0 0 0 0 0 0 0
P5917 2013 9 0 0 0 0 0 0 0 0 0 0 0 0 0 0 0 0 0 0 0 0 0 0 0 0 0 0 0 0 0 0 -999
P5917 2013 10 0 0 0 0 0 0 24 0 12 13 32 8 11 23 28 39 11 18 12 0 0 0 24 17 0 0 0 0 0 0 0
P5917 2013 11 0 0 0 0 0 0 0 0 0 0 0 0 5 5 25 7 0 5 0 0 0 0 0 0 5 5 6 8 8 0 -999
P5917 2013 12 24 18 20 52 16 11 3 4 0 10 2 0 0 0 0 24 65 18 12 0 0 0 0 0 0 0 0 0 1 17 48
P5917 2014 1 76 121 74 0 0 0 0 11 13 12 22 6 6 4 0 0 0 3 0 31 28 13 35 55 128 95 21 14 10 64 15
P5917 2014 2 16 55 3 1 44 34 3 10 0 0 0 0 0 0 0 0 0 0 1 0 0 0 0 0 0 0 0 0 -999 -999 -999
P5917 2014 3 0 0 0 0 0 0 0 0 0 0 0 0 0 0 28 13 1 0 0 0 14 70 19 15 14 8 12 0 0 4 2
P5917 2014 4 3 0 15 0 0 0 0 3 10 10 34 6 10 0 0 0 0 0 0 0 0 0 0 0 0 0 0 9 17 15 -999
P5917 2014 5 3 4 0 0 0 2 7 8 3 0 3 5 8 3 8 2 4 48 6 0 0 0 0 0 0 0 0 0 0 4 15
P5917 2014 6 23 4 1 0 4 0 0 0 0 0 0 0 0 0 0 0 0 0 0 0 0 0 0 0 0 0 0 0 0 0 -999
P5917 2014 7 0 0 0 0 0 0 0 0 0 0 0 0 0 0 0 0 0 0 0 0 0 0 0 0 0 0 0 0 0 0 0
P5917 2014 8 0 0 0 0 0 0 0 0 0 0 0 0 0 0 0 0 0 0 0 0 0 0 0 0 0 0 0 0 0 0 0
P5917 2014 9 0 0 0 0 0 0 0 0 0 0 0 0 0 0 0 0 0 0 0 0 0 0 0 0 0 0 0 0 0 0 -999
P5917 2014 10 0 0 0 0 0 0 0 0 0 0 0 0 0 0 0 0 0 0 0 0 2 6 13 3 0 0 0 0 0 0 0
P5917 2014 11 0 18 8 0 0 27 5 0 0 0 0 5 14 0 0 0 0 7 5 25 32 4 0 0 0 21 17 13 0 38 -999
P5917 2014 12 8 0 0 0 0 0 0 0 0 0 0 0 26 14 52 21 33 29 4 27 50 51 22 36 8 7 20 3 0 0 0
P5917 2015 1 0 0 0 0 0 0 0 0 0 0 0 0 0 0 0 0 0 0 0 1 0 0 0 7 65 72 14 8 4 77 14
P5917 2015 2 0 3 0 0 6 0 0 0 61 23 13 14 27 35 26 49 32 63 68 14 17 54 49 0 0 0 0 6 -999 -999 -999
P5917 2015 3 0 0 39 34 17 12 11 0 0 0 8 9 23 1 7 5 4 32 47 17 9 43 59 40 32 0 0 0 0 0 12
P5917 2015 4 7 0 0 0 0 2 5 0 2 20 51 36 14 25 61 145 9 3 12 15 12 14 14 48 26 0 0 0 0 0 -999
P5917 2015 5 16 4 3 8 25 23 0 0 3 0 0 0 0 0 0 0 0 0 0 0 0 0 0 0 0 0 0 0 0 0 0
P5917 2015 6 0 0 0 5 32 25 0 0 0 0 0 0 0 0 0 0 0 0 0 0 0 0 0 0 0 0 0 0 0 0 -999
P5917 2015 7 0 0 0 0 0 0 0 0 0 0 0 0 0 0 0 0 0 0 0 0 0 0 0 0 0 0 0 0 0 0 0
P5917 2015 8 0 0 0 0 0 0 0 0 0 0 0 0 0 0 0 0 0 0 0 0 0 0 0 0 0 0 0 0 0 0 0
P5917 2015 9 0 0 0 0 0 0 0 0 0 0 0 0 0 0 0 0 16 65 27 0 0 0 0 0 4 3 0 0 0 0 -999
P5917 2015 10 0 0 0 0 0 0 0 0 19 25 17 33 13 0 0 1 12 33 149 24 10 0 7 0 0 3 2 0 0 0 0
P5917 2015 11 0 0 0 0 2 0 0 0 0 0 0 2 0 14 0 0 0 0 0 0 0 0 0 0 0 0 0 0 4 0 -999
P5917 2015 12 0 0 0 0 0 0 0 0 0 0 0 5 4 55 36 0 0 0 4 8 6 9 3 0 18 10 20 138 45 60 16
P5917 2016 1 28 10 0 12 12 116 121 84 84 0 56 81 101 31 36 2 11 2 0 19 15 8 0 0 2 6 3 0 19 21 11
P5917 2016 2 11 8 4 0 0 19 3 0 10 0 0 5 28 19 0 0 0 0 0 0 0 0 0 0 0 0 0 0 -999 -999 -999
P5917 2016 3 0 0 0 0 0 0 0 0 9 0 0 0 0 0 0 0 0 17 0 0 0 0 0 0 0 0 0 0 0 5 10
P5917 2016 4 0 0 3 36 50 22 1 10 16 7 2 9 29 5 0 0 25 9 11 9 4 5 18 4 9 0 3 10 3 21 -999
P5917 2016 5 17 9 4 3 2 0 4 0 0 0 0 0 0 0 0 0 0 0 0 0 0 0 0 0 4 0 0 0 0 0 0
P5917 2016 6 0 0 0 0 10 10 0 0 0 0 0 0 0 0 0 0 0 0 0 0 0 0 0 0 0 0 9 4 0 0 -999
P5917 2016 7 0 0 0 0 0 0 0 0 0 0 0 0 0 0 0 0 0 0 0 0 0 0 0 0 0 0 0 0 0 0 0
P5917 2016 8 0 0 0 0 0 0 0 0 0 0 0 0 0 0 0 0 0 0 0 0 0 0 0 0 0 0 0 0 0 0 0
P5917 2016 9 0 0 0 0 0 0 0 0 0 0 0 0 0 0 0 0 0 0 0 0 0 0 0 0 0 0 0 0 0 0 -999
P5917 2016 10 0 0 0 0 0 0 0 0 0 0 0 0 0 0 0 11 10 8 8 9 21 5 0 9 47 59 13 59 13 0 9
P5917 2016 11 0 0 0 20 59 15 28 23 20 5 71 125 95 65 4 47 9 0 0 7 3 0 13 25 70 24 36 8 0 0 -999
P5917 2016 12 0 0 0 0 0 0 0 0 0 0 0 0 0 2 11 0 0 0 0 0 0 0 0 0 0 0 0 0 7 16 1
P5917 2017 1 0 0 28 14 11 12 21 35 17 71 10 1 10 0 13 0 0 0 0 0 5 0 0 0 3 12 3 41 1 0 0
P5917 2017 2 0 11 7 8 0 0 0 4 1 2 1 1 0 2 56 3 2 0 42 70 52 43 9 4 27 19 59 69 -999 -999 -999
P5917 2017 3 22 14 15 46 72 48 1 3 26 53 68 89 31 16 19 25 2 43 58 17 8 77 86 24 35 10 15 21 56 6 27
P5917 2017 4 45 51 50 14 9 0 70 60 7 26 69 61 35 2 46 6 8 19 0 1 1 33 8 0 7 31 18 4 11 6 -999
P5917 2017 5 5 23 3 2 5 4 33 6 0 26 0 0 0 8 8 0 0 0 0 0 2 7 14 6 7 0 0 0 0 0 0
P5917 2017 6 0 0 0 0 0 0 0 27 9 0 0 0 0 0 28 0 0 0 0 0 0 0 0 0 0 0 0 0 0 0 -999
P5917 2017 7 0 0 0 0 0 0 0 0 0 0 0 0 0 0 0 0 0 0 0 0 0 0 9 9 0 0 0 0 0 0 0
P5917 2017 8 0 0 0 0 0 0 0 0 0 0 6 0 0 0 0 0 0 0 0 0 0 0 0 0 0 0 0 0 0 0 0
P5917 2017 9 0 0 0 0 0 0 40 0 0 0 0 0 0 0 0 0 0 0 0 0 0 0 0 0 0 4 0 8 10 18 -999
P5917 2017 10 0 20 6 0 15 7 9 13 14 0 0 0 0 0 0 0 0 0 0 0 0 0 28 6 4 13 13 0 0 0 0
P5917 2017 11 4 18 0 0 12 10 0 13 5 14 27 0 0 0 4 0 0 24 21 0 0 12 10 12 14 19 0 0 0 0 -999
P5917 2017 12 0 13 0 0 0 0 0 0 0 0 8 10 57 81 14 46 35 44 0 17 15 35 32 1 3 0 20 39 62 28 76
P5917 2018 1 0 0 0 0 0 0 0 0 0 0 0 0 0 0 0 0 1 0 0 0 0 0 4 6 14 28 33 12 0 9 9
P5917 2018 2 13 17 42 20 28 24 8 21 4 0 0 16 24 26 3 0 0 0 9 0 0 5 0 1 0 2 9 4 -999 -999 -999
P5917 2018 3 1 5 2 4 13 34 31 10 0 0 8 14 2 2 0 0 0 0 4 19 20 51 25 79 45 72 20 60 35 165 22
P5917 2018 4 56 71 33 79 7 4 0 0 0 0 4 56 54 28 5 42 22 2 1 0 0 0 0 0 21 18 27 48 44 66 -999
P5917 2018 5 40 37 47 62 2 0 0 0 0 0 0 0 0 0 0 6 12 86 42 47 14 0 0 0 0 0 0 3 0 0 0
P5917 2018 6 0 0 0 0 0 0 3 0 0 0 0 0 0 0 0 0 0 0 0 0 0 0 0 0 0 0 0 0 0 0 -999
P5917 2018 7 0 0 0 0 0 0 0 0 0 0 0 0 0 0 0 0 0 0 0 0 0 0 0 0 0 0 0 0 0 0 0
P5917 2018 8 0 0 0 0 0 0 0 0 0 0 0 0 0 0 0 0 0 0 0 0 0 0 0 0 0 0 0 0 0 0 0
P5917 2018 9 0 0 0 0 0 0 0 0 0 0 0 0 0 0 0 0 0 0 0 0 0 18 9 0 0 0 0 0 0 0 -999
P5917 2018 10 0 0 0 0 0 0 0 0 0 0 0 0 0 0 0 0 0 0 0 33 39 26 0 49 50 21 19 4 0 1 3
P5917 2018 11 13 0 1 6 6 0 0 0 0 1 0 0 0 0 0 0 10 0 0 0 0 38 20 10 8 24 36 104 12 0 -999
P5917 2018 12 0 10 0 0 0 0 0 0 0 0 1 0 0 1 0 0 0 0 0 0 0 0 3 7 8 25 22 3 0 0 0
P5917 2019 1 0 0 0 7 0 21 23 13 17 11 12 11 45 5 13 2 0 0 0 2 0 0 0 0 1 0 0 0 0 0 0
P5917 2019 2 0 0 5 7 2 6 0 0 1 9 13 11 12 1 82 22 27 0 0 0 0 0 2 44 56 12 1 25 -999 -999 -999
P5917 2019 3 41 49 69 67 14 26 4 3 8 16 8 4 2 0 0 0 0 0 0 0 0 0 1 25 34 36 28 53 46 37 3
P5917 2019 4 0 0 0 0 0 0 0 0 0 0 0 2 2 0 0 0 0 0 0 0 0 0 0 0 0 0 4 6 4 2 -999
P5917 2019 5 4 0 2 0 0 0 0 0 26 9 0 5 16 6 0 0 0 0 0 0 0 0 0 0 0 0 0 0 8 2 6
P5917 2019 6 0 0 0 0 0 0 0 0 0 0 0 0 0 0 0 0 0 0 0 0 0 0 0 0 0 0 36 0 0 0 -999
P5917 2019 7 0 0 8 0 0 0 0 0 0 0 0 0 0 0 0 0 0 0 0 0 0 0 0 0 0 0 0 0 0 0 0
P5917 2019 8 0 0 0 0 0 0 0 0 0 0 0 0 0 0 0 0 0 0 0 0 0 0 0 0 0 0 0 0 0 0 0
P5917 2019 9 0 0 0 0 0 0 0 0 0 0 0 211 96 0 0 0 0 0 0 0 0 0 0 0 0 0 0 0 0 0 -999
P5917 2019 10 0 0 2 3 1 1 2 0 0 0 0 0 0 0 0 0 0 0 0 0 0 0 0 1 0 0 0 0 0 0 0
P5917 2019 11 7 86 0 0 44 70 63 18 0 0 0 0 0 4 8 0 0 0 0 0 0 0 0 0 0 48 12 15 34 10 -999
P5917 2019 12 0 0 0 0 5 0 0 0 0 0 0 0 12 13 86 44 26 80 47 57 29 17 42 139 114 41 22 0 0 5 0
P5917 2020 1 0 42 67 44 25 33 31 0 0 0 4 4 0 0 0 0 0 0 0 0 0 0 8 9 0 0 0 1 9 11 1
P5917 2020 2 0 75 55 102 32 0 2 4 0 0 0 0 0 7 15 47 49 41 30 5 15 11 47 46 1 0 0 0 -999 -999 -999
P5917 2020 3 0 0 0 0 0 0 0 0 0 0 0 0 5 6 24 78 22 36 16 2 0 4 26 67 59 57 63 5 27 29 10
P5917 2020 4 10 0 0 0 0 0 0 3 61 24 15 10 1 1 1 0 0 0 0 0 23 17 19 29 39 25 0 0 6 15 -999
P5917 2020 5 61 64 47 8 14 1 0 0 0 0 0 6 0 0 0 0 0 0 0 0 0 3 12 8 6 9 54 62 17 7 5
P5917 2020 6 2 0 0 0 0 0 32 18 4 0 0 0 0 0 0 0 0 0 0 0 0 0 0 0 0 0 0 0 0 0 -999
P5917 2020 7 0 0 0 0 0 0 0 0 0 0 0 0 0 0 0 0 0 0 0 0 0 0 0 0 0 0 0 0 0 0 0
P5917 2020 8 0 0 0 0 0 0 0 0 0 0 0 0 0 0 0 0 0 0 0 0 0 0 0 0 0 0 0 0 0 0 0
P5917 2020 9 0 0 0 0 0 0 0 0 0 0 0 0 0 0 31 24 0 0 8 7 0 0 0 0 0 0 0 0 0 0 -999
P5917 2020 10 0 0 0 41 0 0 0 0 0 0 1 0 0 0 0 0 0 0 0 0 0 0 21 18 6 13 42 49 16 0 0
P5917 2020 11 9 10 4 24 3 0 0 0 0 0 0 0 1 4 0 2 33 32 29 178 146 12 1 0 0 0 0 0 0 2 -999
P5917 2020 12 0 0 0 0 5 2 1 0 0 4 5 7 31 4 0 0 0 33 1 12 20 64 102 74 0 10 0 0 0 0 0
P5917 2021 1 0 7 10 1 2 0 0 0 0 0 12 9 7 31 7 7 26 13 13 14 15 9 14 42 43 57 74 105 50 79 60
P5917 2021 2 14 22 89 84 105 47 5 46 2 1 2 0 26 12 7 1 13 4 0 0 0 0 0 2 4 6 37 51 -999 -999 -999
P5917 2021 3 9 8 23 9 18 40 47 65 95 18 1 7 88 12 66 49 16 32 51 45 26 4 7 44 1 0 10 3 14 12 20
P5917 2021 4 15 10 21 18 2 0 0 0 6 53 16 0 0 0 0 10 13 8 10 8 0 0 1 3 71 117 57 9 0 7 -999
P5917 2021 5 8 0 0 1 0 4 8 7 6 4 4 2 6 0 0 0 0 0 0 0 0 0 0 0 0 0 3 10 9 27 9
P5917 2021 6 21 24 4 2 0 0 11 59 7 8 17 5 12 7 13 0 0 0 0 0 0 0 0 0 0 0 0 0 0 0 -999
P5917 2021 7 0 0 0 0 0 0 0 0 0 0 0 0 0 0 0 0 0 0 0 0 0 0 0 0 0 0 0 0 0 0 0
P5917 2021 8 0 0 0 0 0 0 0 9 14 4 0 0 0 0 0 0 0 0 0 0 0 0 0 0 0 0 0 0 0 0 0
P5917 2021 9 0 0 0 0 0 0 0 0 0 0 0 0 0 6 18 11 0 0 0 0 0 0 0 0 43 37 0 0 0 33 -999
P5917 2021 10 34 21 34 13 0 0 17 23 4 0 0 0 18 15 21 6 0 0 0 17 34 0 0 0 19 24 11 0 0 0 12
P5917 2021 11 23 10 15 5 19 0 0 19 7 0 0 0 0 0 0 0 0 0 0 12 34 0 15 4 0 0 0 0 0 3 -999
P5917 2021 12 0 0 0 0 0 0 0 2 0 0 0 0 6 3 25 34 26 68 77 27 56 11 54 24 86 23 52 62 26 68 10
P5917 2022 1 0 0 0 0 0 0 0 0 0 0 0 2 22 14 9 2 0 0 0 18 9 1 0 0 0 0 0 0 0 0 0
P5917 2022 2 0 9 0 0 0 0 0 0 9 40 1 0 0 0 7 7 0 0 0 0 20 8 5 11 3 11 36 98 -999 -999 -999
P5917 2022 3 25 34 0 20 28 92 0 0 0 2 0 0 0 0 0 0 0 0 0 4 10 5 0 8 4 0 4 0 0 0 1
P5917 2022 4 6 15 66 48 5 40 21 6 7 0 0 16 56 13 0 0 341 0 0 37 95 71 16 1 6 1 1 0 0 0 -999
P5917 2022 5 0 0 0 0 0 0 0 0 0 0 0 0 0 0 0 0 0 0 0 0 0 0 0 0 0 0 0 0 0 0 0
P5917 2022 6 0 0 0 0 0 0 0 0 0 0 0 0 0 0 0 0 0 0 0 0 0 0 0 0 0 0 0 0 0 0 -999
P5917 2022 7 0 0 0 0 0 0 0 0 0 0 0 0 0 0 0 0 0 0 0 0 0 0 0 0 0 0 0 0 0 0 0
P5917 2022 8 0 0 0 0 0 0 0 0 0 0 0 0 0 0 0 0 0 0 0 0 0 0 0 0 0 0 0 0 0 0 0
P5917 2022 9 0 0 0 0 0 0 0 0 0 0 0 0 0 0 0 0 0 0 0 0 0 9 17 54 16 0 0 0 0 0 -999
P5917 2022 10 0 0 0 0 7 0 0 0 0 0 0 0 19 0 6 0 0 0 0 12 14 0 0 0 0 0 12 26 0 0 0
P5917 2022 11 0 0 0 23 3 0 0 0 0 0 0 2 25 31 30 26 36 24 31 2 34 38 60 66 6 0 0 0 0 0 -999
P5917 2022 12 19 4 0 1 0 101 43 145 23 3 0 7 0 0 0 0 9 5 8 15 16 54 87 58 34 115 74 74 49 5 11
P5917 2023 1 6 7 1 1 31 54 42 20 26 0 3 20 5 16 8 0 0 11 12 4 3 5 13 1 1 0 0 0 0 0 0
P5917 2023 2 0 3 1 2 0 0 0 0 0 0 0 1 0 1 22 40 21 27 8 22 39 0 0 5 0 0 0 0 -999 -999 -999
P5917 2023 3 0 0 22 0 0 0 0 0 0 0 0 0 0 0 9 14 42 68 16 10 31 19 10 4 0 4 0 3 12 27 0
P5917 2023 4 0 0 0 0 0 0 1 5 6 4 26 1 0 1 45 47 34 12 0 0 12 51 7 7 6 0 0 0 0 0 -999
P5917 2023 5 0 77 66 57 8 6 17 20 23 11 3 0 28 9 0 0 0 17 0 0 3 4 2 3 0 0 0 0 3 0 0
P5917 2023 6 0 0 0 0 0 0 0 0 0 0 0 13 0 5 41 9 3 2 0 0 0 0 0 0 0 0 0 0 0 0 -999
P5917 2023 7 0 0 0 0 0 0 0 0 0 0 0 0 0 0 0 0 0 6 11 17 0 0 0 0 0 0 0 0 0 0 0
P5917 2023 8 0 0 0 0 0 0 0 0 0 0 0 0 0 0 0 0 0 0 0 0 0 0 0 0 0 0 0 0 0 0 0
P5917 2023 9 0 0 0 0 0 0 0 0 0 0 0 0 0 0 0 0 7 17 0 0 0 0 0 0 0 0 0 0 0 25 -999
P5917 2023 10 44 57 19 0 0 0 0 0 6 12 0 0 0 30 10 3 4 26 10 1 0 0 0 0 0 0 0 4 4 13 6
P5917 2023 11 17 0 0 0 0 0 0 0 19 19 22 29 11 0 0 0 0 0 0 0 2 0 0 0 0 0 0 2 0 0 -999
P5917 2023 12 0 10 28 45 0 0 0 0 0 0 0 0 0 0 0 0 15 59 72 40 21 86 13 101 18 0 0 0 0 0 0
P5917 2024 1 0 0 0 0 0 0 0 0 0 0 0 0 0 0 0 0 0 6 10 30 18 48 24 19 5 6 12 21 5 1 17
P5917 2024 2 14 9 0 43 12 26 20 15 53 46 25 24 42 8 0 0 0 0 0 0 0 0 2 0 0 0 0 0 -999 -999 -999
P5917 2024 3 0 0 0 0 0 1 3 0 0 0 13 36 7 52 19 1 4 19 29 26 11 0 0 0 0 0 0 0 0 6 1
P5917 2024 4 1 4 2 2 23 22 115 74 17 16 68 0 0 0 0 0 0 0 0 0 8 65 9 0 0 0 0 0 0 3 -999
P5917 2024 5 4 7 10 4 23 18 33 3 1 0 0 4 8 7 4 1 1 6 0 0 0 0 0 0 16 0 14 6 10 3 0
P5917 2024 6 0 0 0 0 0 0 0 0 0 0 0 3 3 0 0 0 0 0 0 0 0 0 0 0 0 0 0 0 0 0 -999
P5917 2024 7 0 0 0 0 0 0 0 0 0 0 0 0 0 0 0 0 0 0 0 0 0 0 0 0 0 0 0 0 0 0 0
P5917 2024 8 0 0 0 0 0 0 0 0 0 0 0 0 0 0 0 0 0 0 0 0 0 0 0 0 0 0 0 0 0 0 0
P5917 2024 9 0 0 0 0 0 0 0 0 0 0 0 0 0 0 0 0 0 30 14 19 35 20 18 11 0 0 5 4 11 8 -999
P5917 2024 10 7 33 61 7 38 29 14 0 0 0 0 0 0 0 0 0 0 0 0 0 0 0 0 0 0 0 0 0 7 24 30
P5917 2024 11 13 14 63 14 36 40 1 0 0 0 44 40 18 45 72 13 10 6 0 0 0 0 0 0 0 0 0 8 1 1 -999
P5917 2024 12 32 24 30 9 0 13 9 10 14 42 76 25 18 7 0 0 0 0 3 0 5 6 14 30 21 0 0 2 0 0 1
P5917 2025 1 2 0 0 20 51 58 37 17 12 2 12 0 0 22 0 0 2 47 14 0 0 0 0 0 0 0 1 8 14 74 11
P5917 2025 2 11 23 27 8 15 17 33 35 18 7 38 64 26 0 0 16 0 0 0 0 0 0 0 0 3 0 0 0 -999 -999 -999
P5917 2025 3 0 4 12 0 0 0 0 65 39 11 0 0 0 0 0 0 0 0 0 0 0 0 0 0 0 0 0 2 0 0 0
P5917 2025 4 0 0 0 0 2 0 0 0 0 0 0 0 0 0 22 0 0 13 0 0 0 0 0 0 0 0 0 0 5 0 -999
P5917 2025 5 0 0 3 7 3 4 0 0 0 0 0 0 7 7 2 2 0 0 0 0 0 41 16 5 3 5 2 13 51 0 0
P5917 2025 6 0 0 0 2 0 0 0 0 0 0 0 0 0 0 0 0 0 0 0 0 0 0 0 0 0 0 0 0 0 0 -999
P5917 2025 7 0 0 0 0 0 0 0 0 0 0 0 0 0 0 0 0 0 0 0 0 0 0 0 0 0 0 0 0 0 0 0
P5917 2025 8 0 0 7 0 0 0 0 0 0 0 0 0 0 0 0 0 0 0 0 0 0 0 0 0 0 0 0 0 0 0 0
P5917 2025 9 0 0 0 0 0 0 0 0 0 0 0 3 0 0 0 0 0 19 0 0 0 0 0 0 0 0 0 0 3 0 -999
P5917 2025 10 0 0 0 0 0 0 0 0 0 0 0 0 0 0 0 0 58 62 31 19 69 64 21 0 0 0 0 0 7 135 54
P5917 2025 11 58 23 7 17 39 18 19 7 14 46 17 0 0 34 23 34 13 0 0 0 0 0 0 0 0 0 0 0 0 0 -999
P5917 2025 12 0 0 0 0 0 0 2 0 19 0 34 37 0 1 14 74 0 23 23 11 8 124 27 54 11 31 11 27 5 41 17
P5917 2026 1 15 9 0 0 0 0 0 0 0 0 0 0 0 0 0 0 2 5 46 48 38 17 15 5 0 0 0 0 0 0 0
P5917 2026 2 0 0 0 0 0 0 0 0 0 0 0 0 0 7 0 26 14 1 8 0 0 2 0 0 13 3 0 6 -999 -999 -999
P5917 2026 3 0 0 0 13 18 43 23 7 0 3 0 0 0 25 0 0 0 0 0 0 0 0 72 67 34 54 19 13 13 21 12
P5917 2026 4 0 2 5 9 6 23 24 3 4 2 22 5 9 0 0 0 0 0 0 0 0 0 0 0 0 0 0 0 26 21 -999
P5917 2026 5 9 4 5 0 0 0 0 0 0 2 8 16 22 4 1 0 0 0 0 0 0 0 0 0 0 0 0 0 0 0 0
P5917 2026 6 0 0 0 0 0 0 0 0 0 0 0 0 0 0 0 0 0 0 0 0 0 0 0 0 0 0 0 0 0 0 -999
P5917 2026 7 0 0 0 0 0 0 0 0 0 0 0 0 0 0 0 0 0 0 0 0 0 0 0 0 0 0 0 0 0 0 0
P5917 2026 8 0 0 0 0 0 0 0 0 0 0 0 0 0 0 0 0 0 0 0 0 0 0 0 0 0 0 0 0 0 0 0
P5917 2026 9 0 8 4 4 0 0 0 0 0 0 0 0 0 0 0 0 0 0 0 11 13 7 0 0 0 0 0 0 0 0 -999
P5917 2026 10 0 0 0 0 3 0 0 0 0 0 0 0 0 0 0 0 0 0 0 0 14 0 0 0 0 0 0 3 7 14 43
P5917 2026 11 45 24 11 50 30 34 4 36 41 21 18 34 9 2 42 27 6 2 0 0 3 0 0 0 0 0 0 0 0 0 -999
P5917 2026 12 0 2 9 0 0 0 0 0 0 0 0 0 0 5 52 34 14 27 82 85 11 13 89 18 0 0 0 1 0 0 0
P5917 2027 1 0 0 0 14 33 68 76 39 10 4 40 32 9 0 13 30 48 4 19 26 43 17 0 0 2 30 28 118 45 13 0
P5917 2027 2 0 0 0 0 0 0 0 0 0 2 8 10 0 0 0 4 1 8 9 4 2 9 17 6 0 23 0 0 -999 -999 -999
P5917 2027 3 11 19 24 15 8 8 0 13 5 0 0 0 0 0 0 0 6 11 26 30 45 23 23 13 2 4 6 1 0 0 0
P5917 2027 4 0 0 0 10 3 0 0 0 0 0 0 0 3 28 39 0 0 11 2 0 0 0 0 0 0 0 0 0 0 0 -999
P5917 2027 5 0 7 24 28 12 13 13 5 0 0 26 3 0 0 0 0 0 0 0 0 2 26 0 0 0 0 0 0 0 0 0
P5917 2027 6 0 0 0 11 18 3 0 0 0 0 0 0 0 0 0 0 0 0 0 0 0 0 0 0 0 0 0 3 0 0 -999
P5917 2027 7 0 0 4 0 0 0 0 0 0 0 0 0 0 0 0 0 0 0 0 0 0 0 0 0 0 0 0 0 0 0 0
P5917 2027 8 0 0 0 0 0 0 0 0 0 0 0 0 0 0 0 0 0 0 0 0 0 0 0 0 0 0 0 0 0 0 0
P5917 2027 9 0 0 0 0 0 0 0 0 0 0 0 0 0 0 0 0 0 0 0 0 0 0 0 0 0 0 0 0 0 0 -999
P5917 2027 10 10 0 0 0 0 0 0 0 0 0 0 0 0 0 0 0 4 12 0 0 0 2 13 16 10 0 0 0 0 0 0
P5917 2027 11 0 0 0 3 0 0 0 0 0 24 29 12 0 0 0 0 0 0 0 0 3 16 4 0 3 11 36 13 0 0 -999
P5917 2027 12 11 0 0 0 5 6 0 0 0 0 0 0 2 2 7 19 17 20 0 6 0 0 0 0 0 2 0 0 0 0 0
P5917 2028 1 6 0 0 0 0 0 0 0 0 0 0 4 0 0 0 0 11 17 19 0 0 0 0 3 0 0 2 18 0 0 7
P5917 2028 2 1 37 59 22 28 28 10 5 10 7 15 41 16 194 11 10 26 8 38 15 0 6 5 0 0 0 0 0 -999 -999 -999
P5917 2028 3 0 0 0 0 3 0 0 0 0 0 14 20 14 17 0 0 0 0 0 0 0 0 0 0 0 30 41 0 0 0 0
P5917 2028 4 0 0 0 0 0 0 0 0 0 8 3 0 0 0 2 0 28 3 6 44 10 0 0 0 0 0 0 0 0 0 -999
P5917 2028 5 0 0 0 0 0 0 0 6 11 6 4 14 0 0 6 4 0 0 0 0 0 0 0 13 3 0 0 8 3 0 0
P5917 2028 6 5 10 7 4 5 12 34 6 0 0 0 0 0 0 0 0 0 0 0 0 0 0 0 0 0 0 0 7 50 27 -999
P5917 2028 7 9 0 5 0 0 0 0 0 0 0 0 8 0 0 0 0 0 0 0 0 0 0 0 0 0 0 0 0 0 0 0
P5917 2028 8 0 0 0 0 0 0 0 0 0 0 0 0 0 0 0 0 0 0 0 0 0 0 0 0 0 0 0 0 0 0 0
P5917 2028 9 0 0 0 0 0 0 0 0 0 0 0 0 0 0 0 0 0 0 0 0 0 0 0 0 0 0 0 0 0 0 -999
P5917 2028 10 0 0 0 0 0 0 0 0 0 3 10 0 0 0 0 0 0 0 13 0 0 0 0 0 0 0 0 0 0 0 0
P5917 2028 11 0 0 0 0 22 17 1 0 0 0 0 9 4 2 0 0 0 23 7 7 55 28 0 0 0 0 16 17 34 14 -999
P5917 2028 12 0 0 0 0 0 0 0 0 0 0 0 7 19 16 13 23 38 36 17 28 28 69 51 95 20 61 92 55 27 41 0
P5917 2029 1 0 0 8 51 12 0 0 22 9 8 12 33 28 21 0 47 19 12 14 8 0 0 0 0 0 0 0 17 4 6 5
P5917 2029 2 76 91 108 82 52 0 0 4 0 0 2 0 0 7 0 0 0 0 0 0 0 0 0 0 0 9 4 3 -999 -999 -999
P5917 2029 3 8 5 3 18 19 48 34 14 36 12 3 0 0 17 0 0 0 0 17 50 13 2 0 0 0 0 0 0 0 0 2
P5917 2029 4 4 10 8 7 0 0 0 0 0 0 0 0 0 10 4 5 0 15 0 0 0 0 0 0 0 0 4 8 9 39 -999
P5917 2029 5 1 0 6 10 34 9 32 26 14 2 2 0 0 0 0 0 0 0 0 0 2 0 0 0 11 0 0 0 0 0 0
P5917 2029 6 0 0 61 51 0 0 0 0 0 0 0 0 0 0 0 0 0 0 0 0 0 0 0 0 0 0 0 0 0 0 -999
P5917 2029 7 0 0 0 0 0 0 0 0 0 0 0 0 0 0 0 0 0 0 0 0 0 0 0 0 0 0 0 0 0 0 0
P5917 2029 8 0 0 0 0 0 0 0 0 0 0 0 0 0 0 0 0 0 0 0 0 0 0 0 0 0 0 0 0 0 0 0
P5917 2029 9 0 0 0 0 0 0 0 0 0 0 0 0 0 0 0 0 0 0 0 0 0 0 6 5 21 21 7 10 0 0 -999
P5917 2029 10 0 0 0 0 0 0 0 0 0 0 0 0 0 0 0 0 0 17 0 0 0 0 0 0 0 12 0 0 80 66 8
P5917 2029 11 0 0 0 0 0 0 0 0 0 0 0 0 0 0 0 0 3 5 0 0 1 0 4 35 0 0 2 0 14 0 -999
P5917 2029 12 0 0 6 18 71 5 2 51 64 6 0 0 3 6 0 0 19 7 2 0 5 87 33 21 15 6 14 22 27 11 0
P5917 2030 1 0 0 0 2 9 9 6 14 3 15 14 7 2 0 4 32 17 0 0 0 23 0 0 0 5 2 21 6 10 0 0
P5917 2030 2 5 8 10 9 15 26 9 28 0 0 0 0 0 0 0 18 6 4 0 0 0 66 8 0 15 4 0 0 -999 -999 -999
P5917 2030 3 3 0 0 0 0 0 0 0 0 0 0 0 0 0 0 0 2 0 3 19 0 12 2 53 57 47 21 16 45 17 18
P5917 2030 4 74 40 33 4 0 0 0 2 5 1 18 8 0 24 31 8 6 17 20 19 7 10 0 3 20 58 45 0 6 11 -999
P5917 2030 5 0 0 0 0 0 0 0 0 0 15 19 13 4 12 51 43 5 8 0 0 0 0 0 0 0 0 0 0 0 0 0
P5917 2030 6 0 0 0 0 0 0 0 0 0 0 0 0 0 0 0 7 14 25 4 3 0 0 0 0 0 0 0 0 0 0 -999
P5917 2030 7 0 0 0 0 0 0 0 0 0 0 0 0 0 0 0 0 0 0 0 0 0 0 0 0 0 0 0 0 0 0 0
P5917 2030 8 0 0 0 0 0 0 0 0 0 0 0 0 0 0 0 0 0 0 0 0 0 0 0 0 0 0 0 0 0 0 0
P5917 2030 9 0 0 0 0 0 0 0 0 0 0 0 0 0 0 0 54 67 27 0 0 17 13 21 3 0 5 3 9 4 3 -999
P5917 2030 10 0 0 0 0 0 0 0 9 24 38 10 8 7 5 5 0 0 3 43 40 56 44 14 21 10 0 0 5 27 21 36
P5917 2030 11 0 0 25 9 22 21 32 34 23 23 23 8 5 18 57 10 34 25 20 11 13 36 38 60 25 20 2 24 25 1 -999
P5917 2030 12 0 0 0 0 17 57 0 0 0 8 13 4 0 0 0 0 0 0 0 0 0 0 0 0 0 1 6 13 7 25 7
P5917 2031 1 75 0 0 12 15 18 2 42 50 30 10 25 163 48 70 6 0 0 5 0 0 0 0 0 0 0 0 0 0 0 0
P5917 2031 2 0 1 13 2 1 1 1 1 26 19 2 16 25 10 0 0 0 53 16 1 1 5 10 13 0 8 4 0 -999 -999 -999
P5917 2031 3 0 0 0 2 82 127 11 0 64 113 13 68 98 7 0 1 0 1 4 5 0 0 0 0 0 0 0 0 0 3 24
P5917 2031 4 9 5 6 2 4 10 11 5 17 13 12 9 33 14 1 0 0 0 0 0 0 0 0 0 0 0 0 0 0 0 -999
P5917 2031 5 0 3 14 5 0 0 0 0 0 0 22 0 0 0 0 0 0 0 0 0 0 0 0 0 0 0 0 18 0 0 0
P5917 2031 6 0 0 0 0 0 0 44 4 0 0 0 0 0 0 0 0 0 0 0 0 0 0 0 0 0 0 0 0 0 0 -999
P5917 2031 7 0 0 0 0 0 0 0 0 0 0 0 50 46 11 7 0 0 0 0 0 0 0 0 0 0 0 0 0 0 0 0
P5917 2031 8 0 0 0 0 0 0 0 0 0 0 0 6 0 0 0 0 0 0 0 0 0 0 0 0 0 0 0 0 0 0 0
P5917 2031 9 0 0 0 0 0 0 0 0 0 0 11 0 0 0 0 0 0 0 0 0 0 19 26 125 9 9 11 7 0 0 -999
P5917 2031 10 0 0 0 0 0 0 0 27 44 0 0 0 0 0 0 0 5 0 0 2 5 14 0 0 1 0 0 0 0 0 3
P5917 2031 11 0 0 18 27 12 30 25 16 0 4 13 6 14 54 59 60 8 22 28 32 54 30 6 12 21 25 45 61 25 13 -999
P5917 2031 12 29 55 39 41 26 29 126 37 57 15 0 0 0 0 12 4 0 0 0 0 24 42 34 53 25 24 8 83 15 26 12
P5917 2032 1 0 0 17 27 50 16 36 105 36 0 0 33 11 2 17 6 0 0 0 17 0 0 0 0 0 10 0 21 34 40 49
P5917 2032 2 5 0 0 9 0 0 13 0 0 0 35 21 5 0 0 0 0 0 0 0 0 2 0 0 0 0 0 14 -999 -999 -999
P5917 2032 3 13 0 0 0 0 0 0 0 0 0 0 0 0 2 0 0 0 0 0 0 0 0 0 0 0 0 0 0 0 4 27
P5917 2032 4 56 18 9 12 23 15 55 64 25 5 3 0 0 17 13 13 13 3 0 0 0 0 0 34 27 4 0 0 0 0 -999
P5917 2032 5 0 0 3 4 0 0 0 0 0 0 0 0 0 0 0 5 3 7 0 8 0 0 0 0 4 8 0 1 1 6 36
P5917 2032 6 0 0 0 0 0 0 0 30 0 0 0 0 0 0 0 0 0 0 0 0 0 0 0 0 0 0 0 0 0 0 -999
P5917 2032 7 0 0 0 0 0 0 0 0 0 0 0 0 0 0 0 0 0 0 0 0 0 0 0 0 0 0 0 0 0 0 0
P5917 2032 8 0 0 0 0 0 0 0 0 0 0 0 0 0 0 0 0 0 0 0 0 0 0 0 0 0 0 0 0 0 0 0
P5917 2032 9 0 0 0 0 0 0 0 0 0 0 68 0 0 8 0 15 10 74 0 0 0 0 0 0 0 0 0 0 0 0 -999
P5917 2032 10 0 18 48 132 0 0 0 7 28 0 0 5 0 0 60 17 8 0 0 12 6 7 56 14 0 0 0 21 45 8 16
P5917 2032 11 0 0 29 67 14 0 0 0 0 0 0 0 0 0 0 0 0 0 0 0 0 0 18 15 14 6 47 31 53 64 -999
P5917 2032 12 48 15 38 20 0 0 0 0 0 0 0 0 0 0 0 0 0 0 0 4 0 0 0 5 4 8 2 0 0 0 0
P5917 2033 1 0 2 61 42 45 44 73 110 112 122 29 11 37 8 12 40 24 22 4 0 0 0 2 1 2 6 42 27 2 7 5
P5917 2033 2 0 0 0 0 1 8 16 6 20 11 36 33 25 0 0 0 0 0 7 0 0 0 0 20 9 1 0 0 -999 -999 -999
P5917 2033 3 0 0 0 0 0 0 5 0 0 14 81 35 17 7 37 38 33 0 0 0 7 3 5 0 0 0 4 19 5 6 0
P5917 2033 4 0 0 0 16 49 62 63 53 50 51 60 47 49 16 7 71 74 68 35 9 5 19 12 9 80 4 4 0 14 8 -999
P5917 2033 5 0 0 2 16 0 0 0 0 0 0 0 6 7 29 8 4 21 22 10 9 25 8 0 0 0 0 0 0 0 0 0
P5917 2033 6 0 0 0 0 0 0 0 0 0 0 0 0 0 0 0 0 0 0 0 0 0 0 0 0 0 0 0 0 0 0 -999
P5917 2033 7 0 0 0 0 0 0 0 0 0 0 0 0 0 0 0 0 0 0 0 0 0 0 0 0 0 0 0 0 0 0 0
P5917 2033 8 0 0 0 0 0 0 0 0 0 0 0 0 0 0 0 0 0 0 0 0 0 0 0 0 0 0 0 0 0 42 0
P5917 2033 9 0 0 0 0 0 0 0 0 0 0 0 0 0 23 29 0 0 0 0 0 0 0 0 0 0 0 0 0 0 4 -999
P5917 2033 10 6 0 0 35 72 33 53 52 27 18 28 43 30 0 0 0 0 0 0 0 0 0 0 0 11 3 0 0 3 0 0
P5917 2033 11 6 18 36 60 14 0 0 0 0 0 8 0 0 0 0 0 5 10 8 1 0 0 0 0 0 0 0 0 0 0 -999
P5917 2033 12 0 0 0 0 0 0 0 6 0 0 6 12 0 0 0 0 0 0 0 0 0 0 0 0 0 0 0 0 0 0 0
P5917 2034 1 0 0 5 1 12 6 1 0 1 2 90 66 43 134 101 44 42 0 12 0 0 0 0 0 0 0 0 0 0 0 0
P5917 2034 2 0 0 0 0 0 0 0 0 0 7 0 5 6 0 11 18 18 63 28 17 0 0 0 0 0 0 1 16 -999 -999 -999
P5917 2034 3 14 20 35 37 38 27 0 0 0 0 0 0 10 1 0 0 2 2 0 0 0 2 5 16 29 39 0 0 0 0 0
P5917 2034 4 0 0 0 0 0 0 0 0 0 0 0 0 0 0 0 0 0 0 0 2 38 3 0 0 0 0 0 6 8 0 -999
P5917 2034 5 0 0 0 0 0 0 0 0 0 0 0 0 0 0 0 0 0 0 0 0 0 0 0 0 91 0 0 0 0 0 0
P5917 2034 6 0 0 0 0 7 5 3 0 0 0 0 0 0 0 0 0 0 0 0 0 0 0 0 0 0 0 0 0 0 0 -999
P5917 2034 7 0 0 0 0 0 0 0 0 0 0 0 0 0 0 0 0 0 0 0 0 0 0 0 0 0 0 0 0 0 0 0
P5917 2034 8 0 0 0 0 0 0 0 0 0 0 0 0 0 0 0 0 0 0 0 0 0 0 0 0 0 0 0 0 0 0 0
P5917 2034 9 0 0 0 0 0 0 0 0 0 0 0 0 0 0 0 0 0 0 0 0 0 0 0 0 0 0 0 0 0 267 -999
P5917 2034 10 34 10 8 0 17 43 12 0 0 13 11 3 0 0 0 0 5 0 0 0 0 0 0 3 20 19 11 32 9 0 0
P5917 2034 11 0 0 0 0 0 6 13 3 31 4 0 8 8 0 0 0 0 0 0 0 13 17 23 27 43 86 5 31 32 24 -999
P5917 2034 12 11 0 0 0 0 5 45 44 25 9 0 0 6 19 88 10 0 10 0 0 14 0 0 0 22 36 28 0 34 23 44
P5917 2035 1 4 0 5 21 22 14 4 18 12 2 5 3 14 8 18 5 63 0 3 8 16 68 22 170 5 0 0 0 0 0 0
P5917 2035 2 0 7 2 0 0 0 4 0 0 0 0 0 0 0 0 0 0 0 0 0 47 70 146 70 36 6 16 111 -999 -999 -999
P5917 2035 3 29 99 41 13 9 6 46 79 15 2 2 14 3 73 78 69 24 1 33 47 58 49 65 5 13 62 4 27 5 15 40
P5917 2035 4 44 47 80 16 56 51 18 69 104 36 41 27 5 44 0 0 0 34 6 78 274 77 41 38 9 0 2 13 29 23 -999
P5917 2035 5 22 77 0 0 0 0 0 0 14 7 0 0 0 0 0 0 0 0 0 0 0 0 260 46 39 0 0 0 0 57 193
P5917 2035 6 0 0 0 81 54 19 4 0 19 5 11 0 0 0 0 0 0 0 0 0 0 0 0 0 0 0 0 0 0 0 -999
P5917 2035 7 0 0 0 0 0 0 0 0 0 0 0 0 0 0 0 0 0 0 0 0 0 0 0 0 0 0 0 0 0 0 0
P5917 2035 8 0 0 0 0 0 0 0 0 0 0 0 0 0 0 0 0 0 0 0 0 0 0 0 0 0 0 0 0 0 0 0
P5917 2035 9 0 0 0 0 0 0 0 0 0 0 0 0 0 0 0 0 0 0 0 0 0 0 0 0 0 0 0 0 0 0 -999
P5917 2035 10 0 0 7 28 0 0 0 0 0 0 0 0 20 46 38 0 0 0 0 33 10 0 0 0 0 0 0 0 0 0 0
P5917 2035 11 0 0 12 21 36 41 50 0 0 0 0 0 0 0 0 0 0 0 0 0 0 0 0 0 0 0 0 1 1 0 -999
P5917 2035 12 14 12 13 28 66 39 53 97 16 68 10 5 0 2 0 0 0 0 7 73 52 37 0 0 0 0 0 0 0 0 4
P5917 2036 1 7 3 0 0 0 8 8 14 12 11 15 15 12 1 0 0 0 29 129 11 44 48 11 10 0 0 9 8 0 0 5
P5917 2036 2 4 0 0 0 0 0 8 4 6 2 2 5 24 20 10 1 1 0 0 0 0 0 0 0 0 0 0 5 -999 -999 -999
P5917 2036 3 15 43 11 42 35 23 0 0 0 0 0 0 0 0 5 0 0 0 0 0 1 0 0 0 1 0 1 12 11 14 40
P5917 2036 4 30 28 20 5 5 0 0 0 0 0 0 0 0 0 0 0 0 0 0 0 0 0 0 2 4 10 0 0 0 0 -999
P5917 2036 5 0 0 4 7 3 0 0 0 0 0 3 5 13 3 2 9 7 1 0 0 0 0 0 0 0 0 0 0 0 0 0
P5917 2036 6 10 66 0 0 0 0 0 0 0 0 0 0 0 0 0 0 0 0 11 0 0 0 0 0 0 0 0 0 0 0 -999
P5917 2036 7 0 0 0 0 0 0 0 0 0 0 0 0 0 0 0 0 0 0 0 0 0 0 0 0 0 0 0 0 0 0 0
P5917 2036 8 0 0 0 0 0 0 0 0 0 0 0 0 0 0 0 0 0 0 0 0 0 0 0 0 0 0 0 0 0 0 0
P5917 2036 9 0 0 0 0 0 0 0 0 0 0 0 0 0 0 0 0 0 0 0 0 0 0 0 0 0 0 0 0 0 0 -999
P5917 2036 10 0 0 0 0 0 0 0 0 0 0 19 0 0 0 15 0 0 0 0 0 0 0 0 0 0 5 26 13 28 57 24
P5917 2036 11 22 0 0 0 8 12 0 18 37 0 0 0 13 39 26 48 0 0 0 8 9 0 0 0 0 4 27 83 13 0 -999
P5917 2036 12 0 0 28 45 44 0 0 0 0 0 0 17 7 0 0 0 0 0 3 0 7 14 18 5 9 9 1 0 0 0 0
P5917 2037 1 0 0 0 0 0 0 0 0 5 33 16 79 59 0 0 0 0 0 16 38 50 36 13 112 113 18 109 75 37 15 3
P5917 2037 2 0 102 47 58 21 27 54 45 18 12 0 0 0 0 0 0 1 4 0 0 0 0 5 0 0 2 19 6 -999 -999 -999
P5917 2037 3 0 0 0 0 0 0 0 0 0 0 0 0 3 6 67 48 12 16 7 0 15 8 7 16 5 1 2 3 11 4 0
P5917 2037 4 16 0 2 14 0 48 14 15 10 0 0 0 0 5 35 11 13 49 5 8 28 45 54 409 38 0 0 0 0 0 -999
P5917 2037 5 0 0 0 0 0 0 0 0 5 13 0 4 0 3 2 4 3 4 2 0 3 4 14 11 41 26 1 0 0 0 0
P5917 2037 6 0 0 0 0 0 0 0 0 0 0 0 0 0 0 0 0 60 70 14 0 0 0 0 0 0 0 0 0 0 0 -999
P5917 2037 7 0 0 0 0 0 0 0 0 0 0 0 0 0 0 0 0 0 0 0 0 0 0 0 0 0 0 0 0 0 0 0
P5917 2037 8 0 0 0 0 0 0 0 0 0 0 0 0 0 0 0 0 0 0 0 0 0 0 0 0 0 0 0 0 0 0 0
P5917 2037 9 0 0 0 0 0 0 0 0 0 0 0 0 0 0 0 0 0 0 0 0 0 0 0 0 0 0 0 0 0 0 -999
P5917 2037 10 7 0 0 0 0 0 0 0 0 0 7 12 0 0 0 0 0 19 23 7 0 0 0 8 0 5 0 0 0 0 0
P5917 2037 11 0 0 0 0 0 1 4 11 18 0 18 12 19 22 15 0 0 0 0 10 14 6 10 22 10 28 77 67 73 7 -999
P5917 2037 12 29 15 7 172 75 43 39 48 111 22 79 19 2 5 0 0 31 52 17 12 0 0 10 3 0 0 0 0 0 2 0
P5917 2038 1 3 13 4 7 60 0 38 0 0 3 6 0 6 15 15 11 35 5 0 0 0 0 6 125 10 23 17 14 40 58 0
P5917 2038 2 0 0 3 32 28 15 33 0 0 0 0 0 0 0 0 5 0 2 1 0 0 0 4 3 0 0 0 30 -999 -999 -999
P5917 2038 3 45 8 14 8 55 18 22 31 17 13 5 0 0 0 0 0 0 6 41 47 19 0 0 0 0 0 5 4 3 6 7
P5917 2038 4 0 0 0 0 0 0 0 4 18 0 0 0 49 62 28 9 0 0 0 0 0 14 0 0 31 43 22 0 0 40 -999
P5917 2038 5 33 0 0 0 34 35 37 0 0 0 0 0 0 0 0 0 88 104 39 125 0 0 0 0 14 17 32 10 7 0 0
P5917 2038 6 0 0 0 0 0 0 0 0 0 0 0 0 0 0 0 0 0 0 0 0 0 0 0 0 0 0 0 0 0 0 -999
P5917 2038 7 0 0 0 0 0 0 0 0 0 0 0 0 0 0 0 0 0 0 0 0 0 0 0 0 0 0 0 0 0 0 0
P5917 2038 8 0 0 0 0 0 0 0 0 0 0 0 0 0 0 0 0 0 0 0 0 0 0 0 0 0 0 0 0 0 0 0
P5917 2038 9 0 0 0 0 0 0 0 0 0 0 0 0 0 0 0 0 0 0 0 0 0 0 0 0 0 0 0 0 0 0 -999
P5917 2038 10 0 0 0 0 0 0 0 0 0 0 0 0 0 0 0 0 0 0 0 0 0 5 29 11 0 0 0 0 0 0 0
P5917 2038 11 41 31 1 0 0 0 6 0 15 4 9 23 11 40 71 27 10 10 0 2 0 0 0 0 0 0 0 0 4 0 -999
P5917 2038 12 0 42 23 62 67 38 12 12 0 3 39 28 159 10 40 32 51 75 64 67 44 7 0 0 3 5 15 6 0 0 0
P5917 2039 1 3 5 5 2 11 9 2 11 3 0 0 0 0 0 1 4 15 2 41 35 10 0 14 48 43 0 0 6 0 0 0
P5917 2039 2 0 1 2 1 9 0 0 1 8 15 1 0 1 3 5 13 52 0 0 0 0 0 2 25 94 5 0 0 -999 -999 -999
P5917 2039 3 5 0 0 0 0 0 0 3 5 17 0 63 7 27 30 15 5 28 28 25 0 0 0 0 0 0 0 0 0 0 0
P5917 2039 4 0 0 0 0 0 0 0 0 0 0 0 0 0 3 4 4 0 0 0 3 13 1 0 0 0 0 0 0 0 0 -999
P5917 2039 5 0 0 0 0 0 0 0 0 0 0 0 0 0 0 3 27 40 6 3 14 6 7 12 0 0 0 0 0 0 0 0
P5917 2039 6 3 8 21 28 14 4 0 0 0 0 0 0 0 0 0 0 0 0 0 0 0 0 0 0 0 0 0 0 64 0 -999
P5917 2039 7 0 0 0 0 0 0 0 0 0 0 0 0 0 0 0 0 0 0 0 0 0 0 0 0 0 0 0 0 0 0 0
P5917 2039 8 0 0 0 0 0 0 0 0 0 0 0 0 0 0 0 0 0 0 0 0 0 0 0 0 0 0 0 0 0 0 0
P5917 2039 9 0 0 0 0 0 0 0 0 0 0 0 0 0 0 0 0 0 0 0 0 0 0 0 0 0 0 0 0 0 0 -999
P5917 2039 10 0 0 0 0 0 0 0 0 0 0 0 0 0 0 0 0 0 0 0 10 20 125 108 22 19 7 83 57 61 76 15
P5917 2039 11 0 0 0 0 0 0 0 0 8 14 22 47 27 2 5 16 0 32 122 70 50 12 47 4 0 0 6 69 8 3 -999
P5917 2039 12 15 47 27 42 120 12 3 3 30 0 6 0 0 5 2 0 1 2 28 111 5 0 9 7 8 4 8 29 59 60 12
P5917 2040 1 5 0 0 6 34 28 35 14 13 61 9 13 43 38 20 193 10 3 16 8 0 0 7 0 0 0 0 0 0 0 0
P5917 2040 2 0 0 0 17 0 0 0 0 0 5 0 0 0 0 3 3 2 9 3 2 0 0 0 0 0 0 0 0 -999 -999 -999
P5917 2040 3 0 0 0 0 0 0 0 0 0 0 0 0 0 1 1 0 0 0 0 0 0 0 46 70 58 37 26 6 21 40 14
P5917 2040 4 4 26 49 39 1 3 3 0 0 0 0 0 0 0 0 2 15 0 0 0 0 4 2 3 44 70 53 2 0 0 -999
P5917 2040 5 0 0 3 0 2 3 0 0 0 0 0 0 0 0 0 0 0 0 0 0 0 20 0 0 0 0 0 0 0 0 0
P5917 2040 6 0 0 0 0 0 0 0 0 0 0 0 0 0 0 0 0 0 0 0 0 0 0 0 0 0 0 0 0 0 0 -999
P5917 2040 7 0 0 0 0 0 0 0 0 0 0 0 0 0 0 0 0 0 0 0 0 0 0 0 0 0 0 0 0 0 0 0
P5917 2040 8 0 0 0 0 0 0 0 0 0 0 0 0 0 0 0 0 0 0 0 0 0 0 0 0 0 0 0 0 0 0 0
P5917 2040 9 0 0 0 0 0 0 0 0 0 0 0 0 0 0 0 0 0 0 0 0 0 0 0 0 0 0 53 25 10 0 -999
P5917 2040 10 0 0 0 0 0 0 0 0 0 0 0 0 0 0 0 0 0 37 72 40 2 0 0 0 0 0 0 0 0 0 0
P5917 2040 11 4 13 0 0 0 6 59 148 86 34 6 7 7 16 2 4 0 0 0 0 0 0 0 5 11 0 0 0 0 0 -999
P5917 2040 12 0 0 0 8 2 40 29 0 6 4 13 43 427 31 2 0 0 0 0 1 0 10 12 15 0 0 0 26 11 19 66
P5917 2041 1 19 0 0 0 0 0 0 2 0 0 5 1 0 0 0 0 0 0 10 11 15 17 42 56 44 63 74 75 53 0 0
P5917 2041 2 0 0 0 0 7 13 48 59 58 60 53 37 73 22 27 13 17 25 44 5 43 25 8 87 18 24 2 0 -999 -999 -999
P5917 2041 3 2 2 0 0 10 7 0 6 48 10 15 54 10 18 1 13 13 54 73 74 22 15 17 66 32 58 25 9 9 9 9
P5917 2041 4 0 0 0 0 0 0 0 0 0 0 2 1 2 3 3 0 6 26 26 13 12 7 13 18 58 14 0 2 0 0 -999
P5917 2041 5 0 0 1 33 0 0 0 0 0 51 111 10 0 0 0 0 0 0 55 54 62 59 232 26 7 13 26 28 9 5 5
P5917 2041 6 3 0 0 0 0 0 0 0 0 0 0 0 0 0 0 0 0 0 0 0 0 0 0 0 0 0 0 0 0 0 -999
P5917 2041 7 0 0 0 0 0 0 0 0 0 0 0 0 0 0 0 0 0 0 0 0 0 0 0 0 0 4 7 10 0 0 0
P5917 2041 8 0 0 0 0 0 0 0 0 0 0 0 0 0 0 0 0 0 0 0 0 0 0 0 0 0 0 0 0 0 0 0
P5917 2041 9 0 0 0 0 0 0 0 0 0 0 0 0 0 0 0 0 0 0 0 0 0 0 0 6 31 2 0 0 0 0 -999
P5917 2041 10 0 16 12 10 0 0 0 0 0 0 27 19 0 0 0 0 0 0 0 0 0 5 0 0 0 0 0 0 7 0 0
P5917 2041 11 0 0 0 0 3 10 0 0 8 4 25 17 20 28 29 54 39 58 16 32 42 50 12 139 33 12 35 74 27 0 -999
P5917 2041 12 0 30 12 22 72 17 0 0 0 0 14 6 9 14 18 39 55 45 12 24 12 0 10 1 0 0 0 0 0 0 0
P5917 2042 1 0 0 0 0 0 13 20 0 12 0 0 0 0 0 0 0 0 0 0 0 0 0 0 0 0 0 0 0 0 0 0
P5917 2042 2 7 2 0 0 0 0 0 0 0 0 0 0 0 0 0 0 0 0 0 0 0 0 0 0 21 0 0 0 -999 -999 -999
P5917 2042 3 0 0 0 0 0 0 0 0 0 0 0 0 1 0 4 4 0 0 38 47 11 24 0 74 10 11 0 0 0 2 20
P5917 2042 4 11 1 0 0 4 14 29 6 3 8 4 13 5 13 5 5 6 0 0 0 0 50 80 22 66 54 55 35 15 39 -999
P5917 2042 5 55 17 22 3 0 0 0 0 22 22 0 0 0 0 0 0 0 0 0 0 0 0 0 0 0 0 0 0 0 0 10
P5917 2042 6 0 7 4 4 0 0 0 0 0 0 0 0 0 0 0 0 0 0 0 0 0 0 0 0 0 0 0 0 0 0 -999
P5917 2042 7 0 0 0 0 0 0 0 0 0 0 0 0 0 0 17 0 0 0 0 0 0 0 0 0 0 0 0 0 0 0 0
P5917 2042 8 0 0 0 0 0 0 0 0 0 0 0 0 0 0 0 0 0 0 0 0 0 0 0 0 0 0 0 0 0 0 0
P5917 2042 9 0 0 0 0 0 0 0 0 0 0 0 0 0 0 0 0 0 0 0 0 0 0 0 0 0 0 0 0 0 0 -999
P5917 2042 10 0 0 0 0 0 0 0 4 5 0 0 10 146 69 54 29 0 7 0 63 33 8 3 0 0 0 0 0 0 0 0
P5917 2042 11 0 0 0 0 0 0 4 5 0 0 0 0 0 0 0 0 0 0 0 10 3 0 0 0 0 0 0 0 12 7 -999
P5917 2042 12 3 0 5 46 15 24 5 34 60 57 35 71 51 22 47 10 40 77 36 47 1 25 111 73 0 0 0 0 0 0 0
P5917 2043 1 0 2 4 7 0 23 13 0 0 0 0 0 46 86 57 48 18 30 4 20 13 39 35 68 2 0 0 16 24 2 0
P5917 2043 2 0 0 0 1 8 8 19 0 0 0 0 0 0 0 0 0 0 0 0 0 1 2 2 0 0 0 0 0 -999 -999 -999
P5917 2043 3 0 1 28 23 6 1 11 37 59 12 32 15 8 0 0 0 0 0 8 3 47 18 63 25 19 0 1 9 3 0 7
P5917 2043 4 6 2 0 3 0 0 0 0 0 0 36 0 0 0 0 37 61 23 0 27 0 0 0 0 0 0 0 0 0 0 -999
P5917 2043 5 0 0 0 0 0 0 0 0 0 0 0 0 0 0 0 0 0 0 0 0 55 64 81 246 0 0 9 10 0 4 6
P5917 2043 6 4 3 0 0 0 0 0 0 0 0 0 0 0 0 0 0 0 0 0 0 0 0 0 0 0 0 0 0 0 0 -999
P5917 2043 7 0 0 0 0 0 0 0 0 0 0 0 0 0 0 0 0 0 0 0 0 0 0 0 0 0 0 0 0 0 0 0
P5917 2043 8 0 0 0 0 0 0 0 0 0 0 0 0 0 0 0 0 0 0 0 0 0 0 0 0 0 9 0 0 4 0 0
P5917 2043 9 0 0 0 0 0 0 0 0 0 0 0 0 0 0 0 0 0 0 0 0 0 0 0 0 0 0 0 0 1 21 -999
P5917 2043 10 0 28 0 0 0 0 0 0 0 12 0 0 0 0 7 0 34 0 0 0 0 4 4 3 7 14 8 12 14 5 2
P5917 2043 11 0 0 0 0 0 0 0 0 0 0 18 13 52 64 0 0 0 0 0 0 0 0 0 18 30 40 3 21 13 9 -999
P5917 2043 12 3 17 0 0 0 0 18 0 0 22 16 15 2 19 120 6 0 11 54 19 121 59 0 0 3 6 55 0 0 0 0
P5917 2044 1 0 0 6 0 0 11 6 0 0 0 5 0 0 0 4 4 86 132 41 9 0 13 0 0 0 2 0 23 14 0 0
P5917 2044 2 0 0 0 0 2 11 0 0 6 49 4 6 0 0 0 0 0 0 0 0 0 0 0 14 51 11 11 12 -999 -999 -999
P5917 2044 3 0 52 59 27 110 13 0 48 25 10 3 4 0 0 0 0 6 43 30 16 6 9 5 0 1 5 24 154 8 84 9
P5917 2044 4 0 9 5 0 0 0 0 0 0 0 0 0 0 27 0 0 0 0 0 0 0 0 0 0 0 5 6 3 0 0 -999
P5917 2044 5 0 0 0 0 20 11 0 11 21 19 0 0 0 0 0 0 0 0 87 438 44 15 0 0 0 0 0 0 0 10 5
P5917 2044 6 0 0 0 0 0 6 3 0 0 0 0 0 0 0 0 0 0 0 0 0 0 0 0 0 0 0 0 0 0 0 -999
P5917 2044 7 0 0 0 0 0 0 0 0 0 0 0 0 0 0 0 0 0 0 0 0 0 0 0 0 0 0 0 0 0 0 0
P5917 2044 8 0 0 0 0 0 0 0 0 0 0 0 0 0 0 0 0 0 0 0 0 0 0 0 0 0 0 0 0 0 0 0
P5917 2044 9 0 0 0 0 0 0 0 0 0 0 0 0 0 0 0 0 0 0 0 0 0 0 0 11 21 8 0 0 0 27 -999
P5917 2044 10 38 93 52 0 0 0 0 0 0 0 0 0 0 0 0 0 0 0 40 38 51 22 0 0 0 0 0 0 0 0 0
P5917 2044 11 3 0 5 0 0 0 0 20 4 2 26 27 18 41 7 14 41 11 25 56 46 86 17 158 157 195 57 16 23 0 -999
P5917 2044 12 0 0 0 0 0 0 0 0 14 36 9 0 3 9 1 0 1 0 0 0 7 36 14 1 11 0 0 3 62 1 8
P5917 2045 1 48 38 17 3 1 13 60 76 14 11 29 19 34 43 12 79 58 0 0 0 0 2 0 0 0 0 0 0 0 0 3
P5917 2045 2 2 18 22 12 1 30 14 0 0 0 14 9 48 0 1 3 0 0 0 0 1 0 0 0 0 0 0 0 -999 -999 -999
P5917 2045 3 0 0 0 0 0 0 1 2 3 0 0 5 31 13 16 8 2 0 0 0 0 0 0 7 0 2 0 0 0 0 0
P5917 2045 4 13 0 0 3 5 10 48 9 0 5 9 0 0 0 3 3 0 0 0 0 0 0 0 0 0 0 0 0 8 0 -999
P5917 2045 5 14 0 0 0 0 0 0 45 5 7 0 0 0 0 0 0 0 0 0 0 0 0 0 0 0 0 0 0 0 0 0
P5917 2045 6 6 0 0 0 0 0 0 0 0 0 11 6 6 0 0 0 0 0 0 0 29 12 0 0 6 10 6 0 0 0 -999
P5917 2045 7 0 0 0 0 0 0 0 0 0 0 0 0 0 0 0 0 0 0 0 0 0 0 0 0 0 0 0 0 0 0 0
P5917 2045 8 0 0 0 0 0 0 0 0 0 0 0 0 0 0 0 0 0 0 0 0 0 0 0 0 0 0 0 0 0 0 0
P5917 2045 9 0 0 0 0 0 0 0 0 0 0 0 0 0 0 0 0 0 0 0 0 0 0 0 0 0 0 0 0 0 24 -999
P5917 2045 10 17 0 20 45 188 0 0 0 0 0 0 0 0 0 39 32 49 25 5 0 0 0 0 0 0 0 0 0 0 0 0
P5917 2045 11 3 18 0 0 0 6 0 0 0 0 0 4 0 1 26 22 65 61 10 0 0 0 9 61 1 7 28 137 94 31 -999
P5917 2045 12 0 0 0 0 6 16 1 1 9 3 0 0 0 0 0 0 0 8 11 10 8 0 0 5 7 13 11 20 0 0 0
P5917 2046 1 0 5 52 154 114 42 22 11 4 4 55 105 154 23 56 41 21 40 16 51 5 7 11 0 1 44 67 25 18 28 51
P5917 2046 2 74 47 19 16 13 1 12 12 8 6 12 2 31 1 40 39 11 6 1 8 24 99 81 9 78 36 88 96 -999 -999 -999
P5917 2046 3 39 76 67 45 2 33 50 66 73 94 149 49 21 23 140 24 61 72 9 31 159 12 7 0 0 0 0 12 27 2 5
P5917 2046 4 0 0 1 12 10 3 2 60 12 10 0 7 11 8 44 6 11 5 22 22 12 6 57 61 37 7 6 12 20 4 -999
P5917 2046 5 0 0 0 0 0 0 0 0 0 0 0 0 0 3 4 12 4 5 0 0 0 0 0 0 0 0 3 3 4 0 0
P5917 2046 6 0 0 0 0 0 0 0 0 0 0 0 0 0 0 0 0 0 4 7 8 59 0 0 0 0 0 0 0 0 0 -999
P5917 2046 7 0 0 0 0 0 0 0 0 0 0 0 0 0 0 0 0 0 0 0 0 0 0 0 0 0 0 0 0 0 0 0
P5917 2046 8 0 0 0 0 0 0 0 0 0 0 0 0 0 0 0 0 0 0 0 0 0 0 0 0 0 0 0 0 0 0 0
P5917 2046 9 0 0 0 0 0 0 0 0 0 0 0 0 0 0 0 0 0 0 0 0 0 0 0 0 0 0 0 0 0 0 -999
P5917 2046 10 0 0 4 0 17 32 16 54 0 0 0 0 0 0 0 0 0 0 0 0 3 28 15 6 71 7 6 14 13 6 35
P5917 2046 11 4 0 0 0 9 65 39 15 37 19 0 0 0 0 0 0 0 0 0 0 0 0 4 7 18 0 0 16 35 22 -999
P5917 2046 12 50 47 49 16 16 57 40 37 41 36 14 107 31 50 72 28 60 65 34 11 10 0 0 0 0 0 0 0 0 0 0
P5917 2047 1 0 0 0 0 0 0 3 90 11 1 12 3 3 12 32 63 75 22 56 7 50 42 5 0 0 0 0 0 0 0 3
P5917 2047 2 3 5 5 12 8 3 5 0 0 0 0 0 5 47 0 0 0 0 0 0 0 0 0 5 73 8 23 35 -999 -999 -999
P5917 2047 3 12 1 65 3 10 27 11 0 0 0 0 0 0 0 0 0 0 0 0 0 0 0 31 15 0 0 29 0 0 14 7
P5917 2047 4 90 4 28 6 0 0 3 6 26 41 49 32 6 5 23 14 0 10 4 0 0 0 0 0 0 0 0 0 0 0 -999
P5917 2047 5 0 0 0 0 0 0 0 0 6 23 18 45 4 15 0 0 0 0 0 0 0 0 0 0 0 0 0 0 0 0 0
P5917 2047 6 0 0 0 0 0 0 0 0 0 0 0 0 0 0 11 7 0 0 0 0 0 0 0 0 0 0 0 0 0 0 -999
P5917 2047 7 0 0 0 0 14 0 0 0 0 0 0 0 0 0 0 0 0 0 0 10 8 0 0 0 0 0 0 0 0 0 0
P5917 2047 8 0 0 0 0 0 0 0 0 0 0 0 0 0 0 0 0 0 0 0 0 0 0 0 0 0 0 0 0 0 0 0
P5917 2047 9 0 0 0 0 0 0 0 0 0 0 0 0 63 67 87 234 54 0 0 0 0 0 0 0 52 0 0 0 0 0 -999
P5917 2047 10 0 22 57 29 25 21 30 24 15 49 36 44 9 10 39 14 69 8 44 3 3 1 0 0 0 0 6 0 0 0 0
P5917 2047 11 0 0 11 10 7 6 0 0 0 3 5 3 3 2 10 14 61 0 0 0 0 0 0 0 0 0 0 0 0 0 -999
P5917 2047 12 0 0 0 0 0 0 0 0 0 0 0 0 0 0 0 0 0 0 0 0 0 0 2 3 7 1 0 0 1 3 0
P5917 2048 1 0 10 0 0 0 0 0 0 0 0 11 29 10 36 19 0 0 0 0 0 0 0 0 0 0 0 0 0 0 0 0
P5917 2048 2 0 0 0 0 6 0 0 0 6 0 27 20 3 17 18 35 6 5 0 0 0 0 0 0 0 0 0 0 -999 -999 -999
P5917 2048 3 0 0 0 0 1 2 3 27 15 15 42 7 19 6 4 22 4 12 0 2 5 0 0 2 4 15 6 9 20 20 5
P5917 2048 4 9 0 0 0 0 0 0 0 0 0 0 0 0 0 0 0 0 0 0 0 3 0 25 0 0 0 0 0 0 0 -999
P5917 2048 5 0 23 7 14 9 6 0 0 12 21 0 0 0 41 7 0 3 23 3 0 6 21 17 0 0 0 0 0 0 0 0
P5917 2048 6 0 0 0 0 0 0 0 0 0 0 0 0 0 0 0 0 0 0 0 0 0 0 0 0 0 0 0 0 0 0 -999
P5917 2048 7 0 0 0 0 0 0 0 0 0 0 0 0 0 0 0 0 0 0 0 0 0 0 0 0 0 0 0 0 0 0 0
P5917 2048 8 0 0 0 0 0 0 0 0 0 0 0 0 0 0 0 0 0 0 0 0 0 0 0 0 0 0 0 0 0 0 0
P5917 2048 9 0 0 0 0 0 0 0 0 0 0 0 0 0 0 0 0 0 0 0 0 0 0 0 0 0 0 0 17 46 36 -999
P5917 2048 10 3 0 0 0 0 17 0 0 0 0 0 0 0 0 0 0 0 0 0 0 6 2 0 0 0 0 0 0 0 0 6
P5917 2048 11 0 0 0 5 0 30 7 0 0 0 0 0 0 0 0 1 34 12 17 11 4 0 0 0 0 7 28 17 9 14 -999
P5917 2048 12 38 65 13 0 15 34 3 0 0 0 0 0 0 0 0 0 0 0 1 1 0 0 0 0 0 0 36 20 12 8 0
P5917 2049 1 0 0 26 65 9 2 10 12 12 8 1 0 12 3 0 0 0 4 0 0 2 3 10 5 2 2 2 5 4 4 2
P5917 2049 2 6 10 11 23 9 0 0 0 0 0 0 0 0 4 0 0 0 0 0 0 0 0 0 0 0 3 3 0 -999 -999 -999
P5917 2049 3 1 0 0 0 0 0 0 0 0 0 0 0 0 0 3 0 0 0 0 2 0 8 13 11 0 0 0 0 0 26 24
P5917 2049 4 12 12 1 0 0 0 0 0 0 0 0 0 0 0 0 6 11 3 0 0 0 43 0 0 2 52 0 0 0 0 -999
P5917 2049 5 1 4 5 4 2 0 7 9 32 24 4 6 2 0 0 0 0 0 0 0 50 49 33 55 51 18 25 54 8 1 0
P5917 2049 6 0 0 0 5 0 0 0 0 0 0 0 0 0 0 0 0 0 0 0 0 0 0 0 0 0 0 0 0 0 0 -999
P5917 2049 7 0 0 0 0 0 0 0 0 0 0 0 0 0 0 0 0 0 0 0 0 0 0 0 0 0 0 0 0 0 0 0
P5917 2049 8 0 0 0 0 0 0 0 0 0 0 0 0 0 0 0 0 0 0 0 0 0 0 0 0 0 0 0 0 0 0 0
P5917 2049 9 0 0 0 0 0 0 0 0 0 0 0 0 0 0 0 0 0 0 0 0 0 53 22 3 0 0 0 0 0 0 -999
P5917 2049 10 0 0 0 0 0 0 0 0 0 0 0 1 8 0 0 25 8 0 0 0 0 0 4 13 31 27 0 0 4 23 17
P5917 2049 11 0 22 45 55 57 13 14 50 54 13 185 58 86 73 47 74 76 21 8 3 11 0 0 12 0 0 0 0 0 28 -999
P5917 2049 12 13 79 77 69 11 0 0 6 0 7 0 0 12 0 27 12 0 18 13 28 70 13 7 40 32 34 18 43 33 44 50
P5917 2050 1 65 72 21 64 37 59 13 19 5 6 14 1 1 5 5 12 34 21 0 0 0 0 0 11 22 1 0 0 0 11 0
P5917 2050 2 0 0 0 0 0 0 0 0 0 0 0 0 0 0 1 2 1 0 9 5 4 6 0 8 6 0 0 0 -999 -999 -999
P5917 2050 3 0 7 42 24 14 152 51 0 14 33 51 23 16 5 2 0 53 6 63 4 10 5 0 4 7 6 7 3 3 17 58
P5917 2050 4 33 10 22 2 7 13 30 5 12 9 0 0 16 5 5 0 3 1 0 4 0 0 0 0 0 3 5 0 0 2 -999
P5917 2050 5 4 6 1 2 4 7 0 0 0 0 0 0 0 0 0 8 7 0 0 28 8 23 12 0 0 17 14 14 20 5 0
P5917 2050 6 0 0 0 0 0 0 0 0 0 0 0 0 0 0 0 0 0 0 0 0 0 0 0 0 0 0 0 0 0 0 -999
P5917 2050 7 0 0 0 0 0 0 0 0 0 0 0 0 0 0 0 0 0 0 0 0 0 0 0 0 0 0 0 0 0 0 0
P5917 2050 8 0 0 0 0 0 0 0 0 0 0 0 0 0 0 0 0 0 0 0 0 0 0 12 0 0 0 0 0 0 0 0
P5917 2050 9 0 0 0 0 0 0 0 0 0 0 0 0 0 0 0 0 0 0 0 0 0 0 0 0 0 0 0 0 0 0 -999
P5917 2050 10 8 14 1 0 0 0 0 0 0 0 0 0 0 46 10 0 3 3 0 0 0 19 41 33 17 17 12 1 0 0 10
P5917 2050 11 1 0 0 34 5 64 55 54 28 15 16 7 15 21 0 0 0 7 20 0 7 31 80 78 5 1 74 44 0 22 -999
P5917 2050 12 5 9 3 0 0 0 25 6 5 0 0 1 0 0 0 0 0 2 2 10 0 0 0 0 0 0 0 0 0 0 3
P5917 2051 1 0 0 0 0 0 0 0 0 0 2 0 0 2 15 6 0 0 0 0 0 0 0 0 0 0 0 0 0 0 1 0
P5917 2051 2 0 1 8 13 31 17 0 0 0 0 3 2 0 0 0 3 3 0 0 10 2 0 0 19 5 0 0 0 -999 -999 -999
P5917 2051 3 0 0 0 0 0 0 0 0 3 6 10 14 19 5 16 0 0 0 11 24 8 161 0 0 0 0 0 0 0 3 23
P5917 2051 4 21 7 0 0 0 42 33 0 0 0 0 0 40 7 4 7 5 6 4 19 2 3 5 9 0 0 0 0 0 0 -999
P5917 2051 5 0 0 0 0 0 0 0 0 0 51 21 33 14 3 1 0 0 0 0 0 0 0 0 153 83 59 43 0 0 0 0
P5917 2051 6 0 0 0 0 0 0 0 0 0 0 0 0 0 0 0 0 0 0 0 0 0 0 0 0 0 0 0 0 0 0 -999
P5917 2051 7 0 0 0 0 0 0 0 0 0 0 0 0 0 0 0 0 0 0 0 0 0 0 0 0 0 0 0 0 0 0 0
P5917 2051 8 0 0 0 0 0 0 0 0 0 0 0 0 0 0 0 0 0 0 0 0 0 0 0 0 0 0 0 0 0 0 0
P5917 2051 9 0 0 0 0 0 0 0 0 0 0 0 0 138 12 0 0 0 0 0 0 0 0 0 0 0 0 0 0 0 0 -999
P5917 2051 10 0 0 0 0 49 0 0 0 34 69 57 34 0 0 0 0 0 0 0 0 0 0 0 2 0 0 11 35 66 31 70
P5917 2051 11 23 62 58 17 7 3 0 0 0 0 0 0 0 1 3 0 0 0 0 0 0 0 0 1 5 0 0 0 2 0 -999
P5917 2051 12 0 0 0 1 19 6 0 41 37 9 19 47 21 31 41 173 53 29 11 0 0 0 0 0 0 0 0 0 0 0 0
P5917 2052 1 0 0 0 0 0 0 0 1 7 8 0 0 0 57 18 4 0 2 16 11 0 0 6 2 0 0 2 43 76 79 63
P5917 2052 2 16 51 71 77 38 66 75 62 25 63 98 50 19 10 1 49 2 1 9 22 0 0 0 18 36 6 0 1 -999 -999 -999
P5917 2052 3 0 0 0 0 0 0 0 0 0 0 0 0 0 2 4 32 12 15 38 29 6 0 33 3 0 0 0 0 0 0 0
P5917 2052 4 0 0 0 0 0 0 17 2 0 0 0 2 3 0 0 0 13 0 0 0 0 0 0 0 0 0 0 0 6 12 -999
P5917 2052 5 0 0 0 0 0 0 0 0 0 0 6 28 47 51 50 13 13 10 26 2 2 0 0 0 7 0 0 0 0 0 0
P5917 2052 6 0 0 0 0 0 0 0 0 0 0 0 0 0 0 0 0 0 0 0 0 0 0 0 0 161 120 0 0 0 0 -999
P5917 2052 7 0 0 0 0 0 0 0 0 0 0 0 0 0 0 0 0 0 0 0 0 0 0 0 0 0 0 0 0 0 0 0
P5917 2052 8 13 8 8 0 0 0 0 0 0 0 0 0 0 0 0 0 0 0 0 0 0 0 0 0 0 0 0 0 0 0 0
P5917 2052 9 0 0 0 0 0 0 0 0 0 0 0 0 0 0 0 0 0 0 0 0 0 0 0 0 0 0 0 0 0 0 -999
P5917 2052 10 0 0 0 0 0 0 0 0 0 0 0 0 0 0 0 0 0 0 0 0 0 0 0 0 24 26 0 0 0 0 0
P5917 2052 11 8 13 15 0 0 0 0 0 0 0 0 0 0 0 0 0 0 4 44 27 55 108 70 15 1 22 19 9 5 12 -999
P5917 2052 12 0 0 34 43 4 0 0 0 0 0 0 0 0 49 16 5 10 39 0 1 16 26 12 12 33 0 1 0 20 40 0
P5917 2053 1 7 12 0 8 0 0 0 3 37 22 35 34 62 16 8 12 45 8 0 0 0 0 103 19 3 1 13 10 19 23 31
P5917 2053 2 22 41 64 59 28 13 17 6 14 9 0 0 0 0 5 5 5 6 5 2 0 1 2 8 18 41 62 22 -999 -999 -999
P5917 2053 3 0 0 0 0 0 0 0 0 0 0 0 0 0 0 0 0 0 0 0 0 0 0 0 0 0 0 0 0 5 0 58
P5917 2053 4 38 35 4 3 0 0 0 0 0 0 0 0 23 45 25 6 0 0 0 0 0 0 0 52 516 423 154 59 62 44 -999
P5917 2053 5 0 0 4 0 0 0 0 0 0 0 0 0 0 0 0 0 0 0 0 0 0 0 0 0 0 0 0 0 0 8 1
P5917 2053 6 0 0 0 0 0 0 0 0 0 0 0 0 0 0 0 0 0 0 51 0 0 0 0 0 0 0 0 0 0 0 -999
P5917 2053 7 0 0 0 0 0 0 0 0 0 0 0 0 0 0 0 0 0 0 0 0 0 0 0 0 0 0 0 0 0 0 0
P5917 2053 8 0 0 0 0 0 0 0 0 0 0 0 0 0 0 0 0 0 0 0 0 0 0 0 0 64 0 0 0 0 0 0
P5917 2053 9 0 0 0 0 0 0 0 0 0 0 0 0 0 0 0 0 0 0 0 69 109 53 305 37 0 0 0 117 36 9 -999
P5917 2053 10 6 0 0 0 0 0 0 18 35 8 0 0 0 0 0 0 0 0 0 0 0 0 0 0 0 0 0 0 0 5 0
P5917 2053 11 0 0 7 0 0 0 0 0 0 0 0 0 0 0 61 57 196 17 179 40 124 52 20 38 2 0 0 0 0 0 -999
P5917 2053 12 0 0 0 0 0 0 0 0 0 8 11 39 27 27 32 24 34 42 15 0 0 0 11 26 14 7 0 0 0 0 12
P5917 2054 1 25 15 0 6 20 13 18 0 4 0 0 0 0 0 0 0 14 64 69 13 0 0 0 0 11 0 0 0 0 0 0
P5917 2054 2 0 3 3 8 12 40 25 27 0 0 0 0 0 0 0 0 0 0 0 0 0 0 3 0 0 0 0 0 -999 -999 -999
P5917 2054 3 0 0 0 0 0 0 0 2 1 0 0 0 0 0 13 7 15 17 0 0 0 0 3 1 6 5 12 13 7 5 16
P5917 2054 4 9 35 0 15 6 8 54 11 5 14 5 0 0 0 10 5 0 11 23 44 43 17 5 9 28 41 12 5 0 0 -999
P5917 2054 5 0 0 4 3 2 2 0 11 15 24 10 32 1 0 0 0 0 0 0 0 0 0 0 0 0 0 0 0 0 0 0
P5917 2054 6 0 0 0 0 0 0 0 0 0 0 0 0 0 0 0 0 0 0 0 0 0 0 0 0 0 0 0 0 0 0 -999
P5917 2054 7 0 0 0 0 0 0 0 0 0 0 0 0 0 0 0 0 0 7 4 4 0 0 0 0 0 0 0 0 0 0 0
P5917 2054 8 0 0 0 0 0 0 0 0 0 0 0 0 0 0 0 0 0 0 0 0 0 0 0 0 0 0 0 0 0 0 0
P5917 2054 9 0 0 0 0 0 0 0 0 0 0 0 0 0 0 0 0 0 0 0 0 0 0 34 0 7 0 0 0 0 0 -999
P5917 2054 10 0 0 0 0 0 0 0 0 8 0 36 29 14 0 0 0 0 0 0 0 48 73 21 3 6 0 0 0 7 29 79
P5917 2054 11 101 66 49 21 54 31 5 12 63 14 0 0 0 0 0 12 9 0 0 0 0 0 0 0 0 1 0 26 77 38 -999
P5917 2054 12 63 30 0 0 0 0 0 0 0 4 0 4 52 0 46 0 0 0 0 0 0 0 3 4 0 0 0 0 0 0 0
P5917 2055 1 0 0 3 36 62 52 37 26 23 2 54 68 63 24 55 64 21 30 54 71 133 73 71 20 8 3 2 0 0 0 3
P5917 2055 2 5 0 0 0 0 0 0 0 0 0 0 0 1 2 2 20 4 0 0 0 0 5 0 0 0 0 0 0 -999 -999 -999
P5917 2055 3 0 2 35 36 5 8 16 12 118 64 40 3 23 20 8 6 8 17 4 4 0 3 3 9 11 11 12 4 7 17 0
P5917 2055 4 0 0 0 0 0 0 18 3 13 21 0 9 8 4 0 0 0 0 0 2 20 10 68 121 99 80 30 19 5 6 -999
P5917 2055 5 4 10 24 21 14 0 7 10 14 4 0 26 40 46 38 0 0 0 0 0 0 0 0 0 0 0 0 0 0 0 0
P5917 2055 6 0 0 0 0 0 0 0 0 0 0 0 0 0 0 12 27 5 8 6 7 0 0 0 0 0 0 0 0 0 0 -999
P5917 2055 7 0 0 0 0 0 0 0 0 0 0 0 0 0 0 0 0 0 0 0 0 0 0 0 0 0 0 0 0 0 0 0
P5917 2055 8 0 0 0 0 0 0 0 0 0 0 0 0 0 0 0 0 0 0 0 0 0 0 0 0 0 0 0 0 0 0 0
P5917 2055 9 0 0 0 0 0 0 0 0 0 0 0 0 0 0 0 0 0 0 0 0 0 0 0 2 6 0 0 0 0 0 -999
P5917 2055 10 0 0 0 0 0 0 0 5 6 0 0 12 15 0 4 0 0 0 11 0 0 0 4 35 25 0 0 0 0 0 0
P5917 2055 11 0 1 0 0 15 53 73 73 14 0 0 0 0 11 0 16 0 0 0 0 3 4 6 27 0 0 0 0 1 9 -999
P5917 2055 12 16 34 8 9 0 0 0 0 0 9 17 27 25 12 14 27 13 17 5 73 82 63 0 0 0 0 0 0 0 0 11
P5917 2056 1 0 0 0 0 1 2 79 19 6 0 0 0 0 0 0 6 0 0 0 0 6 12 140 39 83 3 1 29 2 2 1
P5917 2056 2 0 0 0 0 0 0 0 0 0 0 0 0 0 0 0 0 4 0 0 0 0 3 13 0 0 0 0 0 -999 -999 -999
P5917 2056 3 0 0 10 0 0 0 0 0 0 14 2 0 0 0 0 46 31 5 4 0 2 0 0 3 0 4 3 3 12 21 0
P5917 2056 4 0 0 0 0 0 2 0 0 0 0 5 0 0 0 0 0 0 0 0 4 11 19 61 6 0 4 9 24 3 0 -999
P5917 2056 5 8 14 26 4 4 44 128 10 0 0 0 8 8 0 0 0 0 0 0 0 0 0 0 0 15 5 10 0 5 0 0
P5917 2056 6 33 10 0 0 0 4 5 0 0 0 0 0 0 0 0 0 0 0 0 0 0 0 0 0 0 0 0 0 0 0 -999
P5917 2056 7 0 0 0 0 0 0 0 0 0 0 0 0 0 0 0 0 0 0 0 0 0 0 0 0 0 0 0 0 0 0 0
P5917 2056 8 0 0 0 0 0 0 0 0 0 0 0 0 0 0 0 0 0 0 0 0 0 0 0 0 0 0 0 0 0 0 0
P5917 2056 9 0 0 0 0 0 0 0 0 0 0 0 0 0 0 0 0 0 0 0 0 0 0 0 0 0 0 0 0 0 0 -999
P5917 2056 10 0 269 37 0 0 0 0 0 0 0 0 0 0 0 0 0 0 0 0 0 0 0 0 11 42 8 0 0 0 0 0
P5917 2056 11 0 0 0 3 14 3 3 5 0 0 0 0 0 3 0 0 0 0 3 5 0 7 0 7 15 35 58 67 57 47 -999
P5917 2056 12 13 25 56 63 67 55 171 41 24 47 76 23 8 24 42 103 51 122 21 25 35 39 0 0 0 0 0 0 0 0 0
P5917 2057 1 0 0 0 0 2 4 6 14 0 1 0 0 2 2 0 0 0 0 0 0 0 0 0 0 0 10 61 16 29 5 60
P5917 2057 2 10 17 7 14 23 62 19 70 39 32 4 0 0 0 0 0 0 3 7 127 20 12 14 1 3 11 5 10 -999 -999 -999
P5917 2057 3 0 0 0 8 8 3 8 0 0 9 0 0 0 0 0 0 0 0 0 0 0 0 0 0 2 2 2 3 3 3 3
P5917 2057 4 7 0 0 0 0 0 0 11 1 1 33 9 22 13 11 53 64 58 28 5 4 1 0 0 0 0 0 10 0 0 -999
P5917 2057 5 0 0 0 0 0 0 0 0 0 0 0 8 10 9 16 19 39 31 9 0 0 0 0 0 0 0 0 6 29 19 11
P5917 2057 6 7 6 0 0 0 0 0 0 0 7 8 0 0 0 0 0 0 0 0 0 0 0 0 0 0 0 0 0 0 0 -999
P5917 2057 7 0 0 0 0 0 0 0 0 0 0 0 0 0 0 0 0 0 0 0 0 0 0 0 0 0 0 0 0 0 0 0
P5917 2057 8 0 0 0 0 0 0 0 0 0 0 0 0 0 0 0 0 0 0 0 0 0 0 0 0 0 0 0 0 0 0 0
P5917 2057 9 0 0 0 0 0 0 0 0 0 0 0 0 0 0 0 0 0 0 0 0 0 0 0 0 0 0 44 0 0 0 -999
P5917 2057 10 0 0 8 0 0 0 0 0 0 0 0 0 0 0 0 0 0 7 0 0 0 0 0 0 0 0 0 0 0 2 7
P5917 2057 11 8 4 66 63 14 49 8 13 31 22 66 69 14 8 3 38 19 0 0 24 13 0 0 0 0 0 0 0 0 0 -999
P5917 2057 12 0 0 0 0 0 1 0 1 8 4 14 16 29 15 20 0 0 0 0 0 0 0 0 0 0 0 0 0 0 2 0
P5917 2058 1 0 0 0 0 0 0 0 0 1 8 5 6 3 15 14 0 0 0 0 0 0 0 0 0 0 4 16 7 0 8 0
P5917 2058 2 11 2 0 0 0 0 0 0 0 0 0 0 5 0 7 2 0 0 0 0 0 0 0 0 0 0 0 0 -999 -999 -999
P5917 2058 3 0 0 0 0 0 0 0 0 0 0 0 0 0 0 0 0 0 0 0 0 9 16 11 14 28 66 1 0 2 0 0
P5917 2058 4 0 0 0 2 3 0 0 0 2 15 6 0 0 0 2 0 0 0 3 3 0 0 0 0 0 0 0 0 0 0 -999
P5917 2058 5 0 0 0 0 0 0 0 0 0 0 0 0 0 0 0 0 0 0 0 0 0 0 0 4 0 0 12 23 23 24 0
P5917 2058 6 28 0 0 0 0 0 0 0 0 0 0 0 0 0 0 0 0 0 0 0 0 0 0 0 0 0 0 0 0 0 -999
P5917 2058 7 0 0 0 0 0 0 0 0 0 0 0 0 0 0 0 0 0 0 0 0 0 0 0 0 0 0 0 0 0 0 0
P5917 2058 8 0 0 0 0 0 0 0 0 0 0 0 0 0 0 0 0 0 0 0 0 0 0 0 0 0 0 0 0 0 0 0
P5917 2058 9 0 0 0 0 0 0 0 0 0 0 0 0 0 0 0 0 0 0 0 0 0 0 12 0 0 0 0 0 0 0 -999
P5917 2058 10 0 0 0 0 0 0 0 0 0 0 0 0 0 0 0 0 0 0 0 0 0 1 0 0 0 0 0 0 0 0 0
P5917 2058 11 0 0 0 0 0 0 0 12 30 1 43 33 7 1 30 44 8 115 37 61 15 9 1 13 0 14 31 37 41 28 -999
P5917 2058 12 8 19 9 1 0 0 4 0 15 0 0 0 0 0 2 3 2 15 26 43 25 12 0 20 0 4 11 81 5 6 91
P5917 2059 1 13 80 66 27 15 0 0 0 0 0 0 0 0 0 3 3 0 0 7 9 14 4 0 0 2 1 0 0 0 0 0
P5917 2059 2 0 0 0 0 0 0 0 0 0 0 0 0 0 0 0 0 0 0 0 0 0 0 0 0 0 0 0 0 -999 -999 -999
P5917 2059 3 0 0 0 0 0 0 0 0 0 0 0 1 12 3 0 0 0 0 0 0 20 10 4 57 26 99 12 10 15 14 2
P5917 2059 4 1 0 0 0 0 0 0 0 0 0 0 0 0 0 0 0 0 0 0 0 0 0 3 10 7 4 0 0 356 8 -999
P5917 2059 5 0 0 0 10 451 32 25 61 142 22 9 0 0 0 0 3 0 15 0 0 0 0 0 0 0 0 0 0 0 0 0
P5917 2059 6 0 0 0 0 0 0 0 0 0 0 0 0 0 0 0 0 0 0 0 0 0 0 0 0 0 0 0 0 0 0 -999
P5917 2059 7 0 0 0 0 0 0 0 0 0 0 0 0 0 0 0 12 11 0 0 0 0 0 0 0 0 0 0 0 0 0 0
P5917 2059 8 0 0 0 0 0 0 0 0 0 0 0 0 0 0 0 0 0 0 0 0 0 0 0 0 0 0 0 0 0 0 0
P5917 2059 9 0 0 0 0 0 0 0 0 0 0 0 0 0 0 0 0 0 0 0 0 0 0 0 3 21 0 0 0 0 0 -999
P5917 2059 10 0 0 0 0 0 0 0 0 0 0 0 0 0 0 8 8 0 0 0 0 6 22 50 20 5 6 3 0 0 43 17
P5917 2059 11 42 57 9 39 61 0 0 0 3 0 61 8 0 0 56 52 14 2 0 0 1 0 30 27 7 0 7 14 1 0 -999
P5917 2059 12 0 0 0 0 0 0 0 0 22 14 0 1 9 0 9 0 0 0 0 0 0 0 0 0 0 0 0 17 19 27 0
P5917 2060 1 4 9 22 21 19 29 0 0 0 6 2 0 0 0 0 0 0 0 0 0 0 0 0 0 0 0 0 0 0 0 0
P5917 2060 2 0 0 0 8 44 9 0 15 32 36 15 33 10 26 49 53 23 44 48 6 28 10 40 43 111 41 25 44 -999 -999 -999
P5917 2060 3 69 63 67 25 13 19 9 67 16 3 0 0 0 0 0 0 42 67 62 49 77 72 20 5 0 0 1 10 7 5 2
P5917 2060 4 0 0 0 0 0 0 0 0 0 0 2 5 0 0 0 0 0 0 0 0 0 0 0 0 0 0 0 0 0 0 -999
P5917 2060 5 0 0 0 0 0 0 0 0 0 0 0 0 0 0 0 0 0 0 0 0 0 0 0 0 0 0 0 0 0 0 0
P5917 2060 6 0 36 56 37 293 62 19 15 6 4 0 4 0 0 0 0 0 0 0 0 0 0 0 0 0 0 0 0 0 0 -999
P5917 2060 7 0 0 0 0 0 0 0 0 0 0 0 0 0 0 0 0 0 0 0 0 0 0 0 0 0 0 0 0 0 0 0
P5917 2060 8 0 0 0 0 0 0 0 0 0 0 0 0 0 0 0 0 0 0 0 0 0 0 0 0 0 0 0 0 0 0 0
P5917 2060 9 0 0 0 0 0 0 0 0 0 0 0 0 0 0 0 12 18 0 0 0 0 0 0 0 0 357 111 0 0 0 -999
P5917 2060 10 0 0 0 0 0 0 0 0 0 0 0 17 5 19 7 0 0 0 0 0 5 3 0 7 24 0 0 8 25 26 49
P5917 2060 11 70 27 12 10 0 0 0 0 0 0 0 11 3 2 1 0 0 49 12 0 0 0 0 0 0 5 58 2 2 0 -999
P5917 2060 12 0 5 11 6 10 18 7 0 2 14 0 0 0 0 36 64 16 23 4 37 111 11 2 0 1 1 8 0 11 0 0
P5917 2061 1 0 0 0 1 0 0 0 0 0 0 0 0 0 6 8 0 17 6 31 42 66 39 30 16 55 16 135 26 16 30 26
P5917 2061 2 0 0 0 0 4 0 0 0 5 8 6 7 9 24 23 19 8 25 4 36 47 57 12 2 36 9 12 8 -999 -999 -999
P5917 2061 3 25 33 13 135 43 0 21 14 1 10 95 12 32 36 162 96 8 13 50 15 17 1 0 0 0 0 0 0 0 0 0
P5917 2061 4 0 0 0 4 3 3 3 11 74 21 72 30 19 51 56 79 450 67 145 19 0 0 0 0 1 5 10 8 49 0 -999
P5917 2061 5 0 41 51 23 29 12 0 0 0 0 0 0 0 0 0 0 0 0 0 0 0 0 0 0 0 0 0 0 0 0 0
P5917 2061 6 0 0 0 0 0 0 0 0 0 0 0 0 0 0 0 0 0 0 0 0 0 0 0 0 0 0 0 0 0 0 -999
P5917 2061 7 0 0 0 0 0 0 0 0 0 0 0 0 0 0 0 0 0 0 0 0 0 0 0 0 0 0 0 0 0 0 0
P5917 2061 8 0 0 0 0 0 0 0 0 0 0 0 0 0 0 0 0 0 0 0 0 0 0 0 0 0 0 0 0 0 0 0
P5917 2061 9 0 0 0 0 0 0 0 0 0 0 0 0 0 0 0 60 41 30 65 18 10 5 0 0 0 0 0 0 0 0 -999
P5917 2061 10 0 0 9 0 0 24 19 9 38 48 31 0 0 0 0 0 0 20 0 0 0 0 0 0 9 12 20 6 0 0 0
P5917 2061 11 0 0 0 0 0 0 0 4 11 1 0 0 0 0 0 0 0 1 4 0 0 0 0 0 0 0 0 0 0 0 -999
P5917 2061 12 12 25 14 0 0 0 0 0 0 0 0 0 0 0 0 0 0 0 4 3 0 0 0 0 0 0 0 0 0 8 0
P5917 2062 1 0 0 0 0 0 0 0 0 0 0 0 0 9 8 21 15 13 26 4 0 0 2 0 0 0 0 0 9 0 23 59
P5917 2062 2 64 26 12 46 6 39 66 79 22 18 4 0 0 0 0 3 34 39 2 12 12 12 1 21 74 35 109 0 -999 -999 -999
P5917 2062 3 0 0 0 0 0 28 4 0 0 0 0 0 0 2 0 0 0 0 0 0 0 0 27 24 7 38 0 0 0 0 0
P5917 2062 4 0 13 2 0 0 13 0 0 0 6 16 5 0 0 0 0 0 9 0 0 6 9 8 17 18 8 0 0 0 0 -999
P5917 2062 5 0 0 5 2 0 0 0 0 22 0 0 0 0 0 0 0 0 0 5 0 0 0 0 0 0 0 0 11 27 10 7
P5917 2062 6 4 3 0 0 0 0 0 0 0 0 0 0 0 0 0 0 0 0 0 0 0 0 0 0 0 0 0 0 0 0 -999
P5917 2062 7 0 0 0 0 0 0 0 0 0 0 0 0 0 0 0 0 0 0 0 0 0 0 0 0 0 0 0 0 0 0 0
P5917 2062 8 0 0 0 0 0 0 0 0 0 0 0 0 0 0 0 0 0 0 0 0 0 0 0 0 0 0 0 0 0 0 0
P5917 2062 9 0 0 0 0 0 0 0 0 0 0 0 0 0 0 0 0 0 0 0 0 0 0 0 0 0 0 0 0 0 0 -999
P5917 2062 10 0 0 0 0 0 0 0 38 0 0 0 0 0 0 0 0 0 0 0 9 21 16 25 0 13 17 16 56 14 3 0
P5917 2062 11 0 0 7 5 36 29 7 9 0 0 13 10 0 0 0 0 0 0 0 13 11 9 27 20 123 8 0 0 0 0 -999
P5917 2062 12 0 0 0 0 0 0 10 0 9 36 44 0 0 0 0 20 4 0 3 3 6 8 6 6 7 0 0 0 0 0 0
P5917 2063 1 0 0 0 0 0 0 0 0 0 0 0 0 0 0 0 0 0 0 0 0 4 1 0 4 0 10 85 19 0 0 0
P5917 2063 2 0 0 0 0 0 0 0 7 0 2 0 0 1 0 11 0 0 0 0 0 5 11 2 11 0 0 0 0 -999 -999 -999
P5917 2063 3 7 7 2 0 0 0 13 8 0 1 63 10 11 13 44 42 2 4 0 13 15 14 10 62 63 59 61 72 41 1 0
P5917 2063 4 9 14 4 0 0 0 0 0 0 27 66 11 6 1 1 26 21 45 0 0 0 3 10 4 8 3 6 30 15 2 -999
P5917 2063 5 1 0 0 0 0 0 0 0 0 0 3 12 34 56 10 9 1 4 0 0 0 27 2 0 0 0 0 0 0 0 0
P5917 2063 6 0 0 0 0 0 0 0 0 0 0 0 0 0 0 0 0 0 0 0 0 0 0 0 0 0 0 0 0 0 0 -999
P5917 2063 7 0 0 0 0 0 0 0 0 0 0 0 0 0 0 0 0 0 0 0 0 0 0 0 0 0 0 0 0 0 0 0
P5917 2063 8 0 0 0 0 0 0 0 0 0 0 0 0 0 0 0 0 0 0 0 0 0 0 0 0 0 0 0 0 0 0 0
P5917 2063 9 0 0 0 0 0 0 0 0 0 0 0 0 0 0 0 0 0 0 0 0 0 0 0 0 0 0 18 0 0 0 -999
P5917 2063 10 0 0 0 0 16 32 0 0 4 7 32 6 3 12 16 7 0 0 4 23 41 18 11 0 0 0 0 23 14 0 0
P5917 2063 11 0 0 0 0 0 0 0 0 0 0 0 0 0 0 0 0 0 0 0 0 0 0 0 4 46 9 0 31 2 43 -999
P5917 2063 12 45 35 73 0 1 19 0 0 0 0 11 45 11 15 0 0 0 3 0 0 0 0 6 4 3 0 4 0 0 35 3
P5917 2064 1 0 0 0 60 9 9 0 0 0 5 27 13 9 7 4 3 0 12 0 0 44 65 41 0 0 0 0 0 6 3 0
P5917 2064 2 0 0 0 0 0 0 0 0 0 0 0 0 5 21 13 13 11 8 0 0 0 0 0 0 0 17 25 7 -999 -999 -999
P5917 2064 3 1 2 36 54 41 44 0 6 0 16 50 10 0 0 0 8 0 3 2 0 0 4 26 14 0 0 2 0 0 5 8
P5917 2064 4 0 0 22 46 233 26 0 4 0 0 0 0 0 0 0 0 14 12 4 0 0 0 0 14 10 0 0 46 0 0 -999
P5917 2064 5 0 8 5 0 0 0 0 0 0 0 0 0 0 2 0 0 0 0 0 6 0 0 0 0 0 0 0 0 0 0 0
P5917 2064 6 0 0 0 0 0 0 0 0 0 0 0 0 0 0 0 0 0 0 0 0 0 0 0 0 0 0 0 0 0 0 -999
P5917 2064 7 0 0 0 0 0 0 0 0 0 0 0 0 0 0 0 0 0 0 0 0 0 0 0 0 0 0 0 0 0 0 0
P5917 2064 8 0 0 0 0 0 0 0 0 0 0 0 0 0 0 0 0 0 0 0 0 0 0 0 0 0 0 0 0 0 0 0
P5917 2064 9 0 0 0 0 0 0 0 0 0 0 0 0 0 0 0 0 0 0 0 0 0 0 0 0 0 0 0 10 0 0 -999
P5917 2064 10 0 0 0 10 0 0 0 0 0 5 46 0 0 0 0 0 0 0 0 0 0 2 4 27 10 0 0 0 0 0 0
P5917 2064 11 0 0 0 0 0 8 0 1 0 1 0 0 0 15 10 0 0 0 0 0 0 0 6 42 8 0 0 10 31 13 -999
P5917 2064 12 0 0 1 0 4 0 0 0 11 41 18 0 0 0 0 0 0 0 0 20 15 28 1 14 0 16 19 10 12 48 59
P5917 2065 1 33 61 7 0 0 13 71 80 54 78 28 27 5 0 0 0 0 0 0 0 0 0 1 0 0 0 0 0 0 0 0
P5917 2065 2 10 41 22 110 0 0 0 0 0 0 0 0 0 0 0 0 0 0 1 0 4 0 0 0 8 13 0 5 -999 -999 -999
P5917 2065 3 0 0 0 0 0 2 3 0 3 6 0 0 0 0 0 0 4 7 0 0 0 0 0 17 9 27 8 8 10 19 55
P5917 2065 4 23 18 30 23 1 0 0 0 0 0 38 49 260 56 35 33 0 0 0 0 0 0 0 0 4 11 0 0 11 3 -999
P5917 2065 5 2 0 9 0 26 0 13 24 16 7 1 0 0 0 0 5 9 0 0 0 0 0 0 0 0 0 0 0 0 0 7
P5917 2065 6 16 30 13 18 13 4 4 1 0 0 0 16 8 0 0 0 0 0 0 0 0 0 0 0 0 0 0 0 0 0 -999
P5917 2065 7 0 0 0 0 0 0 0 0 0 0 0 0 0 0 0 0 0 0 0 0 0 0 0 0 0 0 0 0 0 0 0
P5917 2065 8 0 0 0 0 0 0 0 0 0 0 0 0 0 0 0 0 0 0 0 0 0 0 0 0 0 0 0 0 0 0 0
P5917 2065 9 0 0 0 0 0 0 0 0 0 0 0 0 0 0 0 0 0 0 0 0 18 84 83 58 16 0 6 16 0 0 -999
P5917 2065 10 0 0 0 0 0 0 0 0 0 0 0 0 0 0 0 0 9 22 33 0 0 0 0 0 0 0 0 0 0 0 0
P5917 2065 11 0 0 0 0 68 7 42 56 6 0 0 0 0 0 0 0 0 0 0 0 0 0 0 0 0 2 0 0 0 0 -999
P5917 2065 12 0 0 0 0 0 0 0 0 0 2 8 82 11 0 0 0 0 0 0 4 18 8 41 51 16 16 5 13 12 0 12
P5917 2066 1 0 0 0 1 19 0 0 0 3 0 0 0 0 0 0 0 3 0 0 0 0 0 0 0 0 0 0 0 0 0 0
P5917 2066 2 0 0 0 0 0 0 9 0 0 0 0 0 0 0 0 0 0 16 16 0 0 0 0 6 3 14 4 13 -999 -999 -999
P5917 2066 3 50 67 78 75 79 59 38 16 67 62 10 7 0 0 5 29 15 0 2 3 51 45 0 2 7 0 0 2 6 3 5
P5917 2066 4 5 3 0 0 0 0 3 19 2 0 0 0 0 0 0 4 6 8 6 2 3 0 0 0 0 0 0 0 0 0 -999
P5917 2066 5 0 0 0 0 0 0 0 0 0 0 0 0 0 0 0 0 3 0 0 0 0 0 0 0 0 0 0 0 0 0 0
P5917 2066 6 0 0 0 0 0 0 0 0 0 0 0 0 0 0 0 0 0 0 0 0 0 0 0 0 0 0 0 0 0 0 -999
P5917 2066 7 0 0 0 0 0 0 0 0 0 0 0 0 0 0 0 0 0 0 0 0 0 0 0 0 0 0 0 0 0 0 0
P5917 2066 8 0 0 0 0 0 0 0 0 0 0 0 0 0 0 0 0 0 0 0 0 0 0 0 0 0 0 0 0 0 0 0
P5917 2066 9 0 0 0 0 0 0 0 0 0 0 0 0 0 0 0 0 0 0 0 0 0 0 0 0 0 0 0 0 0 0 -999
P5917 2066 10 0 0 0 0 0 0 0 0 0 0 0 0 36 30 7 30 30 16 5 0 0 0 9 0 18 0 2 26 21 10 32
P5917 2066 11 28 13 2 0 19 245 34 90 34 39 29 0 0 0 0 23 16 17 39 17 34 82 16 0 0 14 40 35 87 146 -999
P5917 2066 12 54 57 57 0 0 0 0 0 0 3 4 33 89 261 60 16 21 38 5 0 0 6 12 13 11 14 12 9 3 3 5
P5917 2067 1 1 6 29 28 41 53 33 169 52 23 13 21 50 67 55 33 21 61 42 8 0 22 57 56 46 22 12 12 23 38 15
P5917 2067 2 14 5 2 6 0 0 0 5 23 3 7 17 12 0 0 0 0 11 13 3 2 1 0 0 0 0 0 0 -999 -999 -999
P5917 2067 3 0 0 0 6 0 0 0 0 0 8 3 4 7 2 2 6 3 0 0 0 0 0 0 9 3 10 9 28 10 0 0
P5917 2067 4 0 0 0 0 0 0 9 19 1 3 0 0 0 19 24 24 2 2 9 7 4 0 0 0 2 12 10 11 0 7 -999
P5917 2067 5 0 0 0 0 0 35 5 16 0 294 14 40 43 47 28 7 6 6 24 26 19 15 1 0 0 0 0 0 0 0 0
P5917 2067 6 0 0 0 0 0 0 0 65 0 0 0 0 0 0 0 0 0 0 0 0 0 0 0 0 0 0 0 0 0 0 -999
P5917 2067 7 0 0 0 0 0 0 0 0 0 0 0 0 0 0 0 0 0 0 0 0 0 0 0 0 0 0 0 0 0 0 0
P5917 2067 8 0 0 0 0 0 0 0 0 0 0 0 0 0 0 0 0 0 0 0 0 0 0 0 0 0 0 0 0 0 0 0
P5917 2067 9 0 0 0 0 0 0 0 0 0 0 0 0 0 0 0 0 0 0 0 0 0 0 0 0 0 0 0 0 0 0 -999
P5917 2067 10 0 0 0 0 0 0 3 31 30 0 0 0 0 0 0 0 0 0 0 0 0 0 0 0 0 0 0 0 0 0 31
P5917 2067 11 11 27 46 37 10 10 51 43 39 54 14 70 9 44 9 7 0 10 32 3 0 0 0 0 12 4 0 3 8 0 -999
P5917 2067 12 0 0 0 5 31 38 8 0 34 19 31 35 11 3 0 0 0 0 0 19 3 1 3 0 0 0 0 0 0 0 0
P5917 2068 1 0 0 0 0 0 0 0 0 0 46 68 2 0 0 0 0 0 1 0 0 0 5 7 11 5 8 3 0 13 13 108
P5917 2068 2 13 21 11 0 0 14 5 17 51 50 3 7 28 7 42 56 20 0 0 0 11 0 10 6 23 0 0 0 -999 -999 -999
P5917 2068 3 0 0 0 5 14 13 0 0 0 62 28 9 2 0 0 0 3 0 0 7 2 0 0 4 0 0 0 0 0 0 0
P5917 2068 4 6 12 0 3 12 14 0 0 0 0 0 0 0 0 0 0 0 0 0 0 0 0 6 6 4 0 0 22 2 0 -999
P5917 2068 5 0 0 0 17 48 0 295 30 4 2 8 37 55 14 16 5 2 9 9 15 13 0 0 0 0 0 0 0 0 0 0
P5917 2068 6 0 0 0 0 0 0 0 0 0 0 0 0 0 0 0 0 0 0 0 0 0 0 0 0 0 0 0 0 0 0 -999
P5917 2068 7 0 0 0 0 0 0 0 0 0 0 0 0 0 0 0 0 0 0 0 0 0 0 0 0 0 0 0 0 0 0 0
P5917 2068 8 0 0 0 0 0 0 0 0 0 0 0 0 0 0 0 0 0 0 0 0 0 0 0 0 0 0 0 0 0 0 0
P5917 2068 9 0 0 0 0 0 0 0 0 0 0 0 0 0 0 0 0 0 0 0 0 184 39 26 14 24 0 208 28 0 41 -999
P5917 2068 10 19 46 0 0 0 0 0 11 0 0 0 0 25 21 0 0 0 0 0 0 0 9 33 12 2 0 0 0 7 7 1
P5917 2068 11 0 0 0 0 0 0 0 0 0 0 0 0 0 0 3 39 6 0 0 0 7 64 0 26 9 0 0 0 15 29 -999
P5917 2068 12 0 0 10 5 49 49 11 4 4 6 18 5 11 5 11 23 62 19 17 0 0 2 0 0 0 13 4 0 0 0 0
P5917 2069 1 0 0 0 0 0 0 24 5 3 52 40 11 10 0 0 0 0 0 0 0 0 0 0 0 11 12 17 30 52 52 156
P5917 2069 2 206 36 40 3 62 35 8 31 43 27 26 13 25 24 0 0 0 0 0 0 0 0 0 0 0 0 0 2 -999 -999 -999
P5917 2069 3 11 20 11 8 25 0 0 6 6 8 23 3 0 0 0 0 0 0 0 0 0 0 0 6 2 0 6 10 22 9 0
P5917 2069 4 3 0 0 0 0 0 2 64 12 30 68 53 11 20 33 38 25 3 16 19 5 0 0 0 0 0 0 9 8 40 -999
P5917 2069 5 39 14 3 0 2 10 23 24 7 3 0 0 0 0 0 0 3 0 0 5 9 0 0 0 0 0 0 5 6 0 0
P5917 2069 6 0 0 0 0 0 0 0 0 0 0 0 0 0 0 0 0 0 0 0 0 0 0 0 0 0 0 0 0 0 0 -999
P5917 2069 7 0 8 0 0 0 0 0 0 0 0 0 0 0 0 0 0 0 0 0 0 0 0 0 0 0 0 0 0 0 0 0
P5917 2069 8 0 0 0 0 0 0 0 0 0 0 0 0 0 0 0 0 0 0 0 0 0 0 0 0 0 0 0 0 0 0 0
P5917 2069 9 0 0 0 0 0 0 0 0 6 0 0 0 0 0 0 0 0 0 0 136 0 0 0 0 12 0 13 20 60 42 -999
P5917 2069 10 12 10 16 16 0 0 0 0 0 0 0 0 0 0 3 4 9 0 0 0 11 39 27 20 20 0 0 0 0 0 9
P5917 2069 11 41 32 53 41 0 0 0 0 13 42 70 81 73 48 10 3 0 0 0 0 3 0 4 28 10 67 51 143 133 11 -999
P5917 2069 12 0 31 20 57 73 414 57 3 0 0 0 0 6 0 0 0 0 0 0 0 0 0 18 21 0 0 19 0 1 0 0
P5917 2070 1 2 14 6 32 49 28 5 0 21 8 8 0 0 0 0 0 7 5 64 82 143 36 31 29 73 36 128 30 3 36 49
P5917 2070 2 35 16 141 37 5 2 0 2 6 70 30 17 36 0 2 25 42 1 0 0 0 4 28 33 24 9 35 8 -999 -999 -999
P5917 2070 3 11 0 0 0 0 0 0 0 2 61 49 51 25 20 17 0 0 31 27 3 22 15 21 3 30 8 0 0 0 0 0
P5917 2070 4 3 44 14 0 12 12 25 58 33 5 6 9 5 8 26 5 19 5 0 0 0 22 21 6 8 6 0 12 4 0 -999
P5917 2070 5 0 0 0 0 4 10 12 7 0 0 0 8 25 74 24 9 0 0 3 0 0 0 0 0 67 0 0 0 0 0 0
P5917 2070 6 0 0 8 0 0 0 0 0 0 0 0 0 0 0 0 0 0 0 0 0 0 0 0 0 0 0 0 0 0 0 -999
P5917 2070 7 0 0 0 0 0 0 0 0 0 0 0 0 0 0 0 0 0 0 0 0 0 0 0 0 0 0 0 0 0 0 0
P5917 2070 8 0 0 0 0 0 0 0 0 0 0 0 0 0 0 0 0 0 0 0 0 0 0 0 0 0 0 0 0 0 0 0
P5917 2070 9 0 0 0 0 0 0 0 0 0 0 0 0 0 0 0 0 0 0 0 0 0 0 0 0 0 0 0 15 14 22 -999
P5917 2070 10 29 0 0 0 0 0 77 42 198 46 34 22 16 7 0 0 92 15 24 63 32 41 26 4 0 0 0 0 0 5 16
P5917 2070 11 0 0 30 14 3 2 19 11 12 11 34 159 83 16 0 1 44 10 0 15 34 27 28 11 0 0 0 0 0 2 -999
P5917 2070 12 0 0 4 0 0 0 0 0 0 1 1 0 0 0 0 0 0 0 11 0 0 26 10 11 30 0 12 44 70 29 2
P5917 2071 1 0 12 21 83 0 0 0 7 20 12 12 52 52 61 44 64 81 78 70 30 14 11 16 30 24 5 7 15 1 48 109
P5917 2071 2 14 1 0 2 6 67 32 16 12 0 0 0 0 0 0 0 0 0 7 48 32 27 2 0 9 16 32 3 -999 -999 -999
P5917 2071 3 0 0 0 0 0 0 0 0 0 12 9 0 0 0 4 2 0 0 10 3 0 0 0 0 0 0 0 0 0 4 0
P5917 2071 4 0 0 0 0 0 0 0 0 0 0 0 0 0 0 0 0 0 0 0 0 8 10 0 0 0 0 0 0 0 0 -999
P5917 2071 5 0 0 0 0 0 0 0 0 0 0 0 0 0 0 3 5 0 0 0 0 0 0 0 0 0 0 0 0 0 0 0
P5917 2071 6 0 0 36 0 0 0 48 4 4 0 0 0 0 0 0 0 0 0 0 0 0 0 0 0 0 0 0 0 0 0 -999
P5917 2071 7 0 0 0 0 0 0 0 0 0 0 0 0 0 0 0 0 0 0 0 0 0 0 0 0 0 0 0 0 0 0 0
P5917 2071 8 0 0 0 0 0 0 0 0 0 0 0 0 0 0 0 0 0 0 0 0 0 0 0 0 0 0 0 0 0 0 0
P5917 2071 9 0 0 0 0 0 0 0 0 0 0 0 0 0 0 0 0 0 0 0 0 0 0 0 0 0 0 0 0 0 0 -999
P5917 2071 10 0 0 0 0 0 0 0 0 17 13 6 1 0 0 0 0 0 0 0 0 0 0 0 0 10 0 0 0 0 0 0
P5917 2071 11 8 22 0 0 0 0 8 24 45 14 11 1 0 0 0 5 3 0 0 0 0 0 0 0 0 4 13 0 0 0 -999
P5917 2071 12 0 0 8 0 12 46 6 1 0 0 0 0 0 0 0 0 0 0 0 0 0 0 0 0 0 0 0 0 0 0 0
P5917 2072 1 0 0 0 0 0 10 9 11 1 18 21 0 0 1 33 5 0 0 0 0 2 28 22 11 0 0 0 18 89 14 56
P5917 2072 2 0 0 0 4 72 40 9 41 0 94 32 16 51 53 46 74 72 70 62 59 129 190 82 46 3 3 3 7 -999 -999 -999
P5917 2072 3 0 0 0 2 6 27 15 79 5 0 0 3 0 0 0 0 0 0 8 4 0 0 29 15 0 0 0 0 51 3 0
P5917 2072 4 0 0 0 0 0 52 31 51 54 16 19 7 0 12 56 58 18 4 24 0 48 37 385 49 50 0 0 0 0 0 -999
P5917 2072 5 0 0 0 13 7 0 18 44 18 25 7 0 0 0 0 0 0 0 0 0 0 0 0 0 0 0 0 0 0 0 0
P5917 2072 6 4 23 12 3 0 0 0 0 0 0 0 0 0 0 0 0 0 0 0 0 0 0 0 0 0 0 0 0 0 0 -999
P5917 2072 7 0 0 0 0 0 0 0 0 0 0 0 0 0 0 0 0 0 0 0 0 0 0 0 0 0 0 0 0 0 0 0
P5917 2072 8 0 0 0 0 0 0 0 0 0 0 0 0 0 0 0 0 0 0 0 0 0 0 0 0 0 0 0 0 0 0 0
P5917 2072 9 0 0 0 0 0 0 0 0 0 0 0 0 0 0 0 0 0 0 0 0 0 0 0 0 0 0 0 0 0 0 -999
P5917 2072 10 6 12 0 0 0 0 13 0 0 0 0 0 0 0 0 0 2 2 1 0 5 7 0 10 0 16 6 0 0 5 23
P5917 2072 11 0 14 0 1 17 28 35 53 39 73 171 18 2 0 0 0 0 0 0 0 0 6 16 50 18 11 61 12 2 10 -999
P5917 2072 12 0 0 0 0 0 6 116 38 0 9 8 0 0 0 0 0 0 0 0 0 0 0 0 0 0 0 2 0 0 0 0
P5917 2073 1 0 0 0 0 0 6 1 0 0 0 0 0 4 0 0 0 0 0 0 0 0 0 0 0 0 0 2 0 0 0 0
P5917 2073 2 0 0 3 11 11 0 14 1 78 93 71 39 58 36 54 11 13 1 0 0 0 0 0 0 0 0 0 0 -999 -999 -999
P5917 2073 3 0 0 0 0 0 0 0 2 3 4 11 0 0 0 2 0 3 11 20 17 11 11 0 0 0 0 0 2 5 0 0
P5917 2073 4 0 0 0 0 0 0 0 0 0 0 0 0 0 0 44 9 23 0 0 0 0 0 0 2 37 9 3 0 0 0 -999
P5917 2073 5 4 0 0 0 0 0 0 0 0 0 0 0 0 0 2 13 7 5 19 19 1 0 6 12 4 0 4 3 0 0 0
P5917 2073 6 0 0 0 0 0 0 0 0 0 0 0 0 0 0 0 0 0 0 0 0 0 0 0 0 0 0 0 0 0 0 -999
P5917 2073 7 0 0 0 0 0 0 0 0 0 0 0 0 0 0 0 0 0 0 0 0 0 0 0 0 0 0 0 0 0 0 0
P5917 2073 8 0 0 0 0 0 0 0 0 0 0 0 0 0 0 0 0 0 0 0 0 0 0 0 0 0 0 0 0 0 0 0
P5917 2073 9 0 0 0 10 0 14 0 0 0 0 0 14 0 0 0 0 0 0 0 0 4 0 0 0 0 0 0 5 0 0 -999
P5917 2073 10 0 0 0 0 0 0 0 47 4 3 26 0 0 0 0 0 0 0 27 9 0 0 0 0 0 0 0 15 6 0 0
P5917 2073 11 0 16 0 0 0 0 63 55 15 141 57 8 1 0 0 0 0 0 0 0 0 5 0 7 4 12 16 12 0 3 -999
P5917 2073 12 22 35 19 36 10 51 20 0 0 0 0 0 0 0 0 0 11 0 0 31 44 64 0 0 19 9 0 0 0 0 0
P5917 2074 1 0 0 0 0 0 0 0 0 0 6 0 0 0 0 0 0 0 6 10 15 0 0 0 0 0 0 0 0 0 0 0
P5917 2074 2 0 0 0 0 0 0 2 3 10 5 0 0 0 0 0 0 0 0 0 0 0 0 0 0 0 0 0 0 -999 -999 -999
P5917 2074 3 0 21 3 0 0 0 0 0 0 0 0 0 0 0 0 0 0 0 0 0 2 0 0 0 0 0 0 0 0 0 0
P5917 2074 4 21 0 0 0 0 0 0 0 0 0 0 0 0 0 0 0 0 0 0 0 0 0 0 0 0 26 17 0 0 0 -999
P5917 2074 5 0 0 0 27 61 370 145 21 16 63 151 93 21 6 0 0 0 0 4 5 15 4 6 0 0 0 0 0 0 0 0
P5917 2074 6 0 0 0 0 0 0 0 0 0 0 0 0 0 0 0 0 0 0 0 0 0 0 0 0 0 0 0 0 0 0 -999
P5917 2074 7 0 0 0 0 0 0 0 0 0 0 0 0 0 0 0 0 0 0 0 0 0 0 0 0 0 0 0 0 0 0 0
P5917 2074 8 0 0 0 0 0 0 0 0 0 0 0 0 0 0 0 0 0 0 0 0 0 0 0 0 0 0 0 0 0 0 0
P5917 2074 9 0 0 0 0 0 0 0 0 0 0 0 0 0 0 0 0 0 0 0 0 0 0 3 6 3 7 0 1 0 0 -999
P5917 2074 10 0 0 8 0 0 0 0 9 24 9 0 0 0 0 0 0 0 0 22 0 0 0 0 0 0 0 0 0 13 0 0
P5917 2074 11 0 0 12 0 0 0 0 0 7 27 21 0 0 0 0 0 21 15 18 0 0 0 18 26 61 32 16 14 10 10 -999
P5917 2074 12 0 0 22 19 0 0 0 0 0 0 0 4 11 37 61 74 97 27 66 14 53 44 5 3 0 0 1 48 31 43 20
P5917 2075 1 56 77 80 34 20 23 5 3 2 1 2 15 21 3 2 2 0 0 0 0 0 0 0 0 0 0 3 0 2 7 8
P5917 2075 2 89 0 0 0 14 52 29 8 40 0 22 74 34 7 4 15 4 1 1 13 64 39 13 5 0 0 0 0 -999 -999 -999
P5917 2075 3 0 0 0 1 63 41 8 0 0 58 24 9 54 27 0 0 4 23 36 60 9 21 49 21 15 6 5 3 7 18 10
P5917 2075 4 21 1 7 0 0 0 0 0 0 0 0 0 0 0 0 0 0 0 2 5 0 0 3 0 0 0 0 0 0 46 -999
P5917 2075 5 9 147 66 60 24 51 36 26 5 0 0 33 39 21 7 3 14 54 25 34 11 7 1 0 0 0 0 0 0 0 0
P5917 2075 6 0 0 0 0 0 0 0 0 0 0 0 0 0 0 0 0 0 0 0 0 0 0 0 0 0 0 0 0 0 0 -999
P5917 2075 7 0 0 0 0 0 0 0 0 0 0 0 0 0 0 0 0 0 0 0 0 0 0 0 0 0 0 0 0 0 0 0
P5917 2075 8 0 0 0 0 0 0 0 0 0 0 0 0 0 0 0 0 0 0 0 0 0 0 0 0 0 0 0 0 0 0 0
P5917 2075 9 0 0 0 0 0 0 0 0 0 0 0 0 0 0 0 0 0 0 0 0 0 0 0 0 0 0 0 0 0 10 -999
P5917 2075 10 0 0 22 15 0 0 0 3 4 0 0 0 0 0 0 0 0 0 47 40 2 0 0 0 0 0 6 12 14 0 0
P5917 2075 11 0 7 27 35 14 0 17 39 54 18 6 57 34 49 0 12 33 14 0 11 0 0 0 0 0 0 18 7 2 1 -999
P5917 2075 12 0 0 0 0 6 10 13 18 23 7 0 39 45 24 0 0 0 0 0 0 0 2 0 0 0 6 6 0 0 0 0
P5917 2076 1 0 0 0 0 0 0 0 0 0 0 0 0 0 9 3 2 0 0 0 0 0 0 0 0 0 0 4 13 0 0 0
P5917 2076 2 0 19 6 0 0 0 0 13 66 0 0 0 0 0 0 0 0 0 2 0 2 0 0 0 0 0 0 0 -999 -999 -999
P5917 2076 3 0 0 0 0 0 5 5 0 4 67 40 0 0 23 2 24 25 51 5 0 0 0 0 0 0 0 0 0 0 0 0
P5917 2076 4 0 0 0 17 11 0 0 0 0 0 0 15 4 0 4 5 0 0 16 0 65 66 57 4 0 0 3 3 0 0 -999
P5917 2076 5 11 20 18 4 0 0 0 0 0 0 0 0 0 11 0 0 0 16 17 37 16 14 11 0 0 11 8 44 12 8 5
P5917 2076 6 10 35 0 0 0 0 9 13 0 0 0 0 0 0 0 0 0 0 0 0 0 0 0 0 0 0 0 0 0 0 -999
P5917 2076 7 0 0 0 0 0 0 0 0 0 0 0 0 0 0 0 0 0 0 0 0 0 0 0 0 0 0 0 0 0 0 0
P5917 2076 8 0 0 0 0 0 0 0 0 0 0 0 0 0 0 0 0 0 0 0 0 0 0 0 0 0 0 0 0 0 0 0
P5917 2076 9 0 0 0 0 0 0 0 0 0 0 0 0 0 0 0 0 0 0 0 0 0 0 70 0 0 0 23 34 18 0 -999
P5917 2076 10 0 0 6 0 0 0 0 0 0 0 26 30 70 50 58 4 0 16 14 0 0 7 9 9 0 0 0 0 0 0 0
P5917 2076 11 0 0 0 1 0 0 0 6 10 18 7 17 7 9 10 13 248 364 8 0 0 0 0 15 13 0 0 0 0 0 -999
P5917 2076 12 0 0 0 0 0 0 0 0 12 0 0 0 0 0 11 5 0 0 0 0 0 0 0 0 0 0 2 0 0 5 3
P5917 2077 1 0 0 0 0 0 0 0 0 0 0 0 5 78 114 47 14 0 0 0 0 0 1 39 31 1 52 69 17 3 6 1
P5917 2077 2 0 0 0 5 16 46 9 0 0 0 0 0 10 0 0 5 6 0 0 0 0 0 0 0 0 0 0 0 -999 -999 -999
P5917 2077 3 0 0 0 2 0 6 4 3 3 2 13 4 12 14 24 39 8 75 21 10 3 0 0 0 0 6 4 0 3 0 0
P5917 2077 4 0 0 0 0 0 0 0 3 5 0 0 0 0 0 0 0 0 0 0 0 0 0 0 0 0 0 10 0 0 0 -999
P5917 2077 5 0 0 0 0 0 41 66 55 92 7 3 0 0 0 0 0 0 0 0 0 0 0 106 48 51 54 7 0 0 0 0
P5917 2077 6 0 0 0 0 0 0 0 0 0 3 10 13 13 17 0 0 0 0 0 0 0 0 0 0 0 0 0 0 0 0 -999
P5917 2077 7 0 0 0 0 0 0 0 0 0 0 0 0 0 0 0 0 0 0 0 0 0 0 0 0 0 0 0 0 0 0 0
P5917 2077 8 0 0 0 0 0 0 0 0 0 0 0 0 0 0 0 0 0 0 0 0 0 0 0 0 0 0 0 0 0 0 0
P5917 2077 9 0 0 0 0 0 0 0 0 0 0 0 0 0 0 0 0 0 0 0 0 0 0 0 0 0 0 0 0 0 0 -999
P5917 2077 10 0 0 0 0 0 0 0 0 0 0 0 0 0 0 10 0 0 0 0 0 3 26 38 5 0 0 0 31 1 0 0
P5917 2077 11 0 0 43 58 69 21 43 70 28 12 10 14 35 63 65 85 30 27 3 0 4 44 18 19 0 0 16 5 0 0 -999
P5917 2077 12 0 0 0 0 0 3 0 4 3 21 132 22 36 109 87 7 31 72 28 99 60 53 53 40 82 38 63 18 5 4 0
P5917 2078 1 0 17 12 62 4 36 5 39 10 22 0 0 0 0 0 0 0 0 0 0 0 37 63 0 0 0 0 0 0 0 0
P5917 2078 2 0 3 2 0 2 5 29 0 0 0 28 4 12 12 14 0 0 6 1 0 0 0 3 5 0 0 0 1 -999 -999 -999
P5917 2078 3 13 0 0 0 0 0 7 7 0 7 71 17 10 31 5 0 0 0 0 0 0 0 0 13 0 0 8 6 15 100 3
P5917 2078 4 5 11 9 34 50 27 15 5 9 0 0 0 1 9 0 3 40 80 63 6 0 0 0 0 0 0 0 0 57 16 -999
P5917 2078 5 8 4 0 8 4 7 4 3 0 0 0 5 25 62 11 22 19 3 0 0 0 0 0 0 0 0 0 0 0 0 0
P5917 2078 6 0 0 0 0 0 0 0 0 0 0 0 0 0 0 0 0 0 0 0 0 0 0 0 0 0 0 0 0 0 0 -999
P5917 2078 7 0 0 0 0 0 0 0 0 0 0 0 0 0 0 0 0 0 0 0 0 0 0 0 0 0 0 0 0 0 0 0
P5917 2078 8 0 0 0 0 0 0 0 0 0 0 0 0 0 0 0 0 0 0 0 0 0 0 0 0 0 0 0 0 0 0 0
P5917 2078 9 0 0 0 35 0 0 0 0 0 0 0 0 0 0 0 0 0 0 0 0 0 0 0 0 0 0 0 0 0 0 -999
P5917 2078 10 0 0 0 0 0 0 0 0 0 0 0 0 0 0 0 0 0 0 0 0 0 0 0 0 0 0 0 0 0 0 0
P5917 2078 11 0 0 68 46 10 0 0 0 0 0 0 0 0 0 0 0 0 0 0 2 0 0 5 3 0 0 5 99 6 41 -999
P5917 2078 12 0 5 0 0 0 0 0 38 0 0 0 0 0 0 6 13 0 2 0 0 0 0 0 0 9 5 1 27 10 30 54
P5917 2079 1 15 0 0 20 8 0 0 4 0 0 0 0 0 0 0 0 0 0 0 0 0 0 0 0 0 9 13 5 0 0 0
P5917 2079 2 0 2 0 0 16 22 5 10 18 4 0 12 13 5 1 1 0 0 1 36 51 10 54 30 38 55 75 93 -999 -999 -999
P5917 2079 3 4 67 2 1 20 0 0 0 0 0 0 19 0 0 0 0 0 0 0 1 57 69 15 7 6 0 0 0 0 0 0
P5917 2079 4 115 35 10 24 17 3 6 9 2 0 0 0 0 0 0 0 0 0 0 0 0 0 0 0 0 0 0 0 0 4 -999
P5917 2079 5 11 8 1 0 0 0 0 0 0 0 0 0 0 0 0 0 0 0 0 0 0 0 0 0 0 0 0 0 0 0 0
P5917 2079 6 0 0 0 0 0 0 0 0 0 3 0 0 0 0 0 0 0 0 0 0 0 0 0 0 0 0 0 0 0 0 -999
P5917 2079 7 0 0 0 0 0 0 0 0 0 0 0 0 0 0 0 0 0 0 0 0 0 0 0 0 0 0 0 0 0 0 0
P5917 2079 8 0 0 0 0 0 0 0 0 0 0 0 0 0 0 0 0 0 0 0 0 0 0 0 0 0 0 0 0 0 0 0
P5917 2079 9 0 0 0 0 0 0 0 0 0 0 5 0 0 0 0 0 0 0 0 0 0 0 0 0 0 0 0 0 0 0 -999
P5917 2079 10 0 0 0 0 0 0 0 0 0 0 0 0 0 0 0 0 0 19 12 32 27 26 10 47 53 0 15 0 0 0 0
P5917 2079 11 0 8 21 0 13 0 0 0 0 0 0 0 0 0 0 0 0 0 0 0 1 0 5 0 0 19 18 4 8 41 -999
P5917 2079 12 8 0 0 0 6 9 17 29 18 17 11 0 0 0 112 91 105 59 58 17 6 0 0 0 0 0 0 0 0 0 0
P5917 2080 1 0 0 0 0 1 0 0 0 0 0 0 1 3 0 12 0 0 1 13 11 14 0 137 22 0 7 0 0 2 0 0
P5917 2080 2 0 0 0 0 3 0 0 0 0 8 28 30 29 0 0 0 2 0 0 0 11 9 0 12 0 0 0 0 -999 -999 -999
P5917 2080 3 0 0 0 0 0 0 0 0 0 0 0 0 0 0 0 0 0 0 0 0 0 0 8 0 0 0 0 0 0 0 0
P5917 2080 4 6 4 12 15 25 56 43 107 52 7 2 2 0 0 0 5 17 8 16 7 5 0 0 18 42 16 58 26 0 0 -999
P5917 2080 5 83 442 19 1 0 0 0 0 0 0 0 0 0 0 0 0 0 0 0 0 0 0 0 0 0 0 0 0 0 0 0
P5917 2080 6 0 0 0 0 0 0 0 0 0 0 0 0 0 0 0 0 0 0 0 0 0 0 0 0 0 0 0 0 0 0 -999
P5917 2080 7 0 0 0 0 0 0 0 0 0 0 0 0 0 0 0 0 0 0 0 0 0 0 0 0 0 0 0 0 0 0 0
P5917 2080 8 0 0 0 0 0 0 0 0 0 0 0 0 0 0 0 0 0 0 0 0 0 0 0 7 5 4 0 0 0 0 0
P5917 2080 9 0 0 0 0 0 0 0 0 0 0 0 0 45 0 0 0 0 0 0 0 0 0 0 23 25 12 0 0 0 0 -999
P5917 2080 10 0 0 0 0 0 0 0 0 0 0 0 7 0 0 0 0 0 0 0 0 0 0 0 42 18 7 20 0 0 0 0
P5917 2080 11 0 0 0 0 8 24 1 0 0 35 9 0 0 0 0 3 11 0 0 0 14 0 0 0 0 5 6 19 6 0 -999
P5917 2080 12 0 0 0 0 0 0 0 27 2 53 42 12 11 17 3 0 0 0 0 0 0 3 10 65 75 458 25 13 4 0 0
P5917 2081 1 0 0 0 0 0 0 0 0 0 0 0 0 0 0 0 0 0 6 8 41 40 34 5 0 4 3 3 0 0 4 0
P5917 2081 2 2 10 38 22 11 1 0 0 0 0 0 0 0 0 0 3 2 8 8 13 9 15 12 6 6 4 21 7 -999 -999 -999
P5917 2081 3 0 0 0 0 0 0 0 0 0 7 11 40 81 130 59 11 70 15 9 9 19 48 69 7 26 58 59 59 17 8 66
P5917 2081 4 40 9 0 7 15 0 0 0 0 0 0 0 0 0 0 0 0 2 0 0 0 0 0 0 0 0 0 1 2 0 -999
P5917 2081 5 0 0 0 0 0 2 6 3 0 0 0 0 0 0 0 0 0 0 0 0 0 0 4 0 0 0 5 23 10 4 0
P5917 2081 6 0 0 0 0 0 0 43 56 9 20 21 3 0 0 0 0 0 0 0 0 0 0 0 0 0 0 0 0 0 0 -999
P5917 2081 7 0 0 0 0 0 0 0 0 0 0 0 0 0 0 0 0 0 0 0 0 0 0 0 0 0 0 0 0 0 0 0
P5917 2081 8 0 0 0 0 0 0 0 0 0 0 0 0 0 0 0 0 0 0 0 0 0 0 0 0 0 0 0 0 0 0 0
P5917 2081 9 0 0 0 0 0 0 0 0 0 0 0 0 0 0 0 0 0 0 0 0 0 0 0 0 0 0 0 0 0 0 -999
P5917 2081 10 0 0 33 13 0 0 0 0 0 27 74 73 33 8 26 33 143 473 340 37 27 1 0 0 0 0 0 0 0 0 2
P5917 2081 11 0 0 29 117 45 0 0 0 0 2 43 7 0 0 21 19 23 36 24 56 51 18 47 4 0 0 0 0 11 16 -999
P5917 2081 12 29 11 7 7 21 6 28 37 15 0 0 0 0 0 0 0 0 0 0 8 43 13 73 6 12 25 8 33 24 0 0
P5917 2082 1 0 0 0 0 0 0 38 3 1 2 0 0 0 0 8 16 0 0 0 3 0 0 0 0 0 2 11 5 14 13 1
P5917 2082 2 0 0 0 21 17 0 0 0 0 0 6 5 0 0 0 0 0 0 0 0 0 0 0 0 0 0 0 0 -999 -999 -999
P5917 2082 3 0 0 15 2 0 0 0 0 6 2 5 10 0 7 0 1 40 29 20 29 0 19 23 51 0 0 0 0 1 9 15
P5917 2082 4 2 51 66 52 1 14 57 34 40 72 68 28 44 1 0 19 6 0 14 302 67 63 0 0 90 32 18 13 15 0 -999
P5917 2082 5 0 0 0 0 0 0 0 0 0 0 0 0 0 0 0 0 0 0 0 0 0 0 0 0 0 0 0 0 0 0 0
P5917 2082 6 0 0 6 0 0 0 5 13 6 5 0 0 0 0 0 0 4 24 25 0 0 0 0 0 0 0 0 0 0 0 -999
P5917 2082 7 0 0 0 0 0 0 0 0 0 0 0 0 0 0 0 0 0 0 0 0 0 0 0 0 0 0 0 0 0 0 0
P5917 2082 8 0 0 0 0 0 0 0 0 0 0 0 0 0 0 0 0 0 0 0 0 0 0 0 0 0 0 0 0 0 0 0
P5917 2082 9 0 0 0 0 0 0 0 0 0 0 0 0 0 0 0 0 0 0 0 0 0 115 0 0 0 0 0 0 0 0 -999
P5917 2082 10 0 0 0 0 0 0 0 0 0 0 0 0 0 0 0 0 0 60 13 38 140 4 0 17 0 0 0 0 0 0 0
P5917 2082 11 0 0 0 0 0 0 0 0 0 15 18 21 0 9 0 29 17 0 0 10 15 29 21 12 12 10 6 27 122 21 -999
P5917 2082 12 0 27 29 0 0 0 0 0 0 0 0 0 0 0 0 0 0 0 0 0 0 0 0 0 0 0 0 0 0 0 0
P5917 2083 1 0 0 0 0 0 0 59 57 24 41 0 0 8 46 51 38 27 25 0 53 46 60 62 26 12 4 9 6 0 8 14
P5917 2083 2 12 27 47 9 0 0 0 8 37 40 135 19 22 30 29 24 57 68 15 58 9 24 6 51 0 0 14 13 -999 -999 -999
P5917 2083 3 61 3 0 0 0 0 7 5 0 0 18 0 0 0 0 0 0 0 0 4 0 0 0 0 0 0 0 0 7 7 7
P5917 2083 4 22 22 14 11 9 0 0 0 0 13 8 11 4 0 0 4 0 3 13 5 4 7 2 0 0 0 0 0 0 0 -999
P5917 2083 5 0 0 0 0 0 0 0 0 0 24 0 0 0 0 0 0 0 0 0 0 0 0 0 0 0 0 0 0 0 0 0
P5917 2083 6 0 0 0 0 0 0 0 0 0 0 0 0 0 0 0 0 0 0 0 0 0 0 0 0 0 0 0 0 0 0 -999
P5917 2083 7 0 0 0 0 0 0 0 0 0 0 0 0 0 0 0 0 0 0 0 0 0 0 0 0 0 0 0 0 0 0 0
P5917 2083 8 0 0 0 0 0 0 0 0 0 0 0 0 0 0 0 0 0 0 0 0 0 0 0 0 0 0 0 0 0 0 0
P5917 2083 9 0 0 0 0 0 0 0 0 0 0 0 0 0 0 0 0 0 0 0 0 0 0 0 0 0 0 0 0 0 30 -999
P5917 2083 10 36 32 0 0 0 0 0 0 0 0 0 0 0 0 0 0 0 0 0 0 0 0 0 0 0 0 0 0 0 0 0
P5917 2083 11 0 0 0 0 0 7 6 4 0 11 0 0 11 36 9 1 28 39 22 30 14 0 4 28 0 0 0 3 3 0 -999
P5917 2083 12 0 0 0 0 0 0 8 3 0 1 12 9 44 0 0 13 31 8 0 0 0 0 0 0 0 0 0 0 0 0 0
P5917 2084 1 0 31 16 0 0 0 0 7 0 0 0 0 5 0 0 0 3 29 39 7 8 24 62 7 0 0 0 0 0 0 0
P5917 2084 2 0 0 6 7 0 0 0 0 0 0 4 12 8 5 0 0 13 4 22 18 11 0 47 60 12 18 24 1 -999 -999 -999
P5917 2084 3 8 14 18 3 24 37 41 37 13 50 51 39 75 24 28 121 89 72 56 59 48 5 3 5 5 0 0 0 0 11 28
P5917 2084 4 23 19 67 64 73 21 5 25 15 12 37 12 0 28 16 13 0 0 0 0 0 0 0 0 0 0 0 0 0 0 -999
P5917 2084 5 0 0 0 3 0 0 0 3 9 0 0 0 0 0 0 0 0 0 0 0 0 0 0 0 0 0 171 0 0 0 3
P5917 2084 6 0 0 0 0 0 0 0 0 0 0 0 0 15 0 114 0 0 0 0 0 0 0 0 0 0 0 0 0 0 0 -999
P5917 2084 7 0 0 0 0 0 0 0 0 0 0 0 0 0 0 0 0 0 0 0 0 0 0 0 0 0 0 0 0 0 0 0
P5917 2084 8 0 0 0 0 0 0 0 0 0 0 0 0 0 0 0 0 12 8 0 0 0 0 0 0 0 0 0 0 0 0 0
P5917 2084 9 0 0 0 0 0 0 0 0 0 0 0 0 0 0 0 0 0 0 0 0 0 0 0 0 0 0 0 0 0 0 -999
P5917 2084 10 0 0 0 0 0 0 0 0 0 0 0 0 0 0 0 5 0 0 0 0 0 0 0 3 0 0 0 0 0 0 0
P5917 2084 11 0 0 0 0 45 60 9 4 25 58 39 18 42 31 7 0 0 0 0 0 0 0 0 0 0 0 0 0 0 0 -999
P5917 2084 12 0 0 0 3 3 1 0 0 0 0 0 0 0 0 0 0 0 0 0 0 0 0 0 4 0 60 6 0 1 0 0
P5917 2085 1 0 0 0 0 0 0 0 0 0 0 0 0 0 0 1 0 0 0 0 0 0 0 0 0 0 0 0 0 0 0 0
P5917 2085 2 0 0 0 2 0 0 0 0 0 0 0 0 0 0 0 6 14 0 0 0 0 0 0 0 0 0 2 2 -999 -999 -999
P5917 2085 3 0 0 0 0 5 0 0 0 0 0 0 5 7 0 0 0 0 6 7 6 11 36 35 6 5 0 5 3 3 28 19
P5917 2085 4 25 14 18 8 26 0 0 0 0 0 0 4 0 0 47 1 0 0 0 0 0 0 0 0 0 0 16 19 5 9 -999
P5917 2085 5 9 7 0 18 11 0 4 0 0 22 32 34 33 13 1 3 0 5 11 5 14 10 0 0 4 0 0 0 0 0 0
P5917 2085 6 0 0 0 0 0 0 0 0 0 0 0 0 0 0 0 0 0 0 0 0 0 0 0 0 0 0 0 0 0 0 -999
P5917 2085 7 0 0 0 0 0 0 0 0 0 0 0 0 0 0 0 0 0 0 0 0 0 0 0 0 0 0 0 0 0 0 0
P5917 2085 8 0 0 0 0 0 0 0 0 0 0 0 0 0 0 0 0 0 0 0 0 0 0 0 0 0 0 0 0 0 0 0
P5917 2085 9 0 0 0 0 0 0 0 0 0 0 0 0 0 0 0 0 0 0 0 0 0 0 0 0 0 0 0 0 0 0 -999
P5917 2085 10 0 0 0 0 0 0 0 0 30 0 0 0 0 0 0 109 217 0 0 0 0 0 0 0 0 0 0 0 0 0 0
P5917 2085 11 0 6 26 69 13 16 0 5 0 0 0 0 0 0 0 0 0 9 37 29 84 75 34 19 65 12 53 4 9 0 -999
P5917 2085 12 40 159 14 0 42 38 0 0 0 5 7 4 0 0 3 0 0 0 0 0 1 2 16 26 38 10 3 13 2 17 47
P5917 2086 1 38 48 63 67 28 0 0 0 0 0 0 0 0 0 0 0 0 0 0 0 0 0 0 0 0 0 0 0 0 0 0
P5917 2086 2 0 0 0 0 0 0 0 0 0 0 0 0 2 2 0 0 0 3 5 0 19 5 2 0 0 5 9 0 -999 -999 -999
P5917 2086 3 0 0 0 0 0 0 0 0 0 0 1 0 0 0 0 0 0 0 0 0 0 0 0 0 0 0 0 0 0 0 3
P5917 2086 4 28 46 33 11 0 0 2 6 27 11 0 6 3 15 47 52 34 50 41 23 13 11 41 25 0 0 33 218 184 0 -999
P5917 2086 5 0 0 75 21 0 0 0 0 0 0 0 0 0 0 0 0 0 3 5 6 10 9 0 0 4 0 0 0 0 0 0
P5917 2086 6 0 0 0 0 0 0 0 0 0 0 0 0 0 0 0 0 0 0 0 0 0 0 0 0 0 0 0 0 0 0 -999
P5917 2086 7 0 0 0 0 0 0 0 0 0 0 0 0 0 0 0 0 0 0 0 0 0 0 0 0 0 0 0 0 0 0 0
P5917 2086 8 0 0 0 0 0 0 0 0 0 0 0 0 0 0 0 0 0 0 0 0 0 0 0 0 0 0 0 0 0 0 0
P5917 2086 9 0 0 0 0 0 0 0 0 0 0 0 0 9 0 0 0 0 7 0 0 0 0 0 0 0 0 0 0 0 0 -999
P5917 2086 10 0 0 0 0 0 0 0 0 0 0 0 0 0 0 0 12 0 0 0 0 0 0 0 11 10 15 13 0 5 5 10
P5917 2086 11 0 0 0 0 0 0 0 0 6 0 0 36 53 7 31 46 18 32 8 162 61 22 0 0 0 0 29 23 74 11 -999
P5917 2086 12 0 10 6 0 22 13 0 0 0 0 0 0 0 0 0 0 0 0 3 14 0 0 0 0 0 0 0 0 0 2 2
P5917 2087 1 2 131 40 20 10 6 2 0 0 0 0 0 0 5 27 21 0 1 19 0 0 2 3 4 4 0 0 0 0 12 0
P5917 2087 2 0 0 0 13 0 0 0 0 0 0 0 0 0 0 0 0 0 0 0 9 0 0 0 0 0 0 0 0 -999 -999 -999
P5917 2087 3 0 0 0 0 0 0 2 0 0 0 0 0 0 5 34 9 0 8 17 7 0 4 0 0 0 0 19 28 1 0 0
P5917 2087 4 0 0 3 3 10 2 0 0 0 0 0 0 0 0 0 0 0 2 5 2 0 0 3 0 0 0 0 0 0 0 -999
P5917 2087 5 0 0 0 0 0 0 0 385 52 32 9 0 0 0 0 0 0 0 0 0 0 0 0 0 0 0 0 0 5 0 0
P5917 2087 6 0 0 0 0 0 0 0 0 0 0 0 0 0 0 0 0 0 0 0 0 0 0 0 0 0 0 0 0 0 0 -999
P5917 2087 7 0 0 0 0 0 0 0 0 0 0 0 0 0 0 0 0 0 0 0 0 0 0 0 0 0 0 0 0 0 0 0
P5917 2087 8 0 0 0 0 0 0 0 0 0 0 0 0 0 0 0 0 0 0 0 0 0 0 0 0 0 0 0 0 0 0 0
P5917 2087 9 0 0 0 0 34 0 0 0 0 0 4 0 0 0 0 0 0 0 0 0 0 92 0 0 0 0 0 0 0 0 -999
P5917 2087 10 0 0 0 8 0 0 0 0 0 0 0 0 0 0 0 0 0 0 0 0 0 26 41 11 0 0 0 0 0 0 0
P5917 2087 11 0 0 0 4 0 0 0 10 6 0 0 44 6 6 65 34 0 1 0 0 0 0 0 0 0 0 0 0 5 18 -999
P5917 2087 12 31 35 33 48 0 0 34 20 0 0 0 43 79 40 83 45 51 102 209 15 53 19 0 0 0 0 0 0 0 0 0
P5917 2088 1 0 0 0 0 0 0 5 17 38 31 126 83 138 78 20 52 27 69 26 0 0 1 9 83 35 87 45 44 26 49 9
P5917 2088 2 9 13 0 21 19 0 0 0 0 0 0 0 0 0 0 0 6 11 13 0 0 27 2 0 0 0 0 0 -999 -999 -999
P5917 2088 3 0 0 0 0 3 2 24 7 6 0 0 18 1 0 11 26 22 2 3 15 0 0 5 0 20 16 22 0 0 0 0
P5917 2088 4 0 0 0 0 0 0 0 0 0 5 0 0 16 4 12 13 0 0 0 0 0 0 0 0 0 0 0 0 0 0 -999
P5917 2088 5 0 0 0 0 3 3 8 0 0 0 55 63 43 9 7 10 23 121 119 0 0 0 0 0 0 0 0 0 0 0 0
P5917 2088 6 0 0 0 0 0 0 0 0 0 0 0 0 0 0 0 0 0 0 0 0 0 0 0 0 0 0 0 0 0 0 -999
P5917 2088 7 0 0 0 0 0 0 0 0 0 0 0 0 0 0 0 0 0 0 0 0 0 0 0 0 0 0 0 0 0 0 0
P5917 2088 8 0 0 0 0 0 0 0 0 0 0 0 0 0 0 0 0 0 0 0 0 0 0 0 0 0 0 0 0 0 0 0
P5917 2088 9 0 0 0 0 0 0 0 0 0 0 0 0 0 0 0 0 0 0 0 0 0 0 0 0 0 0 0 0 0 0 -999
P5917 2088 10 0 0 0 0 0 0 0 0 0 0 7 0 15 5 0 0 0 0 0 0 0 0 0 0 0 0 0 0 0 0 0
P5917 2088 11 0 16 47 77 62 60 47 28 130 51 2 0 3 0 0 0 0 0 0 0 0 0 0 7 0 4 12 5 0 8 -999
P5917 2088 12 30 13 21 38 68 56 23 0 0 0 0 0 0 0 0 0 0 0 0 0 0 0 0 0 0 1 1 1 0 0 0
P5917 2089 1 0 0 0 0 10 8 6 0 0 0 26 32 6 41 16 32 24 4 49 81 58 30 55 1 66 62 2 31 39 46 83
P5917 2089 2 130 29 0 15 43 11 1 35 14 14 56 16 14 11 23 56 54 23 26 9 16 0 0 0 0 6 30 20 -999 -999 -999
P5917 2089 3 4 0 0 0 0 0 0 0 0 0 0 0 0 0 0 0 13 10 0 0 0 0 0 0 0 0 0 0 10 0 0
P5917 2089 4 0 0 0 0 0 0 21 22 43 52 1 0 0 0 7 39 33 0 35 55 54 0 0 0 0 0 0 0 0 0 -999
P5917 2089 5 4 3 0 0 0 0 0 0 19 0 0 0 0 0 0 0 0 0 0 0 0 0 0 0 0 0 0 0 0 0 0
P5917 2089 6 0 12 0 0 0 0 0 0 0 0 0 0 0 0 0 0 0 0 0 0 0 0 0 0 0 0 0 0 0 0 -999
P5917 2089 7 0 0 0 0 0 0 0 0 0 0 0 0 0 0 0 0 0 0 0 0 0 0 0 0 0 0 0 0 0 0 0
P5917 2089 8 0 0 0 0 0 0 0 0 0 0 0 0 0 0 0 0 0 0 0 0 0 0 0 0 0 0 0 0 0 0 0
P5917 2089 9 0 0 0 0 0 0 0 0 0 0 0 0 0 0 0 0 0 0 0 0 0 0 0 0 0 0 0 0 0 0 -999
P5917 2089 10 0 0 0 0 0 0 0 0 0 0 13 37 48 368 18 1 0 0 0 0 0 0 0 0 16 0 0 0 0 0 0
P5917 2089 11 0 0 0 0 0 4 7 0 0 0 7 0 0 2 7 34 60 68 100 28 46 53 61 12 0 0 0 0 21 20 -999
P5917 2089 12 90 115 7 14 0 0 0 20 3 0 0 0 0 0 0 0 0 0 49 50 71 38 25 17 0 0 0 0 0 25 22
P5917 2090 1 0 0 0 0 0 9 3 0 7 11 3 0 0 0 0 0 0 0 0 38 50 81 76 28 0 1 0 0 0 0 3
P5917 2090 2 0 15 46 0 0 0 0 0 0 7 25 14 19 15 79 71 159 24 7 26 28 17 0 3 7 11 51 75 -999 -999 -999
P5917 2090 3 21 0 0 0 0 2 10 38 16 3 6 49 70 5 2 3 0 0 0 0 0 0 2 0 3 3 0 0 0 0 0
P5917 2090 4 0 0 47 42 38 26 14 0 0 0 0 5 19 0 0 0 19 38 0 0 0 0 3 4 0 0 0 6 19 9 -999
P5917 2090 5 42 0 0 0 0 0 0 0 0 0 0 0 0 0 0 46 39 46 114 31 27 8 0 0 0 0 0 0 0 138 0
P5917 2090 6 0 0 33 132 66 37 9 5 5 9 7 0 0 0 0 0 0 0 0 0 0 0 0 5 4 5 0 0 0 0 -999
P5917 2090 7 0 0 0 0 0 0 0 0 0 0 0 0 0 0 0 0 0 0 0 0 0 0 0 0 0 0 0 0 0 0 0
P5917 2090 8 0 0 0 0 0 0 0 0 0 0 0 0 0 0 0 0 0 0 0 0 0 0 0 0 0 0 0 0 0 0 0
P5917 2090 9 0 0 0 0 0 0 0 0 0 0 0 0 0 0 0 0 0 0 0 0 0 0 0 0 0 0 0 0 50 0 -999
P5917 2090 10 0 0 0 0 0 0 0 32 11 6 11 0 0 0 0 0 0 19 0 0 0 0 0 0 0 0 0 0 0 0 13
P5917 2090 11 8 7 10 4 0 0 0 0 0 0 0 0 0 0 0 0 0 0 0 0 0 0 0 0 0 29 30 45 47 65 -999
P5917 2090 12 65 39 7 33 8 0 3 0 20 48 19 14 1 0 1 0 0 0 0 0 0 7 0 22 0 0 0 0 0 2 0
P5917 2091 1 0 0 0 0 0 0 0 0 0 0 0 0 0 0 0 0 0 0 3 5 0 10 40 50 18 18 39 33 13 0 0
P5917 2091 2 8 20 14 21 19 35 21 10 51 15 17 4 31 26 5 0 0 0 0 0 0 6 7 3 5 8 4 0 -999 -999 -999
P5917 2091 3 0 0 0 0 0 0 0 0 4 0 0 0 0 0 0 0 0 0 0 0 0 0 0 2 0 0 0 0 2 0 0
P5917 2091 4 0 0 0 0 0 0 0 0 0 0 0 0 0 0 0 0 0 0 0 13 67 0 0 39 120 62 0 0 4 0 -999
P5917 2091 5 3 0 12 0 15 22 28 11 0 0 23 14 15 26 7 10 23 7 4 0 0 0 0 0 0 0 0 0 0 0 0
P5917 2091 6 0 0 0 0 0 0 0 0 0 0 0 0 0 0 0 0 0 0 0 0 0 0 0 0 0 0 0 0 0 0 -999
P5917 2091 7 0 0 0 0 0 0 0 0 0 0 0 0 0 0 0 0 0 0 0 0 0 0 0 0 0 0 0 0 0 0 0
P5917 2091 8 0 0 0 0 0 0 0 0 0 0 0 0 0 0 0 0 0 0 0 0 0 0 0 0 0 0 0 0 0 0 0
P5917 2091 9 0 0 0 0 0 0 0 0 0 0 0 0 0 0 0 0 0 0 0 0 222 12 0 0 0 32 0 0 0 0 -999
P5917 2091 10 0 0 0 0 0 0 0 0 0 15 0 0 0 0 0 0 0 0 0 0 0 0 0 37 6 12 0 23 59 19 26
P5917 2091 11 40 162 99 42 23 20 50 70 20 14 58 62 59 24 0 0 18 51 7 20 28 0 0 0 0 0 0 0 0 0 -999
P5917 2091 12 0 0 0 0 0 0 0 0 0 0 0 0 43 22 35 35 4 0 6 7 9 0 0 0 0 0 0 0 0 0 0
P5917 2092 1 0 0 0 0 8 6 0 4 0 0 5 20 138 13 0 0 0 0 0 0 0 0 9 10 5 53 5 0 0 0 0
P5917 2092 2 0 0 0 3 8 16 5 7 0 0 0 0 0 0 0 0 0 0 5 3 12 12 4 1 0 0 0 0 -999 -999 -999
P5917 2092 3 0 0 0 0 0 0 0 0 0 0 0 0 0 0 0 3 21 10 34 1 4 0 0 0 0 0 0 0 0 0 0
P5917 2092 4 0 0 0 0 0 0 4 13 13 15 0 0 0 0 0 0 4 0 0 53 72 0 0 0 0 10 5 0 0 0 -999
P5917 2092 5 0 0 0 0 0 0 0 0 0 13 0 0 0 0 0 0 0 0 0 0 0 0 0 0 0 0 0 0 0 0 0
P5917 2092 6 0 0 27 0 0 0 0 0 0 0 0 0 0 0 0 0 0 0 0 0 0 0 0 0 0 0 0 0 0 0 -999
P5917 2092 7 0 0 0 0 0 0 0 0 0 0 0 0 0 0 0 0 0 0 0 0 0 0 0 0 0 0 0 0 0 0 0
P5917 2092 8 0 0 0 0 0 0 0 0 0 0 0 0 0 0 0 0 0 0 0 0 0 0 0 0 0 0 0 0 0 27 0
P5917 2092 9 0 0 0 0 0 0 0 0 0 0 0 0 0 0 0 0 0 0 0 0 0 0 0 0 0 0 0 0 0 9 -999
P5917 2092 10 51 178 0 0 0 0 0 0 0 0 0 0 0 0 0 0 0 0 0 0 0 0 0 0 0 0 0 0 0 0 0
P5917 2092 11 0 0 0 0 2 0 34 32 19 0 0 0 17 5 0 0 0 0 0 0 0 0 0 1 18 0 0 0 0 0 -999
P5917 2092 12 0 0 0 0 11 13 14 15 17 2 0 0 0 0 0 0 0 0 0 0 0 0 0 0 0 0 24 33 3 0 0
P5917 2093 1 0 0 0 0 4 7 12 14 28 75 45 98 67 4 2 13 0 0 0 0 0 0 0 2 0 0 0 0 3 1 0
P5917 2093 2 0 0 0 2 0 27 6 18 151 215 85 7 12 14 2 3 2 5 56 71 67 54 14 5 0 10 15 25 -999 -999 -999
P5917 2093 3 21 8 21 38 3 0 0 15 18 22 49 20 40 9 42 61 10 13 105 85 72 44 12 43 6 0 0 0 4 20 14
P5917 2093 4 0 0 0 0 0 12 0 4 3 9 1 8 6 0 0 0 0 0 10 0 0 0 62 9 0 0 0 0 0 0 -999
P5917 2093 5 0 0 4 10 10 10 4 4 10 12 12 0 0 0 0 0 0 0 0 0 0 0 0 0 0 0 0 0 0 0 0
P5917 2093 6 0 0 0 0 0 0 0 0 0 0 0 7 32 26 0 0 0 0 0 0 0 0 0 0 0 0 0 0 0 0 -999
P5917 2093 7 0 0 0 0 0 0 0 0 0 0 0 0 0 0 0 0 0 0 0 0 0 0 0 0 0 0 0 0 0 0 0
P5917 2093 8 0 0 0 0 0 0 0 0 0 0 0 0 0 0 0 0 0 0 0 0 0 0 0 0 0 0 17 11 0 0 0
P5917 2093 9 0 0 0 0 0 0 0 0 0 0 0 0 0 0 0 0 0 0 0 0 0 0 0 0 0 0 0 0 0 0 -999
P5917 2093 10 0 0 0 0 0 0 0 0 0 7 0 0 0 0 0 0 0 0 0 0 0 0 0 0 0 0 0 0 0 0 4
P5917 2093 11 0 1 58 63 36 7 0 3 14 0 0 0 19 0 0 0 4 12 19 1 0 0 0 30 12 34 18 0 0 0 -999
P5917 2093 12 0 0 0 23 0 0 6 13 4 0 0 38 0 0 0 0 0 0 0 0 0 0 0 0 0 0 0 3 24 19 0
P5917 2094 1 0 0 0 0 15 23 22 3 0 0 0 0 0 0 0 0 0 0 0 0 0 0 0 0 0 0 0 0 0 0 2
P5917 2094 2 0 0 0 0 3 2 0 0 0 0 0 0 0 0 2 0 0 0 0 0 8 0 0 45 9 5 25 57 -999 -999 -999
P5917 2094 3 14 16 11 4 27 25 38 14 63 57 13 4 5 3 0 0 5 0 0 0 0 0 0 0 0 0 0 0 0 0 0
P5917 2094 4 0 0 0 10 3 2 0 2 5 5 0 63 13 4 77 44 0 0 0 0 0 0 3 10 34 19 0 0 0 0 -999
P5917 2094 5 0 0 0 0 0 0 5 0 0 0 0 0 0 0 0 0 0 0 0 0 0 0 0 0 0 0 0 0 0 0 0
P5917 2094 6 0 0 0 0 0 0 5 4 4 1 0 0 0 0 0 0 0 0 0 0 0 0 0 0 0 0 0 0 0 0 -999
P5917 2094 7 0 0 0 0 0 0 0 0 0 0 0 0 0 0 0 0 0 0 0 0 0 0 0 0 0 0 0 0 0 0 0
P5917 2094 8 0 0 0 0 0 0 0 0 0 0 0 0 0 0 0 0 0 0 0 0 0 0 0 0 0 0 0 0 0 0 0
P5917 2094 9 0 0 0 0 0 0 0 0 0 0 0 0 0 0 0 0 0 0 0 0 0 27 0 0 0 0 0 0 0 0 -999
P5917 2094 10 7 29 45 17 21 0 0 0 0 0 0 0 0 0 0 0 0 0 0 0 5 0 0 0 0 9 16 12 2 1 0
P5917 2094 11 0 0 0 0 0 0 22 4 0 0 0 0 5 8 0 0 0 0 0 0 0 0 0 0 0 0 31 15 0 0 -999
P5917 2094 12 0 0 0 0 6 53 112 58 110 112 43 28 0 1 29 0 0 0 0 0 0 0 0 0 0 10 59 35 51 17 28
P5917 2095 1 66 7 16 8 31 71 13 0 2 8 24 41 11 34 18 14 67 51 127 246 267 230 59 24 116 83 27 81 8 7 57
P5917 2095 2 32 0 0 17 14 6 18 4 8 12 14 48 324 22 9 0 2 1 2 0 0 0 0 2 0 0 0 0 -999 -999 -999
P5917 2095 3 0 0 0 0 0 0 0 0 0 0 0 16 17 24 16 14 1 46 34 28 23 12 30 58 45 25 22 0 0 0 0
P5917 2095 4 5 11 7 1 0 8 48 71 9 28 6 2 0 0 0 0 4 0 0 0 0 0 0 0 0 0 0 0 0 0 -999
P5917 2095 5 0 0 0 0 0 0 0 0 0 0 37 34 0 0 0 0 0 0 0 0 0 0 0 0 0 0 0 0 0 0 0
P5917 2095 6 0 0 0 0 0 0 0 0 0 0 0 0 0 0 0 0 0 0 0 0 0 0 0 0 0 0 0 0 0 0 -999
P5917 2095 7 0 0 0 0 0 0 0 0 0 0 0 0 0 0 0 0 0 0 0 0 0 0 0 0 0 0 0 0 0 0 0
P5917 2095 8 0 0 0 0 0 0 0 0 0 0 0 0 0 0 0 0 0 0 0 0 0 0 0 0 0 0 0 0 0 0 0
P5917 2095 9 0 0 0 0 0 0 0 0 0 0 0 0 0 0 0 0 0 0 0 0 0 0 0 34 0 0 0 0 0 0 -999
P5917 2095 10 0 0 0 0 0 0 0 0 0 6 9 4 0 0 0 0 10 0 0 0 0 0 0 0 0 0 0 0 14 6 6
P5917 2095 11 2 23 46 32 8 0 0 27 72 65 149 99 47 0 0 0 0 0 16 0 0 0 0 0 3 0 23 10 12 20 -999
P5917 2095 12 12 0 0 0 0 3 3 0 2 0 0 0 0 0 0 0 0 0 0 0 0 0 0 0 0 11 0 0 0 0 0
P5917 2096 1 0 0 0 8 5 51 61 14 0 18 8 0 0 0 0 0 0 0 0 0 0 0 0 0 0 0 0 0 1 1 8
P5917 2096 2 0 0 7 0 0 0 0 0 0 13 7 6 0 0 4 1 3 3 0 1 0 1 19 39 35 25 18 2 -999 -999 -999
P5917 2096 3 0 10 25 66 19 21 1 29 32 0 0 4 4 8 0 0 0 0 0 0 0 0 0 0 0 9 12 2 1 7 6
P5917 2096 4 4 0 5 11 0 4 8 13 48 44 2 50 55 37 25 10 7 7 26 45 25 0 0 0 0 0 0 0 9 0 -999
P5917 2096 5 0 0 0 0 0 0 8 0 0 0 0 0 0 0 0 0 0 0 0 0 0 0 0 0 0 0 0 0 50 37 26
P5917 2096 6 46 3 0 0 0 0 0 0 0 0 0 3 0 0 0 0 0 0 0 0 0 0 0 0 0 0 0 0 0 0 -999
P5917 2096 7 0 0 0 0 0 0 0 0 0 0 0 0 0 0 0 0 0 0 0 0 0 0 0 0 0 0 0 0 0 0 0
P5917 2096 8 0 0 0 0 0 0 0 0 0 0 0 0 0 0 0 0 0 0 0 0 0 0 0 0 0 0 0 0 0 0 0
P5917 2096 9 0 0 0 0 0 0 0 11 0 0 0 0 0 0 0 0 0 0 0 0 0 0 0 0 0 0 0 0 0 0 -999
P5917 2096 10 0 0 0 0 0 0 0 0 0 4 26 16 0 0 0 0 9 30 22 23 29 0 0 0 0 0 0 0 8 82 69
P5917 2096 11 62 61 112 42 42 48 8 25 19 69 31 7 12 25 55 28 127 55 19 94 2 0 13 0 0 13 0 0 27 0 -999
P5917 2096 12 0 0 0 0 0 0 0 0 0 0 0 0 0 0 5 0 0 0 0 0 0 0 0 4 7 15 10 10 14 19 26
P5917 2097 1 23 10 45 73 0 0 28 52 40 49 24 0 0 0 5 25 17 0 21 16 0 0 0 9 0 0 0 0 4 1 0
P5917 2097 2 14 7 0 0 0 6 0 8 0 14 0 5 6 0 0 0 4 0 4 52 25 0 0 0 0 0 30 12 -999 -999 -999
P5917 2097 3 4 0 0 1 14 1 0 0 0 0 0 0 0 0 4 14 20 43 65 72 52 23 132 62 36 22 16 0 0 0 0
P5917 2097 4 7 0 0 0 0 0 17 0 0 1 0 0 0 0 0 0 0 3 6 5 48 16 33 6 42 27 42 4 0 0 -999
P5917 2097 5 0 0 0 0 0 10 30 0 0 0 0 0 0 0 0 0 0 0 0 0 0 0 0 0 0 0 0 0 3 0 16
P5917 2097 6 0 0 0 0 0 0 0 0 0 0 0 35 31 50 142 0 0 0 0 0 0 0 0 0 0 0 0 0 0 0 -999
P5917 2097 7 0 0 0 0 0 0 0 0 0 0 0 0 0 0 0 0 0 0 0 0 0 0 0 0 0 0 0 0 0 0 0
P5917 2097 8 0 0 0 0 0 0 0 0 0 0 0 0 0 0 0 0 0 0 0 0 0 0 0 0 0 0 0 0 0 0 0
P5917 2097 9 0 0 0 0 0 0 0 0 0 0 0 0 0 0 0 0 0 0 0 0 0 0 0 0 0 0 0 0 0 0 -999
P5917 2097 10 0 31 26 0 0 0 0 0 0 0 0 0 0 0 0 0 3 53 8 4 0 0 11 18 0 0 0 0 0 11 62
P5917 2097 11 21 0 0 13 4 0 0 0 0 56 34 9 34 20 10 19 0 0 0 0 16 9 5 0 0 0 0 0 0 0 -999
P5917 2097 12 0 0 61 44 42 25 19 0 0 0 0 0 0 0 49 67 24 18 2 0 0 51 0 0 0 0 0 5 0 0 0
P5917 2098 1 0 1 0 0 1 12 9 10 6 2 25 25 0 0 0 0 0 0 11 0 41 0 2 0 0 0 0 1 0 0 0
P5917 2098 2 2 6 50 33 32 26 24 16 8 19 5 5 11 4 7 12 14 0 1 11 18 0 0 4 31 48 13 2 -999 -999 -999
P5917 2098 3 0 47 1 0 0 0 2 9 0 0 0 0 0 0 0 0 0 0 6 10 10 3 0 0 0 0 0 0 0 0 0
P5917 2098 4 0 0 0 0 0 0 0 2 39 9 5 10 0 0 0 0 0 0 0 0 21 0 0 0 0 0 0 0 0 0 -999
P5917 2098 5 0 0 0 0 0 0 0 0 0 0 0 0 0 0 0 0 0 0 0 0 0 0 0 0 0 0 0 0 0 0 0
P5917 2098 6 0 0 0 0 0 0 0 0 0 0 0 0 0 8 11 12 11 0 0 0 0 5 10 14 0 0 0 0 0 0 -999
P5917 2098 7 0 0 0 0 0 0 0 0 0 0 0 0 0 0 0 0 0 0 0 0 0 0 0 0 0 0 0 0 0 0 0
P5917 2098 8 0 0 0 0 0 0 0 0 0 0 0 0 0 0 0 0 0 0 0 0 0 0 0 0 0 0 0 0 0 0 0
P5917 2098 9 0 0 0 0 0 0 0 0 0 0 0 0 0 0 0 0 0 9 0 0 0 0 0 0 0 0 0 0 0 0 -999
P5917 2098 10 0 0 0 12 8 2 0 0 0 0 0 0 0 0 0 0 0 52 0 54 27 21 4 0 0 6 0 33 8 11 10
P5917 2098 11 21 54 12 46 5 69 8 15 0 46 63 14 0 0 0 20 57 13 0 0 0 16 0 0 0 0 0 0 13 75 -999
P5917 2098 12 25 94 19 95 124 58 30 0 6 8 0 0 0 0 0 0 0 0 13 1 53 90 133 46 5 0 0 0 0 0 0
P5917 2099 1 0 0 0 0 0 0 0 0 0 0 0 0 0 0 0 0 7 0 0 0 0 0 0 0 0 0 0 0 0 0 0
P5917 2099 2 0 4 71 10 1 0 0 0 0 0 0 0 0 0 0 0 0 0 0 9 0 0 0 0 0 0 0 0 -999 -999 -999
P5917 2099 3 0 0 0 0 0 10 24 42 39 70 40 32 6 0 0 0 0 0 0 0 0 0 3 0 2 0 0 0 0 0 0
P5917 2099 4 0 2 5 0 3 0 0 0 0 0 0 0 0 4 8 0 0 0 0 0 0 0 0 0 9 14 0 0 0 1 -999
P5917 2099 5 0 0 0 0 11 0 0 0 0 0 0 0 0 6 10 0 0 0 0 6 0 0 0 0 0 0 0 0 0 0 0
P5917 2099 6 0 0 0 0 0 0 0 0 0 0 0 0 0 0 0 0 0 0 0 0 8 0 0 0 0 0 0 0 0 0 -999
P5917 2099 7 0 0 0 0 0 0 0 0 0 0 0 0 0 0 0 0 0 0 0 0 0 0 0 0 0 0 0 0 0 0 0
P5917 2099 8 0 0 0 0 0 0 0 0 0 0 0 0 0 0 0 0 0 0 0 0 0 0 0 0 0 0 0 0 0 8 0
P5917 2099 9 0 0 0 0 0 0 0 0 0 0 0 0 0 0 0 0 0 0 0 0 0 0 0 0 0 0 0 0 0 0 -999
P5917 2099 10 0 0 0 0 0 0 0 0 0 0 11 12 0 142 40 5 0 0 0 0 0 0 0 0 0 0 0 0 0 35 56
P5917 2099 11 23 16 11 0 6 14 27 0 7 10 18 19 68 10 10 10 10 16 36 34 44 7 0 0 0 0 0 0 0 0 -999
P5917 2099 12 3 0 0 0 0 4 0 0 3 0 0 0 0 4 0 0 0 0 0 0 9 80 36 0 0 0 2 8 5 12 72
P5917 2100 1 3 0 0 0 5 0 0 0 0 5 0 23 52 22 0 55 10 0 0 0 0 0 0 1 0 0 0 0 0 0 0
P5917 2100 2 0 0 3 0 0 0 0 0 0 0 0 0 0 0 0 0 0 0 7 29 1 0 0 0 0 0 0 0 -999 -999 -999
P5917 2100 3 0 0 0 0 0 41 2 14 3 119 0 0 5 11 0 0 0 0 3 0 0 0 0 0 0 0 0 189 14 0 38
P5917 2100 4 4 10 11 0 0 0 0 0 4 0 1 0 3 0 0 0 0 0 0 0 0 27 62 3 0 0 0 0 0 0 -999
P5917 2100 5 0 0 347 0 18 0 0 0 0 0 5 13 1 0 0 13 7 0 0 0 0 0 0 5 69 28 0 0 0 0 0
P5917 2100 6 0 33 0 0 3 0 0 0 0 0 0 0 0 0 0 0 0 0 0 0 0 0 0 0 0 0 27 0 0 0 -999
P5917 2100 7 19 0 0 0 0 0 0 0 0 0 0 0 0 0 0 0 0 0 0 0 0 0 0 0 0 0 0 0 0 0 0
P5917 2100 8 0 0 0 0 0 0 0 0 0 0 0 0 0 0 0 0 0 0 0 0 0 0 0 0 0 0 0 0 0 0 0
P5917 2100 9 0 0 0 0 0 124 7 0 0 0 0 0 0 0 0 0 0 0 0 0 0 0 0 0 0 0 0 0 0 0 -999
P5917 2100 10 17 0 0 0 0 17 0 0 17 20 1 36 0 5 0 6 5 0 57 0 12 0 8 165 73 5 0 13 27 29 18
P5917 2100 11 8 2 0 0 0 0 29 0 0 0 0 52 48 4 52 0 0 0 0 0 0 0 0 0 0 1 0 0 0 0 -999
P5917 2100 12 0 0 0 0 0 0 0 0 0 0 0 0 0 5 0 84 0 0 11 0 9 16 0 0 0 15 28 11 9 0 -999
