precip bcc-csm1-1 rcp60 RNEURONALES decimas 2
P7633 39.588 -0.937 709 geo 2006 2100 -1
P7633 2006 1 0 0 0 0 0 0 0 0 0 4 4 5 7 5 5 5 4 5 0 0 0 5 0 0 5 7 6 5 0 0 0
P7633 2006 2 0 0 0 5 5 12 10 15 4 4 4 5 5 6 5 4 5 5 0 0 6 4 4 4 4 4 0 7 -999 -999 -999
P7633 2006 3 0 0 11 6 0 6 5 0 5 5 4 4 4 4 4 4 5 5 0 0 0 0 0 0 0 0 0 0 0 5 8
P7633 2006 4 5 9 6 0 46 26 9 11 32 122 18 6 5 6 13 6 0 7 6 0 0 8 12 12 8 25 10 0 0 0 -999
P7633 2006 5 0 5 4 5 5 8 9 7 6 5 0 0 6 6 6 13 10 8 9 8 7 7 11 10 15 56 35 10 12 15 7
P7633 2006 6 8 8 17 21 27 19 29 6 0 0 0 0 0 0 0 0 0 0 0 0 36 0 0 0 0 0 0 0 0 0 -999
P7633 2006 7 31 34 0 0 9 42 8 0 0 0 0 0 0 0 0 0 0 0 0 0 0 0 0 0 0 0 0 0 0 0 0
P7633 2006 8 0 0 0 0 0 0 0 0 0 0 0 0 0 0 0 0 0 0 0 0 0 0 0 0 0 16 25 17 0 0 0
P7633 2006 9 0 0 0 0 0 0 8 8 5 8 10 0 0 45 77 60 27 8 7 0 7 0 0 0 0 0 0 0 0 8 -999
P7633 2006 10 6 6 15 22 0 0 16 0 0 0 0 0 0 0 0 0 0 0 0 0 0 0 0 0 0 0 10 19 17 7 7
P7633 2006 11 0 0 0 0 7 7 6 5 0 0 0 0 0 0 0 0 0 0 0 0 0 0 0 0 0 0 0 0 0 0 -999
P7633 2006 12 0 0 5 0 0 0 0 0 0 0 0 0 0 0 0 0 0 0 0 0 0 5 5 6 29 10 53 8 7 10 8
P7633 2007 1 0 0 0 0 0 0 0 0 0 0 6 6 0 0 0 0 0 4 6 12 4 0 4 4 5 6 6 11 12 11 7
P7633 2007 2 0 0 5 6 6 6 8 9 5 4 5 13 6 5 0 0 0 0 6 12 31 12 12 16 10 6 0 0 -999 -999 -999
P7633 2007 3 46 8 8 0 0 0 0 0 0 0 0 11 84 123 23 5 4 5 4 0 0 7 59 12 10 12 0 0 7 24 47
P7633 2007 4 12 7 9 6 6 7 6 5 0 0 0 0 0 0 0 8 4 8 8 5 5 14 46 26 5 7 6 5 5 5 -999
P7633 2007 5 0 0 0 9 5 7 15 23 7 6 6 21 44 13 20 9 5 5 5 6 6 0 0 0 0 0 0 0 6 11 21
P7633 2007 6 16 13 10 7 0 0 13 32 9 6 0 6 0 0 0 0 0 0 0 0 0 0 0 0 0 0 0 0 0 0 -999
P7633 2007 7 0 0 0 0 0 0 0 0 0 0 0 0 0 10 0 0 0 0 0 0 0 0 0 0 0 0 0 0 0 0 0
P7633 2007 8 0 0 0 0 0 0 0 0 0 0 0 0 0 0 0 0 0 0 0 0 0 0 19 28 7 0 7 8 12 19 0
P7633 2007 9 0 30 19 0 0 0 0 0 78 20 0 0 0 0 0 0 0 14 0 0 0 0 0 0 0 10 0 0 0 0 -999
P7633 2007 10 0 0 11 0 0 0 5 5 5 5 6 9 30 42 10 5 5 13 5 6 0 0 0 0 0 5 10 15 5 5 6
P7633 2007 11 0 0 0 0 0 0 0 0 0 7 7 8 0 0 0 0 0 0 5 4 5 6 9 44 94 11 6 0 4 5 -999
P7633 2007 12 0 0 0 0 0 0 0 6 30 38 8 7 8 11 6 10 8 8 8 5 5 6 6 4 0 0 0 0 5 0 0
P7633 2008 1 8 14 8 5 6 4 5 4 0 0 0 4 5 5 0 8 5 5 12 6 0 0 0 0 0 0 0 0 0 8 7
P7633 2008 2 0 0 0 0 0 0 0 0 6 5 0 0 0 0 6 0 0 0 0 5 5 5 6 6 5 0 0 0 -999 -999 -999
P7633 2008 3 0 0 0 0 0 0 0 5 0 0 0 5 5 4 4 4 4 0 0 0 4 0 5 4 4 5 4 0 0 9 4
P7633 2008 4 0 0 5 5 5 25 177 95 68 23 40 227 37 8 7 9 0 8 6 0 0 0 5 6 5 5 5 0 9 8 -999
P7633 2008 5 0 0 9 7 11 17 7 5 5 5 6 7 0 0 0 0 8 6 7 8 9 6 0 0 0 0 0 5 0 0 0
P7633 2008 6 10 10 24 0 8 0 0 0 0 0 0 0 6 0 0 0 13 35 26 0 0 0 0 12 17 12 10 16 24 9 -999
P7633 2008 7 0 19 15 22 72 17 21 7 0 0 0 0 0 0 0 0 6 7 7 0 0 0 0 0 16 11 11 0 0 0 0
P7633 2008 8 7 7 0 0 0 0 0 0 0 0 0 0 0 0 0 0 0 0 0 0 0 0 0 0 0 0 0 0 0 0 0
P7633 2008 9 0 0 0 0 0 0 0 0 0 0 0 20 101 47 16 8 0 0 5 0 0 5 0 0 0 0 0 0 10 9 -999
P7633 2008 10 7 7 8 6 8 10 8 6 0 8 19 5 5 6 11 16 8 5 6 19 13 7 5 7 5 0 0 0 5 5 0
P7633 2008 11 0 0 0 0 5 7 5 4 6 6 8 0 0 0 5 6 14 5 5 5 0 5 0 0 0 0 0 0 0 0 -999
P7633 2008 12 4 5 8 5 0 0 5 5 5 0 0 0 5 4 4 6 0 0 0 0 0 0 0 0 0 0 0 6 0 0 0
P7633 2009 1 0 0 0 0 4 5 8 8 5 5 8 6 5 5 6 5 5 4 4 5 5 7 9 6 7 6 0 0 5 8 6
P7633 2009 2 6 0 0 0 0 13 5 5 0 5 5 5 7 5 0 0 21 6 11 9 32 8 8 6 5 5 16 6 -999 -999 -999
P7633 2009 3 5 5 6 7 5 5 4 4 4 0 0 0 0 0 0 0 0 5 5 5 0 0 0 0 0 7 12 5 0 0 0
P7633 2009 4 0 0 0 0 0 0 4 0 0 0 6 5 0 6 5 0 0 0 0 17 11 0 0 0 6 8 12 0 0 0 -999
P7633 2009 5 0 0 0 0 0 0 0 0 0 0 0 0 0 0 0 0 6 10 8 12 21 8 19 27 0 0 0 0 0 0 0
P7633 2009 6 0 23 35 76 45 9 7 12 10 10 23 30 11 6 6 6 9 9 7 7 0 9 0 0 0 0 0 0 0 0 -999
P7633 2009 7 0 0 0 0 0 0 0 0 0 0 0 0 0 0 0 0 0 0 0 0 0 0 0 0 0 0 0 0 0 35 0
P7633 2009 8 0 0 0 0 0 0 0 0 0 0 0 0 0 0 0 0 0 0 0 0 0 0 0 0 0 0 0 0 0 0 0
P7633 2009 9 0 31 85 187 138 105 85 34 19 12 10 10 0 0 0 16 16 0 0 0 0 0 17 21 0 0 0 19 0 0 -999
P7633 2009 10 0 27 41 24 27 8 7 6 0 0 0 0 0 0 0 0 0 0 0 0 0 6 7 0 0 0 0 0 0 0 0
P7633 2009 11 0 0 0 0 0 0 0 0 6 5 8 5 0 0 0 0 0 0 0 0 0 0 0 0 0 0 0 0 0 0 -999
P7633 2009 12 0 0 0 0 0 0 6 5 0 4 5 5 0 0 0 5 10 5 0 0 0 0 0 0 5 5 4 4 4 0 4
P7633 2010 1 0 0 0 0 0 0 0 0 0 0 4 0 0 0 5 8 45 15 6 7 7 0 0 0 0 0 0 0 0 0 0
P7633 2010 2 0 0 0 0 0 0 0 0 0 6 8 8 9 0 0 8 0 0 0 0 0 5 0 0 0 0 0 0 -999 -999 -999
P7633 2010 3 0 0 0 0 0 4 5 12 50 34 12 0 0 0 0 0 0 5 6 9 8 5 5 6 7 6 6 7 5 0 0
P7633 2010 4 9 46 16 7 11 7 24 6 5 5 0 10 13 0 0 0 0 0 0 0 0 0 0 5 5 0 0 0 0 0 -999
P7633 2010 5 0 0 0 0 0 0 0 0 0 0 0 0 0 0 0 0 0 8 7 15 9 6 0 0 7 8 8 8 0 0 14
P7633 2010 6 10 7 0 0 0 0 0 0 7 8 13 9 6 16 14 6 7 9 21 11 6 0 0 0 0 0 0 0 0 20 -999
P7633 2010 7 45 0 0 0 0 0 89 0 0 0 0 23 0 0 45 22 15 19 0 0 0 0 0 0 0 0 0 0 0 0 0
P7633 2010 8 0 0 0 20 0 0 0 0 0 0 0 42 0 0 0 0 0 0 0 0 0 0 0 0 0 0 0 0 0 0 0
P7633 2010 9 0 0 0 0 0 0 0 0 0 0 0 0 0 0 0 0 0 0 0 34 25 34 52 68 101 97 0 0 0 0 -999
P7633 2010 10 0 0 0 0 0 0 0 0 0 0 0 0 0 0 7 0 0 0 0 0 0 0 9 8 15 0 19 41 24 13 0
P7633 2010 11 0 0 0 0 0 0 0 0 0 0 11 15 9 5 14 8 4 5 7 0 0 0 5 5 0 0 0 0 0 0 -999
P7633 2010 12 0 0 0 0 0 0 0 6 6 0 0 0 0 0 0 0 7 8 5 6 0 0 0 0 0 0 0 0 0 0 0
P7633 2011 1 0 0 0 0 0 0 0 0 0 0 0 5 35 0 0 0 14 15 55 73 46 15 0 0 5 5 6 5 0 0 5
P7633 2011 2 6 5 6 0 0 0 0 0 4 5 5 5 0 0 0 0 5 6 9 11 7 5 0 5 9 10 7 9 -999 -999 -999
P7633 2011 3 12 14 8 5 6 9 6 6 5 6 0 0 6 0 5 5 0 0 0 4 0 0 5 8 5 0 5 5 4 0 4
P7633 2011 4 5 5 5 8 7 5 6 7 7 19 8 5 5 0 0 0 8 0 0 0 0 0 0 0 0 5 5 0 0 0 -999
P7633 2011 5 0 0 0 0 0 0 0 13 12 7 0 0 0 7 0 0 0 0 0 0 0 0 7 18 9 8 10 0 0 0 0
P7633 2011 6 0 0 0 0 0 0 0 0 0 0 0 0 0 0 0 0 0 0 0 0 0 0 0 12 19 8 8 0 0 0 -999
P7633 2011 7 12 17 12 10 12 10 10 24 16 0 0 0 0 0 0 0 0 0 0 0 7 13 12 0 0 0 0 0 0 0 0
P7633 2011 8 0 0 0 0 0 0 0 0 0 0 0 0 0 0 0 0 0 0 0 0 0 0 0 22 17 0 0 0 0 0 16
P7633 2011 9 40 24 10 15 20 36 24 0 0 23 20 0 0 8 0 0 0 0 0 0 0 13 9 0 0 0 0 0 0 0 -999
P7633 2011 10 0 0 0 0 0 0 7 16 35 0 0 0 0 0 0 0 0 0 4 10 7 7 0 0 5 6 0 0 0 10 18
P7633 2011 11 6 7 15 6 5 4 5 5 0 0 7 6 5 9 0 0 0 0 0 0 5 5 6 9 16 6 5 4 5 4 -999
P7633 2011 12 4 5 6 0 0 0 0 0 0 0 0 0 0 0 4 5 12 5 0 0 0 0 0 0 5 5 9 33 8 5 0
P7633 2012 1 8 7 14 8 8 5 0 0 0 0 0 6 7 5 0 0 5 5 5 5 5 5 6 7 0 0 5 9 6 0 0
P7633 2012 2 0 0 0 0 0 0 0 0 0 6 9 7 8 6 6 7 10 6 5 0 0 0 4 4 5 8 7 0 -999 -999 -999
P7633 2012 3 0 0 0 0 0 0 0 0 0 0 0 0 6 7 0 5 4 0 7 6 0 0 0 5 5 4 5 0 0 0 0
P7633 2012 4 0 0 0 0 0 0 0 0 0 0 0 0 0 0 0 0 0 0 0 0 0 6 0 0 0 0 6 0 0 0 -999
P7633 2012 5 22 15 0 0 0 0 0 0 66 251 210 280 175 76 29 9 18 20 14 7 6 21 8 15 8 12 7 11 21 14 6
P7633 2012 6 0 0 0 11 13 8 6 0 0 0 0 0 0 0 0 0 0 0 0 0 0 0 0 0 18 19 33 6 0 0 -999
P7633 2012 7 0 0 0 0 0 0 24 18 8 9 9 0 0 0 0 8 0 0 0 0 0 0 0 0 0 0 0 0 0 0 0
P7633 2012 8 0 0 0 0 0 0 0 0 0 0 0 12 18 9 6 0 0 0 0 0 0 0 0 0 0 0 0 0 14 19 0
P7633 2012 9 0 0 0 0 0 0 0 0 0 0 0 0 0 33 0 172 42 0 0 0 13 0 0 0 12 9 0 0 0 0 -999
P7633 2012 10 39 13 9 0 13 26 0 0 17 37 31 11 7 7 0 0 0 0 0 0 70 53 28 11 10 5 0 0 0 6 10
P7633 2012 11 5 0 0 0 0 5 5 0 0 0 5 0 6 5 0 0 0 0 0 0 0 0 0 0 0 0 0 0 0 0 -999
P7633 2012 12 7 5 0 0 5 6 0 0 0 0 0 0 0 0 0 0 0 4 0 4 4 6 4 5 4 0 0 0 0 0 0
P7633 2013 1 0 0 0 0 0 0 0 0 0 0 0 0 5 5 6 0 0 0 0 0 0 4 6 4 6 6 16 44 0 0 5
P7633 2013 2 0 4 0 7 5 6 9 11 9 5 0 0 0 0 4 5 5 6 7 5 0 6 8 6 9 9 42 25 -999 -999 -999
P7633 2013 3 8 4 4 0 0 0 0 0 0 7 14 20 24 11 8 5 5 5 6 6 5 0 5 0 0 0 0 0 5 0 0
P7633 2013 4 18 33 36 22 13 22 14 6 6 9 7 0 8 28 140 129 64 48 85 197 310 240 39 9 5 7 14 18 24 25 -999
P7633 2013 5 9 13 0 0 0 0 0 0 13 10 9 10 8 0 14 34 22 53 14 8 9 16 11 9 5 7 6 0 0 0 0
P7633 2013 6 0 0 0 0 0 0 0 0 0 0 0 0 0 0 0 0 0 8 11 27 0 0 0 0 0 0 0 0 0 0 -999
P7633 2013 7 0 0 0 0 0 0 0 0 0 0 0 0 0 0 0 0 0 0 0 0 0 0 0 0 0 0 0 0 0 0 0
P7633 2013 8 0 0 0 0 0 0 0 0 0 0 0 0 18 0 0 0 0 0 0 0 0 0 0 156 132 75 59 121 183 161 95
P7633 2013 9 27 0 0 0 0 0 0 0 0 0 0 0 0 0 0 0 0 0 0 0 0 0 14 0 0 0 0 0 0 0 -999
P7633 2013 10 0 7 10 13 20 36 16 5 5 8 15 6 0 9 45 14 9 63 13 0 0 8 9 6 8 0 0 0 0 0 0
P7633 2013 11 0 0 0 0 0 0 0 0 0 0 0 0 5 6 5 5 5 5 0 0 0 0 0 0 5 5 5 7 9 17 -999
P7633 2013 12 39 12 5 6 13 6 6 0 0 11 6 0 0 0 0 6 16 35 8 0 0 0 4 0 0 0 0 0 0 0 4
P7633 2014 1 4 4 6 10 0 0 5 6 5 7 4 0 5 0 0 0 0 0 0 0 4 0 4 5 4 4 4 4 6 25 9
P7633 2014 2 22 33 15 8 15 20 14 9 5 0 0 0 0 0 0 0 0 8 12 12 13 13 10 0 0 0 0 0 -999 -999 -999
P7633 2014 3 0 0 0 0 0 0 0 0 0 0 0 0 0 0 5 7 8 0 0 5 10 62 52 32 16 11 8 0 0 5 6
P7633 2014 4 16 0 0 0 0 0 0 6 6 7 7 5 0 0 0 0 0 0 0 0 0 0 0 0 0 0 0 10 15 12 -999
P7633 2014 5 5 8 0 0 8 8 6 19 6 0 8 28 9 6 6 5 5 6 6 6 0 0 0 0 0 0 0 0 6 14 15
P7633 2014 6 18 6 6 14 14 0 8 0 0 0 0 0 0 0 0 0 0 0 0 0 0 0 0 0 0 0 0 0 0 0 -999
P7633 2014 7 0 0 0 0 0 0 0 0 0 0 13 0 0 0 0 0 0 0 0 0 36 33 0 0 0 0 0 0 25 16 0
P7633 2014 8 0 10 12 19 26 0 41 33 0 0 0 0 0 0 0 0 0 0 0 0 0 0 0 0 0 47 46 33 37 42 23
P7633 2014 9 16 20 34 15 0 12 9 0 0 8 0 0 36 29 55 22 0 0 0 18 0 0 0 0 7 0 0 0 0 0 -999
P7633 2014 10 0 0 12 0 0 0 0 0 0 0 0 0 0 0 0 0 0 0 0 0 0 8 16 7 8 0 0 0 0 0 0
P7633 2014 11 0 8 9 12 10 6 5 0 0 0 0 0 6 0 0 0 0 7 6 10 6 6 7 7 12 29 8 11 7 5 -999
P7633 2014 12 5 0 0 0 0 0 0 0 0 0 0 0 0 0 0 5 7 8 5 47 5 5 5 6 6 5 5 6 0 0 0
P7633 2015 1 0 0 0 0 0 0 0 0 0 0 0 0 0 0 0 0 0 0 0 0 0 0 0 0 4 6 7 5 4 4 4
P7633 2015 2 6 5 0 0 0 0 0 0 5 7 13 19 10 13 7 6 9 16 26 19 6 5 4 0 0 0 0 8 -999 -999 -999
P7633 2015 3 10 21 128 283 235 78 51 0 0 0 22 24 27 19 91 90 31 22 124 36 13 20 66 108 210 276 169 0 0 0 6
P7633 2015 4 7 7 0 0 10 60 25 0 6 28 25 7 6 5 5 5 5 5 6 5 5 5 7 27 19 0 0 0 0 0 -999
P7633 2015 5 8 5 5 8 32 35 13 23 7 7 6 0 0 0 0 0 0 0 0 0 0 0 0 0 0 0 52 35 0 0 0
P7633 2015 6 0 0 16 18 29 32 17 8 0 0 0 0 0 0 53 0 0 0 0 0 0 0 0 0 9 19 19 11 10 0 -999
P7633 2015 7 0 0 0 0 0 0 0 23 0 0 0 0 0 0 0 0 0 0 0 0 0 0 0 0 0 0 0 0 0 0 0
P7633 2015 8 0 0 20 9 0 0 0 26 14 12 7 0 0 0 9 0 0 0 0 0 0 0 0 0 0 0 0 0 0 0 0
P7633 2015 9 0 0 0 0 9 17 0 0 0 0 0 0 0 0 0 0 18 16 8 0 0 0 6 7 10 7 7 9 0 0 -999
P7633 2015 10 0 0 0 0 0 0 0 0 0 7 29 104 8 8 25 8 10 7 5 5 5 0 5 0 0 5 6 6 0 0 0
P7633 2015 11 0 0 0 0 0 0 0 0 0 0 0 5 0 0 4 0 0 0 0 0 0 0 0 0 0 0 0 0 0 0 -999
P7633 2015 12 0 0 0 0 0 0 0 0 0 0 0 5 5 4 0 0 0 0 4 5 5 5 0 0 5 6 5 4 4 4 4
P7633 2016 1 4 0 0 5 5 5 5 4 5 5 37 179 39 26 42 6 4 5 0 5 7 8 0 0 6 10 33 188 252 133 24
P7633 2016 2 26 20 8 0 0 5 6 5 0 0 0 5 5 4 0 0 0 0 0 0 0 0 0 0 0 0 0 0 -999 -999 -999
P7633 2016 3 0 0 0 0 0 0 0 0 0 0 0 0 0 0 0 0 0 4 0 0 0 0 5 0 0 0 0 0 0 7 8
P7633 2016 4 6 0 0 19 65 19 5 5 7 5 5 11 10 6 0 0 26 17 16 8 7 0 32 6 8 7 10 5 5 15 -999
P7633 2016 5 8 6 5 5 5 5 6 0 9 5 0 0 0 0 0 0 0 0 0 0 0 8 18 11 12 8 7 0 0 0 0
P7633 2016 6 0 12 0 9 11 7 7 19 18 18 0 0 0 0 52 20 0 0 0 0 0 0 13 15 10 25 14 18 0 0 -999
P7633 2016 7 0 0 0 0 0 0 0 0 0 0 0 0 0 0 0 0 0 0 0 0 0 0 0 0 50 0 0 0 0 0 0
P7633 2016 8 0 0 11 14 0 0 0 0 0 0 0 0 0 20 0 0 0 0 0 0 0 0 0 0 0 0 0 0 0 0 0
P7633 2016 9 0 0 0 0 22 0 0 0 0 0 0 0 0 0 0 0 0 0 0 0 0 0 0 0 0 0 0 0 12 11 -999
P7633 2016 10 0 0 0 0 0 0 0 11 23 22 0 0 0 0 0 5 5 5 5 0 7 6 0 7 15 32 17 6 9 0 0
P7633 2016 11 0 0 0 10 16 16 6 5 5 5 5 4 5 6 5 5 0 0 0 5 0 0 5 5 6 5 4 0 0 0 -999
P7633 2016 12 0 0 0 0 0 0 0 0 0 0 0 0 0 7 21 0 0 0 0 0 0 0 0 0 0 0 0 0 4 9 20
P7633 2017 1 8 0 5 17 9 5 4 4 4 4 8 7 0 0 0 6 0 0 0 0 8 0 0 0 0 5 10 11 6 0 0
P7633 2017 2 0 0 0 6 7 5 0 6 6 5 5 5 7 10 50 14 5 5 11 7 6 6 5 4 5 5 39 42 -999 -999 -999
P7633 2017 3 6 7 11 15 199 72 8 9 19 41 80 78 41 13 11 13 39 32 9 7 6 6 5 4 5 5 5 5 13 9 22
P7633 2017 4 13 7 12 9 10 6 63 26 6 15 54 22 11 5 5 5 5 5 8 7 5 10 7 5 6 6 5 6 6 7 -999
P7633 2017 5 7 5 0 5 4 5 7 5 0 5 5 0 0 11 10 5 0 0 0 0 0 8 21 31 8 0 0 0 0 0 0
P7633 2017 6 7 7 0 0 0 9 7 14 9 0 0 0 15 22 8 7 0 0 0 0 0 0 0 0 0 0 0 0 0 0 -999
P7633 2017 7 0 0 16 11 9 7 9 0 0 0 0 0 0 0 0 0 0 0 0 0 0 0 9 13 0 0 0 0 0 0 0
P7633 2017 8 0 0 0 0 0 0 0 0 7 8 7 0 0 0 0 13 14 0 6 11 23 21 0 0 0 0 0 0 0 107 167
P7633 2017 9 10 0 0 0 0 19 36 19 9 0 0 0 0 0 0 0 0 0 0 0 0 0 0 0 0 6 8 12 9 7 -999
P7633 2017 10 13 6 7 22 41 12 7 5 5 0 0 0 0 0 0 0 0 0 0 0 0 0 14 6 6 6 14 7 7 0 0
P7633 2017 11 6 8 0 0 6 6 0 0 8 10 7 11 0 0 0 7 0 5 4 0 0 0 0 5 5 0 0 0 0 0 -999
P7633 2017 12 0 5 0 0 0 0 0 0 0 0 0 0 4 5 5 5 5 4 0 4 5 6 4 0 0 0 4 5 6 6 5
P7633 2018 1 0 0 0 0 0 0 0 0 0 0 0 0 0 0 0 0 0 0 0 0 0 0 0 5 7 9 23 55 0 9 17
P7633 2018 2 21 37 40 33 8 10 6 7 6 0 5 8 13 25 18 13 12 10 15 0 0 10 7 6 0 8 35 103 -999 -999 -999
P7633 2018 3 130 127 157 144 68 43 13 7 6 6 6 12 6 0 0 0 7 0 10 27 7 5 4 4 4 5 6 5 4 5 5
P7633 2018 4 4 4 5 5 5 6 0 0 0 0 6 10 14 6 6 6 7 7 0 0 0 0 0 0 6 9 10 28 85 21 -999
P7633 2018 5 8 11 40 28 6 0 0 0 0 0 0 0 0 6 0 8 12 19 33 46 10 7 7 7 0 0 0 11 6 0 11
P7633 2018 6 0 0 0 0 0 0 10 10 9 0 0 0 0 0 0 0 0 0 0 0 0 0 0 0 0 0 0 0 0 0 -999
P7633 2018 7 0 0 0 0 0 0 0 0 0 0 0 0 0 0 0 0 0 0 0 0 0 0 0 13 12 0 0 0 0 9 0
P7633 2018 8 0 0 0 0 0 0 0 0 0 0 0 0 28 28 0 0 0 0 0 0 0 0 0 0 0 0 0 0 0 0 0
P7633 2018 9 0 0 0 0 16 53 48 39 0 0 0 0 0 0 0 0 0 0 0 0 0 25 10 0 0 0 0 0 0 0 -999
P7633 2018 10 0 0 0 0 0 0 0 0 0 0 0 0 0 0 25 0 0 0 16 34 70 49 88 119 58 31 19 8 0 7 9
P7633 2018 11 8 6 7 10 12 0 0 0 11 6 7 0 0 0 0 0 7 0 0 0 0 11 16 14 9 7 7 4 4 0 -999
P7633 2018 12 0 0 0 0 0 0 0 0 0 0 0 0 0 0 0 0 0 0 0 0 0 0 0 5 6 5 5 5 0 0 0
P7633 2019 1 0 0 0 5 6 6 6 6 5 5 5 5 5 5 0 0 0 0 0 0 0 0 0 0 0 0 0 0 0 0 7
P7633 2019 2 0 0 0 6 6 8 15 9 6 8 8 8 5 6 4 7 5 0 0 0 0 0 9 253 64 6 9 36 -999 -999 -999
P7633 2019 3 70 45 74 28 7 6 0 0 5 6 8 12 6 0 0 0 0 0 0 0 0 0 6 10 13 36 65 41 35 30 6
P7633 2019 4 5 0 0 0 0 0 0 0 0 0 0 5 5 0 0 0 0 0 0 0 0 0 0 0 0 6 5 12 7 9 -999
P7633 2019 5 14 17 8 5 0 5 11 17 33 6 6 8 33 6 0 0 0 0 0 0 0 0 0 6 7 0 0 5 13 30 26
P7633 2019 6 0 0 0 0 0 9 9 0 0 0 0 8 15 8 0 0 0 0 0 0 102 48 13 0 10 31 16 0 0 0 -999
P7633 2019 7 0 0 11 6 0 0 20 0 0 0 0 0 0 0 0 0 0 25 0 0 0 0 0 0 0 10 0 0 0 0 0
P7633 2019 8 0 39 22 0 0 0 0 0 0 0 0 0 0 0 0 20 9 0 11 21 0 0 0 0 0 8 21 28 20 17 29
P7633 2019 9 31 25 19 15 0 0 0 26 60 87 35 22 15 11 0 0 38 8 0 0 7 9 27 194 192 158 83 0 0 0 -999
P7633 2019 10 0 0 11 40 28 20 28 13 24 15 0 0 0 0 0 0 0 18 13 21 33 18 0 5 0 0 0 0 0 0 0
P7633 2019 11 5 5 0 0 5 5 4 4 0 0 0 0 0 5 5 0 0 0 0 0 0 0 0 0 0 4 13 138 47 8 -999
P7633 2019 12 0 0 0 0 0 0 0 0 0 0 0 0 0 0 5 5 5 4 8 69 104 11 6 4 4 4 0 0 0 0 0
P7633 2020 1 0 4 5 6 9 16 7 0 0 0 7 5 0 0 0 0 0 0 0 0 0 6 11 7 0 0 0 0 6 7 37
P7633 2020 2 7 5 5 4 5 6 5 0 8 0 0 0 0 18 13 54 111 151 100 55 30 18 64 20 8 8 0 0 -999 -999 -999
P7633 2020 3 0 0 0 0 0 0 0 0 0 0 0 0 8 8 19 76 85 37 7 5 6 6 7 9 6 5 4 0 4 4 0
P7633 2020 4 0 0 0 0 5 30 22 28 108 65 37 12 7 7 5 0 0 0 0 0 45 34 26 45 24 7 5 0 23 145 -999
P7633 2020 5 281 262 29 10 8 7 9 9 0 0 0 8 0 0 0 0 0 74 111 79 32 22 14 15 8 10 36 10 8 12 9
P7633 2020 6 6 0 0 0 0 12 10 7 6 0 0 0 0 0 0 0 0 0 0 0 0 0 0 0 19 0 0 0 203 74 -999
P7633 2020 7 0 0 0 0 0 0 0 0 0 0 0 0 0 0 0 0 0 0 0 0 0 0 0 0 0 0 0 0 0 63 69
P7633 2020 8 0 0 0 85 27 0 0 0 0 0 0 0 0 0 0 0 0 0 0 0 0 0 0 0 0 0 0 0 0 0 0
P7633 2020 9 45 0 0 0 0 0 0 20 15 0 0 0 0 38 22 15 0 0 12 12 6 0 0 0 14 0 0 0 0 12 -999
P7633 2020 10 9 0 8 19 12 13 0 0 0 0 14 23 24 20 0 0 0 0 0 0 0 0 16 16 5 5 15 41 19 5 0
P7633 2020 11 7 6 5 5 5 6 8 0 0 0 0 0 5 7 0 0 5 6 6 5 5 7 0 0 0 0 0 0 0 0 -999
P7633 2020 12 0 0 0 0 0 0 0 0 0 5 5 0 4 5 0 0 0 4 0 5 5 5 5 4 0 4 0 0 0 0 0
P7633 2021 1 0 0 5 5 0 0 0 0 0 0 0 5 5 4 5 6 5 7 9 6 5 5 5 5 5 5 7 5 4 4 11
P7633 2021 2 21 5 5 4 4 4 4 4 5 6 8 8 6 9 9 6 7 7 0 0 0 0 0 0 6 16 52 42 -999 -999 -999
P7633 2021 3 23 23 21 14 30 18 26 101 152 11 5 4 4 5 6 5 53 10 7 5 5 5 5 4 0 0 0 5 4 0 4
P7633 2021 4 5 5 7 19 5 0 0 0 5 5 5 0 0 6 5 5 6 5 5 7 7 6 8 25 101 33 7 6 0 6 -999
P7633 2021 5 8 0 0 5 0 7 9 6 5 5 5 5 7 6 0 0 0 0 0 9 0 0 0 0 11 16 11 7 13 42 9
P7633 2021 6 23 28 6 0 0 0 6 5 6 7 8 7 7 15 9 0 0 0 0 0 0 0 0 0 0 0 0 0 0 0 -999
P7633 2021 7 0 11 0 0 0 0 0 0 0 0 0 0 0 0 0 0 0 0 0 0 0 10 13 0 0 0 0 0 0 13 22
P7633 2021 8 20 0 0 0 0 0 10 9 30 16 10 0 0 0 0 0 0 0 0 0 0 0 0 0 0 0 0 0 0 0 0
P7633 2021 9 0 0 0 0 0 0 0 0 0 10 0 9 30 20 20 10 0 0 0 0 0 0 0 0 32 12 8 8 14 35 -999
P7633 2021 10 8 9 8 5 0 0 7 11 11 9 0 8 10 19 8 8 0 0 0 7 17 5 0 0 8 33 17 7 8 0 5
P7633 2021 11 5 5 0 0 7 8 0 7 6 0 0 0 0 0 0 0 0 0 0 5 4 0 0 6 0 0 0 0 0 0 -999
P7633 2021 12 0 0 0 0 0 0 0 0 0 0 0 0 6 6 10 18 7 8 5 5 6 6 4 4 4 6 11 6 5 4 5
P7633 2022 1 6 0 0 0 0 0 0 0 0 0 0 0 6 18 21 0 0 18 143 197 15 0 6 10 0 0 0 0 0 0 0
P7633 2022 2 0 8 0 0 0 0 0 0 5 5 0 0 0 0 6 6 7 0 0 0 5 6 5 6 5 0 4 5 -999 -999 -999
P7633 2022 3 4 4 0 4 5 5 0 0 0 0 0 0 0 0 4 6 0 0 0 0 15 15 9 6 6 5 5 0 10 11 23
P7633 2022 4 44 75 272 25 5 32 15 5 5 0 0 23 44 18 0 49 99 126 155 123 19 45 6 6 6 0 0 0 0 0 -999
P7633 2022 5 0 0 0 0 0 0 0 0 0 0 0 0 0 0 0 0 0 0 8 7 6 8 8 0 20 0 0 0 15 41 16
P7633 2022 6 0 0 0 0 0 0 24 18 30 0 41 37 0 0 79 8 0 0 18 0 0 0 0 0 0 0 0 0 0 0 -999
P7633 2022 7 0 0 0 0 0 0 0 0 0 0 0 0 0 0 0 0 0 0 0 0 0 0 0 0 0 0 0 0 0 0 0
P7633 2022 8 0 0 0 0 0 0 0 0 26 0 0 0 0 0 0 0 0 0 0 0 46 47 33 17 9 0 0 0 0 0 0
P7633 2022 9 0 0 0 0 0 0 0 0 0 0 0 0 0 0 0 0 0 0 0 0 0 10 19 71 16 15 16 30 0 0 -999
P7633 2022 10 0 0 0 0 9 15 0 0 6 7 0 0 0 0 5 0 0 0 0 10 23 11 0 0 0 0 7 8 0 0 0
P7633 2022 11 0 6 9 6 5 0 0 0 0 0 0 0 6 7 12 9 11 33 18 9 8 8 6 10 5 0 0 0 0 0 -999
P7633 2022 12 0 5 0 0 0 5 5 4 4 0 0 5 0 0 0 0 5 5 5 5 5 4 4 5 5 4 4 5 8 6 7
P7633 2023 1 0 7 27 43 59 33 46 8 6 6 6 8 11 16 15 5 6 9 10 7 5 6 13 12 12 0 0 0 0 0 0
P7633 2023 2 0 18 12 10 0 0 0 0 0 0 0 9 6 0 4 4 4 5 7 5 13 0 0 0 0 0 0 0 -999 -999 -999
P7633 2023 3 0 0 4 0 0 0 0 0 0 0 0 0 0 0 20 14 6 4 5 5 23 6 4 0 0 0 5 6 15 10 6
P7633 2023 4 0 0 0 0 0 0 7 6 5 6 9 6 7 9 14 38 18 21 166 12 14 39 31 21 7 0 0 0 0 0 -999
P7633 2023 5 5 93 13 15 5 5 7 11 8 5 5 5 21 11 15 39 40 19 35 47 14 8 5 6 6 8 12 8 10 9 12
P7633 2023 6 0 0 0 0 0 11 16 0 0 0 8 11 9 9 15 7 5 6 8 9 21 8 0 12 17 19 0 0 0 0 -999
P7633 2023 7 0 0 0 0 0 11 8 10 12 0 26 34 0 0 0 0 21 27 43 18 0 0 0 21 22 0 0 0 0 0 0
P7633 2023 8 0 0 0 0 0 0 0 0 0 0 0 0 0 0 0 0 0 0 0 0 0 0 0 0 0 0 0 0 0 0 0
P7633 2023 9 0 0 0 0 0 0 0 0 0 0 0 0 0 0 0 0 11 42 0 0 0 0 0 0 0 0 0 0 7 7 -999
P7633 2023 10 105 89 14 0 0 0 0 0 0 7 7 0 0 7 6 6 6 6 7 7 5 0 0 0 0 0 0 5 6 5 6
P7633 2023 11 7 5 0 0 0 0 0 0 9 8 7 11 5 0 0 0 0 0 0 0 0 0 0 0 0 0 0 0 0 0 -999
P7633 2023 12 0 7 15 14 0 0 0 0 0 0 0 0 0 0 0 0 0 4 5 5 5 4 0 4 5 0 0 0 0 0 0
P7633 2024 1 0 0 0 0 0 0 0 0 0 0 0 0 0 0 0 0 0 0 5 4 5 4 4 4 5 5 6 6 7 0 0
P7633 2024 2 0 0 0 5 10 255 79 24 59 147 9 6 4 0 0 0 0 0 0 0 0 0 0 0 0 0 0 0 -999 -999 -999
P7633 2024 3 0 0 0 0 0 0 6 17 37 10 17 64 7 15 13 6 18 28 30 17 14 10 0 0 0 0 8 10 22 50 63
P7633 2024 4 86 47 15 15 8 8 8 9 5 6 5 0 0 0 0 0 6 0 0 0 6 30 7 0 0 0 0 0 0 6 -999
P7633 2024 5 7 6 9 11 10 15 57 17 11 0 0 6 6 7 6 5 6 8 0 0 0 0 6 8 14 8 16 12 7 6 0
P7633 2024 6 0 0 0 0 0 0 0 0 0 0 0 13 7 11 0 0 11 14 0 0 0 0 0 0 0 0 0 0 0 0 -999
P7633 2024 7 0 0 0 0 0 0 0 0 0 0 0 0 0 0 0 0 0 0 0 0 0 0 0 9 0 0 0 0 0 0 0
P7633 2024 8 0 0 0 0 0 0 0 0 0 0 20 20 0 0 0 0 0 0 0 0 0 0 0 0 0 0 0 0 0 0 0
P7633 2024 9 0 0 0 0 0 0 0 0 0 0 0 0 0 0 0 0 33 63 11 14 24 28 30 11 0 0 7 6 9 8 -999
P7633 2024 10 6 25 21 7 44 13 12 0 0 0 0 0 0 0 0 0 0 0 10 20 14 0 0 0 0 0 5 0 5 5 8
P7633 2024 11 7 19 8 8 9 11 0 0 0 0 4 8 9 35 190 7 7 6 0 0 0 0 0 0 0 0 0 7 11 26 -999
P7633 2024 12 19 8 6 4 0 0 4 0 0 4 4 4 5 6 0 0 0 0 5 0 0 6 5 0 0 0 0 5 0 0 0
P7633 2025 1 5 0 0 5 12 136 66 6 4 0 0 0 0 0 4 0 0 4 6 0 0 0 0 0 0 0 0 5 5 4 0
P7633 2025 2 4 5 0 0 4 4 5 8 7 5 7 29 7 0 75 16 0 0 5 0 0 0 0 4 5 0 0 0 -999 -999 -999
P7633 2025 3 0 5 7 5 0 0 0 121 10 9 0 0 0 0 0 0 0 0 0 0 0 0 0 0 0 0 0 0 0 0 0
P7633 2025 4 0 0 0 0 5 0 0 0 0 6 9 6 0 15 24 9 27 11 7 0 0 0 0 0 0 0 0 7 7 0 -999
P7633 2025 5 0 0 7 6 0 0 0 0 0 0 0 0 7 9 5 5 6 17 7 6 5 40 10 9 8 9 6 12 22 0 0
P7633 2025 6 0 0 0 6 6 0 0 0 0 7 9 0 0 0 0 0 0 0 0 0 0 0 0 0 0 0 0 0 0 0 -999
P7633 2025 7 0 0 0 0 0 0 0 0 0 0 0 0 0 0 0 0 0 0 0 0 0 0 0 0 0 0 0 0 0 0 0
P7633 2025 8 0 9 7 7 0 0 0 0 0 0 16 21 13 14 17 0 0 0 19 15 14 15 0 0 0 0 0 0 0 0 0
P7633 2025 9 0 0 0 0 0 0 0 0 0 0 12 7 0 0 0 0 15 23 18 0 0 32 25 10 0 0 9 6 5 0 -999
P7633 2025 10 0 0 0 0 0 0 0 0 0 0 0 7 0 0 0 14 55 58 15 12 50 21 6 0 0 0 0 0 5 5 9
P7633 2025 11 7 8 7 16 8 5 5 9 31 57 10 0 0 11 6 4 0 0 0 0 0 0 0 0 0 0 0 0 0 0 -999
P7633 2025 12 0 0 0 0 0 0 4 0 0 0 4 6 6 0 0 4 5 5 6 10 5 5 22 25 6 8 8 13 5 5 5
P7633 2026 1 6 6 0 0 0 0 0 0 0 0 0 0 0 0 0 0 0 0 4 4 4 0 4 8 0 0 0 0 0 0 0
P7633 2026 2 0 0 0 0 0 0 0 0 0 0 0 0 0 0 0 5 7 7 5 0 0 5 7 0 0 6 0 0 -999 -999 -999
P7633 2026 3 0 0 0 13 23 62 12 8 6 0 0 0 0 16 6 0 5 7 0 0 0 0 39 24 6 5 4 4 5 5 5
P7633 2026 4 5 5 0 5 5 4 5 5 5 5 4 0 5 6 0 0 0 0 0 0 0 0 0 0 0 0 0 0 22 12 -999
P7633 2026 5 12 10 11 0 0 0 0 0 6 9 9 13 18 13 6 0 0 0 0 0 0 0 0 0 0 0 0 9 7 0 0
P7633 2026 6 0 0 0 0 0 0 0 0 0 0 0 0 0 0 0 0 0 0 9 24 30 24 24 10 0 0 0 0 0 0 -999
P7633 2026 7 0 0 0 0 0 0 0 0 0 0 0 0 0 0 0 0 0 0 0 0 0 0 0 0 0 0 0 0 0 0 0
P7633 2026 8 0 0 0 0 0 0 0 0 0 0 0 0 0 13 0 0 0 0 0 0 0 0 0 0 0 0 19 0 0 12 18
P7633 2026 9 16 16 9 6 0 0 0 10 0 0 0 0 0 8 0 0 0 0 27 25 24 13 0 0 0 0 0 0 0 0 -999
P7633 2026 10 9 7 8 9 6 0 0 7 0 0 0 0 0 0 0 0 6 6 0 0 4 0 0 0 0 0 0 0 7 6 7
P7633 2026 11 6 6 5 5 9 6 8 5 6 11 5 7 8 8 6 8 7 5 0 0 0 0 0 0 0 0 0 0 0 0 -999
P7633 2026 12 0 0 0 0 0 0 0 0 0 0 0 0 0 0 8 24 29 6 5 5 5 5 5 4 0 0 0 0 0 0 0
P7633 2027 1 0 0 0 0 5 4 4 5 4 6 7 6 7 13 44 34 36 7 5 5 4 4 0 0 0 5 6 5 7 8 0
P7633 2027 2 0 0 0 0 0 0 0 0 0 0 5 7 0 0 8 5 5 6 8 6 5 5 9 5 0 4 4 0 -999 -999 -999
P7633 2027 3 0 4 4 4 5 5 7 14 10 0 0 0 0 0 0 0 9 24 25 30 36 35 47 22 5 6 5 4 0 0 0
P7633 2027 4 0 0 0 18 9 0 0 0 0 0 0 0 5 7 24 6 0 7 19 8 0 0 0 0 0 0 0 0 0 0 -999
P7633 2027 5 0 11 12 23 13 16 29 9 8 26 24 7 15 8 0 0 0 0 0 0 6 9 0 0 0 0 0 0 0 0 0
P7633 2027 6 0 6 0 9 14 5 0 0 0 0 0 0 0 0 0 0 0 0 0 0 0 0 0 0 0 0 0 6 0 0 -999
P7633 2027 7 0 18 6 0 11 8 0 0 0 0 0 0 0 0 0 0 0 0 0 0 0 0 0 0 0 0 0 0 0 0 0
P7633 2027 8 0 0 0 0 0 0 0 0 0 0 0 0 0 0 49 11 0 10 7 0 0 0 0 0 0 0 0 0 0 0 0
P7633 2027 9 0 0 0 0 0 0 0 0 0 0 0 0 30 0 0 0 10 23 23 0 0 0 0 0 49 9 6 7 0 0 -999
P7633 2027 10 19 0 0 0 0 0 40 0 0 0 0 0 7 12 8 7 6 9 0 0 0 6 20 22 9 0 0 0 0 0 0
P7633 2027 11 0 0 0 0 5 0 0 0 0 5 6 18 11 0 0 0 0 0 0 0 0 5 5 0 5 5 4 0 0 0 -999
P7633 2027 12 0 0 0 0 0 0 0 0 0 0 0 0 0 5 6 7 5 0 0 0 0 0 0 0 0 0 0 0 0 0 0
P7633 2028 1 0 0 0 0 0 0 0 0 0 0 0 5 0 0 0 0 15 98 39 7 0 0 11 65 61 16 11 13 7 0 10
P7633 2028 2 10 75 20 8 9 13 7 9 16 11 14 13 7 5 5 5 8 4 4 0 0 5 5 0 0 0 0 0 -999 -999 -999
P7633 2028 3 0 5 5 0 0 0 0 0 0 0 15 7 9 5 6 0 0 0 0 0 0 0 0 0 0 4 4 0 0 0 0
P7633 2028 4 0 0 0 0 0 0 0 0 0 8 5 0 0 0 5 0 14 8 17 21 8 0 0 0 0 0 0 0 0 0 -999
P7633 2028 5 0 0 7 15 8 12 11 14 16 6 8 7 0 0 25 7 10 0 19 30 6 0 8 8 6 0 0 5 5 0 0
P7633 2028 6 7 9 5 6 20 44 78 12 11 0 0 0 0 0 0 0 20 25 0 0 0 0 0 0 0 0 0 14 24 14 -999
P7633 2028 7 7 0 9 0 0 0 0 0 0 0 8 10 11 0 0 0 0 0 0 0 0 0 0 0 0 0 20 15 7 0 0
P7633 2028 8 0 0 0 0 0 0 0 0 0 0 0 0 0 0 0 0 0 0 0 0 0 0 0 0 0 0 0 0 0 20 26
P7633 2028 9 13 0 0 0 0 0 7 22 0 0 0 21 0 0 0 0 0 8 0 0 0 20 29 9 8 17 20 16 73 32 -999
P7633 2028 10 18 0 0 0 5 0 0 0 7 6 8 10 0 0 7 0 0 5 7 9 0 0 0 0 0 0 0 0 0 0 0
P7633 2028 11 0 0 0 0 11 9 5 0 0 0 0 10 6 0 0 0 0 4 4 5 4 4 0 0 0 0 0 0 0 4 -999
P7633 2028 12 0 0 0 0 0 0 0 0 0 0 0 0 18 122 31 13 47 21 6 6 5 4 5 4 4 5 4 4 0 7 0
P7633 2029 1 0 0 5 6 7 0 0 9 9 10 6 6 6 0 0 4 6 13 33 20 0 0 0 0 0 0 0 11 5 6 5
P7633 2029 2 4 5 4 4 4 0 0 0 0 0 5 0 0 0 0 0 0 0 0 0 0 0 0 0 0 0 6 6 -999 -999 -999
P7633 2029 3 9 15 15 15 33 25 9 6 9 9 5 0 0 4 0 0 0 0 0 5 5 4 5 0 0 0 0 0 0 0 9
P7633 2029 4 9 15 12 7 5 6 6 0 0 0 0 0 0 20 14 5 6 6 0 0 0 0 0 0 0 0 5 5 5 8 -999
P7633 2029 5 5 0 5 9 12 5 18 21 8 5 5 0 0 0 0 0 19 20 6 6 7 0 0 0 21 10 0 0 0 43 117
P7633 2029 6 254 308 296 182 0 0 0 0 0 0 0 0 0 0 0 0 0 0 0 0 0 0 0 0 0 0 0 0 0 0 -999
P7633 2029 7 0 0 0 0 0 0 0 0 0 22 0 0 0 0 12 50 29 10 8 9 11 18 15 0 0 0 0 0 0 0 0
P7633 2029 8 0 20 95 10 0 0 0 7 0 0 0 0 0 0 0 0 0 0 0 0 0 0 0 0 33 56 57 65 30 29 56
P7633 2029 9 81 0 0 0 0 0 0 0 0 0 0 0 0 0 0 0 8 5 0 9 6 15 7 6 12 48 26 19 10 7 -999
P7633 2029 10 0 0 0 0 0 0 0 0 8 0 0 0 0 0 0 0 0 6 0 0 0 0 0 0 0 12 15 23 145 30 7
P7633 2029 11 0 0 0 0 0 0 0 0 0 0 0 0 0 0 0 0 0 5 0 0 0 0 0 5 6 0 0 0 4 0 -999
P7633 2029 12 0 0 0 6 5 4 0 4 8 5 0 0 0 0 0 0 0 5 0 0 0 4 6 13 34 9 7 5 7 7 0
P7633 2030 1 0 0 0 7 13 6 6 12 14 14 18 15 11 7 0 5 5 0 0 0 4 0 0 0 5 0 5 5 13 0 0
P7633 2030 2 7 7 6 6 4 5 0 4 10 0 0 0 0 0 0 9 10 11 16 0 0 4 5 0 5 5 0 6 -999 -999 -999
P7633 2030 3 7 0 8 0 0 0 0 0 0 0 0 0 0 0 0 0 0 8 7 11 6 9 14 40 236 297 140 22 6 6 6
P7633 2030 4 5 12 11 6 7 0 0 5 6 8 14 16 7 13 17 8 6 5 9 12 7 6 6 7 8 28 71 8 5 0 -999
P7633 2030 5 0 0 0 0 0 0 0 0 0 6 8 11 8 15 70 21 6 5 0 0 0 0 0 0 13 13 6 9 0 0 0
P7633 2030 6 0 0 0 0 0 0 0 0 0 0 0 49 19 12 33 18 24 70 9 7 0 8 16 10 0 0 0 0 0 0 -999
P7633 2030 7 0 0 0 0 0 0 0 0 0 0 0 0 0 0 0 0 0 0 0 0 0 0 0 0 0 0 0 0 0 0 0
P7633 2030 8 0 0 27 76 68 41 0 0 0 0 0 0 0 0 0 0 0 0 0 0 0 0 0 0 0 22 125 94 18 20 34
P7633 2030 9 40 18 15 28 0 0 0 24 11 0 0 0 10 0 16 14 12 13 0 0 12 11 12 6 0 9 8 9 7 0 -999
P7633 2030 10 0 0 0 0 0 0 35 14 37 38 11 8 7 6 5 0 0 6 21 21 37 17 6 5 7 0 0 8 12 36 29
P7633 2030 11 17 24 10 8 11 13 5 5 5 5 10 5 5 5 5 5 6 9 6 7 8 10 21 14 5 5 0 6 9 8 -999
P7633 2030 12 0 0 0 0 4 4 5 0 0 5 5 5 0 0 0 0 0 0 0 0 0 0 0 0 0 0 4 5 5 6 5
P7633 2031 1 4 0 0 5 6 12 5 4 5 21 7 7 5 8 29 8 5 0 5 0 0 0 0 0 0 0 0 0 0 0 0
P7633 2031 2 0 5 8 13 7 17 20 10 19 13 24 21 20 18 11 0 65 131 10 14 12 9 10 13 8 6 6 6 -999 -999 -999
P7633 2031 3 6 5 6 5 4 5 7 5 4 5 11 5 5 5 0 0 6 0 0 5 6 0 0 0 0 0 0 0 0 8 8
P7633 2031 4 5 6 5 6 6 8 6 5 5 5 5 6 9 6 5 0 0 0 0 0 0 0 0 0 0 0 0 0 0 0 -999
P7633 2031 5 0 6 15 8 14 9 9 6 0 12 23 13 14 22 28 43 58 30 13 10 0 0 0 0 0 15 33 19 10 0 0
P7633 2031 6 0 0 0 0 0 0 96 6 6 0 0 0 0 0 0 0 0 0 22 0 0 0 0 0 0 0 0 0 0 0 -999
P7633 2031 7 0 0 0 0 0 0 0 0 0 0 13 99 27 11 10 0 0 0 10 10 0 0 0 0 18 13 0 0 0 0 0
P7633 2031 8 0 0 0 0 0 0 0 0 0 0 0 8 0 0 0 0 0 0 0 0 0 0 0 0 0 0 0 0 0 0 0
P7633 2031 9 0 0 0 0 0 0 0 0 0 17 18 15 0 0 0 0 27 20 12 0 0 13 43 27 8 10 7 7 0 0 -999
P7633 2031 10 0 0 6 0 0 0 6 12 26 18 21 42 25 17 25 14 7 7 6 8 12 48 0 0 9 0 0 9 0 0 7
P7633 2031 11 0 0 5 5 5 16 9 5 0 0 5 9 13 13 14 5 5 7 6 9 7 4 4 5 6 5 12 12 5 5 -999
P7633 2031 12 7 8 6 4 5 6 4 6 17 7 0 0 0 0 0 0 0 0 0 0 9 6 7 8 54 7 6 5 4 0 0
P7633 2032 1 0 0 4 4 6 6 5 5 6 0 0 8 19 17 41 16 0 0 0 5 0 0 0 0 0 5 0 0 5 5 5
P7633 2032 2 7 0 0 6 5 0 0 0 0 11 15 5 5 0 0 0 8 0 0 0 0 0 10 12 17 8 10 13 -999 -999 -999
P7633 2032 3 25 0 0 9 0 0 0 0 0 0 0 0 0 5 6 0 0 0 0 0 0 0 0 0 0 0 0 0 0 7 7
P7633 2032 4 11 7 6 9 46 41 88 29 6 5 5 0 0 14 13 7 5 6 7 7 0 0 14 93 35 6 0 0 0 0 -999
P7633 2032 5 0 0 6 8 0 0 0 0 0 0 0 35 14 12 13 9 6 7 10 7 6 0 6 6 6 8 12 11 21 45 35
P7633 2032 6 15 0 0 0 0 11 10 8 17 59 10 11 15 12 0 21 16 0 0 7 0 0 0 0 7 0 0 0 0 0 -999
P7633 2032 7 0 0 8 14 0 0 56 31 0 0 0 0 0 0 0 17 0 0 0 0 0 0 0 0 0 0 0 0 0 0 0
P7633 2032 8 0 13 0 0 0 0 0 0 0 0 0 0 0 0 0 0 0 0 0 0 0 125 41 0 0 0 0 0 0 0 0
P7633 2032 9 0 0 0 0 0 0 0 0 0 12 29 8 0 0 0 29 14 9 9 13 15 0 0 0 0 0 0 9 13 0 -999
P7633 2032 10 13 15 28 40 37 0 0 0 10 6 0 5 5 9 14 7 5 0 0 8 13 10 26 8 7 0 0 6 5 6 0
P7633 2032 11 0 0 0 5 0 0 0 0 0 0 0 0 0 0 0 0 0 0 0 0 0 0 0 0 0 0 5 0 4 6 -999
P7633 2032 12 11 5 5 0 0 0 0 0 0 0 0 0 0 0 0 0 0 0 0 5 0 0 0 0 10 12 0 0 0 0 0
P7633 2033 1 0 0 4 7 8 8 7 5 5 4 5 5 6 8 6 7 8 38 8 0 0 0 0 0 0 5 7 13 6 5 6
P7633 2033 2 0 0 0 0 5 9 11 11 10 8 6 7 7 0 0 0 0 9 5 0 0 0 0 5 5 0 0 0 -999 -999 -999
P7633 2033 3 0 0 0 0 0 0 0 0 0 0 5 57 87 29 10 11 21 129 0 15 6 12 6 0 0 0 6 8 9 6 0
P7633 2033 4 0 0 0 19 43 155 180 77 27 13 18 27 27 6 5 72 17 17 5 5 6 13 7 5 4 5 5 0 9 7 -999
P7633 2033 5 5 0 8 14 0 0 0 0 0 0 0 8 14 15 5 6 7 9 6 6 7 5 0 0 0 0 0 0 0 0 0
P7633 2033 6 0 0 0 0 0 0 0 0 0 0 43 28 35 0 0 0 0 0 0 0 0 0 0 0 0 0 0 9 9 0 -999
P7633 2033 7 15 53 31 8 10 0 0 0 0 0 0 0 0 0 0 0 0 0 0 0 0 0 0 0 0 0 11 0 0 0 0
P7633 2033 8 0 0 26 0 0 0 0 0 0 0 0 0 0 0 0 0 0 0 0 0 0 0 0 0 0 0 0 0 9 33 12
P7633 2033 9 21 16 13 0 0 0 9 6 0 0 0 0 29 24 11 0 0 0 0 0 0 0 0 0 0 0 0 0 0 19 -999
P7633 2033 10 27 9 0 16 105 15 14 42 8 5 5 7 9 10 0 0 0 0 0 0 0 0 0 0 0 5 0 0 5 0 0
P7633 2033 11 6 9 9 23 12 0 0 0 0 0 0 0 0 0 0 0 5 9 5 0 0 0 0 0 0 0 0 0 0 0 -999
P7633 2033 12 0 0 0 0 0 0 0 5 5 0 0 5 0 0 0 0 0 0 0 0 0 0 0 0 0 0 0 0 0 0 0
P7633 2034 1 0 0 0 0 0 4 0 0 0 0 4 6 6 4 4 4 0 0 0 0 0 0 0 0 0 0 0 0 0 0 0
P7633 2034 2 0 0 0 0 0 0 0 0 0 0 9 25 13 6 7 13 33 179 264 13 0 0 0 0 0 0 0 5 -999 -999 -999
P7633 2034 3 12 21 17 24 59 18 7 0 8 0 0 0 6 41 24 14 6 5 5 0 0 0 7 64 183 276 18 0 0 0 0
P7633 2034 4 0 0 0 0 0 0 0 0 0 0 0 0 0 0 0 7 0 0 0 5 11 7 0 0 0 9 27 56 29 14 -999
P7633 2034 5 0 0 0 0 16 13 0 0 0 0 0 0 0 0 0 0 0 0 0 0 0 0 0 12 25 9 14 8 0 20 0
P7633 2034 6 0 0 8 7 6 7 8 8 0 0 0 0 0 0 0 0 0 0 0 0 0 0 81 96 75 0 0 0 0 0 -999
P7633 2034 7 0 0 0 0 0 0 0 0 0 0 0 0 0 0 0 0 0 0 0 0 0 0 0 16 0 0 0 17 0 0 0
P7633 2034 8 0 0 7 8 0 0 13 0 0 0 0 0 0 0 0 0 0 14 0 0 0 0 0 0 0 0 0 0 0 244 97
P7633 2034 9 0 0 0 0 0 0 0 32 24 22 22 9 11 0 0 0 0 0 0 0 0 0 16 31 0 0 10 7 10 23 -999
P7633 2034 10 12 9 0 0 15 13 11 0 0 9 8 7 0 0 0 0 12 12 8 10 0 0 0 16 16 9 7 7 6 0 0
P7633 2034 11 0 0 0 0 0 5 5 0 7 5 0 5 9 17 0 0 0 0 0 0 18 20 19 7 4 4 4 0 0 0 -999
P7633 2034 12 5 0 0 0 0 4 4 4 5 4 0 0 0 4 4 6 0 0 0 0 0 0 0 0 0 4 4 0 4 4 4
P7633 2035 1 5 0 5 5 8 7 9 10 8 0 5 0 5 6 5 0 4 0 0 5 7 8 15 5 5 0 0 0 0 0 0
P7633 2035 2 0 5 7 0 0 0 6 16 0 0 0 0 0 0 0 0 0 0 0 0 4 5 4 7 12 5 5 5 -999 -999 -999
P7633 2035 3 5 4 4 7 4 5 12 105 26 5 5 12 34 71 45 16 6 6 11 33 14 8 6 5 5 5 5 8 7 5 5
P7633 2035 4 5 5 5 7 19 4 4 4 5 5 5 4 5 13 12 0 0 224 35 47 287 23 9 18 10 7 0 14 35 27 -999
P7633 2035 5 16 10 0 0 0 0 0 23 33 14 7 0 9 14 0 0 0 0 0 0 0 29 140 17 10 0 0 43 0 119 46
P7633 2035 6 0 0 0 8 9 7 6 0 27 7 6 0 0 0 0 0 0 0 0 0 0 0 0 0 0 0 0 0 0 0 -999
P7633 2035 7 0 0 0 0 0 0 0 0 0 0 0 0 0 0 0 0 0 0 0 0 0 0 0 0 0 0 0 0 0 0 0
P7633 2035 8 0 0 0 0 0 0 0 0 0 0 0 0 0 0 0 0 0 0 0 0 0 0 0 0 0 0 0 0 0 0 0
P7633 2035 9 0 0 0 0 0 0 0 0 0 0 0 0 0 26 31 14 0 0 0 0 0 33 39 83 140 176 185 139 122 0 -999
P7633 2035 10 0 32 42 39 15 0 0 0 0 15 13 0 47 21 11 0 53 30 0 16 8 8 8 9 8 0 0 0 0 0 0
P7633 2035 11 0 0 9 26 33 43 14 0 0 0 0 0 0 0 0 0 0 0 0 0 0 0 0 0 0 0 8 6 0 0 -999
P7633 2035 12 4 5 6 5 4 5 12 6 4 9 5 6 0 0 0 0 0 0 4 4 5 5 0 0 0 0 0 0 0 0 5
P7633 2036 1 5 5 6 0 0 8 16 44 13 6 6 5 7 5 0 0 0 4 4 5 5 4 0 0 0 0 4 0 0 0 0
P7633 2036 2 4 0 0 0 0 0 5 0 5 6 6 5 5 12 8 11 5 0 0 0 0 0 0 0 0 0 0 0 -999 -999 -999
P7633 2036 3 5 12 8 4 5 4 0 0 0 0 0 0 0 0 9 8 0 0 0 0 0 0 0 5 6 6 9 11 9 16 41
P7633 2036 4 8 10 7 7 5 0 0 0 0 0 0 0 0 0 0 0 0 0 0 0 0 0 0 5 0 4 5 6 0 0 -999
P7633 2036 5 0 7 7 6 6 6 6 9 0 6 10 10 13 6 8 16 12 5 0 0 0 0 10 10 32 0 0 0 15 0 35
P7633 2036 6 45 72 22 24 113 177 0 0 0 0 0 0 0 0 20 16 0 0 9 0 0 0 0 0 7 0 0 0 0 0 -999
P7633 2036 7 0 0 0 0 0 0 0 0 0 0 0 0 0 0 0 0 0 0 0 0 0 0 0 0 0 0 0 0 0 0 0
P7633 2036 8 0 0 0 0 0 0 0 0 0 0 0 0 0 0 0 0 0 0 0 0 0 0 0 0 0 0 0 0 0 0 0
P7633 2036 9 0 0 0 0 0 0 48 87 12 20 0 0 0 0 0 0 0 0 0 0 0 0 0 0 0 0 0 0 0 0 -999
P7633 2036 10 0 0 0 0 0 0 0 0 0 0 6 0 0 5 8 11 0 0 0 0 0 0 0 0 0 0 10 12 11 24 25
P7633 2036 11 22 14 0 0 5 5 0 6 4 0 0 0 7 17 11 6 7 0 0 5 13 0 0 0 0 0 6 4 0 0 -999
P7633 2036 12 0 0 0 4 5 0 0 0 0 0 0 0 0 0 0 0 0 0 5 0 5 8 12 11 13 13 0 5 7 0 0
P7633 2037 1 0 0 0 0 0 0 0 0 5 6 5 4 4 0 0 0 0 0 5 5 4 6 7 5 5 4 4 4 7 5 5
P7633 2037 2 36 172 67 31 10 22 35 30 7 6 0 0 0 0 0 0 0 8 0 0 0 0 0 0 0 5 7 5 -999 -999 -999
P7633 2037 3 0 0 0 0 0 0 0 0 0 0 0 0 0 23 139 42 7 19 15 9 8 14 10 5 5 5 5 7 6 6 5
P7633 2037 4 8 7 9 17 6 4 5 5 5 0 0 0 0 5 6 7 9 9 5 13 26 37 90 57 27 28 0 0 0 0 -999
P7633 2037 5 0 0 0 0 0 0 7 13 10 10 10 8 0 8 6 6 13 10 6 0 6 5 5 5 22 24 5 0 0 0 0
P7633 2037 6 0 0 15 52 130 60 18 0 12 7 0 16 22 53 11 0 6 6 9 13 13 9 14 14 0 0 0 0 0 0 -999
P7633 2037 7 0 0 0 0 0 0 0 0 0 0 0 0 0 0 0 0 0 0 0 0 0 0 0 0 0 0 0 0 0 0 0
P7633 2037 8 0 0 0 0 0 0 0 0 0 0 0 0 0 0 0 0 16 0 0 0 0 0 0 0 0 30 21 0 0 0 0
P7633 2037 9 0 0 0 0 0 0 0 30 0 0 0 0 0 0 0 7 16 13 0 0 0 0 0 0 0 0 0 6 7 6 -999
P7633 2037 10 6 0 0 0 0 0 0 0 0 0 5 11 0 0 0 0 0 7 8 8 0 0 0 7 9 7 0 0 0 0 0
P7633 2037 11 0 0 0 0 0 12 7 14 8 0 7 10 6 5 5 0 0 0 0 5 8 6 5 6 5 0 4 5 5 6 -999
P7633 2037 12 76 8 5 5 5 5 5 5 5 5 4 5 4 0 0 0 0 7 38 116 130 11 12 9 0 0 0 0 0 0 0
P7633 2038 1 0 5 5 5 5 0 0 0 0 0 0 0 0 5 5 8 9 6 0 0 0 0 5 4 5 7 7 4 4 5 0
P7633 2038 2 0 0 0 5 8 6 5 0 0 0 0 0 0 0 0 4 0 5 0 0 0 0 5 5 0 0 0 10 -999 -999 -999
P7633 2038 3 8 7 8 8 21 6 5 5 7 7 6 0 0 0 0 0 0 11 39 21 8 0 0 0 0 0 4 6 5 5 4
P7633 2038 4 0 0 6 0 0 0 0 9 17 10 14 115 257 112 22 23 0 0 0 0 128 15 8 14 51 36 53 0 0 47 -999
P7633 2038 5 30 12 0 0 7 17 16 5 0 6 0 0 0 0 0 40 251 100 27 47 34 30 0 0 7 14 11 14 14 11 46
P7633 2038 6 23 11 0 0 7 9 0 0 0 0 0 0 0 18 34 13 0 0 0 146 0 0 0 0 78 55 0 0 0 0 -999
P7633 2038 7 0 0 0 0 0 0 0 0 0 0 0 0 0 0 0 0 0 0 0 0 0 0 0 0 0 9 0 0 10 0 0
P7633 2038 8 0 0 0 0 0 0 0 0 0 0 0 0 0 62 63 0 0 0 0 0 52 39 39 47 34 0 0 0 0 0 0
P7633 2038 9 0 0 0 0 13 0 0 0 0 0 0 0 0 0 0 0 0 0 0 0 26 16 13 10 0 0 0 0 0 0 -999
P7633 2038 10 0 0 0 0 0 0 0 0 0 0 0 0 0 0 0 0 0 0 10 0 13 16 28 16 0 0 9 0 0 0 7
P7633 2038 11 13 14 9 0 0 0 5 7 6 5 6 5 6 8 36 7 5 6 0 0 0 0 0 0 0 0 0 0 0 0 -999
P7633 2038 12 0 0 6 12 67 85 6 7 0 0 6 6 5 4 4 5 4 4 5 4 6 5 5 0 7 6 6 6 0 0 0
P7633 2039 1 7 5 5 5 5 11 60 19 0 0 0 0 0 0 0 6 6 5 42 64 6 7 4 0 4 5 6 6 0 5 8
P7633 2039 2 11 39 6 6 7 0 31 114 105 76 31 0 0 6 7 6 5 7 6 0 0 0 5 4 4 6 0 0 -999 -999 -999
P7633 2039 3 0 0 0 0 0 0 0 5 6 23 31 82 5 8 10 20 9 9 33 67 7 0 0 0 0 7 0 0 0 0 0
P7633 2039 4 0 0 0 0 0 0 0 0 0 0 0 0 0 9 6 6 0 0 0 5 11 11 0 0 0 0 0 0 0 0 -999
P7633 2039 5 0 0 0 0 0 0 0 0 0 0 0 0 0 0 9 12 7 6 0 8 8 8 9 11 12 0 0 0 0 0 0
P7633 2039 6 12 11 11 35 17 8 0 14 0 8 0 0 0 0 0 15 14 0 0 0 14 0 0 0 0 0 9 34 25 16 -999
P7633 2039 7 16 0 0 0 0 0 18 25 0 0 95 0 0 0 0 0 0 0 0 0 0 0 0 0 0 0 35 29 0 0 0
P7633 2039 8 0 9 12 0 0 0 0 0 0 0 0 0 0 32 0 0 0 0 0 16 26 24 0 0 0 105 164 96 10 0 0
P7633 2039 9 0 0 0 0 0 0 0 0 0 18 0 0 0 0 0 0 0 0 0 16 0 0 0 0 0 0 0 0 0 0 -999
P7633 2039 10 0 0 0 0 0 0 0 0 0 0 0 0 10 17 8 0 0 0 0 5 5 4 4 5 5 6 6 11 42 105 8
P7633 2039 11 0 0 0 0 0 0 0 0 5 15 12 27 16 6 4 5 5 5 5 11 17 5 8 9 0 0 0 5 5 0 -999
P7633 2039 12 0 4 4 5 4 5 5 6 9 0 0 8 7 9 6 0 5 0 4 4 5 0 0 5 7 6 7 6 4 4 4
P7633 2040 1 0 0 0 0 5 5 4 5 5 0 4 5 4 4 5 5 5 5 5 5 0 0 0 0 0 0 0 0 0 0 0
P7633 2040 2 0 0 0 7 13 0 0 0 0 4 0 0 0 0 5 5 5 11 12 0 0 0 0 0 0 0 0 0 -999 -999 -999
P7633 2040 3 0 0 0 0 0 0 0 0 0 0 0 0 0 12 9 7 0 0 24 59 12 8 90 35 29 6 5 5 7 5 5
P7633 2040 4 5 11 14 8 7 5 6 0 0 0 0 0 0 0 0 7 10 6 11 8 7 8 7 7 59 136 7 5 0 0 -999
P7633 2040 5 4 0 5 8 11 14 8 0 0 0 0 0 0 0 0 0 0 0 0 0 0 14 10 0 0 0 0 0 0 0 6
P7633 2040 6 7 7 0 0 0 0 0 0 0 62 45 65 203 255 135 0 0 0 0 0 0 0 0 0 0 0 0 0 0 0 -999
P7633 2040 7 0 0 0 0 0 0 0 0 0 0 0 0 0 0 0 0 0 0 0 0 0 0 0 0 0 0 0 0 0 0 0
P7633 2040 8 0 0 0 0 0 0 0 0 0 12 0 0 0 0 0 0 0 0 0 0 64 23 0 0 0 0 0 0 0 0 0
P7633 2040 9 23 46 28 0 0 0 0 0 0 0 0 0 0 0 10 0 0 0 12 8 0 0 0 19 37 100 100 22 12 12 -999
P7633 2040 10 0 0 0 0 0 0 9 0 0 0 0 0 0 0 0 0 0 32 56 15 7 0 0 0 0 0 0 0 0 0 7
P7633 2040 11 8 6 10 27 7 7 7 8 12 5 5 5 5 11 7 6 0 0 0 0 0 0 0 5 17 45 20 10 7 7 -999
P7633 2040 12 8 0 0 0 16 10 5 0 0 14 130 249 242 16 6 0 0 0 0 19 9 17 25 23 0 0 0 6 9 5 5
P7633 2041 1 30 0 0 0 0 0 0 7 108 161 33 8 9 6 0 0 0 0 9 18 24 10 29 52 128 30 50 32 6 0 0
P7633 2041 2 0 0 0 0 4 7 6 5 4 5 5 4 4 5 4 5 7 15 18 6 6 7 4 5 7 5 5 0 -999 -999 -999
P7633 2041 3 6 10 0 0 0 4 0 0 4 5 5 5 7 5 9 4 4 9 45 5 5 5 6 5 7 17 9 6 6 6 6
P7633 2041 4 0 0 0 0 0 0 0 0 0 0 6 5 5 5 5 5 6 6 5 7 5 0 0 8 32 9 0 0 0 0 -999
P7633 2041 5 0 0 0 15 20 30 60 92 30 26 26 12 0 16 23 24 121 263 260 221 249 228 60 11 6 5 5 8 6 9 12
P7633 2041 6 7 0 0 0 0 0 9 8 0 0 0 0 0 0 0 0 0 0 0 0 0 0 0 0 105 39 0 0 0 0 -999
P7633 2041 7 0 0 0 14 25 10 0 0 0 19 10 0 0 0 0 25 8 11 0 0 0 0 0 0 0 15 12 21 15 0 0
P7633 2041 8 0 0 0 0 0 0 0 0 0 0 49 69 122 144 132 0 0 0 0 173 188 184 181 169 98 0 0 0 0 0 0
P7633 2041 9 0 0 0 0 0 0 0 0 0 0 0 0 0 0 0 0 0 0 0 0 18 13 22 25 12 5 0 0 0 0 -999
P7633 2041 10 0 16 10 9 15 0 0 22 13 13 29 17 0 0 0 0 0 0 0 0 0 9 0 0 0 0 0 0 0 0 0
P7633 2041 11 0 0 0 0 6 5 0 0 6 5 10 7 6 7 8 6 6 5 6 4 6 20 5 5 7 5 4 4 0 0 -999
P7633 2041 12 0 5 4 6 26 17 0 0 0 0 0 7 5 5 6 12 30 29 6 6 9 0 8 13 0 0 0 0 0 0 0
P7633 2042 1 0 0 0 0 0 5 8 6 0 0 0 0 0 0 0 0 0 0 0 0 0 0 0 0 0 0 0 0 0 0 0
P7633 2042 2 11 17 0 0 0 0 0 0 0 6 0 0 0 0 0 0 0 0 0 0 0 0 0 44 15 7 0 0 -999 -999 -999
P7633 2042 3 0 0 0 0 0 9 0 0 0 0 0 0 8 8 9 11 8 24 170 148 6 5 0 4 4 4 0 0 0 5 6
P7633 2042 4 7 5 0 0 5 6 6 5 5 4 5 5 5 4 5 5 7 11 35 50 216 254 104 32 95 184 85 17 9 13 -999
P7633 2042 5 11 6 7 5 0 0 0 6 17 40 15 0 0 0 0 0 0 0 0 0 0 0 0 0 0 0 0 0 0 6 9
P7633 2042 6 9 12 12 11 13 16 25 28 0 0 0 0 0 0 0 0 0 0 0 0 0 0 0 0 0 0 0 0 0 0 -999
P7633 2042 7 0 0 0 0 0 0 0 0 0 0 0 0 0 40 15 0 0 0 0 0 40 14 7 0 0 0 0 0 0 13 11
P7633 2042 8 0 0 0 0 0 0 0 0 0 0 0 0 0 0 79 0 0 0 0 0 0 0 0 0 0 0 0 0 0 0 0
P7633 2042 9 0 0 0 94 0 0 0 0 0 0 0 0 0 0 0 0 26 0 0 16 27 19 21 15 18 15 0 0 0 0 -999
P7633 2042 10 0 0 0 5 8 16 40 28 19 27 37 29 80 54 12 18 0 0 0 5 6 5 0 0 0 0 0 0 0 0 0
P7633 2042 11 0 0 0 0 0 0 5 6 0 0 0 0 0 0 0 0 0 0 0 6 5 0 0 0 0 0 0 0 5 5 -999
P7633 2042 12 0 0 5 7 7 5 5 5 4 4 4 4 4 5 6 5 4 6 4 0 0 0 4 5 13 7 0 0 0 0 0
P7633 2043 1 0 0 6 5 0 5 16 0 0 0 0 0 0 4 4 4 4 0 0 5 5 4 4 5 4 0 0 0 4 6 11
P7633 2043 2 0 0 0 5 6 9 7 0 0 0 0 0 0 0 0 0 0 0 0 0 0 6 5 0 0 0 0 0 -999 -999 -999
P7633 2043 3 0 6 8 9 5 0 6 12 31 5 7 6 5 0 0 0 0 0 9 5 5 5 53 9 8 5 0 0 0 0 0
P7633 2043 4 5 5 0 6 0 0 0 0 7 10 36 14 0 6 8 12 75 21 8 7 0 0 0 0 0 0 0 0 0 7 -999
P7633 2043 5 16 122 161 48 8 0 0 36 9 0 0 0 0 0 0 0 0 0 29 197 212 240 194 45 14 0 36 6 0 9 8
P7633 2043 6 5 6 5 0 0 0 0 10 0 0 0 0 0 8 0 0 0 0 0 0 0 0 0 0 0 0 21 0 0 0 -999
P7633 2043 7 0 0 0 0 0 0 0 0 0 0 0 0 0 0 0 0 0 0 0 0 0 0 0 0 0 0 0 0 0 0 0
P7633 2043 8 0 0 0 0 0 0 0 0 0 0 0 0 0 0 0 0 0 0 0 29 0 0 0 0 15 16 9 7 12 6 0
P7633 2043 9 0 0 0 0 0 0 0 0 0 0 0 40 80 106 74 79 37 0 0 0 0 0 11 0 0 0 0 7 8 12 -999
P7633 2043 10 29 31 8 12 0 0 0 0 27 8 0 0 0 0 7 8 6 8 0 0 0 0 8 9 12 16 7 6 9 8 0
P7633 2043 11 0 0 0 0 0 0 0 0 0 8 12 13 15 38 0 0 0 0 0 0 0 0 0 0 0 4 6 5 6 6 -999
P7633 2043 12 5 4 0 0 0 0 0 0 0 4 5 6 5 4 5 6 0 5 6 5 5 4 0 0 0 5 4 0 0 0 0
P7633 2044 1 0 0 0 0 0 4 5 0 0 0 0 0 0 0 0 4 4 4 6 14 0 0 0 0 0 0 0 6 13 0 0
P7633 2044 2 0 0 0 0 5 5 0 0 0 4 5 8 13 0 0 0 0 0 0 0 0 0 0 16 8 19 19 7 -999 -999 -999
P7633 2044 3 7 4 5 5 4 5 0 4 4 5 5 6 0 0 0 0 5 12 8 6 5 7 5 0 0 6 6 6 5 4 6
P7633 2044 4 5 5 7 0 0 0 0 0 0 0 0 7 5 4 0 0 0 0 0 0 0 0 6 0 6 8 9 5 0 0 -999
P7633 2044 5 0 0 0 6 8 7 0 13 25 8 7 0 0 0 14 0 0 0 143 136 27 16 0 0 0 0 11 0 16 23 17
P7633 2044 6 9 0 0 0 24 23 12 0 0 0 0 0 0 0 0 0 0 0 0 0 0 7 10 27 53 10 0 0 14 17 -999
P7633 2044 7 12 9 7 10 0 0 0 0 0 0 0 0 0 0 0 0 0 0 0 0 0 0 15 16 17 6 0 9 11 0 0
P7633 2044 8 0 0 0 0 0 0 0 0 0 41 23 0 0 0 0 0 0 13 15 12 0 0 0 0 0 0 0 0 0 0 0
P7633 2044 9 0 0 0 0 0 0 0 0 0 0 0 0 0 0 0 0 0 0 0 0 41 0 0 13 21 19 19 0 0 12 -999
P7633 2044 10 11 14 41 0 0 0 0 0 0 0 0 0 0 0 0 0 0 6 13 6 21 16 10 0 10 0 0 0 0 0 0
P7633 2044 11 0 0 5 7 0 0 0 4 6 6 7 7 8 7 6 10 12 5 4 5 6 5 5 4 5 4 6 12 6 0 -999
P7633 2044 12 0 0 0 0 0 0 0 0 5 6 7 0 7 9 24 42 25 16 0 0 4 5 6 11 12 0 0 0 5 5 5
P7633 2045 1 7 12 9 5 0 5 13 33 17 6 6 5 7 8 6 4 4 9 0 0 0 7 7 7 0 0 0 0 0 0 9
P7633 2045 2 7 24 96 38 9 13 14 12 0 0 5 5 4 0 0 5 0 0 0 0 0 0 0 0 0 0 0 0 -999 -999 -999
P7633 2045 3 0 0 0 0 0 0 0 0 6 9 0 0 9 18 5 5 4 0 0 0 0 0 0 0 0 0 0 0 0 5 6
P7633 2045 4 6 0 0 4 0 13 17 9 0 5 5 0 0 0 8 11 14 0 0 0 0 16 0 0 0 0 0 6 10 11 -999
P7633 2045 5 15 6 0 0 0 0 44 64 13 6 4 0 0 0 0 0 0 0 0 0 6 0 0 0 0 0 0 0 0 6 8
P7633 2045 6 9 13 12 16 11 10 12 10 10 7 7 11 11 0 0 0 13 0 15 8 12 10 27 13 9 7 7 0 0 0 -999
P7633 2045 7 0 0 0 0 0 0 0 0 0 0 0 0 0 0 0 0 0 0 0 0 0 0 0 0 0 0 0 0 0 0 0
P7633 2045 8 0 0 0 0 0 0 0 0 0 0 0 0 0 0 0 0 0 0 0 0 0 0 0 0 0 0 0 0 15 14 0
P7633 2045 9 0 0 0 0 0 0 0 0 0 0 0 0 13 32 51 16 11 0 0 0 0 0 0 11 0 0 0 0 0 16 -999
P7633 2045 10 14 0 33 82 17 0 0 0 0 0 0 0 0 0 11 8 30 8 6 0 0 0 0 0 0 0 0 0 0 0 0
P7633 2045 11 7 16 19 0 0 7 0 0 0 0 6 4 0 0 0 5 9 7 8 0 0 0 6 5 6 6 5 5 4 0 -999
P7633 2045 12 0 0 0 0 4 5 5 12 10 0 0 0 0 0 0 0 0 5 5 6 6 0 0 5 5 6 4 8 0 0 0
P7633 2046 1 0 5 5 5 5 6 5 5 5 5 5 4 4 4 4 4 4 4 6 4 5 6 8 7 5 7 18 8 8 10 10
P7633 2046 2 26 162 216 122 20 17 14 20 12 12 10 11 20 16 9 11 7 5 0 0 4 4 5 5 4 5 5 6 -999 -999 -999
P7633 2046 3 9 76 6 4 5 5 7 30 12 6 5 4 6 5 5 6 7 4 5 6 5 5 5 0 0 0 0 8 11 5 4
P7633 2046 4 0 0 0 6 5 4 5 4 9 7 5 0 0 4 4 4 6 6 7 13 7 6 5 5 5 5 7 10 6 5 -999
P7633 2046 5 0 0 0 0 0 6 6 6 0 0 0 0 7 5 5 9 7 7 0 0 0 0 0 0 0 38 20 7 6 0 0
P7633 2046 6 0 0 0 0 0 0 0 0 0 0 16 8 12 19 15 9 0 6 28 18 9 0 0 0 0 0 0 0 0 0 -999
P7633 2046 7 0 0 0 0 0 0 23 9 0 0 0 0 0 0 0 0 0 0 0 0 0 0 0 0 0 0 0 0 0 0 0
P7633 2046 8 0 0 0 0 0 0 0 0 0 0 0 0 42 12 13 10 0 14 47 16 0 0 0 0 0 0 0 0 28 0 0
P7633 2046 9 0 0 0 0 78 98 104 74 47 26 0 0 63 22 27 24 15 0 0 0 0 0 0 0 0 0 0 0 11 0 -999
P7633 2046 10 25 27 16 37 44 11 9 7 5 0 0 0 0 0 0 0 0 0 0 0 5 5 6 6 4 6 0 6 11 5 6
P7633 2046 11 6 0 0 0 5 33 29 6 0 0 0 0 0 0 0 0 0 0 0 0 0 0 5 5 5 7 0 10 13 6 -999
P7633 2046 12 5 5 7 5 10 59 22 5 7 6 5 4 4 9 7 9 5 5 40 76 9 0 0 0 0 0 0 0 0 0 0
P7633 2047 1 0 0 0 0 0 0 0 4 5 5 5 5 0 9 6 5 6 7 5 6 8 5 5 0 0 0 0 0 0 0 5
P7633 2047 2 5 5 0 5 8 5 5 0 0 0 0 5 4 5 6 0 0 0 0 0 0 0 0 4 5 5 6 4 -999 -999 -999
P7633 2047 3 9 6 5 0 7 15 7 0 0 0 0 0 0 0 0 0 0 0 0 0 0 0 7 14 6 0 5 0 0 5 6
P7633 2047 4 5 5 0 0 0 0 6 7 9 7 7 5 4 0 7 5 5 5 5 7 0 0 0 0 0 0 5 10 8 0 -999
P7633 2047 5 0 0 0 0 12 11 29 73 54 21 25 55 43 17 17 32 23 23 59 23 0 0 0 0 0 0 0 0 0 0 0
P7633 2047 6 0 0 0 0 0 0 0 0 0 0 0 43 18 12 7 8 0 0 0 0 0 0 0 0 0 0 0 0 12 16 -999
P7633 2047 7 14 17 15 13 22 18 0 0 0 0 28 9 0 11 0 0 0 18 33 21 9 0 0 0 0 0 0 0 0 0 0
P7633 2047 8 0 0 0 0 0 0 0 0 0 0 0 0 0 0 0 0 0 0 0 43 44 25 0 0 0 0 0 0 0 0 0
P7633 2047 9 0 0 0 34 0 0 0 0 0 0 0 158 256 151 53 14 7 0 0 0 0 0 0 12 47 23 0 0 15 12 -999
P7633 2047 10 14 17 11 8 5 6 6 5 6 5 10 14 6 5 5 9 8 5 7 5 5 0 0 0 0 0 6 0 0 0 0
P7633 2047 11 0 0 0 0 0 5 6 8 8 6 8 7 6 5 5 5 4 0 0 0 0 0 0 0 0 0 0 0 0 0 -999
P7633 2047 12 0 0 0 0 0 0 0 0 0 0 0 0 0 0 0 0 0 0 0 0 0 0 0 5 6 5 0 0 0 0 0
P7633 2048 1 0 7 0 0 0 0 0 0 0 0 0 4 6 4 0 0 0 0 0 0 0 0 0 0 0 0 0 0 0 0 0
P7633 2048 2 0 0 0 0 0 0 0 0 0 5 0 0 6 7 5 6 5 6 6 0 0 0 0 0 0 0 0 0 -999 -999 -999
P7633 2048 3 0 0 0 0 0 11 23 44 11 7 9 5 5 6 6 30 5 0 5 5 5 0 0 5 5 5 5 4 5 5 5
P7633 2048 4 7 6 0 0 0 0 0 0 5 0 0 0 0 0 0 0 0 8 0 0 7 12 10 5 0 0 0 0 0 0 -999
P7633 2048 5 0 13 7 5 5 5 0 0 8 17 17 10 8 21 41 13 8 8 5 0 29 63 53 64 0 0 0 0 0 0 0
P7633 2048 6 0 0 0 0 0 0 0 0 8 0 0 0 0 0 0 0 0 0 25 0 0 0 0 0 0 0 0 0 0 0 -999
P7633 2048 7 0 0 0 0 0 0 0 0 0 0 0 0 0 0 0 0 16 0 0 0 0 0 0 0 0 0 0 0 0 0 0
P7633 2048 8 0 0 0 0 0 0 0 0 0 0 0 0 23 43 12 9 0 0 0 0 0 0 0 0 0 0 0 0 0 0 0
P7633 2048 9 0 0 0 0 0 0 0 0 13 11 16 7 0 0 0 0 16 23 0 0 0 0 0 0 0 0 38 15 11 5 -999
P7633 2048 10 0 0 0 0 0 6 5 0 0 0 0 0 0 0 0 0 0 0 0 12 6 6 0 0 0 0 0 0 0 0 5
P7633 2048 11 0 0 0 6 0 24 25 12 0 0 0 0 0 0 0 0 9 9 13 6 0 0 0 0 0 7 30 14 10 15 -999
P7633 2048 12 27 27 9 0 8 12 8 0 0 0 0 0 0 0 0 0 0 0 13 10 0 0 0 0 0 0 6 7 24 16 0
P7633 2049 1 0 0 4 5 29 6 5 6 8 13 6 6 6 8 0 0 0 0 0 0 8 10 15 8 5 5 6 7 6 5 11
P7633 2049 2 8 10 13 34 19 0 0 0 0 0 0 0 0 7 0 0 0 0 0 0 0 0 0 0 0 6 5 0 -999 -999 -999
P7633 2049 3 0 0 0 0 0 0 0 0 0 0 0 0 0 0 5 5 0 0 0 0 6 9 10 9 0 0 0 0 5 13 18
P7633 2049 4 13 9 10 0 0 0 0 0 0 0 0 0 0 0 0 11 9 14 0 0 0 8 6 0 16 14 5 0 0 0 -999
P7633 2049 5 5 0 5 4 5 6 5 11 9 7 5 5 5 0 0 0 0 0 6 14 38 10 12 20 19 6 14 30 5 0 0
P7633 2049 6 0 0 0 9 19 0 0 0 0 0 0 0 0 0 0 0 0 0 0 0 0 0 0 0 0 0 0 0 0 0 -999
P7633 2049 7 0 10 9 21 0 0 0 9 7 0 0 0 0 0 0 0 0 0 0 0 0 0 0 0 0 0 0 0 0 0 0
P7633 2049 8 0 0 0 0 0 0 0 0 0 0 0 0 0 0 0 0 0 0 8 11 11 0 0 0 0 0 0 0 0 0 0
P7633 2049 9 0 0 0 0 0 11 44 78 47 32 25 11 13 26 0 23 0 53 62 28 31 10 11 6 0 0 0 0 0 0 -999
P7633 2049 10 0 0 0 0 0 6 5 6 0 0 0 6 11 10 10 10 12 0 0 0 0 7 7 12 26 41 26 18 8 17 47
P7633 2049 11 28 27 11 7 7 7 6 5 6 5 6 7 6 5 7 15 43 9 5 0 4 0 0 5 0 0 0 0 0 4 -999
P7633 2049 12 4 4 5 5 5 6 0 0 0 0 0 0 0 0 4 5 14 7 9 6 6 4 0 4 4 5 6 5 19 14 8
P7633 2050 1 5 5 8 6 5 8 9 21 123 106 10 6 5 5 6 7 5 5 0 0 0 15 21 23 18 9 0 0 0 0 0
P7633 2050 2 0 0 0 0 0 0 0 0 0 0 0 0 0 0 0 0 0 0 8 9 20 12 0 6 5 6 0 0 -999 -999 -999
P7633 2050 3 0 10 16 25 78 225 88 28 42 29 59 17 13 6 5 0 4 6 5 6 26 8 5 5 7 6 10 5 6 5 26
P7633 2050 4 7 5 5 5 6 13 8 6 7 10 9 12 14 8 7 5 5 5 0 6 5 0 0 0 6 5 6 6 0 0 -999
P7633 2050 5 7 5 4 5 6 7 0 0 7 0 0 0 0 0 0 21 25 77 133 39 17 16 26 0 7 16 15 13 29 13 12
P7633 2050 6 0 12 12 9 0 0 0 0 0 12 0 0 0 0 11 17 0 0 0 11 0 0 0 0 0 0 0 0 0 0 -999
P7633 2050 7 0 0 0 0 0 0 0 0 0 0 0 0 0 0 0 0 0 0 0 0 0 0 0 0 11 0 0 0 0 14 0
P7633 2050 8 0 0 0 0 0 0 0 0 0 0 0 0 0 0 0 0 0 0 0 0 0 9 7 0 0 0 0 0 0 0 0
P7633 2050 9 0 0 0 0 0 0 0 0 0 0 0 0 0 0 0 0 0 0 0 0 0 0 0 0 0 0 12 10 14 0 -999
P7633 2050 10 9 9 0 0 0 0 0 0 0 0 0 0 23 66 13 9 9 9 8 10 8 11 22 9 8 6 5 7 0 0 5
P7633 2050 11 0 0 0 4 5 4 5 5 5 5 6 7 9 13 0 0 0 0 0 0 0 6 5 5 0 0 4 5 0 5 -999
P7633 2050 12 5 7 10 0 0 0 4 5 5 0 0 0 0 0 0 0 0 0 5 5 0 0 0 0 0 0 0 0 0 0 5
P7633 2051 1 8 0 0 0 0 0 0 0 0 0 0 0 0 6 6 0 0 0 0 0 0 0 0 0 0 0 0 0 0 12 0
P7633 2051 2 0 8 7 21 16 8 0 0 0 0 5 5 0 0 0 0 8 0 0 6 6 0 0 4 5 0 0 0 -999 -999 -999
P7633 2051 3 0 0 0 0 0 0 0 0 7 14 9 11 5 0 17 8 0 34 15 9 8 38 34 0 0 0 0 0 0 0 17
P7633 2051 4 16 14 10 11 17 83 46 29 0 0 48 34 87 19 9 15 10 22 7 6 5 0 13 11 16 0 0 0 0 14 -999
P7633 2051 5 10 11 5 7 18 158 76 39 35 17 11 28 19 8 5 0 0 7 7 0 0 0 0 195 136 76 26 14 0 0 0
P7633 2051 6 0 0 0 0 0 0 0 0 0 0 0 0 0 0 21 26 0 0 0 0 0 0 39 72 65 64 54 0 0 0 -999
P7633 2051 7 0 0 0 0 0 0 9 12 18 11 0 0 0 0 0 0 0 0 0 73 0 0 0 0 155 0 0 0 0 0 0
P7633 2051 8 0 0 0 0 0 0 0 0 0 0 0 0 0 0 0 0 0 0 0 45 42 14 0 8 10 7 0 0 10 14 0
P7633 2051 9 0 0 0 0 9 0 0 0 0 0 66 115 23 7 0 0 0 0 0 0 0 0 0 0 14 20 18 0 0 0 -999
P7633 2051 10 0 0 0 47 30 0 0 0 13 184 145 16 0 0 0 0 0 0 0 0 0 0 0 5 0 0 8 8 5 6 6
P7633 2051 11 7 14 20 7 8 8 0 0 0 0 0 0 0 0 0 7 12 6 0 0 0 0 0 0 5 0 0 0 8 0 -999
P7633 2051 12 0 0 0 0 5 5 0 5 6 8 5 4 4 5 5 5 6 6 5 0 0 0 0 0 0 0 0 0 0 0 0
P7633 2052 1 0 0 0 0 0 0 0 0 11 36 177 0 47 95 18 8 18 46 17 35 50 95 56 14 7 0 10 62 114 100 13
P7633 2052 2 6 17 66 73 8 7 13 8 6 69 195 182 31 11 8 25 11 5 6 10 0 0 0 6 9 5 0 7 -999 -999 -999
P7633 2052 3 0 0 0 0 0 0 0 0 6 0 0 0 0 9 9 14 7 5 8 16 7 0 5 5 0 0 0 0 0 0 0
P7633 2052 4 0 0 0 6 0 6 19 5 0 0 0 5 5 0 0 0 4 0 0 0 0 0 0 0 0 0 0 0 8 14 -999
P7633 2052 5 0 0 0 0 0 8 0 9 10 8 6 17 73 68 30 6 7 10 21 8 0 0 0 0 10 10 0 0 0 0 0
P7633 2052 6 0 0 0 0 160 207 60 0 0 0 0 0 0 13 0 0 0 0 0 0 0 0 0 0 30 25 0 0 0 0 -999
P7633 2052 7 0 0 0 0 0 0 0 0 0 0 0 23 13 0 0 0 0 0 0 0 0 0 0 0 0 0 0 7 0 7 10
P7633 2052 8 35 26 7 0 0 0 0 0 0 0 0 0 0 0 0 0 0 0 0 0 0 7 0 0 0 0 0 0 0 0 0
P7633 2052 9 0 0 0 0 0 0 0 0 0 0 0 0 0 0 0 0 0 0 0 0 0 0 0 0 0 0 0 0 0 0 -999
P7633 2052 10 0 0 0 0 0 0 0 0 0 0 0 0 0 0 32 15 0 0 9 0 0 0 0 0 12 10 0 0 0 0 0
P7633 2052 11 8 25 7 0 0 0 0 0 0 0 0 5 0 0 0 0 0 0 6 5 5 5 69 27 0 0 0 5 8 5 -999
P7633 2052 12 0 0 0 4 4 9 0 0 0 0 0 0 0 4 8 8 6 5 0 0 4 4 0 0 4 5 0 0 0 4 0
P7633 2053 1 0 0 0 0 0 0 0 0 5 6 5 5 5 5 0 5 4 5 0 85 71 12 100 79 86 42 13 6 4 5 5
P7633 2053 2 11 12 17 13 6 10 5 5 5 9 0 0 0 0 7 10 9 11 21 14 20 29 17 11 15 7 6 5 -999 -999 -999
P7633 2053 3 0 0 0 0 0 0 0 0 0 0 0 0 6 0 0 0 0 0 0 0 0 0 0 0 0 0 0 0 13 7 50
P7633 2053 4 16 9 5 5 0 0 0 0 0 6 0 27 37 19 18 6 6 0 0 0 13 0 13 197 332 204 204 262 286 77 -999
P7633 2053 5 19 15 6 0 0 0 0 0 0 0 0 0 0 0 0 0 0 0 0 0 0 0 0 0 0 0 0 0 8 8 6
P7633 2053 6 0 0 0 0 0 0 0 20 64 0 0 0 0 0 0 0 0 119 83 0 0 0 0 0 41 50 0 0 0 0 -999
P7633 2053 7 0 0 0 0 0 0 0 91 0 0 0 0 0 0 0 0 0 0 0 0 0 0 0 0 0 0 7 10 0 0 0
P7633 2053 8 0 7 0 11 18 0 0 0 0 0 8 0 0 0 0 0 0 0 0 0 0 0 0 247 317 160 38 0 0 15 0
P7633 2053 9 0 0 0 0 0 0 0 0 0 0 18 37 27 0 0 84 34 15 41 69 57 52 80 56 0 0 55 52 15 7 -999
P7633 2053 10 7 14 0 0 15 0 0 97 33 22 35 0 0 0 0 0 0 0 0 9 0 0 0 0 0 0 0 0 0 6 0
P7633 2053 11 0 0 7 6 0 0 0 0 0 9 26 13 0 0 5 5 5 6 4 4 4 5 4 4 0 0 0 0 0 0 -999
P7633 2053 12 0 0 0 0 0 0 0 0 0 7 10 17 15 5 4 0 0 0 0 0 0 0 6 10 11 8 0 0 0 39 33
P7633 2054 1 116 9 0 10 11 9 5 0 0 0 0 0 0 0 0 0 4 5 5 7 9 0 0 0 0 0 0 0 0 0 0
P7633 2054 2 0 0 5 5 4 4 4 4 0 0 0 0 0 0 0 0 0 0 0 0 0 6 7 0 0 0 0 0 -999 -999 -999
P7633 2054 3 0 0 0 0 0 0 0 5 5 0 0 0 0 0 5 6 5 0 0 0 0 0 9 5 0 5 5 8 6 5 5
P7633 2054 4 5 4 0 4 4 5 5 5 0 14 6 0 0 9 13 6 7 6 9 34 21 10 10 8 16 26 7 5 0 0 -999
P7633 2054 5 0 8 17 8 6 5 6 12 37 10 8 17 5 0 0 0 0 0 0 0 5 0 0 0 0 0 5 6 0 0 0
P7633 2054 6 0 0 0 0 0 0 0 0 0 0 0 0 0 0 0 0 0 0 0 0 0 0 0 0 0 0 0 0 0 0 -999
P7633 2054 7 0 0 0 0 0 0 0 0 0 0 0 0 0 0 10 20 31 11 9 11 0 0 0 0 0 0 0 0 0 0 0
P7633 2054 8 0 0 0 0 0 0 0 0 0 0 0 0 0 0 0 0 0 0 0 0 0 0 0 0 0 0 0 0 0 0 118
P7633 2054 9 55 0 0 0 0 68 52 66 55 0 0 0 0 0 0 0 23 31 15 0 0 22 31 19 14 36 15 0 0 0 -999
P7633 2054 10 0 0 19 26 10 0 17 20 10 9 7 8 29 10 0 0 0 0 0 0 49 44 7 0 5 0 0 0 6 0 4
P7633 2054 11 6 8 11 8 10 7 5 6 14 21 0 0 0 0 0 0 5 0 0 0 0 0 0 0 0 0 0 4 4 5 -999
P7633 2054 12 4 4 5 0 0 0 0 0 0 0 0 0 4 0 4 0 0 0 0 0 0 0 0 5 0 0 0 0 0 0 0
P7633 2055 1 0 0 0 5 5 10 18 23 9 8 8 21 17 11 42 18 7 9 6 7 5 9 9 7 6 5 0 0 8 9 14
P7633 2055 2 8 0 0 0 0 0 0 0 0 0 0 0 0 0 5 6 9 0 0 0 0 0 0 0 0 0 0 0 -999 -999 -999
P7633 2055 3 0 8 16 41 7 5 11 5 4 5 5 5 6 9 5 6 10 11 5 6 0 5 8 13 6 8 6 5 10 5 0
P7633 2055 4 0 0 0 0 0 0 4 4 4 4 0 0 5 6 0 0 0 0 0 21 127 76 124 296 223 69 60 16 7 13 -999
P7633 2055 5 9 10 11 8 8 33 25 45 18 10 7 15 72 161 125 22 0 0 0 6 6 6 0 0 0 0 0 0 0 71 12
P7633 2055 6 18 18 13 14 36 16 0 0 0 0 0 0 0 13 16 9 9 8 7 6 0 0 0 0 0 0 0 0 0 0 -999
P7633 2055 7 0 0 0 0 0 0 0 0 0 0 0 0 0 0 0 0 40 52 63 26 16 13 16 0 0 0 0 0 0 0 0
P7633 2055 8 0 0 0 0 0 0 0 0 0 0 0 0 0 0 0 0 0 0 0 0 0 0 0 0 0 0 0 0 0 0 0
P7633 2055 9 0 0 0 0 0 0 0 0 0 0 0 0 0 0 0 0 0 0 0 0 0 0 0 9 13 0 0 0 0 0 -999
P7633 2055 10 0 0 0 0 0 0 0 6 7 0 0 5 8 0 6 0 0 0 5 0 0 0 0 5 8 8 0 0 0 0 0
P7633 2055 11 0 10 13 26 9 7 34 160 17 0 0 0 0 0 0 5 7 0 0 0 0 5 6 5 8 0 0 0 0 5 -999
P7633 2055 12 6 7 11 0 0 0 0 0 0 8 11 14 11 6 5 4 0 0 0 4 4 4 0 0 0 0 0 0 0 0 5
P7633 2056 1 8 0 0 0 0 0 5 5 10 19 0 0 0 0 0 0 0 0 0 0 5 6 4 4 5 5 0 4 5 0 5
P7633 2056 2 0 0 0 0 0 0 0 0 0 0 0 0 0 0 0 0 0 0 0 0 0 0 0 6 0 0 0 0 -999 -999 -999
P7633 2056 3 0 8 7 0 0 0 0 0 0 15 10 0 0 0 0 55 12 6 0 0 5 5 0 5 7 19 10 7 7 19 15
P7633 2056 4 0 0 0 0 15 36 32 14 22 9 13 8 0 0 114 194 118 78 185 73 21 41 68 20 14 17 21 43 6 0 -999
P7633 2056 5 7 9 7 5 6 34 20 14 9 0 0 6 5 0 0 0 0 0 0 0 0 0 0 15 40 9 14 9 0 0 0
P7633 2056 6 31 27 10 13 14 12 6 8 0 0 0 0 0 0 0 0 6 0 0 0 0 0 0 0 0 0 0 0 0 0 -999
P7633 2056 7 0 21 33 0 0 0 0 0 13 0 0 0 0 0 7 0 0 0 0 0 0 0 0 0 0 0 0 0 0 0 0
P7633 2056 8 0 0 0 0 0 0 0 0 0 0 0 0 0 0 0 0 0 0 0 0 0 0 0 0 0 0 0 0 0 0 0
P7633 2056 9 0 0 0 0 0 0 0 0 19 56 148 38 0 0 0 0 0 0 0 0 0 0 0 0 0 0 0 0 9 20 -999
P7633 2056 10 71 17 9 0 0 0 0 0 61 70 30 0 0 0 0 0 0 0 0 0 0 0 0 16 21 19 0 0 0 0 0
P7633 2056 11 0 0 0 5 6 5 7 5 0 0 0 0 0 0 0 0 0 0 8 5 0 0 0 0 4 7 41 200 86 12 -999
P7633 2056 12 5 5 8 8 19 5 4 4 0 4 6 7 7 4 4 4 5 4 5 6 9 5 0 0 0 0 0 0 0 0 0
P7633 2057 1 0 0 0 0 0 5 0 5 8 0 0 0 0 0 0 0 0 0 0 0 0 0 0 0 0 5 5 6 5 5 4
P7633 2057 2 0 4 5 4 4 5 6 4 5 8 5 0 0 0 0 0 0 7 5 5 8 17 38 90 85 16 6 9 -999 -999 -999
P7633 2057 3 10 0 0 16 39 56 73 16 0 7 7 0 0 0 0 0 0 0 5 0 0 0 0 0 5 5 5 0 0 5 5
P7633 2057 4 5 0 6 16 45 16 0 10 8 14 30 11 12 17 6 10 6 6 7 5 6 6 0 0 0 0 0 11 8 0 -999
P7633 2057 5 0 0 0 0 6 0 0 0 11 8 8 9 10 12 10 8 13 13 7 5 0 0 0 6 7 15 16 15 7 6 6
P7633 2057 6 7 9 8 0 0 0 0 0 0 8 23 59 39 0 0 0 0 0 0 85 20 0 0 0 0 0 0 0 0 0 -999
P7633 2057 7 0 0 0 0 0 0 0 0 11 0 0 0 0 0 0 0 0 0 0 0 0 0 0 0 0 0 0 0 0 0 0
P7633 2057 8 0 0 0 0 0 0 0 0 0 0 0 0 0 0 0 0 0 75 0 0 0 0 0 0 0 0 0 0 0 0 0
P7633 2057 9 0 29 0 0 0 64 41 44 33 47 28 0 24 40 130 89 0 0 0 0 0 0 0 0 0 19 13 0 0 0 -999
P7633 2057 10 0 0 6 0 0 0 0 0 0 0 0 0 0 61 38 7 0 6 0 0 0 0 0 0 0 0 0 0 0 6 4
P7633 2057 11 5 5 4 7 20 17 9 7 26 18 21 56 7 6 5 4 5 0 0 4 0 0 0 0 0 0 0 0 0 0 -999
P7633 2057 12 0 0 0 0 0 0 0 0 7 6 10 7 6 8 7 7 0 0 0 0 0 0 0 0 0 0 0 0 9 15 9
P7633 2058 1 0 0 0 0 0 0 0 0 0 6 6 0 8 39 13 0 0 12 0 0 0 0 0 0 0 0 5 7 9 0 0
P7633 2058 2 0 5 0 0 0 0 0 0 0 0 0 0 0 0 0 0 0 0 0 0 0 0 0 0 0 0 0 0 -999 -999 -999
P7633 2058 3 0 0 0 0 0 0 0 0 0 0 0 0 0 0 0 0 0 0 0 0 6 4 0 6 6 5 5 0 0 0 0
P7633 2058 4 0 0 0 0 11 9 0 0 7 12 6 5 0 0 0 0 0 0 7 7 6 0 0 0 0 0 0 0 0 0 -999
P7633 2058 5 0 0 0 0 6 7 22 0 0 0 0 10 21 18 0 0 0 0 0 6 0 6 7 6 6 6 12 20 12 9 8
P7633 2058 6 22 25 0 0 0 0 0 0 0 0 19 0 0 0 0 0 0 0 0 11 0 0 0 0 0 0 0 0 0 0 -999
P7633 2058 7 0 0 0 0 0 0 0 0 0 0 0 0 0 0 7 0 6 10 0 0 0 0 0 0 0 0 0 0 0 0 0
P7633 2058 8 0 0 0 0 0 0 0 0 0 0 0 0 0 0 0 0 0 0 0 0 0 0 0 0 0 0 0 0 0 8 0
P7633 2058 9 0 0 8 0 0 0 0 0 0 0 0 0 0 12 0 0 0 0 0 0 0 10 8 7 0 0 0 0 0 0 -999
P7633 2058 10 0 0 0 0 7 0 0 0 0 0 0 0 0 0 0 0 0 0 0 0 0 9 17 0 0 0 0 0 0 0 0
P7633 2058 11 0 0 0 0 0 0 0 6 6 0 4 5 4 5 0 5 6 5 6 8 9 5 0 0 0 5 6 12 7 9 -999
P7633 2058 12 8 13 5 0 0 0 0 0 5 0 0 0 0 0 0 0 0 15 6 4 4 4 0 0 0 4 5 5 6 5 5
P7633 2059 1 11 5 5 5 4 5 0 0 0 0 0 0 0 0 0 0 0 0 0 11 10 5 0 0 6 0 0 0 0 0 0
P7633 2059 2 0 0 0 0 0 0 0 0 0 0 0 0 0 0 0 0 0 0 0 0 0 0 0 0 0 0 0 0 -999 -999 -999
P7633 2059 3 0 0 0 0 0 0 0 0 0 0 0 6 10 13 7 0 0 0 0 0 9 5 5 5 5 4 4 8 27 43 8
P7633 2059 4 0 0 0 0 0 0 0 0 0 0 0 0 11 0 0 0 0 0 0 0 0 8 18 82 44 16 15 107 20 6 -999
P7633 2059 5 0 0 18 30 76 9 9 12 18 15 14 14 15 13 0 12 7 8 10 12 0 0 0 0 0 0 0 0 33 0 0
P7633 2059 6 0 0 0 0 0 15 38 56 25 0 0 0 0 0 0 0 0 0 54 59 29 0 0 0 0 34 44 0 0 0 -999
P7633 2059 7 0 0 0 0 0 0 0 0 0 0 7 0 0 0 20 19 17 13 0 0 0 0 0 0 0 0 0 0 0 0 0
P7633 2059 8 0 0 0 0 0 0 0 0 0 0 0 0 0 0 0 0 0 0 0 0 0 0 0 0 0 0 0 0 0 0 0
P7633 2059 9 0 27 31 0 0 0 0 0 0 0 0 0 0 0 0 0 0 0 0 0 0 0 0 7 16 18 27 0 0 0 -999
P7633 2059 10 0 0 0 0 0 0 0 0 0 0 0 0 0 0 26 28 0 0 0 11 5 7 6 7 6 5 8 23 0 19 6
P7633 2059 11 9 26 21 38 156 36 0 0 5 0 4 5 0 8 7 20 22 9 0 0 0 0 5 15 9 0 5 9 23 7 -999
P7633 2059 12 0 0 0 0 0 0 0 0 0 4 0 0 4 0 5 15 0 0 0 0 0 0 0 0 0 0 0 16 7 5 0
P7633 2060 1 0 5 7 7 8 7 0 0 0 0 0 0 0 0 0 0 0 0 0 0 0 0 0 0 0 0 0 0 0 0 0
P7633 2060 2 0 0 0 0 5 7 5 5 9 7 5 5 6 9 39 18 5 4 4 4 4 5 5 5 6 5 5 5 -999 -999 -999
P7633 2060 3 5 5 4 4 5 13 14 43 5 5 0 0 0 0 0 0 8 9 9 7 55 22 5 0 0 0 0 7 6 5 5
P7633 2060 4 0 0 0 0 0 0 0 0 0 0 0 9 0 0 0 0 0 9 0 0 0 0 0 0 0 0 0 0 0 0 -999
P7633 2060 5 0 0 0 0 0 0 0 0 0 0 0 0 0 0 0 0 0 24 10 7 0 0 14 27 34 24 30 123 141 0 0
P7633 2060 6 37 95 88 74 27 23 78 14 6 6 10 8 8 0 0 0 0 0 18 0 25 11 0 0 0 8 0 0 0 0 -999
P7633 2060 7 0 0 0 0 0 0 0 0 0 0 0 0 0 0 0 0 13 0 0 0 0 0 0 0 0 47 38 17 0 0 0
P7633 2060 8 0 0 0 0 0 37 19 11 0 0 0 0 0 0 0 25 0 0 64 21 0 0 0 0 0 0 0 0 0 0 0
P7633 2060 9 0 0 0 0 0 0 0 0 0 0 0 0 0 0 10 11 10 0 0 0 0 0 0 0 88 91 15 0 0 0 -999
P7633 2060 10 0 0 0 0 0 0 0 0 0 0 0 8 7 7 5 0 0 0 0 0 0 5 0 0 5 0 7 17 13 8 7
P7633 2060 11 19 6 5 0 0 0 0 0 0 0 0 0 5 5 0 0 0 4 5 5 0 0 0 0 0 0 5 5 0 0 -999
P7633 2060 12 0 0 6 5 5 6 6 0 0 8 0 0 0 0 0 4 0 4 0 0 4 4 0 0 0 0 0 0 0 0 0
P7633 2061 1 0 0 0 0 0 0 0 0 0 0 0 0 0 6 7 0 4 5 6 4 5 4 5 6 19 6 5 4 4 4 4
P7633 2061 2 0 0 0 0 0 0 0 0 6 10 7 18 9 5 5 7 9 5 0 5 5 6 5 5 5 5 5 5 -999 -999 -999
P7633 2061 3 6 9 6 5 4 0 5 7 7 6 5 5 5 5 5 4 5 10 10 7 5 5 0 0 0 0 0 0 0 0 0
P7633 2061 4 0 0 0 8 7 9 14 45 189 42 28 56 101 36 16 16 169 217 23 7 0 0 0 0 7 14 24 27 19 18 -999
P7633 2061 5 71 55 19 35 23 14 0 0 0 0 0 0 0 0 0 0 0 0 0 0 0 0 0 0 0 0 0 0 0 0 23
P7633 2061 6 48 100 53 0 0 0 0 0 0 0 23 32 21 23 14 0 0 0 0 0 0 0 0 0 0 0 0 0 0 0 -999
P7633 2061 7 0 0 0 0 0 0 0 0 0 0 0 0 0 0 0 0 0 0 0 0 0 0 0 0 0 0 0 0 0 0 0
P7633 2061 8 0 0 0 0 0 0 0 0 0 0 0 0 0 0 0 0 0 0 0 0 0 0 0 11 15 0 0 0 0 0 0
P7633 2061 9 0 0 0 0 0 0 0 0 0 0 0 0 14 0 0 9 43 44 20 5 9 5 0 0 0 0 0 0 0 0 -999
P7633 2061 10 0 0 5 12 13 31 7 8 27 16 37 0 0 0 0 0 0 0 0 0 0 0 0 0 7 8 6 5 0 5 5
P7633 2061 11 0 0 0 8 0 0 0 7 12 7 0 0 0 0 0 0 0 0 0 0 0 0 0 0 0 0 0 0 0 0 -999
P7633 2061 12 7 8 5 0 0 0 0 0 0 0 0 0 0 0 0 0 0 0 5 0 0 0 0 0 0 0 0 0 0 5 0
P7633 2062 1 0 0 0 0 0 0 106 0 65 25 0 17 9 7 7 5 5 5 5 0 0 0 0 0 0 0 0 0 0 4 6
P7633 2062 2 4 6 5 5 5 4 4 4 5 5 6 0 0 0 0 7 18 36 35 44 140 85 28 56 221 9 4 0 -999 -999 -999
P7633 2062 3 0 0 0 0 0 0 5 0 0 0 0 0 0 10 0 6 0 0 0 0 0 0 4 0 5 8 0 0 0 0 0
P7633 2062 4 0 5 5 0 0 9 8 18 38 8 23 5 0 0 0 0 0 0 0 0 5 5 7 11 5 9 0 0 8 9 -999
P7633 2062 5 22 0 21 11 0 0 0 60 23 12 0 0 0 0 0 0 0 16 15 9 0 0 0 0 0 0 0 8 10 6 6
P7633 2062 6 6 6 8 0 0 0 0 0 0 0 11 10 12 0 0 0 0 0 0 0 0 0 0 0 0 0 0 0 0 0 -999
P7633 2062 7 0 0 0 0 0 0 0 0 0 0 0 0 0 0 0 0 0 0 0 0 0 0 0 0 0 0 0 0 0 0 0
P7633 2062 8 0 11 9 0 0 0 0 0 0 27 31 0 25 0 0 0 0 0 0 0 0 0 0 0 0 0 0 0 0 0 0
P7633 2062 9 11 13 0 0 0 0 0 0 0 0 0 0 0 0 0 0 0 0 0 0 0 0 0 0 0 0 0 0 47 34 -999
P7633 2062 10 15 0 0 0 0 0 6 17 11 13 16 0 0 0 0 0 0 0 0 8 6 6 5 0 13 23 30 97 33 6 0
P7633 2062 11 0 0 6 6 5 7 9 66 23 0 9 7 9 15 6 0 0 0 0 5 5 7 5 5 5 10 0 0 0 0 -999
P7633 2062 12 0 0 0 0 0 0 5 0 5 8 6 0 0 0 0 6 8 0 0 5 5 6 4 0 5 0 0 0 0 0 0
P7633 2063 1 0 0 5 6 8 0 0 0 0 0 0 0 0 0 0 0 0 0 0 0 6 0 0 5 0 0 5 6 0 0 0
P7633 2063 2 0 0 0 0 0 0 8 7 5 5 0 0 0 0 5 0 0 0 0 0 5 9 11 7 0 0 0 0 -999 -999 -999
P7633 2063 3 12 28 35 51 0 0 6 6 6 6 5 6 8 8 99 20 5 0 0 18 34 23 12 183 296 42 12 19 7 5 0
P7633 2063 4 6 19 9 0 0 0 0 0 0 5 9 7 6 0 0 12 26 10 0 0 0 6 7 6 6 0 7 16 17 6 -999
P7633 2063 5 5 0 0 0 0 0 0 0 0 10 11 8 16 23 8 6 5 6 6 0 0 5 5 0 0 0 0 0 0 0 0
P7633 2063 6 0 0 0 0 0 0 0 0 0 0 0 0 0 0 0 0 0 10 9 0 0 13 0 0 0 0 0 0 0 0 -999
P7633 2063 7 0 0 0 0 0 0 0 0 0 0 0 0 0 0 0 0 0 0 0 0 0 0 0 0 0 0 0 0 0 0 0
P7633 2063 8 0 0 0 0 0 0 0 0 0 0 0 0 0 0 0 0 0 0 0 0 0 0 0 0 0 9 10 12 16 0 0
P7633 2063 9 0 0 0 0 0 0 0 0 0 12 0 0 0 0 0 0 184 80 23 0 0 0 0 0 0 47 29 0 0 0 -999
P7633 2063 10 0 0 0 9 30 14 6 0 0 6 6 6 9 5 5 5 0 0 0 10 12 7 8 0 0 0 0 8 17 9 0
P7633 2063 11 0 0 14 0 0 0 0 0 0 0 7 0 0 0 0 0 0 0 0 6 5 0 0 0 10 9 0 4 6 5 -999
P7633 2063 12 4 4 4 0 7 9 0 0 0 0 4 4 0 4 0 0 0 0 0 0 0 0 4 5 5 0 5 0 0 4 0
P7633 2064 1 0 0 0 4 9 4 0 0 0 0 5 5 5 6 6 6 21 104 0 6 21 42 122 64 0 0 0 0 0 0 0
P7633 2064 2 0 0 0 0 0 0 0 0 0 0 0 0 14 117 8 7 7 6 0 0 0 0 0 0 0 33 126 36 -999 -999 -999
P7633 2064 3 11 8 10 13 6 5 0 4 0 4 4 4 0 0 0 5 0 5 5 0 0 0 7 5 0 0 0 0 0 18 27
P7633 2064 4 16 23 56 64 48 49 0 6 5 0 0 0 0 0 0 6 8 7 5 6 0 0 0 69 57 0 0 26 11 0 -999
P7633 2064 5 0 11 5 0 0 0 0 0 0 0 5 5 0 5 6 7 0 0 0 12 6 7 14 18 10 7 15 13 0 0 11
P7633 2064 6 11 0 0 0 30 0 0 0 0 10 9 0 0 0 0 0 0 0 13 12 0 0 0 0 0 0 0 0 0 0 -999
P7633 2064 7 0 0 0 0 0 0 15 0 0 0 0 0 0 0 0 0 0 0 0 0 0 0 0 0 0 0 0 0 0 0 0
P7633 2064 8 0 0 0 0 0 0 0 0 0 0 0 0 0 0 0 0 0 103 0 0 0 0 0 0 0 26 17 0 0 0 0
P7633 2064 9 0 0 0 0 0 0 0 0 0 34 22 26 14 16 0 0 0 0 0 28 22 42 20 0 0 0 14 8 5 0 -999
P7633 2064 10 0 0 0 0 0 0 0 0 0 11 29 28 0 0 0 0 0 0 0 0 0 6 0 5 5 0 0 0 0 0 0
P7633 2064 11 0 0 0 0 0 6 5 6 0 0 0 0 0 0 7 6 0 0 0 0 0 0 23 61 11 0 0 6 8 31 -999
P7633 2064 12 0 0 0 0 0 0 0 0 6 6 5 0 0 0 0 0 0 0 0 7 7 6 0 0 0 0 0 4 4 4 4
P7633 2065 1 5 6 11 8 5 17 215 285 26 149 22 5 4 5 0 0 0 0 0 0 0 0 0 0 0 0 0 0 0 0 0
P7633 2065 2 0 4 6 5 0 0 0 0 0 0 0 0 0 0 0 0 0 0 5 0 10 0 0 0 4 0 0 0 -999 -999 -999
P7633 2065 3 0 0 0 0 0 0 6 5 5 7 0 0 0 0 0 0 5 8 0 0 0 0 0 6 8 18 6 8 5 8 38
P7633 2065 4 9 6 16 9 7 12 0 0 0 0 27 126 146 193 167 25 0 0 0 0 0 0 0 0 9 10 11 0 7 7 -999
P7633 2065 5 5 0 4 0 7 10 20 95 38 8 7 5 0 6 0 6 5 0 0 0 6 0 0 0 0 0 0 0 0 0 8
P7633 2065 6 25 20 9 13 17 8 8 6 10 19 18 14 5 0 0 0 0 7 0 6 17 41 0 0 0 0 0 0 0 0 -999
P7633 2065 7 0 0 0 0 0 0 0 0 0 0 0 0 0 0 0 0 0 0 0 0 0 0 0 0 0 0 0 0 0 0 0
P7633 2065 8 0 0 0 0 0 0 0 0 0 0 0 0 0 0 0 0 0 0 0 0 0 0 0 0 0 0 0 0 0 0 0
P7633 2065 9 0 0 0 0 0 0 0 0 0 0 0 0 0 22 26 31 0 0 0 8 61 84 54 38 54 24 14 15 9 0 -999
P7633 2065 10 0 0 0 0 0 0 0 6 7 22 37 0 0 0 0 0 10 18 9 5 0 0 0 6 0 0 0 0 0 0 0
P7633 2065 11 0 0 0 0 4 0 0 4 6 0 0 0 0 0 0 0 0 0 0 0 0 0 0 0 0 6 8 0 0 0 -999
P7633 2065 12 0 0 0 0 0 0 0 0 0 0 5 4 0 0 0 0 0 0 0 6 7 10 106 35 6 5 0 6 6 0 0
P7633 2066 1 0 0 0 0 6 0 0 0 0 9 0 0 0 0 9 9 9 0 0 0 0 0 0 0 0 0 0 0 0 0 0
P7633 2066 2 0 0 0 0 0 6 8 17 9 0 0 0 0 0 0 0 10 40 9 8 0 0 0 10 6 6 4 6 -999 -999 -999
P7633 2066 3 6 8 13 40 207 8 5 14 171 26 6 6 6 9 5 5 5 5 0 9 24 11 5 4 4 0 0 5 10 10 7
P7633 2066 4 5 8 0 0 0 0 7 20 10 0 0 0 0 0 0 5 6 6 8 7 8 0 0 0 0 0 0 0 0 0 -999
P7633 2066 5 0 0 0 0 0 0 0 0 0 0 0 0 0 0 14 7 13 10 7 7 10 0 21 12 30 58 32 0 0 6 9
P7633 2066 6 21 0 0 0 0 0 0 0 9 0 0 0 0 0 0 0 0 0 0 0 0 0 0 0 0 0 0 0 0 0 -999
P7633 2066 7 0 0 22 20 0 0 0 0 0 0 0 0 0 0 0 0 0 0 0 0 28 30 0 0 0 0 0 0 0 0 0
P7633 2066 8 0 0 0 0 0 0 0 0 0 0 0 0 0 0 0 0 0 0 0 0 0 0 0 0 0 0 0 0 0 0 0
P7633 2066 9 0 0 0 0 0 0 0 0 0 0 0 0 0 0 0 0 0 0 0 0 0 0 0 0 0 0 0 0 0 0 -999
P7633 2066 10 0 0 0 0 0 0 0 0 0 0 0 0 42 17 6 5 5 6 8 0 0 8 12 15 21 12 10 11 10 10 12
P7633 2066 11 12 7 6 0 0 54 50 56 73 59 28 10 0 0 0 0 5 6 9 7 5 5 0 0 0 6 9 7 5 5 -999
P7633 2066 12 6 58 43 16 0 0 0 0 8 5 5 6 5 4 5 5 5 5 7 0 0 0 6 8 6 10 5 7 11 10 10
P7633 2067 1 7 13 31 187 154 111 100 207 147 8 5 7 55 63 8 6 8 9 9 7 0 12 40 70 24 6 5 5 32 180 29
P7633 2067 2 8 6 6 6 0 0 0 5 5 5 6 6 9 0 0 0 0 0 6 9 27 16 9 0 0 5 5 0 -999 -999 -999
P7633 2067 3 0 0 0 6 0 0 0 0 0 0 0 0 5 0 0 9 8 0 0 0 0 0 0 7 5 5 6 20 8 0 0
P7633 2067 4 0 0 0 0 0 0 11 20 11 5 0 0 5 16 17 21 6 4 6 9 9 0 0 0 5 6 6 7 7 8 -999
P7633 2067 5 0 0 0 0 9 29 26 13 17 23 10 10 14 12 9 7 5 6 11 26 11 7 5 0 0 0 0 0 0 0 0
P7633 2067 6 0 0 0 0 0 0 0 110 48 0 0 0 13 12 0 10 0 0 0 0 0 0 0 0 0 0 0 0 0 0 -999
P7633 2067 7 0 0 0 0 0 0 0 0 0 0 0 0 0 0 0 0 0 0 0 0 0 0 0 10 9 0 0 0 0 8 0
P7633 2067 8 0 0 0 0 0 0 0 0 0 0 0 0 0 0 0 0 0 0 0 0 0 0 0 8 0 0 0 0 0 0 0
P7633 2067 9 0 0 0 0 0 0 0 36 0 0 0 0 0 0 0 0 0 0 0 0 0 0 0 25 30 24 76 104 93 0 -999
P7633 2067 10 0 0 0 0 0 0 56 128 68 13 10 0 0 0 0 0 0 0 0 0 0 0 0 0 0 0 0 0 12 0 10
P7633 2067 11 6 5 5 7 7 7 21 8 5 4 0 4 5 0 5 5 0 5 7 5 0 0 0 0 5 4 5 0 0 0 -999
P7633 2067 12 0 0 0 5 7 6 6 0 5 5 4 5 5 6 0 0 0 0 0 5 0 5 0 0 0 0 0 0 0 0 0
P7633 2068 1 0 0 0 0 0 0 0 0 0 4 4 0 0 0 0 0 0 7 5 6 12 20 13 12 8 8 7 6 5 6 5
P7633 2068 2 5 0 0 0 0 4 6 15 21 44 6 11 24 9 33 33 21 0 0 0 0 0 0 7 16 8 0 0 -999 -999 -999
P7633 2068 3 0 0 0 5 15 88 28 38 18 116 8 7 6 0 0 11 5 6 7 9 5 0 0 9 0 0 0 0 0 0 0
P7633 2068 4 5 0 0 5 5 5 0 0 0 0 0 0 0 0 0 0 0 0 0 0 5 6 6 6 8 0 5 5 5 0 -999
P7633 2068 5 0 0 0 17 70 174 49 6 6 5 5 16 26 6 7 10 8 11 11 19 15 7 0 0 7 0 0 0 0 49 24
P7633 2068 6 15 0 0 0 0 0 0 0 0 0 0 0 0 8 0 0 0 0 0 0 0 0 0 0 0 0 0 0 0 0 -999
P7633 2068 7 0 0 0 0 0 0 0 0 0 0 0 0 0 0 0 0 0 0 0 0 0 0 0 0 0 0 0 0 0 0 0
P7633 2068 8 0 0 0 0 0 0 0 0 0 0 0 0 0 0 0 0 0 0 0 0 0 0 0 0 10 9 0 0 0 0 0
P7633 2068 9 0 0 0 0 0 0 0 0 0 0 0 0 0 0 0 0 0 0 20 37 25 37 15 11 30 12 14 9 16 17 -999
P7633 2068 10 7 16 10 6 0 0 0 6 0 0 0 0 19 29 0 0 0 0 9 11 0 5 9 7 5 0 0 0 0 6 0
P7633 2068 11 0 0 0 0 0 0 0 0 0 0 0 0 0 0 0 6 5 0 0 0 5 8 8 6 8 0 0 21 17 15 -999
P7633 2068 12 0 5 5 0 5 9 8 0 0 5 5 0 0 0 6 6 12 21 8 0 0 5 0 0 0 0 4 0 0 0 0
P7633 2069 1 0 0 0 0 0 0 4 5 5 23 9 7 7 0 0 0 0 0 0 0 0 0 0 16 13 11 8 5 6 8 5
P7633 2069 2 5 4 4 0 5 8 5 0 5 6 5 4 4 5 0 0 0 0 0 0 0 0 0 0 0 0 0 0 -999 -999 -999
P7633 2069 3 5 7 9 11 6 5 6 7 6 7 7 7 0 0 0 0 0 0 0 0 0 0 0 0 5 0 4 6 5 5 0
P7633 2069 4 5 0 0 0 0 0 5 11 7 5 11 5 6 8 7 10 7 6 9 7 4 0 0 5 0 6 0 7 17 22 -999
P7633 2069 5 12 5 5 0 5 11 24 22 6 5 0 0 0 0 0 6 6 0 8 14 7 6 0 0 9 9 12 9 7 0 0
P7633 2069 6 0 10 19 0 0 0 0 0 0 0 0 0 0 0 0 0 0 0 0 0 10 0 0 0 0 0 0 0 0 0 -999
P7633 2069 7 0 10 12 13 0 0 0 0 0 0 0 0 0 0 0 0 0 0 0 0 0 0 0 0 0 0 0 0 0 0 0
P7633 2069 8 0 0 0 0 0 0 0 0 0 0 0 0 0 0 0 0 0 0 0 0 0 0 0 82 0 0 0 0 0 0 0
P7633 2069 9 0 0 27 27 0 0 0 0 0 0 0 0 0 0 0 0 0 0 23 14 0 0 0 0 0 0 8 6 5 10 -999
P7633 2069 10 10 19 15 9 8 6 0 0 0 0 0 0 0 0 0 5 6 0 0 0 6 12 8 5 5 5 6 0 0 0 6
P7633 2069 11 14 14 5 0 0 0 0 0 7 17 120 279 248 109 14 8 13 0 0 0 8 0 0 5 8 4 5 4 5 5 -999
P7633 2069 12 0 4 6 104 162 283 66 5 0 0 0 0 0 0 0 0 0 0 0 0 0 0 5 5 0 0 5 0 9 0 0
P7633 2070 1 19 9 6 0 4 4 0 0 4 5 0 0 0 0 0 0 0 0 5 5 4 7 12 7 4 4 4 4 0 5 7
P7633 2070 2 7 6 5 5 0 0 0 5 6 4 4 6 9 10 19 31 19 6 0 0 0 6 5 5 7 5 13 7 -999 -999 -999
P7633 2070 3 14 0 0 0 0 0 0 9 28 64 21 16 6 8 0 0 0 0 5 5 5 9 5 0 24 10 0 0 0 0 0
P7633 2070 4 7 16 7 0 5 5 5 5 5 5 5 5 5 7 10 5 6 6 6 0 7 12 7 5 5 5 0 7 8 8 -999
P7633 2070 5 0 0 0 0 8 7 9 11 0 0 0 8 12 38 11 5 0 0 7 0 0 0 0 15 7 0 0 10 22 63 117
P7633 2070 6 147 71 28 0 17 13 0 0 0 0 0 0 0 200 146 0 0 0 0 0 0 0 0 0 0 0 0 0 0 0 -999
P7633 2070 7 0 0 0 0 0 0 0 0 0 0 0 0 0 0 0 0 0 0 0 0 0 0 0 0 0 0 0 0 0 12 18
P7633 2070 8 54 0 0 0 0 0 0 0 0 0 0 0 0 0 0 0 0 0 0 0 0 0 0 0 0 0 0 0 0 0 0
P7633 2070 9 0 0 0 0 0 13 18 0 0 0 0 0 0 0 23 23 0 0 0 0 30 20 0 0 60 34 21 51 23 33 -999
P7633 2070 10 39 41 70 11 0 0 29 74 68 68 30 59 46 17 14 21 17 7 12 24 7 12 7 0 0 0 0 0 0 7 16
P7633 2070 11 120 129 30 6 6 0 4 5 6 8 5 4 6 6 0 0 5 10 0 0 5 5 5 5 0 0 0 0 0 5 -999
P7633 2070 12 0 0 0 0 0 0 0 0 0 0 0 0 6 0 0 0 0 0 0 0 0 5 5 0 4 0 0 5 4 4 0
P7633 2071 1 0 0 0 5 5 6 0 0 5 6 5 4 5 5 7 36 259 114 22 7 9 7 7 5 5 5 0 0 0 0 4
P7633 2071 2 5 0 0 0 5 4 0 0 0 0 0 0 0 0 0 0 0 0 0 0 4 5 0 0 5 5 5 5 -999 -999 -999
P7633 2071 3 0 0 0 0 0 0 0 0 0 4 5 0 0 0 7 11 9 12 9 6 0 0 0 0 32 9 0 0 8 7 8
P7633 2071 4 14 9 0 0 12 8 0 0 0 0 0 0 0 0 0 0 0 0 0 0 23 23 17 11 0 0 0 0 0 0 -999
P7633 2071 5 0 0 0 0 0 0 0 0 0 0 0 0 0 0 9 7 8 7 8 12 43 121 20 0 0 0 0 0 0 0 0
P7633 2071 6 11 14 24 15 15 35 36 10 5 0 0 0 0 0 0 0 0 0 0 0 0 0 0 0 0 0 0 0 0 0 -999
P7633 2071 7 0 0 0 0 0 0 0 0 0 0 0 0 0 0 0 0 0 0 0 0 0 0 0 0 14 0 0 0 0 0 0
P7633 2071 8 0 0 0 0 0 0 0 0 0 0 0 0 0 19 26 0 0 0 0 0 0 0 0 0 0 0 0 0 0 0 0
P7633 2071 9 0 0 0 0 0 0 0 12 31 0 0 0 0 0 0 0 0 0 0 0 0 16 0 0 0 0 0 0 0 0 -999
P7633 2071 10 0 0 8 0 0 0 0 7 10 16 9 5 0 0 0 0 0 0 0 0 0 0 0 0 7 8 0 0 0 0 0
P7633 2071 11 5 5 0 0 0 0 8 8 31 22 11 8 0 0 0 0 8 7 0 0 0 0 0 0 0 6 6 5 0 0 -999
P7633 2071 12 0 0 0 0 0 4 6 10 0 0 0 0 0 0 0 0 0 0 7 0 0 0 0 0 0 0 0 0 0 0 0
P7633 2072 1 0 0 0 0 0 4 10 9 0 4 5 7 0 0 0 5 0 0 0 0 0 5 7 16 0 0 0 5 6 5 4
P7633 2072 2 0 0 0 5 4 5 0 4 0 4 4 6 6 28 9 59 45 13 10 16 5 4 5 5 5 0 5 8 -999 -999 -999
P7633 2072 3 0 0 0 0 9 9 6 4 4 0 0 4 5 0 0 0 0 0 8 17 26 17 23 20 6 0 0 242 177 9 0
P7633 2072 4 0 0 0 0 14 58 10 41 50 6 10 7 0 36 160 48 9 6 10 27 79 84 176 133 30 40 0 153 99 15 -999
P7633 2072 5 14 9 15 46 17 0 7 11 22 64 9 6 5 0 0 0 0 10 13 14 0 8 7 0 0 0 0 8 11 13 15
P7633 2072 6 17 28 160 73 13 0 0 25 25 15 0 0 0 0 55 0 0 0 9 0 0 0 0 0 0 0 0 0 0 0 -999
P7633 2072 7 0 0 0 0 0 0 0 0 0 0 0 0 0 0 0 0 0 0 0 0 0 0 0 0 0 0 0 0 0 0 0
P7633 2072 8 0 0 0 0 0 0 0 0 0 0 0 0 0 0 0 0 0 0 0 0 0 0 0 0 0 0 0 0 0 0 0
P7633 2072 9 0 0 31 0 0 0 0 0 0 0 0 0 0 0 0 0 0 0 9 8 0 0 0 0 0 0 21 55 52 13 -999
P7633 2072 10 10 10 0 0 0 8 9 0 0 0 0 0 0 0 9 8 9 6 5 6 6 0 0 11 11 12 6 0 0 6 5
P7633 2072 11 0 0 0 6 6 6 9 11 10 8 5 5 6 13 41 96 31 0 0 0 0 0 6 6 14 7 8 12 30 12 -999
P7633 2072 12 0 0 0 0 0 5 5 5 0 0 0 0 0 0 0 0 0 0 0 0 0 0 0 0 0 0 0 0 0 0 0
P7633 2073 1 0 0 0 0 0 6 0 0 0 0 0 0 5 0 0 0 0 0 0 0 0 0 0 0 0 0 0 0 0 0 0
P7633 2073 2 0 0 5 5 5 0 0 0 5 5 10 27 14 6 5 4 7 21 15 0 0 0 0 0 0 0 0 0 -999 -999 -999
P7633 2073 3 0 0 0 0 0 0 0 0 5 5 10 0 0 0 0 0 6 6 6 6 5 5 5 0 0 0 0 5 5 0 0
P7633 2073 4 0 0 0 0 0 0 0 0 0 7 0 0 9 19 80 75 16 8 12 9 6 6 6 15 15 8 6 0 0 0 -999
P7633 2073 5 11 9 10 0 0 0 0 0 0 0 0 0 0 0 7 10 7 7 22 7 5 0 6 9 5 0 5 5 0 0 6
P7633 2073 6 0 0 0 0 0 0 0 0 0 0 0 0 7 7 0 0 0 0 0 0 19 35 0 0 0 0 0 0 0 0 -999
P7633 2073 7 0 0 0 0 0 0 0 0 0 0 0 0 0 0 0 0 0 0 0 0 0 0 0 0 0 0 0 0 0 0 0
P7633 2073 8 0 0 0 0 101 183 0 0 0 0 0 0 0 0 0 0 0 113 148 126 0 0 0 0 0 0 0 0 0 0 0
P7633 2073 9 0 0 0 21 8 16 26 14 0 0 0 8 10 0 0 0 0 0 0 38 11 0 0 0 0 0 0 15 10 0 -999
P7633 2073 10 9 7 0 0 0 0 0 19 6 7 10 12 0 22 17 13 8 0 6 10 0 0 0 0 0 18 12 12 7 18 20
P7633 2073 11 16 10 6 0 0 0 18 58 8 5 5 5 5 0 0 0 0 0 0 7 0 5 0 10 9 12 11 9 7 7 -999
P7633 2073 12 10 16 8 8 5 4 4 0 0 0 0 0 0 0 0 0 0 0 0 4 0 4 0 0 5 10 0 0 0 0 0
P7633 2074 1 0 0 0 0 0 0 0 0 0 0 0 0 0 0 0 0 0 4 6 11 12 0 0 0 0 6 0 6 12 10 0
P7633 2074 2 0 0 0 0 0 0 0 4 5 5 0 0 0 0 0 0 0 0 0 0 0 0 0 0 0 8 7 7 -999 -999 -999
P7633 2074 3 0 8 12 0 0 0 0 0 0 0 0 0 0 0 0 0 0 0 0 0 6 0 0 0 0 0 0 0 0 0 7
P7633 2074 4 64 13 0 0 0 0 0 0 0 0 0 0 0 0 0 0 0 0 0 0 0 0 0 0 6 12 9 5 0 0 -999
P7633 2074 5 0 8 11 16 44 44 21 10 11 56 101 36 7 6 0 0 0 0 6 8 8 5 5 0 0 0 0 8 13 8 0
P7633 2074 6 0 0 0 0 0 0 0 0 0 0 0 0 0 0 0 0 0 0 15 0 0 10 8 0 0 0 0 0 0 0 -999
P7633 2074 7 0 0 97 20 0 0 0 0 0 0 0 0 0 0 0 0 0 0 0 0 0 0 0 0 0 0 0 0 0 0 0
P7633 2074 8 0 0 0 0 0 0 0 0 0 0 0 0 0 0 0 0 0 0 0 0 0 0 0 0 0 0 0 0 0 0 0
P7633 2074 9 0 0 0 0 0 0 0 0 15 0 0 0 0 0 0 0 0 0 0 0 0 7 6 7 7 12 9 0 0 0 -999
P7633 2074 10 0 0 7 0 0 0 0 5 10 7 0 0 0 0 0 0 0 6 12 7 0 0 0 0 0 0 0 0 12 6 0
P7633 2074 11 0 0 0 0 0 0 0 0 5 6 9 13 0 0 0 0 7 41 191 189 309 70 6 5 7 14 9 8 8 11 -999
P7633 2074 12 0 0 8 7 11 15 0 0 0 0 0 7 6 48 26 6 6 4 4 0 4 5 7 12 62 40 23 18 43 5 4
P7633 2075 1 21 142 170 6 6 5 5 5 5 5 0 0 4 5 0 0 0 0 0 0 0 0 0 0 0 20 8 0 6 5 6
P7633 2075 2 4 0 0 0 5 5 5 5 4 0 5 4 4 5 6 6 5 5 5 6 29 14 8 5 0 0 0 0 -999 -999 -999
P7633 2075 3 0 0 0 7 83 198 29 10 10 88 9 8 12 5 6 0 0 5 5 5 5 17 12 6 5 5 6 6 6 8 5
P7633 2075 4 6 5 5 0 0 7 0 0 5 0 0 0 0 0 0 0 6 0 5 5 0 0 7 0 8 0 0 109 130 52 -999
P7633 2075 5 38 82 106 16 6 13 13 8 7 6 8 29 23 9 6 5 6 12 13 23 8 6 6 0 0 0 0 0 8 0 0
P7633 2075 6 0 0 0 0 12 0 0 0 0 0 0 7 0 0 0 0 0 0 0 0 0 0 0 0 7 0 0 0 0 0 -999
P7633 2075 7 0 0 0 0 0 0 0 0 0 0 0 0 0 150 206 13 0 0 0 0 0 0 0 0 0 0 29 13 0 0 0
P7633 2075 8 0 0 0 0 0 0 0 0 0 0 0 0 0 0 0 0 0 0 0 0 0 18 39 20 0 0 0 0 0 0 0
P7633 2075 9 0 0 0 0 0 0 0 0 0 0 0 0 0 0 14 0 0 0 0 0 0 0 0 0 0 29 34 23 12 10 -999
P7633 2075 10 0 0 11 7 0 0 0 5 6 0 0 0 0 0 0 0 0 5 19 12 5 0 0 0 0 0 0 7 9 11 0
P7633 2075 11 0 5 12 11 16 10 19 19 11 5 0 4 4 4 0 0 5 5 0 0 0 0 0 0 0 0 6 9 6 0 -999
P7633 2075 12 0 0 0 0 0 5 5 8 7 13 0 5 4 0 0 0 0 0 0 0 0 0 6 0 0 5 10 0 0 0 0
P7633 2076 1 0 0 0 0 0 0 0 0 0 0 0 0 0 0 0 6 0 0 0 0 0 0 0 0 0 0 0 6 9 5 0
P7633 2076 2 0 0 0 0 0 0 0 4 5 5 0 0 0 0 0 0 0 0 5 0 5 0 0 0 0 0 0 0 -999 -999 -999
P7633 2076 3 0 0 0 0 0 5 8 7 41 123 16 0 0 19 13 10 13 19 5 0 0 0 0 0 0 0 0 0 0 0 0
P7633 2076 4 0 5 7 23 7 0 0 0 0 0 0 24 7 0 0 7 0 0 19 138 257 202 166 56 0 0 28 44 25 0 -999
P7633 2076 5 42 18 10 5 0 0 0 0 0 0 0 0 10 19 0 0 0 11 19 33 17 14 9 0 0 20 16 11 6 6 6
P7633 2076 6 7 18 9 0 0 0 7 8 0 0 0 0 0 0 0 0 0 0 0 0 0 7 7 0 9 0 0 10 16 21 -999
P7633 2076 7 0 0 0 0 0 0 0 0 11 14 0 0 0 0 0 0 0 0 0 0 0 0 0 0 0 0 0 0 0 0 0
P7633 2076 8 0 0 0 0 0 0 0 0 0 0 0 0 0 0 0 0 0 0 0 0 0 0 0 0 0 0 0 0 0 0 12
P7633 2076 9 0 0 17 17 0 0 0 0 0 0 0 0 0 0 0 23 18 23 0 0 0 0 36 12 0 0 26 14 12 0 -999
P7633 2076 10 0 0 10 0 0 0 0 0 0 0 23 54 57 50 60 5 0 7 6 0 0 6 7 5 0 0 0 0 0 0 0
P7633 2076 11 0 0 0 0 0 0 0 0 5 7 12 8 10 20 33 94 263 58 6 0 0 0 0 12 7 0 0 0 0 0 -999
P7633 2076 12 0 0 0 0 0 0 0 0 5 0 0 0 0 0 0 7 28 0 0 0 0 0 0 0 0 0 0 0 0 0 7
P7633 2077 1 15 0 0 0 0 0 0 0 0 0 0 0 4 4 5 0 0 0 6 87 84 20 24 18 6 4 5 5 0 0 0
P7633 2077 2 0 0 0 0 6 13 13 9 0 21 0 0 12 7 6 6 6 0 0 0 0 0 0 0 0 0 0 0 -999 -999 -999
P7633 2077 3 0 0 0 5 5 7 7 8 6 7 8 6 9 11 12 87 19 221 29 10 17 10 0 0 0 5 5 0 0 5 6
P7633 2077 4 0 0 0 0 0 0 0 9 5 0 0 0 0 0 0 0 0 0 0 0 0 0 0 0 0 6 8 0 0 0 -999
P7633 2077 5 0 0 0 9 12 28 90 97 12 6 0 0 0 0 0 0 0 0 0 0 0 0 48 78 60 82 29 18 0 0 0
P7633 2077 6 0 7 23 11 9 0 0 0 23 11 19 22 16 14 18 24 0 0 0 0 0 0 0 0 7 0 0 0 0 0 -999
P7633 2077 7 0 0 0 0 0 28 0 0 0 0 0 0 0 0 0 0 0 0 0 0 0 0 0 0 0 0 0 0 0 0 0
P7633 2077 8 0 0 0 0 0 0 0 0 0 0 0 0 0 0 0 0 0 0 0 0 0 0 0 0 0 0 0 0 0 0 0
P7633 2077 9 0 0 0 0 0 0 0 0 0 0 0 0 0 0 0 0 0 0 0 0 0 0 0 0 0 0 0 14 9 6 -999
P7633 2077 10 0 0 0 0 0 0 0 0 0 0 0 0 0 0 11 0 0 0 0 0 6 13 9 0 0 0 0 7 6 0 0
P7633 2077 11 0 0 8 11 7 6 11 13 9 9 8 11 13 94 23 5 4 5 5 0 0 6 11 29 34 0 37 14 0 0 -999
P7633 2077 12 0 0 0 0 0 0 0 0 5 5 5 4 4 4 4 5 6 19 10 4 4 4 4 6 5 6 5 5 5 5 7
P7633 2078 1 0 9 5 0 0 5 0 5 5 5 0 0 0 0 0 0 0 0 0 0 0 4 5 5 0 0 0 0 0 0 0
P7633 2078 2 0 0 5 0 5 7 7 0 0 0 5 7 24 5 4 0 0 5 0 0 0 6 6 5 0 5 0 26 -999 -999 -999
P7633 2078 3 101 177 182 28 0 14 6 5 0 7 42 6 5 6 5 0 0 0 0 0 0 0 0 4 0 0 5 5 0 5 5
P7633 2078 4 5 5 6 12 10 13 6 5 6 0 0 0 14 26 34 27 41 137 10 5 0 0 0 0 0 0 0 0 40 10 -999
P7633 2078 5 7 6 0 11 11 5 5 5 0 0 0 25 97 33 16 30 43 12 12 0 0 0 0 0 0 0 0 0 0 0 0
P7633 2078 6 0 0 0 0 0 0 0 0 0 0 0 0 0 0 0 0 0 0 0 0 0 0 0 0 0 0 0 0 0 0 -999
P7633 2078 7 0 0 0 0 0 0 0 0 0 0 0 0 0 0 0 0 0 0 0 0 0 0 0 0 0 0 0 0 0 0 0
P7633 2078 8 0 0 0 0 0 0 0 0 0 0 0 0 0 0 0 0 0 0 0 0 0 0 0 0 0 0 8 6 0 0 0
P7633 2078 9 0 0 19 15 10 0 0 0 0 0 0 0 0 18 0 0 0 25 10 0 0 0 0 0 0 0 0 0 0 0 -999
P7633 2078 10 0 0 0 0 0 0 0 0 0 0 0 0 0 0 0 0 0 0 0 0 0 0 0 0 8 7 0 0 0 7 14
P7633 2078 11 20 36 64 16 8 0 0 0 0 0 0 0 0 0 0 0 0 0 0 0 0 0 0 6 10 0 0 5 6 4 -999
P7633 2078 12 0 0 0 0 0 0 0 0 0 0 0 0 0 0 6 20 8 5 0 0 0 0 0 0 8 7 7 9 7 5 5
P7633 2079 1 12 0 0 5 9 9 0 0 0 0 0 0 0 0 0 0 0 0 0 0 0 0 0 0 0 6 6 6 0 0 0
P7633 2079 2 0 0 0 0 7 13 7 7 6 7 0 14 41 43 12 6 0 0 6 10 30 10 16 27 8 33 111 17 -999 -999 -999
P7633 2079 3 6 10 6 0 0 0 0 0 18 0 0 9 7 7 9 6 0 0 6 19 148 91 15 13 15 21 35 0 14 11 42
P7633 2079 4 254 238 24 14 28 15 44 46 12 0 0 0 0 0 0 0 0 0 0 5 5 0 0 0 0 7 7 0 0 10 -999
P7633 2079 5 21 6 6 0 0 0 0 0 0 0 0 0 0 0 140 217 0 0 0 0 0 0 0 0 0 0 0 0 0 0 13
P7633 2079 6 0 0 0 0 0 0 0 14 9 9 0 0 12 0 0 0 0 0 0 0 0 0 0 0 0 0 0 0 30 0 -999
P7633 2079 7 0 0 0 0 0 0 0 0 0 0 0 0 0 0 0 0 0 0 0 0 0 0 0 0 0 0 0 0 0 0 0
P7633 2079 8 0 0 0 0 0 0 0 0 0 0 0 0 0 0 22 0 0 0 0 0 0 0 0 0 0 0 0 0 0 0 0
P7633 2079 9 0 0 0 0 48 26 51 0 0 23 13 0 0 0 0 0 0 40 14 0 0 0 0 0 0 33 0 0 0 15 -999
P7633 2079 10 29 141 266 197 65 0 0 27 36 0 0 0 0 0 0 0 0 32 27 14 8 5 5 0 0 0 0 0 0 0 0
P7633 2079 11 0 5 7 0 6 0 0 0 0 0 0 0 0 0 0 0 0 0 0 0 0 0 5 0 0 6 6 0 5 7 -999
P7633 2079 12 8 0 0 0 0 5 5 5 4 4 0 0 0 0 4 5 5 5 5 5 6 0 0 0 0 0 0 0 0 0 0
P7633 2080 1 0 0 0 0 0 0 0 0 0 0 0 5 5 6 9 0 0 0 5 8 44 7 5 7 7 0 0 0 0 0 0
P7633 2080 2 0 0 0 0 0 0 0 0 0 0 6 8 5 0 0 0 0 0 0 0 5 6 7 10 0 0 0 0 -999 -999 -999
P7633 2080 3 0 0 0 0 0 0 0 0 0 0 0 0 0 0 0 0 0 0 0 0 5 0 5 0 0 0 0 6 6 6 7
P7633 2080 4 14 6 6 17 53 34 13 5 5 5 6 7 6 7 7 26 17 7 7 6 6 5 5 6 18 15 8 8 6 7 -999
P7633 2080 5 123 209 9 0 0 0 0 0 0 0 0 0 0 0 0 0 38 30 9 0 0 0 0 10 0 0 0 0 48 110 26
P7633 2080 6 11 10 16 11 0 0 6 10 8 6 0 0 8 16 20 0 0 0 0 0 0 0 0 0 0 0 0 0 0 0 -999
P7633 2080 7 0 0 0 0 0 0 0 0 0 0 0 0 0 0 0 0 0 0 0 0 0 0 0 0 0 0 0 0 0 0 0
P7633 2080 8 0 0 0 0 0 55 55 0 0 0 0 0 0 0 0 0 0 0 0 0 0 0 16 9 9 6 0 0 0 0 0
P7633 2080 9 0 0 0 0 0 0 0 0 0 172 131 23 12 16 0 0 0 0 0 0 0 7 16 27 8 8 11 0 0 0 -999
P7633 2080 10 0 0 0 0 0 0 0 0 0 0 0 5 5 0 0 0 11 0 0 0 0 0 6 7 7 17 16 0 0 0 0
P7633 2080 11 0 0 0 0 6 10 7 0 5 5 6 6 0 0 0 0 5 0 0 0 0 0 0 0 0 0 6 5 5 0 -999
P7633 2080 12 0 0 0 0 0 0 0 0 0 5 9 53 11 5 0 0 0 0 0 0 0 0 5 5 54 181 15 5 5 0 0
P7633 2081 1 0 0 0 0 0 0 0 0 0 0 0 0 0 0 0 0 0 5 6 10 12 5 5 0 7 7 0 0 0 6 0
P7633 2081 2 6 6 11 12 9 16 0 0 0 0 0 0 0 0 0 0 0 5 5 7 5 6 6 6 0 0 4 5 -999 -999 -999
P7633 2081 3 0 0 0 0 0 0 0 0 0 0 4 4 4 5 10 6 8 5 6 6 7 39 66 5 14 21 35 11 5 0 60
P7633 2081 4 16 5 0 6 11 0 0 0 0 0 0 0 0 0 0 0 0 5 0 0 0 10 10 10 10 9 12 10 15 12 -999
P7633 2081 5 8 6 0 0 0 5 6 5 0 0 0 0 0 0 0 0 0 0 0 0 0 5 6 8 8 12 15 30 14 6 0
P7633 2081 6 0 0 0 0 0 10 66 22 11 39 86 8 5 8 10 0 0 0 8 9 9 0 0 0 0 0 0 0 0 0 -999
P7633 2081 7 0 0 0 0 0 0 0 0 0 0 0 0 0 0 0 0 0 0 0 0 0 0 0 0 0 0 0 0 0 0 0
P7633 2081 8 0 0 0 0 0 0 0 0 0 0 0 0 0 0 53 62 0 0 0 0 0 0 0 0 29 17 0 0 0 0 0
P7633 2081 9 0 0 0 0 0 0 0 0 0 0 0 0 0 0 0 0 0 69 31 9 11 18 18 16 15 18 0 0 10 0 -999
P7633 2081 10 0 0 8 9 0 0 0 0 0 19 142 61 23 8 11 23 150 197 63 8 6 0 0 0 0 0 0 0 0 0 5
P7633 2081 11 8 7 8 48 23 0 0 0 0 9 15 7 0 0 5 5 7 14 5 6 14 5 5 5 0 0 0 0 5 5 -999
P7633 2081 12 5 5 0 5 6 6 5 7 11 0 0 6 0 0 0 0 0 0 0 7 7 10 5 0 5 5 6 17 6 0 0
P7633 2082 1 0 10 0 0 0 0 5 5 6 0 0 0 0 0 5 5 0 0 0 0 0 0 0 0 0 0 10 6 8 11 9
P7633 2082 2 0 0 0 0 6 7 0 0 0 0 0 5 0 0 0 0 0 0 0 0 0 0 0 0 0 0 0 0 -999 -999 -999
P7633 2082 3 0 0 5 5 11 0 0 0 7 12 7 0 0 0 0 0 0 4 6 8 5 18 6 5 5 0 5 8 22 12 204
P7633 2082 4 271 195 331 221 8 6 16 42 13 19 7 7 8 6 0 7 8 20 52 91 184 105 16 0 54 40 22 11 10 0 -999
P7633 2082 5 0 13 0 0 0 0 0 0 0 0 0 0 0 0 0 0 0 0 0 0 0 0 12 12 0 0 14 0 0 0 0
P7633 2082 6 0 0 11 12 15 14 13 14 9 15 8 0 0 9 0 20 31 15 10 0 0 0 0 0 0 0 0 0 0 0 -999
P7633 2082 7 0 0 12 8 0 0 0 0 0 0 0 0 0 0 0 0 0 0 0 0 0 0 0 0 0 0 0 0 0 0 0
P7633 2082 8 0 0 0 0 0 0 0 0 0 0 0 0 0 0 0 0 0 0 0 0 0 0 0 0 20 0 0 0 0 0 0
P7633 2082 9 0 0 0 0 0 0 0 0 0 0 0 0 0 0 0 0 0 0 0 10 35 81 18 18 37 0 0 0 12 0 -999
P7633 2082 10 0 0 0 0 0 19 103 0 0 0 0 0 0 6 0 0 0 5 21 19 5 6 0 7 0 0 0 0 0 0 0
P7633 2082 11 0 0 0 0 10 13 0 0 0 0 4 5 0 5 0 11 6 0 0 5 8 8 7 9 12 73 7 0 5 6 -999
P7633 2082 12 0 0 5 0 0 0 0 0 0 0 0 0 0 0 0 0 0 0 0 0 0 0 0 0 0 0 0 0 0 0 0
P7633 2083 1 0 0 0 0 0 0 4 5 5 5 0 0 0 5 12 17 20 13 16 96 93 106 51 12 6 6 5 7 0 6 6
P7633 2083 2 0 5 4 5 0 0 0 4 5 5 5 7 8 5 0 0 5 6 14 44 9 5 5 4 0 5 6 5 -999 -999 -999
P7633 2083 3 9 5 0 0 0 0 7 6 0 0 5 0 0 0 0 0 0 0 0 4 0 0 0 0 0 0 5 7 24 7 6
P7633 2083 4 8 21 17 6 5 0 0 0 0 10 5 5 0 6 10 11 5 9 9 6 6 7 6 0 0 0 0 0 0 0 -999
P7633 2083 5 0 0 41 8 18 0 0 0 11 20 0 18 17 28 15 20 0 0 7 0 0 16 9 8 16 0 9 8 0 0 0
P7633 2083 6 0 0 0 23 0 0 0 0 0 0 0 0 0 0 0 0 0 0 0 11 9 0 0 0 31 18 0 24 0 0 -999
P7633 2083 7 0 0 18 28 0 0 0 0 0 0 0 0 14 0 0 0 0 0 0 0 0 0 0 0 0 0 0 7 0 0 0
P7633 2083 8 0 12 0 0 0 0 0 0 0 0 0 0 0 0 0 0 0 0 0 0 0 0 0 0 0 0 0 0 0 0 0
P7633 2083 9 0 0 0 0 0 0 0 0 0 0 0 0 0 0 0 0 0 0 0 0 0 42 0 0 0 0 0 0 12 91 -999
P7633 2083 10 60 49 38 0 0 0 0 0 0 0 0 0 0 0 0 0 0 0 0 18 0 0 0 6 8 7 0 0 0 0 0
P7633 2083 11 0 12 23 27 14 9 7 8 16 5 0 0 6 7 6 0 4 5 4 4 0 0 0 5 8 0 0 0 5 0 -999
P7633 2083 12 0 0 0 0 0 0 5 5 6 7 6 6 7 0 0 0 7 8 0 0 0 0 0 0 0 0 0 0 0 0 0
P7633 2084 1 0 4 4 0 0 0 0 5 0 0 0 0 5 0 0 0 0 5 5 5 4 5 6 5 5 0 0 0 0 0 0
P7633 2084 2 0 0 5 9 12 0 0 0 0 0 6 5 5 6 0 0 0 5 7 6 7 0 13 9 11 11 23 8 -999 -999 -999
P7633 2084 3 6 29 25 64 112 194 185 123 29 50 74 128 37 9 5 6 10 16 6 4 4 5 6 6 9 0 11 13 7 9 13
P7633 2084 4 7 6 16 22 14 5 5 4 5 5 13 5 0 4 5 4 0 0 6 5 0 0 0 0 0 0 0 0 5 0 -999
P7633 2084 5 0 0 18 8 6 0 0 7 11 0 0 8 0 0 0 0 0 0 0 0 0 0 103 31 26 14 12 7 0 0 0
P7633 2084 6 0 0 0 0 0 0 0 0 0 10 9 15 36 20 12 6 0 0 0 0 0 0 0 12 29 10 0 0 0 0 -999
P7633 2084 7 0 0 0 0 0 0 0 0 0 0 0 0 0 0 0 0 0 0 0 0 0 0 0 0 0 0 0 0 0 0 0
P7633 2084 8 0 0 0 0 0 0 0 0 0 0 0 0 0 0 0 22 44 14 8 17 16 0 0 0 0 0 0 0 0 0 19
P7633 2084 9 18 0 0 0 0 0 0 0 26 0 0 0 0 0 0 0 0 0 0 0 0 0 0 0 0 0 0 0 0 0 -999
P7633 2084 10 0 0 0 0 0 0 0 0 0 0 0 0 0 0 0 12 16 0 0 12 7 0 0 6 7 0 0 0 0 0 0
P7633 2084 11 0 0 0 0 5 5 5 5 7 24 43 11 11 23 9 0 0 0 0 0 0 0 0 0 0 0 0 0 0 0 -999
P7633 2084 12 0 0 0 6 6 5 0 0 0 0 0 0 0 0 0 0 0 0 0 0 0 0 0 0 0 4 5 0 0 0 0
P7633 2085 1 0 0 0 0 0 0 0 0 0 0 0 0 0 0 0 0 0 0 0 0 0 0 0 0 0 0 6 7 0 0 0
P7633 2085 2 0 0 0 5 0 0 0 0 0 0 0 0 0 0 0 12 15 22 0 0 0 0 0 0 0 0 6 6 -999 -999 -999
P7633 2085 3 0 0 0 0 13 0 0 25 12 13 10 14 37 0 0 8 12 7 7 5 6 9 6 4 0 0 5 0 5 17 8
P7633 2085 4 5 4 5 5 4 0 0 0 0 6 5 0 0 0 13 12 0 0 0 0 0 0 0 0 0 6 6 6 7 8 -999
P7633 2085 5 7 11 9 24 13 0 5 0 7 10 20 15 10 7 7 6 6 6 10 11 9 8 0 0 5 5 0 0 0 0 0
P7633 2085 6 0 0 0 0 0 20 51 68 78 68 32 0 0 0 0 0 0 0 10 23 17 10 0 0 0 0 161 63 0 0 -999
P7633 2085 7 0 0 0 0 0 0 0 0 0 0 0 0 0 0 0 0 0 0 0 0 0 0 0 0 0 0 0 0 0 0 0
P7633 2085 8 0 0 0 0 0 0 0 0 0 0 0 0 0 0 0 0 0 0 0 0 0 0 0 0 0 0 0 0 0 0 0
P7633 2085 9 0 0 0 0 0 0 0 0 0 0 0 0 0 0 0 0 0 0 0 0 0 15 8 11 17 9 0 0 0 0 -999
P7633 2085 10 0 0 21 28 19 0 0 9 22 56 23 14 61 0 97 18 18 72 17 0 0 0 0 0 6 0 0 0 0 0 0
P7633 2085 11 0 5 12 24 7 4 0 0 0 0 0 0 0 0 0 0 0 0 6 7 5 6 5 8 12 7 5 5 0 0 -999
P7633 2085 12 5 5 5 6 4 5 0 0 0 5 5 0 0 0 0 0 0 0 0 0 0 0 9 13 25 34 12 8 5 5 6
P7633 2086 1 8 69 83 23 15 11 0 0 0 0 0 0 0 0 0 0 0 0 0 0 0 0 0 0 0 0 0 0 0 0 0
P7633 2086 2 0 0 0 0 0 0 0 0 0 0 0 0 0 0 0 0 0 5 5 0 7 5 6 8 9 11 9 6 -999 -999 -999
P7633 2086 3 0 0 0 0 0 0 0 0 0 0 5 5 0 0 0 0 0 0 0 0 0 6 13 0 0 0 0 0 0 0 12
P7633 2086 4 20 11 11 6 0 0 9 13 17 10 6 8 7 12 102 40 19 18 8 8 12 10 63 61 60 121 79 59 34 22 -999
P7633 2086 5 26 51 104 42 6 0 0 0 0 0 0 0 0 0 11 19 11 5 6 7 7 11 0 7 7 7 0 0 0 10 6
P7633 2086 6 0 0 0 0 0 0 0 0 0 0 0 0 0 0 0 0 0 0 0 0 0 0 0 0 0 0 48 20 0 0 -999
P7633 2086 7 0 0 0 0 0 0 0 0 0 0 0 0 0 0 0 0 0 0 0 0 0 0 0 0 0 0 0 0 0 0 0
P7633 2086 8 0 0 0 0 0 0 0 0 0 0 0 0 0 0 0 0 0 0 0 0 0 0 0 0 0 0 0 0 0 0 0
P7633 2086 9 0 0 0 0 0 0 0 0 0 0 10 44 18 0 0 7 8 8 15 12 0 8 8 9 0 0 0 9 11 0 -999
P7633 2086 10 0 0 0 0 0 0 0 0 0 0 0 6 0 0 69 121 168 139 57 30 10 0 0 9 7 17 6 0 5 0 0
P7633 2086 11 0 27 8 0 0 0 10 0 7 0 0 0 5 5 6 10 98 10 5 4 0 0 0 0 0 0 0 5 5 4 -999
P7633 2086 12 6 0 0 7 10 17 0 10 0 0 0 0 0 0 0 0 0 0 0 4 0 0 0 0 0 0 0 0 0 0 5
P7633 2087 1 0 4 10 8 6 5 0 0 0 0 0 0 0 5 8 10 21 0 5 0 0 0 15 65 14 16 0 32 35 9 6
P7633 2087 2 0 0 0 8 16 0 0 0 0 0 0 0 0 0 0 0 0 0 0 0 0 0 0 0 0 0 0 0 -999 -999 -999
P7633 2087 3 0 0 0 0 0 0 6 0 0 0 0 0 0 5 15 8 9 7 10 17 15 7 0 0 7 0 41 18 9 0 0
P7633 2087 4 0 0 0 0 6 5 0 0 0 0 0 0 8 0 0 0 0 7 6 5 0 0 6 0 0 0 12 0 0 0 -999
P7633 2087 5 6 6 10 0 9 39 110 95 28 30 9 0 0 0 0 14 10 0 0 0 0 0 0 7 0 9 11 12 6 0 0
P7633 2087 6 0 0 0 0 0 0 0 14 18 12 14 0 0 0 0 0 0 0 0 0 0 0 0 0 0 0 0 0 0 0 -999
P7633 2087 7 0 0 0 0 0 0 0 0 0 0 0 0 0 0 0 0 0 0 0 0 0 0 0 0 0 0 0 0 0 0 0
P7633 2087 8 0 0 0 0 0 0 0 0 0 0 0 0 0 0 0 0 0 0 0 0 0 10 9 0 0 0 0 0 0 0 0
P7633 2087 9 0 0 0 0 31 28 0 0 0 30 19 10 0 0 0 0 0 0 0 0 59 14 0 0 0 8 9 24 12 0 -999
P7633 2087 10 0 0 0 9 0 0 0 0 0 0 0 0 0 0 0 0 0 0 7 17 12 13 12 10 38 0 0 0 0 0 0
P7633 2087 11 0 0 0 0 0 0 6 5 5 8 0 5 5 0 4 5 0 0 0 0 0 0 0 0 0 0 0 0 5 10 -999
P7633 2087 12 16 7 8 8 6 0 7 9 7 0 0 5 5 5 5 5 4 4 5 9 6 5 0 0 0 0 0 0 0 0 0
P7633 2088 1 0 0 0 0 0 0 6 6 6 6 5 4 4 5 5 9 5 4 4 5 0 0 6 5 5 5 6 8 29 43 7
P7633 2088 2 5 5 0 4 4 0 0 0 0 0 0 0 0 0 0 0 6 18 18 0 0 14 6 0 0 0 0 0 -999 -999 -999
P7633 2088 3 0 0 0 0 16 7 6 8 8 0 0 8 8 6 12 89 42 15 29 10 6 0 0 0 4 4 0 0 0 0 0
P7633 2088 4 0 6 0 6 10 0 0 0 0 5 0 0 4 6 15 71 8 0 0 0 0 0 0 0 0 0 6 7 11 0 -999
P7633 2088 5 0 167 13 0 9 6 8 0 0 0 107 115 22 5 7 14 39 23 15 0 0 0 0 0 0 0 0 0 0 0 0
P7633 2088 6 0 0 0 0 0 0 0 0 0 0 0 0 0 0 0 0 0 0 0 0 0 0 0 0 0 19 21 0 0 0 -999
P7633 2088 7 0 0 0 0 0 0 0 0 0 0 0 0 0 0 0 0 0 0 0 0 0 0 0 0 0 0 0 0 0 0 0
P7633 2088 8 0 0 0 0 0 0 0 0 0 0 0 0 0 0 0 0 0 0 0 0 0 0 0 0 0 0 0 0 0 0 0
P7633 2088 9 0 0 0 0 0 0 0 0 0 0 0 29 0 0 0 0 0 0 0 0 0 0 0 0 0 0 0 0 0 0 -999
P7633 2088 10 0 12 0 0 0 22 11 0 0 0 6 0 5 6 12 0 0 0 0 0 0 0 0 0 0 0 0 0 0 0 0
P7633 2088 11 0 5 13 85 17 10 6 5 4 5 6 0 0 0 0 0 0 0 0 0 0 0 0 6 0 8 6 5 0 0 -999
P7633 2088 12 6 9 8 7 29 16 8 0 0 0 0 0 0 0 0 0 0 0 0 0 0 0 0 0 0 0 0 0 0 0 0
P7633 2089 1 0 0 0 0 0 0 5 0 0 0 5 0 4 0 4 0 4 4 5 5 5 5 8 6 5 4 0 0 4 5 5
P7633 2089 2 5 4 0 5 6 6 0 0 5 7 13 5 5 5 10 19 12 10 14 14 12 7 0 0 0 8 6 7 -999 -999 -999
P7633 2089 3 7 0 0 0 0 0 0 0 0 0 0 0 0 0 0 0 5 6 0 0 0 0 0 0 0 0 0 9 15 0 0
P7633 2089 4 0 0 5 0 0 6 7 6 6 33 9 0 0 0 13 31 81 52 42 76 101 9 0 0 0 0 62 207 41 8 -999
P7633 2089 5 7 9 0 0 0 0 0 23 14 11 0 0 0 0 0 0 0 0 0 10 0 0 0 0 0 0 0 0 0 11 15
P7633 2089 6 9 12 12 16 33 35 0 84 163 95 0 0 0 0 0 0 0 0 0 0 0 0 0 0 0 0 0 0 0 0 -999
P7633 2089 7 0 0 22 0 0 0 0 0 0 0 0 0 0 0 0 0 0 0 0 0 0 0 0 0 0 0 0 0 0 0 0
P7633 2089 8 0 0 0 0 0 0 0 0 0 0 0 0 0 0 0 0 0 0 0 0 0 0 0 0 0 0 0 0 0 0 0
P7633 2089 9 0 0 0 0 0 0 0 0 0 0 75 0 0 0 0 0 0 0 0 0 0 0 0 0 0 0 0 0 0 0 -999
P7633 2089 10 0 0 0 0 0 0 0 0 0 0 17 18 59 55 9 0 0 0 0 0 0 0 0 0 8 8 0 0 0 0 0
P7633 2089 11 0 0 0 0 0 7 8 0 0 0 0 0 0 0 0 5 5 5 5 7 15 30 54 5 0 0 0 6 6 5 -999
P7633 2089 12 4 4 5 4 0 0 0 0 0 0 0 0 0 0 0 0 0 5 4 5 5 4 4 4 0 0 0 0 0 6 8
P7633 2090 1 0 0 0 0 0 4 5 7 15 20 14 0 0 0 0 0 0 0 0 4 4 4 5 5 5 0 0 0 0 0 0
P7633 2090 2 0 7 14 15 0 0 0 0 0 7 6 5 6 6 5 5 4 4 4 4 6 5 0 0 5 5 9 33 -999 -999 -999
P7633 2090 3 6 0 0 0 0 0 6 9 16 5 5 8 8 5 0 6 0 0 0 0 0 18 14 7 10 7 0 0 0 0 0
P7633 2090 4 21 36 27 25 116 17 12 0 0 0 0 8 11 0 0 0 19 12 0 0 0 0 9 12 8 29 7 10 11 20 -999
P7633 2090 5 142 36 0 0 0 0 0 0 0 0 0 0 0 0 0 65 53 28 10 6 7 6 0 0 0 0 0 0 25 94 14
P7633 2090 6 0 10 22 89 31 7 7 16 15 20 25 0 0 0 0 0 0 0 0 0 0 0 0 16 11 9 7 22 42 78 -999
P7633 2090 7 0 0 0 0 0 0 0 0 0 0 0 0 0 0 0 0 0 0 9 12 8 0 0 0 0 0 0 0 0 0 0
P7633 2090 8 0 0 0 0 0 0 0 0 0 0 0 0 0 0 0 0 0 0 20 0 0 0 0 0 15 0 0 0 0 0 0
P7633 2090 9 0 0 0 0 0 48 23 0 0 0 0 0 0 0 0 0 0 0 0 0 0 0 8 8 0 0 0 10 17 8 -999
P7633 2090 10 0 10 12 0 0 0 17 15 8 5 5 0 0 0 0 0 0 6 0 0 0 0 0 0 0 0 0 0 0 0 5
P7633 2090 11 8 6 5 0 0 0 0 0 0 0 0 0 0 0 0 0 0 0 0 0 0 0 0 0 0 0 5 14 15 48 -999
P7633 2090 12 42 51 8 8 9 0 0 0 5 11 46 134 24 11 0 0 0 0 0 0 0 6 0 5 0 0 0 0 0 0 0
P7633 2091 1 0 0 0 0 0 0 0 0 0 0 0 0 0 0 0 0 0 0 5 7 6 6 5 4 5 6 6 21 8 0 0
P7633 2091 2 7 7 8 9 11 20 5 7 4 4 4 0 4 4 6 0 0 0 0 0 0 0 6 5 6 11 8 8 -999 -999 -999
P7633 2091 3 0 0 0 0 5 6 6 5 6 0 0 0 0 0 0 0 0 0 0 0 0 0 0 5 0 0 0 0 5 0 0
P7633 2091 4 0 0 0 0 0 0 0 0 0 0 0 0 0 0 0 0 0 0 7 16 17 8 6 18 247 235 23 0 15 7 -999
P7633 2091 5 5 7 14 7 14 80 42 8 0 0 8 12 7 8 6 8 6 6 6 0 0 0 0 0 0 0 0 0 0 0 0
P7633 2091 6 0 0 0 0 0 0 0 0 0 0 0 0 0 10 12 22 0 0 0 0 0 0 0 0 0 0 60 95 0 0 -999
P7633 2091 7 0 0 0 0 0 0 0 0 0 0 0 0 0 0 0 0 0 0 0 0 0 0 0 0 0 0 0 0 0 0 0
P7633 2091 8 0 0 0 0 0 0 0 0 0 0 0 0 0 0 34 17 0 0 0 0 0 0 0 0 0 0 0 0 0 0 0
P7633 2091 9 0 0 0 0 0 44 13 0 0 0 0 0 0 0 0 57 106 84 33 42 29 6 0 0 0 14 0 0 0 0 -999
P7633 2091 10 0 0 0 0 0 15 18 19 25 15 0 0 0 0 0 0 0 0 0 0 0 0 11 31 23 8 0 5 11 7 9
P7633 2091 11 6 5 6 11 6 6 13 16 5 6 7 23 22 10 0 0 4 5 5 5 4 0 0 0 0 0 0 0 0 0 -999
P7633 2091 12 0 0 0 0 0 0 0 0 0 0 0 0 8 26 15 7 0 0 5 6 5 0 0 0 0 0 0 0 0 0 0
P7633 2092 1 0 0 0 0 0 0 0 0 0 0 6 5 5 5 0 0 0 0 0 0 0 0 0 7 5 4 5 0 0 0 0
P7633 2092 2 0 0 0 4 5 6 6 4 0 0 0 0 0 0 0 0 0 0 6 5 5 5 5 0 0 0 0 0 -999 -999 -999
P7633 2092 3 0 0 0 0 0 0 0 0 0 0 0 0 0 0 0 8 12 16 19 5 5 0 0 0 0 0 0 0 0 0 0
P7633 2092 4 0 0 0 0 0 0 5 18 9 6 0 5 0 0 0 0 6 0 0 49 13 0 0 0 0 11 9 0 0 0 -999
P7633 2092 5 0 0 0 13 8 0 0 0 9 21 25 0 0 0 0 0 0 0 0 0 0 0 0 0 0 0 0 0 8 9 10
P7633 2092 6 12 41 37 0 0 0 0 0 0 0 0 0 0 0 0 0 0 0 0 0 0 0 0 0 0 0 61 0 0 11 -999
P7633 2092 7 0 0 0 0 0 0 0 0 0 0 0 0 0 0 0 0 0 0 0 0 0 0 0 0 0 0 0 0 0 0 0
P7633 2092 8 0 0 0 0 0 0 0 0 0 0 0 0 0 0 0 0 0 0 0 0 0 0 0 0 0 0 0 0 16 37 20
P7633 2092 9 0 0 0 0 0 0 0 0 0 7 0 0 0 0 0 0 13 15 0 18 12 0 32 35 30 26 22 0 0 14 -999
P7633 2092 10 63 34 0 0 0 0 0 0 0 7 14 7 0 0 0 0 0 0 0 0 0 0 0 0 0 0 0 0 0 0 0
P7633 2092 11 0 0 0 0 0 0 7 19 20 0 0 6 5 5 0 0 0 0 0 0 0 0 0 5 6 0 0 0 0 0 -999
P7633 2092 12 0 0 0 6 9 13 19 17 24 7 0 0 0 0 0 0 0 0 0 0 0 0 0 0 0 0 5 6 6 0 0
P7633 2093 1 0 0 0 0 0 6 15 9 6 4 4 4 4 0 0 5 0 0 0 0 0 0 0 5 7 0 0 0 5 0 0
P7633 2093 2 0 0 0 0 0 0 5 7 4 5 5 10 150 221 75 47 34 39 117 95 271 249 10 25 48 65 179 91 -999 -999 -999
P7633 2093 3 30 8 7 7 6 0 0 8 11 10 24 6 7 5 14 5 4 5 4 5 5 5 6 6 5 0 0 0 6 7 6
P7633 2093 4 0 0 0 0 0 0 0 0 5 5 0 0 12 0 0 0 9 7 7 0 0 0 18 7 0 0 0 0 0 10 -999
P7633 2093 5 7 6 5 6 9 11 6 9 24 20 9 6 0 0 0 0 0 0 0 0 0 0 7 0 0 0 0 0 0 0 0
P7633 2093 6 0 0 9 19 20 15 22 0 0 0 22 22 24 53 31 0 0 0 0 0 0 38 0 37 33 0 0 0 0 0 -999
P7633 2093 7 0 0 0 0 0 0 0 0 0 0 0 0 0 0 0 0 0 21 20 0 0 0 0 0 0 0 0 0 0 0 0
P7633 2093 8 0 0 0 0 0 0 0 0 0 0 0 0 0 0 0 0 0 0 0 0 0 67 0 0 0 13 21 23 9 0 0
P7633 2093 9 0 0 0 0 0 0 0 0 0 0 0 0 0 0 0 0 0 0 0 0 0 0 0 7 0 0 0 7 0 0 -999
P7633 2093 10 0 0 0 0 0 0 0 0 0 5 0 0 0 0 0 0 0 0 0 0 0 0 0 0 0 0 0 0 0 0 0
P7633 2093 11 6 5 0 5 15 6 0 0 10 12 0 0 5 0 0 0 5 21 9 6 0 0 0 5 6 5 0 0 0 0 -999
P7633 2093 12 0 0 7 12 0 0 5 0 0 0 0 4 10 0 0 0 0 0 0 0 0 0 0 0 0 0 0 0 6 7 6
P7633 2094 1 0 0 0 6 6 5 5 5 0 0 0 0 0 0 0 0 0 0 0 0 0 0 0 0 0 0 0 0 0 0 0
P7633 2094 2 0 0 0 0 5 5 0 0 0 0 0 0 0 0 0 0 0 0 0 0 0 0 0 5 4 0 6 19 -999 -999 -999
P7633 2094 3 11 5 5 6 7 8 8 8 5 8 5 0 6 5 0 0 8 0 0 0 0 5 6 0 0 0 0 0 0 17 0
P7633 2094 4 0 0 65 53 25 16 10 7 6 6 5 5 4 6 5 4 0 0 0 0 0 0 5 6 6 6 4 0 0 0 -999
P7633 2094 5 0 0 0 5 6 5 8 0 0 0 0 0 0 0 0 0 0 0 0 0 0 0 0 53 35 0 0 0 0 0 0
P7633 2094 6 0 0 11 14 11 12 16 22 10 0 0 0 6 0 0 0 0 0 7 0 0 0 0 0 0 0 0 0 0 0 -999
P7633 2094 7 0 0 0 0 0 0 0 0 0 0 0 0 0 0 0 0 0 0 0 0 0 71 49 0 0 0 0 0 0 0 0
P7633 2094 8 0 0 0 0 0 0 0 0 0 0 0 0 0 0 0 0 0 0 0 0 0 0 0 0 0 0 0 0 0 0 0
P7633 2094 9 0 0 0 0 0 0 0 0 0 0 0 0 0 0 0 0 0 0 0 0 47 96 52 31 12 10 10 0 22 25 -999
P7633 2094 10 10 9 8 5 6 0 0 0 0 0 0 0 0 0 0 0 0 0 0 0 7 10 0 0 6 14 7 5 5 5 0
P7633 2094 11 0 0 0 0 0 0 6 6 0 0 0 0 5 4 0 0 0 0 0 0 0 0 0 0 0 0 6 5 0 0 -999
P7633 2094 12 0 0 0 0 5 5 4 5 5 5 7 5 0 11 7 0 0 0 0 0 0 0 0 0 0 4 6 5 4 0 0
P7633 2095 1 4 6 9 4 4 4 5 5 6 0 4 0 0 0 5 7 9 5 5 5 5 5 5 4 5 4 5 5 5 6 5
P7633 2095 2 4 0 0 5 5 0 4 5 9 104 321 340 63 7 6 0 0 0 0 0 0 0 0 6 13 0 131 0 -999 -999 -999
P7633 2095 3 0 0 0 0 0 0 0 0 0 0 0 7 7 12 31 28 11 23 9 6 8 16 11 128 251 244 50 0 0 0 0
P7633 2095 4 5 6 5 6 0 8 5 4 5 5 6 6 0 0 0 0 7 12 0 0 0 0 0 0 0 0 0 0 0 10 -999
P7633 2095 5 7 10 13 0 0 8 0 0 0 0 55 81 13 0 0 0 0 0 0 0 7 8 9 0 0 0 7 0 0 9 22
P7633 2095 6 25 0 0 0 0 0 0 0 0 0 0 0 0 0 0 0 0 0 0 0 0 0 30 0 0 0 0 12 0 0 -999
P7633 2095 7 35 0 0 0 0 0 0 0 0 0 0 0 0 0 0 0 0 0 0 0 0 0 0 0 0 0 0 0 0 0 0
P7633 2095 8 0 0 0 0 0 0 0 0 0 0 0 0 0 0 0 0 35 0 0 0 0 0 0 0 0 0 0 0 0 0 0
P7633 2095 9 0 0 0 0 0 0 0 0 0 27 17 0 0 0 0 0 0 0 0 0 28 36 113 53 13 0 29 16 0 0 -999
P7633 2095 10 0 0 0 0 0 0 0 0 11 6 5 6 6 0 0 0 6 0 0 0 0 0 0 0 0 0 0 0 5 6 5
P7633 2095 11 5 7 23 49 21 0 0 6 11 5 4 4 5 0 0 0 0 0 0 0 0 0 0 0 0 0 4 5 0 0 -999
P7633 2095 12 5 0 0 0 0 0 7 0 0 0 0 0 0 0 0 0 6 0 0 0 0 0 0 0 0 17 52 0 0 0 0
P7633 2096 1 0 0 0 5 5 34 163 10 5 6 5 0 0 0 0 0 0 0 0 0 0 0 0 0 0 0 5 6 6 9 9
P7633 2096 2 15 11 13 7 0 0 0 0 0 0 4 0 0 0 5 7 12 12 7 7 8 22 64 8 10 33 39 32 -999 -999 -999
P7633 2096 3 10 17 87 72 145 71 12 16 194 71 0 5 5 6 5 0 0 0 0 0 0 0 0 0 0 6 22 8 6 15 9
P7633 2096 4 21 0 0 16 10 12 16 17 34 54 25 32 30 12 5 5 6 9 11 18 20 9 8 0 0 0 0 0 11 17 -999
P7633 2096 5 9 0 8 6 0 11 24 14 15 0 0 0 111 55 0 0 0 0 0 8 12 6 0 0 0 9 14 11 19 27 8
P7633 2096 6 6 5 0 12 0 6 0 0 0 0 8 7 6 0 0 0 0 0 0 9 17 17 0 0 0 0 0 0 0 0 -999
P7633 2096 7 0 25 24 0 0 0 0 0 0 0 0 0 0 0 0 0 0 0 0 0 0 0 0 0 0 0 0 0 0 0 0
P7633 2096 8 0 0 0 0 0 0 0 0 0 0 0 0 0 0 0 0 0 0 0 0 0 0 0 0 0 0 0 0 0 0 0
P7633 2096 9 0 0 0 0 0 0 9 17 0 10 15 8 0 0 0 0 0 0 0 0 0 0 0 0 0 29 30 0 0 0 -999
P7633 2096 10 0 0 0 0 0 0 0 0 0 10 54 20 5 0 0 0 7 12 24 18 9 6 0 0 0 0 0 0 6 8 19
P7633 2096 11 8 8 6 6 5 11 5 0 5 12 5 5 5 5 7 6 5 6 5 7 0 0 0 0 0 0 0 0 4 0 -999
P7633 2096 12 0 0 0 0 0 0 0 0 0 0 0 0 0 0 0 0 0 0 0 0 0 0 0 0 5 5 5 6 6 7 17
P7633 2097 1 7 5 4 4 0 0 4 4 4 4 5 7 0 5 5 6 5 0 5 5 0 0 0 0 0 0 0 0 5 0 0
P7633 2097 2 0 5 0 0 0 0 0 0 0 5 0 6 8 23 12 0 10 14 24 44 7 7 10 0 20 53 92 32 -999 -999 -999
P7633 2097 3 16 12 27 83 74 13 0 0 0 0 0 0 0 16 6 6 8 23 215 53 19 20 89 48 30 26 12 0 0 0 0
P7633 2097 4 7 6 0 0 7 11 10 6 0 6 0 0 0 0 0 0 0 5 5 5 5 5 8 6 5 5 7 5 0 0 -999
P7633 2097 5 0 0 0 0 0 64 29 6 0 0 0 0 0 0 0 8 6 7 14 76 18 0 0 0 0 0 0 8 10 9 12
P7633 2097 6 0 0 0 0 0 0 0 0 0 0 31 43 30 19 9 0 0 0 0 0 0 0 19 0 0 0 0 0 0 0 -999
P7633 2097 7 9 0 0 0 0 0 0 0 0 0 10 0 0 0 0 0 0 0 0 0 0 0 0 0 0 0 0 0 0 0 0
P7633 2097 8 0 0 0 0 0 0 0 0 0 0 0 0 0 0 0 0 0 0 0 0 0 0 0 0 0 0 0 0 0 0 0
P7633 2097 9 0 0 0 0 0 0 0 0 0 0 0 0 0 0 0 0 0 0 0 42 0 19 28 34 35 0 0 0 0 0 -999
P7633 2097 10 10 8 7 0 9 7 0 0 0 0 0 0 0 0 0 14 8 39 23 16 0 0 5 6 7 0 0 0 0 7 12
P7633 2097 11 13 0 0 5 8 0 0 0 0 0 4 8 14 7 8 6 8 0 0 0 7 5 6 0 0 0 0 0 0 0 -999
P7633 2097 12 0 0 4 5 6 5 0 0 0 0 0 0 18 69 102 15 13 5 5 6 6 8 5 0 0 0 0 0 0 0 0
P7633 2098 1 0 9 6 0 6 6 8 7 5 5 48 123 25 6 6 0 0 0 0 5 4 0 0 0 0 0 0 0 0 0 0
P7633 2098 2 0 8 31 24 22 8 6 6 7 7 9 5 5 6 9 16 10 15 7 7 7 15 11 11 22 25 8 6 -999 -999 -999
P7633 2098 3 0 5 5 0 0 0 0 6 6 0 0 0 0 0 0 0 0 0 6 8 10 5 0 0 0 0 0 0 0 0 0
P7633 2098 4 0 0 0 0 0 0 0 7 34 12 5 5 5 0 0 0 0 0 0 0 27 18 0 0 0 0 38 22 0 0 -999
P7633 2098 5 0 25 0 0 0 0 8 0 0 46 215 33 7 10 52 166 77 0 0 0 0 0 0 0 0 0 0 0 0 0 0
P7633 2098 6 0 0 8 11 16 13 20 0 0 0 0 0 0 36 42 10 10 7 0 0 0 9 13 9 0 0 0 0 0 0 -999
P7633 2098 7 0 0 0 0 0 24 0 0 0 0 0 0 0 0 0 0 0 0 0 0 0 0 0 0 0 0 0 0 0 0 0
P7633 2098 8 0 0 0 0 0 0 0 12 17 30 0 0 0 0 0 0 0 0 0 0 0 0 0 0 0 0 0 0 0 0 0
P7633 2098 9 0 0 0 0 0 0 0 0 0 0 0 0 0 0 0 0 25 37 11 0 0 0 0 0 9 6 0 0 0 0 -999
P7633 2098 10 0 0 0 7 11 8 12 0 0 0 0 0 0 0 0 7 18 23 9 35 33 21 16 5 0 6 0 4 6 5 5
P7633 2098 11 5 8 5 7 6 5 6 5 0 6 10 26 0 0 0 6 10 6 0 0 0 8 6 0 0 0 0 0 5 5 -999
P7633 2098 12 4 5 6 4 4 16 85 14 0 10 0 0 0 0 0 0 0 0 6 5 4 4 4 6 8 18 13 0 0 0 0
P7633 2099 1 0 0 0 0 0 0 0 0 0 0 0 0 0 0 0 0 0 0 0 0 0 0 0 0 0 0 0 0 0 0 0
P7633 2099 2 0 5 5 5 5 0 0 0 0 0 0 0 0 0 0 0 0 0 0 0 0 0 0 0 0 0 0 0 -999 -999 -999
P7633 2099 3 0 0 0 0 0 9 6 6 6 5 7 18 6 0 0 0 0 0 0 0 0 0 5 0 0 0 0 0 0 0 0
P7633 2099 4 0 5 6 0 5 0 0 0 0 0 5 6 19 10 7 0 0 0 0 0 8 6 0 11 17 33 13 0 0 8 -999
P7633 2099 5 0 0 0 0 55 11 0 0 8 8 8 0 0 9 15 25 64 109 60 29 0 12 94 0 0 0 0 0 0 0 0
P7633 2099 6 0 0 0 0 0 0 0 0 15 53 65 119 0 0 0 0 0 0 0 0 10 8 0 0 0 0 0 0 0 0 -999
P7633 2099 7 0 0 0 0 0 0 0 0 0 0 0 0 0 0 0 0 0 0 0 0 0 0 0 0 0 0 0 0 0 0 0
P7633 2099 8 0 0 0 0 0 0 0 0 0 0 0 0 0 0 0 0 0 0 0 0 0 0 0 0 0 0 0 0 0 7 0
P7633 2099 9 0 16 19 0 0 0 9 8 0 0 0 0 0 0 0 0 0 0 0 0 0 24 17 0 0 0 0 0 0 0 -999
P7633 2099 10 0 0 0 0 0 0 0 25 0 12 12 23 22 7 7 6 8 12 10 8 0 6 0 0 0 0 0 0 0 13 14
P7633 2099 11 5 7 10 10 6 5 5 0 0 5 5 6 29 6 5 7 8 7 28 14 10 7 0 0 0 0 0 0 0 0 -999
P7633 2099 12 0 0 0 0 0 6 0 0 24 11 0 9 9 8 0 0 0 0 0 0 0 4 0 0 0 0 0 6 6 6 9
P7633 2100 1 5 0 0 0 0 0 0 0 0 0 5 6 10 9 6 11 18 0 0 0 7 24 22 0 0 0 0 0 0 0 0
P7633 2100 2 4 5 4 9 0 0 0 0 0 0 0 0 0 0 0 0 0 0 0 0 0 0 0 0 0 0 0 6 -999 -999 -999
P7633 2100 3 5 0 0 5 5 11 4 7 5 5 4 5 5 5 9 6 0 5 0 30 52 9 8 5 6 0 0 18 22 4 6
P7633 2100 4 15 0 0 0 0 0 0 5 8 0 0 0 0 0 0 0 5 6 5 8 17 8 6 5 0 5 0 0 48 211 -999
P7633 2100 5 62 51 12 5 11 6 0 0 6 11 70 32 0 0 0 0 0 0 0 0 0 10 7 0 0 0 0 0 0 14 17
P7633 2100 6 0 0 10 0 0 0 0 0 0 0 0 0 0 0 0 0 0 0 0 0 0 0 0 0 0 0 27 5 0 0 -999
P7633 2100 7 0 0 0 0 0 0 0 0 0 0 0 0 0 0 0 14 11 0 0 0 0 0 0 0 0 0 0 0 0 0 0
P7633 2100 8 0 0 0 0 0 0 0 0 0 0 0 0 0 0 0 5 0 0 0 0 0 0 0 0 0 0 0 0 0 0 0
P7633 2100 9 0 0 0 0 0 0 0 5 0 0 0 0 0 0 0 0 0 0 0 0 0 0 18 8 7 7 0 0 0 0 -999
P7633 2100 10 6 5 0 0 0 24 18 18 36 0 0 16 7 6 5 0 5 5 5 5 10 5 4 5 5 5 5 6 10 5 6
P7633 2100 11 0 0 0 4 0 5 0 0 6 6 12 19 22 6 4 0 0 0 0 0 0 0 0 0 0 0 0 0 0 0 -999
P7633 2100 12 0 0 0 0 0 0 4 4 4 4 0 0 0 0 4 4 0 4 5 0 5 18 5 5 4 5 5 4 5 6 -999
