precip bcc-csm1-1 rcp60 RNEURONALES decimas 2
P1838 37.6 -6.315 280 geo 2006 2100 -1
P1838 2006 1 0 7 9 9 10 0 0 10 37 92 65 102 25 46 22 20 14 15 8 0 9 6 12 4 13 5 6 14 4 0 0
P1838 2006 2 0 0 3 8 90 138 86 34 146 238 151 235 196 28 102 112 24 0 0 0 17 8 74 45 46 11 16 0 -999 -999 -999
P1838 2006 3 0 84 8 0 0 21 0 0 13 40 47 43 77 74 26 12 51 4 0 0 0 0 0 0 0 0 18 14 10 12 0
P1838 2006 4 11 70 0 0 0 0 3 61 27 40 57 37 36 24 4 0 0 50 30 0 0 0 0 3 0 0 0 0 0 0 -999
P1838 2006 5 0 2 3 36 49 11 5 21 39 90 53 14 19 5 0 0 6 5 4 4 3 5 4 0 0 0 4 27 37 15 6
P1838 2006 6 32 8 16 35 83 74 38 4 0 0 0 0 0 0 0 0 0 0 0 0 0 0 0 0 0 0 0 0 0 0 -999
P1838 2006 7 0 0 0 0 0 0 0 0 0 0 0 0 0 0 0 0 0 0 0 0 0 0 0 0 0 0 0 0 0 0 0
P1838 2006 8 0 0 0 0 0 0 0 0 0 0 0 0 0 0 0 0 0 0 0 0 0 0 0 0 0 0 0 0 0 0 0
P1838 2006 9 0 0 0 0 0 0 0 0 0 5 6 0 0 23 7 3 4 20 9 0 0 0 0 0 0 51 0 0 0 0 -999
P1838 2006 10 0 6 25 80 24 0 0 0 0 0 45 0 0 0 0 13 8 0 0 0 0 0 0 0 0 11 15 0 0 0 0
P1838 2006 11 0 0 0 28 41 19 39 9 0 0 0 0 0 0 19 9 0 0 19 0 0 0 0 0 0 0 12 0 0 0 -999
P1838 2006 12 0 13 66 9 31 36 0 0 0 0 0 0 7 0 0 0 0 0 0 0 7 99 115 35 309 82 203 213 5 6 7
P1838 2007 1 6 0 0 0 0 0 0 0 0 8 13 11 5 0 0 0 0 12 9 29 29 5 18 42 18 46 43 24 174 4 13
P1838 2007 2 7 10 41 30 76 149 340 34 15 18 15 72 87 138 114 39 0 0 6 10 5 9 18 21 44 64 32 164 -999 -999 -999
P1838 2007 3 135 7 0 0 0 0 0 0 0 0 0 42 24 0 0 8 25 21 7 4 15 37 7 0 5 0 0 25 0 0 0
P1838 2007 4 0 0 10 29 18 13 27 15 0 0 0 0 12 0 29 20 12 69 25 20 27 101 124 114 85 16 4 18 17 7 -999
P1838 2007 5 19 0 0 15 20 28 6 5 6 13 17 30 6 21 13 8 16 6 0 3 0 5 0 0 0 0 0 0 0 0 0
P1838 2007 6 0 0 0 0 0 0 0 0 5 0 0 0 0 0 0 0 0 0 0 0 0 0 0 0 0 0 0 0 0 0 -999
P1838 2007 7 0 0 0 0 0 0 0 0 0 0 0 0 0 0 0 0 0 0 0 0 0 0 0 0 0 0 0 0 0 0 0
P1838 2007 8 0 0 0 0 0 0 0 0 0 0 0 0 0 0 0 0 0 0 0 0 0 0 9 47 34 10 5 3 4 0 0
P1838 2007 9 0 0 0 0 0 0 0 0 0 0 0 0 0 0 0 0 0 0 0 0 0 0 0 0 0 0 0 0 0 0 -999
P1838 2007 10 93 93 0 0 0 0 0 17 26 32 9 8 0 13 22 11 35 12 11 3 7 0 0 0 25 54 111 33 44 155 43
P1838 2007 11 0 0 0 0 0 0 0 0 11 9 4 0 14 9 9 5 0 8 12 47 19 109 88 29 6 14 18 39 110 23 -999
P1838 2007 12 37 12 0 0 0 0 0 47 231 58 20 12 12 9 76 234 224 209 152 199 35 5 62 21 19 28 31 36 42 43 83
P1838 2008 1 110 81 231 143 113 161 144 33 28 50 26 49 16 7 12 69 52 51 5 0 0 0 0 0 0 0 0 18 0 0 7
P1838 2008 2 6 0 0 0 0 0 0 0 4 0 0 0 0 0 0 0 0 0 29 88 40 38 9 16 0 0 9 18 -999 -999 -999
P1838 2008 3 31 26 25 8 0 0 8 2 0 0 5 3 53 87 63 55 40 31 9 37 7 0 21 21 37 92 18 4 17 13 5
P1838 2008 4 13 0 19 0 0 37 82 42 16 7 0 0 5 3 0 0 0 19 26 10 0 0 0 1 5 13 0 0 62 0 -999
P1838 2008 5 0 0 0 13 17 26 19 12 29 53 26 12 16 0 0 0 0 0 0 6 6 0 0 0 0 0 0 0 0 0 0
P1838 2008 6 0 0 0 7 4 0 0 0 0 0 0 0 0 0 0 0 0 0 0 0 0 0 0 0 0 0 0 0 0 0 -999
P1838 2008 7 8 8 0 17 16 32 24 0 0 0 0 0 0 0 0 0 0 0 0 0 0 0 0 0 0 0 0 0 0 0 0
P1838 2008 8 0 0 0 0 0 0 0 0 0 0 0 0 0 0 0 0 0 0 0 0 0 0 0 0 0 0 0 0 0 0 0
P1838 2008 9 0 0 0 0 0 0 0 0 0 0 0 0 0 0 0 0 0 0 0 0 0 0 0 0 0 0 0 0 0 0 -999
P1838 2008 10 0 12 51 21 23 6 0 0 0 0 12 5 43 78 122 15 15 6 10 17 8 57 51 20 52 17 0 10 13 6 22
P1838 2008 11 9 0 0 9 9 9 20 29 16 5 2 13 0 12 98 191 87 136 274 8 26 138 18 18 0 0 11 0 8 17 -999
P1838 2008 12 87 33 24 46 0 0 21 35 8 3 3 15 38 88 35 26 6 0 0 27 21 10 10 15 0 0 0 0 0 9 19
P1838 2009 1 14 0 0 0 11 8 1 5 8 154 80 5 148 11 17 16 73 108 113 31 30 52 10 16 6 4 0 9 44 22 2
P1838 2009 2 5 11 0 0 70 43 30 11 23 21 90 59 0 0 0 40 119 25 13 99 84 100 121 109 191 130 101 213 -999 -999 -999
P1838 2009 3 164 164 280 219 21 265 36 44 9 75 6 0 0 0 0 14 0 13 19 29 12 0 0 23 39 20 8 23 8 7 0
P1838 2009 4 0 0 0 8 0 0 16 0 0 0 0 7 42 10 6 5 0 0 0 5 4 7 0 0 0 0 0 0 0 0 -999
P1838 2009 5 0 0 0 0 0 0 0 0 0 0 0 0 0 0 0 0 0 0 0 0 0 0 0 0 0 0 0 0 0 0 0
P1838 2009 6 0 0 0 0 0 4 6 9 39 25 32 8 10 10 8 9 6 14 6 9 6 0 0 0 0 0 0 0 0 0 -999
P1838 2009 7 0 0 0 0 0 0 0 0 0 0 0 0 0 0 0 0 0 0 0 0 0 0 0 0 0 0 0 0 0 0 0
P1838 2009 8 0 0 0 0 0 0 0 0 0 0 0 0 0 0 0 0 0 0 0 0 0 0 0 0 0 0 0 0 0 0 0
P1838 2009 9 0 0 0 0 0 0 0 0 0 0 0 0 0 0 0 0 0 0 0 0 0 0 0 0 0 0 0 0 0 0 -999
P1838 2009 10 0 103 35 16 25 20 14 8 0 0 0 0 0 0 0 0 0 0 0 0 9 5 8 0 31 72 76 30 0 0 0
P1838 2009 11 0 39 62 35 28 0 0 0 30 22 62 11 16 0 0 0 0 0 0 0 7 8 9 0 0 0 0 0 0 0 -999
P1838 2009 12 0 0 7 8 11 12 16 7 0 31 24 44 21 0 89 72 34 7 0 0 0 0 16 37 76 106 80 132 60 76 108
P1838 2010 1 10 26 21 13 5 0 58 25 12 17 26 0 0 0 9 3 9 19 16 3 8 0 0 8 10 17 6 0 0 0 0
P1838 2010 2 0 0 0 0 0 0 4 0 6 21 26 32 34 13 7 32 53 31 27 20 62 3 0 0 0 0 0 5 -999 -999 -999
P1838 2010 3 4 0 0 0 5 11 62 36 35 6 3 2 0 8 0 0 0 0 17 92 22 36 24 12 9 4 8 9 5 8 45
P1838 2010 4 117 160 33 6 61 32 45 8 17 8 9 45 5 0 0 0 0 0 0 0 0 0 0 7 3 0 0 0 0 0 -999
P1838 2010 5 0 0 0 0 0 0 0 0 0 0 0 0 0 0 0 0 0 0 0 0 0 0 0 0 0 0 0 0 0 0 0
P1838 2010 6 0 0 0 0 0 0 0 0 0 0 0 0 7 60 7 10 4 0 0 0 0 0 0 0 0 0 0 0 0 0 -999
P1838 2010 7 0 0 0 0 0 0 0 0 0 0 0 0 0 0 0 0 0 0 0 0 0 0 0 0 0 0 0 0 0 0 0
P1838 2010 8 0 0 0 0 0 0 0 0 0 0 0 0 0 0 0 0 0 0 0 0 0 0 0 0 0 0 0 0 0 0 0
P1838 2010 9 0 0 0 0 0 0 0 0 0 0 0 0 0 0 0 0 0 0 0 11 0 0 0 0 0 79 11 0 0 0 -999
P1838 2010 10 0 0 0 0 0 0 0 0 0 0 0 0 0 0 0 0 0 0 0 0 0 0 0 0 15 44 16 0 0 0 0
P1838 2010 11 0 0 0 0 0 0 0 0 0 0 46 245 88 46 76 7 44 39 28 0 0 12 10 0 0 0 0 0 0 0 -999
P1838 2010 12 0 0 0 0 9 0 13 26 24 25 84 54 55 32 16 17 10 20 34 21 10 0 27 30 28 9 7 10 7 8 6
P1838 2011 1 0 0 0 0 5 0 0 0 0 0 0 13 0 0 0 36 80 48 30 16 8 17 0 0 4 12 7 0 0 13 3
P1838 2011 2 3 4 6 0 0 0 0 0 5 10 12 4 0 0 38 53 16 20 25 23 15 16 49 56 21 3 6 9 -999 -999 -999
P1838 2011 3 3 2 7 12 5 183 67 96 12 26 0 13 0 33 119 65 0 74 72 10 5 5 5 10 3 0 0 20 69 12 19
P1838 2011 4 16 47 26 0 0 0 0 0 0 48 12 14 13 0 0 0 0 0 0 127 122 18 5 0 0 8 5 0 0 0 -999
P1838 2011 5 0 0 0 0 0 0 0 0 0 0 20 0 0 0 0 0 0 0 0 0 0 0 0 0 0 0 0 0 0 0 0
P1838 2011 6 0 0 0 0 0 0 0 0 0 0 0 0 0 0 0 0 0 0 0 0 0 0 10 0 15 33 0 0 0 0 -999
P1838 2011 7 0 0 0 0 0 0 0 0 0 0 0 0 0 0 0 0 0 0 0 0 0 0 0 0 0 0 0 0 0 0 0
P1838 2011 8 0 0 0 0 0 0 0 0 0 0 0 0 0 0 0 0 0 0 0 0 0 0 0 0 0 0 0 0 0 0 0
P1838 2011 9 0 0 0 0 0 0 0 0 0 0 6 0 0 0 0 0 0 0 0 0 0 0 0 0 0 0 0 0 0 0 -999
P1838 2011 10 0 0 41 0 0 0 6 1 5 0 0 0 7 0 0 0 0 0 33 11 4 81 42 0 0 0 0 0 40 40 11
P1838 2011 11 62 44 54 15 13 73 39 28 0 0 0 20 16 133 84 0 34 0 0 44 63 101 122 6 4 22 43 143 37 20 -999
P1838 2011 12 88 14 0 0 0 0 0 0 0 0 0 0 9 13 63 14 69 32 0 0 0 0 0 0 30 101 116 10 13 35 46
P1838 2012 1 38 31 159 21 148 13 29 0 0 15 5 9 11 13 19 52 72 123 23 4 4 9 52 9 0 8 14 3 0 0 12
P1838 2012 2 5 0 0 13 0 0 0 11 8 19 61 76 54 33 59 13 198 31 33 42 19 5 11 45 18 0 17 0 -999 -999 -999
P1838 2012 3 8 0 0 0 0 0 0 0 0 0 0 0 3 11 13 4 11 13 14 0 0 0 0 5 6 8 11 7 0 0 0
P1838 2012 4 0 13 0 0 0 0 0 0 0 0 0 0 0 0 0 0 0 0 0 0 0 0 0 0 0 0 0 0 0 0 -999
P1838 2012 5 0 0 0 0 0 0 0 0 44 13 0 0 0 0 6 0 0 0 0 0 0 0 0 5 16 29 24 15 23 12 0
P1838 2012 6 0 0 0 0 0 5 0 0 0 0 0 0 0 0 0 0 0 0 0 0 0 0 0 0 0 0 0 0 0 0 -999
P1838 2012 7 0 0 0 0 0 0 0 0 0 0 0 0 0 0 0 0 0 0 0 0 0 0 0 0 0 0 0 0 0 0 0
P1838 2012 8 0 0 0 0 0 0 0 0 0 0 0 0 0 0 0 0 0 0 0 0 0 0 0 0 0 0 0 0 0 0 0
P1838 2012 9 0 0 0 0 0 0 0 0 0 0 0 0 0 0 0 0 0 0 0 0 0 0 0 0 0 0 0 0 0 0 -999
P1838 2012 10 0 0 0 0 0 0 0 0 0 0 0 0 0 0 0 0 0 13 0 0 38 23 7 0 11 23 0 12 25 241 26
P1838 2012 11 7 0 0 28 56 29 33 0 0 0 0 29 37 6 0 0 0 0 16 13 0 0 0 0 0 0 0 0 0 19 -999
P1838 2012 12 52 9 9 11 12 5 9 0 0 0 0 10 15 6 0 9 13 25 20 29 2 56 15 16 7 16 0 0 0 0 0
P1838 2013 1 13 9 0 0 0 0 0 0 0 0 0 5 8 4 2 6 0 0 0 0 10 24 48 66 11 2 1 4 11 14 8
P1838 2013 2 5 20 29 3 8 54 84 4 42 14 35 20 7 11 17 22 75 8 4 0 0 20 11 6 38 30 5 2 -999 -999 -999
P1838 2013 3 2 7 7 0 0 0 0 0 0 0 7 28 127 83 14 57 61 43 0 0 0 0 0 0 0 0 0 0 0 0 0
P1838 2013 4 0 23 13 11 10 7 8 18 34 8 0 0 0 0 26 21 23 38 73 25 0 3 0 0 0 0 0 0 0 0 -999
P1838 2013 5 0 0 0 0 0 0 0 0 0 21 19 11 6 0 0 0 0 0 16 19 12 29 14 11 7 0 0 0 0 0 0
P1838 2013 6 0 0 0 0 0 0 0 0 0 0 0 0 0 0 0 0 0 0 0 0 0 0 0 0 0 0 0 0 0 0 -999
P1838 2013 7 0 0 0 0 0 0 0 0 0 0 0 0 0 0 0 0 0 0 0 0 0 0 0 0 0 0 0 0 0 0 0
P1838 2013 8 0 0 0 0 0 0 0 0 0 0 0 0 0 0 0 0 0 0 0 0 0 0 0 0 0 0 0 0 0 0 0
P1838 2013 9 0 0 0 0 0 0 0 0 0 0 0 0 0 0 0 0 0 0 0 0 0 0 0 0 0 0 0 0 0 0 -999
P1838 2013 10 0 0 0 0 0 0 0 5 40 29 43 89 145 37 77 51 5 3 4 55 13 0 57 11 0 0 0 0 0 0 0
P1838 2013 11 0 36 0 0 0 0 0 38 0 0 0 11 19 11 104 21 0 24 0 0 0 0 0 32 19 23 48 67 19 11 -999
P1838 2013 12 20 50 140 41 6 11 6 5 4 4 9 12 0 0 10 27 44 3 0 0 9 0 12 0 0 0 0 0 0 9 20
P1838 2014 1 73 148 8 18 16 0 17 5 60 39 51 42 45 51 0 0 26 16 0 14 11 14 28 37 121 159 76 69 161 179 21
P1838 2014 2 215 3 17 25 3 3 8 25 17 32 0 0 0 0 0 0 13 23 24 27 21 15 6 0 0 0 0 0 -999 -999 -999
P1838 2014 3 0 0 0 0 0 0 0 0 0 0 0 0 0 0 29 4 0 0 0 11 9 2 2 5 13 6 3 0 0 0 0
P1838 2014 4 0 0 10 7 0 0 7 6 38 162 60 4 3 0 0 0 0 0 0 0 0 0 0 0 0 0 0 3 11 23 -999
P1838 2014 5 38 49 0 0 0 7 4 0 4 15 6 5 18 14 12 11 20 29 5 6 0 0 0 0 0 0 0 0 0 27 78
P1838 2014 6 28 38 11 0 0 0 0 0 0 0 0 0 0 0 0 0 0 0 0 0 0 0 0 0 0 0 0 0 0 0 -999
P1838 2014 7 0 0 0 0 0 0 0 0 0 0 0 0 0 0 0 0 0 0 0 0 0 0 0 0 0 0 0 0 0 0 0
P1838 2014 8 0 0 0 0 0 0 0 0 0 0 0 0 0 0 0 0 0 0 0 0 0 0 0 0 0 0 0 0 0 0 0
P1838 2014 9 0 0 0 0 0 0 0 0 0 0 0 0 0 0 0 0 0 0 0 0 0 0 0 0 0 0 0 0 0 0 -999
P1838 2014 10 0 0 0 0 0 0 0 0 0 59 0 0 0 0 0 0 0 0 0 0 8 7 9 0 0 38 17 0 0 0 0
P1838 2014 11 0 0 0 0 29 36 6 8 0 0 30 46 7 0 0 0 36 76 27 180 11 3 13 104 116 38 15 6 9 32 -999
P1838 2014 12 13 9 0 0 0 0 0 5 0 12 13 11 11 8 86 37 160 27 15 309 34 130 140 108 12 38 14 2 0 0 0
P1838 2015 1 0 0 0 0 0 0 0 0 0 0 0 0 0 0 0 0 13 19 7 0 0 14 8 10 81 30 5 24 5 81 9
P1838 2015 2 18 6 0 0 4 0 0 9 22 2 27 262 286 152 127 51 110 167 12 25 70 52 41 0 0 0 27 10 -999 -999 -999
P1838 2015 3 0 19 43 40 13 6 0 0 0 0 7 20 12 20 37 56 61 83 62 17 26 11 0 0 0 0 0 0 0 0 0
P1838 2015 4 0 0 0 0 30 44 10 8 57 86 43 9 51 68 129 57 23 27 53 27 39 18 8 0 0 0 0 0 0 0 -999
P1838 2015 5 0 2 6 5 5 3 0 0 0 0 0 0 0 0 0 0 0 0 0 0 0 0 0 0 0 0 0 0 0 0 0
P1838 2015 6 0 0 0 0 11 8 0 0 0 0 0 0 0 0 0 0 0 0 0 0 0 0 0 0 0 0 0 0 0 0 -999
P1838 2015 7 0 0 0 0 0 0 0 0 0 0 0 0 0 0 0 0 0 0 0 0 0 0 0 0 0 0 0 0 0 0 0
P1838 2015 8 0 0 0 0 0 0 0 0 0 0 0 0 0 0 0 0 0 0 0 0 0 0 0 0 0 0 0 0 0 0 0
P1838 2015 9 0 0 0 0 0 5 0 0 0 0 0 0 0 0 0 25 37 47 42 0 0 0 11 17 26 11 0 0 0 0 -999
P1838 2015 10 0 0 0 0 0 0 0 0 19 41 31 25 11 0 0 0 15 62 115 38 33 23 17 0 0 0 6 17 15 0 0
P1838 2015 11 0 0 0 0 18 15 25 54 65 0 0 0 8 15 9 8 0 0 0 0 0 0 0 0 0 0 0 0 27 16 -999
P1838 2015 12 0 0 0 0 0 0 0 0 0 0 9 25 15 27 13 6 10 14 43 18 23 121 27 24 94 11 51 72 30 90 108
P1838 2016 1 21 73 10 7 19 24 50 62 5 16 44 3 8 33 4 87 8 3 4 72 3 3 0 9 2 1 0 0 0 3 4
P1838 2016 2 3 4 6 7 46 29 2 4 5 0 7 15 9 8 6 0 0 0 0 0 0 0 0 0 0 0 0 0 -999 -999 -999
P1838 2016 3 11 0 0 0 6 0 17 60 22 0 0 0 0 0 0 0 5 21 5 0 0 0 0 0 0 0 0 0 0 23 5
P1838 2016 4 0 0 23 146 15 2 19 10 64 16 20 16 11 9 0 0 34 22 9 27 28 26 0 0 0 0 19 22 0 12 -999
P1838 2016 5 37 20 14 10 7 0 0 0 0 0 0 0 0 0 0 0 0 0 0 0 0 0 0 0 0 0 0 0 0 0 0
P1838 2016 6 0 0 0 0 0 0 0 0 0 0 0 0 0 0 0 0 0 0 0 0 0 0 0 0 0 0 0 4 0 0 -999
P1838 2016 7 0 0 0 0 0 0 0 0 0 0 0 0 0 0 0 0 0 0 0 0 0 0 0 0 0 0 0 0 0 0 0
P1838 2016 8 0 0 0 0 0 0 0 0 0 0 0 0 0 0 0 0 0 0 0 0 0 0 0 0 0 0 0 0 0 0 0
P1838 2016 9 0 0 0 0 0 0 0 0 0 0 0 0 0 0 0 0 0 0 0 0 0 0 0 0 0 0 0 0 0 0 -999
P1838 2016 10 0 0 0 0 0 0 0 24 0 0 0 0 0 0 0 28 27 24 34 52 6 6 78 172 63 16 149 175 51 13 8
P1838 2016 11 0 0 17 90 5 8 67 32 56 37 125 215 258 102 32 147 19 40 56 22 0 16 42 180 166 139 71 60 51 13 -999
P1838 2016 12 0 0 0 0 10 0 0 0 0 0 0 9 12 8 9 0 0 9 4 0 0 0 0 0 0 0 0 10 26 47 5
P1838 2017 1 0 0 54 3 37 9 83 13 32 69 2 7 4 0 0 0 0 0 27 143 55 5 0 0 33 36 48 73 0 0 0
P1838 2017 2 0 0 6 9 26 50 27 23 14 14 0 0 0 63 26 10 26 86 245 101 218 10 79 8 12 7 27 4 -999 -999 -999
P1838 2017 3 3 10 16 22 45 9 8 55 41 16 16 19 10 6 16 37 74 67 23 20 36 244 99 53 25 61 28 51 60 24 56
P1838 2017 4 48 31 10 9 12 23 32 8 7 138 110 11 3 50 28 22 17 14 14 15 9 0 0 5 9 21 8 4 6 5 -999
P1838 2017 5 19 25 9 7 3 9 19 12 36 22 9 0 0 20 0 0 0 0 0 0 0 0 16 6 21 15 0 0 0 0 0
P1838 2017 6 0 0 0 0 0 0 0 0 0 0 0 0 0 0 0 0 0 0 0 0 0 0 0 0 0 0 0 0 0 0 -999
P1838 2017 7 0 0 0 0 0 0 0 0 0 0 0 6 20 0 0 0 0 0 0 0 0 0 0 0 0 0 0 0 0 0 0
P1838 2017 8 0 0 0 0 0 0 0 0 0 0 0 0 0 0 0 0 0 0 0 0 0 0 0 0 0 0 0 0 0 0 0
P1838 2017 9 0 0 0 0 0 0 0 0 0 0 0 0 0 0 0 0 0 0 0 0 0 0 0 0 0 0 3 11 32 57 -999
P1838 2017 10 12 15 0 0 0 0 4 10 7 0 0 0 0 0 0 0 0 0 0 0 0 0 19 21 46 10 2 4 2 0 0
P1838 2017 11 16 0 0 0 0 9 8 18 27 56 14 9 0 0 0 0 0 11 7 22 4 23 16 105 61 36 0 45 44 0 -999
P1838 2017 12 10 3 3 0 0 0 0 0 0 0 11 21 37 49 33 53 89 29 19 36 107 47 76 17 23 34 18 160 210 139 70
P1838 2018 1 5 17 28 0 0 0 0 0 0 0 0 0 0 0 6 8 16 4 0 0 0 0 20 50 100 25 4 8 17 35 8
P1838 2018 2 9 68 72 49 160 172 111 126 11 27 54 134 23 2 0 0 0 0 8 12 18 40 51 29 16 3 5 20 -999 -999 -999
P1838 2018 3 13 7 7 0 5 5 0 0 0 0 45 124 45 8 0 0 0 0 0 31 16 25 23 70 46 111 41 60 59 92 14
P1838 2018 4 54 88 62 64 35 12 0 0 0 0 0 46 136 5 33 77 4 12 7 0 0 0 0 0 9 6 0 0 19 75 -999
P1838 2018 5 31 27 57 11 3 0 0 0 0 0 0 0 0 0 0 0 19 22 12 7 0 0 0 0 0 0 0 0 0 0 0
P1838 2018 6 0 0 0 0 0 0 0 4 0 0 0 0 0 0 0 0 0 0 0 0 0 0 0 0 0 0 0 0 0 0 -999
P1838 2018 7 0 0 0 0 0 0 0 0 0 0 0 0 0 0 0 0 0 0 0 0 0 0 0 0 0 0 0 0 0 0 0
P1838 2018 8 0 0 0 0 0 0 0 0 0 0 0 0 0 0 0 0 0 0 0 0 0 0 0 0 0 0 0 0 0 0 0
P1838 2018 9 0 0 0 0 0 0 0 0 0 0 0 0 0 0 0 0 0 0 0 0 0 0 15 7 0 0 0 0 0 0 -999
P1838 2018 10 0 0 0 0 0 0 0 0 0 0 0 0 0 0 0 0 0 25 41 47 32 0 0 13 9 0 4 5 7 15 96
P1838 2018 11 13 0 16 0 0 0 0 0 0 0 0 0 0 0 0 0 0 0 0 0 50 69 18 41 54 66 37 63 66 26 -999
P1838 2018 12 11 12 0 0 0 0 0 0 0 12 14 0 8 20 0 0 0 0 0 0 0 18 30 50 48 192 58 5 4 0 0
P1838 2019 1 0 0 0 7 6 29 17 22 10 8 12 11 54 8 21 17 0 0 0 6 0 0 0 5 6 0 0 0 8 28 70
P1838 2019 2 13 14 22 4 5 3 10 13 15 14 10 3 6 8 128 27 18 0 0 0 0 0 101 195 75 62 95 179 -999 -999 -999
P1838 2019 3 139 27 32 13 210 117 116 111 206 72 16 22 12 0 0 0 0 0 0 0 0 0 0 0 0 0 0 0 0 7 0
P1838 2019 4 0 0 0 0 0 0 0 0 0 0 12 6 3 0 0 0 0 0 0 0 0 0 15 19 0 0 30 40 13 12 -999
P1838 2019 5 5 0 5 0 13 0 0 0 0 5 0 0 4 15 0 10 0 0 0 0 0 0 0 0 0 0 0 0 0 0 0
P1838 2019 6 0 0 0 0 0 0 0 0 0 0 0 0 0 0 0 0 0 0 0 0 0 0 0 0 0 0 7 0 0 0 -999
P1838 2019 7 0 18 30 9 0 0 0 0 0 0 0 0 0 0 0 0 0 0 0 0 0 0 0 0 0 0 0 0 0 0 0
P1838 2019 8 0 0 0 0 0 0 0 0 0 0 0 0 0 0 0 0 0 0 0 0 0 0 0 0 0 0 0 0 0 0 0
P1838 2019 9 0 0 0 0 0 0 0 0 0 0 5 15 16 0 0 0 0 0 0 0 0 0 0 0 0 0 0 0 0 0 -999
P1838 2019 10 0 0 0 0 0 19 14 21 58 45 25 0 0 0 21 0 0 0 0 0 0 0 0 0 0 0 0 0 0 0 0
P1838 2019 11 0 33 0 0 33 61 58 15 0 0 0 19 31 54 75 14 0 0 0 0 0 0 0 14 22 72 2 0 0 38 -999
P1838 2019 12 21 32 27 34 31 20 42 0 0 0 0 0 0 16 42 21 45 58 13 1 0 83 61 99 249 73 21 0 17 8 0
P1838 2020 1 9 42 128 95 38 229 85 29 35 30 46 28 16 12 0 0 0 0 0 0 0 5 4 8 6 6 7 9 3 11 5
P1838 2020 2 9 23 52 83 12 40 11 5 0 0 0 0 12 55 46 31 3 0 3 11 43 71 87 44 8 19 23 0 -999 -999 -999
P1838 2020 3 0 0 0 0 0 0 0 0 0 0 20 29 79 39 44 12 10 5 0 0 9 43 120 241 54 39 77 6 35 21 34
P1838 2020 4 14 0 40 0 0 0 0 0 4 4 13 16 9 5 0 0 0 0 0 32 67 22 53 103 32 6 0 7 10 0 -999
P1838 2020 5 0 0 0 8 4 0 0 0 0 0 0 0 0 0 0 0 0 0 0 0 0 0 0 18 11 23 106 106 26 16 4
P1838 2020 6 3 3 0 0 0 7 6 8 5 0 0 0 0 0 0 0 0 0 0 0 0 0 0 0 0 0 0 0 0 0 -999
P1838 2020 7 0 0 0 0 0 0 0 0 0 0 0 0 0 0 0 0 0 0 0 0 0 0 0 0 0 0 0 0 0 0 0
P1838 2020 8 0 0 0 0 13 20 0 0 0 0 0 0 0 0 0 0 0 0 0 0 0 0 0 0 0 0 0 0 0 0 0
P1838 2020 9 0 0 0 0 0 0 0 0 0 0 0 0 0 0 30 0 0 0 44 6 0 0 0 0 0 0 0 0 0 0 -999
P1838 2020 10 0 0 0 0 0 13 0 0 0 0 0 0 0 0 0 0 0 0 0 0 0 11 12 78 19 111 192 59 3 0 0
P1838 2020 11 0 0 35 65 0 29 45 34 18 7 0 0 0 0 0 7 25 12 108 217 105 16 14 0 0 0 0 0 20 59 -999
P1838 2020 12 50 57 119 135 23 29 9 18 29 24 19 15 16 5 0 0 0 13 0 19 129 278 284 119 12 7 0 13 0 0 12
P1838 2021 1 0 8 2 6 10 6 0 0 0 0 16 39 25 23 0 0 8 47 32 29 66 39 139 191 229 283 331 153 173 105 80
P1838 2021 2 12 148 53 226 224 97 51 96 6 39 21 74 29 3 0 0 0 0 0 0 0 0 0 20 4 0 22 6 -999 -999 -999
P1838 2021 3 0 17 67 86 102 84 10 0 0 0 7 16 211 110 249 72 232 168 234 50 16 33 69 87 9 0 5 8 21 14 23
P1838 2021 4 38 14 4 27 14 0 0 0 18 67 37 7 0 0 0 21 44 7 5 0 0 0 0 0 18 22 6 16 6 6 -999
P1838 2021 5 2 5 0 6 0 7 6 15 21 12 15 8 9 0 0 0 0 0 0 0 0 0 0 0 0 0 0 5 10 10 14
P1838 2021 6 26 13 6 10 9 12 39 48 27 36 20 6 16 48 18 0 0 0 0 0 0 0 0 0 0 0 0 0 0 0 -999
P1838 2021 7 0 0 0 0 0 0 0 0 0 0 0 0 0 0 0 0 0 0 0 0 0 0 0 0 0 0 0 0 0 0 0
P1838 2021 8 0 0 0 0 0 0 0 15 10 11 6 0 0 0 0 0 0 0 0 0 0 0 0 0 0 0 0 0 0 0 0
P1838 2021 9 0 0 0 0 0 0 0 0 0 0 0 0 0 4 11 12 0 0 0 0 0 0 0 0 76 54 36 11 0 0 -999
P1838 2021 10 10 101 144 38 0 0 0 14 10 0 0 0 0 22 35 0 0 0 65 0 19 37 0 27 4 2 8 6 7 25 99
P1838 2021 11 57 24 41 20 42 79 80 12 0 11 0 0 0 0 0 0 0 0 19 28 27 11 10 0 0 0 0 0 0 0 -999
P1838 2021 12 0 0 0 0 0 0 0 0 0 0 28 50 88 113 171 30 310 230 101 180 213 36 110 103 127 18 102 150 43 43 6
P1838 2022 1 0 0 0 0 0 0 0 0 0 0 0 8 7 8 9 7 4 0 0 5 6 3 4 0 0 0 0 0 0 13 0
P1838 2022 2 0 8 14 16 13 0 0 0 11 10 11 0 0 11 67 4 6 8 0 33 28 10 10 48 14 37 25 164 -999 -999 -999
P1838 2022 3 55 68 9 49 56 73 25 18 17 17 0 0 0 0 0 5 0 12 11 21 9 0 0 0 9 14 0 0 7 5 9
P1838 2022 4 63 62 49 19 17 59 18 10 16 8 0 29 2 3 0 0 0 0 0 0 6 11 2 9 10 33 24 0 0 0 -999
P1838 2022 5 0 0 0 0 0 0 0 0 0 0 0 0 0 0 0 0 0 0 0 0 5 0 0 0 0 0 0 0 0 0 0
P1838 2022 6 0 0 0 0 0 0 0 0 0 0 0 0 0 0 0 0 0 0 0 0 0 0 0 0 0 0 0 0 0 0 -999
P1838 2022 7 0 0 0 0 0 0 0 0 0 0 0 0 0 0 0 0 0 0 0 0 0 0 0 0 0 0 0 0 0 0 0
P1838 2022 8 0 0 0 0 0 0 0 0 0 0 0 0 0 0 0 0 0 0 0 0 0 0 0 0 0 0 0 0 0 0 0
P1838 2022 9 0 0 0 0 0 0 0 0 0 0 0 0 0 0 0 0 0 0 0 0 0 0 3 3 3 3 0 0 0 0 -999
P1838 2022 10 0 0 0 0 4 0 0 0 0 0 0 30 40 16 10 0 0 0 0 12 0 0 0 0 0 0 45 13 0 0 0
P1838 2022 11 32 0 0 0 8 0 0 0 18 0 12 36 131 94 116 60 11 6 30 197 116 225 242 129 9 0 0 0 0 15 -999
P1838 2022 12 20 4 17 7 14 64 126 53 17 14 16 5 0 0 0 9 37 10 28 98 33 46 127 191 129 228 236 137 63 11 86
P1838 2023 1 86 104 51 65 77 100 14 136 32 7 117 14 20 20 4 15 39 17 5 4 0 5 11 4 0 10 0 0 0 0 0
P1838 2023 2 0 0 5 0 0 15 7 0 0 0 0 41 34 85 170 105 74 43 8 114 3 0 0 5 0 0 13 0 -999 -999 -999
P1838 2023 3 0 0 8 6 12 15 0 0 0 0 0 0 0 27 48 92 218 177 27 24 45 113 19 8 0 23 0 0 0 0 0
P1838 2023 4 0 0 0 0 0 0 51 65 13 0 0 0 0 21 15 4 3 2 0 0 3 3 0 0 7 6 0 0 0 0 -999
P1838 2023 5 0 39 93 147 98 48 56 183 74 23 7 17 18 0 0 0 0 0 0 0 0 5 4 7 0 0 0 0 0 0 0
P1838 2023 6 0 0 0 0 0 0 0 0 0 0 0 0 0 0 15 5 7 7 0 0 0 0 0 0 0 0 0 0 0 0 -999
P1838 2023 7 0 0 0 0 0 0 0 0 0 0 0 0 0 0 0 0 0 0 2 8 0 0 0 0 0 0 0 0 0 0 0
P1838 2023 8 0 0 0 0 0 0 0 0 0 0 0 0 0 0 0 0 0 0 0 0 0 0 0 0 0 0 0 0 0 0 0
P1838 2023 9 0 0 0 0 0 0 0 0 0 0 0 0 0 0 0 0 0 0 0 0 0 0 0 0 0 0 0 0 0 5 -999
P1838 2023 10 5 1 0 0 0 0 0 0 0 0 0 0 0 0 8 11 11 10 11 69 15 29 0 0 0 0 0 0 0 20 35
P1838 2023 11 7 11 11 0 0 0 0 22 55 56 38 55 46 0 0 0 0 0 0 0 0 0 0 0 0 6 8 16 9 0 -999
P1838 2023 12 12 43 124 12 0 0 0 0 0 0 0 0 0 29 36 12 17 82 45 171 23 77 36 68 3 0 0 0 0 0 9
P1838 2024 1 12 0 0 0 0 0 0 0 0 0 10 12 9 0 0 9 35 99 231 246 83 121 162 43 14 41 73 35 2 14 8
P1838 2024 2 8 14 12 54 4 0 0 28 6 4 98 151 158 15 12 0 0 0 0 0 0 15 8 0 0 0 0 0 -999 -999 -999
P1838 2024 3 0 0 0 0 0 12 7 0 7 19 22 10 25 41 2 9 9 14 31 4 15 10 0 15 9 12 16 10 21 9 2
P1838 2024 4 0 0 0 15 40 139 130 53 43 121 58 0 0 0 0 0 0 0 0 0 9 30 6 6 0 0 0 0 0 0 -999
P1838 2024 5 4 6 7 6 4 0 15 0 0 0 0 6 10 10 16 7 9 14 0 0 0 0 0 0 0 0 0 21 11 11 8
P1838 2024 6 0 0 0 0 0 0 0 0 0 0 0 24 10 0 0 0 0 0 0 0 0 0 0 0 0 0 0 0 0 0 -999
P1838 2024 7 0 0 0 0 0 0 0 0 0 0 0 0 0 0 0 0 0 0 0 0 0 0 0 0 0 0 0 0 0 0 0
P1838 2024 8 0 0 0 0 0 0 0 0 0 0 0 0 0 0 0 0 0 0 0 0 0 0 0 0 0 0 0 0 0 0 0
P1838 2024 9 0 0 0 0 0 0 0 0 0 0 0 0 0 0 0 0 0 0 5 15 127 30 12 16 17 0 0 5 3 0 -999
P1838 2024 10 0 49 89 14 92 11 6 0 0 0 0 0 0 0 51 0 0 16 0 0 0 0 0 0 0 0 0 0 0 25 19
P1838 2024 11 23 176 88 67 15 6 0 0 0 0 10 20 10 5 4 8 12 7 8 0 0 0 0 0 0 0 0 8 11 39 -999
P1838 2024 12 34 62 13 16 27 20 14 21 44 145 234 98 114 29 55 33 31 46 17 0 0 6 23 28 13 26 12 12 0 0 14
P1838 2025 1 0 0 17 123 320 20 2 34 48 23 12 0 0 6 0 16 13 52 22 7 14 0 0 0 0 0 6 27 42 86 28
P1838 2025 2 18 29 24 9 31 31 66 271 24 32 89 17 0 0 0 0 0 0 0 0 0 0 0 0 0 0 0 0 -999 -999 -999
P1838 2025 3 10 28 0 5 0 0 0 24 4 13 12 6 0 0 0 0 0 0 0 0 0 0 0 0 0 0 32 14 0 0 0
P1838 2025 4 0 0 0 0 0 0 0 0 0 0 0 0 0 0 0 0 0 0 0 0 0 0 0 0 0 0 0 0 3 6 -999
P1838 2025 5 0 0 3 10 8 0 0 0 0 0 0 0 0 22 17 6 0 0 0 0 0 0 0 6 11 7 25 22 27 7 15
P1838 2025 6 0 0 0 0 8 0 0 0 0 0 0 0 0 0 0 0 0 0 0 0 0 0 0 0 0 0 0 0 0 0 -999
P1838 2025 7 0 0 0 0 0 0 0 0 0 0 0 0 0 0 0 0 0 0 0 0 0 0 0 0 0 0 0 0 0 0 0
P1838 2025 8 0 0 0 0 0 0 0 0 0 0 0 0 0 4 0 0 0 0 0 0 0 0 0 0 0 0 0 0 0 0 0
P1838 2025 9 0 0 0 0 0 0 0 0 0 0 0 0 0 0 0 0 0 11 0 0 0 0 0 0 0 0 0 0 0 0 -999
P1838 2025 10 0 0 0 0 0 0 0 0 0 0 0 0 0 0 0 0 23 215 60 124 98 52 8 10 13 0 0 0 13 130 112
P1838 2025 11 142 12 26 308 46 36 13 3 146 260 37 10 13 91 102 34 9 0 0 0 0 0 0 0 0 0 0 0 0 0 -999
P1838 2025 12 0 0 0 0 0 11 4 5 5 7 26 7 55 11 21 45 0 25 5 7 53 70 13 42 60 24 6 17 41 51 83
P1838 2026 1 46 10 44 0 0 0 0 0 0 10 9 0 0 0 18 37 16 12 40 73 45 16 9 0 0 0 0 0 0 0 0
P1838 2026 2 0 0 0 0 0 18 18 0 0 0 0 0 10 7 5 31 2 5 3 5 3 4 3 23 28 6 0 17 -999 -999 -999
P1838 2026 3 15 14 37 57 0 0 9 2 0 0 0 0 28 17 0 0 0 0 0 0 0 0 44 20 163 148 49 23 35 51 22
P1838 2026 4 0 0 25 7 26 34 18 4 14 3 27 6 11 10 8 19 37 37 21 0 0 0 0 0 0 0 0 0 0 42 -999
P1838 2026 5 11 26 7 0 0 0 0 0 0 0 0 0 0 0 0 0 0 0 0 0 0 0 0 0 0 0 0 0 7 0 0
P1838 2026 6 0 0 0 0 0 0 0 0 0 0 0 0 0 0 0 0 0 0 0 0 0 0 0 0 0 0 0 0 0 0 -999
P1838 2026 7 0 0 0 0 0 0 0 0 0 0 0 0 0 0 0 0 0 0 0 0 0 0 0 0 0 0 0 0 0 0 0
P1838 2026 8 0 0 0 0 0 0 0 0 0 0 0 0 0 0 0 0 0 0 0 0 0 0 0 0 0 0 0 0 0 0 0
P1838 2026 9 0 0 0 5 0 0 0 0 0 0 0 0 0 0 0 0 0 0 0 0 0 4 0 0 0 0 0 0 0 0 -999
P1838 2026 10 0 0 0 0 0 0 0 0 0 0 0 0 0 0 0 0 0 0 45 44 6 8 0 0 0 0 0 12 44 43 147
P1838 2026 11 70 139 54 71 107 30 63 114 130 10 137 24 8 145 172 17 3 0 0 0 14 0 0 0 0 0 0 0 0 0 -999
P1838 2026 12 0 7 12 0 0 0 0 0 0 15 10 12 9 30 175 15 106 184 58 29 12 191 23 59 38 6 13 33 0 0 0
P1838 2027 1 0 14 14 21 6 227 164 21 20 34 162 31 7 5 9 0 0 0 29 6 72 23 5 13 60 163 180 151 210 3 0
P1838 2027 2 0 0 0 0 0 0 0 0 0 10 58 3 0 0 34 41 92 35 16 56 43 69 69 21 0 3 5 6 -999 -999 -999
P1838 2027 3 9 41 19 5 0 5 0 0 0 0 0 0 0 0 0 0 27 44 13 0 29 39 39 20 16 27 7 5 0 0 0
P1838 2027 4 0 23 54 50 0 0 0 0 0 0 0 0 0 0 0 0 0 0 0 0 0 27 53 0 0 0 0 0 38 30 -999
P1838 2027 5 23 0 0 5 39 48 28 11 0 0 0 4 0 0 0 0 0 0 0 0 0 0 0 0 0 0 0 0 0 0 0
P1838 2027 6 0 0 0 9 16 25 0 0 0 0 0 0 0 0 0 0 0 0 0 0 0 0 0 0 0 0 7 6 0 0 -999
P1838 2027 7 0 12 16 0 0 15 0 0 0 0 0 0 0 0 0 0 0 0 0 0 0 0 0 0 0 0 0 0 0 0 0
P1838 2027 8 0 0 0 0 0 0 0 0 0 0 0 0 0 0 0 0 0 0 0 0 0 0 0 0 0 0 0 0 0 0 0
P1838 2027 9 0 0 0 0 0 0 0 0 0 0 0 0 0 0 0 0 0 0 0 0 0 0 0 0 0 0 0 0 0 0 -999
P1838 2027 10 0 0 0 0 0 0 0 0 0 0 0 0 0 0 0 0 7 0 0 0 0 0 4 17 14 0 0 0 0 0 0
P1838 2027 11 0 0 0 0 17 6 0 0 10 70 7 2 0 0 0 0 0 0 0 0 25 53 77 79 79 136 66 25 10 11 -999
P1838 2027 12 13 13 0 10 0 0 0 0 0 0 0 9 23 5 12 7 20 37 0 5 0 0 0 0 10 0 0 0 0 0 0
P1838 2028 1 5 7 0 0 0 0 0 0 0 0 0 7 0 13 12 19 24 7 4 0 0 0 0 0 0 0 0 0 0 0 0
P1838 2028 2 0 0 28 28 61 71 76 28 5 30 123 15 99 132 141 93 90 82 63 5 10 21 0 0 0 0 0 0 -999 -999 -999
P1838 2028 3 0 0 0 0 0 0 0 0 0 19 46 10 10 39 12 0 0 0 0 0 0 9 5 0 7 29 31 7 0 18 11
P1838 2028 4 0 0 0 0 0 0 0 0 0 15 6 0 0 0 0 0 0 0 30 37 6 0 0 0 0 0 0 0 0 0 -999
P1838 2028 5 0 0 0 0 0 0 0 9 41 39 14 10 35 13 0 3 0 0 0 0 0 0 0 3 6 0 0 16 12 8 6
P1838 2028 6 8 12 33 19 12 25 11 12 5 0 0 0 0 0 0 0 0 0 0 0 0 0 0 0 0 0 0 14 22 40 -999
P1838 2028 7 27 12 12 0 0 0 0 0 0 0 0 12 25 0 0 0 0 0 0 0 0 0 0 0 0 0 0 0 0 0 0
P1838 2028 8 0 0 0 0 0 0 0 0 0 0 0 0 0 0 0 0 0 0 0 0 0 0 0 0 9 0 0 0 0 0 0
P1838 2028 9 0 0 0 0 0 0 0 0 0 0 0 0 0 0 0 0 0 0 0 0 0 0 0 29 0 0 0 20 14 0 -999
P1838 2028 10 0 0 0 0 0 0 0 0 0 0 0 0 0 0 0 0 0 0 0 0 0 0 0 0 0 0 0 0 0 7 0
P1838 2028 11 0 16 33 17 65 18 3 0 0 0 0 25 17 0 0 0 0 22 12 162 122 37 17 0 0 0 25 34 23 10 -999
P1838 2028 12 11 11 16 15 0 0 0 0 0 0 0 4 2 3 0 0 0 10 97 92 120 140 104 23 28 33 29 28 19 40 5
P1838 2029 1 14 17 73 94 3 0 20 18 0 7 18 87 32 50 37 51 13 3 3 6 4 0 0 0 0 0 18 47 10 8 14
P1838 2029 2 60 54 93 73 73 18 31 5 0 49 12 0 27 4 7 42 16 0 0 0 0 0 0 0 0 14 20 6 -999 -999 -999
P1838 2029 3 0 0 4 116 104 124 31 46 17 13 25 0 9 6 15 0 0 0 6 38 5 10 14 11 0 0 0 0 0 0 17
P1838 2029 4 0 0 6 4 0 0 0 0 0 0 0 0 39 71 2 10 7 25 7 0 0 0 0 0 0 0 0 9 89 5 -999
P1838 2029 5 2 4 47 80 117 61 183 62 6 6 12 11 0 0 0 0 0 0 0 0 0 0 0 0 0 0 0 0 0 0 0
P1838 2029 6 0 0 0 0 0 0 0 0 0 0 0 0 0 0 0 0 0 0 0 0 0 0 0 0 0 0 0 0 0 0 -999
P1838 2029 7 0 0 0 0 0 0 0 0 0 0 0 0 0 0 0 0 0 0 0 0 0 0 0 0 0 0 0 0 0 0 0
P1838 2029 8 0 0 0 0 0 0 0 0 0 0 0 0 0 0 0 0 0 0 0 0 0 0 0 0 0 0 0 0 0 0 0
P1838 2029 9 0 0 0 0 0 0 0 0 0 0 0 0 0 0 0 0 0 0 0 0 0 0 7 0 14 29 6 4 0 0 -999
P1838 2029 10 0 0 0 0 0 0 0 0 0 0 0 0 0 0 0 0 0 7 0 0 0 0 0 0 39 29 0 36 138 18 4
P1838 2029 11 0 0 0 0 0 0 0 0 0 0 0 0 0 0 12 16 27 28 15 16 40 23 31 12 4 0 23 14 15 0 -999
P1838 2029 12 17 29 63 89 107 28 17 34 46 6 33 14 6 7 0 0 16 5 5 0 7 92 40 12 75 8 98 186 180 3 0
P1838 2030 1 0 0 0 18 36 30 52 4 18 109 3 2 0 19 31 95 9 0 27 24 27 6 11 44 36 8 26 33 2 2 0
P1838 2030 2 14 0 55 7 82 14 73 9 0 0 0 0 0 0 0 38 8 1 0 0 0 0 6 14 111 0 0 0 -999 -999 -999
P1838 2030 3 0 0 0 0 0 0 0 0 0 0 0 0 0 0 0 23 45 0 0 0 0 12 0 0 0 9 15 54 120 36 209
P1838 2030 4 187 65 6 0 0 0 0 13 10 10 0 0 0 0 9 8 41 19 6 8 15 0 0 7 43 35 0 4 52 37 -999
P1838 2030 5 8 0 0 0 0 0 0 0 0 0 6 8 14 64 47 14 15 45 20 0 0 0 0 0 0 0 0 0 0 0 0
P1838 2030 6 0 0 0 0 0 0 0 0 0 0 0 0 0 0 0 0 3 5 7 6 0 0 4 0 0 0 0 0 0 0 -999
P1838 2030 7 0 0 0 0 0 0 0 0 0 0 0 0 0 0 0 0 0 0 0 0 0 0 0 0 0 0 0 0 0 0 0
P1838 2030 8 0 0 0 0 0 0 0 0 0 0 0 0 0 0 0 0 0 0 0 0 0 0 0 0 0 0 0 0 0 0 0
P1838 2030 9 0 0 0 0 0 0 0 0 0 0 0 0 0 0 0 75 86 35 0 0 26 12 4 6 18 0 0 10 18 14 -999
P1838 2030 10 0 0 0 0 0 0 0 29 30 41 6 90 31 19 43 0 0 42 104 52 158 50 75 40 6 0 0 0 0 0 4
P1838 2030 11 0 0 13 0 4 17 151 152 149 113 37 67 7 82 31 79 95 71 63 7 13 76 18 10 44 12 32 172 16 15 -999
P1838 2030 12 0 0 0 0 6 16 13 7 3 10 32 7 0 0 0 0 0 0 0 0 0 0 0 0 0 24 81 49 80 13 45
P1838 2031 1 40 13 36 90 11 8 10 126 201 44 177 63 95 121 100 3 0 0 5 0 22 0 0 0 0 0 0 0 0 0 11
P1838 2031 2 7 8 11 44 21 11 16 26 29 9 6 6 0 19 0 0 34 17 0 0 4 14 40 4 0 16 0 0 -999 -999 -999
P1838 2031 3 0 7 4 16 38 26 3 17 145 38 18 38 99 4 4 3 5 0 4 4 0 0 0 0 0 0 0 0 7 12 47
P1838 2031 4 15 11 7 4 23 0 0 13 17 16 0 19 65 4 0 0 0 0 0 0 0 0 0 0 0 0 0 0 0 0 -999
P1838 2031 5 0 0 0 0 0 0 0 0 0 0 0 0 0 0 0 0 0 0 0 0 0 0 0 0 0 0 0 0 0 0 0
P1838 2031 6 0 0 0 0 0 0 32 6 0 0 0 0 0 0 0 0 0 0 0 0 0 0 0 0 0 0 0 0 0 0 -999
P1838 2031 7 0 0 0 0 0 0 0 0 0 0 0 0 0 0 3 0 8 0 0 0 0 0 0 0 0 0 0 0 0 0 0
P1838 2031 8 0 0 0 0 0 0 0 0 0 0 0 0 0 0 0 0 0 0 0 0 0 0 0 0 0 0 0 0 0 0 0
P1838 2031 9 0 0 0 0 0 0 0 0 0 0 0 5 0 0 0 0 0 0 0 0 0 23 22 0 13 15 43 7 32 0 -999
P1838 2031 10 0 0 0 0 0 0 0 0 0 0 0 0 0 0 0 0 0 0 0 0 21 18 0 111 63 0 58 63 20 21 0
P1838 2031 11 0 12 17 121 17 21 31 72 19 22 25 15 131 162 178 62 79 93 123 128 101 71 25 99 135 65 50 41 25 69 -999
P1838 2031 12 178 210 80 119 238 199 131 36 6 7 19 0 0 0 7 6 0 0 0 12 17 19 20 67 21 102 26 33 43 44 18
P1838 2032 1 36 91 106 229 220 113 199 181 21 0 34 25 17 64 37 2 0 0 0 0 0 0 0 0 0 9 23 25 26 149 14
P1838 2032 2 4 17 10 0 0 11 6 0 0 70 139 59 28 0 0 23 0 0 0 0 0 38 22 0 0 23 73 11 -999 -999 -999
P1838 2032 3 0 0 0 0 0 0 0 0 0 0 0 0 0 0 0 0 0 0 0 0 0 0 0 0 0 0 0 21 55 42 0
P1838 2032 4 0 40 35 23 51 20 26 90 40 31 23 11 17 15 5 74 16 0 0 0 0 0 7 54 7 18 0 0 0 0 -999
P1838 2032 5 0 0 4 2 0 0 0 0 0 0 0 0 0 0 0 0 0 0 0 0 0 0 0 0 0 0 0 0 0 21 26
P1838 2032 6 0 0 0 0 0 0 0 0 0 0 0 0 0 0 0 0 10 9 0 0 0 0 0 0 0 0 0 0 0 0 -999
P1838 2032 7 0 0 0 0 0 0 0 0 0 0 0 0 0 0 0 0 0 0 0 0 0 0 0 0 0 0 0 0 0 0 0
P1838 2032 8 0 0 0 0 0 0 0 0 0 0 0 0 0 0 0 0 0 0 0 0 0 0 0 0 0 0 0 0 0 0 0
P1838 2032 9 0 0 0 0 0 0 0 0 0 0 0 0 35 15 0 22 8 0 0 0 0 0 0 0 0 0 0 0 0 0 -999
P1838 2032 10 0 0 7 0 0 0 0 10 14 0 0 0 0 0 56 22 31 0 0 0 0 0 22 61 12 0 0 88 54 0 19
P1838 2032 11 13 51 21 70 33 0 0 0 0 0 0 0 0 0 0 23 23 19 0 0 0 0 5 13 16 28 33 44 72 165 -999
P1838 2032 12 7 74 52 60 17 0 0 23 27 11 0 0 0 0 0 0 0 0 8 8 0 0 9 14 37 86 11 0 42 28 21
P1838 2033 1 11 45 51 133 17 117 59 142 247 236 86 136 36 5 135 236 90 79 48 10 19 52 32 28 33 38 43 18 14 36 4
P1838 2033 2 0 0 0 12 11 4 7 22 8 7 104 70 96 0 0 0 22 45 24 0 0 0 0 32 3 6 0 0 -999 -999 -999
P1838 2033 3 0 0 0 0 0 0 10 0 0 0 10 8 5 0 0 10 0 0 0 40 55 27 9 0 0 0 0 32 4 5 0
P1838 2033 4 0 0 15 16 6 2 0 4 13 11 6 22 27 22 116 297 239 74 33 109 109 56 4 62 83 16 11 0 4 8 -999
P1838 2033 5 23 0 0 0 0 0 0 0 0 0 0 10 11 8 6 16 45 18 64 42 68 30 22 21 0 0 0 0 0 0 0
P1838 2033 6 0 0 0 0 0 0 0 0 0 0 0 0 0 0 0 0 0 0 0 0 0 0 0 0 0 0 0 0 0 0 -999
P1838 2033 7 0 0 0 0 0 0 0 0 0 0 0 0 0 0 0 0 0 0 0 0 0 0 0 0 0 0 0 0 0 0 0
P1838 2033 8 0 0 0 0 0 0 0 0 0 0 0 0 0 0 0 0 0 0 0 0 0 0 0 0 0 0 0 0 0 23 0
P1838 2033 9 0 0 0 0 0 0 0 13 0 0 0 0 0 0 44 56 0 0 0 0 0 0 0 0 0 0 0 0 0 0 -999
P1838 2033 10 0 0 0 35 29 33 25 10 17 58 219 107 101 8 0 0 0 0 0 0 0 0 0 17 28 0 0 29 0 0 0
P1838 2033 11 12 40 224 59 4 12 0 0 0 0 0 0 0 0 0 0 9 4 3 3 4 0 0 0 0 0 0 0 0 0 -999
P1838 2033 12 9 18 12 8 0 0 0 4 6 11 22 8 10 0 0 0 0 0 0 0 0 0 0 0 0 0 0 15 16 0 0
P1838 2034 1 11 14 13 14 5 7 39 13 11 7 24 35 147 99 140 75 83 24 10 0 0 0 0 0 0 0 0 0 0 0 0
P1838 2034 2 0 0 0 0 0 0 6 0 0 3 0 3 7 34 32 10 6 6 0 0 0 0 0 0 0 0 25 30 -999 -999 -999
P1838 2034 3 120 184 86 10 44 32 49 14 0 0 0 0 0 0 8 5 5 4 3 0 0 16 86 37 3 0 0 0 0 0 0
P1838 2034 4 0 0 0 0 0 0 0 0 0 0 0 0 0 0 71 0 0 0 0 6 5 4 0 0 0 0 0 0 0 0 -999
P1838 2034 5 0 0 0 0 0 0 0 0 0 0 0 0 0 0 0 0 0 0 0 0 0 0 0 0 0 0 0 0 0 0 0
P1838 2034 6 0 0 0 0 36 20 11 0 0 0 0 0 0 0 0 0 0 0 0 0 0 0 0 0 0 0 0 0 0 0 -999
P1838 2034 7 0 0 0 0 0 0 0 0 0 0 0 0 0 0 0 0 0 0 0 0 0 0 0 0 0 0 0 0 0 0 0
P1838 2034 8 0 0 5 5 0 0 0 0 0 0 0 0 0 0 0 0 0 0 0 0 0 0 0 0 0 0 0 0 0 0 0
P1838 2034 9 0 0 0 0 0 0 0 0 0 0 0 0 0 0 0 0 0 0 0 0 0 0 0 0 0 0 0 0 0 0 -999
P1838 2034 10 4 11 29 18 77 7 4 20 0 19 4 4 8 16 0 18 0 0 0 0 0 0 0 0 33 23 8 26 17 0 0
P1838 2034 11 0 0 0 0 0 8 21 24 56 0 0 15 0 0 0 0 0 0 0 0 14 43 16 48 49 116 47 35 19 45 -999
P1838 2034 12 4 0 0 19 11 24 73 49 13 18 27 7 12 96 153 8 19 0 0 0 13 8 0 0 10 15 15 20 24 18 51
P1838 2035 1 9 0 26 34 38 62 103 96 10 6 17 13 21 11 9 13 26 8 22 90 267 125 152 65 13 6 0 51 24 0 52
P1838 2035 2 92 78 4 0 0 0 6 2 7 0 0 0 0 0 0 0 0 0 4 10 42 187 158 128 22 9 137 56 -999 -999 -999
P1838 2035 3 126 120 58 75 81 17 0 27 18 10 24 19 110 157 75 24 15 35 66 111 135 168 50 16 124 34 14 29 22 63 129
P1838 2035 4 82 148 26 50 56 137 58 112 204 126 81 28 0 0 0 0 0 71 0 82 129 82 44 8 10 16 28 66 25 77 -999
P1838 2035 5 15 0 0 0 0 0 0 0 0 0 0 0 0 0 0 0 0 0 0 0 0 0 0 2 0 0 0 0 0 0 23
P1838 2035 6 17 0 0 0 7 45 12 20 11 13 64 0 0 0 0 0 0 0 0 0 0 0 0 0 0 0 0 0 0 0 -999
P1838 2035 7 0 0 0 0 0 0 0 0 0 0 0 0 0 0 0 0 0 0 0 0 0 0 0 0 0 0 0 0 0 0 0
P1838 2035 8 0 0 0 0 0 0 0 0 0 0 0 0 0 0 0 0 0 0 0 0 0 0 0 0 0 0 0 0 0 0 0
P1838 2035 9 0 0 0 0 0 0 0 0 0 0 0 0 0 0 0 0 0 0 0 0 0 0 0 0 0 0 0 0 0 0 -999
P1838 2035 10 0 0 0 0 0 0 0 0 0 0 0 0 0 8 11 0 0 0 26 55 20 0 0 0 0 0 0 0 0 0 0
P1838 2035 11 8 0 18 14 20 9 0 19 29 0 0 0 0 0 0 0 0 0 0 0 0 0 0 0 0 0 0 11 10 8 -999
P1838 2035 12 13 14 14 25 116 231 152 45 72 61 11 42 178 55 37 28 11 22 91 197 164 54 0 0 14 0 0 0 0 0 4
P1838 2036 1 11 20 5 0 8 6 2 2 1 4 14 32 4 3 0 9 24 65 56 24 79 37 14 0 0 0 6 6 10 0 14
P1838 2036 2 3 0 8 0 0 8 22 39 26 10 33 42 44 7 4 27 14 0 0 0 0 0 0 0 0 0 13 37 -999 -999 -999
P1838 2036 3 151 5 20 53 69 26 0 56 0 0 0 0 0 16 2 5 0 0 0 0 0 0 0 0 0 0 3 13 8 0 0
P1838 2036 4 12 85 15 2 3 0 0 0 0 0 0 0 0 0 0 0 0 0 0 0 0 0 0 9 15 8 0 0 0 0 -999
P1838 2036 5 0 0 0 4 6 0 0 0 0 0 0 3 4 4 6 8 8 2 5 0 0 0 0 0 0 0 0 0 0 0 0
P1838 2036 6 0 0 0 0 0 0 0 0 0 0 0 0 0 0 0 0 0 8 5 0 0 0 0 0 0 0 0 0 0 0 -999
P1838 2036 7 0 0 0 0 0 0 0 0 0 0 0 0 0 0 0 0 0 0 0 0 0 0 0 0 0 0 0 0 0 0 0
P1838 2036 8 0 0 0 0 0 0 0 0 0 0 0 0 0 0 0 0 0 0 0 0 0 0 0 0 0 0 0 0 0 0 0
P1838 2036 9 0 0 0 0 0 0 0 0 0 0 0 0 0 0 0 0 0 0 0 0 0 0 0 0 0 0 0 0 0 0 -999
P1838 2036 10 0 0 0 0 0 0 0 0 0 38 100 0 0 0 0 0 0 0 0 0 0 0 0 0 0 123 22 18 182 22 8
P1838 2036 11 9 0 0 0 0 6 11 58 33 12 0 0 41 62 38 20 16 43 39 8 2 0 0 0 0 20 24 33 11 0 -999
P1838 2036 12 0 0 9 23 19 0 12 0 0 0 0 11 10 14 13 13 0 20 22 13 36 93 28 13 41 40 10 7 5 0 9
P1838 2037 1 13 17 6 0 0 0 0 0 34 48 83 171 31 0 0 0 0 33 69 118 140 14 148 212 248 104 284 167 232 4 0
P1838 2037 2 0 12 5 7 14 21 7 0 6 20 8 0 0 0 0 0 0 0 0 0 0 0 5 0 0 26 15 5 -999 -999 -999
P1838 2037 3 4 3 0 0 0 0 0 9 7 0 0 47 188 259 57 15 31 6 0 0 7 24 99 98 56 8 0 14 50 0 0
P1838 2037 4 0 0 8 3 24 35 8 11 15 7 0 0 0 28 62 64 61 10 24 32 102 64 46 10 4 0 0 9 9 0 -999
P1838 2037 5 0 0 0 0 0 0 0 0 0 0 5 5 0 0 0 0 0 3 4 0 0 0 9 10 17 14 15 15 10 0 0
P1838 2037 6 0 0 0 0 0 0 0 0 0 0 0 0 0 0 0 0 8 11 10 0 0 0 0 0 0 0 0 0 0 0 -999
P1838 2037 7 0 0 0 0 0 0 0 0 0 0 0 0 0 0 0 0 0 0 0 0 0 0 0 0 0 0 0 0 0 0 0
P1838 2037 8 0 0 0 0 0 0 0 0 0 0 0 0 0 0 0 0 0 0 0 0 0 0 0 0 0 0 0 0 0 0 0
P1838 2037 9 0 0 0 0 0 0 0 0 0 0 0 0 0 0 0 0 0 0 0 0 0 0 0 0 0 0 0 0 0 0 -999
P1838 2037 10 0 0 0 0 0 0 0 0 0 0 9 0 0 0 0 0 56 29 0 0 0 0 0 0 0 12 0 0 0 0 0
P1838 2037 11 0 0 0 0 0 26 0 8 5 9 21 21 16 16 14 0 0 0 22 62 5 38 57 15 48 17 30 49 45 74 -999
P1838 2037 12 193 3 199 133 31 7 49 64 107 160 38 20 20 17 10 0 44 13 2 0 0 37 18 2 0 0 0 0 11 14 10
P1838 2038 1 23 51 11 48 14 25 45 0 7 17 15 10 18 83 48 37 52 2 19 93 60 38 133 156 10 42 18 41 79 26 32
P1838 2038 2 0 20 49 173 37 194 18 0 0 12 0 0 0 0 25 10 0 0 13 0 0 0 15 0 0 0 34 54 -999 -999 -999
P1838 2038 3 17 9 37 63 255 9 42 21 13 101 26 0 0 0 0 0 12 38 9 5 13 8 10 12 0 0 0 22 0 0 9
P1838 2038 4 0 0 0 0 0 0 43 61 7 0 0 0 0 22 20 7 0 0 0 0 0 0 0 0 0 0 0 0 0 0 -999
P1838 2038 5 6 5 0 0 0 0 6 0 0 0 0 0 0 0 0 0 0 39 32 12 0 0 0 0 0 0 4 5 3 0 0
P1838 2038 6 0 14 0 10 0 0 0 0 0 0 0 0 0 0 0 0 0 0 0 0 0 0 0 0 0 0 0 0 0 0 -999
P1838 2038 7 0 0 0 0 0 0 0 0 0 0 0 0 0 0 0 0 0 0 0 0 0 0 0 0 0 0 0 0 0 0 0
P1838 2038 8 0 0 0 0 0 0 0 0 0 0 0 0 0 0 0 0 0 0 0 0 0 0 0 0 0 0 0 0 0 0 0
P1838 2038 9 0 0 0 0 0 0 0 0 0 0 0 0 0 0 0 0 0 0 0 0 0 0 0 11 0 0 0 0 0 0 -999
P1838 2038 10 0 0 0 0 0 0 0 0 0 0 0 0 0 0 0 0 0 0 8 0 0 12 36 0 0 0 0 18 13 0 0
P1838 2038 11 8 4 34 0 0 33 18 14 15 9 10 32 14 89 94 7 88 16 18 8 0 0 0 0 0 0 0 0 8 0 -999
P1838 2038 12 10 16 20 31 6 3 51 24 0 8 131 70 115 14 44 78 58 100 23 89 192 25 36 55 7 26 90 16 22 35 43
P1838 2039 1 28 57 22 13 34 3 3 4 0 0 0 0 0 23 48 80 31 27 37 6 4 41 36 37 22 8 15 4 6 0 4
P1838 2039 2 73 44 15 11 0 15 31 33 26 13 0 0 0 0 0 16 17 0 27 0 0 0 8 45 77 13 24 20 -999 -999 -999
P1838 2039 3 4 0 0 0 0 0 15 42 2 0 0 14 13 61 4 4 0 0 0 0 0 0 18 0 19 3 0 0 0 0 0
P1838 2039 4 0 0 0 52 14 11 0 0 0 0 0 0 0 45 3 4 0 0 0 0 5 5 0 0 0 0 0 0 0 0 -999
P1838 2039 5 0 0 0 0 0 0 0 0 0 0 0 0 0 0 5 5 2 3 3 5 8 16 0 0 0 0 0 0 0 0 0
P1838 2039 6 0 9 75 35 6 3 0 0 0 0 0 0 0 0 0 0 0 0 0 0 0 0 0 0 0 0 0 0 0 0 -999
P1838 2039 7 0 0 0 0 0 0 0 0 0 0 0 0 0 0 0 0 0 0 0 0 0 0 0 0 0 0 0 0 0 0 0
P1838 2039 8 0 0 0 0 0 0 0 0 0 0 0 0 0 0 0 0 0 0 0 0 0 0 0 0 0 0 0 0 0 0 0
P1838 2039 9 0 0 0 0 0 0 0 0 0 0 0 0 0 0 0 0 0 0 0 0 0 0 0 0 0 0 0 0 0 0 -999
P1838 2039 10 37 0 0 0 0 0 0 0 0 0 0 0 0 0 5 0 0 0 0 11 15 70 73 68 29 97 183 43 111 56 4
P1838 2039 11 7 0 0 0 0 0 0 35 13 9 44 8 6 33 8 4 13 22 86 54 5 61 14 0 0 0 17 33 0 5 -999
P1838 2039 12 15 31 45 115 152 158 58 66 115 13 11 16 25 41 25 31 15 25 122 139 13 45 48 86 80 48 99 108 35 84 49
P1838 2040 1 26 54 47 133 197 124 36 64 51 94 120 30 28 18 35 40 20 47 67 12 0 23 14 11 7 7 8 0 0 0 0
P1838 2040 2 0 0 0 8 9 3 0 0 0 9 0 0 0 6 9 7 5 2 2 3 0 0 0 0 0 0 0 0 -999 -999 -999
P1838 2040 3 0 0 0 0 0 0 0 0 0 0 0 0 0 0 0 0 0 0 0 51 0 76 175 59 30 18 20 29 97 32 17
P1838 2040 4 15 59 42 3 6 12 28 16 0 0 0 0 0 0 0 47 75 0 0 0 0 3 4 9 56 4 3 7 0 0 -999
P1838 2040 5 7 11 12 0 0 0 0 0 0 0 0 0 0 0 0 0 0 0 0 10 0 0 0 0 0 0 0 0 0 0 0
P1838 2040 6 0 0 0 0 0 0 0 0 0 0 0 0 0 0 0 0 0 0 0 0 0 0 0 0 0 0 0 0 0 0 -999
P1838 2040 7 0 0 0 0 0 0 0 0 0 0 0 0 0 0 0 0 0 0 0 0 0 0 0 0 0 0 0 0 0 0 0
P1838 2040 8 0 0 0 0 0 0 0 0 0 0 0 0 0 0 0 0 0 0 0 0 0 0 0 0 0 0 0 0 0 0 0
P1838 2040 9 0 0 0 0 0 0 0 0 0 0 0 0 0 0 0 0 0 0 0 0 0 0 0 0 0 0 0 0 4 4 -999
P1838 2040 10 0 0 0 0 0 0 0 0 0 0 0 0 0 0 0 0 31 32 7 3 4 4 7 0 0 22 46 0 0 0 0
P1838 2040 11 0 9 14 0 0 0 73 274 156 21 17 11 9 3 13 10 0 0 0 0 0 0 0 30 4 0 0 0 0 0 -999
P1838 2040 12 0 0 0 13 54 106 17 0 6 0 0 0 4 6 6 0 0 33 34 11 0 6 0 2 5 12 35 16 5 40 19
P1838 2041 1 6 0 0 6 0 0 10 7 0 6 28 23 13 22 24 0 0 11 46 78 207 164 313 36 234 220 337 188 13 92 8
P1838 2041 2 11 0 0 0 59 11 90 112 90 72 21 73 58 24 155 167 68 141 19 114 230 56 89 90 27 6 3 0 -999 -999 -999
P1838 2041 3 11 3 0 0 0 13 11 7 11 5 15 32 7 34 11 33 38 100 113 54 73 59 123 71 72 75 75 68 56 92 9
P1838 2041 4 4 0 0 0 0 0 0 0 0 0 0 0 6 0 4 5 12 28 27 41 22 20 19 24 13 8 6 7 0 0 -999
P1838 2041 5 0 0 14 0 0 0 0 0 0 11 12 0 0 0 0 0 0 0 0 6 6 19 31 18 10 94 108 23 0 0 4
P1838 2041 6 0 0 0 0 0 0 0 0 0 0 0 0 0 0 0 0 0 0 0 0 0 0 0 0 0 0 0 0 0 0 -999
P1838 2041 7 0 0 0 0 0 0 0 0 0 14 0 0 0 0 0 0 0 0 0 0 0 0 0 0 24 29 24 0 0 0 0
P1838 2041 8 0 0 0 0 0 0 0 0 0 0 0 0 0 0 0 0 0 0 0 0 0 0 0 0 0 0 0 0 0 0 0
P1838 2041 9 0 0 0 0 0 0 0 0 0 0 0 49 0 0 0 0 0 0 0 0 0 0 12 52 51 8 0 0 0 0 -999
P1838 2041 10 0 5 0 0 0 0 0 0 0 0 0 0 0 0 0 0 0 0 0 0 42 20 0 0 0 21 0 0 14 0 0
P1838 2041 11 0 0 0 13 8 25 23 14 26 32 15 13 79 36 79 53 250 120 12 91 70 111 143 232 30 45 101 77 54 15 -999
P1838 2041 12 8 48 0 89 106 53 60 22 10 0 0 24 23 54 87 190 61 39 79 52 4 0 23 0 0 0 0 5 0 0 0
P1838 2042 1 0 0 0 0 0 32 19 20 9 17 15 13 0 0 0 0 0 0 0 0 0 0 0 5 8 0 0 0 0 3 8
P1838 2042 2 29 11 0 0 0 0 20 25 20 27 14 0 0 0 0 0 0 13 15 13 0 0 0 0 0 0 0 0 -999 -999 -999
P1838 2042 3 0 0 0 0 0 14 0 0 0 7 0 13 10 6 22 15 0 74 170 5 42 24 63 78 23 9 13 17 50 17 46
P1838 2042 4 19 50 19 11 12 52 19 8 66 12 9 13 10 10 15 13 0 0 0 0 0 62 18 44 3 2 3 13 39 70 -999
P1838 2042 5 61 41 5 3 5 6 0 0 0 0 0 0 0 0 0 0 0 0 0 0 0 0 0 0 0 0 0 0 0 0 0
P1838 2042 6 0 0 0 5 0 0 0 0 0 0 0 0 0 0 0 0 0 0 0 0 0 0 0 0 0 0 0 0 0 0 -999
P1838 2042 7 0 0 0 0 0 0 0 0 0 0 0 0 0 0 8 0 0 0 0 0 0 0 0 0 0 0 0 0 0 0 0
P1838 2042 8 0 0 0 0 0 0 0 0 0 0 0 0 0 0 0 0 0 0 0 0 0 0 0 0 0 0 0 0 0 0 0
P1838 2042 9 0 0 0 0 0 0 0 0 0 0 0 0 0 0 0 0 0 0 0 0 0 0 0 0 0 0 0 0 0 0 -999
P1838 2042 10 0 0 0 0 0 0 0 0 0 0 0 18 23 9 4 7 22 16 0 57 35 46 26 0 0 0 0 22 0 0 0
P1838 2042 11 0 0 0 0 0 21 54 28 16 0 0 0 0 0 0 0 0 0 15 48 0 0 0 0 0 10 6 7 41 9 -999
P1838 2042 12 23 26 168 50 22 7 8 24 32 74 42 29 38 82 11 24 123 32 59 26 6 9 62 57 0 26 12 0 0 0 10
P1838 2043 1 20 16 24 12 9 15 6 5 0 0 0 7 39 157 119 106 17 33 23 50 82 110 53 91 3 5 27 53 11 2 0
P1838 2043 2 0 0 0 11 11 56 56 0 0 0 0 0 0 0 0 0 0 0 0 0 4 3 4 0 0 6 0 0 -999 -999 -999
P1838 2043 3 0 35 31 44 5 25 62 199 28 182 37 50 42 24 37 0 0 0 21 0 19 28 7 6 7 4 15 15 17 19 11
P1838 2043 4 9 5 7 4 0 0 0 0 0 0 15 0 0 0 6 31 15 0 19 34 5 0 0 0 0 0 0 0 0 0 -999
P1838 2043 5 0 0 0 0 0 0 0 0 0 0 0 0 0 0 0 0 0 0 0 0 0 0 8 15 6 14 42 42 10 11 8
P1838 2043 6 7 7 0 0 0 0 0 0 0 0 0 0 0 0 0 0 0 0 0 0 0 0 0 0 0 0 0 0 0 0 -999
P1838 2043 7 0 0 0 0 0 0 0 0 0 0 0 0 0 0 0 0 0 0 0 0 0 0 0 0 0 0 0 0 0 0 0
P1838 2043 8 0 0 0 0 0 0 0 0 0 0 0 0 0 0 0 0 0 0 0 0 0 0 0 0 0 0 0 0 4 0 0
P1838 2043 9 0 0 0 0 0 0 0 0 0 0 0 0 0 0 0 0 0 0 0 0 0 0 0 0 0 0 0 0 0 0 -999
P1838 2043 10 0 0 0 0 0 0 0 0 0 0 0 0 0 0 0 0 17 0 0 0 0 38 39 0 12 5 5 25 10 19 29
P1838 2043 11 0 0 0 0 0 0 0 0 0 38 110 29 188 21 95 0 0 0 0 0 0 0 6 46 19 23 11 55 21 10 -999
P1838 2043 12 0 6 0 0 0 0 24 15 25 50 107 81 7 22 25 10 35 108 58 83 254 77 35 66 81 48 85 0 0 0 0
P1838 2044 1 0 0 9 0 0 4 5 0 0 13 15 7 0 0 7 5 74 149 8 17 33 48 0 0 0 5 21 77 3 4 0
P1838 2044 2 0 0 0 0 74 4 0 21 54 56 25 0 0 0 0 0 0 0 0 0 0 0 16 205 14 0 5 8 -999 -999 -999
P1838 2044 3 12 48 204 205 133 14 30 80 9 13 5 7 0 33 0 0 0 4 13 3 2 5 4 9 9 18 102 66 40 45 5
P1838 2044 4 9 5 4 0 0 0 0 0 0 0 0 0 0 12 10 0 0 0 0 0 0 0 0 0 0 18 23 6 0 0 -999
P1838 2044 5 0 0 0 0 0 2 0 13 12 33 0 0 0 0 0 0 0 0 4 31 21 6 0 0 13 14 0 0 2 2 4
P1838 2044 6 0 0 0 0 0 0 2 0 0 0 0 0 0 0 0 0 0 0 0 0 0 0 0 0 0 0 0 0 0 0 -999
P1838 2044 7 0 0 0 0 0 0 0 0 0 0 0 0 0 0 0 0 0 0 0 0 0 0 0 0 0 0 0 0 0 0 0
P1838 2044 8 0 0 0 0 0 0 0 0 0 0 0 0 0 0 0 0 0 0 0 0 0 0 0 0 0 0 0 0 0 0 0
P1838 2044 9 0 0 0 0 0 0 0 0 0 0 0 0 0 0 0 0 0 0 0 0 37 0 0 18 7 8 0 0 0 56 -999
P1838 2044 10 23 11 11 0 0 0 0 0 63 48 0 0 0 0 0 0 12 27 24 40 12 2 7 0 0 0 0 0 0 0 31
P1838 2044 11 23 9 11 0 21 0 16 11 7 0 97 38 38 19 38 79 44 53 66 53 77 35 127 272 242 295 78 31 43 0 -999
P1838 2044 12 0 0 0 0 0 0 0 20 76 23 0 0 12 12 20 33 22 30 24 22 8 38 5 4 2 0 6 9 47 5 44
P1838 2045 1 132 10 5 9 13 9 203 12 9 46 127 91 177 69 64 81 9 5 5 0 0 12 15 12 10 0 0 0 0 13 22
P1838 2045 2 28 65 3 7 60 25 1 2 0 0 4 14 28 6 11 0 3 0 0 0 10 7 0 0 0 0 0 0 -999 -999 -999
P1838 2045 3 0 0 9 0 0 9 23 69 15 0 0 14 7 0 31 3 5 0 0 0 0 0 0 0 8 0 0 0 0 0 0
P1838 2045 4 10 0 0 0 0 46 28 6 21 19 37 19 14 28 0 0 0 0 0 0 0 0 0 0 0 0 0 0 0 0 -999
P1838 2045 5 0 0 0 0 0 0 0 0 0 0 0 0 0 0 0 0 0 0 0 0 0 0 0 0 0 0 0 0 0 0 0
P1838 2045 6 0 0 0 0 0 0 0 0 0 0 0 0 0 0 0 0 0 0 0 0 9 23 26 14 12 11 11 0 0 0 -999
P1838 2045 7 0 0 0 0 0 0 0 0 0 0 0 0 0 0 0 0 0 0 0 0 0 0 0 0 0 0 0 0 0 0 0
P1838 2045 8 0 0 0 0 0 0 0 0 0 0 0 0 0 0 0 0 0 0 0 0 0 0 0 0 0 0 0 0 0 0 0
P1838 2045 9 0 0 0 0 0 0 0 0 0 0 0 0 0 0 0 0 0 0 0 0 0 0 0 0 0 0 0 0 7 10 -999
P1838 2045 10 11 0 0 0 0 0 0 0 0 0 0 0 0 16 70 58 59 38 23 0 0 0 0 0 0 0 0 0 0 0 0
P1838 2045 11 19 3 9 0 26 0 0 0 0 0 0 8 38 17 35 140 237 35 21 0 0 56 18 94 14 53 155 125 81 55 -999
P1838 2045 12 16 27 30 0 9 14 2 2 4 5 4 0 0 7 0 0 31 121 52 86 93 64 65 66 131 94 47 3 0 0 0
P1838 2046 1 0 15 41 123 87 47 201 72 46 35 188 156 194 92 108 22 35 45 71 53 0 0 8 0 15 43 40 90 61 67 83
P1838 2046 2 137 159 92 11 0 51 28 3 2 2 23 15 23 39 47 7 7 23 13 8 41 190 6 35 48 95 143 85 -999 -999 -999
P1838 2046 3 112 207 150 132 63 182 97 189 299 131 207 165 192 147 190 84 171 62 140 45 74 7 7 5 0 0 39 55 10 2 6
P1838 2046 4 0 15 26 63 4 5 8 41 15 18 24 7 8 12 16 12 59 0 57 50 14 113 23 29 34 57 23 26 16 8 -999
P1838 2046 5 0 0 0 0 0 0 0 0 0 0 0 0 45 0 0 0 0 3 5 0 0 0 0 0 0 0 0 4 6 0 0
P1838 2046 6 0 0 0 0 0 0 0 0 0 0 0 0 0 0 0 0 0 0 0 3 0 0 0 0 0 0 0 0 0 0 -999
P1838 2046 7 0 0 0 0 0 0 0 0 0 0 0 0 0 0 0 0 0 0 0 0 0 0 0 0 0 0 0 0 0 0 0
P1838 2046 8 0 0 0 0 0 0 0 0 0 0 0 0 0 0 0 0 0 0 0 0 0 0 0 0 0 0 0 0 0 0 0
P1838 2046 9 0 0 0 0 0 0 0 0 0 0 0 0 0 0 0 0 0 0 0 0 0 0 0 0 0 0 0 0 0 0 -999
P1838 2046 10 0 0 4 2 3 26 33 23 0 0 0 0 0 0 0 0 0 0 0 0 0 53 17 19 34 17 34 7 15 111 33
P1838 2046 11 0 0 0 0 22 6 0 23 22 15 13 0 0 23 0 0 0 0 0 0 0 0 4 16 19 0 10 73 122 70 -999
P1838 2046 12 105 248 16 10 243 122 232 156 63 9 88 29 19 265 162 11 126 221 2 0 5 0 0 0 0 0 21 0 0 0 8
P1838 2047 1 0 0 0 0 0 0 22 43 13 65 94 81 83 162 247 345 215 17 165 63 81 110 32 0 0 0 0 0 0 0 0
P1838 2047 2 0 0 0 17 42 11 19 31 0 8 11 0 6 50 10 0 0 0 0 0 19 0 0 50 24 11 134 29 -999 -999 -999
P1838 2047 3 34 128 6 8 85 96 37 34 0 0 0 0 0 0 0 0 0 0 0 0 0 10 23 3 21 15 21 0 0 17 29
P1838 2047 4 55 53 51 13 0 0 0 0 11 62 113 70 46 24 30 36 22 16 9 0 0 0 0 0 0 0 0 0 0 0 -999
P1838 2047 5 0 0 0 0 0 0 0 0 0 0 0 0 0 0 0 0 0 0 0 0 0 0 0 0 0 0 0 0 0 0 0
P1838 2047 6 0 0 0 0 0 0 0 0 0 0 0 0 0 0 5 5 8 9 0 0 0 0 0 0 0 0 0 0 0 0 -999
P1838 2047 7 0 0 0 0 0 0 0 0 0 0 0 0 0 0 0 0 0 0 25 21 8 0 0 0 0 0 0 0 0 0 0
P1838 2047 8 0 0 0 0 0 0 0 0 0 0 0 0 0 0 0 0 0 0 0 0 0 0 0 0 0 0 0 0 0 0 0
P1838 2047 9 0 0 0 0 0 0 0 0 0 0 0 0 0 11 12 17 6 0 0 0 0 0 0 0 0 0 0 0 0 0 -999
P1838 2047 10 0 0 27 38 57 76 32 60 36 102 23 21 14 59 66 191 80 8 29 5 48 22 0 0 0 0 0 8 0 0 0
P1838 2047 11 12 7 20 20 49 22 18 41 42 38 7 3 5 5 6 24 46 0 0 0 0 0 0 0 0 0 0 0 0 0 -999
P1838 2047 12 0 0 0 0 0 0 0 0 0 0 0 0 0 9 7 0 0 0 0 0 0 19 26 50 14 2 0 0 21 27 0
P1838 2048 1 23 32 0 0 0 0 0 0 0 15 14 103 62 148 37 0 10 0 0 0 0 18 0 0 0 0 0 0 0 0 0
P1838 2048 2 0 0 14 7 8 0 0 0 3 11 17 12 13 10 29 28 0 7 0 0 0 0 0 0 0 0 0 0 -999 -999 -999
P1838 2048 3 0 0 0 16 19 17 24 41 53 89 108 27 51 54 6 38 26 26 0 14 44 11 0 0 6 36 31 46 31 18 5
P1838 2048 4 5 0 40 55 23 0 0 0 0 0 0 0 0 0 25 0 0 0 0 0 0 0 4 5 0 0 0 0 0 0 -999
P1838 2048 5 0 0 0 23 7 9 0 0 0 0 0 0 0 0 0 0 19 73 11 0 0 2 2 0 0 0 0 0 0 0 0
P1838 2048 6 0 0 0 0 0 0 0 0 0 0 0 0 0 0 0 0 0 0 0 0 0 0 0 0 0 0 0 0 0 0 -999
P1838 2048 7 0 0 0 0 0 0 0 0 0 0 0 0 0 0 0 0 0 0 0 0 0 0 0 0 0 0 0 0 0 0 0
P1838 2048 8 0 0 0 0 0 0 0 0 0 0 0 0 0 0 0 0 0 0 0 0 0 0 0 0 0 0 0 0 0 0 0
P1838 2048 9 0 0 0 0 0 0 0 0 0 0 0 0 0 0 0 0 0 0 0 0 0 0 0 0 0 0 77 54 78 26 -999
P1838 2048 10 18 17 0 0 0 8 12 9 0 0 0 0 0 0 0 0 0 0 44 6 9 8 0 0 0 0 0 0 0 0 7
P1838 2048 11 9 0 26 0 26 33 0 0 0 0 0 0 0 0 7 15 62 29 103 43 28 0 0 0 0 35 3 6 11 15 -999
P1838 2048 12 65 257 8 62 202 18 0 0 0 0 0 0 0 0 0 0 0 5 9 6 0 0 0 7 0 0 86 148 51 35 15
P1838 2049 1 16 34 52 42 20 75 71 83 5 8 8 17 57 14 23 72 54 14 0 0 6 0 5 6 6 6 9 23 22 43 110
P1838 2049 2 127 156 58 59 16 14 12 0 0 17 9 0 14 91 50 8 0 0 0 0 7 10 22 31 7 27 9 8 -999 -999 -999
P1838 2049 3 0 0 0 6 0 0 0 0 0 0 0 0 0 0 18 22 0 0 0 0 0 8 6 13 0 0 0 0 0 8 2
P1838 2049 4 0 5 0 0 0 0 0 0 0 0 0 24 0 0 92 74 26 0 0 0 0 0 0 0 0 0 0 5 0 0 -999
P1838 2049 5 10 9 4 7 11 9 26 73 85 50 31 30 5 0 0 0 0 0 0 0 42 20 66 50 19 55 39 22 6 15 11
P1838 2049 6 0 0 0 0 0 0 0 0 0 0 0 0 0 0 0 0 0 0 0 0 0 0 0 0 0 0 0 0 0 0 -999
P1838 2049 7 0 0 0 0 0 0 0 0 0 0 0 0 0 0 0 0 0 0 0 0 0 0 0 0 0 0 0 0 0 0 0
P1838 2049 8 0 0 0 0 0 0 0 0 0 0 0 0 0 0 0 0 0 0 0 0 0 0 0 0 0 0 0 0 0 0 0
P1838 2049 9 0 0 0 0 0 0 0 0 0 0 0 0 0 0 0 0 0 0 0 0 56 28 12 8 0 0 0 0 0 0 -999
P1838 2049 10 0 0 0 0 0 0 0 0 0 0 0 0 0 0 13 23 16 0 0 0 0 0 0 0 15 0 0 0 0 0 0
P1838 2049 11 0 36 220 201 28 14 64 116 53 208 197 120 159 127 160 195 18 19 15 24 13 42 17 23 0 0 0 0 0 13 -999
P1838 2049 12 23 130 26 18 6 4 8 16 4 23 19 0 12 0 18 14 11 53 17 114 136 65 9 36 66 25 107 29 38 38 148
P1838 2050 1 208 120 303 40 104 269 5 23 0 5 5 30 96 78 104 141 147 184 38 0 0 12 0 6 0 0 0 0 0 0 0
P1838 2050 2 0 0 0 0 0 8 6 0 0 0 0 0 0 43 21 36 0 13 80 17 19 8 13 30 6 22 0 0 -999 -999 -999
P1838 2050 3 11 103 42 22 52 104 17 0 40 0 3 4 0 8 10 18 40 65 83 9 5 0 0 6 14 29 29 25 10 34 105
P1838 2050 4 29 196 40 45 24 25 47 32 52 0 0 0 0 0 0 0 0 0 0 0 0 0 0 0 0 0 6 0 0 0 -999
P1838 2050 5 2 4 5 6 6 14 0 0 0 0 0 0 0 0 0 0 0 0 0 0 0 10 0 0 0 4 12 5 0 3 3
P1838 2050 6 0 0 0 0 0 0 0 0 0 0 0 0 0 0 0 0 0 0 0 0 0 0 0 0 0 0 0 0 0 0 -999
P1838 2050 7 0 0 0 0 0 0 0 0 0 0 0 0 0 0 0 0 0 0 0 0 0 0 0 0 0 0 0 0 0 0 0
P1838 2050 8 0 0 0 0 0 0 0 0 0 0 0 0 0 0 0 0 0 0 0 0 0 0 14 0 0 0 0 0 0 0 0
P1838 2050 9 0 0 0 0 0 0 0 0 0 0 0 0 0 0 0 0 0 0 0 0 0 0 0 0 0 0 0 0 0 0 -999
P1838 2050 10 22 9 7 0 0 0 0 0 0 0 0 0 0 12 0 6 10 5 0 0 0 0 5 13 9 15 29 6 4 6 8
P1838 2050 11 11 7 0 11 20 51 71 154 142 146 183 50 10 0 0 0 0 0 0 0 41 25 192 48 101 12 102 13 0 18 -999
P1838 2050 12 5 56 46 0 0 0 23 0 0 0 0 0 0 0 10 0 7 21 12 8 0 0 0 0 0 0 0 0 0 14 12
P1838 2051 1 0 14 0 0 0 0 0 0 18 20 0 0 7 13 6 0 0 5 9 11 11 6 0 0 0 0 0 0 7 0 0
P1838 2051 2 6 12 17 14 29 4 0 0 0 0 12 4 0 0 0 20 2 13 62 23 0 0 0 8 7 4 0 0 -999 -999 -999
P1838 2051 3 0 9 0 0 0 10 0 12 8 5 29 83 68 13 22 0 0 74 150 53 7 0 0 0 0 0 0 0 0 0 0
P1838 2051 4 5 5 0 0 0 43 17 0 22 111 0 0 0 0 8 15 40 10 75 76 8 0 0 0 0 0 0 0 0 0 -999
P1838 2051 5 0 0 0 0 0 0 0 0 0 0 0 10 25 14 5 0 0 0 0 0 0 0 0 0 0 3 4 0 0 0 0
P1838 2051 6 0 0 0 0 0 0 0 0 0 0 0 0 0 0 0 0 0 0 0 0 0 0 0 0 0 0 0 0 0 0 -999
P1838 2051 7 0 0 0 0 0 0 0 0 0 0 0 0 0 0 0 0 0 0 0 0 0 0 0 0 0 0 0 0 0 0 0
P1838 2051 8 0 0 0 0 0 0 0 0 0 0 0 0 0 0 0 0 0 0 0 0 0 0 0 0 0 0 0 0 0 0 0
P1838 2051 9 0 0 0 0 0 0 0 0 0 0 0 0 6 13 0 0 0 0 0 0 0 0 0 0 0 0 0 0 0 0 -999
P1838 2051 10 0 0 0 122 67 0 0 0 0 0 0 15 23 23 0 0 0 0 0 0 0 0 0 0 9 0 86 111 86 68 48
P1838 2051 11 48 40 22 11 16 4 0 0 0 0 0 0 0 7 7 9 12 34 0 0 0 0 5 10 13 11 0 12 15 17 -999
P1838 2051 12 23 19 27 62 53 10 18 116 63 6 106 99 57 11 158 312 16 43 27 0 0 0 0 0 0 0 0 0 0 0 0
P1838 2052 1 0 0 0 0 0 0 13 24 84 6 0 0 95 67 20 10 9 15 6 0 0 0 0 0 0 0 44 52 54 34 35
P1838 2052 2 41 36 77 63 85 291 275 17 30 38 13 0 0 8 109 49 67 44 76 4 0 0 0 28 3 9 0 21 -999 -999 -999
P1838 2052 3 0 0 0 0 0 0 33 132 56 44 0 19 50 16 57 32 140 150 79 75 14 42 109 2 0 0 0 0 44 53 0
P1838 2052 4 0 0 0 0 0 0 13 4 0 0 0 0 0 0 0 0 0 0 0 0 0 0 0 0 0 0 0 0 0 0 -999
P1838 2052 5 0 0 0 0 0 0 0 0 0 0 0 0 5 14 8 9 16 30 13 3 0 0 0 0 0 0 0 0 0 0 0
P1838 2052 6 0 0 0 0 0 0 0 0 0 0 0 0 0 0 0 0 0 0 0 0 0 0 0 15 11 0 0 0 0 0 -999
P1838 2052 7 0 0 0 0 0 0 0 0 0 0 0 0 0 0 0 0 0 0 0 0 0 0 0 0 0 0 0 0 0 0 0
P1838 2052 8 25 26 12 0 0 0 0 0 0 0 0 0 0 0 0 0 0 0 0 0 0 0 0 0 0 0 0 0 0 0 0
P1838 2052 9 0 0 0 0 0 0 0 0 0 0 0 0 0 0 0 0 0 0 0 0 0 0 0 0 0 0 0 0 0 0 -999
P1838 2052 10 0 0 0 0 0 0 0 0 0 0 0 0 0 0 0 0 0 0 0 0 0 0 0 0 28 29 0 0 0 0 0
P1838 2052 11 3 55 17 9 0 0 0 0 0 0 0 0 0 0 0 0 0 21 55 16 145 57 4 4 102 25 53 18 11 5 -999
P1838 2052 12 13 14 31 10 9 7 12 0 0 0 0 0 30 76 2 2 13 37 20 38 55 19 21 16 11 11 23 0 25 22 18
P1838 2053 1 8 16 17 9 0 9 21 73 125 208 234 167 115 23 86 115 29 4 0 0 0 30 13 8 5 6 13 17 28 44 39
P1838 2053 2 48 132 28 4 34 34 134 33 23 37 22 36 44 86 67 89 83 37 7 0 0 0 30 30 37 255 98 43 -999 -999 -999
P1838 2053 3 7 0 0 0 0 0 0 0 0 0 0 0 0 0 0 0 0 0 0 0 0 0 0 0 0 0 0 0 0 0 0
P1838 2053 4 3 14 23 14 7 0 0 0 0 0 0 0 0 18 32 11 0 0 0 0 0 0 0 0 23 4 2 0 0 0 -999
P1838 2053 5 0 0 0 0 0 0 0 0 0 0 0 0 0 0 0 0 0 0 0 0 0 0 0 0 0 0 0 0 0 5 6
P1838 2053 6 0 0 0 0 0 0 0 0 0 0 0 0 0 0 0 0 0 0 0 0 0 0 0 0 0 0 0 0 0 0 -999
P1838 2053 7 0 0 0 0 0 0 0 0 0 0 0 0 0 0 0 0 0 0 0 0 0 0 0 0 0 0 0 0 0 0 0
P1838 2053 8 0 0 0 0 0 0 0 0 0 0 0 0 0 0 0 0 0 0 0 0 0 0 0 0 0 25 15 0 0 0 0
P1838 2053 9 0 10 0 0 0 0 0 0 0 0 0 0 0 0 0 0 0 0 0 63 40 11 7 0 0 0 0 33 50 14 -999
P1838 2053 10 9 0 0 0 0 0 0 0 0 2 2 0 0 0 10 0 0 0 0 0 0 0 0 0 0 0 0 0 0 0 0
P1838 2053 11 0 0 0 0 0 0 0 0 0 0 19 0 0 0 32 96 227 133 198 52 87 20 84 41 16 0 0 0 0 0 -999
P1838 2053 12 0 0 0 11 0 0 0 0 0 24 72 213 24 62 35 40 39 64 47 44 18 19 44 98 70 14 0 0 0 7 27
P1838 2054 1 81 6 36 51 15 98 34 50 29 0 0 0 0 0 0 10 22 55 38 5 7 22 8 8 4 0 0 0 0 0 0
P1838 2054 2 0 21 33 86 127 93 53 25 9 0 20 30 21 0 0 0 0 34 16 34 9 9 26 27 0 18 0 0 -999 -999 -999
P1838 2054 3 0 0 0 0 0 0 0 4 0 0 0 0 12 7 23 5 36 21 0 0 0 44 9 0 21 47 6 30 28 39 104
P1838 2054 4 65 132 77 36 7 28 74 45 13 23 4 0 0 0 0 3 6 42 10 50 14 2 5 39 53 49 43 40 0 0 -999
P1838 2054 5 0 17 8 7 8 9 0 0 70 89 20 8 3 5 5 0 0 0 0 0 0 0 0 0 0 0 0 0 0 0 0
P1838 2054 6 0 0 0 0 0 0 0 0 0 0 0 0 0 0 0 0 0 0 0 0 0 0 0 0 0 0 0 0 0 0 -999
P1838 2054 7 0 0 0 0 0 0 0 0 0 0 0 0 0 0 0 0 0 8 6 3 0 0 0 0 0 0 0 0 0 0 0
P1838 2054 8 0 0 0 0 0 0 0 0 0 0 0 0 0 0 0 0 0 0 0 0 0 0 0 0 0 0 0 0 0 0 0
P1838 2054 9 0 0 0 0 0 0 0 0 0 0 0 0 0 0 0 0 0 0 0 0 0 0 0 0 0 0 0 0 0 0 -999
P1838 2054 10 0 0 0 0 0 0 0 0 0 0 16 13 8 0 0 0 0 0 0 0 51 6 4 11 8 7 0 0 8 26 91
P1838 2054 11 137 155 74 83 148 24 12 110 7 0 0 0 0 0 0 13 10 0 0 0 0 0 0 0 0 0 12 23 60 32 -999
P1838 2054 12 51 52 14 14 0 11 0 0 17 20 10 0 46 33 9 0 0 0 0 0 0 0 12 0 0 0 0 0 0 0 0
P1838 2055 1 0 0 0 21 188 35 8 17 39 57 107 233 153 55 76 66 51 64 111 207 172 290 209 4 7 10 9 8 14 9 9
P1838 2055 2 8 0 0 0 7 12 16 19 39 21 0 27 50 35 34 26 24 38 17 15 32 23 0 0 0 0 0 0 -999 -999 -999
P1838 2055 3 0 36 46 22 28 23 34 64 205 157 48 58 56 10 10 0 0 0 0 24 17 7 6 13 8 101 48 13 24 29 9
P1838 2055 4 0 0 0 0 0 70 51 41 99 39 36 16 3 11 20 0 0 0 0 0 0 20 29 36 35 26 8 9 12 34 -999
P1838 2055 5 17 51 121 45 0 0 9 42 29 0 0 0 0 0 0 0 0 0 0 0 0 0 0 0 0 0 0 0 0 0 0
P1838 2055 6 0 0 0 0 0 0 0 0 0 0 0 0 0 0 37 11 11 15 7 12 0 19 0 0 0 0 0 0 0 0 -999
P1838 2055 7 0 0 0 0 0 0 0 0 0 0 0 0 0 0 0 0 0 0 0 0 0 0 0 0 0 0 0 0 0 0 0
P1838 2055 8 0 0 0 0 0 0 0 0 0 0 0 0 0 0 0 0 0 0 0 0 0 0 0 0 0 0 0 0 0 0 0
P1838 2055 9 0 0 0 0 0 0 0 0 0 0 0 0 0 0 0 0 0 0 0 0 0 0 0 0 0 0 0 0 0 0 -999
P1838 2055 10 0 0 0 0 0 0 22 14 2 8 0 36 4 0 7 0 0 16 10 14 13 6 35 71 3 10 0 0 0 0 0
P1838 2055 11 19 19 0 0 11 124 151 15 0 0 0 0 19 24 0 23 3 0 0 0 21 5 4 23 6 0 0 0 12 11 -999
P1838 2055 12 42 18 2 3 0 0 0 0 0 62 79 93 40 21 62 79 22 9 36 96 191 96 21 18 0 0 0 0 0 19 17
P1838 2056 1 0 0 0 4 0 16 88 15 17 0 13 0 0 0 8 12 14 8 0 12 61 47 123 20 37 7 120 70 4 0 3
P1838 2056 2 0 0 0 0 0 0 0 0 0 0 0 0 0 0 0 5 18 0 0 0 29 17 13 3 0 0 0 0 -999 -999 -999
P1838 2056 3 0 102 62 22 0 30 74 61 97 42 0 0 0 0 0 13 0 0 0 0 0 0 0 0 0 0 0 12 0 15 6
P1838 2056 4 0 0 0 0 0 0 0 0 0 0 0 0 0 0 0 0 0 0 0 0 0 0 0 6 0 22 31 10 5 0 -999
P1838 2056 5 10 8 20 6 14 5 0 0 0 0 7 26 12 0 0 0 0 0 0 0 0 0 0 0 3 12 27 17 12 0 0
P1838 2056 6 0 0 0 0 8 0 11 0 0 0 0 0 0 0 0 0 0 0 0 0 0 0 0 0 0 0 0 0 0 0 -999
P1838 2056 7 0 0 0 0 0 0 0 0 0 0 0 0 0 0 0 0 0 0 0 0 0 0 0 0 0 0 0 0 0 0 0
P1838 2056 8 0 0 0 0 0 0 0 0 0 0 0 0 0 0 0 0 0 0 0 0 0 0 0 0 0 0 0 0 0 0 0
P1838 2056 9 0 0 0 0 0 0 0 0 0 0 0 0 0 0 0 0 0 0 0 0 0 0 0 0 0 0 0 40 29 0 -999
P1838 2056 10 0 5 0 0 0 0 0 0 0 0 0 0 0 0 0 0 0 0 0 0 0 0 0 140 24 8 0 0 0 0 0
P1838 2056 11 21 0 14 37 59 98 54 35 19 0 36 64 51 34 0 0 0 16 45 24 19 8 0 33 70 68 32 48 65 127 -999
P1838 2056 12 149 188 73 57 310 220 133 92 120 115 59 22 7 54 75 116 44 111 57 22 59 13 3 0 0 0 0 0 0 0 47
P1838 2057 1 26 11 0 0 20 16 35 15 16 14 0 0 21 20 8 0 0 0 0 0 0 0 0 8 11 58 102 190 50 38 88
P1838 2057 2 26 19 13 19 124 92 132 127 30 15 0 0 0 0 9 0 0 7 14 89 6 3 7 10 8 5 3 3 -999 -999 -999
P1838 2057 3 4 3 0 3 12 24 22 10 0 0 0 0 0 0 0 0 88 0 0 0 0 0 0 26 0 0 5 7 0 0 0
P1838 2057 4 0 0 0 0 0 0 0 0 24 0 0 5 5 4 71 76 32 27 4 4 17 22 0 0 0 0 0 0 0 0 -999
P1838 2057 5 0 0 0 0 0 0 0 0 0 0 0 0 4 5 17 41 51 6 4 8 5 0 5 7 0 0 11 39 23 8 6
P1838 2057 6 14 18 6 0 0 0 0 0 0 0 0 0 0 0 0 0 0 0 0 0 0 0 0 0 0 0 0 0 0 0 -999
P1838 2057 7 0 0 0 0 0 0 0 0 0 0 0 0 0 0 0 0 0 0 0 0 0 0 0 0 0 0 0 0 0 0 0
P1838 2057 8 0 0 0 0 0 0 0 0 0 0 0 0 0 0 0 0 0 0 0 0 0 0 0 0 0 0 0 0 0 0 0
P1838 2057 9 0 0 0 0 0 0 0 0 0 0 0 0 0 0 0 0 0 0 0 0 0 0 0 0 0 0 4 0 0 0 -999
P1838 2057 10 0 0 0 0 0 0 0 0 0 0 0 0 0 0 0 0 0 0 0 0 0 0 0 0 0 0 0 0 0 8 13
P1838 2057 11 14 25 70 87 71 36 0 16 8 46 220 51 31 46 14 31 36 9 0 6 13 7 0 0 0 0 13 9 0 0 -999
P1838 2057 12 0 0 0 0 0 8 9 37 84 123 170 212 162 16 15 10 0 0 0 0 0 0 0 0 0 0 0 6 8 30 19
P1838 2058 1 21 27 12 0 0 0 10 23 59 158 18 8 15 100 27 0 8 8 0 0 0 0 0 0 0 7 20 4 12 30 23
P1838 2058 2 31 3 0 0 0 0 0 0 13 23 27 39 43 22 40 12 6 0 0 0 0 0 0 0 0 0 0 0 -999 -999 -999
P1838 2058 3 0 0 0 0 0 0 0 0 0 0 0 0 0 0 0 0 0 0 0 21 46 22 6 34 109 60 4 0 0 0 0
P1838 2058 4 0 0 0 0 0 8 0 0 0 2 5 27 5 0 0 0 0 0 0 5 4 6 0 0 0 0 0 0 0 0 -999
P1838 2058 5 0 0 0 0 0 0 0 0 0 0 0 0 0 0 0 0 0 0 0 0 0 0 0 0 0 0 0 0 8 12 13
P1838 2058 6 0 0 0 0 0 0 0 0 0 0 0 0 0 0 0 0 0 0 0 0 0 0 0 0 0 0 0 0 0 0 -999
P1838 2058 7 0 0 0 0 0 0 0 0 0 0 0 0 0 0 0 0 0 0 0 0 0 0 0 0 0 0 0 0 0 0 0
P1838 2058 8 0 0 0 0 0 0 0 0 0 0 0 0 0 0 0 0 0 0 0 0 0 0 0 0 0 0 0 0 0 0 0
P1838 2058 9 0 0 0 0 0 0 0 0 0 0 0 0 0 10 0 0 0 0 0 0 0 0 14 0 0 0 0 0 0 0 -999
P1838 2058 10 0 0 0 0 0 0 0 0 0 0 0 0 0 0 0 0 0 0 0 0 0 8 11 12 0 0 0 0 0 0 0
P1838 2058 11 0 0 0 0 0 0 0 24 29 24 52 18 7 30 26 39 115 250 183 205 10 38 26 9 19 54 26 165 53 26 -999
P1838 2058 12 7 23 7 8 0 9 11 0 0 0 0 0 0 18 45 18 42 145 141 176 105 56 24 30 33 74 117 28 8 89 115
P1838 2059 1 10 196 27 39 5 6 2 0 0 0 0 0 11 52 97 6 0 0 8 5 10 5 5 0 15 10 0 16 0 0 0
P1838 2059 2 7 7 0 0 0 0 0 0 0 0 0 0 0 0 0 6 0 0 0 0 0 0 0 0 0 0 0 0 -999 -999 -999
P1838 2059 3 0 0 0 0 0 0 0 0 0 0 0 15 3 0 0 0 0 0 0 16 21 16 16 90 19 110 38 25 4 4 4
P1838 2059 4 3 0 0 0 0 0 0 0 0 0 0 0 0 0 0 0 0 0 0 0 25 0 0 0 0 0 0 0 6 5 -999
P1838 2059 5 0 0 0 0 0 5 4 4 4 5 5 0 0 0 0 0 0 7 0 0 0 0 0 0 0 0 0 0 36 0 0
P1838 2059 6 0 0 0 0 0 0 0 0 0 0 0 0 0 0 0 0 0 0 0 0 0 0 0 0 0 12 0 0 0 0 -999
P1838 2059 7 0 0 0 0 0 0 0 0 0 0 0 0 0 0 0 5 0 0 0 0 0 0 0 0 0 0 0 0 0 0 0
P1838 2059 8 0 0 0 0 0 0 0 0 0 0 0 0 0 0 0 0 0 0 0 0 0 0 0 0 0 0 0 0 0 0 0
P1838 2059 9 0 0 0 0 0 0 0 0 0 0 0 0 0 0 0 0 0 0 0 0 0 0 0 13 9 0 0 0 0 0 -999
P1838 2059 10 0 0 0 0 0 0 0 0 0 0 0 0 0 7 20 19 0 0 0 16 31 123 97 83 19 21 0 0 0 36 16
P1838 2059 11 41 37 19 22 0 0 0 0 0 22 77 13 0 51 97 8 2 12 5 0 7 8 72 7 11 7 74 4 5 7 -999
P1838 2059 12 0 0 0 40 0 0 12 38 30 24 11 20 3 5 0 0 0 0 0 0 0 0 0 0 8 16 35 264 253 76 31
P1838 2060 1 39 126 188 107 108 10 0 0 0 36 28 12 0 0 0 0 0 0 0 0 0 0 0 0 0 7 6 0 0 0 0
P1838 2060 2 0 0 0 14 72 11 54 47 55 9 113 82 25 176 202 24 80 59 12 6 59 26 35 36 51 8 111 28 -999 -999 -999
P1838 2060 3 190 87 64 36 31 44 131 194 68 17 16 0 0 0 0 0 50 15 151 230 201 43 5 13 9 6 11 32 8 15 0
P1838 2060 4 0 0 0 0 0 0 0 0 0 0 64 16 0 0 0 0 0 0 0 0 0 0 0 0 0 0 0 0 0 0 -999
P1838 2060 5 0 0 0 0 0 0 0 0 0 0 0 0 0 0 0 0 0 0 0 0 0 0 0 0 0 0 0 0 0 0 0
P1838 2060 6 0 0 0 0 8 22 25 21 11 7 8 5 6 34 0 0 0 0 0 0 0 0 0 0 0 0 0 0 0 0 -999
P1838 2060 7 0 0 0 0 0 0 0 0 0 0 0 0 0 0 0 0 0 0 0 0 0 0 0 0 0 0 0 0 0 0 0
P1838 2060 8 0 0 0 0 0 0 0 0 0 0 0 0 0 0 0 0 0 0 0 0 0 0 0 0 0 0 0 0 0 0 0
P1838 2060 9 0 0 0 0 0 0 0 0 0 0 0 0 0 0 0 4 0 0 0 0 0 0 0 0 0 0 9 0 0 0 -999
P1838 2060 10 0 0 0 0 0 0 0 0 0 0 62 98 47 38 8 9 12 0 0 0 0 0 19 0 15 0 0 0 0 0 103
P1838 2060 11 33 13 45 13 0 0 0 20 60 18 0 13 5 5 9 26 0 15 3 2 0 0 0 0 8 12 13 6 22 0 -999
P1838 2060 12 0 16 17 12 27 66 4 0 27 17 0 0 16 43 15 42 22 32 3 116 84 3 11 23 12 31 10 39 7 0 0
P1838 2061 1 0 0 0 0 0 0 0 0 0 0 9 0 0 26 11 27 93 13 116 64 70 151 188 142 190 234 285 205 103 55 32
P1838 2061 2 7 0 0 0 20 0 0 0 43 70 44 17 5 107 95 4 10 22 6 54 7 27 2 18 14 7 41 36 -999 -999 -999
P1838 2061 3 260 28 163 90 4 7 14 7 45 52 89 19 65 57 59 38 26 65 52 20 6 2 0 0 0 0 0 0 0 0 0
P1838 2061 4 0 0 15 12 24 42 16 2 4 55 16 13 12 7 3 0 0 0 5 9 10 0 0 14 0 0 0 0 0 0 -999
P1838 2061 5 0 0 4 3 5 0 0 0 0 0 0 0 0 0 0 0 0 0 0 0 0 0 0 0 0 0 0 0 0 0 0
P1838 2061 6 0 0 0 0 0 0 0 0 0 0 0 0 6 6 0 0 0 0 0 0 0 0 0 0 0 0 0 0 0 0 -999
P1838 2061 7 0 0 0 0 0 0 0 0 0 0 0 0 0 0 0 0 0 0 0 0 0 0 0 0 0 0 0 0 0 0 0
P1838 2061 8 0 0 0 0 0 0 0 0 0 0 0 0 0 0 0 0 0 0 0 0 0 0 0 0 0 0 0 0 0 0 0
P1838 2061 9 0 0 0 0 0 0 0 0 0 0 0 0 0 0 0 14 105 121 263 106 126 17 0 0 0 0 0 0 0 0 -999
P1838 2061 10 0 0 0 5 0 0 9 13 56 10 0 0 0 13 0 0 0 0 0 0 0 0 0 0 40 57 72 38 0 0 0
P1838 2061 11 0 0 15 0 0 0 16 25 5 11 7 0 0 0 0 0 0 30 39 0 0 0 0 0 0 0 0 17 33 32 -999
P1838 2061 12 132 235 142 19 0 0 0 0 0 15 33 22 30 0 0 0 45 67 32 0 16 0 0 0 0 0 0 0 13 41 0
P1838 2062 1 0 0 0 0 0 0 11 0 0 11 32 40 44 23 78 134 57 18 3 0 18 12 16 14 17 44 64 84 35 47 143
P1838 2062 2 86 72 38 13 21 81 86 72 53 13 2 0 0 0 0 0 0 0 4 3 13 40 46 196 284 86 122 15 -999 -999 -999
P1838 2062 3 0 0 0 0 21 27 5 0 0 30 0 0 0 26 0 0 0 0 0 0 0 0 12 11 8 41 6 0 0 0 0
P1838 2062 4 0 9 4 0 0 0 0 0 0 23 20 15 5 0 0 0 7 10 0 0 7 0 11 55 18 25 0 0 0 0 -999
P1838 2062 5 0 0 0 0 0 0 0 0 0 0 0 0 0 0 0 0 0 0 2 0 0 0 0 0 0 0 0 9 7 6 25
P1838 2062 6 12 0 6 0 0 0 0 0 0 0 4 0 0 0 0 0 0 0 0 0 0 0 0 0 0 0 0 0 0 0 -999
P1838 2062 7 0 0 0 0 0 0 0 0 0 0 0 0 0 0 0 0 0 0 0 0 0 0 0 0 0 0 0 0 0 0 0
P1838 2062 8 0 0 0 0 0 0 0 0 0 0 0 0 0 0 0 0 0 0 0 0 0 0 0 0 0 0 0 0 0 0 0
P1838 2062 9 0 0 0 0 0 0 0 0 0 0 0 0 0 0 0 0 0 0 0 0 0 0 0 0 0 0 0 0 0 0 -999
P1838 2062 10 0 0 0 0 0 0 0 0 0 0 0 0 0 0 0 0 0 0 65 73 13 39 32 28 54 15 0 2 10 8 0
P1838 2062 11 0 32 0 0 76 74 3 0 0 45 68 0 0 0 0 0 0 55 27 73 49 5 44 60 62 3 11 63 0 14 -999
P1838 2062 12 6 0 0 0 0 0 23 0 34 87 29 10 11 16 54 96 6 16 12 13 12 19 28 35 27 0 0 13 29 7 0
P1838 2063 1 0 10 13 20 17 15 7 0 0 0 0 0 0 0 0 0 0 0 10 20 19 8 10 14 0 18 76 7 5 26 0
P1838 2063 2 0 0 0 0 0 0 21 27 24 4 0 0 7 11 47 12 0 0 0 0 0 4 4 5 0 4 0 0 -999 -999 -999
P1838 2063 3 0 0 0 0 0 0 9 3 5 33 64 23 122 59 102 32 23 34 25 20 0 0 0 0 12 24 74 114 28 3 0
P1838 2063 4 32 18 22 37 0 0 0 0 0 47 41 4 6 20 17 21 0 0 0 0 0 6 5 7 12 0 5 2 3 3 -999
P1838 2063 5 2 0 0 0 0 0 0 0 0 0 0 0 15 0 11 12 6 9 15 8 21 15 0 0 0 0 0 0 0 0 0
P1838 2063 6 0 0 0 0 0 0 0 0 0 0 0 0 0 0 0 0 0 0 0 0 0 0 0 0 0 0 0 0 0 0 -999
P1838 2063 7 0 0 0 0 0 0 0 0 0 0 0 0 0 0 0 0 0 0 0 0 0 0 0 0 0 0 0 0 0 0 0
P1838 2063 8 0 0 0 0 0 0 0 0 0 0 0 0 0 0 0 0 0 0 0 0 0 0 0 0 0 0 0 0 0 0 0
P1838 2063 9 0 0 0 0 0 0 0 0 0 0 0 0 0 0 0 0 0 0 0 0 0 0 0 0 0 0 6 46 12 0 -999
P1838 2063 10 0 0 0 0 0 0 0 18 37 28 50 6 0 7 11 0 13 0 13 28 4 80 0 0 0 0 31 47 8 29 0
P1838 2063 11 0 0 0 0 0 0 0 0 0 0 0 0 0 0 0 0 0 0 0 0 0 0 0 0 7 0 0 17 13 25 -999
P1838 2063 12 40 54 46 0 28 44 44 0 0 21 9 37 23 29 6 32 50 58 21 21 0 28 60 101 34 48 45 40 33 75 15
P1838 2064 1 12 16 0 11 5 17 0 0 21 55 124 205 124 126 7 10 3 7 0 0 24 12 3 0 0 0 32 41 125 29 21
P1838 2064 2 16 10 8 0 0 0 0 0 0 0 0 0 25 20 28 10 22 29 8 0 0 0 0 0 0 14 13 5 -999 -999 -999
P1838 2064 3 0 38 87 172 100 124 42 5 11 22 43 12 50 8 0 0 0 8 5 18 0 12 12 4 15 0 6 11 27 36 13
P1838 2064 4 0 0 0 0 0 0 0 0 3 7 0 0 0 0 0 0 0 6 7 0 0 0 24 11 0 25 53 4 0 0 -999
P1838 2064 5 0 0 10 0 0 0 0 0 0 0 0 0 0 0 0 0 0 0 0 0 0 0 0 0 0 0 0 0 0 0 0
P1838 2064 6 0 0 0 0 0 0 0 0 0 0 0 0 0 0 0 0 0 0 0 0 0 0 0 0 0 0 0 0 0 0 -999
P1838 2064 7 0 0 0 0 0 0 0 0 0 0 0 0 0 0 0 0 0 0 0 0 0 0 0 0 0 0 0 0 0 0 0
P1838 2064 8 0 0 0 0 0 0 0 0 0 0 0 0 0 0 0 0 0 0 0 0 0 0 0 0 0 0 0 0 0 0 0
P1838 2064 9 0 0 0 0 0 0 0 0 0 0 0 0 0 0 0 0 0 0 0 0 0 0 0 0 0 0 8 10 0 0 -999
P1838 2064 10 0 0 0 0 0 0 0 0 0 0 0 0 0 0 0 0 0 0 0 0 0 5 16 31 6 12 0 0 0 0 0
P1838 2064 11 0 0 0 0 0 17 10 17 9 12 0 0 0 0 5 6 0 0 0 0 0 4 8 16 7 46 43 106 60 3 -999
P1838 2064 12 0 16 19 31 22 22 60 71 171 115 59 50 0 0 0 0 0 13 40 128 41 162 21 8 9 35 47 120 32 93 62
P1838 2065 1 22 42 9 12 23 19 33 26 37 5 3 22 4 5 0 0 0 0 0 0 14 11 21 0 0 0 0 0 0 0 9
P1838 2065 2 27 31 24 65 15 0 0 0 12 7 0 0 0 0 0 0 0 0 9 15 27 0 18 0 13 22 0 0 -999 -999 -999
P1838 2065 3 0 0 0 0 18 75 33 4 13 25 0 0 0 0 0 0 0 0 0 0 0 20 9 14 0 0 37 79 16 40 17
P1838 2065 4 35 49 34 3 4 0 0 0 0 0 3 0 8 6 0 0 0 0 0 0 0 0 0 0 9 16 9 9 4 10 -999
P1838 2065 5 11 16 30 9 0 0 0 0 0 5 3 3 6 0 0 0 21 8 0 0 0 0 0 0 0 0 0 0 0 0 3
P1838 2065 6 9 7 13 26 28 19 11 6 0 0 54 43 10 10 0 0 0 0 0 0 0 0 0 0 0 0 0 0 0 0 -999
P1838 2065 7 0 0 0 0 0 0 0 0 0 0 0 0 0 0 0 0 0 0 0 0 0 0 0 0 0 0 0 0 0 0 0
P1838 2065 8 0 0 0 0 0 0 0 0 0 0 0 0 0 0 0 0 0 0 0 0 0 0 0 0 0 0 0 0 0 0 0
P1838 2065 9 0 0 0 0 0 0 0 0 0 0 0 0 0 0 0 0 0 0 0 0 0 31 167 228 107 23 13 6 0 0 -999
P1838 2065 10 0 0 0 0 0 0 0 0 0 0 0 0 0 0 0 71 116 123 60 13 40 0 0 0 0 0 0 0 0 0 0
P1838 2065 11 0 0 0 0 25 69 41 26 5 10 26 64 43 38 0 0 0 0 0 0 0 0 11 0 15 0 0 0 0 0 -999
P1838 2065 12 0 0 0 18 24 35 0 0 0 19 50 88 24 0 0 0 0 18 14 28 19 89 173 59 108 114 49 34 0 0 0
P1838 2066 1 10 8 14 36 28 0 0 18 14 21 20 20 16 17 15 29 50 28 0 0 0 0 0 8 8 9 15 5 0 0 0
P1838 2066 2 0 0 0 5 14 39 35 20 28 0 0 0 0 0 0 6 6 10 6 0 0 0 0 8 11 48 5 29 -999 -999 -999
P1838 2066 3 35 242 137 201 235 110 21 218 116 22 68 54 13 0 39 31 11 5 0 11 8 0 12 11 7 0 57 84 24 13 50
P1838 2066 4 45 0 0 0 0 0 10 4 0 0 0 0 0 0 0 0 19 18 0 0 0 0 0 0 0 0 0 0 0 0 -999
P1838 2066 5 0 0 0 0 0 0 0 0 0 0 0 0 0 0 0 0 0 0 0 0 0 0 0 0 0 0 0 0 0 0 0
P1838 2066 6 0 0 0 0 0 0 0 0 0 0 0 0 0 0 0 0 0 0 0 0 0 0 0 0 0 0 0 0 0 0 -999
P1838 2066 7 0 0 0 0 0 0 0 0 0 0 0 0 0 0 0 0 0 0 0 0 0 0 0 0 0 0 0 0 0 0 0
P1838 2066 8 0 0 0 0 0 0 0 0 0 0 0 0 0 0 0 0 0 0 0 0 0 0 0 0 0 0 0 0 0 0 0
P1838 2066 9 0 0 0 0 0 0 0 0 0 0 0 0 0 0 0 0 0 0 0 0 0 0 0 0 0 0 0 0 0 0 -999
P1838 2066 10 0 0 0 0 0 0 0 0 0 0 0 21 101 6 23 79 53 23 14 21 0 0 0 0 0 0 12 14 7 24 88
P1838 2066 11 20 33 46 44 34 66 80 78 68 2 0 0 0 0 0 26 13 8 12 147 119 142 22 0 38 66 59 17 210 226 -999
P1838 2066 12 147 231 87 0 0 0 20 25 18 12 8 67 144 210 24 37 156 24 2 0 0 8 15 12 75 143 96 67 48 42 43
P1838 2067 1 74 82 66 95 10 8 75 34 3 6 26 131 195 129 49 32 163 339 100 8 13 37 13 10 9 14 12 9 16 4 3
P1838 2067 2 11 11 7 3 0 8 34 80 114 0 0 17 5 0 0 0 0 0 6 12 23 20 15 20 7 0 11 8 -999 -999 -999
P1838 2067 3 0 9 38 45 0 0 0 0 7 5 19 37 6 13 12 18 14 10 0 0 0 0 0 0 0 12 23 4 5 17 0
P1838 2067 4 0 0 0 0 0 0 0 0 0 4 0 0 0 0 0 0 7 8 6 2 0 0 0 6 10 16 28 43 0 14 -999
P1838 2067 5 0 0 0 0 0 0 0 0 0 0 2 3 3 4 3 0 13 30 35 10 5 9 11 0 0 0 0 0 0 0 0
P1838 2067 6 0 0 0 0 0 0 0 0 0 0 0 0 0 0 0 0 0 0 0 0 0 0 0 0 0 0 0 0 0 0 -999
P1838 2067 7 0 0 0 0 0 0 0 0 0 0 0 0 0 0 0 0 0 0 0 0 0 0 0 0 0 0 0 0 0 0 0
P1838 2067 8 0 0 0 0 0 0 0 0 0 0 0 0 0 0 0 0 0 0 0 0 0 0 0 0 0 0 0 0 0 0 0
P1838 2067 9 0 0 0 0 0 0 0 0 0 0 0 0 0 0 0 0 0 0 0 0 0 0 0 0 0 0 0 0 0 0 -999
P1838 2067 10 0 0 0 0 0 0 0 0 0 0 0 24 13 0 0 0 0 0 0 0 0 0 0 0 0 0 0 57 56 35 49
P1838 2067 11 13 38 105 31 35 57 219 27 136 40 11 22 33 11 21 5 0 69 199 14 0 0 0 13 9 5 9 6 23 8 -999
P1838 2067 12 11 0 0 55 72 51 7 29 147 70 126 117 28 45 36 42 11 0 8 45 35 31 26 22 22 0 0 9 0 0 0
P1838 2068 1 12 0 0 0 0 0 0 0 0 15 23 7 0 0 0 0 9 4 0 17 19 26 57 73 9 77 4 3 69 104 63
P1838 2068 2 16 36 18 0 0 20 7 22 87 32 71 29 0 0 0 4 0 0 0 8 13 0 12 4 0 0 0 0 -999 -999 -999
P1838 2068 3 18 12 33 19 4 2 0 0 63 100 30 22 0 0 0 0 14 0 0 6 9 9 73 46 0 0 0 0 0 0 0
P1838 2068 4 8 11 0 0 24 13 6 0 0 31 0 0 0 0 0 0 0 0 0 0 0 0 7 8 11 0 0 11 13 13 -999
P1838 2068 5 0 0 0 0 0 0 0 0 0 16 10 23 22 17 37 10 6 0 6 8 0 0 0 0 0 0 0 0 0 0 0
P1838 2068 6 0 0 0 0 0 0 0 0 0 0 0 0 0 0 0 0 0 0 0 0 0 0 0 0 0 0 0 0 0 0 -999
P1838 2068 7 0 0 0 0 0 0 0 0 0 0 0 0 0 0 0 0 0 0 0 0 0 0 0 0 0 0 0 0 0 0 0
P1838 2068 8 0 0 0 0 0 0 0 0 0 0 0 0 0 0 0 0 0 0 0 0 0 0 0 0 0 0 0 0 0 0 0
P1838 2068 9 0 0 0 0 0 0 0 0 0 0 0 0 0 0 0 0 0 0 0 0 19 96 88 32 0 0 12 0 0 0 -999
P1838 2068 10 9 0 0 0 0 0 18 13 20 0 0 17 10 17 10 21 0 0 0 20 40 11 34 17 11 40 0 0 26 24 37
P1838 2068 11 0 0 0 0 0 0 0 0 0 0 0 0 0 0 33 21 8 41 20 10 66 38 87 62 62 16 0 0 52 36 -999
P1838 2068 12 0 63 22 30 192 14 52 58 83 11 19 21 26 17 82 105 274 173 130 53 39 0 0 0 0 25 10 21 13 0 0
P1838 2069 1 0 0 0 0 0 10 9 6 18 112 39 7 5 3 0 0 0 0 0 0 21 14 0 0 12 20 24 67 180 243 238
P1838 2069 2 111 92 28 42 185 6 81 65 138 46 7 5 6 21 5 0 0 0 0 0 0 0 4 0 0 0 0 6 -999 -999 -999
P1838 2069 3 100 40 13 27 23 0 0 0 6 13 11 4 0 0 0 0 0 0 0 24 18 8 0 14 7 0 6 22 36 16 0
P1838 2069 4 0 0 0 0 0 0 0 19 15 26 83 204 42 59 99 48 45 82 107 81 24 11 0 0 0 0 0 26 9 41 -999
P1838 2069 5 55 34 12 36 13 64 67 42 22 27 10 0 0 0 0 0 8 0 0 0 6 0 0 0 0 0 0 0 5 12 15
P1838 2069 6 0 0 0 0 0 0 0 0 0 0 0 0 0 0 0 0 0 0 0 0 0 0 0 0 0 0 0 0 0 0 -999
P1838 2069 7 0 8 0 0 0 0 0 0 0 0 0 0 0 0 0 0 0 0 0 0 0 0 0 0 0 0 0 0 0 0 0
P1838 2069 8 0 0 0 0 0 0 0 0 0 0 0 0 0 0 0 0 0 0 0 0 0 0 0 0 0 0 0 0 0 0 0
P1838 2069 9 0 0 0 0 0 0 0 0 23 0 0 0 0 0 0 0 0 0 0 0 0 0 0 0 0 0 18 21 177 88 -999
P1838 2069 10 62 48 76 21 0 0 0 0 0 0 0 0 0 0 0 9 4 2 0 9 9 7 37 29 14 9 5 0 0 0 28
P1838 2069 11 22 65 122 40 0 0 0 56 71 36 79 74 127 80 9 0 0 0 0 0 0 0 14 24 5 59 38 108 124 15 -999
P1838 2069 12 19 113 141 24 2 4 9 18 13 14 0 17 46 10 0 0 0 0 0 0 0 16 73 80 17 0 10 17 38 9 10
P1838 2070 1 40 28 40 61 80 37 9 37 59 23 17 0 0 8 0 0 20 11 35 118 32 15 56 40 98 100 202 12 35 105 129
P1838 2070 2 91 212 209 18 15 13 18 0 7 88 60 43 19 22 82 26 6 0 0 0 0 22 112 31 81 28 107 16 -999 -999 -999
P1838 2070 3 22 0 0 0 34 0 0 33 114 29 15 29 9 0 0 0 0 35 35 8 40 114 67 20 28 0 0 0 0 0 0
P1838 2070 4 6 30 9 20 43 51 45 105 47 37 22 22 14 19 0 18 7 0 0 0 0 0 12 16 19 11 13 4 4 8 -999
P1838 2070 5 15 22 15 19 14 4 6 8 11 10 8 29 30 47 50 14 25 20 0 0 0 0 0 0 0 0 0 0 0 0 0
P1838 2070 6 0 0 17 11 7 0 0 0 0 0 0 0 0 0 0 0 0 0 0 0 0 0 0 0 0 0 0 0 0 0 -999
P1838 2070 7 0 0 0 0 0 0 0 0 0 0 0 0 0 0 0 0 0 0 0 0 0 0 0 0 0 0 0 0 0 0 0
P1838 2070 8 0 0 0 0 0 0 0 0 0 0 0 0 0 0 0 0 0 0 0 0 0 0 0 0 0 0 0 0 0 0 0
P1838 2070 9 0 0 0 0 0 0 0 0 0 0 0 0 0 0 0 0 0 0 0 0 0 0 0 0 0 0 0 7 28 19 -999
P1838 2070 10 0 0 0 0 0 0 0 0 2 25 48 21 22 19 6 0 5 16 98 157 105 83 19 5 0 0 0 0 0 0 3
P1838 2070 11 0 49 30 28 3 17 60 38 14 20 91 154 48 26 14 28 49 0 42 89 39 45 62 46 19 0 0 0 0 0 -999
P1838 2070 12 0 12 19 0 0 0 0 0 0 9 13 9 9 6 0 0 0 0 0 8 7 54 14 13 14 8 26 19 65 34 6
P1838 2071 1 0 7 9 16 11 5 0 5 8 37 26 32 45 37 224 166 363 291 73 31 13 11 158 93 11 5 7 13 9 12 58
P1838 2071 2 95 18 16 15 52 58 46 25 5 0 0 0 12 0 0 0 0 0 11 26 27 6 9 7 20 65 68 0 -999 -999 -999
P1838 2071 3 0 0 0 0 18 0 16 16 14 16 19 0 0 0 0 0 0 0 5 0 0 0 0 0 0 0 0 0 0 0 0
P1838 2071 4 0 0 0 0 0 0 0 0 0 0 0 0 0 0 0 0 0 0 0 0 17 0 0 0 0 0 0 0 0 0 -999
P1838 2071 5 0 0 0 0 0 0 0 0 0 0 0 0 0 0 3 6 0 0 0 0 0 0 0 0 0 0 0 0 0 0 0
P1838 2071 6 0 0 0 0 0 0 3 7 4 0 0 0 0 0 0 0 0 0 0 0 0 0 0 0 0 0 0 0 0 0 -999
P1838 2071 7 0 0 0 0 0 0 0 0 0 0 0 0 0 0 0 0 0 0 0 0 0 0 0 0 0 0 0 0 0 0 0
P1838 2071 8 0 0 0 0 0 0 0 0 0 0 0 0 0 0 0 0 0 0 0 0 0 0 0 0 0 0 0 0 0 0 0
P1838 2071 9 0 0 0 0 0 0 0 0 0 0 0 0 0 0 0 0 0 0 0 0 0 0 0 0 0 0 0 0 0 0 -999
P1838 2071 10 0 0 0 0 0 0 0 0 3 2 4 12 0 0 0 0 0 0 0 0 0 0 0 0 0 0 0 0 0 0 0
P1838 2071 11 34 25 80 0 15 28 53 101 14 5 20 38 0 0 0 26 0 0 0 0 0 0 0 0 0 20 0 0 0 0 -999
P1838 2071 12 19 8 7 0 12 79 33 0 0 0 0 0 0 0 0 0 0 0 14 0 0 0 0 0 0 0 0 0 0 0 0
P1838 2072 1 0 0 0 0 0 4 2 5 7 15 3 4 10 10 39 3 4 0 0 0 39 229 147 5 0 0 8 15 118 21 41
P1838 2072 2 4 5 9 48 77 14 11 49 34 161 57 255 111 109 56 255 358 188 221 261 262 293 175 36 27 45 21 4 -999 -999 -999
P1838 2072 3 0 0 0 0 0 3 140 28 6 22 38 27 0 10 0 0 0 24 11 0 0 3 2 0 0 0 0 0 0 0 0
P1838 2072 4 0 0 0 0 0 16 27 45 17 30 101 19 9 7 0 0 4 0 0 0 0 0 0 0 0 0 0 0 0 0 -999
P1838 2072 5 0 0 0 3 3 0 4 7 0 0 0 0 0 0 0 0 0 0 0 0 0 0 0 0 0 0 0 0 0 0 0
P1838 2072 6 0 0 0 0 0 0 0 0 0 0 0 0 0 0 0 0 0 0 0 0 0 0 0 0 0 0 0 0 0 0 -999
P1838 2072 7 0 0 0 0 0 0 0 0 0 0 0 0 0 0 0 0 0 0 0 0 0 0 0 0 0 0 0 0 0 0 0
P1838 2072 8 0 0 0 0 0 0 0 0 0 0 0 0 0 0 0 0 0 0 0 0 0 0 0 0 0 0 0 0 0 0 0
P1838 2072 9 0 0 0 0 0 0 0 0 0 0 0 0 0 0 0 0 0 0 0 0 0 0 0 0 0 0 0 0 0 0 -999
P1838 2072 10 16 14 0 0 0 0 0 0 0 0 0 0 0 0 0 0 0 24 17 17 14 30 32 46 28 39 28 0 0 21 103
P1838 2072 11 23 17 0 42 124 88 24 81 143 149 52 15 8 6 0 0 0 0 0 0 11 17 83 81 4 77 161 2 10 7 -999
P1838 2072 12 0 0 0 0 8 69 77 29 11 12 0 0 0 0 0 0 0 19 23 70 36 34 27 0 0 15 0 0 0 0 14
P1838 2073 1 0 9 10 13 22 30 9 8 0 0 0 6 8 0 0 0 0 0 14 0 0 0 0 0 0 13 0 0 0 0 0
P1838 2073 2 0 0 3 11 19 8 11 8 37 115 76 3 8 68 105 41 82 5 14 7 7 9 22 11 0 0 0 0 -999 -999 -999
P1838 2073 3 0 0 0 0 0 0 0 16 12 10 4 6 0 16 27 29 10 16 45 8 10 11 9 10 0 0 59 29 8 0 0
P1838 2073 4 0 0 0 0 0 0 0 0 0 0 0 0 0 0 40 0 0 0 0 0 0 0 0 0 0 0 0 15 0 0 -999
P1838 2073 5 16 0 0 0 0 0 0 0 0 0 0 0 0 0 0 6 38 25 20 3 6 7 28 33 12 0 7 6 0 0 0
P1838 2073 6 0 0 0 0 0 0 0 0 0 0 0 0 0 0 0 0 0 0 0 0 0 0 0 0 0 0 0 0 0 0 -999
P1838 2073 7 0 0 0 0 0 0 0 0 0 0 0 0 0 0 0 0 0 0 0 0 0 0 0 0 0 0 0 0 0 0 0
P1838 2073 8 0 0 0 0 0 0 0 0 0 0 0 0 0 0 0 0 0 0 0 0 0 0 0 0 0 0 0 0 0 0 0
P1838 2073 9 0 0 0 0 0 3 0 0 0 0 0 0 0 0 0 0 0 0 0 0 0 5 24 0 0 0 0 0 0 0 -999
P1838 2073 10 0 0 0 0 0 0 23 4 12 174 74 0 0 0 0 0 0 0 19 7 0 0 0 0 0 0 31 8 4 12 14
P1838 2073 11 16 0 0 0 0 16 117 18 195 138 44 20 12 15 18 0 0 0 4 0 9 29 10 23 15 20 14 11 12 31 -999
P1838 2073 12 52 47 15 10 9 58 4 9 0 0 0 0 0 0 0 0 4 7 9 36 52 54 11 21 63 3 11 0 0 0 0
P1838 2074 1 0 0 0 0 0 0 0 0 0 6 6 11 23 19 11 0 0 67 70 29 0 13 11 0 0 0 8 9 11 10 0
P1838 2074 2 13 5 0 0 0 11 15 19 64 8 10 17 13 11 8 0 0 0 0 14 14 15 11 0 8 12 0 0 -999 -999 -999
P1838 2074 3 0 23 0 0 0 0 0 0 0 0 0 21 0 0 51 0 0 16 19 0 0 0 0 0 0 0 0 0 0 0 0
P1838 2074 4 0 0 0 0 0 0 0 0 0 0 0 0 0 0 0 0 0 0 0 0 0 0 0 0 0 16 17 11 0 0 -999
P1838 2074 5 0 0 0 0 0 0 8 6 6 0 6 8 5 3 0 0 0 10 19 12 28 60 24 0 0 0 0 0 0 0 0
P1838 2074 6 0 0 0 0 0 0 0 0 0 0 0 0 0 0 0 0 0 0 0 0 0 0 0 0 0 0 0 0 0 0 -999
P1838 2074 7 0 0 0 0 0 0 0 0 0 0 0 0 0 0 0 0 0 0 0 0 0 0 0 0 0 0 0 0 0 0 0
P1838 2074 8 0 0 0 0 0 0 0 0 0 0 0 0 0 0 0 0 0 0 0 0 0 0 0 0 0 0 0 0 0 0 0
P1838 2074 9 0 0 0 0 0 0 0 0 0 0 0 0 0 0 0 0 0 0 0 0 0 0 0 3 5 3 7 16 0 0 -999
P1838 2074 10 0 0 9 0 0 0 0 0 8 7 11 0 0 0 0 0 0 0 7 0 0 0 0 0 0 0 0 28 38 0 0
P1838 2074 11 15 18 14 0 0 0 0 18 67 145 0 0 0 0 0 0 5 23 9 0 0 0 121 171 135 6 0 9 6 2 -999
P1838 2074 12 0 0 65 27 0 0 0 37 0 13 12 23 70 277 298 365 126 64 162 56 131 37 5 5 15 58 221 63 366 75 152
P1838 2075 1 100 55 53 42 51 15 5 4 5 12 95 46 64 4 15 10 0 0 0 0 0 0 0 0 0 9 14 7 6 7 26
P1838 2075 2 51 16 0 10 50 31 72 89 15 16 55 78 27 51 0 0 0 0 0 12 46 4 26 10 0 0 0 0 -999 -999 -999
P1838 2075 3 0 0 0 33 32 14 13 0 33 34 49 36 31 66 8 8 15 36 64 48 41 33 39 41 23 57 73 6 23 45 37
P1838 2075 4 18 5 44 0 0 0 0 0 0 0 0 0 0 0 0 0 0 0 0 17 21 0 0 0 0 0 0 0 0 48 -999
P1838 2075 5 17 13 77 135 92 62 27 12 0 0 0 0 3 7 9 29 73 12 5 6 3 9 9 0 0 0 0 0 0 0 0
P1838 2075 6 0 0 0 0 0 0 0 0 0 0 0 0 0 0 0 0 0 0 0 0 0 0 0 0 0 0 0 0 0 0 -999
P1838 2075 7 0 0 0 0 0 0 0 0 0 0 0 0 0 0 0 0 0 0 0 0 0 0 0 0 0 0 0 0 0 0 0
P1838 2075 8 0 0 0 0 0 0 0 0 0 0 0 0 0 0 0 0 0 0 0 0 0 0 0 0 0 0 0 0 0 0 0
P1838 2075 9 0 0 0 0 0 0 0 0 0 0 0 0 0 0 19 0 0 0 0 0 0 0 0 0 0 0 0 30 48 18 -999
P1838 2075 10 0 0 7 9 0 0 0 19 5 9 0 0 0 0 0 0 0 0 0 6 8 8 0 0 18 0 0 5 10 0 0
P1838 2075 11 0 0 15 7 3 16 155 12 88 8 22 63 24 39 16 46 61 24 18 24 41 20 35 51 39 95 22 12 19 20 -999
P1838 2075 12 0 19 0 59 46 40 79 15 88 5 13 25 63 30 0 0 0 0 0 0 0 0 0 0 0 13 3 0 6 6 0
P1838 2076 1 0 0 0 0 0 0 0 0 18 22 16 11 11 21 7 7 0 10 9 0 0 0 0 0 0 0 18 13 0 0 0
P1838 2076 2 0 18 0 0 0 24 0 11 60 5 9 0 0 0 0 0 0 0 9 17 7 0 0 0 0 0 0 0 -999 -999 -999
P1838 2076 3 0 0 0 0 14 8 0 0 14 31 3 0 0 27 22 16 57 22 14 0 0 0 0 0 0 0 0 0 0 0 0
P1838 2076 4 0 0 0 0 0 0 0 0 0 0 0 15 2 0 0 0 0 0 0 0 46 13 4 15 27 0 0 0 0 0 -999
P1838 2076 5 0 4 18 8 0 0 0 0 0 0 0 0 0 0 0 0 0 9 7 11 47 28 25 0 0 0 3 23 22 22 15
P1838 2076 6 28 0 0 0 0 0 0 0 0 0 0 0 0 0 0 0 0 0 0 0 0 0 0 0 0 0 0 0 0 0 -999
P1838 2076 7 0 0 0 0 14 0 0 0 0 0 0 0 0 0 0 0 0 0 0 0 0 0 0 0 0 0 0 0 0 0 0
P1838 2076 8 0 0 0 0 0 0 0 0 0 0 0 0 0 0 0 0 0 0 0 0 0 0 0 0 0 0 0 0 0 0 0
P1838 2076 9 0 0 0 0 0 0 0 0 0 0 0 0 0 0 0 0 0 0 0 0 0 0 0 0 0 0 0 19 5 23 -999
P1838 2076 10 0 16 15 0 0 0 0 0 0 0 36 34 57 150 47 9 37 80 0 0 17 7 17 19 0 0 0 0 0 0 0
P1838 2076 11 0 0 0 12 0 0 0 31 76 79 68 54 3 2 2 0 0 4 5 8 0 0 26 91 34 0 0 0 0 0 -999
P1838 2076 12 0 0 0 0 0 0 0 12 18 0 0 0 0 0 0 4 5 9 0 0 0 0 0 0 0 0 10 0 36 24 3
P1838 2077 1 0 0 0 0 0 23 5 7 0 0 0 11 48 129 56 62 0 0 8 0 14 55 121 36 107 66 64 19 8 6 24
P1838 2077 2 14 0 12 32 43 8 4 6 0 0 0 48 31 26 74 40 55 0 0 0 0 0 0 0 0 0 0 0 -999 -999 -999
P1838 2077 3 0 54 42 0 0 5 0 33 50 46 6 35 54 5 2 0 0 45 71 3 0 0 0 0 0 10 5 16 9 0 0
P1838 2077 4 0 0 0 0 0 0 23 10 24 17 0 3 0 0 0 0 0 0 0 0 0 0 0 0 0 0 0 0 0 0 -999
P1838 2077 5 0 0 0 0 0 0 0 0 0 2 3 0 0 0 0 0 0 0 64 0 0 0 0 51 157 89 55 16 0 0 0
P1838 2077 6 0 0 0 0 0 0 0 0 0 2 8 7 10 10 0 0 0 0 0 0 0 0 0 0 0 0 0 0 0 0 -999
P1838 2077 7 0 0 0 0 0 0 0 0 0 0 0 0 0 0 0 0 0 0 0 0 0 0 0 0 0 0 0 0 0 0 0
P1838 2077 8 0 0 0 0 0 0 0 0 0 0 0 0 0 0 0 0 0 0 0 0 0 0 0 0 0 0 0 0 0 0 0
P1838 2077 9 0 0 0 0 0 0 0 0 0 0 0 0 0 0 0 0 0 0 0 0 0 0 0 0 0 0 0 0 0 0 -999
P1838 2077 10 0 0 0 0 0 0 0 0 0 0 0 0 0 37 0 13 0 0 34 0 12 35 6 7 9 0 0 7 0 0 0
P1838 2077 11 0 13 71 116 189 109 142 43 7 7 20 103 191 279 158 59 138 73 4 16 57 90 48 11 16 27 33 10 13 11 -999
P1838 2077 12 11 0 0 12 12 8 10 24 30 125 207 122 182 191 60 59 142 203 289 57 127 89 78 198 258 199 239 63 77 19 14
P1838 2078 1 9 41 32 79 45 89 38 132 14 45 8 0 0 0 0 0 0 0 0 0 0 22 19 20 0 0 0 0 0 0 0
P1838 2078 2 18 41 0 12 21 132 22 30 23 9 30 8 5 10 9 8 29 19 0 0 7 0 9 8 0 0 0 0 -999 -999 -999
P1838 2078 3 0 0 0 0 0 50 9 12 0 0 5 31 32 96 25 9 0 58 0 0 0 10 27 10 0 0 18 12 31 28 19
P1838 2078 4 94 42 20 125 88 80 3 6 26 8 0 0 0 0 0 0 0 13 46 6 0 0 0 0 0 0 0 20 4 4 -999
P1838 2078 5 12 5 10 20 16 39 24 7 0 12 43 41 5 8 71 36 4 7 0 0 0 0 0 0 0 0 0 0 0 0 0
P1838 2078 6 0 0 0 0 0 0 0 0 0 0 0 0 0 0 0 0 0 0 0 0 0 0 0 0 0 0 0 0 0 0 -999
P1838 2078 7 0 0 0 0 0 0 0 0 0 0 0 0 0 0 0 0 0 0 0 0 0 0 0 0 0 0 0 0 0 0 0
P1838 2078 8 0 0 0 0 0 0 0 0 0 0 0 0 0 0 0 0 0 0 0 0 0 0 0 0 0 0 0 0 0 0 0
P1838 2078 9 0 0 42 26 0 0 0 0 0 0 0 0 0 0 0 0 0 0 0 0 0 0 0 0 0 0 0 0 0 0 -999
P1838 2078 10 0 0 0 0 0 0 0 0 0 0 0 0 0 0 0 0 0 0 0 0 0 0 15 0 0 0 0 0 0 0 0
P1838 2078 11 0 0 67 30 5 0 0 0 0 0 0 0 0 0 0 0 0 0 23 12 0 0 18 13 9 0 11 41 16 32 -999
P1838 2078 12 0 0 0 0 0 0 15 14 8 21 22 7 0 0 8 8 2 2 0 0 0 0 0 14 39 22 21 63 31 104 191
P1838 2079 1 2 0 12 12 4 45 56 76 33 0 10 7 24 0 0 0 0 0 0 0 0 0 0 0 0 13 77 33 0 0 0
P1838 2079 2 19 32 0 0 55 2 3 89 41 0 0 0 0 6 0 0 39 109 155 116 60 18 67 159 173 145 100 12 -999 -999 -999
P1838 2079 3 54 55 14 37 29 8 23 18 37 0 33 19 0 0 0 0 0 0 0 68 20 3 36 6 6 0 0 0 29 0 0
P1838 2079 4 45 11 8 0 0 10 14 5 9 0 0 0 0 0 0 0 0 0 0 0 0 0 0 0 0 0 0 0 0 0 -999
P1838 2079 5 0 31 12 0 0 0 0 0 0 0 0 0 0 0 0 0 0 0 0 0 0 0 0 0 0 0 0 0 0 0 0
P1838 2079 6 0 0 0 0 0 0 0 0 6 8 4 0 0 0 0 0 0 0 0 0 0 0 0 0 0 0 0 0 0 0 -999
P1838 2079 7 0 0 0 0 0 0 0 0 0 0 0 0 0 0 0 0 0 0 0 0 0 0 0 0 0 0 0 0 0 0 0
P1838 2079 8 0 0 0 0 0 0 0 0 0 0 0 0 0 0 0 0 0 0 0 0 0 0 0 0 0 0 0 0 0 0 0
P1838 2079 9 0 0 0 0 0 0 0 0 0 9 21 0 0 0 0 0 0 0 0 0 0 0 0 0 0 0 0 0 7 15 -999
P1838 2079 10 0 0 0 0 0 0 0 0 0 0 0 0 0 0 0 0 0 36 29 61 15 103 22 30 59 15 13 12 36 0 0
P1838 2079 11 0 27 22 0 10 8 0 0 0 27 52 0 0 0 0 0 0 0 0 0 28 13 84 29 51 151 24 31 90 48 -999
P1838 2079 12 3 0 0 0 15 16 53 125 107 110 76 0 0 12 55 114 262 127 186 18 27 24 5 0 0 0 0 0 9 0 7
P1838 2080 1 0 0 18 45 28 22 67 34 26 16 0 8 0 2 3 0 0 0 8 5 6 69 32 5 16 17 16 13 20 10 12
P1838 2080 2 15 0 0 0 0 0 0 0 0 0 11 39 21 9 0 0 0 0 0 0 5 6 6 14 0 0 0 0 -999 -999 -999
P1838 2080 3 0 0 0 0 0 0 0 11 16 0 0 9 0 0 0 0 0 0 0 0 0 0 0 0 0 0 0 0 0 0 0
P1838 2080 4 49 10 17 10 29 114 54 128 99 7 3 0 0 0 13 88 18 26 66 17 0 0 0 0 0 0 0 0 0 0 -999
P1838 2080 5 0 0 3 5 0 0 0 0 0 0 0 0 0 0 0 0 0 0 0 16 0 0 0 0 0 0 0 0 0 0 0
P1838 2080 6 0 0 0 0 0 0 0 0 0 0 0 0 0 0 0 0 0 0 0 0 0 0 0 0 0 0 0 0 0 0 -999
P1838 2080 7 0 0 0 0 0 0 0 0 0 0 0 0 0 0 0 0 0 0 0 0 0 0 0 0 0 0 0 0 0 0 0
P1838 2080 8 0 0 0 0 0 0 0 0 0 0 0 0 0 0 0 0 0 0 0 0 0 0 0 4 73 18 0 0 0 0 0
P1838 2080 9 0 0 0 0 0 0 0 0 0 0 0 0 38 24 0 0 0 0 0 0 0 0 0 57 45 25 9 0 0 0 -999
P1838 2080 10 0 0 0 0 0 0 0 0 0 0 0 8 27 0 15 0 0 0 0 0 0 14 0 86 104 11 2 0 0 0 0
P1838 2080 11 0 0 0 24 26 0 0 0 0 12 4 5 0 0 13 105 75 25 0 0 20 0 0 0 0 13 14 110 4 0 -999
P1838 2080 12 0 0 0 0 0 0 8 25 18 105 12 9 24 85 29 22 0 0 0 0 0 29 64 255 30 2 5 10 13 14 0
P1838 2081 1 0 0 0 0 0 0 0 0 0 0 10 0 0 0 0 10 11 31 75 268 228 216 57 0 63 29 13 0 0 0 0
P1838 2081 2 0 12 134 9 5 18 8 9 0 0 0 0 0 0 0 0 0 19 0 27 61 64 17 29 24 14 12 7 -999 -999 -999
P1838 2081 3 0 0 0 23 38 0 0 0 9 0 32 110 116 170 110 172 152 31 118 39 51 78 159 39 102 111 204 180 41 50 40
P1838 2081 4 23 18 32 26 5 0 0 0 0 0 0 0 0 0 0 0 0 0 0 0 0 0 0 0 0 0 0 0 0 0 -999
P1838 2081 5 0 0 0 0 0 0 9 11 4 5 9 0 0 0 0 0 0 0 0 0 0 0 12 0 8 0 4 7 9 7 0
P1838 2081 6 0 0 0 0 0 0 0 0 6 50 13 9 6 0 0 0 0 0 0 0 0 0 0 0 0 0 0 0 0 0 -999
P1838 2081 7 0 0 0 0 0 0 0 0 0 0 0 0 0 0 0 0 0 0 0 0 0 0 0 0 0 0 0 0 0 0 0
P1838 2081 8 0 0 0 0 0 0 0 0 0 0 0 0 0 0 0 0 0 0 0 0 0 0 0 0 0 0 0 0 0 0 0
P1838 2081 9 0 0 0 0 0 0 0 0 0 0 0 0 0 0 0 0 0 0 0 0 0 0 0 0 0 0 0 0 0 0 -999
P1838 2081 10 0 0 0 0 0 0 0 0 0 28 61 11 24 32 74 20 10 6 14 52 17 0 0 0 0 0 0 0 0 0 0
P1838 2081 11 0 0 52 107 7 48 0 0 34 92 27 16 50 101 117 96 4 12 73 199 37 158 83 14 14 0 0 0 28 30 -999
P1838 2081 12 31 55 44 77 31 13 68 112 6 0 0 0 0 0 0 0 0 0 11 36 59 58 196 29 60 51 20 226 17 0 0
P1838 2082 1 0 0 0 0 0 0 14 9 7 4 0 0 0 26 108 153 21 23 16 11 0 0 0 0 7 24 98 52 92 18 0
P1838 2082 2 0 0 0 0 4 23 14 0 0 0 8 2 0 0 0 0 0 0 0 0 0 0 0 0 0 0 0 0 -999 -999 -999
P1838 2082 3 0 0 3 2 2 0 0 0 6 6 5 5 0 0 7 24 25 70 95 61 0 27 13 19 8 6 0 0 19 23 18
P1838 2082 4 0 0 15 16 35 84 94 25 197 197 67 204 221 0 16 38 16 0 32 14 4 0 0 0 0 0 0 8 7 0 -999
P1838 2082 5 0 0 0 0 0 0 0 0 0 0 0 0 0 0 0 0 0 0 0 0 0 0 0 0 0 0 0 0 0 0 0
P1838 2082 6 0 9 14 10 0 19 16 20 11 12 14 0 0 0 0 0 0 31 15 14 13 0 0 0 0 0 0 0 0 0 -999
P1838 2082 7 0 0 0 0 0 0 0 0 0 0 0 0 0 0 0 0 0 0 0 0 0 0 0 0 0 0 0 0 0 0 0
P1838 2082 8 0 0 0 0 0 0 0 0 0 0 0 0 0 0 0 0 0 0 0 0 0 0 0 0 0 0 0 0 0 0 0
P1838 2082 9 0 0 0 0 0 0 0 0 0 0 0 0 0 0 0 0 0 0 0 0 0 0 0 0 0 0 0 0 0 0 -999
P1838 2082 10 0 0 0 0 0 0 0 0 0 0 0 0 0 0 0 0 0 27 21 193 97 6 54 100 60 46 0 0 0 0 0
P1838 2082 11 0 0 0 0 0 25 19 0 0 30 40 47 30 32 36 85 29 44 22 47 11 21 34 11 3 6 9 50 84 8 -999
P1838 2082 12 8 11 11 6 0 0 0 0 0 0 10 0 25 23 22 30 35 77 23 0 0 7 8 9 0 0 0 0 0 12 0
P1838 2083 1 0 0 0 0 0 14 13 74 59 19 0 0 21 115 93 117 134 12 12 13 4 0 7 29 73 40 54 13 0 109 26
P1838 2083 2 79 45 151 11 47 0 0 12 32 64 123 60 170 16 35 53 210 166 130 11 95 92 46 69 51 103 60 75 -999 -999 -999
P1838 2083 3 177 3 0 0 0 0 0 5 0 27 12 0 0 52 41 0 0 0 0 3 8 0 0 0 41 26 0 0 6 27 27
P1838 2083 4 24 19 13 23 10 0 0 0 0 0 25 26 29 0 0 0 0 16 14 15 17 25 2 0 0 0 0 17 0 0 -999
P1838 2083 5 0 0 0 0 0 0 0 0 0 0 0 0 0 0 0 0 0 0 0 0 0 0 0 0 0 0 0 0 0 0 0
P1838 2083 6 0 0 0 0 0 0 0 0 0 0 0 0 0 0 0 0 0 0 0 0 0 0 0 0 0 0 0 0 0 0 -999
P1838 2083 7 0 0 0 0 0 0 0 0 0 0 0 0 0 0 0 0 0 0 0 0 0 0 0 0 0 0 0 0 0 0 0
P1838 2083 8 0 0 0 0 0 0 0 0 0 0 0 0 0 0 0 0 0 0 0 0 0 0 0 0 0 0 0 0 0 0 0
P1838 2083 9 0 0 0 0 0 0 0 0 0 0 0 0 0 0 0 0 0 0 0 0 0 0 0 0 0 0 0 0 0 5 -999
P1838 2083 10 15 11 0 0 0 0 0 0 0 0 0 0 0 0 0 0 0 0 0 0 0 0 0 0 0 0 0 0 0 0 0
P1838 2083 11 0 0 0 0 0 0 15 9 71 33 0 56 36 8 12 34 93 160 79 56 14 17 52 42 6 20 18 23 0 0 -999
P1838 2083 12 0 0 0 0 0 11 12 7 0 45 25 21 16 9 26 80 39 21 0 0 0 0 0 0 0 0 0 0 0 0 6
P1838 2084 1 7 80 41 0 0 24 33 13 0 0 0 0 4 10 0 0 37 211 156 23 18 41 60 3 2 0 0 0 0 0 0
P1838 2084 2 0 14 35 11 0 0 0 0 0 0 58 112 103 9 0 0 0 5 11 8 4 0 130 19 4 37 4 13 -999 -999 -999
P1838 2084 3 16 29 0 0 0 13 0 0 0 0 6 13 10 55 64 208 134 79 16 66 126 44 53 93 13 0 0 0 11 18 56
P1838 2084 4 56 153 124 240 178 24 82 75 95 48 139 33 9 41 55 10 0 0 0 0 0 0 0 0 0 0 0 0 0 0 -999
P1838 2084 5 0 0 0 0 0 0 0 3 0 0 0 0 0 0 0 0 0 0 0 0 0 0 0 0 0 0 0 0 0 0 8
P1838 2084 6 7 0 0 0 0 0 0 0 0 0 0 0 0 0 2 5 0 0 0 0 0 0 0 0 0 0 0 0 0 0 -999
P1838 2084 7 0 0 0 0 0 0 0 0 0 0 0 0 0 0 0 0 0 0 0 0 0 0 0 0 0 0 0 0 0 0 0
P1838 2084 8 0 0 0 0 0 0 0 0 0 0 0 0 0 0 0 0 0 0 0 0 0 0 0 0 0 0 0 0 0 0 0
P1838 2084 9 0 0 0 0 0 0 0 0 0 0 0 0 0 0 0 0 0 0 0 0 0 0 0 0 0 0 0 0 0 0 -999
P1838 2084 10 0 0 0 0 0 0 0 0 0 0 0 0 0 0 0 0 0 0 0 0 0 0 0 4 6 0 0 0 0 0 0
P1838 2084 11 0 0 13 13 81 41 39 23 118 69 39 210 72 11 0 7 13 13 0 0 0 0 0 29 29 0 0 22 24 26 -999
P1838 2084 12 17 0 9 25 15 9 9 12 13 0 0 0 0 0 12 21 17 10 17 0 0 0 13 9 6 21 4 39 6 0 0
P1838 2085 1 0 0 0 0 0 0 0 0 0 0 0 0 10 18 28 7 0 0 0 0 0 0 0 15 27 12 18 14 0 0 0
P1838 2085 2 0 0 6 10 0 0 0 0 0 0 0 0 0 0 19 62 3 0 0 0 0 0 0 0 0 0 3 0 -999 -999 -999
P1838 2085 3 0 0 0 0 12 0 0 0 0 0 0 22 10 0 0 0 0 19 30 18 197 69 56 46 16 26 39 50 63 119 36
P1838 2085 4 151 138 204 12 62 0 0 0 0 0 0 0 0 0 33 3 0 0 0 21 0 0 0 0 0 0 22 18 53 20 -999
P1838 2085 5 8 2 0 9 5 8 8 0 11 25 20 4 5 4 5 0 4 5 4 7 4 5 6 0 0 0 0 0 0 0 0
P1838 2085 6 0 0 0 0 0 0 0 0 0 0 0 0 0 0 0 0 0 0 0 0 0 0 0 0 0 0 0 0 0 0 -999
P1838 2085 7 0 0 0 0 0 0 0 0 0 0 0 0 0 0 0 0 0 0 0 0 0 0 0 0 0 0 0 0 0 0 0
P1838 2085 8 0 0 0 0 0 0 0 0 0 0 0 0 0 0 0 0 0 0 0 0 0 0 0 0 0 0 0 0 0 0 0
P1838 2085 9 0 0 0 0 0 0 0 0 0 0 0 0 0 0 0 0 0 0 0 0 0 0 0 0 0 0 0 0 0 0 -999
P1838 2085 10 0 0 0 0 0 0 0 0 0 0 0 0 0 0 0 0 0 0 0 0 0 0 0 13 0 0 23 0 0 0 0
P1838 2085 11 21 12 12 29 11 18 12 22 0 0 0 0 0 0 25 34 29 106 96 89 99 180 54 248 166 46 177 8 20 17 -999
P1838 2085 12 50 59 64 79 113 16 14 0 23 54 42 55 58 28 12 0 0 38 0 12 12 42 190 163 18 0 23 8 29 14 41
P1838 2086 1 47 213 37 27 2 0 0 0 0 0 0 0 0 0 0 39 0 0 0 0 0 0 0 10 10 0 0 0 0 0 0
P1838 2086 2 0 0 0 0 0 0 0 0 0 0 7 13 57 37 24 37 71 84 9 76 59 6 0 0 11 18 15 11 -999 -999 -999
P1838 2086 3 0 0 0 0 0 0 0 0 0 0 0 9 29 0 0 0 0 0 0 0 0 0 0 0 0 0 0 0 0 12 12
P1838 2086 4 17 11 0 0 0 0 0 28 6 15 9 0 0 20 83 158 142 117 67 62 21 25 57 7 0 0 0 5 0 0 -999
P1838 2086 5 0 0 0 0 0 0 0 0 0 0 0 0 0 0 0 0 0 10 17 12 5 0 0 0 8 0 0 0 0 0 0
P1838 2086 6 0 0 0 0 0 0 0 0 0 0 0 0 0 0 0 0 0 0 0 0 0 0 0 0 0 0 0 0 0 0 -999
P1838 2086 7 0 0 0 0 0 0 0 0 0 0 0 0 0 0 0 0 0 0 0 0 0 0 0 0 0 0 0 0 0 0 0
P1838 2086 8 0 0 0 0 0 0 0 0 0 0 0 0 0 0 0 0 0 0 0 0 0 0 0 0 0 0 0 0 0 0 0
P1838 2086 9 0 0 0 0 0 0 0 0 0 0 0 0 11 24 17 0 9 0 0 0 0 0 0 9 0 0 0 0 0 0 -999
P1838 2086 10 0 0 0 0 0 0 0 0 0 0 0 51 0 0 9 8 6 0 0 0 0 0 13 40 10 21 40 0 0 0 0
P1838 2086 11 0 64 0 0 0 0 0 8 0 19 0 0 39 11 175 54 222 58 184 94 35 23 0 0 0 0 13 22 56 18 -999
P1838 2086 12 40 64 75 120 121 10 12 0 0 0 0 18 24 19 11 0 0 8 30 27 16 0 0 0 0 0 0 26 32 30 36
P1838 2087 1 33 146 46 16 69 46 19 15 0 0 15 7 13 58 224 14 20 27 84 8 0 9 0 0 0 0 0 0 0 4 0
P1838 2087 2 8 11 0 5 0 0 0 0 0 0 13 19 21 26 0 0 0 0 0 0 0 0 0 0 0 0 0 0 -999 -999 -999
P1838 2087 3 0 0 10 19 0 40 15 0 0 0 0 0 0 45 3 5 52 154 35 3 4 5 0 0 0 83 79 8 9 0 0
P1838 2087 4 0 0 0 0 8 3 0 0 0 0 0 0 0 0 0 0 13 13 13 22 0 47 0 0 0 0 0 0 0 0 -999
P1838 2087 5 0 0 0 0 0 0 0 135 146 73 10 0 0 0 0 0 0 0 0 0 0 0 0 0 0 0 0 0 0 17 0
P1838 2087 6 0 0 0 0 0 0 0 0 0 0 0 0 0 0 0 0 0 0 0 0 0 0 0 0 0 0 0 0 0 0 -999
P1838 2087 7 0 0 0 0 0 0 0 0 0 0 0 0 0 0 0 0 0 0 0 0 0 0 0 0 0 0 0 0 0 0 0
P1838 2087 8 0 0 0 0 0 0 0 0 0 0 0 0 0 0 0 0 0 0 0 0 0 0 0 0 0 0 0 0 0 0 0
P1838 2087 9 0 0 0 0 0 0 0 0 0 0 0 0 0 0 0 0 0 0 0 0 0 0 0 0 0 0 0 0 0 0 -999
P1838 2087 10 0 0 0 0 0 0 0 0 0 0 0 0 0 0 0 0 0 0 0 0 0 107 19 4 9 0 0 0 0 0 0
P1838 2087 11 0 0 0 76 61 20 30 10 0 7 0 9 35 23 38 20 28 32 0 0 0 0 0 0 0 0 0 0 152 22 -999
P1838 2087 12 93 216 11 23 0 0 25 14 0 0 40 83 66 52 28 16 136 209 214 89 174 41 0 0 0 0 0 0 0 0 0
P1838 2088 1 0 0 0 0 0 0 55 148 277 117 76 175 263 249 27 124 73 42 6 4 10 6 27 119 126 121 336 71 227 27 22
P1838 2088 2 25 6 11 25 17 26 0 0 0 0 0 0 0 0 0 30 71 62 34 0 0 0 0 0 0 0 0 0 -999 -999 -999
P1838 2088 3 0 0 0 56 17 14 37 3 7 8 0 0 13 25 24 25 0 0 0 0 0 0 5 15 30 12 15 0 0 0 0
P1838 2088 4 0 0 0 0 0 0 0 0 0 20 35 24 22 0 0 0 0 0 0 0 0 0 0 0 0 0 0 0 0 0 -999
P1838 2088 5 0 0 0 0 0 3 5 0 0 0 0 27 40 7 3 0 0 0 0 0 0 0 0 0 0 0 0 0 0 0 0
P1838 2088 6 0 0 0 0 0 0 0 0 0 0 0 0 0 0 0 0 0 0 0 0 0 0 0 0 0 0 0 0 0 0 -999
P1838 2088 7 0 0 0 0 0 0 0 0 0 0 0 0 0 0 0 0 0 0 0 0 0 0 0 0 0 0 0 0 0 0 0
P1838 2088 8 0 0 0 0 0 0 0 0 0 0 0 0 0 0 0 0 0 0 0 0 0 0 0 0 0 0 0 0 0 0 0
P1838 2088 9 0 0 0 0 0 0 0 0 0 0 0 0 0 0 0 0 0 0 0 0 0 0 0 0 0 0 0 0 0 0 -999
P1838 2088 10 0 0 0 0 0 0 0 0 0 0 26 14 21 5 0 0 0 0 0 0 0 0 0 0 0 0 0 0 0 0 0
P1838 2088 11 0 0 112 204 33 179 50 83 119 26 13 24 16 0 0 0 0 0 0 0 0 26 93 35 37 67 100 8 0 26 -999
P1838 2088 12 69 14 8 23 151 48 4 0 0 0 0 0 0 0 0 0 0 0 0 0 0 0 0 0 19 33 48 0 0 21 7
P1838 2089 1 0 0 0 9 13 21 46 0 0 11 27 18 19 130 57 61 30 6 96 132 21 79 52 15 66 82 30 0 11 33 36
P1838 2089 2 257 15 21 80 41 8 13 17 24 137 36 223 114 115 161 120 100 100 77 52 10 0 0 0 0 0 35 30 -999 -999 -999
P1838 2089 3 6 7 0 0 0 0 0 0 0 0 0 0 0 0 0 0 16 7 11 0 0 0 0 0 0 0 0 0 5 0 0
P1838 2089 4 0 0 0 0 7 0 0 42 88 4 3 0 0 0 0 6 0 0 0 0 0 0 0 0 0 0 0 0 0 0 -999
P1838 2089 5 7 6 0 0 0 0 0 0 0 0 0 0 0 0 0 0 0 0 0 0 0 0 0 0 0 0 0 0 0 0 0
P1838 2089 6 7 7 0 0 0 0 0 0 0 0 0 0 0 0 0 0 0 0 0 0 0 0 0 0 0 0 0 0 0 0 -999
P1838 2089 7 0 0 0 9 0 0 0 0 10 0 0 0 0 0 0 0 0 0 0 0 0 0 0 0 0 0 0 0 0 0 0
P1838 2089 8 0 0 0 0 0 0 0 0 0 0 0 0 0 0 0 0 0 0 0 0 0 0 0 0 0 0 0 0 0 0 0
P1838 2089 9 0 0 0 0 0 0 0 0 0 0 0 0 0 0 0 0 0 0 0 0 0 0 0 0 0 0 0 0 0 0 -999
P1838 2089 10 0 0 0 0 0 0 0 0 0 0 0 3 0 0 12 25 0 0 0 0 0 0 0 0 5 0 0 0 0 0 0
P1838 2089 11 0 0 0 0 0 0 2 0 0 0 14 11 19 26 87 86 48 146 97 45 52 222 158 158 66 42 9 0 41 15 -999
P1838 2089 12 126 112 25 23 0 11 16 16 0 0 0 0 0 0 0 0 5 13 29 72 49 36 25 10 0 0 0 0 0 20 29
P1838 2090 1 0 0 0 0 0 6 6 4 4 12 32 81 0 0 0 0 0 0 8 33 43 63 38 5 10 0 10 0 0 20 11
P1838 2090 2 0 77 13 0 0 0 0 0 42 52 112 133 65 118 131 205 235 35 36 31 90 8 19 71 29 63 47 87 -999 -999 -999
P1838 2090 3 11 18 0 0 0 15 103 104 10 10 46 186 46 5 0 0 0 0 0 0 0 0 0 0 7 5 0 0 0 0 0
P1838 2090 4 0 49 17 86 11 3 0 0 0 0 0 9 0 0 0 0 0 0 0 0 0 48 29 10 0 0 19 42 3 3 -999
P1838 2090 5 0 0 0 0 0 0 0 0 0 0 0 0 0 0 0 0 0 15 12 6 5 5 9 0 0 0 0 0 0 0 0
P1838 2090 6 0 0 0 0 44 69 24 4 4 6 4 0 0 0 0 0 0 0 0 0 0 0 0 17 33 16 7 9 0 0 -999
P1838 2090 7 0 0 0 0 0 0 0 0 0 0 0 0 0 0 0 0 0 0 0 0 0 0 0 0 0 0 0 0 0 0 0
P1838 2090 8 0 0 0 0 0 0 0 0 0 0 0 0 0 0 0 0 0 0 0 0 0 0 0 0 0 0 0 0 0 0 0
P1838 2090 9 0 0 0 0 0 0 0 0 0 0 0 0 0 0 0 0 0 0 0 0 0 0 0 0 0 0 0 0 0 0 -999
P1838 2090 10 0 0 0 0 0 0 0 11 25 40 8 19 0 0 0 0 0 47 0 0 0 0 0 0 0 0 0 0 0 0 7
P1838 2090 11 21 19 3 3 0 0 0 0 0 0 0 0 0 0 0 0 0 12 0 0 0 0 11 0 0 14 18 60 170 369 -999
P1838 2090 12 242 3 62 31 4 5 11 0 24 22 4 17 19 25 39 0 0 0 0 0 48 43 19 89 0 0 0 0 37 41 9
P1838 2091 1 0 12 16 11 0 0 0 0 0 0 0 0 0 0 0 0 0 4 28 4 53 30 53 131 23 218 62 92 10 42 20
P1838 2091 2 52 28 10 33 25 109 36 24 21 26 14 9 45 47 74 47 9 0 0 0 0 79 103 59 52 15 0 0 -999 -999 -999
P1838 2091 3 0 0 0 0 0 0 0 5 10 0 0 0 0 0 0 0 0 0 0 7 10 0 0 0 0 0 0 0 0 0 0
P1838 2091 4 0 0 0 0 0 0 0 0 0 0 0 0 0 0 0 0 0 0 0 0 0 0 0 0 3 0 0 28 10 0 -999
P1838 2091 5 0 0 0 0 12 14 9 10 0 0 4 9 83 82 27 68 63 12 7 0 0 0 0 0 0 0 0 0 0 0 0
P1838 2091 6 0 0 0 0 0 0 0 0 0 0 0 0 0 0 0 0 0 0 0 0 0 0 0 0 0 0 0 0 0 0 -999
P1838 2091 7 0 0 0 0 0 0 0 0 0 0 0 0 0 0 0 0 0 0 0 0 0 0 0 0 0 0 0 0 0 0 0
P1838 2091 8 0 0 0 0 0 0 0 0 0 0 0 0 0 0 0 0 0 0 0 0 0 0 0 0 0 0 0 0 0 0 0
P1838 2091 9 0 0 0 0 0 0 0 0 0 0 0 0 0 0 0 0 0 0 0 0 0 10 0 14 117 36 0 0 0 0 -999
P1838 2091 10 0 0 0 0 0 0 0 0 0 13 0 0 0 0 0 0 0 0 0 0 0 0 24 0 0 0 0 0 12 12 37
P1838 2091 11 29 79 89 14 21 145 173 78 57 55 67 61 33 3 4 0 33 13 3 9 11 7 0 0 0 0 0 0 0 0 -999
P1838 2091 12 0 0 0 0 0 0 0 0 0 0 18 65 140 160 12 47 9 51 40 56 96 43 0 0 0 32 0 0 0 0 0
P1838 2092 1 11 0 0 13 68 87 53 65 14 29 5 151 225 65 42 0 0 0 0 0 0 0 6 3 12 25 8 0 0 0 0
P1838 2092 2 0 0 14 39 164 152 34 21 12 6 0 0 0 0 0 11 7 0 10 7 34 27 8 16 0 0 0 0 -999 -999 -999
P1838 2092 3 0 0 0 0 0 0 0 0 0 0 0 0 0 0 62 16 11 119 11 61 59 7 0 0 0 0 0 0 0 0 0
P1838 2092 4 0 0 0 0 0 0 6 8 21 16 0 0 0 0 0 0 0 0 0 0 16 0 0 0 0 24 0 0 0 0 -999
P1838 2092 5 0 0 0 0 0 0 0 0 0 0 0 0 0 0 0 0 0 0 0 0 0 0 0 0 0 0 0 0 0 0 0
P1838 2092 6 0 0 0 0 0 0 0 0 0 0 0 0 0 0 0 0 0 0 0 0 0 0 0 0 0 0 0 0 0 0 -999
P1838 2092 7 0 0 0 0 0 0 0 0 0 0 0 0 0 0 0 0 0 0 0 0 0 0 0 0 0 0 0 0 0 0 0
P1838 2092 8 0 0 0 0 0 0 0 0 0 0 0 0 0 0 0 0 0 0 0 0 0 0 0 0 0 0 0 0 15 13 0
P1838 2092 9 0 0 0 0 0 0 0 0 0 0 0 0 0 0 0 0 0 0 0 0 9 0 0 0 0 0 0 0 0 0 -999
P1838 2092 10 0 0 15 16 0 0 0 0 0 0 0 0 0 0 6 0 12 0 61 12 0 0 0 0 0 0 0 0 0 0 0
P1838 2092 11 0 0 0 0 28 14 57 45 22 0 0 0 28 9 7 0 47 80 0 0 0 0 0 0 0 0 0 0 0 0 -999
P1838 2092 12 0 0 0 10 13 23 32 22 0 7 0 0 0 0 0 0 0 0 0 0 0 0 0 0 0 70 134 5 3 4 0
P1838 2093 1 0 0 9 19 81 14 18 51 91 72 81 76 38 6 31 6 0 0 0 0 0 0 20 9 0 0 0 8 0 9 55
P1838 2093 2 9 0 11 9 14 38 18 83 175 299 45 10 17 40 35 46 42 68 190 57 7 0 4 1 0 0 0 0 -999 -999 -999
P1838 2093 3 0 10 20 11 5 6 11 32 13 130 59 40 14 84 250 19 27 89 113 87 43 30 30 7 8 8 0 0 86 13 25
P1838 2093 4 14 0 0 0 0 0 9 13 0 10 13 0 0 0 0 0 0 0 9 0 0 0 11 0 0 0 0 0 0 0 -999
P1838 2093 5 0 0 8 21 11 9 8 16 49 39 27 7 0 0 0 0 0 0 0 0 0 0 0 0 0 0 0 0 0 0 0
P1838 2093 6 0 0 0 0 0 0 0 0 0 0 0 51 33 6 9 0 0 0 0 0 0 0 0 0 0 0 0 0 0 0 -999
P1838 2093 7 0 0 0 0 0 0 0 0 0 0 0 0 0 0 0 0 0 0 0 0 0 0 0 0 0 0 0 0 0 0 0
P1838 2093 8 0 0 0 0 0 0 0 0 0 0 0 0 0 0 0 0 0 0 0 0 0 0 0 0 0 0 6 12 9 0 0
P1838 2093 9 0 0 0 0 0 0 0 0 0 0 0 0 0 0 0 0 0 0 0 0 0 0 0 0 0 0 0 0 0 0 -999
P1838 2093 10 0 0 0 0 0 0 0 0 0 18 0 0 0 0 0 0 0 0 0 0 0 58 33 0 0 0 0 0 0 0 0
P1838 2093 11 7 43 26 64 11 16 14 37 55 67 44 53 97 0 0 0 0 73 73 15 0 0 70 100 7 34 25 0 0 0 -999
P1838 2093 12 0 27 104 10 0 13 10 22 15 11 21 18 0 0 0 0 0 0 0 0 0 0 0 0 11 18 19 74 132 25 16
P1838 2094 1 0 0 9 10 60 159 172 106 26 18 0 0 0 0 0 0 15 23 26 13 12 0 5 0 0 0 0 0 0 0 0
P1838 2094 2 0 0 0 0 23 0 31 0 0 0 0 0 0 20 24 9 0 0 0 24 19 0 27 68 30 27 106 28 -999 -999 -999
P1838 2094 3 26 88 43 28 73 276 121 284 107 35 68 42 43 10 0 0 0 0 0 0 0 0 0 0 0 0 0 0 0 0 0
P1838 2094 4 0 0 23 15 0 0 0 0 11 11 0 60 31 18 73 77 19 14 12 0 0 0 0 13 100 6 7 0 0 0 -999
P1838 2094 5 0 0 0 0 0 0 0 0 0 0 0 0 0 0 0 0 0 0 0 0 0 0 0 0 0 0 0 0 0 0 0
P1838 2094 6 0 0 0 0 0 0 13 8 5 3 10 0 0 0 0 0 0 0 0 0 0 0 0 0 0 0 0 0 0 0 -999
P1838 2094 7 0 0 0 0 0 0 0 0 0 0 0 0 0 0 0 0 0 0 0 0 0 0 0 0 0 0 0 0 0 0 0
P1838 2094 8 0 0 0 0 0 0 0 0 0 0 0 0 0 0 0 0 0 0 0 0 0 0 0 0 0 0 0 0 0 0 0
P1838 2094 9 0 0 0 0 0 0 0 0 0 0 0 0 0 0 0 0 0 0 0 0 0 8 8 0 0 0 0 0 26 24 -999
P1838 2094 10 23 67 68 67 32 28 0 0 0 0 0 0 0 0 0 0 0 0 0 0 0 0 0 0 0 0 6 11 23 12 32
P1838 2094 11 24 0 0 0 0 33 31 5 9 0 36 24 52 33 51 12 0 0 0 0 0 0 0 27 19 39 98 70 73 25 -999
P1838 2094 12 0 34 37 55 102 219 135 91 70 66 125 11 17 111 97 29 40 35 37 19 33 45 28 0 21 43 124 81 94 52 67
P1838 2095 1 169 17 62 34 32 58 17 14 46 39 111 86 24 24 32 9 112 220 280 332 299 145 38 128 265 192 164 74 12 77 51
P1838 2095 2 32 15 30 51 5 14 15 3 6 2 0 0 7 56 20 39 12 18 18 0 0 0 0 4 0 0 10 0 -999 -999 -999
P1838 2095 3 0 0 0 0 0 0 0 0 0 0 67 70 6 14 25 25 30 51 36 37 5 10 0 16 11 7 0 0 0 0 0
P1838 2095 4 26 12 12 5 0 34 79 108 12 37 20 13 0 0 0 0 0 0 0 0 0 0 0 0 0 0 0 0 0 0 -999
P1838 2095 5 0 0 0 0 0 0 0 0 0 0 0 0 0 0 0 0 0 0 0 0 0 0 0 0 0 0 0 0 0 0 0
P1838 2095 6 0 0 0 0 0 0 0 0 0 0 0 0 0 0 0 0 0 0 0 0 0 0 0 0 0 0 0 0 0 0 -999
P1838 2095 7 0 0 0 0 0 0 0 0 0 0 0 0 0 0 0 0 0 0 0 0 0 0 0 0 0 0 0 0 0 0 0
P1838 2095 8 0 0 0 0 0 0 0 0 0 0 0 0 0 0 0 0 0 0 0 0 0 0 0 0 0 0 0 0 0 0 0
P1838 2095 9 0 0 0 0 0 0 0 0 0 8 0 0 0 0 0 0 0 0 0 0 0 0 0 0 0 0 0 0 0 0 -999
P1838 2095 10 0 0 0 0 0 0 0 0 0 0 12 5 0 0 0 0 11 0 0 0 0 0 0 0 0 0 0 0 29 8 10
P1838 2095 11 25 30 6 0 2 0 11 109 197 90 236 160 56 30 0 0 0 0 8 15 11 0 0 14 9 18 24 22 20 30 -999
P1838 2095 12 8 0 0 0 0 25 2 9 17 0 0 0 0 0 0 0 0 11 0 0 0 0 0 0 0 3 16 15 0 0 0
P1838 2096 1 0 0 12 77 25 14 2 2 45 29 21 0 0 0 0 0 0 0 0 0 8 0 0 0 0 0 6 6 18 11 0
P1838 2096 2 0 0 5 3 4 0 0 6 8 15 8 6 0 0 0 10 0 18 19 15 0 0 12 6 5 6 13 24 -999 -999 -999
P1838 2096 3 41 107 180 29 10 10 11 0 0 0 0 3 3 7 13 3 0 0 0 0 0 0 0 0 0 0 2 0 0 0 10
P1838 2096 4 0 0 12 0 0 25 0 21 5 6 41 38 33 130 29 8 12 40 62 6 0 0 0 0 0 0 0 0 0 0 -999
P1838 2096 5 0 0 0 0 0 0 0 0 0 0 0 0 0 0 0 0 0 0 0 0 0 0 0 0 0 0 0 0 16 111 143
P1838 2096 6 54 41 75 63 0 0 0 0 0 0 0 0 0 0 0 0 0 0 0 0 0 8 0 0 0 0 0 0 0 0 -999
P1838 2096 7 0 0 0 0 0 0 0 0 0 0 0 0 0 0 0 0 0 0 0 0 0 0 0 0 0 0 0 0 0 0 0
P1838 2096 8 0 0 0 0 0 0 0 0 0 0 0 0 0 0 0 0 0 0 0 0 0 0 0 0 0 0 0 0 0 0 0
P1838 2096 9 0 0 0 0 0 0 0 0 0 0 0 0 0 0 0 0 0 0 0 0 0 0 0 0 0 0 0 0 0 0 -999
P1838 2096 10 0 0 0 0 0 0 0 0 0 24 8 13 26 0 0 34 119 137 78 57 9 16 9 12 0 0 0 8 5 159 17
P1838 2096 11 137 136 44 23 24 8 27 81 150 128 54 22 88 74 192 118 111 58 165 67 24 19 0 0 0 0 0 19 9 7 -999
P1838 2096 12 0 0 0 0 0 0 0 0 0 0 0 0 0 0 6 0 0 0 0 0 0 0 0 19 14 104 113 125 105 101 48
P1838 2097 1 19 30 34 32 17 14 46 31 48 32 21 52 25 44 128 175 18 24 60 15 9 0 0 14 0 13 0 24 45 17 11
P1838 2097 2 24 4 4 0 29 16 12 7 0 8 0 11 5 0 0 0 11 9 0 14 9 0 0 0 0 0 0 0 -999 -999 -999
P1838 2097 3 0 0 0 103 86 0 0 0 0 0 0 0 0 0 0 0 0 0 35 69 29 0 0 0 0 0 0 0 0 0 0
P1838 2097 4 16 0 0 0 0 0 0 0 0 5 0 0 0 0 0 0 0 0 20 57 97 53 16 50 116 114 19 17 11 0 -999
P1838 2097 5 0 0 0 0 0 7 5 0 0 0 0 0 0 0 0 0 0 0 0 0 0 0 0 0 0 0 0 0 0 0 0
P1838 2097 6 0 0 0 0 0 0 0 0 0 0 0 0 10 10 7 0 0 0 0 0 0 0 0 0 0 0 0 0 0 0 -999
P1838 2097 7 0 0 0 0 0 0 0 0 0 0 0 0 0 0 0 0 0 0 0 0 0 0 0 0 0 0 0 0 0 0 0
P1838 2097 8 0 0 0 0 0 0 0 0 0 0 0 0 0 0 0 0 0 0 0 0 0 0 0 0 0 0 0 0 0 0 0
P1838 2097 9 0 0 0 0 0 0 0 0 0 0 0 0 0 0 0 0 0 0 0 0 0 0 0 0 0 0 0 0 0 0 -999
P1838 2097 10 0 47 18 44 29 0 0 0 0 0 0 0 0 0 0 0 0 37 80 169 52 21 27 13 0 0 0 0 0 13 11
P1838 2097 11 16 40 0 17 2 0 0 0 26 42 27 9 53 44 203 13 0 0 34 53 48 61 0 0 0 0 0 0 0 0 -999
P1838 2097 12 0 0 40 133 85 46 56 11 0 0 0 0 0 69 215 37 3 8 2 11 112 15 5 12 7 6 27 8 0 0 0
P1838 2098 1 0 18 20 0 21 32 8 48 6 6 0 0 0 8 2 2 0 0 2 5 10 6 13 0 0 0 0 16 0 0 10
P1838 2098 2 20 57 232 4 56 11 88 77 122 21 4 15 16 11 30 11 6 0 13 30 4 0 0 13 7 5 0 0 -999 -999 -999
P1838 2098 3 0 0 0 0 0 0 0 0 0 0 0 0 0 0 0 0 0 43 97 15 14 0 0 0 0 0 0 0 0 0 0
P1838 2098 4 0 0 0 0 0 0 0 0 1 7 15 18 7 11 0 0 0 0 0 175 61 0 0 0 0 0 0 0 0 0 -999
P1838 2098 5 0 0 0 0 0 0 0 0 0 0 0 0 0 0 0 0 0 0 0 0 0 0 0 0 0 0 0 0 0 0 0
P1838 2098 6 0 0 0 0 0 0 0 0 0 0 0 0 10 36 16 6 0 0 0 0 0 0 22 16 0 0 0 0 0 0 -999
P1838 2098 7 0 0 0 0 0 0 0 0 0 0 0 0 0 0 0 0 0 0 0 0 0 0 0 0 0 0 0 0 0 0 0
P1838 2098 8 0 0 0 0 0 0 0 0 0 0 0 0 0 0 0 0 0 0 0 0 0 0 0 0 0 0 0 0 0 0 0
P1838 2098 9 0 0 0 0 0 0 0 0 0 0 0 0 0 0 0 0 0 15 54 69 0 0 0 0 0 26 28 0 0 0 -999
P1838 2098 10 0 0 0 0 2 2 0 0 0 0 0 0 0 0 42 0 0 0 0 6 7 11 14 0 0 0 0 29 24 114 50
P1838 2098 11 77 31 11 73 15 52 10 32 12 148 25 37 103 0 0 97 54 24 18 0 13 59 81 69 30 0 14 19 46 57 -999
P1838 2098 12 50 164 52 111 83 19 3 13 59 0 0 0 4 0 0 0 5 21 6 6 28 85 84 22 2 1 9 18 0 0 0
P1838 2099 1 0 0 0 0 0 0 0 0 0 0 0 0 0 0 0 8 6 0 0 0 0 0 0 0 0 0 0 0 0 0 0
P1838 2099 2 17 76 60 2 4 0 0 0 0 0 0 0 0 0 0 7 10 31 21 13 24 11 0 17 33 0 25 0 -999 -999 -999
P1838 2099 3 22 14 23 21 57 26 43 77 91 206 134 6 5 0 0 0 0 0 0 0 0 0 3 6 5 0 0 0 29 0 0
P1838 2099 4 0 7 7 20 16 4 0 0 0 0 0 0 0 39 35 20 0 0 0 0 0 0 0 0 1 5 0 0 0 0 -999
P1838 2099 5 0 0 0 0 0 0 0 0 0 0 0 0 0 0 0 0 0 0 0 0 0 0 0 0 0 0 0 0 0 0 0
P1838 2099 6 0 0 0 0 0 0 0 0 0 0 0 0 0 0 0 0 0 15 20 20 13 0 0 0 0 0 0 0 0 0 -999
P1838 2099 7 0 0 0 0 0 0 0 0 0 0 0 0 0 0 0 0 0 0 0 0 0 0 0 0 0 0 0 0 0 0 0
P1838 2099 8 0 0 0 0 0 0 0 0 0 0 0 0 0 0 0 0 0 0 0 0 0 0 0 0 0 0 0 0 56 10 0
P1838 2099 9 0 0 0 0 0 0 0 0 0 0 0 0 0 0 0 0 0 0 0 0 0 0 0 0 0 0 0 0 0 0 -999
P1838 2099 10 0 0 0 0 0 0 0 0 0 0 0 0 0 41 117 0 0 0 0 0 0 0 0 0 0 0 0 7 0 72 73
P1838 2099 11 40 27 11 0 0 13 35 0 14 22 60 42 42 6 35 53 30 109 66 72 31 14 0 0 0 0 0 0 0 36 -999
P1838 2099 12 30 19 14 13 28 16 0 18 14 0 0 17 80 8 0 0 0 9 19 25 36 70 63 0 0 0 23 48 19 16 238
P1838 2100 1 35 12 0 0 0 0 0 0 0 0 0 46 9 9 4 64 5 0 0 0 0 9 47 5 0 5 0 0 0 0 0
P1838 2100 2 0 6 11 8 0 10 0 0 0 0 0 0 0 0 0 0 0 0 15 8 0 0 0 0 0 0 0 0 -999 -999 -999
P1838 2100 3 0 0 0 0 0 3 48 66 14 71 0 3 17 22 0 0 0 0 16 0 0 0 0 2 0 0 0 11 3 14 8
P1838 2100 4 0 18 9 0 0 0 0 0 9 0 31 0 0 0 0 0 16 0 0 0 0 0 101 6 0 0 0 0 0 0 -999
P1838 2100 5 0 10 20 0 14 0 0 0 0 0 0 0 42 0 0 0 54 0 0 0 0 0 0 63 45 0 0 0 0 0 0
P1838 2100 6 0 0 0 0 0 0 0 0 0 0 0 0 0 0 0 0 0 0 0 0 0 0 0 0 0 22 41 0 14 0 -999
P1838 2100 7 0 0 0 0 0 0 0 0 0 0 0 0 0 0 0 0 0 0 0 0 0 0 0 0 0 0 0 0 0 0 0
P1838 2100 8 0 0 0 0 0 0 0 0 0 0 0 0 0 0 0 0 0 0 0 0 0 0 0 0 0 0 0 0 0 0 0
P1838 2100 9 0 0 0 0 0 24 0 0 0 0 0 0 0 0 0 0 0 0 0 0 0 0 0 0 0 0 0 0 0 0 -999
P1838 2100 10 12 5 7 27 47 35 0 0 116 171 0 12 2 3 15 19 7 22 51 7 14 0 26 169 51 17 0 12 140 35 209
P1838 2100 11 91 0 0 0 0 9 0 0 0 9 18 20 23 36 60 0 0 0 0 0 0 0 0 0 0 21 0 0 0 0 -999
P1838 2100 12 0 0 0 0 0 0 10 8 5 27 0 0 0 15 7 92 7 3 9 13 9 30 0 5 18 109 60 13 8 7 -999
