precip bcc-csm1-1 rcp60 RNEURONALES decimas 2
P11196 40.899 -2.559 1097 geo 2006 2100 -1
P11196 2006 1 0 0 0 0 18 15 5 16 43 90 66 98 50 25 12 12 2 2 6 4 12 17 28 28 23 4 2 26 4 4 2
P11196 2006 2 7 3 13 30 62 106 89 50 87 104 81 103 97 65 15 71 54 8 9 0 34 36 71 60 48 18 0 0 -999 -999 -999
P11196 2006 3 0 0 18 0 0 22 19 4 21 53 61 28 23 59 34 9 58 1 0 0 0 0 0 0 0 0 5 11 20 19 12
P11196 2006 4 11 66 9 0 33 33 19 49 79 76 79 64 43 12 7 4 6 20 31 12 0 0 26 11 0 38 13 4 0 0 -999
P11196 2006 5 7 8 2 20 48 33 9 10 30 69 27 18 19 21 14 28 26 19 17 8 7 7 7 6 0 16 34 63 78 48 11
P11196 2006 6 24 17 52 47 70 71 46 8 0 0 0 0 0 0 0 0 0 0 0 0 0 0 0 0 0 0 0 0 0 0 -999
P11196 2006 7 0 0 0 0 0 27 0 0 0 0 0 0 0 0 0 0 0 0 0 0 0 0 0 0 0 0 0 0 0 0 0
P11196 2006 8 0 0 0 0 0 0 0 0 0 0 0 0 0 0 0 0 0 0 0 0 0 0 0 0 0 25 22 0 0 0 0
P11196 2006 9 0 0 0 0 0 0 0 3 2 8 18 7 0 31 32 27 14 10 9 0 0 0 0 0 0 0 0 0 0 0 -999
P11196 2006 10 43 19 22 20 28 0 0 0 0 0 0 0 0 0 0 0 8 0 0 0 0 0 0 0 0 0 0 0 0 0 0
P11196 2006 11 7 0 0 0 32 24 31 15 0 0 0 0 0 0 0 11 0 0 15 0 0 0 0 0 0 0 0 0 0 0 -999
P11196 2006 12 0 0 20 3 0 12 0 0 0 0 0 4 0 0 0 0 0 0 0 0 11 63 97 38 101 67 83 99 10 6 6
P11196 2007 1 0 0 0 0 0 0 0 0 0 7 9 16 8 1 0 0 19 15 5 15 32 5 17 26 35 30 80 48 57 27 23
P11196 2007 2 5 0 10 25 38 88 131 106 13 19 4 24 53 67 39 0 0 0 0 14 4 0 4 2 5 0 0 0 -999 -999 -999
P11196 2007 3 26 15 0 0 0 0 0 0 0 0 0 12 26 27 19 9 50 22 3 2 3 19 62 15 6 5 12 24 21 10 9
P11196 2007 4 0 10 18 22 30 26 39 7 0 0 0 0 11 15 24 55 5 17 58 9 12 52 78 91 60 53 15 4 25 8 -999
P11196 2007 5 26 11 14 62 36 13 10 29 5 7 19 30 30 16 30 14 14 11 3 8 4 6 6 0 0 0 0 0 0 11 13
P11196 2007 6 6 0 0 0 0 0 9 14 4 2 3 3 0 0 0 12 7 0 0 0 0 0 0 0 0 0 0 0 0 0 -999
P11196 2007 7 0 0 0 0 0 0 0 0 0 0 0 0 0 0 0 0 0 0 0 0 0 0 0 0 0 0 0 0 0 0 0
P11196 2007 8 0 0 0 0 0 0 0 0 0 0 0 0 0 0 0 0 0 0 0 0 0 0 0 26 20 15 22 5 5 0 0
P11196 2007 9 0 0 0 0 0 0 0 0 0 0 0 0 0 0 0 0 0 0 0 0 0 0 0 0 0 0 0 0 0 0 -999
P11196 2007 10 0 0 24 0 0 0 33 22 7 69 36 20 40 50 50 11 35 65 43 7 10 7 0 30 29 72 113 86 14 61 35
P11196 2007 11 0 0 0 0 0 0 0 10 9 35 18 2 11 8 18 7 0 18 12 87 47 61 113 83 81 20 14 31 88 20 -999
P11196 2007 12 22 12 8 4 3 0 0 8 79 87 38 10 5 5 4 29 95 58 35 62 61 16 44 14 13 12 13 22 23 16 0
P11196 2008 1 0 55 116 70 37 89 78 17 3 15 25 52 17 4 5 32 64 73 14 0 0 0 0 0 0 0 0 0 0 0 0
P11196 2008 2 0 2 0 0 0 0 0 2 2 0 0 0 0 0 3 0 0 0 7 37 14 16 15 19 7 2 2 0 -999 -999 -999
P11196 2008 3 0 0 6 0 0 4 12 9 2 1 4 3 26 49 47 21 40 34 9 21 24 7 47 31 39 68 25 3 11 37 22
P11196 2008 4 42 15 28 17 25 61 59 39 25 23 20 21 27 11 4 0 4 19 38 8 0 0 11 3 8 29 9 0 0 27 -999
P11196 2008 5 0 0 16 16 66 49 40 8 22 30 36 8 18 0 0 16 22 10 14 34 9 0 0 0 0 0 0 13 3 0 0
P11196 2008 6 13 0 0 10 8 0 0 0 0 0 0 0 0 0 9 4 0 0 0 0 7 0 0 22 13 5 13 22 26 0 -999
P11196 2008 7 6 18 9 22 46 11 35 9 5 12 13 0 0 0 0 21 18 7 8 0 0 0 0 0 0 0 0 0 0 0 0
P11196 2008 8 0 0 0 0 0 0 0 0 0 0 0 0 0 0 0 0 0 0 0 0 0 0 0 0 0 0 0 0 0 0 0
P11196 2008 9 0 0 0 0 10 0 0 0 0 0 0 0 0 0 0 0 0 0 0 0 0 0 0 0 0 0 0 10 9 0 -999
P11196 2008 10 22 19 23 11 10 9 6 0 0 0 34 19 46 44 47 56 33 8 4 21 21 46 74 33 7 21 5 18 13 7 15
P11196 2008 11 10 18 5 18 6 28 31 66 45 5 1 7 7 19 89 110 102 60 123 11 2 83 42 31 24 20 21 8 0 28 -999
P11196 2008 12 90 86 7 34 5 16 33 62 27 1 5 27 35 68 37 13 4 0 0 0 14 21 34 34 13 0 0 3 0 0 0
P11196 2009 1 4 0 2 3 23 26 2 2 2 9 42 6 32 18 8 11 6 45 33 0 20 29 38 42 12 4 0 10 20 45 11
P11196 2009 2 12 11 0 0 12 29 15 21 23 24 28 49 0 0 0 0 47 44 18 60 90 55 63 66 98 85 116 91 -999 -999 -999
P11196 2009 3 105 61 118 121 47 108 78 11 7 11 15 5 0 0 0 0 10 22 45 22 24 0 0 0 13 37 26 16 12 7 4
P11196 2009 4 0 0 0 0 5 9 42 11 7 5 19 14 33 49 6 7 0 0 0 26 5 7 0 13 0 0 17 0 0 0 -999
P11196 2009 5 0 0 0 0 0 0 0 0 0 0 0 0 0 0 0 9 0 9 0 0 9 0 0 0 0 0 0 0 0 0 0
P11196 2009 6 0 0 7 13 10 3 4 13 13 18 38 25 15 13 14 5 8 25 7 32 15 6 0 0 0 0 0 0 0 0 -999
P11196 2009 7 0 0 0 0 0 0 0 0 0 0 0 0 0 0 0 0 0 0 0 0 0 0 0 0 0 0 0 0 0 0 0
P11196 2009 8 0 0 0 0 0 0 0 0 0 0 0 0 0 0 0 0 0 0 0 0 0 0 0 0 0 0 0 0 0 0 0
P11196 2009 9 0 0 0 0 0 0 0 0 0 0 0 0 0 0 0 0 0 0 0 0 0 0 0 0 0 0 0 0 0 0 -999
P11196 2009 10 0 0 85 53 37 29 20 10 0 0 0 0 0 0 0 0 0 0 0 0 14 5 4 9 19 0 0 0 0 0 6
P11196 2009 11 0 0 0 0 0 0 0 18 27 35 52 39 24 0 11 3 0 0 0 4 3 12 17 9 0 0 0 0 3 3 -999
P11196 2009 12 3 5 17 20 34 19 25 15 0 36 53 21 20 0 0 55 32 20 17 0 0 0 0 14 27 74 66 79 69 33 61
P11196 2010 1 11 12 25 21 14 0 0 20 0 0 26 4 6 0 30 9 13 29 33 10 18 3 0 0 0 8 0 0 0 2 0
P11196 2010 2 0 0 0 4 0 0 0 0 0 13 9 10 13 4 0 7 8 0 0 0 14 19 0 0 0 4 3 11 -999 -999 -999
P11196 2010 3 5 0 0 0 6 22 44 31 44 14 7 0 0 0 0 0 0 0 7 24 79 20 39 8 8 3 2 1 1 0 0
P11196 2010 4 24 45 44 10 11 35 60 39 13 4 4 33 26 7 0 0 0 0 0 0 0 0 0 25 3 4 0 0 0 0 -999
P11196 2010 5 0 0 0 0 0 0 0 0 0 0 0 0 0 0 0 0 0 14 6 9 2 0 0 0 0 0 7 0 0 24 30
P11196 2010 6 34 5 0 0 0 0 0 0 0 6 8 10 4 28 44 17 8 5 0 11 3 0 0 8 0 0 0 0 0 0 -999
P11196 2010 7 0 0 0 0 0 0 0 0 0 0 0 0 0 0 0 0 0 0 0 0 0 0 0 0 0 0 0 0 0 0 0
P11196 2010 8 0 0 0 0 0 0 0 0 0 0 0 0 0 0 0 0 0 0 0 0 0 0 0 0 0 0 0 0 0 0 0
P11196 2010 9 0 0 0 0 0 0 0 0 0 0 0 0 0 0 0 0 0 0 0 0 0 0 0 0 0 0 0 0 0 0 -999
P11196 2010 10 0 0 0 0 0 0 0 0 0 0 0 0 0 0 0 5 7 0 0 0 0 0 0 0 0 19 38 0 0 0 0
P11196 2010 11 0 0 0 0 0 0 0 0 0 9 30 91 103 41 61 22 64 4 15 13 13 10 10 9 2 6 0 0 0 0 -999
P11196 2010 12 0 0 0 0 0 0 0 0 7 0 0 0 0 0 0 10 6 19 11 13 6 0 0 11 6 4 0 6 5 3 4
P11196 2011 1 0 0 0 0 6 6 0 0 0 0 0 17 0 0 0 0 0 19 22 17 13 0 0 0 0 4 3 7 4 24 20
P11196 2011 2 2 8 6 0 0 0 0 3 3 2 2 1 0 0 2 4 0 0 15 12 0 17 0 22 22 19 15 33 -999 -999 -999
P11196 2011 3 11 4 6 22 20 37 117 47 48 20 0 5 1 0 42 68 0 16 11 15 7 8 11 18 17 4 18 37 53 19 28
P11196 2011 4 67 9 26 20 14 8 0 0 0 43 49 22 16 5 0 0 0 0 0 0 0 0 7 11 15 35 9 0 0 0 -999
P11196 2011 5 0 0 0 0 0 0 0 5 2 0 10 0 0 9 0 0 0 0 0 0 0 0 0 0 0 6 20 0 0 0 0
P11196 2011 6 0 0 0 0 0 0 0 0 0 0 0 0 0 0 0 0 0 0 0 0 0 9 0 19 36 47 12 0 0 0 -999
P11196 2011 7 13 15 8 6 7 8 11 0 0 0 0 0 0 0 0 0 0 0 0 0 0 0 0 0 0 0 0 0 0 0 0
P11196 2011 8 0 0 0 0 0 0 0 0 0 0 0 0 0 0 0 0 0 0 0 0 0 0 0 0 0 0 0 0 0 0 0
P11196 2011 9 0 0 0 0 0 0 0 0 0 0 16 12 0 21 7 6 0 36 0 0 0 0 0 0 0 0 0 0 0 0 -999
P11196 2011 10 0 0 0 0 16 22 22 6 2 6 5 0 14 0 0 0 0 4 58 39 7 63 67 36 8 3 0 10 25 60 42
P11196 2011 11 36 64 99 45 9 39 18 37 0 0 0 52 24 15 0 0 0 0 0 0 25 31 63 17 0 19 63 64 80 22 -999
P11196 2011 12 67 48 3 0 0 0 0 8 0 0 19 0 10 9 78 53 24 37 11 7 8 9 10 14 18 45 68 29 22 23 20
P11196 2012 1 20 18 60 44 86 26 5 12 2 10 5 21 11 32 30 19 17 58 63 33 13 32 6 14 0 7 12 2 1 0 7
P11196 2012 2 5 5 4 16 3 0 0 0 0 6 25 43 15 12 0 0 98 11 49 0 17 7 19 43 26 0 20 3 -999 -999 -999
P11196 2012 3 11 0 0 0 0 0 0 0 0 0 0 0 13 9 19 5 4 2 17 15 0 0 6 4 5 9 35 4 6 3 6
P11196 2012 4 0 0 0 0 0 0 0 0 0 0 0 0 0 5 0 0 0 0 0 13 9 0 0 0 0 0 0 0 0 0 -999
P11196 2012 5 0 0 0 0 0 0 0 0 14 44 0 0 65 27 22 10 0 0 0 0 0 29 18 14 18 21 35 28 42 25 5
P11196 2012 6 0 0 0 14 15 7 4 3 0 0 0 0 0 0 0 0 0 0 0 0 0 0 0 0 0 0 0 0 0 0 -999
P11196 2012 7 0 0 0 0 0 0 0 0 0 0 0 0 0 0 0 0 0 0 0 0 0 0 0 0 0 0 0 0 0 0 0
P11196 2012 8 0 0 0 0 0 0 0 0 0 0 0 0 23 18 8 4 0 0 0 0 0 16 0 0 0 14 20 15 0 0 0
P11196 2012 9 0 0 0 0 0 0 0 0 0 0 0 0 0 0 0 0 0 0 0 0 0 0 0 0 0 0 0 0 0 0 -999
P11196 2012 10 0 0 0 0 0 0 0 0 0 38 17 0 0 0 0 0 0 0 0 0 0 53 57 12 6 37 4 22 20 105 85
P11196 2012 11 38 0 0 26 19 52 44 0 0 36 7 0 72 21 0 0 0 0 0 0 0 0 0 0 0 0 4 0 0 0 -999
P11196 2012 12 43 13 2 11 26 6 6 4 0 0 0 0 0 0 0 14 14 51 26 61 2 15 19 25 4 7 0 0 0 0 0
P11196 2013 1 0 0 0 0 0 7 6 0 0 0 0 0 34 9 1 7 2 6 7 25 44 37 25 56 16 8 1 0 4 20 10
P11196 2013 2 4 21 7 29 12 70 115 31 25 4 22 17 9 49 27 12 42 3 13 17 0 22 53 29 48 68 36 13 -999 -999 -999
P11196 2013 3 9 7 8 3 0 0 0 0 0 0 0 6 18 62 53 41 35 47 0 0 0 0 0 0 0 0 0 0 0 0 0
P11196 2013 4 0 17 23 21 27 19 9 6 12 16 3 0 0 0 49 49 0 0 18 29 31 32 12 5 3 2 2 0 0 0 -999
P11196 2013 5 3 4 0 0 0 0 0 0 0 15 13 9 5 0 0 18 17 32 33 35 18 16 16 14 16 5 3 1 0 0 0
P11196 2013 6 0 0 0 0 0 0 0 0 0 0 0 0 0 0 0 0 0 0 0 15 0 0 0 0 0 0 0 0 0 0 -999
P11196 2013 7 0 0 0 0 0 0 0 0 0 0 0 0 0 0 0 0 0 0 0 0 0 0 0 0 0 0 0 0 0 0 0
P11196 2013 8 0 0 0 0 0 0 0 0 0 0 0 0 0 0 0 0 0 0 0 0 0 0 0 0 0 0 0 0 0 0 0
P11196 2013 9 0 0 0 0 0 0 0 0 0 0 0 0 0 0 0 0 0 0 0 0 0 0 0 0 0 0 0 0 0 0 -999
P11196 2013 10 0 0 0 0 0 0 30 10 54 55 90 20 49 75 29 88 30 29 5 8 18 7 58 35 6 0 0 7 0 0 0
P11196 2013 11 0 0 0 11 0 0 0 0 0 0 0 0 28 12 54 12 0 0 0 0 0 0 0 17 32 33 33 25 8 0 -999
P11196 2013 12 0 0 42 42 19 7 1 1 2 0 7 14 0 0 0 20 37 25 5 0 6 0 24 2 0 0 4 10 29 27 61
P11196 2014 1 74 117 45 3 10 4 7 13 41 34 38 33 34 23 0 0 0 10 7 30 36 13 36 29 77 91 35 41 43 116 57
P11196 2014 2 41 17 5 38 30 9 5 6 16 26 0 0 0 0 0 0 0 0 0 0 6 4 0 0 0 0 0 0 -999 -999 -999
P11196 2014 3 0 0 0 0 0 0 0 0 0 0 15 7 3 8 40 7 2 0 0 6 19 19 6 7 17 17 0 0 4 7 16
P11196 2014 4 24 10 29 7 5 0 9 12 36 84 91 6 10 3 0 0 0 0 0 0 0 0 0 0 0 0 5 17 23 45 -999
P11196 2014 5 14 31 8 0 0 22 16 26 3 5 16 22 33 12 14 6 22 60 3 2 2 3 0 0 0 0 0 0 20 30 72
P11196 2014 6 58 22 6 14 17 0 0 0 0 0 0 0 0 0 0 0 0 0 0 0 0 0 0 0 0 0 0 0 0 0 -999
P11196 2014 7 0 0 0 0 0 0 0 0 0 0 0 0 0 0 0 0 0 0 0 0 0 0 0 0 0 0 0 0 31 0 0
P11196 2014 8 0 0 0 0 11 12 0 0 0 0 0 0 0 0 0 0 0 0 0 0 0 0 0 0 0 0 0 0 0 0 0
P11196 2014 9 0 0 0 0 0 0 0 0 0 0 0 0 0 0 0 0 0 0 0 0 0 0 0 0 5 0 0 0 0 0 -999
P11196 2014 10 0 0 0 0 0 0 0 0 0 0 0 0 0 0 0 0 0 0 0 0 8 10 16 9 0 32 19 0 0 0 9
P11196 2014 11 0 37 10 0 0 39 16 20 9 0 12 28 26 0 0 0 0 26 36 79 68 2 1 0 0 46 29 11 11 53 -999
P11196 2014 12 6 3 0 0 0 0 0 0 0 12 17 22 30 17 65 60 79 76 7 47 70 70 61 83 19 31 49 4 0 0 0
P11196 2015 1 0 0 0 0 0 0 0 0 0 0 0 0 0 0 7 4 0 9 13 19 2 14 13 22 82 80 8 10 6 61 6
P11196 2015 2 2 33 7 13 4 1 0 7 52 10 10 47 66 66 63 71 73 112 86 26 50 65 52 16 6 0 0 12 -999 -999 -999
P11196 2015 3 0 0 0 0 0 0 0 0 0 0 0 0 27 12 11 19 0 0 59 47 23 30 12 7 5 0 0 0 0 3 7
P11196 2015 4 9 8 0 7 0 8 2 1 6 32 51 20 36 41 49 56 6 5 53 55 41 71 26 51 46 0 0 0 0 0 -999
P11196 2015 5 32 4 4 9 11 9 9 18 14 4 0 0 0 0 0 0 0 0 0 0 0 0 0 0 0 0 0 0 0 0 0
P11196 2015 6 0 0 0 6 14 19 6 0 0 0 0 0 0 0 0 0 0 0 0 0 0 0 0 0 0 0 0 0 4 0 -999
P11196 2015 7 0 0 0 0 0 0 0 0 0 0 0 0 0 0 0 0 0 0 0 0 0 0 0 0 0 0 0 0 0 0 0
P11196 2015 8 0 0 0 0 0 0 0 0 0 0 0 0 0 0 0 0 0 0 0 0 0 0 0 0 0 0 0 0 0 0 0
P11196 2015 9 0 0 0 0 11 6 4 0 0 0 0 0 0 0 0 23 62 104 60 23 0 28 20 0 40 34 0 0 10 5 -999
P11196 2015 10 11 12 0 0 0 0 0 9 61 91 40 35 8 5 0 18 28 84 97 15 11 10 27 6 8 10 3 3 11 10 8
P11196 2015 11 6 0 0 0 13 0 0 0 0 0 0 10 8 52 3 10 7 0 0 0 0 0 0 0 0 0 0 0 19 8 -999
P11196 2015 12 0 0 0 0 0 0 0 0 0 0 0 26 22 49 34 3 6 0 25 28 27 54 21 11 62 19 56 97 39 78 17
P11196 2016 1 34 7 20 21 25 59 57 41 12 4 95 57 36 24 20 34 8 3 3 66 8 2 0 3 3 1 0 0 0 3 4
P11196 2016 2 3 3 3 2 0 35 4 10 14 5 9 16 26 9 4 0 0 0 0 0 0 4 0 5 5 0 0 0 -999 -999 -999
P11196 2016 3 0 4 5 0 6 1 0 0 20 3 2 0 0 0 0 0 7 47 6 0 0 0 1 0 3 0 0 3 0 29 17
P11196 2016 4 4 0 17 81 97 12 7 15 46 13 13 29 57 10 6 13 47 45 48 19 17 15 51 28 0 0 26 36 7 48 -999
P11196 2016 5 56 22 12 14 14 8 12 0 0 3 1 0 0 0 0 0 7 8 0 0 0 0 0 14 14 4 0 0 0 0 0
P11196 2016 6 0 0 0 0 5 9 6 9 0 0 0 0 0 0 0 0 0 0 0 0 0 0 0 0 0 23 24 11 0 0 -999
P11196 2016 7 0 0 0 0 0 0 0 0 0 0 0 0 0 0 0 0 0 0 0 0 0 0 0 0 0 0 0 0 0 0 0
P11196 2016 8 0 0 0 0 0 0 0 0 0 0 0 0 0 0 0 0 0 0 0 0 0 0 0 0 0 0 0 0 0 0 0
P11196 2016 9 0 4 0 0 0 0 0 0 0 0 0 0 0 0 0 0 0 0 0 0 0 0 0 0 0 0 0 21 0 0 -999
P11196 2016 10 0 0 0 0 0 0 0 0 0 0 0 0 0 0 10 47 35 33 40 49 65 13 21 69 88 73 40 124 34 13 17
P11196 2016 11 9 7 0 44 82 12 80 26 22 13 78 116 127 94 10 70 30 22 0 35 15 16 37 84 124 54 62 31 0 9 -999
P11196 2016 12 3 0 6 7 12 0 0 0 5 0 0 0 7 2 0 0 0 0 2 0 5 2 1 0 0 0 6 0 32 21 7
P11196 2017 1 0 0 68 4 14 6 22 36 21 62 3 10 8 4 17 4 3 0 0 0 0 8 2 0 19 17 14 99 7 0 0
P11196 2017 2 0 28 11 7 0 0 0 14 7 12 10 0 0 0 24 6 6 9 59 111 103 67 14 8 19 14 42 23 -999 -999 -999
P11196 2017 3 14 23 23 20 56 65 12 13 40 28 16 14 12 8 7 6 18 51 63 26 20 118 41 21 46 25 29 25 59 31 29
P11196 2017 4 57 44 17 5 2 4 39 32 9 32 122 79 11 5 48 10 10 12 4 8 29 31 10 9 16 46 16 3 22 4 -999
P11196 2017 5 7 37 7 13 11 16 62 11 10 34 5 9 0 31 14 0 0 0 0 0 12 24 55 25 10 11 8 0 0 0 0
P11196 2017 6 0 10 5 5 5 12 5 19 11 0 0 0 0 0 25 0 0 0 0 0 0 0 0 0 0 0 0 0 0 0 -999
P11196 2017 7 0 0 0 0 0 0 0 0 0 0 0 7 13 0 0 0 0 0 0 0 0 20 15 7 0 0 0 0 0 0 0
P11196 2017 8 0 0 0 0 0 0 0 0 0 6 5 0 0 0 0 0 0 0 0 0 0 0 0 0 0 0 0 0 0 0 0
P11196 2017 9 0 0 0 0 0 0 0 29 0 0 0 0 0 0 0 0 0 0 0 0 0 0 0 0 0 13 3 17 42 73 -999
P11196 2017 10 20 45 25 0 0 0 11 32 29 3 0 0 0 0 0 0 0 0 0 0 27 0 34 32 31 68 23 2 0 0 0
P11196 2017 11 14 9 0 0 27 7 11 26 23 29 41 10 0 0 13 0 20 19 6 7 7 24 15 44 62 29 0 0 0 11 -999
P11196 2017 12 0 8 3 3 3 3 0 8 3 0 21 43 66 33 6 41 39 13 14 30 60 91 20 15 11 18 25 41 118 75 65
P11196 2018 1 3 0 0 0 0 0 0 0 0 0 0 0 0 0 13 0 11 3 0 0 0 0 12 15 39 29 9 0 0 9 23
P11196 2018 2 7 29 64 30 59 72 30 65 9 0 10 44 67 36 3 0 0 0 0 0 0 0 0 0 0 0 6 12 -999 -999 -999
P11196 2018 3 5 0 0 0 6 10 14 4 0 0 0 54 26 13 0 3 0 0 0 33 60 43 32 80 30 79 37 39 21 79 14
P11196 2018 4 53 64 27 44 27 20 0 0 0 14 11 35 87 34 11 58 20 10 8 0 0 0 0 0 29 16 12 23 30 52 -999
P11196 2018 5 39 29 53 56 5 0 0 0 0 0 0 0 0 8 0 30 26 23 17 20 16 4 0 0 0 0 0 27 16 0 0
P11196 2018 6 0 0 7 0 0 28 26 9 0 0 0 0 0 0 0 0 0 0 0 0 0 0 0 0 0 0 0 0 0 0 -999
P11196 2018 7 0 0 0 0 0 0 0 0 0 0 0 0 0 0 0 0 0 0 0 0 0 0 0 0 0 0 0 0 0 0 0
P11196 2018 8 0 0 0 0 0 0 0 0 0 0 0 0 0 10 0 0 0 0 0 0 0 0 0 0 0 0 0 0 0 0 0
P11196 2018 9 0 0 0 0 0 0 0 0 0 0 0 0 0 0 0 0 0 0 0 6 11 39 40 0 0 0 0 0 0 0 -999
P11196 2018 10 0 0 0 0 0 0 0 0 0 0 0 0 0 0 0 0 0 0 0 21 33 12 0 0 30 8 11 9 5 9 33
P11196 2018 11 14 0 17 12 13 0 0 0 0 16 17 0 0 0 0 0 12 11 13 0 0 52 19 24 26 53 75 68 24 29 -999
P11196 2018 12 13 13 9 0 0 0 0 0 0 10 8 0 0 7 0 0 0 0 0 0 0 19 21 33 22 74 47 4 7 9 0
P11196 2019 1 0 0 6 27 17 56 51 45 37 19 30 11 55 18 45 15 0 0 0 0 0 0 0 7 5 7 0 0 0 0 0
P11196 2019 2 0 0 21 19 3 3 2 4 5 9 8 24 19 15 62 31 18 3 3 2 0 0 0 56 70 20 0 40 -999 -999 -999
P11196 2019 3 79 72 45 73 32 104 16 19 28 55 19 14 16 8 0 0 0 0 0 3 0 16 8 0 0 0 18 14 9 24 10
P11196 2019 4 5 8 0 0 0 0 0 11 6 0 0 16 5 0 0 0 0 0 0 0 0 5 13 8 12 15 35 76 8 11 -999
P11196 2019 5 10 11 12 3 11 7 0 0 42 23 9 15 45 13 2 13 0 0 0 0 0 0 0 5 4 0 2 4 6 0 17
P11196 2019 6 0 0 0 0 0 0 0 0 0 0 0 0 0 0 0 0 0 0 0 0 0 0 0 0 0 19 14 4 0 0 -999
P11196 2019 7 0 21 39 20 0 0 0 0 0 0 0 0 0 0 0 0 0 0 0 0 0 0 0 0 0 0 0 0 0 0 0
P11196 2019 8 0 0 0 0 0 0 0 0 0 0 0 0 0 0 0 0 0 0 9 0 0 0 0 0 0 0 0 0 0 0 28
P11196 2019 9 0 0 0 0 0 0 0 0 0 0 0 17 18 7 0 0 0 21 10 0 0 0 0 0 0 0 0 0 0 0 -999
P11196 2019 10 0 0 0 23 20 20 18 0 0 36 0 0 0 0 0 0 0 0 0 0 0 0 0 36 16 14 6 16 9 0 0
P11196 2019 11 27 58 0 30 79 69 56 20 4 12 19 17 0 33 45 35 0 0 0 0 0 0 0 0 13 39 6 14 19 25 -999
P11196 2019 12 7 0 0 0 0 0 0 0 0 0 0 0 18 15 74 25 34 60 41 4 6 66 80 88 101 69 40 3 0 7 1
P11196 2020 1 9 44 61 83 45 61 52 0 0 0 0 23 0 0 0 0 0 0 0 0 4 4 7 0 0 0 0 3 4 8 6
P11196 2020 2 33 36 45 77 9 4 32 6 3 0 0 0 0 0 31 38 12 3 4 9 14 10 19 31 8 6 0 0 -999 -999 -999
P11196 2020 3 0 0 0 0 0 0 0 0 0 0 0 0 16 17 16 13 0 7 3 4 5 17 53 92 102 30 57 3 34 19 26
P11196 2020 4 28 10 17 0 0 0 0 14 16 9 13 16 25 8 2 0 0 0 0 0 15 42 42 40 38 16 3 0 15 0 -999
P11196 2020 5 0 0 11 19 15 5 3 0 0 0 0 13 5 0 0 0 0 0 0 0 17 18 21 23 10 17 69 83 29 17 10
P11196 2020 6 2 1 0 0 0 11 45 43 18 4 2 0 0 0 0 0 0 0 0 0 0 0 0 0 0 0 0 0 0 0 -999
P11196 2020 7 0 0 0 0 0 0 0 0 0 0 0 0 0 0 0 0 0 0 0 0 0 0 0 0 0 0 0 0 0 0 0
P11196 2020 8 0 0 0 0 0 0 0 0 12 0 0 0 0 0 0 0 0 0 0 0 0 0 0 0 0 0 0 0 0 0 0
P11196 2020 9 0 0 0 0 0 0 0 0 0 0 0 0 0 19 32 17 0 18 49 34 11 0 0 0 0 0 0 0 0 0 -999
P11196 2020 10 0 0 14 7 2 0 0 0 8 0 15 13 0 0 0 0 0 0 0 0 0 0 43 52 19 60 102 81 23 14 0
P11196 2020 11 28 6 21 66 0 0 0 0 0 0 0 0 18 6 4 17 44 45 85 124 101 28 18 0 0 0 0 0 0 0 -999
P11196 2020 12 0 0 0 0 23 10 7 9 18 34 27 20 40 8 11 13 6 39 18 27 57 117 124 64 19 29 5 7 0 0 9
P11196 2021 1 6 5 4 2 23 7 15 4 0 0 26 15 19 29 5 6 11 3 9 6 20 23 40 78 82 114 141 102 62 84 105
P11196 2021 2 22 86 72 84 106 61 13 62 3 10 22 19 41 24 5 17 30 3 8 0 0 6 0 12 12 11 49 51 -999 -999 -999
P11196 2021 3 8 0 50 24 44 80 39 17 0 7 26 9 113 18 118 66 99 105 122 54 51 6 37 50 13 10 15 12 38 31 45
P11196 2021 4 38 75 26 44 17 6 0 7 44 88 32 5 0 0 8 19 44 41 31 17 0 0 13 41 72 75 47 15 5 19 -999
P11196 2021 5 5 5 0 8 6 20 25 16 25 31 34 7 11 10 5 5 6 0 0 0 0 0 0 0 0 9 8 17 16 37 16
P11196 2021 6 36 37 10 13 26 19 39 69 17 19 46 28 32 20 37 0 0 0 0 0 0 0 0 0 0 0 0 0 0 0 -999
P11196 2021 7 0 0 0 0 0 0 0 0 0 0 0 0 0 0 0 0 0 0 0 0 0 0 0 0 0 0 0 0 0 16 0
P11196 2021 8 0 0 0 0 0 0 0 15 21 13 12 0 0 0 0 0 0 0 0 0 0 0 0 0 0 0 0 0 0 0 17
P11196 2021 9 0 0 0 0 0 0 0 0 0 0 0 0 0 24 20 17 0 0 0 0 0 0 0 14 24 52 23 13 0 25 -999
P11196 2021 10 31 43 79 44 0 0 0 52 26 0 0 0 43 20 66 16 0 0 0 35 40 30 0 0 37 25 5 1 2 6 43
P11196 2021 11 59 17 29 20 36 0 0 51 15 13 0 0 0 0 0 0 0 0 0 43 57 13 24 6 0 0 0 0 0 0 -999
P11196 2021 12 0 0 0 0 0 0 0 9 0 0 0 0 26 24 44 58 97 95 73 41 114 28 63 45 79 26 78 90 36 52 13
P11196 2022 1 3 0 0 0 0 0 0 0 0 0 0 12 14 2 3 2 1 0 0 0 7 2 0 0 0 0 0 0 0 0 0
P11196 2022 2 0 7 6 0 9 0 0 5 14 35 20 7 7 0 20 23 4 8 0 0 43 18 11 28 9 28 43 106 -999 -999 -999
P11196 2022 3 24 25 13 43 66 69 3 17 0 16 0 7 0 0 4 2 2 0 4 15 24 0 0 20 3 8 7 0 0 4 4
P11196 2022 4 10 16 42 43 11 63 26 21 26 5 0 37 63 2 0 0 6 0 0 10 25 52 18 30 4 6 7 0 0 0 -999
P11196 2022 5 0 0 0 0 0 0 0 0 0 0 0 0 0 0 0 0 7 9 16 20 6 2 0 0 19 0 0 0 0 0 0
P11196 2022 6 0 0 0 0 0 0 29 0 0 0 0 0 0 0 0 0 0 0 0 0 0 0 0 0 0 0 0 0 0 0 -999
P11196 2022 7 0 0 0 0 0 0 0 0 0 0 0 0 0 0 0 0 0 0 0 0 0 0 0 0 0 0 0 0 0 0 0
P11196 2022 8 0 0 0 0 0 0 0 0 0 0 0 0 0 0 0 0 0 0 0 0 0 0 0 0 0 0 0 0 0 0 0
P11196 2022 9 0 0 0 0 0 0 0 0 0 0 0 0 0 0 0 0 0 0 0 0 0 43 22 20 6 6 0 0 0 0 -999
P11196 2022 10 0 0 0 0 12 0 0 0 10 3 0 10 43 27 26 0 0 0 0 38 13 0 0 0 0 0 24 29 0 0 0
P11196 2022 11 0 0 0 34 2 0 0 0 0 0 0 20 40 23 23 21 32 18 16 41 93 97 107 124 7 0 0 0 0 8 -999
P11196 2022 12 40 3 11 25 12 86 39 64 23 12 13 11 0 0 0 0 25 20 25 64 57 50 73 118 73 109 95 106 82 3 8
P11196 2023 1 9 9 16 18 67 81 50 34 43 5 43 27 11 49 9 9 0 0 20 0 6 7 8 7 6 0 0 0 0 0 0
P11196 2023 2 0 0 5 0 0 17 9 0 0 0 0 0 8 15 54 62 51 62 11 81 8 0 0 12 5 6 9 7 -999 -999 -999
P11196 2023 3 16 14 28 3 13 13 8 0 0 0 0 0 0 0 52 53 109 75 18 20 75 37 22 11 8 15 10 6 12 37 0
P11196 2023 4 0 0 0 0 2 2 30 38 19 0 5 5 0 0 38 57 49 5 3 0 7 2 3 3 6 5 0 0 0 0 -999
P11196 2023 5 0 88 84 75 35 38 61 37 96 25 3 4 35 15 0 0 0 23 0 26 23 11 7 8 6 10 0 0 7 6 0
P11196 2023 6 0 0 0 0 0 0 0 0 0 0 0 13 18 20 49 12 8 5 6 8 0 0 0 0 0 0 0 0 0 0 -999
P11196 2023 7 0 0 0 0 0 10 0 0 0 0 0 0 0 0 0 0 0 10 8 4 0 0 0 12 0 0 0 0 0 0 0
P11196 2023 8 0 0 0 0 0 0 0 0 0 0 0 0 0 0 0 0 16 0 0 0 0 0 0 0 0 0 0 0 0 0 0
P11196 2023 9 0 0 0 0 0 0 0 0 0 0 0 0 0 0 0 0 10 4 0 0 0 0 0 0 0 0 0 0 0 48 -999
P11196 2023 10 32 6 2 3 0 0 0 0 21 11 3 0 0 51 21 5 11 33 3 30 8 8 0 21 0 0 20 19 17 9 6
P11196 2023 11 6 5 6 0 0 0 0 0 0 36 50 48 33 11 13 15 20 0 0 6 9 7 0 0 0 0 13 8 0 12 -999
P11196 2023 12 0 19 37 49 0 0 0 0 0 0 0 0 0 0 11 6 33 82 38 94 49 82 23 75 6 0 0 0 0 5 6
P11196 2024 1 16 4 6 10 0 0 0 0 0 0 0 0 0 0 0 0 14 28 47 86 52 68 80 52 14 27 44 66 3 36 21
P11196 2024 2 18 27 6 30 8 0 0 23 38 13 30 102 52 37 0 0 0 0 0 0 0 0 9 0 0 0 0 0 -999 -999 -999
P11196 2024 3 0 0 0 7 9 15 16 0 0 0 39 24 13 47 16 4 18 25 34 29 15 5 0 0 4 0 4 4 7 22 10
P11196 2024 4 4 5 4 7 75 67 97 79 20 62 55 0 0 0 0 0 2 3 4 3 29 96 11 4 2 3 0 0 0 17 -999
P11196 2024 5 25 21 45 19 22 8 31 32 12 0 0 16 16 10 5 2 2 18 9 0 0 0 0 14 20 0 31 37 29 13 10
P11196 2024 6 0 0 0 0 0 0 0 0 0 0 0 42 20 0 0 0 0 0 0 0 0 0 0 0 0 0 0 0 0 0 -999
P11196 2024 7 0 0 0 0 0 0 0 0 0 0 0 0 0 0 0 0 0 0 0 0 0 0 0 0 0 0 0 0 0 0 0
P11196 2024 8 0 0 0 0 0 0 0 0 0 0 0 0 0 0 0 0 0 0 0 0 0 0 0 0 0 0 0 0 0 0 0
P11196 2024 9 0 0 0 0 0 0 0 0 0 0 0 0 0 0 0 0 28 51 10 19 75 56 29 32 11 0 35 16 16 19 -999
P11196 2024 10 19 61 104 16 53 73 25 0 0 0 0 0 0 0 0 0 0 25 0 0 0 0 0 0 0 0 0 13 37 71 59
P11196 2024 11 35 49 118 30 17 19 24 15 12 9 51 58 19 9 13 40 8 3 0 0 0 0 0 0 0 0 0 7 17 50 -999
P11196 2024 12 53 32 54 8 17 33 20 17 41 77 109 75 65 19 0 0 0 0 15 0 0 15 44 28 22 0 0 10 0 0 10
P11196 2025 1 5 3 5 48 124 119 15 48 10 24 9 9 14 19 4 18 26 46 13 5 0 0 0 0 3 0 5 39 37 90 35
P11196 2025 2 43 27 42 37 38 38 59 85 68 7 64 51 7 0 0 0 0 0 0 0 0 0 9 2 3 0 0 0 -999 -999 -999
P11196 2025 3 5 26 13 19 4 0 0 43 42 4 11 5 0 0 0 0 0 0 0 0 0 0 0 0 0 0 0 9 0 0 0
P11196 2025 4 0 0 0 9 9 0 0 0 0 0 0 14 0 0 12 0 0 15 7 0 0 0 0 0 0 8 8 9 4 0 -999
P11196 2025 5 0 6 19 24 15 17 0 0 0 0 0 0 8 40 18 7 5 13 9 4 4 25 7 14 14 9 5 12 59 6 7
P11196 2025 6 5 0 0 5 21 8 0 0 0 0 0 0 0 0 0 0 0 0 0 0 0 0 0 0 0 0 0 0 0 0 -999
P11196 2025 7 0 0 0 0 0 0 0 0 0 0 0 0 0 0 0 0 0 0 0 0 0 0 0 0 0 0 0 0 0 0 0
P11196 2025 8 0 50 20 7 0 0 0 0 0 0 0 21 8 0 0 0 0 0 0 0 0 0 0 0 0 0 0 0 0 0 0
P11196 2025 9 0 0 0 0 0 0 0 0 3 0 24 12 0 0 0 0 0 34 0 0 0 0 0 0 0 0 0 16 10 10 -999
P11196 2025 10 0 0 0 0 0 0 0 0 0 0 0 0 0 0 0 0 36 86 75 46 83 80 23 5 11 0 0 15 19 82 67
P11196 2025 11 92 45 10 92 90 36 30 4 53 96 41 0 0 72 98 55 26 0 0 0 0 0 0 0 0 9 0 0 0 0 -999
P11196 2025 12 0 0 0 0 0 0 9 16 29 8 58 29 36 25 22 64 4 45 30 6 21 79 37 60 15 21 3 8 22 24 32
P11196 2026 1 34 17 6 0 0 0 0 0 0 6 0 8 0 0 0 0 14 19 74 44 55 54 21 1 0 0 0 0 0 0 0
P11196 2026 2 0 0 0 0 0 0 0 0 0 0 0 2 18 17 10 60 8 2 2 3 4 1 1 2 16 2 0 0 -999 -999 -999
P11196 2026 3 15 0 12 28 17 22 37 10 0 10 0 0 0 36 8 12 0 0 0 0 0 0 89 88 75 58 35 37 69 54 46
P11196 2026 4 15 37 21 23 22 42 39 3 14 3 26 15 7 1 1 0 0 0 0 0 0 7 0 0 0 0 0 0 29 61 -999
P11196 2026 5 28 10 15 11 0 0 0 0 0 4 3 4 4 3 2 0 0 0 0 0 0 0 0 0 0 0 0 8 9 0 0
P11196 2026 6 0 0 0 0 0 0 0 0 0 0 0 0 0 0 0 0 0 0 0 0 23 0 0 0 0 0 0 0 0 0 -999
P11196 2026 7 0 0 0 0 0 0 0 0 0 0 0 0 0 0 0 0 0 0 0 0 0 0 0 0 0 0 0 0 0 0 0
P11196 2026 8 0 0 0 0 0 0 0 0 0 0 0 0 0 0 0 0 0 0 0 0 0 0 0 0 0 0 0 0 10 0 4
P11196 2026 9 3 3 7 16 0 0 0 0 0 0 0 0 0 0 0 0 0 0 0 35 40 14 4 0 0 0 0 0 0 0 -999
P11196 2026 10 0 0 0 0 28 0 0 0 0 0 0 0 0 0 0 0 11 3 0 46 25 11 0 0 0 0 0 38 47 80 124
P11196 2026 11 69 32 18 44 67 57 7 63 86 67 33 49 6 34 109 47 11 5 0 0 0 0 6 0 0 0 5 0 0 0 -999
P11196 2026 12 5 16 22 3 0 0 0 0 0 10 0 13 0 25 90 99 31 86 87 42 7 40 56 8 13 7 2 23 0 0 0
P11196 2027 1 0 0 0 40 20 68 103 21 7 13 90 54 5 2 10 12 0 7 57 17 38 24 2 8 12 94 93 69 106 7 0
P11196 2027 2 0 0 0 0 0 0 0 0 0 9 35 10 0 0 0 14 20 30 19 18 21 41 73 23 0 30 3 5 -999 -999 -999
P11196 2027 3 26 43 50 28 16 17 6 16 9 0 0 0 0 0 0 0 10 19 40 20 38 40 39 26 8 32 28 3 8 3 0
P11196 2027 4 0 16 0 30 15 0 0 0 0 0 4 11 16 28 11 0 0 11 5 4 4 6 13 0 0 0 0 0 0 0 -999
P11196 2027 5 0 7 13 29 15 47 58 25 0 0 36 11 6 0 0 4 0 0 0 0 25 24 0 0 0 3 0 0 0 0 0
P11196 2027 6 0 0 11 38 27 6 6 0 0 0 0 0 0 0 0 0 0 0 0 0 0 0 0 0 0 0 0 15 6 0 -999
P11196 2027 7 0 21 24 24 32 15 12 0 0 0 0 0 0 0 0 0 0 0 0 0 0 0 0 0 0 0 0 0 0 0 0
P11196 2027 8 0 0 0 0 0 0 0 0 0 0 0 0 0 0 32 21 0 0 17 0 0 0 0 0 0 0 0 0 0 0 0
P11196 2027 9 0 0 0 0 0 0 0 0 0 0 0 0 0 0 0 0 0 0 0 0 0 0 0 0 0 0 7 4 18 21 -999
P11196 2027 10 37 0 0 0 0 0 46 0 0 0 0 0 0 0 0 0 26 13 10 0 12 5 8 25 9 8 10 0 0 0 0
P11196 2027 11 11 3 17 6 12 12 16 7 16 77 63 4 0 0 0 0 0 0 0 0 18 34 25 0 0 68 70 34 11 19 -999
P11196 2027 12 15 16 16 9 14 17 10 0 0 0 0 0 13 5 13 23 46 21 8 16 5 0 0 0 0 4 2 0 0 0 0
P11196 2028 1 9 12 0 0 0 0 0 0 0 0 3 4 0 0 0 6 13 21 10 0 0 0 0 0 0 0 9 5 0 0 0
P11196 2028 2 0 0 44 26 31 31 0 0 17 18 40 67 52 93 61 60 89 28 73 19 10 33 9 0 0 0 0 0 -999 -999 -999
P11196 2028 3 0 0 0 0 9 3 0 0 0 0 40 30 29 14 5 2 0 0 0 0 0 0 4 0 19 44 55 11 8 0 16
P11196 2028 4 0 0 0 8 5 7 0 0 0 38 10 9 0 0 5 0 46 20 33 67 21 3 0 0 0 0 0 0 0 0 -999
P11196 2028 5 22 0 0 0 0 0 30 19 43 28 14 24 24 22 30 21 12 0 0 33 0 0 16 9 4 5 10 35 6 5 9
P11196 2028 6 6 9 28 28 28 39 50 11 2 0 0 0 0 0 0 0 0 0 0 0 0 0 0 0 0 0 0 27 40 34 -999
P11196 2028 7 23 10 14 0 0 0 0 13 0 0 9 8 9 0 0 0 0 0 0 0 0 0 0 0 0 0 0 13 0 0 0
P11196 2028 8 0 0 0 0 0 0 0 0 0 0 0 0 0 0 0 0 0 0 0 0 0 0 0 0 0 13 0 0 0 0 0
P11196 2028 9 0 0 0 0 0 0 0 0 0 0 0 0 0 0 0 0 0 0 0 0 0 0 0 32 13 0 0 0 0 0 -999
P11196 2028 10 0 0 0 0 0 0 0 0 0 20 10 0 0 23 0 0 20 0 21 0 0 0 0 0 0 0 0 0 0 0 0
P11196 2028 11 0 0 20 11 47 39 6 0 9 0 0 0 15 16 10 18 15 55 3 24 78 38 27 0 0 0 25 36 50 23 -999
P11196 2028 12 10 22 22 18 6 0 0 0 0 0 0 11 14 4 0 0 19 31 38 45 55 50 39 58 18 27 51 52 16 71 4
P11196 2029 1 12 0 32 77 9 5 0 34 13 22 30 69 43 46 27 79 62 14 3 9 2 0 3 0 0 0 0 20 14 16 18
P11196 2029 2 77 57 65 55 46 2 8 6 0 11 7 0 25 10 1 0 6 0 0 7 0 0 6 13 7 13 19 9 -999 -999 -999
P11196 2029 3 7 12 10 48 71 86 62 38 69 15 13 1 6 20 2 9 10 14 14 69 9 1 1 0 0 0 0 0 0 6 13
P11196 2029 4 10 6 18 13 5 8 2 0 0 0 0 0 0 38 8 32 3 46 12 9 5 0 7 6 0 0 6 22 24 62 -999
P11196 2029 5 20 2 23 47 98 38 70 79 31 6 10 5 14 0 0 0 0 0 0 7 2 2 0 0 22 0 0 0 0 0 0
P11196 2029 6 22 21 29 0 0 0 0 0 0 0 0 0 0 0 0 0 0 0 0 0 0 0 0 0 0 0 0 0 0 0 -999
P11196 2029 7 0 0 0 0 0 0 0 0 0 0 0 0 0 0 0 0 0 0 0 0 0 0 0 4 0 0 0 0 0 0 0
P11196 2029 8 0 0 0 0 0 0 0 0 0 0 0 0 0 0 0 0 0 0 0 0 0 0 0 0 0 0 0 0 0 0 0
P11196 2029 9 0 0 0 0 0 0 0 0 0 0 0 0 0 0 0 0 0 9 0 35 0 0 16 9 28 53 14 5 0 0 -999
P11196 2029 10 0 0 0 14 0 0 0 0 0 0 0 0 0 0 0 0 0 47 3 7 0 0 0 0 14 25 0 0 64 81 8
P11196 2029 11 0 0 0 0 0 0 0 0 0 0 0 0 0 0 0 0 20 21 9 0 0 13 21 73 2 0 21 9 27 0 -999
P11196 2029 12 0 15 27 49 105 6 34 40 49 3 15 4 16 6 12 0 37 4 1 1 14 91 52 27 92 13 54 73 81 19 0
P11196 2030 1 0 0 0 0 14 20 20 13 12 57 24 6 0 13 20 82 28 2 0 9 32 3 0 0 27 5 28 32 7 1 0
P11196 2030 2 8 20 37 23 56 49 37 33 1 0 0 0 0 0 0 27 25 4 0 0 0 45 13 8 33 13 0 0 -999 -999 -999
P11196 2030 3 0 0 0 0 0 0 0 0 0 0 0 0 0 0 0 0 10 12 16 6 0 13 21 19 41 27 18 45 84 48 65
P11196 2030 4 98 61 26 3 1 0 0 14 20 27 29 6 6 11 36 12 12 43 18 5 2 4 3 10 34 41 7 3 38 24 -999
P11196 2030 5 9 8 5 0 0 0 0 0 0 20 28 11 5 22 80 55 10 45 15 0 0 0 0 0 0 0 0 0 0 0 0
P11196 2030 6 0 0 0 0 0 0 0 0 0 0 0 0 0 0 0 6 9 12 6 13 6 4 6 5 0 0 0 0 0 0 -999
P11196 2030 7 0 0 0 0 0 0 0 0 0 0 0 0 0 0 0 0 0 0 0 0 0 0 0 0 0 0 0 0 0 0 0
P11196 2030 8 0 0 0 0 0 0 0 0 0 0 0 0 0 0 0 0 0 0 0 0 0 0 0 0 0 0 0 0 0 0 0
P11196 2030 9 0 0 0 0 0 0 0 0 21 0 0 0 0 0 17 89 122 35 17 14 50 44 33 6 0 12 18 15 10 16 -999
P11196 2030 10 0 0 0 0 0 0 0 54 47 77 24 44 30 17 24 18 18 26 62 86 83 84 46 61 16 0 0 0 37 8 7
P11196 2030 11 12 0 24 0 36 21 95 77 82 99 67 18 15 54 51 34 69 75 58 22 32 74 94 64 33 25 6 51 53 14 -999
P11196 2030 12 10 8 13 11 25 37 2 8 11 12 25 12 0 0 0 0 0 4 5 6 7 7 5 0 0 0 42 32 13 48 37
P11196 2031 1 59 5 0 42 33 40 11 78 106 117 27 72 98 96 96 9 0 0 10 6 19 0 0 5 0 0 0 0 4 0 10
P11196 2031 2 6 7 11 8 0 0 0 0 22 14 5 0 12 11 0 0 0 17 12 14 18 22 29 20 4 29 5 4 -999 -999 -999
P11196 2031 3 0 7 13 59 75 64 6 22 80 58 26 50 93 3 7 20 7 16 10 3 1 0 0 0 0 0 0 0 9 8 27
P11196 2031 4 20 28 12 1 9 15 26 16 29 31 25 22 64 10 1 0 0 0 0 0 0 0 0 0 0 0 0 0 0 0 -999
P11196 2031 5 16 17 22 10 12 6 4 7 0 9 30 8 0 0 9 6 5 0 0 0 0 0 0 0 0 14 21 16 0 0 0
P11196 2031 6 0 0 0 0 0 0 49 21 3 0 0 0 0 0 19 0 0 0 0 0 0 0 0 0 0 0 0 0 0 0 -999
P11196 2031 7 0 0 0 0 0 0 0 0 0 0 0 30 20 12 12 9 10 9 0 0 0 0 8 0 11 0 0 0 0 0 0
P11196 2031 8 0 0 0 0 0 0 0 0 0 0 10 9 0 0 0 0 0 0 0 0 0 0 0 0 0 0 0 0 0 0 0
P11196 2031 9 0 0 0 0 0 0 0 0 0 0 6 4 0 0 0 0 0 0 0 0 0 62 48 14 20 19 40 17 26 0 -999
P11196 2031 10 0 0 12 14 0 0 10 11 41 0 0 0 0 0 0 0 10 0 0 15 17 30 0 0 53 0 0 0 0 24 10
P11196 2031 11 6 12 48 87 54 38 27 50 20 23 38 21 39 85 90 70 26 55 58 73 91 47 16 13 48 40 44 53 38 24 -999
P11196 2031 12 48 101 88 50 82 50 74 45 21 16 11 0 0 0 19 26 19 16 7 4 44 42 36 39 54 19 8 66 16 41 20
P11196 2032 1 9 0 49 86 106 67 94 93 48 2 16 71 12 0 37 8 0 0 12 15 1 2 3 1 5 22 32 39 46 87 41
P11196 2032 2 3 7 0 0 5 18 29 16 0 0 45 60 11 0 0 0 0 0 0 0 0 10 0 0 0 0 0 0 -999 -999 -999
P11196 2032 3 0 0 0 0 0 0 0 0 0 23 18 17 7 2 2 0 0 0 0 0 0 0 0 0 0 0 0 8 11 16 6
P11196 2032 4 60 49 15 38 49 30 61 78 62 15 5 0 0 26 24 36 28 6 0 7 0 5 7 48 46 5 0 0 0 0 -999
P11196 2032 5 12 11 17 6 0 0 0 0 0 0 0 12 3 4 9 16 11 12 5 11 0 13 9 5 14 5 3 8 17 41 58
P11196 2032 6 0 0 0 0 0 0 0 17 22 35 0 0 0 0 0 0 12 6 0 0 0 0 0 0 0 0 0 0 0 0 -999
P11196 2032 7 0 0 0 0 0 0 0 0 0 0 0 0 0 0 0 0 0 0 0 0 0 0 0 0 0 0 0 0 0 0 0
P11196 2032 8 0 0 0 0 0 0 0 0 0 0 0 0 0 0 0 0 0 0 0 0 0 0 0 0 0 0 0 0 0 0 0
P11196 2032 9 0 0 0 0 0 0 0 0 0 0 42 9 18 27 18 41 40 7 0 0 0 0 0 0 0 0 0 0 0 0 -999
P11196 2032 10 0 27 48 13 0 0 14 24 24 8 0 0 5 9 71 47 31 0 0 14 23 22 104 22 5 0 0 55 93 13 32
P11196 2032 11 5 19 39 60 36 0 0 0 0 0 0 0 0 0 0 0 0 14 0 0 6 16 22 20 27 20 58 34 65 108 -999
P11196 2032 12 56 45 39 56 0 0 0 0 0 0 0 0 0 0 0 0 0 0 8 18 13 0 0 10 16 0 10 0 0 0 0
P11196 2033 1 12 20 63 82 87 58 70 72 91 99 54 38 82 4 35 85 32 0 36 0 0 0 16 8 17 30 69 75 10 43 10
P11196 2033 2 2 0 0 0 8 6 17 35 46 17 113 78 41 0 0 0 0 0 24 14 19 3 5 46 8 14 0 0 -999 -999 -999
P11196 2033 3 10 3 3 0 3 2 16 6 7 20 43 33 13 7 0 0 0 0 0 0 23 14 20 0 0 0 17 52 7 15 0
P11196 2033 4 0 0 0 28 91 37 11 11 19 22 25 32 42 23 9 95 133 82 40 23 30 60 32 19 65 13 20 0 34 10 -999
P11196 2033 5 5 0 31 41 0 0 0 6 7 4 12 20 17 40 8 7 59 42 18 23 65 17 11 17 0 0 0 0 0 0 0
P11196 2033 6 0 0 0 0 0 0 0 0 0 0 0 0 0 0 0 0 0 0 0 0 0 0 0 0 0 0 0 0 0 0 -999
P11196 2033 7 0 0 0 0 0 0 0 0 0 0 0 0 0 0 0 0 0 0 0 0 0 0 0 0 0 0 7 0 0 0 0
P11196 2033 8 0 0 0 0 0 0 0 0 0 0 0 0 0 0 0 0 0 0 0 0 0 0 0 0 0 0 0 0 12 51 16
P11196 2033 9 0 0 0 0 0 0 19 36 0 0 0 0 0 29 42 59 0 0 0 0 0 0 0 0 0 0 0 0 0 7 -999
P11196 2033 10 3 0 7 39 103 80 80 58 15 59 96 84 69 0 0 0 0 0 0 0 0 0 28 25 28 7 0 0 14 15 8
P11196 2033 11 24 44 85 118 13 10 12 3 15 13 13 0 0 0 0 9 18 4 2 8 5 15 0 0 0 0 0 0 0 0 -999
P11196 2033 12 0 8 0 5 8 0 0 16 2 6 23 9 2 0 0 0 0 0 0 0 0 0 0 0 0 0 0 0 0 0 0
P11196 2034 1 0 6 26 29 33 2 15 6 15 29 74 58 102 85 98 35 55 22 21 0 2 2 3 0 0 0 0 0 0 0 0
P11196 2034 2 0 0 0 0 0 0 10 0 0 7 1 1 1 3 27 12 7 6 8 6 4 0 0 0 5 0 17 33 -999 -999 -999
P11196 2034 3 31 38 43 39 41 29 25 29 0 0 0 0 8 4 3 2 1 2 2 0 0 0 23 41 17 5 0 0 0 0 0
P11196 2034 4 0 0 0 0 0 0 0 0 0 0 0 0 0 0 0 14 0 12 8 11 49 3 0 0 0 0 0 17 18 5 -999
P11196 2034 5 0 0 0 0 0 0 0 0 0 6 0 0 0 0 0 0 0 0 0 0 0 0 0 0 8 4 4 1 0 6 0
P11196 2034 6 7 0 0 10 41 25 8 1 0 0 0 0 0 0 0 0 0 0 0 0 0 0 0 0 0 0 0 0 0 0 -999
P11196 2034 7 0 0 0 0 0 0 0 5 8 14 11 0 0 0 0 0 0 0 0 0 0 0 0 0 0 11 0 0 0 0 10
P11196 2034 8 34 32 12 5 0 0 0 0 0 0 0 0 0 0 0 0 0 0 0 0 0 0 0 0 0 0 0 0 0 0 0
P11196 2034 9 0 0 0 0 0 0 0 0 0 0 0 0 0 0 0 0 0 0 0 0 0 0 0 0 0 34 0 0 0 40 -999
P11196 2034 10 21 7 43 29 70 69 4 0 0 51 23 5 4 12 0 14 4 0 0 0 0 0 0 15 35 41 12 43 31 0 0
P11196 2034 11 0 0 0 0 0 16 39 30 59 14 0 36 11 0 0 0 0 0 0 0 9 29 31 74 43 91 4 34 32 37 -999
P11196 2034 12 14 2 0 0 7 22 51 62 27 5 14 4 13 61 96 14 0 24 8 16 28 8 0 9 30 31 30 4 48 16 61
P11196 2035 1 12 10 16 48 38 25 0 42 14 7 22 19 46 29 27 30 61 7 0 27 88 126 102 69 5 8 2 0 0 0 0
P11196 2035 2 0 25 5 5 0 0 25 3 7 4 15 3 2 0 0 0 0 4 5 14 61 69 104 101 80 6 28 71 -999 -999 -999
P11196 2035 3 42 79 43 34 28 29 42 82 20 3 6 7 46 88 103 59 21 14 47 44 88 77 68 14 58 76 6 46 21 61 56
P11196 2035 4 50 52 49 55 83 68 54 79 118 32 24 40 9 23 0 0 0 0 0 0 114 121 85 35 11 5 6 31 44 31 -999
P11196 2035 5 18 3 0 0 0 0 0 10 18 0 0 0 0 0 0 0 0 0 0 0 0 0 51 50 3 0 0 0 0 0 32
P11196 2035 6 19 0 0 9 15 38 21 7 51 11 33 0 0 0 0 0 0 0 0 0 0 0 0 0 0 0 0 0 0 0 -999
P11196 2035 7 0 0 0 0 0 0 0 0 0 0 0 0 0 0 0 0 0 0 0 0 0 0 0 0 0 0 0 0 0 0 0
P11196 2035 8 0 0 0 0 0 0 0 0 0 0 0 0 0 0 0 0 0 0 0 0 0 0 0 0 0 0 0 0 0 0 0
P11196 2035 9 0 0 0 0 0 0 0 0 0 0 0 0 0 0 0 0 7 0 0 0 0 0 44 0 0 0 0 0 0 0 -999
P11196 2035 10 0 0 39 30 7 0 0 0 0 0 0 0 35 58 19 0 0 0 0 41 32 9 0 0 0 0 0 0 0 0 0
P11196 2035 11 0 0 19 22 24 19 14 7 0 0 0 0 0 0 0 0 0 0 0 0 0 0 0 0 8 0 0 0 7 0 -999
P11196 2035 12 30 30 33 47 91 104 121 78 21 46 5 2 7 22 0 0 0 0 56 73 80 57 0 0 0 0 0 0 0 0 7
P11196 2036 1 4 3 2 2 6 11 3 2 1 8 28 26 14 2 0 4 15 66 67 12 55 38 13 13 12 0 22 11 12 5 15
P11196 2036 2 3 1 0 0 0 7 26 35 30 8 10 34 71 22 2 2 6 3 0 0 0 0 0 0 0 0 9 24 -999 -999 -999
P11196 2036 3 51 69 21 45 41 57 2 0 0 0 0 0 0 11 8 10 0 0 0 10 6 0 0 2 1 3 5 21 8 17 25
P11196 2036 4 28 57 40 2 1 2 2 0 6 0 0 0 0 0 0 0 0 0 0 0 0 0 4 15 21 21 6 9 0 0 -999
P11196 2036 5 0 9 8 9 4 3 9 0 0 0 23 27 16 7 5 8 6 2 2 0 0 0 0 0 0 0 0 0 0 0 20
P11196 2036 6 38 40 16 0 0 0 0 0 0 0 0 0 0 0 10 0 0 7 27 4 0 0 0 0 0 0 0 0 0 0 -999
P11196 2036 7 0 0 0 0 0 0 0 0 0 0 0 0 0 0 0 0 0 0 0 0 0 0 0 0 0 0 0 0 0 0 0
P11196 2036 8 0 0 0 0 0 0 0 0 0 0 0 0 0 0 0 0 0 0 0 0 0 0 0 0 0 0 0 0 0 0 0
P11196 2036 9 0 0 0 0 0 0 0 0 0 16 0 0 0 0 0 0 0 0 0 0 0 0 0 0 0 0 0 0 0 0 -999
P11196 2036 10 0 16 4 0 16 4 0 0 0 0 54 0 0 11 10 3 0 0 0 0 0 0 0 0 0 27 36 29 73 90 22
P11196 2036 11 11 0 0 0 14 26 9 69 32 4 13 19 0 62 48 47 5 0 0 33 5 0 0 0 0 17 64 51 21 2 -999
P11196 2036 12 5 9 45 56 50 3 6 0 0 0 0 36 13 15 10 0 0 0 17 0 13 23 38 8 17 20 6 5 7 0 0
P11196 2037 1 0 0 0 0 5 6 10 0 26 98 15 82 64 2 0 0 0 0 65 66 76 71 39 117 127 19 114 89 124 11 4
P11196 2037 2 0 0 0 23 22 16 23 18 17 16 4 0 0 0 0 0 0 0 0 0 0 0 13 12 0 10 56 9 -999 -999 -999
P11196 2037 3 1 0 0 0 0 0 0 6 7 16 11 10 21 45 85 46 23 14 4 0 13 11 35 52 52 9 8 14 25 48 0
P11196 2037 4 35 0 14 14 22 38 9 12 23 10 13 11 14 54 96 28 38 29 5 5 28 42 33 20 13 0 0 3 0 0 -999
P11196 2037 5 0 0 0 0 10 0 0 0 5 5 6 10 0 12 10 10 17 17 5 8 13 29 47 26 78 41 8 4 13 14 0
P11196 2037 6 0 0 0 0 0 0 0 0 8 0 0 0 0 0 0 17 29 33 23 9 0 0 0 0 0 0 0 0 0 0 -999
P11196 2037 7 0 0 0 0 0 0 0 0 0 0 0 0 0 0 0 0 0 0 0 0 0 0 0 0 0 0 0 0 0 0 0
P11196 2037 8 0 0 0 0 0 0 0 0 0 0 0 0 0 0 0 0 0 0 0 0 0 0 0 0 0 0 0 0 0 0 0
P11196 2037 9 0 0 0 0 0 0 0 0 0 0 0 0 0 0 0 0 3 2 0 0 0 0 0 0 0 0 0 0 13 8 -999
P11196 2037 10 14 0 0 0 0 0 0 0 11 23 58 8 0 0 0 0 0 31 15 5 0 0 0 16 16 14 0 0 0 0 0
P11196 2037 11 0 0 0 0 0 0 15 20 7 0 24 36 37 60 48 2 0 0 0 49 21 25 48 49 26 34 60 50 34 6 -999
P11196 2037 12 39 5 25 83 60 27 32 37 113 52 82 18 28 27 24 15 50 47 5 1 0 0 32 7 0 0 0 5 9 12 16
P11196 2038 1 15 37 9 36 46 2 34 5 11 15 18 13 22 65 36 7 71 7 0 0 0 15 28 81 11 47 51 53 64 76 12
P11196 2038 2 0 19 0 64 87 53 33 10 15 14 0 0 0 0 0 19 5 19 26 0 0 0 21 6 0 0 0 28 -999 -999 -999
P11196 2038 3 44 16 22 23 104 62 44 37 26 23 15 0 0 0 0 0 0 22 26 47 38 4 4 11 0 21 10 19 19 12 24
P11196 2038 4 18 4 0 0 0 0 11 20 8 0 0 0 0 25 19 6 0 0 0 0 0 32 8 0 14 24 3 0 0 9 -999
P11196 2038 5 10 5 0 9 17 0 24 6 0 0 0 0 0 0 7 0 0 79 66 30 8 5 2 3 12 7 5 6 6 4 13
P11196 2038 6 10 11 0 21 0 0 0 0 0 0 0 0 0 0 0 0 0 0 0 0 0 0 0 0 0 0 0 0 0 0 -999
P11196 2038 7 0 0 0 0 0 0 0 0 0 0 0 0 0 0 0 0 0 0 0 0 0 0 0 0 0 0 0 0 0 0 0
P11196 2038 8 0 0 0 0 0 0 0 0 0 0 0 0 0 0 0 0 0 0 0 0 0 0 20 27 0 0 0 0 0 0 0
P11196 2038 9 0 0 0 0 0 0 0 0 0 0 0 0 0 0 0 0 0 0 0 0 0 26 0 33 0 0 0 0 0 0 -999
P11196 2038 10 0 0 0 0 0 0 0 0 0 0 0 0 0 0 0 0 0 0 13 0 0 22 53 10 0 0 0 0 13 0 0
P11196 2038 11 55 17 40 10 8 22 21 0 32 25 24 69 27 56 103 46 27 9 5 10 0 0 0 10 9 0 0 8 17 5 -999
P11196 2038 12 16 34 27 39 14 8 7 21 5 12 83 68 95 19 64 54 53 60 99 54 90 14 0 0 0 17 29 18 0 0 0
P11196 2039 1 0 17 21 17 37 5 6 4 3 0 0 0 0 0 0 21 46 3 10 18 11 6 31 39 27 2 3 2 5 7 6
P11196 2039 2 17 10 0 3 0 0 0 0 0 0 17 0 7 13 13 20 28 2 16 0 0 0 9 53 86 5 6 14 -999 -999 -999
P11196 2039 3 9 1 0 0 0 0 0 30 19 0 0 52 17 44 17 13 11 15 0 0 0 0 8 0 0 11 0 0 0 0 0
P11196 2039 4 0 0 0 0 0 0 0 0 0 0 0 0 0 40 15 2 0 0 15 5 9 5 4 2 0 0 0 0 0 0 -999
P11196 2039 5 0 0 0 0 0 0 0 0 0 0 0 0 0 0 0 29 12 8 4 4 4 10 8 3 2 0 0 0 0 0 0
P11196 2039 6 23 22 51 82 35 5 0 0 0 0 0 0 0 0 0 0 0 0 0 0 0 0 0 0 0 0 0 11 11 0 -999
P11196 2039 7 0 0 0 0 0 0 0 0 0 0 0 0 0 0 0 0 0 0 0 0 0 0 0 0 0 0 0 0 0 0 0
P11196 2039 8 0 0 0 0 0 0 0 0 0 0 0 0 0 0 0 0 0 0 0 0 0 0 0 0 0 0 0 0 0 0 0
P11196 2039 9 0 0 0 0 0 0 0 0 0 0 0 0 0 0 0 0 0 0 0 32 0 0 0 0 0 0 0 0 0 0 -999
P11196 2039 10 0 0 0 0 0 0 0 0 0 0 0 0 0 4 4 5 3 7 7 46 34 100 78 22 20 16 121 79 70 131 22
P11196 2039 11 3 4 0 0 0 0 0 0 30 23 41 38 12 15 13 15 3 35 88 98 35 15 44 0 0 0 28 89 9 17 -999
P11196 2039 12 46 57 22 61 87 49 24 20 56 11 0 0 0 18 20 0 16 26 64 85 8 18 18 29 27 18 20 65 36 48 33
P11196 2040 1 23 12 0 21 65 71 54 20 44 45 38 45 49 28 29 76 10 32 48 18 0 0 7 0 0 5 0 0 0 0 0
P11196 2040 2 0 0 8 10 1 0 2 3 3 8 3 3 9 5 2 1 1 2 2 3 2 2 1 0 0 0 0 0 -999 -999 -999
P11196 2040 3 0 0 0 0 0 0 0 0 0 0 0 0 0 0 0 0 0 0 0 0 0 0 53 90 90 79 31 13 48 72 30
P11196 2040 4 13 68 80 41 5 7 12 12 0 0 0 0 13 12 0 33 69 13 0 0 0 7 6 7 47 34 5 5 0 8 -999
P11196 2040 5 2 2 9 3 2 2 0 0 0 0 0 0 0 0 8 0 0 4 8 15 13 18 0 0 0 0 0 0 0 0 0
P11196 2040 6 6 2 0 0 0 0 0 0 0 0 0 0 0 0 0 0 0 0 0 0 0 0 0 0 0 0 0 0 0 0 -999
P11196 2040 7 0 0 0 0 0 0 0 0 0 0 0 0 0 0 0 0 0 0 0 0 0 0 0 0 0 0 0 0 0 0 0
P11196 2040 8 0 0 0 0 0 0 0 0 0 0 0 0 0 0 0 0 0 0 0 0 0 0 0 0 0 0 0 0 0 0 0
P11196 2040 9 0 0 0 0 0 0 0 0 0 0 0 0 0 0 6 3 8 0 0 0 0 0 18 13 0 0 19 22 13 3 -999
P11196 2040 10 7 0 0 0 0 0 22 0 0 0 0 0 0 0 0 0 18 27 35 13 4 5 8 0 0 25 23 0 0 0 0
P11196 2040 11 10 37 23 34 20 11 96 134 111 23 9 27 22 8 19 14 7 7 5 0 0 0 0 29 9 0 0 0 0 0 -999
P11196 2040 12 0 0 0 0 36 47 54 6 27 2 0 0 16 24 5 0 0 0 0 0 18 9 0 6 3 0 0 48 14 20 30
P11196 2041 1 7 0 0 0 0 0 8 4 0 0 0 0 6 17 18 0 0 0 0 15 44 64 96 94 71 88 126 132 44 17 0
P11196 2041 2 0 0 0 0 33 42 71 103 66 78 40 61 82 11 65 55 65 49 59 23 99 80 12 61 29 14 3 2 -999 -999 -999
P11196 2041 3 11 4 2 0 9 3 7 19 37 7 5 27 7 12 16 40 36 82 117 62 22 55 40 53 25 75 49 33 39 49 37
P11196 2041 4 1 0 0 0 0 0 0 0 0 0 2 4 12 9 9 4 21 70 53 34 36 19 22 73 79 27 3 14 0 0 -999
P11196 2041 5 0 0 0 34 0 0 0 0 0 36 20 8 3 0 0 0 0 11 25 41 28 22 35 41 25 35 79 60 15 16 8
P11196 2041 6 4 0 0 0 22 0 19 0 0 0 0 0 0 0 0 0 0 0 0 0 0 0 0 0 0 0 0 0 0 0 -999
P11196 2041 7 0 0 0 0 27 0 0 0 0 24 12 0 0 0 11 16 10 14 5 0 0 0 0 0 0 38 23 21 0 0 0
P11196 2041 8 0 0 0 0 0 0 0 0 0 0 0 0 0 0 0 0 0 0 0 0 0 0 0 0 0 0 0 0 6 6 0
P11196 2041 9 0 0 0 0 0 0 0 0 0 0 0 0 0 0 0 0 0 0 0 0 0 0 24 35 85 19 0 0 0 0 -999
P11196 2041 10 0 44 13 9 0 0 0 0 0 0 28 23 0 0 0 0 0 0 0 0 0 34 0 0 0 13 0 0 19 0 0
P11196 2041 11 7 0 0 24 15 38 37 27 36 37 46 38 69 76 75 64 111 106 37 85 76 103 61 124 76 21 56 75 49 33 -999
P11196 2041 12 9 44 13 33 89 22 0 0 0 0 32 19 29 37 50 73 73 70 41 64 19 3 15 5 0 3 2 4 0 7 0
P11196 2042 1 0 0 7 0 0 21 68 27 11 8 10 7 0 0 0 0 0 0 0 0 0 0 0 0 0 0 0 0 0 0 0
P11196 2042 2 7 3 0 0 0 0 0 0 0 0 0 0 0 0 0 0 0 0 5 0 0 0 0 0 21 0 0 0 -999 -999 -999
P11196 2042 3 0 0 0 0 0 5 12 0 0 0 0 6 8 11 20 21 0 0 50 97 12 17 2 56 22 12 11 12 0 21 73
P11196 2042 4 17 23 13 14 36 44 62 4 26 11 20 31 21 37 7 20 9 0 0 0 0 57 87 40 31 11 10 17 21 50 -999
P11196 2042 5 70 38 22 2 2 3 4 5 8 9 5 0 0 0 0 0 0 0 0 0 0 0 0 0 0 0 0 0 0 6 8
P11196 2042 6 6 11 7 5 5 0 21 16 0 0 0 0 0 0 0 0 0 0 0 0 0 0 0 0 0 0 0 0 0 0 -999
P11196 2042 7 0 0 0 0 0 0 0 0 0 0 0 0 0 0 34 12 0 0 0 0 0 10 4 0 0 0 0 0 0 0 0
P11196 2042 8 0 0 0 0 0 0 0 0 0 0 0 0 0 0 0 0 0 0 0 0 0 0 0 0 0 0 0 0 0 0 0
P11196 2042 9 0 0 0 0 0 0 0 0 0 0 0 0 0 0 0 0 0 0 0 0 0 0 0 0 0 0 0 0 0 0 -999
P11196 2042 10 0 0 28 11 9 0 0 28 26 0 0 0 33 22 12 8 16 31 19 86 49 21 20 20 0 0 29 26 12 0 0
P11196 2042 11 0 0 0 0 0 0 41 35 29 0 0 0 0 0 0 0 0 0 15 48 5 0 0 0 0 10 5 7 40 17 -999
P11196 2042 12 14 15 38 84 30 47 7 31 54 57 39 70 61 68 74 18 80 87 32 35 37 39 82 68 2 10 5 0 0 0 8
P11196 2043 1 8 9 8 20 7 47 9 4 0 0 0 20 66 108 41 63 28 33 19 69 51 75 56 43 2 6 12 26 41 2 0
P11196 2043 2 4 0 0 8 13 58 47 0 0 0 0 0 7 2 2 1 0 0 0 0 4 3 6 10 11 10 0 0 -999 -999 -999
P11196 2043 3 0 22 31 45 16 18 41 98 122 22 36 17 27 0 0 0 0 0 59 7 72 33 51 10 44 3 17 28 10 23 19
P11196 2043 4 28 6 0 17 0 0 0 0 0 19 42 0 0 0 12 30 44 6 12 73 2 0 0 0 0 0 0 0 0 4 -999
P11196 2043 5 0 0 0 0 0 0 0 0 0 0 0 0 0 0 0 0 0 0 0 0 0 43 54 31 7 8 36 30 9 13 19
P11196 2043 6 6 9 3 0 0 0 0 4 0 0 0 0 0 0 0 0 0 0 0 0 0 0 0 0 0 0 0 0 0 0 -999
P11196 2043 7 0 0 0 0 0 0 0 0 0 0 0 0 0 0 0 0 0 0 0 0 0 0 0 0 0 0 0 0 0 0 0
P11196 2043 8 0 0 0 0 0 0 0 0 0 0 0 0 0 0 0 0 0 0 0 0 0 0 0 0 22 19 6 10 11 0 0
P11196 2043 9 0 0 0 0 0 0 0 0 0 0 0 0 0 0 0 0 0 0 0 0 0 0 0 0 0 0 0 0 9 19 -999
P11196 2043 10 24 45 12 0 0 0 0 0 0 13 5 4 0 0 31 0 53 5 0 0 0 29 43 8 22 33 6 43 27 13 19
P11196 2043 11 0 0 0 0 0 0 0 0 0 0 39 22 80 77 0 0 0 0 0 0 0 2 2 41 49 47 4 58 39 21 -999
P11196 2043 12 12 31 3 0 0 0 34 14 24 47 50 58 13 23 45 2 0 33 110 31 115 56 0 0 0 44 54 11 5 5 0
P11196 2044 1 0 13 15 4 5 26 8 8 4 15 22 0 0 0 28 13 101 99 29 5 17 26 3 0 0 9 15 90 15 5 0
P11196 2044 2 0 0 0 0 16 22 0 0 30 48 18 4 0 0 0 0 0 0 0 0 0 0 4 45 68 5 44 28 -999 -999 -999
P11196 2044 3 8 45 64 42 56 6 4 57 22 5 3 6 0 0 0 12 16 52 32 6 3 2 0 0 8 22 68 98 12 83 3
P11196 2044 4 1 4 5 0 0 0 0 0 0 0 0 8 5 48 11 5 4 0 0 0 0 12 0 0 10 28 44 8 0 0 -999
P11196 2044 5 0 0 0 0 58 6 0 14 28 31 9 0 0 15 6 0 0 19 56 55 25 8 4 0 19 25 0 0 0 7 2
P11196 2044 6 0 0 0 0 21 20 11 6 0 0 0 0 0 0 0 0 0 0 0 0 0 0 0 0 21 8 7 0 14 0 -999
P11196 2044 7 31 0 0 0 0 0 0 0 0 0 0 0 0 0 0 0 0 0 0 0 0 0 0 0 0 0 0 0 0 0 0
P11196 2044 8 0 0 0 0 0 0 0 0 0 0 0 0 0 0 0 0 0 0 0 0 0 0 0 0 0 0 0 0 0 0 0
P11196 2044 9 0 0 0 0 0 0 0 0 0 0 0 0 0 0 0 0 0 0 0 20 0 0 0 35 49 21 0 0 0 59 -999
P11196 2044 10 52 16 27 0 0 0 0 0 0 0 0 0 0 0 17 17 14 0 48 66 38 5 0 0 0 0 0 0 0 0 0
P11196 2044 11 14 10 21 5 31 10 29 48 17 5 29 56 34 47 16 37 73 42 55 73 86 62 51 116 108 119 92 31 43 30 -999
P11196 2044 12 23 0 0 0 12 5 0 0 31 52 9 12 24 12 6 0 0 0 7 13 4 43 10 4 2 2 11 6 49 6 32
P11196 2045 1 89 50 15 30 28 34 78 65 8 10 80 40 58 68 23 63 34 2 0 0 0 0 4 0 0 0 0 0 0 0 0
P11196 2045 2 14 39 32 11 30 48 12 2 0 0 13 13 31 2 13 4 4 5 1 0 13 6 0 0 0 0 0 0 -999 -999 -999
P11196 2045 3 0 0 0 0 0 6 15 23 18 0 0 30 47 5 35 7 4 4 3 3 3 0 6 8 9 10 7 0 0 0 0
P11196 2045 4 31 0 0 12 26 70 80 3 15 27 49 19 0 16 0 17 0 0 0 0 0 0 0 0 0 0 0 0 2 0 -999
P11196 2045 5 21 7 0 0 0 0 0 34 13 7 1 0 6 0 0 0 0 0 0 17 28 7 0 0 0 0 0 0 0 0 4
P11196 2045 6 3 2 0 0 0 0 0 0 9 6 7 12 12 0 0 20 10 0 0 5 15 22 30 24 21 21 9 0 0 0 -999
P11196 2045 7 0 0 0 0 0 0 0 0 0 0 0 0 0 0 0 0 0 0 0 0 0 0 0 0 0 0 0 0 0 0 0
P11196 2045 8 0 0 0 0 0 0 0 0 0 0 0 0 0 0 0 0 0 0 0 0 0 0 0 0 0 0 0 0 0 0 0
P11196 2045 9 0 0 0 0 0 0 0 0 0 0 0 0 5 0 0 0 12 0 0 0 0 0 0 0 0 0 0 0 0 40 -999
P11196 2045 10 8 0 0 50 12 0 0 0 0 0 0 0 0 0 75 68 72 59 24 0 0 0 0 0 0 0 0 0 0 0 0
P11196 2045 11 25 25 7 6 13 9 0 0 0 0 6 4 10 27 37 70 134 87 9 0 0 0 36 89 15 55 101 73 49 33 -999
P11196 2045 12 32 30 32 9 26 8 1 3 2 6 0 0 0 0 0 0 0 34 22 33 46 27 24 30 34 38 32 14 10 0 0
P11196 2046 1 12 34 78 66 91 59 44 49 23 25 107 64 77 16 74 41 37 34 24 46 12 4 7 3 6 51 87 77 46 26 27
P11196 2046 2 50 82 42 10 7 21 22 11 4 2 15 17 36 35 55 48 22 6 16 12 14 99 20 8 33 42 75 75 -999 -999 -999
P11196 2046 3 58 93 126 26 19 50 100 114 137 73 90 63 90 40 99 40 116 61 14 30 71 13 5 5 0 0 0 51 41 1 9
P11196 2046 4 1 6 13 60 10 3 5 59 9 5 15 15 18 19 68 7 38 40 72 56 20 10 56 73 28 14 9 24 37 6 -999
P11196 2046 5 0 0 0 0 0 0 8 5 0 0 0 0 0 28 14 30 12 6 1 2 2 0 0 0 0 23 18 7 9 3 0
P11196 2046 6 0 0 0 0 0 0 0 0 0 0 0 0 0 0 0 2 0 17 24 8 3 0 0 0 0 0 0 0 0 0 -999
P11196 2046 7 0 0 0 0 0 0 0 33 0 0 0 0 0 0 0 0 0 0 0 0 0 0 0 0 0 0 0 0 0 0 0
P11196 2046 8 0 0 0 0 0 0 0 0 0 0 0 0 0 25 8 5 0 23 0 0 0 0 0 0 0 0 0 0 0 0 0
P11196 2046 9 0 0 0 0 0 0 0 0 0 0 0 0 0 0 0 0 0 0 0 0 0 0 0 0 0 0 0 0 16 0 -999
P11196 2046 10 0 0 26 0 6 35 33 80 4 0 0 0 0 0 0 0 0 0 0 22 16 83 44 24 71 13 38 41 22 91 70
P11196 2046 11 10 0 0 0 47 43 16 59 46 28 3 0 0 16 4 0 0 0 0 0 0 0 15 21 33 16 8 0 50 43 -999
P11196 2046 12 93 78 75 24 55 118 134 40 25 43 35 70 20 90 132 71 44 59 8 3 12 0 6 0 0 0 0 0 0 0 0
P11196 2047 1 0 0 0 0 0 0 25 59 6 23 41 17 17 33 80 131 125 22 85 10 42 39 13 0 0 0 0 0 0 0 0
P11196 2047 2 13 23 24 24 26 10 30 30 21 14 6 8 13 57 2 5 0 0 4 1 0 0 0 35 43 5 47 15 -999 -999 -999
P11196 2047 3 2 16 34 8 23 54 28 10 0 0 0 0 0 0 0 0 0 0 0 0 0 14 77 22 11 9 26 5 0 38 32
P11196 2047 4 96 4 28 20 12 15 17 11 39 72 104 56 11 21 66 38 3 33 16 3 0 8 0 0 0 0 9 11 0 0 -999
P11196 2047 5 0 0 0 0 0 0 0 0 0 25 18 21 36 17 0 0 0 0 0 0 0 0 0 0 0 0 0 0 0 0 0
P11196 2047 6 0 0 0 0 0 0 0 0 0 0 0 0 34 13 8 14 3 4 0 0 0 0 0 0 0 0 0 0 0 0 -999
P11196 2047 7 0 14 14 14 13 7 0 0 0 0 0 13 0 31 0 0 10 9 17 35 23 0 0 0 0 0 0 0 0 0 0
P11196 2047 8 0 0 0 0 0 0 0 0 0 0 0 0 0 0 0 0 0 0 0 0 0 0 0 0 0 0 0 0 0 0 0
P11196 2047 9 0 0 0 0 0 0 0 0 0 0 0 0 0 34 44 42 18 0 0 0 0 0 0 0 29 0 0 0 0 0 -999
P11196 2047 10 22 36 71 53 44 51 66 27 38 107 55 53 22 43 49 41 99 19 82 5 8 35 32 16 0 0 11 4 7 0 0
P11196 2047 11 12 9 35 20 25 29 0 0 26 0 26 13 10 9 26 47 69 15 0 0 0 0 0 0 0 0 0 0 0 0 -999
P11196 2047 12 0 0 0 0 0 0 0 0 0 0 0 0 0 0 4 0 0 0 0 4 0 0 14 17 8 1 1 0 19 5 0
P11196 2048 1 0 24 4 0 0 0 0 0 0 0 28 86 53 63 44 16 0 0 0 0 0 0 0 0 0 0 0 0 0 7 4
P11196 2048 2 2 0 9 5 18 3 4 6 6 16 37 30 15 35 41 29 4 2 1 0 0 0 0 2 0 0 0 0 -999 -999 -999
P11196 2048 3 0 0 0 0 9 8 12 38 51 45 78 19 40 59 18 52 37 29 19 24 50 13 0 24 30 54 29 33 44 30 4
P11196 2048 4 2 2 8 0 0 0 0 0 5 6 0 0 0 0 0 0 0 0 0 0 17 9 51 2 8 6 16 8 7 4 -999
P11196 2048 5 0 35 18 32 22 13 4 0 8 8 5 0 0 26 18 10 26 69 9 16 29 51 15 0 0 0 0 0 0 0 0
P11196 2048 6 0 0 0 0 0 0 0 0 0 0 0 0 0 0 0 0 0 0 0 0 0 0 0 0 0 0 0 0 0 0 -999
P11196 2048 7 0 0 0 0 0 0 0 0 0 0 0 0 0 0 0 0 0 0 0 0 0 0 0 0 0 0 0 0 0 0 0
P11196 2048 8 0 0 0 0 0 0 0 0 0 0 0 0 0 0 0 0 0 0 0 0 0 0 0 0 0 0 0 0 0 0 0
P11196 2048 9 0 0 0 0 0 0 0 0 0 0 12 0 0 0 0 0 25 20 0 0 0 0 0 0 0 0 0 50 69 63 -999
P11196 2048 10 13 12 0 0 0 26 3 0 0 0 0 0 0 0 0 0 0 0 0 14 26 17 8 0 29 37 20 5 0 10 24
P11196 2048 11 8 0 0 0 0 44 13 0 0 0 0 0 0 10 9 23 72 39 31 40 22 0 0 0 0 0 18 0 12 19 -999
P11196 2048 12 42 94 38 14 64 71 2 0 0 0 0 0 0 0 0 0 0 3 4 5 0 0 4 14 0 0 40 44 16 16 0
P11196 2049 1 0 18 29 32 8 0 22 23 6 9 14 23 38 11 0 0 0 16 0 0 9 10 6 7 0 5 9 23 12 16 12
P11196 2049 2 22 0 0 23 0 0 0 0 0 0 9 0 0 0 0 0 0 0 0 0 6 7 13 12 9 24 11 9 -999 -999 -999
P11196 2049 3 5 0 0 0 0 0 0 0 0 0 0 0 0 0 18 13 5 4 0 10 2 11 14 29 11 0 7 8 10 51 12
P11196 2049 4 4 12 3 4 2 0 0 0 0 0 0 0 0 0 0 41 46 7 0 0 0 21 0 0 49 17 3 4 5 3 -999
P11196 2049 5 19 15 13 7 5 6 32 54 82 65 11 29 15 4 3 0 0 0 0 22 58 56 51 75 58 43 43 54 23 7 12
P11196 2049 6 4 0 0 12 18 0 0 0 0 0 0 0 0 0 0 0 0 0 0 0 0 0 0 0 0 0 0 0 0 0 -999
P11196 2049 7 0 4 0 7 0 0 0 0 0 0 0 0 0 0 0 0 0 0 0 0 0 0 0 0 0 0 0 0 0 0 0
P11196 2049 8 0 0 0 0 0 0 0 0 0 0 0 0 0 0 0 0 0 0 0 0 0 0 0 0 0 0 0 0 0 0 0
P11196 2049 9 0 0 0 0 0 0 0 0 0 0 0 0 0 0 0 0 0 0 0 0 30 68 27 6 0 0 0 0 0 0 -999
P11196 2049 10 0 0 0 0 0 14 4 2 0 0 0 13 15 9 11 54 9 0 0 0 0 0 11 14 21 11 0 0 12 12 6
P11196 2049 11 0 31 84 85 71 20 45 70 82 44 119 58 100 72 60 101 113 26 22 15 18 32 11 48 2 0 0 0 0 38 -999
P11196 2049 12 10 72 51 62 12 2 7 18 1 35 6 0 24 3 34 10 9 55 18 87 106 10 10 46 50 50 43 39 44 40 66
P11196 2050 1 107 86 100 101 29 108 13 32 3 14 11 22 29 27 17 28 64 76 13 0 0 0 0 0 17 0 0 8 12 13 2
P11196 2050 2 0 0 0 0 0 0 0 0 0 0 0 0 0 0 11 11 6 0 30 21 17 18 0 38 15 11 0 0 -999 -999 -999
P11196 2050 3 0 35 54 30 29 38 24 0 0 0 22 18 9 10 14 10 59 14 71 33 17 6 0 27 14 25 22 39 40 55 97
P11196 2050 4 69 23 35 22 39 53 53 13 45 13 0 0 29 37 18 23 18 3 0 20 6 3 0 0 17 9 18 2 0 11 -999
P11196 2050 5 6 7 4 7 4 10 5 7 8 0 0 0 0 0 0 17 6 0 16 14 5 8 6 0 0 5 9 9 18 10 7
P11196 2050 6 0 0 0 0 0 0 0 0 0 0 0 0 0 0 0 0 0 0 0 0 0 0 0 0 0 0 0 0 0 0 -999
P11196 2050 7 0 0 0 0 0 0 0 0 0 0 0 0 0 0 0 0 0 0 0 0 0 0 0 0 0 0 0 0 0 0 0
P11196 2050 8 0 0 0 0 0 0 0 0 0 0 0 0 0 0 0 0 0 0 0 0 0 24 44 0 0 18 0 0 0 0 0
P11196 2050 9 0 0 0 0 0 0 0 0 0 0 0 0 0 0 0 0 0 0 0 0 0 0 0 0 0 0 0 0 0 0 -999
P11196 2050 10 53 30 4 5 0 0 0 0 0 0 0 0 0 30 0 0 12 10 0 0 0 21 25 14 34 35 23 11 10 11 21
P11196 2050 11 28 23 13 45 11 65 69 99 81 58 62 61 35 17 0 0 0 27 34 19 22 74 117 49 7 37 83 43 3 31 -999
P11196 2050 12 10 11 13 0 0 0 36 26 15 0 20 14 2 0 0 5 0 13 12 22 3 3 0 0 0 0 0 0 0 0 13
P11196 2051 1 4 20 0 0 0 0 0 0 0 20 0 0 7 16 14 0 10 6 0 0 0 0 0 0 0 0 0 0 0 0 0
P11196 2051 2 0 0 0 0 20 29 0 0 0 0 13 9 0 0 0 26 3 0 0 38 2 0 0 26 4 2 0 0 -999 -999 -999
P11196 2051 3 0 7 3 0 0 0 7 0 14 9 44 63 62 24 0 0 0 0 36 39 19 3 0 0 0 0 0 0 0 10 21
P11196 2051 4 19 12 0 0 0 0 0 0 0 0 21 0 33 24 11 14 11 28 21 62 7 10 17 5 0 0 0 12 0 0 -999
P11196 2051 5 0 0 0 0 0 0 0 0 0 0 13 43 49 12 4 0 0 0 0 0 0 0 0 46 57 41 20 6 0 0 0
P11196 2051 6 0 0 0 0 0 0 0 0 0 0 0 0 0 0 0 0 0 0 0 0 0 0 0 0 0 0 0 0 0 0 -999
P11196 2051 7 0 0 0 0 0 0 0 0 0 0 0 0 0 0 0 0 0 0 0 0 0 0 0 0 0 0 0 0 0 0 0
P11196 2051 8 0 0 0 0 0 0 0 0 0 0 0 0 0 0 0 0 0 0 0 44 0 0 0 8 0 0 0 0 0 0 0
P11196 2051 9 0 0 0 0 0 0 0 0 0 0 19 0 45 18 0 0 0 0 0 0 0 0 0 0 0 0 0 0 0 0 -999
P11196 2051 10 0 0 0 0 57 0 0 0 0 10 12 12 0 0 0 0 0 0 0 0 0 0 0 5 8 3 39 91 89 75 65
P11196 2051 11 40 65 48 14 9 2 0 8 4 8 6 0 0 14 10 6 3 11 0 0 6 6 4 17 20 0 0 0 10 0 -999
P11196 2051 12 0 0 0 0 37 19 12 85 96 9 48 85 27 21 70 126 71 76 12 9 0 0 0 0 0 0 0 0 0 0 0
P11196 2052 1 0 0 0 0 0 0 0 16 11 0 0 0 0 21 25 5 0 0 0 0 0 0 0 8 3 0 0 27 51 60 44
P11196 2052 2 16 26 29 49 15 107 127 34 14 33 17 7 3 2 16 42 29 37 26 27 5 0 0 34 40 14 0 0 -999 -999 -999
P11196 2052 3 0 0 0 0 0 0 0 0 0 0 0 0 0 14 27 97 44 69 88 81 7 18 100 2 0 7 0 0 0 0 0
P11196 2052 4 0 7 0 0 0 0 46 13 2 0 10 15 19 15 0 23 16 5 0 0 0 0 8 0 0 0 0 0 8 3 -999
P11196 2052 5 0 0 0 0 0 0 0 0 0 0 4 12 27 35 27 19 21 22 58 12 2 0 0 0 6 0 0 0 0 0 0
P11196 2052 6 0 0 0 0 0 0 0 0 0 0 0 0 0 0 0 0 0 0 0 0 0 0 0 0 20 20 0 0 0 0 -999
P11196 2052 7 0 0 0 12 0 0 0 0 0 0 0 0 0 0 0 0 0 0 0 0 0 0 0 0 0 0 0 0 0 11 16
P11196 2052 8 49 35 32 9 0 0 0 0 0 0 0 0 0 0 0 0 0 0 0 0 0 0 0 0 0 0 0 0 0 0 0
P11196 2052 9 0 0 0 0 0 0 0 0 0 0 0 0 0 0 0 0 0 0 0 0 0 0 0 9 0 0 0 0 0 0 -999
P11196 2052 10 0 0 0 0 0 0 0 0 0 0 0 0 0 0 0 0 0 0 10 0 0 0 0 0 37 26 0 0 0 0 25
P11196 2052 11 7 56 25 14 0 0 0 0 0 9 6 0 3 0 0 0 5 22 74 32 115 72 37 5 39 34 48 27 17 16 -999
P11196 2052 12 5 21 52 27 2 1 0 0 0 0 0 7 14 54 14 1 12 49 10 16 42 39 27 24 29 1 13 4 41 13 10
P11196 2053 1 11 23 21 17 14 8 13 18 66 81 120 78 91 13 20 60 53 10 1 0 0 0 0 0 0 0 21 38 27 33 61
P11196 2053 2 53 65 55 20 77 31 76 26 55 31 0 0 0 0 23 16 20 18 0 6 0 6 11 39 38 93 103 30 -999 -999 -999
P11196 2053 3 8 0 0 0 0 0 0 0 0 0 0 0 0 0 5 0 0 0 0 0 0 0 0 0 0 0 0 11 13 6 24
P11196 2053 4 24 37 6 7 6 0 0 0 0 0 0 17 35 66 86 8 10 0 0 0 0 0 0 39 93 92 51 17 0 0 -999
P11196 2053 5 0 7 4 0 0 0 0 0 0 0 0 0 0 0 0 0 0 0 0 0 0 0 0 0 0 0 0 0 5 11 3
P11196 2053 6 0 0 0 0 0 0 0 0 0 0 0 0 0 0 0 0 0 20 35 0 0 0 0 0 0 0 0 0 0 0 -999
P11196 2053 7 0 0 0 0 0 0 0 0 29 0 0 0 0 0 0 0 0 0 0 0 0 0 0 0 0 0 0 0 0 0 0
P11196 2053 8 0 0 0 0 0 0 0 0 0 0 0 0 0 0 0 0 0 0 0 0 0 0 0 0 33 0 0 0 0 0 8
P11196 2053 9 0 10 0 0 0 0 0 0 0 0 0 0 0 0 0 0 0 0 22 26 47 0 0 0 0 0 0 42 63 36 -999
P11196 2053 10 19 0 0 0 0 0 0 36 38 5 0 0 0 0 0 0 0 0 0 0 0 0 0 0 0 0 14 0 0 7 0
P11196 2053 11 0 5 8 4 8 0 0 0 0 0 0 0 0 0 89 57 117 46 116 57 104 41 22 52 10 7 0 0 0 0 -999
P11196 2053 12 0 0 0 0 0 0 0 0 5 16 27 73 64 63 27 36 61 64 48 24 20 0 20 54 38 30 0 0 0 0 4
P11196 2054 1 36 17 6 13 27 34 37 22 21 8 8 10 7 3 0 11 44 60 44 9 2 9 10 7 15 1 0 0 4 5 0
P11196 2054 2 0 0 18 38 49 54 34 26 10 0 0 0 0 0 0 0 0 0 0 0 16 5 22 13 0 0 0 0 -999 -999 -999
P11196 2054 3 0 0 0 0 0 0 0 7 8 2 0 6 17 11 45 21 57 25 15 15 0 0 25 4 17 41 35 24 48 29 73
P11196 2054 4 28 42 39 49 10 24 50 29 16 62 17 0 0 0 10 2 4 41 42 54 47 9 7 45 75 79 35 11 5 0 -999
P11196 2054 5 0 29 12 8 9 5 4 20 54 72 30 31 2 2 0 0 0 0 0 6 12 0 0 0 0 0 0 12 11 0 0
P11196 2054 6 0 0 0 0 0 0 0 0 0 0 0 0 0 0 0 0 0 0 0 0 0 0 0 0 0 0 0 0 0 0 -999
P11196 2054 7 0 0 0 0 0 0 0 0 0 0 0 0 0 0 0 0 29 32 20 13 0 0 0 0 0 0 0 0 0 0 0
P11196 2054 8 0 0 0 0 0 0 0 0 0 0 0 0 0 0 0 0 0 0 0 0 0 0 0 0 0 0 0 0 0 0 0
P11196 2054 9 0 0 0 0 0 0 0 0 0 0 0 0 0 0 0 0 0 0 0 0 0 0 28 31 11 0 0 0 0 0 -999
P11196 2054 10 0 0 0 0 0 0 0 0 21 0 60 44 15 3 0 0 0 0 0 0 49 82 5 8 15 5 0 11 15 35 82
P11196 2054 11 99 115 71 38 99 51 16 33 94 6 0 0 0 0 0 32 9 6 9 0 0 0 0 0 8 7 23 44 84 35 -999
P11196 2054 12 80 25 2 2 0 6 0 0 0 14 16 17 45 20 31 2 4 7 0 0 0 0 14 5 0 0 0 0 0 0 0
P11196 2055 1 0 0 0 64 103 53 8 0 0 30 54 72 71 27 22 67 33 50 71 114 65 116 122 15 5 8 4 3 7 5 4
P11196 2055 2 0 0 0 0 0 0 4 0 0 0 0 0 12 15 21 75 8 29 16 0 0 0 0 0 0 0 0 0 -999 -999 -999
P11196 2055 3 0 0 39 42 13 30 49 31 74 110 44 19 49 46 22 17 26 37 6 18 11 18 19 38 22 41 53 35 45 70 10
P11196 2055 4 6 8 0 11 2 20 69 7 51 39 4 23 20 2 13 0 0 0 0 21 43 37 53 65 55 36 27 20 7 10 -999
P11196 2055 5 26 52 96 62 17 0 0 48 45 17 5 5 7 10 7 0 0 0 0 2 1 0 0 3 0 0 0 0 0 20 23
P11196 2055 6 13 6 0 0 9 7 0 0 0 0 0 0 6 11 54 41 13 21 12 20 18 19 0 0 0 0 0 0 0 0 -999
P11196 2055 7 0 0 0 0 0 0 0 0 0 0 0 0 0 0 0 0 0 0 0 0 0 0 0 0 0 0 0 0 0 0 0
P11196 2055 8 0 0 0 0 0 0 0 0 0 0 0 0 0 0 0 0 0 0 0 0 0 0 0 0 0 0 0 0 0 0 4
P11196 2055 9 0 0 0 0 0 0 0 0 0 0 0 0 0 0 0 0 0 0 0 0 0 0 0 16 7 0 0 0 0 0 -999
P11196 2055 10 11 0 0 0 0 0 0 45 4 5 0 69 12 0 17 0 0 22 18 2 21 11 27 85 20 6 13 0 0 0 0
P11196 2055 11 0 0 0 0 18 91 98 93 8 0 0 0 0 33 0 47 10 0 0 0 0 19 19 54 4 4 0 0 0 27 -999
P11196 2055 12 42 55 3 4 0 0 0 0 0 0 36 73 26 39 52 45 36 37 11 93 86 57 16 0 0 0 0 0 0 0 27
P11196 2056 1 4 4 7 17 9 9 83 7 5 0 10 0 0 0 0 19 16 9 0 0 41 42 68 22 49 5 15 45 5 0 13
P11196 2056 2 0 0 0 10 18 0 0 0 0 0 0 0 0 0 0 0 15 0 0 4 15 32 15 2 0 0 0 0 -999 -999 -999
P11196 2056 3 0 0 0 0 0 0 0 12 9 44 8 0 0 0 0 47 27 14 23 14 8 0 9 11 0 36 30 27 13 21 11
P11196 2056 4 0 0 0 7 0 11 0 0 12 4 4 2 0 0 0 0 0 0 0 19 19 24 27 14 0 13 17 23 6 0 -999
P11196 2056 5 13 26 68 19 7 46 7 5 3 0 17 22 19 2 0 0 0 0 0 0 0 4 0 7 22 5 19 13 29 11 0
P11196 2056 6 35 23 0 0 13 13 21 9 0 0 0 0 0 0 0 0 0 0 0 0 0 0 0 0 0 0 0 0 0 0 -999
P11196 2056 7 0 0 0 0 0 0 0 0 0 0 0 0 0 0 11 0 0 0 0 0 0 0 0 0 0 0 0 0 0 0 0
P11196 2056 8 0 0 0 0 0 0 0 0 0 0 0 0 0 0 0 0 0 0 0 0 0 0 0 0 0 0 0 0 0 0 0
P11196 2056 9 0 0 0 0 0 0 0 0 0 0 0 0 0 0 0 0 0 0 0 0 0 0 0 0 0 0 0 0 0 0 -999
P11196 2056 10 0 16 10 0 0 0 0 0 0 0 0 0 0 0 0 0 0 0 0 0 0 0 0 69 86 15 0 0 0 0 0
P11196 2056 11 0 0 0 24 38 30 48 39 15 0 0 0 0 20 0 0 0 0 21 29 30 24 12 39 58 26 14 0 45 65 -999
P11196 2056 12 37 59 74 58 122 72 98 51 28 58 95 60 7 35 61 99 48 84 68 53 73 27 1 0 0 0 0 0 0 0 0
P11196 2057 1 0 0 0 0 17 17 32 36 0 0 0 0 0 9 0 0 0 0 0 0 0 0 0 8 14 46 83 84 85 7 60
P11196 2057 2 23 28 23 29 62 105 77 81 84 42 7 0 0 0 0 0 0 18 37 102 22 4 9 6 4 0 0 0 -999 -999 -999
P11196 2057 3 0 0 0 0 6 6 0 0 0 17 9 0 0 0 0 0 0 0 0 0 0 0 0 10 14 8 16 17 16 14 21
P11196 2057 4 8 4 8 0 0 0 0 0 24 26 38 32 12 10 60 90 64 51 16 4 4 21 0 0 0 0 0 20 5 6 -999
P11196 2057 5 0 0 0 0 0 0 0 0 0 0 0 5 10 10 45 50 52 27 4 2 3 5 6 5 8 17 26 25 37 17 11
P11196 2057 6 12 9 9 6 0 0 0 0 0 12 9 0 0 0 0 0 0 0 0 0 0 0 0 0 0 0 0 0 0 0 -999
P11196 2057 7 0 0 0 0 0 0 0 0 0 0 0 0 0 0 0 0 0 0 0 0 0 0 0 0 0 0 0 0 0 0 0
P11196 2057 8 0 0 0 0 0 0 0 0 0 0 0 0 0 0 0 0 0 0 0 0 0 0 0 0 0 0 0 0 0 0 0
P11196 2057 9 0 0 0 0 0 0 27 0 0 0 0 0 0 0 0 0 0 0 0 18 0 0 0 0 0 0 17 0 0 0 -999
P11196 2057 10 0 0 15 0 0 0 0 0 0 0 0 0 0 0 0 0 0 16 0 0 0 0 0 0 0 0 0 0 0 13 37
P11196 2057 11 22 7 78 107 33 65 7 35 43 35 122 100 29 33 17 45 23 24 23 39 10 5 4 0 0 0 0 0 0 0 -999
P11196 2057 12 0 0 0 0 0 6 6 0 23 19 41 60 96 51 37 4 7 0 0 0 0 0 0 0 0 0 0 0 0 0 0
P11196 2058 1 0 0 0 0 0 0 0 0 23 30 12 0 0 35 38 0 0 0 0 0 0 0 0 0 0 14 26 5 5 26 9
P11196 2058 2 37 9 0 0 0 0 0 0 0 0 0 0 27 15 34 9 5 0 0 0 0 0 0 0 0 0 0 0 -999 -999 -999
P11196 2058 3 0 0 0 4 5 0 0 0 0 0 0 0 0 0 0 0 8 6 6 7 52 36 31 52 54 105 11 2 5 2 4
P11196 2058 4 0 0 0 8 2 3 0 0 7 16 4 4 11 9 5 0 10 18 9 3 1 0 3 0 0 0 0 0 0 0 -999
P11196 2058 5 0 0 0 0 0 0 0 0 16 0 0 0 0 0 0 0 0 0 0 16 0 4 2 14 7 6 6 15 24 34 13
P11196 2058 6 28 0 0 0 0 0 0 0 0 0 0 0 0 0 0 0 0 0 0 0 0 0 0 0 0 0 0 0 0 0 -999
P11196 2058 7 0 0 0 0 0 0 0 0 0 0 0 0 0 0 10 10 24 8 0 0 0 0 0 0 0 0 0 0 0 0 0
P11196 2058 8 0 0 0 0 0 0 0 0 0 0 0 0 0 0 0 0 0 0 0 0 0 0 0 0 0 0 0 0 0 0 0
P11196 2058 9 0 0 0 0 0 0 0 0 0 0 0 0 13 12 28 0 0 0 0 0 0 40 33 0 0 0 0 0 0 0 -999
P11196 2058 10 0 0 0 4 3 0 0 0 0 0 0 0 0 0 0 0 0 0 0 0 0 9 9 6 6 0 0 0 0 0 0
P11196 2058 11 9 5 0 0 6 0 0 39 49 43 52 30 6 14 34 64 22 121 87 132 23 21 36 13 19 49 73 57 94 60 -999
P11196 2058 12 7 23 24 23 7 13 23 2 15 0 0 0 0 0 17 5 10 39 61 67 51 42 13 30 17 18 64 56 4 8 78
P11196 2059 1 17 117 28 14 3 8 5 7 0 0 0 0 0 0 21 12 11 0 28 15 33 17 12 0 9 6 0 0 0 0 0
P11196 2059 2 0 0 0 0 0 0 0 0 0 0 0 0 0 0 0 0 0 0 0 0 0 0 0 0 0 0 0 0 -999 -999 -999
P11196 2059 3 0 0 0 0 0 0 0 0 0 0 0 8 9 4 2 0 0 0 0 10 59 16 21 68 21 86 5 10 9 5 3
P11196 2059 4 4 4 0 0 0 0 0 0 0 0 0 0 2 0 0 0 0 0 0 0 0 10 9 15 13 7 0 0 22 26 -999
P11196 2059 5 4 0 0 36 39 17 12 17 17 11 7 5 9 0 0 9 5 8 4 5 0 0 0 0 0 0 0 0 0 0 0
P11196 2059 6 0 0 0 0 0 0 13 0 0 0 0 4 0 0 0 0 0 0 0 0 0 0 0 0 0 0 0 0 0 0 -999
P11196 2059 7 0 0 0 0 0 0 0 0 0 0 0 0 0 0 13 12 9 0 0 0 0 0 0 0 0 0 0 0 0 0 0
P11196 2059 8 0 0 0 0 0 0 0 0 0 0 0 0 0 0 0 0 0 0 0 0 0 0 0 0 0 0 0 0 0 0 0
P11196 2059 9 0 0 0 0 0 0 0 0 0 0 0 0 0 0 0 0 0 0 0 0 0 0 0 28 20 5 0 0 0 0 -999
P11196 2059 10 0 0 0 0 0 0 0 0 0 0 0 0 0 0 17 22 0 0 0 24 47 60 114 81 20 34 10 0 0 35 12
P11196 2059 11 14 22 14 24 0 0 0 0 8 7 69 22 8 21 102 54 6 9 7 11 30 28 71 43 6 0 49 11 4 8 -999
P11196 2059 12 0 0 0 0 0 0 0 23 47 27 3 24 6 6 3 0 0 0 0 0 0 0 0 0 0 0 0 39 85 45 0
P11196 2060 1 26 40 49 59 42 37 3 0 0 15 5 0 0 0 0 0 0 0 0 0 0 0 0 0 0 8 6 10 5 8 7
P11196 2060 2 0 0 0 15 36 6 18 25 32 44 37 85 22 49 100 66 55 48 34 8 45 7 36 50 87 26 44 31 -999 -999 -999
P11196 2060 3 82 61 55 45 40 28 36 97 34 16 0 0 0 0 0 0 48 79 98 83 124 93 25 9 3 0 10 41 19 17 7
P11196 2060 4 0 0 0 0 0 0 0 0 0 0 0 21 0 0 0 0 0 0 0 0 0 0 0 0 0 0 0 0 0 0 -999
P11196 2060 5 0 0 0 0 0 0 0 0 0 0 0 0 0 0 0 0 0 0 0 0 0 0 0 0 0 0 0 0 0 0 0
P11196 2060 6 0 21 18 14 18 18 25 30 19 9 10 6 4 14 19 0 0 0 0 0 17 0 0 0 0 0 0 0 0 0 -999
P11196 2060 7 0 0 0 0 0 0 0 0 0 0 0 0 0 0 0 0 0 0 0 0 0 0 0 0 0 0 0 0 0 0 0
P11196 2060 8 0 0 0 0 0 0 0 0 0 0 0 0 0 0 0 0 0 0 0 0 0 0 0 0 0 0 0 0 0 0 0
P11196 2060 9 0 0 0 0 0 0 0 0 0 0 0 0 0 0 0 11 5 0 0 0 0 0 0 0 0 0 44 12 0 0 -999
P11196 2060 10 0 0 0 0 0 0 0 0 0 0 0 67 34 70 13 13 0 12 0 0 30 17 25 20 50 12 0 29 22 23 105
P11196 2060 11 105 29 15 18 7 0 0 0 0 15 0 16 5 2 10 17 11 50 6 1 0 2 0 5 18 30 39 10 43 18 -999
P11196 2060 12 7 21 40 25 37 41 18 0 14 13 0 0 0 0 44 74 22 45 4 54 94 4 10 13 24 35 14 10 19 4 0
P11196 2061 1 0 0 0 0 0 0 0 0 0 8 28 0 0 20 18 0 47 22 66 39 50 83 63 45 96 86 119 74 42 44 38
P11196 2061 2 11 0 0 0 18 0 0 0 16 21 23 20 13 70 65 25 15 52 12 68 38 68 4 3 27 8 33 15 -999 -999 -999
P11196 2061 3 98 98 43 80 22 5 37 13 16 20 84 20 58 34 71 57 12 39 74 28 21 2 0 0 0 0 0 0 0 0 0
P11196 2061 4 0 0 25 22 25 31 26 35 46 18 16 18 18 12 4 4 15 30 43 14 2 0 0 0 16 16 17 8 0 0 -999
P11196 2061 5 0 0 33 18 16 8 0 0 0 0 0 0 0 0 0 0 0 0 0 0 0 0 0 0 0 0 0 0 0 0 0
P11196 2061 6 0 0 0 0 0 0 0 0 0 0 0 13 10 12 9 3 0 0 0 0 0 0 0 0 0 0 0 0 0 0 -999
P11196 2061 7 0 0 0 0 0 0 0 0 0 0 0 0 0 0 0 0 0 0 0 0 0 0 0 0 0 0 0 0 0 0 0
P11196 2061 8 0 0 0 0 0 0 0 0 0 0 0 0 0 0 0 0 0 0 0 0 0 0 0 0 0 0 0 0 0 0 0
P11196 2061 9 0 0 0 0 0 0 0 0 0 0 0 0 0 0 0 16 43 58 106 68 61 28 0 0 0 0 0 0 0 0 -999
P11196 2061 10 0 47 51 13 4 17 48 25 71 64 4 0 6 18 0 17 45 50 12 0 0 0 0 0 29 47 77 42 15 0 0
P11196 2061 11 0 0 19 0 0 0 0 21 10 17 6 0 4 5 0 0 0 0 21 0 0 0 0 0 4 0 0 0 19 0 -999
P11196 2061 12 32 80 68 0 0 0 0 8 0 0 0 11 0 0 0 0 0 0 20 9 13 10 0 0 0 0 0 0 0 26 0
P11196 2062 1 0 0 0 0 0 0 0 0 0 0 0 0 11 16 40 56 31 47 5 0 12 6 0 0 0 0 12 37 6 35 91
P11196 2062 2 54 78 14 38 4 48 66 87 50 29 1 0 0 0 0 5 6 11 24 4 10 34 56 80 147 93 70 13 -999 -999 -999
P11196 2062 3 0 0 0 0 0 43 4 0 0 18 8 0 0 19 0 0 0 0 0 0 0 14 50 50 21 58 5 0 0 0 0
P11196 2062 4 23 38 4 1 0 23 0 0 0 33 45 6 1 0 0 0 12 33 5 12 21 9 23 66 53 13 11 11 0 11 -999
P11196 2062 5 0 0 51 21 0 0 0 0 21 0 0 0 0 0 0 0 0 7 4 4 0 0 0 0 0 0 6 26 27 10 15
P11196 2062 6 14 4 2 1 0 0 0 0 0 0 8 6 0 0 0 0 0 0 0 0 0 0 0 0 0 0 0 0 0 0 -999
P11196 2062 7 0 0 0 0 0 0 0 0 0 0 0 0 0 0 0 0 0 0 0 0 0 0 0 0 0 0 0 0 0 0 0
P11196 2062 8 0 0 6 0 0 0 0 0 0 0 0 0 0 0 0 0 0 0 0 10 0 0 0 0 0 0 0 0 0 0 0
P11196 2062 9 0 0 0 0 0 0 0 0 0 0 0 0 0 0 0 0 0 0 0 0 0 0 0 0 0 0 0 0 0 0 -999
P11196 2062 10 7 0 0 0 0 0 0 50 0 0 0 0 0 0 0 0 0 0 0 47 33 40 61 24 31 34 25 23 19 12 0
P11196 2062 11 0 0 19 0 94 114 22 3 0 0 29 10 4 0 13 0 0 24 25 63 52 20 75 61 69 4 0 0 0 25 -999
P11196 2062 12 4 4 4 0 0 0 26 0 0 43 68 15 0 0 0 52 9 0 19 17 21 20 26 27 28 0 0 0 0 0 0
P11196 2063 1 0 0 0 0 0 9 0 0 0 0 0 0 8 8 0 0 0 0 0 0 15 0 0 25 0 32 72 14 2 0 0
P11196 2063 2 0 0 0 0 0 0 13 15 17 4 0 0 4 0 45 4 0 0 0 0 11 3 2 4 4 5 0 10 -999 -999 -999
P11196 2063 3 8 2 4 0 0 6 23 3 1 10 52 24 43 36 45 58 8 20 11 16 14 20 0 0 0 32 58 89 77 10 3
P11196 2063 4 15 26 13 12 0 0 0 0 7 61 105 14 2 8 8 24 32 42 9 5 7 25 18 5 22 14 20 18 9 2 -999
P11196 2063 5 1 0 0 0 0 0 0 0 0 17 11 7 30 20 12 18 5 8 6 14 7 32 4 0 0 0 0 0 0 0 0
P11196 2063 6 0 0 0 0 0 0 11 13 0 0 0 0 0 0 0 0 0 0 0 0 0 0 0 0 0 0 0 0 0 0 -999
P11196 2063 7 0 0 0 0 0 0 0 0 0 0 0 0 0 0 0 0 0 0 0 0 0 0 0 0 0 0 0 0 0 0 0
P11196 2063 8 0 0 0 0 0 0 0 0 0 0 0 0 0 0 0 0 0 0 0 0 0 0 0 0 0 0 0 0 0 0 0
P11196 2063 9 0 0 0 0 0 0 0 0 0 0 0 0 0 0 0 0 0 0 0 0 0 0 0 0 0 0 53 7 0 0 -999
P11196 2063 10 0 0 0 0 14 9 1 0 37 47 79 16 6 50 48 12 16 15 26 65 36 55 18 0 0 0 0 62 19 31 0
P11196 2063 11 0 8 0 0 0 0 0 0 0 9 5 0 0 10 0 0 0 0 0 0 4 19 5 17 45 2 0 60 19 57 -999
P11196 2063 12 49 41 63 0 0 0 0 0 18 0 32 64 38 49 4 0 0 0 14 0 0 0 31 24 18 0 26 15 21 61 27
P11196 2064 1 0 16 0 68 14 39 10 4 8 23 63 78 42 46 22 3 2 0 0 0 0 21 11 0 0 0 0 18 20 9 0
P11196 2064 2 0 0 0 0 0 0 0 0 0 0 0 0 0 45 29 25 23 30 8 6 0 0 0 0 0 0 14 26 -999 -999 -999
P11196 2064 3 5 13 45 95 80 30 24 13 20 48 77 11 11 21 0 17 0 17 17 15 15 24 68 7 2 4 5 0 0 0 19
P11196 2064 4 0 0 20 38 10 4 0 6 1 12 0 0 0 0 0 0 12 25 4 3 5 0 0 30 37 21 27 49 0 0 -999
P11196 2064 5 0 14 10 0 0 0 0 0 0 0 0 7 5 9 2 3 0 0 0 0 0 0 0 0 0 0 0 0 0 0 0
P11196 2064 6 0 0 0 0 0 0 0 0 0 0 0 0 0 0 0 0 0 0 0 0 0 0 0 0 0 0 0 0 0 0 -999
P11196 2064 7 0 0 0 0 0 0 0 0 0 0 0 0 0 0 0 0 0 0 0 0 0 0 0 0 0 0 0 0 0 0 0
P11196 2064 8 0 0 0 0 0 0 0 0 0 0 0 0 0 0 0 0 0 0 0 0 0 0 0 0 0 0 0 0 0 0 0
P11196 2064 9 0 0 0 0 0 0 0 0 0 0 0 0 0 10 0 0 0 0 0 0 0 0 0 0 0 0 0 30 3 14 -999
P11196 2064 10 20 22 14 36 0 0 0 0 0 24 0 0 0 0 0 0 0 0 0 0 25 15 21 52 14 5 18 0 0 0 0
P11196 2064 11 0 0 0 0 6 12 2 4 9 29 5 4 20 26 8 1 0 0 0 0 0 0 0 30 12 13 21 45 63 12 -999
P11196 2064 12 4 15 14 12 20 0 0 0 34 65 51 37 0 0 0 0 0 9 14 47 62 80 26 19 6 34 48 57 34 74 44
P11196 2065 1 20 42 7 4 3 7 27 40 53 65 28 11 4 1 0 0 0 0 0 0 0 0 14 3 0 0 0 0 0 0 9
P11196 2065 2 28 50 24 60 6 0 0 0 0 6 0 0 0 0 0 0 0 0 7 0 24 0 0 7 36 21 9 15 -999 -999 -999
P11196 2065 3 3 0 0 10 12 20 34 6 14 30 0 0 0 0 0 8 10 24 5 0 11 35 3 55 14 42 36 45 21 33 69
P11196 2065 4 44 24 46 8 3 0 0 0 0 8 15 10 0 14 12 0 0 0 0 0 0 0 0 4 22 29 5 11 28 11 -999
P11196 2065 5 11 2 28 6 0 0 6 10 7 14 5 3 2 0 0 22 32 3 0 8 9 0 0 0 0 0 0 0 0 11 8
P11196 2065 6 22 36 25 50 38 18 17 6 7 0 15 63 36 10 0 0 0 0 0 0 17 0 0 0 0 0 0 0 0 0 -999
P11196 2065 7 0 0 0 0 0 0 0 0 0 0 0 0 0 0 0 0 0 0 0 0 0 0 0 0 0 0 0 0 0 0 0
P11196 2065 8 0 0 0 0 0 0 0 0 0 0 0 0 0 0 0 0 0 0 0 0 0 0 0 0 0 0 0 0 0 0 0
P11196 2065 9 0 0 0 0 0 0 0 0 0 0 0 0 0 0 0 0 0 0 0 0 35 48 80 86 38 32 26 21 0 0 -999
P11196 2065 10 0 0 0 0 0 0 0 0 0 0 0 0 0 0 0 0 34 61 84 9 0 0 31 3 0 0 0 0 0 0 0
P11196 2065 11 14 0 0 0 70 16 47 60 17 5 0 0 25 17 0 0 0 0 0 0 0 0 0 0 8 7 1 0 0 0 -999
P11196 2065 12 0 0 0 0 0 11 0 0 0 16 39 93 28 5 0 0 0 0 0 12 31 11 67 62 25 41 13 0 20 0 18
P11196 2066 1 4 0 7 17 47 0 0 0 15 0 0 0 0 7 0 0 0 0 0 0 0 0 0 0 0 0 0 0 0 0 0
P11196 2066 2 0 0 0 0 0 0 18 18 16 0 0 0 0 0 0 6 0 0 22 0 0 0 0 20 12 53 9 8 -999 -999 -999
P11196 2066 3 58 83 88 86 129 91 80 57 76 37 17 31 9 0 29 47 15 5 0 15 33 27 11 5 5 3 0 37 22 22 44
P11196 2066 4 39 0 0 0 0 0 34 27 3 0 0 0 0 0 0 18 18 22 10 8 10 0 0 0 0 0 0 0 0 0 -999
P11196 2066 5 0 0 0 0 0 0 0 0 0 0 0 0 0 0 0 16 7 3 0 0 0 0 25 0 0 0 0 0 0 0 0
P11196 2066 6 19 10 0 0 0 0 0 0 5 0 0 0 0 0 0 0 0 0 0 0 0 0 0 0 0 0 0 0 0 0 -999
P11196 2066 7 0 0 0 0 0 0 0 0 0 0 0 0 0 0 0 0 0 0 0 0 0 0 0 0 0 0 0 0 0 0 0
P11196 2066 8 0 0 0 0 0 0 0 0 0 0 0 0 0 0 0 0 0 0 0 0 0 0 0 0 0 0 0 0 0 0 0
P11196 2066 9 0 0 0 0 0 0 0 0 0 0 0 0 0 0 0 0 0 0 0 0 0 0 0 0 0 0 0 0 0 0 -999
P11196 2066 10 0 0 0 0 0 0 0 0 0 0 0 0 66 27 35 81 80 51 18 34 0 0 16 0 0 0 42 48 38 27 100
P11196 2066 11 39 32 23 22 0 0 0 34 39 36 0 8 0 0 0 49 40 26 51 54 63 104 29 0 0 35 77 53 94 116 -999
P11196 2066 12 117 61 99 0 0 0 0 10 10 17 18 60 62 115 41 22 86 60 3 4 10 22 34 13 5 29 33 24 12 10 10
P11196 2067 1 0 20 31 62 61 29 17 10 6 4 11 27 42 50 57 39 36 96 109 13 8 39 58 47 35 20 23 18 32 20 6
P11196 2067 2 6 7 4 1 2 2 4 25 56 9 20 51 19 0 0 0 3 18 14 3 9 14 7 9 3 0 4 0 -999 -999 -999
P11196 2067 3 0 0 0 26 11 0 0 9 21 19 13 25 25 10 13 30 24 0 0 0 0 0 0 14 11 34 60 66 6 4 0
P11196 2067 4 0 0 0 0 0 9 11 12 15 3 2 0 0 18 8 3 3 5 16 5 2 0 0 9 28 48 30 29 3 23 -999
P11196 2067 5 0 0 0 0 0 0 43 19 0 7 16 14 15 28 17 5 20 25 52 44 23 27 7 11 0 0 0 0 0 0 0
P11196 2067 6 0 0 0 0 0 0 0 36 0 0 0 0 0 16 0 0 0 0 0 0 0 0 0 0 0 0 0 0 0 0 -999
P11196 2067 7 0 0 0 0 0 0 0 0 0 0 0 0 0 0 0 0 0 0 0 0 0 0 0 0 0 0 0 0 0 0 0
P11196 2067 8 0 0 0 0 0 0 0 0 0 0 0 0 0 0 0 0 0 0 0 0 0 0 0 0 0 0 0 0 0 0 0
P11196 2067 9 0 0 0 0 0 0 0 0 0 0 0 0 0 0 9 4 0 0 0 0 0 0 0 0 0 0 0 0 0 0 -999
P11196 2067 10 0 0 0 0 0 12 24 27 12 0 0 0 0 0 0 0 0 0 0 0 0 0 0 0 0 0 0 0 0 24 51
P11196 2067 11 28 63 97 77 28 35 85 85 89 59 35 69 29 38 35 30 21 41 79 47 0 0 0 0 20 2 3 9 35 11 -999
P11196 2067 12 16 17 0 24 57 80 13 0 57 52 71 97 25 15 0 0 0 0 0 42 10 25 15 0 0 0 0 0 0 0 0
P11196 2068 1 0 0 9 7 0 0 0 8 7 49 57 24 13 5 7 7 7 23 0 4 4 0 0 24 18 41 7 1 54 54 100
P11196 2068 2 19 41 35 11 15 44 25 25 54 84 9 0 14 4 21 45 4 0 9 24 41 13 26 11 8 0 0 0 -999 -999 -999
P11196 2068 3 0 0 8 22 6 3 0 0 0 89 50 20 3 0 0 0 26 13 0 11 5 3 0 32 0 0 0 0 0 0 15
P11196 2068 4 33 29 10 26 35 26 3 0 0 0 0 0 0 0 0 0 0 0 0 0 0 5 9 6 15 12 9 44 3 3 -999
P11196 2068 5 0 0 0 33 0 0 12 10 4 16 30 68 67 14 33 24 9 10 8 17 23 5 0 0 6 0 0 0 0 0 0
P11196 2068 6 0 0 0 0 0 0 0 0 0 0 0 0 0 14 0 0 0 0 0 0 0 0 0 0 0 0 0 0 0 0 -999
P11196 2068 7 0 0 0 0 0 0 0 0 0 0 0 0 0 0 0 0 0 0 0 0 0 0 0 0 0 0 0 0 0 0 0
P11196 2068 8 0 0 0 0 0 0 0 0 0 0 0 0 0 0 0 0 0 0 0 0 0 0 0 0 0 2 0 0 0 0 0
P11196 2068 9 0 0 0 0 0 0 0 0 0 0 0 0 0 0 0 0 0 0 0 0 24 58 61 38 16 0 11 15 0 27 -999
P11196 2068 10 21 16 0 0 0 0 25 46 6 0 0 0 31 22 13 0 0 0 5 24 47 51 77 44 4 3 11 0 37 24 41
P11196 2068 11 0 0 0 0 0 0 0 0 0 0 0 0 0 0 13 70 7 4 15 18 28 102 20 41 23 0 0 0 0 37 -999
P11196 2068 12 0 0 47 28 101 92 16 19 0 30 40 14 30 15 29 59 88 120 49 0 0 16 0 0 8 47 5 2 5 0 0
P11196 2069 1 0 0 0 0 0 9 29 3 9 73 62 12 4 0 0 0 0 0 0 0 0 0 0 0 12 17 31 65 97 130 121
P11196 2069 2 67 24 41 7 84 28 10 44 74 81 18 10 22 37 9 4 0 0 0 0 0 0 13 4 12 9 5 14 -999 -999 -999
P11196 2069 3 60 86 21 10 22 0 0 0 24 21 25 11 2 0 0 0 0 0 0 0 9 6 12 28 7 12 27 52 84 11 11
P11196 2069 4 17 2 0 0 0 0 26 73 14 16 80 106 22 40 58 66 44 51 80 67 12 14 14 15 10 0 13 33 43 33 -999
P11196 2069 5 79 41 12 7 18 38 79 58 24 16 7 4 0 0 0 11 12 4 11 23 10 5 9 9 18 0 14 8 6 4 7
P11196 2069 6 12 5 0 0 0 0 0 0 0 0 0 0 0 0 0 0 0 0 0 0 0 9 0 0 0 0 0 0 0 0 -999
P11196 2069 7 0 26 11 0 0 0 0 0 0 0 0 0 0 0 0 0 0 0 0 0 0 0 0 0 0 0 0 0 0 0 0
P11196 2069 8 0 0 0 0 0 0 0 0 0 0 0 0 0 0 0 0 0 0 0 0 0 0 0 0 0 0 0 0 0 0 0
P11196 2069 9 0 0 0 0 14 0 0 0 52 13 0 0 0 0 0 0 0 0 0 16 13 0 6 5 9 9 32 29 98 83 -999
P11196 2069 10 76 54 65 35 0 0 0 0 0 0 0 0 0 0 23 21 22 1 2 7 9 47 70 28 14 4 2 0 0 0 22
P11196 2069 11 47 48 103 72 26 0 0 0 39 47 90 66 47 30 17 4 0 0 0 0 18 16 39 60 22 70 36 94 117 6 -999
P11196 2069 12 2 43 62 114 41 36 43 13 3 0 0 0 27 0 0 0 0 0 0 0 0 0 57 41 16 0 23 0 0 0 0
P11196 2070 1 15 33 32 55 69 41 7 0 69 19 25 0 0 8 0 0 23 17 55 68 85 52 45 74 61 18 101 17 19 96 104
P11196 2070 2 79 65 99 45 9 10 18 11 18 69 38 18 6 0 0 22 30 7 7 0 0 20 63 53 42 28 76 16 -999 -999 -999
P11196 2070 3 21 4 0 0 0 0 0 0 18 54 47 44 22 8 10 3 7 54 70 15 58 66 58 17 42 11 0 0 0 0 0
P11196 2070 4 0 45 12 2 35 42 32 48 27 16 32 43 13 14 46 40 27 3 5 0 7 12 32 8 13 4 6 24 3 0 -999
P11196 2070 5 0 0 9 24 36 24 16 17 5 24 8 53 60 86 31 33 9 23 24 0 0 0 0 0 22 0 0 0 0 0 0
P11196 2070 6 0 0 17 17 16 7 0 0 0 0 0 0 0 0 0 0 0 0 0 0 0 0 0 0 0 0 0 0 0 0 -999
P11196 2070 7 0 0 0 0 0 0 0 0 0 0 0 0 0 0 0 0 0 0 0 0 0 0 0 0 0 0 0 0 0 0 0
P11196 2070 8 0 0 0 0 0 0 0 0 0 0 0 0 0 0 0 0 0 0 0 0 0 0 0 0 0 0 0 0 0 0 0
P11196 2070 9 0 0 0 0 0 0 0 0 0 0 0 0 0 0 0 0 0 0 0 0 0 0 0 0 0 0 0 36 18 29 -999
P11196 2070 10 10 0 0 0 0 0 24 25 16 19 32 28 16 13 10 7 8 10 28 97 77 81 47 8 0 0 0 0 0 22 8
P11196 2070 11 0 0 43 29 11 16 60 59 50 24 54 105 70 31 10 56 71 6 32 59 50 74 78 48 0 0 0 0 0 5 -999
P11196 2070 12 2 9 18 0 0 0 0 0 0 11 7 0 0 0 0 0 0 0 6 5 9 58 26 29 40 13 25 37 59 12 17
P11196 2071 1 6 21 21 40 5 3 2 7 24 33 24 45 54 51 92 114 142 130 108 50 33 25 82 63 70 8 15 28 20 52 82
P11196 2071 2 23 22 0 9 48 79 44 41 14 0 0 0 6 0 3 5 0 0 20 46 46 28 8 10 32 58 82 14 -999 -999 -999
P11196 2071 3 7 0 0 0 0 12 23 20 13 18 20 19 0 0 0 3 0 0 10 11 0 0 0 0 0 0 0 0 17 7 0
P11196 2071 4 0 0 0 0 0 0 0 0 0 0 0 0 0 0 0 0 0 0 0 0 26 18 0 0 0 0 0 0 0 0 -999
P11196 2071 5 0 0 0 0 0 0 0 0 0 0 0 0 0 0 37 14 31 11 0 0 0 0 0 0 0 0 0 7 0 0 0
P11196 2071 6 0 0 13 7 0 0 12 20 18 5 0 0 0 0 0 0 0 0 0 0 0 0 0 0 0 0 0 0 0 0 -999
P11196 2071 7 0 0 0 0 0 0 0 0 0 0 0 0 0 0 0 0 0 0 0 0 0 0 0 0 0 0 0 0 0 0 0
P11196 2071 8 0 0 0 0 0 0 0 0 0 0 0 0 0 0 0 0 0 0 0 0 0 0 0 0 0 0 0 0 0 0 0
P11196 2071 9 0 0 0 0 0 0 0 0 0 0 0 0 0 0 0 0 0 0 0 0 0 0 0 0 0 0 0 0 0 0 -999
P11196 2071 10 0 0 0 0 0 0 0 10 10 7 3 2 0 0 0 0 0 0 0 0 0 0 0 0 22 10 0 0 0 0 0
P11196 2071 11 58 29 5 18 0 15 35 67 65 17 10 48 17 17 14 35 4 6 0 0 0 0 0 0 0 16 17 4 0 0 -999
P11196 2071 12 0 11 12 10 21 63 12 6 0 0 0 0 2 0 0 0 0 1 1 2 0 0 0 0 0 0 0 0 0 0 7
P11196 2072 1 6 12 7 3 0 20 3 6 11 19 5 2 4 25 58 16 5 0 0 8 0 66 101 8 0 0 7 37 100 11 45
P11196 2072 2 6 6 7 20 71 34 22 64 20 89 42 88 93 84 51 86 123 130 89 114 141 118 84 53 6 15 20 10 -999 -999 -999
P11196 2072 3 0 0 0 21 23 19 63 52 5 6 0 30 0 18 0 0 0 0 34 0 0 0 11 3 3 0 0 0 17 7 10
P11196 2072 4 0 0 0 0 0 51 43 39 39 18 38 21 0 0 16 32 20 6 0 0 0 0 47 65 31 0 0 0 0 0 -999
P11196 2072 5 0 0 0 22 5 3 5 5 12 18 5 2 1 0 0 0 0 7 0 0 0 0 0 0 4 0 0 0 0 0 0
P11196 2072 6 11 11 13 12 3 0 0 0 0 0 0 0 0 0 0 0 0 0 0 0 0 0 0 0 0 0 0 0 0 0 -999
P11196 2072 7 0 0 0 0 0 0 0 0 0 0 0 0 0 0 0 0 0 0 0 0 0 0 0 0 0 0 0 0 0 0 0
P11196 2072 8 0 0 0 0 0 0 0 0 0 0 0 0 0 0 0 0 0 0 0 0 0 0 0 0 0 0 0 0 0 0 0
P11196 2072 9 0 0 0 0 0 0 0 0 0 0 0 0 0 0 0 0 0 0 0 0 0 0 0 0 0 0 0 0 0 0 -999
P11196 2072 10 24 15 9 21 0 11 20 0 0 0 0 0 0 0 0 0 11 18 13 18 17 28 0 27 19 51 27 0 0 41 73
P11196 2072 11 26 37 0 44 68 85 64 75 92 108 92 23 2 0 0 0 0 0 0 0 0 0 44 81 35 36 139 7 3 7 -999
P11196 2072 12 2 2 0 0 11 58 68 30 15 28 14 8 0 0 0 0 0 0 0 0 0 0 0 0 0 0 7 0 0 0 0
P11196 2073 1 0 0 0 0 0 22 3 0 0 0 0 0 0 0 0 0 0 0 0 0 0 0 0 0 0 0 7 0 0 0 0
P11196 2073 2 0 0 11 25 11 13 24 25 75 89 115 35 11 87 27 5 26 7 11 5 10 4 15 0 0 0 0 0 -999 -999 -999
P11196 2073 3 0 0 0 0 0 0 0 11 13 12 4 4 6 0 11 10 17 21 41 37 19 18 2 4 0 0 0 34 33 10 18
P11196 2073 4 0 0 0 0 0 0 0 0 0 0 0 0 0 0 0 39 31 12 0 3 0 13 0 31 26 9 5 17 0 0 -999
P11196 2073 5 25 5 0 0 0 0 0 10 0 0 0 0 0 0 22 20 27 26 34 12 3 7 36 55 9 0 15 8 3 0 0
P11196 2073 6 0 0 0 0 0 0 0 0 0 0 0 0 0 2 0 0 0 0 0 0 0 0 0 0 0 0 0 0 0 0 -999
P11196 2073 7 0 0 0 0 0 0 0 0 0 0 0 0 0 0 0 0 0 0 0 0 0 0 0 0 0 0 0 0 0 0 0
P11196 2073 8 0 0 0 0 0 0 0 0 0 0 0 0 0 0 0 0 0 0 0 0 0 0 0 0 0 0 0 0 0 0 0
P11196 2073 9 0 0 0 58 11 10 5 0 0 0 15 22 13 0 0 0 0 0 0 0 24 6 0 0 0 0 0 12 0 0 -999
P11196 2073 10 21 0 0 0 0 0 31 49 2 28 56 0 0 0 0 0 0 0 74 18 3 0 0 0 0 0 14 37 5 10 0
P11196 2073 11 0 13 5 9 18 24 99 107 66 89 41 8 2 0 8 0 0 0 3 2 4 28 0 16 13 12 16 13 13 23 -999
P11196 2073 12 29 50 28 49 13 42 9 9 0 0 0 0 0 0 0 0 11 8 13 42 66 84 13 0 48 8 19 0 0 0 0
P11196 2074 1 0 7 5 6 0 0 0 0 0 12 6 11 0 0 0 0 0 19 28 18 0 0 0 0 0 0 0 0 0 0 0
P11196 2074 2 0 0 0 0 0 0 11 19 57 10 9 0 15 10 6 0 0 0 0 0 10 21 27 0 9 8 0 0 -999 -999 -999
P11196 2074 3 0 26 14 0 0 0 0 0 0 0 0 9 0 0 0 9 0 0 0 0 10 4 0 0 0 0 6 4 0 5 5
P11196 2074 4 3 0 0 0 0 0 0 0 0 0 0 0 0 0 0 0 0 0 0 0 0 0 0 0 24 36 25 7 6 0 -999
P11196 2074 5 0 0 0 36 40 33 34 19 12 25 29 33 16 4 0 0 7 12 28 53 37 20 38 9 0 0 0 0 0 0 0
P11196 2074 6 0 0 0 0 0 0 0 0 0 0 0 0 0 0 0 0 0 0 10 17 0 0 0 0 0 0 0 0 0 0 -999
P11196 2074 7 0 0 0 0 0 0 0 0 0 0 0 0 0 0 0 0 0 0 0 0 0 0 0 0 0 0 0 0 0 0 0
P11196 2074 8 0 0 0 0 0 0 0 0 0 0 0 0 0 0 0 0 0 0 0 0 0 0 0 0 0 0 0 0 0 0 0
P11196 2074 9 0 0 0 0 0 0 0 0 0 0 0 0 0 0 0 0 0 0 26 20 0 30 23 13 11 7 2 15 0 0 -999
P11196 2074 10 0 0 24 16 0 8 0 39 34 10 5 0 0 0 0 0 0 16 18 6 0 0 0 0 0 0 0 0 40 7 20
P11196 2074 11 22 27 40 0 0 15 0 30 42 87 0 0 0 0 0 0 41 23 8 0 0 0 38 69 97 20 0 16 15 4 -999
P11196 2074 12 0 0 0 26 0 0 0 0 12 0 19 14 25 105 114 143 107 20 65 38 84 77 6 1 0 0 17 110 123 75 24
P11196 2075 1 66 89 131 112 66 20 7 3 2 2 7 28 55 6 3 7 0 0 0 0 0 0 0 0 0 0 0 0 8 28 14
P11196 2075 2 64 18 15 7 50 74 20 11 24 6 55 67 37 45 7 15 12 0 24 22 61 39 12 8 1 3 0 0 -999 -999 -999
P11196 2075 3 6 5 0 0 21 48 29 0 0 0 32 26 69 50 5 10 11 34 77 65 16 35 61 53 38 18 40 34 46 59 71
P11196 2075 4 52 2 29 0 0 0 12 7 1 0 0 0 0 0 0 6 13 17 13 14 16 16 14 0 0 0 0 0 0 0 -999
P11196 2075 5 0 52 63 81 52 62 48 26 4 3 2 22 28 24 11 18 29 37 14 12 7 6 12 8 5 0 0 0 0 0 0
P11196 2075 6 0 0 0 0 0 0 0 0 0 0 0 12 11 0 0 0 0 0 0 0 0 0 0 0 0 0 0 0 0 0 -999
P11196 2075 7 0 0 0 0 0 0 0 0 0 0 0 0 0 0 0 0 13 10 0 0 0 0 0 0 0 0 0 0 0 0 0
P11196 2075 8 0 0 0 0 0 0 0 0 0 0 0 0 0 0 0 0 0 0 0 0 0 0 0 0 0 0 0 0 0 0 0
P11196 2075 9 0 0 0 0 0 0 0 0 0 0 0 0 0 0 0 0 0 0 0 0 0 0 0 0 0 0 0 24 23 25 -999
P11196 2075 10 9 10 24 17 24 20 0 42 14 3 11 0 0 0 0 0 0 0 58 28 8 10 0 12 22 0 31 35 22 0 0
P11196 2075 11 0 40 44 73 19 3 54 58 81 25 31 73 41 36 6 42 67 36 16 36 36 0 0 0 0 0 57 12 13 7 -999
P11196 2075 12 3 0 2 19 26 38 50 46 95 11 22 34 43 26 14 20 9 5 0 0 0 8 13 3 0 20 4 5 8 4 0
P11196 2076 1 0 0 0 0 0 0 0 0 0 7 7 7 8 25 6 4 0 11 13 3 0 0 0 0 0 0 19 16 0 14 8
P11196 2076 2 21 51 11 0 0 0 0 43 67 2 6 0 7 6 0 0 0 0 21 13 15 3 0 0 0 0 5 3 -999 -999 -999
P11196 2076 3 5 3 4 0 10 17 5 3 21 84 18 0 0 0 23 27 48 79 10 0 12 6 0 0 0 0 0 0 0 0 0
P11196 2076 4 0 0 15 44 8 0 0 0 0 0 0 53 7 0 17 0 0 0 0 0 0 72 76 54 20 0 22 17 8 0 -999
P11196 2076 5 28 16 65 6 2 0 0 0 0 0 0 0 0 2 2 0 21 42 26 32 53 27 19 10 10 19 16 28 13 22 8
P11196 2076 6 31 15 5 0 0 0 20 12 0 0 0 0 0 0 0 0 0 0 0 0 0 0 0 0 0 0 0 0 0 0 -999
P11196 2076 7 0 0 0 0 18 19 0 0 0 0 0 0 0 0 0 0 0 0 0 0 0 0 0 0 0 0 0 0 0 0 0
P11196 2076 8 0 0 0 0 0 0 0 0 0 0 0 0 0 0 0 0 0 0 0 0 0 0 0 0 0 0 0 0 0 0 0
P11196 2076 9 0 0 0 16 10 0 0 0 0 0 0 0 0 0 0 0 0 0 0 0 0 0 41 17 0 0 40 70 32 10 -999
P11196 2076 10 16 0 29 0 0 0 0 0 0 0 30 68 90 70 77 17 9 76 10 11 19 16 25 35 18 0 0 0 0 0 0
P11196 2076 11 0 8 8 14 0 0 0 38 42 49 27 77 11 5 3 0 0 28 11 12 0 0 0 26 22 0 0 0 0 0 -999
P11196 2076 12 0 0 0 0 0 0 0 19 26 0 0 0 6 8 20 6 2 0 0 0 0 0 0 0 0 0 10 0 0 23 4
P11196 2077 1 0 0 0 0 0 13 3 7 0 0 7 27 84 111 37 40 0 0 0 0 0 21 59 89 70 45 41 22 5 8 25
P11196 2077 2 21 10 18 25 36 48 4 1 0 0 0 0 16 0 0 23 0 0 0 0 0 0 0 0 0 0 0 0 -999 -999 -999
P11196 2077 3 0 0 15 8 5 22 9 20 36 0 42 18 61 43 16 19 0 40 47 13 1 0 0 0 0 11 7 23 21 3 1
P11196 2077 4 0 0 0 0 6 0 0 19 34 15 36 3 4 3 3 0 0 0 0 0 0 0 0 0 0 0 15 12 0 0 -999
P11196 2077 5 0 0 0 0 0 27 25 17 10 5 2 0 0 0 0 0 0 0 0 0 0 0 38 67 86 74 32 18 0 0 0
P11196 2077 6 0 0 10 6 0 15 0 0 0 14 6 8 33 29 0 0 0 0 0 0 0 0 0 0 0 0 0 0 0 0 -999
P11196 2077 7 0 0 0 0 0 0 0 0 0 0 0 0 0 0 0 0 0 0 0 0 0 0 0 0 0 0 0 0 0 0 0
P11196 2077 8 0 0 0 0 0 0 0 0 0 0 0 0 0 0 0 0 0 0 0 0 0 0 0 0 0 0 0 0 0 0 0
P11196 2077 9 0 0 0 0 0 0 0 0 0 0 0 0 0 0 0 0 0 0 0 0 0 0 0 0 0 0 0 0 0 6 -999
P11196 2077 10 5 4 5 0 0 0 0 0 0 0 0 0 0 0 25 0 0 27 17 22 28 71 38 8 5 7 11 48 7 0 0
P11196 2077 11 0 9 55 70 133 55 52 64 17 12 10 47 95 102 104 73 41 64 9 15 24 77 56 24 0 0 0 0 0 0 -999
P11196 2077 12 0 0 0 0 9 10 8 18 14 64 125 45 53 94 66 12 68 97 111 69 68 53 76 86 133 96 112 45 0 25 10
P11196 2078 1 0 22 41 66 35 86 7 71 17 44 13 0 0 0 0 0 0 0 0 0 0 60 37 6 5 0 5 0 0 0 0
P11196 2078 2 0 0 8 0 11 42 84 7 20 16 43 9 19 22 13 2 9 20 4 0 6 3 6 16 0 12 2 0 -999 -999 -999
P11196 2078 3 0 0 0 0 0 14 17 18 12 0 71 33 27 64 16 11 0 0 0 0 5 12 20 27 6 0 38 27 33 62 8
P11196 2078 4 24 73 21 61 102 95 28 5 22 5 0 0 0 17 16 26 43 70 90 20 5 0 0 5 2 0 0 0 42 11 -999
P11196 2078 5 12 6 4 27 22 24 15 9 5 14 28 38 72 34 17 35 26 5 0 0 0 0 0 0 0 0 0 0 0 5 0
P11196 2078 6 0 19 0 0 0 0 0 0 0 0 0 0 0 0 0 0 0 0 0 0 0 0 0 0 0 0 0 0 0 0 -999
P11196 2078 7 0 0 0 0 0 0 0 0 0 0 0 0 0 0 0 0 0 0 0 0 0 0 0 0 0 0 0 0 0 0 0
P11196 2078 8 0 0 0 0 0 0 0 0 0 0 0 0 0 0 0 0 0 0 0 0 0 0 0 0 0 0 0 0 0 0 0
P11196 2078 9 0 0 0 57 36 0 0 0 0 0 0 0 0 0 0 0 0 0 0 0 0 0 0 0 0 0 0 0 0 0 -999
P11196 2078 10 0 33 0 0 0 0 0 0 0 0 0 0 0 0 0 0 0 0 0 0 0 0 21 0 0 7 0 0 0 0 0
P11196 2078 11 0 0 0 65 20 12 0 0 0 13 11 0 0 0 0 0 8 0 0 12 0 0 0 0 0 0 21 97 7 47 -999
P11196 2078 12 10 8 1 0 0 0 10 44 3 0 0 5 0 2 5 6 1 1 0 0 2 7 0 0 16 17 21 65 26 72 112
P11196 2079 1 17 0 19 51 2 2 0 6 11 9 16 3 18 11 0 0 0 0 0 0 0 0 0 4 0 0 31 23 0 0 0
P11196 2079 2 0 11 0 17 47 23 4 33 54 8 0 0 0 0 6 0 0 0 32 41 72 15 23 50 49 45 86 47 -999 -999 -999
P11196 2079 3 23 90 10 36 42 6 0 0 0 0 0 33 3 0 0 4 0 0 0 10 49 35 15 11 0 0 0 0 0 0 15
P11196 2079 4 41 57 42 10 5 17 28 23 15 0 0 0 0 0 0 0 0 0 0 3 2 0 0 0 0 0 0 0 0 13 -999
P11196 2079 5 32 9 10 0 0 0 0 0 0 0 0 0 0 0 0 0 0 0 0 0 0 0 0 0 0 0 0 0 0 0 0
P11196 2079 6 0 0 0 0 0 0 0 0 0 18 6 0 0 0 0 0 0 0 0 0 0 0 0 0 0 0 0 0 0 0 -999
P11196 2079 7 0 0 0 0 0 0 0 0 0 0 0 0 0 0 0 0 0 0 0 0 0 0 0 0 0 0 0 21 0 0 0
P11196 2079 8 0 0 0 0 0 0 0 0 0 0 0 0 0 0 0 0 0 0 0 0 0 0 0 0 0 0 0 0 0 0 0
P11196 2079 9 0 0 0 0 0 0 0 0 0 0 30 0 0 0 0 0 0 0 0 0 0 0 0 0 0 0 0 0 0 11 -999
P11196 2079 10 0 0 0 0 0 0 0 0 0 0 0 0 0 0 0 0 0 0 36 48 47 60 21 43 44 20 27 12 24 0 0
P11196 2079 11 0 48 47 8 33 5 0 0 0 0 0 0 0 0 0 0 0 0 0 0 15 0 36 23 0 67 70 22 40 85 -999
P11196 2079 12 5 0 0 0 19 23 43 73 73 77 43 0 11 7 83 78 103 59 98 61 0 0 11 0 0 0 0 0 7 0 0
P11196 2080 1 0 0 0 0 0 0 0 0 0 7 0 21 2 1 1 1 2 8 11 8 10 10 64 13 20 15 10 8 30 26 3
P11196 2080 2 9 6 0 12 5 4 3 0 12 14 29 64 34 8 2 0 7 0 0 0 21 2 2 7 2 0 0 0 -999 -999 -999
P11196 2080 3 0 0 0 0 0 0 0 0 0 0 0 0 0 0 0 0 0 0 0 0 0 0 20 0 0 0 0 0 0 0 0
P11196 2080 4 45 13 52 26 51 91 84 69 51 32 3 3 4 6 6 29 44 36 60 47 22 9 12 17 36 14 8 8 4 0 -999
P11196 2080 5 39 39 18 5 0 0 0 0 0 0 0 0 0 0 0 0 0 31 8 9 10 6 0 0 0 0 0 0 0 0 29
P11196 2080 6 8 0 0 0 0 0 0 13 10 0 0 0 0 6 4 0 0 0 0 0 0 0 0 0 0 0 0 0 0 0 -999
P11196 2080 7 0 0 0 0 0 0 0 0 0 0 0 0 0 0 0 0 0 0 0 0 0 0 0 0 0 0 0 0 0 0 0
P11196 2080 8 0 0 0 0 0 0 0 0 0 0 0 0 0 0 0 0 0 0 0 0 0 0 29 14 38 37 15 0 0 0 0
P11196 2080 9 0 0 0 0 0 0 0 0 0 0 0 0 41 27 12 0 0 0 0 0 0 0 42 56 51 23 0 0 0 0 -999
P11196 2080 10 0 0 0 0 0 0 0 0 0 0 0 35 9 0 0 0 0 0 0 0 0 22 13 75 72 44 10 3 0 0 0
P11196 2080 11 0 0 0 0 31 13 8 2 7 23 4 2 1 0 0 21 41 15 0 0 30 11 0 10 14 25 34 65 22 0 -999
P11196 2080 12 0 0 0 0 0 9 15 40 47 82 57 14 17 55 19 0 0 0 0 0 0 12 29 96 51 5 5 10 5 19 1
P11196 2081 1 0 2 0 0 0 0 0 0 0 0 0 0 0 0 0 3 6 24 31 92 113 107 41 0 0 14 12 0 0 12 0
P11196 2081 2 7 30 95 70 11 21 16 11 19 2 0 0 0 0 0 13 9 42 20 36 38 72 37 21 29 23 50 14 -999 -999 -999
P11196 2081 3 3 0 0 0 0 0 0 0 0 20 44 58 86 94 103 33 121 30 38 40 56 47 90 19 42 85 88 84 37 16 82
P11196 2081 4 40 7 5 26 16 0 5 0 0 0 0 0 4 3 0 0 14 6 7 0 0 10 9 0 0 0 0 11 12 8 -999
P11196 2081 5 5 3 0 0 0 10 14 6 2 2 13 6 0 0 0 0 0 0 0 0 0 4 10 7 10 17 10 30 23 14 4
P11196 2081 6 0 0 0 0 0 0 31 23 12 36 33 10 8 0 0 0 0 0 0 0 0 0 0 0 0 0 0 0 0 0 -999
P11196 2081 7 0 0 0 0 0 0 0 0 0 0 0 0 0 0 0 0 0 0 0 0 0 0 0 0 0 0 0 0 0 0 0
P11196 2081 8 0 0 0 0 0 0 0 0 0 0 0 0 0 0 0 0 0 0 0 0 0 0 0 0 0 0 0 0 0 0 0
P11196 2081 9 0 0 0 0 0 0 0 0 0 0 0 0 0 0 0 0 0 0 0 0 0 0 0 0 0 0 0 0 0 0 -999
P11196 2081 10 0 0 60 7 0 0 0 0 0 56 97 93 31 9 43 45 29 27 41 82 66 11 0 0 0 0 0 14 4 0 44
P11196 2081 11 0 0 0 60 50 12 0 0 0 36 49 15 18 0 67 77 51 51 63 115 103 68 93 8 16 0 0 0 42 48 -999
P11196 2081 12 73 35 31 31 44 16 75 81 29 0 0 0 0 0 0 0 0 0 0 27 79 56 76 25 58 80 15 66 25 0 0
P11196 2082 1 0 1 0 0 2 7 18 3 5 6 0 0 0 0 31 75 7 0 0 13 0 0 0 0 0 8 28 21 28 24 4
P11196 2082 2 0 0 16 37 20 8 20 8 3 0 16 4 4 0 0 0 0 0 0 0 0 0 0 0 0 4 9 0 -999 -999 -999
P11196 2082 3 4 10 10 1 1 0 0 0 0 12 16 12 7 8 1 16 37 31 50 58 0 0 33 29 13 0 9 7 7 3 8
P11196 2082 4 9 0 0 23 15 32 65 62 46 126 113 44 120 7 0 36 20 0 0 49 41 13 4 0 10 9 11 15 31 2 -999
P11196 2082 5 0 6 0 0 0 0 0 0 0 0 0 0 0 0 0 0 0 0 0 0 0 0 0 0 0 0 0 0 0 0 0
P11196 2082 6 0 8 11 8 7 10 24 34 16 9 3 0 0 0 0 20 32 29 43 15 15 0 0 0 0 0 0 0 0 0 -999
P11196 2082 7 0 0 0 0 0 0 0 0 0 0 0 0 0 0 0 0 0 0 0 0 0 0 0 0 0 0 0 0 0 0 0
P11196 2082 8 0 0 0 0 0 0 0 0 0 0 0 0 0 0 0 0 0 0 0 0 0 0 0 0 0 0 0 0 0 0 0
P11196 2082 9 0 0 0 0 0 0 0 0 0 0 0 0 0 0 0 0 0 0 0 0 0 0 0 0 0 0 0 0 0 0 -999
P11196 2082 10 0 0 0 0 0 0 0 0 0 0 0 0 0 0 0 0 44 66 21 107 107 4 9 59 0 0 0 0 0 0 0
P11196 2082 11 0 0 0 0 0 0 0 0 11 30 53 53 38 33 0 73 46 14 19 42 25 51 63 41 8 12 22 71 87 15 -999
P11196 2082 12 5 34 22 6 0 3 0 0 0 0 0 0 0 0 0 0 0 0 0 0 0 0 0 0 0 0 0 0 0 31 12
P11196 2083 1 0 0 13 10 0 21 66 82 35 43 12 13 30 90 66 23 0 27 0 48 44 23 43 34 36 0 35 34 0 0 58
P11196 2083 2 23 48 60 11 29 21 0 28 85 58 117 75 73 42 30 56 116 78 24 31 20 60 31 61 0 0 66 52 -999 -999 -999
P11196 2083 3 105 5 0 0 0 0 20 22 5 0 34 0 0 0 0 0 0 0 3 7 3 9 2 0 0 0 4 8 20 32 40
P11196 2083 4 95 60 43 35 28 5 14 11 0 37 25 28 24 11 0 12 5 26 56 21 13 13 3 0 0 0 0 0 0 0 -999
P11196 2083 5 0 0 0 0 0 0 0 0 0 38 0 0 0 0 0 0 0 0 6 13 0 12 0 0 0 0 0 0 0 0 0
P11196 2083 6 0 0 0 0 0 0 0 0 0 0 0 0 0 0 0 0 0 0 0 0 0 0 0 0 0 0 0 11 0 0 -999
P11196 2083 7 0 0 0 0 0 0 0 0 0 0 0 0 0 0 0 0 0 0 0 0 0 0 0 0 0 0 0 9 0 0 0
P11196 2083 8 0 29 0 0 0 0 0 0 0 0 0 0 0 0 0 0 0 0 0 0 0 0 0 0 0 0 0 0 0 0 0
P11196 2083 9 0 0 0 0 0 0 0 0 0 0 0 0 0 0 0 0 0 0 0 0 0 0 0 0 0 0 0 0 0 0 -999
P11196 2083 10 44 45 0 0 25 0 0 0 0 0 0 0 0 23 0 0 0 0 0 0 0 0 0 0 0 0 31 0 0 0 0
P11196 2083 11 0 0 0 0 0 25 38 19 0 54 0 0 39 54 17 35 41 46 31 41 20 17 21 61 6 23 22 24 8 0 -999
P11196 2083 12 0 0 0 0 0 11 17 6 0 0 18 6 0 0 0 0 51 15 0 0 0 0 0 0 0 0 0 0 0 5 12
P11196 2084 1 27 60 29 12 11 0 0 11 0 0 0 0 11 11 0 0 20 72 75 32 34 59 98 5 1 0 0 0 0 0 4
P11196 2084 2 5 0 18 11 0 0 0 0 0 0 0 47 50 11 0 10 30 14 14 29 8 9 42 93 10 41 29 6 -999 -999 -999
P11196 2084 3 25 20 15 15 18 21 0 0 0 18 27 50 86 77 22 109 98 87 52 56 73 28 20 27 26 0 0 0 0 30 34
P11196 2084 4 33 23 63 83 109 37 13 48 52 54 112 30 9 46 45 44 8 0 0 0 0 0 0 0 0 0 0 12 4 0 -999
P11196 2084 5 0 0 0 17 0 0 11 12 3 0 0 0 0 0 0 0 0 0 0 0 0 0 0 0 0 19 11 4 7 5 14
P11196 2084 6 12 0 0 0 0 0 0 0 0 0 0 0 19 9 5 3 0 0 0 0 0 0 0 0 0 0 0 0 0 0 -999
P11196 2084 7 0 0 0 0 0 0 0 0 0 0 0 0 0 0 0 0 0 0 0 0 0 0 0 0 0 0 0 0 0 0 0
P11196 2084 8 0 0 0 0 0 0 0 0 0 0 0 0 0 0 0 0 10 9 0 0 0 0 0 0 0 0 0 0 0 0 0
P11196 2084 9 0 0 0 0 0 0 0 0 0 0 0 0 0 0 0 0 0 0 0 0 0 0 0 0 0 0 0 0 0 0 -999
P11196 2084 10 0 0 0 0 0 0 0 0 0 0 0 0 0 0 0 23 19 0 0 0 0 0 24 8 6 4 0 0 0 0 0
P11196 2084 11 0 0 0 14 88 30 22 22 76 81 99 81 77 38 4 6 11 0 0 0 0 0 0 0 0 0 0 0 0 13 -999
P11196 2084 12 18 9 14 21 17 8 0 0 0 0 0 0 0 0 0 0 0 0 0 0 0 0 11 13 25 53 3 15 13 0 0
P11196 2085 1 0 0 0 0 0 0 0 0 0 0 0 0 0 0 11 0 0 0 0 0 0 0 0 0 13 6 0 0 0 8 0
P11196 2085 2 0 0 0 11 0 0 0 0 0 0 0 0 0 0 0 14 21 0 0 0 0 0 0 0 0 0 8 2 -999 -999 -999
P11196 2085 3 0 0 0 0 15 0 0 0 0 0 0 22 20 5 0 0 0 40 17 29 31 68 57 12 11 7 28 26 48 82 66
P11196 2085 4 72 45 99 20 37 0 0 0 0 0 0 5 2 3 25 12 0 0 0 0 0 0 0 0 0 25 40 33 11 34 -999
P11196 2085 5 19 5 0 36 12 3 13 2 6 57 42 29 23 5 4 3 6 7 6 9 11 9 9 0 22 9 6 6 0 0 0
P11196 2085 6 0 0 0 0 0 0 0 0 14 0 0 0 0 0 0 0 0 0 0 0 0 0 0 0 0 0 0 0 0 0 -999
P11196 2085 7 0 0 0 0 0 0 0 0 0 0 0 0 0 0 0 0 0 0 0 0 0 0 0 0 0 0 0 0 0 0 0
P11196 2085 8 0 0 0 0 0 0 0 0 0 0 0 0 0 0 0 0 0 0 0 0 0 0 0 0 0 0 0 0 0 0 0
P11196 2085 9 0 0 0 0 0 0 0 0 0 0 0 0 0 0 0 0 0 0 0 0 0 0 0 8 7 0 0 0 10 11 -999
P11196 2085 10 12 0 0 0 0 12 0 0 0 0 0 5 0 0 0 26 8 0 0 0 8 0 35 23 3 0 29 4 0 0 0
P11196 2085 11 0 30 34 92 20 25 17 27 0 0 0 0 0 0 0 0 0 0 73 49 110 119 35 54 123 29 88 15 22 21 -999
P11196 2085 12 80 75 11 7 60 49 14 7 0 34 23 15 0 0 7 0 0 0 0 0 7 10 26 53 36 14 16 25 44 29 77
P11196 2086 1 77 118 109 91 20 1 0 0 0 0 0 0 0 0 0 0 0 0 0 0 0 0 0 0 0 2 2 0 0 4 0
P11196 2086 2 0 0 0 0 0 0 0 0 0 0 0 0 15 18 17 21 0 38 18 5 81 6 2 0 0 3 4 8 -999 -999 -999
P11196 2086 3 2 0 0 0 0 0 0 0 0 12 7 1 0 6 0 0 0 0 0 32 0 22 0 0 0 0 0 0 0 0 12
P11196 2086 4 13 14 8 4 7 0 0 36 23 5 6 3 2 8 47 59 70 84 60 40 25 13 43 44 0 0 25 22 9 0 -999
P11196 2086 5 0 0 22 12 3 6 0 0 0 0 0 0 0 0 0 7 5 8 8 7 9 6 0 8 14 7 0 0 0 0 0
P11196 2086 6 0 0 0 0 0 0 0 0 0 0 0 0 0 0 0 0 0 0 0 0 8 0 0 0 0 0 0 0 0 0 -999
P11196 2086 7 0 0 0 0 0 0 0 0 0 0 0 0 0 0 0 0 0 0 0 0 0 0 0 0 0 0 0 0 0 0 0
P11196 2086 8 0 0 0 0 0 0 0 0 0 0 0 0 0 0 0 0 0 0 0 0 0 0 0 0 0 0 0 0 0 0 0
P11196 2086 9 0 0 0 0 0 0 0 0 0 0 0 0 31 18 0 0 27 27 16 0 0 0 0 0 0 0 0 0 0 0 -999
P11196 2086 10 0 0 24 0 0 0 0 0 0 0 0 0 0 0 14 14 0 0 0 0 0 0 13 40 40 43 47 14 29 53 34
P11196 2086 11 0 0 0 0 0 0 0 25 12 25 32 52 61 18 70 116 89 112 25 89 41 24 24 21 0 21 41 30 67 6 -999
P11196 2086 12 11 34 0 0 0 27 0 0 0 0 0 0 0 0 0 0 0 0 19 28 10 0 0 0 0 0 0 0 0 0 17
P11196 2087 1 19 106 30 27 0 0 18 0 0 0 0 0 11 35 81 61 6 17 51 5 10 11 2 0 0 0 0 0 0 6 4
P11196 2087 2 5 0 10 10 0 0 0 0 0 0 0 0 0 0 0 0 0 0 0 15 0 0 0 0 0 0 0 0 -999 -999 -999
P11196 2087 3 8 0 0 0 0 0 22 8 0 0 0 0 0 38 57 3 16 29 54 10 8 17 0 0 0 0 78 23 10 6 0
P11196 2087 4 0 0 15 27 55 8 0 0 0 0 0 0 0 0 0 0 10 35 27 11 11 18 19 0 0 0 0 0 0 0 -999
P11196 2087 5 0 0 0 0 0 0 0 73 99 81 23 0 0 0 0 9 17 0 0 0 0 0 0 0 0 0 5 21 26 34 0
P11196 2087 6 0 0 0 0 0 0 0 0 0 0 0 0 0 0 0 0 0 0 0 0 0 0 0 0 0 0 0 0 0 0 -999
P11196 2087 7 0 0 0 0 0 0 0 0 0 0 0 0 0 0 0 0 0 0 0 0 0 0 0 0 0 0 0 0 0 0 0
P11196 2087 8 0 0 0 0 0 0 0 0 0 0 0 0 0 0 0 0 0 0 0 0 0 0 0 0 0 0 0 0 0 0 0
P11196 2087 9 0 0 0 0 5 0 0 0 0 27 23 0 0 0 0 0 0 0 0 0 33 47 0 0 0 0 0 0 0 0 -999
P11196 2087 10 19 0 0 25 0 0 0 0 0 0 0 0 0 0 0 0 0 21 17 17 28 80 65 10 20 0 0 0 0 0 0
P11196 2087 11 0 0 0 24 23 0 0 33 25 10 15 47 7 29 76 23 3 38 0 0 19 15 28 0 0 0 0 0 0 38 -999
P11196 2087 12 37 82 20 0 0 0 0 13 0 0 27 65 58 48 66 37 64 103 83 16 67 43 0 0 0 0 0 0 0 0 0
P11196 2088 1 0 0 5 0 7 0 17 93 122 58 81 87 125 94 18 65 78 77 6 2 4 10 19 67 73 103 116 109 67 115 19
P11196 2088 2 33 17 15 45 11 6 6 5 4 7 0 0 0 0 0 0 16 21 24 0 0 9 29 12 0 0 0 0 -999 -999 -999
P11196 2088 3 0 0 0 0 27 12 73 14 3 0 0 0 9 12 21 17 26 18 33 9 1 0 4 4 33 12 33 0 0 0 0
P11196 2088 4 0 0 0 0 0 0 0 0 14 27 8 26 45 13 4 10 0 0 0 0 0 0 16 9 11 0 0 0 0 0 -999
P11196 2088 5 0 0 0 0 37 27 20 2 0 0 0 83 63 21 10 6 0 0 0 3 0 0 0 0 0 0 0 0 0 0 0
P11196 2088 6 0 0 0 0 0 0 0 0 0 0 0 0 0 0 0 0 0 0 0 0 0 0 0 0 0 0 0 0 0 0 -999
P11196 2088 7 0 0 0 0 0 0 0 0 0 0 0 0 0 0 0 0 0 0 0 0 0 0 0 0 0 0 0 0 0 0 0
P11196 2088 8 0 0 0 0 0 0 0 0 0 0 0 0 0 0 0 0 0 0 0 0 0 0 0 0 0 0 0 0 0 0 0
P11196 2088 9 0 0 0 0 0 0 0 0 0 0 0 0 0 0 0 0 0 0 0 0 0 0 0 0 0 0 0 0 0 0 -999
P11196 2088 10 0 0 0 0 0 20 0 0 0 0 37 12 49 4 0 0 0 0 0 0 0 0 0 15 0 0 0 0 0 0 0
P11196 2088 11 0 26 86 137 91 84 63 24 85 81 8 15 21 8 7 0 0 0 0 0 0 0 0 26 0 0 34 24 4 26 -999
P11196 2088 12 47 11 26 36 106 89 14 0 0 0 0 0 0 0 0 0 0 0 0 0 0 0 0 0 0 9 14 3 0 27 4
P11196 2089 1 0 0 0 15 28 21 32 3 0 11 54 37 9 80 56 44 54 7 50 92 67 54 116 13 47 53 40 50 52 53 92
P11196 2089 2 100 17 10 35 83 19 35 58 41 54 103 67 55 58 77 96 100 50 65 41 46 0 0 0 0 22 68 40 -999 -999 -999
P11196 2089 3 2 0 0 0 0 0 0 0 0 0 0 0 4 0 0 0 41 15 7 4 0 0 0 0 0 0 0 0 23 3 0
P11196 2089 4 0 0 0 0 0 6 19 68 66 24 6 0 0 0 20 29 12 0 0 0 35 0 0 0 0 0 0 0 0 0 -999
P11196 2089 5 8 5 0 0 0 0 0 0 25 0 0 0 0 0 0 0 0 0 0 0 0 0 0 0 0 0 0 0 0 0 12
P11196 2089 6 12 22 7 0 0 0 0 0 0 0 0 0 0 0 0 0 0 0 0 0 0 0 0 0 0 0 0 0 0 0 -999
P11196 2089 7 0 0 0 17 0 0 0 0 0 0 0 0 0 0 0 0 0 0 0 0 0 0 0 0 0 0 0 0 0 0 0
P11196 2089 8 0 0 0 0 0 0 0 0 0 0 0 0 0 0 0 0 0 0 0 0 0 0 0 0 0 0 0 0 0 0 0
P11196 2089 9 0 0 0 0 0 0 0 0 0 0 0 0 0 0 0 0 0 0 0 0 0 0 0 0 0 0 0 0 0 0 -999
P11196 2089 10 0 0 0 0 0 0 0 0 0 0 15 22 8 4 9 10 0 0 0 0 0 0 0 12 14 13 12 0 0 0 0
P11196 2089 11 0 0 0 0 0 15 2 2 0 0 28 6 8 29 35 78 52 71 81 58 50 59 98 38 0 0 0 13 57 37 -999
P11196 2089 12 77 82 15 32 5 17 8 23 5 1 2 0 0 0 0 0 4 11 43 78 60 46 33 27 0 0 0 0 0 47 63
P11196 2090 1 17 9 7 0 0 17 3 1 0 0 0 0 0 0 0 0 0 11 4 52 66 78 66 15 5 27 18 0 11 0 15
P11196 2090 2 0 32 54 0 0 0 0 0 0 38 74 74 69 58 97 98 104 32 16 40 86 22 6 15 32 59 91 116 -999 -999 -999
P11196 2090 3 25 4 7 0 10 9 33 74 54 14 15 80 79 8 9 6 0 0 0 0 0 0 0 4 13 6 0 0 0 0 0
P11196 2090 4 0 0 53 55 66 18 5 0 0 0 8 11 22 0 0 0 13 8 0 11 0 21 38 41 11 0 0 45 22 6 -999
P11196 2090 5 9 0 0 0 0 0 0 0 0 4 0 0 0 0 0 25 33 24 19 15 20 7 3 0 0 0 0 0 0 48 0
P11196 2090 6 0 0 27 49 59 54 34 16 8 17 10 0 0 0 0 0 0 0 0 0 0 0 0 36 34 27 11 16 0 0 -999
P11196 2090 7 0 0 0 0 0 0 0 0 0 0 0 0 0 0 0 0 0 0 0 0 0 0 0 0 0 0 0 0 0 0 0
P11196 2090 8 0 0 0 0 0 0 0 0 0 0 0 0 0 0 0 0 0 0 0 0 0 0 0 0 0 0 0 0 0 0 0
P11196 2090 9 0 0 0 0 0 0 0 0 0 0 0 0 0 0 0 0 0 0 0 0 0 0 0 0 0 0 0 0 55 0 -999
P11196 2090 10 0 0 0 0 0 27 0 36 19 23 27 20 11 0 0 0 0 43 0 35 0 0 0 0 0 0 0 0 0 11 26
P11196 2090 11 12 26 21 4 0 0 0 0 0 0 0 0 0 0 0 0 0 0 0 0 0 0 0 0 16 41 69 68 109 123 -999
P11196 2090 12 113 46 21 64 10 0 21 9 49 72 15 16 17 31 31 0 0 0 0 0 0 22 0 48 0 0 0 0 0 0 0
P11196 2091 1 0 0 0 0 0 0 0 0 0 0 0 0 1 0 0 0 0 1 12 4 18 22 43 77 37 98 86 95 17 21 0
P11196 2091 2 25 42 22 40 48 45 65 37 52 16 22 29 57 10 17 26 9 4 0 0 0 30 37 30 0 36 10 0 -999 -999 -999
P11196 2091 3 0 0 0 0 0 0 0 6 10 0 0 0 0 0 0 0 0 0 9 10 10 8 12 19 0 0 0 0 13 0 0
P11196 2091 4 0 19 3 0 0 0 0 0 0 0 0 0 0 0 0 0 0 0 0 22 8 6 6 20 53 27 5 11 18 8 -999
P11196 2091 5 14 12 22 0 10 52 22 6 2 3 14 18 54 69 21 51 54 11 18 0 0 0 0 0 0 0 0 0 0 0 0
P11196 2091 6 0 0 0 0 0 0 0 0 0 0 0 0 0 0 0 0 0 0 0 0 0 0 0 0 0 0 0 0 0 0 -999
P11196 2091 7 0 0 0 0 0 0 0 0 0 0 0 0 0 0 0 0 0 0 0 0 0 0 0 0 0 0 0 0 0 0 0
P11196 2091 8 0 0 0 0 0 0 0 0 0 0 0 0 0 0 0 0 0 0 0 0 0 0 0 0 0 0 0 0 0 0 0
P11196 2091 9 0 0 0 0 0 0 0 0 0 0 0 0 0 0 0 0 0 0 0 0 33 28 14 12 25 82 0 0 0 0 -999
P11196 2091 10 0 0 0 0 0 0 0 0 0 38 8 0 0 0 0 0 0 0 0 0 0 0 0 6 2 2 0 15 64 15 21
P11196 2091 11 50 72 48 34 25 45 93 123 37 45 86 77 57 12 4 2 31 53 9 29 31 9 8 0 0 0 0 0 0 0 -999
P11196 2091 12 0 0 0 0 0 0 0 0 8 6 0 0 44 61 29 40 4 11 29 22 37 0 0 0 0 0 0 0 0 0 0
P11196 2092 1 0 0 0 0 23 26 0 0 0 0 12 54 115 38 32 3 0 0 0 0 0 0 24 6 14 59 6 3 5 3 0
P11196 2092 2 0 0 6 26 59 101 18 19 0 0 0 0 0 0 0 0 0 0 23 12 35 38 16 30 0 4 10 9 -999 -999 -999
P11196 2092 3 17 0 0 0 0 0 0 0 0 0 0 0 0 0 0 38 41 76 61 36 40 11 0 0 0 0 0 0 0 0 0
P11196 2092 4 0 0 0 0 0 2 16 8 43 46 19 15 6 0 0 0 21 0 0 0 73 0 0 0 0 29 8 0 0 0 -999
P11196 2092 5 0 0 0 0 0 0 0 0 5 5 3 0 0 0 0 0 0 0 0 0 0 0 0 0 0 0 0 0 17 0 0
P11196 2092 6 0 22 0 0 0 0 0 0 0 0 0 0 0 0 0 0 0 0 0 0 0 0 0 0 0 0 0 0 0 5 -999
P11196 2092 7 0 0 0 0 0 0 0 0 0 0 0 0 0 0 0 0 0 0 0 0 0 0 0 0 0 0 0 0 0 0 0
P11196 2092 8 0 0 0 0 0 0 0 0 0 0 0 0 0 0 0 0 0 0 0 0 0 0 0 0 0 0 0 0 0 37 13
P11196 2092 9 0 0 0 0 0 0 0 0 0 0 0 0 0 0 0 0 0 0 0 11 14 39 36 0 0 0 0 0 0 9 -999
P11196 2092 10 6 5 5 0 0 0 0 0 0 0 0 0 0 0 8 0 12 0 49 27 0 0 0 0 0 0 0 0 0 0 0
P11196 2092 11 0 0 0 0 22 7 38 41 31 0 0 7 63 13 3 8 0 0 0 0 0 0 5 11 11 9 0 0 0 0 -999
P11196 2092 12 0 0 0 0 4 13 13 18 10 12 2 0 0 0 0 0 0 0 0 0 0 0 0 0 0 0 99 25 5 5 0
P11196 2093 1 0 0 0 10 31 21 12 27 79 66 31 67 38 2 16 15 0 0 0 0 0 0 0 0 0 0 0 0 6 4 16
P11196 2093 2 9 0 0 11 14 42 20 54 114 128 70 2 4 0 20 16 0 0 77 68 23 43 15 3 0 9 4 4 -999 -999 -999
P11196 2093 3 3 4 37 31 2 1 0 32 31 42 114 39 28 8 94 38 4 37 70 82 111 32 13 45 15 6 18 0 27 52 41
P11196 2093 4 20 0 0 0 0 12 5 23 19 46 24 23 19 0 0 0 0 0 37 0 0 0 71 8 0 0 0 0 0 22 -999
P11196 2093 5 11 8 14 23 12 13 6 8 18 40 42 9 0 0 0 0 0 0 0 5 0 0 0 0 0 0 0 0 0 0 0
P11196 2093 6 0 0 0 7 0 0 9 0 0 0 0 25 48 19 6 0 0 0 0 0 0 0 0 0 0 0 0 0 0 0 -999
P11196 2093 7 0 0 0 0 0 0 0 0 0 0 0 0 0 0 0 0 0 0 0 0 0 0 0 0 0 0 0 0 0 0 0
P11196 2093 8 0 0 0 0 0 0 0 0 0 0 0 0 0 0 0 0 0 0 0 0 0 0 0 0 0 0 16 24 9 0 0
P11196 2093 9 0 0 0 0 0 0 0 0 0 0 0 0 0 0 0 0 0 0 0 0 0 0 0 0 0 0 0 0 0 0 -999
P11196 2093 10 0 0 0 0 0 0 0 0 38 23 0 0 0 0 0 8 2 0 0 0 0 0 0 0 0 11 7 0 0 0 12
P11196 2093 11 4 56 48 87 39 13 14 29 36 0 0 33 67 0 0 0 10 15 18 13 0 0 0 71 26 74 30 21 0 0 -999
P11196 2093 12 0 0 0 37 0 23 19 21 34 27 30 29 1 0 0 0 0 0 0 0 0 0 0 0 0 0 0 15 58 40 11
P11196 2094 1 0 0 0 16 60 66 75 0 0 0 0 0 0 0 0 0 0 0 0 0 0 0 14 0 0 0 0 0 0 0 16
P11196 2094 2 16 0 0 0 24 13 15 10 0 0 0 0 0 0 12 7 0 0 18 25 27 2 7 76 9 18 55 89 -999 -999 -999
P11196 2094 3 23 51 26 21 66 85 120 75 110 89 36 32 44 10 10 0 22 0 0 0 0 6 1 0 0 0 0 0 0 0 0
P11196 2094 4 0 0 0 0 19 15 6 10 15 34 5 68 9 3 67 26 10 17 20 11 0 0 22 24 107 32 2 1 0 0 -999
P11196 2094 5 0 9 5 4 2 0 10 0 0 0 0 0 0 0 0 0 0 0 0 0 0 0 0 0 0 0 0 0 0 0 0
P11196 2094 6 0 0 0 0 0 0 27 26 13 6 3 0 23 21 0 0 0 0 0 0 0 0 0 0 0 0 0 0 0 0 -999
P11196 2094 7 0 0 0 0 0 0 0 0 0 0 0 0 0 0 0 0 0 0 0 0 0 0 43 0 0 0 0 0 0 0 0
P11196 2094 8 0 0 0 0 0 0 0 0 0 0 0 0 0 0 0 0 0 0 0 0 0 0 0 0 0 0 0 0 0 0 0
P11196 2094 9 0 0 0 0 0 0 0 0 0 0 0 0 0 0 0 0 0 0 0 0 0 36 0 0 0 0 0 0 0 0 -999
P11196 2094 10 40 65 78 53 57 13 0 0 0 0 0 0 0 0 0 0 0 0 0 14 15 9 0 0 0 16 22 14 5 3 0
P11196 2094 11 0 0 0 0 0 24 54 18 21 0 0 21 33 29 22 22 0 0 0 0 0 0 0 0 0 0 72 77 33 0 -999
P11196 2094 12 0 0 0 0 57 109 83 38 58 55 65 25 5 25 54 0 0 20 0 0 0 0 0 0 0 45 114 41 60 41 33
P11196 2095 1 91 14 77 25 36 50 4 2 15 16 44 55 39 44 43 10 100 46 124 130 118 99 45 52 117 65 59 110 11 31 80
P11196 2095 2 38 14 0 51 35 16 25 3 1 1 2 0 22 63 9 24 16 15 13 0 0 0 0 8 1 0 0 0 -999 -999 -999
P11196 2095 3 0 0 0 0 0 0 0 0 0 0 13 40 22 17 15 12 16 42 54 30 8 12 0 0 11 12 0 0 0 0 0
P11196 2095 4 35 8 4 6 4 42 81 90 17 34 17 12 5 0 0 0 17 0 0 0 0 0 16 0 0 0 0 0 0 0 -999
P11196 2095 5 15 5 3 0 0 10 0 0 0 0 32 36 8 0 0 0 0 0 0 0 0 0 0 0 0 0 0 0 0 11 17
P11196 2095 6 0 0 0 0 0 0 0 0 0 0 0 0 0 0 0 0 0 0 0 0 0 0 0 0 0 0 15 15 0 0 -999
P11196 2095 7 0 0 0 0 0 0 0 0 0 0 0 0 0 0 0 0 0 0 0 0 0 0 0 0 0 0 0 0 0 0 0
P11196 2095 8 0 0 0 0 0 0 0 0 0 0 0 0 0 0 0 0 0 0 0 0 0 0 0 0 0 0 0 0 0 0 0
P11196 2095 9 0 0 0 0 0 0 0 0 0 0 0 0 0 0 0 0 0 0 0 0 0 0 0 0 0 0 0 0 0 0 -999
P11196 2095 10 0 0 0 0 0 0 0 9 14 24 31 4 6 6 0 0 27 6 2 0 0 0 0 5 8 0 5 13 51 23 12
P11196 2095 11 6 19 16 8 3 0 18 72 130 38 113 71 40 39 0 0 0 0 20 4 0 0 0 0 13 21 46 38 26 32 -999
P11196 2095 12 10 0 0 0 0 28 4 0 17 1 0 0 0 0 0 8 3 18 6 5 0 0 0 2 1 2 0 0 0 0 0
P11196 2096 1 0 0 0 31 5 26 12 5 8 32 20 5 4 0 14 10 0 0 0 0 13 0 0 0 0 3 7 3 10 10 0
P11196 2096 2 0 0 0 5 3 0 5 15 11 18 19 10 4 5 9 13 5 3 3 2 0 3 9 19 11 8 0 0 -999 -999 -999
P11196 2096 3 0 16 53 37 12 0 7 5 2 0 0 2 1 2 2 0 0 0 0 0 0 0 0 0 0 9 3 2 11 33 27
P11196 2096 4 12 0 9 4 0 29 31 34 38 11 25 45 60 72 33 12 11 24 56 19 6 0 4 0 0 0 0 0 31 0 -999
P11196 2096 5 8 0 0 0 0 0 0 0 0 0 0 0 0 0 0 0 0 0 0 5 6 0 0 0 8 3 18 10 30 73 74
P11196 2096 6 77 12 22 37 0 0 0 0 16 0 0 23 6 0 0 0 0 0 0 0 0 20 0 0 0 0 0 0 0 0 -999
P11196 2096 7 0 0 0 0 0 0 0 0 0 0 0 0 0 0 0 0 0 0 0 0 0 0 0 0 5 0 0 0 0 0 0
P11196 2096 8 0 0 0 0 0 0 0 0 0 0 0 0 0 0 0 0 0 0 0 0 0 0 0 0 0 0 0 0 0 0 0
P11196 2096 9 19 0 0 0 0 0 5 16 0 0 24 0 0 0 0 0 0 0 0 0 0 0 0 0 0 0 0 0 0 0 -999
P11196 2096 10 0 0 0 0 0 0 0 0 0 42 47 25 3 0 0 0 40 77 64 68 43 23 0 17 21 0 0 25 23 114 75
P11196 2096 11 84 92 71 60 44 24 12 29 57 109 66 15 38 48 96 76 90 89 25 57 31 22 19 0 25 28 24 17 43 4 -999
P11196 2096 12 0 0 0 0 0 0 0 0 0 0 0 0 0 0 15 2 0 2 0 0 0 0 0 17 24 50 30 0 0 36 70
P11196 2097 1 42 20 37 42 11 19 50 69 51 55 13 8 18 0 0 52 47 24 53 29 15 0 10 26 0 19 0 0 18 12 0
P11196 2097 2 34 14 3 0 21 15 0 17 0 32 8 26 8 0 0 0 0 0 0 24 18 0 0 0 0 0 0 14 -999 -999 -999
P11196 2097 3 8 0 0 9 18 15 0 0 0 0 0 0 0 14 14 12 16 0 52 63 53 13 0 20 16 15 13 13 0 10 0
P11196 2097 4 39 0 0 0 0 4 4 0 6 5 2 0 0 0 0 0 0 18 28 17 64 79 73 15 74 57 74 11 14 15 -999
P11196 2097 5 0 0 0 0 0 47 25 3 0 0 0 3 0 10 8 0 0 0 15 13 0 0 0 0 0 0 0 0 0 0 13
P11196 2097 6 0 0 0 0 0 0 0 0 0 0 17 29 28 22 24 9 0 0 0 0 0 0 0 0 0 0 0 0 0 0 -999
P11196 2097 7 0 0 0 0 0 0 0 0 0 0 0 0 0 0 0 0 0 0 0 0 0 0 0 0 0 0 0 0 0 0 0
P11196 2097 8 0 0 0 0 0 0 0 0 0 0 0 0 0 0 0 0 0 0 0 0 0 0 0 0 0 0 0 0 0 0 0
P11196 2097 9 0 0 0 0 0 0 0 0 0 0 0 0 0 0 0 0 0 0 0 0 0 0 0 5 5 0 0 0 0 0 -999
P11196 2097 10 0 44 29 11 17 0 0 0 0 0 0 0 0 0 0 0 19 60 42 44 21 14 43 31 8 8 11 0 0 45 70
P11196 2097 11 24 40 15 58 6 0 0 0 14 66 59 19 58 56 36 19 4 0 0 0 40 54 37 0 0 0 0 0 0 0 -999
P11196 2097 12 0 0 68 65 45 47 46 21 0 0 0 0 0 0 86 85 21 6 1 1 5 26 9 20 10 6 20 25 0 0 0
P11196 2098 1 0 0 7 0 21 43 4 25 6 16 2 0 0 6 2 2 0 0 11 3 32 8 28 7 0 0 0 9 0 0 0
P11196 2098 2 13 18 64 30 34 35 45 39 31 51 12 23 53 12 10 13 18 0 12 27 18 0 0 0 13 23 9 11 -999 -999 -999
P11196 2098 3 25 36 4 11 6 10 7 4 0 0 0 0 0 0 0 0 0 0 28 42 32 9 0 0 0 0 0 0 0 0 0
P11196 2098 4 0 0 0 0 0 0 0 12 13 20 28 18 2 14 0 0 0 0 0 0 0 0 0 0 0 0 25 0 0 0 -999
P11196 2098 5 0 0 0 0 0 0 0 0 0 0 0 0 0 0 0 18 15 13 14 0 0 0 0 0 0 0 0 0 0 0 0
P11196 2098 6 0 0 0 0 0 0 0 0 0 0 0 0 0 28 35 14 8 4 0 0 25 26 29 32 0 0 0 0 0 0 -999
P11196 2098 7 0 0 0 0 0 0 0 0 0 0 0 0 0 0 0 0 0 0 0 0 0 0 0 0 0 0 0 0 0 0 0
P11196 2098 8 0 0 0 0 0 0 0 13 0 0 0 0 0 0 0 0 0 0 0 0 0 0 0 0 0 0 0 0 0 0 0
P11196 2098 9 0 0 0 0 0 0 0 0 0 0 0 0 0 0 0 0 0 47 20 46 0 0 0 0 34 20 56 15 0 0 -999
P11196 2098 10 0 0 0 57 14 4 0 0 0 0 21 0 0 0 24 0 0 55 9 20 10 0 22 0 9 3 10 57 14 47 54
P11196 2098 11 77 93 17 61 26 74 13 32 9 91 99 22 16 0 0 38 89 39 21 0 18 28 31 0 0 0 0 16 56 61 -999
P11196 2098 12 18 81 35 91 94 48 4 0 36 7 0 0 3 0 0 0 0 20 16 29 45 83 90 27 3 1 0 11 4 5 0
P11196 2099 1 0 0 0 0 0 0 0 0 0 0 0 11 0 0 8 12 11 0 3 0 0 0 0 0 7 0 0 0 0 0 0
P11196 2099 2 0 20 86 3 6 3 10 0 0 0 0 0 0 0 0 0 0 0 14 25 3 16 5 5 11 0 0 0 -999 -999 -999
P11196 2099 3 0 0 0 0 15 50 44 85 82 98 100 46 6 0 0 0 0 0 0 0 0 0 11 4 11 5 0 0 0 0 0
P11196 2099 4 0 18 4 0 33 2 6 0 0 0 7 11 28 50 31 16 0 0 0 0 0 18 0 0 11 6 0 0 0 5 -999
P11196 2099 5 3 0 0 15 29 0 15 0 12 4 0 0 0 32 7 0 0 0 0 19 0 0 0 0 0 0 0 0 0 0 0
P11196 2099 6 0 0 0 0 0 0 0 0 0 0 0 0 0 0 0 0 0 0 10 15 23 9 0 0 0 0 0 0 0 0 -999
P11196 2099 7 0 0 0 0 0 0 0 0 0 0 0 0 0 0 0 0 0 0 0 0 0 0 0 0 0 0 0 0 0 0 0
P11196 2099 8 0 0 0 0 0 0 0 0 0 0 0 0 0 0 0 0 0 0 0 5 0 0 0 0 0 0 0 0 0 46 10
P11196 2099 9 0 0 0 0 0 0 0 0 0 22 0 0 0 0 0 0 0 0 0 0 0 0 0 0 0 0 0 0 0 0 -999
P11196 2099 10 0 0 0 0 0 0 0 0 0 0 45 18 0 14 76 0 0 0 0 0 0 0 0 0 0 0 0 0 0 31 70
P11196 2099 11 52 24 15 8 29 28 28 18 29 44 68 55 94 8 31 27 0 51 83 64 79 21 0 0 0 0 0 0 0 0 -999
P11196 2099 12 17 10 0 0 12 25 7 0 36 0 0 0 0 14 0 0 24 10 16 19 42 88 61 0 0 0 0 26 24 27 134
P11196 2100 1 3 0 0 0 42 0 0 0 0 9 0 33 83 42 0 38 114 0 0 0 0 4 20 17 0 2 6 0 0 7 0
P11196 2100 2 0 0 0 8 0 9 11 0 0 0 10 0 0 16 19 0 0 0 17 49 15 0 0 0 0 0 0 0 -999 -999 -999
P11196 2100 3 0 0 0 0 0 53 1 103 4 106 3 1 7 15 0 0 0 0 37 0 0 0 0 0 0 0 0 138 22 0 41
P11196 2100 4 44 0 24 0 0 0 0 0 44 14 18 32 40 0 0 0 21 6 0 0 0 17 62 12 0 0 0 0 0 0 -999
P11196 2100 5 0 0 9 3 54 0 15 0 0 0 112 18 57 9 0 37 78 18 0 0 0 0 0 38 77 54 0 0 0 0 0
P11196 2100 6 0 80 0 0 60 0 0 0 0 0 0 0 0 0 0 0 0 0 0 0 0 0 47 0 0 0 85 0 17 0 -999
P11196 2100 7 97 0 0 0 0 0 0 0 0 0 0 0 0 0 24 0 0 0 0 0 0 0 0 0 0 0 0 0 0 0 0
P11196 2100 8 0 30 0 0 0 0 0 0 0 0 0 0 0 0 0 0 0 0 0 0 0 0 0 0 0 0 0 0 0 0 0
P11196 2100 9 0 0 0 0 0 125 44 0 27 0 0 0 0 0 0 0 0 30 0 0 0 0 0 0 0 0 0 0 0 0 -999
P11196 2100 10 38 0 6 24 0 31 12 10 62 104 51 60 0 1 2 16 10 5 83 0 49 0 24 108 53 12 0 10 63 35 18
P11196 2100 11 133 70 9 0 19 30 48 0 0 0 0 50 30 14 43 2 0 0 0 0 0 0 0 0 0 44 0 0 0 0 -999
P11196 2100 12 0 0 0 0 0 0 0 6 0 0 1 0 0 21 6 74 16 0 16 24 0 58 0 15 0 62 45 24 8 0 -999
