precip bcc-csm1-1 rcp60 RNEURONALES decimas 2
P10718 40.8 -5.868 893 geo 2006 2100 -1
P10718 2006 1 0 3 3 3 5 5 5 14 48 110 117 132 29 28 15 12 4 4 1 1 14 5 12 10 14 9 6 6 2 2 1
P10718 2006 2 2 2 10 18 53 51 42 38 52 179 95 246 149 25 52 93 36 5 6 0 57 45 54 78 72 14 0 16 -999 -999 -999
P10718 2006 3 6 14 31 17 10 30 21 0 22 51 29 33 75 90 39 11 29 4 0 0 0 0 0 0 0 0 8 16 24 30 14
P10718 2006 4 27 125 6 0 34 13 11 47 31 37 38 45 25 9 5 0 4 33 45 9 0 10 40 7 3 23 6 8 0 0 -999
P10718 2006 5 9 6 2 31 46 11 6 9 31 60 52 27 40 16 0 0 16 13 6 4 4 5 4 0 0 0 27 26 36 17 5
P10718 2006 6 25 10 55 97 87 56 46 3 0 0 0 0 0 0 0 0 0 0 0 0 0 0 0 0 0 0 0 0 0 0 -999
P10718 2006 7 0 0 0 0 0 25 0 0 0 0 0 0 0 0 0 0 0 0 0 0 0 0 0 0 0 0 0 0 0 0 0
P10718 2006 8 0 0 0 0 0 0 0 0 0 0 0 0 0 0 0 0 0 0 0 0 0 0 0 0 0 0 0 0 0 0 0
P10718 2006 9 0 0 0 0 0 0 0 0 0 2 3 4 0 30 28 20 5 10 11 0 0 0 0 0 9 8 5 0 0 12 -999
P10718 2006 10 24 6 11 34 19 0 0 0 0 0 5 0 0 0 0 0 0 0 0 0 0 0 0 0 0 5 13 0 0 0 0
P10718 2006 11 4 0 0 0 29 25 60 21 5 0 5 0 0 3 8 6 0 0 9 0 0 0 0 0 0 0 4 3 2 0 -999
P10718 2006 12 0 8 39 0 14 8 0 0 0 0 0 2 3 0 0 0 0 0 0 3 6 90 64 28 71 40 62 47 12 5 2
P10718 2007 1 0 0 0 0 0 0 0 0 2 9 4 18 2 0 0 0 6 14 16 7 22 5 37 50 23 69 73 21 56 18 7
P10718 2007 2 1 0 15 22 49 177 310 35 13 25 12 67 116 157 59 11 0 0 54 5 0 7 5 0 5 0 0 0 -999 -999 -999
P10718 2007 3 67 4 0 0 0 0 0 0 2 0 0 24 43 13 4 11 42 15 3 1 0 29 58 4 5 0 5 16 14 0 0
P10718 2007 4 0 17 8 42 35 68 60 7 0 0 0 0 30 18 39 36 8 60 27 9 30 89 86 76 68 33 8 4 24 17 -999
P10718 2007 5 18 10 22 56 17 12 10 14 6 9 27 57 18 16 22 12 16 4 2 3 1 1 2 0 0 0 0 0 0 8 0
P10718 2007 6 0 0 0 0 0 0 0 6 0 0 0 0 0 0 0 7 0 0 0 0 0 0 0 0 0 0 0 0 0 0 -999
P10718 2007 7 0 0 0 0 0 0 0 0 0 0 0 0 0 0 0 0 0 0 0 0 0 0 0 0 0 0 0 0 0 0 0
P10718 2007 8 0 0 0 0 0 0 0 0 0 0 0 0 0 0 0 0 0 0 0 0 0 0 0 31 19 14 8 0 4 0 0
P10718 2007 9 0 0 0 0 0 0 0 6 0 0 0 0 0 0 0 0 0 0 0 0 0 0 0 0 0 0 0 0 0 0 -999
P10718 2007 10 0 19 8 0 0 0 31 15 11 50 18 11 30 75 18 5 69 20 23 4 6 4 2 11 36 108 100 49 29 127 49
P10718 2007 11 4 0 0 0 0 0 0 6 7 25 8 2 4 8 13 3 3 16 9 111 21 99 120 51 26 14 15 27 110 6 -999
P10718 2007 12 12 8 3 3 0 0 0 28 166 56 25 14 9 7 0 148 197 136 110 166 32 15 51 37 22 15 23 30 46 21 0
P10718 2008 1 100 92 142 49 78 200 129 40 12 18 34 115 13 5 5 84 137 119 13 0 0 0 0 0 0 0 0 8 0 0 0
P10718 2008 2 0 0 0 0 0 0 0 1 2 0 0 0 0 5 1 0 0 0 16 66 28 35 9 40 5 1 2 8 -999 -999 -999
P10718 2008 3 6 4 5 0 3 2 7 3 2 1 3 2 26 59 82 36 59 46 11 16 35 5 61 28 47 129 15 2 11 22 18
P10718 2008 4 47 19 47 23 34 104 35 21 22 25 0 0 12 4 0 0 3 23 26 6 0 0 6 3 4 22 4 0 27 12 -999
P10718 2008 5 0 0 5 20 19 24 18 8 24 37 24 6 18 3 0 0 25 10 6 20 6 0 0 0 0 0 0 4 0 0 0
P10718 2008 6 0 0 0 11 6 5 0 0 0 0 0 0 0 0 5 0 0 0 0 0 4 0 0 7 0 6 10 11 0 0 -999
P10718 2008 7 10 14 6 32 32 14 28 4 4 7 7 5 0 0 8 0 12 0 0 0 0 0 0 0 0 0 0 0 0 0 0
P10718 2008 8 0 0 0 0 0 0 0 0 0 0 0 0 0 0 0 0 0 0 0 0 0 0 0 0 0 0 0 0 0 0 0
P10718 2008 9 0 0 0 0 0 0 0 0 0 0 0 0 0 0 0 0 0 0 0 0 0 0 0 0 0 0 0 6 0 0 -999
P10718 2008 10 8 7 12 8 8 4 0 0 0 0 11 10 65 70 84 49 36 3 5 19 16 84 80 16 8 19 3 13 18 4 9
P10718 2008 11 6 11 4 8 8 8 14 50 22 6 3 1 3 29 85 64 45 49 208 10 3 86 21 17 8 13 12 4 7 21 -999
P10718 2008 12 155 25 7 27 3 9 38 98 13 1 3 23 26 145 56 31 7 3 0 8 16 17 17 19 4 2 6 0 0 0 0
P10718 2009 1 5 0 0 2 21 16 16 12 6 20 26 10 48 13 17 16 6 71 53 22 22 24 21 20 12 4 2 9 20 19 10
P10718 2009 2 7 8 0 0 12 36 41 18 32 37 72 160 0 0 0 7 103 39 18 74 53 31 147 112 220 215 73 132 -999 -999 -999
P10718 2009 3 62 95 174 64 33 162 36 18 6 16 10 1 0 0 0 3 6 28 19 22 18 0 0 6 20 82 15 14 12 6 2
P10718 2009 4 0 0 0 4 7 12 34 7 5 0 34 14 36 38 4 4 0 0 0 22 4 2 0 9 0 0 7 0 0 0 -999
P10718 2009 5 0 0 0 0 0 0 0 0 0 0 0 0 0 0 4 0 0 0 0 0 0 0 0 0 0 0 0 0 0 0 0
P10718 2009 6 0 0 0 0 0 0 4 8 15 14 21 11 6 7 6 5 6 11 4 5 3 0 0 0 0 0 0 0 0 0 -999
P10718 2009 7 0 0 0 0 0 0 0 0 0 0 0 0 0 0 0 0 0 0 0 0 0 0 0 0 0 0 0 0 0 0 0
P10718 2009 8 0 0 0 0 0 0 0 0 0 0 0 0 0 0 0 0 0 0 0 0 0 0 0 0 0 0 0 0 0 0 0
P10718 2009 9 0 0 0 0 0 0 0 0 0 0 0 0 0 0 0 0 0 0 0 0 0 0 0 0 0 0 0 0 0 0 -999
P10718 2009 10 0 21 111 31 28 35 15 10 7 4 0 0 0 0 0 0 0 0 0 2 9 4 2 4 10 6 9 9 0 0 0
P10718 2009 11 0 11 14 0 10 0 0 12 38 42 99 27 14 0 4 1 0 0 1 2 2 5 7 3 0 0 0 0 1 1 -999
P10718 2009 12 0 2 4 10 19 16 28 6 4 44 48 27 14 10 43 86 50 8 4 0 0 4 6 25 53 144 94 181 64 60 107
P10718 2010 1 13 16 10 7 11 0 17 28 6 9 30 0 3 6 28 6 9 30 28 7 6 0 0 4 0 6 0 0 0 1 1
P10718 2010 2 0 2 0 2 2 2 1 0 3 11 5 10 11 0 0 6 11 3 4 4 27 5 0 0 0 2 1 4 -999 -999 -999
P10718 2010 3 3 0 0 2 4 16 31 27 26 17 6 0 0 0 0 0 0 0 0 47 26 16 26 17 12 10 11 6 1 0 4
P10718 2010 4 24 81 77 11 46 33 44 19 11 2 3 47 12 6 0 0 0 0 0 0 0 0 0 12 2 1 0 0 0 0 -999
P10718 2010 5 0 0 0 0 0 0 0 0 0 0 0 0 0 0 0 0 0 13 0 0 0 0 0 0 0 0 0 0 0 8 0
P10718 2010 6 0 0 0 0 0 0 0 0 0 0 0 0 0 54 20 21 8 0 0 0 0 0 0 5 0 0 0 0 0 0 -999
P10718 2010 7 0 0 0 0 0 0 0 0 0 0 0 0 0 0 0 0 0 0 0 0 0 0 0 0 0 0 0 0 0 0 0
P10718 2010 8 0 0 0 0 0 0 0 0 0 0 0 0 6 0 0 0 0 0 0 0 0 0 0 0 0 0 0 0 0 0 0
P10718 2010 9 0 0 0 0 0 0 0 0 0 0 0 0 0 0 0 0 0 0 0 0 17 0 0 0 0 38 15 0 0 0 -999
P10718 2010 10 0 0 0 0 0 0 0 0 0 0 0 0 0 0 0 3 4 0 0 0 0 0 12 0 10 17 38 0 0 0 0
P10718 2010 11 0 0 0 0 0 3 0 0 0 8 84 202 53 30 60 10 33 5 7 8 3 5 7 4 1 4 2 0 0 0 -999
P10718 2010 12 0 0 0 0 0 0 0 0 7 0 0 7 8 4 3 8 0 19 21 13 5 0 0 9 7 4 4 7 4 6 3
P10718 2011 1 0 0 0 0 3 1 0 0 0 0 7 11 0 0 0 0 0 26 0 0 16 0 0 0 0 3 2 2 2 19 7
P10718 2011 2 1 2 2 0 0 0 0 1 4 4 7 2 0 0 3 6 9 20 21 23 19 7 16 36 45 12 11 11 -999 -999 -999
P10718 2011 3 9 3 2 20 13 58 43 62 16 14 0 6 0 16 45 57 3 12 14 28 9 10 6 27 21 3 14 63 100 21 42
P10718 2011 4 33 8 22 16 25 23 8 0 0 90 42 26 10 2 0 0 0 0 0 6 0 8 8 12 17 45 5 0 0 0 -999
P10718 2011 5 0 0 0 0 0 0 0 0 0 9 4 0 0 0 0 0 0 0 0 0 0 0 0 0 0 0 9 0 0 0 3
P10718 2011 6 4 0 0 0 0 0 0 0 0 0 0 0 0 0 0 0 0 0 0 0 0 9 24 18 44 40 6 0 0 0 -999
P10718 2011 7 6 9 7 8 6 0 0 0 0 0 0 0 0 0 0 0 0 0 0 0 0 0 0 0 0 0 0 0 0 0 0
P10718 2011 8 0 0 0 0 0 0 0 0 0 0 0 0 0 0 0 0 0 0 0 0 0 0 0 0 0 0 0 0 0 0 0
P10718 2011 9 0 0 0 0 0 0 0 0 0 0 14 8 0 10 5 3 9 19 0 9 0 0 0 0 0 0 0 0 0 0 -999
P10718 2011 10 0 0 5 0 8 10 14 5 1 2 2 0 5 0 0 0 0 0 41 20 6 57 44 15 0 0 0 3 36 49 13
P10718 2011 11 48 52 67 18 6 47 14 32 11 0 0 103 18 16 10 0 0 0 2 14 35 52 142 11 0 33 133 130 112 55 -999
P10718 2011 12 87 39 4 0 0 0 4 7 4 2 9 0 10 12 127 25 35 36 4 2 2 3 5 12 49 175 50 16 18 23 23
P10718 2012 1 16 18 119 24 179 14 4 7 2 6 3 10 4 18 12 28 31 144 28 14 12 17 9 4 0 6 10 2 0 1 4
P10718 2012 2 2 2 2 10 1 0 0 3 3 10 22 48 26 11 39 18 171 11 38 20 17 14 11 55 19 0 16 4 -999 -999 -999
P10718 2012 3 9 0 2 0 0 0 0 0 0 0 0 0 7 4 10 4 4 2 10 6 0 0 2 3 3 8 16 3 1 2 4
P10718 2012 4 4 7 10 0 0 0 0 0 0 0 0 0 0 3 0 0 0 3 0 0 0 0 4 0 0 0 0 0 0 0 -999
P10718 2012 5 0 0 0 5 0 0 0 0 0 21 0 0 26 6 10 0 0 0 0 0 0 0 0 10 10 16 25 18 28 10 2
P10718 2012 6 2 0 0 0 7 4 0 0 0 0 0 0 0 0 0 0 0 0 0 0 0 0 0 0 0 0 0 0 0 0 -999
P10718 2012 7 0 0 0 0 0 0 0 0 0 0 0 0 0 0 0 0 0 0 0 0 0 0 0 0 0 0 0 0 0 0 0
P10718 2012 8 0 0 0 0 0 0 0 0 0 0 0 0 0 8 6 0 0 0 0 0 0 0 0 0 0 7 13 9 12 12 0
P10718 2012 9 0 0 0 0 0 0 0 0 0 12 0 0 0 0 0 0 0 0 0 0 0 0 0 0 0 0 0 0 0 0 -999
P10718 2012 10 0 0 0 0 0 0 0 0 0 0 0 0 0 0 0 0 0 0 0 0 0 52 24 3 7 38 2 14 22 234 32
P10718 2012 11 14 0 10 14 21 86 39 5 7 29 4 13 113 7 2 2 0 0 4 0 0 0 0 0 0 0 3 0 3 7 -999
P10718 2012 12 68 10 2 6 12 3 4 2 0 0 0 3 4 2 2 5 7 43 23 36 4 18 7 17 3 8 1 0 0 3 0
P10718 2013 1 0 0 0 0 0 5 2 0 2 0 3 7 18 7 3 1 1 2 3 13 28 22 49 29 15 11 3 0 1 15 6
P10718 2013 2 2 17 18 10 7 34 52 35 20 4 16 19 6 25 31 14 59 5 7 3 2 22 33 31 52 33 27 15 -999 -999 -999
P10718 2013 3 12 6 5 0 0 0 0 0 0 0 0 5 35 151 44 82 57 83 0 0 0 0 9 0 0 0 0 0 0 0 0
P10718 2013 4 0 18 29 29 25 0 8 7 21 11 3 0 0 0 0 56 35 20 36 64 25 12 0 0 0 0 0 0 0 0 -999
P10718 2013 5 0 0 0 0 0 0 0 0 0 21 15 13 8 0 0 0 0 21 30 28 11 21 13 18 8 0 0 0 0 0 0
P10718 2013 6 0 0 0 0 0 0 0 0 0 0 0 0 0 0 0 0 0 0 0 0 0 0 0 0 0 0 0 0 0 0 -999
P10718 2013 7 0 0 0 0 0 0 0 0 0 0 0 0 0 0 0 0 0 0 0 0 0 0 0 0 0 0 0 0 0 0 0
P10718 2013 8 0 0 0 0 0 0 0 0 0 0 0 0 0 0 0 0 0 0 0 0 0 0 0 0 0 0 0 0 0 0 0
P10718 2013 9 0 0 0 0 0 0 0 0 0 0 0 0 0 0 0 0 0 0 0 0 0 0 12 0 0 0 0 0 0 0 -999
P10718 2013 10 0 0 0 0 0 0 0 12 63 67 92 40 56 87 43 142 11 7 3 13 10 5 96 13 3 0 0 2 0 0 0
P10718 2013 11 6 10 9 0 0 0 0 0 0 2 2 7 22 10 68 25 12 17 0 0 4 5 3 18 32 43 56 70 24 0 -999
P10718 2013 12 0 18 49 19 11 12 7 1 1 1 3 5 0 0 0 44 60 12 2 0 6 5 11 0 0 0 2 5 12 19 48
P10718 2014 1 90 147 24 3 4 3 26 5 58 27 51 52 60 28 8 0 10 12 11 26 50 14 60 49 129 144 58 103 139 193 21
P10718 2014 2 102 5 9 35 6 0 0 5 12 26 4 0 0 0 0 0 0 0 7 6 6 6 2 0 0 0 0 0 -999 -999 -999
P10718 2014 3 0 0 0 0 0 0 0 0 0 0 7 2 0 5 28 8 0 0 0 4 13 26 18 18 19 7 0 0 0 0 0
P10718 2014 4 8 6 22 5 4 4 15 19 56 154 41 5 3 2 0 0 0 0 0 0 2 0 0 0 0 0 0 14 16 23 -999
P10718 2014 5 17 42 9 0 0 31 12 20 4 9 14 31 23 10 12 8 32 14 3 0 0 0 0 0 0 0 0 0 16 48 132
P10718 2014 6 36 15 6 10 8 0 0 0 0 0 0 0 0 0 0 0 0 0 0 0 0 0 0 0 0 0 0 0 0 0 -999
P10718 2014 7 0 0 0 0 0 0 0 0 0 0 0 0 0 0 0 0 0 0 0 0 0 0 0 0 0 0 0 0 0 0 0
P10718 2014 8 0 0 0 0 0 9 0 0 0 0 0 0 0 0 0 0 0 0 0 0 0 0 0 0 0 0 0 0 0 0 0
P10718 2014 9 0 0 0 0 0 0 0 0 0 0 0 0 0 0 0 0 0 0 0 0 0 0 0 0 0 0 0 0 0 0 -999
P10718 2014 10 0 0 0 0 0 0 0 0 0 5 2 0 0 0 0 0 0 0 0 0 5 8 9 0 0 27 10 0 0 0 4
P10718 2014 11 0 11 0 0 0 40 7 6 3 4 8 37 7 0 0 0 0 35 59 171 16 3 1 0 37 53 8 5 6 37 -999
P10718 2014 12 7 2 0 0 0 0 2 0 3 7 8 12 23 16 99 59 205 36 9 130 44 147 129 178 39 47 68 2 0 0 0
P10718 2015 1 0 0 0 0 0 0 0 0 0 0 0 0 1 1 2 2 2 4 4 9 1 9 12 20 137 31 15 14 7 63 8
P10718 2015 2 3 8 1 7 3 0 1 8 30 14 14 70 214 144 88 41 117 90 33 24 80 93 42 6 3 2 11 23 -999 -999 -999
P10718 2015 3 0 0 0 0 0 0 0 0 0 0 0 10 28 15 17 39 36 29 37 21 33 19 0 0 0 0 0 0 0 0 15
P10718 2015 4 6 0 0 0 0 0 0 0 9 64 31 14 23 37 43 28 10 7 65 96 74 112 16 34 51 6 0 0 0 0 -999
P10718 2015 5 0 2 5 6 9 13 9 0 0 0 0 0 0 0 0 0 0 0 0 0 0 0 0 0 0 0 0 0 0 0 0
P10718 2015 6 0 0 0 7 13 8 0 0 0 0 0 0 0 0 0 0 0 0 0 0 0 0 0 0 0 0 0 0 0 0 -999
P10718 2015 7 0 0 0 0 0 0 0 0 0 0 0 0 0 0 0 0 0 0 0 0 0 0 0 0 0 0 0 0 0 0 0
P10718 2015 8 0 0 0 0 0 0 0 0 0 0 0 0 0 0 0 0 0 0 0 0 0 0 0 0 0 0 0 0 0 0 0
P10718 2015 9 0 0 0 0 0 0 0 0 0 8 0 0 0 0 0 38 131 215 54 9 0 28 16 0 35 38 0 0 6 4 -999
P10718 2015 10 7 7 0 0 0 0 0 4 53 42 16 13 0 0 0 6 12 50 38 18 10 19 20 4 5 4 2 2 6 3 2
P10718 2015 11 3 0 3 4 8 0 7 0 9 0 3 3 3 23 4 2 3 2 2 0 0 0 5 0 1 0 0 0 18 5 -999
P10718 2015 12 0 0 0 0 0 0 0 0 0 1 4 33 21 46 30 5 5 5 46 47 41 118 21 13 129 6 65 132 42 99 44
P10718 2016 1 14 16 8 14 21 31 38 34 23 6 39 27 24 25 16 78 7 1 1 30 11 0 1 6 1 0 0 0 0 0 6
P10718 2016 2 4 5 3 1 14 14 3 2 2 1 3 12 16 6 1 0 0 0 0 0 1 1 1 3 2 2 0 0 -999 -999 -999
P10718 2016 3 7 2 3 0 8 0 0 10 12 1 0 0 0 0 0 0 4 30 2 0 0 0 0 0 1 0 0 0 0 30 8
P10718 2016 4 1 0 16 136 33 14 10 10 52 8 20 28 42 9 3 9 47 90 30 14 22 16 43 14 30 0 51 14 4 27 -999
P10718 2016 5 21 17 13 15 12 4 7 0 0 0 0 0 0 0 0 0 0 17 10 0 0 0 0 12 6 0 0 0 0 0 0
P10718 2016 6 0 0 0 0 0 0 0 0 0 0 0 0 0 0 0 0 0 0 0 0 0 0 0 0 0 0 0 4 0 0 -999
P10718 2016 7 0 0 0 0 0 0 0 0 0 0 0 0 0 0 0 0 0 0 0 0 0 0 0 0 0 0 0 0 0 0 0
P10718 2016 8 0 0 0 0 0 0 0 0 0 0 0 0 0 0 0 0 0 0 0 0 0 0 0 0 0 0 0 0 0 0 0
P10718 2016 9 0 0 0 0 0 0 0 0 0 0 0 0 0 0 0 0 0 0 0 0 0 0 0 0 0 0 0 14 0 0 -999
P10718 2016 10 0 0 0 0 0 0 0 6 8 6 0 0 0 0 6 41 34 41 35 40 54 9 43 164 168 38 56 222 13 9 9
P10718 2016 11 3 2 8 121 24 9 69 19 30 17 121 251 237 51 13 83 26 13 18 60 13 10 45 240 107 139 90 33 16 9 -999
P10718 2016 12 2 0 1 3 6 0 0 0 2 0 2 2 3 3 0 0 0 3 1 0 2 0 0 0 0 1 4 7 30 28 0
P10718 2017 1 0 4 33 11 4 7 47 22 35 29 10 2 3 1 4 2 1 0 0 0 14 3 0 4 23 11 41 94 2 1 2
P10718 2017 2 5 23 12 0 0 0 0 16 0 0 0 0 0 0 12 5 7 22 192 60 82 37 19 7 25 15 31 29 -999 -999 -999
P10718 2017 3 23 24 19 22 42 22 6 32 32 17 14 16 13 9 6 0 20 60 34 20 18 77 33 33 41 37 22 43 108 47 42
P10718 2017 4 25 23 11 7 6 5 20 14 6 65 73 27 8 10 45 22 8 9 3 5 32 7 3 4 7 26 10 4 8 3 -999
P10718 2017 5 10 24 9 32 13 19 65 7 14 29 3 5 7 38 0 0 0 0 0 4 0 22 65 21 12 9 6 0 0 0 0
P10718 2017 6 0 0 0 3 0 11 5 13 4 0 0 0 0 0 0 0 0 0 0 0 0 0 0 0 0 0 0 0 0 0 -999
P10718 2017 7 0 0 0 0 0 0 0 0 0 0 0 0 13 0 0 0 0 0 0 0 5 9 8 0 0 0 0 0 0 0 0
P10718 2017 8 0 0 0 0 0 0 0 0 0 0 0 0 0 0 0 0 0 0 0 0 0 0 0 0 0 0 0 0 0 0 0
P10718 2017 9 0 0 0 0 0 16 0 0 0 0 0 0 0 0 0 0 0 0 0 0 0 0 0 0 0 5 2 12 35 92 -999
P10718 2017 10 13 24 13 0 0 0 8 12 9 1 0 0 0 0 0 0 0 0 5 6 15 0 26 19 42 51 6 0 0 0 0
P10718 2017 11 15 3 0 0 12 4 8 26 12 29 38 8 9 4 7 0 8 14 4 11 6 24 12 67 111 28 5 8 14 0 -999
P10718 2017 12 0 2 1 0 0 2 3 3 0 2 15 18 44 25 11 22 35 13 15 49 130 39 45 16 11 16 26 71 121 50 112
P10718 2018 1 2 0 0 0 0 0 0 0 0 0 0 2 2 2 6 4 15 0 0 0 0 0 13 36 99 20 6 0 0 11 10
P10718 2018 2 8 30 109 18 129 96 33 99 0 0 14 83 29 7 0 0 0 0 0 0 0 0 16 15 4 0 0 4 -999 -999 -999
P10718 2018 3 2 0 0 0 0 8 6 0 0 0 53 112 37 11 0 0 0 0 0 31 23 26 42 64 21 72 22 34 19 47 14
P10718 2018 4 74 33 24 47 52 33 9 5 0 16 10 70 164 7 19 68 6 5 5 0 0 0 0 8 43 14 15 32 0 52 -999
P10718 2018 5 22 14 31 19 2 0 0 0 0 0 0 0 0 0 0 20 33 13 18 20 10 0 0 0 0 0 0 23 20 0 0
P10718 2018 6 0 0 3 0 0 0 11 8 0 0 0 0 0 0 0 0 0 2 0 0 0 0 0 0 0 0 0 0 0 0 -999
P10718 2018 7 0 0 0 0 0 0 0 0 0 0 0 0 0 0 0 0 0 0 0 0 0 0 0 0 0 0 0 0 0 0 0
P10718 2018 8 0 0 0 0 0 0 0 0 0 0 0 0 0 0 0 0 0 0 0 0 0 0 0 0 0 0 0 0 0 0 0
P10718 2018 9 0 0 0 0 0 0 0 0 0 0 0 0 0 0 2 3 0 0 0 5 9 30 27 0 0 0 0 0 0 0 -999
P10718 2018 10 0 0 0 0 0 0 0 0 0 0 0 0 0 0 0 0 0 0 0 20 25 0 0 0 8 0 0 4 5 12 53
P10718 2018 11 0 0 15 10 9 0 0 0 11 17 8 0 0 0 0 6 10 9 7 4 0 89 13 18 28 104 76 71 58 12 -999
P10718 2018 12 6 15 6 0 0 0 0 3 0 6 6 0 5 11 0 0 0 0 0 0 4 7 24 63 23 153 29 7 2 3 0
P10718 2019 1 0 3 3 6 5 72 23 51 20 8 16 4 71 17 49 17 0 3 6 7 0 0 0 4 5 2 3 3 0 6 24
P10718 2019 2 7 7 34 7 4 3 6 2 2 5 10 7 12 6 101 13 11 1 0 0 0 0 0 71 101 32 42 110 -999 -999 -999
P10718 2019 3 175 85 58 30 104 44 63 47 114 147 0 46 34 8 13 0 9 0 9 0 0 5 3 0 0 0 0 0 0 8 4
P10718 2019 4 0 0 0 0 0 0 0 7 4 4 7 26 2 0 0 0 0 0 0 3 3 7 11 10 9 13 54 114 7 17 -999
P10718 2019 5 8 9 14 6 10 4 0 0 20 8 5 9 24 7 0 11 0 0 0 0 0 0 0 0 0 0 0 3 0 0 7
P10718 2019 6 0 0 0 0 0 0 0 0 0 0 0 0 0 0 0 0 0 0 0 0 0 0 0 0 0 0 0 0 0 0 -999
P10718 2019 7 0 27 57 9 0 0 0 0 0 0 0 0 0 0 0 0 0 0 0 0 0 0 0 0 0 0 0 0 0 0 0
P10718 2019 8 0 0 0 0 0 0 0 0 0 0 0 0 0 0 0 0 0 0 0 0 0 0 0 0 0 0 0 0 0 0 0
P10718 2019 9 11 0 0 0 0 0 0 0 0 0 0 14 12 0 0 0 0 12 6 0 0 0 0 0 0 0 0 0 0 0 -999
P10718 2019 10 0 0 0 19 20 29 20 13 27 22 0 0 0 0 11 0 0 0 0 0 0 0 0 15 8 9 3 7 2 0 9
P10718 2019 11 13 43 0 15 125 29 88 29 4 5 8 7 14 60 75 19 3 1 0 0 0 0 2 5 16 54 6 3 10 52 -999
P10718 2019 12 7 14 6 0 22 7 9 5 0 0 0 3 9 15 99 18 34 85 22 14 8 37 39 107 171 73 45 2 8 4 0
P10718 2020 1 4 72 116 69 30 170 119 14 6 0 37 42 7 0 0 0 0 0 0 0 2 2 3 0 0 0 0 2 2 9 15
P10718 2020 2 6 23 33 40 12 10 16 5 1 0 0 0 0 22 54 19 5 0 0 8 15 14 0 52 9 6 0 0 -999 -999 -999
P10718 2020 3 0 0 0 0 0 0 0 0 0 0 4 0 17 19 24 0 0 0 0 2 3 14 117 108 43 25 54 3 35 10 26
P10718 2020 4 20 7 9 0 0 0 0 0 10 16 20 9 6 4 0 0 0 0 0 0 28 50 34 39 25 7 0 0 19 0 -999
P10718 2020 5 0 0 0 8 5 2 0 0 0 0 0 4 0 0 0 0 0 0 0 0 0 0 20 18 8 21 102 58 20 17 4
P10718 2020 6 0 0 0 0 0 14 10 11 8 2 0 0 0 0 0 0 0 0 0 0 0 0 0 0 0 0 0 0 0 0 -999
P10718 2020 7 0 0 0 0 0 0 0 0 0 0 0 0 0 0 0 0 0 0 0 0 0 0 0 0 0 0 0 0 0 0 0
P10718 2020 8 0 0 0 0 0 0 0 0 0 0 0 0 0 0 0 0 0 0 0 0 0 0 0 0 0 0 0 0 0 0 0
P10718 2020 9 0 0 0 0 0 0 0 0 0 0 0 0 0 17 23 7 0 20 55 18 7 3 0 0 15 0 0 0 0 0 -999
P10718 2020 10 0 0 0 4 0 0 0 4 4 0 8 0 0 0 0 0 0 0 0 0 0 9 26 94 16 117 229 114 8 12 4
P10718 2020 11 19 4 37 108 53 28 46 0 0 6 0 0 7 2 1 4 31 28 158 242 106 11 15 2 0 2 0 0 0 11 -999
P10718 2020 12 10 14 21 20 14 15 4 16 20 39 41 19 37 5 5 4 5 49 10 48 162 271 263 68 11 25 2 4 3 3 11
P10718 2021 1 3 6 6 3 5 5 3 2 2 3 23 19 15 25 2 3 14 14 8 7 23 27 103 187 196 240 280 61 163 174 57
P10718 2021 2 9 172 47 165 225 44 47 65 3 27 13 0 86 8 6 16 18 2 2 1 3 2 3 16 8 5 71 26 -999 -999 -999
P10718 2021 3 17 36 42 53 104 122 14 7 0 3 10 17 59 23 154 28 100 81 120 42 24 15 78 85 5 6 16 17 40 32 45
P10718 2021 4 54 106 11 33 8 4 7 9 66 161 42 8 0 0 4 29 81 29 14 9 0 0 0 36 92 31 16 8 2 12 -999
P10718 2021 5 2 2 3 5 2 15 16 13 31 31 37 4 7 5 4 0 0 0 0 0 0 0 0 0 0 0 0 11 10 21 10
P10718 2021 6 25 18 7 11 15 14 38 64 10 26 52 24 19 29 24 0 0 0 0 0 0 0 0 0 0 0 0 0 0 0 -999
P10718 2021 7 0 0 0 0 0 0 0 0 0 0 0 0 0 0 0 0 0 0 0 0 0 0 0 0 0 0 0 0 15 0 0
P10718 2021 8 0 0 0 0 0 0 0 9 13 13 8 0 0 0 0 0 0 0 0 0 0 0 0 0 0 0 0 0 0 0 0
P10718 2021 9 0 0 0 0 0 0 0 0 0 0 0 0 0 11 12 5 0 0 0 0 0 0 0 0 16 35 25 0 0 0 -999
P10718 2021 10 18 51 106 25 0 0 0 51 14 0 0 0 23 17 31 7 0 0 0 14 62 21 4 7 17 16 4 1 1 7 36
P10718 2021 11 72 8 40 21 22 21 39 56 12 7 2 0 0 0 0 0 0 0 9 35 44 10 14 0 0 0 0 0 5 7 -999
P10718 2021 12 0 0 1 2 1 0 0 7 0 0 4 9 36 50 170 31 219 167 45 120 160 39 108 90 169 25 171 147 25 44 5
P10718 2022 1 1 0 0 0 0 0 0 0 0 3 3 8 10 10 3 1 1 0 0 0 3 1 0 0 0 0 0 0 0 0 0
P10718 2022 2 0 4 3 5 5 2 0 3 20 17 13 5 4 6 43 12 2 2 5 9 33 7 8 62 11 44 57 91 -999 -999 -999
P10718 2022 3 23 41 11 105 77 32 3 6 5 19 0 3 0 0 2 2 0 3 5 24 12 0 15 18 6 25 1 0 0 3 2
P10718 2022 4 12 18 42 17 11 55 16 17 24 6 5 49 15 2 0 0 0 0 0 0 21 37 23 17 2 18 13 3 0 0 -999
P10718 2022 5 0 0 0 0 0 0 0 0 0 0 0 0 0 0 0 0 0 18 20 27 5 0 0 0 0 0 0 0 0 0 0
P10718 2022 6 0 0 0 0 0 0 0 0 0 0 0 0 0 0 0 0 0 0 0 0 0 0 0 0 0 0 0 0 0 0 -999
P10718 2022 7 0 0 0 0 0 0 0 0 0 0 0 0 0 0 0 0 0 0 0 0 0 0 0 0 0 0 0 0 0 0 0
P10718 2022 8 0 0 0 0 0 0 0 0 0 0 0 0 0 0 0 0 0 0 0 0 0 0 0 0 0 0 0 0 0 0 0
P10718 2022 9 0 0 0 0 0 0 0 0 0 0 0 0 0 0 0 0 0 0 0 0 0 25 10 13 0 7 0 0 0 0 -999
P10718 2022 10 0 0 0 0 8 0 0 0 5 1 0 7 32 18 9 0 0 0 0 44 0 0 0 0 0 0 34 20 0 0 0
P10718 2022 11 28 0 0 13 3 0 0 0 0 0 5 21 50 39 26 34 30 11 25 120 178 239 256 105 3 4 0 0 5 8 -999
P10718 2022 12 24 3 10 10 13 120 62 78 18 14 20 7 0 0 0 4 45 13 29 115 32 87 134 226 157 253 219 196 35 3 15
P10718 2023 1 12 15 14 0 86 71 17 49 64 5 67 6 14 13 5 9 37 41 23 0 11 9 9 5 0 5 2 0 0 0 0
P10718 2023 2 0 0 0 0 6 13 7 0 0 0 0 15 4 21 95 66 96 85 7 87 0 0 0 6 2 1 8 3 -999 -999 -999
P10718 2023 3 5 9 19 1 5 9 2 2 4 0 0 0 4 11 134 21 187 81 20 35 82 30 25 17 7 11 15 5 15 24 0
P10718 2023 4 0 0 0 0 0 0 20 53 22 0 0 0 8 15 43 17 12 4 0 0 4 3 0 0 4 3 0 0 0 0 -999
P10718 2023 5 0 121 81 90 52 109 63 83 36 13 4 6 37 0 0 0 0 0 0 0 15 8 4 7 0 7 0 0 5 0 0
P10718 2023 6 0 0 0 0 0 0 0 0 0 0 4 7 12 10 17 4 3 3 0 0 0 0 11 0 0 0 0 0 0 0 -999
P10718 2023 7 0 0 0 0 0 0 0 0 0 0 0 0 0 0 0 0 0 0 0 0 0 0 0 0 0 0 0 0 0 0 0
P10718 2023 8 0 0 0 0 0 0 0 0 0 0 0 0 0 0 0 0 5 0 0 0 0 0 0 0 0 0 0 0 0 0 0
P10718 2023 9 0 0 0 0 0 0 0 0 0 0 0 0 0 0 0 0 0 0 0 0 0 0 0 0 0 0 0 0 0 19 -999
P10718 2023 10 13 6 2 0 0 0 0 6 13 0 0 0 4 22 10 5 10 8 5 17 3 4 0 7 0 5 9 11 9 8 10
P10718 2023 11 7 2 5 0 2 2 0 0 30 38 94 84 50 7 6 5 5 0 3 0 3 2 0 0 0 0 8 8 4 5 -999
P10718 2023 12 6 25 81 28 0 0 0 0 0 0 0 0 3 4 13 8 23 84 61 210 29 114 40 130 3 0 0 0 0 4 5
P10718 2024 1 8 2 4 3 1 0 0 0 0 0 4 4 0 0 0 3 11 35 116 223 61 138 146 67 13 29 64 52 2 17 9
P10718 2024 2 11 27 0 38 4 0 0 36 10 0 62 58 91 20 10 0 0 0 0 0 2 6 8 0 0 0 1 1 -999 -999 -999
P10718 2024 3 0 0 2 3 6 23 36 0 0 37 24 15 8 73 7 5 9 15 46 5 9 3 0 3 0 0 8 5 8 9 5
P10718 2024 4 4 4 5 14 41 80 47 40 22 94 39 0 0 0 0 0 0 0 2 0 33 38 9 1 1 2 0 0 0 26 -999
P10718 2024 5 24 15 35 20 12 7 17 14 0 0 0 11 9 10 7 2 2 10 4 0 0 0 0 0 0 0 23 31 19 24 5
P10718 2024 6 0 0 0 0 0 0 0 0 0 0 0 31 17 13 0 0 0 0 0 0 0 0 0 0 0 0 0 0 0 0 -999
P10718 2024 7 0 0 0 0 0 0 0 0 0 0 3 0 0 0 0 0 0 0 0 0 0 0 0 0 0 0 0 0 0 0 0
P10718 2024 8 0 0 0 0 0 0 0 0 0 0 0 0 0 0 0 0 0 0 0 0 0 0 0 0 0 0 0 0 0 0 0
P10718 2024 9 0 0 0 0 0 0 0 0 0 0 0 0 0 0 0 7 13 0 0 41 149 68 71 30 10 16 41 18 11 21 -999
P10718 2024 10 15 88 101 9 108 27 5 0 0 0 0 0 0 0 11 0 7 19 0 0 0 0 0 0 0 0 0 6 24 77 39
P10718 2024 11 22 108 89 19 19 10 6 4 4 6 37 28 22 17 17 19 3 2 1 0 0 0 0 0 0 0 0 0 9 22 -999
P10718 2024 12 45 37 30 15 19 37 29 16 53 154 205 118 116 39 16 6 7 14 21 0 14 17 60 25 16 18 11 10 0 4 17
P10718 2025 1 2 1 7 128 277 37 7 41 28 29 10 3 7 24 2 9 14 67 16 4 7 0 4 0 1 2 12 72 62 112 33
P10718 2025 2 51 34 36 29 58 86 138 244 17 15 42 16 0 0 0 0 0 0 0 0 0 0 7 0 0 0 0 0 -999 -999 -999
P10718 2025 3 6 37 11 6 2 0 0 59 14 5 9 5 0 0 0 0 0 0 0 0 0 0 0 0 0 0 0 0 0 0 0
P10718 2025 4 0 0 0 9 11 0 0 0 0 0 0 0 0 0 0 0 0 0 9 0 0 0 0 0 5 3 4 7 4 0 -999
P10718 2025 5 1 6 10 13 6 5 0 0 0 0 0 0 0 28 14 6 0 0 0 0 0 0 0 8 10 6 10 15 35 4 7
P10718 2025 6 7 0 0 6 12 4 0 0 0 0 0 0 0 0 0 0 0 0 0 0 0 0 0 0 0 0 0 0 0 0 -999
P10718 2025 7 0 0 0 0 0 0 0 0 0 0 0 0 0 0 0 0 0 0 0 0 0 0 0 0 0 0 0 0 0 0 0
P10718 2025 8 0 0 7 0 0 0 0 0 0 0 0 0 0 8 0 0 0 0 0 0 0 0 0 0 0 0 0 0 0 0 0
P10718 2025 9 0 0 0 0 0 0 0 0 0 0 11 0 0 0 0 0 13 21 0 0 0 0 0 0 0 0 0 9 6 4 -999
P10718 2025 10 6 0 0 0 0 7 0 0 0 0 0 0 0 0 0 0 58 219 38 61 126 50 10 3 7 3 2 8 15 128 91
P10718 2025 11 100 20 14 254 90 59 17 5 58 185 74 0 20 184 104 60 21 0 0 5 0 0 4 2 2 4 2 2 0 0 -999
P10718 2025 12 0 0 2 0 2 8 8 6 13 7 52 18 21 27 36 42 0 60 10 4 39 33 33 38 21 14 0 12 13 27 59
P10718 2026 1 122 8 7 0 0 1 0 2 2 4 5 4 5 6 5 7 15 19 84 64 51 40 19 0 0 1 0 0 0 0 0
P10718 2026 2 0 0 0 0 0 0 3 0 0 0 0 1 6 5 5 49 11 2 1 1 2 1 0 2 9 0 0 7 -999 -999 -999
P10718 2026 3 7 0 14 29 22 23 27 5 0 4 0 0 0 29 7 9 0 0 0 0 0 0 102 25 54 41 82 51 59 79 31
P10718 2026 4 0 21 28 14 16 40 36 5 12 5 19 5 5 0 0 0 0 0 6 0 0 0 0 0 0 0 6 0 14 59 -999
P10718 2026 5 11 28 7 6 0 0 0 0 0 0 0 0 0 0 0 0 0 0 0 0 0 0 0 0 8 12 7 13 15 10 6
P10718 2026 6 0 0 0 0 0 0 0 0 0 0 0 0 0 0 0 9 0 0 0 0 0 0 0 0 0 0 0 0 0 0 -999
P10718 2026 7 0 0 0 0 0 0 0 0 0 0 0 0 0 0 0 0 0 0 0 0 0 0 0 0 0 0 0 0 0 0 0
P10718 2026 8 0 0 0 0 0 0 0 0 0 0 0 0 0 0 0 0 0 0 0 0 0 0 0 0 0 0 0 0 10 0 0
P10718 2026 9 0 0 2 3 0 0 0 0 0 0 0 0 0 0 0 0 0 0 0 0 19 3 0 0 0 0 0 0 0 0 -999
P10718 2026 10 0 0 0 0 0 0 0 0 0 0 0 3 3 4 4 9 12 0 0 20 16 6 3 3 4 4 0 41 85 57 206
P10718 2026 11 38 69 26 50 99 21 15 84 208 24 72 18 3 67 208 21 5 2 0 0 0 0 1 0 0 1 1 0 0 0 -999
P10718 2026 12 4 13 11 0 0 0 0 0 2 10 5 4 4 30 169 35 22 183 37 29 11 91 23 14 18 5 3 14 2 0 0
P10718 2027 1 0 3 5 37 14 94 140 18 16 21 163 23 3 1 6 0 0 5 59 8 61 30 2 7 38 208 164 64 161 0 0
P10718 2027 2 0 0 0 2 0 0 3 0 2 7 54 5 0 0 0 16 30 25 23 36 35 63 99 24 2 18 2 2 -999 -999 -999
P10718 2027 3 18 62 54 35 7 8 2 7 0 0 0 0 0 0 0 0 9 20 44 27 41 49 43 25 20 74 19 3 3 1 0
P10718 2027 4 0 8 8 21 0 0 0 0 0 0 0 8 15 16 0 0 0 0 0 0 0 10 13 7 0 0 0 0 0 0 -999
P10718 2027 5 0 0 0 11 13 49 81 24 0 0 0 5 0 0 0 0 0 0 0 0 0 0 0 0 0 0 0 0 0 0 0
P10718 2027 6 0 0 0 20 15 4 3 0 0 0 0 0 0 0 0 0 0 0 0 0 0 0 0 0 0 0 17 12 5 0 -999
P10718 2027 7 0 26 22 14 33 25 0 0 0 0 0 0 0 0 0 0 0 0 0 7 0 0 0 0 0 0 0 0 0 0 0
P10718 2027 8 0 0 0 0 0 0 0 0 0 0 0 0 0 0 12 0 0 0 13 0 0 0 0 0 0 0 0 0 0 0 0
P10718 2027 9 0 0 0 0 0 0 0 0 0 0 0 0 5 0 0 0 0 0 0 0 0 0 0 0 0 15 0 0 9 10 -999
P10718 2027 10 28 15 13 0 0 0 33 0 0 0 0 0 0 2 0 0 18 4 3 3 5 5 5 12 4 2 2 0 0 0 0
P10718 2027 11 4 2 9 3 10 3 5 4 16 110 26 3 0 4 0 0 0 0 0 0 24 56 42 24 42 104 54 29 10 10 -999
P10718 2027 12 21 15 7 7 14 14 4 0 0 0 0 0 14 4 30 9 63 30 3 26 2 0 0 0 5 2 0 1 0 0 4
P10718 2028 1 6 5 1 0 0 0 0 0 0 0 2 2 0 0 6 8 13 14 7 0 0 0 0 0 0 0 10 0 0 0 0
P10718 2028 2 0 0 38 25 68 72 70 59 0 17 86 22 45 196 147 201 86 73 74 7 10 48 4 2 0 0 0 0 -999 -999 -999
P10718 2028 3 0 0 0 0 0 0 0 0 0 9 28 13 16 14 4 1 0 0 0 0 0 3 0 0 10 39 53 5 6 9 19
P10718 2028 4 4 6 0 4 3 4 0 0 0 83 5 9 0 0 0 0 20 20 66 60 7 0 0 0 0 0 0 0 0 0 -999
P10718 2028 5 10 0 0 0 0 0 18 28 63 39 23 12 46 24 31 10 0 0 0 0 0 0 0 6 2 0 11 16 3 0 6
P10718 2028 6 3 4 26 47 33 36 15 4 0 0 0 0 0 0 0 0 0 0 0 0 0 0 0 0 0 0 0 21 20 32 -999
P10718 2028 7 19 7 10 0 0 0 6 0 0 0 0 6 8 0 0 0 0 0 0 0 0 0 0 0 0 0 0 5 0 0 0
P10718 2028 8 0 0 0 0 0 0 0 0 0 0 0 0 0 0 0 0 0 0 0 0 0 0 0 0 22 11 0 0 0 0 0
P10718 2028 9 0 0 0 0 0 0 0 0 0 0 0 0 0 0 0 0 0 0 0 0 0 0 0 36 10 0 31 27 0 0 -999
P10718 2028 10 0 0 0 0 0 0 0 0 0 20 6 0 0 13 0 0 8 0 15 0 0 0 0 0 0 0 0 0 5 0 0
P10718 2028 11 0 4 20 13 89 18 3 7 6 0 0 16 8 14 13 12 9 63 6 46 119 40 18 5 3 4 31 33 44 23 -999
P10718 2028 12 7 15 17 14 5 0 0 0 0 0 0 6 8 6 0 0 12 49 88 105 159 153 96 55 23 53 49 46 12 57 2
P10718 2029 1 7 6 70 62 7 8 0 60 11 36 44 136 48 40 32 134 37 11 4 1 1 0 1 0 0 0 0 27 16 16 21
P10718 2029 2 113 73 112 70 53 8 10 6 1 24 4 7 18 7 2 10 4 0 0 6 0 2 3 8 5 10 18 0 -999 -999 -999
P10718 2029 3 0 0 0 86 74 139 74 89 36 10 11 3 5 10 3 4 3 7 15 54 14 4 2 1 0 0 0 0 0 6 15
P10718 2029 4 0 0 15 9 0 5 0 0 0 0 0 0 11 68 4 17 2 39 3 2 1 0 4 0 0 0 3 17 56 23 -999
P10718 2029 5 9 2 49 125 77 25 184 49 11 5 6 4 9 0 0 0 0 0 0 11 0 0 0 0 10 0 0 0 0 0 0
P10718 2029 6 0 0 0 21 0 0 0 0 0 0 0 0 0 0 0 0 0 0 0 0 0 0 0 0 0 0 0 0 0 0 -999
P10718 2029 7 0 0 0 0 0 0 0 0 0 0 0 0 0 0 0 0 0 0 0 0 0 0 0 0 0 0 0 0 0 0 0
P10718 2029 8 0 0 0 11 9 0 0 0 0 0 0 0 0 0 0 0 0 0 0 0 0 0 0 0 0 0 0 0 0 0 0
P10718 2029 9 0 0 0 0 0 0 0 0 0 0 0 0 0 0 0 0 0 6 0 24 21 0 0 6 37 52 7 0 0 0 -999
P10718 2029 10 0 0 0 0 0 0 0 0 0 0 0 0 0 0 0 0 0 16 0 2 0 0 0 0 24 22 0 19 62 29 4
P10718 2029 11 0 0 0 0 0 0 0 0 0 0 0 0 0 0 3 0 15 16 6 8 13 10 28 31 2 3 21 15 25 0 -999
P10718 2029 12 6 16 63 63 123 10 28 39 29 5 13 4 10 9 4 4 34 4 1 0 10 57 27 22 42 10 135 121 186 3 2
P10718 2030 1 3 0 0 0 20 23 51 0 0 70 5 0 0 15 23 133 10 2 4 7 32 0 6 18 32 5 33 72 5 0 0
P10718 2030 2 10 23 133 15 98 44 32 14 0 0 0 0 0 3 0 30 19 3 0 0 3 22 5 4 62 9 0 13 -999 -999 -999
P10718 2030 3 0 0 0 0 0 0 0 0 0 0 0 0 0 0 0 4 19 19 14 3 0 13 19 31 24 15 21 41 121 29 158
P10718 2030 4 131 61 9 0 0 0 4 17 10 21 14 0 5 6 25 9 29 37 13 8 2 3 0 6 15 21 0 0 51 23 -999
P10718 2030 5 6 5 5 0 0 0 0 0 0 15 10 9 6 43 123 22 10 58 19 0 0 0 0 0 0 0 0 0 0 0 0
P10718 2030 6 0 0 0 0 0 0 0 0 0 0 0 0 0 0 16 0 6 6 4 9 3 4 5 0 0 0 0 0 0 0 -999
P10718 2030 7 0 0 0 0 0 0 0 0 0 0 0 0 0 0 0 0 0 0 0 0 0 0 0 0 0 0 0 0 0 0 0
P10718 2030 8 0 0 0 0 0 0 0 0 0 0 0 0 0 0 0 0 0 0 0 0 0 0 0 0 0 0 0 0 0 0 0
P10718 2030 9 0 0 0 0 0 0 0 13 15 0 0 0 0 7 9 131 43 13 10 12 60 45 12 3 11 4 11 9 10 7 -999
P10718 2030 10 0 0 0 0 0 14 12 70 36 89 9 61 15 18 34 12 17 26 109 97 125 38 71 71 6 3 0 13 14 9 7
P10718 2030 11 10 0 45 17 23 14 164 196 189 227 31 35 6 95 42 63 146 89 66 10 18 106 38 33 23 17 8 166 18 5 -999
P10718 2030 12 4 3 3 4 15 14 5 2 4 7 28 4 0 0 0 0 0 1 1 0 3 3 1 1 5 23 72 28 67 34 61
P10718 2031 1 50 6 7 90 15 29 17 132 251 44 47 19 198 113 49 0 0 5 7 5 7 0 3 2 1 0 2 2 3 0 7
P10718 2031 2 5 9 11 21 0 0 0 0 31 10 0 0 11 0 0 0 0 0 12 0 10 13 39 5 0 26 0 1 -999 -999 -999
P10718 2031 3 0 2 3 20 57 29 7 12 114 25 19 30 49 5 2 5 3 4 3 2 0 0 0 0 0 0 0 0 6 9 43
P10718 2031 4 19 29 5 2 5 14 25 15 25 39 21 23 74 4 0 0 0 0 0 0 0 0 0 0 0 0 0 0 0 0 -999
P10718 2031 5 0 11 20 10 12 6 0 0 0 0 14 0 0 0 0 0 0 0 0 0 0 0 0 0 0 0 0 0 0 0 0
P10718 2031 6 0 0 0 0 0 0 48 11 0 0 0 0 0 0 0 0 0 0 0 0 0 0 0 0 0 0 0 0 0 0 -999
P10718 2031 7 0 0 0 0 0 0 0 0 0 0 0 0 0 4 2 2 4 0 0 0 0 0 0 0 0 0 0 0 0 0 0
P10718 2031 8 0 0 0 0 0 0 0 0 0 0 5 5 0 0 0 0 0 0 0 0 0 0 0 0 0 0 0 0 0 0 0
P10718 2031 9 0 0 0 0 0 0 0 0 0 0 0 0 0 0 0 0 0 0 0 0 13 59 40 6 24 10 42 13 18 4 -999
P10718 2031 10 0 0 7 3 0 0 0 0 27 0 0 0 0 0 0 0 7 0 18 21 28 29 0 12 25 0 0 25 10 27 4
P10718 2031 11 3 14 53 137 39 48 49 87 21 27 46 25 134 183 225 46 55 102 127 179 98 35 17 25 83 60 89 65 30 74 -999
P10718 2031 12 165 235 50 130 191 79 127 24 14 21 12 5 2 2 15 11 6 7 3 3 62 27 26 32 30 30 11 71 35 54 14
P10718 2032 1 6 15 140 215 273 95 201 223 27 1 27 40 6 48 49 4 1 1 6 6 0 1 1 0 3 21 30 71 33 122 18
P10718 2032 2 2 1 0 2 2 10 19 5 0 0 130 90 11 3 0 11 0 0 0 0 3 12 0 0 0 8 0 0 -999 -999 -999
P10718 2032 3 0 0 0 0 0 0 0 0 5 13 10 6 6 3 0 0 0 0 0 0 0 0 0 0 0 0 0 3 6 22 0
P10718 2032 4 14 26 16 24 90 33 69 44 40 14 6 3 10 33 13 90 10 4 0 10 0 7 12 94 14 5 0 0 0 0 -999
P10718 2032 5 9 13 10 2 0 0 0 0 0 0 0 0 0 0 4 5 7 3 0 4 0 7 4 0 5 4 0 0 0 26 30
P10718 2032 6 0 0 0 0 0 0 0 0 0 0 0 0 0 0 0 0 0 0 0 0 0 0 0 6 0 0 0 0 0 0 -999
P10718 2032 7 0 0 0 0 0 0 0 0 6 0 0 0 0 0 0 0 0 0 0 0 0 0 0 0 0 0 0 0 0 0 0
P10718 2032 8 0 0 0 0 0 0 0 0 0 0 0 0 0 0 0 0 0 0 0 0 0 0 0 0 0 0 0 0 0 0 0
P10718 2032 9 0 0 0 0 0 0 0 0 0 0 0 0 27 12 15 46 21 4 0 0 0 0 0 0 0 0 0 0 0 0 -999
P10718 2032 10 0 31 30 0 0 0 7 18 22 0 0 0 0 0 132 56 32 0 0 13 12 40 40 48 4 2 5 67 126 9 23
P10718 2032 11 7 22 38 72 34 8 0 0 0 0 0 0 0 0 0 0 0 7 0 0 3 5 17 26 21 30 93 47 139 173 -999
P10718 2032 12 21 76 67 58 8 0 0 0 0 15 0 0 0 0 1 0 2 4 9 13 6 2 4 13 18 26 6 0 0 7 4
P10718 2033 1 4 22 93 117 36 46 39 77 212 197 68 96 34 4 90 173 65 60 58 0 0 6 12 11 23 48 124 40 12 48 5
P10718 2033 2 1 0 0 0 10 4 11 30 23 19 139 37 40 0 0 0 0 12 22 10 7 3 6 48 5 7 0 0 -999 -999 -999
P10718 2033 3 9 2 0 4 0 0 9 3 3 17 20 30 19 3 0 0 0 0 0 12 15 11 11 0 0 0 16 35 6 12 0
P10718 2033 4 0 0 7 18 30 18 0 10 15 18 18 24 27 20 20 104 64 46 37 66 71 149 16 24 68 15 12 10 14 6 -999
P10718 2033 5 8 6 29 30 0 0 0 5 6 4 8 11 14 17 8 7 79 19 18 16 79 6 13 10 4 0 0 0 0 0 0
P10718 2033 6 0 0 0 0 0 0 0 0 0 0 0 0 0 0 0 0 0 0 0 0 0 0 0 0 0 0 0 0 0 0 -999
P10718 2033 7 0 0 0 0 0 0 0 0 0 0 0 0 0 0 0 0 0 0 0 0 0 0 0 0 0 0 0 0 0 0 0
P10718 2033 8 0 0 0 0 0 0 0 0 0 0 0 0 0 0 0 0 0 0 0 0 0 0 0 0 0 0 0 0 0 44 0
P10718 2033 9 0 0 0 0 0 0 12 11 0 0 0 0 0 0 58 36 0 0 0 0 0 0 0 0 0 0 0 0 0 0 -999
P10718 2033 10 0 0 6 44 61 28 32 25 20 65 164 134 131 18 0 0 0 0 0 0 0 0 19 16 23 4 0 16 12 10 11
P10718 2033 11 30 91 225 68 4 3 3 0 5 5 10 0 0 1 2 5 8 3 1 1 2 4 0 0 0 0 0 0 0 0 -999
P10718 2033 12 7 8 5 5 3 1 3 10 2 5 30 6 1 1 0 0 0 0 0 0 1 0 0 0 0 0 0 0 0 0 0
P10718 2034 1 2 6 14 11 17 3 14 7 9 9 82 29 73 103 117 51 66 14 11 0 1 0 0 0 0 0 0 0 2 0 0
P10718 2034 2 0 0 0 0 0 4 7 0 0 3 0 0 2 11 13 7 0 0 0 4 2 0 0 0 3 0 15 41 -999 -999 -999
P10718 2034 3 55 121 83 33 48 13 31 30 0 0 0 0 0 3 4 3 0 1 0 0 0 6 28 12 6 0 0 0 0 0 0
P10718 2034 4 0 0 0 0 0 0 0 0 0 0 0 0 0 5 7 0 0 6 7 18 20 1 0 0 0 0 0 20 0 0 -999
P10718 2034 5 0 0 0 0 0 0 0 0 0 10 0 0 0 0 0 0 0 0 0 0 0 0 0 0 0 0 0 0 0 0 0
P10718 2034 6 0 0 0 11 47 20 6 0 0 0 0 0 0 0 0 0 0 0 0 0 0 0 0 0 0 0 0 0 0 0 -999
P10718 2034 7 0 0 0 0 0 0 0 0 8 9 6 0 0 0 0 0 0 0 0 0 0 0 0 0 0 7 0 0 8 8 7
P10718 2034 8 13 24 8 0 0 0 0 0 0 0 0 0 0 0 0 0 0 0 0 0 0 0 0 0 0 0 0 0 0 0 0
P10718 2034 9 0 0 0 0 0 0 0 0 0 0 0 0 0 0 0 0 0 0 0 0 5 0 0 0 4 16 0 0 0 19 -999
P10718 2034 10 6 9 22 14 91 24 0 11 14 61 8 2 3 6 3 8 0 0 0 0 0 5 0 9 27 33 16 40 31 0 4
P10718 2034 11 0 0 0 0 3 13 31 21 98 6 4 37 5 0 0 0 0 0 0 0 9 27 16 110 87 94 9 43 29 57 -999
P10718 2034 12 5 1 0 5 7 20 64 61 22 6 13 6 13 104 155 7 4 10 4 7 16 3 2 6 20 29 21 5 62 17 93
P10718 2035 1 7 5 39 62 61 86 64 67 7 10 28 19 52 13 21 26 55 4 14 43 164 82 48 33 5 8 2 0 5 0 0
P10718 2035 2 16 42 3 3 1 2 19 1 2 2 7 2 0 0 0 0 2 2 4 8 59 104 107 75 33 8 83 76 -999 -999 -999
P10718 2035 3 61 159 25 35 41 40 27 32 24 2 5 7 19 131 113 25 17 41 93 81 178 227 89 23 139 72 8 67 58 25 136
P10718 2035 4 39 90 45 142 67 134 88 92 66 30 60 52 8 0 0 0 0 0 0 0 70 67 33 19 7 7 18 76 30 81 -999
P10718 2035 5 31 0 0 0 0 0 0 0 0 0 0 0 0 0 0 0 0 0 0 0 0 0 44 8 0 0 0 0 0 0 35
P10718 2035 6 18 4 0 3 7 35 14 15 58 10 51 0 0 0 0 0 0 0 0 0 0 0 0 0 0 0 0 0 0 0 -999
P10718 2035 7 0 0 0 0 0 0 0 0 0 0 0 0 0 0 0 0 0 0 0 0 0 0 0 0 0 0 0 0 0 0 0
P10718 2035 8 0 0 0 0 0 0 0 0 0 0 0 0 0 0 0 0 0 0 0 0 0 0 0 0 0 0 0 0 0 0 0
P10718 2035 9 0 0 0 0 0 0 0 0 0 0 0 0 0 0 0 0 0 0 0 0 0 0 0 0 0 0 0 0 0 0 -999
P10718 2035 10 0 13 23 10 0 0 0 0 0 0 0 0 18 39 28 13 0 0 0 47 27 0 0 0 0 0 0 0 0 0 5
P10718 2035 11 0 0 15 20 24 20 7 18 13 0 0 0 0 0 0 0 0 0 0 0 0 0 0 0 5 0 0 12 8 4 -999
P10718 2035 12 23 15 24 69 166 230 80 38 23 30 10 4 33 14 8 6 0 6 58 107 164 31 0 0 0 0 0 0 0 2 4
P10718 2036 1 5 4 1 2 3 5 4 5 7 16 16 17 8 1 1 2 16 67 87 17 100 56 15 11 4 3 41 8 6 3 14
P10718 2036 2 3 1 2 3 4 11 16 40 33 17 18 59 46 18 6 6 3 1 0 0 0 0 0 0 0 5 12 24 -999 -999 -999
P10718 2036 3 138 21 13 44 67 49 2 5 0 0 0 0 0 13 5 5 0 0 0 4 0 0 0 0 0 2 3 9 7 8 15
P10718 2036 4 20 67 18 4 2 1 1 0 5 0 2 0 0 0 0 0 0 0 0 0 0 0 7 19 22 19 6 10 0 0 -999
P10718 2036 5 0 0 7 5 5 2 6 0 0 7 28 17 10 6 6 7 6 0 0 2 4 0 0 0 0 0 0 0 0 0 9
P10718 2036 6 24 12 0 0 0 0 0 0 0 0 0 0 0 0 0 0 0 8 5 0 0 0 0 0 0 0 0 0 0 0 -999
P10718 2036 7 0 0 0 0 0 0 0 0 0 0 0 0 0 0 0 0 0 0 0 0 0 0 0 0 0 0 0 0 0 0 0
P10718 2036 8 0 0 0 0 0 0 0 0 0 0 0 0 0 0 0 0 0 0 0 0 0 0 0 0 0 0 0 0 0 0 0
P10718 2036 9 0 0 0 0 0 0 0 0 0 0 0 0 0 0 0 0 0 0 0 0 0 0 0 0 0 0 0 0 0 0 -999
P10718 2036 10 0 16 0 5 10 0 0 0 0 0 27 0 0 0 0 0 0 0 0 0 0 0 0 0 4 27 0 39 200 70 8
P10718 2036 11 12 4 6 0 10 15 15 133 22 4 10 10 24 122 60 20 4 7 30 25 2 0 0 0 0 35 56 60 20 2 -999
P10718 2036 12 2 3 19 48 28 2 3 0 0 0 5 19 9 10 7 6 0 10 16 0 23 60 34 0 21 21 5 4 0 0 4
P10718 2037 1 4 9 2 1 2 3 3 3 43 36 24 140 43 1 0 0 0 13 80 131 199 39 45 155 90 31 238 55 60 12 4
P10718 2037 2 0 0 23 10 11 10 16 6 15 6 2 1 0 7 0 0 5 0 0 0 3 0 6 3 3 32 58 8 -999 -999 -999
P10718 2037 3 1 1 0 0 0 0 3 5 5 10 8 14 40 162 66 15 9 5 0 0 9 10 62 83 76 11 14 36 46 38 0
P10718 2037 4 14 0 9 5 24 42 11 11 11 3 4 5 9 103 49 23 25 20 10 9 65 54 58 15 4 0 0 0 0 0 -999
P10718 2037 5 0 0 0 0 0 0 0 0 0 3 3 3 0 5 6 5 14 16 3 3 9 29 33 14 58 22 7 3 10 10 0
P10718 2037 6 0 0 0 0 0 0 0 0 7 0 0 0 0 0 0 10 12 10 8 0 0 0 0 0 0 0 0 0 0 0 -999
P10718 2037 7 0 0 0 0 0 0 0 0 0 0 0 0 0 0 0 0 0 0 0 0 0 0 0 0 0 0 0 0 0 0 0
P10718 2037 8 0 0 0 0 0 0 0 0 0 0 0 0 0 0 0 0 0 0 0 0 0 0 0 0 0 0 0 0 0 0 0
P10718 2037 9 0 0 0 0 0 0 0 0 0 0 0 0 0 0 0 0 0 0 0 0 0 0 0 0 0 0 0 8 9 9 -999
P10718 2037 10 3 0 0 0 0 0 0 0 0 7 52 4 0 0 0 0 13 19 6 2 0 0 7 8 15 14 0 0 0 0 0
P10718 2037 11 0 0 0 0 0 12 14 16 3 0 15 38 36 82 42 2 0 0 7 83 9 27 86 23 38 26 59 69 24 12 -999
P10718 2037 12 51 8 124 145 33 21 41 46 41 69 31 13 21 23 13 6 44 20 8 0 0 0 62 0 0 0 0 2 8 8 7
P10718 2038 1 16 53 13 92 22 4 29 4 12 14 15 10 19 104 19 9 111 5 7 9 11 17 68 139 5 73 37 84 91 84 13
P10718 2038 2 4 12 22 193 49 94 29 6 7 9 0 0 0 3 8 21 6 11 12 0 0 0 18 3 0 0 0 23 -999 -999 -999
P10718 2038 3 48 17 29 40 242 15 54 25 20 19 17 0 0 0 0 0 0 31 0 18 16 4 5 6 0 13 11 20 24 8 18
P10718 2038 4 7 0 0 0 0 0 8 23 0 0 0 0 0 15 11 5 0 0 0 0 0 19 0 0 0 0 0 0 0 0 -999
P10718 2038 5 7 0 0 0 0 0 0 0 0 0 0 0 0 0 0 0 0 99 78 29 0 0 0 0 4 3 0 6 6 0 0
P10718 2038 6 0 10 9 21 0 0 0 0 0 0 0 0 10 0 0 0 0 0 0 0 0 0 0 0 0 0 0 0 0 0 -999
P10718 2038 7 0 0 0 0 0 0 0 0 0 0 0 0 0 0 0 0 0 0 0 0 0 0 0 0 0 0 0 0 0 0 0
P10718 2038 8 0 0 0 0 0 0 0 0 0 0 0 0 0 0 0 0 0 0 0 0 0 0 0 0 0 0 0 0 0 0 0
P10718 2038 9 0 0 0 0 0 0 0 0 0 0 0 0 0 0 0 0 0 0 0 0 0 15 0 17 0 0 0 0 0 0 -999
P10718 2038 10 0 0 5 0 0 0 0 0 0 0 0 0 0 0 0 0 0 11 11 6 9 22 89 0 0 0 15 19 9 0 7
P10718 2038 11 20 13 33 4 9 24 11 12 16 18 19 67 13 153 99 19 44 6 4 5 2 2 3 5 3 3 5 6 8 2 -999
P10718 2038 12 6 22 19 30 21 24 13 13 2 22 193 50 185 39 59 83 49 80 78 120 218 27 0 0 16 28 97 22 0 15 19
P10718 2039 1 15 26 31 32 32 4 3 0 0 0 0 0 0 0 16 41 24 5 0 13 5 11 43 47 15 3 3 1 1 1 2
P10718 2039 2 19 0 0 2 0 0 0 0 0 0 0 0 3 15 8 28 22 0 18 0 0 4 5 66 94 4 5 11 -999 -999 -999
P10718 2039 3 6 0 0 0 3 0 6 44 11 0 0 47 11 28 12 6 2 0 0 0 0 0 5 0 0 0 0 0 0 0 0
P10718 2039 4 0 0 0 0 4 7 0 0 0 0 0 0 4 29 8 1 0 0 8 0 6 3 0 0 0 0 0 0 0 0 -999
P10718 2039 5 0 0 0 0 0 0 0 0 0 0 0 0 0 0 0 6 4 3 2 3 5 20 6 0 0 0 0 0 0 0 0
P10718 2039 6 19 22 64 82 13 2 0 0 0 0 0 0 0 0 0 0 0 0 0 0 0 0 0 0 0 0 0 0 0 0 -999
P10718 2039 7 0 0 0 0 0 0 0 0 0 0 0 0 0 0 0 0 0 0 0 0 0 0 0 0 0 0 0 0 0 0 0
P10718 2039 8 0 0 0 0 0 0 0 0 0 0 0 3 0 0 0 0 0 0 0 0 0 0 0 0 0 0 0 0 0 0 0
P10718 2039 9 0 0 0 0 8 0 0 0 0 0 0 0 0 0 0 0 0 0 0 0 0 0 0 0 0 0 0 0 0 0 -999
P10718 2039 10 0 0 0 0 0 0 0 0 0 0 0 0 0 3 2 2 0 4 7 35 33 152 86 35 15 28 147 33 61 44 5
P10718 2039 11 2 1 0 0 0 5 6 11 27 10 32 16 15 10 17 8 4 31 117 38 23 27 15 0 1 2 16 71 4 9 -999
P10718 2039 12 17 64 21 99 185 98 30 50 104 7 9 0 11 31 23 16 21 29 80 101 8 13 23 48 42 19 54 136 68 93 56
P10718 2040 1 47 17 10 45 222 185 64 40 49 53 77 76 56 19 32 43 10 30 77 7 0 0 4 3 2 4 3 0 0 0 0
P10718 2040 2 0 0 5 9 4 0 0 1 2 4 0 2 2 2 3 4 5 5 1 1 0 1 0 0 0 0 0 0 -999 -999 -999
P10718 2040 3 0 0 0 0 0 0 0 0 0 0 0 0 0 0 0 0 0 0 0 0 0 0 72 84 29 26 21 8 56 70 25
P10718 2040 4 26 117 54 12 3 7 16 9 2 0 5 0 11 10 9 98 70 8 0 0 12 8 6 9 85 20 4 3 0 10 -999
P10718 2040 5 2 2 8 0 0 0 0 0 0 0 0 0 0 0 9 4 3 4 5 18 7 0 0 0 0 0 0 0 0 0 0
P10718 2040 6 5 0 0 0 0 0 0 0 0 0 0 0 0 0 0 0 0 0 0 0 0 0 0 0 0 0 0 0 0 0 -999
P10718 2040 7 0 0 0 0 0 0 0 0 0 0 0 0 0 0 0 0 0 0 0 0 0 0 0 0 0 0 0 0 0 0 0
P10718 2040 8 0 0 0 0 0 0 0 0 0 0 0 0 0 0 0 0 0 0 0 0 0 0 0 0 0 0 0 0 0 0 0
P10718 2040 9 0 0 0 0 0 0 0 0 0 0 0 0 10 0 4 3 4 0 0 0 0 0 9 0 0 0 0 13 5 3 -999
P10718 2040 10 2 0 0 0 0 0 0 0 0 0 0 0 0 0 0 0 10 18 0 6 3 2 5 2 5 17 12 11 0 0 18
P10718 2040 11 16 32 12 14 0 11 105 154 52 17 7 12 8 4 6 5 4 4 2 0 0 0 0 29 3 0 0 0 0 0 -999
P10718 2040 12 0 0 0 0 33 104 87 3 10 1 0 0 0 7 3 0 0 11 9 0 9 3 0 0 2 7 34 40 8 42 39
P10718 2041 1 0 0 0 0 3 2 5 2 0 0 0 0 5 17 8 0 0 0 20 17 81 131 288 42 102 153 163 70 26 26 5
P10718 2041 2 0 4 4 0 60 21 147 100 101 138 24 75 87 12 122 160 173 184 57 44 260 38 33 57 21 12 3 1 -999 -999 -999
P10718 2041 3 11 1 0 1 4 3 4 13 20 7 6 21 9 13 9 31 46 101 55 32 37 68 79 49 52 173 69 68 64 143 19
P10718 2041 4 1 1 1 0 0 0 0 0 0 0 2 3 4 3 4 3 16 104 24 32 29 21 44 134 41 14 3 7 0 0 -999
P10718 2041 5 0 0 9 15 0 0 0 0 0 16 7 0 0 0 0 0 0 15 24 22 10 0 24 19 15 88 89 21 5 8 3
P10718 2041 6 2 0 0 0 10 0 9 0 0 0 0 0 0 0 0 0 0 0 0 0 0 0 0 0 0 0 0 0 0 0 -999
P10718 2041 7 0 0 0 0 0 0 0 0 0 23 0 0 0 0 0 15 9 8 4 4 0 0 0 12 24 49 33 12 0 0 0
P10718 2041 8 0 0 0 0 0 0 0 0 0 0 0 0 0 0 0 0 0 0 0 0 0 0 0 0 0 0 0 0 0 0 0
P10718 2041 9 0 0 0 0 0 0 0 0 0 0 0 4 0 0 0 0 0 0 0 0 0 0 36 69 88 11 0 0 0 0 -999
P10718 2041 10 0 24 10 2 0 0 0 0 0 0 0 0 0 0 0 0 0 0 0 5 19 32 7 3 0 13 0 0 9 0 0
P10718 2041 11 0 0 0 13 18 38 25 26 33 49 42 39 146 62 127 48 242 187 27 121 144 163 89 236 45 31 69 78 59 27 -999
P10718 2041 12 11 85 7 111 179 18 23 18 9 6 34 28 45 100 114 235 97 52 79 74 7 3 18 0 0 1 1 1 1 4 0
P10718 2042 1 0 0 2 0 0 29 20 15 8 5 9 10 0 0 0 0 0 0 0 0 0 0 0 0 0 0 0 0 0 0 4
P10718 2042 2 4 2 0 0 0 0 0 0 0 7 0 0 0 0 0 0 0 5 7 5 0 0 0 0 7 0 0 0 -999 -999 -999
P10718 2042 3 0 0 0 0 0 0 5 0 0 0 0 8 0 8 25 32 0 0 75 26 15 12 4 87 33 7 8 8 14 45 122
P10718 2042 4 8 34 14 21 47 45 21 8 24 8 12 17 16 15 7 16 8 0 0 0 0 51 38 19 14 6 5 8 12 40 -999
P10718 2042 5 50 31 9 2 0 2 3 0 0 0 0 0 0 0 0 0 0 0 0 0 0 0 0 0 0 0 0 0 0 0 0
P10718 2042 6 0 0 0 6 0 0 0 0 0 0 0 0 0 0 0 0 0 0 0 0 0 0 0 0 0 0 0 0 0 0 -999
P10718 2042 7 0 0 0 0 0 0 0 0 0 0 0 0 0 0 14 0 0 0 0 0 0 0 0 0 0 0 0 0 0 0 0
P10718 2042 8 0 0 0 0 0 0 0 0 0 0 0 0 0 0 0 0 0 0 0 0 0 0 0 0 0 0 0 0 0 0 0
P10718 2042 9 0 0 0 0 0 0 0 0 0 0 0 3 0 0 0 0 0 0 0 0 0 0 0 0 0 0 0 0 0 0 -999
P10718 2042 10 0 10 18 13 7 0 0 21 12 0 0 0 40 17 7 4 10 20 14 110 36 27 11 6 5 0 8 13 6 2 0
P10718 2042 11 0 0 2 0 4 5 41 32 18 0 0 0 0 2 0 0 6 6 12 45 3 0 0 0 2 6 0 7 67 16 -999
P10718 2042 12 17 17 98 36 64 10 7 41 86 78 49 81 67 135 30 22 168 39 36 36 18 29 114 46 0 10 2 2 2 0 3
P10718 2043 1 10 7 17 14 16 21 4 1 0 0 6 14 67 105 38 100 22 27 20 73 70 112 80 88 1 4 9 60 33 2 2
P10718 2043 2 3 0 0 8 8 27 68 0 0 0 0 0 1 0 0 1 1 0 0 3 0 0 4 4 5 7 0 0 -999 -999 -999
P10718 2043 3 0 15 31 76 7 13 49 283 40 45 18 48 23 10 18 0 0 0 53 0 62 25 21 12 19 3 15 25 13 12 23
P10718 2043 4 47 5 7 10 0 0 0 0 0 0 33 10 9 0 10 33 18 0 12 29 1 0 0 0 0 0 4 0 6 0 -999
P10718 2043 5 0 0 0 0 0 0 0 12 0 0 0 0 0 0 0 0 0 0 0 0 0 34 33 12 0 0 67 27 10 20 9
P10718 2043 6 5 6 0 0 0 0 0 0 0 0 0 0 0 0 0 0 0 0 0 0 0 0 0 0 0 0 0 0 0 0 -999
P10718 2043 7 0 0 0 0 0 0 0 0 0 0 0 0 0 0 0 0 0 0 0 0 0 0 0 0 0 0 0 0 0 0 0
P10718 2043 8 0 0 0 0 0 0 0 0 0 0 0 0 0 0 0 0 0 0 0 0 0 0 0 0 9 9 0 7 5 0 0
P10718 2043 9 0 0 0 0 0 0 0 0 0 0 0 0 0 0 0 0 0 0 0 0 0 9 0 0 0 0 0 0 0 14 -999
P10718 2043 10 0 25 0 0 12 6 0 10 0 7 2 0 4 10 23 0 33 5 6 3 10 22 65 9 51 16 5 59 15 17 28
P10718 2043 11 8 0 0 0 0 0 0 0 0 0 68 32 230 48 18 0 0 0 0 0 0 1 1 24 45 37 3 75 19 10 -999
P10718 2043 12 7 10 0 0 0 2 15 7 18 58 91 120 23 19 53 4 5 64 55 30 247 102 12 0 33 79 40 6 3 4 2
P10718 2044 1 1 6 11 2 3 35 5 2 3 12 13 4 0 2 14 11 128 135 13 6 13 21 2 2 5 6 21 153 6 5 1
P10718 2044 2 0 0 0 0 34 8 0 3 25 54 24 0 0 0 0 0 0 0 0 0 0 0 7 117 21 2 13 9 -999 -999 -999
P10718 2044 3 4 37 121 58 35 11 5 41 8 6 2 2 0 0 0 10 8 21 32 26 15 5 0 1 3 23 103 39 13 69 3
P10718 2044 4 0 3 2 0 0 0 0 0 0 0 0 0 10 24 8 0 0 0 0 0 0 0 12 0 23 37 53 6 8 0 -999
P10718 2044 5 0 0 0 0 28 3 0 11 16 27 7 0 0 10 0 0 0 12 51 22 12 0 0 4 22 22 22 23 10 4 0
P10718 2044 6 0 0 0 0 0 0 5 4 0 0 0 0 0 0 0 0 0 0 0 0 0 0 0 0 0 0 3 5 7 5 -999
P10718 2044 7 20 0 0 0 0 0 0 0 0 0 0 0 0 0 0 0 0 0 0 0 0 0 0 0 0 0 0 0 0 0 0
P10718 2044 8 0 0 0 0 0 0 0 0 0 0 0 0 0 0 0 0 0 0 0 0 0 0 0 0 0 0 0 0 0 0 0
P10718 2044 9 0 0 0 0 0 0 0 0 0 0 0 0 0 0 0 0 0 0 3 6 20 0 0 34 19 8 12 0 22 77 -999
P10718 2044 10 28 0 21 9 8 0 0 0 0 0 0 0 0 0 9 8 9 18 26 120 23 0 0 3 0 0 0 0 0 0 7
P10718 2044 11 9 12 12 0 24 8 17 39 8 3 82 71 61 19 27 58 132 61 83 102 142 28 120 213 222 207 39 23 42 15 -999
P10718 2044 12 7 0 0 1 5 2 0 0 53 41 6 10 29 0 0 0 12 7 3 15 6 46 8 5 2 1 6 10 61 4 86
P10718 2045 1 81 16 13 18 28 20 102 32 20 17 94 77 166 143 48 77 16 2 0 0 0 5 3 0 0 2 0 0 0 0 9
P10718 2045 2 9 52 9 6 52 29 4 0 0 3 6 14 17 1 10 1 1 1 0 0 12 3 1 1 2 0 0 0 -999 -999 -999
P10718 2045 3 0 0 0 0 0 5 15 46 21 0 10 35 19 5 110 5 3 1 2 1 1 2 3 5 3 4 2 0 0 0 0
P10718 2045 4 27 0 15 7 23 127 31 2 20 26 53 9 6 19 0 23 0 0 0 0 0 0 0 0 0 0 0 0 2 0 -999
P10718 2045 5 12 0 0 0 0 0 0 0 0 3 1 0 3 0 0 0 0 0 0 0 22 2 0 0 0 0 0 0 0 0 0
P10718 2045 6 0 0 0 0 0 0 0 0 0 0 0 6 0 0 0 0 0 0 0 0 14 26 34 43 31 16 5 0 0 0 -999
P10718 2045 7 0 0 0 0 0 0 0 0 0 0 0 0 0 0 0 0 0 0 0 0 0 0 0 0 0 0 0 0 0 0 0
P10718 2045 8 0 0 0 0 0 0 0 0 0 0 0 0 0 0 0 0 0 0 0 0 0 0 0 0 0 0 0 0 0 0 0
P10718 2045 9 0 0 0 0 0 0 0 0 0 0 0 0 0 0 0 0 7 0 0 0 0 0 0 0 0 0 0 0 16 17 -999
P10718 2045 10 4 0 14 28 0 0 3 0 0 0 0 0 5 9 117 87 105 84 27 0 0 0 0 0 0 0 0 0 0 0 0
P10718 2045 11 51 11 2 2 13 3 0 0 0 0 0 4 16 12 37 138 209 36 6 5 0 21 57 107 8 58 164 88 94 44 -999
P10718 2045 12 18 16 16 8 10 11 7 4 1 1 0 0 0 2 2 0 0 47 21 33 46 19 20 60 108 99 57 5 4 2 3
P10718 2046 1 6 39 88 103 97 60 214 91 38 55 234 72 160 28 114 47 75 31 47 79 5 2 3 3 3 36 42 45 31 50 44
P10718 2046 2 62 69 38 0 0 29 13 4 5 6 13 10 23 23 26 25 16 8 16 15 19 67 18 13 22 76 103 66 -999 -999 -999
P10718 2046 3 80 139 54 15 37 107 159 178 119 41 188 153 184 28 145 85 197 25 30 46 65 11 3 2 0 3 13 105 18 2 13
P10718 2046 4 2 12 23 71 10 4 6 23 12 8 7 9 21 15 49 7 57 67 53 31 12 22 25 42 18 15 8 26 13 3 -999
P10718 2046 5 0 0 12 9 0 0 7 1 0 0 0 0 0 0 0 0 7 4 1 0 0 0 0 0 0 15 8 5 4 0 0
P10718 2046 6 0 0 0 0 0 0 0 0 0 0 0 0 0 0 0 0 0 10 12 5 0 0 0 0 0 0 0 0 0 0 -999
P10718 2046 7 0 0 0 0 0 0 0 25 0 0 0 0 0 0 0 0 0 0 0 0 0 0 0 0 0 0 0 0 0 0 0
P10718 2046 8 0 0 0 0 0 0 0 0 0 0 0 0 0 0 0 5 9 9 0 0 0 0 0 0 0 0 0 0 0 0 0
P10718 2046 9 0 0 0 0 0 0 0 0 0 0 0 0 0 0 0 0 0 0 0 0 0 0 0 0 0 0 0 0 0 8 -999
P10718 2046 10 9 20 9 5 6 66 31 34 3 0 0 0 0 0 0 0 0 0 0 22 12 96 28 20 53 9 27 22 10 100 85
P10718 2046 11 4 0 0 0 49 15 8 28 20 17 4 2 3 10 0 0 0 0 0 0 0 9 5 15 13 4 4 20 73 69 -999
P10718 2046 12 141 107 30 17 108 47 49 33 60 15 46 81 13 180 65 29 92 48 12 2 3 1 3 0 0 0 0 0 0 0 5
P10718 2047 1 0 0 0 1 2 2 14 73 7 36 57 31 24 131 191 294 140 15 165 9 78 53 11 0 0 0 0 0 0 0 18
P10718 2047 2 21 28 15 21 42 21 51 18 5 4 8 8 6 25 1 1 1 0 2 0 2 1 3 75 21 10 65 12 -999 -999 -999
P10718 2047 3 5 63 11 8 34 111 16 11 0 0 0 0 0 0 0 0 0 0 0 0 0 10 68 16 9 7 20 3 3 24 44
P10718 2047 4 48 6 27 16 6 11 16 10 26 104 140 34 15 23 126 17 3 34 7 0 0 5 0 0 0 0 0 0 0 0 -999
P10718 2047 5 0 0 0 0 0 0 0 0 0 26 0 13 26 0 0 0 0 0 0 0 0 0 0 0 0 0 0 0 0 0 0
P10718 2047 6 0 0 0 0 0 0 0 0 0 0 0 0 0 0 6 6 4 6 7 0 0 0 0 0 0 0 0 0 0 0 -999
P10718 2047 7 0 7 4 5 0 0 0 0 0 0 0 0 10 19 0 0 0 0 33 30 5 0 0 0 0 0 0 0 0 0 0
P10718 2047 8 0 0 0 0 0 0 0 0 0 0 0 0 0 0 0 0 0 0 0 0 0 0 0 0 0 0 0 0 0 0 0
P10718 2047 9 0 0 0 0 0 0 0 0 0 0 0 0 0 0 25 18 4 0 0 0 0 0 0 0 0 0 0 0 0 0 -999
P10718 2047 10 0 21 38 35 17 77 60 43 47 147 34 58 25 95 65 82 97 17 52 4 7 13 13 4 0 11 3 1 4 0 0
P10718 2047 11 8 0 27 18 26 24 0 12 27 61 42 9 18 8 23 90 72 10 0 0 0 0 0 0 0 0 0 0 0 0 -999
P10718 2047 12 2 0 2 0 0 0 0 0 0 0 0 0 0 4 0 0 1 1 0 3 0 5 12 18 6 1 0 0 14 9 0
P10718 2048 1 9 24 0 0 0 0 0 0 0 6 17 161 56 72 26 8 7 3 3 4 5 7 0 0 0 0 0 0 5 4 4
P10718 2048 2 0 0 4 4 8 2 1 3 3 10 18 20 10 13 44 20 3 2 0 0 0 0 0 1 0 0 0 0 -999 -999 -999
P10718 2048 3 0 0 0 4 11 13 19 84 25 67 149 15 57 149 11 57 86 33 26 47 43 11 10 41 19 84 17 39 82 18 6
P10718 2048 4 3 2 6 0 7 0 0 0 0 2 0 0 0 0 4 0 0 0 0 0 6 5 16 1 3 3 8 6 5 0 -999
P10718 2048 5 0 0 7 38 11 7 0 0 0 0 0 0 0 18 0 0 25 111 5 11 32 24 0 0 0 0 0 0 0 0 0
P10718 2048 6 0 0 0 0 0 0 0 0 0 0 0 0 0 0 0 0 0 0 0 0 0 0 0 0 0 0 0 0 0 0 -999
P10718 2048 7 0 0 0 0 0 0 0 0 0 0 0 0 0 0 0 0 0 0 0 0 0 0 0 0 0 0 0 0 0 0 0
P10718 2048 8 0 0 0 0 0 0 0 0 0 0 0 0 0 0 0 0 0 0 0 0 0 0 0 0 0 0 0 0 0 0 0
P10718 2048 9 0 0 0 0 0 0 0 0 0 10 0 0 0 0 0 0 15 12 0 0 0 0 0 0 0 0 36 77 162 42 -999
P10718 2048 10 12 8 6 0 10 11 3 0 0 0 3 0 0 0 0 0 0 0 14 9 20 12 4 0 9 8 5 3 3 5 29
P10718 2048 11 9 4 12 0 21 52 0 0 0 0 0 0 0 6 5 15 104 20 57 56 33 6 0 0 0 49 0 0 11 25 -999
P10718 2048 12 110 258 10 29 121 25 2 0 0 0 0 0 0 0 0 0 3 2 3 3 0 3 2 6 1 0 105 53 23 32 10
P10718 2049 1 9 13 43 30 6 0 29 25 3 0 6 10 40 8 0 0 10 6 0 0 7 0 7 7 6 12 16 43 25 46 32
P10718 2049 2 58 72 34 38 20 6 4 0 0 5 4 3 0 17 11 0 0 2 0 0 8 9 8 15 13 40 13 9 -999 -999 -999
P10718 2049 3 5 0 5 0 0 0 0 0 0 0 0 0 0 0 14 14 3 3 5 11 0 9 11 27 4 3 5 8 14 59 9
P10718 2049 4 0 3 0 0 0 0 0 0 0 0 0 0 0 0 0 19 39 0 0 0 0 0 0 0 20 0 2 2 2 0 -999
P10718 2049 5 8 12 8 7 7 9 20 105 79 27 9 39 7 2 0 0 0 0 0 0 74 22 49 35 26 49 34 35 6 6 6
P10718 2049 6 0 0 0 0 0 0 0 0 0 0 0 0 0 0 0 0 0 0 0 0 0 0 0 0 0 0 0 0 0 0 -999
P10718 2049 7 0 0 0 0 0 0 0 0 0 0 0 0 0 0 0 0 0 0 0 0 0 0 0 0 0 0 0 0 0 0 0
P10718 2049 8 0 0 0 0 0 0 0 0 0 0 0 0 0 0 0 0 0 0 13 0 0 0 0 0 0 0 0 0 0 0 0
P10718 2049 9 0 0 0 0 0 0 0 0 0 0 0 0 0 0 0 0 0 0 0 0 19 36 14 4 0 0 0 0 0 0 -999
P10718 2049 10 0 0 0 4 0 0 0 0 0 0 0 0 0 0 19 69 7 0 0 0 0 7 0 0 18 0 0 0 0 6 0
P10718 2049 11 0 25 187 144 25 16 115 145 61 138 120 66 179 82 102 214 32 14 15 20 17 29 9 43 0 4 5 0 4 28 -999
P10718 2049 12 13 114 55 36 8 2 4 14 2 25 8 0 17 5 30 5 6 27 16 77 90 32 10 60 79 37 82 22 38 39 176
P10718 2050 1 276 143 249 39 47 68 13 18 0 10 7 43 82 81 65 99 148 141 14 0 0 0 0 0 7 0 0 4 3 4 1
P10718 2050 2 0 0 0 0 2 5 2 0 0 0 0 0 0 13 9 15 0 0 52 18 26 10 8 47 7 7 0 0 -999 -999 -999
P10718 2050 3 7 83 59 31 43 77 38 0 0 23 13 6 6 7 22 29 60 25 92 34 9 8 14 41 10 29 25 71 60 32 118
P10718 2050 4 29 31 47 31 77 47 31 21 64 6 0 0 0 36 13 34 16 2 0 0 8 0 0 0 14 6 7 1 0 6 -999
P10718 2050 5 4 3 3 6 3 5 0 0 0 0 0 4 0 0 0 0 0 0 0 0 0 7 0 0 0 6 8 7 0 0 3
P10718 2050 6 0 0 0 0 0 0 0 0 0 0 0 0 0 0 0 0 0 0 0 0 0 0 0 0 0 0 0 0 0 0 -999
P10718 2050 7 0 0 0 0 0 0 0 0 0 0 0 0 0 0 0 0 0 0 0 0 0 0 0 0 5 0 0 0 0 0 0
P10718 2050 8 0 0 0 0 0 0 0 0 0 0 0 0 0 0 0 0 0 0 0 0 0 0 23 0 0 5 0 0 0 0 0
P10718 2050 9 0 0 0 0 0 0 0 0 0 0 0 0 0 0 0 0 0 0 0 0 0 0 0 0 0 0 0 0 0 20 -999
P10718 2050 10 46 11 3 4 0 0 0 0 0 0 0 0 0 30 21 26 18 14 0 0 0 0 11 16 14 16 13 4 3 7 7
P10718 2050 11 13 8 5 27 13 71 94 188 167 101 155 145 39 0 6 5 8 12 16 11 41 104 233 31 33 20 139 22 3 35 -999
P10718 2050 12 6 10 18 4 0 0 29 5 4 3 5 6 2 2 3 3 5 14 8 11 2 1 0 0 1 1 0 0 0 4 8
P10718 2051 1 0 6 0 0 0 0 0 0 4 24 0 0 4 19 4 2 4 3 4 6 4 0 0 0 0 0 0 0 3 0 0
P10718 2051 2 0 7 7 0 0 8 3 3 1 0 21 6 0 0 3 33 2 5 13 30 2 0 3 12 4 1 0 0 -999 -999 -999
P10718 2051 3 0 8 0 0 0 5 4 8 11 11 54 99 50 13 13 0 0 40 106 37 11 0 0 0 0 0 0 0 0 10 34
P10718 2051 4 14 9 0 0 0 0 19 9 0 24 16 0 0 10 13 10 21 34 77 67 7 11 25 0 0 0 0 0 0 0 -999
P10718 2051 5 0 0 0 0 0 0 0 0 0 0 8 24 26 8 2 0 0 0 0 0 0 0 0 30 21 0 0 0 0 0 0
P10718 2051 6 0 0 0 0 0 0 0 0 0 0 0 0 0 0 0 0 0 0 0 0 0 0 0 0 0 0 0 0 0 0 -999
P10718 2051 7 0 0 0 0 0 0 0 0 0 0 0 0 0 0 0 0 0 0 0 0 0 0 0 0 0 0 0 0 0 0 0
P10718 2051 8 0 0 0 0 0 0 0 0 0 0 0 0 0 0 0 0 0 0 0 0 0 0 0 0 0 0 0 0 0 0 0
P10718 2051 9 0 0 0 0 0 0 0 0 0 0 8 0 27 8 0 0 0 0 0 0 0 0 0 0 0 0 0 0 0 0 -999
P10718 2051 10 0 0 0 0 50 0 0 0 0 0 0 7 10 14 7 3 0 0 0 0 3 0 9 3 10 3 103 128 103 89 91
P10718 2051 11 44 34 26 11 6 0 0 2 1 2 2 2 3 6 7 4 3 4 0 0 3 2 2 12 12 5 3 0 10 0 -999
P10718 2051 12 11 4 6 19 62 13 12 159 82 4 96 121 60 32 136 267 27 101 9 2 0 0 0 0 0 0 0 0 0 0 0
P10718 2052 1 0 1 1 0 1 0 3 10 9 0 0 0 0 0 24 8 0 0 0 0 0 0 0 0 0 0 0 0 0 30 32
P10718 2052 2 23 25 0 29 19 204 88 23 20 16 0 0 0 0 26 69 56 33 92 6 3 0 0 76 15 30 4 15 -999 -999 -999
P10718 2052 3 0 0 0 0 0 0 0 0 10 0 0 0 0 14 59 52 81 154 85 81 4 28 105 2 2 4 0 0 0 0 0
P10718 2052 4 0 12 0 0 0 0 29 12 0 0 7 25 13 7 0 19 6 1 0 0 0 0 9 2 0 0 0 0 0 3 -999
P10718 2052 5 0 0 0 0 0 0 0 0 0 0 0 19 0 15 15 12 9 16 25 2 0 0 0 0 0 0 0 0 0 0 0
P10718 2052 6 0 0 0 0 0 0 0 0 0 0 0 0 0 0 0 0 0 0 0 0 0 0 0 0 6 6 0 0 0 0 -999
P10718 2052 7 0 0 0 7 0 0 0 0 0 0 0 0 0 0 0 0 0 0 0 0 0 0 0 0 0 0 0 0 0 9 10
P10718 2052 8 49 37 25 4 0 0 0 0 0 0 0 0 0 0 0 0 0 0 0 0 0 0 0 0 0 0 0 0 0 0 0
P10718 2052 9 0 0 0 0 0 0 0 0 0 0 0 0 0 0 0 0 0 0 0 0 0 0 0 0 0 0 0 0 0 0 -999
P10718 2052 10 0 0 0 0 0 0 0 0 0 0 0 0 0 0 0 0 0 0 5 0 0 0 0 0 27 0 0 0 0 0 14
P10718 2052 11 5 37 9 5 2 0 0 0 0 4 1 0 1 0 1 2 3 25 80 22 141 52 20 7 48 21 45 18 16 14 -999
P10718 2052 12 3 9 51 15 3 2 1 1 0 0 5 4 23 63 7 0 11 35 14 29 78 41 27 29 20 2 11 2 35 11 5
P10718 2053 1 9 27 9 14 7 7 11 38 230 198 260 147 159 10 42 105 84 8 0 0 0 0 0 0 0 0 11 37 65 60 40
P10718 2053 2 28 113 28 17 32 51 104 38 30 31 0 0 0 26 24 24 51 26 9 0 0 5 22 91 32 106 43 30 -999 -999 -999
P10718 2053 3 5 0 0 0 0 0 0 0 0 0 0 0 0 0 0 0 0 0 0 0 0 0 0 0 0 0 0 0 0 0 0
P10718 2053 4 17 20 10 7 2 0 0 0 0 0 0 17 0 42 30 5 10 0 0 0 0 0 0 20 78 20 11 0 0 0 -999
P10718 2053 5 0 0 0 0 0 0 0 0 0 0 12 0 0 0 0 0 0 0 0 0 0 0 0 0 0 0 0 0 4 4 3
P10718 2053 6 0 0 0 0 0 0 0 0 0 0 0 0 0 0 0 0 0 9 9 0 0 0 0 0 0 0 0 0 0 0 -999
P10718 2053 7 0 0 0 0 0 0 0 0 0 0 0 0 0 0 0 0 0 0 0 0 0 0 0 0 0 0 0 0 0 0 0
P10718 2053 8 0 0 0 0 0 0 0 0 0 0 0 0 0 0 0 0 0 0 0 0 0 0 0 0 0 0 11 0 0 0 0
P10718 2053 9 5 0 0 0 0 0 0 0 0 0 0 0 0 0 0 0 0 0 11 40 68 36 16 0 0 0 0 52 75 35 -999
P10718 2053 10 5 0 0 0 0 0 0 24 11 0 0 0 0 0 0 0 0 0 5 0 0 0 0 0 0 0 7 0 0 0 0
P10718 2053 11 0 0 5 8 5 0 0 0 0 0 0 0 0 6 137 82 195 104 220 76 173 25 48 54 9 7 0 0 0 0 -999
P10718 2053 12 0 0 0 4 0 0 0 2 5 23 45 212 21 145 20 49 57 52 29 18 14 0 28 96 44 26 0 0 0 0 0
P10718 2054 1 95 11 24 56 22 54 44 25 15 5 6 4 2 1 0 5 52 52 28 14 3 7 9 6 7 0 1 0 2 2 2
P10718 2054 2 0 31 33 51 74 61 59 27 13 0 0 6 4 5 0 0 0 4 4 13 18 7 14 14 0 0 0 0 -999 -999 -999
P10718 2054 3 0 0 0 0 0 0 0 5 3 0 0 7 8 7 88 11 47 18 8 14 9 13 39 5 11 51 24 25 67 51 147
P10718 2054 4 21 67 40 121 10 37 37 33 17 120 26 5 0 0 10 2 2 36 24 59 20 9 5 26 56 40 22 7 2 0 -999
P10718 2054 5 0 34 16 16 15 8 0 25 90 107 19 12 2 1 0 0 0 0 0 5 8 0 0 0 0 0 0 0 0 0 0
P10718 2054 6 0 0 0 0 0 0 0 0 0 0 0 0 0 0 0 0 0 0 0 0 0 0 0 0 0 0 0 0 0 0 -999
P10718 2054 7 0 0 0 0 0 0 0 0 0 0 0 0 0 0 0 0 0 16 12 0 0 0 0 0 0 0 0 0 0 0 0
P10718 2054 8 0 0 0 0 0 0 0 0 0 0 0 0 0 0 0 0 0 0 0 0 0 0 0 0 0 0 0 0 0 0 0
P10718 2054 9 0 0 0 0 0 0 0 0 0 0 0 0 0 0 0 0 0 0 0 0 0 0 19 19 0 0 0 0 0 0 -999
P10718 2054 10 0 0 0 0 0 0 0 19 9 0 60 17 7 0 0 0 0 0 0 0 55 15 4 10 7 3 0 7 7 27 107
P10718 2054 11 188 147 114 56 178 35 18 107 18 0 0 0 0 0 2 13 8 4 3 2 0 0 0 2 4 2 13 42 86 34 -999
P10718 2054 12 95 16 2 1 2 4 0 3 6 16 10 12 58 28 22 1 2 3 2 1 1 3 10 1 0 0 2 0 0 0 0
P10718 2055 1 0 0 10 66 160 23 0 0 0 57 83 136 139 36 76 97 105 96 88 53 102 147 71 9 4 3 3 5 12 3 3
P10718 2055 2 3 0 0 0 0 6 5 5 0 4 0 6 10 13 27 27 4 12 10 7 13 0 0 0 0 0 5 0 -999 -999 -999
P10718 2055 3 0 30 83 18 12 58 46 28 182 132 42 48 105 24 19 16 27 44 6 21 12 44 42 71 21 114 116 42 73 65 12
P10718 2055 4 3 5 0 14 4 20 92 8 81 28 14 25 9 4 10 0 0 0 0 0 0 30 55 30 30 29 20 16 6 19 -999
P10718 2055 5 35 149 220 56 14 0 87 40 80 8 0 0 0 0 0 0 0 0 0 0 0 0 0 0 0 0 0 0 0 0 0
P10718 2055 6 0 0 0 0 0 0 0 0 0 0 0 0 0 10 88 11 10 20 7 10 12 10 0 9 0 0 0 0 0 0 -999
P10718 2055 7 0 0 0 0 0 0 0 0 0 0 0 0 0 0 0 0 0 0 0 0 0 0 0 0 0 0 0 0 0 0 0
P10718 2055 8 0 0 0 0 0 0 0 0 0 0 0 0 0 0 0 0 0 0 0 0 0 0 0 0 0 0 0 0 0 0 0
P10718 2055 9 0 0 0 0 0 0 0 0 0 0 0 0 0 0 0 0 0 0 0 0 0 0 0 14 8 0 0 0 0 6 -999
P10718 2055 10 5 0 0 0 0 0 10 47 4 3 3 49 6 0 6 0 3 11 11 2 8 6 37 119 9 4 8 0 0 0 0
P10718 2055 11 9 11 0 0 16 147 51 27 2 0 0 6 0 23 0 42 4 0 2 0 10 12 10 21 1 1 0 0 9 18 -999
P10718 2055 12 76 23 5 1 1 2 0 0 0 23 51 47 43 30 59 60 23 35 22 135 158 61 11 6 0 0 0 0 0 13 9
P10718 2056 1 1 1 3 6 5 17 90 7 7 0 3 2 2 2 7 13 10 7 5 9 48 46 122 11 42 4 55 76 3 2 2
P10718 2056 2 0 0 0 4 3 0 0 0 0 0 0 0 0 0 2 4 10 0 0 4 12 18 17 0 0 0 0 0 -999 -999 -999
P10718 2056 3 0 0 14 5 0 0 12 12 17 84 8 0 0 0 0 20 9 5 9 9 8 0 0 14 0 19 20 30 10 26 0
P10718 2056 4 0 0 0 0 0 0 0 0 7 0 0 0 0 0 0 0 7 0 0 20 0 0 8 8 0 18 20 24 4 0 -999
P10718 2056 5 15 16 23 6 8 12 0 0 0 0 8 23 8 0 0 0 0 0 0 0 0 0 0 7 10 4 20 11 16 4 0
P10718 2056 6 21 0 0 0 11 11 27 0 0 0 9 0 0 0 0 0 0 0 0 0 0 0 0 0 0 0 0 0 0 0 -999
P10718 2056 7 0 0 0 0 0 0 0 0 0 0 0 0 0 8 0 0 0 0 0 0 0 0 0 0 0 0 0 0 0 0 0
P10718 2056 8 0 0 0 0 0 0 0 0 0 0 0 0 0 0 0 0 0 0 0 0 0 0 0 0 0 0 0 0 0 0 0
P10718 2056 9 0 0 0 0 0 0 0 0 0 0 0 0 0 0 0 0 0 0 0 0 0 0 0 0 0 0 0 10 15 0 -999
P10718 2056 10 0 11 6 0 0 0 0 0 0 0 0 0 0 0 0 0 0 0 0 0 0 0 19 169 85 25 0 0 0 0 4
P10718 2056 11 0 0 11 35 56 69 92 50 14 0 0 0 7 22 0 0 0 0 29 32 16 22 9 34 76 47 0 0 62 150 -999
P10718 2056 12 88 197 43 33 136 136 111 64 62 146 136 28 5 44 69 129 48 106 112 64 103 12 1 0 0 0 0 0 0 0 0
P10718 2057 1 0 4 2 0 12 17 41 20 12 10 3 0 8 10 0 0 0 0 0 0 0 0 2 8 9 83 118 160 26 12 83
P10718 2057 2 38 34 42 65 136 135 124 156 87 74 2 2 0 0 11 0 0 13 53 134 15 6 5 4 0 0 0 0 -999 -999 -999
P10718 2057 3 0 0 0 0 6 4 0 7 0 7 3 0 0 0 0 0 21 0 0 0 0 0 0 0 22 14 15 14 11 14 21
P10718 2057 4 4 0 0 0 0 0 0 10 14 14 28 15 10 9 113 56 35 31 17 8 4 12 0 0 0 0 0 10 0 0 -999
P10718 2057 5 0 0 0 0 0 0 0 0 0 0 0 0 5 5 30 34 33 11 3 0 0 0 3 0 17 18 16 21 21 7 5
P10718 2057 6 6 6 4 0 0 0 0 0 0 0 0 0 0 0 0 0 0 0 0 0 0 0 0 0 0 0 0 0 0 0 -999
P10718 2057 7 0 0 0 0 0 0 0 0 0 0 0 0 0 0 0 0 0 0 0 0 0 0 0 0 0 0 0 0 0 0 0
P10718 2057 8 0 0 0 0 0 0 0 0 0 0 0 0 0 0 0 0 0 0 0 0 0 0 0 0 0 0 0 0 0 0 0
P10718 2057 9 0 0 0 0 0 0 0 0 0 0 0 0 0 0 0 0 0 0 0 9 0 0 0 0 0 22 5 0 0 0 -999
P10718 2057 10 3 5 6 0 0 0 0 0 0 0 0 0 0 0 0 0 11 5 0 0 0 0 0 0 0 0 0 0 8 13 30
P10718 2057 11 16 13 118 112 21 58 0 22 13 27 155 53 23 33 16 32 21 7 12 22 8 3 0 0 2 3 4 2 0 0 -999
P10718 2057 12 0 0 0 0 3 4 5 9 40 30 80 135 217 20 19 3 2 0 0 0 0 0 0 0 0 0 0 0 0 0 0
P10718 2058 1 0 0 2 0 0 0 0 4 33 53 7 4 0 22 19 0 3 0 0 0 1 0 1 0 0 8 21 5 2 13 8
P10718 2058 2 33 3 0 0 3 0 0 0 0 5 9 13 24 11 25 10 4 0 0 0 0 0 0 0 0 0 0 0 -999 -999 -999
P10718 2058 3 0 0 0 0 2 1 0 0 0 0 0 0 0 0 0 0 0 5 5 16 75 44 25 85 90 58 4 2 3 1 3
P10718 2058 4 0 0 0 0 0 2 0 0 0 10 5 8 5 6 4 0 7 0 8 3 0 0 0 0 0 0 0 0 0 0 -999
P10718 2058 5 0 0 0 0 4 0 0 6 0 0 0 0 0 0 0 0 0 0 0 0 0 0 0 4 0 0 0 0 14 16 12
P10718 2058 6 17 0 0 0 0 0 0 8 0 0 0 0 0 0 0 0 0 0 0 0 0 0 0 0 0 0 0 0 0 0 -999
P10718 2058 7 0 0 0 0 0 0 0 0 0 0 0 0 0 0 0 9 13 5 0 0 0 0 0 0 0 0 0 0 0 0 0
P10718 2058 8 0 0 0 0 0 0 0 0 0 0 0 0 0 0 0 0 0 0 0 0 0 0 0 0 0 0 0 0 0 0 0
P10718 2058 9 0 0 0 0 0 0 0 0 0 0 0 0 14 7 7 0 0 0 0 0 0 16 23 0 11 8 0 0 0 0 -999
P10718 2058 10 0 0 0 0 0 0 0 0 0 0 0 0 0 0 0 0 0 0 0 0 0 0 5 0 0 0 0 0 4 4 0
P10718 2058 11 4 2 0 0 3 0 7 38 39 35 67 22 6 23 36 56 38 243 158 174 8 25 23 8 11 67 50 178 93 44 -999
P10718 2058 12 3 32 22 7 4 6 18 3 4 0 0 0 0 0 26 9 16 83 175 128 66 66 13 21 18 29 170 21 5 21 55
P10718 2059 1 14 70 24 18 10 3 1 3 3 0 0 0 0 6 37 5 5 3 30 6 20 10 8 4 11 7 3 0 2 0 0
P10718 2059 2 3 3 2 0 0 0 0 0 0 0 0 0 0 0 0 4 0 0 0 0 0 0 0 0 0 0 0 0 -999 -999 -999
P10718 2059 3 0 0 0 0 0 0 0 0 0 0 0 6 4 0 0 0 0 0 0 11 34 17 32 75 18 91 8 8 10 6 1
P10718 2059 4 1 2 0 0 0 0 0 0 0 0 0 0 0 0 0 0 0 0 0 3 5 0 0 0 0 0 0 0 6 5 -999
P10718 2059 5 0 0 0 29 0 4 0 0 4 5 0 0 0 0 0 6 3 3 0 0 0 0 0 0 0 0 5 0 0 0 0
P10718 2059 6 0 0 0 0 0 0 0 0 0 0 0 0 0 0 0 0 0 0 0 0 0 0 0 0 0 0 0 0 0 0 -999
P10718 2059 7 0 0 0 0 0 0 0 0 0 0 0 0 0 0 0 6 0 0 0 0 0 0 0 0 0 0 0 0 0 0 0
P10718 2059 8 0 0 0 0 0 0 0 0 0 0 0 0 0 0 0 0 0 0 0 0 0 0 0 0 0 0 0 0 0 0 0
P10718 2059 9 0 0 0 0 0 0 0 0 0 0 0 0 0 0 0 0 0 0 0 0 0 0 0 24 17 0 0 0 0 0 -999
P10718 2059 10 0 0 0 0 0 0 0 0 0 0 0 0 4 0 23 23 0 0 6 29 60 121 168 94 21 43 6 0 0 21 0
P10718 2059 11 23 0 0 33 0 0 0 7 5 9 81 15 5 28 145 16 4 3 3 5 16 14 97 15 3 2 51 3 1 3 -999
P10718 2059 12 0 0 0 0 2 0 5 19 30 27 2 9 3 2 2 1 0 0 0 0 0 0 0 0 0 4 9 103 197 40 13
P10718 2060 1 14 59 107 102 89 16 1 0 0 10 0 0 0 0 0 0 2 0 0 0 0 0 0 0 0 6 3 5 2 4 0
P10718 2060 2 0 0 3 12 48 8 30 22 48 10 72 63 40 138 168 44 86 96 26 13 52 18 69 21 44 21 42 30 -999 -999 -999
P10718 2060 3 141 65 96 73 62 79 116 85 61 33 5 5 6 0 0 0 98 29 102 106 76 36 15 19 4 4 12 75 13 22 4
P10718 2060 4 0 0 0 0 0 0 0 0 0 8 18 16 0 0 0 0 0 0 0 0 0 0 0 0 0 0 0 0 0 0 -999
P10718 2060 5 0 0 0 0 0 0 0 0 0 0 0 0 0 0 0 0 0 0 0 0 0 0 0 0 0 0 0 0 0 0 0
P10718 2060 6 0 0 0 0 7 17 33 22 12 5 4 4 2 14 6 0 0 0 0 0 0 0 0 0 13 0 0 0 0 0 -999
P10718 2060 7 0 0 0 0 0 0 0 0 0 0 0 0 0 0 0 0 0 0 0 0 0 0 0 0 0 0 0 0 0 0 0
P10718 2060 8 0 0 0 0 0 0 0 0 0 0 0 0 0 0 0 0 0 0 0 0 0 0 0 0 0 0 0 0 0 0 0
P10718 2060 9 0 0 0 0 0 0 0 0 0 0 0 0 0 0 0 5 0 0 0 0 0 0 0 0 0 0 11 0 0 0 -999
P10718 2060 10 0 0 0 0 0 0 0 0 0 0 12 63 51 69 8 6 12 9 0 0 20 10 18 15 36 6 7 15 16 18 163
P10718 2060 11 36 19 25 15 6 4 0 6 23 10 5 13 5 2 6 8 5 35 5 1 0 1 0 3 8 26 24 4 17 7 -999
P10718 2060 12 3 20 38 22 38 107 13 5 12 4 1 0 4 11 21 70 19 43 4 77 107 3 10 9 11 15 8 16 15 3 1
P10718 2061 1 0 0 0 7 0 0 0 0 0 5 10 2 0 37 7 6 81 7 92 43 77 148 237 117 224 174 237 113 90 83 76
P10718 2061 2 9 0 2 4 19 0 0 0 14 29 45 26 8 91 104 13 13 45 13 95 17 34 9 6 16 11 56 14 -999 -999 -999
P10718 2061 3 284 33 92 70 12 4 21 18 20 21 149 14 76 42 92 48 12 49 81 16 10 1 0 0 0 2 0 0 0 0 0
P10718 2061 4 0 0 8 21 33 57 69 30 12 12 18 8 7 5 0 0 0 0 15 13 2 0 0 0 14 0 0 0 0 0 -999
P10718 2061 5 0 0 10 5 6 2 0 0 0 0 0 0 0 0 0 0 0 0 0 0 0 0 0 0 0 0 0 0 0 0 0
P10718 2061 6 0 0 0 0 0 0 0 0 0 0 0 5 0 6 0 0 0 0 0 0 0 0 0 0 0 0 0 0 0 0 -999
P10718 2061 7 0 0 0 0 0 0 0 0 0 0 0 0 0 0 0 0 0 0 0 0 0 0 0 0 0 0 0 0 0 0 0
P10718 2061 8 0 0 0 0 0 0 0 0 0 0 0 0 0 0 0 0 0 0 0 0 0 0 0 0 0 0 0 0 0 0 0
P10718 2061 9 0 0 0 0 0 0 0 0 0 0 0 0 0 0 0 21 86 75 275 95 123 42 4 0 0 0 0 0 0 0 -999
P10718 2061 10 0 27 33 7 0 0 58 18 125 19 0 0 4 6 4 5 15 25 6 6 0 0 0 0 36 60 141 58 13 0 0
P10718 2061 11 0 0 11 0 0 4 0 21 3 8 2 0 0 2 3 0 0 0 15 0 3 0 1 1 2 2 4 9 12 13 -999
P10718 2061 12 76 185 95 5 0 2 0 4 0 0 5 7 5 2 0 0 0 15 26 5 6 6 2 0 0 2 0 0 11 23 0
P10718 2062 1 0 0 0 0 0 0 0 0 0 0 0 13 36 15 65 105 30 35 4 5 18 9 6 5 0 9 10 30 15 45 125
P10718 2062 2 49 32 17 18 10 61 77 110 61 18 1 0 0 0 0 2 0 7 7 2 5 12 15 45 75 40 126 10 -999 -999 -999
P10718 2062 3 0 0 0 0 4 38 0 0 0 8 6 0 4 13 0 0 0 0 0 0 0 11 32 45 11 52 2 0 0 0 0
P10718 2062 4 10 33 4 0 0 15 0 0 0 47 21 7 1 0 0 0 6 16 2 7 13 0 13 91 16 8 7 0 0 0 -999
P10718 2062 5 0 0 31 0 0 0 0 7 0 0 0 0 0 0 0 0 0 0 4 0 0 0 0 0 0 0 0 14 14 5 17
P10718 2062 6 11 3 0 0 0 0 0 0 0 0 6 7 0 0 0 0 0 0 0 0 0 0 0 0 0 0 0 0 0 0 -999
P10718 2062 7 0 0 0 0 0 0 0 0 0 0 0 0 0 0 0 0 0 0 0 0 0 0 0 0 0 0 0 0 0 0 0
P10718 2062 8 0 9 0 0 0 0 0 0 0 0 0 0 0 0 0 0 0 0 0 0 0 0 0 0 0 0 0 0 0 0 0
P10718 2062 9 0 0 0 0 0 0 0 0 0 0 0 0 0 0 0 0 0 0 0 0 0 0 0 0 0 0 0 0 0 0 -999
P10718 2062 10 0 0 0 0 0 0 25 21 0 0 9 0 0 0 0 0 0 0 8 45 13 67 56 17 22 29 7 6 4 9 2
P10718 2062 11 0 0 14 46 156 141 7 0 0 0 23 0 4 0 7 0 0 17 23 81 88 12 122 62 59 3 1 8 2 8 -999
P10718 2062 12 4 1 1 1 0 3 19 0 0 97 94 12 5 4 0 126 4 7 21 23 10 15 53 37 43 6 0 4 7 0 0
P10718 2063 1 0 0 0 0 4 6 0 0 0 0 0 3 6 4 1 0 0 0 0 8 9 0 4 15 0 25 98 8 1 0 0
P10718 2063 2 0 0 0 0 0 0 6 14 16 0 0 6 2 8 37 0 5 3 0 0 3 4 5 1 1 2 2 5 -999 -999 -999
P10718 2063 3 3 0 0 0 0 0 12 7 6 11 75 24 116 56 127 30 15 28 20 18 0 0 0 0 0 35 81 70 24 4 3
P10718 2063 4 30 16 15 23 8 0 0 4 4 105 36 16 3 5 5 20 18 23 9 5 6 28 10 4 7 10 14 12 11 3 -999
P10718 2063 5 0 0 0 0 0 0 0 0 0 0 0 6 19 8 12 6 2 4 6 6 12 20 2 0 0 0 0 0 0 0 0
P10718 2063 6 0 0 0 0 0 0 0 9 0 0 0 0 0 0 0 0 0 0 0 0 0 0 0 0 0 0 0 0 0 0 -999
P10718 2063 7 0 0 0 0 0 0 0 0 0 0 0 0 0 0 0 0 0 0 0 0 0 0 0 0 0 0 0 0 0 0 0
P10718 2063 8 0 0 0 0 0 0 0 0 0 0 0 0 0 0 0 0 0 0 0 0 0 0 0 0 0 0 0 0 0 0 0
P10718 2063 9 0 0 0 0 0 0 0 0 0 0 0 0 0 0 0 0 0 0 0 0 0 0 0 0 0 15 45 12 11 6 -999
P10718 2063 10 3 0 0 0 0 5 0 6 20 55 109 9 7 30 23 5 8 7 19 63 16 92 5 0 2 0 8 49 8 18 4
P10718 2063 11 6 0 0 0 0 0 0 0 0 7 0 0 0 5 0 4 0 0 0 0 1 4 3 15 21 0 3 53 10 59 -999
P10718 2063 12 83 68 75 8 16 23 32 11 10 22 37 91 27 66 6 6 19 36 11 5 5 13 41 58 24 21 38 19 33 97 14
P10718 2064 1 10 10 7 84 6 22 4 2 12 67 160 190 88 63 12 3 2 0 0 0 0 0 0 0 0 0 18 12 23 8 5
P10718 2064 2 5 3 4 0 0 0 0 0 0 0 0 0 0 15 21 15 25 27 7 4 4 4 0 0 0 12 22 14 -999 -999 -999
P10718 2064 3 0 25 80 230 85 84 34 12 11 44 102 8 14 18 5 20 6 21 8 12 4 21 39 9 3 3 2 3 0 14 0
P10718 2064 4 5 7 0 21 0 0 0 2 1 3 0 0 0 0 0 0 0 12 5 2 0 0 0 26 16 8 19 17 0 0 -999
P10718 2064 5 0 13 4 0 0 0 0 0 0 0 0 2 3 4 0 0 0 0 0 0 0 0 0 0 0 0 0 0 0 0 0
P10718 2064 6 0 0 0 0 0 0 0 12 15 0 0 0 0 0 0 0 0 0 0 0 0 0 0 0 0 0 0 0 0 0 -999
P10718 2064 7 0 0 0 0 0 0 0 0 0 0 0 0 0 0 0 0 0 0 0 0 0 0 0 0 0 0 0 0 0 0 0
P10718 2064 8 0 0 0 0 0 0 0 0 0 0 0 0 0 0 0 0 0 0 0 0 0 0 0 0 0 0 0 0 0 0 0
P10718 2064 9 0 0 0 0 0 0 0 0 0 0 0 0 7 0 0 0 0 0 0 0 0 0 0 0 0 0 18 12 0 5 -999
P10718 2064 10 8 11 8 18 0 0 0 0 0 0 0 0 0 0 0 0 0 0 3 5 21 10 17 46 6 4 4 2 3 4 0
P10718 2064 11 0 2 0 0 4 9 4 3 6 10 0 2 4 10 5 1 0 1 0 0 0 0 0 19 9 24 30 59 67 3 -999
P10718 2064 12 3 13 11 17 17 8 13 20 84 163 87 25 0 0 0 4 10 8 15 129 32 93 19 19 7 27 54 126 28 98 53
P10718 2065 1 40 44 0 3 0 4 0 30 33 34 31 9 5 1 0 0 0 0 0 0 3 4 17 0 0 0 2 3 0 0 6
P10718 2065 2 26 40 34 50 7 0 0 0 6 6 5 0 0 0 0 0 0 0 8 9 25 0 12 8 39 16 6 12 -999 -999 -999
P10718 2065 3 2 1 2 5 10 28 48 6 16 58 5 4 2 0 7 9 6 16 8 5 8 27 4 61 10 49 45 64 12 56 30
P10718 2065 4 28 19 39 4 3 0 0 0 0 8 11 0 0 0 0 0 0 0 0 0 0 0 0 0 27 19 2 9 8 14 -999
P10718 2065 5 9 3 24 0 0 0 0 5 5 4 2 0 0 0 0 6 22 2 3 6 4 0 0 0 0 0 0 0 0 0 6
P10718 2065 6 10 19 20 28 17 11 13 6 8 0 37 125 17 9 0 0 0 0 25 0 0 0 0 0 0 0 0 0 0 0 -999
P10718 2065 7 0 0 0 0 0 0 0 0 0 0 0 0 0 0 0 0 0 0 0 0 0 0 0 0 0 0 0 0 0 0 0
P10718 2065 8 0 0 0 0 0 0 0 0 0 0 0 0 0 0 0 0 0 0 0 0 0 0 0 0 0 0 0 0 0 0 0
P10718 2065 9 0 0 0 0 0 0 0 0 0 0 0 0 0 0 0 0 0 0 0 0 0 75 133 212 73 50 31 8 0 0 -999
P10718 2065 10 0 0 0 0 0 0 0 0 0 0 0 0 0 0 0 12 36 70 130 6 10 6 18 0 0 0 0 0 0 0 0
P10718 2065 11 10 0 0 10 69 28 26 62 5 2 0 9 21 14 15 10 0 0 0 0 0 0 0 0 9 3 0 0 1 0 -999
P10718 2065 12 0 0 3 0 6 6 0 0 3 22 58 97 31 4 3 3 3 6 13 18 36 21 105 100 54 60 15 26 13 8 13
P10718 2066 1 2 1 6 11 46 0 3 8 7 0 7 8 7 9 11 14 28 5 0 0 0 0 0 0 0 0 2 0 0 0 0
P10718 2066 2 0 0 0 0 0 9 19 12 14 0 0 0 0 0 0 5 0 0 0 6 0 0 0 21 18 100 6 18 -999 -999 -999
P10718 2066 3 104 75 58 67 65 110 37 43 57 20 40 60 22 0 55 42 11 4 0 0 21 8 7 7 4 2 0 51 14 33 105
P10718 2066 4 48 22 11 0 0 0 62 11 0 0 0 0 0 0 0 9 16 17 4 0 0 0 0 0 0 0 0 0 0 0 -999
P10718 2066 5 0 0 0 0 0 7 0 0 0 0 0 0 0 0 0 0 0 0 0 0 0 0 0 0 0 0 0 0 0 0 0
P10718 2066 6 0 0 0 0 0 0 0 0 0 0 0 0 0 0 0 0 0 0 0 0 0 0 0 0 0 0 0 0 0 0 -999
P10718 2066 7 0 0 0 0 0 0 0 0 0 0 0 0 0 0 0 0 0 0 0 0 0 0 0 0 0 0 0 0 0 0 0
P10718 2066 8 0 0 0 0 0 0 0 0 0 0 0 0 0 0 0 0 0 0 0 0 0 0 0 0 0 0 0 0 0 0 0
P10718 2066 9 0 0 0 0 0 0 0 0 0 0 0 0 0 0 0 0 0 0 0 0 0 0 0 0 0 0 0 0 0 0 -999
P10718 2066 10 0 0 0 0 0 4 0 0 0 0 0 12 69 11 61 75 106 41 15 13 0 0 0 0 0 10 27 42 17 24 127
P10718 2066 11 18 19 32 31 24 35 53 56 66 8 0 5 4 6 0 24 36 28 23 114 154 156 20 4 11 45 43 60 210 244 -999
P10718 2066 12 108 127 88 0 0 0 5 8 16 29 14 126 146 204 28 22 150 37 2 2 5 15 16 13 8 50 76 49 15 16 23
P10718 2067 1 23 50 52 47 24 11 22 0 0 7 15 84 112 55 49 28 89 283 74 4 9 35 19 17 13 13 10 7 21 29 29
P10718 2067 2 23 16 8 0 0 1 7 46 79 17 28 118 6 3 0 1 0 7 11 9 6 6 4 5 0 0 0 5 -999 -999 -999
P10718 2067 3 4 3 7 22 4 2 5 10 12 12 15 38 20 16 16 22 52 5 0 0 5 0 0 0 25 19 93 24 3 6 0
P10718 2067 4 0 0 0 0 0 7 0 0 0 2 0 0 0 15 0 8 5 5 5 4 0 0 0 12 22 23 14 21 0 12 -999
P10718 2067 5 0 0 0 0 6 14 19 0 0 0 7 0 7 9 4 0 15 27 49 34 16 12 5 5 0 0 0 0 0 0 0
P10718 2067 6 0 0 0 0 0 0 0 0 0 0 0 0 0 0 0 0 0 0 0 0 0 0 0 0 0 0 0 0 0 0 -999
P10718 2067 7 0 0 0 0 0 0 0 0 0 0 0 0 0 0 0 0 0 0 0 0 0 0 0 0 0 0 0 0 0 0 0
P10718 2067 8 0 0 0 0 0 0 0 0 0 0 0 0 0 0 0 0 0 0 0 0 0 0 0 0 0 0 0 0 0 0 0
P10718 2067 9 0 0 0 0 0 0 0 0 0 0 0 0 0 0 6 0 0 0 0 0 0 0 0 0 0 0 9 7 0 0 -999
P10718 2067 10 0 0 0 0 0 8 20 30 0 7 4 5 0 0 0 0 0 0 0 0 0 0 0 0 0 0 0 0 14 12 38
P10718 2067 11 15 84 164 36 23 64 256 38 143 50 24 67 28 22 41 26 20 79 165 55 0 0 0 9 12 4 1 7 30 11 -999
P10718 2067 12 10 5 4 43 104 113 5 5 94 81 159 148 27 28 8 7 5 0 3 38 15 19 7 0 0 0 0 0 0 0 0
P10718 2068 1 5 0 2 1 0 0 2 6 8 48 38 11 4 2 3 4 7 4 0 5 0 0 0 54 11 42 3 3 111 55 125
P10718 2068 2 29 31 22 7 12 79 20 49 114 35 45 34 0 0 17 11 0 2 6 10 18 5 16 8 7 0 0 0 -999 -999 -999
P10718 2068 3 3 4 7 26 6 0 0 0 0 111 23 19 0 0 0 0 24 16 0 8 7 5 18 23 14 14 3 0 0 6 19
P10718 2068 4 26 26 13 50 56 19 3 0 0 0 0 0 0 0 0 0 0 0 0 0 0 4 6 9 9 10 8 22 3 4 -999
P10718 2068 5 0 0 8 0 0 0 0 3 3 17 26 56 21 7 51 20 9 6 8 12 11 0 0 0 0 0 0 0 0 0 0
P10718 2068 6 0 0 0 0 0 0 0 0 0 0 0 0 0 11 0 0 0 0 0 0 0 0 0 0 0 0 0 0 0 0 -999
P10718 2068 7 0 0 0 0 0 0 0 0 0 0 0 0 0 0 0 0 0 0 0 0 0 0 0 0 0 0 0 0 0 0 0
P10718 2068 8 0 0 0 0 0 0 0 0 0 0 0 0 0 0 0 0 0 0 0 0 0 0 0 0 0 0 0 0 0 0 0
P10718 2068 9 0 0 0 0 0 0 0 0 0 0 0 0 0 0 0 3 3 0 0 0 30 98 112 43 15 6 15 14 0 0 -999
P10718 2068 10 6 0 0 0 0 0 12 36 5 0 0 6 15 30 10 5 0 0 3 14 25 50 119 18 4 5 3 8 38 17 25
P10718 2068 11 7 0 2 0 0 0 0 0 0 0 0 0 0 5 10 58 7 10 9 10 47 62 23 55 18 0 0 0 0 48 -999
P10718 2068 12 13 27 68 36 245 23 15 22 38 31 51 13 41 19 66 129 229 102 43 17 24 11 3 2 3 33 8 4 2 1 0
P10718 2069 1 0 0 0 1 0 10 14 3 7 40 27 13 3 1 0 0 0 0 0 0 0 0 0 0 11 24 40 96 210 57 86
P10718 2069 2 81 68 15 37 155 20 37 79 189 34 13 8 13 18 5 1 0 0 0 0 0 0 6 3 4 2 3 13 -999 -999 -999
P10718 2069 3 126 61 9 9 31 0 0 0 34 25 14 5 0 0 0 0 0 0 0 5 10 7 7 27 5 8 26 42 73 6 6
P10718 2069 4 20 0 0 0 0 0 37 23 12 24 154 66 12 48 91 70 41 100 146 77 10 14 13 21 8 0 11 31 40 37 -999
P10718 2069 5 93 47 10 22 26 91 70 52 19 21 5 4 0 0 0 12 7 0 15 27 4 3 4 8 15 0 0 5 4 5 6
P10718 2069 6 12 5 11 0 0 0 0 0 0 0 0 0 0 0 0 0 0 0 0 0 0 7 0 0 0 0 0 0 0 0 -999
P10718 2069 7 0 15 4 0 0 0 0 0 0 0 0 0 0 0 0 0 0 0 0 0 0 0 0 0 0 0 0 0 0 0 0
P10718 2069 8 0 0 0 0 0 0 0 0 0 0 0 0 0 0 0 0 0 0 0 0 0 0 0 0 0 0 0 0 0 0 0
P10718 2069 9 0 0 0 0 0 0 0 0 42 11 7 0 0 0 0 0 0 0 0 0 0 0 0 0 4 6 26 21 125 113 -999
P10718 2069 10 113 89 92 17 0 0 0 0 0 0 0 0 0 0 15 22 9 1 1 7 17 21 48 15 10 3 1 0 0 0 33
P10718 2069 11 29 79 108 56 7 0 0 7 42 42 42 35 42 71 12 3 0 0 0 0 12 12 33 122 9 85 31 174 69 6 -999
P10718 2069 12 3 67 140 31 14 10 13 14 4 5 0 0 16 0 0 0 0 0 0 0 0 8 113 55 9 11 20 0 18 5 0
P10718 2070 1 21 40 41 47 96 56 10 11 137 22 14 5 4 8 0 3 15 9 45 123 96 34 89 37 108 33 197 13 25 164 71
P10718 2070 2 35 151 183 18 9 9 14 8 17 137 70 29 0 0 0 0 25 3 4 6 8 19 167 72 125 28 148 16 -999 -999 -999
P10718 2070 3 24 0 0 0 8 0 0 0 45 94 57 29 9 3 2 2 11 75 122 12 105 173 29 21 78 0 0 0 0 0 0
P10718 2070 4 65 23 13 4 73 57 33 91 29 32 40 32 7 11 25 47 12 2 3 0 0 10 14 9 9 3 5 6 2 0 -999
P10718 2070 5 5 5 11 25 57 12 20 14 8 30 9 63 49 65 20 12 13 13 18 0 0 0 0 0 0 0 0 0 0 0 0
P10718 2070 6 0 0 13 11 9 0 0 0 0 0 0 0 0 0 0 0 0 0 0 0 0 0 0 0 0 0 0 0 0 0 -999
P10718 2070 7 0 0 0 0 0 0 0 0 0 0 0 0 0 0 0 0 0 0 0 0 0 0 0 0 0 0 0 0 0 0 0
P10718 2070 8 0 0 0 0 0 0 0 0 0 0 0 0 0 0 0 0 0 0 0 0 0 0 0 0 0 0 0 0 0 0 0
P10718 2070 9 0 0 0 0 0 0 0 0 0 0 0 0 0 0 0 0 0 0 0 0 20 0 0 0 0 0 0 24 19 17 -999
P10718 2070 10 0 0 0 0 0 0 15 7 4 5 34 33 20 13 8 0 0 5 50 203 137 128 36 3 0 0 0 8 11 21 9
P10718 2070 11 0 0 65 61 6 22 46 72 65 18 73 217 75 18 6 34 66 3 27 48 43 135 110 51 11 0 0 0 0 0 -999
P10718 2070 12 0 5 11 0 0 0 0 0 2 6 6 4 0 0 1 1 0 2 2 3 7 71 36 22 37 6 39 30 63 26 7
P10718 2071 1 4 18 13 17 5 1 1 3 8 23 28 65 92 50 103 47 94 84 56 30 18 15 158 142 39 8 14 18 12 48 61
P10718 2071 2 46 15 7 16 85 78 49 23 13 0 0 3 5 0 0 2 2 6 25 39 74 17 7 7 30 107 102 6 -999 -999 -999
P10718 2071 3 3 2 0 0 8 14 15 9 13 20 15 4 0 0 0 0 0 3 11 7 0 0 0 0 0 0 0 0 31 5 0
P10718 2071 4 0 0 0 0 0 0 0 0 0 0 0 0 0 0 0 0 0 0 0 9 23 12 0 0 0 0 0 0 0 2 -999
P10718 2071 5 0 0 0 0 0 0 0 0 0 0 0 0 0 0 17 20 14 10 0 0 0 0 0 0 0 0 0 0 0 0 0
P10718 2071 6 0 0 0 0 0 0 0 10 5 1 0 0 0 0 0 0 0 0 0 0 0 0 0 0 0 0 0 0 0 0 -999
P10718 2071 7 0 0 0 0 0 0 0 0 0 0 0 0 0 0 0 0 0 0 0 0 0 0 0 0 0 0 0 0 0 0 0
P10718 2071 8 0 0 0 0 0 0 0 0 0 0 0 0 0 0 0 0 0 0 0 0 0 0 0 0 0 0 0 0 0 0 0
P10718 2071 9 0 0 0 0 0 0 0 0 0 0 0 0 0 0 0 0 0 0 0 0 0 0 0 0 0 0 0 0 0 0 -999
P10718 2071 10 0 0 0 0 0 0 0 8 5 5 4 3 4 0 0 0 0 0 0 3 0 0 0 0 20 6 0 0 0 0 6
P10718 2071 11 54 19 15 6 10 21 45 105 21 9 9 24 7 5 7 36 3 5 0 0 0 0 0 0 0 13 19 0 0 0 -999
P10718 2071 12 2 6 9 5 22 62 18 0 1 0 0 2 0 0 0 1 0 0 1 0 1 1 0 0 0 0 0 0 0 0 2
P10718 2072 1 2 4 1 1 2 10 2 1 5 15 14 4 1 14 66 5 1 0 0 5 28 196 47 3 0 0 4 35 51 15 56
P10718 2072 2 3 4 7 40 113 22 27 64 32 181 34 215 105 128 92 188 137 54 98 60 57 264 165 30 10 20 54 2 -999 -999 -999
P10718 2072 3 0 0 0 18 19 14 96 29 3 9 11 55 0 10 2 0 0 8 42 0 0 6 9 3 0 0 0 0 0 2 2
P10718 2072 4 0 0 0 0 0 88 67 27 17 9 70 11 3 0 0 21 8 0 0 0 0 0 0 13 5 0 0 0 0 0 -999
P10718 2072 5 0 0 0 13 0 0 0 6 13 0 0 0 0 0 0 0 0 0 0 0 0 0 0 4 0 0 0 0 0 0 0
P10718 2072 6 0 0 0 8 0 0 0 0 0 0 0 0 0 0 0 0 0 0 0 0 0 0 0 0 0 0 0 0 0 0 -999
P10718 2072 7 0 0 0 0 0 0 0 0 0 0 0 0 0 0 0 0 0 0 0 0 0 0 0 0 0 0 0 0 0 0 0
P10718 2072 8 0 0 0 0 0 0 0 0 0 0 0 0 0 0 0 0 0 0 0 0 0 0 0 0 0 0 0 0 0 0 0
P10718 2072 9 0 0 0 0 0 0 0 0 0 0 0 0 0 0 0 0 0 0 0 0 0 0 0 0 0 0 0 0 0 10 -999
P10718 2072 10 36 15 8 17 0 0 11 0 0 0 0 0 0 0 0 0 0 33 17 19 13 31 12 45 38 102 33 9 0 65 141
P10718 2072 11 19 18 0 20 116 127 33 115 130 75 50 13 3 0 0 0 0 0 0 0 0 14 60 123 12 93 93 5 2 4 -999
P10718 2072 12 1 1 0 3 10 65 77 29 7 16 8 2 0 0 0 0 0 0 0 0 7 6 5 0 0 6 4 0 0 0 0
P10718 2073 1 0 0 0 0 8 14 0 0 0 0 0 0 0 0 0 0 0 0 3 2 2 0 0 0 0 5 3 0 0 0 0
P10718 2073 2 0 0 6 12 6 5 16 16 65 113 49 15 16 68 25 10 39 5 3 1 6 4 12 6 0 0 0 0 -999 -999 -999
P10718 2073 3 0 0 0 0 0 0 0 23 10 10 4 3 4 7 9 14 16 20 33 22 12 9 2 3 3 0 9 46 22 7 6
P10718 2073 4 0 0 0 0 0 0 0 0 0 0 0 0 0 0 0 29 13 0 0 0 6 7 0 12 0 0 3 10 3 0 -999
P10718 2073 5 11 0 0 0 0 0 0 0 0 0 0 0 0 7 0 14 19 13 26 8 1 7 52 74 4 3 9 4 0 0 0
P10718 2073 6 0 0 0 0 0 0 0 0 0 0 0 0 0 0 0 0 0 0 0 0 0 0 0 0 0 0 0 0 0 0 -999
P10718 2073 7 0 0 0 0 0 0 0 0 0 0 0 0 0 0 0 0 0 0 0 0 0 0 0 0 0 0 0 0 0 0 0
P10718 2073 8 0 0 0 0 0 0 0 0 0 0 0 0 0 0 0 0 0 0 0 0 0 0 0 0 0 0 0 0 0 0 0
P10718 2073 9 0 0 0 18 0 7 0 0 0 0 6 13 0 0 0 0 0 0 0 0 11 7 12 0 0 0 0 0 0 0 -999
P10718 2073 10 0 0 0 0 0 0 24 17 3 82 64 0 0 0 0 0 0 22 72 9 0 0 0 0 0 0 18 24 4 6 0
P10718 2073 11 12 8 0 3 7 15 163 36 129 163 22 7 2 0 2 0 0 0 0 0 3 16 0 7 4 8 20 10 12 31 -999
P10718 2073 12 35 53 13 23 13 50 6 5 0 0 0 0 0 0 0 1 3 2 8 57 71 87 7 13 70 5 14 2 0 1 0
P10718 2074 1 0 4 1 1 0 0 0 0 3 6 3 4 4 4 3 0 3 41 45 18 0 0 0 0 6 0 7 5 0 0 0
P10718 2074 2 2 0 0 0 0 0 15 22 67 5 6 8 12 9 6 0 0 0 0 0 5 12 13 5 9 12 0 0 -999 -999 -999
P10718 2074 3 0 23 0 0 0 0 0 0 0 0 0 9 0 0 14 0 0 0 5 0 12 2 0 0 0 0 5 4 4 0 0
P10718 2074 4 0 0 0 0 0 0 0 0 0 0 0 0 0 0 0 0 0 0 0 0 0 0 0 0 16 32 13 7 3 0 -999
P10718 2074 5 0 0 0 0 0 8 11 7 9 14 14 10 5 0 0 0 5 12 48 64 32 41 34 7 0 0 0 0 0 0 0
P10718 2074 6 0 0 0 0 0 0 0 0 0 0 0 0 0 0 0 0 0 0 13 7 0 0 0 0 0 0 0 0 0 0 -999
P10718 2074 7 0 0 0 0 0 0 0 0 0 0 0 0 0 0 0 0 0 0 0 0 0 0 0 0 0 0 0 0 0 0 0
P10718 2074 8 0 0 0 0 0 0 0 0 0 0 0 0 0 0 0 0 0 0 0 0 0 0 0 0 0 0 0 0 0 0 0
P10718 2074 9 0 0 0 0 0 0 0 0 0 0 0 0 0 0 0 0 0 13 10 6 11 32 20 9 7 3 3 10 0 0 -999
P10718 2074 10 0 0 14 7 0 2 0 20 15 9 4 3 0 0 0 0 0 8 6 4 3 0 0 3 3 0 0 11 62 8 7
P10718 2074 11 8 15 19 0 0 5 0 17 58 120 0 0 14 0 0 12 18 8 0 0 0 0 111 151 136 0 0 12 8 1 -999
P10718 2074 12 0 0 0 24 0 0 0 8 7 9 13 15 57 245 200 328 92 22 72 44 149 69 4 1 0 0 57 57 117 31 47
P10718 2075 1 43 36 45 39 27 21 6 5 5 2 16 33 98 4 3 5 0 0 0 0 0 0 1 2 3 0 12 9 6 29 17
P10718 2075 2 93 16 12 7 83 34 28 15 12 11 68 93 43 60 0 19 0 0 13 23 41 21 5 4 0 1 0 0 -999 -999 -999
P10718 2075 3 2 0 0 14 0 60 16 0 0 63 47 48 40 34 3 4 11 48 138 46 25 30 90 61 28 25 86 63 76 66 196
P10718 2075 4 18 3 31 0 0 0 11 13 0 0 0 0 0 0 0 0 8 12 17 7 14 14 0 0 0 0 0 0 0 23 -999
P10718 2075 5 31 58 31 104 60 63 24 9 0 0 0 9 13 12 10 16 51 13 11 9 6 4 4 5 3 0 0 0 0 0 0
P10718 2075 6 0 0 0 0 0 0 0 0 0 0 0 8 0 0 0 0 0 0 0 0 0 0 0 0 0 0 0 0 0 0 -999
P10718 2075 7 0 0 0 0 0 0 0 0 0 0 0 0 0 0 0 0 0 0 0 0 0 0 0 0 0 0 0 0 0 0 0
P10718 2075 8 0 0 0 0 0 0 0 0 0 0 0 0 0 0 0 0 0 0 0 0 0 0 0 0 0 0 0 0 0 0 0
P10718 2075 9 0 0 0 0 0 0 0 0 0 0 0 0 0 0 12 0 0 0 0 0 0 0 0 0 0 0 23 25 19 15 -999
P10718 2075 10 0 6 10 10 15 7 6 41 11 4 4 0 0 0 6 0 0 0 25 14 7 6 3 5 14 5 25 29 13 0 0
P10718 2075 11 15 28 31 51 9 2 117 14 95 19 30 116 55 38 7 53 117 19 15 24 28 10 7 17 12 25 67 6 13 9 -999
P10718 2075 12 0 9 2 13 18 60 111 17 95 3 13 22 53 23 7 5 2 1 0 0 1 6 2 1 0 14 1 3 6 2 0
P10718 2076 1 0 0 0 0 0 0 0 0 4 8 7 8 6 20 5 4 2 5 8 2 0 1 0 0 2 3 21 5 0 3 3
P10718 2076 2 6 27 7 4 0 5 0 30 69 1 2 1 2 3 0 0 0 0 12 10 13 1 0 0 3 3 2 1 -999 -999 -999
P10718 2076 3 2 3 1 0 17 10 3 0 20 86 5 0 0 14 18 21 62 34 5 3 9 3 0 0 0 0 0 0 0 0 0
P10718 2076 4 0 0 0 43 0 0 0 0 0 0 0 28 3 0 9 0 0 0 0 0 0 56 23 30 10 0 16 0 0 0 -999
P10718 2076 5 15 6 23 4 0 0 0 0 0 0 0 0 0 0 0 0 13 16 17 30 42 15 13 0 0 0 6 16 9 13 4
P10718 2076 6 14 0 0 0 0 0 8 4 0 0 0 0 0 0 0 0 0 0 0 0 0 0 0 0 0 0 0 0 0 0 -999
P10718 2076 7 0 0 0 0 18 8 0 0 0 0 0 0 0 0 0 0 0 0 0 0 0 0 0 0 0 0 0 0 0 0 0
P10718 2076 8 0 0 0 0 0 0 0 0 0 0 0 0 0 0 0 0 0 0 0 0 0 0 0 0 0 0 0 0 0 0 0
P10718 2076 9 0 0 0 0 8 0 0 0 0 0 0 0 0 0 0 0 0 0 0 0 0 0 13 0 0 0 29 44 9 15 -999
P10718 2076 10 8 13 21 0 0 0 0 0 0 0 20 104 43 145 70 12 19 87 5 6 15 9 29 22 11 6 0 0 0 0 0
P10718 2076 11 0 2 4 8 0 3 7 24 52 74 49 100 5 2 1 0 0 0 5 4 0 0 0 20 16 7 0 0 0 0 -999
P10718 2076 12 0 0 0 0 0 0 2 15 10 0 0 2 1 3 8 4 2 0 0 0 0 0 1 0 0 4 8 8 13 21 2
P10718 2077 1 0 0 0 0 3 8 3 3 0 0 4 23 96 172 52 21 2 4 0 0 0 18 129 28 120 75 33 31 9 6 16
P10718 2077 2 9 5 10 31 59 21 2 0 0 0 0 0 27 0 26 28 58 3 0 0 3 0 3 0 0 0 0 0 -999 -999 -999
P10718 2077 3 0 0 17 0 8 40 28 36 91 75 29 43 97 23 8 19 0 74 49 5 0 0 0 0 0 15 6 14 10 1 0
P10718 2077 4 0 0 0 0 0 0 7 25 66 13 17 2 2 2 0 0 0 0 0 0 0 0 0 0 0 0 0 0 0 0 -999
P10718 2077 5 0 0 0 0 0 0 0 0 4 0 0 0 0 0 0 0 0 0 4 0 0 0 0 47 108 108 74 30 0 0 0
P10718 2077 6 0 0 0 0 0 9 0 0 0 5 3 2 4 10 0 0 0 0 0 0 0 0 0 0 0 0 0 0 0 0 -999
P10718 2077 7 0 0 0 0 0 0 0 0 0 0 0 0 0 0 0 0 0 0 0 0 0 0 0 0 0 0 0 0 0 0 0
P10718 2077 8 0 0 0 0 0 0 0 0 0 0 0 0 0 0 0 0 0 0 0 0 0 0 0 0 0 0 0 0 0 0 0
P10718 2077 9 0 0 0 0 0 0 0 0 0 0 0 0 0 0 0 0 0 0 0 0 0 0 0 0 0 0 5 15 0 0 -999
P10718 2077 10 1 0 2 0 0 0 0 0 0 0 0 0 6 7 14 10 8 17 24 30 47 80 14 7 4 3 11 19 3 0 0
P10718 2077 11 0 8 37 59 59 32 77 33 11 8 6 77 177 219 102 126 109 121 6 22 54 179 178 44 0 0 0 14 0 0 -999
P10718 2077 12 0 0 0 5 6 6 5 23 25 118 200 94 126 214 61 23 159 217 187 73 107 75 143 190 246 170 278 72 66 27 19
P10718 2078 1 12 63 74 50 36 169 17 126 32 76 19 0 0 0 0 0 0 1 2 3 3 82 18 4 1 1 1 0 0 2 4
P10718 2078 2 5 17 11 18 18 99 54 6 6 11 45 7 10 18 12 2 14 15 0 0 4 0 5 8 3 3 0 0 -999 -999 -999
P10718 2078 3 0 0 0 0 0 18 8 10 3 0 67 18 38 142 18 5 0 14 0 0 3 10 21 31 5 7 42 40 55 54 7
P10718 2078 4 43 108 10 103 156 61 13 4 15 3 0 0 0 10 0 0 0 73 33 8 2 0 0 0 0 0 0 15 20 6 -999
P10718 2078 5 10 4 7 40 15 18 24 4 0 13 26 61 40 9 30 49 11 4 0 0 0 0 0 0 0 0 0 0 0 0 0
P10718 2078 6 0 0 0 8 0 0 0 0 0 0 0 0 0 0 0 0 0 0 0 0 0 0 0 0 0 0 0 0 0 0 -999
P10718 2078 7 0 0 0 0 0 0 0 0 0 0 0 0 0 0 0 0 0 0 0 0 0 0 0 0 0 0 0 0 0 0 0
P10718 2078 8 0 0 0 0 0 0 0 0 0 0 0 0 0 0 0 0 0 0 0 0 0 0 0 0 0 0 0 0 0 0 0
P10718 2078 9 0 0 0 31 16 5 0 0 0 0 0 0 0 0 0 0 0 0 0 0 0 0 0 0 0 0 0 0 0 0 -999
P10718 2078 10 0 15 14 0 0 0 0 0 0 0 0 0 0 0 0 0 0 0 0 0 3 0 0 0 0 0 0 0 0 0 0
P10718 2078 11 0 0 0 84 8 4 0 4 0 4 2 2 0 0 0 0 4 0 4 8 0 0 9 0 0 0 18 62 7 34 -999
P10718 2078 12 5 5 0 0 0 0 8 22 3 4 10 2 0 1 4 12 3 1 0 1 1 1 0 0 17 16 23 46 38 110 177
P10718 2079 1 5 8 7 30 1 2 0 8 7 3 10 1 6 4 2 2 0 0 0 0 0 0 0 4 0 0 43 17 0 0 0
P10718 2079 2 0 18 0 12 80 10 4 72 42 3 4 0 0 0 0 0 5 17 79 77 63 22 45 60 105 118 84 17 -999 -999 -999
P10718 2079 3 27 29 8 39 27 9 4 9 0 0 12 20 0 0 0 2 0 0 0 32 55 10 22 4 0 0 0 0 0 7 0
P10718 2079 4 105 47 14 3 0 10 19 13 9 0 0 0 0 0 0 0 0 0 0 0 0 0 0 0 0 0 0 0 0 12 -999
P10718 2079 5 14 7 9 0 0 0 0 0 0 0 0 0 0 0 0 0 6 0 0 0 0 0 0 0 0 0 0 0 9 15 0
P10718 2079 6 0 0 0 0 0 0 0 0 0 9 0 0 0 0 0 0 0 0 0 0 0 0 0 0 0 0 0 0 0 0 -999
P10718 2079 7 0 0 0 0 0 0 0 0 0 0 0 0 0 0 0 0 0 0 0 0 0 0 0 0 0 0 12 9 0 0 0
P10718 2079 8 0 0 0 0 0 0 0 0 0 0 0 0 0 0 0 0 0 0 0 0 0 0 0 0 0 0 0 0 0 0 0
P10718 2079 9 0 0 0 0 0 0 0 0 0 19 27 0 0 0 0 0 0 0 0 0 7 0 0 0 0 0 0 0 12 18 -999
P10718 2079 10 0 0 0 0 0 0 0 0 0 0 0 0 0 0 0 0 0 0 31 68 30 74 23 36 46 20 23 7 8 5 0
P10718 2079 11 0 69 44 9 43 9 3 0 0 0 6 4 3 0 0 0 0 0 0 0 13 0 45 10 15 164 58 33 67 79 -999
P10718 2079 12 2 0 1 2 34 38 82 174 119 79 24 2 4 8 124 83 199 126 197 45 17 15 13 3 0 3 0 0 5 2 0
P10718 2080 1 0 0 0 9 9 0 0 5 0 4 0 5 1 2 1 0 0 1 7 13 16 16 32 12 14 13 9 6 17 14 4
P10718 2080 2 6 4 0 7 2 1 1 0 8 7 33 106 16 9 2 3 6 0 0 0 6 6 7 3 0 0 0 0 -999 -999 -999
P10718 2080 3 0 0 0 0 0 0 0 0 5 2 0 0 0 0 3 3 0 0 4 0 0 0 10 0 0 0 0 0 0 0 0
P10718 2080 4 57 13 44 16 61 166 40 49 82 15 3 0 0 0 7 37 39 54 96 26 12 6 0 8 28 0 0 0 0 0 -999
P10718 2080 5 16 10 5 2 0 0 0 0 0 0 0 0 0 0 0 0 0 15 0 17 7 0 0 0 0 0 0 0 0 0 12
P10718 2080 6 0 0 0 0 0 0 0 0 0 0 0 0 0 0 0 0 0 0 0 0 0 0 0 0 0 0 0 0 0 0 -999
P10718 2080 7 0 0 0 0 0 0 0 0 0 0 0 0 0 0 0 0 0 0 0 0 0 0 0 0 0 0 0 0 0 0 0
P10718 2080 8 0 0 0 0 0 0 0 0 0 0 0 0 0 0 0 0 0 0 0 0 0 0 11 6 57 11 6 0 0 0 0
P10718 2080 9 0 0 0 0 0 0 0 0 0 0 0 21 44 35 0 9 0 0 0 0 0 0 31 70 50 12 0 0 0 0 -999
P10718 2080 10 0 0 0 0 0 0 0 0 0 0 0 31 7 4 6 0 0 0 0 0 0 17 18 44 70 44 5 2 0 0 0
P10718 2080 11 0 0 0 12 38 4 2 2 4 14 7 3 0 0 3 37 26 5 3 7 23 8 4 5 5 17 31 74 8 0 -999
P10718 2080 12 2 0 0 0 2 4 10 34 24 170 17 4 13 88 21 8 5 0 0 0 0 13 41 152 29 0 6 7 2 14 0
P10718 2081 1 1 0 0 0 0 0 0 0 0 0 0 0 0 0 1 2 6 29 55 245 142 229 46 7 16 14 11 0 0 5 0
P10718 2081 2 5 31 111 25 6 5 7 5 7 1 2 0 0 0 0 0 13 66 9 28 70 172 37 19 15 17 36 8 -999 -999 -999
P10718 2081 3 2 0 0 0 7 0 0 0 7 21 35 89 145 156 93 23 185 23 131 82 60 54 121 18 83 107 184 114 13 58 68
P10718 2081 4 19 8 11 34 5 3 2 0 1 0 0 3 2 0 0 0 11 11 2 0 0 0 5 0 0 0 0 11 0 0 -999
P10718 2081 5 4 0 0 0 0 5 9 4 0 2 6 3 0 0 0 0 0 0 0 0 0 0 10 0 10 9 10 14 12 6 0
P10718 2081 6 0 0 0 0 0 0 0 0 9 55 20 7 5 0 0 0 0 0 0 0 0 0 0 0 0 0 0 0 0 0 -999
P10718 2081 7 0 0 0 0 0 0 0 0 0 0 0 0 0 0 0 0 0 0 0 0 0 0 0 0 0 0 0 0 0 0 0
P10718 2081 8 0 0 0 0 0 0 0 0 0 0 0 0 0 0 0 0 0 0 0 0 0 0 0 0 0 0 0 0 0 0 0
P10718 2081 9 0 0 0 0 0 0 0 0 0 0 0 0 0 0 0 0 0 0 0 0 12 14 0 0 0 0 0 0 0 0 -999
P10718 2081 10 0 0 25 0 0 0 0 0 0 27 93 15 23 15 101 36 22 16 12 46 22 2 0 0 0 5 5 8 0 0 20
P10718 2081 11 0 0 37 122 22 26 11 0 0 44 53 21 20 43 109 102 27 51 109 236 35 119 145 9 4 0 0 0 75 83 -999
P10718 2081 12 77 48 34 54 74 32 120 196 9 5 0 0 0 5 0 0 1 3 5 26 106 40 135 23 67 104 10 92 15 3 2
P10718 2082 1 0 0 0 0 0 2 14 8 4 1 0 0 0 12 68 114 15 9 11 7 3 4 3 6 6 12 59 31 123 13 0
P10718 2082 2 0 2 6 22 9 6 9 3 2 0 14 2 1 0 0 0 0 0 0 0 0 0 0 0 0 0 2 0 -999 -999 -999
P10718 2082 3 1 6 5 2 0 0 0 0 0 7 7 2 2 3 1 6 35 26 56 41 0 45 23 17 4 5 5 0 5 6 7
P10718 2082 4 0 0 0 0 14 56 135 41 85 147 60 46 74 0 15 27 29 0 56 28 11 0 0 0 0 0 0 9 9 0 -999
P10718 2082 5 0 0 0 0 0 0 0 0 0 0 0 0 0 0 0 0 0 0 0 0 0 0 0 0 0 0 0 0 0 0 0
P10718 2082 6 0 9 10 0 0 18 39 46 14 6 0 0 0 0 0 0 15 17 25 8 14 0 0 0 0 0 0 0 0 0 -999
P10718 2082 7 0 0 0 0 0 0 0 0 0 0 0 0 0 0 0 0 0 0 0 0 0 0 0 0 0 0 0 0 0 0 0
P10718 2082 8 0 12 0 0 0 0 0 0 0 0 0 0 0 0 0 0 0 0 0 0 0 0 0 0 0 0 0 0 0 0 0
P10718 2082 9 0 0 0 0 0 0 0 0 0 0 0 0 0 0 0 0 0 0 0 0 0 0 0 0 0 0 0 0 0 0 -999
P10718 2082 10 0 0 0 0 0 0 0 0 0 0 0 0 0 8 0 0 21 58 14 200 115 3 6 45 10 15 0 0 0 0 0
P10718 2082 11 0 0 0 0 0 0 0 0 6 25 45 49 21 23 26 165 29 13 13 49 21 89 48 20 5 3 12 63 107 10 -999
P10718 2082 12 2 19 11 1 0 0 0 0 0 0 0 0 0 0 0 0 0 0 0 0 0 0 0 3 1 0 0 0 3 7 2
P10718 2083 1 0 6 3 2 2 21 48 108 40 30 5 4 31 165 52 0 97 15 12 26 9 0 11 22 94 47 127 47 0 83 24
P10718 2083 2 42 69 113 13 23 4 6 50 104 64 184 40 156 15 42 77 243 43 34 15 42 93 45 56 12 0 172 152 -999 -999 -999
P10718 2083 3 207 0 0 0 0 0 23 18 2 15 31 0 0 7 13 0 0 0 3 6 2 4 1 0 4 11 0 5 19 52 23
P10718 2083 4 47 23 15 19 6 0 4 7 0 27 20 28 30 18 0 14 7 30 42 13 11 10 2 0 0 0 0 0 0 0 -999
P10718 2083 5 0 0 12 0 0 0 0 0 0 0 0 0 0 0 0 0 0 0 8 10 10 0 0 0 0 0 0 0 0 0 0
P10718 2083 6 0 0 0 0 0 0 0 0 0 0 0 0 0 0 0 0 0 0 0 0 0 0 0 0 0 0 6 7 0 0 -999
P10718 2083 7 0 0 0 0 0 0 0 0 0 0 0 0 0 0 0 0 0 0 0 0 0 0 0 0 0 0 0 0 0 0 0
P10718 2083 8 9 19 0 0 0 0 0 0 0 0 0 0 0 0 0 0 0 0 0 0 0 0 0 0 0 0 0 0 0 0 0
P10718 2083 9 0 0 0 0 0 0 0 0 0 0 0 0 0 0 0 0 0 0 0 0 0 0 0 12 13 0 0 0 0 22 -999
P10718 2083 10 23 17 0 0 6 0 0 0 0 0 0 0 0 8 0 0 0 0 0 0 0 0 0 0 0 9 10 0 0 0 0
P10718 2083 11 0 0 0 0 0 21 52 24 45 56 4 20 45 22 8 31 34 92 32 60 22 10 23 75 3 9 10 14 3 0 -999
P10718 2083 12 0 4 0 0 0 7 14 6 0 0 23 12 0 0 0 20 44 15 0 0 0 0 3 3 0 1 2 3 0 3 5
P10718 2084 1 9 68 48 7 6 8 20 0 0 0 0 4 7 4 0 4 21 141 118 24 35 99 48 9 1 0 1 0 0 2 1
P10718 2084 2 1 0 15 6 0 0 0 0 0 0 25 61 77 0 7 7 21 8 26 16 4 2 85 43 11 66 16 6 -999 -999 -999
P10718 2084 3 18 22 9 10 23 15 0 0 0 0 22 23 29 36 26 68 45 42 34 67 144 48 26 65 33 0 0 0 40 33 32
P10718 2084 4 32 29 105 113 48 11 57 71 82 67 110 13 5 40 77 39 3 0 0 0 0 0 0 0 0 0 0 15 0 0 -999
P10718 2084 5 0 0 0 4 0 0 9 8 0 0 0 0 0 0 0 0 0 0 0 0 0 0 0 0 0 0 0 0 7 4 8
P10718 2084 6 9 0 0 0 0 0 0 0 0 0 0 0 0 0 0 0 0 0 0 0 0 0 0 0 0 0 0 0 0 0 -999
P10718 2084 7 0 0 0 0 0 0 0 0 0 0 0 0 0 0 0 0 0 0 0 0 0 0 0 0 0 0 0 0 0 0 0
P10718 2084 8 0 0 0 0 0 0 0 0 0 0 0 0 0 0 0 0 0 0 0 0 0 0 0 0 0 0 0 0 0 0 0
P10718 2084 9 0 0 0 0 0 0 0 0 0 0 0 0 0 0 0 0 0 0 0 0 0 0 0 0 5 4 0 0 0 0 -999
P10718 2084 10 0 4 0 0 0 0 0 0 0 0 0 0 0 0 9 13 0 0 0 0 0 0 11 5 3 1 0 0 0 0 0
P10718 2084 11 0 4 0 9 114 23 22 32 159 121 30 205 138 15 0 4 7 14 0 0 0 0 0 0 0 0 0 0 4 7 -999
P10718 2084 12 5 0 4 10 8 8 5 0 3 0 0 0 0 3 3 5 6 4 6 0 0 0 7 5 9 39 4 14 4 0 0
P10718 2085 1 0 0 0 0 0 0 0 0 0 0 0 2 3 8 12 0 0 0 0 0 0 0 4 5 14 9 0 0 0 3 0
P10718 2085 2 0 0 0 6 3 0 0 1 0 1 0 0 0 0 0 26 13 0 0 0 0 0 4 0 0 9 8 0 -999 -999 -999
P10718 2085 3 2 0 0 0 16 0 0 0 0 0 17 24 12 0 6 15 0 82 30 28 163 55 70 36 15 12 31 45 107 189 60
P10718 2085 4 136 99 216 9 63 3 0 0 0 0 0 3 0 0 59 6 0 0 0 8 0 0 0 0 0 14 41 22 21 44 -999
P10718 2085 5 10 0 0 20 3 3 8 0 6 43 18 11 10 5 2 0 2 3 5 6 0 0 4 5 18 4 5 0 5 0 0
P10718 2085 6 0 0 0 0 0 0 0 0 0 0 0 0 0 0 0 0 0 0 0 0 0 0 0 0 0 0 0 0 0 0 -999
P10718 2085 7 0 0 0 0 0 0 0 0 0 0 0 0 0 0 0 0 0 0 0 0 0 0 0 0 0 0 0 0 0 0 0
P10718 2085 8 0 0 0 0 0 0 0 0 0 0 0 0 0 0 0 0 0 0 0 0 0 0 0 0 0 0 0 0 0 0 0
P10718 2085 9 0 0 0 0 0 0 0 0 0 0 0 0 0 0 0 0 0 0 0 0 7 0 0 9 0 0 0 0 5 7 -999
P10718 2085 10 8 0 0 0 0 0 0 14 16 0 0 0 0 0 0 5 0 0 0 0 2 3 10 13 0 0 6 0 0 0 0
P10718 2085 11 9 28 47 33 12 29 13 19 0 0 0 0 0 0 0 4 3 43 104 116 154 155 27 184 151 10 167 15 24 14 -999
P10718 2085 12 123 100 13 7 90 35 8 3 9 65 27 16 10 12 0 0 0 0 4 6 10 31 142 99 17 4 27 12 52 14 97
P10718 2086 1 43 102 40 48 10 0 0 0 0 0 0 0 0 0 0 7 0 0 0 0 0 0 0 3 0 0 0 0 0 1 0
P10718 2086 2 0 0 0 0 3 0 0 0 0 4 3 4 20 18 12 19 14 55 10 13 80 4 1 0 0 2 5 6 -999 -999 -999
P10718 2086 3 0 0 0 0 0 2 1 0 0 5 4 1 4 2 0 0 4 0 13 4 0 9 0 0 0 0 0 0 4 0 22
P10718 2086 4 8 9 0 0 4 3 10 34 9 4 6 0 0 12 55 118 143 103 83 41 21 14 55 47 0 0 16 7 0 0 -999
P10718 2086 5 0 0 0 0 0 6 0 0 0 0 0 0 0 0 0 0 4 7 7 5 4 0 0 6 7 4 0 0 0 0 0
P10718 2086 6 0 0 0 0 0 0 0 0 0 0 0 0 0 0 0 0 0 0 0 0 0 0 0 0 0 0 0 0 0 0 -999
P10718 2086 7 0 0 0 0 0 0 0 0 0 0 0 0 0 0 0 0 0 0 0 0 0 0 0 0 0 0 0 0 0 0 0
P10718 2086 8 0 0 0 0 0 0 0 0 0 0 0 0 0 0 0 0 0 0 0 0 0 0 10 0 0 0 0 0 0 0 0
P10718 2086 9 0 0 0 0 0 0 6 0 0 0 0 27 27 11 0 28 24 18 14 24 13 0 0 27 0 0 0 0 0 0 -999
P10718 2086 10 0 7 0 0 0 0 0 0 0 0 0 18 0 0 3 4 0 0 0 0 0 0 21 35 24 21 32 6 19 26 17
P10718 2086 11 0 0 0 0 0 0 3 6 6 16 15 21 57 20 141 66 125 73 81 84 29 28 15 9 4 6 29 18 65 8 -999
P10718 2086 12 11 33 0 0 98 13 0 0 0 0 0 0 6 4 3 0 0 3 25 30 9 3 0 0 3 3 0 9 11 15 23
P10718 2087 1 24 133 28 19 31 34 18 0 0 4 5 4 13 49 214 18 2 18 81 4 9 6 0 0 0 0 0 0 0 6 1
P10718 2087 2 2 2 7 4 0 0 0 0 0 0 0 0 8 8 2 0 3 0 4 7 0 0 0 0 0 0 0 4 -999 -999 -999
P10718 2087 3 5 4 7 9 3 16 26 6 0 0 0 0 4 68 23 3 35 64 60 6 7 21 0 0 0 0 178 11 8 2 0
P10718 2087 4 0 0 0 23 63 3 0 0 0 0 0 0 0 0 0 0 18 68 15 14 9 14 0 8 0 0 0 0 0 0 -999
P10718 2087 5 0 0 0 0 0 0 0 62 140 89 7 5 0 0 0 0 0 0 0 0 0 0 0 0 0 0 0 17 21 17 5
P10718 2087 6 0 0 0 0 0 0 0 15 9 0 0 0 0 0 0 0 0 0 0 0 0 0 0 0 0 0 0 0 0 0 -999
P10718 2087 7 0 0 0 0 0 0 0 0 0 0 0 0 0 0 0 0 0 0 0 0 0 0 0 0 0 0 0 0 0 0 0
P10718 2087 8 0 0 0 0 0 0 0 0 0 0 0 0 0 0 0 0 0 0 0 0 0 0 0 0 0 0 0 0 0 0 0
P10718 2087 9 0 0 0 0 0 0 0 0 0 11 11 0 0 0 0 0 0 0 5 5 21 15 0 0 0 0 0 0 0 0 -999
P10718 2087 10 4 0 0 0 0 0 0 0 0 0 0 0 0 0 0 0 0 7 11 20 15 105 59 7 5 10 0 0 0 0 0
P10718 2087 11 0 0 0 20 18 13 26 17 18 3 5 30 8 19 78 12 5 15 0 2 11 6 7 4 0 0 0 0 47 20 -999
P10718 2087 12 84 124 0 0 0 0 15 8 0 8 22 90 85 73 72 30 87 167 62 19 134 44 0 0 0 0 0 0 0 0 0
P10718 2088 1 2 0 1 2 5 4 41 163 132 108 139 162 191 158 18 183 81 37 4 1 2 6 25 132 150 164 319 54 113 39 14
P10718 2088 2 46 6 9 32 9 6 2 1 1 4 2 2 0 4 0 0 21 33 23 0 0 5 17 5 0 0 0 6 -999 -999 -999
P10718 2088 3 0 0 0 0 33 39 82 6 2 0 0 0 9 16 14 0 0 0 15 4 0 1 3 10 44 7 17 2 0 0 0
P10718 2088 4 7 0 0 0 0 0 0 0 29 21 17 18 46 7 0 0 0 0 0 0 0 0 0 6 5 0 0 0 0 0 -999
P10718 2088 5 0 0 13 0 24 21 8 0 0 0 28 96 22 5 3 0 0 0 0 0 0 0 0 0 0 0 0 0 0 0 0
P10718 2088 6 0 0 0 0 0 0 0 0 0 0 0 0 0 0 0 0 0 0 0 0 0 0 0 0 0 0 0 0 0 0 -999
P10718 2088 7 0 0 0 0 0 0 0 0 0 0 0 0 0 0 0 0 0 0 0 0 0 0 0 0 0 0 0 0 0 0 0
P10718 2088 8 0 0 0 0 0 0 0 0 0 0 0 0 0 0 0 0 0 0 0 0 0 0 0 0 0 0 4 0 6 0 0
P10718 2088 9 0 0 0 0 0 0 0 0 0 0 6 0 0 0 0 0 0 0 0 0 0 0 0 0 0 0 0 0 0 0 -999
P10718 2088 10 0 0 0 0 0 0 0 0 0 0 28 13 39 2 0 0 0 0 0 0 0 0 0 2 0 0 0 0 0 0 0
P10718 2088 11 0 13 115 78 35 87 25 54 134 31 4 14 12 5 3 0 0 0 2 4 0 0 12 15 13 35 65 11 2 34 -999
P10718 2088 12 53 9 20 71 233 40 8 0 0 1 0 0 0 0 0 0 0 0 0 0 4 3 0 0 5 13 22 2 0 7 3
P10718 2089 1 0 0 1 7 15 22 44 0 0 8 42 39 17 78 56 32 48 11 84 207 28 114 67 8 43 51 31 26 53 89 41
P10718 2089 2 195 9 7 33 107 7 20 32 57 201 42 148 101 127 177 190 124 80 142 85 52 5 0 0 0 21 52 20 -999 -999 -999
P10718 2089 3 3 1 0 0 0 0 0 0 0 0 0 0 0 0 0 4 34 5 3 2 0 0 0 0 0 0 0 0 4 0 0
P10718 2089 4 0 0 0 0 0 0 6 83 79 13 3 0 0 0 12 10 0 0 0 32 0 0 0 0 0 0 0 0 11 0 -999
P10718 2089 5 9 3 0 0 0 0 0 16 12 0 0 0 0 0 0 0 0 0 0 0 0 0 0 0 0 0 0 0 0 0 0
P10718 2089 6 12 9 0 0 0 0 0 0 0 0 0 0 0 0 0 0 0 0 0 0 0 0 0 0 0 0 0 0 0 0 -999
P10718 2089 7 0 0 0 7 0 0 0 0 9 0 0 0 0 0 0 0 0 0 0 0 0 0 0 0 0 0 0 0 0 0 0
P10718 2089 8 0 0 0 0 0 0 0 0 0 0 0 0 0 0 0 0 0 0 0 0 0 0 0 0 0 0 0 0 0 0 0
P10718 2089 9 0 0 0 0 0 0 0 0 0 0 0 0 0 0 8 4 0 0 0 0 0 0 0 0 0 0 0 0 0 0 -999
P10718 2089 10 0 0 0 0 0 0 0 0 0 0 0 10 4 5 5 11 0 0 0 0 0 0 0 5 5 5 3 3 3 0 5
P10718 2089 11 7 0 0 5 0 12 2 1 2 2 13 7 10 28 56 176 87 166 138 88 88 138 213 76 0 14 23 10 90 26 -999
P10718 2089 12 115 119 20 22 5 8 8 16 2 1 0 0 0 0 0 0 2 11 51 83 58 67 44 13 0 0 0 0 6 64 19
P10718 2090 1 8 4 2 0 0 25 2 1 0 0 6 10 0 2 0 0 0 4 4 50 51 103 35 16 4 6 6 2 5 10 8
P10718 2090 2 0 60 23 0 0 0 5 7 17 58 165 174 140 190 150 197 217 47 62 60 103 13 9 29 48 153 86 49 -999 -999 -999
P10718 2090 3 18 5 7 3 9 16 82 136 28 12 29 154 36 6 9 0 0 0 0 0 0 0 0 0 12 2 0 0 0 0 0
P10718 2090 4 0 0 31 69 26 8 0 0 0 0 9 10 16 0 0 0 0 0 0 6 0 23 60 43 9 0 27 35 6 5 -999
P10718 2090 5 0 0 0 0 0 0 0 0 0 0 0 0 0 0 0 39 39 26 10 5 3 2 0 0 0 0 0 0 14 0 0
P10718 2090 6 0 0 0 37 34 52 23 10 7 9 4 0 0 0 0 0 0 0 0 0 0 0 20 34 48 24 7 11 9 0 -999
P10718 2090 7 0 0 0 0 0 0 0 0 0 0 0 0 0 0 0 0 0 0 0 0 0 0 0 0 0 0 0 0 0 0 0
P10718 2090 8 0 0 0 0 0 0 0 0 0 0 0 0 0 0 0 0 0 0 0 0 0 0 0 0 0 0 0 0 0 0 0
P10718 2090 9 0 0 0 0 0 0 0 0 0 0 0 0 0 0 0 0 0 0 0 0 0 0 0 0 0 0 0 0 0 0 -999
P10718 2090 10 19 11 0 0 0 0 0 29 14 30 18 14 9 6 0 0 5 50 14 9 3 0 0 0 0 0 0 0 0 6 12
P10718 2090 11 9 20 7 3 1 0 0 0 0 0 0 0 0 0 0 0 0 0 4 0 0 4 4 0 7 36 43 136 115 319 -999
P10718 2090 12 229 9 84 66 3 1 5 5 51 28 13 9 8 21 11 0 0 0 0 0 0 26 0 43 0 0 0 0 15 12 0
P10718 2091 1 0 0 0 3 1 0 0 0 0 0 0 0 1 0 0 0 0 0 14 2 21 28 59 134 17 207 28 71 9 20 12
P10718 2091 2 31 66 23 84 70 79 39 68 63 26 16 22 71 11 25 22 10 3 2 3 6 42 92 82 77 87 9 0 -999 -999 -999
P10718 2091 3 0 0 0 0 0 0 5 9 5 0 0 0 0 0 0 0 0 0 0 8 8 7 6 17 2 0 0 0 8 0 0
P10718 2091 4 0 24 0 0 0 0 0 0 0 0 0 0 0 0 0 0 0 0 0 0 0 0 0 27 21 7 0 6 11 11 -999
P10718 2091 5 14 9 15 0 21 46 14 3 0 0 5 7 36 35 14 73 38 6 13 0 0 0 0 0 0 0 0 0 0 0 0
P10718 2091 6 0 0 0 0 0 0 0 0 0 0 0 0 0 0 0 0 0 0 0 0 0 0 0 0 0 0 0 0 0 0 -999
P10718 2091 7 0 0 0 0 0 0 0 0 0 0 0 0 0 0 0 0 0 0 0 0 0 0 0 0 0 0 0 0 0 0 0
P10718 2091 8 0 0 0 0 0 0 0 0 0 0 0 0 0 0 0 0 0 0 0 0 0 0 0 0 0 0 0 0 0 0 0
P10718 2091 9 0 0 0 0 0 0 0 0 0 0 0 0 0 0 0 0 0 0 12 14 15 10 6 6 28 50 0 0 0 0 -999
P10718 2091 10 0 0 0 0 0 0 0 0 0 38 6 0 0 0 0 0 0 0 0 0 0 0 26 0 1 0 0 8 24 16 26
P10718 2091 11 27 53 48 18 20 108 111 56 14 47 69 38 39 5 2 2 28 21 7 9 14 5 4 0 4 3 0 12 8 0 -999
P10718 2091 12 0 0 0 2 0 0 0 5 3 2 5 29 125 78 12 26 19 26 38 48 70 22 0 0 0 6 0 0 0 0 0
P10718 2092 1 7 2 2 4 37 45 24 52 10 49 5 101 203 22 23 3 2 2 0 0 0 2 25 3 12 68 3 1 4 1 0
P10718 2092 2 0 3 11 57 151 104 30 13 7 6 0 0 0 0 0 0 0 0 17 7 59 28 13 14 0 0 6 6 -999 -999 -999
P10718 2092 3 5 0 0 0 0 0 0 0 0 0 0 0 0 0 6 57 44 148 21 46 73 10 0 0 0 0 11 0 0 0 0
P10718 2092 4 0 0 0 0 0 1 12 4 34 14 10 6 0 0 0 11 0 0 0 0 30 0 0 0 0 22 0 0 0 0 -999
P10718 2092 5 0 0 0 0 0 0 0 0 0 0 0 0 0 0 0 0 0 0 0 0 0 0 0 0 0 0 0 0 41 0 0
P10718 2092 6 0 0 0 0 0 0 0 0 0 0 0 0 0 0 0 0 0 0 0 0 0 0 0 0 0 0 0 0 0 0 -999
P10718 2092 7 0 0 0 0 0 0 0 0 0 0 0 0 0 0 0 0 0 0 0 0 0 0 0 0 0 0 0 0 0 0 0
P10718 2092 8 0 0 0 0 0 0 0 0 0 0 0 0 0 0 0 0 0 0 0 0 0 0 0 0 0 0 0 0 22 19 0
P10718 2092 9 0 0 0 0 0 0 0 0 0 0 0 0 0 0 0 0 0 0 0 14 21 24 12 0 0 0 0 0 0 0 -999
P10718 2092 10 0 0 7 4 0 0 0 0 0 7 26 0 0 8 6 5 9 8 30 13 0 0 4 0 0 0 0 0 0 0 0
P10718 2092 11 0 0 0 3 13 11 42 24 35 0 16 5 68 7 3 10 11 15 0 0 0 0 2 3 3 4 2 0 0 0 -999
P10718 2092 12 0 0 0 0 0 6 8 10 5 2 0 0 2 2 0 0 0 0 0 0 0 0 0 0 0 31 150 11 3 1 0
P10718 2093 1 0 0 5 8 54 12 17 77 150 93 58 85 49 3 20 5 0 0 0 1 0 0 8 0 0 0 0 6 2 4 13
P10718 2093 2 4 4 6 13 11 38 18 94 224 253 26 3 5 0 0 28 0 0 119 91 0 17 8 0 0 0 0 0 -999 -999 -999
P10718 2093 3 0 5 32 16 2 1 4 49 11 69 55 22 18 11 118 26 7 53 125 146 68 16 24 78 13 5 7 7 33 57 88
P10718 2093 4 9 0 0 0 0 9 4 31 31 30 18 11 0 0 0 0 0 43 41 0 0 0 33 4 0 0 0 0 8 6 -999
P10718 2093 5 0 8 8 20 8 7 4 5 30 71 55 0 8 0 0 0 0 0 0 0 0 0 0 0 0 0 0 0 0 0 0
P10718 2093 6 0 0 0 0 0 0 0 0 0 0 21 27 32 10 7 0 0 0 0 0 0 0 0 0 0 0 0 0 0 0 -999
P10718 2093 7 0 0 0 0 0 0 0 0 0 0 0 0 0 0 0 0 0 0 0 0 0 0 0 0 0 0 0 0 0 0 0
P10718 2093 8 0 0 0 0 0 0 0 0 0 0 0 0 0 0 0 0 0 0 0 0 0 0 0 0 0 0 10 11 8 0 0
P10718 2093 9 0 0 0 0 0 0 0 0 0 0 0 0 0 0 0 0 0 0 0 0 0 0 8 0 0 0 0 0 0 0 -999
P10718 2093 10 0 0 0 0 0 0 0 0 17 19 0 0 0 0 1 4 0 0 0 0 0 9 7 6 0 3 1 0 0 0 5
P10718 2093 11 3 22 46 83 19 14 11 27 34 17 8 47 77 0 0 8 5 12 58 13 0 0 15 94 25 70 28 6 5 5 -999
P10718 2093 12 0 0 20 16 3 9 27 20 17 11 14 22 1 0 0 0 1 0 0 0 0 0 3 0 0 0 5 41 91 12 12
P10718 2094 1 3 0 5 11 56 158 148 42 4 0 0 0 0 0 0 0 3 2 4 2 4 1 3 0 0 1 2 1 0 0 10
P10718 2094 2 4 0 0 0 31 7 14 4 0 0 0 0 1 7 20 10 3 2 10 13 18 2 7 85 18 23 136 43 -999 -999 -999
P10718 2094 3 17 73 36 37 115 224 48 201 196 71 52 23 99 5 6 0 15 0 0 0 0 4 0 0 0 0 0 0 0 0 0
P10718 2094 4 0 0 0 12 14 9 0 7 8 28 6 64 8 3 50 24 6 11 14 6 0 0 14 14 89 15 1 1 0 0 -999
P10718 2094 5 0 2 2 0 0 0 0 0 0 0 0 0 0 0 0 0 0 0 0 0 0 0 0 0 0 0 0 0 0 0 0
P10718 2094 6 0 0 0 0 0 0 24 14 8 4 3 0 22 8 0 0 0 0 0 0 0 0 0 0 0 0 0 0 0 0 -999
P10718 2094 7 0 0 0 0 0 0 0 0 0 0 0 0 0 0 0 0 0 0 0 0 0 0 9 6 0 0 0 0 0 0 0
P10718 2094 8 0 0 0 0 0 0 0 0 0 0 0 0 0 0 0 0 0 0 0 0 0 0 0 0 0 0 0 0 0 0 0
P10718 2094 9 0 0 0 0 0 0 0 0 0 0 0 0 0 0 0 0 0 0 0 0 0 20 10 0 0 0 0 0 0 21 -999
P10718 2094 10 42 93 107 84 28 16 3 0 0 0 0 0 0 0 0 0 0 0 0 12 0 0 0 0 0 0 9 10 8 5 6
P10718 2094 11 5 4 0 0 0 27 74 10 10 4 8 20 72 20 15 11 3 0 0 0 0 0 5 7 10 30 165 112 30 7 -999
P10718 2094 12 0 8 13 25 144 228 150 92 83 86 108 12 4 29 59 11 30 19 9 0 0 3 9 0 11 69 191 47 119 64 38
P10718 2095 1 176 11 102 54 45 40 11 4 11 28 54 44 22 25 41 10 105 123 207 148 140 174 43 122 198 71 137 152 7 46 113
P10718 2095 2 38 9 7 93 19 26 38 4 2 0 0 0 13 30 10 47 21 21 14 0 0 0 8 5 0 0 0 0 -999 -999 -999
P10718 2095 3 0 0 0 0 0 0 0 0 0 0 12 50 14 19 19 17 23 54 47 16 6 3 0 0 0 0 0 0 0 0 0
P10718 2095 4 20 10 4 2 0 62 124 148 22 35 18 11 5 0 0 0 0 0 0 0 0 0 0 0 0 0 0 0 0 0 -999
P10718 2095 5 13 3 0 0 0 0 0 0 0 0 17 11 0 0 0 0 0 0 0 0 0 0 0 0 0 0 0 0 0 0 0
P10718 2095 6 0 0 0 0 0 0 0 0 0 0 0 0 0 0 0 0 0 0 0 0 0 0 0 0 0 0 17 10 0 0 -999
P10718 2095 7 0 0 0 0 0 0 0 0 0 0 0 0 0 0 0 0 0 0 0 0 0 0 0 0 0 0 0 0 0 0 0
P10718 2095 8 0 0 0 0 0 0 0 0 0 0 0 0 0 0 0 0 0 0 0 0 0 0 0 0 0 0 0 0 0 0 0
P10718 2095 9 0 0 0 0 0 0 0 0 0 0 0 0 0 0 0 6 0 0 0 0 0 0 0 0 0 0 0 10 0 0 -999
P10718 2095 10 0 0 0 0 0 0 0 0 5 8 15 3 2 0 0 6 19 3 0 0 0 0 0 0 1 0 1 8 52 13 8
P10718 2095 11 12 28 13 7 2 1 9 138 81 42 229 124 48 19 0 5 0 9 11 4 0 0 0 11 8 16 37 28 26 27 -999
P10718 2095 12 8 0 2 0 0 30 1 0 11 0 0 0 0 0 0 4 2 7 2 2 1 1 1 1 0 0 0 0 0 1 1
P10718 2096 1 1 0 6 28 0 13 22 21 8 17 14 2 2 2 4 2 1 0 0 1 5 0 0 0 0 0 1 1 9 4 0
P10718 2096 2 0 0 0 2 1 1 2 7 14 20 21 7 3 5 6 6 0 0 0 0 0 0 0 19 8 4 0 0 -999 -999 -999
P10718 2096 3 0 21 37 19 0 0 0 5 4 0 0 2 8 11 2 0 0 0 0 0 1 1 2 3 0 0 5 0 5 11 10
P10718 2096 4 0 0 0 0 0 14 17 76 13 8 24 50 34 62 17 6 7 20 48 8 0 5 3 8 4 0 0 9 0 0 -999
P10718 2096 5 0 0 0 0 0 0 0 0 0 0 0 0 0 0 0 0 0 0 0 0 0 0 0 0 9 0 14 0 45 96 108
P10718 2096 6 59 12 26 22 16 0 0 7 8 0 0 19 5 0 0 0 0 0 0 0 19 25 0 0 0 0 0 0 0 0 -999
P10718 2096 7 0 0 0 0 0 0 0 0 0 0 0 0 0 0 0 0 0 0 0 0 0 0 0 0 0 0 0 0 0 0 0
P10718 2096 8 0 0 0 0 0 0 0 0 0 0 0 0 0 0 0 0 0 0 0 0 0 0 0 0 0 0 0 0 0 6 11
P10718 2096 9 15 6 0 0 0 0 0 5 0 7 0 0 0 0 0 0 0 0 0 0 0 0 0 0 0 0 0 0 0 0 -999
P10718 2096 10 0 0 0 0 0 0 0 6 12 51 21 10 5 0 0 11 45 158 111 102 18 13 7 8 9 0 0 10 14 63 30
P10718 2096 11 63 56 36 31 24 15 12 46 109 150 30 8 73 55 243 132 184 46 56 68 24 10 9 5 11 21 15 8 41 2 -999
P10718 2096 12 0 2 3 3 3 4 0 0 0 0 0 0 0 4 10 1 0 1 0 0 2 2 3 22 12 87 55 76 78 99 89
P10718 2097 1 54 22 35 39 11 7 74 126 42 55 16 22 8 0 32 156 31 20 97 25 10 2 6 13 0 13 4 9 24 15 12
P10718 2097 2 26 5 1 1 19 9 5 9 0 19 5 13 2 0 0 0 0 0 0 0 0 0 0 0 0 0 0 0 -999 -999 -999
P10718 2097 3 0 0 0 0 24 10 4 0 0 0 0 0 0 11 11 5 6 0 0 75 38 0 0 16 17 11 5 6 6 6 8
P10718 2097 4 51 0 0 0 0 0 0 0 2 3 0 0 0 0 0 0 0 20 27 16 82 95 23 19 154 109 28 17 10 8 -999
P10718 2097 5 0 0 0 0 0 63 8 0 0 0 0 0 0 4 6 0 0 0 0 0 0 0 0 0 0 0 0 0 0 0 0
P10718 2097 6 0 0 0 0 0 0 0 0 0 0 0 0 0 0 0 0 0 0 0 0 0 0 0 0 0 0 0 0 0 0 -999
P10718 2097 7 0 0 0 0 0 0 0 0 0 0 0 0 0 0 0 0 0 0 0 0 0 0 0 0 0 0 0 0 0 0 0
P10718 2097 8 0 0 0 0 0 0 0 0 0 0 0 0 0 0 0 0 0 0 0 0 0 0 0 0 0 0 0 0 0 0 0
P10718 2097 9 0 0 0 0 0 0 0 0 0 0 0 0 0 0 0 0 0 0 0 11 0 0 0 0 0 0 0 0 0 0 -999
P10718 2097 10 24 40 12 16 22 0 0 0 0 0 0 0 0 0 0 0 28 52 67 79 35 16 49 13 3 4 4 2 11 67 23
P10718 2097 11 14 21 13 73 2 0 0 5 15 41 67 20 146 39 87 7 0 0 0 8 33 135 36 7 0 0 0 0 0 2 -999
P10718 2097 12 0 5 85 119 55 56 44 6 1 0 0 0 0 0 177 32 11 7 3 2 12 23 13 7 8 7 45 18 0 0 0
P10718 2098 1 0 16 9 3 21 26 3 24 3 3 3 0 0 2 1 0 0 0 4 2 10 4 10 2 0 0 0 8 0 0 4
P10718 2098 2 11 28 188 17 110 18 151 77 67 116 21 34 67 11 7 10 6 0 13 42 6 0 0 0 17 15 4 4 -999 -999 -999
P10718 2098 3 6 18 2 3 2 4 6 0 0 0 0 0 0 0 0 0 0 7 33 34 17 6 5 0 0 0 0 0 0 0 0
P10718 2098 4 0 0 0 0 0 0 0 11 11 6 14 13 2 6 0 0 0 0 0 0 19 0 0 0 0 0 12 0 0 0 -999
P10718 2098 5 0 0 0 0 0 0 0 0 0 0 0 0 0 0 0 0 13 10 0 0 0 0 0 0 0 0 0 0 0 0 0
P10718 2098 6 0 0 0 0 0 0 0 0 0 0 0 0 0 31 18 7 0 0 0 0 17 15 23 13 0 0 0 0 0 0 -999
P10718 2098 7 0 0 0 0 0 0 0 0 0 0 0 0 0 0 0 0 0 0 0 0 0 0 0 0 0 0 0 0 0 0 0
P10718 2098 8 0 0 0 0 0 0 0 0 0 0 0 0 0 0 0 0 0 0 0 0 0 0 0 0 0 0 0 0 0 0 0
P10718 2098 9 0 0 0 0 0 0 0 0 0 0 0 0 0 0 0 0 0 32 43 43 0 0 0 12 48 25 25 7 0 0 -999
P10718 2098 10 0 0 11 40 7 1 0 0 0 0 7 0 0 0 11 0 16 32 7 21 21 40 56 7 4 2 4 59 11 87 74
P10718 2098 11 134 44 14 65 19 68 4 26 8 162 27 15 11 0 0 56 75 61 12 8 12 29 26 11 0 0 10 7 77 36 -999
P10718 2098 12 19 107 42 125 136 16 0 0 49 0 0 0 1 0 0 0 1 24 9 7 32 78 55 23 8 4 0 8 1 1 1
P10718 2099 1 0 0 2 0 0 0 0 0 0 0 4 3 0 2 4 7 4 0 1 0 0 0 0 0 3 2 0 0 3 0 0
P10718 2099 2 5 41 43 6 2 1 2 1 1 0 0 0 0 2 0 0 0 7 13 17 3 6 3 4 9 0 21 6 -999 -999 -999
P10718 2099 3 4 3 5 4 19 110 81 138 113 248 159 20 2 0 0 0 0 0 0 0 0 0 17 5 6 2 2 0 0 0 9
P10718 2099 4 5 27 3 6 33 2 2 0 0 0 9 7 16 76 13 11 0 0 0 0 0 13 17 12 11 3 0 0 0 2 -999
P10718 2099 5 0 0 0 0 22 0 21 9 7 0 0 0 0 41 0 0 0 0 0 10 0 0 0 0 0 0 0 0 0 0 0
P10718 2099 6 0 0 0 0 0 0 0 0 0 0 0 0 0 0 0 0 0 11 26 22 20 7 0 0 0 0 0 0 0 0 -999
P10718 2099 7 0 0 0 0 0 0 0 0 0 0 0 0 0 0 0 0 0 0 0 0 4 0 0 0 0 0 0 0 0 0 0
P10718 2099 8 0 0 0 0 0 0 0 0 0 0 0 0 0 0 0 0 0 0 0 0 0 0 0 0 0 0 0 0 34 9 0
P10718 2099 9 0 0 0 0 0 0 0 0 0 9 9 0 0 0 0 0 0 0 0 0 0 0 0 0 0 0 0 0 0 0 -999
P10718 2099 10 0 0 0 0 0 0 0 0 0 0 34 0 0 20 81 0 0 0 0 0 0 0 0 0 0 0 0 0 0 27 113
P10718 2099 11 57 15 7 0 33 22 31 15 19 45 61 82 42 7 71 39 52 169 184 123 106 8 0 0 0 0 0 0 0 13 -999
P10718 2099 12 15 8 8 7 12 14 2 4 10 0 0 0 0 5 0 2 5 6 10 11 38 98 40 6 3 7 16 41 38 46 190
P10718 2100 1 9 0 0 0 2 0 0 0 0 0 0 32 27 12 0 72 7 0 0 0 0 1 3 1 0 4 2 0 0 1 0
P10718 2100 2 0 0 0 0 0 8 1 0 0 0 4 0 0 1 1 0 0 0 11 6 1 0 0 0 0 0 0 0 -999 -999 -999
P10718 2100 3 0 0 0 0 0 22 10 63 0 68 0 0 15 0 0 0 0 0 17 0 0 0 0 0 0 2 0 85 0 0 21
P10718 2100 4 5 0 9 0 0 0 0 0 17 0 9 3 2 0 0 0 47 0 0 0 0 17 21 7 0 0 0 0 0 22 -999
P10718 2100 5 0 0 0 0 19 0 7 0 0 3 11 0 7 0 0 10 11 4 0 0 0 0 13 17 18 6 0 0 0 0 0
P10718 2100 6 0 3 0 0 2 2 2 0 0 0 0 0 0 0 0 0 0 0 0 0 0 0 5 0 0 0 52 0 6 0 -999
P10718 2100 7 3 0 0 0 0 0 0 0 0 0 0 0 0 0 0 0 0 0 0 1 1 2 0 0 0 0 0 0 0 0 0
P10718 2100 8 1 1 0 0 0 0 0 0 0 0 2 0 0 0 0 0 0 0 0 0 0 0 0 0 0 2 0 0 0 0 0
P10718 2100 9 0 0 5 0 7 15 6 0 0 4 0 0 0 0 0 0 2 2 0 2 0 0 0 0 0 0 2 3 3 0 -999
P10718 2100 10 17 0 3 4 5 12 10 5 14 8 7 18 0 0 8 17 0 0 66 0 23 0 29 135 20 0 0 0 64 36 39
P10718 2100 11 12 6 0 0 12 20 10 0 0 0 0 35 26 12 52 0 0 0 0 0 0 0 0 0 0 8 0 0 8 0 -999
P10718 2100 12 0 0 0 0 3 0 0 0 0 6 1 0 0 11 0 98 0 0 17 4 0 22 0 23 0 38 92 39 13 0 -999
