precip bcc-csm1-1 rcp60 RNEURONALES decimas 2
P7629 39.599 -1.196 858 geo 2006 2100 -1
P7629 2006 1 0 0 0 0 0 0 0 0 0 1 1 7 24 13 5 8 0 0 0 0 0 1 1 0 1 5 1 1 1 0 0
P7629 2006 2 0 0 0 5 14 29 27 27 12 8 11 13 19 25 4 1 3 1 0 0 3 2 10 1 1 1 0 3 -999 -999 -999
P7629 2006 3 0 0 25 10 0 8 11 0 1 8 4 0 0 1 2 1 8 1 0 0 0 0 0 0 0 0 0 0 0 6 12
P7629 2006 4 3 23 12 0 68 39 25 27 37 57 29 19 7 4 16 1 0 6 12 0 0 0 25 31 4 44 18 0 0 0 -999
P7629 2006 5 0 7 1 2 9 20 16 7 6 7 1 0 8 15 3 10 26 20 22 16 7 8 19 12 17 69 64 30 28 30 15
P7629 2006 6 20 14 36 33 31 36 34 18 0 0 0 0 0 0 0 0 0 0 0 0 0 0 0 0 0 0 0 0 0 0 -999
P7629 2006 7 0 47 0 15 14 55 0 0 0 0 0 0 0 0 0 0 0 0 0 0 0 0 0 0 0 0 0 0 0 0 0
P7629 2006 8 0 0 0 0 0 0 0 0 0 0 0 0 0 0 0 0 0 0 0 0 0 0 0 0 0 16 31 15 0 0 0
P7629 2006 9 0 0 0 0 0 0 11 8 1 9 17 0 0 53 57 51 46 23 9 0 0 0 0 0 0 0 0 0 0 9 -999
P7629 2006 10 6 8 32 31 0 0 17 0 0 0 0 0 0 0 0 0 0 0 0 0 0 0 0 0 0 0 10 16 11 2 3
P7629 2006 11 1 0 0 0 11 13 9 3 0 0 0 0 0 0 0 0 0 0 0 0 0 0 0 0 0 0 0 0 0 0 -999
P7629 2006 12 0 0 1 0 0 0 0 0 0 0 0 0 0 0 0 0 0 0 0 0 0 3 21 23 30 26 62 30 20 10 3
P7629 2007 1 0 0 0 0 0 0 0 0 0 0 1 3 1 0 0 0 0 1 3 7 1 0 1 1 3 2 18 28 27 29 4
P7629 2007 2 0 0 2 3 11 21 27 28 9 1 1 16 9 3 0 0 0 0 4 30 17 3 3 6 7 3 0 0 -999 -999 -999
P7629 2007 3 64 8 0 0 0 0 0 0 0 0 0 8 57 99 31 1 1 4 1 0 0 3 68 22 16 5 0 8 4 19 36
P7629 2007 4 6 3 6 4 14 13 18 2 0 0 0 0 0 0 0 26 1 9 24 1 2 28 32 30 17 20 8 1 3 1 -999
P7629 2007 5 0 0 0 27 23 22 23 31 13 3 5 29 33 31 31 24 5 5 1 3 1 0 0 0 0 0 0 0 5 16 30
P7629 2007 6 15 9 7 0 0 0 25 39 12 3 0 1 0 0 0 0 0 0 0 0 0 0 0 0 0 0 0 0 0 0 -999
P7629 2007 7 0 0 0 0 0 0 0 0 0 0 0 0 0 0 0 0 0 0 0 0 0 0 0 0 0 0 0 0 0 0 0
P7629 2007 8 0 0 0 0 0 0 0 0 0 0 0 0 0 0 0 0 0 0 0 0 0 0 0 35 17 12 23 19 20 16 0
P7629 2007 9 0 26 0 0 0 0 0 0 0 0 0 0 0 0 0 0 0 0 0 0 0 0 0 0 0 0 0 0 0 0 -999
P7629 2007 10 0 28 16 0 0 0 5 4 2 13 13 19 50 56 29 4 3 36 10 6 0 0 0 0 0 18 28 29 6 3 8
P7629 2007 11 0 0 0 0 0 0 0 0 0 18 21 2 0 0 0 0 0 0 1 1 8 5 33 49 53 27 4 0 1 3 -999
P7629 2007 12 0 0 0 0 0 0 0 2 65 47 17 7 5 6 2 10 30 22 15 17 16 11 6 1 0 0 0 0 1 0 0
P7629 2008 1 20 37 29 17 6 2 8 2 0 0 0 1 4 4 0 17 8 5 16 0 0 0 0 0 0 0 0 0 0 0 2
P7629 2008 2 0 0 0 0 0 0 0 0 1 0 0 0 0 0 2 0 0 0 0 3 1 1 3 4 1 0 0 0 -999 -999 -999
P7629 2008 3 0 4 0 0 0 0 0 3 0 0 0 1 1 1 1 1 1 0 0 0 2 0 1 1 1 13 3 0 1 19 1
P7629 2008 4 1 0 4 2 2 57 152 108 82 31 63 171 75 11 4 3 2 8 7 0 0 0 8 10 1 3 2 0 7 17 -999
P7629 2008 5 0 0 17 9 28 29 24 1 3 4 13 4 1 0 0 0 17 15 5 10 15 8 0 0 0 0 0 6 0 0 0
P7629 2008 6 10 7 25 0 18 9 0 0 0 0 0 0 0 0 0 0 10 30 0 0 0 0 0 13 29 29 28 40 27 14 -999
P7629 2008 7 0 31 28 38 52 30 36 12 0 7 0 0 0 0 0 0 9 11 8 0 0 0 0 0 26 17 23 0 0 0 0
P7629 2008 8 0 5 0 0 0 0 0 0 0 0 0 0 0 0 0 0 0 0 0 0 0 0 0 0 0 0 0 0 0 0 0
P7629 2008 9 0 0 0 0 0 0 0 0 0 0 0 24 95 54 24 5 0 0 0 0 0 0 0 0 0 0 0 0 12 11 -999
P7629 2008 10 10 18 23 12 15 15 5 2 0 6 46 3 3 8 28 37 26 2 3 27 13 9 4 22 2 1 0 1 1 2 1
P7629 2008 11 0 0 0 1 1 10 2 1 15 10 2 0 0 0 18 26 29 20 16 13 0 1 0 0 0 0 0 0 0 0 -999
P7629 2008 12 1 21 11 1 0 0 1 5 11 0 0 1 3 1 1 5 0 0 0 0 2 0 0 0 0 0 0 0 0 0 0
P7629 2009 1 0 0 0 0 1 6 10 3 1 1 25 3 1 11 12 5 1 1 1 1 2 7 20 15 11 2 0 0 2 21 4
P7629 2009 2 1 0 0 0 8 29 2 1 0 2 2 9 17 0 0 0 33 18 25 22 48 20 16 17 6 7 33 21 -999 -999 -999
P7629 2009 3 19 14 25 26 13 7 3 1 1 0 0 0 0 0 0 0 0 1 12 2 0 0 0 0 0 20 29 1 1 0 0
P7629 2009 4 0 0 0 0 0 0 1 0 0 0 6 4 3 20 12 0 0 0 0 27 24 0 0 0 0 0 26 0 0 0 -999
P7629 2009 5 0 0 0 0 0 0 0 0 0 0 0 0 0 0 0 0 0 6 0 8 20 11 23 30 0 0 0 0 0 0 0
P7629 2009 6 0 0 30 56 52 9 7 26 20 19 34 38 24 6 5 5 13 17 6 6 5 11 0 0 0 0 0 0 0 0 -999
P7629 2009 7 0 0 0 0 0 0 0 0 0 0 0 0 0 0 0 0 0 0 0 0 0 0 0 0 0 0 0 0 0 0 0
P7629 2009 8 0 0 0 0 0 0 0 0 0 0 0 0 0 0 0 0 0 0 0 0 0 0 0 0 0 0 0 0 0 0 0
P7629 2009 9 0 0 0 137 114 92 82 44 29 19 0 0 0 0 0 17 0 0 0 0 0 0 0 0 0 0 0 0 0 0 -999
P7629 2009 10 0 0 46 44 35 25 10 6 0 0 0 0 0 0 0 0 0 0 0 0 0 5 3 0 0 0 0 0 0 0 0
P7629 2009 11 0 0 0 0 0 0 0 7 7 8 20 15 0 0 0 0 0 0 0 0 0 0 0 0 0 0 0 0 0 0 -999
P7629 2009 12 0 0 0 0 0 0 4 2 0 1 5 1 0 0 0 12 22 4 0 0 0 0 0 0 3 8 1 1 6 1 1
P7629 2010 1 1 0 0 0 0 0 0 0 0 0 1 0 0 0 3 8 42 27 12 16 2 0 0 0 0 0 0 0 0 0 0
P7629 2010 2 0 0 0 0 0 0 0 0 0 2 2 0 3 0 0 6 0 0 0 0 0 10 0 0 0 0 0 0 -999 -999 -999
P7629 2010 3 1 0 0 0 0 1 7 26 44 37 13 0 0 0 0 0 0 1 2 5 26 3 9 11 11 6 4 3 1 0 4
P7629 2010 4 7 52 29 10 9 17 37 24 6 1 0 12 21 0 0 0 0 0 0 0 0 0 0 10 1 0 0 0 0 0 -999
P7629 2010 5 0 0 0 0 0 0 0 0 0 0 0 0 0 0 0 0 0 0 10 26 7 0 0 0 0 4 5 2 0 0 15
P7629 2010 6 20 8 0 0 0 0 0 0 3 6 17 13 3 29 33 16 14 11 22 17 4 0 0 0 0 0 0 0 0 0 -999
P7629 2010 7 0 0 0 0 0 0 0 0 0 0 0 0 0 0 0 25 0 0 0 0 0 0 0 0 0 0 0 0 0 0 0
P7629 2010 8 0 0 0 0 0 0 0 0 0 0 0 0 0 0 0 0 0 0 0 0 0 0 0 0 0 0 0 0 0 0 0
P7629 2010 9 0 0 0 0 0 0 0 0 0 0 0 0 0 0 0 0 0 0 0 51 49 57 49 49 78 79 0 0 0 0 -999
P7629 2010 10 0 0 0 0 0 0 0 0 0 0 0 0 0 0 8 0 0 0 0 0 0 0 8 0 0 0 34 43 0 15 0
P7629 2010 11 0 0 0 0 0 0 0 0 0 0 20 29 31 19 30 19 4 1 3 0 0 0 2 1 0 0 0 0 0 0 -999
P7629 2010 12 0 0 0 0 0 0 0 2 1 0 0 0 0 0 0 0 3 10 0 2 0 0 0 0 0 0 0 0 0 0 0
P7629 2011 1 0 0 0 0 0 0 0 0 0 0 0 2 19 0 0 0 17 24 73 65 24 5 0 0 1 1 1 1 0 1 4
P7629 2011 2 1 1 1 0 0 0 0 0 0 1 1 1 0 0 0 0 0 2 3 3 0 0 0 1 9 13 3 13 -999 -999 -999
P7629 2011 3 19 8 2 1 13 14 26 6 9 1 0 0 0 0 1 5 0 0 0 1 0 0 1 7 3 0 1 3 3 0 0
P7629 2011 4 23 8 3 12 8 5 0 4 0 32 27 9 2 0 0 0 2 0 0 0 0 0 0 0 0 11 2 0 0 0 -999
P7629 2011 5 0 0 0 0 0 0 0 6 3 0 0 0 0 4 0 0 0 0 0 0 0 0 3 11 11 13 17 0 0 0 0
P7629 2011 6 0 0 0 0 0 0 0 0 0 0 0 0 0 0 0 0 0 0 0 0 0 0 0 29 35 28 18 0 0 0 -999
P7629 2011 7 23 32 24 21 25 23 21 35 0 0 0 0 0 0 0 0 0 0 0 0 0 11 9 0 0 0 0 0 0 0 0
P7629 2011 8 0 0 0 0 0 0 0 0 0 0 0 0 0 0 0 0 0 0 0 0 0 0 0 0 0 0 0 0 0 0 0
P7629 2011 9 28 26 9 28 32 0 0 0 0 39 31 0 0 14 0 0 0 0 0 0 0 23 0 0 0 0 0 0 0 0 -999
P7629 2011 10 0 0 0 0 0 3 17 35 25 0 0 0 0 0 0 0 0 0 2 26 20 12 1 1 3 1 0 0 4 28 36
P7629 2011 11 8 19 34 21 1 1 1 2 0 0 6 12 8 8 0 0 0 0 0 0 2 3 20 25 25 4 8 1 14 1 -999
P7629 2011 12 1 3 2 0 0 0 0 0 0 0 0 0 0 0 1 13 16 2 0 0 0 0 0 0 1 13 30 56 17 1 6
P7629 2012 1 10 6 34 23 23 7 0 0 0 0 0 1 2 1 1 0 1 4 12 4 2 4 2 1 0 0 1 11 1 0 0
P7629 2012 2 0 0 0 0 0 0 0 0 0 1 5 4 9 4 0 8 33 4 2 0 0 0 1 1 3 3 4 0 -999 -999 -999
P7629 2012 3 0 0 0 0 0 0 0 0 0 0 0 0 11 3 0 1 1 0 1 2 0 0 0 1 1 1 2 0 0 0 0
P7629 2012 4 0 0 0 0 0 0 0 0 0 0 0 0 0 0 0 0 0 0 0 0 0 0 0 0 0 0 8 0 0 0 -999
P7629 2012 5 0 0 0 0 0 0 0 0 0 153 148 134 128 80 53 10 12 17 13 4 3 24 21 29 25 25 18 25 35 31 3
P7629 2012 6 0 0 0 0 31 24 3 0 0 0 0 0 0 0 0 0 0 0 0 0 0 0 0 0 36 24 38 0 0 0 -999
P7629 2012 7 0 0 0 0 0 0 0 29 23 24 10 0 0 0 0 0 0 0 0 0 0 0 0 0 0 0 0 0 0 0 0
P7629 2012 8 0 0 0 0 0 0 0 0 0 0 0 0 18 21 14 0 0 0 0 0 0 0 0 0 0 0 0 0 0 33 0
P7629 2012 9 0 0 0 0 0 0 0 0 0 0 0 0 0 65 0 131 63 0 0 0 0 0 0 0 0 0 0 0 0 0 -999
P7629 2012 10 37 17 0 0 0 0 0 0 13 77 58 17 5 4 0 0 0 0 0 0 96 76 55 21 15 2 0 0 0 25 30
P7629 2012 11 4 0 0 0 0 17 1 0 0 1 4 0 10 4 0 0 0 0 0 0 0 0 0 0 0 0 0 0 0 0 -999
P7629 2012 12 15 7 0 1 3 1 0 0 0 0 0 0 0 0 0 0 0 1 0 6 1 2 1 1 1 0 0 0 0 0 0
P7629 2013 1 0 0 0 0 0 0 0 0 0 0 0 0 1 3 1 0 0 0 0 0 0 1 3 1 5 6 3 0 0 0 1
P7629 2013 2 1 1 0 7 1 12 26 25 13 1 0 0 0 0 1 1 2 1 2 1 0 4 23 16 26 27 31 29 -999 -999 -999
P7629 2013 3 10 1 1 0 0 0 0 0 0 2 6 16 25 30 27 2 4 8 5 1 0 0 0 0 0 0 0 0 0 0 0
P7629 2013 4 6 28 32 22 19 30 12 2 2 5 0 0 0 14 131 135 67 37 65 127 184 178 62 7 1 2 6 8 11 12 -999
P7629 2013 5 5 10 0 0 0 0 0 0 0 13 20 19 0 0 0 0 0 40 31 24 23 30 24 17 7 8 3 0 0 0 0
P7629 2013 6 0 0 0 0 0 0 0 0 0 0 0 0 0 0 0 0 0 5 7 30 0 0 0 0 0 0 0 0 0 0 -999
P7629 2013 7 0 0 0 0 0 0 0 0 0 0 0 0 0 0 0 0 0 0 0 0 0 0 0 0 0 0 0 0 0 0 0
P7629 2013 8 0 0 0 0 0 0 0 0 0 0 0 0 0 0 0 0 0 0 0 0 0 0 0 0 0 67 0 0 0 94 70
P7629 2013 9 0 0 0 0 0 0 0 0 0 0 0 0 0 0 0 0 0 0 0 0 0 0 0 0 0 0 0 0 0 0 -999
P7629 2013 10 0 15 10 0 18 42 29 3 6 16 33 10 6 33 68 39 30 56 28 0 0 9 21 11 7 0 0 0 0 0 0
P7629 2013 11 0 0 0 0 0 0 0 0 0 0 0 0 3 9 2 1 2 1 0 0 0 0 0 0 3 2 4 11 8 8 -999
P7629 2013 12 26 8 4 11 21 10 2 0 0 3 3 0 0 0 0 3 37 59 3 0 0 0 1 0 0 0 0 0 0 0 1
P7629 2014 1 1 7 24 5 4 0 1 3 2 7 1 0 1 0 0 0 0 0 0 1 1 0 1 2 2 5 1 3 10 29 27
P7629 2014 2 29 59 10 8 33 35 15 5 1 0 0 0 0 0 0 0 0 4 10 10 10 9 3 0 0 0 0 0 -999 -999 -999
P7629 2014 3 0 0 0 0 0 0 0 0 0 0 0 0 0 0 2 10 2 0 0 1 21 48 49 34 23 10 4 0 0 1 3
P7629 2014 4 11 0 0 0 0 0 0 4 4 19 27 12 0 0 0 0 0 0 0 0 0 0 0 0 0 0 0 25 28 27 -999
P7629 2014 5 9 11 0 0 0 23 11 31 12 0 13 31 26 19 8 2 2 13 4 2 0 0 0 0 0 0 0 0 0 29 32
P7629 2014 6 31 20 8 17 28 0 5 0 0 0 0 0 0 0 0 0 0 0 0 0 0 0 0 0 0 0 0 0 0 0 -999
P7629 2014 7 0 0 0 0 0 0 0 0 0 0 23 0 0 0 0 0 0 0 0 0 0 0 0 0 0 0 0 0 25 0 0
P7629 2014 8 0 14 16 18 0 0 0 0 0 0 0 0 0 0 0 0 0 0 0 0 0 0 0 0 0 0 0 0 0 48 33
P7629 2014 9 0 0 0 0 0 0 0 0 0 5 0 0 23 19 66 21 0 0 0 24 0 0 0 0 7 0 0 0 0 0 -999
P7629 2014 10 0 0 5 0 0 0 0 0 0 0 0 0 0 0 0 0 0 0 0 0 0 12 25 5 4 0 0 0 0 0 0
P7629 2014 11 0 6 13 8 8 8 3 1 0 0 0 1 10 0 0 0 0 12 15 30 25 5 2 1 4 38 14 20 3 9 -999
P7629 2014 12 1 0 0 0 0 0 0 0 0 0 0 0 1 0 1 12 24 28 7 44 15 3 2 18 5 1 3 2 0 0 0
P7629 2015 1 0 0 0 0 0 0 0 0 0 0 0 0 0 0 0 0 0 0 0 0 0 0 0 0 1 25 19 1 1 1 1
P7629 2015 2 1 1 0 0 0 0 0 0 4 19 13 27 22 32 24 14 22 33 32 29 14 3 1 0 0 0 0 4 -999 -999 -999
P7629 2015 3 2 0 65 166 174 78 30 0 0 0 10 29 48 17 55 78 41 40 143 56 17 38 55 71 129 158 67 0 0 0 3
P7629 2015 4 4 2 0 0 5 44 12 0 2 30 32 16 13 9 14 13 4 1 12 4 3 12 16 41 43 0 0 0 0 0 -999
P7629 2015 5 5 3 6 9 32 27 6 15 10 13 2 0 0 0 0 0 0 0 0 0 0 0 0 0 0 0 0 0 0 0 0
P7629 2015 6 0 0 20 26 45 50 30 0 0 0 0 0 0 0 0 0 0 0 0 0 0 0 0 0 0 14 39 26 19 0 -999
P7629 2015 7 0 0 0 0 0 0 0 0 0 0 0 0 0 0 0 0 0 0 0 0 0 0 0 0 0 0 0 0 0 0 0
P7629 2015 8 0 0 39 0 0 0 0 0 24 24 9 0 0 0 0 0 0 0 0 0 0 0 0 0 0 0 0 0 0 0 0
P7629 2015 9 0 0 0 0 0 27 0 0 0 0 0 0 0 0 0 0 35 40 31 0 0 0 10 0 23 22 9 7 0 0 -999
P7629 2015 10 0 0 0 0 0 0 0 0 0 27 56 117 9 5 13 8 24 22 23 14 6 0 2 0 3 2 1 1 0 0 0
P7629 2015 11 0 0 0 0 0 0 0 0 0 0 0 2 0 0 1 0 0 0 0 0 0 0 0 0 0 0 0 0 0 0 -999
P7629 2015 12 0 0 0 0 0 0 0 0 0 0 0 2 3 1 1 0 0 0 1 3 1 5 0 0 8 8 2 11 2 5 1
P7629 2016 1 2 0 0 1 2 7 2 7 2 1 44 82 49 37 61 4 1 1 0 5 11 2 1 0 1 3 7 42 121 77 16
P7629 2016 2 18 11 2 0 0 3 3 1 0 0 0 1 1 1 0 0 0 0 0 0 0 0 0 0 0 0 0 0 -999 -999 -999
P7629 2016 3 0 0 0 0 0 0 0 0 0 0 0 0 0 0 0 0 0 1 0 0 0 0 1 0 0 0 0 0 0 10 18
P7629 2016 4 1 0 2 35 37 35 4 3 15 4 2 16 27 7 0 0 51 32 38 27 9 4 54 18 10 6 24 20 1 30 -999
P7629 2016 5 25 9 2 1 3 2 3 0 5 0 0 0 0 0 0 0 0 0 0 0 0 0 28 18 27 10 3 0 0 0 0
P7629 2016 6 0 22 0 0 28 12 5 21 0 16 0 0 0 0 0 28 0 0 0 0 0 0 9 11 0 34 34 35 13 0 -999
P7629 2016 7 0 0 0 0 0 0 0 0 0 0 0 0 0 0 0 0 0 0 0 0 0 0 0 0 44 0 0 0 0 0 0
P7629 2016 8 0 0 0 0 0 0 0 0 0 0 0 0 0 0 0 0 0 0 0 0 0 0 0 0 0 0 0 0 0 0 0
P7629 2016 9 0 0 0 0 18 0 0 0 0 0 0 0 0 0 0 0 0 0 0 0 0 0 0 0 0 0 0 0 18 8 -999
P7629 2016 10 0 0 0 0 0 0 0 9 26 0 0 0 0 0 3 4 2 4 5 4 27 17 2 16 39 43 35 25 23 0 1
P7629 2016 11 0 0 0 27 41 33 8 6 3 2 2 8 26 25 6 3 0 0 0 4 0 0 2 11 27 7 1 0 0 0 -999
P7629 2016 12 0 0 0 0 0 0 0 0 0 0 0 0 0 1 7 0 0 0 0 0 0 0 0 0 0 0 0 0 1 8 14
P7629 2017 1 3 0 7 26 3 1 1 1 1 7 12 2 0 0 1 1 0 0 0 0 7 0 0 0 1 2 4 43 2 0 0
P7629 2017 2 0 0 1 2 2 1 0 2 1 2 2 1 2 6 72 6 1 1 20 28 23 24 1 1 1 8 33 37 -999 -999 -999
P7629 2017 3 10 15 20 21 88 86 6 4 32 49 68 70 48 7 4 4 36 45 17 19 2 25 8 1 1 1 2 2 32 23 40
P7629 2017 4 30 17 14 5 4 1 95 61 3 23 57 40 19 1 2 1 1 1 3 2 2 14 5 1 4 9 3 2 4 3 -999
P7629 2017 5 4 3 0 2 2 3 18 10 0 2 2 0 0 19 18 2 0 0 0 0 0 19 37 34 23 0 0 0 0 0 0
P7629 2017 6 5 4 0 0 0 12 12 31 20 0 0 0 0 47 11 3 0 0 0 0 0 0 0 0 0 0 0 0 0 0 -999
P7629 2017 7 0 0 15 12 6 3 0 0 0 0 0 0 0 0 0 0 0 0 0 0 0 0 24 27 0 0 0 0 0 0 0
P7629 2017 8 0 0 0 0 0 0 0 0 0 15 15 0 0 0 0 0 0 0 4 9 16 0 0 0 0 0 0 0 0 77 121
P7629 2017 9 24 0 0 0 0 15 52 27 0 0 0 0 0 0 0 0 0 0 0 0 0 0 0 0 0 13 9 19 17 19 -999
P7629 2017 10 29 5 12 48 62 42 23 4 9 3 0 0 0 0 0 0 0 0 0 0 0 1 14 5 7 24 34 4 0 0 0
P7629 2017 11 3 10 0 0 6 4 0 1 6 13 14 7 0 0 0 2 2 1 1 0 0 0 0 2 10 0 0 0 0 0 -999
P7629 2017 12 0 1 0 0 0 0 0 0 0 0 0 0 1 9 1 8 7 1 0 1 4 26 1 0 0 0 1 3 26 17 2
P7629 2018 1 0 0 0 0 0 0 0 0 0 0 0 0 0 0 0 0 0 0 0 0 0 0 1 2 14 23 29 16 2 11 28
P7629 2018 2 15 35 41 51 8 29 4 17 3 0 1 9 39 37 18 3 0 0 5 0 0 6 3 2 0 3 42 82 -999 -999 -999
P7629 2018 3 81 60 77 83 55 48 25 3 1 0 5 31 9 1 0 0 0 0 3 32 24 1 1 4 6 6 17 2 1 13 9
P7629 2018 4 1 5 3 1 2 6 0 0 0 0 11 21 33 16 3 14 16 4 0 0 0 0 0 0 2 12 12 29 93 48 -999
P7629 2018 5 20 22 40 50 2 0 0 0 0 0 0 0 0 1 2 4 24 40 50 52 15 7 3 2 0 0 0 24 14 0 10
P7629 2018 6 0 0 0 0 0 0 28 24 8 0 0 0 0 0 0 0 0 0 0 0 0 0 0 0 0 0 0 0 0 0 -999
P7629 2018 7 0 0 0 0 0 0 0 0 0 0 0 0 0 0 0 0 0 0 0 0 0 0 0 0 19 0 0 0 0 0 0
P7629 2018 8 0 0 0 0 0 0 0 0 0 0 0 0 0 0 0 0 0 0 0 0 0 0 0 0 0 0 0 0 0 0 0
P7629 2018 9 0 0 0 0 16 71 70 0 0 0 0 0 0 0 0 0 0 0 0 0 0 36 28 0 0 0 0 0 0 0 -999
P7629 2018 10 0 0 0 0 0 0 0 0 0 0 0 0 0 0 40 12 0 0 13 49 72 59 77 102 69 36 28 8 0 4 8
P7629 2018 11 7 0 3 7 14 0 0 0 5 3 3 0 0 0 0 0 4 0 0 0 0 47 38 22 7 22 25 6 1 0 -999
P7629 2018 12 0 0 0 0 0 0 0 0 0 0 0 0 0 0 0 0 0 0 0 0 0 0 0 2 2 3 10 2 0 0 0
P7629 2019 1 0 0 0 2 2 8 15 3 7 3 1 1 1 1 1 0 0 0 0 0 0 0 0 0 0 0 0 0 0 0 0
P7629 2019 2 0 0 3 13 1 7 6 3 1 6 6 6 2 3 1 13 2 0 0 0 0 0 3 181 91 3 3 71 -999 -999 -999
P7629 2019 3 86 62 72 60 15 21 1 1 7 18 20 23 18 0 0 0 0 0 0 0 0 0 2 4 5 17 85 40 28 48 4
P7629 2019 4 1 0 0 0 0 0 0 0 0 0 0 17 2 0 0 0 0 0 0 0 0 0 0 0 1 4 5 27 24 11 -999
P7629 2019 5 19 14 16 0 0 3 8 11 36 19 3 5 40 22 0 0 0 0 0 0 0 0 0 0 8 0 0 3 17 24 19
P7629 2019 6 0 0 0 0 0 0 6 0 0 0 1 5 13 0 0 0 0 0 0 0 0 0 0 0 0 35 29 0 0 0 -999
P7629 2019 7 0 0 31 17 0 0 0 0 0 0 0 0 0 0 0 0 0 0 0 0 0 0 0 0 0 0 0 0 0 0 0
P7629 2019 8 0 0 0 0 0 0 0 0 0 0 0 0 0 0 0 27 14 18 24 31 0 0 0 0 0 0 16 24 25 15 38
P7629 2019 9 41 29 23 23 0 0 0 29 53 75 50 42 29 0 0 0 38 20 4 0 3 0 21 147 141 114 43 0 0 0 -999
P7629 2019 10 0 0 9 50 27 20 31 4 12 9 0 0 0 0 0 0 0 21 0 0 26 22 0 2 0 0 0 0 0 0 0
P7629 2019 11 1 2 0 0 8 14 1 1 0 0 0 0 0 6 5 0 0 0 0 0 0 0 0 0 0 2 21 93 52 9 -999
P7629 2019 12 0 0 0 0 0 0 0 0 0 0 0 0 0 0 2 6 1 3 24 61 93 32 23 3 3 1 1 0 0 0 0
P7629 2020 1 0 1 9 21 24 37 17 0 0 0 12 3 0 0 0 0 0 0 0 0 0 1 3 2 0 0 0 0 2 5 20
P7629 2020 2 6 5 6 4 3 1 1 0 2 0 0 0 0 23 22 57 87 85 67 60 41 19 85 49 4 3 0 0 -999 -999 -999
P7629 2020 3 0 0 0 0 0 0 0 0 0 0 0 0 7 6 18 71 79 28 3 1 2 3 19 28 22 5 1 0 1 1 0
P7629 2020 4 1 0 0 0 0 13 7 17 115 43 34 16 10 4 1 0 0 0 0 0 36 39 36 32 31 11 1 0 14 97 -999
P7629 2020 5 199 200 42 16 12 4 4 3 0 0 0 7 0 0 0 0 0 46 77 61 32 14 13 24 14 20 42 30 24 24 20
P7629 2020 6 4 0 0 0 0 16 27 22 13 0 0 0 0 0 0 0 0 0 0 0 0 0 0 0 30 0 0 0 0 72 -999
P7629 2020 7 0 0 0 0 0 0 0 0 0 0 0 0 0 0 0 0 0 0 0 0 0 0 0 0 0 0 0 0 0 0 0
P7629 2020 8 0 0 0 0 0 0 0 0 0 0 0 0 0 0 0 0 0 0 0 0 0 0 0 0 0 0 0 0 0 0 0
P7629 2020 9 0 0 0 0 0 0 0 0 0 0 0 0 0 0 35 27 0 0 31 30 8 0 0 0 18 0 0 0 0 0 -999
P7629 2020 10 17 0 17 44 13 10 0 0 0 0 10 16 13 0 0 0 0 0 0 0 0 0 31 33 3 4 37 41 36 2 0
P7629 2020 11 10 7 2 7 4 8 16 0 0 0 0 0 1 5 0 0 9 20 12 15 21 15 0 0 0 0 0 0 0 0 -999
P7629 2020 12 0 0 0 0 0 3 1 0 0 2 1 0 1 1 0 0 0 1 0 1 2 25 19 1 0 1 0 0 0 0 0
P7629 2021 1 0 1 3 1 0 0 0 0 0 0 0 1 1 1 1 1 8 6 11 1 1 1 2 8 12 24 27 25 2 4 30
P7629 2021 2 40 5 7 1 2 19 1 3 1 2 5 3 10 24 9 2 4 3 0 0 0 0 0 0 8 10 44 43 -999 -999 -999
P7629 2021 3 28 32 34 25 34 30 38 102 142 10 1 1 13 5 25 22 52 32 28 18 11 1 4 2 0 0 0 1 1 1 1
P7629 2021 4 1 19 12 30 1 0 0 0 3 17 19 2 0 1 1 1 6 12 4 7 4 3 3 27 78 44 22 8 1 4 -999
P7629 2021 5 6 0 0 1 0 7 25 11 1 1 4 2 6 3 0 0 0 0 0 3 0 0 0 0 9 15 20 21 26 40 25
P7629 2021 6 33 34 13 1 0 2 10 8 13 9 21 20 19 26 19 0 0 0 0 0 0 0 0 0 0 0 0 0 0 0 -999
P7629 2021 7 0 0 0 0 0 0 0 0 0 0 0 0 0 0 0 0 0 0 0 0 0 0 10 0 0 0 0 0 0 26 23
P7629 2021 8 0 0 0 0 0 0 20 24 36 28 20 0 0 0 0 0 0 0 0 0 0 0 0 0 0 0 0 0 0 0 0
P7629 2021 9 0 0 0 0 0 0 0 0 0 0 0 0 42 40 33 22 0 0 0 0 0 0 0 0 37 35 17 13 14 58 -999
P7629 2021 10 18 19 31 10 0 0 7 31 30 0 0 8 25 41 18 19 0 0 12 16 42 2 0 0 32 38 29 2 3 0 1
P7629 2021 11 7 3 1 1 6 9 0 27 11 0 0 0 0 0 0 0 0 0 0 1 1 0 0 2 0 0 0 0 0 0 -999
P7629 2021 12 0 0 0 0 0 0 0 0 0 0 0 0 4 4 25 37 20 27 21 5 25 11 1 2 3 19 31 24 13 1 1
P7629 2022 1 1 0 0 0 0 0 0 0 0 0 0 0 9 13 6 2 0 4 42 140 25 1 1 4 0 0 0 0 0 0 0
P7629 2022 2 0 4 0 0 0 0 0 0 1 4 0 0 0 0 3 14 2 0 0 0 1 3 1 3 1 1 1 19 -999 -999 -999
P7629 2022 3 2 1 0 1 13 10 0 0 0 0 0 0 0 0 1 1 0 0 0 0 17 19 11 13 3 1 2 0 0 4 8
P7629 2022 4 24 46 133 44 3 49 32 7 3 0 0 38 40 31 0 57 91 91 98 84 38 34 14 15 3 1 0 0 0 0 -999
P7629 2022 5 0 0 0 0 0 0 0 0 0 0 0 0 0 0 0 0 0 0 0 0 8 7 2 0 0 0 0 0 14 48 0
P7629 2022 6 0 0 0 0 0 0 0 25 40 0 43 38 0 0 0 8 0 0 15 0 0 0 0 0 0 0 0 0 0 0 -999
P7629 2022 7 0 0 0 0 0 0 0 0 0 0 0 0 0 0 0 0 0 0 0 0 0 0 0 0 0 0 0 0 0 0 0
P7629 2022 8 0 0 0 0 0 0 0 0 0 0 0 0 0 0 0 0 0 0 0 0 0 0 0 0 0 0 0 0 0 0 0
P7629 2022 9 0 0 0 0 0 0 0 0 0 0 0 0 0 0 0 0 0 0 0 0 0 30 36 65 33 34 0 46 0 0 -999
P7629 2022 10 0 0 0 0 24 12 0 0 7 3 0 0 0 0 4 0 0 0 0 24 33 17 0 0 0 0 9 15 0 0 0
P7629 2022 11 0 0 8 15 1 0 0 0 0 0 0 0 10 9 29 9 13 44 13 8 25 28 27 29 3 0 0 0 0 0 -999
P7629 2022 12 0 1 0 1 0 12 9 2 1 0 0 1 0 0 0 0 1 4 2 3 9 1 1 22 15 16 5 21 28 9 2
P7629 2023 1 1 4 29 45 87 62 65 19 13 1 2 19 12 57 26 1 0 14 25 11 1 2 13 9 5 0 0 0 0 0 0
P7629 2023 2 0 12 6 4 0 0 0 0 0 0 0 5 2 1 1 2 2 7 11 4 25 2 0 0 0 0 0 0 -999 -999 -999
P7629 2023 3 0 0 3 1 0 0 0 0 0 0 0 0 0 0 30 31 17 7 19 8 30 20 1 0 0 0 0 4 10 10 2
P7629 2023 4 0 0 0 0 0 0 3 10 7 2 4 2 0 3 13 70 42 43 100 5 20 32 22 13 2 0 0 0 0 0 -999
P7629 2023 5 1 127 36 30 8 6 24 26 26 15 3 1 21 11 11 28 21 15 26 38 29 25 3 6 4 8 12 0 29 19 14
P7629 2023 6 0 0 0 0 0 0 0 0 0 0 17 26 11 18 38 15 4 4 10 8 18 14 0 27 32 0 0 0 0 0 -999
P7629 2023 7 0 0 0 0 0 27 10 13 0 0 0 29 0 0 0 0 30 36 38 33 0 0 0 31 0 0 0 0 0 0 0
P7629 2023 8 0 0 0 0 0 0 0 0 0 0 0 0 0 0 0 0 0 0 0 0 0 0 0 0 0 0 0 0 0 0 0
P7629 2023 9 0 0 0 0 0 0 0 0 0 0 0 0 0 0 0 0 33 66 4 0 0 0 0 0 0 0 0 0 0 23 -999
P7629 2023 10 64 70 19 0 0 0 0 0 0 7 2 0 0 19 10 4 2 10 4 9 1 0 0 0 0 0 0 2 8 4 4
P7629 2023 11 6 1 0 0 0 0 0 0 17 12 21 32 2 0 0 0 0 0 0 0 1 0 0 0 0 0 0 0 0 0 -999
P7629 2023 12 0 8 33 35 0 0 0 0 0 0 0 0 0 0 0 0 0 1 1 11 10 2 0 1 2 0 0 0 0 0 0
P7629 2024 1 0 0 0 0 0 0 0 0 0 0 0 0 0 0 0 0 0 1 2 3 6 1 3 2 2 2 10 22 6 0 0
P7629 2024 2 0 0 0 1 12 130 68 33 80 112 15 25 1 0 0 0 0 0 0 0 0 0 0 0 0 0 0 0 -999 -999 -999
P7629 2024 3 0 0 0 0 0 0 8 15 28 10 31 48 20 46 32 2 23 29 35 34 15 4 0 0 0 0 2 2 7 34 39
P7629 2024 4 40 28 8 9 24 23 25 26 14 12 4 0 0 0 0 0 1 0 0 0 4 32 21 0 0 0 0 0 0 3 -999
P7629 2024 5 17 9 18 26 30 15 68 26 9 0 0 12 14 14 7 1 2 8 0 0 0 0 0 4 16 6 20 27 19 4 0
P7629 2024 6 0 0 0 0 0 0 0 0 0 0 0 27 20 16 0 0 10 0 0 0 0 0 0 0 0 0 0 0 0 0 -999
P7629 2024 7 0 0 0 0 0 0 0 0 0 0 0 0 0 0 0 0 0 0 0 0 0 0 0 0 0 0 0 0 0 0 0
P7629 2024 8 0 0 0 0 0 0 0 0 0 0 0 0 0 0 0 0 0 0 0 0 0 0 0 0 0 0 0 0 0 0 0
P7629 2024 9 0 0 0 0 0 0 0 0 0 0 0 0 0 0 0 0 0 51 31 27 33 35 49 30 0 0 20 16 24 8 -999
P7629 2024 10 9 60 35 19 82 39 32 0 0 0 0 0 0 0 0 0 0 0 9 0 11 0 0 0 0 0 2 0 1 16 27
P7629 2024 11 24 30 26 21 19 17 1 0 0 0 1 25 23 29 63 22 12 2 0 0 0 0 0 0 0 0 0 2 8 54 -999
P7629 2024 12 35 12 13 1 0 0 1 0 1 1 3 1 5 10 0 0 0 0 2 0 1 6 1 0 0 0 0 1 0 0 0
P7629 2025 1 1 0 0 3 33 45 59 15 1 0 0 0 0 1 1 0 0 1 7 0 0 0 0 0 0 0 0 4 3 1 0
P7629 2025 2 1 1 1 0 1 1 2 27 25 1 19 63 7 0 83 24 0 0 1 0 0 0 0 1 1 0 0 0 -999 -999 -999
P7629 2025 3 0 7 13 1 0 0 0 81 29 9 1 0 0 0 0 0 0 0 0 0 0 0 0 0 0 0 0 0 0 0 0
P7629 2025 4 0 0 0 0 3 0 0 0 0 0 3 4 0 0 16 3 0 18 5 0 0 0 0 0 0 0 0 11 14 0 -999
P7629 2025 5 0 0 23 12 2 1 0 0 0 0 0 0 7 21 14 4 4 14 12 9 2 52 13 17 19 21 8 13 43 0 0
P7629 2025 6 0 0 0 16 5 0 0 0 0 0 7 0 0 0 0 0 0 0 0 0 0 0 0 0 0 0 0 0 0 0 -999
P7629 2025 7 0 0 0 0 0 0 0 0 0 0 0 0 0 0 0 0 0 0 0 0 0 0 0 0 0 0 0 0 0 0 0
P7629 2025 8 0 17 24 8 0 0 0 0 0 0 0 33 29 34 30 0 0 0 0 0 23 0 0 0 0 0 0 0 0 0 0
P7629 2025 9 0 0 0 0 0 0 0 0 0 0 17 15 0 0 0 0 16 38 27 0 0 0 20 11 0 0 7 5 4 0 -999
P7629 2025 10 0 0 0 0 0 0 0 0 0 0 0 0 0 0 0 8 58 54 32 27 40 34 15 0 0 0 0 0 2 7 27
P7629 2025 11 27 26 11 30 29 4 8 23 59 87 31 0 0 31 26 1 1 0 0 0 0 0 0 0 0 0 0 0 0 0 -999
P7629 2025 12 0 0 0 0 0 0 1 0 0 0 1 20 2 0 1 2 1 1 12 10 1 20 28 29 18 22 12 30 5 1 2
P7629 2026 1 8 9 0 0 0 0 0 0 0 0 0 0 0 0 0 0 1 0 1 2 0 0 1 2 0 0 0 0 0 0 0
P7629 2026 2 0 0 0 0 0 0 0 0 0 0 0 0 0 1 0 4 16 1 1 0 0 1 1 0 0 1 0 0 -999 -999 -999
P7629 2026 3 3 0 0 16 22 48 28 21 2 2 0 0 0 31 0 0 2 3 0 0 0 0 58 48 23 21 1 2 9 2 5
P7629 2026 4 2 2 0 3 2 1 3 1 3 2 1 0 1 1 0 0 0 0 0 0 0 0 0 0 0 0 0 0 31 30 -999
P7629 2026 5 27 16 10 0 0 0 0 0 1 5 5 8 12 8 2 0 0 0 0 0 0 0 0 0 0 0 0 0 18 0 0
P7629 2026 6 0 0 0 0 0 0 0 0 0 0 0 0 0 0 0 0 0 0 9 26 38 39 40 0 0 0 0 0 0 0 -999
P7629 2026 7 0 0 0 0 0 0 0 0 0 0 0 0 0 0 0 0 0 0 0 0 0 0 0 0 0 0 0 0 0 0 0
P7629 2026 8 0 0 0 0 0 0 0 0 0 0 0 0 0 0 0 0 0 0 0 0 0 0 0 0 0 0 25 0 0 27 30
P7629 2026 9 25 23 19 10 0 0 0 0 0 0 0 0 0 7 0 0 0 0 31 33 41 29 0 0 0 0 0 0 0 0 -999
P7629 2026 10 0 5 7 7 4 0 0 0 0 0 0 0 0 0 0 0 10 3 0 0 3 0 0 0 0 0 0 3 20 24 28
P7629 2026 11 25 12 5 3 26 23 9 3 24 31 8 23 6 9 20 25 14 1 0 0 0 0 0 0 0 0 0 0 0 0 -999
P7629 2026 12 0 0 0 0 0 0 0 0 0 0 0 0 0 1 32 33 33 10 20 16 5 1 11 1 0 0 0 0 0 0 0
P7629 2027 1 0 0 0 1 3 1 3 12 1 4 26 25 10 5 60 57 38 3 1 1 1 1 0 0 0 19 17 9 27 12 0
P7629 2027 2 0 0 0 0 0 0 0 0 0 0 2 11 5 0 4 2 2 5 13 7 2 3 28 2 0 1 1 0 -999 -999 -999
P7629 2027 3 0 1 3 3 2 1 2 10 5 0 0 0 0 0 0 0 7 28 33 42 45 32 36 30 4 7 14 1 0 0 0
P7629 2027 4 0 0 0 31 13 0 0 0 0 0 0 0 2 14 36 2 0 3 13 0 0 0 0 0 0 0 0 0 0 0 -999
P7629 2027 5 0 21 24 32 26 31 36 25 11 22 48 15 25 11 0 0 0 0 0 0 3 12 0 0 0 0 0 0 0 0 0
P7629 2027 6 0 4 0 27 28 3 0 0 0 0 0 0 0 0 0 0 0 0 0 0 0 0 0 0 0 0 0 20 0 0 -999
P7629 2027 7 0 29 19 0 0 23 0 0 0 0 0 0 0 0 0 0 0 0 0 0 0 0 0 0 0 0 0 0 0 0 0
P7629 2027 8 0 0 0 0 0 0 0 0 0 0 0 0 0 0 61 22 0 18 16 0 0 0 0 0 0 0 0 0 0 0 0
P7629 2027 9 0 0 0 0 0 0 0 0 0 0 0 0 0 0 0 0 0 36 10 0 0 0 0 0 42 17 8 3 0 0 -999
P7629 2027 10 35 0 0 0 0 0 45 0 0 0 0 0 0 25 4 0 7 14 0 0 0 4 30 43 5 0 0 0 0 0 0
P7629 2027 11 0 0 0 1 1 0 0 0 0 5 23 31 4 0 0 0 0 0 0 0 1 1 3 0 6 2 1 1 0 0 -999
P7629 2027 12 0 0 0 0 0 0 0 0 0 0 0 0 0 1 2 6 1 1 0 0 0 0 0 0 0 1 0 0 0 0 0
P7629 2028 1 0 0 0 0 0 0 0 0 0 0 0 1 0 0 0 0 18 79 42 3 0 0 3 33 28 6 8 14 3 0 7
P7629 2028 2 5 83 46 13 12 25 15 16 27 19 27 34 19 3 2 12 27 3 1 1 0 2 2 0 0 0 0 0 -999 -999 -999
P7629 2028 3 0 0 1 0 0 0 0 0 0 0 23 19 23 2 1 0 0 0 0 0 0 0 0 0 1 1 1 0 0 0 0
P7629 2028 4 0 0 0 0 0 0 0 0 0 17 5 0 0 0 3 0 18 19 33 39 29 0 0 0 0 0 0 0 0 0 -999
P7629 2028 5 0 0 0 13 0 0 19 34 30 22 11 17 0 0 36 24 13 0 0 41 8 0 6 25 6 0 0 12 2 0 1
P7629 2028 6 8 12 2 10 31 41 41 32 19 0 0 0 0 0 0 0 0 20 0 0 0 0 0 0 0 0 0 32 36 27 -999
P7629 2028 7 8 0 17 0 0 0 0 0 0 0 11 21 17 0 0 0 0 0 0 0 0 0 0 0 0 0 35 47 15 0 0
P7629 2028 8 0 0 0 0 0 0 0 0 0 0 0 0 0 0 0 0 0 0 0 0 0 0 0 0 0 0 0 0 0 0 0
P7629 2028 9 0 0 0 0 0 0 0 0 0 0 0 0 0 0 0 0 0 0 0 0 0 29 49 19 17 38 64 39 53 38 -999
P7629 2028 10 0 0 0 0 0 0 0 0 3 9 18 5 0 0 4 3 0 2 8 5 0 0 0 0 0 0 0 0 0 0 0
P7629 2028 11 0 0 0 0 25 26 2 0 0 0 0 14 4 2 0 0 0 1 1 1 2 1 0 0 0 0 0 1 1 1 -999
P7629 2028 12 0 0 0 0 1 0 0 0 0 0 0 1 35 81 22 18 64 36 3 8 6 2 1 1 1 1 1 1 1 12 0
P7629 2029 1 0 0 2 25 5 0 0 19 9 11 3 17 6 0 0 1 23 29 31 17 0 0 0 0 0 0 0 22 2 3 2
P7629 2029 2 1 3 1 1 1 0 0 0 0 0 1 0 0 1 0 0 0 0 0 0 0 0 0 0 0 0 3 5 -999 -999 -999
P7629 2029 3 12 15 20 33 32 35 28 7 28 25 1 0 0 1 0 0 0 0 0 9 11 1 1 0 0 0 0 0 0 0 11
P7629 2029 4 17 27 24 19 1 3 1 0 0 0 0 0 0 33 27 2 2 5 0 0 0 0 0 0 0 0 1 7 8 26 -999
P7629 2029 5 3 0 2 20 27 17 30 29 24 2 1 0 0 0 0 0 0 19 0 4 10 0 0 0 23 0 0 0 0 0 0
P7629 2029 6 115 155 170 130 0 0 0 0 0 0 0 0 0 0 0 0 0 0 0 0 0 0 0 0 0 0 0 0 0 0 -999
P7629 2029 7 0 0 0 0 0 0 0 0 0 22 0 0 0 0 0 53 36 11 0 0 0 0 21 0 0 0 0 0 0 0 0
P7629 2029 8 0 33 74 0 0 0 0 0 0 0 0 0 0 0 0 0 0 0 0 0 0 0 0 0 0 0 0 0 0 0 0
P7629 2029 9 0 0 0 0 0 0 0 0 0 0 0 0 0 0 0 0 0 7 0 13 10 28 17 5 23 39 34 34 10 4 -999
P7629 2029 10 0 0 0 0 0 0 0 0 5 0 0 0 0 0 0 0 0 7 0 0 0 0 0 0 0 27 17 32 112 64 9
P7629 2029 11 0 0 0 0 0 0 0 0 0 0 0 0 0 0 0 0 0 3 0 0 0 0 0 15 1 0 0 0 1 0 -999
P7629 2029 12 0 0 1 8 22 1 0 1 21 2 1 0 0 0 0 0 0 2 0 0 0 5 23 29 71 9 5 6 24 12 0
P7629 2030 1 0 0 0 4 21 3 4 26 23 37 40 26 8 4 2 4 5 0 0 0 1 0 0 0 1 0 1 1 27 0 0
P7629 2030 2 6 4 16 16 1 4 0 2 2 0 0 0 0 0 0 21 24 22 12 0 0 1 1 0 3 1 0 0 -999 -999 -999
P7629 2030 3 4 0 0 0 0 0 0 0 0 0 0 0 0 0 0 0 0 0 22 22 2 5 9 57 176 197 73 24 18 22 13
P7629 2030 4 8 33 21 3 1 0 0 2 11 5 20 24 4 18 31 15 4 9 20 30 4 2 2 6 19 43 65 2 1 1 -999
P7629 2030 5 0 0 0 0 0 0 0 0 0 4 22 26 16 22 43 33 12 2 0 0 0 0 0 0 23 26 0 0 0 0 0
P7629 2030 6 0 0 0 0 0 0 0 0 0 0 0 0 0 0 41 37 36 48 26 14 0 10 24 14 0 0 0 0 0 0 -999
P7629 2030 7 0 0 0 0 0 0 0 0 0 0 0 0 0 0 0 0 0 0 0 0 0 0 0 0 0 0 0 0 0 0 0
P7629 2030 8 0 0 0 62 60 0 0 0 0 0 0 0 0 0 0 0 0 0 0 0 0 0 0 0 0 17 97 102 30 25 0
P7629 2030 9 0 0 0 0 0 0 0 0 21 0 0 0 0 0 24 40 39 35 16 8 27 30 30 12 0 11 10 21 7 0 -999
P7629 2030 10 0 0 0 0 0 0 39 30 43 36 29 18 19 11 2 0 0 7 40 31 42 32 13 10 18 0 0 10 38 50 58
P7629 2030 11 31 34 28 18 35 39 17 15 17 19 28 3 1 3 10 2 12 29 23 18 16 27 28 25 4 12 1 8 31 8 -999
P7629 2030 12 0 0 0 0 1 3 1 0 0 1 1 1 0 0 0 0 0 0 0 0 0 0 0 0 0 0 1 4 1 19 3
P7629 2031 1 1 0 0 2 12 30 1 1 18 34 20 23 4 29 37 22 0 0 2 0 0 0 0 0 0 0 0 0 0 0 0
P7629 2031 2 0 1 2 5 2 10 10 3 27 10 11 19 26 13 3 0 35 109 8 7 8 6 10 24 3 4 2 1 -999 -999 -999
P7629 2031 3 3 1 2 1 1 19 9 1 2 21 22 9 11 1 0 0 1 1 0 1 1 0 0 0 0 0 0 0 0 7 14
P7629 2031 4 2 3 7 1 2 8 6 2 2 2 3 6 25 4 1 0 0 0 0 0 0 0 0 0 0 0 0 0 0 0 -999
P7629 2031 5 0 6 29 10 16 16 7 2 0 7 19 13 0 13 19 29 34 24 9 5 0 0 0 0 0 0 28 24 0 0 0
P7629 2031 6 0 0 0 0 0 0 64 17 5 0 0 0 0 0 0 0 0 0 0 0 0 0 0 0 0 0 0 0 0 0 -999
P7629 2031 7 0 0 0 0 0 0 0 0 0 0 0 83 49 27 24 5 0 17 18 0 0 0 0 0 32 25 0 0 0 0 0
P7629 2031 8 0 0 0 0 0 0 0 0 0 0 18 19 11 0 0 0 0 0 0 0 0 0 0 0 0 0 0 0 0 0 0
P7629 2031 9 0 0 0 0 0 0 0 0 0 25 35 21 0 0 0 0 0 19 22 0 0 36 45 41 17 26 17 15 0 0 -999
P7629 2031 10 0 0 8 0 0 0 3 14 52 33 0 32 37 24 30 24 6 4 3 6 12 56 0 0 12 0 0 13 0 0 10
P7629 2031 11 0 0 4 8 12 34 24 5 0 0 5 15 29 34 32 16 3 14 16 27 26 14 3 1 11 6 26 32 8 4 -999
P7629 2031 12 16 28 25 1 19 16 3 16 35 5 0 0 0 0 0 0 0 0 0 0 13 10 14 16 43 7 3 3 0 0 0
P7629 2032 1 0 0 5 4 26 20 5 17 24 0 0 31 38 31 47 29 0 0 0 1 0 0 0 0 0 1 1 0 6 3 6
P7629 2032 2 2 0 0 3 1 0 0 0 0 0 33 20 2 0 0 0 4 0 0 0 0 0 4 5 13 0 0 20 -999 -999 -999
P7629 2032 3 44 0 0 10 0 0 0 0 0 0 0 0 0 1 1 0 0 0 0 0 0 0 0 0 0 0 0 0 0 11 4
P7629 2032 4 24 24 13 18 36 36 54 35 23 4 1 0 0 13 24 10 6 3 0 2 0 0 16 42 39 6 0 0 0 0 -999
P7629 2032 5 0 0 16 22 0 0 0 0 0 0 0 35 14 9 12 13 11 13 13 10 0 2 4 2 9 12 12 12 20 59 62
P7629 2032 6 30 0 0 0 0 12 12 13 32 73 16 0 24 0 0 36 26 0 0 6 0 0 0 0 0 0 0 0 0 0 -999
P7629 2032 7 0 0 5 13 0 0 0 0 0 0 0 0 0 0 0 19 0 0 0 0 0 0 0 0 0 0 0 0 0 0 0
P7629 2032 8 0 0 0 0 0 0 0 0 0 0 0 0 0 0 0 0 0 0 0 0 0 80 42 0 0 0 0 0 0 0 0
P7629 2032 9 0 0 0 0 0 0 0 0 0 0 65 13 0 7 10 54 36 21 13 19 20 0 0 0 0 0 0 0 9 0 -999
P7629 2032 10 9 13 45 48 0 0 0 2 16 3 0 2 1 5 30 22 2 0 0 6 14 15 34 21 1 0 0 6 15 5 1
P7629 2032 11 0 0 1 2 1 0 0 0 0 0 0 0 0 0 0 0 0 0 0 0 0 0 0 0 0 0 3 0 2 28 -999
P7629 2032 12 29 3 1 1 0 0 0 0 0 0 0 0 0 0 0 0 0 0 0 1 0 0 0 0 7 13 0 0 0 0 0
P7629 2033 1 0 1 5 22 27 22 25 9 9 4 1 2 26 8 5 28 14 47 17 0 0 0 0 0 2 2 24 34 3 2 3
P7629 2033 2 0 0 0 0 1 6 10 15 25 18 23 26 17 0 0 0 0 4 1 0 0 0 0 3 2 0 0 0 -999 -999 -999
P7629 2033 3 0 0 0 0 0 0 0 0 0 0 14 39 57 25 5 8 13 66 0 15 4 18 11 0 0 0 2 18 9 2 0
P7629 2033 4 0 0 0 25 38 75 100 53 32 19 28 32 31 19 5 46 32 30 8 1 7 29 26 7 2 1 1 0 20 13 -999
P7629 2033 5 1 0 6 19 0 0 0 0 0 0 0 17 27 29 2 5 19 27 18 9 21 5 0 0 0 0 0 0 0 0 0
P7629 2033 6 0 0 0 0 0 0 0 0 0 0 0 35 37 0 0 0 0 0 0 0 0 0 0 0 0 0 0 0 0 0 -999
P7629 2033 7 0 0 74 16 0 0 0 0 0 0 0 0 0 0 0 0 0 0 0 0 0 0 0 0 0 0 28 0 0 0 0
P7629 2033 8 0 0 0 0 0 0 0 0 0 0 0 0 0 0 0 0 0 0 0 0 0 0 0 0 0 0 0 0 13 61 32
P7629 2033 9 50 37 15 0 0 0 18 7 0 12 0 0 0 45 33 0 0 0 0 0 0 0 0 0 0 0 0 0 0 28 -999
P7629 2033 10 33 9 0 31 64 30 29 41 18 3 10 32 32 26 0 0 0 0 0 0 0 0 0 0 0 3 0 0 3 0 0
P7629 2033 11 4 21 30 36 31 2 0 0 0 0 0 0 0 0 0 0 3 9 1 0 0 0 0 0 0 0 0 0 0 0 -999
P7629 2033 12 1 0 0 0 0 0 0 1 1 0 0 2 0 0 0 0 0 0 0 0 0 0 0 0 0 0 0 0 0 0 0
P7629 2034 1 0 0 0 0 0 0 0 0 0 0 1 20 21 2 3 2 0 0 0 0 0 0 0 0 0 0 0 0 0 0 0
P7629 2034 2 0 0 0 0 0 0 0 0 0 0 1 9 11 1 3 18 41 101 179 7 0 0 0 0 0 0 0 2 -999 -999 -999
P7629 2034 3 12 31 38 42 59 42 2 0 0 0 0 0 3 27 9 4 1 1 0 0 0 0 3 60 86 177 8 0 0 0 0
P7629 2034 4 0 0 0 0 0 0 0 0 0 0 0 0 0 0 0 0 0 0 0 2 31 9 0 0 0 0 15 40 21 4 -999
P7629 2034 5 0 0 0 0 0 0 0 0 0 0 0 0 0 0 0 0 0 0 0 0 0 0 0 16 29 0 22 0 0 25 0
P7629 2034 6 0 0 0 12 18 22 17 6 0 0 0 0 0 0 0 0 0 0 0 0 0 0 0 69 0 0 0 0 0 0 -999
P7629 2034 7 0 0 0 0 0 0 0 0 0 0 0 0 0 0 0 0 0 0 0 0 0 0 0 0 0 0 0 0 0 0 0
P7629 2034 8 0 0 21 16 0 0 19 0 0 0 0 0 0 0 0 0 0 0 0 0 0 0 0 0 0 0 0 0 0 133 99
P7629 2034 9 0 0 0 0 0 0 0 34 42 43 48 14 0 0 0 0 0 0 0 0 0 0 32 44 0 11 0 0 9 54 -999
P7629 2034 10 36 13 2 0 40 39 23 0 0 25 27 9 0 0 0 0 23 8 4 0 0 0 0 0 22 25 10 7 6 0 0
P7629 2034 11 0 0 0 0 0 1 3 2 20 2 0 3 24 15 0 0 0 0 0 0 27 30 34 20 2 6 1 1 0 0 -999
P7629 2034 12 1 0 0 0 0 1 1 1 4 1 0 0 0 1 5 8 0 0 0 0 0 0 0 0 1 1 1 1 1 1 2
P7629 2035 1 1 0 1 4 15 6 12 28 16 2 1 0 1 5 1 1 2 1 0 2 30 33 28 20 1 0 0 0 0 0 0
P7629 2035 2 0 5 4 0 0 0 9 10 0 0 0 0 0 0 0 0 0 0 0 0 2 9 12 27 29 5 1 7 -999 -999 -999
P7629 2035 3 2 2 4 4 1 9 39 105 31 1 1 8 66 109 90 44 9 2 17 46 39 23 19 3 4 9 1 11 13 20 4
P7629 2035 4 18 5 1 21 35 2 2 6 23 12 1 1 2 31 5 0 0 160 61 82 190 62 33 32 15 4 0 18 38 47 -999
P7629 2035 5 38 16 0 0 0 0 0 21 37 27 4 0 10 13 0 0 0 0 0 0 0 34 98 47 17 0 0 0 0 103 54
P7629 2035 6 0 0 0 14 21 20 17 9 38 13 8 0 0 0 0 0 0 0 0 0 0 0 0 0 0 0 0 0 0 0 -999
P7629 2035 7 0 0 0 0 0 0 0 0 0 0 0 0 0 0 0 0 0 0 0 0 0 0 0 0 0 0 0 0 0 0 0
P7629 2035 8 0 0 0 0 0 0 0 0 0 0 0 0 0 0 0 0 0 0 0 0 0 0 0 0 0 0 0 0 0 0 0
P7629 2035 9 0 0 0 0 0 0 0 0 0 0 0 0 0 0 38 26 0 0 0 0 0 0 48 77 116 130 138 111 90 0 -999
P7629 2035 10 0 35 54 52 17 0 0 0 0 20 0 0 57 47 24 0 0 0 0 36 18 12 6 4 0 0 0 0 0 0 0
P7629 2035 11 0 0 8 33 45 57 27 0 0 0 0 0 0 0 0 0 0 0 0 0 0 0 0 0 0 0 5 3 0 0 -999
P7629 2035 12 1 3 3 2 3 20 29 25 9 26 8 1 0 0 0 0 0 0 1 2 4 7 0 0 0 0 0 0 0 0 1
P7629 2036 1 2 1 1 0 0 7 11 35 12 6 11 4 9 1 0 0 0 1 1 1 1 1 0 0 0 0 1 0 0 0 0
P7629 2036 2 0 0 0 0 0 0 1 1 5 5 4 7 14 28 8 3 1 0 0 0 0 0 0 0 0 0 0 0 -999 -999 -999
P7629 2036 3 12 32 10 2 1 1 0 0 0 0 0 0 0 0 20 3 0 0 0 0 0 0 0 1 2 2 6 18 8 14 37
P7629 2036 4 20 26 25 8 1 0 0 0 0 0 0 0 0 0 0 0 0 0 0 0 0 0 0 0 0 2 2 0 0 0 -999
P7629 2036 5 0 0 14 11 15 3 3 5 0 0 17 28 28 18 17 24 23 2 0 0 0 0 10 0 0 0 0 0 0 0 0
P7629 2036 6 46 80 41 28 93 0 0 0 0 0 0 0 0 0 24 22 0 11 21 0 0 0 0 0 9 0 0 0 0 0 -999
P7629 2036 7 0 0 0 0 0 0 0 0 0 0 0 0 0 0 0 0 0 0 0 0 0 0 0 0 0 0 0 0 0 0 0
P7629 2036 8 0 0 0 0 0 0 0 0 0 0 0 0 0 0 0 0 0 0 0 0 0 0 0 0 0 0 0 0 0 0 0
P7629 2036 9 0 0 0 0 0 0 0 87 16 33 0 0 0 0 0 0 0 0 0 0 0 0 0 0 0 0 0 0 0 0 -999
P7629 2036 10 0 0 0 0 0 0 0 0 0 0 10 0 0 2 14 7 0 0 0 0 0 0 0 0 0 0 28 29 34 36 39
P7629 2036 11 48 0 0 0 2 5 0 15 5 0 0 0 9 39 30 15 2 0 0 6 22 0 0 0 0 0 14 1 0 0 -999
P7629 2036 12 0 0 0 1 2 0 0 0 0 0 0 1 1 0 0 0 0 0 1 0 1 7 27 7 8 14 1 1 2 0 0
P7629 2037 1 0 0 0 0 0 0 0 0 1 26 3 1 4 0 0 0 0 0 9 2 3 24 18 13 22 1 4 15 27 2 0
P7629 2037 2 21 67 65 60 18 38 73 49 17 7 0 0 0 0 0 0 0 4 0 0 0 0 0 0 0 2 24 9 -999 -999 -999
P7629 2037 3 0 0 0 0 0 0 0 0 0 0 0 0 0 30 38 41 16 37 11 3 9 23 18 2 7 2 2 8 3 6 0
P7629 2037 4 17 3 9 36 2 1 7 2 2 0 0 0 0 13 25 24 24 25 4 12 30 47 64 61 37 10 0 0 0 0 -999
P7629 2037 5 0 0 0 0 0 0 0 18 26 25 14 13 0 10 13 4 17 27 10 0 6 7 7 4 43 31 3 0 0 0 0
P7629 2037 6 0 0 18 44 81 52 0 0 31 8 0 0 28 52 26 6 10 15 24 30 23 6 0 0 0 0 0 0 0 0 -999
P7629 2037 7 0 0 0 0 0 0 0 0 0 0 0 0 0 0 0 0 0 0 0 0 0 0 0 0 0 0 0 0 0 0 0
P7629 2037 8 0 0 0 0 0 0 0 0 0 0 0 0 0 0 0 0 0 0 0 0 0 0 0 0 0 0 0 0 0 0 0
P7629 2037 9 0 0 0 0 0 0 0 0 0 0 0 0 0 0 0 0 25 24 0 0 0 0 0 0 0 0 0 0 12 7 -999
P7629 2037 10 5 0 0 0 0 0 0 0 0 0 6 27 0 0 0 0 0 16 19 6 0 0 0 0 0 7 0 0 0 0 0
P7629 2037 11 0 0 0 0 0 14 0 14 9 0 9 20 6 6 6 0 0 0 0 6 26 3 1 19 3 0 1 4 13 9 -999
P7629 2037 12 53 17 1 1 16 7 1 2 19 2 7 2 1 0 0 0 1 21 36 54 56 23 31 20 0 0 0 0 0 0 0
P7629 2038 1 0 3 1 5 11 0 1 0 0 0 0 0 0 4 14 4 26 5 0 0 0 0 2 1 2 9 22 1 1 9 0
P7629 2038 2 0 0 0 17 27 18 1 0 0 0 0 0 0 0 0 2 0 1 0 0 0 0 2 2 0 0 0 21 -999 -999 -999
P7629 2038 3 19 8 16 15 43 21 5 9 14 7 2 0 0 0 0 0 0 20 41 41 25 1 0 0 0 2 1 2 8 2 1
P7629 2038 4 0 0 0 0 0 0 0 11 29 5 6 68 172 130 33 17 0 0 0 0 122 27 0 12 43 56 59 0 0 52 -999
P7629 2038 5 37 11 0 0 9 23 25 4 0 0 0 0 0 0 0 0 135 119 49 55 30 22 0 0 8 18 18 23 20 10 33
P7629 2038 6 16 0 0 0 0 0 0 0 0 0 0 0 0 42 58 0 0 0 0 0 0 0 0 0 0 0 0 0 0 0 -999
P7629 2038 7 0 0 0 0 0 0 0 0 0 0 0 0 0 0 0 0 0 0 0 0 0 0 0 0 0 0 0 0 0 0 0
P7629 2038 8 0 0 0 0 0 0 0 0 0 0 0 0 0 0 0 0 0 0 0 0 0 39 45 61 46 0 0 0 0 0 0
P7629 2038 9 0 0 0 0 0 0 0 0 0 0 0 0 0 0 0 0 0 0 0 0 22 30 21 28 0 0 0 0 0 0 -999
P7629 2038 10 0 0 0 0 0 0 0 0 0 0 0 0 0 0 0 0 0 0 19 0 17 25 38 37 0 0 0 0 0 0 3
P7629 2038 11 33 29 13 0 0 0 2 6 8 4 4 10 11 18 42 24 2 4 0 0 0 0 0 0 0 0 0 0 1 0 -999
P7629 2038 12 0 1 4 18 62 56 6 8 0 2 18 14 7 1 1 3 1 1 25 2 21 1 1 0 4 5 6 5 0 0 0
P7629 2039 1 0 2 3 3 5 15 44 10 0 0 0 0 0 0 0 3 16 2 45 79 4 1 1 1 1 1 2 1 0 1 2
P7629 2039 2 5 25 2 1 3 0 8 51 74 86 47 0 0 2 5 3 1 1 2 0 0 0 1 1 2 2 0 0 -999 -999 -999
P7629 2039 3 1 0 0 0 0 0 0 4 18 12 15 71 4 23 26 42 5 8 18 29 4 0 0 0 0 2 0 0 0 0 0
P7629 2039 4 0 0 0 0 0 0 0 0 0 0 0 0 0 21 24 5 0 0 0 1 12 8 0 0 0 0 0 0 0 0 -999
P7629 2039 5 0 0 0 0 0 0 0 0 0 0 0 0 0 0 8 33 10 7 0 8 8 9 13 7 7 0 0 0 0 0 0
P7629 2039 6 25 28 29 43 32 21 7 15 0 0 0 0 0 0 0 0 0 0 0 0 0 0 0 0 0 0 6 46 48 22 -999
P7629 2039 7 0 0 0 0 0 0 0 0 0 0 0 0 0 0 0 0 0 0 0 0 0 0 0 0 0 0 0 0 0 0 0
P7629 2039 8 0 0 20 0 0 0 0 0 0 0 0 0 0 0 0 0 0 0 0 0 0 0 0 0 0 78 117 85 0 0 0
P7629 2039 9 0 0 0 0 0 0 0 0 0 0 0 0 0 0 0 0 0 0 0 20 0 0 0 0 0 0 0 0 0 0 -999
P7629 2039 10 0 0 0 0 0 0 0 0 0 0 0 0 13 20 3 0 0 0 0 2 4 5 12 4 5 7 24 31 38 43 22
P7629 2039 11 0 0 0 0 0 0 0 0 10 31 27 34 28 3 1 4 1 2 14 28 29 3 19 4 0 0 0 14 1 0 -999
P7629 2039 12 0 1 6 4 2 5 4 7 31 0 12 5 6 9 0 0 2 1 1 1 1 0 0 1 7 0 8 22 1 1 1
P7629 2040 1 0 0 0 0 11 7 1 2 1 1 1 5 1 1 1 11 2 1 2 3 0 0 0 0 0 0 0 0 0 0 0
P7629 2040 2 0 0 0 5 3 0 0 0 0 1 0 0 0 0 1 1 1 4 3 0 0 0 0 0 0 0 0 0 -999 -999 -999
P7629 2040 3 0 0 0 0 0 0 0 0 0 0 0 0 0 6 3 2 0 0 12 60 7 6 104 59 39 17 10 2 13 9 2
P7629 2040 4 1 27 29 19 3 1 3 0 0 0 0 0 0 0 0 20 28 5 11 20 0 20 16 4 63 64 10 2 0 0 -999
P7629 2040 5 1 0 1 3 6 7 1 0 0 0 0 0 0 0 0 0 0 0 0 0 0 27 7 0 0 0 0 0 0 0 0
P7629 2040 6 21 7 0 0 0 0 0 0 0 50 42 0 0 0 0 0 0 0 0 0 0 0 0 0 0 0 0 0 0 0 -999
P7629 2040 7 0 0 0 0 0 0 0 0 0 0 0 0 0 0 0 0 0 0 0 0 0 0 0 0 0 0 0 0 0 0 0
P7629 2040 8 0 0 0 0 0 0 0 0 0 0 0 0 0 0 0 0 0 0 0 0 0 0 0 0 0 0 0 0 0 0 0
P7629 2040 9 26 51 0 0 0 0 0 0 0 0 0 0 0 0 20 10 0 0 0 0 0 0 0 0 29 76 96 31 25 13 -999
P7629 2040 10 0 0 0 0 0 0 17 0 0 0 0 0 0 0 0 0 0 45 67 35 5 0 0 0 0 0 0 0 0 0 9
P7629 2040 11 20 12 11 43 7 15 27 26 27 18 1 1 4 18 3 3 0 0 0 0 0 0 0 1 32 41 14 3 0 0 -999
P7629 2040 12 4 0 0 3 46 22 7 0 2 15 74 145 112 28 2 0 0 0 0 22 5 30 31 37 0 0 0 10 20 1 2
P7629 2041 1 16 0 0 0 0 0 0 3 30 38 16 3 5 2 0 0 0 0 23 29 56 31 60 46 55 40 36 33 17 0 0
P7629 2041 2 0 0 0 0 1 23 18 22 3 11 10 0 1 4 1 4 22 29 31 11 20 26 4 15 24 5 1 0 -999 -999 -999
P7629 2041 3 2 5 0 0 0 0 0 0 1 5 1 3 6 1 3 1 1 30 31 21 3 3 13 6 3 43 28 11 6 14 23
P7629 2041 4 0 0 0 0 0 0 0 0 0 0 2 1 1 1 2 1 4 17 17 16 8 1 0 23 40 27 0 0 0 0 -999
P7629 2041 5 0 0 0 25 20 16 0 0 38 60 41 15 0 0 18 13 54 134 172 150 174 159 62 26 15 7 11 23 5 20 25
P7629 2041 6 9 0 0 0 0 0 10 0 0 0 0 0 0 0 0 0 0 0 0 0 0 0 0 0 0 0 0 0 0 0 -999
P7629 2041 7 0 0 0 0 28 0 0 0 0 31 24 0 0 0 0 35 23 22 0 0 0 0 0 0 0 31 32 37 0 0 0
P7629 2041 8 0 0 0 0 0 0 0 0 0 0 52 67 0 0 0 0 0 0 0 112 132 132 127 135 101 0 0 0 0 0 0
P7629 2041 9 0 0 0 0 0 0 0 0 0 0 0 0 0 0 0 0 0 0 0 0 0 27 35 35 29 13 0 0 0 0 -999
P7629 2041 10 0 34 23 10 0 0 0 0 16 18 48 36 0 0 0 0 0 0 0 0 0 20 0 0 0 0 0 0 4 0 0
P7629 2041 11 0 0 0 0 9 2 0 0 6 11 29 25 14 25 26 21 22 18 14 2 18 33 20 14 26 10 1 1 1 0 -999
P7629 2041 12 0 3 1 5 43 41 0 3 0 0 1 5 2 8 7 33 43 37 15 10 26 0 5 10 0 0 0 0 0 0 0
P7629 2042 1 0 0 0 0 0 3 28 2 1 0 0 0 0 0 0 0 0 0 0 0 0 0 0 0 0 0 0 0 0 0 10
P7629 2042 2 18 18 0 0 0 0 0 0 0 2 0 0 0 0 0 0 0 0 0 0 0 0 0 46 24 0 0 0 -999 -999 -999
P7629 2042 3 0 0 0 0 0 2 0 0 0 0 0 0 12 0 14 21 8 27 94 70 19 5 0 1 1 1 0 0 0 9 20
P7629 2042 4 20 1 0 0 17 20 23 3 1 1 3 3 1 6 3 2 6 4 0 0 144 191 127 35 65 123 77 24 16 28 -999
P7629 2042 5 29 15 19 2 0 0 0 3 16 41 7 0 0 0 0 0 0 0 0 0 0 0 0 0 0 0 0 0 0 6 12
P7629 2042 6 6 13 21 21 18 10 22 22 0 0 0 0 0 0 0 0 0 0 0 0 0 0 0 0 0 0 0 0 0 0 -999
P7629 2042 7 0 0 0 0 0 0 0 0 0 0 0 0 0 44 33 0 0 0 0 0 44 30 11 0 0 0 0 0 0 0 0
P7629 2042 8 0 0 0 0 0 0 0 0 0 0 0 0 0 0 0 0 0 0 0 0 0 0 0 0 0 0 0 0 0 0 0
P7629 2042 9 0 0 0 0 0 0 0 0 0 0 0 0 0 0 0 0 0 0 0 22 22 0 26 29 31 44 0 0 0 0 -999
P7629 2042 10 0 0 4 4 6 11 23 30 15 14 27 35 93 64 22 28 0 0 0 15 20 7 0 0 0 0 0 0 0 0 0
P7629 2042 11 0 0 0 0 0 0 7 8 0 0 0 0 0 0 0 0 0 0 0 10 1 0 0 0 0 0 0 0 2 2 -999
P7629 2042 12 0 0 3 31 11 5 3 1 1 1 1 1 1 4 25 5 2 24 1 1 0 0 1 9 5 2 0 0 0 0 0
P7629 2043 1 0 0 3 1 0 6 26 0 0 0 0 0 1 9 10 1 1 1 0 20 3 1 1 4 1 0 0 0 6 7 3
P7629 2043 2 0 0 0 2 2 14 13 0 0 0 0 0 0 0 0 0 0 0 0 0 0 3 1 0 0 0 0 0 -999 -999 -999
P7629 2043 3 0 4 9 15 4 0 4 31 31 11 19 1 1 0 0 0 0 0 29 2 4 16 51 17 18 1 0 0 0 0 0
P7629 2043 4 4 3 0 7 0 0 0 0 3 0 41 27 0 0 13 34 55 22 5 24 0 0 0 0 0 0 0 0 0 15 -999
P7629 2043 5 0 87 101 60 14 0 0 38 8 0 0 0 0 0 0 0 0 0 0 106 142 166 136 63 18 0 33 16 0 16 22
P7629 2043 6 5 4 2 0 0 0 0 9 0 0 0 0 0 0 0 0 0 0 0 0 0 0 0 0 0 0 0 0 0 0 -999
P7629 2043 7 0 0 0 0 0 0 0 0 0 0 0 0 0 0 0 0 0 0 0 0 0 0 0 0 0 0 0 0 0 0 0
P7629 2043 8 0 0 0 0 0 0 0 0 0 0 0 0 0 0 0 0 0 0 0 45 0 0 0 0 29 32 15 16 27 5 0
P7629 2043 9 0 0 0 0 0 0 0 0 0 0 0 0 69 97 63 64 36 0 0 0 0 0 20 0 0 0 0 3 4 10 -999
P7629 2043 10 27 55 13 0 0 0 0 0 62 18 0 0 0 0 13 8 6 7 0 0 0 0 22 16 22 30 8 7 24 13 0
P7629 2043 11 0 0 0 0 0 0 0 0 0 0 29 26 37 46 0 0 0 0 0 0 0 0 0 0 1 2 2 4 4 5 -999
P7629 2043 12 2 1 0 0 0 0 0 0 0 1 4 16 2 1 1 1 0 1 28 16 7 1 0 0 0 5 1 0 0 0 0
P7629 2044 1 0 0 0 0 0 1 1 0 0 0 0 0 0 0 0 1 1 1 15 8 0 0 0 0 0 0 0 18 33 0 0
P7629 2044 2 0 0 0 0 3 13 0 0 1 1 3 4 5 0 0 0 0 0 0 0 0 0 0 30 27 11 39 9 -999 -999 -999
P7629 2044 3 2 1 5 17 6 2 0 1 2 2 1 1 0 0 0 0 1 29 24 14 4 3 1 0 5 9 17 25 2 1 4
P7629 2044 4 0 1 3 4 0 0 0 0 0 0 0 0 0 2 0 0 0 0 0 0 0 0 0 0 13 14 26 6 0 0 -999
P7629 2044 5 0 0 0 3 7 20 0 17 32 13 5 0 0 0 10 0 0 0 96 81 37 16 0 0 0 0 0 0 36 40 38
P7629 2044 6 9 0 0 0 33 40 28 6 0 0 0 0 0 0 0 0 0 0 0 0 0 0 8 29 69 24 11 0 28 41 -999
P7629 2044 7 45 31 12 0 0 0 0 0 0 0 0 0 0 0 0 0 0 0 0 0 0 0 31 35 42 13 0 0 0 0 0
P7629 2044 8 0 0 0 0 0 0 0 0 0 0 0 0 0 0 0 0 0 15 21 22 0 0 0 0 0 0 0 0 0 0 0
P7629 2044 9 0 0 0 0 0 0 0 0 0 0 0 0 0 0 0 0 0 0 0 0 0 0 0 28 32 34 34 0 0 35 -999
P7629 2044 10 32 30 58 0 0 0 0 0 0 0 0 0 0 0 0 0 0 3 39 16 41 33 5 0 5 0 0 0 0 0 0
P7629 2044 11 7 0 5 2 0 0 0 1 7 2 7 20 18 20 3 16 34 2 1 9 20 17 1 13 10 14 28 32 4 0 -999
P7629 2044 12 0 0 0 0 0 0 0 0 3 17 8 0 4 6 14 32 18 6 0 0 1 1 5 10 4 0 0 0 1 1 2
P7629 2045 1 25 36 14 2 1 2 39 53 28 8 15 6 20 25 9 1 2 3 0 0 0 4 3 2 0 0 0 0 0 0 5
P7629 2045 2 3 45 89 36 8 34 30 3 0 0 1 1 1 0 0 1 1 0 0 0 0 0 0 0 0 0 0 0 -999 -999 -999
P7629 2045 3 0 0 0 0 0 0 0 0 12 12 0 1 29 34 3 3 1 0 0 0 0 0 0 0 0 0 0 0 0 0 2
P7629 2045 4 6 0 0 1 2 30 30 13 1 2 7 0 0 0 14 23 27 0 0 0 0 0 0 0 0 0 0 9 17 5 -999
P7629 2045 5 21 5 0 0 0 0 43 56 27 9 1 0 0 0 0 0 0 0 0 0 0 4 0 0 0 0 0 0 0 0 5
P7629 2045 6 6 6 3 0 5 5 8 9 17 10 7 13 15 0 0 0 0 0 0 15 32 19 36 28 27 17 11 0 0 0 -999
P7629 2045 7 0 0 0 0 0 0 0 0 0 0 0 0 0 0 0 0 0 0 0 0 0 0 0 0 0 0 0 0 0 0 0
P7629 2045 8 0 0 0 0 0 0 0 0 0 0 0 0 0 0 0 0 0 0 0 0 0 0 0 0 0 0 0 0 0 0 0
P7629 2045 9 0 0 0 0 0 0 0 0 0 0 0 0 21 37 51 25 24 0 0 0 0 0 0 0 0 0 0 0 0 35 -999
P7629 2045 10 27 0 45 80 48 0 0 0 0 0 0 0 0 0 30 25 54 24 7 0 0 0 0 0 0 0 0 0 0 0 0
P7629 2045 11 17 36 23 0 0 4 0 0 0 0 3 1 0 0 0 4 28 26 14 0 0 0 10 18 3 3 21 9 1 1 -999
P7629 2045 12 0 0 0 1 1 1 1 4 2 0 0 0 0 0 0 0 0 2 2 3 10 0 0 2 3 9 1 10 0 0 0
P7629 2046 1 0 1 8 2 9 11 5 10 1 1 12 5 1 1 1 2 1 1 2 1 2 2 5 1 1 11 38 26 23 18 19
P7629 2046 2 52 155 153 73 8 12 17 22 12 10 13 11 23 23 20 16 11 1 0 1 1 4 6 1 1 2 16 21 -999 -999 -999
P7629 2046 3 27 44 25 1 1 2 28 38 31 21 13 1 24 17 16 4 27 16 8 3 3 7 2 0 0 0 0 24 29 1 0
P7629 2046 4 0 0 0 14 9 1 1 2 10 3 1 0 1 1 5 1 3 9 26 28 23 5 3 5 3 5 4 14 12 2 -999
P7629 2046 5 0 0 0 0 0 0 12 3 0 0 0 0 0 5 3 12 15 17 0 0 0 0 0 0 0 31 26 15 5 0 0
P7629 2046 6 0 0 0 0 0 0 0 0 0 0 31 12 9 18 18 10 0 8 35 40 20 0 0 0 0 0 0 0 0 0 -999
P7629 2046 7 0 0 0 0 0 0 52 25 18 0 0 0 0 0 0 0 0 0 0 0 0 0 0 0 0 0 0 0 0 0 0
P7629 2046 8 0 0 0 0 0 0 0 0 0 0 0 0 56 23 28 21 0 0 0 33 0 0 0 0 0 0 0 0 0 0 0
P7629 2046 9 0 0 0 0 0 83 91 0 54 0 0 0 0 0 30 30 23 0 0 0 0 0 0 0 0 0 0 0 26 0 -999
P7629 2046 10 0 34 39 57 60 32 23 24 2 0 0 0 0 0 0 0 0 0 0 0 6 10 17 8 2 6 0 10 25 4 7
P7629 2046 11 5 0 0 0 2 51 51 13 1 1 0 0 0 0 0 0 0 0 0 0 0 0 2 2 4 2 0 14 41 17 -999
P7629 2046 12 18 17 26 6 23 40 31 8 5 8 2 2 2 30 29 27 3 14 47 41 6 0 0 0 0 0 0 0 0 0 0
P7629 2047 1 0 0 0 0 0 0 0 1 1 1 3 3 0 23 19 28 29 18 7 3 8 2 1 0 0 0 0 0 0 0 0
P7629 2047 2 1 1 0 2 13 3 1 0 0 0 0 0 1 4 1 0 0 0 0 0 0 0 0 2 18 1 6 2 -999 -999 -999
P7629 2047 3 3 2 2 0 5 26 18 0 0 0 0 0 0 0 0 0 0 0 0 0 0 0 27 29 4 1 1 0 0 1 3
P7629 2047 4 23 1 1 1 0 0 4 13 14 18 28 22 2 1 23 24 1 2 4 3 0 0 0 0 0 0 1 4 2 0 -999
P7629 2047 5 0 0 0 3 6 4 13 42 46 33 30 60 54 20 19 37 32 24 51 12 0 0 0 0 0 0 0 0 0 0 0
P7629 2047 6 0 0 0 0 0 0 0 0 0 0 0 0 23 23 12 21 0 0 0 0 0 0 0 0 0 0 0 0 0 0 -999
P7629 2047 7 16 30 33 28 37 31 0 0 0 0 0 0 0 22 0 0 0 0 41 35 31 0 0 0 0 0 0 0 0 0 0
P7629 2047 8 0 0 0 0 0 0 0 0 0 0 0 0 0 0 0 0 0 0 0 0 0 0 0 0 0 0 0 0 0 0 0
P7629 2047 9 0 0 0 0 0 0 0 0 0 0 0 106 171 122 74 36 14 0 0 0 0 0 0 0 52 33 0 0 17 11 -999
P7629 2047 10 15 41 36 25 9 9 18 4 7 18 32 34 19 10 13 24 38 7 24 5 1 0 0 0 0 0 13 0 0 0 0
P7629 2047 11 0 0 0 1 0 3 0 0 0 12 21 16 6 1 2 2 1 0 0 0 0 0 0 0 0 0 0 0 0 0 -999
P7629 2047 12 0 0 0 0 0 0 0 0 0 0 0 0 0 0 0 0 0 0 0 0 0 0 0 1 6 1 0 0 0 0 0
P7629 2048 1 0 4 0 0 0 0 0 0 0 0 0 2 10 1 0 0 0 0 0 0 0 0 0 0 0 0 0 0 0 0 0
P7629 2048 2 0 0 0 0 1 0 0 0 0 1 1 1 2 4 1 5 1 1 1 0 0 0 0 0 0 0 0 0 -999 -999 -999
P7629 2048 3 0 0 0 0 0 0 19 33 29 11 29 5 1 19 12 55 5 0 3 11 23 0 0 6 5 5 5 2 10 13 10
P7629 2048 4 4 1 0 0 0 0 0 0 1 0 0 0 0 0 0 0 0 10 0 0 6 7 27 1 0 0 0 0 0 0 -999
P7629 2048 5 0 11 14 7 2 1 0 0 5 19 16 4 3 26 40 9 17 24 3 0 40 60 70 72 0 0 0 0 0 0 0
P7629 2048 6 0 0 0 0 0 0 0 0 0 0 0 0 0 0 0 0 0 0 41 0 0 0 0 0 0 0 0 0 0 0 -999
P7629 2048 7 0 0 0 0 0 0 0 0 0 0 0 0 0 0 0 0 0 0 0 0 0 0 0 0 0 0 0 0 0 0 0
P7629 2048 8 0 0 0 0 0 0 0 0 0 0 0 0 29 42 0 0 0 0 0 0 0 0 0 0 0 0 0 0 0 0 0
P7629 2048 9 0 0 0 0 0 0 0 0 0 22 39 5 0 0 0 0 0 28 0 0 0 0 0 0 0 0 49 43 33 20 -999
P7629 2048 10 0 0 0 0 0 11 2 0 0 0 0 0 0 0 0 0 0 0 0 21 7 4 0 0 0 0 0 0 0 0 2
P7629 2048 11 0 0 0 4 0 39 32 0 0 0 0 0 0 0 0 2 31 26 17 9 3 0 0 0 0 7 51 26 10 15 -999
P7629 2048 12 40 39 28 0 20 48 6 0 0 0 0 0 0 0 0 0 0 0 6 4 0 0 0 0 0 0 13 13 36 27 0
P7629 2049 1 0 0 1 5 21 3 2 7 5 7 3 2 4 4 0 0 0 0 0 0 3 7 11 4 1 1 4 5 3 1 14
P7629 2049 2 9 23 25 55 19 0 0 0 0 0 0 0 0 4 0 0 0 0 0 0 0 0 0 0 0 3 3 1 -999 -999 -999
P7629 2049 3 0 0 0 0 0 0 0 0 0 0 0 0 0 0 1 0 0 0 0 0 2 5 8 12 0 0 0 0 0 30 33
P7629 2049 4 7 13 7 0 0 0 0 0 0 0 0 0 0 0 0 23 25 26 0 0 0 6 0 0 22 31 1 0 0 0 -999
P7629 2049 5 2 2 11 1 1 1 3 25 27 25 7 2 1 0 0 0 0 0 2 7 59 28 28 33 33 17 29 42 11 0 0
P7629 2049 6 0 0 0 7 23 0 0 0 0 0 0 0 0 0 0 0 0 0 0 0 0 0 0 0 0 0 0 0 0 0 -999
P7629 2049 7 0 12 6 22 0 0 0 0 0 0 0 0 0 0 0 0 0 0 0 0 0 0 0 0 0 0 0 0 0 0 0
P7629 2049 8 0 0 0 0 0 0 0 0 0 0 0 0 0 0 0 0 0 0 0 32 17 0 0 0 0 0 0 0 0 0 0
P7629 2049 9 0 0 0 0 0 0 46 84 58 41 34 11 16 0 0 0 0 63 80 32 49 35 28 11 0 0 0 0 0 0 -999
P7629 2049 10 0 0 0 0 0 2 1 1 2 0 0 2 5 9 16 24 18 0 0 0 0 4 4 13 32 39 23 11 4 16 36
P7629 2049 11 14 33 35 22 26 12 9 4 23 10 23 19 20 13 20 41 43 25 2 1 1 0 0 4 0 0 0 0 0 1 -999
P7629 2049 12 1 1 3 18 9 1 0 0 0 0 0 0 0 0 1 2 9 13 19 16 21 1 0 1 1 4 9 4 48 27 18
P7629 2050 1 13 24 26 26 3 30 24 25 47 93 16 2 1 2 2 6 3 4 0 0 0 0 13 30 31 4 0 0 0 0 0
P7629 2050 2 0 0 0 0 0 0 0 0 0 0 0 0 0 0 0 0 0 0 19 24 28 24 0 7 11 1 0 0 -999 -999 -999
P7629 2050 3 0 16 38 32 82 129 84 27 38 35 72 28 16 5 2 0 1 2 2 17 38 16 1 5 12 4 13 10 20 22 38
P7629 2050 4 25 7 1 3 18 28 26 7 15 20 0 8 21 16 18 4 5 3 0 3 2 0 0 0 0 5 7 2 0 1 -999
P7629 2050 5 14 2 1 4 2 5 0 1 4 0 0 0 0 0 0 26 34 69 96 50 32 29 34 0 4 36 33 21 33 16 0
P7629 2050 6 0 13 8 0 0 0 0 0 0 21 0 0 0 0 10 0 0 0 0 26 0 0 0 0 0 0 0 0 0 0 -999
P7629 2050 7 0 0 0 0 0 0 0 0 0 0 0 0 0 0 0 0 0 0 0 0 0 0 0 0 36 0 0 0 0 0 0
P7629 2050 8 0 0 0 0 0 0 0 0 0 0 0 0 0 0 0 0 0 0 0 0 0 15 19 0 0 0 0 0 0 0 0
P7629 2050 9 0 0 0 0 0 0 0 0 0 0 0 0 0 0 0 0 0 0 0 0 0 0 0 0 0 0 0 0 26 0 -999
P7629 2050 10 28 27 3 0 0 0 0 0 0 0 0 0 0 66 19 13 22 16 6 0 5 13 36 22 20 18 6 6 0 0 3
P7629 2050 11 0 0 0 1 1 2 3 10 14 7 20 25 30 35 0 0 0 0 0 0 0 23 17 15 1 0 1 12 0 2 -999
P7629 2050 12 1 3 8 0 0 0 1 2 2 0 0 0 0 0 0 0 0 0 1 1 0 0 0 0 0 0 0 0 0 0 1
P7629 2051 1 2 0 0 0 0 0 0 0 0 2 0 0 0 2 3 0 0 0 0 0 0 0 0 0 0 0 0 0 16 8 0
P7629 2051 2 0 6 4 26 31 18 0 0 0 0 5 2 0 0 0 0 9 0 0 8 4 0 0 1 2 0 0 0 -999 -999 -999
P7629 2051 3 0 0 0 0 0 0 0 0 11 20 24 27 3 3 31 0 0 36 35 23 11 39 16 0 0 0 0 0 0 3 25
P7629 2051 4 27 22 6 4 8 92 54 0 0 0 38 32 60 31 19 30 19 30 15 22 2 0 14 16 0 0 0 0 0 11 -999
P7629 2051 5 5 0 0 4 14 118 70 0 42 32 30 39 29 24 2 0 0 3 2 0 0 0 0 117 128 104 52 17 0 0 0
P7629 2051 6 0 0 0 0 0 0 0 0 0 0 0 0 0 0 31 31 0 0 0 0 0 0 0 0 0 0 0 0 0 0 -999
P7629 2051 7 0 0 0 0 0 0 0 13 22 0 0 0 0 0 0 0 0 0 0 0 0 0 0 0 0 0 0 0 0 0 0
P7629 2051 8 0 0 0 0 0 0 0 0 0 0 0 0 0 0 0 0 0 0 0 50 69 43 27 23 22 5 0 0 0 0 0
P7629 2051 9 0 0 0 0 0 0 0 0 0 0 0 74 44 20 0 0 0 0 0 0 0 0 0 0 14 26 25 0 0 0 -999
P7629 2051 10 0 0 0 68 65 0 0 0 14 167 142 36 2 0 0 0 0 0 0 0 0 0 0 3 0 0 14 26 13 19 20
P7629 2051 11 21 34 33 22 18 6 0 0 0 0 0 0 0 0 0 2 3 1 0 0 0 0 0 2 1 0 0 0 5 0 -999
P7629 2051 12 0 0 0 3 5 2 0 4 28 20 1 2 1 1 5 20 26 19 3 0 0 0 0 0 0 0 0 0 0 0 0
P7629 2052 1 0 0 0 0 0 0 0 0 13 22 42 0 29 135 40 2 6 49 20 30 25 57 49 10 2 0 6 78 125 91 30
P7629 2052 2 13 35 94 81 13 32 39 26 4 104 149 109 12 4 3 37 5 1 5 27 0 0 0 7 29 2 0 5 -999 -999 -999
P7629 2052 3 0 0 0 0 0 0 0 0 0 0 0 0 0 11 19 30 17 4 28 30 18 0 23 4 0 0 0 0 0 0 0
P7629 2052 4 0 0 0 3 0 0 34 5 0 0 0 0 2 0 0 0 2 0 0 0 0 0 0 0 0 0 0 0 11 14 -999
P7629 2052 5 0 0 0 0 0 4 0 4 4 3 3 20 60 45 34 11 16 20 36 11 0 0 0 0 15 7 0 0 0 0 0
P7629 2052 6 0 0 0 0 92 134 74 0 0 0 0 0 0 0 0 0 0 0 0 0 0 0 0 0 35 33 0 0 0 0 -999
P7629 2052 7 0 0 0 0 0 0 0 0 0 0 0 0 0 0 0 0 0 0 0 0 0 0 0 0 0 0 0 0 0 11 20
P7629 2052 8 51 36 25 9 0 0 0 0 0 0 0 0 0 0 0 0 0 0 0 0 0 0 0 0 0 0 0 0 0 0 0
P7629 2052 9 0 0 0 0 0 0 0 0 0 0 0 0 0 0 0 0 0 0 0 0 0 0 0 0 0 0 0 0 0 0 -999
P7629 2052 10 0 0 0 0 0 0 0 0 0 0 0 0 0 0 27 9 0 0 4 0 0 0 0 0 31 29 0 0 0 0 0
P7629 2052 11 19 32 11 2 0 0 0 0 0 0 0 1 0 0 0 0 0 0 16 6 20 11 62 47 2 0 1 2 8 2 -999
P7629 2052 12 0 0 0 10 1 1 0 0 0 0 0 0 0 1 20 3 2 2 0 0 1 1 0 0 1 1 0 0 0 1 0
P7629 2053 1 0 0 0 0 0 0 0 0 14 18 24 3 18 4 0 2 3 2 0 0 51 10 89 93 77 52 27 6 1 1 13
P7629 2053 2 28 29 34 26 11 16 8 2 11 9 0 0 0 0 6 13 13 12 16 7 0 13 14 25 30 24 26 8 -999 -999 -999
P7629 2053 3 0 0 0 0 0 0 0 0 0 0 0 0 0 0 0 0 0 0 0 0 0 0 0 0 0 2 0 0 0 8 58
P7629 2053 4 33 26 5 1 0 0 0 0 0 2 0 27 35 36 29 3 2 0 0 0 0 0 0 124 206 150 178 191 197 74 -999
P7629 2053 5 17 23 7 0 0 0 0 0 0 0 0 0 0 0 0 0 0 0 0 0 0 0 0 0 0 0 0 0 16 17 2
P7629 2053 6 0 0 0 0 0 0 0 0 39 0 0 0 0 0 0 0 0 88 91 0 0 0 0 0 42 0 0 0 0 0 -999
P7629 2053 7 0 0 0 0 0 0 0 0 52 38 0 0 0 0 0 0 0 0 0 0 0 0 0 0 0 0 0 11 0 0 0
P7629 2053 8 0 0 0 20 0 0 0 0 0 0 0 0 0 0 0 0 0 0 0 0 0 0 0 165 208 127 50 0 0 25 0
P7629 2053 9 0 0 0 0 0 0 0 0 0 0 8 19 0 0 0 74 45 14 50 79 76 69 81 76 0 0 0 87 43 21 -999
P7629 2053 10 18 12 0 0 13 0 0 106 54 36 46 0 0 0 0 0 0 0 0 7 0 0 0 0 0 0 0 0 0 2 0
P7629 2053 11 0 0 3 1 0 0 0 0 0 5 33 15 0 0 6 18 23 20 7 2 4 19 1 1 0 0 0 0 0 0 -999
P7629 2053 12 0 0 0 0 0 0 0 0 0 3 10 42 45 4 2 1 1 1 0 0 0 0 4 30 24 13 0 0 0 15 28
P7629 2054 1 61 23 0 7 24 16 1 0 0 0 0 0 0 0 0 0 1 10 16 15 2 0 0 0 0 0 0 0 0 0 0
P7629 2054 2 0 0 1 2 1 1 1 1 0 0 0 0 0 0 0 0 0 0 0 0 0 0 0 0 0 0 0 0 -999 -999 -999
P7629 2054 3 0 0 0 0 0 0 0 1 1 0 0 0 0 0 3 17 8 1 0 0 0 0 21 2 0 5 9 6 4 4 12
P7629 2054 4 10 1 0 2 9 6 7 2 2 30 11 0 0 9 32 4 3 10 25 35 31 22 11 17 36 34 23 8 0 0 -999
P7629 2054 5 0 8 30 16 7 2 3 6 40 28 23 31 2 1 0 0 0 0 0 0 4 0 0 0 0 0 0 2 0 0 0
P7629 2054 6 0 0 0 0 0 0 0 0 0 0 0 0 0 0 0 0 0 0 0 0 0 0 0 0 0 0 0 0 0 0 -999
P7629 2054 7 0 0 0 0 0 0 0 0 0 0 0 0 0 0 0 20 45 29 26 27 0 0 0 0 0 0 0 0 0 0 0
P7629 2054 8 0 0 0 0 0 0 0 0 0 0 0 0 0 0 0 0 0 0 0 0 0 0 0 0 0 0 0 0 0 0 0
P7629 2054 9 0 0 0 0 0 0 62 76 74 0 0 0 0 0 0 0 25 37 10 0 0 0 51 35 31 60 13 0 0 0 -999
P7629 2054 10 0 0 19 33 7 0 17 40 29 18 15 29 43 8 0 0 0 0 0 0 62 76 10 1 3 0 0 0 3 1 7
P7629 2054 11 25 28 33 27 34 27 9 9 37 31 0 0 0 0 0 0 1 0 0 0 0 0 0 0 0 0 0 1 2 2 -999
P7629 2054 12 1 4 1 0 0 0 0 0 0 0 0 0 1 0 1 0 0 0 0 0 0 0 0 1 0 0 0 0 0 0 0
P7629 2055 1 0 0 0 8 16 31 35 17 6 9 11 57 39 24 59 45 10 25 18 27 8 30 27 9 2 2 0 0 3 3 5
P7629 2055 2 3 0 0 0 0 0 0 0 0 0 0 0 0 1 3 24 8 0 0 0 0 7 0 0 0 0 0 0 -999 -999 -999
P7629 2055 3 0 4 29 43 9 2 28 4 1 23 21 1 15 28 2 3 8 25 2 3 0 2 18 27 20 14 10 9 24 24 0
P7629 2055 4 0 0 0 0 0 0 18 1 1 7 0 0 11 3 1 0 0 0 0 11 128 78 118 191 143 79 72 22 7 20 -999
P7629 2055 5 16 27 30 30 27 67 42 43 34 31 14 29 81 153 112 13 0 0 0 3 2 1 0 0 0 0 0 0 0 0 23
P7629 2055 6 29 27 21 19 39 25 0 0 0 0 0 0 0 0 32 30 22 15 12 5 0 0 0 0 0 0 0 0 0 0 -999
P7629 2055 7 0 0 0 0 0 0 0 0 0 0 0 0 0 0 0 0 0 0 68 0 0 0 0 0 0 0 0 0 0 0 0
P7629 2055 8 0 0 0 0 0 0 0 0 0 0 0 0 0 0 0 0 0 0 0 0 0 0 0 0 0 0 0 0 0 0 0
P7629 2055 9 0 0 0 0 0 0 0 0 0 0 0 0 0 0 0 0 0 0 0 0 0 0 0 22 31 0 0 0 0 0 -999
P7629 2055 10 0 0 0 0 0 0 0 20 16 0 0 7 21 0 4 0 0 0 5 0 0 0 1 17 27 6 0 0 0 0 0
P7629 2055 11 0 9 13 31 13 27 41 42 29 0 0 0 0 1 0 1 4 0 0 0 0 2 7 6 3 0 0 0 0 5 -999
P7629 2055 12 11 23 16 0 0 0 0 0 0 12 27 42 27 7 1 1 0 1 0 1 3 1 0 0 0 0 0 0 0 0 4
P7629 2056 1 3 0 0 0 0 0 11 2 5 4 0 0 0 0 0 0 0 0 0 0 1 5 1 1 1 1 1 1 1 2 2
P7629 2056 2 0 0 0 0 0 0 0 0 0 0 0 0 0 0 0 0 0 0 0 0 0 0 0 1 0 0 0 0 -999 -999 -999
P7629 2056 3 0 5 5 0 0 0 0 0 0 31 19 0 0 0 0 73 32 3 0 0 1 0 0 6 4 25 11 5 4 16 15
P7629 2056 4 0 0 0 0 0 13 8 0 0 7 16 4 0 0 44 109 63 0 0 49 14 38 64 32 16 26 31 41 4 0 -999
P7629 2056 5 5 17 23 3 4 45 36 20 6 0 0 7 4 0 0 0 0 0 0 0 0 0 0 25 32 23 25 13 2 0 0
P7629 2056 6 38 39 14 19 21 24 9 13 0 0 0 0 0 0 0 0 0 0 0 0 0 0 0 0 0 0 0 0 0 0 -999
P7629 2056 7 0 0 65 0 0 0 0 0 24 0 0 0 0 0 14 0 0 0 0 0 0 0 0 0 0 0 0 0 0 0 0
P7629 2056 8 0 0 0 0 0 0 0 0 0 0 0 0 0 0 0 0 0 0 0 0 0 0 0 0 0 0 0 0 0 0 0
P7629 2056 9 0 0 0 0 0 0 0 0 28 61 112 0 0 0 0 0 0 0 0 0 0 0 0 0 0 0 0 0 27 49 -999
P7629 2056 10 97 48 19 0 0 0 0 0 28 64 0 0 0 0 0 0 0 0 0 0 0 0 0 33 39 37 0 0 0 0 0
P7629 2056 11 0 0 0 5 9 8 22 8 0 0 0 0 0 4 0 0 0 0 11 5 0 0 0 1 3 13 58 143 94 35 -999
P7629 2056 12 2 4 29 25 37 9 9 1 0 1 24 26 11 1 1 2 5 1 2 20 30 20 0 0 0 0 0 0 0 0 0
P7629 2057 1 0 0 0 0 0 1 1 6 5 2 0 0 0 0 0 0 0 0 0 0 0 0 0 0 0 3 9 22 24 1 1
P7629 2057 2 1 1 1 1 3 24 17 3 17 20 2 0 0 0 0 0 0 7 3 8 25 22 35 64 47 5 1 4 -999 -999 -999
P7629 2057 3 4 0 0 8 32 37 54 8 0 3 2 0 0 0 0 0 0 0 0 0 0 0 0 0 0 8 3 0 0 2 3
P7629 2057 4 2 0 2 9 14 6 0 6 5 10 33 24 29 27 11 29 24 20 16 4 2 2 0 0 0 0 0 11 8 0 -999
P7629 2057 5 0 0 0 0 0 0 0 0 0 0 3 12 20 20 22 24 33 33 8 1 0 1 2 3 3 0 21 28 17 7 7
P7629 2057 6 13 9 9 0 0 0 0 0 0 8 31 62 0 0 0 0 0 0 0 0 26 0 0 0 0 0 0 0 0 0 -999
P7629 2057 7 0 0 0 0 0 0 0 0 22 0 0 0 0 0 0 0 0 0 0 0 0 0 0 0 0 0 0 0 0 0 0
P7629 2057 8 0 0 0 0 0 0 0 0 0 0 0 0 0 0 0 0 0 0 0 0 0 0 0 0 0 0 0 0 0 0 0
P7629 2057 9 0 0 0 0 0 0 49 58 60 73 0 0 41 54 113 0 0 0 0 13 0 0 0 0 0 37 33 0 0 0 -999
P7629 2057 10 0 0 5 0 0 0 0 0 0 0 0 0 0 0 49 0 0 8 0 0 0 0 0 0 0 0 0 0 0 6 1
P7629 2057 11 6 1 2 26 32 36 10 17 33 29 33 41 12 9 3 1 1 0 0 1 1 0 0 0 0 0 0 0 0 0 -999
P7629 2057 12 0 0 0 0 0 0 0 0 4 4 31 26 25 28 21 2 0 0 0 0 0 0 0 0 0 0 0 0 5 12 4
P7629 2058 1 0 0 0 0 0 0 0 0 1 3 2 0 7 96 28 0 0 5 0 0 0 0 0 0 0 2 2 9 2 1 0
P7629 2058 2 1 2 0 0 0 0 0 0 0 0 0 0 1 0 1 1 0 0 0 0 0 0 0 0 0 0 0 0 -999 -999 -999
P7629 2058 3 0 0 0 0 0 0 0 0 0 0 0 0 0 0 0 0 0 0 0 0 19 3 0 12 14 23 1 0 0 0 0
P7629 2058 4 0 0 0 0 20 3 0 0 9 29 15 1 0 0 1 0 0 0 17 15 1 0 0 0 0 0 0 0 0 0 -999
P7629 2058 5 0 0 0 0 0 3 0 0 0 0 0 0 27 14 0 0 0 0 0 6 0 4 2 3 2 3 14 35 20 22 11
P7629 2058 6 32 30 0 0 0 0 0 0 0 0 0 0 0 0 0 0 0 0 0 0 0 0 0 0 0 0 0 0 0 0 -999
P7629 2058 7 0 0 0 0 0 0 0 0 0 0 0 0 0 0 11 0 18 23 0 0 0 0 0 0 0 0 0 0 0 0 0
P7629 2058 8 0 0 0 0 0 0 0 0 0 0 0 0 0 0 0 0 0 0 0 0 0 0 0 0 0 0 0 0 0 0 0
P7629 2058 9 0 0 0 0 0 0 0 0 0 0 0 0 0 22 0 0 0 0 0 0 0 20 26 0 0 0 0 0 0 0 -999
P7629 2058 10 0 0 0 0 2 0 0 0 0 0 0 0 0 0 0 0 0 0 0 0 0 4 10 0 0 0 0 0 0 0 0
P7629 2058 11 0 0 0 0 0 0 0 7 11 1 2 10 1 1 1 19 11 13 19 29 28 1 0 0 0 4 27 33 28 31 -999
P7629 2058 12 12 30 4 0 0 0 1 0 1 0 0 0 0 0 0 0 0 32 14 1 1 1 0 0 0 1 16 12 4 1 18
P7629 2059 1 25 22 11 3 1 1 0 0 0 0 0 0 0 0 1 1 0 0 0 14 12 1 0 0 2 0 0 0 0 0 0
P7629 2059 2 0 0 0 0 0 0 0 0 0 0 0 0 0 0 0 0 0 0 0 0 0 0 0 0 0 0 0 0 -999 -999 -999
P7629 2059 3 0 0 0 0 0 0 0 0 0 0 0 2 13 8 2 0 0 0 0 0 29 12 2 12 11 2 1 8 31 37 2
P7629 2059 4 0 0 0 0 0 0 0 0 0 0 0 0 3 0 0 0 0 0 0 0 0 0 19 41 33 24 20 68 43 9 -999
P7629 2059 5 0 0 0 33 71 17 14 24 28 19 15 14 9 0 0 0 9 15 6 8 0 0 0 0 0 0 0 0 0 0 0
P7629 2059 6 0 0 0 0 0 0 31 51 35 0 0 0 0 0 0 0 0 0 0 0 0 0 0 0 0 0 40 0 0 0 -999
P7629 2059 7 0 0 0 0 0 0 0 0 0 0 0 0 0 0 30 43 32 24 0 0 0 0 0 0 0 0 0 0 0 0 0
P7629 2059 8 0 0 0 0 0 0 0 0 0 0 0 0 0 0 0 0 0 0 0 0 0 0 0 0 0 0 0 0 0 0 0
P7629 2059 9 0 0 38 0 0 0 0 0 0 0 0 0 0 0 0 0 0 0 0 0 0 0 0 19 33 24 0 0 0 0 -999
P7629 2059 10 0 0 0 0 0 0 0 0 0 0 0 0 0 0 34 32 0 0 0 22 6 22 25 26 22 13 18 20 0 40 5
P7629 2059 11 8 41 27 58 152 62 0 0 1 0 1 1 0 7 32 38 39 7 0 0 0 0 10 37 13 0 2 20 15 4 -999
P7629 2059 12 0 0 0 0 0 0 0 0 0 1 0 0 1 0 1 4 0 0 0 0 0 0 0 0 0 0 0 50 17 1 0
P7629 2060 1 0 7 23 23 24 25 0 0 0 0 0 0 0 0 0 0 0 0 0 0 0 0 0 0 0 0 0 0 0 0 0
P7629 2060 2 0 0 0 1 1 2 1 1 10 17 3 21 6 15 63 40 3 1 2 0 1 1 2 13 22 10 2 9 -999 -999 -999
P7629 2060 3 7 7 1 1 2 24 27 35 3 3 0 0 0 0 0 0 6 26 28 21 52 36 7 0 0 0 0 14 7 2 2
P7629 2060 4 0 0 0 0 0 0 0 0 0 0 0 11 0 0 0 0 0 4 0 0 0 0 0 0 0 0 0 0 0 0 -999
P7629 2060 5 0 0 0 0 0 0 0 0 0 0 0 0 0 0 0 0 0 30 6 3 0 0 0 23 30 20 0 0 0 0 0
P7629 2060 6 0 61 70 72 41 34 48 29 10 8 21 15 6 0 0 0 0 0 22 0 33 10 0 0 0 0 0 0 0 0 -999
P7629 2060 7 0 0 0 0 0 0 0 0 0 0 0 0 0 0 0 0 0 0 0 0 0 0 0 0 0 0 53 0 0 0 0
P7629 2060 8 0 0 0 0 0 0 34 27 0 0 0 0 0 0 0 0 0 0 0 37 0 0 0 0 0 0 0 0 0 0 0
P7629 2060 9 0 0 0 0 0 0 0 0 0 0 0 0 0 0 23 28 16 0 0 0 0 0 0 0 73 121 47 24 0 0 -999
P7629 2060 10 0 0 0 0 0 0 0 0 0 0 0 24 16 24 4 0 0 0 0 0 0 3 0 0 2 2 5 30 25 13 25
P7629 2060 11 31 19 1 0 0 0 0 0 0 0 0 1 2 1 1 0 0 1 7 0 0 0 0 0 0 1 4 1 0 0 -999
P7629 2060 12 0 0 4 2 3 8 14 0 0 9 0 0 0 0 1 1 0 1 0 1 8 1 0 0 0 0 0 0 0 0 0
P7629 2061 1 0 0 0 0 0 0 0 0 0 0 0 0 0 5 6 0 1 1 8 1 1 2 15 15 33 21 15 3 1 1 2
P7629 2061 2 0 0 0 0 0 0 0 0 0 14 13 31 20 3 13 23 6 2 1 3 14 21 3 1 1 4 1 2 -999 -999 -999
P7629 2061 3 12 30 8 7 1 0 2 16 3 2 5 4 3 2 1 4 2 17 30 12 2 1 0 0 0 0 0 0 0 0 0
P7629 2061 4 0 0 0 12 14 19 25 37 58 62 55 43 46 52 37 30 150 156 64 16 0 0 0 0 3 8 21 33 28 19 -999
P7629 2061 5 68 88 56 73 44 21 0 0 0 0 0 0 0 0 0 0 0 0 0 0 0 0 0 0 0 0 0 0 0 0 31
P7629 2061 6 49 74 67 0 0 0 0 0 0 0 0 34 0 27 23 0 0 0 0 0 0 0 0 0 0 0 0 0 0 0 -999
P7629 2061 7 0 0 0 0 0 0 0 0 0 0 0 0 0 0 0 0 0 0 0 0 0 0 0 0 0 0 0 0 0 0 0
P7629 2061 8 0 0 0 0 0 0 0 0 0 0 0 0 0 0 0 0 0 0 0 0 0 0 0 0 0 0 0 0 0 0 0
P7629 2061 9 0 0 0 0 0 0 0 0 0 0 0 0 16 0 0 16 49 44 34 16 27 14 0 0 0 0 0 0 0 0 -999
P7629 2061 10 0 15 17 27 21 36 20 21 43 31 37 0 0 0 0 0 0 1 0 0 0 0 0 0 17 21 22 9 0 2 2
P7629 2061 11 0 0 0 3 0 0 0 8 19 5 1 0 0 0 0 0 0 0 0 0 0 0 0 0 0 0 0 0 0 0 -999
P7629 2061 12 19 27 10 0 0 0 0 0 0 0 0 0 0 0 0 0 0 0 2 1 0 0 0 0 0 0 0 0 0 2 0
P7629 2062 1 0 0 0 0 0 0 0 0 31 12 0 11 6 3 4 6 1 6 2 0 0 0 0 0 0 0 0 1 0 1 15
P7629 2062 2 3 24 2 8 1 1 1 1 8 12 1 0 0 0 0 2 12 33 50 36 73 107 99 77 68 27 1 0 -999 -999 -999
P7629 2062 3 0 0 0 0 0 1 1 0 0 0 0 0 0 6 0 2 0 0 0 0 0 0 1 1 2 20 0 0 0 0 0
P7629 2062 4 0 5 4 0 0 5 3 0 56 19 31 3 0 0 0 0 0 1 0 0 2 2 9 28 18 12 0 7 4 5 -999
P7629 2062 5 9 0 47 8 0 0 0 0 33 0 0 0 0 0 0 0 0 25 29 7 0 0 0 0 0 0 0 21 26 12 6
P7629 2062 6 11 5 4 0 0 0 0 0 0 0 22 17 13 0 0 0 0 0 0 0 0 0 0 0 0 0 0 0 0 0 -999
P7629 2062 7 0 0 0 0 0 0 0 0 0 0 0 0 0 0 0 0 0 0 0 0 0 0 0 0 0 0 0 0 0 0 0
P7629 2062 8 0 32 22 0 0 0 0 0 0 0 0 0 0 0 0 0 0 0 0 0 0 0 0 0 0 0 0 0 0 0 0
P7629 2062 9 0 0 0 0 0 0 0 0 0 0 0 38 0 0 0 0 0 0 0 0 0 0 0 0 0 0 0 0 0 47 -999
P7629 2062 10 30 0 0 0 0 0 4 36 14 0 21 0 0 0 0 0 0 0 0 20 20 6 3 0 35 40 42 72 60 3 0
P7629 2062 11 0 0 5 6 12 31 28 69 0 0 25 14 4 11 2 0 0 0 0 3 7 11 5 10 11 12 0 0 0 0 -999
P7629 2062 12 0 0 0 0 0 0 2 0 2 19 16 0 0 0 0 7 10 0 0 4 5 3 1 1 2 0 0 0 0 0 0
P7629 2063 1 0 0 2 3 4 0 0 0 0 0 0 0 0 0 0 0 0 0 0 0 2 0 0 1 0 0 2 12 0 0 0
P7629 2063 2 0 0 0 0 0 0 5 5 1 1 0 0 0 0 1 0 0 0 0 0 6 13 2 2 0 0 0 5 -999 -999 -999
P7629 2063 3 12 18 19 17 0 0 9 6 1 2 1 10 16 21 52 31 3 0 0 22 31 22 16 165 203 59 34 38 23 1 0
P7629 2063 4 2 27 13 0 0 0 0 0 0 3 26 22 2 0 0 11 29 28 0 0 0 17 21 8 4 0 12 31 31 10 -999
P7629 2063 5 1 0 0 0 0 0 0 0 0 5 19 19 30 36 12 5 2 4 2 1 0 2 1 0 0 0 0 0 0 0 0
P7629 2063 6 0 0 0 0 0 0 0 0 0 0 0 0 0 0 0 0 0 0 21 0 0 30 0 0 0 0 0 0 0 0 -999
P7629 2063 7 0 0 0 0 0 0 0 0 0 0 0 0 0 0 0 0 0 0 0 0 0 0 0 0 0 0 0 0 0 0 0
P7629 2063 8 0 0 0 0 0 0 0 0 0 0 0 0 0 0 0 0 0 0 0 0 0 0 0 0 0 0 0 0 0 0 0
P7629 2063 9 0 0 0 0 0 0 0 0 0 0 0 0 0 0 0 0 114 76 0 0 0 0 0 0 0 0 47 17 0 0 -999
P7629 2063 10 0 0 0 21 53 35 1 0 0 12 24 18 10 1 2 3 0 0 0 28 31 18 9 0 0 0 0 25 33 12 0
P7629 2063 11 0 5 6 0 0 0 0 0 0 0 3 0 0 0 0 0 0 0 0 3 1 0 0 1 28 8 0 2 2 2 -999
P7629 2063 12 1 1 1 0 5 13 0 0 0 0 1 1 0 1 0 0 0 0 0 0 0 0 1 2 2 0 2 0 0 2 0
P7629 2064 1 0 0 0 1 18 1 0 0 0 1 8 13 7 20 16 7 7 21 0 2 37 82 118 43 0 0 0 2 5 0 0
P7629 2064 2 0 0 0 0 0 0 0 0 0 0 0 0 12 132 12 8 5 2 0 0 0 0 0 0 0 32 105 60 -999 -999 -999
P7629 2064 3 9 3 12 38 21 1 0 1 0 1 1 1 0 0 0 1 0 2 2 0 0 0 26 7 0 0 0 0 0 33 43
P7629 2064 4 13 26 49 59 75 52 0 6 1 0 0 0 0 0 0 0 11 16 3 1 0 0 0 94 73 0 0 58 11 0 -999
P7629 2064 5 0 19 3 0 0 0 0 0 0 0 0 2 0 2 1 3 0 0 0 29 9 0 9 24 19 0 0 18 0 0 0
P7629 2064 6 0 0 0 0 0 0 0 0 0 0 12 0 0 0 0 0 0 0 0 0 0 0 0 0 0 0 0 0 0 0 -999
P7629 2064 7 0 0 0 0 0 0 0 0 0 0 0 0 0 0 0 0 0 0 0 0 0 0 0 0 0 0 0 0 0 0 0
P7629 2064 8 0 0 0 0 0 0 0 0 0 0 0 0 0 0 0 0 0 0 0 0 0 0 0 0 0 38 0 0 0 0 0
P7629 2064 9 0 0 0 0 0 0 0 0 0 0 43 53 34 35 0 0 0 0 0 0 26 49 38 0 0 0 23 24 5 0 -999
P7629 2064 10 0 3 0 1 0 0 0 0 0 21 40 26 0 0 0 0 0 0 0 0 0 9 2 2 5 0 0 0 0 0 0
P7629 2064 11 0 0 0 0 0 4 1 1 0 1 0 0 0 0 5 1 0 0 0 0 0 0 21 80 19 0 0 11 30 46 -999
P7629 2064 12 0 0 0 0 0 0 0 0 11 16 8 0 0 0 0 0 0 0 0 17 25 6 0 0 0 0 1 1 3 2 1
P7629 2065 1 1 3 6 2 1 12 160 147 34 81 32 2 1 0 0 0 0 0 0 0 0 0 0 0 0 0 0 0 0 0 0
P7629 2065 2 1 1 1 1 0 0 0 0 0 0 0 0 0 0 0 0 0 0 2 0 12 0 0 0 1 0 0 0 -999 -999 -999
P7629 2065 3 0 0 0 0 0 0 21 2 1 14 0 0 0 0 0 0 2 7 0 0 0 0 0 11 12 23 5 25 12 18 39
P7629 2065 4 26 14 26 11 3 0 0 0 0 0 37 109 128 157 120 13 0 0 0 0 0 0 0 0 12 27 8 0 18 7 -999
P7629 2065 5 1 0 1 1 4 4 12 72 38 8 4 2 0 0 0 5 2 0 0 0 8 0 0 0 0 0 0 0 0 0 20
P7629 2065 6 36 33 20 29 29 22 18 7 10 19 28 30 12 0 0 0 0 0 0 8 39 60 0 0 0 0 0 0 0 0 -999
P7629 2065 7 0 0 0 0 0 0 0 0 0 0 0 0 0 0 0 0 0 0 0 0 0 0 0 0 0 0 0 0 0 0 0
P7629 2065 8 0 0 0 0 0 0 0 0 0 0 0 0 0 0 0 0 0 0 0 0 0 0 0 0 0 0 0 0 0 0 0
P7629 2065 9 0 0 0 0 0 0 0 0 0 0 0 0 0 0 0 0 0 0 0 5 84 101 57 46 55 38 31 35 11 0 -999
P7629 2065 10 0 0 0 0 0 0 0 2 3 8 22 0 0 0 0 0 18 35 30 6 0 0 0 4 0 0 0 0 0 0 0
P7629 2065 11 0 0 0 0 6 0 0 1 7 0 0 0 0 0 0 0 0 0 0 0 0 0 0 0 0 7 2 0 0 0 -999
P7629 2065 12 0 0 0 0 0 0 0 0 0 2 3 1 0 0 0 0 0 0 0 3 9 10 112 57 5 2 0 3 3 0 0
P7629 2066 1 0 0 0 0 7 0 0 0 0 6 0 0 0 0 4 3 4 0 0 0 0 0 0 0 0 0 0 0 0 0 0
P7629 2066 2 0 0 0 0 0 1 4 10 0 0 0 0 0 0 0 0 3 34 10 0 0 0 0 12 7 14 1 2 -999 -999 -999
P7629 2066 3 4 27 36 45 65 26 5 32 86 42 5 5 3 8 13 13 5 1 0 7 34 20 2 1 0 0 0 13 23 18 19
P7629 2066 4 2 12 0 0 0 0 25 32 9 0 0 0 0 0 0 4 14 17 9 2 0 0 0 0 0 0 0 0 0 0 -999
P7629 2066 5 0 0 0 0 0 0 0 0 0 0 0 0 0 0 0 13 28 12 4 0 0 0 27 0 33 44 0 0 0 0 5
P7629 2066 6 13 0 0 0 0 0 0 0 11 0 0 0 0 0 0 0 0 0 0 0 0 0 0 0 0 0 0 0 0 0 -999
P7629 2066 7 0 0 0 0 0 0 0 0 0 0 0 0 0 0 0 0 0 0 0 0 0 0 0 0 0 0 0 0 0 0 0
P7629 2066 8 0 0 0 0 0 0 0 0 0 0 0 0 0 0 0 0 0 0 0 0 0 0 0 0 0 0 0 0 0 0 0
P7629 2066 9 0 0 0 0 0 0 0 0 0 0 0 0 0 0 0 0 0 0 0 0 0 0 0 0 0 0 0 0 0 0 -999
P7629 2066 10 0 0 0 0 0 0 0 0 0 0 0 0 47 37 12 15 4 15 12 0 0 14 29 13 28 11 17 24 28 23 30
P7629 2066 11 28 17 3 0 20 96 69 73 73 78 47 11 0 0 0 1 5 18 27 10 6 10 0 0 0 9 32 24 5 17 -999
P7629 2066 12 28 53 43 29 0 0 0 0 12 3 2 12 3 9 22 4 3 10 4 0 0 0 10 21 3 19 2 5 8 4 5
P7629 2067 1 2 11 52 138 121 95 75 115 102 9 3 8 50 56 22 9 16 29 35 8 0 27 57 57 34 9 4 3 38 62 34
P7629 2067 2 15 11 3 1 0 0 0 1 7 1 2 14 23 0 0 0 0 1 11 5 15 10 3 0 0 0 1 0 -999 -999 -999
P7629 2067 3 0 0 0 2 0 0 0 0 0 0 0 0 14 0 1 8 0 0 0 0 0 0 0 5 5 3 12 35 22 0 0
P7629 2067 4 0 0 0 0 0 0 14 26 15 1 0 0 1 14 27 48 6 1 5 11 3 0 0 0 8 15 16 13 1 8 -999
P7629 2067 5 0 0 0 0 0 44 48 12 21 48 28 16 24 29 15 4 2 13 29 36 29 19 2 0 0 0 0 0 0 0 0
P7629 2067 6 0 0 0 0 0 0 0 56 72 0 0 0 20 0 0 14 0 0 0 0 0 0 0 0 0 0 0 0 0 0 -999
P7629 2067 7 0 0 0 0 0 0 0 0 0 0 0 0 0 0 0 0 0 0 0 0 0 0 0 0 6 0 0 0 0 19 0
P7629 2067 8 0 0 0 0 0 0 0 0 0 0 0 0 0 0 0 0 0 0 0 0 0 0 0 0 0 0 0 0 0 0 0
P7629 2067 9 0 0 0 0 0 0 0 0 0 0 0 0 0 0 0 0 0 0 0 0 0 0 0 12 25 22 67 80 0 0 -999
P7629 2067 10 0 0 0 0 0 0 44 108 62 8 0 0 0 0 0 0 0 0 0 0 0 0 0 0 0 0 0 0 13 0 23
P7629 2067 11 7 4 18 28 24 16 37 28 4 5 1 1 3 0 1 3 0 2 24 10 0 0 0 0 2 1 1 0 1 0 -999
P7629 2067 12 0 0 0 2 19 23 5 0 6 2 2 21 11 2 0 0 0 0 0 1 1 2 0 0 0 0 0 0 0 0 0
P7629 2068 1 0 0 0 0 0 0 0 0 0 1 1 1 0 0 0 0 0 3 1 1 3 7 6 13 7 9 10 1 3 13 20
P7629 2068 2 1 0 0 0 0 1 11 26 29 34 3 6 34 15 43 46 23 0 0 0 0 0 0 13 16 2 0 0 -999 -999 -999
P7629 2068 3 0 0 0 4 13 43 7 10 28 108 26 11 2 0 0 9 1 4 7 21 2 0 0 12 0 0 0 0 0 0 0
P7629 2068 4 4 0 0 0 15 15 0 0 0 0 0 0 0 0 0 0 0 0 0 0 2 2 3 3 6 0 2 15 4 0 -999
P7629 2068 5 0 0 0 20 74 135 74 9 4 1 2 33 39 6 13 23 20 21 18 26 18 3 0 0 4 0 0 0 0 44 0
P7629 2068 6 15 0 0 0 0 0 0 0 0 0 0 0 0 20 0 0 0 0 0 0 0 0 0 0 0 0 0 0 0 0 -999
P7629 2068 7 0 0 0 0 0 0 0 0 0 0 0 0 0 0 0 0 0 0 0 0 0 0 0 0 0 0 0 0 0 0 0
P7629 2068 8 0 0 0 0 0 0 0 0 0 0 0 0 0 0 0 0 0 0 0 0 0 0 0 0 24 22 0 0 0 0 0
P7629 2068 9 0 0 0 0 0 0 0 0 0 0 0 0 0 0 0 0 0 0 37 62 46 42 32 29 54 27 32 15 19 41 -999
P7629 2068 10 17 40 15 3 0 0 0 11 0 0 0 0 43 45 0 0 0 12 14 12 0 6 30 26 3 0 0 0 2 6 2
P7629 2068 11 0 0 0 0 0 0 0 0 0 0 0 0 0 0 0 19 4 0 0 0 3 32 5 9 14 0 0 0 31 36 -999
P7629 2068 12 0 5 7 1 22 29 11 0 0 2 8 1 0 0 6 15 37 33 15 0 7 2 0 0 0 0 1 0 0 0 0
P7629 2069 1 0 0 0 0 0 0 1 1 2 30 26 19 5 0 0 0 0 0 0 0 0 0 0 13 19 14 9 5 16 29 16
P7629 2069 2 5 1 1 0 14 25 1 1 6 25 5 1 1 1 1 0 0 0 0 0 0 0 0 0 0 0 0 0 -999 -999 -999
P7629 2069 3 6 26 21 9 2 2 2 3 4 18 16 3 1 0 0 0 0 0 0 0 0 0 0 0 1 0 1 5 16 2 0
P7629 2069 4 2 0 0 0 0 0 1 32 9 1 22 22 12 13 18 29 18 9 27 26 3 0 0 0 0 0 0 8 34 44 -999
P7629 2069 5 28 9 2 0 7 17 30 33 19 4 0 0 0 0 0 4 6 0 4 21 20 3 0 0 8 9 18 21 9 0 0
P7629 2069 6 0 17 25 0 0 0 0 0 0 0 0 0 0 0 0 0 0 0 0 0 0 0 0 0 0 0 0 0 0 0 -999
P7629 2069 7 0 27 28 25 0 0 0 0 0 0 0 0 0 0 0 0 0 0 0 0 0 0 0 0 0 0 0 0 0 0 0
P7629 2069 8 0 0 0 0 0 0 0 0 0 0 0 0 0 0 0 0 0 0 0 0 0 0 0 0 0 0 0 0 0 0 0
P7629 2069 9 0 0 0 58 0 0 0 0 8 9 0 0 0 0 0 0 0 0 41 33 19 0 0 0 7 4 18 13 7 41 -999
P7629 2069 10 32 38 42 31 18 3 0 0 0 0 0 0 0 0 0 6 17 0 0 0 1 16 15 5 3 1 1 0 0 0 7
P7629 2069 11 37 34 7 1 0 0 0 0 15 41 54 110 101 62 27 7 9 0 0 0 9 0 1 4 21 1 1 1 25 7 -999
P7629 2069 12 0 1 12 45 65 124 50 2 0 0 0 0 0 0 0 0 0 0 0 0 0 0 7 2 0 0 1 0 11 0 0
P7629 2070 1 29 12 4 1 1 4 1 0 4 2 0 0 0 0 0 0 0 0 1 1 4 25 30 24 1 2 9 2 0 17 27
P7629 2070 2 26 10 15 21 3 0 0 1 5 2 2 4 5 4 21 52 35 2 0 0 0 2 11 11 12 11 30 14 -999 -999 -999
P7629 2070 3 17 0 0 0 0 0 0 2 23 71 53 41 11 4 0 0 0 1 4 1 6 25 17 0 42 21 0 0 0 0 0
P7629 2070 4 13 35 15 0 2 10 6 6 8 2 2 9 5 3 9 6 16 2 2 0 4 22 20 1 4 2 1 9 5 0 -999
P7629 2070 5 0 0 0 0 24 22 11 15 0 0 0 19 30 52 30 8 0 0 23 2 0 0 0 21 12 0 0 0 0 0 91
P7629 2070 6 116 66 36 0 0 24 0 0 0 0 0 0 0 127 107 0 0 0 0 0 0 0 0 0 0 0 0 0 0 0 -999
P7629 2070 7 0 0 0 0 0 0 0 0 0 0 0 0 0 0 0 0 0 0 0 0 0 0 0 0 0 0 0 0 0 22 0
P7629 2070 8 0 0 0 0 0 0 0 0 0 0 0 0 0 0 0 0 0 0 0 0 0 0 0 0 0 0 0 0 0 0 0
P7629 2070 9 0 0 0 0 0 19 20 0 0 0 0 0 0 0 0 0 0 0 0 0 59 34 0 0 54 42 0 53 47 47 -999
P7629 2070 10 44 43 73 23 0 0 46 61 53 49 51 51 41 25 15 25 28 9 26 37 26 31 26 3 0 0 0 0 0 16 35
P7629 2070 11 81 59 43 16 7 1 1 3 20 22 2 5 24 17 0 0 3 17 1 2 3 6 11 2 0 0 0 0 0 1 -999
P7629 2070 12 0 0 0 0 0 0 0 0 0 0 0 0 2 0 0 0 0 0 1 0 0 5 1 0 1 0 1 3 1 1 0
P7629 2071 1 0 0 1 6 1 0 0 0 2 5 1 1 4 16 25 30 55 33 32 23 25 23 28 9 22 1 0 0 0 1 7
P7629 2071 2 1 0 0 0 2 8 1 0 0 0 0 0 0 0 0 0 0 0 0 1 1 6 0 0 1 4 18 1 -999 -999 -999
P7629 2071 3 0 0 0 0 0 0 0 0 0 1 1 0 0 0 4 12 5 9 12 2 0 0 0 0 30 5 0 0 0 18 3
P7629 2071 4 6 3 0 0 6 0 0 0 0 0 0 0 0 0 0 0 0 0 0 0 30 13 7 13 0 0 0 0 0 0 -999
P7629 2071 5 0 0 0 0 0 0 0 0 0 0 0 0 0 0 26 10 10 11 15 16 49 74 12 0 0 0 0 0 0 0 0
P7629 2071 6 0 17 28 17 16 38 38 24 4 0 0 0 0 0 0 0 0 0 0 0 0 0 0 0 0 0 0 0 0 0 -999
P7629 2071 7 0 0 0 0 0 0 0 0 0 0 0 0 0 0 0 0 0 0 0 0 0 0 0 0 0 0 0 0 0 0 0
P7629 2071 8 0 0 0 0 0 0 0 0 0 0 0 0 0 0 0 0 0 0 0 0 0 0 0 0 0 0 0 0 0 0 0
P7629 2071 9 0 0 0 0 0 0 0 0 36 0 0 0 0 0 0 0 0 0 0 0 0 31 0 0 0 0 0 0 0 0 -999
P7629 2071 10 0 0 0 0 0 0 0 6 25 27 17 1 0 0 0 0 0 0 0 0 0 0 0 0 5 0 0 0 0 0 0
P7629 2071 11 5 16 0 0 0 0 13 26 43 32 22 7 0 0 0 2 12 2 0 0 0 0 0 0 0 2 4 1 0 0 -999
P7629 2071 12 0 0 0 0 0 1 3 3 0 0 0 0 0 0 0 0 0 0 1 0 0 0 0 0 0 0 0 0 0 0 0
P7629 2072 1 0 0 0 0 0 1 6 2 0 1 3 1 0 0 0 3 0 0 0 0 0 17 35 26 0 0 0 4 24 6 1
P7629 2072 2 0 0 0 1 1 3 0 1 0 1 2 13 23 43 26 45 34 29 27 32 25 11 22 20 1 0 4 11 -999 -999 -999
P7629 2072 3 0 0 0 0 19 29 9 5 1 0 0 3 2 0 0 0 0 0 22 25 31 30 46 33 3 0 0 162 134 8 0
P7629 2072 4 0 0 0 0 0 78 29 53 54 10 16 8 0 28 109 66 19 5 6 20 60 55 135 137 61 40 0 0 92 20 -999
P7629 2072 5 19 0 0 42 0 0 8 17 28 51 14 3 0 0 0 0 0 8 7 0 0 0 0 0 0 0 0 0 0 10 10
P7629 2072 6 12 18 113 67 0 0 0 25 20 0 0 0 0 0 0 0 0 0 0 0 0 0 0 0 0 0 0 0 0 0 -999
P7629 2072 7 0 0 0 0 0 0 0 0 0 0 0 0 0 0 0 0 0 0 0 0 0 0 0 0 0 0 0 0 0 0 0
P7629 2072 8 0 0 0 0 0 0 0 0 0 0 0 0 0 0 0 0 0 0 0 0 0 0 0 0 0 0 0 0 0 0 0
P7629 2072 9 0 0 0 0 0 0 0 0 0 0 0 0 0 0 0 0 0 0 6 4 0 0 0 0 0 0 0 38 0 0 -999
P7629 2072 10 20 19 0 0 0 8 14 0 0 0 0 0 0 0 0 3 6 3 2 2 6 0 0 17 20 29 8 0 0 18 16
P7629 2072 11 3 1 0 3 14 23 31 33 29 30 22 11 4 0 27 76 16 0 0 0 0 4 8 26 39 16 32 28 30 7 -999
P7629 2072 12 0 0 0 0 0 2 1 1 0 0 0 0 0 0 0 0 0 0 0 0 0 0 0 0 0 0 0 0 0 0 0
P7629 2073 1 0 0 0 0 0 2 0 0 0 0 0 0 2 0 0 0 0 0 0 0 0 0 0 0 0 0 0 0 0 0 0
P7629 2073 2 0 0 2 5 1 0 0 0 5 11 27 35 24 13 7 1 3 12 9 0 0 0 0 0 0 0 0 0 -999 -999 -999
P7629 2073 3 0 0 0 0 0 0 0 0 9 5 9 0 0 0 3 0 8 3 7 15 2 2 1 0 0 0 0 17 10 0 0
P7629 2073 4 0 0 0 0 0 0 0 0 0 2 0 0 0 9 86 97 25 9 21 19 0 7 2 12 25 6 4 0 0 0 -999
P7629 2073 5 16 18 0 0 0 0 0 0 0 0 0 0 0 0 21 27 23 19 32 21 1 0 7 24 3 0 2 3 0 0 3
P7629 2073 6 0 0 0 0 0 0 0 0 0 0 0 0 7 3 0 0 0 0 0 0 0 0 0 0 0 0 0 0 0 0 -999
P7629 2073 7 0 0 0 0 0 0 0 0 0 0 0 0 0 0 0 0 0 0 0 0 0 0 0 0 0 0 0 0 0 0 0
P7629 2073 8 0 0 0 0 0 107 0 0 0 0 0 0 0 0 0 0 0 0 108 0 0 0 0 0 0 0 0 0 0 0 0
P7629 2073 9 0 0 0 44 26 33 31 14 0 0 0 16 15 0 0 0 0 0 0 0 30 10 0 0 0 0 0 31 16 0 -999
P7629 2073 10 15 4 0 0 0 0 0 35 4 5 25 19 0 0 0 13 8 0 23 27 0 0 0 0 0 31 26 29 9 16 17
P7629 2073 11 21 14 2 3 0 0 51 47 22 11 16 10 1 0 0 0 0 0 0 3 0 2 4 12 10 16 14 7 3 4 -999
P7629 2073 12 16 37 22 26 9 1 2 0 0 0 0 0 0 0 0 0 1 0 0 1 1 1 0 0 3 20 0 0 0 0 0
P7629 2074 1 0 0 0 0 0 0 0 0 0 0 0 0 0 0 0 0 0 1 6 12 6 0 0 0 0 2 0 1 2 0 0
P7629 2074 2 0 0 0 0 0 0 0 1 7 3 0 0 0 0 0 0 0 0 0 0 0 0 0 0 0 11 4 3 -999 -999 -999
P7629 2074 3 0 10 15 0 0 0 0 0 0 0 0 0 0 0 0 0 0 0 0 0 12 1 0 0 0 0 0 0 0 0 3
P7629 2074 4 33 4 0 0 0 0 0 0 0 0 0 0 0 0 0 0 0 0 0 0 0 0 0 0 6 28 21 3 0 0 -999
P7629 2074 5 0 0 0 27 53 58 43 24 23 64 76 46 13 4 2 0 0 0 6 25 26 14 2 0 0 0 0 0 14 0 0
P7629 2074 6 0 0 0 0 0 0 0 0 0 0 0 0 0 0 0 0 0 0 24 0 0 0 0 0 0 0 0 0 0 0 -999
P7629 2074 7 0 0 86 0 0 0 0 0 0 0 0 0 0 0 0 0 0 0 0 0 0 0 0 0 0 0 0 0 0 0 0
P7629 2074 8 0 0 0 0 0 0 0 0 0 0 0 0 0 0 0 0 0 0 0 0 0 0 0 0 0 0 0 0 0 0 0
P7629 2074 9 0 0 0 0 0 0 0 0 21 0 0 0 0 0 0 0 0 0 0 0 0 17 18 23 17 27 8 5 0 0 -999
P7629 2074 10 0 0 14 0 0 0 0 3 27 12 0 0 0 0 0 0 0 3 18 3 0 0 0 0 0 0 0 0 27 5 0
P7629 2074 11 0 0 1 0 0 0 0 0 6 23 16 26 0 0 0 0 22 82 150 79 201 80 6 7 32 43 18 14 18 10 -999
P7629 2074 12 0 0 14 16 10 18 0 0 0 0 0 6 8 66 39 29 27 3 1 0 4 16 16 4 7 8 24 37 33 21 3
P7629 2075 1 38 74 43 23 17 2 4 2 1 1 0 0 1 4 1 0 0 0 0 0 0 0 0 0 0 17 6 0 4 5 4
P7629 2075 2 1 0 0 0 2 21 3 1 1 0 2 1 1 2 5 2 2 2 1 2 51 33 9 1 0 0 0 0 -999 -999 -999
P7629 2075 3 0 0 0 4 96 137 36 0 0 110 20 15 34 9 2 0 0 1 10 22 9 26 25 20 11 2 10 20 23 22 21
P7629 2075 4 26 1 2 0 0 0 0 2 1 0 0 0 0 0 0 0 3 0 7 2 0 0 11 0 0 0 0 70 79 46 -999
P7629 2075 5 58 88 53 29 17 34 32 22 7 2 4 34 33 24 6 4 9 30 26 32 12 4 3 0 0 0 0 0 0 0 0
P7629 2075 6 0 0 0 0 0 0 0 0 0 0 0 10 0 0 0 0 0 0 0 0 0 0 0 0 0 0 0 0 0 0 -999
P7629 2075 7 0 0 0 0 0 0 0 0 0 0 0 0 0 92 146 31 20 17 0 0 0 0 0 0 0 0 72 0 0 0 0
P7629 2075 8 0 0 0 0 0 0 0 0 0 0 0 0 0 0 0 0 0 0 0 0 0 0 0 0 0 0 0 0 0 0 0
P7629 2075 9 0 0 0 0 0 0 0 0 0 0 0 0 0 0 28 0 0 0 0 0 0 0 0 0 0 0 42 41 30 24 -999
P7629 2075 10 0 0 30 17 0 0 0 13 19 0 0 0 0 0 0 0 0 2 43 30 2 0 0 0 0 0 0 26 23 7 0
P7629 2075 11 11 9 38 38 31 7 53 41 31 4 0 2 4 2 0 1 8 7 0 0 0 0 0 0 0 0 21 21 2 0 -999
P7629 2075 12 0 0 0 0 3 3 8 26 25 17 1 4 1 0 0 0 0 0 0 0 0 0 2 0 0 1 7 0 0 0 0
P7629 2076 1 0 0 0 0 0 0 0 0 0 0 0 0 0 0 0 2 0 0 0 0 0 0 0 0 0 0 1 4 5 2 0
P7629 2076 2 0 1 0 0 0 0 0 1 4 1 0 0 0 0 0 0 0 0 1 0 2 0 0 0 0 0 0 0 -999 -999 -999
P7629 2076 3 0 0 0 0 0 6 6 2 38 77 37 0 0 14 12 13 25 40 2 0 0 0 0 0 0 0 0 0 0 0 0
P7629 2076 4 0 2 3 37 22 0 5 0 0 0 0 42 19 0 0 9 0 8 16 92 196 182 164 83 0 0 27 36 0 0 -999
P7629 2076 5 29 37 28 4 0 0 0 0 0 0 0 0 3 9 0 0 0 29 32 39 31 28 16 2 4 26 32 31 12 11 3
P7629 2076 6 13 40 10 0 0 0 13 14 0 0 0 0 0 0 0 0 0 0 0 0 0 2 0 0 6 0 0 0 0 0 -999
P7629 2076 7 0 0 0 0 0 0 0 0 0 0 0 0 0 0 0 0 0 0 0 0 0 0 0 0 0 0 0 0 0 0 0
P7629 2076 8 0 0 0 0 0 0 0 0 0 0 0 0 0 0 0 0 0 0 0 0 0 0 0 0 0 0 0 0 0 0 0
P7629 2076 9 0 0 0 33 0 0 0 0 0 0 0 0 0 0 0 40 37 24 0 0 0 0 51 26 0 0 52 38 30 0 -999
P7629 2076 10 0 0 25 0 0 0 0 0 0 0 33 43 63 45 40 4 0 22 6 0 0 9 8 4 0 0 0 0 0 0 0
P7629 2076 11 0 0 0 0 0 0 0 0 5 27 28 28 29 29 29 49 187 78 8 0 0 0 0 28 5 0 0 0 0 0 -999
P7629 2076 12 0 0 0 0 0 0 0 0 1 0 0 0 0 0 0 6 9 0 0 0 0 0 0 0 0 0 0 0 0 3 4
P7629 2077 1 3 0 0 0 0 0 0 0 0 0 0 1 1 6 6 0 0 0 3 44 44 40 54 48 3 1 6 1 0 0 0
P7629 2077 2 0 0 0 1 14 32 21 0 0 0 0 0 12 2 3 4 7 0 0 0 0 0 0 0 0 0 0 0 -999 -999 -999
P7629 2077 3 0 0 0 0 0 6 4 10 13 22 28 5 29 32 41 111 43 87 34 21 10 0 0 0 0 2 3 0 2 1 1
P7629 2077 4 0 0 0 0 0 0 0 15 11 0 0 0 0 0 0 0 0 0 0 0 0 0 0 0 0 2 3 0 0 0 -999
P7629 2077 5 0 0 0 0 5 44 112 108 22 6 0 0 0 0 0 0 0 0 0 0 0 0 47 59 50 52 37 32 0 0 0
P7629 2077 6 0 0 28 22 12 0 0 0 0 34 41 38 40 35 24 0 0 0 0 0 0 0 0 0 17 0 0 0 0 0 -999
P7629 2077 7 0 0 0 0 0 39 0 0 0 0 0 0 0 0 0 0 0 0 0 0 0 0 0 0 0 0 0 0 0 0 0
P7629 2077 8 0 0 0 0 0 0 0 0 0 0 0 0 0 0 0 0 0 0 0 0 0 0 0 0 0 0 0 0 0 0 0
P7629 2077 9 0 0 0 0 0 0 0 0 0 0 0 0 0 0 0 0 0 0 0 0 0 0 0 0 0 0 0 27 0 9 -999
P7629 2077 10 0 0 0 0 0 0 0 0 0 0 0 0 0 0 0 0 0 0 0 0 13 32 29 1 0 0 0 16 2 0 0
P7629 2077 11 0 0 23 33 27 22 27 37 23 18 9 20 33 42 31 18 2 17 1 0 2 20 30 42 0 0 51 33 0 0 -999
P7629 2077 12 0 0 0 0 0 0 0 0 1 5 12 1 0 2 16 2 15 39 28 7 1 1 1 20 24 26 26 3 2 8 7
P7629 2078 1 0 12 4 1 0 14 0 2 2 2 0 0 0 0 0 0 0 0 0 0 0 1 16 1 0 0 0 0 0 0 0
P7629 2078 2 0 0 2 0 2 14 27 1 0 0 1 6 29 1 1 0 0 1 0 0 2 1 2 2 0 2 0 7 -999 -999 -999
P7629 2078 3 31 77 106 0 0 0 3 2 0 4 77 17 3 11 2 0 0 0 0 0 0 0 0 1 0 0 2 1 1 10 1
P7629 2078 4 2 22 20 37 31 28 18 2 3 0 0 0 0 23 28 24 46 82 31 4 0 0 0 0 0 0 0 2 63 19 -999
P7629 2078 5 12 6 2 15 26 12 5 2 0 0 0 32 45 55 33 47 44 25 14 0 0 0 0 0 0 0 0 0 0 0 0
P7629 2078 6 0 0 0 0 0 0 0 0 0 0 0 0 0 0 0 0 0 0 0 0 0 0 0 0 0 0 0 0 0 0 -999
P7629 2078 7 0 0 0 0 0 0 0 0 0 0 0 0 0 0 0 0 0 0 0 0 0 0 0 0 0 0 0 0 0 0 0
P7629 2078 8 0 0 0 0 0 0 0 0 0 0 0 0 0 0 0 0 0 0 0 0 0 0 0 0 0 0 20 4 0 0 0
P7629 2078 9 0 0 41 42 28 0 0 0 0 0 0 0 0 0 0 0 0 0 0 0 0 0 0 0 0 0 0 0 0 0 -999
P7629 2078 10 0 0 0 0 0 0 0 0 0 0 0 0 0 0 0 0 0 0 0 0 0 0 0 0 0 5 0 0 0 3 7
P7629 2078 11 14 28 100 42 19 0 0 0 0 0 0 0 0 0 0 0 0 0 0 2 0 0 0 4 0 0 1 20 7 1 -999
P7629 2078 12 0 0 0 0 0 0 0 0 0 0 0 0 0 0 2 16 2 1 0 0 0 0 0 0 9 4 4 22 5 2 20
P7629 2079 1 37 0 0 3 4 2 0 0 0 0 0 0 0 0 0 0 0 0 0 0 0 0 0 0 0 2 6 6 0 0 0
P7629 2079 2 0 0 0 2 16 32 14 5 8 4 0 14 47 49 8 2 0 0 3 25 44 20 35 45 16 48 64 41 -999 -999 -999
P7629 2079 3 3 35 6 0 0 0 0 0 0 0 0 10 3 0 3 1 0 0 0 6 101 82 19 10 8 8 0 0 0 4 21
P7629 2079 4 152 152 39 19 28 12 40 36 6 0 0 0 0 0 0 0 0 0 0 2 0 0 0 0 0 2 2 0 0 10 -999
P7629 2079 5 30 13 5 0 0 0 0 0 0 0 0 0 0 0 88 134 0 0 0 0 0 0 0 0 0 0 0 0 0 0 0
P7629 2079 6 0 0 0 0 0 0 0 0 0 25 20 0 0 0 0 0 0 0 0 0 0 0 0 0 0 0 0 0 0 0 -999
P7629 2079 7 0 0 0 0 0 0 0 0 0 0 0 0 0 0 0 0 0 0 0 0 0 0 0 0 0 0 0 34 0 0 0
P7629 2079 8 0 0 0 0 0 0 0 0 0 0 0 0 0 0 0 0 0 0 0 0 0 0 0 0 0 0 0 0 0 0 0
P7629 2079 9 0 0 0 0 48 0 0 0 0 50 34 0 0 0 0 0 0 50 26 0 0 0 0 0 0 0 0 0 0 28 -999
P7629 2079 10 38 103 180 145 0 0 0 28 0 0 0 0 0 0 0 0 0 36 45 32 27 8 3 1 1 0 0 0 0 0 0
P7629 2079 11 0 14 20 0 6 0 0 0 0 0 0 0 0 0 0 0 0 0 0 0 3 0 4 0 0 23 23 1 3 29 -999
P7629 2079 12 14 0 0 0 1 4 3 8 2 1 1 0 0 0 2 19 17 3 5 13 2 0 1 0 0 0 0 0 0 0 0
P7629 2080 1 0 0 0 0 0 0 0 0 0 0 0 2 1 1 2 0 0 0 2 11 33 2 2 18 3 0 0 0 0 0 0
P7629 2080 2 0 0 0 0 1 0 0 0 0 0 4 24 18 0 0 0 0 0 0 0 3 2 1 2 0 0 0 0 -999 -999 -999
P7629 2080 3 0 0 0 0 0 0 0 0 0 0 0 0 0 0 0 0 0 0 0 0 1 0 2 0 0 0 0 0 2 2 0
P7629 2080 4 27 8 22 33 52 43 28 20 16 15 7 3 2 2 0 27 29 15 22 21 5 2 2 5 26 27 9 10 2 3 -999
P7629 2080 5 151 181 26 2 0 0 0 0 0 0 0 0 0 0 0 0 0 31 19 0 0 0 0 8 0 0 0 0 0 86 34
P7629 2080 6 19 18 27 10 0 0 3 16 15 2 0 0 9 23 28 0 0 0 0 0 0 0 0 0 0 0 0 0 0 0 -999
P7629 2080 7 0 0 0 0 0 0 0 0 0 0 0 0 0 0 0 0 0 0 0 0 0 0 0 0 0 0 0 0 0 0 0
P7629 2080 8 0 0 0 0 0 0 0 0 0 0 0 0 0 0 0 0 0 0 0 0 0 0 29 27 23 22 0 0 0 0 0
P7629 2080 9 0 0 0 0 0 0 0 0 0 0 138 59 42 41 0 0 0 0 0 0 0 0 31 42 25 19 19 0 0 0 -999
P7629 2080 10 0 0 0 0 0 0 0 0 0 0 0 9 2 0 0 0 8 0 0 0 0 0 3 10 25 31 35 0 0 0 0
P7629 2080 11 0 0 0 0 12 18 4 0 1 9 5 1 0 0 0 2 4 0 0 0 0 0 0 0 0 0 5 2 6 0 -999
P7629 2080 12 0 0 0 0 0 0 0 1 0 3 32 76 14 2 0 0 0 0 0 0 0 0 5 20 55 132 32 3 1 0 0
P7629 2081 1 0 0 0 0 0 0 0 0 0 0 0 0 0 0 0 0 0 1 4 32 30 19 3 0 10 7 0 0 0 3 0
P7629 2081 2 2 10 29 28 21 21 0 0 0 0 0 0 0 0 0 0 0 6 1 4 4 24 20 4 0 0 2 1 -999 -999 -999
P7629 2081 3 0 0 0 0 0 0 0 0 0 0 1 1 5 23 30 21 30 14 10 19 24 35 38 9 24 36 39 29 5 2 56
P7629 2081 4 34 3 0 3 25 0 0 0 0 0 0 0 0 0 0 0 0 2 0 0 0 8 15 8 0 0 6 6 9 10 -999
P7629 2081 5 6 1 0 0 0 3 11 2 0 0 0 0 0 0 0 0 0 0 0 0 0 3 6 8 10 19 29 36 27 16 0
P7629 2081 6 0 0 0 0 0 10 77 43 26 38 48 25 7 12 0 0 0 0 12 9 6 0 0 0 0 0 0 0 0 0 -999
P7629 2081 7 0 0 0 0 0 0 0 0 0 0 0 0 0 0 0 0 0 0 0 0 0 0 0 0 0 0 0 0 0 0 0
P7629 2081 8 0 0 0 0 0 0 0 0 0 0 0 0 0 0 43 53 0 0 0 0 0 0 0 0 0 0 0 0 0 0 0
P7629 2081 9 0 0 0 0 0 0 0 0 0 0 0 0 0 0 0 0 0 65 43 11 30 47 43 0 27 30 0 0 0 0 -999
P7629 2081 10 0 0 24 24 0 0 0 0 0 49 102 112 47 12 25 51 122 114 70 27 18 0 0 0 0 0 0 0 0 0 3
P7629 2081 11 7 0 9 85 54 0 0 0 0 7 37 7 0 0 13 12 28 43 6 22 35 4 10 1 0 0 0 0 4 10 -999
P7629 2081 12 10 2 2 5 19 5 2 25 35 0 0 4 0 0 0 0 0 0 0 10 28 28 2 0 2 15 11 53 9 0 0
P7629 2082 1 0 3 0 0 0 0 3 1 1 0 0 0 0 0 2 5 0 0 0 0 0 0 0 0 0 0 17 6 14 30 3
P7629 2082 2 0 0 0 0 8 2 0 0 0 0 0 2 0 0 0 0 0 0 0 0 0 0 0 0 0 0 0 0 -999 -999 -999
P7629 2082 3 0 0 2 1 1 0 0 0 5 13 4 2 0 1 0 0 1 1 9 24 0 19 18 5 2 0 1 1 7 3 97
P7629 2082 4 167 103 224 172 9 6 37 40 30 33 26 17 27 2 0 5 5 0 57 79 158 102 11 0 47 25 19 18 24 0 -999
P7629 2082 5 0 0 0 0 0 0 0 0 0 0 0 0 0 0 0 0 0 0 0 0 0 0 0 0 0 0 0 0 0 0 0
P7629 2082 6 0 0 25 20 0 0 27 28 22 25 7 0 0 0 0 0 37 34 25 13 0 0 0 0 0 0 0 0 0 0 -999
P7629 2082 7 0 0 0 24 0 0 0 0 0 0 0 0 0 0 0 0 0 0 0 0 0 0 0 0 0 0 0 0 0 0 0
P7629 2082 8 0 0 25 0 0 0 0 0 0 0 0 0 0 0 0 0 0 0 0 0 0 0 0 0 0 0 0 0 0 0 0
P7629 2082 9 0 0 0 0 0 0 0 0 0 0 0 0 0 0 0 0 0 0 0 0 30 83 36 25 39 0 0 0 0 0 -999
P7629 2082 10 0 0 0 0 0 24 97 0 0 0 0 0 0 0 0 0 0 9 32 51 18 7 0 12 0 23 0 0 0 0 0
P7629 2082 11 0 0 0 7 0 11 0 0 0 0 2 4 0 4 0 31 23 0 0 7 18 25 25 27 30 86 6 1 11 21 -999
P7629 2082 12 0 0 2 0 0 0 0 0 0 0 20 5 0 0 0 0 0 0 0 0 0 0 0 0 0 0 0 0 0 0 0
P7629 2083 1 0 0 0 0 0 0 1 2 2 2 0 0 2 14 43 40 39 30 13 80 80 73 64 34 10 4 4 16 0 12 23
P7629 2083 2 0 3 1 1 0 0 0 2 12 4 20 26 25 18 1 1 25 25 26 55 4 2 2 1 0 3 25 17 -999 -999 -999
P7629 2083 3 32 2 0 0 0 0 13 9 0 0 1 0 0 0 0 0 0 0 0 1 0 0 0 0 0 0 4 4 29 18 19
P7629 2083 4 28 34 33 16 3 0 0 0 0 19 5 2 0 0 8 25 0 7 28 16 18 17 3 0 0 0 0 0 0 0 -999
P7629 2083 5 0 0 0 0 30 0 0 0 0 34 0 0 0 0 0 0 0 0 13 0 0 24 16 7 0 0 0 6 0 0 0
P7629 2083 6 0 0 0 0 0 0 0 0 0 0 0 0 0 0 0 0 0 0 0 25 0 0 0 0 36 0 0 0 0 0 -999
P7629 2083 7 0 0 0 0 0 0 0 0 0 0 0 0 0 0 0 0 0 0 0 0 0 0 0 0 0 0 0 12 0 0 0
P7629 2083 8 0 30 0 0 0 0 0 0 0 0 0 0 0 0 0 0 0 0 0 0 0 0 0 0 0 0 0 0 0 0 0
P7629 2083 9 0 0 0 0 0 0 0 0 0 0 0 0 0 0 0 0 0 0 0 0 0 0 0 0 0 0 0 0 13 99 -999
P7629 2083 10 84 65 48 0 0 0 0 0 0 0 0 0 0 0 0 0 0 0 0 0 0 0 0 10 15 3 0 0 0 0 0
P7629 2083 11 0 0 24 26 11 7 11 16 25 4 0 0 12 26 7 0 6 7 4 1 1 0 5 11 5 0 0 2 1 0 -999
P7629 2083 12 0 0 0 0 0 0 2 1 0 3 4 3 3 0 0 32 17 7 0 0 0 0 0 0 0 0 0 0 0 0 0
P7629 2084 1 0 1 0 0 0 0 0 2 0 0 0 0 1 0 0 0 0 5 15 3 1 2 27 12 1 0 0 0 0 0 0
P7629 2084 2 0 0 2 10 8 0 0 0 0 0 4 6 7 7 0 0 0 3 5 10 6 0 24 33 26 21 42 4 -999 -999 -999
P7629 2084 3 2 34 26 45 100 171 153 112 34 63 86 134 61 27 6 23 26 28 21 3 3 1 5 10 19 0 8 15 5 25 30
P7629 2084 4 15 12 44 35 33 18 1 1 4 6 29 18 0 1 3 4 1 0 3 0 0 0 0 0 0 0 0 0 2 0 -999
P7629 2084 5 0 0 0 24 4 0 0 20 13 0 0 7 0 0 0 0 0 0 0 0 0 0 65 32 31 19 25 7 0 0 3
P7629 2084 6 0 0 0 0 0 0 0 0 0 0 9 23 37 31 27 7 0 0 0 0 0 0 0 0 38 0 0 0 0 0 -999
P7629 2084 7 0 0 0 0 0 0 0 0 0 0 0 0 0 0 0 0 0 0 0 0 0 0 0 0 0 0 0 0 0 0 0
P7629 2084 8 0 0 0 0 0 0 0 0 0 0 0 0 0 0 0 45 47 32 13 28 21 0 0 0 0 0 0 0 0 0 0
P7629 2084 9 0 0 0 0 0 0 0 0 0 0 0 0 0 0 0 0 0 0 0 0 0 0 0 0 0 0 0 0 0 0 -999
P7629 2084 10 0 0 0 0 0 0 0 0 0 0 0 0 0 0 0 9 0 0 0 10 0 0 0 8 6 0 0 0 0 0 0
P7629 2084 11 0 0 0 0 11 12 7 3 22 41 49 33 34 47 15 0 0 0 0 0 0 0 0 0 0 0 0 0 0 0 -999
P7629 2084 12 0 0 2 4 3 1 0 0 0 0 0 0 0 0 0 0 0 0 0 0 0 0 0 0 0 2 1 0 0 0 0
P7629 2085 1 0 0 0 0 0 0 0 0 0 0 0 0 0 0 0 0 0 0 0 0 0 0 0 0 0 0 2 3 0 0 0
P7629 2085 2 0 0 0 2 0 0 0 0 0 0 0 0 0 0 0 15 26 19 0 0 0 0 0 0 0 0 8 2 -999 -999 -999
P7629 2085 3 0 0 0 0 13 0 0 15 0 0 14 27 37 0 0 7 0 21 15 8 6 27 15 1 1 0 0 0 16 31 27
P7629 2085 4 12 5 22 14 1 0 0 0 0 0 1 1 0 0 19 7 0 0 0 0 0 0 0 0 0 7 13 15 15 19 -999
P7629 2085 5 23 21 3 38 26 0 3 0 3 26 32 27 22 7 3 2 3 5 12 17 10 9 0 0 7 3 0 0 0 0 0
P7629 2085 6 0 0 0 0 0 12 36 47 61 59 0 0 0 0 0 0 0 0 0 0 28 0 0 0 0 0 94 57 0 0 -999
P7629 2085 7 0 0 0 0 0 0 0 0 0 0 0 0 0 0 0 0 0 0 0 0 0 0 0 0 0 0 0 0 0 0 0
P7629 2085 8 0 0 0 0 0 0 0 0 0 0 0 0 0 0 0 0 0 0 0 0 0 0 0 0 0 0 0 0 0 0 0
P7629 2085 9 0 0 0 0 0 0 0 0 0 0 0 0 0 0 0 0 0 0 0 0 0 24 21 25 29 11 0 0 0 0 -999
P7629 2085 10 0 0 26 0 32 0 0 12 39 61 26 23 59 0 91 44 40 81 12 0 0 0 0 0 2 0 0 0 0 0 0
P7629 2085 11 0 4 33 34 25 1 0 0 0 0 0 0 0 0 0 0 0 14 17 13 19 27 22 21 32 19 6 2 0 0 -999
P7629 2085 12 8 12 7 1 1 8 0 0 0 2 3 0 0 0 0 0 0 0 0 0 0 0 22 32 44 51 13 9 2 2 7
P7629 2086 1 27 53 52 36 27 0 0 0 0 0 0 0 0 0 0 0 0 0 0 0 0 0 0 0 0 0 0 0 0 0 0
P7629 2086 2 0 0 0 0 0 0 0 0 0 0 0 0 0 1 0 0 0 3 7 0 24 2 1 0 2 3 3 2 -999 -999 -999
P7629 2086 3 0 0 0 0 0 0 0 0 0 0 4 1 0 0 0 0 0 0 0 0 0 0 0 0 0 0 0 0 0 0 22
P7629 2086 4 31 30 16 2 0 0 8 19 35 17 3 6 4 16 81 48 33 33 26 23 25 12 62 51 55 91 78 70 44 15 -999
P7629 2086 5 0 39 64 37 5 0 0 0 0 0 0 0 0 0 0 27 11 4 7 6 10 18 0 5 17 5 0 0 0 22 8
P7629 2086 6 0 0 0 0 0 0 0 0 0 0 0 0 0 0 0 0 0 0 0 0 0 0 0 0 0 0 0 0 0 0 -999
P7629 2086 7 0 0 0 0 0 0 0 0 0 0 0 0 0 0 0 0 0 0 0 0 0 0 0 0 0 0 0 0 0 0 0
P7629 2086 8 0 0 0 0 0 0 0 0 0 0 0 0 0 0 0 0 0 0 0 0 0 0 0 0 0 0 0 0 0 0 0
P7629 2086 9 0 0 0 0 0 0 0 0 0 0 0 69 36 18 0 10 13 14 27 25 0 0 0 0 0 0 0 7 0 0 -999
P7629 2086 10 0 0 0 0 0 0 0 0 0 0 0 0 0 0 91 132 141 114 49 27 6 0 0 23 26 34 14 0 2 2 2
P7629 2086 11 0 52 10 0 0 0 16 10 6 1 0 2 2 2 13 33 109 29 4 1 1 0 0 0 0 0 0 3 7 3 -999
P7629 2086 12 2 2 3 0 20 38 0 0 0 0 0 0 0 0 0 0 0 0 1 1 0 0 0 0 0 0 0 0 0 0 2
P7629 2087 1 1 1 18 7 4 2 0 0 0 0 0 0 0 2 27 29 11 2 3 0 0 0 9 36 6 0 0 13 34 9 1
P7629 2087 2 0 0 0 6 5 0 0 0 0 0 0 0 0 0 0 0 0 0 0 1 0 0 0 0 0 0 0 0 -999 -999 -999
P7629 2087 3 0 0 0 0 0 0 9 4 0 0 0 0 0 6 31 17 9 9 28 28 24 9 0 0 0 0 42 42 7 0 0
P7629 2087 4 0 0 0 0 15 10 0 0 0 0 0 0 0 0 0 0 0 22 23 3 0 0 18 0 0 0 0 0 0 0 -999
P7629 2087 5 0 0 0 0 24 50 74 55 39 44 27 0 0 0 0 12 6 0 0 0 0 0 0 0 0 10 13 22 11 3 0
P7629 2087 6 0 0 0 0 0 0 0 30 39 36 32 0 0 0 0 0 0 0 0 0 0 0 0 0 0 0 0 0 0 0 -999
P7629 2087 7 0 0 0 0 0 0 0 0 0 0 0 0 0 0 0 0 0 0 0 0 0 0 0 0 0 0 0 0 0 0 0
P7629 2087 8 0 0 0 0 0 0 0 0 0 0 0 0 0 0 0 0 0 0 0 0 0 0 11 0 0 0 0 0 0 0 0
P7629 2087 9 0 0 0 0 71 46 0 0 0 43 37 27 0 0 0 0 0 0 0 0 56 36 0 0 0 0 4 31 8 0 -999
P7629 2087 10 0 0 0 23 0 0 0 0 0 0 0 0 0 0 0 0 0 0 11 16 11 38 37 15 48 0 0 0 0 0 0
P7629 2087 11 0 0 0 0 0 0 3 5 2 7 0 7 2 0 2 16 0 1 0 0 0 0 0 0 0 0 0 0 4 29 -999
P7629 2087 12 35 29 12 19 2 0 10 19 3 0 0 3 7 1 6 7 5 6 18 17 3 2 0 0 0 0 0 0 0 0 0
P7629 2088 1 0 0 0 0 0 0 4 18 28 9 4 4 15 22 5 22 4 4 1 1 0 0 2 2 8 20 24 27 36 34 8
P7629 2088 2 1 1 0 1 1 0 0 0 0 0 0 0 0 0 0 0 2 25 23 0 0 17 3 0 0 0 0 0 -999 -999 -999
P7629 2088 3 0 0 0 0 26 16 24 23 4 0 0 3 5 2 11 63 42 13 38 19 1 0 1 0 1 1 0 0 0 0 0
P7629 2088 4 0 0 0 0 6 0 0 0 0 12 0 0 1 11 12 42 3 0 0 0 0 0 0 0 0 0 5 9 13 0 -999
P7629 2088 5 0 134 35 0 0 24 27 0 0 0 84 66 38 6 12 21 49 33 24 0 0 0 0 0 0 0 0 0 0 0 0
P7629 2088 6 0 0 0 0 0 0 0 0 0 0 0 0 0 0 0 0 0 0 0 0 0 0 0 0 0 0 15 0 0 0 -999
P7629 2088 7 0 0 0 0 0 0 0 0 0 0 0 0 0 0 0 0 0 0 0 0 0 0 0 0 0 0 0 0 0 0 0
P7629 2088 8 0 0 0 0 0 0 0 0 0 0 0 0 0 0 0 0 0 0 0 0 0 0 0 0 0 0 0 0 0 0 0
P7629 2088 9 0 0 0 0 0 0 0 0 0 0 0 41 0 0 0 0 0 0 0 0 0 0 0 0 0 0 0 0 0 0 -999
P7629 2088 10 0 0 0 0 0 33 0 0 18 0 7 0 7 4 0 0 0 0 0 0 0 0 0 0 0 0 0 0 0 0 0
P7629 2088 11 0 2 34 43 29 26 24 2 2 23 2 0 0 0 0 0 0 0 0 0 0 0 10 8 0 14 16 5 0 2 -999
P7629 2088 12 16 19 18 11 38 29 19 0 0 0 0 0 0 0 0 0 0 0 0 0 0 0 0 0 0 0 0 0 0 0 0
P7629 2089 1 0 0 0 0 0 0 2 0 0 0 1 0 0 0 1 0 1 1 1 8 19 6 30 4 1 1 0 0 1 2 18
P7629 2089 2 4 1 2 2 26 6 0 1 2 24 32 8 2 13 32 48 33 31 33 32 31 6 0 0 0 9 22 24 -999 -999 -999
P7629 2089 3 8 0 0 0 0 0 0 0 0 0 0 0 0 0 0 0 1 7 0 0 0 0 0 0 0 0 0 4 30 5 0
P7629 2089 4 0 0 0 0 0 6 8 11 23 56 7 0 0 0 15 37 51 20 25 106 105 0 0 0 0 0 0 102 57 13 -999
P7629 2089 5 13 19 0 0 0 0 0 20 21 0 0 0 0 0 0 0 0 0 0 0 0 0 0 0 0 0 0 0 0 0 26
P7629 2089 6 24 33 23 17 30 32 0 68 134 84 0 0 0 0 0 0 0 0 0 0 0 0 0 0 0 0 0 0 0 0 -999
P7629 2089 7 0 0 36 0 0 0 0 0 0 0 0 0 0 0 0 0 0 0 0 0 0 0 0 0 0 0 0 0 0 0 0
P7629 2089 8 0 0 0 0 0 0 0 0 0 0 0 0 0 0 0 0 0 0 0 0 0 0 0 0 0 0 0 0 0 0 0
P7629 2089 9 0 0 0 0 0 0 0 0 0 0 0 0 0 0 0 0 0 0 0 0 0 0 0 0 0 0 0 0 0 0 -999
P7629 2089 10 0 0 0 0 0 0 0 0 0 0 39 36 52 84 19 0 0 0 0 0 0 0 0 0 10 5 0 0 0 0 0
P7629 2089 11 0 0 0 0 0 20 14 0 0 0 0 1 0 0 2 19 7 11 18 21 39 38 35 3 0 0 0 4 9 14 -999
P7629 2089 12 1 1 2 1 0 0 0 0 1 0 0 0 0 0 0 0 0 1 1 10 5 1 1 1 0 0 0 0 0 11 14
P7629 2090 1 0 0 0 0 0 1 1 2 5 14 9 0 0 0 0 0 0 0 0 1 2 2 16 7 1 0 0 0 0 0 0
P7629 2090 2 0 15 34 16 0 0 0 0 0 14 24 17 18 16 22 10 5 6 1 1 22 20 0 0 3 15 28 33 -999 -999 -999
P7629 2090 3 15 0 0 0 0 0 10 28 33 8 2 25 31 2 1 1 0 0 0 0 0 4 3 1 6 4 0 0 0 0 0
P7629 2090 4 0 37 47 43 51 32 5 0 0 0 0 12 16 0 0 0 33 25 0 0 0 0 24 30 11 40 14 29 32 31 -999
P7629 2090 5 105 46 0 0 0 0 0 0 0 0 0 0 0 0 0 61 55 38 21 7 14 6 0 0 0 0 0 0 32 63 49
P7629 2090 6 13 15 29 82 46 25 23 30 29 33 34 0 0 0 0 0 0 0 0 0 0 0 0 32 26 24 15 35 50 0 -999
P7629 2090 7 0 0 0 0 0 0 0 0 0 0 0 0 0 0 0 0 0 0 0 19 7 0 0 0 0 0 0 0 0 0 0
P7629 2090 8 0 0 0 0 0 0 0 0 0 0 0 0 0 0 0 0 0 0 0 0 0 0 0 0 0 0 0 0 0 0 0
P7629 2090 9 0 0 0 0 0 42 0 0 0 0 0 0 0 0 0 0 0 0 0 0 0 0 0 0 0 0 0 10 54 0 -999
P7629 2090 10 0 24 14 0 0 0 31 36 23 3 4 0 0 0 0 0 0 18 0 0 0 0 0 0 0 0 0 0 0 0 5
P7629 2090 11 10 4 4 0 0 0 0 0 0 0 0 0 0 0 0 0 0 0 0 0 0 0 0 0 0 0 6 36 37 53 -999
P7629 2090 12 61 66 10 27 22 3 0 0 2 37 49 88 40 13 3 0 0 0 0 0 0 5 0 3 0 0 0 0 0 0 0
P7629 2091 1 0 0 0 0 0 0 0 0 0 0 0 0 0 0 0 0 0 0 1 3 2 2 1 1 14 15 25 35 23 0 0
P7629 2091 2 6 13 20 21 29 43 22 16 3 1 1 0 2 1 2 0 0 0 0 0 0 0 11 11 22 30 23 6 -999 -999 -999
P7629 2091 3 0 0 0 0 0 0 0 1 2 0 0 0 0 0 0 0 0 0 0 0 0 0 0 2 0 0 0 0 7 0 0
P7629 2091 4 0 0 0 0 0 0 0 0 0 0 0 0 0 0 0 0 0 0 0 28 28 6 3 19 131 173 9 0 28 9 -999
P7629 2091 5 7 5 19 5 20 45 44 23 0 0 19 24 21 26 20 20 20 11 3 0 0 0 0 0 0 0 0 0 0 0 0
P7629 2091 6 0 0 0 0 0 0 0 0 0 0 0 0 0 0 0 14 0 0 0 0 0 0 0 0 0 0 32 69 0 0 -999
P7629 2091 7 0 0 0 0 0 0 0 0 0 0 0 0 0 0 0 0 0 0 0 0 0 0 0 0 0 0 0 0 0 0 0
P7629 2091 8 0 0 0 0 0 0 0 0 0 0 0 0 0 0 0 47 0 0 0 0 0 0 0 0 0 0 0 0 0 0 0
P7629 2091 9 0 0 0 0 0 63 0 0 0 0 0 0 0 0 0 0 93 74 35 52 58 12 0 0 0 39 0 0 0 0 -999
P7629 2091 10 0 0 0 0 0 21 22 23 46 37 0 0 0 0 0 0 0 0 0 0 0 0 18 43 22 6 0 2 30 21 16
P7629 2091 11 18 12 19 28 13 12 32 33 11 9 26 35 43 27 0 0 1 21 5 1 1 0 0 0 0 0 0 0 0 0 -999
P7629 2091 12 0 0 0 0 0 0 0 0 0 0 0 0 36 55 33 16 0 0 2 3 2 0 0 0 0 0 0 0 0 0 0
P7629 2092 1 0 0 0 0 2 3 0 2 0 0 13 2 13 11 0 0 0 0 0 0 0 0 1 7 2 1 1 0 0 0 0
P7629 2092 2 0 0 0 1 6 24 5 1 0 0 0 0 0 0 0 0 0 0 2 3 2 7 2 0 0 0 0 0 -999 -999 -999
P7629 2092 3 0 0 0 0 0 0 0 0 0 0 0 0 0 0 0 24 31 28 36 3 4 0 0 0 0 0 0 0 0 0 0
P7629 2092 4 0 0 0 0 0 0 5 26 24 7 0 2 0 0 0 0 16 0 0 85 67 0 0 0 0 17 14 0 0 0 -999
P7629 2092 5 0 0 0 11 0 0 0 0 8 22 19 0 0 0 0 0 0 0 0 0 0 0 0 0 0 0 0 0 0 14 17
P7629 2092 6 0 41 61 0 0 0 0 0 0 0 0 0 0 0 0 0 0 0 0 0 0 0 0 0 0 0 61 0 0 24 -999
P7629 2092 7 0 0 0 0 0 0 0 0 0 0 0 0 0 0 0 0 0 0 0 0 0 0 0 0 0 0 0 0 0 0 0
P7629 2092 8 0 0 0 0 0 0 0 0 0 0 0 0 0 0 0 0 0 0 0 0 0 0 0 0 0 0 0 0 34 42 40
P7629 2092 9 0 0 0 0 0 0 0 0 0 9 0 0 0 0 0 0 0 0 0 37 28 26 46 46 62 66 41 0 0 30 -999
P7629 2092 10 61 40 0 0 0 0 0 0 0 14 27 0 0 0 3 0 0 0 0 0 0 0 0 0 0 0 0 0 0 0 0
P7629 2092 11 0 0 0 0 0 0 6 35 36 0 0 4 6 5 0 0 0 0 0 0 0 0 0 1 3 0 0 0 0 0 -999
P7629 2092 12 0 0 0 2 3 14 32 33 26 2 0 0 0 0 0 0 0 0 0 0 0 0 0 0 0 0 15 16 3 0 0
P7629 2093 1 0 0 0 0 1 6 19 14 19 2 1 1 1 1 0 2 0 0 0 0 0 0 0 2 0 0 0 0 2 0 0
P7629 2093 2 0 0 0 0 0 1 3 12 6 21 24 11 77 125 75 49 28 36 127 102 165 168 10 37 45 66 116 74 -999 -999 -999
P7629 2093 3 28 3 7 12 3 0 0 5 26 21 39 20 16 6 37 19 1 2 1 3 23 11 4 5 1 0 0 0 6 25 9
P7629 2093 4 0 0 0 0 0 1 0 1 3 5 2 8 13 0 0 0 16 20 24 0 0 0 59 16 0 0 0 0 0 6 -999
P7629 2093 5 0 6 4 7 21 23 4 14 32 35 27 4 0 0 0 0 0 0 0 5 0 0 8 0 0 0 0 0 0 0 0
P7629 2093 6 0 0 9 28 24 15 23 0 0 0 39 49 51 54 40 0 0 0 0 0 0 0 0 0 0 0 0 0 0 0 -999
P7629 2093 7 0 0 0 0 0 0 0 0 0 0 0 0 0 0 0 0 0 0 0 0 0 0 0 0 0 0 0 0 0 0 0
P7629 2093 8 0 0 0 0 0 0 0 0 0 0 0 0 0 0 0 0 0 0 0 0 0 0 0 0 0 29 37 35 21 0 0
P7629 2093 9 0 0 0 0 0 0 0 0 0 0 0 0 0 0 0 0 0 0 0 0 0 0 0 16 0 0 0 0 0 0 -999
P7629 2093 10 0 0 0 0 0 0 0 0 0 5 0 0 0 0 0 0 0 0 0 0 0 0 0 0 0 0 0 0 0 0 0
P7629 2093 11 1 1 1 12 35 9 0 3 20 19 0 16 18 0 0 0 2 29 5 2 0 0 0 6 15 2 1 0 0 0 -999
P7629 2093 12 0 0 5 30 0 0 1 0 0 0 0 1 2 0 0 0 0 0 0 0 0 0 0 0 0 0 0 2 12 23 2
P7629 2094 1 0 0 0 2 7 7 7 4 0 0 0 0 0 0 0 0 0 0 0 0 0 0 0 0 0 0 0 0 0 0 0
P7629 2094 2 0 0 0 0 1 2 0 0 0 0 0 0 0 0 0 0 0 0 0 0 0 0 0 16 1 0 11 33 -999 -999 -999
P7629 2094 3 27 3 4 7 25 26 26 25 23 30 4 0 17 10 0 0 14 0 0 0 0 3 1 0 0 0 0 0 0 4 0
P7629 2094 4 0 0 46 57 30 12 0 9 5 9 2 13 4 2 2 4 2 0 0 0 0 0 9 12 26 22 1 0 0 0 -999
P7629 2094 5 0 0 0 1 2 0 3 0 0 0 0 0 0 0 0 0 0 0 0 0 0 0 0 0 0 0 0 0 0 0 0
P7629 2094 6 0 0 0 16 0 19 27 33 26 4 0 0 13 0 0 0 0 0 0 0 0 0 0 0 0 0 0 0 0 0 -999
P7629 2094 7 0 0 0 0 0 0 0 0 0 0 0 0 0 0 0 0 0 0 0 0 0 73 57 0 0 0 0 0 0 0 0
P7629 2094 8 0 0 0 0 0 0 0 0 0 0 0 0 0 0 0 0 0 0 0 0 0 0 0 0 0 0 0 0 0 0 0
P7629 2094 9 0 0 0 0 0 0 0 0 0 0 0 0 0 0 0 0 0 0 0 0 40 66 55 44 24 0 0 0 39 39 -999
P7629 2094 10 29 29 27 17 22 0 0 0 0 0 0 0 0 0 0 0 0 0 0 0 14 18 0 0 5 22 10 9 1 0 0
P7629 2094 11 0 0 0 0 0 0 20 14 0 0 0 0 6 1 0 0 0 0 0 0 0 0 0 0 0 0 16 7 0 0 -999
P7629 2094 12 0 0 0 0 15 22 6 7 5 8 20 14 2 11 14 0 0 0 0 0 0 0 0 0 0 1 26 12 1 0 0
P7629 2095 1 14 13 26 0 0 2 2 1 2 1 1 1 0 0 4 5 29 4 23 24 24 17 8 1 17 10 4 26 5 4 6
P7629 2095 2 1 0 0 6 11 0 2 4 2 34 183 220 63 20 8 1 0 0 1 0 0 0 0 5 5 0 54 0 -999 -999 -999
P7629 2095 3 0 0 0 0 0 0 0 0 0 0 0 14 13 19 29 15 6 36 26 10 4 12 5 70 173 168 28 0 0 0 0
P7629 2095 4 9 12 1 2 0 13 9 10 15 7 4 3 0 0 0 0 18 7 0 0 0 0 0 0 0 0 0 0 0 0 -999
P7629 2095 5 22 19 13 0 0 3 0 0 0 0 78 97 12 0 0 0 0 0 0 0 15 4 0 0 0 0 0 0 0 19 30
P7629 2095 6 0 0 0 0 0 0 0 0 0 0 0 0 0 0 0 0 0 0 0 0 0 0 36 0 0 0 0 31 0 0 -999
P7629 2095 7 57 0 0 0 0 0 0 0 0 0 0 0 0 0 0 0 0 0 0 0 0 0 0 0 0 0 0 0 0 0 0
P7629 2095 8 0 0 0 0 0 0 0 0 0 0 0 0 0 0 0 0 0 0 0 0 0 0 0 0 0 0 0 0 0 0 0
P7629 2095 9 0 0 0 0 0 0 0 0 0 38 24 0 0 0 0 0 0 0 0 0 0 0 82 53 0 0 47 32 0 0 -999
P7629 2095 10 0 0 0 0 0 0 0 0 16 5 12 7 3 0 0 0 5 1 0 0 0 0 0 0 0 0 0 0 3 17 4
P7629 2095 11 2 4 32 46 10 0 0 17 29 10 4 7 4 0 0 0 0 0 1 0 0 0 0 0 0 0 2 1 0 1 -999
P7629 2095 12 1 0 0 0 0 1 12 0 1 0 0 0 0 0 0 0 1 0 0 0 0 0 0 0 0 7 21 0 0 0 0
P7629 2096 1 0 0 0 3 1 53 93 16 1 3 1 0 0 0 0 0 0 0 0 0 0 0 0 0 0 0 1 1 2 4 3
P7629 2096 2 6 5 8 3 0 0 0 0 0 0 1 0 0 0 2 4 4 4 2 1 2 17 72 10 11 24 17 19 -999 -999 -999
P7629 2096 3 3 11 113 104 108 53 8 17 98 13 0 1 1 2 1 0 0 0 0 0 0 0 0 0 0 6 24 2 2 15 8
P7629 2096 4 19 0 0 22 4 8 18 24 58 55 20 47 55 30 13 3 5 14 27 33 18 5 5 0 0 0 0 0 20 26 -999
P7629 2096 5 0 0 3 1 0 7 27 12 7 0 0 0 87 46 0 0 0 0 0 4 12 2 0 0 0 10 14 19 33 38 26
P7629 2096 6 23 4 0 24 0 19 5 0 0 0 14 23 8 0 0 0 0 0 0 20 40 36 0 0 0 0 0 0 0 0 -999
P7629 2096 7 0 45 36 0 0 0 0 0 0 0 0 0 0 0 0 0 0 0 0 0 0 0 0 0 0 0 0 0 0 0 0
P7629 2096 8 0 0 0 0 0 0 0 0 0 0 0 0 0 0 0 0 0 0 0 0 0 0 0 0 0 0 0 0 0 0 0
P7629 2096 9 0 0 0 0 0 0 18 33 0 0 25 16 0 0 0 0 0 0 0 0 0 0 0 0 0 35 37 0 0 0 -999
P7629 2096 10 0 0 0 0 0 0 0 0 0 26 43 30 3 0 0 0 11 31 39 37 29 3 0 0 0 0 0 0 11 27 32
P7629 2096 11 24 26 24 17 8 24 2 1 7 39 11 1 2 5 26 11 5 22 4 8 0 0 0 0 0 1 0 0 2 0 -999
P7629 2096 12 0 0 0 0 0 0 0 0 0 0 0 0 0 0 0 0 0 0 0 0 0 0 0 0 2 2 3 6 11 20 32
P7629 2097 1 24 1 1 1 0 0 1 1 2 1 1 1 0 1 1 15 15 0 4 10 0 0 0 0 0 0 0 0 2 0 0
P7629 2097 2 1 7 0 0 0 0 0 0 0 2 0 3 6 8 4 0 4 7 18 78 12 4 4 0 9 37 78 43 -999 -999 -999
P7629 2097 3 14 0 0 58 73 6 0 0 0 0 0 0 0 0 3 3 5 15 180 105 51 31 86 64 41 25 10 0 0 0 0
P7629 2097 4 15 3 0 0 3 6 4 2 0 2 0 0 0 0 0 0 0 0 11 6 2 20 27 8 12 10 26 3 0 0 -999
P7629 2097 5 0 0 0 0 0 51 53 4 0 0 0 0 0 0 0 10 3 3 10 63 10 0 0 0 0 0 0 19 28 17 31
P7629 2097 6 0 0 0 0 0 0 0 0 0 0 36 51 49 37 25 0 0 0 0 0 0 0 22 0 0 0 0 0 0 0 -999
P7629 2097 7 0 0 0 0 0 0 0 0 0 0 0 0 0 0 0 0 0 0 0 0 0 0 0 0 0 0 0 0 0 0 0
P7629 2097 8 0 0 0 0 0 0 0 0 0 0 0 0 0 0 0 0 0 0 0 0 0 0 0 0 0 0 0 0 0 0 0
P7629 2097 9 0 0 0 0 0 0 0 0 0 0 0 0 0 0 0 0 0 0 0 49 0 33 40 43 43 14 0 0 0 0 -999
P7629 2097 10 15 23 13 0 15 0 0 0 0 0 0 0 0 0 0 0 18 50 43 34 0 5 15 21 5 0 0 0 4 19 34
P7629 2097 11 30 2 0 12 19 0 0 0 0 0 1 9 37 26 17 9 4 0 0 0 12 17 11 0 0 0 0 0 0 0 -999
P7629 2097 12 0 0 1 9 15 3 0 0 0 0 0 0 6 30 94 35 30 9 1 1 1 6 1 0 0 0 0 3 0 0 0
P7629 2098 1 0 9 2 0 2 6 4 6 1 1 29 61 9 2 1 0 0 0 1 1 1 0 0 0 0 0 0 0 0 0 0
P7629 2098 2 0 9 45 33 40 19 5 6 10 24 27 2 6 5 12 20 11 4 3 5 8 5 0 8 31 49 13 2 -999 -999 -999
P7629 2098 3 0 1 1 0 0 0 0 1 2 0 0 0 0 0 0 0 0 0 9 21 26 3 0 0 0 0 0 0 0 0 0
P7629 2098 4 0 0 0 0 0 0 0 20 52 22 5 6 1 0 0 0 0 0 0 0 45 25 0 0 0 0 30 0 0 0 -999
P7629 2098 5 0 30 0 0 0 0 0 0 0 0 133 57 6 7 43 108 53 0 0 0 0 0 0 0 0 0 0 0 0 0 0
P7629 2098 6 0 0 0 10 17 12 0 0 0 0 0 0 0 39 38 26 22 8 0 0 0 24 33 27 0 0 0 0 0 0 -999
P7629 2098 7 0 0 0 0 0 0 0 0 0 0 0 0 0 0 0 0 0 0 0 0 0 0 0 0 0 0 0 0 0 0 0
P7629 2098 8 0 0 0 0 0 0 0 36 53 76 0 0 0 0 0 0 0 0 0 0 0 0 0 0 0 0 0 0 0 0 0
P7629 2098 9 0 0 0 0 0 0 0 0 0 0 0 0 0 0 0 0 35 47 28 22 0 0 0 0 27 16 0 0 0 0 -999
P7629 2098 10 0 0 0 26 31 19 10 0 0 0 0 0 0 0 0 14 20 78 20 85 44 40 32 8 0 4 0 3 14 4 13
P7629 2098 11 7 30 7 9 4 2 9 1 0 15 31 35 0 0 0 11 37 10 0 0 0 8 6 0 0 0 0 0 3 16 -999
P7629 2098 12 2 9 8 1 1 45 77 12 3 13 0 0 0 0 0 0 0 0 6 1 1 2 12 18 8 3 3 1 0 0 0
P7629 2099 1 0 0 0 0 0 0 0 0 0 0 0 0 0 0 0 0 1 0 0 0 0 0 0 0 0 0 0 0 0 0 0
P7629 2099 2 0 1 19 3 1 0 0 0 0 0 0 0 0 0 0 0 0 0 2 1 0 0 0 0 0 0 0 0 -999 -999 -999
P7629 2099 3 0 0 0 0 0 25 11 18 20 4 27 34 4 0 0 0 0 0 0 0 0 0 8 0 0 0 0 0 0 0 0
P7629 2099 4 0 13 13 0 8 0 0 0 0 0 5 2 18 28 25 0 0 0 0 0 6 0 0 26 37 55 14 0 0 6 -999
P7629 2099 5 0 0 0 0 44 18 0 6 13 20 5 0 0 20 37 48 0 85 54 35 0 15 60 0 0 0 0 0 0 0 0
P7629 2099 6 0 0 0 0 0 0 0 0 0 42 0 0 0 0 0 0 0 0 0 0 25 15 0 0 0 0 0 0 0 0 -999
P7629 2099 7 0 0 0 0 0 0 0 0 0 0 0 0 0 0 0 0 0 0 0 0 0 0 0 0 0 0 0 0 0 0 0
P7629 2099 8 0 0 0 0 0 0 0 0 0 0 0 0 0 0 0 0 0 0 0 0 0 0 0 0 0 0 0 0 0 28 17
P7629 2099 9 0 0 35 0 0 0 0 10 0 0 0 0 0 0 0 0 0 0 0 0 0 26 21 0 0 0 0 0 0 0 -999
P7629 2099 10 0 0 0 0 0 0 0 45 0 0 33 50 47 18 21 9 14 20 8 5 0 2 0 0 0 0 0 0 0 24 45
P7629 2099 11 11 15 21 11 6 13 2 0 0 3 1 14 41 8 1 12 14 27 33 42 32 13 0 0 0 0 0 0 0 0 -999
P7629 2099 12 0 0 0 0 0 6 0 0 44 6 0 0 4 6 0 0 0 0 0 0 0 1 1 0 0 0 0 5 6 11 33
P7629 2100 1 7 0 0 0 0 0 0 0 0 0 1 7 26 8 8 27 5 0 0 4 9 3 3 0 0 0 0 0 0 0 0
P7629 2100 2 1 2 18 5 0 0 0 0 0 0 0 0 0 0 0 0 0 0 0 0 0 0 0 0 0 0 0 8 -999 -999 -999
P7629 2100 3 0 0 0 23 24 28 3 2 4 1 3 25 20 5 10 0 0 12 0 37 34 21 19 7 0 0 0 70 26 7 19
P7629 2100 4 0 0 0 0 0 0 0 11 11 0 0 0 0 0 0 0 17 22 10 4 26 25 15 1 0 4 0 0 0 144 -999
P7629 2100 5 73 58 28 13 10 17 0 0 24 21 24 31 0 0 0 0 0 0 0 0 0 0 20 0 13 0 0 0 0 25 0
P7629 2100 6 0 0 20 0 0 0 0 0 0 0 0 0 0 0 0 0 0 0 0 0 0 0 0 0 0 0 49 25 7 0 -999
P7629 2100 7 0 0 0 0 0 0 0 0 0 0 0 0 0 0 0 0 25 0 0 0 0 0 0 0 0 0 0 0 0 0 0
P7629 2100 8 0 0 0 0 0 0 0 0 0 0 0 0 0 0 0 0 0 0 0 0 0 0 0 0 0 0 0 0 0 0 0
P7629 2100 9 0 0 0 0 0 0 0 17 0 0 0 0 0 0 0 0 0 0 0 0 0 0 0 0 0 0 0 0 0 0 -999
P7629 2100 10 4 19 0 0 0 40 31 43 22 0 0 11 25 24 7 2 11 17 3 22 23 9 1 11 12 2 21 25 31 23 7
P7629 2100 11 0 0 0 1 0 2 0 0 6 16 29 30 30 2 1 0 0 0 0 0 0 0 0 0 0 0 0 0 0 0 -999
P7629 2100 12 0 0 0 0 0 0 2 4 3 12 0 0 0 0 1 1 1 9 24 0 15 38 4 2 9 24 7 20 25 15 -999
