precip bcc-csm1-1 rcp60 RNEURONALES decimas 2
P6719 39.396 -6.97 412 geo 2006 2100 -1
P6719 2006 1 0 1 2 3 4 1 1 11 19 77 30 46 16 21 14 8 3 4 4 1 3 4 5 3 6 5 3 3 2 0 0
P6719 2006 2 1 0 1 21 25 47 38 27 38 130 88 193 111 42 46 64 11 3 3 3 22 14 42 33 60 12 11 11 -999 -999 -999
P6719 2006 3 15 20 18 6 6 17 18 0 10 37 29 5 32 20 12 8 8 2 0 0 0 0 0 0 0 0 9 7 8 7 15
P6719 2006 4 38 141 3 0 6 3 13 50 47 21 10 9 15 7 5 0 2 14 43 2 0 16 27 2 6 29 5 2 0 0 -999
P6719 2006 5 0 7 3 16 36 7 5 7 11 23 39 11 27 4 6 24 5 7 4 2 5 6 7 0 0 0 6 29 41 16 6
P6719 2006 6 29 6 47 34 31 18 48 4 0 0 0 0 0 0 0 0 0 0 0 0 0 0 0 0 0 0 0 0 0 0 -999
P6719 2006 7 0 0 0 0 0 22 0 0 0 0 0 0 0 0 0 0 0 0 0 0 0 0 0 0 0 0 0 0 0 0 0
P6719 2006 8 0 0 0 0 0 0 0 0 0 0 0 0 0 0 0 0 0 0 0 0 0 0 0 0 0 0 0 0 0 0 0
P6719 2006 9 0 0 0 0 0 0 0 0 0 0 0 0 0 38 37 25 7 16 8 0 0 0 0 0 3 8 0 0 0 11 -999
P6719 2006 10 6 4 11 51 9 0 0 0 0 0 0 0 0 0 0 0 0 0 0 0 0 0 0 0 0 13 29 20 0 0 0
P6719 2006 11 3 0 0 11 67 11 82 24 7 0 2 0 0 8 49 3 0 7 13 0 0 0 0 0 0 2 2 2 1 0 -999
P6719 2006 12 0 5 63 1 45 32 0 0 0 0 0 3 6 12 3 0 0 0 0 1 7 64 63 22 83 37 112 63 18 9 6
P6719 2007 1 5 0 0 0 0 0 0 0 1 2 5 18 3 0 0 0 3 3 5 4 9 1 9 14 24 51 50 28 60 11 6
P6719 2007 2 3 8 49 22 59 169 165 50 31 6 4 79 144 134 29 51 0 0 22 4 0 7 7 8 23 35 12 100 -999 -999 -999
P6719 2007 3 98 5 0 0 0 0 0 0 0 0 7 11 46 8 0 9 17 3 4 3 7 53 34 4 4 5 6 8 4 0 0
P6719 2007 4 0 2 6 36 35 61 39 6 0 0 0 0 19 5 28 49 4 71 36 7 28 91 70 23 42 11 2 4 15 8 -999
P6719 2007 5 9 2 6 20 34 19 29 26 4 8 26 52 37 16 40 8 13 3 0 3 0 0 0 0 0 0 0 0 0 9 9
P6719 2007 6 0 0 0 0 0 0 0 4 0 0 0 0 0 0 0 0 0 0 0 0 0 0 0 0 0 0 0 0 0 0 -999
P6719 2007 7 0 0 0 0 0 0 0 0 0 0 0 0 0 0 0 0 0 0 0 0 0 0 0 0 0 0 0 0 0 0 0
P6719 2007 8 0 0 0 0 0 0 0 0 0 0 0 0 0 0 0 0 0 0 0 0 0 0 0 28 25 17 0 0 7 0 0
P6719 2007 9 0 0 0 0 0 0 0 0 0 0 0 0 0 0 0 0 0 0 0 0 0 0 0 0 0 0 0 0 0 0 -999
P6719 2007 10 20 16 0 0 0 0 6 6 7 25 10 9 22 46 10 4 35 12 14 3 4 3 0 5 43 81 72 12 18 145 23
P6719 2007 11 10 0 0 0 0 0 0 11 4 23 5 2 6 1 9 7 1 3 9 72 11 84 30 59 44 9 15 30 102 5 -999
P6719 2007 12 17 7 0 0 0 0 0 47 104 17 8 6 4 3 31 277 129 29 63 154 36 11 36 4 15 11 10 16 46 60 34
P6719 2008 1 33 84 92 51 37 122 80 24 12 9 19 20 16 14 13 80 95 59 8 1 0 0 0 0 0 5 10 12 0 0 7
P6719 2008 2 5 4 0 0 0 0 0 0 3 0 0 0 0 3 0 0 0 0 6 91 11 15 3 30 1 3 4 4 -999 -999 -999
P6719 2008 3 23 19 13 1 0 0 9 2 1 0 4 3 14 6 33 18 28 10 8 22 11 3 19 8 22 85 8 2 11 23 6
P6719 2008 4 15 9 9 5 9 85 48 25 34 23 0 0 13 7 0 0 5 21 12 5 0 0 4 5 3 13 5 7 21 0 -999
P6719 2008 5 0 0 4 16 26 42 31 7 14 17 15 6 19 0 0 0 7 5 11 15 0 0 0 0 0 0 0 0 0 0 0
P6719 2008 6 0 0 0 14 2 0 0 0 0 0 0 0 0 0 0 0 0 0 0 0 0 0 0 0 0 5 7 0 0 0 -999
P6719 2008 7 10 10 6 30 35 20 20 0 0 0 6 0 0 0 0 0 12 0 0 0 0 0 0 0 0 0 0 0 0 0 0
P6719 2008 8 0 0 0 0 0 0 0 0 0 0 0 0 0 0 0 0 0 0 0 0 0 0 0 0 0 0 0 0 0 0 0
P6719 2008 9 0 0 0 0 0 0 0 0 0 0 0 0 0 0 0 0 0 0 0 0 0 0 0 0 0 0 0 0 0 0 -999
P6719 2008 10 7 3 6 6 10 7 0 0 0 0 8 5 62 67 183 17 30 4 9 10 8 54 36 9 5 6 5 8 3 3 5
P6719 2008 11 4 4 3 7 5 4 7 7 7 7 3 2 2 3 68 78 57 61 176 6 5 42 10 14 3 6 4 1 9 7 -999
P6719 2008 12 102 13 3 6 1 5 26 49 17 2 3 3 13 48 45 14 3 1 5 25 15 16 8 6 2 2 3 0 0 4 13
P6719 2009 1 3 0 0 1 9 6 6 3 3 7 18 3 35 4 11 16 6 80 62 9 36 39 27 29 10 3 7 5 24 23 15
P6719 2009 2 7 11 0 0 16 12 22 7 29 21 27 88 6 0 0 11 78 38 23 71 59 33 112 117 176 139 66 92 -999 -999 -999
P6719 2009 3 12 67 118 15 11 27 21 15 4 20 3 0 0 0 0 2 1 6 6 5 5 0 5 9 14 40 17 9 7 1 4
P6719 2009 4 0 0 0 0 2 3 21 9 3 0 8 7 15 13 3 3 0 0 0 7 3 0 0 0 0 0 0 0 0 0 -999
P6719 2009 5 0 0 0 0 0 0 0 0 0 0 0 0 0 0 0 0 0 0 0 0 0 0 0 0 0 0 0 0 0 0 0
P6719 2009 6 0 0 0 0 0 0 0 7 11 9 21 13 13 10 6 5 5 6 3 3 3 0 0 0 0 0 0 0 0 0 -999
P6719 2009 7 0 0 0 0 0 0 0 0 0 0 0 0 0 0 0 0 0 0 0 0 0 0 0 0 0 0 0 0 0 0 0
P6719 2009 8 0 0 0 0 0 0 0 0 0 0 0 0 0 0 0 0 0 0 0 0 0 0 0 0 0 0 0 0 0 0 0
P6719 2009 9 0 0 0 0 0 0 0 0 0 0 0 0 0 0 0 0 0 0 0 0 0 0 0 0 0 0 0 0 0 0 -999
P6719 2009 10 0 24 71 14 48 18 11 7 7 0 0 0 0 0 0 0 0 0 0 0 7 4 3 10 26 19 25 7 0 0 0
P6719 2009 11 0 23 38 16 45 0 0 3 17 28 75 21 5 0 0 0 0 0 0 2 4 5 5 0 0 0 0 0 0 0 -999
P6719 2009 12 0 2 3 6 11 15 20 2 2 21 31 11 6 21 68 33 48 6 10 0 0 4 4 56 101 116 28 49 56 66 34
P6719 2010 1 6 16 4 6 10 3 52 28 3 10 15 0 0 2 5 5 17 40 35 9 5 0 0 3 6 7 0 0 0 0 0
P6719 2010 2 0 0 2 1 1 2 2 0 10 20 4 37 36 10 3 12 13 7 14 7 38 7 0 0 0 0 0 4 -999 -999 -999
P6719 2010 3 3 0 0 0 1 11 19 25 32 25 8 0 0 0 0 0 1 1 4 18 30 12 15 13 14 3 15 15 4 2 14
P6719 2010 4 62 33 17 3 25 37 65 15 6 3 5 48 9 9 0 0 0 0 0 0 0 0 0 7 0 0 0 0 0 0 -999
P6719 2010 5 0 0 0 0 0 0 0 0 0 0 0 0 0 0 0 0 0 0 0 0 0 0 15 0 0 0 0 0 0 0 0
P6719 2010 6 0 0 0 0 0 0 0 0 0 0 0 0 0 51 19 13 9 0 0 0 0 0 0 0 0 0 0 0 0 0 -999
P6719 2010 7 0 0 0 0 0 0 0 0 0 0 0 0 0 0 0 0 0 0 0 0 0 0 0 0 0 0 0 0 0 0 0
P6719 2010 8 0 0 0 0 0 0 0 0 0 0 0 0 0 0 0 0 0 0 0 0 0 0 0 0 0 0 0 0 0 0 0
P6719 2010 9 0 0 0 0 0 0 0 0 0 0 0 0 0 0 0 0 0 0 0 0 13 0 0 0 0 148 17 0 0 0 -999
P6719 2010 10 0 0 0 0 0 0 0 0 0 0 0 0 0 0 0 0 0 0 0 0 0 0 25 0 13 52 15 0 0 0 0
P6719 2010 11 0 0 0 0 0 0 0 0 0 8 84 141 53 27 51 4 11 4 4 5 6 8 8 3 0 2 0 0 0 0 -999
P6719 2010 12 0 0 0 0 4 0 0 7 4 4 21 27 20 5 5 17 9 14 10 9 4 0 19 9 6 2 11 6 2 5 2
P6719 2011 1 0 0 0 0 1 3 0 0 0 0 5 10 0 0 0 8 67 12 13 9 5 3 0 0 1 2 5 1 3 13 5
P6719 2011 2 2 3 2 0 0 0 0 0 2 2 3 2 2 1 1 12 17 25 18 11 15 9 10 10 8 2 4 12 -999 -999 -999
P6719 2011 3 7 4 4 14 18 60 33 35 9 4 0 4 0 34 73 38 7 11 15 9 1 2 2 9 12 6 15 53 71 7 24
P6719 2011 4 40 2 19 5 6 6 8 0 17 27 30 11 6 0 0 0 0 0 9 26 38 5 3 9 6 22 4 0 0 0 -999
P6719 2011 5 0 0 0 0 0 0 0 0 0 12 0 0 0 0 0 0 0 0 0 0 0 0 0 0 0 0 6 0 0 0 0
P6719 2011 6 0 0 0 0 0 0 0 0 0 0 0 0 0 0 0 0 0 0 0 0 0 0 30 15 21 11 0 0 0 0 -999
P6719 2011 7 0 0 0 0 0 0 0 0 0 0 0 0 0 0 0 0 0 0 0 0 0 0 0 0 0 0 0 0 0 0 0
P6719 2011 8 0 0 0 0 0 0 0 0 0 0 0 0 0 0 0 0 0 0 0 0 0 0 0 0 0 0 0 0 0 0 0
P6719 2011 9 0 0 0 0 0 0 0 0 0 0 14 0 0 0 0 0 16 13 0 0 0 0 0 0 0 0 0 0 0 0 -999
P6719 2011 10 0 0 11 0 0 8 12 4 2 6 0 0 5 0 0 0 0 0 12 4 12 28 17 10 5 0 0 4 14 50 8
P6719 2011 11 28 41 58 5 6 46 14 11 4 0 0 20 4 10 51 0 0 0 12 24 32 49 49 5 9 28 80 131 25 9 -999
P6719 2011 12 77 7 3 0 0 0 4 2 1 5 9 0 12 14 79 22 26 11 2 0 1 1 1 8 29 124 25 12 14 11 12
P6719 2012 1 28 23 68 31 145 3 7 2 5 7 3 5 6 4 6 28 41 120 34 7 2 8 4 3 0 2 6 5 3 1 5
P6719 2012 2 3 0 0 10 0 0 3 3 5 21 37 94 67 13 24 15 104 15 13 14 6 4 6 41 7 0 6 2 -999 -999 -999
P6719 2012 3 3 0 0 0 0 0 0 0 0 0 0 0 2 6 1 5 4 5 3 5 0 0 0 3 3 4 4 3 0 0 2
P6719 2012 4 5 11 11 0 0 0 0 0 0 0 0 0 0 0 0 0 0 0 0 0 0 0 0 0 0 0 0 0 0 0 -999
P6719 2012 5 0 0 0 0 0 0 0 0 0 11 0 0 10 0 14 0 0 0 0 0 0 0 0 24 16 11 11 18 28 7 0
P6719 2012 6 0 0 0 0 6 4 0 0 0 0 0 0 0 0 0 0 0 0 0 0 0 0 0 0 0 0 0 0 0 0 -999
P6719 2012 7 0 0 0 0 0 0 0 0 0 0 0 0 0 0 0 0 0 0 0 0 0 0 0 0 0 0 0 0 0 0 0
P6719 2012 8 0 0 0 0 0 0 0 0 0 0 0 0 0 0 0 0 0 0 0 0 0 0 0 0 0 0 0 0 12 0 0
P6719 2012 9 0 0 0 0 0 0 0 0 0 0 0 0 0 0 0 0 0 0 0 0 0 0 0 0 0 0 0 0 0 0 -999
P6719 2012 10 0 0 0 0 0 0 0 0 0 0 0 4 5 0 0 0 0 0 0 0 69 13 11 3 5 7 0 5 40 104 13
P6719 2012 11 8 0 16 24 23 68 30 5 9 4 5 30 95 4 0 0 0 0 10 5 0 0 0 0 0 0 1 1 3 8 -999
P6719 2012 12 66 7 4 4 7 3 5 1 0 0 0 12 18 8 4 8 8 13 14 14 1 8 3 8 3 11 0 0 0 3 8
P6719 2013 1 9 8 0 0 0 4 0 0 4 1 2 2 9 5 2 2 3 5 1 1 5 9 21 14 10 1 2 3 3 6 5
P6719 2013 2 4 2 7 3 3 12 38 8 5 3 12 14 6 8 11 9 27 1 6 3 0 6 43 44 49 22 11 5 -999 -999 -999
P6719 2013 3 5 3 1 0 0 0 0 0 0 0 1 5 48 90 37 51 34 86 0 0 0 0 0 0 0 0 0 0 0 0 0
P6719 2013 4 0 6 7 14 16 8 6 2 28 4 0 0 0 0 14 38 13 27 22 15 16 5 0 0 0 0 0 0 0 0 -999
P6719 2013 5 0 0 0 0 0 0 0 4 0 42 32 20 7 0 0 0 0 0 28 24 16 22 8 15 7 0 0 0 0 0 0
P6719 2013 6 0 0 0 0 0 0 0 0 0 0 0 0 0 0 0 0 0 0 0 0 0 0 0 0 0 0 0 0 0 0 -999
P6719 2013 7 0 0 0 0 0 0 0 0 0 0 0 0 0 0 0 0 0 0 0 0 0 0 0 0 0 0 0 0 0 0 0
P6719 2013 8 0 0 0 0 0 0 0 0 0 0 0 0 0 0 0 0 0 0 0 0 0 0 0 0 0 0 0 0 0 0 0
P6719 2013 9 0 0 0 0 0 0 0 0 0 0 0 0 0 0 0 0 0 0 0 0 0 0 12 0 0 0 0 0 0 0 -999
P6719 2013 10 0 0 0 0 0 0 0 8 65 71 59 27 102 44 18 40 4 15 5 11 5 3 78 9 6 0 0 0 0 0 0
P6719 2013 11 11 20 12 15 0 0 0 15 0 8 0 5 6 11 63 18 9 19 6 4 4 3 7 61 11 53 26 24 10 0 -999
P6719 2013 12 41 64 109 12 4 8 4 2 3 3 6 4 0 0 4 11 46 5 0 0 4 1 9 0 0 0 0 1 7 9 22
P6719 2014 1 41 71 30 3 5 3 13 5 27 6 17 19 46 35 8 5 15 6 3 12 5 6 39 11 109 102 24 26 48 94 19
P6719 2014 2 111 2 8 7 7 3 3 8 8 15 6 0 0 0 0 0 0 12 16 15 12 11 4 0 0 0 0 0 -999 -999 -999
P6719 2014 3 0 0 0 0 0 0 0 4 0 0 1 0 0 13 11 3 4 0 0 1 15 17 6 13 29 8 3 0 0 0 0
P6719 2014 4 0 0 3 6 0 0 3 19 37 213 19 10 3 0 0 0 0 0 0 0 0 0 0 0 0 0 0 11 23 39 -999
P6719 2014 5 19 56 11 0 0 15 3 25 4 12 6 32 17 9 7 7 18 4 0 0 0 0 0 0 0 0 0 0 0 19 73
P6719 2014 6 48 20 3 10 0 0 0 0 0 0 0 0 0 0 0 0 0 0 0 0 0 0 0 0 0 0 0 0 0 0 -999
P6719 2014 7 0 0 0 0 0 0 0 0 0 0 0 0 0 0 0 0 0 0 0 0 0 0 0 0 0 0 0 0 0 0 0
P6719 2014 8 0 0 0 0 0 0 0 0 0 0 0 0 0 0 0 0 0 0 0 0 0 0 0 0 0 0 0 0 0 0 0
P6719 2014 9 0 0 0 0 0 0 0 0 0 0 0 0 0 0 0 0 0 0 0 0 0 0 0 0 0 0 0 0 0 0 -999
P6719 2014 10 0 0 0 0 0 0 0 0 0 47 0 0 0 0 0 0 0 0 0 0 3 8 7 0 9 60 14 0 0 4 2
P6719 2014 11 0 4 0 0 21 13 5 6 0 11 10 23 5 0 0 0 9 25 23 92 17 5 5 29 22 8 9 3 6 27 -999
P6719 2014 12 4 1 0 0 0 0 5 4 5 9 9 7 8 7 43 18 100 50 19 211 28 135 116 71 42 24 17 4 0 0 0
P6719 2015 1 0 0 0 0 0 0 0 0 0 0 0 0 0 0 1 3 7 2 4 1 0 6 6 4 106 12 12 9 3 31 4
P6719 2015 2 3 3 0 3 1 0 2 6 23 4 16 84 39 74 75 34 93 79 44 10 28 40 12 4 3 0 11 8 -999 -999 -999
P6719 2015 3 0 43 107 43 15 5 0 0 0 0 5 29 30 10 14 14 15 74 55 19 44 9 0 0 0 0 0 0 0 3 4
P6719 2015 4 0 0 0 0 22 23 0 3 15 44 19 10 18 27 25 21 7 6 54 51 50 28 4 46 12 4 0 0 0 0 -999
P6719 2015 5 0 3 3 7 23 13 0 0 0 0 0 0 0 0 0 0 0 0 0 0 0 0 0 0 0 0 0 0 0 0 0
P6719 2015 6 0 0 0 5 6 5 0 0 0 0 0 0 0 0 0 0 0 0 0 0 0 0 0 0 0 0 0 0 0 0 -999
P6719 2015 7 0 0 0 0 0 0 0 0 0 0 0 0 0 0 0 0 0 0 0 0 0 0 0 0 0 0 0 0 0 0 0
P6719 2015 8 0 0 0 0 0 0 0 0 0 0 0 0 0 0 0 0 0 0 0 0 0 0 0 0 0 0 0 0 0 0 0
P6719 2015 9 0 0 0 0 0 0 0 0 0 0 0 0 0 0 0 29 36 110 23 0 0 33 18 6 72 12 0 0 0 0 -999
P6719 2015 10 7 2 0 0 0 0 0 0 17 10 4 11 8 0 0 8 6 17 16 14 6 14 18 0 6 3 3 5 7 0 0
P6719 2015 11 0 0 1 3 7 0 29 20 14 0 9 4 4 3 3 3 0 0 0 0 0 0 2 0 0 0 0 0 9 3 -999
P6719 2015 12 0 0 0 0 0 0 0 0 0 0 15 33 20 14 10 2 2 5 13 23 44 118 12 6 58 3 19 60 20 75 42
P6719 2016 1 6 13 3 6 9 13 6 11 3 2 30 10 7 19 7 44 7 2 3 20 2 3 4 5 2 0 0 0 0 5 10
P6719 2016 2 8 8 4 4 7 14 6 2 2 0 5 7 8 3 3 0 0 0 0 0 0 0 0 1 1 1 0 2 -999 -999 -999
P6719 2016 3 14 0 11 0 7 0 15 23 4 0 0 0 0 0 0 0 6 15 1 0 0 0 0 0 0 0 0 0 0 8 4
P6719 2016 4 0 0 7 104 48 9 5 7 47 6 10 10 40 6 7 6 14 52 18 32 21 22 17 13 39 0 30 12 5 27 -999
P6719 2016 5 11 9 8 10 9 0 0 0 0 0 0 0 0 0 0 0 0 5 4 0 0 0 0 9 5 0 0 0 0 0 0
P6719 2016 6 0 0 0 0 0 0 0 0 0 0 0 0 0 0 0 0 0 0 0 0 0 0 0 0 0 0 0 9 0 0 -999
P6719 2016 7 0 0 0 0 0 0 0 0 0 0 0 0 0 0 0 0 0 0 0 0 0 0 0 0 0 0 0 0 0 0 0
P6719 2016 8 0 0 0 0 0 0 0 0 0 0 0 0 0 0 0 0 0 0 0 0 0 0 0 0 0 0 0 0 0 0 0
P6719 2016 9 0 0 0 0 0 0 0 0 0 0 0 0 0 0 0 0 0 0 0 0 0 0 0 0 0 0 0 7 0 0 -999
P6719 2016 10 0 0 0 0 0 0 0 7 19 0 0 0 0 0 5 17 17 32 29 40 13 12 43 111 38 52 50 152 4 16 6
P6719 2016 11 3 0 15 55 43 7 14 6 11 12 95 117 88 24 4 94 25 37 46 68 3 8 29 108 77 99 53 16 28 4 -999
P6719 2016 12 0 0 0 6 10 1 0 0 1 0 6 5 3 2 6 0 0 2 3 0 1 0 0 0 0 0 1 3 25 22 6
P6719 2017 1 0 2 26 2 3 4 26 10 16 35 6 3 3 2 3 3 0 1 7 65 33 1 0 2 21 12 65 57 0 0 0
P6719 2017 2 2 7 5 16 10 7 12 13 3 5 8 4 0 65 12 8 7 58 195 63 76 29 5 1 11 18 9 9 -999 -999 -999
P6719 2017 3 12 26 34 25 47 29 7 37 11 7 7 8 6 5 5 6 48 35 37 27 11 87 26 12 18 55 13 28 20 10 30
P6719 2017 4 22 17 5 6 6 12 35 6 7 85 60 20 3 9 22 7 4 4 4 6 15 7 0 4 6 12 4 2 3 2 -999
P6719 2017 5 9 17 1 7 3 17 34 5 10 10 6 8 5 52 0 0 0 0 0 0 0 15 54 35 13 11 9 0 0 0 0
P6719 2017 6 0 0 0 0 0 0 0 8 0 0 0 0 0 0 0 0 0 0 0 0 0 0 0 0 0 0 0 0 0 0 -999
P6719 2017 7 0 0 0 0 0 0 0 0 0 0 0 0 6 0 0 0 0 0 0 0 0 0 0 0 0 0 0 0 0 0 0
P6719 2017 8 0 0 0 0 0 0 0 0 0 0 0 0 0 0 0 0 0 0 0 0 0 0 0 0 0 0 0 0 0 0 0
P6719 2017 9 0 0 0 0 0 0 0 0 0 0 0 0 0 0 0 0 0 0 0 0 0 0 0 0 0 5 3 11 36 41 -999
P6719 2017 10 4 24 6 3 0 7 8 8 5 0 0 0 0 0 0 0 0 0 0 6 7 0 36 26 82 12 1 0 0 0 0
P6719 2017 11 5 3 0 0 8 4 9 9 18 16 36 8 20 11 12 0 11 4 3 6 5 24 3 102 50 21 3 31 16 3 -999
P6719 2017 12 6 2 0 0 0 0 2 3 0 1 8 6 9 8 4 8 12 3 7 12 57 48 18 20 8 11 12 78 78 39 46
P6719 2018 1 4 7 3 0 0 0 0 0 0 0 0 1 3 6 7 5 17 0 0 0 0 0 6 16 111 33 5 5 10 33 7
P6719 2018 2 12 48 65 36 148 115 40 102 7 8 40 114 49 3 0 0 0 0 3 4 0 9 14 37 11 0 0 10 -999 -999 -999
P6719 2018 3 11 14 23 0 11 15 2 0 0 0 32 40 43 2 0 0 0 0 4 38 34 11 19 41 9 46 11 8 8 45 7
P6719 2018 4 36 14 7 13 44 31 3 7 0 8 3 72 83 4 12 48 5 4 2 0 0 0 0 6 7 6 8 8 14 52 -999
P6719 2018 5 26 21 40 16 0 0 0 0 0 0 0 0 0 0 0 10 6 16 15 16 0 0 0 0 0 0 0 0 12 0 0
P6719 2018 6 0 0 0 0 0 0 10 2 0 0 0 0 0 0 0 0 0 0 0 0 0 0 0 0 0 0 0 0 0 0 -999
P6719 2018 7 0 0 0 0 0 0 0 0 0 0 0 0 0 0 0 0 0 0 0 0 0 0 0 0 0 0 0 0 0 0 0
P6719 2018 8 0 0 0 0 0 0 0 0 0 0 0 0 0 0 0 0 0 0 0 0 0 0 0 0 0 0 0 0 0 0 0
P6719 2018 9 0 0 0 0 0 0 0 0 0 0 0 0 0 0 0 0 0 0 0 0 0 12 21 0 0 0 0 0 0 0 -999
P6719 2018 10 0 0 0 0 0 0 0 0 0 0 0 0 0 0 14 15 0 21 31 40 27 0 0 0 0 0 0 4 3 12 62
P6719 2018 11 8 0 6 5 0 0 0 0 11 6 3 0 0 0 0 5 4 6 6 0 18 52 8 50 28 75 49 36 27 5 -999
P6719 2018 12 6 5 7 0 0 3 0 3 0 3 3 0 4 24 0 0 0 0 0 0 3 8 19 19 15 113 27 9 4 7 0
P6719 2019 1 0 2 1 5 5 51 22 18 14 4 7 5 36 9 47 11 5 3 6 2 0 0 0 3 3 1 1 2 4 7 22
P6719 2019 2 8 3 41 13 3 4 2 8 4 6 13 7 7 5 40 10 5 0 1 1 0 0 59 145 68 25 102 141 -999 -999 -999
P6719 2019 3 106 31 12 31 106 51 79 34 47 41 36 11 11 6 12 28 4 0 0 0 0 6 4 1 0 0 4 0 0 9 0
P6719 2019 4 0 0 0 0 0 0 0 4 0 9 13 15 3 0 0 0 0 0 0 0 0 0 9 14 6 4 20 26 17 23 -999
P6719 2019 5 15 21 9 5 11 2 0 0 0 5 0 0 31 8 0 8 0 0 0 0 0 0 0 0 0 0 0 0 5 0 0
P6719 2019 6 0 0 0 0 0 0 0 0 0 0 0 0 0 0 0 0 0 0 0 0 0 0 0 0 0 0 0 0 0 0 -999
P6719 2019 7 0 13 28 0 0 0 0 0 0 0 0 0 0 0 0 0 0 0 0 0 0 0 0 0 0 0 0 0 0 0 0
P6719 2019 8 0 0 0 0 0 0 0 0 0 0 0 0 0 0 0 0 0 0 0 0 0 0 0 0 0 0 0 0 0 0 0
P6719 2019 9 0 0 0 0 0 0 0 0 0 0 0 18 3 0 0 0 0 0 0 0 0 0 0 0 0 0 0 0 0 0 -999
P6719 2019 10 0 0 4 10 9 25 13 11 24 32 0 0 0 16 11 0 0 0 0 0 0 0 0 10 7 10 0 9 0 0 4
P6719 2019 11 11 20 0 7 51 8 17 8 8 2 5 8 18 29 66 18 3 0 0 13 0 0 0 9 15 45 6 8 13 28 -999
P6719 2019 12 6 31 9 16 24 5 15 4 5 0 0 1 5 9 73 7 11 44 25 5 3 38 36 46 99 25 11 5 5 3 0
P6719 2020 1 4 31 97 67 33 119 87 18 13 44 53 33 10 6 3 0 0 0 0 0 2 4 4 6 5 4 3 4 3 7 3
P6719 2020 2 3 5 11 30 6 10 3 4 0 0 0 0 0 74 69 24 0 0 0 15 33 46 87 15 2 7 9 3 -999 -999 -999
P6719 2020 3 0 0 0 0 0 0 0 0 0 3 7 10 29 10 12 8 9 12 4 1 2 6 17 65 48 4 24 4 17 7 6
P6719 2020 4 8 5 20 0 0 0 0 0 5 13 9 4 4 3 0 0 0 0 0 24 17 13 52 56 26 5 0 2 28 0 -999
P6719 2020 5 0 0 0 7 2 0 0 0 0 0 0 0 0 0 0 0 0 0 0 0 0 0 0 13 7 21 67 40 18 19 8
P6719 2020 6 0 0 0 0 0 9 8 11 13 0 0 0 0 0 0 0 0 0 0 0 0 0 0 0 0 0 0 0 0 0 -999
P6719 2020 7 0 0 0 0 0 0 0 0 0 0 0 0 0 0 0 0 0 0 0 0 0 0 0 0 0 0 0 0 0 0 0
P6719 2020 8 0 0 0 0 0 0 0 0 0 0 0 0 0 0 0 0 0 0 0 0 0 0 0 0 0 0 0 0 0 0 0
P6719 2020 9 0 0 0 0 0 0 0 0 0 0 0 0 0 0 17 0 0 19 90 18 6 0 0 0 0 0 0 0 0 0 -999
P6719 2020 10 0 0 0 0 4 8 0 0 0 0 4 0 0 0 0 0 0 0 0 0 0 4 33 50 9 161 59 28 13 7 0
P6719 2020 11 4 3 21 58 18 22 112 15 10 0 0 2 3 3 0 5 7 25 97 153 29 3 15 0 2 2 0 4 11 27 -999
P6719 2020 12 23 27 66 56 13 23 5 6 17 17 38 4 8 2 8 2 7 7 5 12 87 140 107 43 3 6 4 11 2 3 6
P6719 2021 1 3 4 3 2 3 3 1 0 3 6 10 18 13 17 1 4 6 3 6 7 32 19 144 67 157 106 82 63 112 61 63
P6719 2021 2 4 82 30 193 92 61 9 34 5 45 4 25 15 6 9 7 16 3 3 0 1 0 0 7 4 3 63 46 -999 -999 -999
P6719 2021 3 23 47 24 75 95 48 29 4 0 0 4 8 49 17 102 25 102 81 86 10 29 16 80 54 5 2 3 17 21 14 26
P6719 2021 4 21 28 3 34 5 0 3 3 21 50 13 4 0 0 0 12 55 11 8 7 0 0 0 11 11 5 3 3 3 11 -999
P6719 2021 5 3 0 0 4 0 16 14 7 13 20 15 3 10 0 0 0 0 0 0 0 0 0 0 0 0 0 0 5 6 27 11
P6719 2021 6 37 25 6 7 10 7 15 18 7 16 33 14 15 31 19 0 0 0 0 0 0 0 0 0 0 0 0 0 0 0 -999
P6719 2021 7 0 0 0 0 0 0 0 0 0 0 0 0 0 0 0 0 0 0 0 0 0 0 0 0 0 0 0 0 0 0 0
P6719 2021 8 0 0 0 0 0 0 0 9 11 10 0 0 0 0 0 0 0 0 0 0 0 0 0 0 0 0 0 0 0 0 0
P6719 2021 9 0 0 0 0 0 0 0 0 0 0 0 0 0 22 15 4 0 0 0 0 0 0 0 0 15 33 38 0 0 0 -999
P6719 2021 10 9 31 67 22 0 0 14 8 16 0 0 0 12 5 14 3 0 0 19 11 26 16 6 19 5 7 12 3 2 4 23
P6719 2021 11 27 6 33 20 18 44 49 21 6 6 0 0 0 0 0 0 0 0 6 17 20 12 3 0 0 0 0 0 7 3 -999
P6719 2021 12 0 0 0 0 0 0 4 3 0 0 9 33 70 97 116 46 212 138 53 110 44 44 97 27 50 23 132 80 16 10 3
P6719 2022 1 0 0 0 0 0 0 0 0 8 2 2 2 4 3 3 3 3 0 0 0 5 3 3 0 0 0 0 0 0 7 0
P6719 2022 2 0 8 7 8 8 8 0 1 7 6 5 1 2 4 19 19 4 4 12 10 22 7 5 53 10 40 13 80 -999 -999 -999
P6719 2022 3 23 13 6 34 29 15 9 2 5 8 6 0 0 0 0 4 0 6 2 38 18 0 14 10 5 17 0 0 6 5 10
P6719 2022 4 13 12 51 17 20 50 11 13 10 10 3 14 23 3 0 0 0 0 0 0 15 30 6 5 3 21 21 3 0 0 -999
P6719 2022 5 0 0 0 0 0 0 0 0 0 0 0 0 0 0 0 0 0 14 16 12 7 0 0 0 0 0 0 0 0 0 0
P6719 2022 6 0 0 0 0 0 0 0 0 0 0 0 0 0 0 0 0 0 0 0 0 0 0 0 0 0 0 0 0 0 0 -999
P6719 2022 7 0 0 0 0 0 0 0 0 0 0 0 0 0 0 0 0 0 0 0 0 0 0 0 0 0 0 0 0 0 0 0
P6719 2022 8 0 0 0 0 0 0 0 0 0 0 0 0 0 0 0 0 0 0 0 0 0 0 0 0 0 0 0 0 0 0 0
P6719 2022 9 0 0 0 0 0 0 0 0 0 0 0 0 0 0 0 0 0 0 0 0 0 5 4 25 8 3 0 0 0 0 -999
P6719 2022 10 0 0 0 0 4 0 0 0 3 0 0 5 24 11 2 0 0 0 0 24 15 0 0 0 0 0 57 18 0 0 0
P6719 2022 11 28 0 0 6 3 0 0 0 0 0 13 41 75 30 56 17 7 14 17 220 134 184 174 65 3 6 0 0 2 11 -999
P6719 2022 12 2 3 4 3 5 52 31 24 8 8 6 4 0 0 0 2 19 14 18 45 14 57 94 75 63 104 133 66 53 4 9
P6719 2023 1 7 27 22 52 92 64 12 96 9 4 54 10 10 8 6 9 80 23 8 7 4 12 14 6 3 9 6 0 0 0 0
P6719 2023 2 0 1 1 1 2 17 2 0 0 0 2 9 9 20 118 69 24 13 9 39 3 0 1 1 0 3 8 4 -999 -999 -999
P6719 2023 3 1 2 14 3 7 8 1 3 8 0 0 0 5 17 33 23 145 76 47 11 38 28 5 9 2 13 5 2 14 10 0
P6719 2023 4 0 0 0 0 0 0 42 21 6 0 0 0 3 8 40 17 5 2 0 0 2 2 0 0 4 5 0 3 0 0 -999
P6719 2023 5 23 74 61 19 44 71 54 112 48 19 5 12 15 0 0 0 0 0 0 0 32 15 5 10 0 0 0 0 0 0 0
P6719 2023 6 0 0 0 0 0 0 0 0 0 0 0 6 9 8 8 3 4 0 0 0 0 0 6 0 0 0 0 0 0 0 -999
P6719 2023 7 0 0 0 0 0 0 0 0 0 0 0 0 0 0 0 0 0 0 0 0 0 0 0 0 0 0 0 0 0 0 0
P6719 2023 8 0 0 0 0 0 0 0 0 0 0 0 0 0 0 0 0 0 0 0 0 0 0 0 0 0 0 0 0 0 0 0
P6719 2023 9 0 0 0 0 0 0 0 0 0 0 0 0 0 0 0 0 0 4 0 0 0 0 0 0 0 0 0 0 0 7 -999
P6719 2023 10 17 10 3 0 0 0 0 0 7 0 0 0 0 10 5 5 9 3 4 7 5 7 0 8 0 3 4 8 2 4 6
P6719 2023 11 3 5 5 0 2 0 0 13 47 30 96 81 43 4 2 10 9 0 0 7 4 0 0 0 0 2 10 11 1 2 -999
P6719 2023 12 4 50 104 28 0 0 0 0 0 0 0 5 8 4 24 7 20 63 40 142 35 54 24 49 3 0 0 0 0 1 5
P6719 2024 1 5 0 6 1 0 0 0 0 0 5 6 3 3 0 1 4 6 24 108 134 34 86 142 43 8 32 58 31 3 11 6
P6719 2024 2 8 3 2 19 1 0 0 12 13 4 71 66 119 12 10 0 0 11 4 0 0 7 3 0 0 9 2 0 -999 -999 -999
P6719 2024 3 0 0 0 0 3 9 10 5 11 18 17 38 14 48 15 12 15 18 50 5 12 4 0 7 0 3 4 2 16 13 3
P6719 2024 4 9 4 3 13 51 13 50 18 24 55 14 0 0 0 0 0 0 0 0 0 13 48 8 3 0 0 0 0 0 10 -999
P6719 2024 5 6 5 30 6 4 9 7 0 0 0 0 6 5 5 4 2 4 7 0 0 0 0 0 0 0 0 9 33 11 20 6
P6719 2024 6 0 0 0 0 0 0 0 0 0 0 0 13 14 0 0 0 0 0 0 0 0 0 0 0 0 0 0 0 0 0 -999
P6719 2024 7 0 0 0 0 0 0 0 0 0 0 0 0 0 0 0 0 0 0 0 0 0 0 0 0 0 0 0 0 0 0 0
P6719 2024 8 0 0 0 0 0 0 0 0 0 0 0 0 0 0 0 0 0 0 0 0 0 0 0 0 0 0 0 0 0 0 0
P6719 2024 9 0 0 0 0 0 0 0 0 0 0 0 0 0 0 0 0 0 0 8 9 73 28 64 18 6 13 13 6 14 20 -999
P6719 2024 10 13 131 62 4 69 12 5 0 0 0 0 0 14 0 71 0 7 29 0 0 0 0 0 0 0 0 0 0 12 20 19
P6719 2024 11 36 109 54 22 16 9 7 4 3 3 14 21 5 7 21 15 4 8 5 0 0 0 0 0 0 0 0 2 11 42 -999
P6719 2024 12 38 32 27 5 9 17 15 16 30 55 144 110 43 30 28 18 12 15 9 0 14 7 33 15 9 12 11 9 4 5 5
P6719 2025 1 0 0 3 120 155 52 4 16 9 10 6 8 1 2 4 9 8 27 7 6 4 0 1 0 0 1 5 14 51 80 12
P6719 2025 2 7 8 18 6 14 42 114 79 13 31 14 8 0 0 0 4 8 0 0 0 0 0 3 0 0 0 0 0 -999 -999 -999
P6719 2025 3 4 9 7 5 0 0 0 11 19 4 9 6 0 0 0 0 0 0 0 0 0 0 0 0 0 0 0 0 0 0 0
P6719 2025 4 0 0 0 12 4 0 0 0 0 0 0 0 0 0 0 0 0 0 7 0 0 0 0 0 7 2 0 6 3 0 -999
P6719 2025 5 0 3 4 6 5 4 0 0 0 0 0 0 0 14 13 7 0 0 0 0 0 8 0 9 11 10 9 14 25 5 12
P6719 2025 6 11 0 0 2 5 0 0 0 0 0 0 0 0 0 0 0 0 0 0 0 0 0 0 0 0 0 0 0 0 0 -999
P6719 2025 7 0 0 0 0 0 0 0 0 0 0 0 0 0 0 0 0 0 0 0 0 0 0 0 0 0 0 0 0 0 0 0
P6719 2025 8 0 0 0 0 0 0 0 0 0 0 0 0 0 16 0 0 0 0 0 0 0 0 0 0 0 0 0 0 0 0 0
P6719 2025 9 0 0 0 0 0 0 0 0 0 0 0 0 0 0 0 0 12 25 0 0 0 0 0 0 0 0 0 0 0 0 -999
P6719 2025 10 0 0 0 0 0 0 0 0 0 0 0 0 0 0 0 0 29 134 43 60 77 41 9 3 7 0 0 7 14 56 94
P6719 2025 11 83 31 22 162 48 29 17 7 17 71 34 14 8 58 29 23 4 0 0 10 2 2 2 0 0 8 4 11 0 0 -999
P6719 2025 12 4 3 1 0 0 6 2 4 7 7 22 12 6 2 27 33 2 16 9 3 21 35 49 10 9 27 7 11 7 24 37
P6719 2026 1 33 6 9 0 0 0 0 7 2 7 7 2 5 7 19 21 7 16 24 14 11 7 5 3 0 3 0 0 0 0 0
P6719 2026 2 0 0 0 0 0 7 4 0 0 0 0 0 4 5 5 45 2 2 2 2 3 3 1 5 9 4 0 10 -999 -999 -999
P6719 2026 3 11 7 44 57 10 8 30 9 0 0 0 0 10 8 4 3 0 0 0 0 0 0 10 25 64 58 57 28 47 34 6
P6719 2026 4 5 10 8 8 5 25 21 4 12 3 5 4 4 0 0 0 13 5 6 0 5 0 0 0 0 0 5 0 19 23 -999
P6719 2026 5 6 12 6 0 0 0 0 0 0 0 0 0 0 0 0 0 0 0 0 0 0 0 0 0 0 0 0 0 12 10 0
P6719 2026 6 0 0 0 0 0 0 0 0 0 0 0 0 0 0 0 0 0 0 0 0 0 0 0 0 0 0 0 0 0 0 -999
P6719 2026 7 0 0 0 0 0 0 0 0 0 0 0 0 0 0 0 0 0 0 0 0 0 0 0 0 0 0 0 0 0 0 0
P6719 2026 8 0 0 0 0 0 0 0 0 0 0 0 0 0 0 0 0 0 0 0 0 0 0 0 0 0 0 0 0 0 0 0
P6719 2026 9 0 0 0 0 0 0 0 0 0 0 0 0 0 0 0 0 0 0 0 0 0 0 0 0 0 0 0 0 0 0 -999
P6719 2026 10 0 0 0 0 0 0 0 0 0 0 0 0 0 0 0 13 4 0 25 12 8 5 0 0 0 0 0 17 29 10 80
P6719 2026 11 25 36 20 18 96 13 22 160 64 39 11 9 5 40 190 6 2 4 0 0 2 0 0 0 0 0 0 0 0 0 -999
P6719 2026 12 1 3 3 0 0 0 0 0 2 9 2 6 4 16 45 53 13 104 42 11 8 60 22 11 6 2 4 18 5 0 0
P6719 2027 1 2 5 11 17 11 51 97 18 23 42 70 41 11 9 13 10 0 4 22 4 28 11 3 3 16 66 152 71 112 6 0
P6719 2027 2 8 0 0 3 0 3 5 0 2 6 29 1 0 0 5 14 31 16 16 16 11 68 35 19 0 3 2 5 -999 -999 -999
P6719 2027 3 10 17 17 9 5 6 6 4 0 0 0 0 0 0 0 0 8 9 20 27 51 43 62 22 17 25 24 3 0 0 0
P6719 2027 4 4 12 16 14 0 0 0 0 0 0 0 3 3 14 4 0 0 0 0 0 0 10 10 9 0 0 0 0 39 0 -999
P6719 2027 5 0 0 6 7 6 43 26 5 0 0 0 0 0 0 0 0 0 0 0 0 0 0 0 0 0 0 0 0 0 0 0
P6719 2027 6 0 0 0 7 13 4 0 0 0 0 0 0 0 0 0 0 0 0 0 0 0 0 0 0 0 0 9 4 0 0 -999
P6719 2027 7 0 13 6 15 37 21 0 0 0 0 0 0 0 0 0 0 0 0 0 0 0 0 0 0 0 0 0 0 0 0 0
P6719 2027 8 0 0 0 0 0 0 0 0 0 0 0 0 0 0 0 0 0 0 0 0 0 0 0 0 0 0 0 0 0 0 0
P6719 2027 9 0 0 0 0 0 0 0 0 0 0 0 0 0 0 0 0 0 0 0 0 0 0 0 0 0 0 1 0 12 21 -999
P6719 2027 10 26 5 22 0 0 0 25 0 0 0 0 0 0 2 0 0 12 5 0 0 7 5 4 5 6 0 0 0 0 0 0
P6719 2027 11 0 0 1 0 5 7 5 1 5 129 9 3 9 14 0 0 0 0 0 0 10 16 29 53 28 114 32 18 9 4 -999
P6719 2027 12 11 10 4 3 3 3 4 0 0 0 0 2 21 2 6 5 18 9 2 5 4 0 0 0 8 1 0 0 0 0 5
P6719 2028 1 2 6 0 0 0 0 3 0 0 0 3 4 1 2 4 5 30 23 4 1 0 0 0 0 0 0 5 0 0 0 2
P6719 2028 2 0 6 15 23 86 48 37 23 10 28 42 12 45 152 53 22 65 60 51 6 8 23 5 0 0 0 0 0 -999 -999 -999
P6719 2028 3 0 0 0 0 0 0 0 0 0 30 41 16 10 6 4 0 0 0 0 0 2 2 0 0 5 12 20 5 4 10 10
P6719 2028 4 0 0 0 0 0 0 0 0 0 37 4 2 0 0 0 0 7 11 48 62 9 0 0 0 0 0 0 0 0 0 -999
P6719 2028 5 0 0 0 0 0 0 16 36 63 40 29 8 16 13 13 3 0 0 0 0 0 0 0 5 3 0 8 7 4 0 5
P6719 2028 6 3 5 14 37 42 52 40 9 0 0 0 0 0 0 0 0 0 0 0 0 0 0 0 0 0 0 0 11 7 8 -999
P6719 2028 7 8 0 0 0 0 0 0 0 0 0 0 6 8 0 0 0 0 0 0 0 0 0 0 0 0 0 0 2 0 0 0
P6719 2028 8 0 0 0 0 0 0 0 0 0 0 0 0 0 0 0 0 0 0 0 0 0 0 0 13 8 7 0 0 0 0 0
P6719 2028 9 0 0 0 0 0 0 0 0 0 0 0 0 0 0 0 0 0 0 0 0 0 0 0 30 0 15 46 66 0 0 -999
P6719 2028 10 0 0 0 0 0 0 0 0 0 10 4 0 0 10 0 0 0 0 10 0 0 0 0 0 0 0 0 0 12 10 0
P6719 2028 11 0 18 42 6 34 25 4 4 6 0 26 12 8 3 12 3 2 27 3 13 88 18 15 5 5 3 15 17 27 13 -999
P6719 2028 12 8 8 30 12 2 3 9 0 0 0 0 5 3 2 0 0 2 4 60 64 97 30 33 17 16 20 11 18 9 27 3
P6719 2029 1 5 6 63 55 5 10 18 59 8 27 31 86 19 6 30 86 16 3 5 3 3 0 0 0 0 0 0 14 14 12 9
P6719 2029 2 78 28 45 28 22 6 5 4 1 16 2 2 35 6 2 35 3 0 0 3 0 0 1 2 2 6 13 8 -999 -999 -999
P6719 2029 3 4 6 7 39 33 68 55 60 46 6 6 0 1 3 6 1 1 4 3 30 3 2 3 3 0 0 0 0 0 6 10
P6719 2029 4 0 0 14 8 0 6 0 0 0 0 0 0 13 51 6 6 4 9 6 0 0 0 0 0 0 0 0 7 11 15 -999
P6719 2029 5 3 3 47 40 63 36 117 55 4 4 4 6 4 0 0 0 0 0 0 3 0 0 0 0 0 0 0 0 0 0 0
P6719 2029 6 0 0 0 0 0 0 0 0 0 0 0 0 0 0 0 0 0 0 0 0 0 0 0 0 0 0 0 0 0 0 -999
P6719 2029 7 0 0 0 0 0 0 0 0 0 0 0 0 0 0 0 0 0 0 0 0 0 0 0 0 0 0 0 0 0 0 0
P6719 2029 8 0 0 0 0 0 0 0 0 0 0 0 0 0 0 0 0 0 0 0 0 0 0 0 0 0 0 0 0 0 0 0
P6719 2029 9 0 0 0 0 0 0 0 0 0 0 0 0 0 0 0 0 0 0 0 8 23 31 0 0 19 45 11 0 0 0 -999
P6719 2029 10 0 0 0 0 0 0 0 0 0 0 0 0 0 0 0 0 0 6 0 0 0 0 0 8 19 35 0 60 109 15 4
P6719 2029 11 0 0 0 0 0 0 0 0 0 0 0 0 0 5 5 12 23 14 8 3 13 9 45 13 4 7 9 18 14 6 -999
P6719 2029 12 4 10 41 52 91 4 7 16 10 3 9 4 10 4 2 1 8 2 4 0 5 37 38 12 39 10 64 116 123 4 0
P6719 2030 1 1 0 0 9 12 12 35 7 16 49 13 10 6 18 26 128 8 2 4 4 12 1 3 62 14 7 17 65 3 3 0
P6719 2030 2 7 6 21 13 139 11 20 7 0 0 0 0 0 2 10 12 9 8 0 0 0 2 8 2 39 2 0 10 -999 -999 -999
P6719 2030 3 0 0 0 0 0 0 0 0 0 0 0 0 0 0 0 7 13 14 11 0 10 23 6 5 9 8 13 26 84 36 137
P6719 2030 4 100 47 5 3 0 0 1 8 10 11 4 0 3 9 26 7 19 28 14 3 3 0 0 6 20 18 0 0 28 15 -999
P6719 2030 5 7 2 3 0 0 0 0 0 0 7 5 5 6 49 66 26 7 58 28 0 0 0 0 0 0 0 0 0 0 0 0
P6719 2030 6 0 0 0 0 0 0 0 0 0 0 0 0 0 0 15 7 11 13 6 6 0 0 0 0 0 0 0 0 0 0 -999
P6719 2030 7 0 0 0 0 0 0 0 0 0 0 0 0 0 0 0 0 0 0 0 0 0 0 0 0 0 0 0 0 0 0 0
P6719 2030 8 0 0 0 0 0 0 0 0 0 0 0 0 0 0 0 0 0 0 0 0 0 0 0 0 0 0 0 0 0 0 0
P6719 2030 9 0 0 0 0 0 0 0 0 16 0 0 0 0 0 0 57 8 12 7 12 60 30 15 3 7 0 5 5 6 6 -999
P6719 2030 10 0 0 0 0 0 27 12 68 32 63 19 49 13 10 18 8 15 28 136 62 89 44 42 46 5 0 0 7 7 2 4
P6719 2030 11 7 12 32 14 19 8 73 134 101 85 37 10 5 55 24 20 78 28 59 18 15 70 9 6 10 11 11 147 24 4 -999
P6719 2030 12 5 1 2 1 5 4 2 2 3 5 17 3 0 0 0 0 0 0 0 0 2 2 0 0 6 23 54 40 92 37 37
P6719 2031 1 24 12 14 17 5 9 3 117 110 57 11 7 118 80 60 8 5 1 8 5 9 0 1 7 0 0 0 3 1 2 5
P6719 2031 2 4 2 19 60 15 7 7 38 23 6 4 6 4 6 0 0 0 17 2 9 15 22 40 7 0 14 0 0 -999 -999 -999
P6719 2031 3 0 5 3 4 13 32 5 8 68 27 26 33 46 4 3 3 3 4 4 3 0 0 0 0 2 0 0 0 5 5 42
P6719 2031 4 6 17 4 3 8 7 15 11 12 6 3 15 14 3 0 0 0 0 0 0 0 0 0 0 0 0 0 0 0 0 -999
P6719 2031 5 0 8 6 10 16 6 0 0 0 0 0 0 0 0 0 0 0 0 0 0 0 0 0 0 0 0 0 0 0 0 0
P6719 2031 6 0 0 0 0 0 0 10 0 0 0 0 0 0 0 0 0 0 0 0 0 0 0 0 0 0 0 0 0 0 0 -999
P6719 2031 7 0 0 0 0 0 0 0 0 0 0 0 0 0 0 0 0 0 0 0 0 0 0 0 0 0 0 0 0 0 0 0
P6719 2031 8 0 0 0 0 0 0 0 0 0 0 0 0 0 0 0 0 0 0 0 0 0 0 0 0 0 0 0 0 0 0 0
P6719 2031 9 0 0 0 0 0 0 0 0 0 0 0 0 0 0 0 0 0 0 0 0 24 29 21 0 15 7 23 7 14 0 -999
P6719 2031 10 0 0 6 0 0 0 0 8 23 0 0 0 0 0 0 3 0 0 8 3 8 19 37 35 74 0 75 47 23 36 2
P6719 2031 11 5 16 12 49 10 57 43 48 25 17 13 6 156 112 71 34 64 108 95 123 65 41 23 58 132 85 70 30 35 69 -999
P6719 2031 12 94 100 52 118 83 46 70 26 11 11 15 10 1 3 3 7 2 2 6 12 49 4 9 18 20 23 10 43 15 25 15
P6719 2032 1 11 47 68 145 68 70 140 66 38 3 29 37 4 38 20 6 3 0 1 4 0 1 2 0 1 8 12 13 15 38 5
P6719 2032 2 2 2 0 0 3 7 8 1 0 19 108 65 7 2 0 16 0 0 0 6 8 10 0 0 10 13 18 11 -999 -999 -999
P6719 2032 3 0 0 0 0 0 0 0 0 2 4 2 3 6 4 0 0 0 0 0 0 0 0 0 0 0 0 0 5 15 9 0
P6719 2032 4 8 9 7 33 40 56 62 57 9 23 7 6 5 9 9 80 9 0 0 0 0 0 10 70 30 5 0 0 0 0 -999
P6719 2032 5 0 8 3 4 0 0 0 0 0 0 0 0 0 0 0 0 0 0 0 0 0 0 0 0 7 4 0 0 0 31 21
P6719 2032 6 0 0 0 0 0 0 0 0 0 0 0 0 0 0 0 0 0 0 0 0 0 0 0 0 0 0 0 0 0 0 -999
P6719 2032 7 0 0 0 0 0 0 0 0 0 0 0 0 0 0 0 0 0 0 0 0 0 0 0 0 0 0 0 0 0 0 0
P6719 2032 8 0 0 0 0 0 0 0 0 0 0 0 0 0 0 0 0 0 0 0 0 0 0 0 0 0 0 0 0 0 0 0
P6719 2032 9 0 0 0 0 0 0 0 0 0 0 0 0 20 10 14 71 12 0 0 0 0 0 0 0 0 0 0 0 0 0 -999
P6719 2032 10 9 21 11 0 0 0 0 9 10 0 0 0 0 22 115 43 26 0 0 4 0 10 49 6 0 0 7 52 24 8 11
P6719 2032 11 7 16 13 51 32 14 23 0 0 0 0 0 0 0 0 6 7 6 0 0 0 4 6 10 10 31 36 25 125 100 -999
P6719 2032 12 11 42 43 58 7 0 0 11 12 15 3 0 0 0 0 0 3 4 3 11 7 0 18 32 46 97 5 0 14 23 8
P6719 2033 1 3 14 22 80 43 41 34 40 182 182 47 50 39 4 120 142 56 88 25 5 11 19 19 11 17 51 52 47 10 37 2
P6719 2033 2 3 0 0 5 10 6 13 30 9 13 104 45 29 8 5 0 13 12 17 11 2 5 4 19 3 5 0 0 -999 -999 -999
P6719 2033 3 9 0 8 13 0 0 3 0 0 4 8 14 11 3 0 0 0 0 0 39 10 9 4 0 0 0 4 25 6 4 0
P6719 2033 4 0 0 3 18 18 4 0 13 9 5 15 37 44 10 35 106 64 22 14 70 102 46 17 11 22 14 7 7 4 5 -999
P6719 2033 5 5 5 10 6 0 0 0 0 8 0 7 3 20 6 4 6 59 20 16 11 48 5 14 11 0 0 0 0 0 0 0
P6719 2033 6 0 0 0 0 0 0 0 0 0 0 0 0 0 0 0 0 0 0 0 0 0 0 0 0 0 0 0 0 0 0 -999
P6719 2033 7 0 0 0 0 0 0 0 0 0 0 0 0 0 0 0 0 0 0 0 0 0 0 0 0 0 0 0 0 0 0 0
P6719 2033 8 0 0 0 0 0 0 0 0 0 0 0 0 0 0 0 0 0 0 0 0 0 0 0 0 0 0 0 0 0 30 0
P6719 2033 9 0 0 0 0 0 0 8 8 0 0 0 0 0 0 17 22 0 0 0 0 0 0 0 0 0 0 0 0 0 0 -999
P6719 2033 10 0 0 7 39 40 25 31 25 10 48 111 62 122 9 0 0 0 0 0 0 0 0 16 12 13 4 0 21 3 7 5
P6719 2033 11 30 128 206 59 9 6 0 0 7 2 2 0 0 2 0 2 5 2 2 2 0 4 0 0 0 0 0 0 0 0 -999
P6719 2033 12 7 12 3 2 4 0 0 7 4 8 6 4 4 0 0 0 0 0 0 0 0 0 0 0 0 0 0 0 3 0 2
P6719 2034 1 6 4 8 8 12 3 6 5 6 4 8 15 47 21 63 17 29 12 2 0 4 0 0 0 0 0 0 0 1 0 0
P6719 2034 2 0 0 0 0 0 3 4 0 2 1 0 3 4 14 15 16 17 0 0 3 0 0 0 0 0 0 5 11 -999 -999 -999
P6719 2034 3 101 65 27 42 59 13 16 25 2 0 0 0 0 3 3 2 2 2 0 0 2 14 33 25 12 0 0 0 0 0 0
P6719 2034 4 0 0 0 0 0 0 0 0 0 0 0 0 0 6 14 0 0 0 0 19 35 0 0 0 0 0 0 0 0 0 -999
P6719 2034 5 0 0 0 0 0 0 0 0 0 19 0 0 0 0 0 0 0 0 0 0 0 0 0 0 0 0 0 0 0 0 0
P6719 2034 6 0 0 0 8 22 14 7 0 0 0 0 0 0 0 0 0 0 0 0 0 0 0 0 0 0 0 0 0 0 0 -999
P6719 2034 7 0 0 0 0 0 0 0 0 0 8 0 0 0 0 0 0 0 0 0 0 0 0 0 0 0 0 0 0 0 0 0
P6719 2034 8 21 14 2 0 0 0 0 0 0 0 0 0 0 0 0 0 0 0 0 0 0 0 0 0 0 0 0 0 0 0 0
P6719 2034 9 0 0 0 0 0 0 0 0 0 0 0 0 0 0 0 0 0 0 0 0 12 0 0 0 0 20 0 0 0 0 -999
P6719 2034 10 7 7 28 7 133 27 0 16 18 47 11 3 6 9 0 8 0 0 0 0 0 0 0 4 32 17 6 78 34 12 11
P6719 2034 11 0 0 0 0 0 6 13 20 108 0 0 7 6 0 0 0 0 0 0 0 5 31 13 54 36 45 6 15 14 19 -999
P6719 2034 12 4 0 0 18 8 18 24 21 5 4 7 1 3 118 143 6 6 7 6 9 5 5 0 1 8 12 9 7 26 12 36
P6719 2035 1 6 3 15 58 64 27 26 69 11 7 17 18 33 9 7 9 15 9 8 110 160 74 56 35 4 2 1 8 9 8 18
P6719 2035 2 21 23 6 1 0 0 5 1 4 0 6 4 4 0 0 0 1 4 4 8 11 81 92 82 48 7 72 57 -999 -999 -999
P6719 2035 3 31 84 5 84 32 14 42 12 4 4 7 7 59 73 63 30 18 60 17 86 118 142 49 26 115 45 2 15 13 27 92
P6719 2035 4 33 29 15 102 63 18 50 58 65 18 18 8 12 19 0 0 0 40 19 29 65 40 36 21 5 8 34 33 49 128 -999
P6719 2035 5 35 0 0 0 0 0 0 0 0 0 0 0 0 0 0 0 0 0 0 0 0 0 0 10 0 0 0 0 0 0 6
P6719 2035 6 10 0 0 0 7 17 2 23 33 11 68 0 0 0 0 0 0 0 0 0 0 0 0 0 0 0 0 0 0 0 -999
P6719 2035 7 0 0 0 0 0 0 0 0 0 0 0 0 0 0 0 0 0 0 0 0 0 0 0 0 0 0 0 0 0 0 0
P6719 2035 8 0 0 0 0 0 0 0 0 0 0 0 0 0 0 0 0 0 0 0 0 0 0 0 0 0 0 0 0 0 0 0
P6719 2035 9 0 0 0 0 0 0 0 0 0 0 0 0 0 0 0 0 0 0 0 0 0 0 0 0 0 0 0 0 0 0 -999
P6719 2035 10 0 7 4 0 0 0 0 7 0 0 0 0 9 33 16 24 0 0 17 24 35 0 0 0 0 0 0 0 0 17 7
P6719 2035 11 0 14 21 27 36 15 0 18 29 0 0 0 0 0 0 0 0 0 0 0 0 3 0 0 1 0 0 8 7 6 -999
P6719 2035 12 12 5 10 26 125 131 70 10 27 22 14 8 55 25 8 10 0 3 45 106 166 21 0 8 3 0 0 0 0 1 4
P6719 2036 1 3 3 2 1 4 7 4 3 4 7 20 7 5 4 3 5 10 33 29 13 63 6 3 1 1 8 8 5 7 5 10
P6719 2036 2 1 2 4 2 3 6 18 34 42 8 13 25 12 17 3 3 3 0 0 0 0 0 0 0 4 3 4 8 -999 -999 -999
P6719 2036 3 29 9 12 9 20 21 0 25 0 0 0 0 3 6 1 6 0 0 0 0 0 0 0 0 0 0 3 14 12 3 0
P6719 2036 4 19 69 39 7 2 0 0 0 1 0 0 0 0 0 0 0 0 0 0 0 0 0 0 3 5 12 7 3 0 0 -999
P6719 2036 5 0 0 5 5 4 0 0 0 0 0 27 8 19 15 4 21 4 0 0 0 0 0 0 0 0 0 0 0 0 0 0
P6719 2036 6 0 0 0 0 0 0 0 0 0 0 0 0 0 0 0 0 0 9 0 0 0 0 0 0 0 0 0 0 0 0 -999
P6719 2036 7 0 0 0 0 0 0 0 0 0 0 0 0 0 0 0 0 0 0 0 0 0 0 0 0 0 0 0 0 0 0 0
P6719 2036 8 0 0 0 0 0 0 0 0 0 0 0 0 0 0 0 0 0 0 0 0 0 0 0 0 0 0 0 0 0 0 0
P6719 2036 9 0 0 0 0 0 0 0 0 0 0 0 0 0 0 0 0 0 0 0 0 0 0 0 0 0 0 0 0 0 0 -999
P6719 2036 10 0 16 0 0 9 0 0 0 0 19 64 0 0 14 8 0 0 0 0 0 0 0 0 0 6 22 30 33 86 42 14
P6719 2036 11 10 7 0 0 5 10 11 103 7 6 2 6 11 48 45 4 7 22 37 6 2 0 0 0 0 12 32 8 6 6 -999
P6719 2036 12 4 3 10 28 13 6 8 0 0 0 3 10 5 11 12 5 3 11 24 14 15 63 46 15 40 39 2 2 1 3 6
P6719 2037 1 22 19 4 0 0 4 1 2 14 47 14 103 34 0 0 0 0 11 20 70 83 47 49 71 87 31 269 67 69 4 2
P6719 2037 2 0 10 5 11 12 21 25 8 11 4 5 0 0 4 0 0 4 4 0 0 0 0 2 1 0 13 59 5 -999 -999 -999
P6719 2037 3 3 0 0 0 0 0 3 3 4 2 4 17 33 37 54 12 12 8 0 0 9 15 60 117 52 5 5 30 76 36 0
P6719 2037 4 11 0 4 3 10 10 8 6 4 4 3 4 6 84 20 9 32 19 6 11 78 54 42 14 0 0 0 0 0 0 -999
P6719 2037 5 0 0 0 0 0 0 0 0 0 3 2 0 0 0 4 7 9 4 3 0 0 13 13 11 48 30 4 5 4 21 0
P6719 2037 6 0 0 0 0 0 0 0 0 2 0 0 0 0 0 0 0 6 8 10 0 0 0 0 0 0 0 0 0 0 0 -999
P6719 2037 7 0 0 0 0 0 0 0 0 0 0 0 0 0 0 0 0 0 0 0 0 0 0 0 0 0 0 0 0 0 0 0
P6719 2037 8 0 0 0 0 0 0 0 0 0 0 0 0 0 0 0 0 0 0 0 0 0 0 0 0 0 0 0 0 0 0 0
P6719 2037 9 0 0 0 0 0 0 0 0 0 0 0 0 0 0 0 0 0 0 0 0 0 0 0 0 0 0 0 0 0 6 -999
P6719 2037 10 0 0 0 0 0 0 0 0 0 0 24 3 0 0 0 0 20 21 6 4 0 0 0 0 14 19 0 0 0 0 0
P6719 2037 11 0 0 0 0 0 10 6 13 0 7 16 27 15 37 11 7 0 0 5 30 6 12 58 25 13 10 17 24 12 5 -999
P6719 2037 12 77 3 62 59 12 5 10 16 20 30 8 4 3 8 6 5 36 4 12 2 0 62 31 2 0 0 0 1 3 7 6
P6719 2038 1 37 62 4 21 23 6 12 0 5 12 10 4 11 52 31 15 62 2 27 29 32 15 59 33 6 30 36 62 47 18 4
P6719 2038 2 2 8 13 68 57 62 3 2 6 7 0 12 3 5 6 9 1 4 6 0 0 0 7 3 0 0 24 42 -999 -999 -999
P6719 2038 3 9 6 27 51 195 7 42 27 28 19 9 0 0 0 0 0 7 12 7 31 22 5 4 3 0 4 3 13 4 4 9
P6719 2038 4 6 0 0 0 0 2 5 44 9 0 0 0 0 15 10 0 0 0 0 0 0 7 0 0 0 0 0 0 0 0 -999
P6719 2038 5 0 0 0 0 0 0 0 0 0 0 0 0 0 0 0 0 0 43 31 12 0 0 0 0 0 0 0 9 0 0 0
P6719 2038 6 0 8 14 6 0 0 0 0 0 0 0 0 4 0 0 0 0 0 0 0 0 0 0 0 0 0 0 0 0 0 -999
P6719 2038 7 0 0 0 0 0 0 0 0 0 0 0 0 0 0 0 0 0 0 0 0 0 0 0 0 0 0 0 0 0 0 0
P6719 2038 8 0 0 0 0 0 0 0 0 0 0 0 0 0 0 0 0 0 0 0 0 0 0 0 0 0 0 0 0 0 0 0
P6719 2038 9 0 0 0 0 0 0 0 0 0 0 0 0 0 0 0 0 0 0 0 0 0 0 0 4 0 0 0 0 0 0 -999
P6719 2038 10 0 0 0 0 0 0 0 0 0 0 0 0 0 0 0 0 0 27 14 0 5 10 74 0 0 0 17 10 13 0 10
P6719 2038 11 19 12 5 0 2 16 12 8 17 13 10 37 11 150 69 4 12 4 10 5 10 0 0 1 3 2 3 5 6 0 -999
P6719 2038 12 6 7 10 16 8 6 8 13 3 6 103 48 119 21 34 96 12 43 24 24 201 11 26 24 10 44 141 35 11 24 22
P6719 2039 1 19 20 42 13 36 5 4 4 0 0 0 0 0 5 29 44 26 8 19 8 3 21 10 21 5 2 3 2 0 0 2
P6719 2039 2 17 13 2 7 5 0 0 12 11 17 2 0 1 5 6 16 5 0 18 0 0 2 6 22 39 4 8 3 -999 -999 -999
P6719 2039 3 2 0 0 0 3 0 12 10 5 3 0 9 13 42 8 4 5 7 0 0 0 5 2 0 4 0 0 0 0 0 0
P6719 2039 4 0 0 0 14 12 27 0 0 0 0 0 0 0 14 17 3 0 0 6 0 5 2 0 0 0 0 0 0 0 0 -999
P6719 2039 5 0 0 0 0 0 0 0 0 0 0 0 0 0 0 0 7 4 3 3 5 8 11 0 0 0 0 0 0 0 0 0
P6719 2039 6 17 19 39 21 28 0 0 0 0 0 0 0 0 0 0 0 0 0 0 0 0 0 0 0 0 0 0 0 0 0 -999
P6719 2039 7 0 0 0 0 0 0 0 0 0 0 0 0 0 0 0 0 0 0 0 0 0 0 0 0 0 0 0 0 0 0 0
P6719 2039 8 0 0 0 0 0 0 0 0 0 0 0 0 0 0 0 0 0 0 0 0 0 0 0 0 0 0 0 0 0 0 0
P6719 2039 9 0 0 0 0 0 0 0 0 0 0 0 0 0 0 0 0 0 0 0 0 0 0 0 0 0 0 0 0 0 0 -999
P6719 2039 10 0 0 0 0 0 0 0 0 0 0 0 0 0 4 3 0 0 0 0 11 12 91 37 13 7 13 77 35 61 41 3
P6719 2039 11 1 0 0 0 0 3 5 16 22 3 32 15 4 4 9 7 3 11 62 50 7 18 13 0 0 2 27 30 3 7 -999
P6719 2039 12 16 36 5 31 175 56 30 32 43 9 6 32 36 25 22 20 6 27 58 64 3 19 21 82 82 38 121 106 31 95 43
P6719 2040 1 25 19 16 32 32 167 44 44 38 93 20 49 13 9 20 31 4 20 60 7 3 21 4 2 2 6 10 0 0 4 3
P6719 2040 2 0 0 1 4 2 0 0 0 1 6 0 0 3 3 2 3 2 13 3 3 0 2 0 0 0 0 0 0 -999 -999 -999
P6719 2040 3 0 0 0 0 0 0 0 0 0 0 0 0 0 0 0 0 0 0 0 0 0 92 114 50 23 23 19 5 70 29 14
P6719 2040 4 6 82 11 7 3 8 11 6 0 0 9 0 3 8 0 45 19 12 0 0 10 5 5 13 78 24 0 4 0 3 -999
P6719 2040 5 4 3 3 0 0 0 0 0 0 0 0 0 0 0 8 0 0 0 0 14 0 0 0 0 0 0 0 0 0 0 0
P6719 2040 6 2 0 0 0 0 0 0 0 0 0 0 0 0 0 0 0 0 0 0 0 0 0 0 0 0 0 0 0 0 0 -999
P6719 2040 7 0 0 0 0 0 0 0 0 0 0 0 0 0 0 0 0 0 0 0 0 0 0 0 0 0 0 0 0 0 0 0
P6719 2040 8 0 0 0 0 0 0 0 0 0 0 0 0 0 0 0 0 0 0 0 0 0 0 0 0 0 0 0 0 0 0 0
P6719 2040 9 0 0 0 0 0 0 0 0 0 0 0 0 0 0 0 0 0 0 0 0 0 0 0 0 0 0 0 0 4 3 -999
P6719 2040 10 0 0 0 0 0 0 0 0 0 0 0 0 0 0 0 0 26 24 6 5 4 4 3 0 9 26 30 13 0 0 12
P6719 2040 11 12 13 11 26 0 9 61 109 51 13 4 5 5 2 3 4 4 4 0 0 0 0 2 11 2 0 0 0 0 0 -999
P6719 2040 12 0 0 0 4 41 137 58 5 7 3 0 0 0 5 3 3 7 33 6 9 9 6 0 0 4 11 10 11 3 20 17
P6719 2041 1 4 0 0 5 6 5 4 5 3 0 9 8 4 16 8 0 0 0 23 38 96 78 113 57 122 57 94 34 13 24 3
P6719 2041 2 3 3 2 5 54 12 135 68 17 40 16 19 40 3 147 30 59 61 24 31 147 34 10 65 35 3 4 3 -999 -999 -999
P6719 2041 3 14 3 0 0 5 4 5 1 11 4 3 11 6 7 5 12 19 88 59 11 23 64 96 18 26 21 67 57 20 40 23
P6719 2041 4 2 0 0 0 0 0 0 0 0 0 0 4 3 0 4 5 19 52 11 22 13 13 8 52 44 19 5 7 0 0 -999
P6719 2041 5 0 0 6 0 0 0 0 0 0 21 7 0 0 0 0 0 0 0 0 22 11 0 14 15 22 61 52 8 0 7 4
P6719 2041 6 0 0 0 0 12 0 0 0 0 0 0 0 0 0 0 0 0 0 0 0 0 0 0 0 0 0 0 0 0 0 -999
P6719 2041 7 0 0 0 0 0 0 0 0 0 11 0 0 0 0 0 0 0 0 0 0 0 0 0 0 54 43 30 0 0 0 0
P6719 2041 8 0 0 0 0 0 0 0 0 0 0 0 0 0 0 0 0 0 0 0 0 0 0 0 0 0 0 0 0 0 0 0
P6719 2041 9 0 0 0 0 0 0 0 0 0 0 0 0 0 0 0 0 0 0 0 0 0 20 24 80 57 11 0 0 0 0 -999
P6719 2041 10 0 5 7 0 0 0 0 0 0 0 0 0 0 0 0 0 0 0 0 0 107 44 8 0 0 8 0 0 4 0 0
P6719 2041 11 0 0 5 11 18 23 29 12 60 30 17 42 106 36 83 35 157 76 12 55 65 50 74 90 40 17 27 24 36 19 -999
P6719 2041 12 6 62 5 109 92 20 30 18 14 4 12 20 27 53 62 103 76 12 54 16 6 5 20 0 0 0 0 2 0 4 0
P6719 2042 1 0 0 4 0 0 46 9 5 4 7 11 7 0 0 0 0 0 0 0 0 0 0 0 2 2 0 0 0 0 0 5
P6719 2042 2 3 7 0 0 0 0 3 7 16 12 4 5 0 0 0 0 0 4 4 5 5 0 0 8 0 0 0 0 -999 -999 -999
P6719 2042 3 0 0 0 0 0 12 5 0 0 0 0 9 20 12 11 10 0 12 74 27 21 3 9 53 15 5 9 6 25 17 78
P6719 2042 4 5 4 5 7 30 42 17 4 9 5 8 7 6 7 4 10 2 0 0 0 4 51 49 22 12 3 3 7 20 51 -999
P6719 2042 5 40 35 10 3 0 5 0 0 0 0 0 0 0 0 0 0 0 0 0 0 0 0 0 0 0 0 0 0 0 0 0
P6719 2042 6 0 0 0 6 0 0 0 0 0 0 0 0 0 0 0 0 0 0 0 0 0 0 0 0 0 0 0 0 0 0 -999
P6719 2042 7 0 0 0 0 0 0 0 0 0 0 0 0 0 0 0 0 0 0 0 0 0 0 0 0 0 0 0 0 0 0 0
P6719 2042 8 0 0 0 0 0 0 0 0 0 0 0 0 0 0 0 0 0 0 0 0 0 0 0 0 0 0 0 0 0 0 0
P6719 2042 9 0 0 0 0 0 0 0 0 0 0 0 0 0 0 0 0 0 0 0 0 0 0 0 0 0 0 0 0 0 0 -999
P6719 2042 10 0 0 5 13 8 0 0 19 0 0 0 9 25 0 3 3 8 14 13 38 14 11 7 10 8 0 22 18 0 0 0
P6719 2042 11 0 0 0 0 12 10 85 28 7 0 4 0 0 0 0 0 2 6 13 45 0 0 0 0 2 3 0 2 42 8 -999
P6719 2042 12 14 13 22 13 25 9 9 14 28 32 7 15 50 60 43 16 134 45 9 11 3 10 69 40 0 9 1 1 4 0 7
P6719 2043 1 6 8 17 2 3 24 3 2 0 0 2 8 24 26 12 76 6 12 13 24 15 46 43 53 2 3 4 19 15 12 8
P6719 2043 2 2 0 0 4 10 42 13 4 0 0 0 0 0 0 0 0 0 0 0 3 0 7 4 5 6 6 0 0 -999 -999 -999
P6719 2043 3 0 12 19 36 6 11 25 39 49 50 12 56 15 18 22 13 20 24 54 0 14 38 29 11 17 4 9 7 6 16 6
P6719 2043 4 30 5 10 10 0 0 0 0 0 0 19 9 11 0 7 46 18 0 11 20 0 0 0 0 0 0 0 0 0 0 -999
P6719 2043 5 0 0 0 0 0 0 0 0 0 0 0 0 0 0 0 0 0 0 0 0 0 0 32 17 0 28 52 23 11 26 16
P6719 2043 6 5 5 0 0 0 0 0 0 0 0 0 0 0 0 0 0 0 0 0 0 0 0 0 0 0 0 0 0 0 0 -999
P6719 2043 7 0 0 0 0 0 0 0 0 0 0 0 0 0 0 0 0 0 0 0 0 0 0 0 0 0 0 0 0 0 0 0
P6719 2043 8 0 0 0 0 0 0 0 0 0 0 0 0 0 0 0 0 0 0 0 0 0 0 0 0 0 0 0 0 0 0 0
P6719 2043 9 0 0 0 0 0 0 0 0 0 0 0 0 0 0 0 0 0 0 0 0 0 14 0 0 0 0 0 0 0 10 -999
P6719 2043 10 0 0 0 0 31 7 0 20 0 5 0 0 0 15 19 0 13 6 18 0 8 17 23 5 39 23 4 35 15 16 41
P6719 2043 11 9 0 0 0 0 0 0 0 0 12 32 48 167 46 40 0 0 0 0 0 0 0 4 14 17 12 5 47 13 9 -999
P6719 2043 12 6 5 0 0 0 2 13 12 23 100 74 50 10 13 12 4 15 29 62 32 155 112 23 19 17 34 20 4 4 1 0
P6719 2044 1 0 3 7 0 2 15 4 0 0 2 8 5 0 4 5 7 49 84 7 10 11 20 0 0 6 5 11 41 4 5 1
P6719 2044 2 0 0 0 0 19 5 0 6 13 42 10 5 0 0 0 0 0 0 0 0 0 0 23 131 21 3 12 5 -999 -999 -999
P6719 2044 3 4 14 45 55 17 5 2 22 5 4 3 5 0 10 0 0 3 11 9 5 3 6 3 1 6 26 16 42 5 22 3
P6719 2044 4 5 4 3 0 0 0 0 0 0 0 0 0 7 8 9 0 0 0 0 0 0 0 0 0 8 12 52 8 12 0 -999
P6719 2044 5 0 0 0 0 0 2 0 17 8 9 0 0 0 0 0 0 0 0 33 27 15 0 0 0 27 11 21 32 6 12 0
P6719 2044 6 0 0 0 0 0 0 13 0 0 0 0 0 0 0 0 0 0 0 0 0 0 0 0 0 0 0 0 0 0 2 -999
P6719 2044 7 7 0 0 0 0 0 0 0 0 0 0 0 0 0 0 0 0 0 0 0 0 0 0 0 0 0 0 0 0 0 0
P6719 2044 8 0 0 0 0 0 0 0 0 0 0 0 0 0 0 0 0 0 0 0 0 0 0 0 0 0 0 0 0 0 0 0
P6719 2044 9 0 0 0 0 0 0 0 0 0 0 0 0 0 0 0 0 0 0 0 0 15 0 0 13 16 10 18 33 41 40 -999
P6719 2044 10 11 9 13 0 16 0 0 0 0 0 0 0 0 0 6 7 9 33 16 65 23 3 5 0 0 0 0 0 0 6 12
P6719 2044 11 7 8 4 16 29 2 16 10 3 5 154 56 13 15 24 79 85 55 88 34 50 24 94 116 127 93 20 7 21 16 -999
P6719 2044 12 3 0 0 0 6 4 0 8 21 32 4 9 10 7 8 30 15 12 7 10 4 8 3 2 2 0 4 2 30 5 24
P6719 2045 1 68 23 9 9 4 5 169 12 21 8 37 86 151 98 53 32 10 2 4 0 0 2 4 3 3 4 0 0 0 9 10
P6719 2045 2 17 58 8 7 55 31 3 2 0 3 4 6 5 5 4 2 3 0 0 0 3 5 0 1 0 0 0 0 -999 -999 -999
P6719 2045 3 4 11 11 0 0 8 46 44 13 0 6 10 23 4 70 3 3 0 0 0 0 0 0 1 6 2 0 0 0 0 0
P6719 2045 4 11 0 4 5 13 22 50 2 10 18 20 8 9 16 0 6 2 0 0 0 0 0 0 0 0 0 0 0 3 0 -999
P6719 2045 5 8 0 0 0 0 0 0 0 0 0 0 0 0 0 0 0 0 0 0 0 6 0 0 0 0 0 0 0 0 0 0
P6719 2045 6 0 0 0 0 0 0 0 0 0 0 0 0 0 0 0 0 0 0 0 0 11 24 44 14 17 8 0 0 0 0 -999
P6719 2045 7 0 0 0 0 0 0 0 0 0 0 0 0 0 0 0 0 0 0 0 0 0 0 0 0 0 0 0 0 0 0 0
P6719 2045 8 0 0 0 0 0 0 0 0 0 0 0 0 0 0 0 0 0 0 0 0 0 0 0 0 0 0 0 0 0 0 0
P6719 2045 9 0 0 0 0 0 0 0 0 0 0 0 0 0 0 0 0 0 0 0 0 0 0 0 0 0 0 0 0 5 10 -999
P6719 2045 10 4 0 29 22 0 0 0 0 0 0 0 6 0 10 74 43 77 67 11 0 0 0 0 0 0 0 0 0 0 0 15
P6719 2045 11 14 2 4 5 17 5 0 0 0 0 0 5 13 2 17 176 110 43 4 14 0 21 24 43 4 30 100 33 51 36 -999
P6719 2045 12 8 42 41 8 4 2 3 2 2 3 4 4 5 6 5 0 10 77 36 77 81 37 50 38 87 115 27 4 4 0 2
P6719 2046 1 4 13 42 68 51 45 65 34 24 35 155 12 38 8 32 16 33 13 66 29 2 3 3 5 7 16 53 61 52 82 56
P6719 2046 2 30 53 51 17 12 34 12 8 10 8 11 4 7 19 30 11 18 4 2 9 10 44 8 5 6 64 87 59 -999 -999 -999
P6719 2046 3 75 86 50 10 26 66 103 103 82 53 144 117 128 48 124 60 104 19 22 19 15 7 3 3 0 3 18 28 36 2 2
P6719 2046 4 1 7 36 61 11 6 6 9 5 4 5 1 3 9 7 6 55 39 60 55 19 17 9 23 10 9 7 20 11 3 -999
P6719 2046 5 0 3 6 0 0 0 2 0 0 0 0 0 24 9 0 0 5 3 0 0 0 0 0 0 0 32 0 5 4 0 0
P6719 2046 6 0 0 0 0 0 0 0 0 0 0 0 0 0 0 0 0 0 9 10 5 0 0 0 0 0 0 0 0 0 0 -999
P6719 2046 7 0 0 0 0 0 0 0 22 0 0 0 0 0 0 0 0 0 0 0 0 0 0 0 0 0 0 0 0 0 0 0
P6719 2046 8 0 0 0 0 0 0 0 0 0 0 0 0 0 0 0 0 18 0 0 0 0 0 0 0 0 0 0 0 0 0 0
P6719 2046 9 0 0 0 0 0 0 0 0 0 0 0 0 0 0 0 0 0 0 0 0 0 0 0 0 0 0 0 0 0 0 -999
P6719 2046 10 0 0 4 2 5 43 20 9 7 0 0 0 0 0 0 0 0 0 0 13 8 57 4 12 16 9 23 10 5 33 24
P6719 2046 11 5 0 0 0 10 15 4 9 14 14 5 0 2 4 0 0 0 0 0 0 0 5 4 8 7 4 9 66 68 74 -999
P6719 2046 12 77 88 29 12 82 57 49 18 31 5 24 31 7 197 28 35 50 78 6 3 5 3 5 0 0 0 6 6 0 3 6
P6719 2047 1 6 0 0 0 1 5 15 29 2 16 61 36 22 112 158 295 106 16 121 15 68 87 5 0 0 0 0 0 0 20 10
P6719 2047 2 5 4 12 12 12 7 27 19 3 11 12 1 7 10 5 0 0 0 3 0 4 0 2 18 31 9 19 5 -999 -999 -999
P6719 2047 3 4 95 3 2 66 58 8 8 6 0 0 0 0 0 0 0 0 0 0 0 0 12 18 23 5 5 7 0 2 7 20
P6719 2047 4 16 4 13 10 8 4 3 6 16 74 99 37 10 20 44 5 2 12 5 0 0 3 0 0 0 0 0 0 0 0 -999
P6719 2047 5 0 0 0 0 0 0 0 0 0 0 0 0 10 0 0 0 0 0 0 0 0 0 0 0 0 0 0 0 0 0 0
P6719 2047 6 0 0 0 0 0 0 0 0 0 0 0 0 0 0 0 5 4 0 0 0 0 0 0 0 0 0 0 0 0 0 -999
P6719 2047 7 0 0 0 0 0 0 0 0 0 0 0 0 0 23 0 0 0 0 28 23 0 0 0 0 0 0 0 0 0 0 0
P6719 2047 8 0 0 0 0 0 0 0 0 0 0 0 0 0 0 0 0 0 0 0 0 0 0 0 0 0 0 0 0 0 0 0
P6719 2047 9 0 0 0 0 0 0 0 0 0 0 0 0 0 13 13 11 0 0 0 0 0 0 0 0 0 0 0 0 0 0 -999
P6719 2047 10 0 14 16 9 5 24 20 20 15 55 12 35 23 26 47 46 40 12 34 5 6 9 8 3 0 10 3 0 5 0 0
P6719 2047 11 8 0 18 7 35 11 10 25 46 25 20 5 25 7 5 37 25 10 0 0 0 0 0 0 0 0 0 0 0 0 -999
P6719 2047 12 1 0 2 0 0 0 0 0 0 0 0 0 0 2 3 0 0 0 0 2 0 16 26 9 7 2 0 0 8 3 0
P6719 2048 1 26 41 0 3 0 3 0 0 0 12 18 72 17 92 25 4 9 4 5 6 8 14 0 0 0 0 0 0 2 2 2
P6719 2048 2 0 6 4 2 5 4 0 1 3 6 8 7 9 9 14 10 4 4 1 0 0 0 0 0 0 2 0 0 -999 -999 -999
P6719 2048 3 0 0 0 8 10 8 9 15 20 56 37 13 30 40 3 33 92 11 23 24 42 9 3 15 5 24 11 26 49 21 4
P6719 2048 4 3 4 5 15 7 0 0 0 0 0 0 0 0 0 0 0 0 0 0 0 2 4 14 0 0 0 2 0 0 0 -999
P6719 2048 5 0 0 6 9 7 6 0 0 0 0 0 0 0 0 0 0 18 51 6 7 37 30 0 0 0 0 0 0 0 0 0
P6719 2048 6 0 0 0 0 0 0 0 0 0 0 0 0 0 0 0 0 0 0 0 0 0 0 0 0 0 0 0 0 0 0 -999
P6719 2048 7 0 0 0 0 0 0 0 0 0 0 0 0 0 0 0 0 0 0 0 0 0 0 0 0 0 0 0 0 0 0 0
P6719 2048 8 0 0 0 0 0 0 0 0 0 0 0 0 0 0 0 0 0 0 0 0 0 0 0 0 0 0 0 0 0 0 0
P6719 2048 9 0 0 0 0 0 0 0 0 0 0 0 0 0 0 0 0 0 0 0 0 0 0 0 0 0 0 110 86 73 13 -999
P6719 2048 10 6 14 9 0 0 7 5 0 0 0 12 0 0 0 0 0 0 0 34 3 12 10 0 0 5 9 10 0 0 1 10
P6719 2048 11 6 0 15 12 46 66 10 0 0 0 0 0 0 2 7 6 78 9 57 32 66 4 0 0 17 45 13 16 21 22 -999
P6719 2048 12 110 121 15 31 95 10 3 0 0 0 0 0 0 0 0 1 1 4 5 4 0 5 1 4 0 8 68 77 73 17 9
P6719 2049 1 6 12 18 16 3 35 25 27 3 8 10 13 24 4 11 21 31 8 0 3 2 2 2 3 4 6 6 14 9 25 41
P6719 2049 2 28 74 27 68 57 30 9 0 0 12 4 1 7 25 23 3 4 0 0 0 4 4 8 20 4 50 10 7 -999 -999 -999
P6719 2049 3 2 0 3 0 0 0 0 0 0 0 0 0 0 0 12 15 1 0 5 4 5 6 11 17 5 0 7 2 4 16 10
P6719 2049 4 0 4 0 0 0 0 0 0 0 0 0 0 0 0 24 20 11 0 0 0 0 0 0 0 4 0 0 3 0 0 -999
P6719 2049 5 5 6 8 1 4 7 19 106 65 31 7 30 5 0 0 0 0 0 0 0 8 11 40 44 31 33 38 36 4 6 6
P6719 2049 6 0 0 0 0 0 0 0 0 0 0 0 0 0 0 0 0 0 0 0 0 0 0 0 0 0 0 0 0 0 0 -999
P6719 2049 7 0 0 0 0 0 0 0 0 0 0 0 0 0 0 0 0 0 0 0 0 0 0 0 0 0 0 0 0 0 0 0
P6719 2049 8 0 0 0 0 0 0 0 0 0 0 0 0 0 0 0 0 0 0 0 0 0 0 0 0 0 0 0 0 0 0 0
P6719 2049 9 0 0 0 0 0 0 0 0 0 0 0 0 0 0 0 0 0 0 0 0 39 10 7 4 0 0 0 0 0 0 -999
P6719 2049 10 0 0 0 10 0 0 0 0 0 0 2 0 0 0 16 33 4 0 0 0 0 8 0 3 18 0 0 0 0 5 4
P6719 2049 11 7 29 153 105 19 11 76 36 57 102 89 53 118 60 113 132 27 5 5 15 8 19 20 20 0 4 3 0 13 14 -999
P6719 2049 12 6 53 32 34 4 3 5 9 7 13 8 0 13 2 9 3 3 11 10 38 51 15 8 36 57 8 55 13 37 39 170
P6719 2050 1 109 85 160 40 37 76 13 17 0 6 7 31 104 82 45 46 169 187 38 9 0 0 0 7 2 0 0 0 0 4 7
P6719 2050 2 0 0 0 0 2 6 5 0 0 0 0 0 8 19 8 11 0 4 11 12 30 13 10 22 9 4 0 0 -999 -999 -999
P6719 2050 3 4 24 62 11 48 80 30 8 21 32 16 11 2 11 5 33 10 21 124 8 6 11 3 23 3 26 17 25 26 11 85
P6719 2050 4 37 29 44 17 72 57 47 16 25 5 0 0 0 28 4 16 4 2 0 0 5 0 0 0 0 3 3 0 0 4 -999
P6719 2050 5 3 3 1 4 3 4 0 0 0 0 0 0 0 0 0 0 0 0 0 0 0 6 0 0 0 3 12 19 0 0 0
P6719 2050 6 0 0 0 0 0 0 0 0 0 0 0 0 0 0 0 0 0 0 0 0 0 0 0 0 0 0 0 0 0 0 -999
P6719 2050 7 0 0 0 0 0 0 0 0 0 0 0 0 0 0 0 0 0 0 0 0 0 0 0 0 2 0 0 0 0 0 0
P6719 2050 8 0 0 0 0 0 0 0 0 0 0 0 0 0 0 0 0 0 0 0 0 0 0 10 0 0 0 0 0 0 0 0
P6719 2050 9 0 0 0 0 0 0 0 0 0 0 0 0 0 0 0 0 0 0 0 0 0 0 0 0 0 0 0 0 0 23 -999
P6719 2050 10 15 16 3 4 0 0 0 0 0 0 0 0 0 10 10 41 20 6 0 0 0 0 12 14 15 9 4 4 3 5 4
P6719 2050 11 6 5 4 8 10 23 37 150 114 71 132 78 19 0 2 4 6 3 7 3 36 70 128 27 12 3 64 4 6 27 -999
P6719 2050 12 5 17 17 21 0 0 6 8 7 5 8 4 3 1 1 1 3 6 10 5 3 0 0 0 0 0 0 0 0 3 6
P6719 2051 1 5 6 0 0 0 0 0 0 9 16 0 3 7 22 3 0 6 4 5 3 2 1 0 0 0 3 0 0 8 2 0
P6719 2051 2 0 11 23 13 12 3 5 2 0 5 13 7 0 4 4 15 8 10 44 18 1 0 1 7 2 2 0 0 -999 -999 -999
P6719 2051 3 0 4 0 0 0 3 0 14 7 4 54 72 24 5 38 0 0 78 93 25 12 0 0 0 0 0 0 0 0 0 5
P6719 2051 4 16 6 0 0 6 14 36 5 7 140 0 0 0 0 26 21 45 44 70 47 7 10 7 0 0 0 0 0 0 0 -999
P6719 2051 5 0 0 0 0 0 0 0 0 0 0 5 31 47 20 4 0 0 0 0 0 0 0 0 0 0 0 0 0 0 0 0
P6719 2051 6 0 0 0 0 0 0 0 0 0 0 0 0 0 0 0 0 0 0 0 0 0 0 0 0 0 0 0 0 0 0 -999
P6719 2051 7 0 0 0 0 0 0 0 0 0 0 0 0 0 0 0 0 0 0 0 0 0 0 0 0 0 0 0 0 0 0 0
P6719 2051 8 0 0 0 0 0 0 0 0 0 0 0 0 0 0 0 0 0 0 0 0 0 0 0 0 0 0 0 0 0 0 0
P6719 2051 9 0 0 0 0 0 0 0 0 0 0 0 0 0 10 0 0 0 0 0 0 0 0 0 0 0 0 0 0 0 0 -999
P6719 2051 10 0 0 0 42 89 0 0 0 0 0 0 8 22 41 12 0 0 0 0 0 0 0 0 3 7 0 60 73 19 31 45
P6719 2051 11 37 41 41 21 12 4 0 0 0 3 0 0 0 3 4 5 5 6 0 0 1 3 5 10 7 10 5 5 5 5 -999
P6719 2051 12 21 12 20 66 22 9 4 94 61 5 89 69 37 15 86 140 12 63 5 0 0 0 0 0 0 0 0 0 0 0 0
P6719 2052 1 0 1 0 4 2 2 7 6 21 0 0 0 43 70 8 4 5 43 4 0 0 0 0 1 5 6 83 100 60 20 36
P6719 2052 2 29 29 67 32 19 230 96 15 22 21 9 7 8 2 47 43 24 51 65 8 3 0 8 21 25 9 8 11 -999 -999 -999
P6719 2052 3 0 0 0 0 0 0 9 40 20 16 0 0 15 12 30 57 58 73 62 40 6 27 34 4 1 1 0 0 0 14 0
P6719 2052 4 0 10 0 0 0 5 35 6 0 0 6 6 7 6 0 15 5 0 0 0 0 0 3 0 0 0 0 0 0 3 -999
P6719 2052 5 0 0 0 0 0 0 0 0 0 0 0 19 21 25 12 6 7 21 27 2 0 0 0 0 0 0 0 0 0 0 0
P6719 2052 6 0 0 0 0 0 0 0 0 0 0 0 0 0 0 0 0 0 0 0 0 0 0 0 0 0 0 0 0 0 0 -999
P6719 2052 7 0 0 0 0 0 0 0 0 0 0 0 0 0 0 0 0 0 0 0 0 0 0 0 0 0 0 0 0 0 0 0
P6719 2052 8 48 36 14 0 0 0 0 0 0 0 0 0 0 0 0 0 0 0 0 0 0 0 0 0 0 0 0 0 0 0 0
P6719 2052 9 0 0 0 0 0 0 0 0 0 0 0 0 0 0 0 0 0 0 0 0 0 0 0 0 0 0 0 0 0 0 -999
P6719 2052 10 0 0 0 0 0 0 0 0 0 0 0 0 0 0 0 0 0 0 0 0 0 0 0 0 51 31 0 0 0 0 5
P6719 2052 11 2 24 4 6 0 0 0 0 0 5 0 0 0 0 0 0 0 15 41 17 84 9 8 2 30 31 36 5 6 7 -999
P6719 2052 12 5 8 6 11 2 3 5 0 0 0 9 5 23 14 5 2 5 12 13 28 33 18 6 20 13 2 7 2 13 4 7
P6719 2053 1 1 4 4 9 3 8 12 45 126 98 106 123 40 10 76 78 24 8 0 0 0 0 52 26 28 14 5 20 41 73 50
P6719 2053 2 48 69 41 6 17 48 66 31 9 26 9 32 55 68 34 38 23 13 8 0 0 0 13 34 54 116 59 22 -999 -999 -999
P6719 2053 3 6 0 0 0 0 0 0 0 0 0 0 0 0 0 0 0 0 0 0 0 0 0 0 0 0 0 0 0 0 0 0
P6719 2053 4 19 20 8 3 3 0 0 0 0 0 0 11 0 49 24 3 5 0 0 0 0 0 0 0 49 20 4 0 0 0 -999
P6719 2053 5 0 0 0 0 0 0 0 0 0 0 5 0 0 0 0 0 0 0 0 0 0 0 0 0 0 0 0 0 0 3 0
P6719 2053 6 0 0 0 0 0 0 0 0 0 0 0 0 0 0 0 0 0 0 0 0 0 0 0 0 0 0 0 0 0 0 -999
P6719 2053 7 0 0 0 0 0 0 0 0 0 0 0 0 0 0 0 0 0 0 0 0 0 0 0 0 0 0 0 0 0 0 0
P6719 2053 8 0 0 0 0 0 0 0 0 0 0 0 0 0 0 0 0 0 0 0 0 0 0 0 0 0 18 22 0 0 0 0
P6719 2053 9 0 0 0 0 0 0 0 0 0 0 0 0 0 0 0 0 0 0 0 44 21 21 0 0 0 0 35 70 55 18 -999
P6719 2053 10 6 0 0 0 0 0 0 26 0 0 0 0 0 0 0 0 0 0 0 0 0 0 0 0 0 0 8 0 7 0 0
P6719 2053 11 0 0 0 3 7 7 0 0 0 0 24 0 0 0 47 57 105 88 146 21 55 23 10 16 9 13 0 0 0 0 -999
P6719 2053 12 0 0 0 6 0 0 0 1 8 28 75 83 18 67 8 35 47 41 37 25 13 21 31 60 36 12 0 0 0 0 9
P6719 2054 1 84 6 35 75 28 36 30 44 18 1 10 3 4 0 0 3 12 35 23 10 3 7 8 6 4 0 3 0 0 1 1
P6719 2054 2 3 24 52 59 93 34 84 20 15 0 8 9 8 7 7 0 0 23 6 30 19 19 15 8 5 16 0 0 -999 -999 -999
P6719 2054 3 0 0 0 0 0 0 0 9 4 0 0 4 2 3 67 2 15 7 6 8 13 17 12 5 11 59 4 31 23 50 74
P6719 2054 4 13 24 58 29 12 39 12 14 10 37 10 8 0 0 8 2 2 7 30 56 27 9 4 15 43 51 22 6 0 0 -999
P6719 2054 5 0 16 28 18 14 8 0 8 32 69 20 16 3 3 0 0 0 0 0 0 3 0 0 0 0 0 0 0 0 0 0
P6719 2054 6 0 0 0 0 0 0 0 0 0 0 0 0 0 0 0 0 0 0 0 0 0 0 0 0 0 0 0 0 0 0 -999
P6719 2054 7 0 0 0 0 0 0 0 0 0 0 0 0 0 0 0 0 0 0 0 0 0 0 0 0 0 0 0 0 0 0 0
P6719 2054 8 0 0 0 0 0 0 0 0 0 0 0 0 0 0 0 0 0 0 0 0 0 0 0 0 0 0 0 0 0 0 0
P6719 2054 9 0 0 0 0 0 0 0 0 0 0 0 0 0 0 0 0 0 0 0 0 0 0 0 0 0 4 0 0 0 0 -999
P6719 2054 10 0 0 0 0 0 0 0 22 10 0 39 3 4 0 0 0 0 0 0 0 14 7 2 5 4 0 0 2 5 10 23
P6719 2054 11 118 102 82 39 115 43 7 57 6 0 0 0 0 0 2 10 7 12 8 0 0 0 0 0 1 3 8 19 24 11 -999
P6719 2054 12 54 7 5 6 7 2 0 2 6 6 3 9 19 18 8 3 1 1 1 0 0 2 4 3 0 0 0 0 0 0 0
P6719 2055 1 0 0 7 42 113 24 7 23 51 55 80 120 70 57 72 50 48 72 16 59 73 95 19 5 5 7 8 12 13 6 10
P6719 2055 2 2 2 0 0 2 3 3 2 17 4 0 15 12 7 20 25 4 10 14 8 11 18 0 0 0 0 7 0 -999 -999 -999
P6719 2055 3 0 46 14 30 9 36 45 17 194 40 10 37 48 16 13 16 13 8 6 20 5 18 18 44 31 94 115 9 69 45 11
P6719 2055 4 4 4 0 3 0 25 65 4 27 16 14 5 5 4 8 0 0 0 0 0 0 4 50 45 23 8 10 3 10 35 -999
P6719 2055 5 45 129 151 19 5 50 65 42 23 3 0 0 6 0 0 0 0 0 0 0 0 0 0 0 0 0 0 0 0 0 0
P6719 2055 6 0 0 0 0 0 0 0 0 0 0 0 0 0 0 45 6 7 8 5 5 8 12 0 0 0 0 0 0 0 0 -999
P6719 2055 7 0 0 0 0 0 0 0 0 0 0 0 0 0 0 0 0 0 0 0 0 0 0 0 0 0 0 0 0 0 0 0
P6719 2055 8 0 0 0 0 0 0 0 0 0 0 0 0 0 0 0 0 0 0 0 0 0 0 0 0 0 0 0 0 0 0 0
P6719 2055 9 0 0 0 0 0 0 0 0 0 0 0 0 0 0 0 0 0 0 0 0 0 0 0 0 9 0 0 0 0 0 -999
P6719 2055 10 0 0 0 0 0 0 14 11 4 5 0 14 4 0 4 0 0 14 6 6 8 4 17 72 10 5 12 0 0 0 7
P6719 2055 11 35 29 0 0 15 109 63 16 2 0 0 12 12 12 0 11 1 0 8 0 6 8 6 8 4 0 0 0 4 15 -999
P6719 2055 12 61 40 5 2 0 0 0 0 0 92 86 51 46 21 57 32 3 6 15 36 93 38 16 19 0 0 0 0 0 13 7
P6719 2056 1 3 0 4 4 1 4 64 8 8 0 8 0 0 1 2 4 15 5 2 6 58 15 55 5 19 4 51 31 2 5 3
P6719 2056 2 0 0 0 2 3 0 0 0 0 0 0 0 0 0 1 2 8 0 0 2 8 10 4 0 0 0 0 0 -999 -999 -999
P6719 2056 3 0 54 14 6 0 9 24 17 26 55 4 0 0 0 0 14 4 5 7 2 2 0 0 3 7 16 12 6 8 9 0
P6719 2056 4 0 0 0 0 0 0 0 0 0 0 0 0 0 0 0 0 13 8 11 0 0 0 13 23 0 24 42 9 4 0 -999
P6719 2056 5 13 15 20 3 7 7 0 0 0 0 5 12 5 0 0 0 0 0 0 0 0 0 0 15 20 5 16 10 11 0 0
P6719 2056 6 7 0 0 0 0 9 12 0 0 0 0 0 0 0 0 0 0 0 0 0 0 0 0 0 0 0 0 0 0 0 -999
P6719 2056 7 0 0 0 0 0 0 0 0 0 0 0 0 0 0 0 0 0 0 0 0 0 0 0 0 0 0 0 0 0 0 0
P6719 2056 8 0 0 0 0 0 0 0 0 0 0 0 0 0 0 0 0 0 0 0 0 0 0 0 0 0 0 0 0 0 0 0
P6719 2056 9 0 0 0 0 0 0 0 0 0 0 0 0 0 0 0 0 0 0 0 0 0 0 0 0 0 0 0 36 32 0 -999
P6719 2056 10 0 11 0 0 0 0 0 0 0 0 0 0 0 0 0 0 0 0 0 0 0 0 9 192 27 17 31 0 0 0 11
P6719 2056 11 0 0 13 43 134 23 41 62 8 0 21 26 25 20 0 0 0 7 14 17 4 4 10 18 77 42 39 80 76 95 -999
P6719 2056 12 173 160 51 20 131 96 15 28 75 79 37 49 4 31 26 38 9 93 56 24 38 11 2 0 0 0 0 3 2 0 9
P6719 2057 1 7 4 3 0 10 13 26 6 13 17 2 0 9 19 2 1 0 2 2 2 0 0 2 4 11 73 34 58 12 8 62
P6719 2057 2 27 7 10 38 66 60 73 151 25 54 5 10 0 6 12 0 0 6 22 84 15 9 7 5 4 4 0 2 -999 -999 -999
P6719 2057 3 4 0 0 3 32 26 37 20 6 2 0 0 0 0 0 0 15 5 0 0 0 0 0 0 7 18 9 5 4 3 3
P6719 2057 4 0 0 0 0 0 0 3 3 4 0 0 10 6 6 61 62 8 7 3 7 4 7 0 0 0 0 0 0 0 0 -999
P6719 2057 5 0 0 0 0 0 0 0 0 0 0 0 0 4 5 15 20 20 6 2 0 0 0 0 0 7 0 0 28 11 6 5
P6719 2057 6 4 4 4 0 0 0 0 0 0 0 0 0 0 0 0 0 0 0 0 0 0 0 0 0 0 0 0 0 0 0 -999
P6719 2057 7 0 0 0 0 0 0 0 0 0 0 0 0 0 0 0 0 0 0 0 0 0 0 0 0 0 0 0 0 0 0 0
P6719 2057 8 0 0 0 0 0 0 0 0 0 0 0 0 0 0 0 0 0 0 0 0 0 0 0 0 0 0 0 0 0 0 0
P6719 2057 9 0 0 0 0 0 0 0 0 0 0 0 0 0 0 0 0 0 0 0 0 0 0 0 0 0 0 4 0 0 0 -999
P6719 2057 10 0 0 0 0 0 0 0 0 0 0 0 0 0 0 0 9 12 5 0 0 0 0 0 0 0 0 0 0 5 4 13
P6719 2057 11 6 6 39 58 13 16 0 15 5 32 81 13 14 42 11 11 12 7 12 8 7 4 0 0 2 15 16 8 0 0 -999
P6719 2057 12 0 0 0 4 3 1 1 19 92 53 85 98 74 8 19 2 6 0 0 0 0 0 0 0 0 0 0 2 3 10 9
P6719 2058 1 7 7 3 0 0 0 2 4 37 40 10 7 9 33 5 0 5 0 0 0 1 0 0 0 0 9 11 7 3 7 14
P6719 2058 2 17 2 0 0 2 0 0 0 5 13 8 23 25 9 31 12 2 0 0 0 0 0 0 0 0 0 0 0 -999 -999 -999
P6719 2058 3 0 0 0 0 0 0 0 0 0 0 0 0 0 0 0 0 0 5 0 9 62 19 10 56 66 46 2 0 0 0 0
P6719 2058 4 0 0 0 0 3 3 0 0 0 15 7 5 4 2 0 0 10 0 4 3 2 0 0 0 0 0 0 0 0 0 -999
P6719 2058 5 0 0 0 0 0 0 0 0 0 0 0 0 0 0 0 0 0 0 0 0 0 0 0 0 0 0 0 0 8 9 11
P6719 2058 6 15 0 0 0 0 0 0 0 0 0 0 0 0 0 0 0 0 0 0 0 0 0 0 0 0 0 0 0 0 0 -999
P6719 2058 7 0 0 0 0 0 0 0 0 0 0 0 0 0 0 0 0 7 0 0 0 0 0 0 0 0 0 0 0 0 0 0
P6719 2058 8 0 0 0 0 0 0 0 0 0 0 0 0 0 0 0 0 0 0 0 0 0 0 0 0 0 0 0 0 0 0 0
P6719 2058 9 0 0 0 0 0 0 0 0 0 0 0 0 6 4 0 0 0 0 0 0 0 0 11 0 23 0 0 0 0 0 -999
P6719 2058 10 0 0 0 0 0 0 0 0 0 0 0 0 0 0 0 0 0 0 0 0 0 0 0 0 0 0 0 0 0 0 0
P6719 2058 11 0 0 0 0 0 0 11 18 11 11 30 10 3 5 12 43 25 176 84 78 6 13 13 7 14 61 49 105 38 47 -999
P6719 2058 12 4 16 10 11 2 5 14 2 3 0 0 0 0 9 14 3 59 102 141 180 44 38 17 27 31 37 24 23 5 9 20
P6719 2059 1 3 46 11 9 7 2 2 4 1 0 0 0 5 41 35 5 8 2 16 3 21 8 9 2 10 7 4 6 7 0 0
P6719 2059 2 8 4 0 0 0 0 0 0 0 0 0 0 0 0 1 10 0 0 0 0 0 0 0 0 0 0 0 0 -999 -999 -999
P6719 2059 3 0 0 0 0 0 0 0 0 0 0 5 13 5 3 0 0 0 0 0 13 15 4 22 56 12 25 4 5 7 3 3
P6719 2059 4 1 2 0 0 0 0 0 0 0 0 0 0 0 0 0 0 0 0 0 7 10 0 0 0 0 0 0 0 4 3 -999
P6719 2059 5 0 0 0 0 0 0 0 0 0 0 0 0 0 0 0 0 4 4 0 0 0 0 0 0 0 0 0 0 0 19 0
P6719 2059 6 0 0 0 0 0 0 0 0 0 0 0 0 0 0 0 0 0 0 0 0 0 0 0 0 0 0 0 0 0 0 -999
P6719 2059 7 0 0 0 0 0 0 0 0 0 0 0 0 0 0 0 0 0 0 0 0 0 0 0 0 0 0 0 0 0 0 0
P6719 2059 8 0 0 0 0 0 0 0 0 0 0 0 0 0 0 0 0 0 0 0 0 0 0 0 0 0 0 0 0 0 0 0
P6719 2059 9 0 0 0 0 0 0 0 0 0 0 0 0 0 0 0 0 0 0 0 0 0 0 0 20 9 0 0 0 0 0 -999
P6719 2059 10 0 0 0 0 0 0 0 0 0 0 0 0 0 0 37 36 0 0 0 48 60 90 100 19 5 7 3 0 0 31 12
P6719 2059 11 24 22 14 28 0 0 0 4 4 9 64 9 6 35 105 27 4 3 3 5 9 8 81 3 4 5 35 4 4 6 -999
P6719 2059 12 0 0 0 8 4 4 7 42 11 10 7 13 3 3 0 0 0 0 0 0 0 0 0 0 0 12 24 80 189 9 9
P6719 2060 1 23 127 109 52 48 17 0 0 9 8 3 0 0 0 0 0 1 0 0 0 0 0 0 0 0 3 4 2 2 3 0
P6719 2060 2 0 0 2 9 22 2 37 12 37 4 53 61 29 126 62 53 42 55 19 2 24 14 34 19 31 9 12 25 -999 -999 -999
P6719 2060 3 71 27 37 15 15 17 14 71 50 36 9 3 4 14 12 8 60 19 75 101 78 18 3 5 1 2 14 63 7 16 4
P6719 2060 4 0 0 0 0 0 0 0 0 0 7 18 11 0 0 0 0 0 0 0 0 0 0 0 0 0 0 0 0 0 0 -999
P6719 2060 5 0 0 0 0 0 0 0 0 0 0 0 0 0 0 0 0 0 0 0 0 0 0 0 0 0 0 0 0 0 0 0
P6719 2060 6 0 0 0 0 12 29 31 18 11 0 0 0 0 8 0 0 0 0 0 0 0 0 0 0 0 0 0 0 0 0 -999
P6719 2060 7 0 0 0 0 0 0 0 0 0 0 0 0 0 0 0 0 0 0 0 0 0 0 0 0 0 0 0 0 0 0 0
P6719 2060 8 0 0 0 0 0 0 0 0 0 0 0 0 0 0 0 0 0 0 0 0 0 0 0 0 0 0 0 0 0 0 0
P6719 2060 9 0 0 0 0 0 0 0 0 0 0 0 0 0 0 0 5 0 0 0 0 0 0 0 0 0 0 0 0 0 0 -999
P6719 2060 10 0 0 0 0 0 0 0 0 0 0 100 78 69 48 4 5 19 8 0 0 15 4 19 5 15 0 8 13 8 7 70
P6719 2060 11 41 3 6 6 3 5 4 7 53 3 11 8 4 3 5 6 7 13 3 0 0 0 0 4 6 13 8 3 5 8 -999
P6719 2060 12 11 22 22 8 55 51 18 2 25 5 0 0 4 9 19 39 3 19 3 76 58 4 8 8 8 8 5 17 4 4 0
P6719 2061 1 0 0 12 3 0 0 0 0 0 2 11 0 8 13 4 9 33 4 47 20 63 195 36 176 120 167 121 47 26 52 24
P6719 2061 2 6 0 3 7 14 0 0 0 15 16 14 33 7 36 28 15 5 22 7 35 22 9 3 2 17 6 8 9 -999 -999 -999
P6719 2061 3 211 48 44 46 6 3 18 4 4 9 88 3 32 10 18 19 7 29 59 8 8 2 0 0 0 0 0 0 0 0 0
P6719 2061 4 0 0 16 27 39 18 14 45 18 24 38 27 22 7 4 0 0 0 3 6 3 0 0 8 0 0 0 0 0 0 -999
P6719 2061 5 0 0 3 2 6 0 0 0 0 0 0 0 0 0 0 0 0 0 0 0 0 0 0 0 0 0 0 0 0 0 0
P6719 2061 6 0 0 0 0 0 0 0 0 0 0 0 0 0 0 0 0 0 0 0 0 0 0 0 0 0 0 0 0 0 0 -999
P6719 2061 7 0 0 0 0 0 0 0 0 0 0 0 0 0 0 0 0 0 0 0 0 0 0 0 0 0 0 0 0 0 0 0
P6719 2061 8 0 0 0 0 0 0 0 0 0 0 0 0 0 0 0 0 0 0 0 0 0 0 0 0 0 0 0 0 0 0 0
P6719 2061 9 0 0 0 0 0 0 0 0 0 0 0 0 0 0 0 12 70 73 125 97 67 28 0 0 0 0 0 0 0 0 -999
P6719 2061 10 0 43 5 2 0 0 25 5 74 6 0 0 8 8 0 0 14 18 5 8 29 0 0 0 67 84 86 19 8 9 19
P6719 2061 11 0 15 10 0 0 0 0 8 5 9 3 0 0 0 7 0 5 16 22 0 0 0 0 0 1 2 7 9 34 14 -999
P6719 2061 12 68 118 115 11 5 3 0 2 0 21 23 23 8 5 0 4 27 32 16 4 13 6 5 0 0 5 0 2 5 16 0
P6719 2062 1 4 4 3 0 0 0 0 0 0 0 10 44 47 16 122 37 6 24 4 2 4 4 3 4 4 10 33 53 9 17 109
P6719 2062 2 10 11 5 10 22 46 41 38 19 5 2 0 0 0 0 0 0 8 8 3 4 3 10 73 77 39 26 11 -999 -999 -999
P6719 2062 3 0 0 0 0 4 29 3 0 9 9 3 0 0 11 0 0 0 0 0 0 0 5 18 9 10 30 0 0 0 0 0
P6719 2062 4 5 5 4 4 5 7 0 0 0 45 45 4 0 0 0 0 5 8 0 6 5 0 9 44 7 8 9 0 0 0 -999
P6719 2062 5 0 26 6 0 0 0 0 0 0 0 0 0 0 0 0 0 0 0 4 0 0 0 0 0 0 0 0 9 10 3 9
P6719 2062 6 10 0 0 0 0 0 0 0 0 0 9 8 0 0 0 0 0 0 0 0 0 0 0 0 0 0 0 0 0 0 -999
P6719 2062 7 0 0 0 0 0 0 0 0 0 0 0 0 0 0 0 0 0 0 0 0 0 0 0 0 0 0 0 0 0 0 0
P6719 2062 8 0 0 0 0 0 0 0 0 0 0 0 0 0 0 0 0 0 0 0 0 0 0 0 0 0 0 0 0 0 0 0
P6719 2062 9 0 0 0 0 0 0 0 0 0 0 0 0 0 0 0 0 0 0 0 0 0 0 0 0 0 0 0 0 0 0 -999
P6719 2062 10 0 0 0 0 0 0 47 0 0 11 0 0 0 0 0 0 0 0 15 16 10 33 36 17 36 25 12 4 4 8 0
P6719 2062 11 0 10 4 39 52 27 4 0 0 33 45 6 8 0 7 0 0 26 44 63 39 4 77 14 28 4 6 12 3 5 -999
P6719 2062 12 5 0 0 0 0 4 9 0 19 167 43 8 3 4 11 54 3 6 12 9 10 9 13 18 19 5 3 7 7 0 0
P6719 2063 1 0 5 4 11 3 8 2 0 0 0 0 1 4 5 0 0 0 0 3 6 21 0 2 10 6 15 20 2 4 3 0
P6719 2063 2 0 0 0 0 0 0 12 6 18 0 0 12 4 9 15 8 6 7 0 0 3 3 3 3 3 4 0 3 -999 -999 -999
P6719 2063 3 3 0 0 0 0 0 7 6 2 5 34 27 119 67 96 43 13 40 51 45 0 0 0 0 13 38 85 62 20 3 1
P6719 2063 4 10 17 21 43 7 0 0 0 0 32 42 14 4 7 14 34 0 0 7 0 2 17 7 4 6 6 14 12 18 6 -999
P6719 2063 5 0 0 0 0 0 0 0 0 0 0 0 4 22 7 6 4 0 3 5 5 10 8 0 0 0 0 0 0 0 0 0
P6719 2063 6 0 0 0 0 0 0 0 0 0 0 0 0 0 0 0 0 0 0 0 0 0 0 0 0 0 0 0 0 0 0 -999
P6719 2063 7 0 0 0 0 0 0 0 0 0 0 0 0 0 0 0 0 0 0 0 0 0 0 0 0 0 0 0 0 0 0 0
P6719 2063 8 0 0 0 0 0 0 0 0 0 0 0 0 0 0 0 0 0 0 0 0 0 0 0 0 0 0 0 0 0 0 0
P6719 2063 9 0 0 0 0 0 0 0 0 0 0 0 0 0 0 0 0 0 0 0 0 0 0 0 0 0 0 36 15 18 0 -999
P6719 2063 10 0 0 0 0 0 0 0 13 32 40 58 14 9 10 9 5 7 6 15 52 20 25 3 0 2 0 19 33 5 9 0
P6719 2063 11 8 0 0 0 0 0 0 0 0 3 0 0 0 2 10 0 0 0 0 0 0 5 0 2 19 3 0 13 6 14 -999
P6719 2063 12 38 51 15 9 68 34 29 23 10 10 14 38 19 29 5 16 39 24 6 19 6 26 28 32 16 33 23 29 17 66 2
P6719 2064 1 12 8 6 16 2 10 1 0 5 39 76 140 84 57 4 2 3 2 0 0 20 13 0 0 0 0 29 19 41 3 8
P6719 2064 2 6 6 3 0 0 0 0 0 0 0 0 0 35 18 24 13 21 15 5 2 0 0 0 0 0 6 27 12 -999 -999 -999
P6719 2064 3 0 46 103 132 55 19 13 5 8 11 22 5 5 7 5 5 2 23 2 15 7 12 49 4 3 4 2 6 18 54 0
P6719 2064 4 14 11 0 0 0 0 0 0 2 3 0 0 0 0 0 0 0 6 3 4 0 0 9 17 6 13 29 26 0 0 -999
P6719 2064 5 0 8 3 0 0 0 0 0 0 0 0 0 0 0 0 0 0 0 0 0 0 0 0 0 0 0 0 0 0 0 0
P6719 2064 6 0 0 0 0 0 0 0 10 10 0 0 0 0 0 0 0 0 0 0 0 0 0 0 0 0 0 0 0 0 0 -999
P6719 2064 7 0 0 0 0 0 0 0 0 0 0 0 0 0 0 0 0 0 0 0 0 0 0 0 0 0 0 0 0 0 0 0
P6719 2064 8 0 0 0 0 0 0 0 0 0 0 0 0 0 0 0 0 0 0 0 0 0 0 0 0 0 0 0 0 0 0 0
P6719 2064 9 0 0 0 0 0 0 0 0 0 0 0 0 0 0 0 0 0 0 0 0 0 0 0 0 0 0 0 8 0 4 -999
P6719 2064 10 5 8 0 7 0 0 0 0 0 0 0 0 0 0 0 0 0 0 0 0 9 5 14 20 4 9 6 0 2 6 0
P6719 2064 11 0 0 0 0 8 4 2 3 4 5 0 0 4 3 3 2 0 0 0 0 0 0 5 18 8 16 43 53 23 3 -999
P6719 2064 12 4 18 16 16 4 4 28 29 84 126 60 53 0 0 0 3 9 20 31 79 14 38 6 8 2 9 15 21 8 87 58
P6719 2065 1 6 26 2 1 8 10 16 20 34 17 18 10 2 3 0 0 0 0 0 5 5 4 16 0 0 0 2 1 0 1 4
P6719 2065 2 18 22 17 39 8 0 0 0 2 4 16 0 0 0 0 0 0 6 4 20 18 0 4 2 26 11 7 5 -999 -999 -999
P6719 2065 3 4 0 0 3 12 11 20 2 14 30 4 0 0 0 0 2 2 6 0 0 14 7 4 18 3 13 13 60 10 47 51
P6719 2065 4 8 21 33 3 4 0 0 0 0 4 10 11 0 0 0 0 0 0 0 0 0 0 0 0 10 17 4 6 6 6 -999
P6719 2065 5 5 6 5 5 15 0 0 8 6 3 0 0 0 0 0 0 9 5 0 0 3 0 0 0 0 0 0 0 0 0 5
P6719 2065 6 3 11 13 15 23 23 23 5 9 0 50 83 9 10 0 0 0 0 22 0 0 0 0 0 0 0 0 0 0 0 -999
P6719 2065 7 0 0 0 0 0 0 0 0 0 0 0 0 0 0 0 0 0 0 0 0 0 0 0 0 0 0 0 0 0 0 0
P6719 2065 8 0 0 0 0 0 0 0 0 0 0 0 0 0 0 0 0 0 0 0 0 0 0 0 0 0 0 0 0 0 0 0
P6719 2065 9 0 0 0 0 0 0 0 0 0 0 0 0 0 0 0 0 0 0 0 0 15 42 78 159 134 38 25 5 0 0 -999
P6719 2065 10 0 0 0 0 0 0 0 0 0 0 0 0 0 0 0 49 90 112 42 2 12 19 19 0 0 0 0 0 0 0 0
P6719 2065 11 3 0 0 6 22 13 25 14 2 4 18 10 32 13 17 0 0 0 0 0 0 0 8 6 8 5 0 0 0 0 -999
P6719 2065 12 0 0 3 2 6 20 0 0 3 11 21 16 16 14 4 6 6 12 5 7 18 48 114 49 51 82 23 79 3 7 9
P6719 2066 1 6 5 2 14 39 0 2 6 5 19 19 33 13 20 16 18 17 5 0 0 0 0 0 2 0 0 3 0 0 0 0
P6719 2066 2 0 0 0 0 4 34 43 6 10 0 0 0 0 0 2 5 11 30 5 10 0 0 0 8 23 85 8 41 -999 -999 -999
P6719 2066 3 31 46 59 71 66 13 30 75 58 12 59 67 40 14 14 49 13 1 1 4 4 4 4 3 4 0 8 40 11 10 94
P6719 2066 4 34 13 5 0 0 0 12 11 0 0 0 0 0 0 0 5 8 9 2 0 0 0 0 0 0 0 0 0 0 0 -999
P6719 2066 5 0 0 0 0 0 0 0 0 0 0 0 0 0 0 0 0 0 0 0 0 0 0 0 0 0 0 0 0 0 0 0
P6719 2066 6 0 0 0 0 0 0 0 0 0 0 0 0 0 0 0 0 0 0 0 0 0 0 0 0 0 0 0 0 0 0 -999
P6719 2066 7 0 0 0 0 0 0 0 0 0 0 0 0 0 0 0 0 0 0 0 0 0 0 0 0 0 0 0 0 0 0 0
P6719 2066 8 0 0 0 0 0 0 0 0 0 0 0 0 0 0 0 0 0 0 0 0 0 0 0 0 0 0 0 0 0 0 0
P6719 2066 9 0 0 0 0 0 0 0 0 0 0 0 0 0 0 0 0 0 0 0 0 0 0 0 0 0 0 0 0 0 0 -999
P6719 2066 10 0 0 0 0 0 0 0 0 0 0 0 25 63 10 39 27 45 14 12 17 0 10 0 0 6 10 17 28 17 18 71
P6719 2066 11 16 11 15 27 68 26 24 98 116 4 3 5 0 12 0 17 12 27 21 33 116 81 13 7 22 57 43 42 218 105 -999
P6719 2066 12 45 101 64 0 0 0 7 8 15 11 13 107 79 115 36 12 144 18 3 1 1 2 13 7 4 44 18 52 6 10 12
P6719 2067 1 54 90 56 74 26 18 50 30 0 6 13 19 46 16 9 35 37 180 64 4 9 36 32 9 4 13 11 8 14 14 9
P6719 2067 2 4 5 4 2 0 1 15 90 80 3 14 30 5 3 0 0 0 1 3 2 3 5 5 6 3 0 6 7 -999 -999 -999
P6719 2067 3 1 6 13 20 1 0 3 3 3 7 16 14 8 9 21 39 35 4 0 0 0 0 0 0 18 10 34 34 7 4 0
P6719 2067 4 0 0 0 0 0 4 0 5 0 0 0 0 2 7 0 2 2 4 5 6 0 0 0 3 21 13 6 8 8 11 -999
P6719 2067 5 0 0 0 0 6 4 0 0 0 0 0 0 2 2 2 0 8 17 15 17 24 13 6 9 0 0 0 0 0 0 0
P6719 2067 6 0 0 0 0 0 0 0 0 0 0 0 0 0 0 0 0 0 0 0 0 0 0 0 0 0 0 0 0 0 0 -999
P6719 2067 7 0 0 0 0 0 0 0 0 0 0 0 0 0 0 0 0 0 0 0 0 0 0 0 0 0 0 0 0 0 0 0
P6719 2067 8 0 0 0 0 0 0 0 0 0 0 0 0 0 0 0 0 0 0 0 0 0 0 0 0 0 0 0 0 0 0 0
P6719 2067 9 0 0 0 0 0 0 0 0 0 0 0 0 0 0 0 0 0 0 0 0 0 0 0 0 0 0 0 0 0 0 -999
P6719 2067 10 0 0 0 0 0 5 0 4 0 0 0 0 0 0 0 0 0 0 0 0 0 0 0 0 0 0 0 11 13 9 60
P6719 2067 11 5 43 116 19 36 58 166 43 41 14 12 26 24 15 16 12 7 40 126 64 0 9 0 19 9 2 3 4 11 4 -999
P6719 2067 12 10 1 4 39 119 30 2 8 81 63 58 68 11 48 37 19 11 6 14 24 14 35 8 9 7 0 0 2 0 0 0
P6719 2068 1 3 0 5 0 0 0 2 2 1 12 8 4 3 1 1 5 5 3 2 11 10 21 14 17 9 29 2 5 33 20 27
P6719 2068 2 24 20 14 8 5 27 12 65 24 32 44 24 0 0 14 12 0 0 2 9 19 2 9 11 11 0 0 0 -999 -999 -999
P6719 2068 3 13 43 11 14 6 4 0 0 19 86 30 20 0 0 0 0 8 4 4 11 10 5 35 18 13 17 0 0 0 22 2
P6719 2068 4 7 10 3 22 26 18 3 0 0 0 0 0 0 0 0 0 0 0 0 0 0 0 5 9 8 6 2 10 3 0 -999
P6719 2068 5 0 0 6 0 0 0 0 0 4 8 13 36 13 4 30 30 14 9 10 11 7 0 0 0 0 0 0 0 0 0 0
P6719 2068 6 0 0 0 0 0 0 0 0 0 0 0 0 0 0 0 0 0 0 0 0 0 0 0 0 0 0 0 0 0 0 -999
P6719 2068 7 0 0 0 0 0 0 0 0 0 0 0 0 0 0 0 0 0 0 0 0 0 0 0 0 0 0 0 0 0 0 0
P6719 2068 8 0 0 0 0 0 0 0 0 0 0 0 0 0 0 0 0 0 0 0 0 0 0 0 0 0 0 0 0 0 0 0
P6719 2068 9 0 0 0 0 0 0 0 0 0 0 0 0 0 0 0 0 0 0 0 0 20 63 67 47 14 0 14 0 0 0 -999
P6719 2068 10 0 0 0 0 0 0 6 13 7 0 0 11 12 14 8 10 0 0 2 13 36 9 75 34 4 8 4 8 48 7 47
P6719 2068 11 14 0 0 0 0 0 0 0 0 0 0 0 0 2 5 29 5 8 5 8 23 37 9 69 32 0 0 0 91 59 -999
P6719 2068 12 22 28 43 44 103 18 5 38 14 10 27 8 40 6 36 73 155 40 138 41 14 6 5 0 10 17 4 4 1 0 0
P6719 2069 1 0 0 0 0 0 3 3 3 16 47 9 18 5 3 0 0 0 0 0 0 28 17 0 6 9 28 20 56 163 66 79
P6719 2069 2 10 33 12 28 107 14 14 69 49 53 3 1 3 8 4 3 0 0 0 0 0 0 5 3 4 3 1 3 -999 -999 -999
P6719 2069 3 93 20 4 6 42 11 14 17 9 22 15 3 0 0 0 0 0 0 0 9 6 4 11 10 2 2 16 34 36 5 2
P6719 2069 4 6 0 0 0 0 0 7 11 7 11 57 58 9 39 88 19 44 77 39 61 7 6 9 3 5 0 0 17 13 46 -999
P6719 2069 5 59 14 6 16 9 116 24 47 13 8 6 0 0 0 0 9 7 7 20 6 4 0 0 7 0 0 0 4 3 5 8
P6719 2069 6 4 4 13 0 0 0 0 0 0 0 0 0 0 0 0 0 0 0 0 0 0 0 0 0 0 0 0 0 0 0 -999
P6719 2069 7 0 7 0 0 0 0 0 0 0 0 0 0 0 0 0 0 0 0 0 0 0 0 0 0 0 0 0 0 0 0 0
P6719 2069 8 0 0 0 0 0 0 0 0 0 0 0 0 0 0 0 0 0 0 0 0 0 0 0 0 0 0 0 0 0 0 0
P6719 2069 9 0 0 0 0 0 0 0 0 30 10 0 0 0 0 0 0 0 0 0 0 0 0 0 0 0 0 13 9 53 39 -999
P6719 2069 10 49 25 38 9 0 0 0 0 0 0 0 0 0 0 5 10 5 0 0 4 7 7 10 5 4 2 0 0 0 4 39
P6719 2069 11 31 35 38 31 4 0 0 18 89 21 55 49 17 12 2 0 0 0 0 0 3 12 26 61 5 62 18 154 66 4 -999
P6719 2069 12 4 44 104 31 10 6 4 11 5 6 5 30 18 0 0 0 0 0 0 2 0 6 49 26 7 7 6 4 14 3 4
P6719 2070 1 32 47 14 29 85 17 6 14 64 6 8 7 7 4 0 2 16 8 16 65 30 19 84 21 28 6 58 9 14 43 54
P6719 2070 2 17 100 113 31 5 12 9 9 13 104 15 30 9 0 51 52 5 0 2 3 5 12 153 28 26 14 130 21 -999 -999 -999
P6719 2070 3 24 0 0 0 31 0 0 15 88 21 23 10 3 0 0 0 4 55 84 11 101 92 21 29 75 0 0 0 0 0 0
P6719 2070 4 41 48 9 6 57 35 18 36 13 18 32 19 6 16 19 10 6 0 0 0 0 5 4 3 4 3 6 8 3 0 -999
P6719 2070 5 7 8 11 12 28 6 13 11 10 7 4 13 13 47 30 7 15 9 6 0 0 0 0 0 0 0 0 0 0 0 0
P6719 2070 6 0 0 0 0 0 0 0 0 0 0 0 0 0 0 0 0 0 0 0 0 0 0 0 0 0 0 0 0 0 0 -999
P6719 2070 7 0 0 0 0 0 0 0 0 0 0 0 0 0 0 0 0 0 0 0 0 0 0 0 0 0 0 0 0 0 0 0
P6719 2070 8 0 0 0 0 0 0 0 0 0 0 0 0 0 0 0 0 0 0 0 0 0 0 0 0 0 0 0 0 0 0 0
P6719 2070 9 0 0 0 0 0 0 0 0 0 0 0 0 0 0 0 0 0 0 0 0 26 0 0 0 0 0 0 27 23 15 -999
P6719 2070 10 0 0 0 0 0 0 0 0 0 11 44 13 9 5 4 0 0 8 95 119 97 83 43 3 0 0 0 0 0 6 14
P6719 2070 11 0 75 53 55 8 18 77 89 51 11 37 101 48 9 6 18 21 3 24 75 36 59 33 87 11 3 0 0 0 5 -999
P6719 2070 12 0 8 8 0 0 0 0 0 2 6 8 8 5 6 0 0 0 0 5 4 5 41 14 9 15 8 26 11 10 8 3
P6719 2071 1 0 5 5 6 2 0 0 1 7 5 6 14 18 18 79 62 82 44 23 46 33 29 64 100 21 8 8 6 3 9 31
P6719 2071 2 18 6 12 8 79 14 22 12 9 0 0 3 2 0 0 2 0 2 4 14 13 18 4 6 25 102 75 7 -999 -999 -999
P6719 2071 3 1 0 0 12 10 6 6 4 4 9 5 5 0 0 0 0 0 4 7 2 0 0 0 0 0 0 0 0 13 1 0
P6719 2071 4 0 0 0 0 0 0 0 0 0 0 0 0 0 0 0 0 0 0 0 6 12 0 0 0 0 0 0 0 0 0 -999
P6719 2071 5 0 0 0 0 0 0 0 0 0 0 0 0 0 0 25 4 19 0 0 0 0 0 0 0 0 0 0 0 0 0 0
P6719 2071 6 0 0 0 0 0 0 0 15 0 0 0 0 0 0 0 0 0 0 0 0 0 0 0 0 0 0 0 0 0 0 -999
P6719 2071 7 0 0 0 0 0 0 0 0 0 0 0 0 0 0 0 0 0 0 0 0 0 0 0 0 0 0 0 0 0 0 0
P6719 2071 8 0 0 0 0 0 0 0 0 0 0 0 0 0 0 0 0 0 0 0 0 0 0 0 0 0 0 0 0 0 0 0
P6719 2071 9 0 0 0 0 0 0 0 0 0 0 0 0 0 0 0 0 0 0 0 0 0 0 0 0 0 0 0 0 0 0 -999
P6719 2071 10 0 0 0 0 0 0 0 0 5 3 2 4 7 0 0 0 0 0 0 0 0 0 0 0 5 0 0 0 0 0 0
P6719 2071 11 33 8 9 5 15 42 84 64 22 8 8 6 6 4 3 33 4 7 0 0 0 0 0 0 0 5 12 0 0 0 -999
P6719 2071 12 4 3 4 4 10 20 16 0 0 0 0 1 0 0 0 0 0 0 4 0 0 0 0 0 0 0 0 0 0 1 2
P6719 2072 1 0 1 0 0 0 6 2 3 4 7 3 2 5 10 25 2 2 0 0 2 10 101 17 3 0 0 6 9 55 14 12
P6719 2072 2 4 1 3 36 78 13 23 21 17 90 35 113 33 101 13 115 97 55 71 77 64 211 20 38 11 9 8 2 -999 -999 -999
P6719 2072 3 0 2 0 5 21 11 63 14 3 12 21 7 0 12 0 0 0 16 11 0 0 5 19 0 0 0 0 0 0 0 0
P6719 2072 4 0 0 0 0 0 34 47 53 9 16 71 14 10 18 0 11 11 0 0 0 0 0 6 0 0 0 0 0 0 0 -999
P6719 2072 5 0 0 0 0 0 0 6 13 22 0 0 0 0 0 0 0 0 0 0 0 0 0 0 0 0 0 0 0 0 0 0
P6719 2072 6 0 0 0 0 0 0 0 0 0 0 0 0 0 0 0 0 0 0 0 0 0 0 0 0 0 0 0 0 0 0 -999
P6719 2072 7 0 0 0 0 0 0 0 0 0 0 0 0 0 0 0 0 0 0 0 0 0 0 0 0 0 0 0 0 0 0 0
P6719 2072 8 0 0 0 0 0 0 0 0 0 0 0 0 0 0 0 0 0 0 0 0 0 0 0 0 0 0 0 0 0 0 0
P6719 2072 9 0 0 0 0 0 0 0 0 0 0 0 0 0 0 0 0 0 0 0 0 0 0 0 0 0 0 0 0 0 0 -999
P6719 2072 10 12 11 0 18 0 0 0 0 0 0 0 0 0 0 0 15 16 20 9 13 12 40 12 29 67 71 30 30 29 72 106
P6719 2072 11 7 19 0 16 77 93 31 76 101 70 8 12 4 4 0 0 0 0 0 0 13 19 62 47 7 97 76 6 3 4 -999
P6719 2072 12 0 0 0 2 9 60 30 12 6 14 4 1 0 0 0 0 0 12 2 10 6 8 21 0 0 3 4 0 0 6 5
P6719 2073 1 5 0 2 2 6 7 1 2 0 0 0 0 4 0 0 0 0 0 3 7 1 2 0 0 0 14 5 0 0 0 0
P6719 2073 2 0 0 5 8 4 6 3 2 30 66 40 9 7 30 22 6 14 3 3 0 8 10 15 5 3 0 0 0 -999 -999 -999
P6719 2073 3 0 0 0 0 0 0 0 10 8 11 3 3 2 6 16 18 10 14 34 13 7 4 3 4 1 4 23 38 6 7 0
P6719 2073 4 0 0 0 0 0 0 0 0 0 0 0 0 0 0 23 19 0 0 0 0 0 0 0 14 0 0 0 8 0 0 -999
P6719 2073 5 10 0 0 0 0 0 0 0 0 0 0 0 0 0 0 9 15 10 31 5 0 7 52 46 4 0 6 3 0 0 0
P6719 2073 6 0 0 0 0 0 0 0 0 0 0 0 0 0 0 0 0 0 0 0 0 0 0 0 0 0 0 0 0 0 0 -999
P6719 2073 7 0 0 0 0 0 0 0 0 0 0 0 0 0 0 0 0 0 0 0 0 0 0 0 0 0 0 0 0 0 0 0
P6719 2073 8 0 0 0 0 0 0 0 0 0 0 0 0 0 0 0 0 0 0 0 0 0 0 0 0 0 0 0 0 0 0 0
P6719 2073 9 0 0 0 0 0 5 0 0 0 0 0 6 0 0 0 0 0 0 0 0 0 3 10 0 0 0 0 0 0 0 -999
P6719 2073 10 0 0 0 0 0 0 16 14 4 105 73 0 0 0 0 0 0 11 16 5 10 0 0 0 0 0 40 20 5 9 17
P6719 2073 11 15 3 0 0 10 21 111 38 66 98 20 5 2 4 0 0 0 0 0 0 7 17 5 10 9 17 26 16 14 35 -999
P6719 2073 12 69 62 20 21 8 13 4 3 0 0 0 0 0 0 0 0 3 3 5 24 31 10 7 6 58 4 9 4 0 0 0
P6719 2074 1 0 2 0 4 0 0 0 0 2 4 4 3 4 5 2 0 4 21 51 35 0 13 0 2 3 5 3 2 3 3 1
P6719 2074 2 5 0 0 0 0 4 6 21 41 2 10 2 2 6 6 2 0 0 3 6 2 11 9 2 7 14 16 0 -999 -999 -999
P6719 2074 3 26 23 0 0 0 0 0 0 0 0 0 11 0 8 16 0 0 9 8 0 8 3 0 0 0 0 0 0 0 0 0
P6719 2074 4 0 0 0 0 0 0 0 0 0 0 0 0 0 0 0 0 0 0 0 0 0 0 0 0 7 18 10 5 0 0 -999
P6719 2074 5 0 0 0 0 0 0 5 6 10 13 16 15 6 0 0 0 0 10 52 46 40 29 16 3 0 0 0 0 0 0 0
P6719 2074 6 0 0 0 0 0 0 0 0 0 0 0 0 0 0 0 0 0 0 0 0 0 0 0 0 0 0 0 0 0 0 -999
P6719 2074 7 0 0 0 0 0 0 0 0 0 0 0 0 0 0 0 0 0 0 0 0 0 0 0 0 0 0 0 0 0 0 0
P6719 2074 8 0 0 0 0 0 0 0 0 0 0 0 0 0 0 0 0 0 0 0 0 0 0 0 0 0 0 0 0 0 0 0
P6719 2074 9 0 0 0 0 0 0 0 0 0 0 0 0 0 0 0 0 0 15 15 0 0 40 18 10 3 6 5 6 0 0 -999
P6719 2074 10 0 0 8 9 0 0 0 8 11 7 4 0 0 0 0 0 0 12 6 5 0 0 0 6 5 0 0 11 60 7 16
P6719 2074 11 8 9 12 0 0 2 0 22 68 82 16 31 25 0 0 12 3 4 6 0 0 8 141 106 97 11 0 9 4 3 -999
P6719 2074 12 0 0 19 8 0 0 0 31 4 13 6 26 99 143 203 268 73 14 107 55 110 21 2 3 5 14 195 32 135 9 45
P6719 2075 1 47 39 37 38 37 5 18 4 3 4 15 33 37 6 7 4 0 0 0 0 0 0 0 3 6 5 8 13 4 20 15
P6719 2075 2 25 7 2 11 54 47 14 11 7 5 46 57 29 58 12 12 4 0 3 6 45 8 4 4 0 0 0 0 -999 -999 -999
P6719 2075 3 0 0 0 36 36 15 4 0 0 54 74 66 44 19 4 4 8 37 112 33 6 35 18 53 24 13 56 26 22 43 29
P6719 2075 4 31 8 30 2 0 0 4 3 0 0 0 0 0 0 0 0 0 10 12 5 9 7 0 0 0 0 0 0 16 43 -999
P6719 2075 5 56 51 55 19 45 48 27 9 0 0 0 11 4 9 7 10 28 11 17 4 3 4 5 7 0 0 0 0 0 0 0
P6719 2075 6 0 0 0 0 0 0 0 0 0 0 0 0 0 0 0 0 0 0 0 0 0 0 0 0 0 0 0 0 0 0 -999
P6719 2075 7 0 0 0 0 0 0 0 0 0 0 0 0 0 0 0 0 0 0 0 0 0 0 0 0 0 0 0 0 0 0 0
P6719 2075 8 0 0 0 0 0 0 0 0 0 0 0 0 0 0 0 0 0 0 0 0 0 0 0 0 0 0 0 0 0 0 0
P6719 2075 9 0 0 0 0 0 0 0 0 0 0 0 0 0 0 0 0 0 0 0 0 0 0 0 0 0 0 0 26 24 13 -999
P6719 2075 10 0 0 7 4 11 2 0 18 3 2 8 0 0 0 11 0 0 0 18 11 4 5 0 8 18 0 11 27 3 0 0
P6719 2075 11 23 5 10 15 18 4 94 5 43 5 9 19 25 9 6 37 87 7 11 19 22 3 15 37 25 23 22 2 7 8 -999
P6719 2075 12 0 15 4 8 15 49 61 6 32 3 9 9 19 9 1 1 4 0 0 0 0 4 4 0 0 11 3 1 6 6 0
P6719 2076 1 0 0 3 0 0 0 0 2 13 16 3 3 2 5 3 7 1 10 10 4 0 1 0 0 1 1 6 6 10 5 4
P6719 2076 2 8 4 5 5 0 9 0 15 24 3 4 0 1 1 0 0 0 4 6 6 6 0 0 0 1 8 3 0 -999 -999 -999
P6719 2076 3 0 2 0 0 8 16 1 0 8 55 3 0 0 31 30 13 58 35 6 9 8 0 0 0 0 0 0 0 0 0 0
P6719 2076 4 0 0 0 16 0 0 0 0 0 0 0 40 1 0 0 0 0 0 0 0 42 27 15 14 15 12 6 0 0 0 -999
P6719 2076 5 0 4 7 3 0 0 0 0 0 0 0 0 0 0 0 0 9 7 6 14 33 12 7 0 0 0 17 20 6 9 4
P6719 2076 6 7 0 0 0 0 0 0 0 0 0 0 0 0 0 0 0 0 0 0 0 0 0 0 0 0 0 0 0 0 0 -999
P6719 2076 7 0 0 0 0 13 0 0 0 0 0 0 0 0 0 0 0 0 0 0 0 0 0 0 0 0 0 0 0 0 0 0
P6719 2076 8 0 0 0 0 0 0 0 0 0 0 0 0 0 0 0 0 0 0 0 0 0 0 0 0 0 0 0 0 0 0 0
P6719 2076 9 0 0 0 0 0 0 0 0 0 0 0 0 0 0 0 0 0 0 0 0 0 0 0 0 0 0 0 36 12 8 -999
P6719 2076 10 5 39 27 0 0 0 0 0 0 0 11 48 54 68 54 6 15 91 0 5 15 6 20 5 15 8 0 0 0 0 0
P6719 2076 11 0 0 5 5 0 4 14 40 53 30 38 35 2 6 5 0 0 0 4 5 0 0 6 19 8 4 0 0 0 0 -999
P6719 2076 12 0 0 0 0 0 0 1 13 5 0 0 0 0 1 2 4 2 3 0 0 0 0 0 0 0 2 3 6 15 10 2
P6719 2077 1 0 0 0 0 1 9 4 3 0 0 3 13 36 32 8 30 2 1 4 0 0 43 57 18 31 35 15 19 8 3 11
P6719 2077 2 14 5 5 16 46 27 2 0 0 0 0 45 13 15 34 18 58 0 0 5 7 6 7 0 0 0 0 0 -999 -999 -999
P6719 2077 3 7 14 14 0 2 26 10 19 26 25 14 35 46 13 2 22 0 61 42 4 0 0 0 0 0 11 5 6 7 0 0
P6719 2077 4 0 0 0 0 0 0 11 10 30 9 5 1 1 0 0 0 0 0 0 0 0 0 0 0 0 0 0 0 0 0 -999
P6719 2077 5 0 0 0 0 0 0 0 0 0 0 0 0 0 0 0 0 0 0 0 0 0 0 0 54 70 80 75 19 0 0 0
P6719 2077 6 0 0 0 0 0 6 0 0 0 1 3 0 5 8 0 0 0 0 0 0 0 0 0 0 0 0 0 0 0 0 -999
P6719 2077 7 0 0 0 0 0 0 0 0 0 0 0 0 0 0 0 0 0 0 0 0 0 0 0 0 0 0 0 0 0 0 0
P6719 2077 8 0 0 0 0 0 0 0 0 0 0 0 0 0 0 0 0 0 0 0 0 0 0 0 0 0 0 0 0 0 0 0
P6719 2077 9 0 0 0 0 0 0 0 0 0 0 0 0 0 0 0 0 0 0 0 0 0 0 0 0 0 0 0 0 0 0 -999
P6719 2077 10 0 0 0 0 0 0 0 0 0 0 0 4 4 13 8 6 5 11 25 23 27 40 18 5 6 6 0 8 0 0 0
P6719 2077 11 0 6 29 62 56 20 68 22 14 12 5 57 103 89 14 11 17 52 4 19 38 84 91 43 31 39 33 16 12 20 -999
P6719 2077 12 6 4 0 16 9 7 9 27 9 103 164 35 82 84 57 7 163 122 132 44 88 72 84 121 105 97 118 74 29 27 38
P6719 2078 1 18 83 50 67 34 64 29 113 19 33 9 0 0 0 0 0 0 0 0 5 2 18 10 3 0 0 0 0 0 0 8
P6719 2078 2 8 19 4 15 9 31 48 5 8 6 14 3 5 10 8 8 15 5 0 0 4 0 4 6 0 0 0 0 -999 -999 -999
P6719 2078 3 0 0 0 0 0 36 7 11 0 5 43 10 32 93 12 7 3 34 0 0 0 8 28 6 6 4 14 24 14 38 5
P6719 2078 4 25 75 2 56 37 57 4 3 9 0 0 0 0 0 0 0 0 45 20 3 0 0 0 0 0 0 0 20 16 6 -999
P6719 2078 5 13 4 10 16 31 11 12 4 0 18 19 17 45 16 42 70 31 7 0 0 0 0 0 0 0 0 0 0 0 0 0
P6719 2078 6 0 0 0 0 0 0 0 0 0 0 0 0 0 0 0 0 0 0 0 0 0 0 0 0 0 0 0 0 0 0 -999
P6719 2078 7 0 0 0 0 0 0 0 0 0 0 0 0 0 0 0 0 0 0 0 0 0 0 0 0 0 0 0 0 0 0 0
P6719 2078 8 0 0 0 0 0 0 0 0 0 0 0 0 0 0 0 0 0 0 0 0 0 0 0 0 0 0 0 0 0 0 0
P6719 2078 9 0 0 0 14 0 0 0 0 0 0 0 0 0 0 0 0 0 0 0 0 0 0 0 0 0 0 0 0 0 0 -999
P6719 2078 10 0 19 0 0 0 0 0 0 0 0 0 0 0 0 0 0 0 0 0 0 0 0 14 0 0 0 0 0 0 0 0
P6719 2078 11 0 0 51 62 6 4 0 0 0 7 5 0 0 0 0 0 7 0 5 8 0 0 5 9 0 0 8 49 5 7 -999
P6719 2078 12 1 1 0 0 0 0 11 16 4 7 7 4 0 0 3 5 3 2 0 0 0 3 0 10 37 7 11 21 20 156 57
P6719 2079 1 2 12 5 5 2 3 19 21 14 3 2 2 8 4 0 1 0 0 0 0 0 0 0 2 0 5 38 20 3 0 0
P6719 2079 2 11 14 0 11 60 24 13 96 30 5 8 3 5 8 0 0 15 23 40 17 56 28 67 73 90 121 38 10 -999 -999 -999
P6719 2079 3 16 21 4 16 21 4 6 17 10 0 12 32 0 0 0 0 0 0 3 46 52 15 35 7 7 0 0 0 0 5 8
P6719 2079 4 15 19 10 0 0 14 25 12 5 0 0 0 0 0 0 0 0 0 0 0 0 0 0 0 0 0 0 0 0 0 -999
P6719 2079 5 19 4 4 0 0 0 0 0 0 0 0 0 0 0 0 0 11 0 0 0 0 0 0 0 0 0 0 0 0 14 0
P6719 2079 6 0 0 0 0 0 0 0 0 0 0 0 0 0 0 0 0 0 0 0 0 0 0 0 0 0 0 0 0 0 0 -999
P6719 2079 7 0 0 0 0 0 0 0 0 0 0 0 0 0 0 0 0 0 0 0 0 0 0 0 0 0 0 0 0 0 0 0
P6719 2079 8 0 0 0 0 0 0 0 0 0 0 0 0 0 0 0 0 0 0 0 0 0 0 0 0 0 0 0 0 0 0 0
P6719 2079 9 0 0 0 0 0 0 0 0 0 17 30 0 0 0 0 0 0 0 0 0 0 0 0 0 0 0 0 22 30 12 -999
P6719 2079 10 0 0 0 0 0 0 0 0 0 0 0 0 0 0 0 0 7 9 39 72 22 42 9 10 18 14 22 6 25 8 0
P6719 2079 11 34 30 17 4 26 11 3 0 0 21 11 9 0 0 0 0 0 0 0 7 10 11 55 34 23 114 42 29 60 23 -999
P6719 2079 12 3 0 0 0 11 26 59 56 101 77 14 0 3 3 70 67 174 124 165 10 16 12 7 11 0 5 0 3 7 6 6
P6719 2080 1 7 0 10 22 21 10 30 14 4 6 10 8 2 2 2 0 0 2 4 10 4 13 22 10 9 8 11 5 9 13 8
P6719 2080 2 6 3 2 3 3 0 0 0 2 1 6 61 19 4 0 0 1 0 0 0 4 2 2 2 0 0 0 0 -999 -999 -999
P6719 2080 3 0 0 0 0 0 0 0 17 31 8 5 0 0 0 5 9 0 0 0 0 0 0 6 0 0 0 0 0 0 0 0
P6719 2080 4 10 6 33 4 50 110 52 10 48 3 4 0 0 0 0 26 48 23 58 7 7 0 0 8 23 0 0 0 0 0 -999
P6719 2080 5 0 6 3 0 0 0 6 0 0 0 0 0 0 0 0 0 0 0 0 11 0 0 0 0 0 0 0 0 0 0 0
P6719 2080 6 0 0 0 0 0 0 0 0 0 0 0 0 0 0 0 0 0 0 0 0 0 0 0 0 0 0 0 0 0 0 -999
P6719 2080 7 0 0 0 0 0 0 0 0 0 0 0 0 0 0 0 0 0 0 0 0 0 0 0 0 0 0 0 0 0 0 0
P6719 2080 8 0 0 0 0 0 0 0 0 0 0 0 0 0 0 0 0 0 0 0 0 0 0 0 7 31 7 0 0 0 0 0
P6719 2080 9 0 0 0 0 0 0 0 0 0 0 0 22 20 43 0 0 0 0 0 0 0 0 19 48 25 9 0 0 0 0 -999
P6719 2080 10 0 0 0 0 0 0 0 0 0 0 0 12 6 0 5 0 0 0 0 0 0 9 17 122 76 19 6 0 0 0 0
P6719 2080 11 0 0 0 16 36 6 4 0 0 6 4 2 0 0 4 34 18 3 2 5 14 13 5 11 10 9 9 118 2 0 -999
P6719 2080 12 2 0 0 0 0 2 10 14 7 60 16 4 15 57 23 13 7 0 0 0 15 10 32 168 9 2 3 4 4 10 0
P6719 2081 1 2 0 0 0 0 0 0 0 0 0 2 0 0 0 4 2 6 23 72 191 107 189 24 6 14 15 8 0 3 0 0
P6719 2081 2 10 23 92 45 9 4 4 5 2 0 2 0 0 0 0 0 3 53 9 18 48 51 33 8 15 9 14 8 -999 -999 -999
P6719 2081 3 0 0 0 10 13 5 0 0 3 10 17 29 116 97 73 43 111 43 60 75 62 67 76 30 32 58 121 76 7 85 62
P6719 2081 4 16 4 9 15 5 0 4 0 0 0 0 0 0 0 0 0 6 7 0 0 0 0 0 0 0 0 0 10 0 0 -999
P6719 2081 5 0 0 0 0 0 5 4 4 0 0 4 0 0 0 0 0 0 0 0 0 0 0 7 0 5 4 3 19 23 7 0
P6719 2081 6 0 0 0 0 0 0 0 0 13 54 40 12 4 0 0 0 0 0 0 0 0 0 0 0 0 0 0 0 0 0 -999
P6719 2081 7 0 0 0 0 0 0 0 0 0 0 0 0 0 0 0 0 0 0 0 0 0 0 0 0 0 0 0 0 0 0 0
P6719 2081 8 0 0 0 0 0 0 0 0 0 0 0 0 0 0 0 0 0 0 0 0 0 0 0 0 0 0 0 0 0 0 0
P6719 2081 9 0 0 0 0 0 0 0 0 0 0 0 0 0 0 0 0 0 0 0 0 0 0 0 0 0 0 0 0 0 0 -999
P6719 2081 10 0 0 19 0 0 0 0 0 0 16 30 9 30 12 50 41 35 21 14 24 13 0 0 0 0 0 0 11 0 23 8
P6719 2081 11 0 0 83 159 17 29 13 0 12 90 41 15 42 44 90 121 7 19 65 172 23 101 34 5 7 0 0 2 42 61 -999
P6719 2081 12 39 49 67 39 35 22 69 100 2 5 10 11 4 2 0 0 7 4 16 25 27 51 144 25 49 32 4 76 15 6 9
P6719 2082 1 2 0 0 0 0 1 4 3 2 2 0 0 2 10 90 85 4 10 5 4 3 3 2 3 3 10 40 17 54 21 0
P6719 2082 2 0 3 7 3 5 9 8 4 0 0 4 3 0 0 0 0 0 0 0 0 0 0 0 0 0 0 2 0 -999 -999 -999
P6719 2082 3 0 1 3 3 2 0 0 0 8 4 6 3 0 5 4 4 9 14 51 39 0 21 9 9 3 7 1 0 8 10 8
P6719 2082 4 16 0 9 7 14 76 97 45 90 68 42 79 60 0 20 11 15 34 14 38 7 0 0 0 0 0 0 10 9 0 -999
P6719 2082 5 0 0 0 0 0 0 0 0 0 0 0 0 0 0 0 0 0 0 0 0 0 0 0 0 0 0 0 0 0 0 0
P6719 2082 6 0 0 0 0 0 32 42 35 13 10 0 0 0 0 0 0 11 19 7 7 23 0 0 0 0 0 0 0 0 0 -999
P6719 2082 7 0 0 0 0 0 0 0 0 0 0 0 0 0 0 0 0 0 0 0 0 0 0 0 0 0 0 0 0 0 0 0
P6719 2082 8 0 0 0 0 0 0 0 0 0 0 0 0 0 0 0 0 0 0 0 0 0 0 0 0 0 0 0 0 0 0 0
P6719 2082 9 0 0 0 0 0 0 0 0 0 0 0 0 0 0 0 0 0 0 0 0 0 0 0 0 0 0 0 0 0 0 -999
P6719 2082 10 0 0 0 0 0 0 0 0 0 0 0 0 13 0 0 0 9 19 5 160 46 4 5 20 25 26 0 0 0 0 0
P6719 2082 11 0 0 0 0 0 0 0 0 11 24 38 21 32 14 29 52 23 8 22 37 13 54 15 8 2 1 7 33 35 18 -999
P6719 2082 12 3 8 5 4 0 0 0 9 0 0 5 2 7 8 6 0 0 8 7 2 0 2 2 2 0 0 0 0 2 8 0
P6719 2083 1 6 3 5 4 0 16 7 45 15 12 5 9 20 56 27 165 43 10 18 31 15 0 9 6 56 30 71 22 8 102 11
P6719 2083 2 27 43 50 3 20 3 17 13 60 19 52 15 139 11 17 30 78 55 44 10 48 86 25 47 14 62 48 82 -999 -999 -999
P6719 2083 3 102 0 0 0 8 0 13 10 0 16 18 0 13 24 16 0 0 0 0 4 6 7 0 0 7 6 3 8 28 11 6
P6719 2083 4 16 13 8 6 6 0 0 0 0 6 8 14 22 13 0 4 0 32 13 3 7 9 4 0 0 0 0 0 0 0 -999
P6719 2083 5 0 0 0 2 0 0 0 0 0 0 0 0 0 0 0 0 0 0 0 0 0 0 0 0 0 0 0 0 0 0 0
P6719 2083 6 0 0 0 0 0 0 0 0 0 0 0 0 0 0 0 0 0 0 0 0 0 0 0 0 0 0 0 0 0 0 -999
P6719 2083 7 0 0 0 0 0 0 0 0 0 0 0 0 0 0 0 0 0 0 0 0 0 0 0 0 0 0 0 0 0 0 0
P6719 2083 8 0 0 0 0 0 0 0 0 0 0 0 0 0 0 0 0 0 0 0 0 0 0 0 0 0 0 0 0 0 0 0
P6719 2083 9 0 0 0 0 0 0 0 0 0 0 0 0 0 0 0 0 0 0 0 0 0 0 0 6 19 0 0 0 0 28 -999
P6719 2083 10 26 14 0 0 0 0 0 0 0 0 0 0 0 11 0 0 0 0 0 0 0 0 0 0 0 0 19 0 0 0 0
P6719 2083 11 0 0 18 0 0 17 20 12 76 36 11 45 35 22 3 7 11 31 13 29 11 10 39 62 6 7 4 17 0 0 -999
P6719 2083 12 3 2 0 0 0 5 2 6 2 18 9 6 15 10 37 26 44 17 0 0 0 0 6 3 0 0 0 0 0 6 6
P6719 2084 1 10 15 10 6 3 13 21 17 3 0 0 4 6 10 0 6 45 213 109 17 10 91 55 4 2 0 2 0 0 0 0
P6719 2084 2 0 1 15 6 0 0 0 0 0 5 40 22 29 8 5 5 6 4 37 15 4 10 44 49 17 63 8 5 -999 -999 -999
P6719 2084 3 17 18 3 4 7 18 0 0 0 8 11 22 15 6 4 63 56 33 8 43 50 56 23 29 10 0 0 21 12 47 48
P6719 2084 4 27 34 100 98 39 6 16 74 121 17 58 11 6 40 12 8 3 0 0 0 0 0 0 0 0 0 0 0 0 0 -999
P6719 2084 5 0 0 0 0 0 0 6 2 0 0 0 0 0 0 0 0 0 0 0 0 0 0 0 0 0 0 0 0 0 0 5
P6719 2084 6 8 0 0 0 0 0 0 0 0 0 0 0 0 0 0 0 0 0 0 0 0 0 0 0 0 0 0 0 0 0 -999
P6719 2084 7 0 0 0 0 0 0 0 0 0 0 0 0 0 0 0 0 0 0 0 0 0 0 0 0 0 0 0 0 0 0 0
P6719 2084 8 0 0 0 0 0 0 0 0 0 0 0 0 0 0 0 0 0 0 0 0 0 0 0 0 0 0 0 0 0 0 0
P6719 2084 9 0 0 0 0 0 0 0 0 0 0 0 0 0 0 0 0 0 0 0 0 0 0 0 0 0 0 0 0 0 0 -999
P6719 2084 10 0 0 0 0 0 0 0 0 0 0 0 0 0 0 3 0 0 0 0 0 0 0 2 4 4 0 0 0 0 0 0
P6719 2084 11 0 5 8 12 46 9 7 17 135 64 41 166 69 29 0 5 6 23 0 0 0 0 0 13 9 0 0 4 7 11 -999
P6719 2084 12 5 0 9 10 8 3 6 3 2 0 0 0 0 5 7 6 12 7 7 0 0 0 2 6 5 12 4 10 2 0 0
P6719 2085 1 0 0 0 0 0 0 0 0 0 0 0 5 7 24 34 5 0 0 0 0 0 0 3 6 13 8 22 8 6 3 0
P6719 2085 2 0 0 4 14 14 0 0 0 0 0 0 0 0 0 11 15 25 0 0 0 8 0 11 0 0 12 6 0 -999 -999 -999
P6719 2085 3 4 0 0 7 9 0 0 0 0 12 14 9 14 0 0 23 16 40 44 8 44 42 16 18 9 5 18 28 19 52 25
P6719 2085 4 73 55 147 9 39 0 0 0 0 0 0 0 0 2 41 0 0 0 0 9 0 0 0 0 0 7 13 14 33 32 -999
P6719 2085 5 26 0 0 14 3 0 6 0 9 23 22 5 9 5 0 0 0 0 4 5 0 0 0 0 9 0 0 0 0 0 0
P6719 2085 6 0 0 0 0 0 0 0 0 0 0 0 0 0 0 0 0 0 0 0 0 0 0 0 0 0 0 0 0 0 0 -999
P6719 2085 7 0 0 0 0 0 0 0 0 0 0 0 0 0 0 0 0 0 0 0 0 0 0 0 0 0 0 0 0 0 0 0
P6719 2085 8 0 0 0 0 0 0 0 0 0 0 0 0 0 0 0 0 0 0 0 0 0 0 0 0 0 0 0 0 0 0 0
P6719 2085 9 0 0 0 0 0 0 0 0 0 0 0 0 0 0 0 0 0 0 0 0 0 0 0 9 0 0 0 0 0 0 -999
P6719 2085 10 0 0 0 0 0 0 0 0 0 0 0 0 0 0 0 5 4 0 0 0 0 0 13 10 0 0 7 0 0 0 0
P6719 2085 11 11 26 45 39 11 8 12 23 3 0 0 0 0 0 11 12 32 60 80 134 58 90 23 201 87 9 212 13 10 10 -999
P6719 2085 12 40 51 6 8 61 12 10 2 25 83 55 37 24 13 3 5 0 28 14 8 6 18 30 20 14 4 15 7 18 6 43
P6719 2086 1 38 93 52 42 3 0 0 0 0 0 0 0 0 0 0 29 0 0 0 0 0 0 0 4 4 0 0 0 0 0 0
P6719 2086 2 0 0 0 2 2 0 0 0 0 2 2 9 26 18 32 37 16 120 9 10 28 7 4 0 4 5 10 15 -999 -999 -999
P6719 2086 3 0 0 0 0 0 0 0 0 0 4 3 4 10 0 0 0 4 0 18 3 0 0 0 0 0 0 0 0 0 0 39
P6719 2086 4 9 6 3 0 0 0 7 12 8 4 4 0 0 22 62 109 103 74 51 29 18 21 78 19 0 0 0 13 0 0 -999
P6719 2086 5 0 0 0 0 0 0 0 0 0 0 0 0 0 0 0 0 0 4 4 4 0 0 0 0 6 0 0 0 0 0 0
P6719 2086 6 0 0 0 0 0 0 0 0 0 0 0 0 0 0 0 0 0 0 0 0 0 0 0 0 0 0 0 0 0 0 -999
P6719 2086 7 0 0 0 0 0 0 0 0 0 0 0 0 0 0 0 0 0 0 0 0 0 0 0 0 0 0 0 0 0 0 0
P6719 2086 8 0 0 0 0 0 0 0 0 0 0 0 0 0 0 0 0 0 0 0 0 0 0 0 0 0 0 0 0 0 0 0
P6719 2086 9 0 0 0 0 0 0 0 0 0 0 0 0 12 10 22 20 14 15 12 28 8 0 18 53 0 0 0 0 0 0 -999
P6719 2086 10 0 0 0 0 0 0 0 0 0 0 0 21 0 4 2 2 6 15 0 0 0 0 23 41 29 9 11 0 9 12 4
P6719 2086 11 0 0 0 0 0 0 4 6 7 15 17 5 30 7 224 21 66 54 46 22 17 7 10 11 0 10 17 9 23 4 -999
P6719 2086 12 5 55 32 41 45 5 6 6 12 18 3 5 5 4 2 2 0 4 20 17 6 0 0 9 4 4 16 11 11 14 16
P6719 2087 1 15 143 18 7 16 29 13 6 4 7 5 8 21 51 62 10 2 8 45 6 5 3 0 0 2 0 0 0 0 6 2
P6719 2087 2 3 8 8 5 0 0 0 0 0 0 2 9 5 9 2 0 2 0 2 6 0 0 0 0 0 0 0 2 -999 -999 -999
P6719 2087 3 5 0 13 15 6 20 21 4 0 0 0 0 5 25 29 4 16 99 23 2 7 12 0 0 0 57 85 5 5 0 0
P6719 2087 4 0 0 0 8 17 3 0 0 0 0 0 0 0 0 0 0 9 36 28 7 3 16 0 0 0 0 0 0 0 0 -999
P6719 2087 5 0 0 0 0 0 0 0 38 79 47 9 8 0 0 0 0 0 0 0 0 0 0 0 0 0 0 0 12 13 6 0
P6719 2087 6 0 0 0 0 0 0 0 0 2 0 0 0 0 0 0 0 0 0 0 0 0 0 0 0 0 0 0 0 0 0 -999
P6719 2087 7 0 0 0 0 0 0 0 0 0 0 0 0 0 0 0 0 0 0 0 0 0 0 0 0 0 0 0 0 0 0 0
P6719 2087 8 0 0 0 0 0 0 0 0 0 0 0 0 0 0 0 0 0 0 0 0 0 0 0 0 0 0 0 0 0 0 0
P6719 2087 9 0 0 0 0 0 0 0 0 0 0 0 0 0 0 0 0 0 0 0 0 7 0 0 0 0 0 0 11 0 0 -999
P6719 2087 10 0 0 0 0 0 0 0 0 0 0 0 0 0 0 0 0 0 10 8 13 6 54 34 4 6 17 0 0 0 0 0
P6719 2087 11 0 0 6 20 27 23 74 9 8 5 7 11 5 10 16 7 5 7 0 0 12 9 10 3 0 0 8 16 36 29 -999
P6719 2087 12 113 131 10 37 0 0 24 12 2 5 68 99 36 28 26 25 39 74 44 14 76 36 0 0 0 0 0 0 0 0 0
P6719 2088 1 0 0 0 5 2 2 32 122 115 57 65 88 67 77 15 239 25 6 3 2 4 4 15 89 127 53 226 60 116 36 6
P6719 2088 2 18 4 9 14 3 4 1 0 0 1 2 3 5 3 0 21 18 24 10 0 0 9 14 7 4 0 0 5 -999 -999 -999
P6719 2088 3 0 0 7 21 7 29 22 2 5 8 0 0 2 15 21 53 0 0 5 5 0 0 3 6 11 2 8 0 0 0 0
P6719 2088 4 12 0 0 0 0 0 0 0 6 11 13 6 18 2 5 0 0 0 0 0 0 0 0 0 0 0 0 0 0 0 -999
P6719 2088 5 0 0 0 0 0 16 13 0 0 0 0 47 15 4 0 0 0 0 0 0 0 0 0 0 0 0 0 0 0 0 0
P6719 2088 6 0 0 0 0 0 0 0 0 0 0 0 0 0 0 0 0 0 0 0 0 0 0 0 0 0 0 0 0 0 0 -999
P6719 2088 7 0 0 0 0 0 0 0 0 0 0 0 0 0 0 0 0 0 0 0 0 0 0 0 0 0 0 0 0 0 0 0
P6719 2088 8 0 0 0 0 0 0 0 0 0 0 0 0 0 0 0 0 0 0 0 0 0 0 0 0 0 0 0 0 0 0 0
P6719 2088 9 0 0 0 0 0 0 0 0 0 0 0 0 0 0 0 0 0 0 0 0 0 0 0 0 0 0 0 0 0 0 -999
P6719 2088 10 0 0 0 0 0 0 0 0 0 0 11 11 17 2 0 0 0 0 0 0 0 0 0 0 0 0 0 0 0 0 0
P6719 2088 11 0 8 79 72 10 59 22 14 87 28 4 15 13 8 5 0 0 0 0 3 0 15 26 18 18 47 57 10 0 45 -999
P6719 2088 12 65 14 15 75 107 16 2 0 0 0 0 4 10 0 0 0 0 2 2 2 2 5 0 4 15 22 19 1 2 5 0
P6719 2089 1 0 0 0 13 9 19 41 0 0 5 9 5 9 26 8 23 14 2 139 183 24 141 52 5 23 21 7 11 12 51 38
P6719 2089 2 142 8 17 16 56 4 9 15 22 30 52 192 81 110 109 75 33 37 43 32 21 5 0 0 0 5 26 33 -999 -999 -999
P6719 2089 3 8 4 0 0 0 0 0 0 0 0 0 0 0 0 0 4 16 3 0 0 0 0 0 0 0 0 0 0 0 0 0
P6719 2089 4 0 0 0 0 0 0 6 32 53 7 4 0 0 0 0 9 0 0 0 11 0 0 0 0 0 0 0 0 0 0 -999
P6719 2089 5 10 4 0 0 0 0 0 0 0 0 0 0 0 0 0 0 0 0 0 0 0 0 0 0 0 0 0 0 0 0 0
P6719 2089 6 6 2 0 0 0 0 0 0 0 0 0 0 0 0 0 0 0 0 0 0 0 0 0 0 0 0 0 0 0 0 -999
P6719 2089 7 0 0 0 0 0 0 0 0 5 0 0 0 0 0 0 0 0 0 0 0 0 0 0 0 0 0 0 0 0 0 0
P6719 2089 8 0 0 0 0 0 0 0 0 0 0 0 0 0 0 0 0 0 0 0 0 0 0 0 0 0 0 0 0 0 0 0
P6719 2089 9 0 0 0 0 0 0 0 0 0 0 0 0 0 0 0 0 0 0 0 0 0 0 0 0 0 0 0 0 0 0 -999
P6719 2089 10 0 0 0 0 0 0 0 0 0 0 0 14 0 3 3 8 0 0 0 0 0 0 0 0 3 6 0 0 0 0 0
P6719 2089 11 5 0 0 0 0 13 2 0 0 0 3 11 4 34 71 122 35 112 91 59 127 85 104 132 21 29 23 12 82 24 -999
P6719 2089 12 40 72 16 13 12 14 11 11 0 0 0 0 0 0 0 0 4 7 25 47 19 24 13 2 0 0 0 0 4 28 4
P6719 2090 1 4 4 0 0 10 7 3 2 0 4 8 12 0 3 0 0 0 2 9 12 25 22 30 4 2 4 7 1 5 7 3
P6719 2090 2 4 27 24 0 0 30 44 8 15 23 92 99 94 96 103 180 138 30 60 32 72 17 6 30 25 88 71 54 -999 -999 -999
P6719 2090 3 4 3 3 1 6 7 120 38 14 19 36 141 20 5 2 0 0 0 0 0 0 0 0 0 15 4 0 0 0 0 0
P6719 2090 4 0 16 30 66 11 9 0 0 0 0 4 10 0 0 0 0 0 0 0 0 0 17 76 14 8 0 29 38 7 17 -999
P6719 2090 5 8 0 0 0 0 0 0 0 0 0 0 0 0 0 20 11 0 25 7 5 5 0 0 0 0 0 0 0 0 0 0
P6719 2090 6 0 0 0 0 42 35 25 14 12 13 7 0 0 0 0 0 0 0 0 0 0 0 8 11 52 18 7 15 18 49 -999
P6719 2090 7 0 0 0 0 0 0 0 0 0 0 0 0 0 0 0 0 0 0 0 0 0 0 0 0 0 0 0 0 0 0 0
P6719 2090 8 0 0 0 0 0 0 0 0 0 0 0 0 0 0 0 0 0 0 0 0 0 0 0 0 0 0 0 0 0 0 0
P6719 2090 9 0 0 0 0 0 0 0 0 0 0 0 0 0 0 0 0 0 0 0 0 0 0 0 0 0 0 0 0 0 0 -999
P6719 2090 10 12 4 0 0 0 0 0 11 7 19 4 9 10 0 0 0 0 28 20 20 0 0 0 0 0 0 0 0 0 9 6
P6719 2090 11 7 17 6 3 0 0 0 0 0 0 0 0 0 0 0 0 0 5 5 0 0 19 9 0 6 7 5 134 77 182 -999
P6719 2090 12 52 4 122 50 4 4 5 9 45 10 3 2 5 14 9 0 0 0 0 0 10 22 21 12 0 0 0 5 28 18 3
P6719 2091 1 0 5 9 2 0 0 0 0 0 0 0 0 0 0 0 0 0 1 8 2 10 16 35 79 6 171 22 62 11 23 11
P6719 2091 2 33 26 16 116 62 70 16 20 22 8 4 11 11 6 15 13 6 5 2 2 8 42 35 20 15 40 10 0 -999 -999 -999
P6719 2091 3 0 0 0 17 0 0 3 6 7 0 0 0 0 0 0 0 0 0 0 6 5 6 3 8 2 0 0 0 3 0 0
P6719 2091 4 0 16 0 0 0 0 0 0 0 0 0 0 0 0 0 0 0 0 0 0 0 0 0 22 19 0 0 7 23 5 -999
P6719 2091 5 10 0 0 0 29 38 9 3 0 0 3 3 23 45 17 14 5 4 5 0 0 0 0 0 0 0 0 0 0 0 0
P6719 2091 6 0 0 0 0 0 0 0 0 0 0 0 0 0 0 0 0 0 0 0 0 0 0 0 0 0 0 0 0 0 0 -999
P6719 2091 7 0 0 0 0 0 0 0 0 0 0 0 0 0 0 0 0 0 0 0 0 0 0 0 0 0 0 0 0 0 0 0
P6719 2091 8 0 0 0 0 0 0 0 0 0 0 0 0 0 0 0 0 0 0 0 0 0 0 0 0 0 0 0 0 0 0 0
P6719 2091 9 0 0 0 0 0 0 0 0 0 0 0 0 0 0 0 0 0 0 0 0 0 7 0 0 85 32 0 0 0 0 -999
P6719 2091 10 0 0 0 0 0 0 0 0 0 29 4 0 0 0 0 0 0 0 0 0 0 0 26 0 0 0 0 4 20 2 7
P6719 2091 11 11 22 29 20 5 63 92 46 5 20 45 45 47 8 3 0 13 19 2 4 4 4 7 0 3 1 3 13 7 0 -999
P6719 2091 12 0 0 0 5 0 0 0 3 7 5 6 35 66 74 8 25 4 30 84 33 182 28 3 0 15 15 4 3 1 0 0
P6719 2092 1 12 5 3 9 34 43 46 77 7 11 2 125 154 3 16 3 3 1 0 0 0 3 6 1 8 23 4 0 1 4 0
P6719 2092 2 0 1 6 17 67 35 22 8 30 11 0 0 0 0 0 0 0 2 8 8 19 15 7 10 0 0 2 7 -999 -999 -999
P6719 2092 3 4 0 0 0 0 0 0 0 0 0 0 0 0 0 19 24 16 78 12 29 30 9 0 0 0 0 0 0 0 0 0
P6719 2092 4 0 0 0 0 0 0 8 1 17 8 0 0 0 0 0 0 0 0 0 0 9 0 0 0 0 9 0 0 0 0 -999
P6719 2092 5 0 0 0 0 0 0 0 0 0 0 3 0 0 0 0 0 0 0 0 0 0 0 0 0 0 0 0 0 25 0 0
P6719 2092 6 0 0 0 0 0 0 0 0 0 0 0 0 0 0 0 0 0 0 0 0 0 0 0 0 0 0 0 0 0 0 -999
P6719 2092 7 0 0 0 0 0 0 0 0 0 0 0 0 0 0 0 0 0 0 0 0 0 0 0 0 0 0 0 0 0 0 0
P6719 2092 8 0 0 0 0 0 0 0 0 0 0 0 0 0 0 0 0 0 0 0 0 0 0 0 0 0 0 0 0 23 12 0
P6719 2092 9 0 0 0 0 0 0 0 0 0 0 0 0 0 0 0 0 0 0 0 15 14 31 0 0 0 0 0 0 0 0 -999
P6719 2092 10 0 0 8 14 0 0 0 0 0 4 10 0 0 0 7 6 11 18 58 5 0 0 0 0 0 0 0 0 0 0 0
P6719 2092 11 8 0 0 0 8 9 45 36 62 0 9 6 21 5 4 3 10 33 0 0 0 0 0 0 5 5 0 0 0 0 -999
P6719 2092 12 0 0 0 2 7 11 23 21 4 3 0 0 0 0 0 0 0 0 0 0 0 0 0 0 5 62 39 4 3 0 0
P6719 2093 1 0 0 11 11 76 6 25 80 84 25 16 17 19 4 13 4 0 0 0 0 0 0 13 7 0 0 0 11 3 5 12
P6719 2093 2 1 3 5 5 6 19 9 94 166 241 43 11 9 49 71 66 54 60 119 20 0 11 13 0 0 0 0 0 -999 -999 -999
P6719 2093 3 0 5 10 5 2 3 2 38 14 67 56 10 21 6 168 19 4 31 95 131 46 10 41 9 7 6 8 11 32 34 60
P6719 2093 4 8 0 0 0 0 5 6 19 5 10 11 14 0 0 0 0 0 13 5 0 0 0 15 2 0 0 0 0 8 0 -999
P6719 2093 5 0 0 5 8 7 10 5 7 47 86 25 0 10 0 0 0 0 0 0 0 0 0 0 0 0 0 0 0 0 0 0
P6719 2093 6 0 0 0 0 0 0 0 0 0 0 26 11 8 5 7 0 0 0 0 0 0 0 0 0 0 0 0 0 0 0 -999
P6719 2093 7 0 0 0 0 0 0 0 0 0 0 0 0 0 0 0 0 0 0 0 0 0 0 0 0 0 0 0 0 0 0 0
P6719 2093 8 0 0 0 0 0 0 0 0 0 0 0 0 0 0 0 0 0 0 0 0 0 0 0 0 0 0 0 14 0 0 0
P6719 2093 9 0 0 0 0 0 0 0 0 0 0 0 0 0 0 0 0 0 0 0 0 0 0 0 0 0 0 0 0 0 0 -999
P6719 2093 10 0 0 0 0 0 0 0 0 9 10 0 0 0 0 0 0 0 0 0 0 6 32 18 0 0 0 0 0 0 0 3
P6719 2093 11 3 6 12 43 17 10 12 33 61 27 108 63 87 0 0 3 5 16 32 5 0 0 19 80 14 32 11 9 3 4 -999
P6719 2093 12 6 43 92 18 6 2 10 8 6 4 14 11 0 0 0 0 0 0 0 0 0 0 3 0 6 20 8 75 93 15 11
P6719 2094 1 8 14 11 13 41 193 118 105 8 6 0 0 0 0 0 0 3 6 7 5 7 4 4 0 0 0 0 8 0 4 8
P6719 2094 2 8 0 0 12 23 3 10 2 0 0 0 0 0 11 11 5 3 0 5 8 13 4 6 25 7 16 141 56 -999 -999 -999
P6719 2094 3 12 58 39 40 82 207 55 107 114 57 19 10 10 6 8 7 6 0 0 0 0 2 0 0 0 0 0 0 0 0 0
P6719 2094 4 0 0 15 21 13 0 0 1 9 20 5 28 4 3 9 6 6 11 8 0 0 0 3 3 26 11 2 0 0 0 -999
P6719 2094 5 0 0 0 0 0 0 0 0 0 0 0 0 0 0 0 0 0 0 0 0 0 0 0 0 0 0 0 0 0 0 0
P6719 2094 6 0 0 0 0 0 0 22 17 12 0 0 0 20 0 0 0 0 0 0 0 0 0 0 0 0 0 0 0 0 0 -999
P6719 2094 7 0 0 0 0 0 0 0 0 0 0 0 0 0 0 0 0 0 0 0 0 0 0 0 0 0 0 0 0 0 0 0
P6719 2094 8 0 0 0 0 0 0 0 0 0 0 0 0 0 0 0 0 0 0 0 0 0 0 0 0 0 0 0 0 0 0 0
P6719 2094 9 0 0 0 0 0 0 0 0 0 0 0 0 0 0 0 0 0 0 0 0 0 38 16 0 0 0 0 0 0 21 -999
P6719 2094 10 48 67 52 42 15 8 0 0 0 0 0 0 0 0 0 0 0 0 0 0 26 0 0 0 0 0 6 8 8 4 14
P6719 2094 11 12 8 0 0 0 33 24 7 10 10 10 15 77 19 14 7 0 0 12 0 0 0 13 13 7 28 123 63 18 7 -999
P6719 2094 12 14 13 14 29 60 109 65 52 17 17 38 8 13 109 148 9 24 32 7 12 0 16 9 0 10 49 88 31 49 36 24
P6719 2095 1 56 3 30 3 10 9 3 2 6 31 77 27 7 32 24 10 75 83 115 64 144 119 42 78 78 67 73 35 2 49 40
P6719 2095 2 20 9 9 39 15 19 29 7 6 6 0 0 6 29 16 36 9 31 16 0 0 0 4 3 0 2 3 0 -999 -999 -999
P6719 2095 3 0 0 0 0 0 0 5 0 0 5 14 14 9 10 17 27 10 56 43 15 4 5 0 10 6 7 0 0 0 0 0
P6719 2095 4 17 5 3 3 0 64 47 34 22 23 8 11 0 0 0 0 0 0 0 0 0 0 0 0 0 0 0 0 0 0 -999
P6719 2095 5 3 2 0 0 0 0 0 0 0 0 24 0 0 0 0 0 0 0 0 0 0 0 0 0 0 0 0 0 0 0 0
P6719 2095 6 0 0 0 0 0 0 0 0 0 0 0 0 0 0 0 0 0 0 0 0 0 0 0 0 0 0 11 7 0 0 -999
P6719 2095 7 0 0 0 0 0 0 0 0 0 0 0 0 0 0 0 0 0 0 0 0 0 0 0 0 0 0 0 0 0 0 0
P6719 2095 8 0 0 0 0 0 0 0 0 0 0 0 0 0 0 0 0 0 0 0 0 0 0 0 0 0 0 0 0 0 0 0
P6719 2095 9 0 0 0 0 0 0 0 0 0 0 0 0 0 0 0 0 0 0 0 0 0 0 0 0 0 0 0 0 0 0 -999
P6719 2095 10 0 0 0 0 0 0 0 0 0 7 6 4 0 0 0 7 12 0 0 0 0 0 0 0 0 0 0 7 24 13 10
P6719 2095 11 9 12 11 7 3 0 9 102 70 32 162 82 20 22 6 15 5 4 10 8 0 0 0 5 7 7 9 25 16 16 -999
P6719 2095 12 6 0 3 0 0 9 2 0 4 0 0 0 0 0 0 1 3 8 4 1 0 0 0 0 0 3 4 0 0 0 0
P6719 2096 1 0 0 7 32 8 11 10 6 3 8 4 0 0 1 5 1 0 0 0 0 7 9 0 0 0 0 3 3 13 9 4
P6719 2096 2 0 0 2 4 3 0 1 6 6 5 4 7 1 4 6 8 6 11 3 2 0 0 18 19 7 6 13 15 -999 -999 -999
P6719 2096 3 14 15 39 24 9 12 5 4 2 0 0 2 3 3 2 0 0 0 0 0 0 0 0 0 0 6 3 5 6 10 7
P6719 2096 4 0 0 0 0 0 7 12 13 19 14 49 72 28 63 10 3 8 24 44 6 0 7 0 7 0 0 0 0 0 0 -999
P6719 2096 5 0 0 0 0 0 0 0 0 0 0 0 0 0 0 0 0 0 0 0 0 0 0 0 0 0 0 0 0 25 64 71
P6719 2096 6 38 9 62 67 17 0 0 15 6 0 0 4 0 0 0 0 0 0 0 0 0 9 0 0 0 0 0 0 0 0 -999
P6719 2096 7 0 0 0 0 0 0 0 0 0 0 0 0 0 0 0 0 0 0 0 0 0 0 0 0 0 0 0 0 0 0 0
P6719 2096 8 0 0 0 0 0 0 0 0 0 0 0 0 0 0 0 0 0 0 0 0 0 0 0 0 0 0 0 0 0 0 0
P6719 2096 9 5 0 0 0 0 0 0 0 0 0 0 0 0 0 0 0 0 0 0 0 0 0 0 0 0 0 0 0 0 0 -999
P6719 2096 10 0 0 0 0 0 0 0 0 14 52 32 12 5 0 0 14 44 107 41 59 15 6 10 9 10 0 0 8 6 52 18
P6719 2096 11 40 55 11 7 13 14 7 34 170 86 7 6 82 47 179 81 140 37 25 15 5 8 5 12 16 15 16 6 7 4 -999
P6719 2096 12 0 3 4 3 3 2 0 0 0 0 0 0 0 3 8 0 0 0 0 0 1 0 2 11 3 54 28 25 38 77 40
P6719 2097 1 9 7 14 11 9 3 52 75 8 18 12 25 20 24 44 105 13 11 87 26 5 0 2 11 2 15 3 19 18 26 7
P6719 2097 2 13 3 3 2 18 7 9 2 4 5 6 13 3 0 0 0 2 10 0 7 4 0 0 0 0 0 15 9 -999 -999 -999
P6719 2097 3 0 0 0 41 60 10 0 0 0 0 0 0 0 6 0 8 13 7 38 57 34 0 0 11 11 0 0 0 0 0 4
P6719 2097 4 31 0 0 0 0 0 0 0 0 3 0 0 0 0 0 0 8 5 13 8 11 19 27 24 17 32 28 9 10 4 -999
P6719 2097 5 0 0 0 0 0 19 15 0 0 0 0 0 0 0 0 0 0 0 0 0 0 0 0 0 0 0 0 0 0 0 0
P6719 2097 6 0 0 0 0 0 0 0 0 0 0 0 0 0 0 0 0 0 0 0 0 0 0 0 0 0 0 0 0 0 0 -999
P6719 2097 7 0 0 0 0 0 0 0 0 0 0 0 0 0 0 0 0 0 0 0 0 0 0 0 0 0 0 0 0 0 0 0
P6719 2097 8 0 0 0 0 0 0 0 0 0 0 0 0 0 0 0 0 0 0 0 0 0 0 0 0 0 0 0 0 0 0 0
P6719 2097 9 0 0 0 0 0 0 0 0 0 0 0 0 0 0 0 0 0 0 0 0 0 0 0 0 0 0 0 0 0 0 -999
P6719 2097 10 0 21 9 24 24 0 0 0 0 0 0 0 0 0 0 0 5 39 124 71 52 11 32 7 0 0 0 0 4 18 20
P6719 2097 11 9 11 4 17 4 0 0 8 18 39 43 15 145 31 24 7 11 0 8 16 28 40 16 6 0 0 0 0 0 0 -999
P6719 2097 12 0 2 32 70 38 27 31 13 0 0 0 0 0 59 52 39 5 6 3 3 11 9 4 4 7 7 53 5 0 0 0
P6719 2098 1 2 7 3 5 19 15 3 10 3 2 2 0 0 3 3 2 0 0 3 4 1 4 2 3 0 0 3 3 0 0 5
P6719 2098 2 9 13 28 15 114 11 128 89 30 28 30 33 13 8 13 18 4 5 13 46 6 0 0 4 5 25 7 4 -999 -999 -999
P6719 2098 3 4 6 0 5 0 1 2 0 0 0 0 0 0 0 0 0 4 19 27 24 18 3 0 0 0 0 0 0 0 0 0
P6719 2098 4 0 0 0 0 0 0 0 3 2 5 6 7 5 4 0 0 0 0 0 50 21 0 0 0 0 0 11 0 0 0 -999
P6719 2098 5 0 0 0 0 0 0 0 0 0 0 0 0 0 0 0 0 0 0 0 0 0 0 0 0 0 0 0 0 0 0 0
P6719 2098 6 0 0 0 0 0 0 0 0 0 0 0 0 0 34 16 6 0 0 0 0 13 9 16 8 0 0 0 0 0 0 -999
P6719 2098 7 0 0 0 0 0 0 0 0 0 0 0 0 0 0 0 0 0 0 0 0 0 0 0 0 0 0 0 0 0 0 0
P6719 2098 8 0 0 0 0 0 0 0 0 0 0 0 0 0 0 0 0 0 0 0 0 0 0 0 0 0 0 0 0 0 0 0
P6719 2098 9 0 0 0 0 0 0 0 0 0 0 0 0 0 0 0 0 0 33 56 58 0 0 0 0 9 5 20 0 0 0 -999
P6719 2098 10 0 0 0 6 5 0 0 0 0 0 0 0 0 0 10 0 9 5 3 22 39 54 27 3 5 2 7 20 5 87 42
P6719 2098 11 78 39 7 14 11 29 5 13 9 131 18 8 8 0 3 55 61 25 5 9 10 53 82 43 8 0 18 6 34 21 -999
P6719 2098 12 5 41 13 78 56 5 2 9 22 0 0 0 3 0 0 0 0 18 3 3 8 18 38 23 3 3 5 5 0 0 0
P6719 2099 1 0 0 3 0 0 0 0 0 0 0 2 1 0 1 2 9 4 0 0 0 0 0 0 0 5 0 0 4 3 2 2
P6719 2099 2 6 24 52 3 2 0 4 0 0 0 0 0 0 0 0 5 9 12 17 12 9 5 1 11 10 0 89 18 -999 -999 -999
P6719 2099 3 18 9 13 9 19 41 56 93 73 269 96 34 6 0 0 0 0 0 0 0 0 0 10 4 6 0 0 0 13 0 7
P6719 2099 4 7 12 3 6 10 2 0 0 0 0 5 8 23 75 6 8 0 0 0 0 0 5 5 5 4 3 0 0 0 0 -999
P6719 2099 5 0 0 0 0 9 0 6 4 0 0 0 0 0 4 0 0 0 0 0 0 0 0 0 0 0 0 0 0 0 0 0
P6719 2099 6 0 0 0 0 0 0 0 0 0 0 0 0 0 0 0 0 0 28 9 21 17 0 0 0 0 0 0 0 0 0 -999
P6719 2099 7 0 0 0 0 0 0 0 0 0 0 0 0 0 0 0 0 0 0 0 0 0 0 0 0 0 0 0 0 0 0 0
P6719 2099 8 0 0 0 0 0 0 0 0 0 0 0 0 0 0 0 0 0 0 0 0 0 0 0 0 0 0 0 0 90 5 0
P6719 2099 9 0 0 0 0 0 0 0 0 0 15 25 0 0 0 0 0 0 0 0 0 0 0 0 0 0 0 0 0 0 0 -999
P6719 2099 10 0 0 0 0 0 0 0 0 0 0 29 0 3 23 62 0 0 0 0 0 0 0 0 0 0 0 0 0 0 55 96
P6719 2099 11 31 18 9 0 11 12 11 17 23 41 68 141 39 5 72 76 106 135 39 43 27 6 0 0 0 0 0 0 0 15 -999
P6719 2099 12 5 13 14 22 35 18 5 8 13 0 0 0 38 3 0 0 4 8 14 19 30 43 22 3 5 11 13 23 24 49 99
P6719 2100 1 9 0 0 0 17 0 0 0 0 0 0 31 11 8 0 17 4 6 0 0 0 2 3 0 0 1 0 0 0 0 0
P6719 2100 2 0 0 31 5 0 9 0 0 0 0 2 0 0 1 1 0 0 0 3 1 0 0 0 0 0 0 0 0 -999 -999 -999
P6719 2100 3 0 0 0 0 32 27 4 9 5 30 0 0 8 16 0 0 0 0 21 0 0 0 0 5 0 0 0 9 0 0 11
P6719 2100 4 4 0 7 0 0 0 0 0 12 0 9 1 2 0 0 0 33 0 0 0 0 7 6 0 0 0 0 0 0 15 -999
P6719 2100 5 0 0 0 0 13 0 5 0 0 0 3 0 5 0 0 5 10 0 0 0 0 0 0 10 10 11 0 0 0 0 0
P6719 2100 6 0 1 0 0 7 0 0 0 0 0 0 0 0 0 0 0 0 0 0 0 0 0 6 0 0 0 33 0 7 0 -999
P6719 2100 7 15 0 0 0 0 0 0 0 0 0 0 0 0 0 0 0 0 0 4 5 2 0 0 0 0 0 0 0 0 0 0
P6719 2100 8 0 0 0 0 0 0 0 0 0 0 0 0 0 0 0 0 0 0 0 0 0 0 0 0 0 0 0 0 0 0 0
P6719 2100 9 0 0 7 0 4 15 0 0 0 0 0 0 0 0 0 0 3 3 0 2 0 0 0 0 0 0 0 3 2 0 -999
P6719 2100 10 11 0 5 10 22 22 0 4 11 14 5 7 0 0 6 11 0 23 30 0 5 12 13 25 8 0 0 24 58 33 16
P6719 2100 11 15 2 0 0 12 19 6 0 0 0 33 54 16 5 12 0 0 0 0 0 0 0 0 0 0 22 0 0 4 0 -999
P6719 2100 12 0 0 0 0 0 0 0 0 0 5 0 0 0 9 0 37 0 0 21 2 27 5 0 9 0 18 59 28 7 0 -999
