precip bcc-csm1-1 rcp60 RNEURONALES decimas 2
P5616 38.953 -2.721 941 geo 2006 2100 -1
P5616 2006 1 0 0 0 0 5 2 3 5 12 38 48 84 24 15 7 13 2 0 0 0 6 6 8 8 16 6 7 6 2 2 0
P5616 2006 2 3 0 5 11 38 48 47 33 43 98 70 90 86 37 12 34 23 3 0 0 31 21 56 18 23 9 0 14 -999 -999 -999
P5616 2006 3 0 0 25 0 0 16 16 0 18 46 41 43 24 33 19 6 43 2 0 0 0 0 0 0 0 0 0 0 11 11 0
P5616 2006 4 0 40 11 0 62 38 22 30 39 44 45 41 29 14 10 5 4 16 27 0 0 0 49 26 0 47 17 0 0 0 -999
P5616 2006 5 0 8 3 10 39 26 8 8 23 50 10 7 0 9 20 0 8 17 14 12 9 7 6 8 0 45 41 60 44 35 17
P5616 2006 6 16 8 19 31 45 57 25 9 0 0 0 0 0 0 0 0 0 0 0 0 0 0 0 0 0 0 0 0 0 0 -999
P5616 2006 7 0 0 0 0 0 0 0 0 0 0 0 0 0 0 0 0 0 0 0 0 0 0 0 0 0 0 0 0 0 0 0
P5616 2006 8 0 0 0 0 0 0 0 0 0 0 0 0 0 0 0 0 0 0 0 0 0 0 0 0 0 0 0 0 0 0 0
P5616 2006 9 0 0 0 0 0 0 0 0 0 7 7 0 0 21 32 33 47 17 0 0 0 0 0 0 0 0 0 0 0 0 -999
P5616 2006 10 21 9 31 17 0 0 0 0 0 0 0 0 0 0 0 0 0 0 0 0 0 0 0 0 0 0 0 0 0 0 0
P5616 2006 11 0 0 0 0 18 20 23 10 0 0 0 0 0 0 0 0 0 0 5 0 0 0 0 0 0 0 0 0 0 0 -999
P5616 2006 12 0 0 11 0 0 4 0 0 0 0 0 0 0 0 0 0 0 0 0 0 3 34 50 29 48 54 167 106 10 9 2
P5616 2007 1 0 0 0 0 0 0 0 0 0 3 5 28 2 0 0 0 3 23 22 5 14 5 8 16 16 12 32 22 34 19 7
P5616 2007 2 3 0 5 13 35 80 123 55 13 14 4 22 40 59 13 0 0 0 43 6 4 0 6 7 11 12 0 0 -999 -999 -999
P5616 2007 3 23 10 0 0 0 0 0 0 0 0 0 11 21 29 14 0 17 9 3 1 0 27 56 22 8 0 0 15 18 13 12
P5616 2007 4 0 22 14 12 26 20 28 5 0 0 0 0 0 10 0 55 7 10 39 14 14 43 68 48 46 32 16 6 18 6 -999
P5616 2007 5 7 4 7 54 24 7 9 20 4 3 10 18 28 18 12 12 15 10 3 4 3 0 0 0 0 0 0 0 0 0 0
P5616 2007 6 0 0 0 0 0 0 0 36 9 0 0 0 0 0 0 0 0 0 0 0 0 0 0 0 0 0 0 0 0 0 -999
P5616 2007 7 0 0 0 0 0 0 0 0 0 0 0 0 0 0 0 0 0 0 0 0 0 0 0 0 0 0 0 0 0 0 0
P5616 2007 8 0 0 0 0 0 0 0 0 0 0 0 0 0 0 0 0 0 0 0 0 0 0 0 64 10 0 11 7 0 0 0
P5616 2007 9 0 0 0 0 0 0 0 0 0 0 0 0 0 0 0 0 0 0 0 0 0 0 0 0 0 0 0 0 0 0 -999
P5616 2007 10 0 20 15 0 0 0 13 9 4 31 19 18 51 44 32 9 19 51 42 7 3 0 0 6 10 65 94 41 15 33 18
P5616 2007 11 0 0 0 0 0 0 0 0 0 27 15 2 0 0 6 0 0 6 4 50 21 34 89 39 42 24 10 10 34 11 -999
P5616 2007 12 3 0 0 0 0 0 0 7 39 45 34 18 13 12 10 51 103 65 37 70 66 19 29 11 5 4 9 12 16 8 0
P5616 2008 1 24 33 57 40 33 75 72 13 2 6 10 53 15 5 3 17 52 64 13 0 0 0 0 0 0 0 0 0 0 0 0
P5616 2008 2 0 0 0 0 0 0 0 0 2 0 0 0 0 0 1 0 0 0 7 27 11 18 17 15 7 0 0 0 -999 -999 -999
P5616 2008 3 0 4 4 0 0 0 0 3 2 0 0 1 10 36 29 21 13 17 3 15 12 0 21 15 12 60 25 4 4 25 14
P5616 2008 4 12 13 32 10 25 146 199 96 32 20 18 61 34 10 4 0 0 13 21 0 0 0 10 5 4 18 5 0 35 40 -999
P5616 2008 5 0 0 13 10 31 24 25 9 19 21 30 10 7 0 0 0 27 9 14 17 0 0 0 0 0 0 0 0 0 0 0
P5616 2008 6 0 0 0 0 0 0 0 0 0 0 0 0 0 0 0 0 0 0 0 0 0 0 0 0 0 0 36 16 0 0 -999
P5616 2008 7 0 12 0 0 30 31 29 7 0 0 0 0 0 0 0 0 0 0 0 0 0 0 0 0 0 0 0 0 0 0 0
P5616 2008 8 0 0 0 0 0 0 0 0 0 0 0 0 0 0 0 0 0 0 0 0 0 0 0 0 0 0 0 0 0 0 0
P5616 2008 9 0 0 0 0 0 0 0 0 0 0 0 0 0 0 0 0 0 0 0 0 0 0 0 0 0 0 0 0 0 0 -999
P5616 2008 10 5 14 21 13 11 9 0 0 0 35 26 11 14 32 34 28 17 6 0 12 15 25 26 22 6 5 0 4 12 7 4
P5616 2008 11 0 3 0 6 6 18 9 9 20 12 5 0 3 22 64 76 56 37 116 10 0 34 4 5 2 2 4 3 0 11 -999
P5616 2008 12 50 71 4 16 0 3 18 31 20 1 0 10 25 64 21 11 3 0 0 3 9 4 10 9 0 0 0 0 0 0 4
P5616 2009 1 2 0 0 0 9 22 17 12 6 23 38 10 18 15 24 19 4 23 20 11 12 15 32 26 16 10 0 3 10 23 8
P5616 2009 2 3 3 0 0 10 28 14 13 14 11 17 45 18 0 0 0 54 48 22 33 42 37 54 54 81 72 68 52 -999 -999 -999
P5616 2009 3 59 39 109 59 37 109 68 12 7 0 6 0 0 0 0 0 0 15 26 5 4 0 0 0 13 40 11 8 5 3 0
P5616 2009 4 0 0 0 0 0 0 13 0 0 0 20 7 12 27 3 0 0 0 0 34 23 0 0 0 0 0 15 0 0 0 -999
P5616 2009 5 0 0 0 0 0 0 0 0 0 0 0 0 0 0 0 0 0 0 0 0 0 0 0 0 0 0 0 0 0 0 0
P5616 2009 6 0 0 0 26 27 0 0 25 24 23 38 34 22 13 12 5 7 27 9 9 16 21 0 0 0 0 0 0 0 0 -999
P5616 2009 7 0 0 0 0 0 0 0 0 0 0 0 0 0 0 0 0 0 0 0 0 0 0 0 0 0 0 0 0 0 0 0
P5616 2009 8 0 0 0 0 0 0 0 0 0 0 0 0 0 0 0 0 0 0 0 0 0 0 0 0 0 0 0 0 0 0 0
P5616 2009 9 0 0 0 0 0 0 0 0 0 0 0 0 0 0 0 0 0 0 0 0 0 0 0 0 0 0 0 0 0 0 -999
P5616 2009 10 0 0 75 28 26 22 19 7 0 0 0 0 0 0 0 0 0 0 0 0 3 5 0 0 7 0 0 0 0 0 0
P5616 2009 11 0 0 0 0 0 0 0 10 21 27 34 32 10 0 3 0 0 0 0 0 0 5 2 0 0 0 0 0 0 0 -999
P5616 2009 12 0 4 5 2 6 5 17 13 0 35 39 5 5 0 34 54 22 11 0 0 0 0 0 6 14 57 43 61 63 12 46
P5616 2010 1 6 8 3 0 3 0 15 12 0 0 13 0 0 0 21 10 20 17 18 6 3 0 0 0 0 3 0 0 0 0 0
P5616 2010 2 0 0 0 0 0 0 0 0 0 6 5 4 4 1 0 3 3 0 0 0 9 13 0 0 0 0 0 4 -999 -999 -999
P5616 2010 3 3 0 0 0 4 10 35 38 60 37 10 0 0 0 0 0 0 4 9 19 44 24 33 20 13 16 13 5 1 0 3
P5616 2010 4 11 22 44 10 9 28 125 55 13 7 4 40 21 0 0 0 0 0 0 0 0 0 0 13 4 0 0 0 0 0 -999
P5616 2010 5 0 0 0 0 0 0 0 0 0 0 0 0 0 0 0 0 0 0 0 16 0 0 0 0 0 0 0 0 0 0 0
P5616 2010 6 45 0 0 0 0 0 0 0 0 0 0 0 0 34 33 16 0 0 0 0 0 0 0 0 0 0 0 0 0 0 -999
P5616 2010 7 0 0 0 0 0 0 0 0 0 0 0 0 0 0 0 0 0 0 0 0 0 0 0 0 0 0 0 0 0 0 0
P5616 2010 8 0 0 0 0 0 0 0 0 0 0 0 0 0 0 0 0 0 0 0 0 0 0 0 0 0 0 0 0 0 0 0
P5616 2010 9 0 0 0 0 0 0 0 0 0 0 0 0 0 0 0 0 0 0 0 0 0 0 0 0 0 0 0 0 0 0 -999
P5616 2010 10 0 0 0 0 0 0 0 0 0 0 0 0 0 0 0 0 0 0 0 0 0 0 0 0 0 0 24 0 0 0 0
P5616 2010 11 0 0 0 0 0 0 0 0 7 5 26 83 98 33 38 19 64 3 5 12 4 4 7 7 0 0 0 0 0 0 -999
P5616 2010 12 0 0 0 0 0 0 0 7 5 0 0 0 0 0 0 3 4 13 7 8 4 0 0 4 3 2 0 2 0 0 2
P5616 2011 1 0 0 0 0 1 1 0 0 0 0 0 11 0 0 0 0 13 21 21 23 24 11 0 0 4 11 5 7 0 10 10
P5616 2011 2 1 4 2 0 0 0 0 3 4 3 6 3 0 0 0 4 5 7 14 18 10 11 5 22 31 20 11 21 -999 -999 -999
P5616 2011 3 10 5 4 14 14 22 81 38 30 6 0 0 0 0 18 42 0 0 8 14 5 5 8 19 11 2 16 24 23 7 24
P5616 2011 4 68 6 13 23 18 0 0 0 0 38 28 13 5 0 0 0 0 0 0 0 0 0 0 0 7 18 4 0 0 0 -999
P5616 2011 5 0 0 0 0 0 0 0 0 0 0 0 0 0 14 0 0 0 0 0 0 0 0 0 0 0 0 10 0 0 0 0
P5616 2011 6 0 0 0 0 0 0 0 0 0 0 0 0 0 0 0 0 0 0 0 0 0 0 0 0 0 11 0 0 0 0 -999
P5616 2011 7 0 0 0 0 0 0 0 0 0 0 0 0 0 0 0 0 0 0 0 0 0 0 0 0 0 0 0 0 0 0 0
P5616 2011 8 0 0 0 0 0 0 0 0 0 0 0 0 0 0 0 0 0 0 0 0 0 0 0 0 0 0 0 0 0 0 0
P5616 2011 9 0 0 0 0 0 0 0 0 0 0 0 0 0 0 0 0 0 6 0 0 0 0 0 0 0 0 0 0 0 0 -999
P5616 2011 10 0 0 0 0 0 0 12 18 0 0 0 0 4 0 0 0 0 0 17 32 6 29 11 5 11 0 0 0 20 63 48
P5616 2011 11 31 53 67 32 6 19 9 28 0 0 21 53 12 7 8 0 0 0 0 0 24 32 70 35 0 14 38 39 54 12 -999
P5616 2011 12 36 14 0 0 0 0 0 0 0 0 2 0 4 4 42 32 9 29 0 0 0 1 0 2 15 50 60 77 13 12 7
P5616 2012 1 7 10 29 22 57 26 0 0 0 4 3 14 6 13 7 5 9 56 37 26 12 21 3 8 0 3 4 3 0 0 0
P5616 2012 2 0 2 0 9 0 0 0 0 0 3 11 29 15 11 15 11 91 9 36 0 7 3 11 16 18 0 6 0 -999 -999 -999
P5616 2012 3 4 0 0 0 0 0 0 0 0 0 0 0 9 10 7 3 3 0 8 8 3 0 5 4 4 6 22 2 0 0 0
P5616 2012 4 0 0 0 0 0 0 0 0 0 0 0 0 0 0 0 0 0 0 0 0 0 0 0 0 0 0 0 0 0 0 -999
P5616 2012 5 0 0 0 0 0 0 0 0 0 95 109 0 62 34 17 0 0 0 0 0 0 20 15 101 21 16 17 17 40 28 4
P5616 2012 6 0 0 0 0 15 11 0 0 0 0 0 0 0 0 0 0 0 0 0 0 0 0 0 0 0 0 0 0 0 0 -999
P5616 2012 7 0 0 0 0 0 0 0 0 0 0 0 0 0 0 0 0 0 0 0 0 0 0 0 0 0 0 0 0 0 0 0
P5616 2012 8 0 0 0 0 0 0 0 0 0 0 0 0 0 0 0 0 0 0 0 0 0 0 0 0 0 0 0 0 0 0 0
P5616 2012 9 0 0 0 0 0 0 0 0 0 0 0 0 0 0 0 0 0 0 0 0 0 0 0 0 0 0 0 0 0 0 -999
P5616 2012 10 0 0 0 0 0 0 0 0 0 44 55 40 34 0 0 0 0 0 0 0 60 62 54 10 21 28 0 4 5 73 63
P5616 2012 11 6 0 0 0 13 38 7 0 0 13 9 0 57 8 0 0 0 0 0 0 0 0 0 0 0 0 3 0 0 4 -999
P5616 2012 12 28 10 0 5 13 5 0 0 0 0 0 0 0 0 0 3 4 13 5 49 7 11 20 11 2 2 0 0 0 0 0
P5616 2013 1 0 0 0 0 0 0 3 0 0 0 0 0 12 7 4 2 0 0 1 3 16 22 19 53 15 22 3 0 0 7 6
P5616 2013 2 1 8 8 20 11 55 49 43 19 2 4 3 3 8 6 8 36 4 15 6 0 19 32 18 26 41 40 33 -999 -999 -999
P5616 2013 3 22 11 7 0 0 0 0 0 0 0 5 12 22 57 52 23 22 34 0 0 0 0 0 0 0 0 0 0 0 0 0
P5616 2013 4 0 16 24 25 30 81 30 8 10 9 0 0 0 0 105 67 24 11 14 33 340 399 111 18 0 2 0 0 0 0 -999
P5616 2013 5 0 6 0 0 0 0 0 0 0 0 9 0 0 0 0 0 0 0 26 31 15 13 8 11 8 10 0 0 0 0 0
P5616 2013 6 0 0 0 0 0 0 0 0 0 0 0 0 0 0 0 0 0 0 0 0 0 0 0 0 0 0 0 0 0 0 -999
P5616 2013 7 0 0 0 0 0 0 0 0 0 0 0 0 0 0 0 0 0 0 0 0 0 0 0 0 0 0 0 0 0 0 0
P5616 2013 8 0 0 0 0 0 0 0 0 0 0 0 0 0 0 0 0 0 0 0 0 0 0 0 0 0 0 0 0 0 0 0
P5616 2013 9 0 0 0 0 0 0 0 0 0 0 0 0 0 0 0 0 0 0 0 0 0 0 0 0 0 0 0 0 0 0 -999
P5616 2013 10 0 0 0 0 0 0 33 0 22 23 75 7 18 56 40 43 20 30 5 0 3 0 35 12 0 0 0 0 0 0 0
P5616 2013 11 0 0 0 0 0 0 0 0 0 0 0 0 14 6 36 8 17 21 0 0 0 0 0 5 20 18 27 27 14 0 -999
P5616 2013 12 45 14 21 44 16 17 5 0 1 0 6 3 0 0 0 22 32 26 6 0 0 0 10 0 0 0 0 2 3 5 33
P5616 2014 1 53 85 32 2 0 0 5 7 22 8 19 14 20 7 0 0 0 9 0 9 26 6 18 27 74 73 30 55 54 103 28
P5616 2014 2 20 28 10 23 27 12 11 10 9 10 0 0 0 0 0 0 0 5 9 8 6 5 0 0 0 0 0 0 -999 -999 -999
P5616 2014 3 0 0 0 0 0 0 0 0 0 0 5 0 0 0 39 11 5 0 0 5 18 51 47 21 28 20 5 0 0 7 19
P5616 2014 4 14 0 8 0 0 0 0 8 20 52 61 5 4 0 0 0 0 0 0 0 0 0 0 0 0 0 0 23 20 22 -999
P5616 2014 5 9 19 0 0 0 7 11 20 6 0 7 22 22 7 17 6 12 44 16 0 0 0 0 0 0 0 0 0 0 37 39
P5616 2014 6 37 15 3 0 13 0 0 0 0 0 0 0 0 0 0 0 0 0 0 0 0 0 0 0 0 0 0 0 0 0 -999
P5616 2014 7 0 0 0 0 0 0 0 0 0 0 0 0 0 0 0 0 0 0 0 0 0 0 0 0 0 0 0 0 0 0 0
P5616 2014 8 0 0 0 0 0 0 0 0 0 0 0 0 0 0 0 0 0 0 0 0 0 0 0 0 0 0 0 0 0 0 0
P5616 2014 9 0 0 0 0 0 0 0 0 0 0 0 0 0 0 0 0 0 0 0 0 0 0 0 0 0 0 0 0 0 0 -999
P5616 2014 10 0 0 0 0 0 0 0 0 0 0 0 0 0 0 0 0 0 0 0 0 7 14 18 9 0 15 10 0 0 0 0
P5616 2014 11 0 23 10 0 0 38 10 3 0 0 0 24 11 0 0 0 0 25 32 46 70 2 0 0 11 31 18 11 7 26 -999
P5616 2014 12 4 0 0 0 0 0 0 0 0 6 6 4 7 7 20 20 40 37 10 30 69 43 51 59 12 16 33 1 0 0 0
P5616 2015 1 0 0 0 0 0 0 0 0 0 0 0 0 0 0 0 2 0 3 2 3 0 6 3 3 53 55 19 15 5 59 14
P5616 2015 2 1 18 0 2 2 0 0 2 28 24 15 30 40 41 34 52 50 70 42 18 27 32 34 3 0 0 0 11 -999 -999 -999
P5616 2015 3 0 0 0 0 37 13 0 0 0 0 3 13 20 9 9 18 22 19 32 27 16 28 19 10 0 0 0 0 0 0 16
P5616 2015 4 13 0 0 0 0 21 5 0 5 17 41 41 32 40 43 72 13 3 30 36 19 37 15 55 41 0 0 0 0 0 -999
P5616 2015 5 20 4 4 9 11 9 0 0 0 0 0 0 0 0 0 0 0 0 0 0 0 0 0 0 0 0 0 0 0 0 0
P5616 2015 6 0 0 0 0 128 31 0 0 0 0 0 0 0 0 0 0 0 0 0 0 0 0 0 0 0 0 0 0 0 0 -999
P5616 2015 7 0 0 0 0 0 0 0 0 0 0 0 0 0 0 0 0 0 0 0 0 0 0 0 0 0 0 0 0 0 0 0
P5616 2015 8 0 0 0 0 0 0 0 0 0 0 0 0 0 0 0 0 0 0 0 0 0 0 0 0 0 0 0 0 0 0 0
P5616 2015 9 0 0 0 0 0 0 0 0 0 0 0 0 0 0 0 0 30 81 16 0 0 0 0 0 11 12 0 0 0 0 -999
P5616 2015 10 0 0 0 0 0 0 0 0 14 41 27 45 11 0 0 12 15 76 100 24 17 0 13 0 0 6 2 0 5 0 0
P5616 2015 11 0 0 0 0 7 0 0 0 0 0 0 3 0 17 5 0 0 0 0 0 0 0 0 0 0 0 0 0 10 0 -999
P5616 2015 12 0 0 0 0 0 0 0 0 0 0 0 11 9 29 7 0 0 0 20 18 12 47 6 7 50 18 28 83 34 68 14
P5616 2016 1 26 2 5 8 8 36 68 42 30 5 52 42 33 22 32 24 4 3 0 28 9 0 0 0 3 4 0 0 0 18 12
P5616 2016 2 11 12 7 0 0 12 3 3 4 0 3 7 13 6 0 0 0 0 0 0 0 0 0 0 0 0 0 0 -999 -999 -999
P5616 2016 3 0 0 0 0 0 0 0 0 9 0 0 0 0 0 0 0 0 21 6 0 0 0 0 0 2 0 0 0 0 17 9
P5616 2016 4 2 0 12 55 41 16 11 17 23 7 6 17 44 8 0 0 49 66 43 11 9 8 41 21 0 0 25 39 6 24 -999
P5616 2016 5 32 19 12 9 10 0 9 0 0 0 0 0 0 0 0 0 0 0 0 0 0 0 0 0 9 0 0 0 0 0 0
P5616 2016 6 0 0 0 0 0 11 0 0 0 0 0 0 0 0 0 0 0 0 0 0 0 0 0 0 0 0 11 45 0 0 -999
P5616 2016 7 0 0 0 0 0 0 0 0 0 0 0 0 0 0 0 0 0 0 0 0 0 0 0 0 0 0 0 0 0 0 0
P5616 2016 8 0 0 0 0 0 0 0 0 0 0 0 0 0 0 0 0 0 0 0 0 0 0 0 0 0 0 0 0 0 0 0
P5616 2016 9 0 0 0 0 0 0 0 0 0 0 0 0 0 0 0 0 0 0 0 0 0 0 0 0 0 0 0 0 0 0 -999
P5616 2016 10 0 0 0 0 0 0 0 0 0 0 0 0 0 0 0 20 7 8 10 10 24 10 12 49 78 53 22 105 10 0 6
P5616 2016 11 0 0 0 49 48 8 62 25 13 9 41 74 107 73 4 43 5 0 0 22 6 0 24 85 121 43 27 15 12 4 -999
P5616 2016 12 0 0 0 0 0 0 0 0 0 0 0 0 3 2 6 0 0 0 1 0 2 0 0 0 0 0 0 0 17 16 16
P5616 2017 1 0 5 34 8 8 4 12 31 16 43 10 3 2 0 6 2 0 0 0 0 4 3 0 0 10 13 33 43 7 0 0
P5616 2017 2 0 7 5 13 16 0 0 7 9 37 22 14 0 23 64 28 9 8 35 92 46 42 11 9 12 16 43 38 -999 -999 -999
P5616 2017 3 24 24 25 28 50 36 9 8 30 32 30 29 23 13 13 15 25 34 37 18 12 71 35 22 17 17 19 21 54 40 49
P5616 2017 4 42 49 28 10 6 7 69 69 9 21 62 44 14 9 43 9 7 12 4 16 16 20 7 6 9 38 13 4 13 4 -999
P5616 2017 5 5 19 7 13 12 13 41 10 3 11 0 0 0 24 9 0 0 0 0 0 0 12 30 43 10 0 0 0 0 0 0
P5616 2017 6 0 0 0 0 0 0 0 21 10 0 0 0 0 0 13 0 0 0 0 0 0 0 0 0 0 0 0 0 0 0 -999
P5616 2017 7 0 0 0 0 0 0 0 0 0 0 0 0 0 0 0 0 0 0 0 0 0 0 0 0 0 0 0 0 0 0 0
P5616 2017 8 0 0 0 0 0 0 0 0 0 0 8 0 0 0 0 0 0 0 0 0 0 0 0 0 0 0 0 0 0 0 0
P5616 2017 9 0 0 0 0 0 0 38 0 0 0 0 0 0 0 0 0 0 0 0 0 0 0 0 0 0 7 0 10 21 39 -999
P5616 2017 10 0 16 8 0 0 21 19 10 13 0 0 0 0 0 0 0 0 0 0 0 4 0 52 21 16 29 18 0 0 0 0
P5616 2017 11 14 11 0 0 24 5 5 14 11 22 36 0 0 0 6 0 8 13 7 0 3 3 6 25 45 7 0 0 0 2 -999
P5616 2017 12 0 3 0 0 0 0 0 2 0 0 7 14 31 40 11 24 23 17 4 19 38 41 13 3 4 4 14 29 109 70 35
P5616 2018 1 0 0 0 0 0 0 0 0 0 0 0 0 0 0 1 0 6 0 0 0 0 0 13 18 32 33 14 11 0 17 23
P5616 2018 2 16 40 38 19 28 33 14 32 5 3 6 22 33 29 7 0 0 0 4 0 0 9 13 9 3 3 7 8 -999 -999 -999
P5616 2018 3 6 0 0 23 16 15 12 6 0 0 35 45 23 6 0 0 0 0 4 16 30 33 26 71 26 66 28 45 20 88 14
P5616 2018 4 34 71 19 20 17 16 0 0 0 0 14 53 67 35 10 45 21 11 5 0 0 0 0 0 33 18 33 55 106 69 -999
P5616 2018 5 51 35 35 51 5 0 0 0 0 0 0 0 0 0 0 27 33 28 48 34 15 0 0 0 0 0 0 0 0 0 0
P5616 2018 6 0 0 0 0 0 0 16 0 0 0 0 0 0 0 0 0 0 0 0 0 0 0 0 0 0 0 0 0 0 0 -999
P5616 2018 7 0 0 0 0 0 0 0 0 0 0 0 0 0 0 0 0 0 0 0 0 0 0 0 0 0 0 0 0 0 0 0
P5616 2018 8 0 0 0 0 0 0 0 0 0 0 0 0 0 0 0 0 0 0 0 0 0 0 0 0 0 0 0 0 0 0 0
P5616 2018 9 0 0 0 0 0 0 0 0 0 0 0 0 0 0 0 0 0 0 0 0 0 36 26 0 0 0 0 0 0 0 -999
P5616 2018 10 0 0 0 0 0 0 0 0 0 0 0 0 0 0 0 0 0 0 0 12 20 19 0 171 41 33 14 6 0 8 24
P5616 2018 11 15 11 15 10 14 0 0 0 0 18 10 0 0 0 0 0 10 0 3 0 0 37 11 14 19 53 65 67 19 5 -999
P5616 2018 12 0 7 0 0 0 0 0 0 0 4 3 0 0 2 0 0 0 0 0 0 0 2 8 27 9 51 36 4 2 0 0
P5616 2019 1 0 0 2 11 7 26 25 18 12 5 12 3 19 9 19 8 0 0 0 4 0 0 0 4 3 3 0 0 0 0 6
P5616 2019 2 0 0 13 11 2 4 5 0 3 7 14 10 10 6 52 31 14 0 0 0 0 0 15 76 37 12 11 25 -999 -999 -999
P5616 2019 3 38 38 33 53 23 52 10 21 42 59 33 21 12 0 0 0 0 0 0 0 0 6 8 19 14 16 31 20 13 25 7
P5616 2019 4 0 6 0 0 0 0 0 0 0 0 0 10 4 0 0 0 0 0 0 0 0 0 0 0 0 0 28 50 9 5 -999
P5616 2019 5 6 0 0 0 0 0 0 0 29 15 0 12 46 10 0 5 0 0 0 0 0 0 0 0 0 0 0 0 0 0 9
P5616 2019 6 0 0 0 0 0 0 0 0 0 0 0 0 0 0 0 0 0 0 0 0 0 0 0 0 0 0 10 0 0 0 -999
P5616 2019 7 0 0 15 4 0 0 0 0 0 0 0 0 0 0 0 0 0 0 0 0 0 0 0 0 0 0 0 0 0 0 0
P5616 2019 8 0 0 0 0 0 0 0 0 0 0 0 0 0 0 0 0 0 0 0 0 0 0 0 0 0 0 0 0 0 0 0
P5616 2019 9 0 0 0 0 0 0 0 0 0 0 0 17 16 0 0 0 0 0 0 0 0 0 0 0 0 0 0 0 0 0 -999
P5616 2019 10 0 0 27 44 32 20 19 0 0 13 0 0 0 0 0 0 0 0 0 0 0 0 0 8 0 0 0 0 0 0 0
P5616 2019 11 5 18 0 12 44 53 17 6 0 0 0 0 0 25 12 4 0 0 0 0 0 0 0 0 3 22 8 18 15 14 -999
P5616 2019 12 3 0 0 0 12 0 0 0 0 0 0 0 3 4 41 16 12 40 30 40 129 31 43 93 77 15 7 2 0 2 0
P5616 2020 1 0 16 46 65 25 36 41 7 0 0 13 16 0 0 0 0 0 0 0 0 0 2 7 4 0 0 0 2 2 8 18
P5616 2020 2 14 28 44 97 10 3 17 3 2 0 0 0 0 8 14 26 31 48 84 22 19 23 42 27 10 0 0 0 -999 -999 -999
P5616 2020 3 0 0 0 0 0 0 0 0 0 0 0 0 9 12 14 37 34 23 5 6 6 19 67 106 103 27 59 5 17 6 9
P5616 2020 4 5 0 0 0 0 0 0 31 35 34 21 17 21 10 4 0 0 0 0 0 12 41 29 39 40 27 6 0 16 22 -999
P5616 2020 5 0 274 31 16 15 5 0 0 0 0 0 9 0 0 0 0 0 0 0 0 0 15 18 13 6 12 56 80 33 19 11
P5616 2020 6 2 0 0 0 0 0 36 30 16 0 0 0 0 0 0 0 0 0 0 0 0 0 0 0 0 0 0 0 0 0 -999
P5616 2020 7 0 0 0 0 0 0 0 0 0 0 0 0 0 0 0 0 0 0 0 0 0 0 0 0 0 0 0 0 0 0 0
P5616 2020 8 0 0 0 0 0 0 0 0 0 0 0 0 0 0 0 0 0 0 0 0 0 0 0 0 0 0 0 0 0 0 0
P5616 2020 9 0 0 0 0 0 0 0 0 0 0 0 0 0 0 23 19 0 0 25 17 0 0 0 0 0 0 0 0 0 0 -999
P5616 2020 10 0 0 0 26 0 0 0 0 0 0 8 0 0 0 0 0 0 0 0 0 0 0 37 33 16 37 87 64 26 5 0
P5616 2020 11 24 9 14 64 39 0 0 0 0 0 0 0 8 4 0 4 17 25 43 104 69 20 8 0 0 0 0 0 0 8 -999
P5616 2020 12 0 0 8 0 7 6 4 0 7 18 14 5 19 3 0 0 0 33 7 27 66 115 103 19 3 8 0 0 0 0 6
P5616 2021 1 2 4 6 2 5 2 3 0 0 0 9 8 12 20 5 4 18 8 7 6 11 12 47 70 77 95 131 51 52 74 80
P5616 2021 2 20 59 48 60 89 36 20 47 2 13 17 16 30 11 11 16 15 3 2 0 0 0 0 12 8 13 29 36 -999 -999 -999
P5616 2021 3 16 22 37 13 39 93 49 107 0 11 7 7 106 14 92 33 45 66 73 34 32 4 22 45 4 0 7 9 13 10 12
P5616 2021 4 17 39 18 24 7 0 0 0 17 57 20 0 0 0 4 13 27 22 17 13 0 0 16 33 98 116 51 12 0 16 -999
P5616 2021 5 3 0 0 4 0 11 18 10 12 13 14 6 9 0 0 0 0 0 0 0 0 0 0 0 0 0 0 13 17 31 15
P5616 2021 6 25 37 10 5 3 2 8 31 8 11 21 16 20 11 17 0 0 0 0 0 0 0 0 0 0 0 0 0 0 0 -999
P5616 2021 7 0 0 0 0 0 0 0 0 0 0 0 0 0 0 0 0 0 0 0 0 0 0 0 0 0 0 0 0 0 0 0
P5616 2021 8 0 0 0 0 0 0 0 29 25 0 0 0 0 0 0 0 0 0 0 0 0 0 0 0 0 0 0 0 0 0 0
P5616 2021 9 0 0 0 0 0 0 0 0 0 0 0 0 0 18 49 7 0 0 0 0 0 0 0 0 22 26 0 0 0 25 -999
P5616 2021 10 17 14 29 9 0 0 33 51 14 0 0 0 20 15 23 8 0 0 0 23 43 6 0 0 16 43 8 0 0 0 18
P5616 2021 11 35 7 11 10 21 0 0 26 10 2 0 0 0 0 0 0 0 0 12 13 18 0 9 7 0 0 0 0 0 9 -999
P5616 2021 12 0 0 0 0 0 0 0 4 0 0 0 0 11 20 39 33 84 83 88 30 89 12 49 32 65 14 43 59 34 22 6
P5616 2022 1 2 0 0 0 0 0 0 0 0 0 0 6 10 8 5 2 0 0 0 0 10 2 0 0 0 0 0 0 0 0 0
P5616 2022 2 0 3 2 2 3 0 0 0 7 20 5 2 0 0 16 16 0 2 0 0 20 13 9 19 7 12 18 89 -999 -999 -999
P5616 2022 3 24 20 5 37 44 63 0 3 0 11 0 0 0 0 3 0 0 0 0 8 14 7 0 16 0 0 3 0 0 2 3
P5616 2022 4 9 12 74 32 14 38 25 18 14 0 0 29 35 37 0 0 0 0 0 0 92 40 24 18 3 4 3 0 0 0 -999
P5616 2022 5 0 0 0 0 0 0 0 0 0 0 0 0 0 0 0 0 0 0 0 0 0 0 0 0 0 0 0 0 0 0 0
P5616 2022 6 0 0 0 0 0 0 0 0 0 0 0 0 0 0 0 0 0 0 0 0 0 0 0 0 0 0 0 0 0 0 -999
P5616 2022 7 0 0 0 0 0 0 0 0 0 0 0 0 0 0 0 0 0 0 0 0 0 0 0 0 0 0 0 0 0 0 0
P5616 2022 8 0 0 0 0 0 0 0 0 0 0 0 0 0 0 0 0 0 0 0 0 0 0 0 0 0 0 0 0 0 0 0
P5616 2022 9 0 0 0 0 0 0 0 0 0 0 0 0 0 0 0 0 0 0 0 0 0 11 27 48 20 0 0 0 0 0 -999
P5616 2022 10 0 0 0 0 22 0 0 0 0 0 0 0 7 5 9 0 0 0 0 36 28 0 0 0 0 0 11 16 0 0 0
P5616 2022 11 0 0 0 18 2 0 0 0 0 0 0 7 32 30 30 24 34 20 21 29 76 81 108 97 4 0 0 0 0 0 -999
P5616 2022 12 11 2 4 6 3 65 36 61 19 3 4 3 0 0 0 0 19 13 13 28 31 29 54 80 50 108 68 83 56 3 4
P5616 2023 1 5 8 23 40 103 45 29 24 32 4 22 17 25 38 8 5 0 16 23 8 6 5 7 5 4 0 0 0 0 0 0
P5616 2023 2 0 0 6 7 0 5 4 0 0 0 0 10 4 6 34 58 42 59 4 41 14 0 0 4 0 2 4 3 -999 -999 -999
P5616 2023 3 3 0 21 2 3 2 0 0 0 0 0 0 0 0 60 23 88 78 16 19 30 23 12 4 0 12 0 7 0 35 0
P5616 2023 4 0 0 0 0 0 0 14 30 26 0 24 5 0 10 21 37 26 28 0 0 6 22 4 3 6 4 0 0 0 0 -999
P5616 2023 5 0 186 87 70 42 29 52 30 90 22 3 0 21 18 0 0 0 16 0 0 27 17 7 6 0 0 0 0 0 0 0
P5616 2023 6 0 0 0 0 0 0 0 0 0 0 0 15 0 8 49 16 9 6 0 0 0 0 0 0 0 0 0 0 0 0 -999
P5616 2023 7 0 0 0 0 0 0 0 0 0 0 0 0 0 0 0 0 0 68 97 0 0 0 0 0 0 0 0 0 0 0 0
P5616 2023 8 0 0 0 0 0 0 0 0 0 0 0 0 0 0 0 0 0 0 0 0 0 0 0 0 0 0 0 0 0 0 0
P5616 2023 9 0 0 0 0 0 0 0 0 0 0 0 0 0 0 0 0 18 0 0 0 0 0 0 0 0 0 0 0 0 18 -999
P5616 2023 10 51 68 24 0 0 0 0 0 12 11 0 0 0 19 12 4 6 34 39 18 5 0 0 7 0 0 11 13 10 5 4
P5616 2023 11 10 0 0 0 0 0 0 0 23 33 42 39 16 0 0 0 0 0 0 0 4 0 0 0 0 0 4 4 0 0 -999
P5616 2023 12 0 11 24 31 0 0 0 0 0 0 0 0 0 0 4 3 10 42 17 88 26 61 9 44 3 0 0 0 0 0 4
P5616 2024 1 7 3 0 0 0 0 0 0 0 0 0 0 0 0 0 0 4 11 32 83 45 49 50 28 12 22 31 41 3 11 4
P5616 2024 2 4 9 0 18 11 0 0 22 29 43 24 56 25 4 0 0 0 0 0 0 0 0 6 0 0 0 0 0 -999 -999 -999
P5616 2024 3 0 0 0 0 0 10 15 0 0 0 25 36 11 81 17 3 9 17 20 21 8 3 0 0 0 0 5 5 5 14 17
P5616 2024 4 8 9 7 6 35 37 44 42 27 32 51 0 0 0 0 0 0 0 0 0 30 74 17 0 0 0 0 0 0 14 -999
P5616 2024 5 17 20 23 13 28 19 14 21 14 0 0 10 13 11 12 5 0 10 0 0 0 0 0 0 13 0 18 26 18 0 0
P5616 2024 6 0 0 0 0 0 0 0 0 0 0 0 0 0 0 0 0 0 0 0 0 0 0 0 0 0 0 0 0 0 0 -999
P5616 2024 7 0 0 0 0 0 0 0 0 0 0 0 0 0 0 0 0 0 0 0 0 0 0 0 0 0 0 0 0 0 0 0
P5616 2024 8 0 0 0 0 0 0 0 0 0 0 0 0 0 0 0 0 0 0 0 0 0 0 0 0 0 0 0 0 0 0 0
P5616 2024 9 0 0 0 0 0 0 0 0 0 0 0 0 0 0 0 0 0 48 27 28 77 39 43 15 0 0 10 12 20 0 -999
P5616 2024 10 12 45 91 7 68 57 29 0 0 0 0 0 0 0 0 0 0 6 0 0 0 0 0 0 0 0 0 0 10 39 42
P5616 2024 11 17 35 59 29 51 52 6 0 0 0 22 35 34 28 32 28 2 1 0 0 0 0 0 0 0 0 0 11 42 50 -999
P5616 2024 12 31 30 29 4 4 5 7 5 22 67 83 32 53 13 0 0 0 12 14 0 12 8 23 9 7 6 6 7 0 0 7
P5616 2025 1 3 0 4 43 67 46 17 22 5 8 4 0 4 10 2 4 3 18 6 1 3 0 2 0 0 0 3 24 18 51 14
P5616 2025 2 25 10 13 7 15 25 30 84 41 12 34 122 14 0 0 18 0 0 0 0 0 0 4 0 3 0 0 0 -999 -999 -999
P5616 2025 3 0 24 16 7 0 0 0 33 35 4 3 0 0 0 0 0 0 0 0 0 0 0 0 0 0 0 0 9 0 0 0
P5616 2025 4 0 0 0 0 10 0 0 0 0 0 0 30 0 0 0 0 0 14 0 0 0 0 0 0 0 0 0 0 7 0 -999
P5616 2025 5 0 0 15 12 4 6 0 0 0 0 0 0 0 21 15 5 0 0 0 0 0 39 16 15 10 7 7 15 49 0 0
P5616 2025 6 0 0 0 0 0 0 0 0 0 0 0 0 0 0 0 0 0 0 0 0 0 0 0 0 0 0 0 0 0 0 -999
P5616 2025 7 0 0 0 0 0 0 0 0 0 0 0 0 0 0 0 0 0 0 0 0 0 0 0 0 0 0 0 0 0 0 0
P5616 2025 8 0 0 15 0 0 0 0 0 0 0 0 0 0 0 0 0 0 0 0 0 0 0 0 0 0 0 0 0 0 0 0
P5616 2025 9 0 0 0 0 0 0 0 0 0 0 0 0 0 0 0 0 0 12 0 0 0 0 0 0 0 0 0 0 4 0 -999
P5616 2025 10 0 0 0 0 0 0 0 0 0 0 0 0 0 0 0 0 45 79 55 34 88 70 35 2 0 0 0 2 10 39 68
P5616 2025 11 90 34 9 37 61 19 23 8 45 70 41 0 0 53 69 15 10 0 0 0 0 0 0 0 0 0 0 0 0 0 -999
P5616 2025 12 0 0 0 0 0 0 7 3 6 2 26 22 15 7 9 40 0 30 15 4 9 51 33 45 27 20 12 28 12 18 25
P5616 2026 1 46 7 0 0 0 0 0 0 0 0 0 0 0 0 0 0 7 8 34 17 23 15 6 2 0 0 0 0 0 0 0
P5616 2026 2 0 0 0 0 0 0 0 0 0 0 0 0 4 4 5 26 11 2 1 0 0 1 1 0 6 2 0 4 -999 -999 -999
P5616 2026 3 4 0 5 13 14 26 36 8 2 3 0 0 0 34 0 0 0 0 0 0 0 0 101 89 65 40 26 28 42 23 14
P5616 2026 4 7 20 13 12 8 14 21 2 9 7 16 4 4 0 0 0 0 0 0 0 0 0 0 0 0 0 0 0 15 41 -999
P5616 2026 5 12 6 0 0 0 0 0 0 0 9 9 7 8 6 0 0 0 0 0 0 0 0 0 0 0 0 0 0 0 0 0
P5616 2026 6 0 0 0 0 0 0 0 0 0 0 0 0 0 0 0 0 0 0 0 0 0 0 0 0 0 0 0 0 0 0 -999
P5616 2026 7 0 0 0 0 0 0 0 0 0 0 0 0 0 0 0 0 0 0 0 0 0 0 0 0 0 0 0 0 0 0 0
P5616 2026 8 0 0 0 0 0 0 0 0 0 0 0 0 0 0 0 0 0 0 0 0 0 0 0 0 0 0 0 0 0 0 0
P5616 2026 9 0 0 10 7 0 0 0 0 0 0 0 0 0 0 0 0 0 0 0 0 46 9 0 0 0 0 0 0 0 0 -999
P5616 2026 10 0 0 0 0 17 0 0 0 0 0 0 0 0 0 0 0 0 0 0 11 13 0 0 0 0 0 0 18 25 39 69
P5616 2026 11 53 31 14 21 85 54 6 49 85 31 24 36 3 21 87 33 13 2 0 0 7 0 0 0 0 0 2 0 0 0 -999
P5616 2026 12 0 7 6 0 0 0 0 0 0 0 0 5 0 19 43 44 15 66 73 35 18 23 39 5 7 2 0 5 0 0 0
P5616 2027 1 0 0 0 9 7 62 91 15 7 10 48 27 4 3 27 26 7 6 30 7 16 25 1 2 11 68 54 74 83 19 0
P5616 2027 2 0 0 0 0 0 0 0 0 0 4 21 7 0 0 0 11 14 14 9 12 18 21 53 8 0 12 2 0 -999 -999 -999
P5616 2027 3 4 15 29 13 11 7 3 7 8 0 0 0 0 0 0 0 7 10 35 23 36 37 22 18 6 14 13 2 5 0 0
P5616 2027 4 0 6 0 28 23 0 0 0 0 0 0 0 9 46 26 0 0 9 13 0 0 0 0 0 0 0 0 0 0 0 -999
P5616 2027 5 0 8 18 27 15 23 32 12 0 0 53 0 0 0 0 0 0 0 0 0 42 25 0 0 0 0 0 0 0 0 0
P5616 2027 6 0 0 0 17 22 5 0 0 0 0 0 0 0 0 0 0 0 0 0 0 0 0 0 0 0 0 0 9 0 0 -999
P5616 2027 7 0 0 6 0 0 0 0 0 0 0 0 0 0 0 0 0 0 0 0 0 0 0 0 0 0 0 0 0 0 0 0
P5616 2027 8 0 0 0 0 0 0 0 0 0 0 0 0 0 0 0 0 0 0 0 0 0 0 0 0 0 0 0 0 0 0 0
P5616 2027 9 0 0 0 0 0 0 0 0 0 0 0 0 0 0 0 0 0 0 0 0 0 0 0 0 0 0 0 0 0 0 -999
P5616 2027 10 21 0 0 0 0 0 0 0 0 0 0 0 0 0 0 0 8 10 0 0 0 5 18 25 6 0 0 0 0 0 0
P5616 2027 11 4 0 6 5 6 3 2 0 4 30 43 4 0 0 0 0 0 0 0 0 18 23 17 0 31 40 24 8 0 5 -999
P5616 2027 12 7 4 2 0 8 5 0 0 0 0 0 0 4 6 10 16 21 8 0 6 1 0 0 0 0 2 0 0 0 0 0
P5616 2028 1 3 2 0 0 0 0 0 0 0 0 0 6 0 0 0 5 10 17 10 0 0 0 0 0 0 0 7 6 0 0 12
P5616 2028 2 6 21 32 17 22 26 43 22 12 10 24 58 38 60 58 88 49 22 46 6 4 13 7 0 0 0 0 0 -999 -999 -999
P5616 2028 3 0 0 0 0 7 0 0 0 0 0 22 27 16 17 6 0 0 0 0 0 0 0 0 0 5 15 15 4 0 0 0
P5616 2028 4 0 0 0 0 0 0 0 0 0 18 9 0 0 0 0 0 29 19 26 60 9 0 0 0 0 0 0 0 0 0 -999
P5616 2028 5 0 0 0 0 0 0 0 43 36 27 9 16 0 0 26 17 0 0 0 0 0 0 0 16 3 0 0 15 4 0 0
P5616 2028 6 5 12 16 18 23 37 82 5 0 0 0 0 0 0 0 0 0 0 0 0 0 0 0 0 0 0 0 47 45 18 -999
P5616 2028 7 8 0 0 0 0 0 0 0 0 0 0 12 0 0 0 0 0 0 0 0 0 0 0 0 0 0 0 0 0 0 0
P5616 2028 8 0 0 0 0 0 0 0 0 0 0 0 0 0 0 0 0 0 0 0 0 0 0 0 0 0 0 0 0 0 0 0
P5616 2028 9 0 0 0 0 0 0 0 0 0 0 0 0 0 0 0 0 0 0 0 0 0 0 0 0 0 0 0 0 0 0 -999
P5616 2028 10 0 0 0 0 0 0 0 0 0 0 17 0 0 0 0 0 0 0 11 0 0 0 0 0 0 0 0 0 0 0 0
P5616 2028 11 0 0 5 6 41 46 6 0 0 0 0 12 9 7 0 0 0 18 4 11 45 16 5 0 0 0 9 10 11 7 -999
P5616 2028 12 4 3 3 4 3 0 0 0 0 0 0 8 7 60 0 11 25 36 35 42 57 46 27 14 6 16 14 11 12 60 4
P5616 2029 1 3 0 16 63 6 0 0 22 9 17 21 55 38 12 8 26 53 12 6 3 1 0 0 0 0 0 0 16 11 11 15
P5616 2029 2 42 28 38 43 53 1 2 3 0 7 7 0 6 4 0 0 3 0 0 0 0 0 0 0 3 7 13 13 -999 -999 -999
P5616 2029 3 14 15 16 47 38 69 33 24 51 10 6 0 3 16 0 0 0 3 5 71 14 5 0 0 0 0 0 0 0 0 11
P5616 2029 4 17 11 14 10 0 5 0 0 0 0 0 0 0 22 8 13 0 25 3 0 0 0 0 0 0 0 0 17 26 42 -999
P5616 2029 5 29 3 12 46 67 32 44 41 22 5 7 0 0 0 0 0 0 0 0 0 4 0 0 0 11 0 0 0 0 0 0
P5616 2029 6 0 0 0 0 0 0 0 0 0 0 0 0 0 0 0 0 0 0 0 0 0 0 0 0 0 0 0 0 0 0 -999
P5616 2029 7 0 0 0 0 0 0 0 0 0 0 0 0 0 0 0 0 0 0 0 0 0 0 0 0 0 0 0 0 0 0 0
P5616 2029 8 0 0 0 0 0 0 0 0 0 0 0 0 0 0 0 0 0 0 0 0 0 0 0 0 0 0 0 0 0 0 0
P5616 2029 9 0 0 0 0 0 0 0 0 0 0 0 0 0 0 0 0 0 0 0 0 0 0 7 6 19 48 55 67 0 0 -999
P5616 2029 10 0 0 0 0 0 0 0 0 0 0 0 0 0 0 0 0 0 19 0 0 0 0 0 0 0 18 0 32 61 70 5
P5616 2029 11 0 0 0 0 0 0 0 0 0 0 0 0 0 0 0 0 8 10 0 0 12 8 8 56 0 0 7 3 12 0 -999
P5616 2029 12 0 10 23 30 94 6 7 10 71 2 4 2 4 4 0 0 8 2 1 0 3 82 33 19 50 6 17 38 41 12 0
P5616 2030 1 0 0 0 11 14 15 13 9 8 23 17 7 5 7 9 54 13 0 0 0 13 0 5 7 15 3 14 28 6 0 0
P5616 2030 2 13 14 49 20 27 18 14 10 1 0 0 0 0 0 14 22 12 7 0 0 0 13 6 7 37 12 0 25 -999 -999 -999
P5616 2030 3 0 0 0 0 0 0 0 0 0 0 0 0 0 0 0 0 7 0 21 14 0 7 15 54 120 214 26 20 74 27 51
P5616 2030 4 62 43 19 5 0 0 0 9 17 35 27 16 0 13 29 12 10 34 19 10 21 5 0 11 26 38 58 0 11 5 -999
P5616 2030 5 0 0 0 0 0 0 0 0 0 14 22 17 6 20 68 48 9 15 0 0 0 0 0 0 0 0 0 0 0 0 0
P5616 2030 6 0 0 0 0 0 0 0 0 0 0 0 0 0 0 0 89 48 127 23 5 0 0 0 0 0 0 0 0 0 0 -999
P5616 2030 7 0 0 0 0 0 0 0 0 0 0 0 0 0 0 0 0 0 0 0 0 0 0 0 0 0 0 0 0 0 0 0
P5616 2030 8 0 0 0 0 0 0 0 0 0 0 0 0 0 0 0 0 0 0 0 0 0 0 0 0 0 0 0 0 0 0 0
P5616 2030 9 0 0 0 0 0 0 0 0 0 0 0 0 0 0 0 41 74 57 0 0 21 21 27 6 0 7 11 11 8 5 -999
P5616 2030 10 0 0 0 0 0 0 0 53 61 66 13 28 18 10 7 3 11 35 39 95 71 71 21 33 11 0 0 0 36 121 0
P5616 2030 11 0 0 18 27 30 34 80 54 62 81 36 9 7 35 42 13 61 46 26 14 12 35 45 43 36 17 2 28 26 7 -999
P5616 2030 12 3 0 2 0 10 29 3 3 3 6 15 7 0 0 0 0 0 0 0 0 3 0 0 0 0 10 31 25 17 26 17
P5616 2031 1 15 0 0 46 26 42 6 43 87 45 29 68 77 45 47 12 0 0 5 0 2 0 0 0 0 0 0 0 0 0 5
P5616 2031 2 4 11 16 23 16 17 12 11 21 15 8 15 19 13 0 0 0 18 10 9 21 18 16 15 5 22 0 3 -999 -999 -999
P5616 2031 3 0 4 6 17 29 41 8 11 63 39 16 34 47 9 3 6 5 9 3 2 0 0 0 0 0 0 0 0 0 0 45
P5616 2031 4 11 18 10 1 4 15 21 11 12 22 23 22 46 16 0 0 0 0 0 0 0 0 0 0 0 0 0 0 0 0 -999
P5616 2031 5 0 10 27 0 0 0 0 0 0 0 19 0 0 0 0 0 0 0 0 0 0 0 0 0 0 0 0 16 0 0 0
P5616 2031 6 0 0 0 0 0 0 43 7 0 0 0 0 0 0 0 0 0 0 0 0 0 0 0 0 0 0 0 0 0 0 -999
P5616 2031 7 0 0 0 0 0 0 0 0 0 0 0 26 21 24 11 4 0 0 0 0 0 0 0 0 0 0 0 0 0 0 0
P5616 2031 8 0 0 0 0 0 0 0 0 0 0 0 7 0 0 0 0 0 0 0 0 0 0 0 0 0 0 0 0 0 0 0
P5616 2031 9 0 0 0 0 0 0 0 0 0 0 0 0 0 0 0 0 0 0 0 0 0 19 31 21 12 9 18 12 4 0 -999
P5616 2031 10 0 0 0 0 0 0 0 0 57 0 0 0 0 0 0 0 13 0 17 24 27 25 0 0 21 0 0 14 0 0 7
P5616 2031 11 0 0 20 30 15 47 25 19 0 12 37 19 37 82 89 76 11 37 33 49 100 44 15 8 30 16 56 67 42 18 -999
P5616 2031 12 48 104 50 30 74 23 51 62 68 9 3 0 0 0 4 3 2 3 1 0 56 36 29 32 64 19 7 41 16 14 3
P5616 2032 1 0 0 62 66 102 42 65 81 31 0 6 33 9 37 22 5 0 0 2 3 0 0 1 0 2 10 17 17 21 59 31
P5616 2032 2 2 0 0 6 3 7 5 2 0 0 39 39 6 0 0 0 0 0 0 0 0 6 0 0 0 0 0 41 -999 -999 -999
P5616 2032 3 7 0 0 0 0 0 0 0 0 6 3 0 0 0 0 0 0 0 0 0 0 0 0 0 0 0 0 0 0 16 18
P5616 2032 4 54 36 15 17 27 19 46 41 38 15 4 0 0 26 23 22 25 6 0 7 0 0 0 46 23 3 0 0 0 0 -999
P5616 2032 5 0 0 13 3 0 0 0 0 0 0 0 9 0 0 0 8 7 11 0 11 0 7 0 0 8 11 0 15 11 19 17
P5616 2032 6 0 0 0 0 0 0 0 19 0 0 0 0 0 0 0 0 0 0 0 0 0 0 0 0 0 0 0 0 0 0 -999
P5616 2032 7 0 0 0 0 0 0 0 0 0 0 0 0 0 0 0 0 0 0 0 0 0 0 0 0 0 0 0 0 0 0 0
P5616 2032 8 0 0 0 0 0 0 0 0 0 0 0 0 0 0 0 0 0 0 0 0 0 0 0 0 0 0 0 0 0 0 0
P5616 2032 9 0 0 0 0 0 0 0 0 0 0 30 0 6 6 0 0 18 0 0 0 0 0 0 0 0 0 0 0 0 0 -999
P5616 2032 10 0 24 39 15 0 0 0 7 21 0 0 11 0 0 73 27 17 0 0 18 22 19 84 20 0 0 0 17 36 8 9
P5616 2032 11 0 7 7 15 9 0 0 0 0 0 0 0 0 0 0 0 0 8 0 0 0 2 7 9 8 12 39 7 35 111 -999
P5616 2032 12 51 18 27 14 0 0 0 0 0 0 0 0 0 0 0 0 0 0 0 7 3 0 0 6 7 8 3 0 0 3 0
P5616 2033 1 2 8 45 37 43 41 46 78 81 84 19 43 78 2 19 45 18 56 25 0 0 0 6 5 9 22 56 31 5 21 8
P5616 2033 2 0 0 0 0 6 8 14 32 28 16 64 36 26 0 0 0 0 0 15 0 3 0 0 34 5 4 0 0 -999 -999 -999
P5616 2033 3 0 0 0 0 0 0 9 4 0 13 41 56 40 15 6 10 0 0 0 0 16 10 15 0 0 0 13 31 8 7 0
P5616 2033 4 0 0 0 24 43 47 102 20 22 25 28 27 34 30 16 75 84 44 39 18 26 61 16 8 48 11 11 0 20 11 -999
P5616 2033 5 0 0 22 37 0 0 0 0 0 0 0 13 12 28 12 6 39 25 12 22 48 11 0 0 0 0 0 0 0 0 0
P5616 2033 6 0 0 0 0 0 0 0 0 0 0 0 0 0 0 0 0 0 0 0 0 0 0 0 0 0 0 0 0 0 0 -999
P5616 2033 7 0 0 0 0 0 0 0 0 0 0 0 0 0 0 0 0 0 0 0 0 0 0 0 0 0 0 0 0 0 0 0
P5616 2033 8 0 0 0 0 0 0 0 0 0 0 0 0 0 0 0 0 0 0 0 0 0 0 0 0 0 0 0 0 0 35 0
P5616 2033 9 0 0 0 0 0 0 0 5 0 0 0 0 0 23 19 7 0 0 0 0 0 0 0 0 0 0 0 0 0 0 -999
P5616 2033 10 0 0 0 25 93 65 52 41 16 15 47 55 59 0 0 0 0 0 0 0 0 0 0 8 9 4 0 0 13 3 0
P5616 2033 11 14 23 68 99 8 3 0 0 0 0 4 0 0 0 0 0 13 3 1 3 2 2 0 0 0 0 0 0 0 0 -999
P5616 2033 12 5 5 4 3 0 0 0 6 0 0 11 5 0 0 0 0 0 0 0 0 0 0 0 0 0 0 0 0 0 0 0
P5616 2034 1 0 2 7 4 3 1 7 3 4 4 23 47 61 68 78 29 13 3 3 0 0 0 0 0 0 0 0 0 0 0 0
P5616 2034 2 0 0 0 0 0 3 6 0 0 3 0 3 8 5 16 15 16 28 152 11 0 0 0 0 0 0 12 21 -999 -999 -999
P5616 2034 3 15 22 33 26 23 16 10 13 0 0 0 0 11 6 8 6 3 3 1 0 0 4 13 26 24 99 0 0 0 0 0
P5616 2034 4 0 0 0 0 0 0 0 0 0 0 0 0 0 0 0 0 0 0 0 7 27 3 0 0 0 0 0 18 15 0 -999
P5616 2034 5 0 0 0 0 0 0 0 0 0 0 0 0 0 0 0 0 0 0 0 0 0 0 0 0 0 0 0 0 0 0 0
P5616 2034 6 0 0 0 0 10 11 6 0 0 0 0 0 0 0 0 0 0 0 0 0 0 0 0 0 0 0 0 0 0 0 -999
P5616 2034 7 0 0 0 0 0 0 0 0 0 0 0 0 0 0 0 0 0 0 0 0 0 0 0 0 0 0 0 0 0 0 0
P5616 2034 8 0 0 0 0 0 0 0 0 0 0 0 0 0 0 0 0 0 0 0 0 0 0 0 0 0 0 0 0 0 0 0
P5616 2034 9 0 0 0 0 0 0 0 0 0 0 0 0 0 0 0 0 0 0 0 0 0 0 0 0 0 0 0 0 0 30 -999
P5616 2034 10 27 11 11 0 46 62 10 0 0 40 19 2 0 0 0 0 0 0 0 0 0 7 0 9 30 38 16 29 9 0 0
P5616 2034 11 0 0 0 0 0 7 18 8 48 7 0 30 12 0 0 0 0 0 0 0 11 14 26 55 35 83 4 9 5 13 -999
P5616 2034 12 7 0 0 0 4 11 18 19 12 4 5 0 5 46 79 11 0 9 0 2 5 0 0 2 8 11 34 2 19 7 37
P5616 2035 1 6 0 15 30 23 24 13 24 11 6 9 6 25 11 11 12 24 4 8 17 65 109 44 40 4 2 0 0 0 0 0
P5616 2035 2 7 15 2 0 0 0 6 0 1 0 3 0 0 0 0 0 0 0 0 4 28 49 93 95 39 14 15 39 -999 -999 -999
P5616 2035 3 27 67 21 16 22 16 39 187 34 2 3 13 92 93 106 66 26 8 22 27 69 57 41 8 42 50 9 37 18 39 56
P5616 2035 4 35 45 17 64 75 49 47 64 113 38 23 20 9 58 0 0 0 0 54 110 245 122 82 29 12 6 6 24 34 24 -999
P5616 2035 5 23 24 0 0 0 0 0 0 19 0 0 0 0 0 0 0 0 0 0 0 0 0 47 30 22 0 0 0 0 0 28
P5616 2035 6 0 0 0 10 13 26 7 0 45 0 12 0 0 0 0 0 0 0 0 0 0 0 0 0 0 0 0 0 0 0 -999
P5616 2035 7 0 0 0 0 0 0 0 0 0 0 0 0 0 0 0 0 0 0 0 0 0 0 0 0 0 0 0 0 0 0 0
P5616 2035 8 0 0 0 0 0 0 0 0 0 0 0 0 0 0 0 0 0 0 0 0 0 0 0 0 0 0 0 0 0 0 0
P5616 2035 9 0 0 0 0 0 0 0 0 0 0 0 0 0 0 0 0 0 0 0 0 0 0 0 0 0 0 0 0 0 0 -999
P5616 2035 10 0 0 30 21 0 0 0 0 0 0 0 0 19 57 13 0 0 0 0 38 17 0 0 0 0 0 0 0 0 0 0
P5616 2035 11 0 0 15 17 16 15 12 0 0 0 0 0 0 0 0 0 0 0 0 0 0 0 0 0 4 0 0 8 4 0 -999
P5616 2035 12 10 10 21 30 68 92 73 42 26 42 15 2 3 8 0 0 0 0 27 45 59 35 0 0 0 0 0 0 0 2 3
P5616 2036 1 4 3 1 0 3 9 8 13 33 13 28 28 20 2 0 0 4 19 30 5 34 31 9 5 0 0 13 4 2 0 4
P5616 2036 2 2 0 0 0 0 0 10 14 19 6 7 29 49 22 12 3 4 0 0 0 0 0 0 0 0 0 6 10 -999 -999 -999
P5616 2036 3 60 60 8 23 20 27 0 0 0 0 0 0 0 8 8 7 0 0 0 4 6 0 0 0 3 3 4 13 7 10 33
P5616 2036 4 24 43 28 9 2 0 0 0 0 0 0 0 0 0 0 0 0 0 0 0 0 0 0 7 10 10 0 0 0 0 -999
P5616 2036 5 0 0 12 10 6 0 0 0 0 0 11 15 14 10 11 14 13 4 0 0 0 0 0 0 0 0 0 0 0 0 0
P5616 2036 6 30 34 0 0 0 0 0 0 0 0 0 0 0 0 0 0 0 0 17 0 0 0 0 0 0 0 0 0 0 0 -999
P5616 2036 7 0 0 0 0 0 0 0 0 0 0 0 0 0 0 0 0 0 0 0 0 0 0 0 0 0 0 0 0 0 0 0
P5616 2036 8 0 0 0 0 0 0 0 0 0 0 0 0 0 0 0 0 0 0 0 0 0 0 0 0 0 0 0 0 0 0 0
P5616 2036 9 0 0 0 0 0 0 0 0 0 0 0 0 0 0 0 0 0 0 0 0 0 0 0 0 0 0 0 0 0 0 -999
P5616 2036 10 0 0 0 0 0 0 0 0 0 0 17 0 0 0 11 0 0 0 0 0 0 0 0 0 0 22 25 18 52 85 25
P5616 2036 11 16 0 0 0 16 18 0 57 41 0 6 8 25 66 37 50 0 0 10 17 4 0 0 0 0 14 31 36 6 0 -999
P5616 2036 12 0 0 8 15 13 0 0 0 0 0 0 9 5 5 0 0 0 5 9 0 7 14 21 7 6 5 4 5 6 0 0
P5616 2037 1 0 0 0 0 0 0 2 0 15 54 8 64 63 0 0 0 0 10 28 33 63 36 14 62 118 16 95 87 115 12 3
P5616 2037 2 0 0 22 23 14 10 36 19 18 5 0 0 0 3 0 0 4 5 0 0 2 0 5 3 0 12 47 10 -999 -999 -999
P5616 2037 3 0 0 0 0 0 0 0 0 0 6 0 8 0 67 42 29 16 9 4 0 11 9 17 24 18 4 7 10 19 49 0
P5616 2037 4 21 0 14 13 11 20 12 12 12 4 0 0 0 30 65 16 20 28 12 6 22 26 29 34 27 0 0 0 0 0 -999
P5616 2037 5 0 0 0 0 0 0 0 0 47 14 9 5 0 8 6 6 0 16 4 0 0 10 15 9 64 25 8 0 0 0 0
P5616 2037 6 0 0 0 0 0 0 0 0 0 0 0 0 0 0 0 0 14 19 13 0 0 0 0 0 0 0 0 0 0 0 -999
P5616 2037 7 0 0 0 0 0 0 0 0 0 0 0 0 0 0 0 0 0 0 0 0 0 0 0 0 0 0 0 0 0 0 0
P5616 2037 8 0 0 0 0 0 0 0 0 0 0 0 0 0 0 0 0 0 0 0 0 0 0 0 0 0 0 0 0 0 0 0
P5616 2037 9 0 0 0 0 0 0 0 0 0 0 0 0 0 0 0 0 0 0 0 0 0 0 0 0 0 0 0 0 0 0 -999
P5616 2037 10 3 0 0 0 0 0 0 0 0 0 22 13 0 0 0 0 0 18 20 7 0 0 0 8 0 7 0 0 0 0 0
P5616 2037 11 0 0 0 0 0 9 13 13 7 0 13 22 26 46 19 0 0 0 0 50 12 7 33 34 13 10 21 23 47 4 -999
P5616 2037 12 58 7 25 42 50 20 22 21 109 26 65 11 14 6 3 2 10 41 25 22 0 0 34 6 0 0 0 0 3 5 6
P5616 2038 1 7 30 9 24 27 0 11 4 5 4 5 3 5 31 31 16 39 4 0 0 0 7 16 79 12 26 19 29 40 45 3
P5616 2038 2 0 4 11 79 39 29 25 0 0 4 0 0 0 0 0 9 0 9 7 0 0 0 20 7 0 0 0 19 -999 -999 -999
P5616 2038 3 48 22 21 18 85 31 20 28 23 18 14 0 0 0 0 0 0 18 33 52 23 3 0 0 0 0 4 10 19 14 5
P5616 2038 4 3 0 0 0 0 0 5 14 24 0 0 0 0 103 21 5 0 0 0 0 0 29 0 0 0 30 0 0 0 47 -999
P5616 2038 5 21 0 0 0 9 0 27 0 0 0 0 0 0 0 0 0 0 91 41 24 0 0 0 0 10 47 13 10 9 0 0
P5616 2038 6 0 0 0 0 0 0 0 0 0 0 0 0 0 0 0 0 0 0 0 0 0 0 0 0 0 0 0 0 0 0 -999
P5616 2038 7 0 0 0 0 0 0 0 0 0 0 0 0 0 0 0 0 0 0 0 0 0 0 0 0 0 0 0 0 0 0 0
P5616 2038 8 0 0 0 0 0 0 0 0 0 0 0 0 0 0 0 0 0 0 0 0 0 0 0 0 0 0 0 0 0 0 0
P5616 2038 9 0 0 0 0 0 0 0 0 0 0 0 0 0 0 0 0 0 0 0 0 0 0 0 0 0 0 0 0 0 0 -999
P5616 2038 10 0 0 0 0 0 0 0 0 0 0 0 0 0 0 0 0 0 0 0 0 0 23 48 11 0 0 0 0 0 0 0
P5616 2038 11 40 19 35 0 0 13 9 0 14 11 10 38 15 57 63 32 22 6 0 3 0 0 0 3 0 0 0 0 4 2 -999
P5616 2038 12 5 12 21 58 57 80 8 17 0 5 37 61 84 10 23 33 10 39 78 33 88 17 0 0 11 21 27 14 0 0 9
P5616 2039 1 8 12 11 8 21 8 9 6 2 0 0 0 0 0 4 9 23 3 33 46 7 4 20 13 25 1 2 2 0 4 4
P5616 2039 2 11 29 6 7 4 0 0 0 0 26 14 0 3 7 13 15 16 0 6 0 0 0 4 26 59 2 0 5 -999 -999 -999
P5616 2039 3 2 0 0 0 0 0 0 24 16 0 0 51 16 30 32 16 11 17 10 20 0 0 0 0 0 5 0 0 0 0 0
P5616 2039 4 0 0 0 0 0 0 0 0 0 0 0 0 0 58 11 1 0 0 0 5 7 4 0 0 0 0 0 0 0 0 -999
P5616 2039 5 0 0 0 0 0 0 0 0 0 0 0 0 0 0 0 32 10 17 22 8 6 12 12 0 0 0 0 0 0 0 0
P5616 2039 6 20 16 20 37 30 5 0 0 0 0 0 0 0 0 0 0 0 0 0 0 0 0 0 0 0 0 0 0 0 0 -999
P5616 2039 7 0 0 0 0 0 0 0 0 0 0 0 0 0 0 0 0 0 0 0 0 0 0 0 0 0 0 0 0 0 0 0
P5616 2039 8 0 0 0 0 0 0 0 0 0 0 0 0 0 0 0 0 0 0 0 0 0 0 0 0 0 0 0 0 0 0 0
P5616 2039 9 0 0 0 0 0 0 0 0 0 0 0 0 0 0 0 0 0 0 0 0 0 0 0 0 0 0 0 0 0 0 -999
P5616 2039 10 0 0 0 0 0 0 0 0 0 0 0 0 0 0 0 0 0 0 0 18 10 52 45 25 21 19 116 79 55 100 16
P5616 2039 11 0 0 0 0 0 0 0 0 28 19 23 29 15 9 8 12 2 22 70 48 35 19 47 0 0 0 10 32 5 3 -999
P5616 2039 12 6 22 17 29 66 28 22 11 48 6 8 0 7 14 11 0 11 12 18 47 6 7 16 15 12 8 15 62 36 31 17
P5616 2040 1 14 7 0 19 87 60 49 17 27 9 30 32 28 15 20 63 7 15 29 11 0 0 6 0 0 0 0 0 0 0 0
P5616 2040 2 0 0 0 18 5 0 0 0 2 4 0 0 2 2 2 7 15 15 4 2 0 0 0 0 0 0 0 0 -999 -999 -999
P5616 2040 3 0 0 0 0 0 0 0 0 0 0 0 0 0 14 24 0 0 0 0 0 0 0 48 86 50 76 30 12 30 58 15
P5616 2040 4 12 56 40 31 6 7 7 3 0 0 0 0 0 0 0 18 31 0 0 0 0 10 6 6 23 38 11 4 0 0 -999
P5616 2040 5 2 0 7 3 2 2 0 0 0 0 0 0 0 0 0 0 0 0 0 0 0 21 0 0 0 0 0 0 0 0 0
P5616 2040 6 0 0 0 0 0 0 0 0 0 0 0 0 0 0 0 0 0 0 0 0 0 0 0 0 0 0 0 0 0 0 -999
P5616 2040 7 0 0 0 0 0 0 0 0 0 0 0 0 0 0 0 0 0 0 0 0 0 0 0 0 0 0 0 0 0 0 0
P5616 2040 8 0 0 0 0 0 0 0 0 0 0 0 0 0 0 0 0 0 0 0 0 0 0 0 0 0 0 0 0 0 0 0
P5616 2040 9 0 0 0 0 0 0 0 0 0 0 0 0 0 0 0 0 0 0 0 0 0 0 0 0 0 0 0 0 10 0 -999
P5616 2040 10 0 0 0 0 0 0 0 0 0 0 0 0 0 0 0 0 0 20 41 45 4 3 0 0 0 8 0 0 0 0 20
P5616 2040 11 0 13 9 0 0 14 94 127 108 24 5 10 16 7 12 5 0 0 0 0 0 0 0 23 11 0 0 0 0 0 -999
P5616 2040 12 0 0 0 7 19 28 44 0 6 2 49 0 29 25 5 0 0 0 5 5 9 9 8 10 0 0 9 22 7 8 19
P5616 2041 1 14 0 0 0 0 0 4 2 0 0 9 8 15 17 5 0 0 0 9 9 22 34 53 44 36 45 53 53 31 6 0
P5616 2041 2 0 0 0 0 23 26 70 90 28 42 26 38 45 4 45 60 56 50 36 16 64 39 17 36 28 24 2 0 -999 -999 -999
P5616 2041 3 4 3 0 0 2 3 2 8 29 10 5 15 6 8 20 15 30 68 51 40 12 44 29 33 32 75 33 24 30 51 23
P5616 2041 4 1 0 0 0 0 0 0 0 0 0 2 3 6 6 6 0 12 55 48 20 26 5 11 44 113 22 0 4 0 0 -999
P5616 2041 5 0 0 8 31 0 0 0 0 0 36 18 12 0 0 0 0 0 0 212 250 322 297 47 34 24 31 45 25 5 13 7
P5616 2041 6 5 0 0 0 0 0 0 0 0 0 0 0 0 0 0 0 0 0 0 0 0 0 0 0 0 0 0 0 0 0 -999
P5616 2041 7 0 0 0 0 0 0 0 0 0 0 0 0 0 0 0 0 0 0 0 0 0 0 0 0 0 9 36 10 0 0 0
P5616 2041 8 0 0 0 0 0 0 0 0 0 0 0 0 0 0 0 0 0 0 0 0 0 0 0 0 0 0 0 0 0 0 0
P5616 2041 9 0 0 0 0 0 0 0 0 0 0 0 0 0 0 0 0 0 0 0 0 0 0 0 24 58 11 0 0 0 0 -999
P5616 2041 10 0 16 16 6 0 0 0 0 0 0 27 20 0 0 0 0 0 0 0 0 0 16 0 0 0 0 0 0 10 0 0
P5616 2041 11 0 0 0 11 7 10 7 5 13 16 37 32 40 53 55 60 70 77 26 34 49 99 44 93 44 7 24 15 11 3 -999
P5616 2041 12 3 28 8 36 96 17 0 13 7 0 8 16 16 34 22 72 53 35 22 38 9 0 6 5 0 1 0 0 0 0 0
P5616 2042 1 0 0 2 0 0 17 37 6 5 0 0 0 0 0 0 0 0 0 0 0 0 0 0 0 0 0 0 0 0 0 0
P5616 2042 2 3 3 0 0 0 0 0 0 0 4 0 0 0 0 0 0 0 3 3 0 0 0 0 0 12 0 0 0 -999 -999 -999
P5616 2042 3 0 0 0 0 0 0 4 0 0 0 0 0 7 0 17 29 0 0 27 56 11 23 0 37 13 6 0 0 0 17 47
P5616 2042 4 11 18 0 0 27 31 40 9 15 7 12 15 11 30 4 12 12 0 0 0 0 93 85 23 27 139 93 40 21 49 -999
P5616 2042 5 77 41 20 2 0 0 0 0 15 16 0 0 0 0 0 0 0 0 0 0 0 0 0 0 0 0 0 0 0 0 0
P5616 2042 6 0 10 10 0 0 0 13 0 0 0 0 0 0 0 0 0 0 0 0 0 0 0 0 0 0 0 0 0 0 0 -999
P5616 2042 7 0 0 0 0 0 0 0 0 0 0 0 0 0 0 16 0 0 0 0 0 0 0 0 0 0 0 0 0 0 0 0
P5616 2042 8 0 0 0 0 0 0 0 0 0 0 0 0 0 0 0 0 0 0 0 0 0 0 0 0 0 0 0 0 0 0 0
P5616 2042 9 0 0 0 0 0 0 0 0 0 0 0 0 0 0 0 0 0 0 0 0 0 0 0 0 0 0 0 0 0 0 -999
P5616 2042 10 0 0 9 0 0 0 0 24 19 0 0 33 78 29 15 61 0 6 0 54 50 19 4 0 0 0 0 6 0 0 0
P5616 2042 11 0 0 0 0 0 0 14 9 3 0 0 0 0 0 0 0 0 0 0 22 6 0 0 0 0 0 0 8 31 13 -999
P5616 2042 12 5 9 42 63 17 27 5 18 35 36 19 26 24 59 55 10 56 40 20 6 4 6 37 50 0 6 3 0 0 0 0
P5616 2043 1 4 6 8 14 10 21 5 1 0 0 0 7 15 71 44 28 10 7 8 34 12 35 38 37 1 2 5 30 20 2 0
P5616 2043 2 0 0 0 4 9 32 29 0 0 0 0 0 3 0 0 0 0 0 0 0 2 3 3 0 1 3 0 0 -999 -999 -999
P5616 2043 3 0 14 21 39 9 10 47 117 49 19 40 16 21 0 0 0 0 0 52 13 59 26 29 14 26 3 5 9 4 5 6
P5616 2043 4 19 3 0 10 0 0 0 0 0 0 38 0 0 0 0 47 36 14 0 54 0 0 0 0 0 0 0 0 0 0 -999
P5616 2043 5 0 0 0 0 0 0 0 0 0 0 0 0 0 0 0 0 0 0 0 0 66 133 78 50 0 0 29 16 0 10 16
P5616 2043 6 9 6 0 0 0 0 0 0 0 0 0 0 0 0 0 0 0 0 0 0 0 0 0 0 0 0 0 0 0 0 -999
P5616 2043 7 0 0 0 0 0 0 0 0 0 0 0 0 0 0 0 0 0 0 0 0 0 0 0 0 0 0 0 0 0 0 0
P5616 2043 8 0 0 0 0 0 0 0 0 0 0 0 0 0 0 0 0 0 0 0 0 0 0 0 0 0 24 0 0 9 0 0
P5616 2043 9 0 0 0 0 0 0 0 0 0 0 0 0 0 0 0 0 0 0 0 0 0 0 0 0 0 0 0 0 12 9 -999
P5616 2043 10 0 37 0 0 0 0 0 0 0 10 0 0 0 0 13 0 19 0 0 0 0 17 38 0 13 29 6 25 19 9 10
P5616 2043 11 0 0 0 0 0 0 0 0 0 7 30 21 69 64 0 0 0 0 0 0 0 0 0 9 12 25 3 37 15 12 -999
P5616 2043 12 8 10 0 0 0 0 4 2 4 12 22 36 6 9 26 3 0 25 59 23 109 26 0 0 15 31 10 0 0 0 0
P5616 2044 1 0 1 3 0 0 8 2 0 0 11 6 0 0 0 7 7 46 73 35 4 4 7 0 0 0 4 6 62 8 1 0
P5616 2044 2 0 0 0 0 16 15 0 0 12 17 23 0 0 0 0 0 0 0 0 0 0 0 0 28 71 8 14 18 -999 -999 -999
P5616 2044 3 5 25 58 44 69 6 0 37 11 3 2 3 0 0 0 8 11 38 37 32 20 7 2 1 2 10 38 48 10 61 2
P5616 2044 4 0 5 4 0 0 0 0 0 0 0 0 0 0 20 0 0 0 0 0 0 0 0 0 0 0 18 40 5 0 0 -999
P5616 2044 5 0 0 0 0 52 16 0 9 21 15 0 0 0 0 0 0 0 0 66 98 40 14 0 0 0 0 0 0 0 96 0
P5616 2044 6 0 0 0 0 0 14 29 0 0 0 0 0 0 0 0 0 0 0 0 0 0 0 0 0 0 0 0 0 0 0 -999
P5616 2044 7 0 0 0 0 0 0 0 0 0 0 0 0 0 0 0 0 0 0 0 0 0 0 0 0 0 0 0 0 0 0 0
P5616 2044 8 0 0 0 0 0 0 0 0 0 0 0 0 0 0 0 0 0 0 0 0 0 0 0 0 0 0 0 0 0 0 0
P5616 2044 9 0 0 0 0 0 0 0 0 0 0 0 0 0 0 0 0 0 0 0 0 0 0 0 24 44 19 0 0 0 18 -999
P5616 2044 10 16 25 34 0 0 0 0 0 0 0 0 0 0 0 0 0 0 0 24 40 37 10 0 0 0 0 0 0 0 0 0
P5616 2044 11 9 0 6 0 12 0 5 13 11 4 35 46 34 45 10 22 57 12 21 41 53 41 24 94 55 85 87 25 19 0 -999
P5616 2044 12 0 0 0 0 2 0 0 4 22 50 6 4 16 10 6 0 7 4 0 5 2 27 13 4 4 0 5 6 38 6 25
P5616 2045 1 41 32 17 13 17 12 76 82 17 19 30 19 45 71 16 34 28 1 0 0 0 9 7 0 3 0 0 0 0 0 0
P5616 2045 2 4 20 21 7 11 22 6 0 0 0 7 5 23 0 5 1 1 1 0 0 5 0 0 0 0 0 0 0 -999 -999 -999
P5616 2045 3 0 0 0 0 0 0 6 12 13 0 0 19 40 16 22 9 2 0 0 0 0 0 0 4 0 4 0 0 0 0 0
P5616 2045 4 22 0 0 5 12 78 52 2 6 12 23 3 0 0 0 30 0 0 0 0 0 0 0 0 0 0 0 0 9 0 -999
P5616 2045 5 12 0 0 0 0 0 0 21 15 6 0 0 0 0 0 0 0 0 0 0 0 0 0 0 0 0 0 0 0 0 0
P5616 2045 6 0 0 0 0 0 0 0 0 0 0 9 11 0 0 0 0 0 0 0 0 67 9 0 0 12 11 6 0 0 0 -999
P5616 2045 7 0 0 0 0 0 0 0 0 0 0 0 0 0 0 0 0 0 0 0 0 0 0 0 0 0 0 0 0 0 0 0
P5616 2045 8 0 0 0 0 0 0 0 0 0 0 0 0 0 0 0 0 0 0 0 0 0 0 0 0 0 0 0 0 0 0 0
P5616 2045 9 0 0 0 0 0 0 0 0 0 0 0 0 0 0 0 0 0 0 0 0 0 0 0 0 0 0 0 0 0 21 -999
P5616 2045 10 30 0 10 40 47 0 0 0 0 0 0 0 0 0 54 36 55 36 16 0 0 0 0 0 0 0 0 0 0 0 0
P5616 2045 11 33 36 0 0 0 5 0 0 0 0 0 3 0 4 10 48 129 49 4 0 0 0 26 76 7 16 88 68 18 8 -999
P5616 2045 12 3 3 4 4 10 18 11 4 2 2 0 0 0 0 0 0 0 20 11 17 15 6 9 29 38 32 11 12 0 0 0
P5616 2046 1 0 15 48 58 89 46 39 28 17 21 88 61 73 6 38 27 18 22 26 52 9 4 4 3 6 29 45 35 22 27 76
P5616 2046 2 135 169 86 42 15 16 19 17 8 5 20 14 36 83 29 26 12 4 5 5 11 97 34 8 35 32 76 47 -999 -999 -999
P5616 2046 3 30 69 60 36 13 56 92 92 106 59 100 51 99 29 96 34 117 40 8 26 69 10 2 2 0 0 9 54 24 5 6
P5616 2046 4 0 0 6 47 12 4 2 53 15 6 9 6 12 10 20 5 26 39 74 28 25 6 41 54 23 12 9 14 22 6 -999
P5616 2046 5 0 0 0 0 0 0 0 0 0 0 0 0 0 21 0 74 11 4 0 0 0 0 0 0 0 0 17 8 8 0 0
P5616 2046 6 0 0 0 0 0 0 0 0 0 0 0 0 0 0 0 0 0 7 19 47 29 0 0 0 0 0 0 0 0 0 -999
P5616 2046 7 0 0 0 0 0 0 0 0 0 0 0 0 0 0 0 0 0 0 0 0 0 0 0 0 0 0 0 0 0 0 0
P5616 2046 8 0 0 0 0 0 0 0 0 0 0 0 0 0 0 0 0 0 0 0 0 0 0 0 0 0 0 0 0 0 0 0
P5616 2046 9 0 0 0 0 0 0 0 0 0 0 0 0 0 0 0 0 0 0 0 0 0 0 0 0 0 0 0 0 0 0 -999
P5616 2046 10 0 0 12 0 0 35 12 42 0 0 0 0 0 0 0 0 0 0 0 0 8 37 14 9 30 5 7 17 16 30 13
P5616 2046 11 6 0 0 0 45 92 54 25 12 5 0 0 0 9 0 0 0 0 0 0 0 0 6 8 23 5 0 9 50 44 -999
P5616 2046 12 85 83 78 20 28 49 66 44 35 25 9 39 12 145 123 39 28 72 22 33 11 0 0 0 0 0 0 0 0 0 0
P5616 2047 1 0 0 0 0 0 0 6 23 7 19 27 17 11 33 71 125 124 25 83 10 75 24 8 0 0 0 0 0 0 0 19
P5616 2047 2 12 21 8 20 20 21 10 4 1 0 0 0 6 32 0 0 0 0 0 0 0 0 0 37 29 18 25 19 -999 -999 -999
P5616 2047 3 2 14 23 5 19 57 16 0 0 0 0 0 0 0 0 0 0 0 0 0 0 0 57 21 4 6 9 3 0 13 13
P5616 2047 4 68 4 8 6 0 10 11 18 35 43 87 39 9 13 54 21 2 16 12 0 0 0 0 0 0 0 0 0 0 0 -999
P5616 2047 5 0 0 0 0 0 0 0 0 0 39 21 30 32 16 0 0 0 0 0 0 0 0 0 0 0 0 0 0 0 0 0
P5616 2047 6 0 0 0 0 0 0 0 0 0 0 0 0 0 0 0 13 0 0 0 0 0 0 0 0 0 0 0 0 0 0 -999
P5616 2047 7 0 0 0 0 0 0 0 0 0 0 0 0 0 0 0 0 0 0 0 16 10 0 0 0 0 0 0 0 0 0 0
P5616 2047 8 0 0 0 0 0 0 0 0 0 0 0 0 0 0 0 0 0 0 0 0 0 0 0 0 0 0 0 0 0 0 0
P5616 2047 9 0 0 0 0 0 0 0 0 0 0 0 0 0 114 37 24 8 0 0 0 0 0 0 0 21 0 0 0 0 0 -999
P5616 2047 10 0 19 55 46 26 13 23 18 19 56 49 64 22 26 50 28 79 10 71 6 4 4 2 0 0 0 6 0 0 0 0
P5616 2047 11 3 4 9 4 6 20 0 0 15 23 16 9 7 8 18 39 36 0 0 0 0 0 0 0 0 0 0 0 0 0 -999
P5616 2047 12 0 0 0 0 0 0 0 0 0 0 0 0 0 0 2 0 0 0 0 0 0 0 4 7 7 1 0 0 8 4 0
P5616 2048 1 0 7 3 0 0 0 0 0 0 0 4 57 17 24 7 0 0 0 0 0 0 0 0 0 0 0 0 0 0 3 3
P5616 2048 2 0 0 3 3 9 0 0 1 2 7 8 7 15 17 22 22 3 2 0 0 0 0 0 0 0 0 0 0 -999 -999 -999
P5616 2048 3 0 0 0 0 4 4 8 28 32 30 51 13 23 48 10 48 18 10 0 27 54 0 0 13 13 32 15 18 33 20 7
P5616 2048 4 1 0 3 0 0 0 0 0 0 0 0 0 0 0 0 0 0 0 0 0 5 0 30 0 0 0 0 0 0 0 -999
P5616 2048 5 0 32 23 16 7 4 0 0 14 20 0 0 0 23 20 0 12 47 4 0 20 68 29 0 0 0 0 0 0 0 0
P5616 2048 6 0 0 0 0 0 0 0 0 0 0 0 0 0 0 0 0 0 0 0 0 0 0 0 0 0 0 0 0 0 0 -999
P5616 2048 7 0 0 0 0 0 0 0 0 0 0 0 0 0 0 0 0 0 0 0 0 0 0 0 0 0 0 0 0 0 0 0
P5616 2048 8 0 0 0 0 0 0 0 0 0 0 0 0 0 0 0 0 0 0 0 0 0 0 0 0 0 0 0 0 0 0 0
P5616 2048 9 0 0 0 0 0 0 0 0 0 0 0 0 0 0 0 0 0 0 0 0 0 0 0 0 0 0 0 23 56 56 -999
P5616 2048 10 4 0 0 0 0 12 0 0 0 0 0 0 0 0 0 0 0 0 0 0 11 8 0 0 0 2 0 0 0 0 18
P5616 2048 11 0 0 0 14 0 28 15 0 0 0 0 0 0 0 2 10 45 22 25 25 12 0 0 0 0 21 16 13 9 15 -999
P5616 2048 12 39 84 19 5 35 39 0 0 0 0 0 0 0 0 0 0 0 2 3 4 0 0 1 2 0 0 27 27 10 11 0
P5616 2049 1 0 0 14 19 6 10 15 16 6 17 21 11 22 7 0 0 0 6 0 0 5 10 8 8 4 4 7 16 14 11 6
P5616 2049 2 17 18 11 19 10 3 0 0 0 6 0 0 0 9 0 0 0 0 0 0 0 0 0 6 7 10 11 0 -999 -999 -999
P5616 2049 3 3 0 0 0 0 0 0 0 0 0 0 0 0 0 6 0 0 0 0 8 0 7 9 19 0 0 0 0 0 65 22
P5616 2049 4 0 20 4 0 0 0 0 0 0 0 0 0 0 0 0 37 49 10 0 0 0 15 0 0 40 28 0 0 0 0 -999
P5616 2049 5 4 6 14 9 6 0 14 36 72 57 11 16 8 0 0 0 0 0 0 0 56 42 41 73 54 43 36 48 21 5 3
P5616 2049 6 0 0 0 10 0 0 0 0 0 0 0 0 0 0 0 0 0 0 0 0 0 0 0 0 0 0 0 0 0 0 -999
P5616 2049 7 0 0 0 0 0 0 0 0 0 0 0 0 0 0 0 0 0 0 0 0 0 0 0 0 0 0 0 0 0 0 0
P5616 2049 8 0 0 0 0 0 0 0 0 0 0 0 0 0 0 0 0 0 0 0 0 0 0 0 0 0 0 0 0 0 0 0
P5616 2049 9 0 0 0 0 0 0 0 0 0 0 0 0 0 0 0 0 0 0 0 0 0 27 22 7 0 0 0 0 0 0 -999
P5616 2049 10 0 0 0 0 0 0 0 0 0 0 0 13 0 0 0 33 16 0 0 0 0 8 9 18 21 13 0 0 13 14 10
P5616 2049 11 0 20 81 86 76 13 34 58 70 35 114 39 64 57 46 108 114 22 8 10 9 3 0 21 0 0 0 0 0 8 -999
P5616 2049 12 4 38 35 49 11 1 2 4 0 7 3 0 8 0 20 13 8 35 9 46 92 8 4 14 23 16 39 26 72 35 63
P5616 2050 1 86 76 81 45 25 112 13 39 18 24 9 7 11 11 10 15 38 55 5 0 0 0 0 14 16 0 0 0 2 3 0
P5616 2050 2 0 0 0 0 0 0 0 0 0 0 0 0 0 6 6 8 10 0 27 14 9 9 0 25 7 4 0 0 -999 -999 -999
P5616 2050 3 0 24 27 17 20 42 25 0 0 22 19 12 8 8 7 0 41 8 37 16 11 16 0 19 14 12 20 67 22 35 70
P5616 2050 4 40 14 13 18 34 59 33 6 24 15 0 0 45 41 15 0 8 0 0 21 0 0 0 0 0 7 13 0 0 7 -999
P5616 2050 5 6 4 4 8 4 5 0 0 0 0 0 0 0 0 0 0 0 0 0 16 0 22 14 0 0 91 70 11 15 0 0
P5616 2050 6 0 0 0 0 0 0 0 0 0 0 0 0 0 0 0 0 0 0 0 0 0 0 0 0 0 0 0 0 0 0 -999
P5616 2050 7 0 0 0 0 0 0 0 0 0 0 0 0 0 0 0 0 0 0 0 0 0 0 0 0 0 0 0 0 0 0 0
P5616 2050 8 0 0 0 0 0 0 0 0 0 0 0 0 0 0 0 0 0 0 0 0 0 0 10 0 0 0 0 0 0 0 0
P5616 2050 9 0 0 0 0 0 0 0 0 0 0 0 0 0 0 0 0 0 0 0 0 0 0 0 0 0 0 0 0 0 0 -999
P5616 2050 10 21 28 4 0 0 0 0 0 0 0 0 0 0 39 30 0 9 9 0 0 0 19 32 21 32 37 20 4 7 6 8
P5616 2050 11 6 2 0 11 4 35 23 53 55 40 35 49 30 31 0 0 0 4 7 3 17 72 101 44 9 5 30 16 0 11 -999
P5616 2050 12 5 8 21 0 0 0 12 9 8 0 2 2 0 0 0 0 0 6 5 7 1 0 0 0 0 0 0 0 0 0 7
P5616 2051 1 0 5 0 0 0 0 0 0 0 8 0 0 4 11 8 0 0 0 0 3 0 0 0 0 0 0 0 0 0 2 0
P5616 2051 2 0 5 5 10 23 17 0 0 0 0 6 4 0 0 0 10 2 0 0 16 3 0 0 14 4 0 0 0 -999 -999 -999
P5616 2051 3 0 4 0 0 0 0 0 0 9 8 25 30 31 6 24 0 0 0 33 29 15 22 0 0 0 0 0 0 0 12 28
P5616 2051 4 26 10 0 0 0 12 9 0 0 0 0 0 37 29 12 41 8 22 14 47 5 7 21 8 0 0 0 0 0 0 -999
P5616 2051 5 0 0 0 0 0 0 0 0 0 0 39 37 30 8 0 0 0 0 0 0 0 0 0 62 63 52 80 0 0 0 0
P5616 2051 6 0 0 0 0 0 0 0 0 0 0 0 0 0 0 0 0 0 0 0 0 0 0 0 0 0 0 0 0 0 0 -999
P5616 2051 7 0 0 0 0 0 0 0 0 0 0 0 0 0 0 0 0 0 0 0 0 0 0 0 0 0 0 0 0 0 0 0
P5616 2051 8 0 0 0 0 0 0 0 0 0 0 0 0 0 0 0 0 0 0 0 0 0 0 0 0 0 0 0 0 0 0 0
P5616 2051 9 0 0 0 0 0 0 0 0 0 0 0 0 31 14 0 0 0 0 0 0 0 0 0 0 0 0 0 0 0 0 -999
P5616 2051 10 0 0 0 0 33 0 0 0 37 255 217 43 0 0 0 0 0 0 0 0 0 0 0 3 0 0 30 79 52 30 45
P5616 2051 11 34 77 44 19 3 1 0 2 0 1 0 0 0 6 4 0 6 5 0 0 0 2 0 6 11 0 0 0 7 0 -999
P5616 2051 12 0 0 0 12 34 11 8 53 87 5 20 43 11 13 48 104 98 30 6 0 0 0 0 0 0 0 0 0 0 0 0
P5616 2052 1 0 0 0 0 0 0 0 3 4 4 0 0 0 28 21 4 0 0 8 0 0 0 12 10 0 0 62 72 110 67 40
P5616 2052 2 20 58 95 62 23 112 134 59 22 70 64 38 10 7 17 35 26 14 23 20 0 0 0 40 37 6 4 17 -999 -999 -999
P5616 2052 3 0 0 0 0 0 0 0 0 0 0 0 0 0 10 28 59 16 58 43 35 9 10 83 2 0 0 0 0 0 0 0
P5616 2052 4 0 0 0 0 0 0 28 11 0 0 0 0 5 0 0 0 8 0 0 0 0 0 0 0 0 0 0 0 8 9 -999
P5616 2052 5 0 0 0 0 0 0 0 0 0 0 6 24 66 49 48 22 16 14 26 11 0 0 0 0 6 0 0 0 0 0 0
P5616 2052 6 0 0 0 0 0 0 0 0 0 0 0 0 0 0 0 0 0 0 0 0 0 0 0 0 0 0 0 0 0 0 -999
P5616 2052 7 0 0 0 0 0 0 0 0 0 0 0 0 0 0 0 0 0 0 0 0 0 0 0 0 0 0 0 0 0 0 0
P5616 2052 8 17 30 11 0 0 0 0 0 0 0 0 0 0 0 0 0 0 0 0 0 0 0 0 0 0 0 0 0 0 0 0
P5616 2052 9 0 0 0 0 0 0 0 0 0 0 0 0 0 0 0 0 0 0 0 0 0 0 0 0 0 0 0 0 0 0 -999
P5616 2052 10 0 0 0 0 0 0 0 0 0 0 0 0 0 0 0 0 0 0 0 0 0 0 0 0 19 22 0 0 0 0 8
P5616 2052 11 9 18 17 4 0 0 0 0 0 0 4 0 0 0 0 0 0 10 64 36 103 51 72 48 8 3 9 5 12 9 -999
P5616 2052 12 3 3 16 24 7 1 0 0 0 0 0 2 5 45 12 3 6 32 5 9 23 14 6 7 20 1 7 0 12 14 3
P5616 2053 1 4 8 4 5 4 4 5 22 68 60 102 36 84 9 9 21 28 4 0 0 0 0 0 23 15 16 16 17 14 26 64
P5616 2053 2 28 36 38 30 57 11 34 17 25 6 0 0 0 4 6 5 12 9 4 4 0 5 12 32 20 75 90 16 -999 -999 -999
P5616 2053 3 0 0 0 0 0 0 0 0 0 0 0 0 0 0 0 0 0 0 0 0 0 0 0 0 0 6 0 8 12 0 76
P5616 2053 4 44 32 10 5 3 0 0 0 0 0 0 0 53 76 44 9 7 0 0 0 0 0 0 39 308 95 390 161 266 13 -999
P5616 2053 5 0 0 6 0 0 0 0 0 0 0 0 0 0 0 0 0 0 0 0 0 0 0 0 0 0 0 0 0 0 12 0
P5616 2053 6 0 0 0 0 0 0 0 0 0 0 0 0 0 0 0 0 0 0 16 0 0 0 0 0 0 0 0 0 0 0 -999
P5616 2053 7 0 0 0 0 0 0 0 0 0 0 0 0 0 0 0 0 0 0 0 0 0 0 0 0 0 0 0 0 0 0 0
P5616 2053 8 0 0 0 0 0 0 0 0 0 0 0 0 0 0 0 0 0 0 0 0 0 0 0 0 0 0 0 0 0 0 0
P5616 2053 9 0 0 0 0 0 0 0 0 0 0 0 0 0 0 0 0 0 0 0 0 39 28 0 0 0 0 0 43 26 10 -999
P5616 2053 10 5 0 0 0 0 0 0 0 27 0 0 0 0 0 0 0 0 0 0 0 0 0 0 0 0 0 0 0 0 5 0
P5616 2053 11 0 0 9 0 0 0 0 0 0 0 0 0 0 0 57 57 113 36 101 12 48 24 10 17 3 0 0 0 0 0 -999
P5616 2053 12 0 0 0 0 0 0 0 0 0 6 13 52 49 42 26 10 15 13 8 4 5 0 14 69 17 13 0 0 0 0 15
P5616 2054 1 30 12 0 13 12 16 18 7 6 0 3 0 0 0 0 0 21 34 28 21 3 2 3 2 4 0 0 0 0 0 0
P5616 2054 2 0 15 17 21 21 20 8 16 0 0 0 0 0 0 0 0 0 0 0 0 5 0 14 0 0 0 0 0 -999 -999 -999
P5616 2054 3 0 0 0 0 0 0 0 6 5 0 0 0 0 0 18 15 28 6 0 0 0 0 24 3 6 19 13 13 39 12 32
P5616 2054 4 18 19 13 20 11 14 48 10 9 64 10 0 0 0 21 2 0 24 33 36 36 13 6 31 51 39 26 9 0 0 -999
P5616 2054 5 0 0 31 8 9 5 0 15 48 54 24 23 3 0 0 0 0 0 0 0 0 0 0 0 0 0 0 0 0 0 0
P5616 2054 6 0 0 0 0 0 0 0 0 0 0 0 0 0 0 0 0 0 0 0 0 0 0 0 0 0 0 0 0 0 0 -999
P5616 2054 7 0 0 0 0 0 0 0 0 0 0 0 0 0 0 0 0 0 15 11 13 0 0 0 0 0 0 0 0 0 0 0
P5616 2054 8 0 0 0 0 0 0 0 0 0 0 0 0 0 0 0 0 0 0 0 0 0 0 0 0 0 0 0 0 0 0 0
P5616 2054 9 0 0 0 0 0 0 0 0 0 0 0 0 0 0 0 0 0 0 0 0 0 0 32 0 11 0 0 0 0 0 -999
P5616 2054 10 0 0 0 0 0 0 0 0 9 0 25 23 34 0 0 0 0 0 0 0 44 78 29 4 7 0 0 0 5 6 45
P5616 2054 11 79 103 57 37 84 39 12 31 90 27 0 0 0 0 0 3 3 0 0 0 0 0 0 0 0 3 8 21 43 6 -999
P5616 2054 12 46 27 0 0 0 0 0 0 0 15 6 5 29 6 4 0 0 0 0 0 0 0 4 2 0 0 0 0 0 0 0
P5616 2055 1 0 0 9 41 89 55 23 0 0 59 51 75 52 17 50 39 21 28 37 88 68 100 57 15 3 2 1 0 3 3 3
P5616 2055 2 3 0 0 0 0 4 4 0 0 0 0 0 5 7 11 32 2 8 0 0 0 9 0 0 0 0 0 0 -999 -999 -999
P5616 2055 3 0 20 42 24 9 20 18 25 51 102 31 10 37 37 10 12 27 53 4 8 0 10 15 38 16 27 39 14 33 47 5
P5616 2055 4 0 0 0 0 0 0 61 4 23 33 0 9 16 2 7 0 0 0 0 0 143 66 110 146 51 37 39 29 14 8 -999
P5616 2055 5 15 31 70 46 16 0 0 219 76 18 0 13 18 109 142 0 0 0 0 0 0 0 0 0 0 0 0 0 0 0 0
P5616 2055 6 0 0 0 0 0 0 0 0 0 0 0 0 0 0 19 17 7 9 5 4 3 0 0 0 0 0 0 0 0 0 -999
P5616 2055 7 0 0 0 0 0 0 0 0 0 0 0 0 0 0 0 0 0 0 0 0 0 0 0 0 0 0 0 0 0 0 0
P5616 2055 8 0 0 0 0 0 0 0 0 0 0 0 0 0 0 0 0 0 0 0 0 0 0 0 0 0 0 0 0 0 0 0
P5616 2055 9 0 0 0 0 0 0 0 0 0 0 0 0 0 0 0 0 0 0 0 0 0 0 0 0 20 0 0 0 0 0 -999
P5616 2055 10 0 0 0 0 0 0 0 32 6 0 0 17 9 0 9 0 0 5 10 0 2 3 18 67 19 6 0 0 0 0 0
P5616 2055 11 0 13 0 0 13 66 75 56 10 0 0 0 0 7 0 11 4 0 0 0 9 10 5 23 0 0 0 0 6 17 -999
P5616 2055 12 19 32 5 1 0 0 0 0 0 10 21 45 24 18 18 15 6 8 5 49 40 16 4 0 0 0 0 0 0 0 20
P5616 2056 1 3 0 2 4 3 10 42 6 6 0 2 0 0 0 0 6 3 3 0 0 17 15 49 21 39 1 8 41 3 3 4
P5616 2056 2 0 0 0 0 1 0 0 0 0 0 0 0 0 0 0 0 5 0 0 0 6 5 5 0 0 0 0 0 -999 -999 -999
P5616 2056 3 0 0 9 3 0 0 0 4 0 33 7 0 0 0 0 41 16 7 9 7 7 0 0 8 0 72 58 32 12 16 0
P5616 2056 4 0 0 0 0 0 10 0 0 0 0 6 2 0 0 0 0 0 0 0 20 23 29 35 17 0 14 20 17 6 0 -999
P5616 2056 5 9 25 52 28 8 44 18 0 0 0 5 9 10 0 0 0 0 0 0 0 0 0 0 0 28 6 11 0 6 0 0
P5616 2056 6 23 24 0 0 0 0 11 0 0 0 0 0 0 0 0 0 0 0 0 0 0 0 0 0 0 0 0 0 0 0 -999
P5616 2056 7 0 0 0 0 0 0 0 0 0 0 0 0 0 0 0 0 0 0 0 0 0 0 0 0 0 0 0 0 0 0 0
P5616 2056 8 0 0 0 0 0 0 0 0 0 0 0 0 0 0 0 0 0 0 0 0 0 0 0 0 0 0 0 0 0 0 0
P5616 2056 9 0 0 0 0 0 0 0 0 0 0 0 0 0 0 0 0 0 0 0 0 0 0 0 0 0 0 0 0 0 0 -999
P5616 2056 10 0 91 10 0 0 0 0 0 0 0 0 0 0 0 0 0 0 0 0 0 0 0 0 55 65 0 0 0 0 0 0
P5616 2056 11 0 0 0 10 16 29 38 13 0 0 0 0 0 20 0 0 0 0 17 13 6 3 3 20 35 35 33 73 56 64 -999
P5616 2056 12 12 64 87 77 124 61 110 56 7 21 65 28 4 15 13 42 14 38 27 37 50 24 1 0 0 0 0 0 0 0 0
P5616 2057 1 0 0 0 0 5 9 14 16 9 8 0 0 6 6 0 0 0 0 0 0 0 0 0 3 6 22 44 53 44 3 34
P5616 2057 2 10 15 19 18 54 88 46 61 56 30 5 0 0 0 7 0 0 13 24 76 15 7 8 14 13 6 0 5 -999 -999 -999
P5616 2057 3 0 0 0 5 11 9 12 0 0 6 5 0 0 0 0 0 0 0 0 0 0 0 0 16 23 11 10 13 6 12 14
P5616 2057 4 10 0 7 0 0 0 0 17 21 25 50 29 47 15 40 71 41 38 27 12 3 8 0 0 0 0 0 13 0 0 -999
P5616 2057 5 0 0 0 0 0 0 0 0 0 0 0 9 15 13 31 30 40 30 5 2 0 3 4 0 0 0 0 21 31 10 9
P5616 2057 6 10 5 4 0 0 0 0 0 0 11 12 0 0 0 0 0 0 0 0 0 0 0 0 0 0 0 0 0 0 0 -999
P5616 2057 7 0 0 0 0 0 0 0 0 0 0 0 0 0 0 0 0 0 0 0 0 0 0 0 0 0 0 0 0 0 0 0
P5616 2057 8 0 0 0 0 0 0 0 0 0 0 0 0 0 0 0 0 0 0 0 0 0 0 0 0 0 0 0 0 0 0 0
P5616 2057 9 0 0 0 0 0 0 0 0 0 0 0 0 0 0 0 0 0 0 0 0 0 0 0 0 0 0 22 0 0 0 -999
P5616 2057 10 0 0 4 0 0 0 0 0 0 0 0 0 0 0 0 0 0 5 0 0 0 0 0 0 0 0 0 0 9 12 13
P5616 2057 11 9 6 55 101 23 47 8 19 29 26 71 53 27 15 13 20 5 3 5 7 3 0 0 0 0 0 0 0 0 0 -999
P5616 2057 12 0 0 0 0 0 3 0 4 10 9 30 49 76 49 18 2 0 0 0 0 0 0 0 0 0 0 0 0 0 5 0
P5616 2058 1 0 0 0 0 0 0 0 0 10 12 4 4 4 15 13 0 0 0 0 0 0 0 0 0 0 5 11 4 0 10 0
P5616 2058 2 14 3 0 0 0 0 0 0 0 0 0 4 11 6 10 5 0 0 0 0 0 0 0 0 0 0 0 0 -999 -999 -999
P5616 2058 3 0 0 0 0 0 0 0 0 0 0 0 0 0 0 0 0 7 0 0 0 34 32 11 39 45 93 12 0 4 0 0
P5616 2058 4 0 0 0 6 3 0 0 0 0 15 10 4 8 0 6 0 0 0 7 2 0 0 0 0 0 0 0 0 0 0 -999
P5616 2058 5 0 0 0 0 0 0 0 0 0 0 0 0 0 0 0 0 0 0 0 0 0 0 0 8 0 0 0 26 17 21 0
P5616 2058 6 0 0 0 0 0 0 0 0 0 0 0 0 0 0 0 0 0 0 0 0 0 0 0 0 0 0 0 0 0 0 -999
P5616 2058 7 0 0 0 0 0 0 0 0 0 0 0 0 0 0 0 0 0 0 0 0 0 0 0 0 0 0 0 0 0 0 0
P5616 2058 8 0 0 0 0 0 0 0 0 0 0 0 0 0 0 0 0 0 0 0 0 0 0 0 0 0 0 0 0 0 0 0
P5616 2058 9 0 0 0 0 0 0 0 0 0 0 0 0 0 0 0 0 0 0 0 0 0 0 9 0 0 0 0 0 0 0 -999
P5616 2058 10 0 0 0 0 0 0 0 0 0 0 0 0 0 0 0 0 0 0 0 0 0 4 3 0 0 0 0 0 0 0 0
P5616 2058 11 0 0 0 0 0 0 0 26 36 8 15 24 9 13 6 60 16 105 49 120 16 10 7 3 0 25 42 50 79 29 -999
P5616 2058 12 4 23 11 3 0 2 8 0 5 0 0 0 0 0 14 6 7 28 64 36 21 24 0 7 7 18 71 55 3 4 60
P5616 2059 1 19 52 28 24 15 5 2 2 0 0 0 0 0 0 10 6 0 0 9 10 15 7 4 0 8 4 0 0 0 0 0
P5616 2059 2 0 0 0 0 0 0 0 0 0 0 0 0 0 0 0 0 0 0 0 0 0 0 0 0 0 0 0 0 -999 -999 -999
P5616 2059 3 0 0 0 0 0 0 0 0 0 0 0 9 9 12 0 0 0 0 0 0 40 14 19 52 20 85 8 7 24 14 2
P5616 2059 4 1 0 0 0 0 0 0 0 0 0 0 0 0 0 0 0 0 0 0 0 0 0 0 12 14 10 0 0 32 23 -999
P5616 2059 5 0 0 0 51 51 21 21 19 21 16 13 0 0 0 0 0 0 8 0 0 0 0 0 0 0 0 0 0 0 0 0
P5616 2059 6 0 0 0 0 0 0 0 0 0 0 0 0 0 0 0 0 0 0 0 0 0 0 0 0 0 0 0 0 0 0 -999
P5616 2059 7 0 0 0 0 0 0 0 0 0 0 0 0 0 0 0 72 53 0 0 0 0 0 0 0 0 0 0 0 0 0 0
P5616 2059 8 0 0 0 0 0 0 0 0 0 0 0 0 0 0 0 0 0 0 0 0 0 0 0 0 0 0 0 0 0 0 0
P5616 2059 9 0 0 0 0 0 0 0 0 0 0 0 0 0 0 0 0 0 0 0 0 0 0 0 11 12 0 0 0 0 0 -999
P5616 2059 10 0 0 0 0 0 0 0 0 0 0 0 0 0 0 0 0 0 0 0 0 15 24 80 40 11 15 8 0 0 30 12
P5616 2059 11 32 69 58 70 95 0 0 0 4 0 26 6 0 0 85 58 12 3 3 3 3 3 54 29 3 0 28 7 0 2 -999
P5616 2059 12 0 0 0 0 0 0 0 7 9 13 0 4 3 3 3 0 0 0 0 0 0 0 0 0 0 0 5 21 37 32 0
P5616 2060 1 4 29 44 33 29 39 0 0 0 9 3 0 0 0 0 0 0 0 0 0 0 0 0 0 0 3 0 3 0 0 3
P5616 2060 2 0 0 0 6 17 11 12 13 27 36 24 45 9 44 171 45 31 34 26 5 22 5 24 45 43 31 35 18 -999 -999 -999
P5616 2060 3 63 46 28 34 33 45 71 71 28 9 0 0 0 0 0 0 71 79 93 85 127 52 24 6 0 0 6 34 12 11 5
P5616 2060 4 0 0 0 0 0 0 0 0 0 0 14 20 0 0 0 0 0 0 0 0 0 0 0 0 0 0 0 0 0 0 -999
P5616 2060 5 0 0 0 0 0 0 0 0 0 0 0 0 0 0 0 0 0 0 0 0 0 0 0 0 0 0 0 0 0 0 0
P5616 2060 6 0 22 85 81 103 32 33 32 12 6 0 6 0 0 0 0 0 0 0 0 0 0 0 0 0 0 0 0 0 0 -999
P5616 2060 7 0 0 0 0 0 0 0 0 0 0 0 0 0 0 0 0 0 0 0 0 0 0 0 0 0 0 0 0 0 0 0
P5616 2060 8 0 0 0 0 0 0 0 0 0 0 0 0 0 0 0 0 0 0 0 0 0 0 0 0 0 0 0 0 0 0 0
P5616 2060 9 0 0 0 0 0 0 0 0 0 0 0 0 0 0 0 13 9 0 0 0 0 0 0 0 0 60 17 0 0 0 -999
P5616 2060 10 0 0 0 0 0 0 0 0 0 0 0 34 21 45 6 0 0 0 0 0 11 3 5 5 21 0 0 32 18 15 75
P5616 2060 11 91 30 21 4 0 0 0 0 12 7 0 3 3 1 3 5 0 14 6 0 0 0 0 0 3 10 21 5 6 3 -999
P5616 2060 12 0 9 13 7 19 49 15 0 5 9 0 0 0 0 6 23 5 14 3 26 79 2 2 3 2 3 2 0 4 0 0
P5616 2061 1 0 0 0 4 0 0 0 0 0 0 4 0 0 14 9 14 47 8 72 24 14 38 76 39 102 69 93 52 17 19 24
P5616 2061 2 0 0 0 0 12 0 0 0 13 21 33 19 13 44 37 17 3 17 4 38 17 38 13 3 23 15 22 8 -999 -999 -999
P5616 2061 3 83 41 23 74 19 3 23 27 13 11 65 9 39 17 40 51 9 23 55 19 14 2 0 0 0 0 0 0 0 0 0
P5616 2061 4 0 0 8 12 15 27 38 66 75 81 28 43 68 69 86 22 160 374 73 19 0 0 0 0 17 16 24 19 0 0 -999
P5616 2061 5 0 139 66 96 48 7 0 0 0 0 0 0 0 0 0 0 0 0 0 0 0 0 0 0 0 0 0 0 0 0 0
P5616 2061 6 0 0 0 0 0 0 0 0 0 0 0 0 0 0 0 0 0 0 0 0 0 0 0 0 0 0 0 0 0 0 -999
P5616 2061 7 0 0 0 0 0 0 0 0 0 0 0 0 0 0 0 0 0 0 0 0 0 0 0 0 0 0 0 0 0 0 0
P5616 2061 8 0 0 0 0 0 0 0 0 0 0 0 0 0 0 0 0 0 0 0 0 0 0 0 0 0 0 0 0 0 0 0
P5616 2061 9 0 0 0 0 0 0 0 0 0 0 0 0 0 0 0 0 39 38 93 30 19 12 0 0 0 0 0 0 0 0 -999
P5616 2061 10 0 0 7 0 0 0 26 11 48 68 38 0 0 0 0 0 4 8 0 0 0 0 0 0 19 21 40 11 0 0 0
P5616 2061 11 0 0 9 0 0 0 0 17 12 15 2 0 0 0 0 0 0 14 10 0 0 0 0 0 0 0 0 0 5 7 -999
P5616 2061 12 28 74 40 0 0 0 0 0 0 0 0 0 0 0 0 0 0 10 7 4 0 2 0 0 0 0 0 0 5 12 0
P5616 2062 1 0 0 0 0 0 0 0 0 0 0 0 0 7 9 24 54 27 33 2 0 6 3 0 0 0 6 4 17 0 28 66
P5616 2062 2 43 58 14 23 7 19 31 44 29 12 0 0 0 0 0 4 9 14 14 9 67 52 52 37 58 46 43 0 -999 -999 -999
P5616 2062 3 0 0 0 0 0 12 5 0 0 7 0 0 0 18 0 0 0 0 0 0 0 0 9 11 10 51 0 0 0 0 0
P5616 2062 4 0 8 3 0 0 17 0 0 0 19 19 9 0 0 0 0 4 10 0 0 6 8 13 29 28 9 0 0 0 0 -999
P5616 2062 5 0 0 52 23 0 0 0 0 19 0 0 0 0 0 0 0 0 0 61 0 0 0 0 0 0 0 0 18 37 17 6
P5616 2062 6 11 0 0 0 0 0 0 0 0 0 0 0 0 0 0 0 0 0 0 0 0 0 0 0 0 0 0 0 0 0 -999
P5616 2062 7 0 0 0 0 0 0 0 0 0 0 0 0 0 0 0 0 0 0 0 0 0 0 0 0 0 0 0 0 0 0 0
P5616 2062 8 0 0 0 0 0 0 0 0 0 0 0 0 0 0 0 0 0 0 0 0 0 0 0 0 0 0 0 0 0 0 0
P5616 2062 9 0 0 0 0 0 0 0 0 0 0 0 0 0 0 0 0 0 0 0 0 0 0 0 0 0 0 0 0 0 0 -999
P5616 2062 10 0 0 0 0 0 0 25 26 0 0 0 0 0 0 0 0 0 0 0 41 22 14 18 0 11 21 29 292 105 5 0
P5616 2062 11 0 0 17 0 32 41 17 0 0 0 23 11 0 0 0 0 0 11 6 28 31 16 48 20 50 4 0 0 0 3 -999
P5616 2062 12 0 0 0 0 0 0 17 0 18 35 61 3 0 0 0 32 4 0 6 5 8 7 18 23 31 0 0 0 0 0 0
P5616 2063 1 0 0 4 5 3 4 0 0 0 0 0 0 2 1 0 0 0 0 0 4 5 2 0 10 0 9 24 9 0 0 0
P5616 2063 2 0 0 0 0 0 0 9 12 9 3 0 0 1 3 18 0 0 0 0 0 6 5 6 2 1 0 0 6 -999 -999 -999
P5616 2063 3 10 7 6 0 0 0 15 12 5 6 41 11 21 30 42 54 9 6 7 9 0 22 12 0 0 73 52 98 84 9 0
P5616 2063 4 14 15 12 0 0 0 0 0 0 32 110 20 3 3 5 16 27 50 0 0 0 16 19 4 8 5 16 23 23 8 -999
P5616 2063 5 1 0 0 0 0 0 0 0 0 10 17 10 26 24 13 13 4 5 0 4 0 14 4 0 0 0 0 0 0 0 0
P5616 2063 6 0 0 0 0 0 0 0 0 0 0 0 0 0 0 0 0 0 0 0 0 0 0 0 0 0 0 0 0 0 0 -999
P5616 2063 7 0 0 0 0 0 0 0 0 0 0 0 0 0 0 0 0 0 0 0 0 0 0 0 0 0 0 0 0 0 0 0
P5616 2063 8 0 0 0 0 0 0 0 0 0 0 0 0 0 0 0 0 0 0 0 0 0 0 0 0 0 0 0 0 0 0 0
P5616 2063 9 0 0 0 0 0 0 0 0 0 0 0 0 0 0 0 0 0 0 0 0 0 0 0 0 0 0 46 0 0 0 -999
P5616 2063 10 0 0 0 0 0 34 0 0 10 20 56 13 0 14 13 3 0 0 7 51 38 34 10 0 0 0 0 33 20 10 0
P5616 2063 11 0 0 0 0 0 0 0 0 0 0 0 0 0 7 0 0 0 0 0 0 0 3 0 12 46 4 0 35 8 10 -999
P5616 2063 12 29 17 41 0 28 30 10 0 0 0 8 24 5 13 0 0 12 15 4 0 0 0 32 25 16 12 17 0 6 37 10
P5616 2064 1 0 0 0 9 5 13 0 0 9 34 53 65 33 35 9 2 4 44 0 0 27 23 46 0 0 0 0 5 5 5 0
P5616 2064 2 0 0 0 0 0 0 0 0 0 0 0 0 7 25 15 13 11 9 0 0 0 0 0 0 0 6 12 14 -999 -999 -999
P5616 2064 3 4 11 29 67 41 31 8 6 6 9 36 13 0 3 0 18 0 10 5 4 0 9 73 18 0 0 3 0 0 14 5
P5616 2064 4 5 9 13 36 101 0 0 6 1 5 0 0 0 0 0 0 0 19 5 0 0 0 0 58 33 0 0 35 0 0 -999
P5616 2064 5 0 14 5 0 0 0 0 0 0 0 0 0 0 5 0 0 0 0 0 0 0 0 0 0 0 0 0 0 0 0 0
P5616 2064 6 0 0 0 0 0 0 0 0 0 0 0 0 0 0 0 0 0 0 0 0 0 0 0 0 0 0 0 0 0 0 -999
P5616 2064 7 0 0 0 0 0 0 0 0 0 0 0 0 0 0 0 0 0 0 0 0 0 0 0 0 0 0 0 0 0 0 0
P5616 2064 8 0 0 0 0 0 0 0 0 0 0 0 0 0 0 0 0 0 0 0 0 0 0 0 0 0 0 0 0 0 0 0
P5616 2064 9 0 0 0 0 0 0 0 0 0 0 0 0 0 0 0 0 0 0 0 0 0 0 0 0 0 0 0 13 0 0 -999
P5616 2064 10 0 3 0 7 0 0 0 0 0 30 0 0 0 0 0 0 0 0 0 0 0 5 9 23 9 0 3 0 0 0 0
P5616 2064 11 0 0 0 0 0 9 4 3 3 6 0 0 2 4 6 1 0 0 0 0 0 0 8 26 13 8 8 20 37 18 -999
P5616 2064 12 0 5 4 0 11 0 0 0 31 72 45 8 0 0 0 0 0 0 0 33 23 46 5 5 0 19 18 58 12 34 15
P5616 2065 1 9 36 28 7 3 11 67 112 39 149 28 15 9 2 0 0 0 0 0 0 0 0 6 1 0 0 0 0 0 0 3
P5616 2065 2 13 22 16 29 0 0 0 0 0 0 0 0 0 0 0 0 0 0 5 0 9 0 0 0 13 3 0 4 -999 -999 -999
P5616 2065 3 2 0 0 0 0 13 28 3 10 19 0 0 0 0 0 0 10 22 0 0 0 2 0 41 12 81 23 49 21 21 44
P5616 2065 4 35 25 26 10 2 0 0 0 0 0 36 30 98 302 244 0 0 0 0 0 0 0 0 0 20 23 0 0 17 5 -999
P5616 2065 5 6 0 15 4 23 0 11 22 9 9 4 4 0 0 0 9 16 0 0 0 0 0 0 0 0 0 0 0 0 0 15
P5616 2065 6 27 33 13 26 23 14 11 6 0 0 0 36 16 0 0 0 0 0 0 0 0 0 0 0 0 0 0 0 0 0 -999
P5616 2065 7 0 0 0 0 0 0 0 0 0 0 0 0 0 0 0 0 0 0 0 0 0 0 0 0 0 0 0 0 0 0 0
P5616 2065 8 0 0 0 0 0 0 0 0 0 0 0 0 0 0 0 0 0 0 0 0 0 0 0 0 0 0 0 0 0 0 0
P5616 2065 9 0 0 0 0 0 0 0 0 0 0 0 0 0 0 0 0 0 0 0 0 58 39 77 74 17 0 11 16 0 0 -999
P5616 2065 10 0 0 0 0 0 0 0 0 0 0 0 0 0 0 0 0 21 24 53 4 0 0 5 0 0 0 0 0 0 0 0
P5616 2065 11 0 0 0 0 33 4 7 12 8 0 0 13 10 0 0 0 0 0 0 0 0 0 0 0 0 5 0 0 0 0 -999
P5616 2065 12 0 0 0 0 0 4 0 0 0 9 13 44 4 0 0 0 0 0 0 16 32 10 77 43 23 31 5 18 9 0 6
P5616 2066 1 0 0 0 6 27 0 0 0 4 0 0 0 0 4 0 0 13 5 0 0 0 0 0 0 0 0 0 0 0 0 0
P5616 2066 2 0 0 0 0 0 5 7 8 9 0 0 0 0 0 0 0 0 25 17 7 0 0 0 22 8 39 9 0 -999 -999 -999
P5616 2066 3 74 112 116 86 79 46 67 31 45 50 16 27 0 0 28 54 15 6 10 25 25 31 8 7 5 0 0 19 13 20 32
P5616 2066 4 18 0 0 0 0 0 59 37 11 0 0 0 0 0 0 7 14 19 9 0 0 0 0 0 0 0 0 0 0 0 -999
P5616 2066 5 0 0 0 0 0 0 0 0 0 0 0 0 0 0 0 0 13 0 0 0 0 0 0 0 0 0 0 0 0 0 0
P5616 2066 6 0 0 0 0 0 0 0 0 0 0 0 0 0 0 0 0 0 0 0 0 0 0 0 0 0 0 0 0 0 0 -999
P5616 2066 7 0 0 0 0 0 0 0 0 0 0 0 0 0 0 0 0 0 0 0 0 0 0 0 0 0 0 0 0 0 0 0
P5616 2066 8 0 0 0 0 0 0 0 0 0 0 0 0 0 0 0 0 0 0 0 0 0 0 0 0 0 0 0 0 0 0 0
P5616 2066 9 0 0 0 0 0 0 0 0 0 0 0 0 0 0 0 0 0 0 0 0 0 0 0 0 0 0 0 0 0 0 -999
P5616 2066 10 0 0 0 0 0 0 0 0 0 0 0 0 36 19 22 50 21 14 6 5 0 0 14 0 0 0 30 28 27 14 68
P5616 2066 11 39 27 10 9 13 19 27 34 35 25 0 0 0 0 0 16 17 25 30 30 32 63 6 0 0 19 67 53 66 82 -999
P5616 2066 12 89 139 91 0 0 0 0 0 8 17 13 47 58 79 31 12 58 47 1 0 3 12 17 12 4 11 18 14 7 7 6
P5616 2067 1 9 14 24 67 34 30 17 36 113 8 17 21 36 36 38 31 26 57 74 8 0 17 35 35 33 26 23 13 44 65 26
P5616 2067 2 22 14 11 3 0 0 0 18 42 14 24 62 7 0 0 0 0 8 8 11 6 7 4 3 0 0 0 0 -999 -999 -999
P5616 2067 3 0 0 0 10 3 0 0 0 4 4 5 17 18 5 10 18 0 0 0 0 0 0 0 28 11 16 42 49 15 0 0
P5616 2067 4 0 0 0 0 0 0 16 35 33 3 0 0 0 11 14 39 10 7 11 7 3 0 0 0 21 32 20 14 0 11 -999
P5616 2067 5 0 0 0 0 0 32 41 16 0 106 68 60 98 95 38 8 13 16 35 60 30 19 6 0 0 0 0 0 0 0 0
P5616 2067 6 0 0 0 0 0 0 0 0 0 0 0 0 0 0 0 0 0 0 0 0 0 0 0 0 0 0 0 0 0 0 -999
P5616 2067 7 0 0 0 0 0 0 0 0 0 0 0 0 0 0 0 0 0 0 0 0 0 0 0 0 0 0 0 0 0 0 0
P5616 2067 8 0 0 0 0 0 0 0 0 0 0 0 0 0 0 0 0 0 0 0 0 0 0 0 0 0 0 0 0 0 0 0
P5616 2067 9 0 0 0 0 0 0 0 0 0 0 0 0 0 0 0 0 0 0 0 0 0 0 0 0 0 0 0 0 0 0 -999
P5616 2067 10 0 0 0 0 0 0 23 70 0 0 0 0 0 0 0 0 0 0 0 0 0 0 0 0 0 0 0 0 0 16 26
P5616 2067 11 18 19 64 63 14 18 78 63 39 11 7 22 11 7 18 20 7 34 57 15 0 0 0 0 11 4 0 2 17 3 -999
P5616 2067 12 2 2 0 28 46 64 6 0 47 31 55 93 10 9 0 0 0 0 0 10 8 16 4 0 0 0 0 0 0 0 0
P5616 2068 1 3 0 1 0 0 0 0 0 5 27 13 5 2 0 0 1 0 13 6 7 12 14 17 22 9 22 3 0 18 25 64
P5616 2068 2 5 11 7 2 7 37 14 19 50 41 6 7 22 10 27 47 42 0 0 3 5 0 16 10 16 0 0 0 -999 -999 -999
P5616 2068 3 0 0 0 8 11 6 0 0 0 62 26 12 2 0 0 0 32 0 0 18 6 0 0 30 0 0 0 0 0 0 0
P5616 2068 4 9 8 0 0 24 20 3 0 0 0 0 0 0 0 0 0 0 0 0 0 0 0 6 0 7 0 0 34 3 0 -999
P5616 2068 5 0 0 0 42 83 0 99 9 5 8 13 53 63 16 29 20 8 17 17 17 15 0 0 0 0 0 0 0 0 0 0
P5616 2068 6 0 0 0 0 0 0 0 0 0 0 0 0 0 0 0 0 0 0 0 0 0 0 0 0 0 0 0 0 0 0 -999
P5616 2068 7 0 0 0 0 0 0 0 0 0 0 0 0 0 0 0 0 0 0 0 0 0 0 0 0 0 0 0 0 0 0 0
P5616 2068 8 0 0 0 0 0 0 0 0 0 0 0 0 0 0 0 0 0 0 0 0 0 0 0 0 0 0 0 0 0 0 0
P5616 2068 9 0 0 0 0 0 0 0 0 0 0 0 0 0 0 0 0 0 0 0 0 32 33 35 17 0 0 34 13 0 17 -999
P5616 2068 10 7 22 0 0 0 0 12 22 0 0 0 0 21 21 0 0 0 0 0 0 8 11 62 29 6 0 0 0 17 7 9
P5616 2068 11 0 0 0 0 0 0 0 0 0 0 0 0 0 0 12 51 5 2 11 4 22 94 7 22 12 0 0 0 15 31 -999
P5616 2068 12 0 20 36 13 86 71 7 7 23 13 25 3 11 9 33 55 86 89 25 0 11 6 0 0 0 9 7 0 0 0 0
P5616 2069 1 0 0 0 0 0 4 8 2 11 43 41 21 4 0 0 0 0 0 0 0 0 0 0 0 8 13 18 33 86 129 124
P5616 2069 2 81 27 53 4 69 26 6 19 56 35 24 11 21 24 5 2 0 0 0 0 0 0 6 2 2 0 0 5 -999 -999 -999
P5616 2069 3 45 68 13 11 29 42 47 42 34 21 28 7 0 0 0 0 0 0 0 0 0 0 0 8 3 5 12 20 55 3 0
P5616 2069 4 13 0 0 0 0 0 25 72 18 14 109 112 18 28 37 33 21 26 55 49 9 4 0 0 0 0 0 19 21 114 -999
P5616 2069 5 65 38 12 0 10 26 43 36 19 11 0 0 0 0 0 0 6 0 0 23 9 0 0 0 0 0 0 18 5 0 0
P5616 2069 6 0 0 0 0 0 0 0 0 0 0 0 0 0 0 0 0 0 0 0 0 0 0 0 0 0 0 0 0 0 0 -999
P5616 2069 7 0 15 0 0 0 0 0 0 0 0 0 0 0 0 0 0 0 0 0 0 0 0 0 0 0 0 0 0 0 0 0
P5616 2069 8 0 0 0 0 0 0 0 0 0 0 0 0 0 0 0 0 0 0 0 0 0 0 0 0 0 0 0 0 0 0 0
P5616 2069 9 0 0 0 0 0 0 0 0 9 0 0 0 0 0 0 0 0 0 0 51 0 0 0 0 6 0 12 13 23 25 -999
P5616 2069 10 30 24 43 19 0 0 0 0 0 0 0 0 0 0 13 7 14 0 0 0 12 32 53 19 16 3 0 0 0 0 18
P5616 2069 11 37 33 44 12 2 0 0 0 31 43 96 45 34 25 13 0 0 0 0 0 14 0 13 37 15 29 6 64 109 10 -999
P5616 2069 12 0 21 40 46 36 38 38 11 0 0 0 0 7 0 0 0 0 0 0 0 0 0 24 25 3 0 6 0 13 0 0
P5616 2070 1 8 16 8 11 27 12 2 0 56 5 5 0 0 0 0 0 9 4 15 34 46 29 32 44 46 11 91 9 8 62 48
P5616 2070 2 57 52 95 22 1 3 10 8 15 57 38 26 20 0 19 28 29 7 0 0 7 14 53 47 39 22 58 9 -999 -999 -999
P5616 2070 3 9 0 0 0 0 0 0 0 24 77 56 43 29 14 7 0 0 12 28 8 41 69 51 7 50 11 0 0 0 0 0
P5616 2070 4 45 37 16 0 24 30 34 46 28 10 24 30 6 15 42 28 19 5 0 0 0 21 27 13 9 3 5 15 2 0 -999
P5616 2070 5 0 0 0 0 31 24 11 10 0 6 0 14 47 145 29 28 0 0 13 0 0 0 0 0 16 0 0 0 0 0 0
P5616 2070 6 0 0 0 0 0 0 0 0 0 0 0 0 0 0 0 0 0 0 0 0 0 0 0 0 0 0 0 0 0 0 -999
P5616 2070 7 0 0 0 0 0 0 0 0 0 0 0 0 0 0 0 0 0 0 0 0 0 0 0 0 0 0 0 0 0 0 0
P5616 2070 8 0 0 0 0 0 0 0 0 0 0 0 0 0 0 0 0 0 0 0 0 0 0 0 0 0 0 0 0 0 0 0
P5616 2070 9 0 0 0 0 0 0 0 0 0 0 0 0 0 0 0 0 0 0 0 0 0 0 0 0 0 0 0 0 49 37 -999
P5616 2070 10 30 0 0 0 0 0 14 35 143 45 29 28 19 12 0 0 9 8 19 80 52 65 39 3 0 0 0 0 0 7 22
P5616 2070 11 0 0 35 17 7 8 25 29 54 14 28 66 61 21 0 8 26 10 9 14 25 49 37 22 0 0 0 0 0 3 -999
P5616 2070 12 0 0 4 0 0 0 0 0 0 5 4 0 4 3 0 0 0 0 3 0 4 50 11 6 11 2 14 35 55 6 5
P5616 2071 1 0 6 9 38 4 0 0 6 27 23 13 15 22 22 42 53 60 53 48 34 21 13 32 39 29 3 6 6 5 19 67
P5616 2071 2 7 6 0 6 39 51 11 11 4 0 0 0 0 0 0 0 0 0 12 9 23 13 4 3 12 50 76 8 -999 -999 -999
P5616 2071 3 0 0 0 0 0 0 5 4 3 17 7 4 0 0 6 0 0 0 9 11 0 0 0 0 0 0 0 0 0 7 0
P5616 2071 4 0 0 0 0 0 0 0 0 0 0 0 0 0 0 0 0 0 0 0 0 19 16 0 0 0 0 0 0 0 0 -999
P5616 2071 5 0 0 0 0 0 0 0 0 0 0 0 0 0 0 38 0 0 0 0 0 0 0 0 0 0 0 0 0 0 0 0
P5616 2071 6 0 0 0 0 0 0 23 14 9 0 0 0 0 0 0 0 0 0 0 0 0 0 0 0 0 0 0 0 0 0 -999
P5616 2071 7 0 0 0 0 0 0 0 0 0 0 0 0 0 0 0 0 0 0 0 0 0 0 0 0 0 0 0 0 0 0 0
P5616 2071 8 0 0 0 0 0 0 0 0 0 0 0 0 0 0 0 0 0 0 0 0 0 0 0 0 0 0 0 0 0 0 0
P5616 2071 9 0 0 0 0 0 0 0 0 0 0 0 0 0 0 0 0 0 0 0 0 0 0 0 0 0 0 0 0 0 0 -999
P5616 2071 10 0 0 0 0 0 0 0 0 15 12 12 0 0 0 0 0 0 0 0 0 0 0 0 0 15 0 0 0 0 0 0
P5616 2071 11 17 27 0 0 0 0 17 55 55 14 8 25 0 0 0 13 5 0 0 0 0 0 0 0 0 14 9 0 0 0 -999
P5616 2071 12 0 2 4 0 6 16 10 14 0 0 0 0 0 0 0 0 0 0 0 0 0 0 0 0 0 0 0 0 0 0 0
P5616 2072 1 0 2 0 0 0 9 2 1 3 22 21 4 0 4 18 5 1 0 0 0 13 38 54 10 0 0 3 26 47 19 33
P5616 2072 2 2 3 4 15 45 18 6 21 4 51 37 52 76 72 59 78 78 69 46 89 132 114 77 32 3 6 15 7 -999 -999 -999
P5616 2072 3 0 0 0 25 28 23 34 49 4 0 0 34 0 0 0 0 0 0 56 30 0 0 123 11 4 0 0 0 295 13 0
P5616 2072 4 0 0 0 0 0 124 49 23 26 20 24 8 0 0 41 55 19 10 0 0 34 0 148 77 21 0 0 0 0 0 -999
P5616 2072 5 0 0 0 21 0 0 10 12 15 23 0 0 0 0 0 0 0 0 0 0 0 0 0 0 0 0 0 0 0 0 0
P5616 2072 6 23 11 21 12 0 0 0 0 0 0 0 0 0 0 0 0 0 0 0 0 0 0 0 0 0 0 0 0 0 0 -999
P5616 2072 7 0 0 0 0 0 0 0 0 0 0 0 0 0 0 0 0 0 0 0 0 0 0 0 0 0 0 0 0 0 0 0
P5616 2072 8 0 0 0 0 0 0 0 0 0 0 0 0 0 0 0 0 0 0 0 0 0 0 0 0 0 0 0 0 0 0 0
P5616 2072 9 0 0 0 0 0 0 0 0 0 0 0 0 0 0 0 0 0 0 0 0 0 0 0 0 0 0 0 0 0 0 -999
P5616 2072 10 12 0 0 0 0 0 9 0 0 0 0 0 0 0 0 0 55 50 15 0 7 8 0 22 0 19 6 0 0 34 27
P5616 2072 11 6 8 0 24 57 44 48 70 79 110 86 33 3 0 0 0 0 0 0 0 0 11 42 72 28 17 125 9 7 4 -999
P5616 2072 12 0 0 0 0 0 24 29 8 2 6 3 2 0 0 0 0 0 0 0 0 0 0 0 0 0 0 4 0 0 0 0
P5616 2073 1 0 0 0 0 0 10 2 0 0 0 0 0 5 0 0 0 0 0 0 0 0 0 0 0 0 0 3 0 0 0 0
P5616 2073 2 0 0 5 11 5 3 7 12 51 71 48 34 13 46 25 4 13 11 4 0 0 0 8 0 0 0 0 0 -999 -999 -999
P5616 2073 3 0 0 0 0 0 0 0 9 16 10 3 0 0 0 7 0 11 9 21 38 19 13 2 0 0 0 0 10 13 0 0
P5616 2073 4 0 0 0 0 0 0 0 0 0 0 0 0 0 0 17 41 24 0 0 0 0 0 0 18 21 7 3 0 0 0 -999
P5616 2073 5 15 0 0 0 0 0 0 0 0 0 0 0 0 0 0 20 22 20 34 21 3 4 16 48 8 0 5 7 0 0 0
P5616 2073 6 0 0 0 0 0 0 0 0 0 0 0 0 0 0 0 0 0 0 0 0 0 0 0 0 0 0 0 0 0 0 -999
P5616 2073 7 0 0 0 0 0 0 0 0 0 0 0 0 0 0 0 0 0 0 0 0 0 0 0 0 0 0 0 0 0 0 0
P5616 2073 8 0 0 0 0 0 0 0 0 0 0 0 0 0 0 0 0 0 0 0 0 0 0 0 0 0 0 0 0 0 0 0
P5616 2073 9 0 0 0 36 0 10 0 0 0 0 0 7 0 0 0 0 0 0 0 0 11 0 0 0 0 0 0 10 0 0 -999
P5616 2073 10 0 0 0 0 0 0 13 48 3 23 37 0 0 0 0 0 0 0 27 24 0 0 0 0 0 0 0 27 8 8 0
P5616 2073 11 18 12 4 0 0 0 87 67 53 66 36 7 3 0 0 0 0 0 0 0 0 8 4 10 6 9 11 8 9 12 -999
P5616 2073 12 16 33 32 36 9 17 4 3 0 0 0 0 0 0 0 0 3 3 3 18 20 10 0 8 42 10 6 0 0 0 0
P5616 2074 1 0 3 0 0 0 0 0 0 0 5 3 2 0 0 0 0 0 22 23 9 0 0 0 0 0 0 3 4 0 0 0
P5616 2074 2 0 0 0 0 0 0 6 10 32 4 0 0 4 0 0 0 0 0 0 4 4 11 5 0 0 0 0 0 -999 -999 -999
P5616 2074 3 0 23 9 0 0 0 0 0 0 0 0 0 0 0 0 0 0 0 0 0 9 0 0 0 0 0 0 0 0 0 0
P5616 2074 4 0 0 0 0 0 0 0 0 0 0 0 0 0 0 0 0 0 0 0 0 0 0 0 0 0 28 18 0 0 0 -999
P5616 2074 5 0 0 0 25 24 44 42 17 13 50 49 44 22 5 0 0 0 0 11 25 37 15 18 0 0 0 0 0 0 0 0
P5616 2074 6 0 0 0 0 0 0 0 0 0 0 0 0 0 0 0 0 0 0 0 0 0 0 0 0 0 0 0 0 0 0 -999
P5616 2074 7 0 0 0 0 0 0 0 0 0 0 0 0 0 0 0 0 0 0 0 0 0 0 0 0 0 0 0 0 0 0 0
P5616 2074 8 0 0 0 0 0 0 0 0 0 0 0 0 0 0 0 0 0 0 0 0 0 0 0 0 0 0 0 0 0 0 0
P5616 2074 9 0 0 0 0 0 0 0 0 0 0 0 0 0 0 0 0 0 0 0 0 0 0 10 14 9 7 0 10 0 0 -999
P5616 2074 10 0 0 12 0 0 0 0 12 33 17 0 0 0 0 0 0 0 0 15 0 0 0 0 0 0 0 0 0 37 0 0
P5616 2074 11 0 0 8 0 0 0 0 0 14 45 0 0 0 0 0 0 18 14 13 0 0 0 17 33 74 35 16 15 16 3 -999
P5616 2074 12 0 0 33 37 0 0 0 0 8 0 5 7 24 71 98 134 101 14 23 9 48 40 5 0 0 0 34 46 53 41 20
P5616 2075 1 126 196 86 60 25 15 7 12 16 3 2 9 34 3 1 2 0 0 0 0 0 0 0 0 0 0 8 5 5 14 5
P5616 2075 2 49 3 0 0 34 46 11 6 10 0 26 31 9 16 11 17 19 14 21 16 75 37 5 3 0 0 0 0 -999 -999 -999
P5616 2075 3 0 0 0 8 48 94 25 0 0 102 23 17 71 47 4 3 4 15 63 50 10 31 57 54 33 18 40 19 32 28 86
P5616 2075 4 37 1 9 0 0 0 0 0 0 0 0 0 0 0 0 0 0 0 11 6 6 9 17 0 0 0 0 0 0 0 -999
P5616 2075 5 38 65 154 77 53 54 47 30 6 0 0 21 41 32 14 16 26 51 18 16 14 9 6 0 0 0 0 0 0 0 0
P5616 2075 6 0 0 0 0 0 0 0 0 0 0 0 0 0 0 0 0 0 0 0 0 0 0 0 0 0 0 0 0 0 0 -999
P5616 2075 7 0 0 0 0 0 0 0 0 0 0 0 0 0 0 0 0 0 0 0 0 0 0 0 0 0 0 0 0 0 0 0
P5616 2075 8 0 0 0 0 0 0 0 0 0 0 0 0 0 0 0 0 0 0 0 0 0 0 0 0 0 0 0 0 0 0 0
P5616 2075 9 0 0 0 0 0 0 0 0 0 0 0 0 0 0 0 0 0 0 0 0 0 0 0 0 0 0 0 0 0 7 -999
P5616 2075 10 0 0 14 12 0 0 0 21 8 0 0 0 0 0 0 0 0 0 45 31 6 0 0 0 0 0 13 32 11 0 0
P5616 2075 11 16 7 22 45 13 3 88 53 72 29 8 17 39 41 0 10 52 14 5 6 6 0 0 19 0 0 56 7 5 4 -999
P5616 2075 12 0 0 0 0 11 26 38 32 71 7 9 16 23 5 2 2 0 0 0 0 0 3 4 0 0 8 1 0 1 0 0
P5616 2076 1 0 0 0 0 0 0 0 0 0 2 2 2 3 13 3 2 0 0 2 0 0 0 0 0 0 0 17 12 0 4 0
P5616 2076 2 2 13 3 0 0 0 0 12 30 2 0 0 0 0 0 0 0 0 8 4 5 0 0 0 0 0 0 0 -999 -999 -999
P5616 2076 3 0 0 0 0 0 12 5 0 17 39 13 0 0 8 10 15 28 58 7 0 0 0 0 0 0 0 0 0 0 0 0
P5616 2076 4 0 0 0 51 19 0 0 0 0 0 0 27 10 0 0 8 0 0 14 0 140 103 85 42 0 0 14 10 0 0 -999
P5616 2076 5 17 15 49 5 0 0 0 0 0 0 0 0 0 4 0 0 8 24 45 46 30 19 13 0 0 19 22 40 16 19 5
P5616 2076 6 19 26 0 0 0 0 7 11 0 0 0 0 0 0 0 0 0 0 0 0 0 0 0 0 0 0 0 0 0 0 -999
P5616 2076 7 0 0 0 0 0 0 0 0 0 0 0 0 0 0 0 0 0 0 0 0 0 0 0 0 0 0 0 0 0 0 0
P5616 2076 8 0 0 0 0 0 0 0 0 0 0 0 0 0 0 0 0 0 0 0 0 0 0 0 0 0 0 0 0 0 0 0
P5616 2076 9 0 0 0 0 0 0 0 0 0 0 0 0 0 0 0 0 0 0 0 0 0 0 25 0 0 0 32 40 25 0 -999
P5616 2076 10 0 0 19 0 0 0 0 0 0 0 18 74 92 76 78 11 0 59 0 0 0 5 14 5 0 0 0 0 0 0 0
P5616 2076 11 0 0 0 5 0 0 0 7 21 52 15 37 9 4 5 0 0 60 6 2 0 0 0 15 16 0 0 0 0 0 -999
P5616 2076 12 0 0 0 0 0 0 0 6 8 0 0 0 0 0 3 3 3 0 0 0 0 0 0 0 0 0 4 0 14 12 4
P5616 2077 1 0 0 0 0 0 3 0 0 0 0 0 13 26 60 11 6 0 0 0 0 0 18 35 39 32 10 24 8 1 3 4
P5616 2077 2 2 0 5 16 28 42 3 0 0 0 0 0 10 7 17 23 23 0 0 0 0 0 0 0 0 0 0 0 -999 -999 -999
P5616 2077 3 0 0 0 0 0 18 11 0 34 55 45 11 39 46 14 44 0 191 24 8 0 0 0 0 0 10 6 6 8 0 0
P5616 2077 4 0 0 0 0 0 0 0 21 28 0 6 0 0 0 0 0 0 0 0 0 0 0 0 0 0 0 14 0 0 0 -999
P5616 2077 5 0 0 0 0 0 30 57 201 28 7 7 0 0 0 0 0 0 0 0 0 0 0 40 75 131 54 50 0 0 0 0
P5616 2077 6 0 0 0 0 0 0 0 0 0 44 81 42 20 15 0 0 0 0 0 0 0 0 0 0 0 0 0 0 0 0 -999
P5616 2077 7 0 0 0 0 0 0 0 0 0 0 0 0 0 0 0 0 0 0 0 0 0 0 0 0 0 0 0 0 0 0 0
P5616 2077 8 0 0 0 0 0 0 0 0 0 0 0 0 0 0 0 0 0 0 0 0 0 0 0 0 0 0 0 0 0 0 0
P5616 2077 9 0 0 0 0 0 0 0 0 0 0 0 0 0 0 0 0 0 0 0 0 0 0 0 0 0 0 0 0 0 0 -999
P5616 2077 10 0 0 0 0 0 0 0 0 0 0 0 0 0 0 13 0 0 0 0 0 0 48 35 7 0 0 0 26 4 0 0
P5616 2077 11 0 0 40 65 127 35 45 74 26 12 8 28 57 46 49 45 34 50 7 4 24 81 82 39 0 0 32 10 0 0 -999
P5616 2077 12 0 0 0 0 0 5 0 7 13 34 81 31 20 57 61 5 44 93 98 73 58 27 21 53 102 100 99 20 22 9 0
P5616 2078 1 0 19 30 16 8 56 3 25 13 41 3 0 0 0 0 0 0 0 0 0 0 29 25 4 0 0 0 0 0 0 0
P5616 2078 2 0 12 11 0 10 47 47 3 4 0 14 5 6 8 3 0 4 11 3 0 3 0 3 6 0 4 0 0 -999 -999 -999
P5616 2078 3 0 0 0 0 0 0 14 10 4 21 82 24 20 50 12 0 0 0 0 0 0 4 5 11 0 0 43 7 13 66 5
P5616 2078 4 22 82 13 72 78 44 24 3 10 0 0 0 9 10 0 29 53 83 100 19 0 0 0 0 0 0 0 0 64 13 -999
P5616 2078 5 11 8 0 19 17 20 11 9 0 0 0 39 78 75 18 20 20 10 0 0 0 0 0 0 0 0 0 0 0 0 0
P5616 2078 6 0 0 0 0 0 0 0 0 0 0 0 0 0 0 0 0 0 0 0 0 0 0 0 0 0 0 0 0 0 0 -999
P5616 2078 7 0 0 0 0 0 0 0 0 0 0 0 0 0 0 0 0 0 0 0 0 0 0 0 0 0 0 0 0 0 0 0
P5616 2078 8 0 0 0 0 0 0 0 0 0 0 0 0 0 0 0 0 0 0 0 0 0 0 0 0 0 0 0 0 0 0 0
P5616 2078 9 0 0 0 30 0 0 0 0 0 0 0 0 0 0 0 0 0 0 0 0 0 0 0 0 0 0 0 0 0 0 -999
P5616 2078 10 0 0 0 0 0 0 0 0 0 0 0 0 0 0 0 0 0 0 0 0 0 0 7 0 0 0 0 0 0 0 0
P5616 2078 11 0 0 71 60 9 0 0 0 0 0 0 0 0 0 0 0 0 0 0 7 0 0 10 5 0 0 8 83 4 16 -999
P5616 2078 12 2 3 0 0 0 0 0 4 0 0 6 2 0 0 4 12 6 1 0 0 0 0 0 0 7 10 17 49 14 38 101
P5616 2079 1 17 0 7 15 2 0 0 4 0 0 3 0 2 0 0 0 0 0 0 0 0 0 0 0 0 6 13 9 0 0 0
P5616 2079 2 0 8 0 12 40 15 6 10 24 4 0 6 0 15 5 0 0 0 30 42 49 11 29 38 50 46 85 63 -999 -999 -999
P5616 2079 3 14 95 9 8 8 0 0 0 0 0 0 20 0 0 0 0 0 0 0 16 49 28 12 7 3 0 0 0 0 0 0
P5616 2079 4 74 72 26 10 9 13 16 13 8 0 0 0 0 0 0 0 0 0 0 0 0 0 0 0 0 0 0 0 0 12 -999
P5616 2079 5 42 8 5 0 0 0 0 0 0 0 0 0 0 0 0 0 0 0 0 0 0 0 0 0 0 0 0 0 0 0 0
P5616 2079 6 0 0 0 0 0 0 0 0 0 20 0 0 0 0 0 0 0 0 0 0 0 0 0 0 0 0 0 0 0 0 -999
P5616 2079 7 0 0 0 0 0 0 0 0 0 0 0 0 0 0 0 0 0 0 0 0 0 0 0 0 0 0 0 0 0 0 0
P5616 2079 8 0 0 0 0 0 0 0 0 0 0 0 0 0 0 0 0 0 0 0 0 0 0 0 0 0 0 0 0 0 0 0
P5616 2079 9 0 0 0 0 0 0 0 0 0 0 11 0 0 0 0 0 0 0 0 0 0 0 0 0 0 0 0 0 0 0 -999
P5616 2079 10 0 0 0 0 0 0 0 0 0 0 0 0 0 0 0 0 0 0 41 26 32 30 5 8 8 3 6 0 0 0 0
P5616 2079 11 0 13 18 0 27 0 0 0 0 0 0 0 0 0 0 0 0 0 0 0 12 0 19 0 0 65 55 8 27 73 -999
P5616 2079 12 6 0 0 0 19 12 35 66 31 31 6 0 0 0 39 73 85 37 64 21 13 0 4 0 0 0 0 4 4 0 0
P5616 2080 1 0 0 0 0 3 0 0 0 0 3 0 13 1 1 3 0 0 3 9 17 21 8 41 13 7 4 2 2 5 2 0
P5616 2080 2 0 0 0 3 1 0 0 0 5 7 24 39 28 3 0 0 5 0 0 6 11 5 6 3 0 0 0 0 -999 -999 -999
P5616 2080 3 0 0 0 0 0 0 0 0 0 0 0 0 0 0 0 0 0 0 0 0 0 0 13 0 0 0 0 0 0 0 0
P5616 2080 4 68 11 38 33 30 87 71 49 49 17 3 2 5 7 0 20 28 22 48 27 11 0 0 16 20 26 0 14 0 0 -999
P5616 2080 5 71 362 15 3 0 0 0 0 0 0 0 0 0 0 0 0 0 0 0 0 0 0 0 0 0 0 0 0 0 0 0
P5616 2080 6 0 0 0 0 0 0 0 0 0 0 0 0 0 0 0 0 0 0 0 0 0 0 0 0 0 0 0 0 0 0 -999
P5616 2080 7 0 0 0 0 0 0 0 0 0 0 0 0 0 0 0 0 0 0 0 0 0 0 0 0 0 0 0 0 0 0 0
P5616 2080 8 0 0 0 0 0 0 0 0 0 0 0 0 0 0 0 0 0 0 0 0 0 0 0 40 28 9 0 0 0 0 0
P5616 2080 9 0 0 0 0 0 0 0 0 0 0 0 0 23 0 0 0 0 0 0 0 0 0 0 34 35 7 0 0 0 0 -999
P5616 2080 10 0 0 0 0 0 0 0 0 0 0 0 19 3 0 0 0 0 0 0 0 0 0 0 22 21 28 33 0 0 0 0
P5616 2080 11 0 0 0 0 11 12 6 0 6 21 12 2 0 0 0 9 15 0 0 0 7 0 0 0 0 9 8 36 8 0 -999
P5616 2080 12 0 0 0 0 0 0 4 7 7 45 38 114 13 26 6 0 0 0 0 0 0 15 34 102 171 295 94 8 3 4 0
P5616 2081 1 0 0 0 0 0 0 0 0 0 0 0 0 0 0 0 2 2 10 17 70 86 91 10 0 10 9 10 0 0 6 0
P5616 2081 2 5 17 58 35 16 5 5 2 3 0 0 0 0 0 0 10 10 27 11 53 55 59 27 7 6 8 13 4 -999 -999 -999
P5616 2081 3 0 0 0 0 0 0 0 0 0 6 16 20 44 83 84 32 118 20 26 37 47 38 61 17 36 89 78 82 36 11 56
P5616 2081 4 36 10 0 19 14 0 0 0 0 0 0 0 0 0 0 0 0 5 0 0 0 0 0 0 0 0 0 13 9 0 -999
P5616 2081 5 0 0 0 0 0 8 11 7 0 0 4 0 0 0 0 0 0 0 0 0 0 0 6 0 0 0 0 50 18 15 0
P5616 2081 6 0 0 0 0 0 0 67 23 13 27 38 12 0 0 0 0 0 0 0 0 0 0 0 0 0 0 0 0 0 0 -999
P5616 2081 7 0 0 0 0 0 0 0 0 0 0 0 0 0 0 0 0 0 0 0 0 0 0 0 0 0 0 0 0 0 0 0
P5616 2081 8 0 0 0 0 0 0 0 0 0 0 0 0 0 0 0 0 0 0 0 0 0 0 0 0 0 0 0 0 0 0 0
P5616 2081 9 0 0 0 0 0 0 0 0 0 0 0 0 0 0 0 0 0 0 0 0 0 0 0 0 0 0 0 0 0 0 -999
P5616 2081 10 0 0 29 12 0 0 0 0 0 44 166 70 22 6 19 24 86 94 55 66 48 4 0 0 0 0 0 0 0 0 20
P5616 2081 11 0 0 31 63 36 3 0 0 0 34 50 11 0 0 25 34 39 49 47 91 95 40 54 4 0 0 0 0 47 31 -999
P5616 2081 12 49 15 13 35 46 10 33 60 30 0 0 11 0 0 0 0 0 0 0 18 52 21 62 5 19 42 14 126 22 0 0
P5616 2082 1 0 0 0 0 0 5 17 12 3 4 0 0 0 5 17 47 4 0 5 5 0 0 0 0 0 6 17 19 31 13 2
P5616 2082 2 0 0 2 13 13 0 3 0 0 0 8 1 0 0 0 0 0 0 0 0 0 0 0 0 0 0 6 0 -999 -999 -999
P5616 2082 3 0 4 7 6 0 0 0 0 5 10 11 4 0 3 0 4 5 20 30 47 0 26 40 32 11 0 5 7 8 10 14
P5616 2082 4 28 44 221 302 14 20 70 64 55 99 104 51 68 9 0 26 18 0 47 65 163 152 0 0 15 17 12 11 20 0 -999
P5616 2082 5 0 0 0 0 0 0 0 0 0 0 0 0 0 0 0 0 0 0 0 0 0 0 0 0 0 0 0 0 0 0 0
P5616 2082 6 0 0 13 0 0 0 15 27 11 9 0 0 0 0 0 0 18 84 31 9 0 0 0 0 0 0 0 0 0 0 -999
P5616 2082 7 0 0 0 0 0 0 0 0 0 0 0 0 0 0 0 0 0 0 0 0 0 0 0 0 0 0 0 0 0 0 0
P5616 2082 8 0 0 0 0 0 0 0 0 0 0 0 0 0 0 0 0 0 0 0 0 0 0 0 0 0 0 0 0 0 0 0
P5616 2082 9 0 0 0 0 0 0 0 0 0 0 0 0 0 0 0 0 0 0 0 0 0 0 0 0 0 0 0 0 0 0 -999
P5616 2082 10 0 0 0 0 0 0 0 0 0 0 0 0 0 0 0 0 6 20 17 66 59 4 0 24 0 16 0 0 0 0 0
P5616 2082 11 0 0 0 0 0 0 0 0 0 5 20 9 4 21 0 56 33 4 7 28 15 39 38 37 8 11 6 26 62 12 -999
P5616 2082 12 2 4 10 3 0 0 0 0 0 0 0 0 0 0 0 0 0 0 0 0 0 0 0 0 0 0 0 0 0 2 0
P5616 2083 1 0 0 2 0 0 4 18 31 11 15 0 0 10 82 86 74 42 21 0 32 26 25 39 20 15 11 29 14 0 24 25
P5616 2083 2 17 31 23 8 6 1 0 21 56 38 72 45 41 24 12 20 118 51 32 37 10 47 12 24 0 0 88 40 -999 -999 -999
P5616 2083 3 94 7 0 0 0 0 19 10 0 0 13 0 0 0 0 0 0 0 0 5 0 0 0 0 0 0 0 0 17 13 16
P5616 2083 4 52 45 26 14 7 0 0 0 0 27 7 7 10 0 0 16 0 0 25 9 6 7 3 0 0 0 0 0 0 0 -999
P5616 2083 5 0 0 0 0 0 0 0 0 0 30 0 0 0 0 0 0 0 0 0 0 0 0 0 0 0 0 0 0 0 0 0
P5616 2083 6 0 0 0 0 0 0 0 0 0 0 0 0 0 0 0 0 0 0 0 0 0 0 0 0 0 0 0 0 0 0 -999
P5616 2083 7 0 0 0 0 0 0 0 0 0 0 0 0 0 0 0 0 0 0 0 0 0 0 0 0 0 0 0 0 0 0 0
P5616 2083 8 0 0 0 0 0 0 0 0 0 0 0 0 0 0 0 0 0 0 0 0 0 0 0 0 0 0 0 0 0 0 0
P5616 2083 9 0 0 0 0 0 0 0 0 0 0 0 0 0 0 0 0 0 0 0 0 0 0 0 0 0 0 0 0 0 0 -999
P5616 2083 10 47 20 0 0 0 0 0 0 0 0 0 0 0 0 0 0 0 0 0 0 0 0 0 0 0 0 0 0 0 0 0
P5616 2083 11 0 0 0 0 0 16 16 8 0 25 0 0 26 55 13 8 35 41 18 15 5 5 12 54 0 2 3 7 4 0 -999
P5616 2083 12 0 0 0 0 0 4 14 7 0 14 17 8 38 0 0 10 37 8 0 0 0 0 0 0 0 0 0 0 0 0 1
P5616 2084 1 2 27 11 2 0 0 8 8 0 0 0 0 4 3 0 0 8 52 63 22 21 35 102 15 2 0 0 0 0 0 2
P5616 2084 2 0 0 8 5 0 0 0 0 0 0 11 39 44 13 0 0 7 13 39 25 10 8 69 98 10 23 30 8 -999 -999 -999
P5616 2084 3 10 10 10 8 14 37 0 0 0 28 45 78 79 68 44 112 48 46 39 55 56 13 19 33 19 0 0 0 0 21 32
P5616 2084 4 41 26 64 91 121 40 21 29 22 20 86 19 0 16 11 11 0 0 0 0 0 0 0 0 0 0 0 0 0 0 -999
P5616 2084 5 0 0 0 15 0 0 0 9 4 0 0 0 0 0 0 0 0 0 0 0 0 0 0 0 0 0 36 0 0 0 5
P5616 2084 6 0 0 0 0 0 0 0 0 0 0 0 0 0 0 44 0 0 0 0 0 0 0 0 0 0 0 0 0 0 0 -999
P5616 2084 7 0 0 0 0 0 0 0 0 0 0 0 0 0 0 0 0 0 0 0 0 0 0 0 0 0 0 0 0 0 0 0
P5616 2084 8 0 0 0 0 0 0 0 0 0 0 0 0 0 0 0 0 0 71 0 0 0 0 0 0 0 0 0 0 0 0 0
P5616 2084 9 0 0 0 0 0 0 0 0 0 0 0 0 0 0 0 0 0 0 0 0 0 0 0 0 0 0 0 0 0 0 -999
P5616 2084 10 0 0 0 0 0 0 0 0 0 0 0 0 0 0 0 10 0 0 0 0 0 0 0 5 0 0 0 0 0 0 0
P5616 2084 11 0 0 0 7 57 48 16 13 63 80 72 64 51 26 6 0 0 0 0 0 0 0 0 0 0 0 0 0 0 4 -999
P5616 2084 12 3 0 9 15 16 10 0 0 0 0 0 0 0 0 0 0 4 0 0 0 0 0 6 2 3 19 3 4 5 0 0
P5616 2085 1 0 0 0 0 0 0 0 0 0 0 0 0 0 0 4 0 0 0 0 0 0 0 0 0 8 0 0 0 2 2 0
P5616 2085 2 0 0 0 4 0 0 0 0 0 0 0 0 0 0 0 13 15 0 0 0 0 0 0 0 0 0 7 1 -999 -999 -999
P5616 2085 3 0 0 0 0 10 0 0 0 0 0 0 23 22 0 0 0 0 29 12 18 32 57 37 12 7 0 22 15 36 63 62
P5616 2085 4 74 53 87 23 14 0 0 0 0 0 0 4 0 0 41 14 0 0 0 0 0 0 0 0 0 0 27 31 13 35 -999
P5616 2085 5 16 6 0 18 11 0 7 0 0 42 28 29 25 9 4 4 7 9 6 11 14 10 0 0 9 0 0 0 0 0 0
P5616 2085 6 0 0 0 0 0 0 0 0 0 0 0 0 0 0 0 0 0 0 0 0 0 0 0 0 0 0 0 0 0 0 -999
P5616 2085 7 0 0 0 0 0 0 0 0 0 0 0 0 0 0 0 0 0 0 0 0 0 0 0 0 0 0 0 0 0 0 0
P5616 2085 8 0 0 0 0 0 0 0 0 0 0 0 0 0 0 0 0 0 0 0 0 0 0 0 0 0 0 0 0 0 0 0
P5616 2085 9 0 0 0 0 0 0 0 0 0 0 0 0 0 0 0 0 0 0 0 0 0 0 0 0 0 0 0 0 0 0 -999
P5616 2085 10 0 0 0 0 0 0 0 0 23 0 0 0 0 0 0 20 62 0 0 0 0 0 0 3 0 0 0 0 0 0 0
P5616 2085 11 0 26 62 97 17 17 3 5 0 0 0 0 0 0 0 0 0 16 64 33 81 108 29 42 113 20 63 6 10 0 -999
P5616 2085 12 27 55 10 0 39 31 0 0 0 29 14 8 0 12 5 0 0 0 0 0 3 7 25 33 28 12 11 11 24 13 56
P5616 2086 1 44 67 46 44 20 0 0 0 0 0 0 0 0 0 0 0 0 0 0 0 0 0 0 0 0 0 0 0 0 0 0
P5616 2086 2 0 0 0 0 0 0 0 0 0 0 0 0 8 10 5 3 0 13 11 0 40 1 1 0 0 3 4 4 -999 -999 -999
P5616 2086 3 0 0 0 0 0 0 0 0 0 0 3 0 0 0 0 0 0 0 0 5 0 18 0 0 0 0 0 0 0 0 20
P5616 2086 4 30 35 25 8 0 0 9 47 29 8 7 4 4 10 25 54 66 83 60 39 18 9 32 62 0 0 0 21 0 0 -999
P5616 2086 5 0 0 18 15 0 0 0 0 0 0 0 0 0 0 0 0 0 9 6 6 7 18 0 0 6 0 0 0 0 0 0
P5616 2086 6 0 0 0 0 0 0 0 0 0 0 0 0 0 0 0 0 0 0 0 0 0 0 0 0 0 0 0 0 0 0 -999
P5616 2086 7 0 0 0 0 0 0 0 0 0 0 0 0 0 0 0 0 0 0 0 0 0 0 0 0 0 0 0 0 0 0 0
P5616 2086 8 0 0 0 0 0 0 0 0 0 0 0 0 0 0 0 0 0 0 0 0 0 0 0 0 0 0 0 0 0 0 0
P5616 2086 9 0 0 0 0 0 0 0 0 0 0 0 0 0 0 0 0 7 8 0 0 0 0 0 0 0 0 0 0 0 0 -999
P5616 2086 10 0 9 0 0 0 0 0 0 0 0 0 0 0 0 0 89 0 0 0 0 0 0 0 23 35 24 13 0 8 6 8
P5616 2086 11 0 0 0 0 0 0 0 6 4 6 0 6 17 6 42 95 87 72 27 27 6 7 4 0 0 0 4 7 32 7 -999
P5616 2086 12 6 18 21 0 30 14 0 0 0 0 0 0 0 0 0 0 0 0 10 18 3 0 0 0 0 0 0 0 4 7 10
P5616 2087 1 14 52 30 22 25 19 11 0 0 0 0 0 5 17 69 32 0 9 26 0 0 4 0 0 0 0 0 0 0 9 2
P5616 2087 2 0 0 6 7 0 0 0 0 0 0 0 0 0 0 0 0 0 0 0 5 0 0 0 0 0 0 0 0 -999 -999 -999
P5616 2087 3 0 0 0 0 0 0 8 0 0 0 0 0 0 34 58 2 12 12 30 10 0 8 0 0 0 0 79 22 6 0 0
P5616 2087 4 0 0 12 9 16 4 0 0 0 0 0 0 0 0 0 0 0 24 25 5 0 0 17 0 0 0 0 0 0 0 -999
P5616 2087 5 0 0 0 0 0 0 0 106 86 52 11 0 0 0 0 0 0 0 0 0 0 0 0 0 0 0 0 0 6 0 0
P5616 2087 6 0 0 0 0 0 0 0 0 0 0 0 0 0 0 0 0 0 0 0 0 0 0 0 0 0 0 0 0 0 0 -999
P5616 2087 7 0 0 0 0 0 0 0 0 0 0 0 0 0 0 0 0 0 0 0 0 0 0 0 0 0 0 0 0 0 0 0
P5616 2087 8 0 0 0 0 0 0 0 0 0 0 0 0 0 0 0 0 0 0 0 0 0 0 0 0 0 0 0 0 0 0 0
P5616 2087 9 0 0 0 0 0 0 0 0 0 0 0 0 0 0 0 0 0 0 0 0 0 19 0 0 0 0 0 0 0 0 -999
P5616 2087 10 0 0 0 12 0 0 0 0 0 0 0 0 0 0 0 0 0 0 0 0 0 33 36 0 0 9 0 0 0 0 0
P5616 2087 11 0 0 0 14 19 0 0 17 12 7 0 26 5 6 20 13 0 14 0 0 6 0 3 0 0 0 0 0 26 34 -999
P5616 2087 12 30 80 21 105 0 0 28 14 0 0 6 32 49 16 35 26 66 75 87 34 62 24 0 0 0 0 0 0 0 0 0
P5616 2088 1 0 0 0 0 2 0 9 53 116 50 47 64 101 98 16 112 41 13 3 1 0 2 10 60 63 74 108 49 27 46 13
P5616 2088 2 15 5 4 13 10 3 0 0 0 0 0 0 0 0 0 0 12 13 15 0 0 0 20 0 0 0 0 0 -999 -999 -999
P5616 2088 3 0 0 0 0 25 0 40 11 2 0 0 0 13 11 14 27 27 15 23 8 0 0 3 0 9 3 6 0 0 0 0
P5616 2088 4 0 0 0 0 0 0 0 0 0 18 5 9 15 13 4 16 0 0 0 0 0 0 0 0 0 0 0 0 0 0 -999
P5616 2088 5 0 0 0 0 0 13 17 0 0 0 0 93 53 15 7 8 0 19 0 0 0 0 0 0 0 0 0 0 0 0 0
P5616 2088 6 0 0 0 0 0 0 0 0 0 0 0 0 0 0 0 0 0 0 0 0 0 0 0 0 0 0 0 0 0 0 -999
P5616 2088 7 0 0 0 0 0 0 0 0 0 0 0 0 0 0 0 0 0 0 0 0 0 0 0 0 0 0 0 0 0 0 0
P5616 2088 8 0 0 0 0 0 0 0 0 0 0 0 0 0 0 0 0 0 0 0 0 0 0 0 0 0 0 0 0 0 0 0
P5616 2088 9 0 0 0 0 0 0 0 0 0 0 0 0 0 0 0 0 0 0 0 0 0 0 0 0 0 0 0 0 0 0 -999
P5616 2088 10 0 0 0 0 0 0 0 0 0 0 8 0 21 4 0 0 0 0 0 0 0 0 0 0 0 0 0 0 0 0 0
P5616 2088 11 0 21 71 127 63 79 70 35 56 74 6 0 4 0 0 0 0 0 0 0 0 0 0 25 0 11 23 13 0 17 -999
P5616 2088 12 45 15 23 30 91 43 18 0 0 0 0 0 0 0 0 0 0 0 0 0 0 0 0 0 0 3 5 1 0 4 0
P5616 2089 1 0 0 0 0 4 6 22 0 0 4 15 7 9 35 12 3 13 6 24 57 54 34 73 10 24 33 8 5 17 34 66
P5616 2089 2 69 9 0 30 47 9 9 8 20 95 64 38 23 42 52 140 93 61 72 42 33 0 0 0 0 18 53 23 -999 -999 -999
P5616 2089 3 4 0 0 0 0 0 0 0 0 0 0 0 0 0 0 0 17 10 4 0 0 0 0 0 0 0 0 0 12 0 0
P5616 2089 4 0 0 0 0 0 0 20 39 47 50 8 0 0 0 21 22 11 0 0 39 48 0 0 0 0 0 0 0 0 0 -999
P5616 2089 5 7 6 0 0 0 0 0 0 0 0 0 0 0 0 0 0 0 0 0 0 0 0 0 0 0 0 0 0 0 0 0
P5616 2089 6 0 28 0 0 0 0 0 0 0 0 0 0 0 0 0 0 0 0 0 0 0 0 0 0 0 0 0 0 0 0 -999
P5616 2089 7 0 0 0 0 0 0 0 0 0 0 0 0 0 0 0 0 0 0 0 0 0 0 0 0 0 0 0 0 0 0 0
P5616 2089 8 0 0 0 0 0 0 0 0 0 0 0 0 0 0 0 0 0 0 0 0 0 0 0 0 0 0 0 0 0 0 0
P5616 2089 9 0 0 0 0 0 0 0 0 0 0 0 0 0 0 0 0 0 0 0 0 0 0 0 0 0 0 0 0 0 0 -999
P5616 2089 10 0 0 0 0 0 0 0 0 0 0 0 42 26 122 59 5 0 0 0 0 0 0 0 0 6 6 0 0 0 0 0
P5616 2089 11 0 0 0 0 0 11 4 0 0 0 5 0 0 12 17 69 39 54 71 31 44 73 95 20 0 0 6 0 25 26 -999
P5616 2089 12 44 29 6 15 0 2 2 5 3 0 0 0 0 0 0 0 0 6 32 58 44 23 18 12 0 0 0 0 0 28 29
P5616 2090 1 0 0 0 0 0 9 2 1 0 8 8 0 0 0 0 0 0 0 0 25 42 30 55 26 4 5 1 0 0 0 9
P5616 2090 2 0 36 61 0 0 0 0 0 0 45 78 52 47 47 78 69 66 27 9 28 74 19 5 5 18 64 87 56 -999 -999 -999
P5616 2090 3 23 0 0 0 0 13 22 58 55 10 7 80 81 9 5 4 0 0 0 0 0 0 0 6 6 4 0 0 0 0 0
P5616 2090 4 0 0 58 45 31 21 11 0 0 0 0 12 17 0 0 0 29 23 0 0 0 0 15 16 0 0 0 29 19 10 -999
P5616 2090 5 18 0 0 0 0 0 0 0 0 0 0 0 0 0 0 40 37 19 16 9 13 5 0 0 0 0 0 0 0 0 0
P5616 2090 6 0 0 15 50 66 60 22 9 0 22 10 0 0 0 0 0 0 0 0 0 0 0 0 12 11 9 0 0 0 0 -999
P5616 2090 7 0 0 0 0 0 0 0 0 0 0 0 0 0 0 0 0 0 0 0 0 0 0 0 0 0 0 0 0 0 0 0
P5616 2090 8 0 0 0 0 0 0 0 0 0 0 0 0 0 0 0 0 0 0 0 0 0 0 0 0 0 0 0 0 0 0 0
P5616 2090 9 0 0 0 0 0 0 0 0 0 0 0 0 0 0 0 0 0 0 0 0 0 0 0 0 0 0 0 0 39 0 -999
P5616 2090 10 0 0 0 0 0 0 0 21 10 13 15 3 0 0 0 0 0 22 0 0 0 0 0 0 0 0 0 0 0 0 8
P5616 2090 11 7 14 15 3 0 0 0 0 0 0 0 0 0 0 0 0 0 0 0 0 0 0 0 0 3 10 11 57 94 111 -999
P5616 2090 12 103 34 11 41 6 0 4 0 29 103 19 15 11 8 11 0 0 0 0 0 0 13 0 38 0 0 0 0 10 5 0
P5616 2091 1 0 0 0 2 0 0 0 0 0 0 0 0 0 0 0 0 0 0 8 3 7 15 17 44 17 68 80 40 13 7 6
P5616 2091 2 11 25 18 51 56 44 58 21 33 13 8 6 28 11 7 12 3 0 0 0 0 18 42 40 41 35 20 0 -999 -999 -999
P5616 2091 3 0 0 0 0 0 0 0 0 4 0 0 0 0 0 0 0 0 0 0 0 0 0 0 12 0 0 0 0 4 0 0
P5616 2091 4 0 0 0 0 0 0 0 0 0 0 0 0 0 0 0 0 0 0 0 24 0 0 0 23 101 294 0 0 9 0 -999
P5616 2091 5 0 0 0 0 0 39 187 14 2 0 14 16 43 42 13 22 28 6 8 0 0 0 0 0 0 0 0 0 0 0 0
P5616 2091 6 0 0 0 0 0 0 0 0 0 0 0 0 0 0 0 0 0 0 0 0 0 0 0 0 0 0 0 0 0 0 -999
P5616 2091 7 0 0 0 0 0 0 0 0 0 0 0 0 0 0 0 0 0 0 0 0 0 0 0 0 0 0 0 0 0 0 0
P5616 2091 8 0 0 0 0 0 0 0 0 0 0 0 0 0 0 0 0 0 0 0 0 0 0 0 0 0 0 0 0 0 0 0
P5616 2091 9 0 0 0 0 0 0 0 0 0 0 0 0 0 0 0 0 0 0 0 0 17 6 5 0 0 28 0 0 0 0 -999
P5616 2091 10 0 0 0 0 0 0 0 0 0 21 0 0 0 0 0 0 0 0 0 0 0 0 0 0 27 42 0 8 69 24 32
P5616 2091 11 57 88 61 47 25 41 76 119 36 18 67 69 50 14 0 0 11 33 11 15 14 2 0 0 0 0 0 12 0 0 -999
P5616 2091 12 0 0 0 0 0 0 0 0 0 0 0 14 31 36 27 37 5 0 14 21 19 7 0 0 0 0 0 0 0 0 0
P5616 2092 1 0 0 0 0 17 22 0 18 0 15 6 30 97 15 7 0 0 0 0 0 0 0 8 3 4 31 2 0 0 0 0
P5616 2092 2 0 0 0 22 59 81 19 8 0 0 0 0 0 0 0 0 0 0 13 10 15 17 6 4 0 0 0 3 -999 -999 -999
P5616 2092 3 2 0 0 0 0 0 0 0 0 0 0 0 0 0 0 35 43 86 45 11 16 0 0 0 0 0 0 0 0 0 0
P5616 2092 4 0 0 0 0 0 0 10 45 27 12 0 0 0 0 0 0 23 0 0 118 56 0 0 0 0 26 0 0 0 0 -999
P5616 2092 5 0 0 0 0 0 0 0 0 0 12 0 0 0 0 0 0 0 0 0 0 0 0 0 0 0 0 0 0 0 0 0
P5616 2092 6 0 0 0 0 0 0 0 0 0 0 0 0 0 0 0 0 0 0 0 0 0 0 0 0 0 0 0 0 0 0 -999
P5616 2092 7 0 0 0 0 0 0 0 0 0 0 0 0 0 0 0 0 0 0 0 0 0 0 0 0 0 0 0 0 0 0 0
P5616 2092 8 0 0 0 0 0 0 0 0 0 0 0 0 0 0 0 0 0 0 0 0 0 0 0 0 0 0 0 0 0 97 0
P5616 2092 9 0 0 0 0 0 0 0 0 0 0 0 0 0 0 0 0 0 0 0 0 0 0 0 0 0 0 0 0 0 11 -999
P5616 2092 10 159 82 0 0 0 0 0 0 0 0 0 0 0 0 0 0 0 0 0 0 0 0 0 0 0 0 0 0 0 0 0
P5616 2092 11 0 0 0 0 4 0 28 19 15 0 0 0 29 6 0 0 0 0 0 0 0 0 0 4 9 6 0 0 0 0 -999
P5616 2092 12 0 0 0 0 7 13 16 14 18 5 0 0 0 0 0 0 0 0 0 0 0 0 0 0 0 9 59 20 5 2 0
P5616 2093 1 0 0 0 3 17 10 9 18 71 40 14 28 22 1 6 6 0 0 0 0 0 0 0 5 0 0 0 0 2 1 5
P5616 2093 2 2 0 0 5 0 8 9 37 80 107 58 2 6 0 36 33 30 31 42 38 60 35 8 4 0 7 0 0 -999 -999 -999
P5616 2093 3 29 6 25 25 2 0 0 14 18 24 46 33 25 5 96 35 8 13 40 42 110 32 32 44 11 0 2 0 29 63 30
P5616 2093 4 3 0 0 0 0 5 0 11 13 19 5 8 0 0 0 0 0 0 16 0 0 0 50 9 0 0 0 0 0 0 -999
P5616 2093 5 0 0 8 19 14 12 10 8 16 20 16 0 0 0 0 0 0 0 0 0 0 0 0 0 0 0 0 0 0 0 0
P5616 2093 6 0 0 0 0 0 0 0 0 0 0 0 70 127 132 0 0 0 0 0 0 0 0 0 0 0 0 0 0 0 0 -999
P5616 2093 7 0 0 0 0 0 0 0 0 0 0 0 0 0 0 0 0 0 0 0 0 0 0 0 0 0 0 0 0 0 0 0
P5616 2093 8 0 0 0 0 0 0 0 0 0 0 0 0 0 0 0 0 0 0 0 0 0 0 0 0 0 0 59 58 0 0 0
P5616 2093 9 0 0 0 0 0 0 0 0 0 0 0 0 0 0 0 0 0 0 0 0 0 0 0 0 0 0 0 0 0 0 -999
P5616 2093 10 0 0 0 0 0 0 0 0 0 9 0 0 0 0 0 0 0 0 0 0 0 0 0 0 0 0 0 0 0 0 3
P5616 2093 11 4 16 9 51 67 7 4 13 28 0 0 7 36 0 0 11 5 15 23 10 0 0 0 44 15 30 11 2 0 0 -999
P5616 2093 12 0 0 17 25 0 7 9 7 5 3 4 7 0 0 0 0 0 0 0 0 0 0 0 0 0 0 0 12 52 30 7
P5616 2094 1 0 0 0 8 42 59 54 16 0 0 0 0 0 0 0 0 0 1 2 0 0 0 2 0 0 0 0 0 0 0 4
P5616 2094 2 0 0 0 0 16 5 0 0 0 0 0 0 0 0 7 0 0 0 0 3 4 0 0 59 6 5 49 58 -999 -999 -999
P5616 2094 3 15 26 16 14 55 72 84 50 98 70 15 9 48 6 0 0 23 0 0 0 0 0 0 0 0 0 0 0 0 0 0
P5616 2094 4 0 0 0 7 14 14 0 8 7 26 0 52 11 3 37 44 3 0 0 4 0 0 8 16 77 25 1 0 0 0 -999
P5616 2094 5 0 0 0 0 0 0 5 0 0 0 0 0 0 0 0 0 0 0 0 0 0 0 0 0 0 0 0 0 0 0 0
P5616 2094 6 0 0 0 0 0 0 14 18 12 5 0 0 0 0 0 0 0 0 0 0 0 0 0 0 0 0 0 0 0 0 -999
P5616 2094 7 0 0 0 0 0 0 0 0 0 0 0 0 0 0 0 0 0 0 0 0 0 0 0 0 0 0 0 0 0 0 0
P5616 2094 8 0 0 0 0 0 0 0 0 0 0 0 0 0 0 0 0 0 0 0 0 0 0 0 0 0 0 0 0 0 0 0
P5616 2094 9 0 0 0 0 0 0 0 0 0 0 0 0 0 0 0 0 0 0 0 0 0 32 0 0 0 0 0 0 0 0 -999
P5616 2094 10 16 31 64 35 44 6 0 0 0 0 0 0 0 0 0 0 0 0 0 0 0 0 0 0 0 40 20 17 7 3 0
P5616 2094 11 0 0 0 0 0 5 28 10 4 0 0 9 13 11 0 3 0 0 0 0 0 0 0 0 0 14 39 35 14 0 -999
P5616 2094 12 0 0 0 0 56 82 48 16 21 35 58 26 0 23 42 0 0 0 0 0 0 0 0 0 8 20 108 33 55 14 12
P5616 2095 1 87 9 41 28 15 35 10 5 5 12 25 13 6 7 21 13 62 52 127 133 126 91 39 32 95 80 23 98 4 15 57
P5616 2095 2 11 0 0 44 24 6 19 4 3 5 47 0 33 43 6 9 6 10 7 0 0 0 4 3 0 0 0 0 -999 -999 -999
P5616 2095 3 0 0 0 0 0 0 0 0 0 0 9 48 22 29 24 18 15 35 49 34 19 20 9 31 140 87 11 0 0 0 0
P5616 2095 4 25 10 4 3 0 35 44 40 9 22 11 7 0 0 0 0 21 0 0 0 0 0 0 0 0 0 0 0 0 0 -999
P5616 2095 5 0 0 0 0 0 0 0 0 0 0 21 20 0 0 0 0 0 0 0 0 0 0 0 0 0 0 0 0 0 0 0
P5616 2095 6 0 0 0 0 0 0 0 0 0 0 0 0 0 0 0 0 0 0 0 0 0 0 0 0 0 0 0 0 0 0 -999
P5616 2095 7 0 0 0 0 0 0 0 0 0 0 0 0 0 0 0 0 0 0 0 0 0 0 0 0 0 0 0 0 0 0 0
P5616 2095 8 0 0 0 0 0 0 0 0 0 0 0 0 0 0 0 0 0 0 0 0 0 0 0 0 0 0 0 0 0 0 0
P5616 2095 9 0 0 0 0 0 0 0 0 0 0 0 0 0 0 0 0 0 0 0 0 0 0 0 0 0 0 0 0 0 0 -999
P5616 2095 10 0 0 0 0 0 0 0 0 0 11 9 5 0 0 0 0 14 0 0 0 0 0 0 0 0 0 0 3 27 16 8
P5616 2095 11 5 21 43 14 5 0 3 55 103 47 91 40 20 5 0 0 0 0 3 2 0 0 0 5 5 5 13 8 5 10 -999
P5616 2095 12 4 0 0 0 0 17 2 0 4 0 0 0 0 0 0 2 0 2 0 0 0 0 0 0 0 8 0 0 0 0 0
P5616 2096 1 0 0 0 12 6 39 190 13 4 16 12 0 0 0 1 1 0 0 0 0 1 0 0 0 0 0 3 2 6 9 5
P5616 2096 2 0 0 4 4 0 0 0 2 2 7 12 3 0 0 21 33 17 8 5 3 4 12 26 30 24 17 21 9 -999 -999 -999
P5616 2096 3 0 14 68 99 37 17 11 11 38 0 0 3 17 18 3 0 0 0 0 0 0 0 0 0 0 19 4 4 11 18 19
P5616 2096 4 10 0 6 6 0 17 31 69 35 12 14 31 55 62 38 21 12 17 52 27 9 0 0 0 0 0 0 0 45 0 -999
P5616 2096 5 0 0 0 0 0 0 0 0 0 0 0 0 0 0 0 0 0 0 0 0 0 0 0 0 0 0 0 0 41 48 56
P5616 2096 6 70 9 0 0 0 0 0 0 0 0 0 0 0 0 0 0 0 0 0 0 0 0 0 0 0 0 0 0 0 0 -999
P5616 2096 7 0 0 0 0 0 0 0 0 0 0 0 0 0 0 0 0 0 0 0 0 0 0 0 0 0 0 0 0 0 0 0
P5616 2096 8 0 0 0 0 0 0 0 0 0 0 0 0 0 0 0 0 0 0 0 0 0 0 0 0 0 0 0 0 0 0 0
P5616 2096 9 0 0 0 0 0 0 0 9 0 0 0 0 0 0 0 0 0 0 0 0 0 0 0 0 0 0 0 0 0 0 -999
P5616 2096 10 0 0 0 0 0 0 0 0 0 28 47 26 0 0 0 0 24 72 28 40 38 9 0 5 0 0 0 8 13 89 71
P5616 2096 11 75 89 45 39 36 35 15 12 49 101 51 6 17 40 89 54 62 83 21 30 8 0 3 0 4 8 3 0 17 0 -999
P5616 2096 12 0 0 0 0 0 0 0 0 0 0 0 0 0 0 4 0 0 0 0 0 0 0 0 8 8 24 24 39 48 40 39
P5616 2097 1 26 15 15 12 0 3 18 36 20 25 8 11 13 14 24 54 39 4 38 15 4 0 0 4 0 7 0 0 16 9 0
P5616 2097 2 14 7 0 0 9 4 0 4 0 15 4 9 5 0 0 0 0 8 15 28 25 0 0 0 0 0 0 16 -999 -999 -999
P5616 2097 3 6 0 0 8 27 8 0 0 0 0 0 0 0 0 12 16 21 53 140 61 42 12 34 30 23 18 14 0 0 0 0
P5616 2097 4 29 0 0 0 0 0 0 0 0 5 0 0 0 0 0 0 0 16 14 12 41 77 48 11 66 58 78 7 4 0 -999
P5616 2097 5 0 0 0 0 0 55 174 0 0 0 0 0 0 0 0 0 0 0 0 0 0 0 0 0 0 0 0 0 0 0 14
P5616 2097 6 0 0 0 0 0 0 0 0 0 0 0 29 59 43 13 0 0 0 0 0 0 0 0 0 0 0 0 0 0 0 -999
P5616 2097 7 0 0 0 0 0 0 0 0 0 0 0 0 0 0 0 0 0 0 0 0 0 0 0 0 0 0 0 0 0 0 0
P5616 2097 8 0 0 0 0 0 0 0 0 0 0 0 0 0 0 0 0 0 0 0 0 0 0 0 0 0 0 0 0 0 0 0
P5616 2097 9 0 0 0 0 0 0 0 0 0 0 0 0 0 0 0 0 0 0 0 0 0 0 0 0 0 0 0 0 0 0 -999
P5616 2097 10 0 22 11 0 0 0 0 0 0 0 0 0 0 0 0 0 0 48 30 21 0 0 18 23 4 0 0 0 0 41 70
P5616 2097 11 23 12 0 24 3 0 0 0 0 11 26 13 48 49 24 19 0 0 0 0 27 60 21 0 0 0 0 0 0 0 -999
P5616 2097 12 0 0 45 42 31 22 9 0 0 0 0 0 0 0 41 68 15 15 6 1 3 38 7 7 0 3 10 6 0 0 0
P5616 2098 1 0 9 7 0 7 15 2 5 2 8 23 0 0 5 1 0 0 0 4 2 16 4 17 0 0 0 0 4 0 0 0
P5616 2098 2 6 13 42 39 39 30 30 24 29 62 15 14 26 5 4 10 17 0 6 13 10 0 0 10 13 17 9 9 -999 -999 -999
P5616 2098 3 5 7 3 5 0 5 5 0 0 0 0 0 0 0 0 0 0 0 22 36 23 7 0 0 0 0 0 0 0 0 0
P5616 2098 4 0 0 0 0 0 0 0 0 75 25 5 7 0 7 0 0 0 0 0 0 29 0 0 0 0 0 0 0 0 0 -999
P5616 2098 5 0 0 0 0 0 0 0 0 0 0 0 0 0 0 0 0 0 0 0 0 0 0 0 0 0 0 0 0 0 0 0
P5616 2098 6 0 0 0 0 0 0 0 0 0 0 0 0 0 0 47 31 0 0 0 0 0 0 17 9 0 0 0 0 0 0 -999
P5616 2098 7 0 0 0 0 0 0 0 0 0 0 0 0 0 0 0 0 0 0 0 0 0 0 0 0 0 0 0 0 0 0 0
P5616 2098 8 0 0 0 0 0 0 0 0 0 0 0 0 0 0 0 0 0 0 0 0 0 0 0 0 0 0 0 0 0 0 0
P5616 2098 9 0 0 0 0 0 0 0 0 0 0 0 0 0 0 0 0 0 0 0 0 0 0 0 0 0 7 7 0 0 0 -999
P5616 2098 10 0 0 0 14 28 3 0 0 0 0 0 0 0 0 0 0 0 34 0 39 77 60 27 0 0 3 0 37 7 20 36
P5616 2098 11 39 83 20 52 10 32 5 14 4 65 98 26 5 0 0 30 88 23 5 5 3 18 11 0 0 0 0 0 28 47 -999
P5616 2098 12 27 62 18 51 57 103 109 0 12 4 0 0 0 0 0 0 0 9 10 6 30 51 90 24 16 4 0 3 0 0 0
P5616 2099 1 0 0 0 0 0 0 0 0 0 0 0 3 0 0 3 5 4 0 0 0 0 0 0 0 0 0 0 0 0 0 0
P5616 2099 2 4 17 59 12 2 0 0 0 0 0 0 0 0 0 0 0 0 0 6 6 0 2 0 0 5 0 0 0 -999 -999 -999
P5616 2099 3 0 0 0 0 13 51 31 62 73 69 95 33 3 0 0 0 0 0 0 0 0 0 10 3 4 0 0 0 0 0 0
P5616 2099 4 0 5 4 0 16 0 0 0 0 0 0 0 0 24 21 5 0 0 0 0 0 0 0 0 111 67 0 0 0 8 -999
P5616 2099 5 0 0 0 0 28 0 0 0 0 0 0 0 0 0 90 0 0 0 0 0 0 0 0 0 0 0 0 0 0 0 0
P5616 2099 6 0 0 0 0 0 0 0 0 0 0 0 0 0 0 0 0 0 0 0 0 9 0 0 0 0 0 0 0 0 0 -999
P5616 2099 7 0 0 0 0 0 0 0 0 0 0 0 0 0 0 0 0 0 0 0 0 0 0 0 0 0 0 0 0 0 0 0
P5616 2099 8 0 0 0 0 0 0 0 0 0 0 0 0 0 0 0 0 0 0 0 0 0 0 0 0 0 0 0 0 0 7 0
P5616 2099 9 0 0 0 0 0 0 0 0 0 0 0 0 0 0 0 0 0 0 0 0 0 0 0 0 0 0 0 0 0 0 -999
P5616 2099 10 0 0 0 0 0 0 0 0 0 0 19 25 0 14 29 13 0 0 0 0 0 0 0 0 0 0 0 0 0 20 48
P5616 2099 11 32 21 13 0 20 17 23 0 8 15 21 34 88 12 21 15 28 52 92 67 67 8 0 0 0 0 0 0 0 0 -999
P5616 2099 12 10 0 0 0 4 12 0 0 17 0 0 0 0 5 0 0 2 0 5 4 10 22 17 2 0 0 21 31 24 27 119
P5616 2100 1 7 0 0 0 1 0 0 0 0 2 0 36 65 20 0 53 6 0 0 0 0 1 3 2 0 0 3 0 0 0 0
P5616 2100 2 0 0 0 7 0 0 0 0 0 0 2 0 0 1 1 0 0 0 6 3 1 0 0 0 0 0 0 0 -999 -999 -999
P5616 2100 3 0 0 0 0 0 36 12 21 7 29 0 0 35 29 0 0 0 0 4 0 0 0 0 0 0 0 0 25 10 0 31
P5616 2100 4 3 8 5 0 0 0 0 0 9 0 3 2 4 0 0 0 0 0 0 0 0 37 24 11 0 0 0 0 0 0 -999
P5616 2100 5 0 0 140 0 9 0 0 0 0 0 14 30 5 0 0 4 4 0 0 0 0 0 0 7 3 2 0 0 0 0 0
P5616 2100 6 0 3 0 0 1 0 0 0 0 0 0 0 0 0 0 0 0 0 0 0 0 0 2 0 0 0 15 0 0 0 -999
P5616 2100 7 4 0 0 0 0 0 0 0 0 0 0 0 0 0 0 0 0 0 0 0 0 0 0 0 0 0 0 0 0 0 0
P5616 2100 8 0 0 0 0 0 0 0 0 0 0 0 0 0 0 0 0 0 0 0 0 0 0 0 0 0 0 0 0 0 0 0
P5616 2100 9 0 0 0 0 0 11 3 0 0 0 0 0 0 0 0 0 0 0 0 0 0 0 0 0 0 0 0 0 0 3 -999
P5616 2100 10 5 0 0 3 0 15 0 0 7 10 6 15 0 36 0 8 11 0 18 0 9 0 10 26 37 6 0 0 42 56 14
P5616 2100 11 8 7 0 0 0 0 4 0 0 0 0 80 33 10 15 0 0 0 0 0 0 0 0 0 0 6 0 0 0 0 -999
P5616 2100 12 0 0 0 0 0 0 0 0 0 0 0 0 0 5 0 27 7 0 26 2 62 15 0 5 0 68 46 87 40 0 -999
