precip bcc-csm1-1 rcp60 RNEURONALES decimas 2
P699 36.99 -2.375 670 geo 2006 2100 -1
P699 2006 1 0 0 0 0 0 0 0 0 0 0 0 3 4 6 3 3 2 3 2 0 0 2 0 0 0 4 11 3 3 0 0
P699 2006 2 0 0 0 3 5 16 9 14 2 2 2 3 3 4 3 0 3 3 0 0 0 0 2 0 0 0 5 0 -999 -999 -999
P699 2006 3 0 0 6 0 0 0 0 0 0 0 2 0 0 0 0 2 3 3 0 0 0 0 0 0 0 0 0 0 0 0 0
P699 2006 4 0 5 3 0 26 8 4 5 16 48 11 3 3 3 5 0 0 0 0 0 0 0 0 8 7 19 5 0 0 0 -999
P699 2006 5 0 3 0 3 3 6 8 4 3 3 0 0 0 0 0 0 0 4 8 6 4 4 8 9 29 45 17 6 25 14 5
P699 2006 6 6 4 6 0 7 8 10 4 0 0 0 0 0 0 0 0 0 0 0 15 10 0 0 0 0 0 0 0 0 0 -999
P699 2006 7 0 0 0 0 0 9 0 0 0 0 0 0 0 0 0 0 0 0 0 0 0 0 0 0 0 0 0 0 0 0 0
P699 2006 8 0 0 0 0 0 0 0 0 0 0 0 0 0 0 0 0 0 0 0 0 0 0 0 0 0 0 0 0 0 0 0
P699 2006 9 0 0 0 0 0 0 0 5 3 4 6 0 0 16 29 17 12 5 0 0 4 7 7 0 0 0 0 0 0 4 -999
P699 2006 10 3 3 12 10 5 0 10 0 0 0 0 0 0 0 0 0 0 0 0 0 0 0 0 0 0 0 9 17 14 7 6
P699 2006 11 0 0 0 0 4 4 3 0 0 0 0 0 0 0 0 0 0 0 0 0 0 0 0 0 0 0 0 0 0 0 -999
P699 2006 12 0 0 0 0 0 0 0 0 0 0 0 0 0 0 0 0 0 0 0 0 0 3 3 7 11 5 8 4 5 20 20
P699 2007 1 6 0 0 0 0 0 0 0 0 0 0 4 3 0 0 0 0 2 3 17 2 0 0 0 3 5 5 13 20 9 11
P699 2007 2 5 4 4 3 4 4 9 14 4 0 4 21 4 3 0 0 0 0 0 11 13 19 13 22 11 6 4 16 -999 -999 -999
P699 2007 3 42 6 10 4 0 0 0 0 0 0 0 10 55 68 13 0 0 2 3 0 3 5 9 7 7 20 0 0 7 19 51
P699 2007 4 41 0 5 0 0 0 3 3 0 0 0 0 0 0 0 3 2 4 4 3 0 12 14 18 4 5 3 3 3 0 -999
P699 2007 5 0 0 0 5 4 10 24 14 6 4 4 11 13 7 11 7 3 3 3 3 3 0 0 0 0 0 0 0 0 6 8
P699 2007 6 7 12 11 9 8 6 7 24 7 4 0 3 0 0 0 0 0 0 0 0 0 0 0 0 0 0 0 0 0 0 -999
P699 2007 7 0 0 0 0 0 0 0 0 0 0 0 0 0 0 0 0 0 0 0 0 0 0 0 0 0 0 0 0 0 0 0
P699 2007 8 0 0 0 0 0 0 0 0 0 0 0 0 0 0 0 0 0 0 0 0 0 0 0 7 0 0 0 4 15 23 9
P699 2007 9 0 12 0 0 0 0 0 22 0 0 0 0 0 0 0 15 26 0 0 0 0 0 0 0 0 0 11 0 0 0 -999
P699 2007 10 8 9 5 0 0 0 0 3 3 3 0 6 16 12 5 0 0 7 3 3 0 0 0 0 0 3 6 12 3 3 4
P699 2007 11 0 0 0 0 0 0 0 0 0 4 5 7 0 0 0 0 0 0 0 0 3 3 8 64 95 13 4 3 0 3 -999
P699 2007 12 0 0 0 0 0 0 0 5 41 14 3 3 3 8 5 10 6 8 4 3 3 4 3 0 0 0 0 0 0 0 0
P699 2008 1 6 11 5 3 3 2 3 3 2 0 0 0 3 5 3 10 3 3 5 0 0 0 0 0 0 0 0 0 0 7 7
P699 2008 2 5 0 0 4 0 0 0 0 4 8 0 0 0 0 4 7 0 0 0 3 0 4 0 0 0 0 0 0 -999 -999 -999
P699 2008 3 3 10 3 0 0 0 0 3 0 3 0 3 3 0 0 2 0 0 0 0 0 0 0 0 0 3 2 0 3 5 0
P699 2008 4 0 0 0 0 0 16 45 15 29 20 66 84 9 4 5 8 5 4 3 0 0 0 0 7 4 3 0 0 5 0 -999
P699 2008 5 0 0 4 4 6 14 6 3 3 2 3 3 0 0 0 0 0 0 4 4 6 4 0 0 0 0 0 0 0 0 0
P699 2008 6 6 0 0 0 0 4 0 0 0 0 0 0 0 4 0 0 0 9 0 0 0 0 5 0 0 0 6 10 0 0 -999
P699 2008 7 0 6 7 9 17 6 6 3 0 0 0 0 0 0 0 0 0 0 0 0 0 0 0 0 0 0 7 0 0 0 0
P699 2008 8 0 0 0 0 0 0 0 0 0 0 0 0 0 0 0 0 0 0 0 0 0 0 0 0 0 0 0 0 0 0 0
P699 2008 9 0 0 0 0 0 0 0 0 13 0 0 8 17 21 39 13 8 0 0 0 0 0 0 0 0 0 0 0 0 6 -999
P699 2008 10 3 5 7 5 4 5 5 4 0 5 4 0 0 4 6 7 7 3 5 15 7 3 2 4 3 2 0 0 0 3 2
P699 2008 11 0 0 0 0 0 4 3 0 3 5 6 3 0 0 3 3 8 4 2 3 3 0 0 0 0 0 0 0 0 0 -999
P699 2008 12 0 3 13 3 0 0 0 3 3 4 0 0 2 2 0 5 0 0 0 6 3 0 0 0 0 0 0 0 17 8 3
P699 2009 1 0 0 0 0 0 3 6 16 5 2 3 5 3 3 5 5 3 0 2 0 5 12 10 4 8 11 0 0 3 6 5
P699 2009 2 6 7 0 0 10 9 0 0 0 0 0 3 5 0 0 0 18 4 7 4 31 3 4 3 3 0 20 3 -999 -999 -999
P699 2009 3 2 3 4 4 3 2 0 0 0 0 0 0 0 0 0 0 0 0 3 3 0 0 0 0 0 4 16 3 0 0 0
P699 2009 4 0 0 0 0 0 0 0 0 0 0 0 0 0 3 4 0 0 0 11 5 14 4 0 0 0 0 6 0 0 0 -999
P699 2009 5 0 0 0 0 0 0 0 0 0 0 0 0 0 0 0 0 0 0 0 13 0 0 0 0 0 0 0 0 0 0 0
P699 2009 6 0 28 34 35 6 4 3 4 4 4 6 12 7 4 0 3 5 4 3 5 4 7 6 0 0 0 0 0 0 0 -999
P699 2009 7 0 0 0 0 0 0 0 0 0 0 0 0 0 0 0 0 0 0 0 0 0 0 0 0 0 0 0 0 0 0 0
P699 2009 8 0 0 0 0 0 0 0 0 0 0 0 0 0 0 0 0 0 0 0 0 0 0 0 0 0 0 0 0 0 0 0
P699 2009 9 0 0 0 11 9 9 7 7 9 0 0 0 0 0 7 14 0 0 0 0 0 0 0 0 15 21 12 0 0 0 -999
P699 2009 10 0 12 9 13 15 10 4 3 0 0 0 0 0 0 0 0 0 0 0 0 0 4 5 5 0 0 0 0 0 0 0
P699 2009 11 0 0 10 0 0 4 0 0 0 3 4 3 0 0 0 0 0 0 0 0 0 0 0 0 0 0 0 0 0 3 -999
P699 2009 12 3 0 0 0 0 0 0 3 0 0 3 3 0 0 0 3 5 3 0 0 0 0 0 0 0 3 2 0 2 0 0
P699 2010 1 0 0 0 0 0 0 0 0 0 0 0 0 0 0 0 4 30 11 6 5 6 6 0 0 4 5 0 0 0 0 0
P699 2010 2 0 0 0 0 0 0 0 0 0 6 6 6 9 13 8 10 4 4 5 0 0 3 3 0 0 0 0 0 -999 -999 -999
P699 2010 3 3 0 0 0 0 0 3 4 32 20 17 7 0 0 6 0 0 4 4 8 6 3 3 3 6 4 7 8 4 9 5
P699 2010 4 5 21 6 0 0 3 6 4 3 0 0 5 5 0 0 0 0 0 0 0 0 8 0 3 3 0 0 0 0 0 -999
P699 2010 5 0 0 0 0 0 0 0 0 0 0 0 0 0 0 0 0 0 0 0 21 12 3 4 0 0 0 5 8 9 0 0
P699 2010 6 0 0 0 0 0 9 8 5 4 5 6 0 3 6 4 4 4 7 8 0 3 5 5 0 0 0 0 0 0 23 -999
P699 2010 7 61 32 12 0 0 29 19 0 0 0 0 0 0 0 0 0 0 0 0 0 0 0 0 0 0 0 0 0 0 0 0
P699 2010 8 0 0 9 15 0 0 0 0 0 0 0 0 0 0 0 0 0 0 0 0 0 0 0 0 0 0 0 0 0 0 0
P699 2010 9 0 0 0 0 0 0 0 0 0 0 0 0 0 0 0 0 0 0 0 0 25 29 23 26 43 27 0 0 0 0 -999
P699 2010 10 0 0 0 0 0 0 0 0 0 0 0 0 0 0 0 0 0 0 0 0 0 0 6 0 8 6 7 18 15 8 0
P699 2010 11 0 0 0 0 0 0 0 0 0 0 5 12 5 4 11 5 2 4 4 0 0 0 0 3 0 0 0 0 0 0 -999
P699 2010 12 0 4 4 0 10 5 0 5 4 0 0 0 0 0 5 4 4 3 0 3 0 0 0 4 4 0 0 0 0 0 3
P699 2011 1 0 0 0 0 0 0 0 0 0 0 0 0 26 21 0 9 37 19 19 21 41 29 21 0 4 6 15 6 0 0 3
P699 2011 2 8 3 4 5 0 0 0 0 0 3 6 3 0 0 0 0 3 4 12 8 3 0 3 4 4 0 4 6 -999 -999 -999
P699 2011 3 12 33 20 0 4 6 4 3 3 3 0 0 0 4 3 3 3 0 0 0 0 0 3 5 0 0 0 0 0 0 0
P699 2011 4 2 3 3 4 0 0 0 0 0 7 5 3 2 0 0 0 4 7 7 0 0 0 0 0 0 0 3 0 0 0 -999
P699 2011 5 0 0 0 0 0 0 0 5 16 6 7 0 0 0 3 0 0 0 0 0 0 0 0 0 0 0 4 0 0 0 0
P699 2011 6 0 0 0 0 0 0 0 0 0 0 0 0 0 0 0 0 0 0 0 0 0 0 0 0 5 3 4 0 0 0 -999
P699 2011 7 0 6 0 0 4 4 7 7 0 0 0 0 0 0 0 0 0 0 0 0 0 0 0 0 0 0 0 0 0 0 0
P699 2011 8 0 0 0 0 0 0 0 0 0 0 0 0 0 0 0 0 0 0 14 0 0 0 0 0 0 0 0 0 0 0 0
P699 2011 9 16 0 0 8 11 0 0 0 0 0 0 0 0 0 0 0 0 0 0 0 0 0 0 0 0 0 0 0 0 20 -999
P699 2011 10 0 0 0 0 0 0 0 9 90 4 0 0 0 0 8 0 0 0 0 5 6 5 0 0 0 7 0 0 0 7 12
P699 2011 11 4 4 10 3 3 3 0 3 0 0 0 0 3 11 0 0 0 0 0 0 0 0 4 5 10 3 3 0 3 0 -999
P699 2011 12 0 0 4 0 0 0 0 0 0 0 0 0 0 0 0 3 11 3 0 0 0 0 0 0 0 5 12 20 7 3 9
P699 2012 1 6 5 9 6 4 3 0 0 0 0 0 3 3 0 0 0 2 3 3 2 3 3 4 3 0 0 0 3 4 0 0
P699 2012 2 0 0 0 0 0 0 0 0 0 4 8 5 7 0 0 0 6 0 2 0 0 0 2 3 3 0 5 0 -999 -999 -999
P699 2012 3 0 0 0 0 0 0 0 0 0 0 0 0 4 7 0 0 2 4 3 4 0 0 0 3 3 2 3 2 0 0 0
P699 2012 4 0 0 0 0 0 0 0 0 0 0 0 0 0 0 0 0 0 0 0 0 0 0 0 0 0 0 0 10 0 0 -999
P699 2012 5 0 0 0 0 0 0 0 9 61 108 75 77 16 7 0 4 9 12 10 7 7 0 0 9 10 9 4 5 12 8 3
P699 2012 6 0 0 0 0 5 5 3 0 0 0 0 0 0 0 0 0 0 0 0 0 0 0 0 0 0 9 0 0 0 0 -999
P699 2012 7 0 0 0 0 0 0 0 0 0 8 7 0 0 0 0 0 0 0 0 0 0 0 0 0 0 0 0 0 0 0 0
P699 2012 8 0 0 0 0 0 0 0 0 0 0 0 0 0 0 0 0 0 0 0 0 0 0 0 0 0 0 0 0 0 0 0
P699 2012 9 0 0 0 0 0 0 0 0 0 0 0 0 0 13 25 46 0 0 0 11 0 0 0 0 0 0 0 0 0 25 -999
P699 2012 10 15 0 0 0 0 22 0 0 0 16 6 8 9 11 0 0 0 9 17 19 35 16 9 4 7 0 0 0 0 3 6
P699 2012 11 3 0 0 0 0 0 0 0 0 0 0 4 3 3 0 0 0 0 0 0 0 0 0 0 0 0 0 0 0 0 -999
P699 2012 12 4 3 4 0 2 4 0 0 0 0 0 6 7 0 0 0 0 0 0 2 3 4 2 0 0 0 0 0 0 0 0
P699 2013 1 0 4 0 0 0 0 0 0 0 0 0 0 0 3 6 4 0 0 0 0 0 0 3 0 3 3 9 31 8 0 0
P699 2013 2 0 0 0 2 2 4 5 22 15 3 0 0 0 0 0 0 2 3 8 4 0 7 5 5 16 11 62 34 -999 -999 -999
P699 2013 3 4 3 0 0 0 0 0 0 0 5 39 40 26 7 9 0 0 4 4 3 0 0 0 0 0 0 0 0 0 0 0
P699 2013 4 16 37 42 31 12 32 32 5 5 4 0 0 12 20 78 83 56 46 51 128 156 98 19 6 0 4 26 26 26 21 -999
P699 2013 5 5 5 7 0 0 0 0 0 0 0 4 0 4 5 19 12 0 0 0 4 5 13 7 8 0 6 4 3 0 0 0
P699 2013 6 0 0 0 0 0 0 0 0 0 0 0 0 0 0 0 0 0 0 10 25 0 0 0 0 0 0 0 0 0 0 -999
P699 2013 7 0 0 0 0 0 29 0 0 0 0 0 0 0 0 0 0 0 0 0 0 0 0 0 0 0 0 0 0 0 0 0
P699 2013 8 0 0 0 0 0 0 0 0 0 0 0 0 0 0 0 0 0 0 0 0 0 0 0 26 0 0 0 0 40 30 0
P699 2013 9 0 0 0 0 0 0 0 0 0 0 0 0 0 0 0 0 0 0 0 0 0 0 0 0 0 0 0 0 0 0 -999
P699 2013 10 0 0 5 26 43 33 5 0 0 0 5 3 0 4 23 3 7 71 14 4 0 0 4 3 5 0 0 0 0 0 0
P699 2013 11 0 0 0 0 0 0 0 0 0 0 0 0 0 4 3 3 0 0 0 0 0 0 0 0 0 0 0 5 7 48 -999
P699 2013 12 80 21 4 3 11 4 10 4 0 9 8 0 0 0 0 4 22 28 5 0 0 0 0 4 0 0 0 0 0 0 0
P699 2014 1 0 2 5 17 10 0 0 3 3 4 0 0 0 0 0 0 0 0 0 0 0 0 0 3 2 2 0 0 3 22 9
P699 2014 2 7 3 5 5 26 15 21 18 0 0 0 0 0 0 0 0 8 28 47 34 41 43 19 7 0 0 0 0 -999 -999 -999
P699 2014 3 0 0 0 0 0 0 0 0 0 0 0 0 0 3 0 5 15 4 4 5 7 66 113 87 26 22 59 20 0 0 19
P699 2014 4 27 0 0 0 0 0 0 0 3 0 4 4 0 0 0 0 0 0 0 0 0 0 0 0 0 0 0 5 13 11 -999
P699 2014 5 3 0 0 0 0 0 3 6 3 0 0 7 5 4 3 3 0 3 3 3 0 4 0 0 5 0 0 0 0 4 4
P699 2014 6 8 4 3 7 4 0 0 14 0 68 0 0 0 0 0 0 0 0 0 0 0 0 0 0 0 0 0 0 0 0 -999
P699 2014 7 0 0 0 0 0 0 0 0 0 0 0 0 0 0 0 0 0 0 0 0 17 0 0 0 0 0 0 0 0 0 0
P699 2014 8 0 6 7 12 0 0 13 0 0 0 0 0 0 0 0 0 0 0 0 0 0 0 0 61 0 0 0 0 0 0 0
P699 2014 9 0 0 0 0 0 0 7 0 0 8 0 0 27 24 14 0 0 0 0 7 0 0 0 0 0 0 0 0 0 0 -999
P699 2014 10 0 0 7 0 0 0 0 0 7 0 0 0 0 0 0 0 0 0 0 0 5 6 11 7 6 0 0 0 0 0 0
P699 2014 11 0 0 5 8 8 4 0 0 0 3 0 0 3 0 0 0 0 0 3 4 4 4 7 13 12 12 5 17 5 3 -999
P699 2014 12 3 0 0 0 0 0 0 0 0 0 0 0 0 0 0 3 4 8 3 33 3 3 3 3 4 0 0 4 0 0 0
P699 2015 1 0 0 0 0 0 0 0 0 0 0 0 0 0 0 0 0 4 0 0 0 0 0 0 0 0 3 16 3 0 2 2
P699 2015 2 3 0 0 0 0 0 0 0 2 5 31 43 14 15 11 4 5 16 41 41 6 3 2 0 0 0 0 0 -999 -999 -999
P699 2015 3 0 10 95 146 125 40 53 44 25 39 50 62 46 20 43 58 40 51 119 9 5 20 48 61 94 115 124 47 0 0 6
P699 2015 4 4 5 0 0 15 128 105 0 3 13 13 4 4 3 3 2 3 3 4 0 0 0 4 6 5 0 0 0 0 0 -999
P699 2015 5 0 0 4 6 59 23 8 5 0 0 5 0 0 0 0 0 0 0 0 0 0 0 0 0 35 39 24 0 0 0 0
P699 2015 6 0 0 0 0 25 34 33 11 0 0 0 0 0 0 0 0 0 0 0 0 0 0 0 0 0 0 0 0 7 5 -999
P699 2015 7 0 0 0 0 0 0 0 0 0 0 0 0 0 0 0 0 0 0 0 0 0 0 0 0 0 0 0 0 0 0 0
P699 2015 8 0 0 9 0 0 0 0 0 0 0 4 4 0 0 0 0 0 0 0 0 0 0 0 0 0 11 0 0 0 0 0
P699 2015 9 0 0 0 0 0 0 0 0 0 0 0 0 0 0 0 0 6 14 8 0 0 0 0 0 0 0 0 6 0 0 -999
P699 2015 10 0 0 0 0 0 0 0 0 0 4 29 46 4 5 30 11 6 4 3 3 3 4 0 0 5 0 3 4 0 0 0
P699 2015 11 0 0 0 0 0 0 9 16 0 0 0 0 0 0 0 0 0 0 0 0 0 0 0 0 0 0 0 0 0 0 -999
P699 2015 12 0 0 0 0 0 0 0 0 0 0 0 4 3 0 0 0 0 0 0 0 0 2 0 0 3 4 3 3 0 2 2
P699 2016 1 2 2 0 0 5 2 2 2 0 3 14 88 30 48 51 3 2 3 3 3 5 5 0 0 3 23 48 115 140 22 7
P699 2016 2 11 7 4 3 3 3 4 3 4 0 0 0 0 2 3 0 0 0 0 0 0 0 0 0 0 0 0 0 -999 -999 -999
P699 2016 3 0 0 0 0 0 0 0 0 0 0 0 0 0 0 0 0 0 3 0 0 0 0 3 4 0 4 0 0 0 4 5
P699 2016 4 6 0 0 8 56 11 3 2 3 3 0 5 4 4 0 0 9 7 10 7 5 0 7 0 0 0 0 3 0 6 -999
P699 2016 5 6 3 3 0 0 0 0 0 0 0 3 0 0 0 0 0 0 0 0 0 0 0 0 0 4 4 4 4 0 0 0
P699 2016 6 0 0 0 0 7 5 0 0 0 0 0 0 0 0 0 0 0 0 0 0 0 0 6 0 0 10 0 7 5 0 -999
P699 2016 7 8 11 0 0 0 0 0 0 0 0 0 0 0 0 0 0 0 0 0 0 0 0 0 0 0 0 0 0 0 0 0
P699 2016 8 0 0 0 0 11 6 0 0 0 0 0 0 0 20 0 0 0 0 0 0 0 0 0 0 0 0 0 0 0 0 0
P699 2016 9 0 0 0 0 15 9 0 0 0 0 22 0 0 0 0 0 0 0 0 0 0 0 0 0 0 0 0 0 0 10 -999
P699 2016 10 6 0 0 0 0 0 0 15 20 9 0 0 0 0 0 0 0 0 0 0 4 4 3 0 6 19 15 3 8 0 0
P699 2016 11 0 0 0 5 27 32 3 3 2 3 2 0 3 5 3 3 0 0 0 0 0 0 0 3 4 3 0 0 0 0 -999
P699 2016 12 0 0 0 0 0 0 0 0 0 0 0 0 0 3 21 0 0 0 0 4 0 3 0 0 0 0 0 0 0 3 4
P699 2017 1 12 4 3 32 21 3 2 0 2 2 8 27 0 0 0 3 3 0 0 5 5 0 0 0 0 3 6 9 4 0 0
P699 2017 2 0 0 0 3 3 3 5 5 0 3 3 3 6 15 22 15 5 3 6 5 5 3 3 0 0 4 24 26 -999 -999 -999
P699 2017 3 4 6 10 17 113 7 3 5 12 24 57 48 15 11 15 24 77 23 5 6 3 3 3 2 3 4 0 3 7 0 27
P699 2017 4 10 3 5 6 9 12 77 17 4 8 40 18 11 3 2 0 0 0 4 3 4 16 6 4 4 3 3 3 3 4 -999
P699 2017 5 4 3 0 0 0 0 4 3 2 2 3 0 0 0 5 0 0 0 0 0 0 0 5 10 5 0 0 0 0 0 0
P699 2017 6 0 4 0 0 0 0 0 11 5 3 4 0 0 0 0 0 0 0 0 0 0 0 0 0 0 0 0 0 0 0 -999
P699 2017 7 0 0 0 0 0 0 0 11 0 0 0 0 0 0 0 0 0 0 0 0 0 0 4 8 0 0 0 0 0 0 0
P699 2017 8 0 0 0 0 0 0 0 0 0 0 6 4 0 0 0 0 0 0 0 11 15 13 0 0 0 0 0 0 0 0 16
P699 2017 9 0 0 0 0 0 12 16 10 0 0 0 0 0 0 0 0 0 0 0 0 0 0 0 0 0 3 6 9 5 0 -999
P699 2017 10 6 4 0 9 11 8 5 3 3 7 0 0 0 0 0 0 0 0 0 0 0 0 5 0 0 3 14 5 9 16 0
P699 2017 11 0 4 5 0 0 5 0 0 4 5 5 6 0 0 0 4 3 0 0 0 0 0 0 3 3 0 0 0 0 0 -999
P699 2017 12 0 3 4 0 0 0 0 0 0 0 0 0 0 2 3 3 3 2 0 0 3 5 2 0 0 0 2 3 4 4 2
P699 2018 1 0 0 0 0 0 0 0 0 0 0 0 0 0 0 0 0 4 4 0 0 0 0 0 4 4 5 24 80 19 34 13
P699 2018 2 14 29 27 12 3 4 3 4 3 3 4 8 16 24 5 0 13 15 32 26 0 10 6 6 5 7 62 112 -999 -999 -999
P699 2018 3 96 88 93 64 19 23 7 5 0 0 3 11 0 0 0 0 0 26 28 18 5 2 2 2 2 3 3 2 2 2 3
P699 2018 4 2 2 2 2 0 0 0 0 0 0 0 10 6 4 4 4 5 6 3 0 0 0 0 0 0 3 4 12 8 7 -999
P699 2018 5 4 5 15 11 0 0 0 0 0 0 0 0 0 0 0 0 0 9 31 39 7 0 0 0 0 0 0 0 0 0 0
P699 2018 6 0 0 0 0 0 0 0 4 5 0 0 0 0 0 0 0 0 0 0 0 0 0 0 0 0 0 0 0 0 0 -999
P699 2018 7 0 0 0 0 0 0 0 0 0 0 0 0 0 0 0 0 0 0 0 0 0 0 0 0 0 0 0 0 0 0 0
P699 2018 8 0 0 10 0 0 0 0 0 0 0 0 0 0 0 0 0 0 0 0 0 0 0 0 0 0 0 0 0 0 0 0
P699 2018 9 0 0 0 0 10 41 20 8 5 0 0 0 0 0 0 0 0 0 0 0 0 5 4 0 0 0 0 0 0 0 -999
P699 2018 10 15 0 27 36 33 11 0 0 0 0 0 0 0 34 53 23 11 12 32 54 61 32 31 28 13 6 6 0 0 0 5
P699 2018 11 6 5 6 7 8 0 0 0 6 6 0 0 0 0 0 0 0 0 0 0 10 13 14 7 0 4 4 2 0 0 -999
P699 2018 12 0 0 0 0 0 0 0 0 0 0 0 0 0 0 0 0 0 0 0 0 0 0 0 0 3 3 3 3 3 0 0
P699 2019 1 0 0 0 0 0 4 4 4 3 4 0 2 0 0 0 0 0 0 0 0 0 0 0 0 0 0 0 0 0 4 0
P699 2019 2 0 0 0 3 3 7 42 12 4 9 16 7 3 5 2 4 3 0 0 0 0 3 8 132 14 4 6 33 -999 -999 -999
P699 2019 3 51 33 51 11 5 3 3 0 3 4 5 6 3 0 0 0 0 0 0 0 0 0 3 13 18 36 79 28 43 32 5
P699 2019 4 4 0 0 0 0 0 0 0 0 0 0 0 3 0 0 0 0 0 0 0 0 0 0 0 0 0 0 0 7 9 -999
P699 2019 5 21 7 0 0 0 0 5 6 7 0 0 0 7 4 0 0 0 0 0 0 0 0 0 0 4 0 0 3 18 79 18
P699 2019 6 0 0 0 0 0 0 0 8 0 0 4 6 12 7 0 0 0 0 0 0 0 0 0 0 0 0 5 0 0 0 -999
P699 2019 7 0 0 4 0 0 0 0 0 0 0 0 0 0 0 0 0 0 0 0 0 0 0 0 0 0 0 0 0 0 0 0
P699 2019 8 0 0 0 0 0 10 0 0 0 0 0 0 0 0 0 0 0 0 7 0 0 0 0 0 0 0 0 0 0 0 8
P699 2019 9 12 0 0 0 0 0 0 0 22 26 7 7 4 0 0 8 10 0 0 0 7 14 50 80 42 26 36 17 0 0 -999
P699 2019 10 0 0 20 43 24 16 34 7 12 5 0 0 0 0 0 0 0 0 0 0 11 0 0 0 0 0 0 0 0 0 0
P699 2019 11 0 0 0 0 3 3 0 0 0 0 0 0 0 0 0 0 0 0 0 0 0 0 0 0 0 0 9 119 51 4 -999
P699 2019 12 0 0 0 0 0 0 0 0 0 0 0 0 0 0 0 3 2 2 5 88 85 13 4 2 2 0 0 0 0 0 0
P699 2020 1 0 0 3 5 10 11 4 0 0 0 0 0 0 0 0 0 0 0 0 0 0 0 9 34 14 7 0 3 4 6 52
P699 2020 2 47 3 3 2 2 3 0 0 4 73 42 0 0 23 6 28 58 54 54 65 44 51 90 10 0 4 8 7 -999 -999 -999
P699 2020 3 7 0 0 0 0 0 0 0 0 0 0 0 6 4 14 40 65 49 10 5 4 4 5 5 3 2 2 0 0 2 0
P699 2020 4 0 0 0 0 0 11 20 28 100 91 85 43 10 8 6 0 0 0 0 6 19 4 9 19 15 3 0 0 27 128 -999
P699 2020 5 148 107 7 5 3 4 9 10 0 0 4 0 0 0 0 0 26 43 71 37 20 7 0 0 3 4 11 6 5 7 6
P699 2020 6 4 5 6 0 0 4 3 5 4 0 0 0 0 10 17 0 0 0 0 0 0 0 0 0 0 0 0 72 93 19 -999
P699 2020 7 0 0 0 0 0 0 0 0 0 0 0 0 0 0 0 0 0 0 0 0 0 0 0 0 0 0 0 0 0 0 0
P699 2020 8 0 0 0 0 0 0 0 0 0 0 0 0 0 0 0 0 0 0 0 0 0 0 0 0 0 0 0 0 0 0 26
P699 2020 9 0 0 0 0 0 0 0 11 9 0 0 0 0 0 4 4 0 0 7 4 3 0 0 0 0 0 0 0 0 0 -999
P699 2020 10 0 0 5 28 28 37 4 0 0 5 9 9 9 0 0 0 0 0 0 0 0 0 8 13 0 0 6 23 16 4 0
P699 2020 11 0 3 0 0 0 0 6 0 0 0 0 0 0 3 7 0 3 5 4 2 3 4 0 0 0 0 0 0 0 0 -999
P699 2020 12 0 0 0 0 0 0 0 0 0 0 0 0 0 3 0 0 0 0 0 0 0 3 2 0 0 0 0 0 0 0 0
P699 2021 1 0 0 3 5 0 0 0 0 0 0 0 3 0 3 0 3 4 28 15 4 3 3 0 3 3 3 4 4 2 2 15
P699 2021 2 46 3 2 2 2 3 2 2 3 6 6 5 4 5 6 3 0 5 0 0 0 0 0 0 3 21 36 38 -999 -999 -999
P699 2021 3 11 8 13 8 12 21 73 131 134 11 0 0 2 3 3 4 42 8 8 5 3 3 3 0 0 0 0 0 0 0 0
P699 2021 4 0 0 3 10 0 0 0 0 0 0 2 0 0 0 0 0 0 0 3 4 6 8 8 26 78 24 4 3 3 0 -999
P699 2021 5 6 0 0 0 0 0 4 4 0 0 0 3 5 0 0 0 0 0 0 6 0 0 0 10 7 0 0 3 9 17 6
P699 2021 6 10 10 3 0 0 0 3 0 3 3 4 0 5 7 5 0 0 0 0 0 0 0 0 3 0 0 0 0 0 0 -999
P699 2021 7 0 0 0 0 0 0 0 12 0 0 0 0 0 0 0 0 0 0 0 0 0 0 0 0 0 0 0 0 0 5 0
P699 2021 8 0 0 0 0 0 0 0 0 7 5 4 0 0 0 0 0 0 0 0 0 0 0 0 0 0 0 0 0 0 0 5
P699 2021 9 0 0 0 0 0 0 0 0 0 0 0 0 0 0 10 9 0 0 0 0 0 0 0 0 9 4 0 5 7 15 -999
P699 2021 10 4 6 6 3 0 0 0 0 5 0 0 0 0 9 5 5 4 9 7 3 5 3 0 0 5 35 47 10 14 7 3
P699 2021 11 3 3 0 0 0 0 0 4 3 0 0 0 0 0 0 0 0 0 0 0 0 0 0 0 0 0 0 0 0 0 -999
P699 2021 12 0 0 0 0 0 0 0 0 0 0 0 0 3 3 8 11 3 4 3 3 3 3 2 2 2 4 6 4 3 0 0
P699 2022 1 3 0 0 0 0 0 0 0 0 0 0 0 3 112 109 24 20 82 138 96 6 0 3 27 12 10 0 0 0 0 0
P699 2022 2 0 9 4 0 0 0 0 0 0 3 0 0 0 0 3 3 5 0 0 0 0 0 0 3 0 0 2 3 -999 -999 -999
P699 2022 3 2 2 0 0 3 2 3 0 0 0 0 0 0 0 0 4 0 0 0 0 6 9 7 4 5 0 3 4 7 10 30
P699 2022 4 36 84 132 7 0 29 13 3 3 0 0 14 45 26 22 23 33 57 67 17 5 15 3 4 4 0 0 0 0 0 -999
P699 2022 5 0 0 0 0 0 0 0 0 0 0 0 0 0 0 0 0 0 0 0 0 0 4 7 9 0 0 0 0 18 32 7
P699 2022 6 0 6 9 0 0 0 0 0 0 0 36 26 31 46 10 0 0 0 7 0 0 0 0 0 0 0 0 0 0 0 -999
P699 2022 7 0 0 0 0 0 0 0 0 0 0 0 0 0 0 0 0 0 0 0 0 0 0 0 0 0 0 0 0 0 0 0
P699 2022 8 0 0 0 0 0 0 0 0 0 0 0 0 0 0 0 0 0 0 0 0 0 0 0 0 0 0 0 0 0 0 0
P699 2022 9 0 0 0 0 0 0 0 0 0 0 0 0 0 0 0 0 0 0 0 0 0 0 8 59 13 14 17 10 0 0 -999
P699 2022 10 0 0 0 0 0 24 0 0 0 3 0 0 0 0 0 0 0 0 0 5 21 12 0 0 0 0 4 0 0 0 0
P699 2022 11 0 0 4 3 3 3 3 0 0 0 0 0 5 4 8 4 5 20 30 9 5 7 5 13 4 0 0 0 0 0 -999
P699 2022 12 0 0 0 0 0 2 3 0 2 0 0 3 3 0 0 0 0 3 3 3 3 0 0 3 3 2 0 3 7 6 7
P699 2023 1 4 8 15 26 50 53 28 4 3 0 3 5 6 23 16 4 5 9 11 7 0 4 36 16 10 5 5 0 0 0 0
P699 2023 2 0 14 15 11 4 0 0 0 0 0 0 6 3 3 2 0 0 2 7 3 5 0 0 0 0 0 0 0 -999 -999 -999
P699 2023 3 0 0 2 3 0 0 0 0 0 0 0 0 0 0 6 18 3 2 4 4 12 4 0 0 0 0 0 3 7 0 0
P699 2023 4 0 0 0 0 0 0 3 0 0 0 12 6 0 0 12 34 12 10 52 12 6 45 28 13 4 0 0 0 0 0 -999
P699 2023 5 3 21 6 6 2 3 3 7 7 3 4 4 7 0 7 18 16 7 13 8 0 0 0 5 4 5 0 0 5 7 9
P699 2023 6 0 0 0 0 0 0 0 0 0 0 0 7 4 0 5 4 3 3 4 5 0 0 0 0 0 0 0 0 0 0 -999
P699 2023 7 0 0 0 0 0 0 7 9 10 11 20 0 0 0 0 0 0 11 29 27 0 0 0 10 10 0 0 0 0 0 0
P699 2023 8 0 0 0 0 0 0 0 0 0 0 0 0 0 0 0 0 0 0 0 0 0 0 0 0 0 0 0 0 0 18 19
P699 2023 9 0 0 0 0 0 0 0 0 0 0 0 0 0 0 0 0 0 33 5 0 0 0 0 0 0 0 0 0 0 3 -999
P699 2023 10 70 67 7 4 0 0 0 0 0 4 4 3 4 4 3 3 3 3 8 5 3 3 0 0 0 0 0 0 3 3 4
P699 2023 11 3 3 0 0 0 0 0 10 8 5 5 5 0 0 0 0 0 0 0 0 0 0 0 0 0 0 0 0 0 0 -999
P699 2023 12 0 8 18 11 0 0 0 0 0 0 3 5 0 0 0 0 0 0 0 3 3 2 0 0 3 0 0 0 0 0 0
P699 2024 1 0 0 0 0 0 0 0 0 0 0 0 0 0 0 0 0 0 3 3 2 2 0 0 0 0 0 5 4 8 0 0
P699 2024 2 0 0 0 0 4 74 101 57 119 73 5 4 0 0 0 0 0 0 0 0 0 0 0 0 0 0 0 0 -999 -999 -999
P699 2024 3 0 0 0 0 0 0 0 9 8 0 8 54 5 18 13 6 19 18 21 7 5 5 6 7 6 5 5 7 17 21 43
P699 2024 4 79 57 16 10 5 6 4 8 3 4 3 0 0 0 0 0 3 3 0 0 0 16 6 0 0 0 0 0 0 0 -999
P699 2024 5 0 3 4 4 10 31 38 11 7 0 0 0 3 4 4 3 5 5 0 0 0 0 0 4 6 0 8 0 3 0 0
P699 2024 6 0 0 0 0 0 0 0 0 0 0 0 0 0 0 0 0 0 0 0 0 0 0 0 0 0 0 0 0 0 0 -999
P699 2024 7 0 0 0 0 0 0 0 0 0 0 0 0 0 0 0 0 0 0 0 0 0 0 0 0 0 0 0 0 0 0 0
P699 2024 8 0 0 0 0 0 0 0 0 0 0 0 0 0 0 0 0 0 0 0 0 0 0 0 0 0 0 0 0 0 0 0
P699 2024 9 0 0 0 0 0 0 0 0 0 0 0 0 0 0 0 0 0 8 5 6 11 11 23 9 0 0 0 0 4 4 -999
P699 2024 10 0 7 9 5 10 6 16 0 0 0 0 0 0 0 0 0 0 0 0 0 0 0 0 0 0 0 4 0 0 3 5
P699 2024 11 7 18 5 4 4 6 0 0 0 0 0 6 7 48 94 4 7 5 6 4 0 0 0 0 0 0 0 6 7 18 -999
P699 2024 12 14 6 3 2 0 0 0 0 0 0 0 0 3 0 0 0 0 0 0 0 0 4 0 0 0 0 0 0 0 0 0
P699 2025 1 0 0 0 3 8 111 87 4 2 0 0 0 0 0 0 0 0 0 3 0 0 0 0 0 0 0 0 0 3 0 0
P699 2025 2 0 0 0 0 0 0 0 8 4 3 16 12 9 34 44 12 5 0 0 0 0 0 0 0 4 4 0 0 -999 -999 -999
P699 2025 3 0 0 5 3 0 0 30 39 5 9 3 0 0 0 0 0 0 0 0 0 0 0 0 0 0 0 0 0 0 0 0
P699 2025 4 0 0 0 0 0 0 0 0 0 0 0 0 0 0 15 0 17 0 0 0 0 0 0 0 0 0 0 0 6 4 -999
P699 2025 5 0 0 4 4 0 0 0 0 0 0 0 0 0 3 3 0 0 0 0 0 3 6 4 4 3 6 3 5 5 0 0
P699 2025 6 0 0 0 0 0 0 0 0 0 0 0 0 0 0 0 0 0 0 0 0 0 0 0 0 0 0 0 0 16 50 -999
P699 2025 7 49 22 0 0 0 0 0 0 0 0 0 0 0 0 0 0 0 0 0 0 0 0 0 0 0 0 0 0 0 0 0
P699 2025 8 0 0 0 4 0 0 0 0 0 0 0 0 0 7 9 0 0 0 0 0 0 0 0 0 0 0 0 0 0 0 0
P699 2025 9 0 0 0 0 0 0 0 0 0 4 0 0 0 0 0 0 0 11 0 0 0 0 0 0 0 7 11 5 0 0 -999
P699 2025 10 0 0 0 0 0 0 0 0 0 0 0 0 0 0 0 7 14 8 8 11 36 17 3 0 0 0 0 0 0 2 3
P699 2025 11 3 7 6 12 4 3 3 11 41 67 9 0 0 11 4 0 0 0 0 0 0 0 0 0 0 0 0 0 0 0 -999
P699 2025 12 0 0 0 0 0 0 0 0 0 0 0 4 4 0 0 2 3 3 4 6 3 3 25 23 5 4 5 9 3 0 4
P699 2026 1 3 4 3 0 0 0 0 0 0 0 0 0 0 0 0 0 0 0 0 2 0 0 0 4 5 0 0 0 0 0 0
P699 2026 2 0 0 0 0 0 0 0 0 0 0 0 0 0 0 0 3 9 12 4 3 0 4 4 4 0 4 16 12 -999 -999 -999
P699 2026 3 6 4 4 10 13 34 6 6 15 5 0 0 7 14 0 0 0 0 0 0 0 0 43 11 3 4 0 0 0 3 0
P699 2026 4 0 0 0 0 0 0 0 3 3 3 0 0 2 3 3 3 7 6 0 0 0 0 0 0 0 0 0 6 12 4 -999
P699 2026 5 8 8 5 0 0 3 0 0 4 11 12 17 23 11 0 0 0 0 0 0 0 0 0 0 0 0 0 0 0 0 0
P699 2026 6 0 0 0 0 0 0 0 0 0 0 0 0 0 0 0 0 0 0 0 0 0 8 0 0 0 0 0 0 0 0 -999
P699 2026 7 18 16 0 0 0 0 0 0 0 0 0 0 0 0 0 0 0 0 5 0 0 0 0 0 0 0 0 0 0 0 0
P699 2026 8 0 0 0 0 0 0 0 0 0 0 0 0 0 0 0 0 0 0 0 0 0 0 0 0 0 0 0 0 0 7 13
P699 2026 9 13 11 8 3 0 0 5 0 0 0 0 0 0 0 0 0 0 0 0 0 7 5 0 0 0 0 0 11 18 0 -999
P699 2026 10 0 0 0 10 5 0 0 0 0 0 0 0 0 0 0 0 0 3 0 0 0 0 0 0 0 0 0 0 3 3 2
P699 2026 11 4 3 3 2 3 3 4 3 3 15 5 4 8 5 3 4 4 3 0 0 0 0 0 4 0 0 0 5 0 0 -999
P699 2026 12 0 0 0 0 0 0 0 0 0 0 0 0 0 0 6 34 28 3 3 3 3 3 3 3 0 0 0 0 0 0 0
P699 2027 1 0 0 0 0 3 2 0 3 3 7 5 12 14 50 84 43 29 4 3 3 0 2 0 0 0 3 3 3 6 9 5
P699 2027 2 0 0 0 0 0 0 0 0 0 0 0 4 71 17 9 4 0 3 4 3 0 4 7 3 0 0 3 0 -999 -999 -999
P699 2027 3 0 0 0 2 3 4 5 16 6 0 12 0 0 0 0 10 13 22 11 12 19 13 21 12 3 3 3 3 0 0 0
P699 2027 4 0 8 0 10 0 0 0 0 0 0 0 0 0 0 19 6 0 4 25 6 0 0 11 0 0 0 0 0 0 13 -999
P699 2027 5 13 0 6 14 27 21 8 4 6 13 4 0 5 0 0 0 0 0 0 0 0 0 0 0 3 3 3 0 7 0 0
P699 2027 6 0 0 0 5 15 3 0 0 0 0 0 0 0 0 0 0 0 0 0 0 0 0 6 7 0 0 0 0 0 0 -999
P699 2027 7 0 0 0 0 0 0 0 0 0 0 0 0 0 0 0 0 0 0 0 0 0 0 0 0 0 0 0 0 0 0 0
P699 2027 8 0 0 0 0 0 0 0 0 0 0 0 0 18 16 0 0 0 0 0 0 0 0 0 0 0 0 0 0 0 0 0
P699 2027 9 0 0 0 0 0 0 0 0 0 0 0 0 9 0 0 0 0 15 53 30 33 0 0 0 14 0 0 4 0 6 -999
P699 2027 10 6 0 0 0 0 0 0 0 0 0 0 0 0 10 6 0 0 4 4 0 0 3 20 32 7 0 0 0 0 0 0
P699 2027 11 0 0 0 0 3 0 0 0 0 0 3 34 27 5 0 0 0 0 0 0 0 0 0 0 0 0 0 0 0 0 -999
P699 2027 12 0 0 0 0 0 0 0 0 0 0 0 0 0 0 4 5 3 0 0 0 0 0 0 0 0 0 0 0 0 0 0
P699 2028 1 0 0 0 0 0 0 0 0 0 0 0 0 0 0 0 4 43 82 14 4 0 0 8 67 87 43 25 25 14 18 16
P699 2028 2 20 69 20 8 7 9 5 5 10 12 7 16 4 2 0 0 5 2 0 0 0 0 3 0 0 0 0 0 -999 -999 -999
P699 2028 3 0 0 4 0 0 3 0 0 0 0 12 5 6 3 4 0 0 0 0 0 0 0 0 0 0 0 0 0 0 0 0
P699 2028 4 0 0 0 0 0 0 0 0 0 0 0 0 0 0 0 0 7 0 0 10 7 4 0 0 0 0 0 0 0 0 -999
P699 2028 5 0 0 0 0 0 0 0 5 5 4 4 4 0 0 0 0 5 0 0 0 0 0 0 4 3 0 0 3 3 0 0
P699 2028 6 3 7 0 0 5 15 34 13 10 5 4 4 5 0 0 9 12 24 23 0 0 0 0 0 0 0 0 0 10 5 -999
P699 2028 7 3 0 0 0 0 0 0 0 0 0 0 7 5 4 0 0 0 0 0 0 0 0 0 0 0 0 0 0 0 0 0
P699 2028 8 0 0 0 0 0 0 0 0 0 0 0 0 0 0 0 0 0 0 0 0 0 0 0 0 0 0 0 0 0 0 0
P699 2028 9 0 0 0 0 0 0 0 0 0 0 27 0 0 0 0 0 0 0 0 0 0 7 16 0 4 9 8 0 26 0 -999
P699 2028 10 0 0 0 0 0 0 0 0 0 0 4 6 0 0 5 0 0 4 5 0 0 0 0 0 0 0 0 0 0 0 0
P699 2028 11 0 0 0 0 6 5 4 0 0 0 8 9 0 0 0 0 0 0 2 3 0 0 0 0 0 0 0 0 0 0 -999
P699 2028 12 0 0 0 0 0 6 0 0 0 0 0 0 10 120 103 71 63 14 3 3 3 0 2 0 0 0 0 0 0 4 0
P699 2029 1 0 0 3 5 10 6 6 10 11 12 4 5 3 0 0 0 3 11 94 94 17 6 0 0 0 0 7 8 0 0 3
P699 2029 2 0 2 2 0 0 0 0 0 0 0 0 0 0 0 0 0 0 0 0 0 0 0 0 0 0 0 0 0 -999 -999 -999
P699 2029 3 6 0 0 4 29 8 7 3 5 13 3 0 0 0 3 0 0 0 0 2 3 3 5 3 0 0 0 0 0 0 0
P699 2029 4 4 8 9 6 4 5 0 4 0 0 0 0 12 12 15 0 0 3 0 0 0 0 0 0 0 0 0 2 3 3 -999
P699 2029 5 0 0 0 4 8 3 12 21 12 3 0 0 0 0 0 0 0 0 0 0 4 0 0 10 8 0 0 0 0 29 89
P699 2029 6 133 128 104 52 0 0 0 0 0 0 0 0 0 0 0 0 0 0 0 0 0 0 0 0 0 0 0 0 0 0 -999
P699 2029 7 0 0 0 0 0 0 0 0 0 0 0 0 0 0 0 18 11 0 0 0 0 0 0 0 0 0 0 11 0 0 0
P699 2029 8 0 0 0 0 0 0 0 0 0 0 0 0 0 0 0 0 0 0 0 0 0 0 0 0 0 0 0 0 0 0 0
P699 2029 9 0 0 0 0 0 0 0 0 0 0 0 0 0 0 0 0 0 0 0 0 0 0 0 0 6 17 16 18 16 10 -999
P699 2029 10 6 0 0 0 0 0 0 0 5 6 0 0 0 0 0 0 0 0 0 0 0 0 0 0 0 11 31 44 90 13 0
P699 2029 11 0 0 0 0 0 0 0 0 0 0 0 0 0 0 0 0 0 3 0 0 0 0 0 3 4 0 0 0 0 0 -999
P699 2029 12 0 0 0 3 3 3 0 0 3 3 2 0 0 0 0 0 0 3 4 0 0 2 5 11 53 5 4 3 5 6 0
P699 2030 1 0 0 10 13 15 4 4 11 8 12 15 15 9 5 3 3 3 0 0 0 0 0 3 0 0 0 0 0 11 34 7
P699 2030 2 9 4 3 3 0 2 0 0 17 39 0 0 0 0 0 9 5 12 20 0 0 0 0 0 3 0 0 0 -999 -999 -999
P699 2030 3 0 13 11 9 12 0 0 0 0 0 0 0 0 0 0 0 0 0 4 20 5 7 11 19 124 130 46 9 3 4 4
P699 2030 4 3 5 5 4 17 6 0 0 4 11 7 8 0 13 9 4 3 3 5 13 4 0 0 3 4 13 10 5 0 0 -999
P699 2030 5 0 0 0 0 0 0 0 0 0 0 4 14 8 11 23 16 4 0 0 0 0 0 0 0 0 0 0 10 0 0 0
P699 2030 6 0 0 0 0 0 0 0 0 0 0 0 0 0 0 9 7 18 35 7 3 0 4 6 4 0 0 0 0 0 0 -999
P699 2030 7 0 0 0 0 0 0 0 0 0 0 0 0 0 0 0 0 0 0 0 0 0 0 0 0 0 0 0 0 0 0 0
P699 2030 8 0 0 0 19 17 0 0 0 0 0 0 0 0 0 0 0 0 0 0 0 0 0 0 0 0 21 56 12 6 0 0
P699 2030 9 0 0 0 0 0 0 0 0 0 0 0 0 0 0 0 5 6 11 4 4 5 5 7 6 7 6 0 6 4 0 -999
P699 2030 10 0 0 0 0 0 0 17 5 13 18 14 4 3 3 0 0 0 0 15 14 25 15 4 0 4 0 0 0 5 17 34
P699 2030 11 25 20 6 5 6 26 3 3 3 2 6 3 0 3 2 3 3 6 6 7 8 6 11 5 3 3 3 3 10 10 -999
P699 2030 12 0 0 0 0 0 2 3 3 0 0 3 0 0 0 0 0 0 0 0 0 0 0 0 0 0 0 0 3 3 4 3
P699 2031 1 0 0 0 0 3 6 0 0 3 40 5 4 2 6 55 18 0 0 3 0 0 0 0 0 0 0 0 0 0 0 0
P699 2031 2 0 3 3 8 10 32 17 5 13 7 17 21 16 7 4 5 53 59 6 12 20 10 9 13 6 0 0 3 -999 -999 -999
P699 2031 3 5 4 3 3 0 3 9 3 2 3 29 3 3 3 0 0 3 0 0 3 4 4 0 0 0 0 0 0 0 4 4
P699 2031 4 0 0 3 4 4 4 0 0 0 0 0 0 4 3 3 0 0 0 0 0 0 0 0 0 7 0 0 0 0 0 -999
P699 2031 5 4 0 6 5 6 0 6 5 7 8 8 0 0 14 21 35 28 10 6 10 8 0 0 0 0 0 11 0 0 0 0
P699 2031 6 0 8 9 0 0 0 9 0 0 0 0 0 0 0 0 0 0 0 17 16 0 0 0 0 0 0 0 0 0 0 -999
P699 2031 7 0 0 0 0 0 0 0 0 0 0 0 39 7 7 6 3 0 5 0 0 0 0 0 0 8 6 0 0 0 0 0
P699 2031 8 0 0 0 0 0 0 0 0 0 0 5 4 6 0 0 0 0 0 0 0 0 0 0 0 0 0 0 0 0 0 0
P699 2031 9 0 0 0 0 0 0 0 0 0 0 6 17 7 0 0 11 9 0 0 0 0 4 13 7 0 4 4 3 0 0 -999
P699 2031 10 0 0 0 0 0 0 0 8 11 8 18 21 0 0 0 5 4 5 6 8 11 24 5 0 0 0 0 6 0 0 0
P699 2031 11 0 0 0 0 0 5 5 3 0 0 0 0 5 8 11 3 3 3 3 5 5 3 2 3 4 3 5 5 3 4 -999
P699 2031 12 5 5 4 2 3 3 0 2 7 4 0 0 0 0 0 0 0 0 0 3 4 2 3 3 21 3 3 3 0 0 0
P699 2032 1 0 0 3 3 4 4 2 3 5 0 0 7 36 42 44 13 4 0 0 0 0 0 0 0 0 0 0 0 3 3 3
P699 2032 2 9 37 99 28 3 0 0 0 0 13 15 3 8 0 0 20 7 9 0 0 0 0 7 22 16 6 7 6 -999 -999 -999
P699 2032 3 22 11 10 4 0 0 0 0 0 0 0 0 0 0 4 0 0 0 0 0 0 0 0 14 0 0 0 6 7 4 4
P699 2032 4 7 7 6 13 33 25 44 33 4 3 3 0 0 0 4 3 0 0 5 7 0 0 4 31 30 3 3 0 0 0 -999
P699 2032 5 0 0 0 5 4 4 4 4 13 41 59 33 0 6 16 8 0 3 4 5 0 0 0 0 3 6 10 13 27 26 9
P699 2032 6 0 0 0 0 0 0 4 8 18 0 0 0 0 0 0 5 0 0 0 0 0 0 0 0 0 0 0 0 0 0 -999
P699 2032 7 0 0 4 15 6 14 0 0 0 0 0 0 0 0 0 0 0 0 0 0 0 0 0 0 0 0 0 0 0 0 0
P699 2032 8 0 0 0 0 0 0 0 0 0 0 0 18 0 0 0 0 0 22 19 18 54 17 0 0 0 0 0 0 0 0 0
P699 2032 9 0 0 0 0 0 0 0 0 0 0 11 0 0 0 0 9 0 5 8 14 9 0 0 0 0 0 0 12 15 8 -999
P699 2032 10 12 14 19 12 0 0 0 0 3 0 0 0 0 3 4 3 3 0 6 11 7 0 14 5 3 3 0 0 3 3 0
P699 2032 11 0 0 0 0 0 0 0 0 0 0 14 21 6 0 0 4 0 0 0 0 0 0 0 0 0 0 3 0 0 6 -999
P699 2032 12 8 3 0 0 12 0 0 0 0 0 0 0 0 0 0 0 0 0 0 0 0 0 0 0 8 8 6 0 0 0 0
P699 2033 1 0 0 3 5 8 4 3 3 3 2 0 3 5 5 6 9 5 8 5 7 0 0 0 0 0 0 4 37 4 3 6
P699 2033 2 0 0 0 0 0 6 10 7 5 10 4 7 7 3 0 0 0 5 0 0 0 0 0 3 3 0 0 0 -999 -999 -999
P699 2033 3 0 0 3 3 0 0 0 0 0 0 2 76 141 124 80 44 86 131 58 5 3 7 3 0 0 0 0 3 5 3 4
P699 2033 4 0 0 0 6 11 14 48 43 13 6 8 19 24 3 3 44 12 11 3 3 4 7 8 5 2 0 0 0 0 4 -999
P699 2033 5 3 0 0 0 0 0 0 0 0 0 0 3 8 9 0 3 4 9 5 3 3 3 0 0 0 0 0 0 0 0 0
P699 2033 6 0 0 0 0 0 0 0 0 0 0 0 0 0 0 0 0 0 0 0 0 0 0 0 0 0 0 0 5 6 0 -999
P699 2033 7 10 15 0 0 0 0 0 6 0 0 0 0 0 0 0 0 0 0 0 0 0 0 0 0 0 0 4 0 0 0 0
P699 2033 8 0 0 0 0 0 0 0 0 0 0 0 0 0 0 0 0 0 0 0 0 0 0 0 0 0 0 0 0 4 6 0
P699 2033 9 7 12 11 0 0 0 4 0 0 0 0 0 0 0 5 0 0 0 0 0 0 0 0 0 0 0 0 0 0 6 -999
P699 2033 10 13 6 0 8 23 7 7 41 5 0 3 4 5 4 0 0 0 0 0 0 0 0 0 0 0 0 0 0 0 0 0
P699 2033 11 0 0 4 13 28 6 0 0 0 0 0 0 0 0 0 0 3 7 6 0 0 0 0 0 0 0 0 0 0 0 -999
P699 2033 12 0 3 4 0 0 0 0 0 3 0 0 3 4 0 0 0 0 0 0 0 0 0 0 0 0 0 0 0 5 0 0
P699 2034 1 0 0 0 0 0 2 0 0 0 0 0 3 5 2 2 2 0 0 0 0 3 3 0 0 0 0 0 0 0 0 0
P699 2034 2 0 0 0 0 0 0 0 0 0 0 5 21 26 5 3 8 68 145 146 14 0 0 0 0 0 0 0 0 -999 -999 -999
P699 2034 3 7 7 20 28 23 15 0 0 0 0 0 0 4 71 57 33 8 3 3 0 0 0 5 86 139 149 50 8 0 0 0
P699 2034 4 0 0 0 9 9 16 0 0 0 0 6 0 0 0 8 0 0 0 0 0 11 6 0 0 0 9 29 37 15 9 -999
P699 2034 5 0 0 0 0 0 0 0 0 0 0 0 0 0 0 0 0 0 0 0 0 0 0 0 0 0 0 0 0 0 13 4
P699 2034 6 5 0 0 0 3 3 4 5 5 0 0 0 0 0 0 0 0 0 0 0 0 0 20 0 0 0 0 0 0 0 -999
P699 2034 7 0 0 0 0 0 0 0 0 0 0 0 0 0 0 0 0 0 0 0 0 0 0 0 0 0 0 0 7 0 0 0
P699 2034 8 0 0 0 4 4 9 0 0 0 0 0 0 0 0 0 0 0 0 0 0 0 0 0 0 0 0 0 0 0 0 0
P699 2034 9 0 0 0 0 18 0 0 0 0 0 0 0 0 0 0 0 0 0 0 0 0 0 6 14 8 0 0 0 0 0 -999
P699 2034 10 5 9 0 0 5 9 7 4 0 0 5 4 3 0 0 6 10 18 13 8 7 7 6 6 7 4 4 0 0 0 0
P699 2034 11 0 0 0 0 0 0 0 0 5 0 0 0 8 12 0 0 0 0 14 13 19 16 10 4 2 0 2 0 0 0 -999
P699 2034 12 0 0 0 0 0 0 0 0 0 2 0 0 0 0 2 3 0 0 0 0 0 0 0 0 0 0 0 2 0 0 3
P699 2035 1 0 0 0 3 4 3 8 8 6 0 0 0 0 3 3 0 2 3 0 3 26 5 14 3 4 0 0 0 0 0 0
P699 2035 2 0 4 4 0 0 0 4 25 0 0 0 0 0 0 0 0 0 0 0 0 2 3 2 4 21 4 3 2 -999 -999 -999
P699 2035 3 3 0 2 3 0 0 5 21 56 4 3 10 37 51 36 11 3 3 7 20 9 4 3 3 3 4 0 5 3 3 2
P699 2035 4 3 3 0 5 8 0 0 2 3 3 0 0 0 5 7 0 84 99 20 47 110 6 8 17 9 3 0 4 11 12 -999
P699 2035 5 10 5 0 0 0 0 0 8 11 0 0 0 6 12 9 0 0 0 0 0 0 24 24 8 7 4 0 0 0 45 0
P699 2035 6 0 0 0 5 7 3 3 0 7 0 0 0 0 0 0 0 0 0 0 0 0 0 0 0 0 0 0 0 0 0 -999
P699 2035 7 0 0 0 0 0 0 0 0 0 0 0 0 0 0 0 0 0 0 0 0 0 0 0 0 0 0 0 0 0 0 0
P699 2035 8 0 0 0 0 0 0 0 0 0 0 0 0 0 0 0 0 0 0 0 0 0 0 0 0 0 0 0 0 0 0 0
P699 2035 9 0 0 0 0 0 0 0 0 0 0 0 0 0 12 10 0 0 0 0 0 0 12 17 35 25 68 100 76 54 29 -999
P699 2035 10 0 0 10 14 0 0 0 0 0 0 0 12 16 11 9 10 17 0 0 7 4 4 4 6 0 0 0 0 0 0 0
P699 2035 11 0 0 7 19 17 18 0 0 0 0 0 0 0 0 0 0 0 0 0 0 0 0 0 0 0 5 17 7 0 0 -999
P699 2035 12 0 3 3 0 0 3 9 3 2 4 4 4 4 0 0 0 0 0 0 2 3 3 0 4 0 0 0 0 0 0 3
P699 2036 1 4 3 3 0 0 3 10 75 8 3 4 3 4 0 0 0 0 0 0 0 2 0 0 0 0 0 0 0 0 0 0
P699 2036 2 0 0 0 0 0 0 0 0 3 4 7 4 4 16 17 19 3 3 0 0 0 0 0 0 0 0 0 0 -999 -999 -999
P699 2036 3 3 15 10 2 2 0 0 0 0 0 0 0 0 0 5 10 9 0 0 0 0 0 0 3 11 10 12 17 11 25 43
P699 2036 4 5 5 5 7 4 0 0 0 0 0 0 0 0 0 0 0 0 0 0 0 0 0 0 0 0 0 0 0 0 0 -999
P699 2036 5 0 0 0 4 5 3 4 5 0 0 0 5 11 5 7 25 14 3 0 0 0 0 0 0 17 22 0 0 13 0 0
P699 2036 6 9 12 0 0 18 71 36 0 0 0 0 0 0 0 0 0 0 5 3 0 0 0 0 0 0 0 0 0 0 0 -999
P699 2036 7 0 0 0 0 0 0 0 0 0 0 0 0 0 0 0 0 0 0 0 0 0 0 0 0 0 0 0 0 0 0 0
P699 2036 8 0 0 0 0 0 0 0 0 0 0 0 0 0 0 0 0 0 0 0 0 0 0 0 0 0 0 0 0 0 0 0
P699 2036 9 0 0 0 0 0 0 38 14 0 0 0 0 0 0 0 0 0 0 0 0 0 0 0 0 0 0 0 0 0 0 -999
P699 2036 10 0 0 0 0 0 0 0 0 0 0 3 0 0 0 5 17 17 12 0 0 0 0 0 0 0 0 4 4 5 30 31
P699 2036 11 46 16 4 0 0 0 0 3 2 0 0 0 0 6 7 3 4 0 0 0 12 33 0 0 0 0 3 0 0 0 -999
P699 2036 12 0 0 0 0 0 0 0 0 0 0 0 0 0 0 0 0 0 0 0 0 0 6 8 8 7 6 0 0 4 0 0
P699 2037 1 0 0 0 0 0 0 0 0 0 5 3 2 2 0 0 0 0 0 3 3 2 4 9 3 2 2 2 2 4 4 4
P699 2037 2 98 55 23 26 5 22 56 33 5 5 0 0 0 0 0 0 0 4 0 0 0 0 0 0 0 0 5 3 -999 -999 -999
P699 2037 3 3 0 0 0 0 0 0 0 0 0 0 0 0 14 112 6 7 57 34 6 4 5 4 0 0 0 0 0 0 0 0
P699 2037 4 4 3 7 20 4 0 3 3 3 0 0 0 0 0 3 6 6 7 4 17 31 15 32 14 0 9 0 0 5 0 -999
P699 2037 5 0 0 0 0 0 0 0 0 0 23 13 7 3 5 3 5 0 4 4 0 0 0 0 0 6 15 3 0 0 0 0
P699 2037 6 0 0 0 0 36 0 0 0 5 6 7 0 0 0 0 0 0 3 5 10 9 9 8 0 0 0 0 0 0 0 -999
P699 2037 7 0 0 0 0 38 0 0 0 0 0 0 0 0 0 0 0 0 0 0 0 0 0 0 0 0 0 0 0 0 0 0
P699 2037 8 0 0 0 0 0 0 0 0 0 0 0 0 0 0 0 0 0 0 0 0 0 0 0 0 0 0 0 0 0 0 0
P699 2037 9 0 0 0 0 0 0 0 0 0 0 0 0 0 0 0 0 6 14 0 0 0 12 12 11 8 0 0 0 0 0 -999
P699 2037 10 3 0 0 0 0 0 0 0 0 0 0 8 0 0 0 0 0 5 8 10 5 0 0 0 0 0 0 0 0 0 0
P699 2037 11 0 0 0 0 8 6 0 4 0 0 6 4 3 0 3 0 0 0 0 0 7 4 0 4 3 0 0 2 2 6 -999
P699 2037 12 15 4 2 0 3 3 2 0 2 2 2 3 0 0 0 0 0 3 73 133 105 21 14 7 0 0 0 0 0 0 0
P699 2038 1 0 3 0 3 2 3 0 0 0 0 0 0 0 3 3 5 6 5 0 5 0 0 3 0 3 5 6 3 0 3 2
P699 2038 2 0 0 0 3 7 5 0 0 0 0 0 0 0 0 0 0 0 0 0 0 0 0 0 0 0 0 0 17 -999 -999 -999
P699 2038 3 4 4 4 3 8 4 3 3 9 4 3 0 3 0 0 0 0 6 28 8 6 3 0 0 0 0 0 0 0 3 0
P699 2038 4 0 0 0 6 7 0 0 4 15 26 41 84 88 14 5 8 16 22 55 77 65 6 0 0 24 20 17 38 21 13 -999
P699 2038 5 11 0 0 0 0 10 5 0 0 0 0 0 0 0 0 22 99 12 11 26 12 15 0 0 0 0 0 7 7 9 16
P699 2038 6 0 0 0 0 0 0 0 0 0 0 0 0 0 0 15 0 0 0 0 0 0 0 0 27 27 16 0 0 0 0 -999
P699 2038 7 0 0 0 44 0 0 0 0 32 0 0 0 0 0 0 0 0 0 0 0 0 0 0 0 0 0 0 0 0 0 0
P699 2038 8 0 0 0 0 0 0 0 0 0 0 0 0 0 16 24 0 0 0 0 0 0 0 0 0 0 0 0 0 0 0 0
P699 2038 9 0 0 0 30 0 0 0 0 0 0 0 0 0 0 0 0 0 0 0 0 15 7 0 0 5 14 10 0 0 0 -999
P699 2038 10 0 0 0 0 0 0 0 0 13 0 0 0 0 0 0 0 0 0 6 0 8 5 13 8 0 0 0 0 0 0 0
P699 2038 11 8 13 4 0 0 0 0 5 4 0 3 3 3 4 19 3 2 3 3 0 0 0 0 0 0 0 0 0 0 0 -999
P699 2038 12 0 0 3 3 11 61 5 3 0 4 6 3 2 0 0 0 0 0 4 3 4 0 0 0 0 0 3 0 0 0 4
P699 2039 1 0 0 0 0 3 6 41 56 10 0 0 0 0 5 3 3 4 3 44 16 3 3 0 0 0 3 5 9 3 0 4
P699 2039 2 6 64 15 8 9 26 55 58 43 25 8 0 0 0 3 3 0 0 3 0 0 0 0 0 2 3 0 0 -999 -999 -999
P699 2039 3 0 0 0 0 0 0 0 0 3 16 19 25 3 5 5 44 9 46 119 126 15 4 0 0 0 7 12 8 0 0 0
P699 2039 4 0 0 0 0 0 0 0 0 0 0 0 0 0 0 4 6 5 0 0 0 5 8 4 0 0 0 0 0 0 0 -999
P699 2039 5 0 0 0 0 0 0 0 0 0 0 0 0 0 0 0 5 0 3 0 5 5 5 5 10 9 6 0 0 0 0 0
P699 2039 6 0 5 5 7 9 9 9 9 0 0 0 0 5 0 0 0 0 0 0 0 0 0 0 0 0 0 7 18 26 11 -999
P699 2039 7 0 0 0 0 0 0 0 0 0 0 0 0 48 39 0 0 0 0 0 0 0 0 0 0 0 0 0 0 0 0 0
P699 2039 8 0 0 0 0 0 0 0 0 0 0 0 0 0 0 0 0 0 0 7 10 13 0 0 0 0 20 50 0 0 0 0
P699 2039 9 0 0 0 0 0 0 0 0 0 0 0 0 0 0 0 0 0 0 0 0 0 0 0 0 0 0 0 0 0 0 -999
P699 2039 10 0 0 0 0 0 0 0 0 0 0 0 0 0 30 10 5 4 6 0 0 0 0 2 2 3 4 3 8 21 43 4
P699 2039 11 6 0 0 0 0 0 0 0 0 13 20 20 12 3 0 3 0 2 3 6 17 3 3 6 0 0 0 3 4 0 -999
P699 2039 12 0 0 2 3 2 3 0 0 10 3 8 5 7 4 0 0 0 0 2 0 3 0 0 0 4 0 6 7 2 0 0
P699 2040 1 0 0 0 0 3 3 2 2 0 0 0 2 0 0 0 3 3 3 3 3 3 3 0 0 0 0 0 0 0 0 0
P699 2040 2 0 0 0 3 96 8 0 0 0 0 3 0 0 0 3 4 3 10 47 9 0 0 3 0 0 0 0 0 -999 -999 -999
P699 2040 3 0 0 0 0 0 0 0 0 0 0 0 0 4 5 5 0 0 0 54 95 6 9 66 17 11 3 3 3 4 3 0
P699 2040 4 0 5 11 5 4 3 3 0 0 0 0 0 0 0 0 0 4 0 0 0 0 0 3 4 27 69 0 0 0 0 -999
P699 2040 5 2 3 0 4 9 13 5 0 0 0 0 0 0 0 0 0 0 0 0 0 0 5 6 0 0 0 0 0 0 0 0
P699 2040 6 0 4 0 0 0 0 0 0 0 31 0 0 51 93 54 23 19 0 0 0 0 0 0 0 0 0 0 0 0 0 -999
P699 2040 7 13 0 0 0 0 0 0 0 0 0 0 0 0 0 0 0 0 0 0 0 0 0 0 0 0 0 0 0 0 0 0
P699 2040 8 0 0 0 0 0 0 0 0 0 0 0 0 0 0 0 0 0 0 0 43 0 0 0 0 0 0 0 0 0 0 0
P699 2040 9 0 0 0 0 0 0 0 0 0 0 0 0 0 0 0 5 4 7 9 0 0 0 0 0 15 42 40 0 4 12 -999
P699 2040 10 0 0 0 0 0 0 0 0 0 0 0 0 0 24 12 10 14 24 17 5 5 4 0 0 0 0 0 0 0 0 0
P699 2040 11 0 3 7 7 0 0 6 4 8 4 4 0 3 7 6 3 0 0 0 0 0 0 0 0 6 63 42 17 7 17 -999
P699 2040 12 26 9 0 6 19 5 3 4 0 8 114 133 90 4 3 0 0 0 5 7 4 10 10 8 0 0 0 4 7 3 0
P699 2041 1 8 94 5 5 0 0 0 4 63 122 39 9 9 4 0 0 0 14 40 27 22 6 26 86 99 24 30 19 3 3 0
P699 2041 2 0 0 0 0 0 5 3 3 2 2 3 0 0 3 3 0 4 10 15 3 5 5 3 4 10 3 5 0 -999 -999 -999
P699 2041 3 3 9 0 0 0 2 2 0 0 4 3 3 4 3 3 0 0 7 41 3 3 3 3 3 4 13 7 3 3 0 4
P699 2041 4 3 0 0 0 0 0 0 4 6 3 4 3 3 0 3 3 4 4 3 4 3 0 0 4 20 18 4 0 0 0 -999
P699 2041 5 0 8 10 10 0 13 30 0 0 9 10 0 0 6 13 20 63 103 106 70 84 108 23 4 0 3 3 3 0 0 6
P699 2041 6 4 0 0 0 0 0 0 0 0 0 0 0 0 0 0 0 0 0 0 0 0 0 0 16 26 0 0 0 0 0 -999
P699 2041 7 0 0 0 11 0 0 0 0 0 5 5 0 0 0 0 0 0 0 0 0 0 0 0 0 0 0 5 11 0 0 0
P699 2041 8 0 0 0 0 0 0 0 0 0 0 0 0 0 0 0 14 0 0 0 24 58 79 50 29 10 0 0 0 0 0 0
P699 2041 9 0 0 0 0 0 0 0 0 0 0 0 0 0 0 0 0 0 0 0 0 0 0 0 5 5 3 0 0 0 0 -999
P699 2041 10 0 5 8 18 18 25 0 11 0 0 13 6 0 0 0 0 0 0 0 0 0 0 0 0 0 0 4 6 4 0 0
P699 2041 11 0 0 0 0 0 0 0 0 0 0 5 6 4 4 5 3 3 3 3 3 3 37 3 2 6 4 0 0 0 0 -999
P699 2041 12 0 3 0 3 20 25 5 0 0 0 0 3 3 3 4 9 25 25 4 3 7 0 5 21 14 0 0 0 0 0 0
P699 2042 1 0 0 0 0 0 3 5 6 0 3 0 0 0 4 13 0 0 0 0 0 0 0 0 5 6 6 8 0 0 25 11
P699 2042 2 17 26 15 8 0 0 0 0 0 4 0 0 0 0 8 5 4 0 0 6 10 0 8 42 10 0 0 0 -999 -999 -999
P699 2042 3 0 0 0 0 0 5 4 0 0 0 0 0 0 0 0 0 0 34 136 54 4 3 3 0 0 0 0 0 0 0 0
P699 2042 4 5 0 0 0 0 4 4 4 3 0 0 2 0 0 3 3 6 24 42 58 111 71 36 23 40 9 5 5 4 7 -999
P699 2042 5 4 4 5 4 0 0 0 0 13 36 10 9 8 0 0 0 0 3 0 0 0 0 0 0 0 0 10 15 0 0 0
P699 2042 6 5 6 4 5 5 7 8 0 0 0 0 0 0 0 0 0 0 9 0 0 0 0 0 0 0 0 0 0 0 0 -999
P699 2042 7 0 0 0 0 0 0 0 0 0 0 0 0 0 0 0 0 0 0 0 7 14 6 0 0 0 0 0 0 0 0 11
P699 2042 8 0 0 0 0 8 12 0 0 0 0 0 0 0 0 0 0 0 0 0 0 0 0 0 0 0 0 0 0 0 0 0
P699 2042 9 0 0 0 46 64 0 0 0 0 0 0 0 0 0 0 0 0 0 0 0 0 0 0 0 0 0 0 0 0 0 -999
P699 2042 10 0 0 0 0 4 11 23 13 12 20 23 15 42 21 5 12 0 0 0 3 4 4 0 0 0 0 0 0 0 0 0
P699 2042 11 0 0 0 0 0 0 0 0 0 0 0 0 0 0 0 0 0 0 0 0 0 0 0 0 0 0 0 0 0 3 -999
P699 2042 12 0 0 0 6 5 3 3 3 0 0 0 0 0 3 5 4 3 4 3 0 0 0 0 2 11 5 0 0 0 0 0
P699 2043 1 0 0 3 0 0 3 20 4 0 0 0 0 0 0 2 0 0 0 0 3 4 0 0 2 0 0 0 0 3 5 9
P699 2043 2 3 0 0 0 0 6 4 0 0 0 0 0 0 0 0 0 0 0 0 0 0 4 3 0 0 0 0 0 -999 -999 -999
P699 2043 3 0 8 9 4 3 0 3 6 34 3 2 3 0 0 0 0 0 0 5 4 0 3 71 4 3 0 0 0 0 0 0
P699 2043 4 0 3 0 3 0 0 0 0 7 0 16 0 0 0 0 6 45 10 0 3 0 0 0 0 0 0 0 0 0 0 -999
P699 2043 5 54 89 76 12 0 0 0 11 0 0 0 0 29 37 0 0 0 0 0 85 50 46 22 6 4 5 7 3 0 4 4
P699 2043 6 3 3 0 4 4 0 0 9 10 0 0 0 0 7 7 0 0 0 0 0 0 0 0 0 0 0 38 0 0 0 -999
P699 2043 7 0 0 0 0 0 0 0 0 0 0 0 0 0 0 0 0 0 0 0 0 0 0 0 0 0 0 0 0 0 0 0
P699 2043 8 0 0 0 0 0 0 0 0 0 0 0 0 0 0 0 0 0 0 0 0 0 0 0 0 0 6 6 0 5 5 6
P699 2043 9 0 0 0 0 0 0 0 0 0 0 0 0 19 22 16 17 9 0 0 0 0 0 0 0 0 0 0 5 7 7 -999
P699 2043 10 8 5 0 0 0 0 7 7 13 5 4 0 0 0 0 0 3 0 4 0 0 0 0 0 5 8 7 0 5 5 0
P699 2043 11 0 0 0 0 0 0 0 0 0 8 16 12 8 23 0 0 0 0 0 0 0 0 0 0 0 0 3 3 3 3 -999
P699 2043 12 0 0 0 0 0 0 0 0 0 0 3 4 0 0 0 3 3 0 4 5 2 0 0 0 0 0 0 0 0 0 0
P699 2044 1 0 0 0 0 0 0 3 0 0 0 0 0 0 0 0 0 0 0 3 14 3 0 0 0 0 0 0 4 25 4 0
P699 2044 2 0 0 0 0 0 3 5 0 0 0 0 3 6 4 0 0 0 0 0 0 0 0 0 12 4 40 32 5 -999 -999 -999
P699 2044 3 4 2 3 3 2 3 3 0 2 3 3 4 0 0 0 0 0 7 6 5 4 5 9 13 8 5 3 4 3 0 5
P699 2044 4 4 3 6 11 0 0 0 0 0 0 0 0 0 0 0 0 0 0 0 0 0 0 0 0 0 0 0 3 0 0 -999
P699 2044 5 0 0 0 0 0 4 0 8 9 4 0 0 0 0 0 0 0 0 17 18 5 7 0 0 0 0 0 0 0 22 18
P699 2044 6 8 0 0 0 9 0 6 0 0 0 0 0 0 0 0 0 0 0 0 0 0 0 6 23 20 0 0 0 0 6 -999
P699 2044 7 7 0 0 0 0 0 0 0 0 0 0 0 0 0 0 0 0 0 0 0 0 0 0 0 8 5 0 0 0 0 0
P699 2044 8 0 0 0 0 0 0 0 0 0 0 0 0 0 0 0 0 0 0 0 5 0 0 0 0 0 0 0 0 0 0 0
P699 2044 9 0 0 0 0 0 0 0 0 0 0 0 0 0 0 0 0 0 0 0 0 0 15 0 0 7 9 11 0 0 4 -999
P699 2044 10 3 4 10 0 0 0 0 0 0 0 0 0 0 0 0 0 0 5 5 3 21 9 8 0 5 10 0 0 0 0 0
P699 2044 11 4 0 0 4 0 0 0 0 3 3 4 4 4 5 0 5 6 3 0 3 3 3 2 2 2 2 4 11 4 0 -999
P699 2044 12 0 0 0 0 0 0 3 0 3 3 5 5 8 11 35 46 25 19 5 0 0 2 2 10 30 0 0 0 2 0 3
P699 2045 1 7 20 20 4 0 0 7 21 45 5 4 4 5 4 4 0 2 16 18 4 0 6 7 11 7 0 0 0 0 0 8
P699 2045 2 7 20 32 15 5 7 11 35 9 0 0 3 2 2 0 3 4 0 0 0 0 0 0 0 0 0 0 0 -999 -999 -999
P699 2045 3 0 0 5 0 0 0 0 0 4 6 0 0 5 16 3 3 0 0 0 0 0 0 0 0 0 0 0 0 0 0 0
P699 2045 4 0 0 0 0 0 0 16 8 0 0 3 0 0 0 0 0 15 0 0 0 0 0 0 0 0 0 0 0 10 17 -999
P699 2045 5 8 0 0 0 0 0 20 21 0 4 0 0 0 0 0 0 0 0 0 0 0 0 0 0 0 0 0 0 0 0 4
P699 2045 6 10 14 19 13 8 8 11 11 5 4 5 6 5 0 0 0 0 0 0 0 7 5 0 0 4 4 4 0 0 0 -999
P699 2045 7 0 0 0 0 0 0 0 0 0 0 0 0 0 0 0 0 0 0 0 0 0 0 0 0 0 0 0 0 0 0 0
P699 2045 8 0 0 0 0 0 0 0 0 0 0 0 0 0 0 0 0 0 0 0 0 0 0 0 0 0 0 0 0 0 0 0
P699 2045 9 0 0 0 0 0 0 30 16 0 0 0 0 0 11 16 0 5 0 0 0 0 0 0 0 0 0 0 0 0 7 -999
P699 2045 10 23 12 26 27 5 0 0 0 0 0 0 0 0 0 6 5 23 5 0 0 0 0 0 0 0 0 0 0 0 0 0
P699 2045 11 0 14 44 7 6 3 0 0 0 0 3 0 2 0 0 0 6 6 9 0 0 0 0 3 3 4 3 2 0 0 -999
P699 2045 12 0 0 0 0 0 3 3 9 13 0 0 0 6 5 0 0 0 3 3 4 4 0 0 0 0 3 0 5 0 0 0
P699 2046 1 0 0 3 2 3 3 3 3 0 0 2 2 0 2 0 2 0 2 3 0 0 4 5 5 3 6 13 9 7 10 4
P699 2046 2 17 40 82 91 51 32 15 10 6 13 19 7 6 14 16 8 3 3 0 0 2 2 3 3 0 2 3 4 -999 -999 -999
P699 2046 3 18 54 3 2 3 3 8 32 6 3 2 0 3 3 2 3 3 3 3 0 0 3 5 0 0 0 0 4 13 3 0
P699 2046 4 0 0 0 3 3 3 3 2 5 4 3 0 0 0 0 0 0 0 3 24 7 6 3 2 2 3 3 4 3 3 -999
P699 2046 5 0 0 0 0 0 0 0 4 0 0 0 0 0 0 0 0 0 4 0 0 0 0 0 0 0 7 0 0 3 0 0
P699 2046 6 0 0 0 0 0 0 0 0 0 0 0 0 9 0 7 8 3 0 6 8 7 0 0 0 0 0 0 0 0 0 -999
P699 2046 7 0 0 0 0 0 0 0 0 0 0 9 0 0 0 0 0 0 0 0 0 0 0 0 0 0 0 0 0 0 0 0
P699 2046 8 0 0 0 0 0 0 0 0 0 0 0 0 0 0 0 4 0 0 0 0 0 0 0 0 0 0 0 0 0 0 0
P699 2046 9 0 0 0 0 0 0 15 13 13 0 0 0 0 0 0 0 0 0 0 0 0 0 0 0 0 0 0 0 0 0 -999
P699 2046 10 0 0 5 17 28 6 5 3 0 3 0 0 0 0 0 0 0 0 0 0 0 0 3 3 0 3 0 3 9 4 3
P699 2046 11 3 0 0 0 0 40 25 5 0 0 3 0 0 0 0 0 0 0 0 0 0 0 0 3 3 5 0 19 11 4 -999
P699 2046 12 3 3 4 4 18 32 16 3 3 3 3 0 3 4 9 18 2 3 23 83 27 0 0 0 0 16 0 0 0 0 0
P699 2047 1 0 0 0 0 0 0 0 0 3 0 3 0 0 5 4 3 4 4 3 3 3 2 0 0 0 0 0 0 0 0 0
P699 2047 2 0 0 0 0 5 0 0 0 0 0 0 0 0 2 3 0 0 0 0 0 0 0 0 0 3 3 3 2 -999 -999 -999
P699 2047 3 7 4 2 0 6 5 3 0 0 0 0 0 0 5 12 7 5 0 0 0 0 0 5 31 5 0 0 0 0 0 3
P699 2047 4 3 3 0 0 0 0 0 0 7 7 5 4 3 0 3 4 3 0 3 5 3 0 0 0 0 0 0 4 4 0 -999
P699 2047 5 0 0 3 5 8 10 39 30 20 8 7 19 14 8 10 10 0 0 25 13 11 0 0 0 0 0 0 0 0 0 0
P699 2047 6 0 0 0 0 0 0 0 0 0 0 0 0 0 0 0 3 0 0 0 5 0 0 0 0 0 0 0 0 0 0 -999
P699 2047 7 0 6 6 6 12 12 0 0 0 0 0 0 0 0 0 0 0 0 8 8 5 0 0 0 0 0 0 0 0 0 0
P699 2047 8 0 0 0 0 0 0 0 0 0 0 0 0 0 0 0 0 0 0 0 0 0 0 0 0 0 0 0 0 0 0 0
P699 2047 9 0 0 0 43 28 0 0 0 0 0 15 66 48 14 12 5 4 0 11 16 0 0 0 0 15 10 0 31 16 10 -999
P699 2047 10 0 6 5 4 3 3 3 0 0 3 5 8 4 3 3 8 3 3 4 3 3 0 0 0 0 0 4 4 0 0 0
P699 2047 11 0 0 0 0 0 0 0 0 0 0 4 3 3 3 3 3 0 0 0 0 0 0 0 0 0 0 0 0 0 0 -999
P699 2047 12 0 0 0 0 0 0 0 0 0 0 0 0 0 0 0 0 0 0 0 0 0 0 0 3 3 4 3 0 0 0 0
P699 2048 1 0 5 0 0 0 0 0 0 0 0 0 2 3 0 0 0 0 0 0 0 0 0 0 0 0 0 0 0 0 0 0
P699 2048 2 0 0 0 0 0 0 0 0 0 0 0 0 3 4 0 2 3 3 4 3 0 0 0 0 0 0 0 0 -999 -999 -999
P699 2048 3 0 0 0 0 0 6 13 20 9 5 7 3 0 0 3 21 0 0 0 0 3 0 0 0 0 0 0 0 2 3 5
P699 2048 4 7 3 3 0 0 0 0 0 0 0 0 0 0 0 0 0 0 0 6 6 0 5 5 4 0 0 0 0 0 0 -999
P699 2048 5 0 0 0 3 0 0 0 4 9 10 5 6 6 17 21 0 0 3 0 0 0 15 34 19 33 49 27 0 0 0 0
P699 2048 6 0 0 0 0 0 0 0 0 0 0 0 0 0 0 11 0 0 0 0 0 0 0 0 0 0 0 0 0 0 0 -999
P699 2048 7 0 0 0 0 0 0 0 0 0 0 0 0 0 29 0 13 0 0 0 0 0 0 0 0 0 0 0 0 0 0 0
P699 2048 8 0 0 0 0 0 0 0 0 0 7 0 0 21 22 0 0 0 0 0 0 0 0 0 0 0 0 0 0 0 0 0
P699 2048 9 0 0 0 0 0 0 0 0 0 0 30 7 0 0 0 0 0 0 0 0 0 0 0 0 0 0 15 6 6 3 -999
P699 2048 10 0 0 0 0 0 3 3 5 0 0 0 0 0 0 0 0 0 0 0 4 3 0 0 0 0 0 0 0 0 0 0
P699 2048 11 0 0 0 0 0 11 7 7 0 0 0 0 0 0 0 0 6 7 15 0 0 0 0 0 0 0 30 19 9 11 -999
P699 2048 12 17 12 9 4 5 5 8 12 0 0 0 0 0 0 0 0 0 0 5 10 9 0 0 0 0 0 7 9 21 11 0
P699 2049 1 0 0 0 0 17 6 3 4 5 37 24 7 6 7 18 0 0 4 0 0 4 7 6 3 0 4 4 3 0 4 8
P699 2049 2 4 6 13 20 41 8 0 0 0 0 0 0 0 4 0 0 0 0 0 0 0 0 0 0 0 0 0 0 -999 -999 -999
P699 2049 3 0 0 0 0 0 0 0 0 0 0 0 0 0 0 0 0 0 0 0 0 0 13 20 7 0 0 0 0 0 10 14
P699 2049 4 23 14 10 5 0 0 0 0 0 0 0 0 0 0 9 5 5 10 0 0 0 6 7 0 8 9 3 3 0 0 -999
P699 2049 5 3 0 3 0 0 3 0 0 5 6 4 3 0 0 0 0 0 0 4 0 6 4 5 10 9 5 10 13 3 0 3
P699 2049 6 0 0 0 0 6 0 0 0 0 0 0 0 0 0 0 0 0 0 0 0 0 0 0 0 0 0 0 0 0 0 -999
P699 2049 7 0 4 8 16 9 0 0 0 6 0 0 0 0 0 0 0 0 0 0 0 0 0 0 0 0 0 0 0 0 0 0
P699 2049 8 0 0 0 0 0 0 0 0 0 0 0 0 0 0 0 0 0 0 0 0 9 0 0 0 0 0 0 0 0 0 0
P699 2049 9 0 0 0 0 0 0 9 22 11 11 26 14 28 26 12 0 0 0 9 5 6 3 10 6 14 7 0 0 0 0 -999
P699 2049 10 0 0 0 0 0 0 0 4 4 0 0 0 0 0 0 4 8 9 0 32 25 6 5 8 20 19 9 11 9 11 34
P699 2049 11 18 12 5 4 4 5 4 2 3 3 3 3 2 3 4 18 34 7 0 0 0 0 0 0 0 0 0 0 0 0 -999
P699 2049 12 2 0 0 4 4 3 0 0 0 0 0 0 0 0 0 3 14 4 12 3 3 0 0 0 0 2 3 3 7 4 4
P699 2050 1 3 4 6 6 3 4 11 19 79 73 14 5 0 0 4 4 3 3 0 0 0 14 22 24 10 5 0 0 0 0 3
P699 2050 2 7 0 0 0 0 0 0 0 0 0 0 0 0 0 0 0 0 0 9 7 9 7 7 4 4 3 0 0 -999 -999 -999
P699 2050 3 0 5 18 22 79 141 41 33 22 14 33 7 8 3 0 0 0 3 0 3 14 4 0 0 3 4 0 0 0 3 13
P699 2050 4 5 4 0 0 4 6 7 4 6 7 7 13 7 0 0 0 0 3 0 0 0 0 0 0 0 0 3 3 3 0 -999
P699 2050 5 4 5 0 3 4 5 3 0 0 0 0 0 0 0 0 0 9 31 34 9 6 12 15 8 0 7 7 12 12 0 0
P699 2050 6 6 7 0 0 0 0 0 0 0 0 0 0 0 0 0 0 0 0 0 0 4 0 0 0 0 0 0 0 0 0 -999
P699 2050 7 0 0 0 0 0 0 0 0 0 0 0 0 0 0 0 0 0 0 0 0 0 0 0 0 0 0 0 0 0 0 0
P699 2050 8 0 0 0 0 0 0 0 0 0 0 0 0 0 0 0 0 0 0 0 0 0 0 0 0 0 0 0 0 0 0 0
P699 2050 9 0 0 0 0 0 0 0 0 0 0 0 0 0 0 0 0 0 0 0 0 0 0 0 0 0 0 0 0 0 0 -999
P699 2050 10 0 6 4 0 0 0 0 0 0 0 0 0 10 18 0 0 0 4 4 0 4 8 8 8 5 3 3 4 0 0 3
P699 2050 11 0 0 0 0 2 0 3 3 3 0 4 4 5 6 0 0 0 0 0 0 0 4 3 2 0 0 0 3 3 3 -999
P699 2050 12 3 6 10 0 0 0 0 0 0 0 0 0 0 0 0 0 0 0 0 3 0 3 0 0 0 0 0 0 0 0 0
P699 2051 1 3 0 0 0 0 0 0 0 0 0 0 0 0 5 4 0 0 0 0 0 0 0 0 0 0 0 0 0 31 20 38
P699 2051 2 22 9 14 12 11 4 0 0 0 0 4 3 0 0 0 0 6 4 0 4 4 4 0 0 3 3 0 0 -999 -999 -999
P699 2051 3 0 0 0 0 0 0 0 0 4 6 4 7 3 0 19 0 0 11 9 4 0 26 93 107 55 0 0 0 0 0 7
P699 2051 4 7 9 17 43 51 104 58 29 14 8 9 8 17 0 0 8 6 4 3 3 3 0 0 0 10 0 0 0 0 8 -999
P699 2051 5 0 0 0 0 30 52 0 0 0 0 6 15 9 7 3 0 0 0 7 0 0 0 23 37 15 13 7 6 0 0 0
P699 2051 6 0 0 0 0 0 0 0 0 0 0 0 0 0 0 0 9 9 0 0 0 9 0 0 0 0 16 13 0 0 0 -999
P699 2051 7 0 0 0 0 0 0 0 8 12 0 0 0 6 0 0 0 0 0 0 0 0 0 0 0 0 0 0 0 0 0 0
P699 2051 8 0 0 0 0 0 0 0 0 0 0 0 0 0 0 0 0 0 0 0 0 0 0 0 5 7 0 0 0 0 0 0
P699 2051 9 0 0 0 0 0 0 0 0 14 14 29 0 0 4 0 0 0 0 0 0 0 12 0 0 13 19 10 0 0 0 -999
P699 2051 10 0 0 0 16 8 0 0 0 17 98 67 11 0 0 0 0 0 0 0 0 0 0 0 0 0 0 4 5 3 3 3
P699 2051 11 4 6 16 6 18 15 5 0 0 0 0 0 0 0 0 3 11 4 0 0 0 0 0 0 0 0 0 7 5 4 -999
P699 2051 12 0 0 0 4 0 0 0 3 5 9 2 0 0 2 3 2 3 5 5 0 0 0 0 0 0 0 0 0 0 0 0
P699 2052 1 0 0 0 0 0 0 5 0 5 14 107 57 79 96 11 5 21 26 9 13 46 79 41 4 0 0 6 41 88 12 4
P699 2052 2 3 14 48 11 4 7 18 4 5 22 41 122 80 18 7 13 4 0 3 9 0 0 0 4 7 4 4 6 -999 -999 -999
P699 2052 3 0 0 0 0 0 0 0 0 0 0 0 0 0 0 0 9 5 0 5 15 7 0 3 6 0 0 0 0 0 0 0
P699 2052 4 0 0 0 0 0 0 6 0 0 0 0 0 0 0 0 0 0 0 0 0 0 0 0 0 0 0 0 0 5 18 -999
P699 2052 5 5 0 0 0 8 33 20 14 17 9 4 14 20 16 10 4 10 8 10 3 0 0 0 0 6 7 8 9 10 11 9
P699 2052 6 0 0 33 59 74 41 0 0 0 0 0 10 0 0 0 0 0 0 0 0 0 0 0 0 5 0 0 0 0 0 -999
P699 2052 7 0 0 0 0 0 0 0 0 0 0 0 0 0 0 0 0 0 0 0 0 0 0 0 0 0 0 0 0 0 0 0
P699 2052 8 10 6 4 0 0 0 0 0 0 0 0 0 0 0 0 0 0 0 0 0 5 6 6 0 0 0 0 0 0 0 0
P699 2052 9 15 18 0 0 0 0 0 0 0 0 0 0 0 0 0 0 0 0 0 0 0 0 0 0 0 0 0 0 0 0 -999
P699 2052 10 0 0 0 0 0 0 0 0 0 0 0 0 0 0 10 0 0 8 5 0 13 6 0 0 5 6 0 0 0 0 0
P699 2052 11 5 31 3 4 0 0 0 0 0 0 0 3 0 5 0 0 0 0 4 3 3 2 74 42 3 0 0 0 3 3 -999
P699 2052 12 0 0 0 2 0 6 18 5 0 9 0 0 0 0 4 17 7 0 0 0 0 0 0 0 2 0 0 0 0 0 0
P699 2053 1 0 0 0 0 0 0 0 0 3 4 3 3 2 3 0 3 3 3 5 89 94 27 96 57 96 69 13 3 0 2 3
P699 2053 2 7 16 36 13 4 9 4 0 3 10 9 10 0 4 4 9 5 6 11 10 15 12 5 6 13 4 4 4 -999 -999 -999
P699 2053 3 0 0 0 0 0 0 0 0 0 0 0 0 0 0 0 0 0 0 0 0 0 0 0 0 0 0 4 8 0 0 30
P699 2053 4 6 5 3 3 0 0 0 0 0 0 0 21 8 8 11 4 4 0 0 0 0 0 0 135 138 103 59 62 117 42 -999
P699 2053 5 0 0 0 0 0 0 0 0 0 0 0 0 0 0 0 0 0 0 0 0 0 0 0 0 0 0 0 0 0 4 3
P699 2053 6 3 0 0 0 0 0 0 0 27 16 0 0 0 21 37 40 54 54 29 0 0 0 0 0 0 0 0 0 0 0 -999
P699 2053 7 0 0 0 0 0 0 0 0 0 0 7 9 0 0 0 0 0 0 0 0 0 0 0 0 0 0 0 6 6 0 0
P699 2053 8 0 0 0 0 0 0 0 0 0 0 5 0 0 0 0 0 0 0 0 0 0 0 68 134 124 13 7 0 0 0 0
P699 2053 9 0 0 0 0 0 0 0 0 0 0 10 17 12 10 16 12 5 0 9 13 9 16 12 0 0 0 15 11 7 5 -999
P699 2053 10 6 8 20 16 7 6 17 26 9 11 19 0 0 0 0 0 0 0 0 4 5 5 0 0 0 0 0 0 0 3 4
P699 2053 11 5 4 0 4 0 9 0 0 0 5 9 4 0 0 0 3 3 4 2 0 0 3 3 0 0 0 0 0 0 0 -999
P699 2053 12 0 0 0 0 0 0 0 0 0 4 4 17 17 3 2 0 0 0 0 0 0 0 3 6 4 4 0 0 30 41 28
P699 2054 1 72 5 0 5 8 5 0 0 0 0 0 0 0 0 0 0 0 3 3 5 19 3 0 0 0 0 0 0 0 0 0
P699 2054 2 0 0 0 0 0 0 0 0 0 0 0 0 0 0 0 0 0 0 0 0 0 0 0 0 0 0 0 0 -999 -999 -999
P699 2054 3 0 0 0 0 0 0 0 0 0 0 0 0 0 0 0 3 3 0 0 0 0 0 0 0 0 0 0 0 0 0 0
P699 2054 4 2 0 0 0 2 3 3 3 0 6 3 0 6 0 5 13 5 5 8 19 16 9 18 16 12 20 6 5 3 0 -999
P699 2054 5 0 0 6 0 0 0 4 6 0 4 4 7 3 3 0 0 0 0 3 0 0 0 0 0 0 0 0 0 0 0 0
P699 2054 6 0 0 0 0 0 0 0 0 0 0 0 0 0 0 0 0 0 0 0 0 0 0 0 0 0 0 0 0 0 0 -999
P699 2054 7 0 0 0 0 0 0 0 0 0 0 0 0 0 0 0 0 0 0 0 5 0 0 0 0 0 0 0 0 0 0 0
P699 2054 8 0 0 0 0 0 0 0 0 0 0 0 0 0 0 0 0 0 0 0 0 0 0 0 0 0 0 0 0 0 38 0
P699 2054 9 0 0 0 0 0 0 0 0 0 0 0 0 0 0 0 0 16 36 16 0 0 11 6 0 6 26 15 5 4 0 -999
P699 2054 10 0 5 9 8 0 0 10 8 0 7 5 3 16 15 11 0 0 0 0 0 22 13 4 0 3 0 0 0 3 0 0
P699 2054 11 3 4 6 5 4 5 3 3 7 10 7 0 0 0 0 0 0 0 0 0 0 0 0 0 0 0 0 0 0 0 -999
P699 2054 12 0 2 3 0 0 0 0 0 0 0 0 0 2 0 0 0 0 0 0 0 0 0 0 0 0 0 0 0 0 0 0
P699 2055 1 0 0 0 3 3 5 6 7 19 7 4 16 20 8 44 13 3 5 3 3 3 9 14 4 5 3 5 7 6 6 11
P699 2055 2 12 5 0 0 0 0 3 3 3 0 0 0 0 0 0 4 14 0 0 0 0 5 0 0 0 0 0 0 -999 -999 -999
P699 2055 3 0 5 11 17 4 0 8 3 0 3 4 3 8 5 3 0 0 7 0 0 0 0 3 5 5 4 3 0 0 3 0
P699 2055 4 0 0 0 0 0 0 0 2 0 2 0 0 3 6 3 0 0 0 0 9 15 6 37 104 53 47 35 6 4 6 -999
P699 2055 5 0 4 4 4 5 9 0 28 8 6 0 22 113 136 91 16 0 0 0 0 4 4 0 0 0 0 0 0 15 11 0
P699 2055 6 0 0 0 7 14 0 0 0 0 0 0 0 0 0 0 5 5 3 3 3 0 0 0 0 0 0 0 0 0 0 -999
P699 2055 7 0 0 0 0 0 0 0 0 0 0 0 0 0 0 0 0 0 0 0 0 0 0 0 0 0 0 0 0 0 0 0
P699 2055 8 0 0 0 0 0 0 0 0 0 0 0 0 0 0 0 0 0 0 0 0 0 0 0 0 0 0 0 0 0 0 0
P699 2055 9 0 0 0 0 0 0 0 0 0 0 0 0 0 0 0 0 0 0 0 0 0 0 0 0 7 5 0 0 0 0 -999
P699 2055 10 0 0 0 0 0 0 0 0 6 19 0 0 4 7 3 0 0 0 0 3 0 0 0 3 7 10 0 0 0 0 10
P699 2055 11 8 7 10 13 0 3 19 79 6 0 0 0 0 0 0 0 3 0 0 0 0 0 3 3 7 0 0 0 0 3 -999
P699 2055 12 3 5 11 12 0 0 0 0 0 7 6 11 6 3 0 0 0 0 0 0 2 0 0 0 0 0 0 0 0 0 3
P699 2056 1 5 0 0 0 0 0 3 3 5 33 0 0 0 0 0 0 0 0 0 0 0 3 2 0 0 3 0 0 0 5 4
P699 2056 2 13 0 0 0 0 0 0 0 0 0 0 0 0 0 0 0 0 0 0 0 0 0 0 0 15 37 22 0 -999 -999 -999
P699 2056 3 0 10 6 0 0 0 0 0 0 11 7 0 0 9 37 79 7 3 0 0 0 0 0 0 6 28 9 4 5 8 0
P699 2056 4 0 0 0 0 0 7 11 12 15 0 6 4 0 0 30 63 33 10 21 9 6 11 15 9 7 0 8 19 0 0 -999
P699 2056 5 0 4 3 0 3 14 22 17 11 4 0 3 3 3 0 0 0 0 0 0 0 0 0 0 20 8 10 5 0 0 0
P699 2056 6 11 0 0 7 0 0 0 0 0 0 0 0 0 0 0 0 0 0 0 0 0 0 0 0 0 0 0 0 0 0 -999
P699 2056 7 0 0 10 7 0 0 0 0 0 0 0 0 0 0 0 0 0 0 0 0 0 0 0 0 0 0 0 0 0 0 0
P699 2056 8 0 0 0 0 0 0 0 0 0 0 0 0 0 0 0 0 0 0 0 0 0 0 0 0 0 0 0 0 0 0 0
P699 2056 9 0 0 0 0 0 0 0 0 8 17 23 0 0 0 0 0 0 0 0 0 0 0 0 0 0 0 0 0 0 12 -999
P699 2056 10 11 10 0 0 0 0 0 44 94 58 9 0 0 0 0 0 0 0 0 0 0 0 0 5 10 9 0 0 0 0 0
P699 2056 11 0 0 0 0 3 0 4 3 0 0 0 0 0 0 0 0 0 0 0 0 0 0 0 0 0 3 7 47 12 6 -999
P699 2056 12 2 3 5 4 4 2 2 2 0 0 3 8 7 2 0 0 2 0 0 4 10 4 3 0 0 0 0 5 5 0 5
P699 2057 1 4 0 0 0 0 0 0 3 6 4 0 0 0 0 0 0 0 0 0 0 0 0 0 0 0 3 3 4 4 3 2
P699 2057 2 0 0 0 0 3 3 4 3 3 9 4 0 0 0 0 0 7 4 3 2 5 68 123 134 131 89 12 8 -999 -999 -999
P699 2057 3 59 18 9 46 71 70 54 7 0 0 0 0 0 0 0 0 0 0 0 0 0 0 0 0 0 0 0 0 0 0 0
P699 2057 4 0 3 0 30 77 29 0 6 5 7 10 0 4 11 3 5 3 3 3 3 3 3 0 0 0 0 0 5 0 0 -999
P699 2057 5 0 0 0 0 0 0 0 3 9 15 15 8 12 10 9 5 6 6 4 3 0 0 0 4 4 0 0 4 3 3 3
P699 2057 6 3 4 4 0 0 0 0 0 0 0 9 20 0 0 0 0 0 0 0 28 0 0 0 0 0 0 0 0 0 0 -999
P699 2057 7 0 0 0 0 0 0 0 0 0 0 0 0 0 0 0 0 0 0 0 0 0 0 0 0 0 0 0 0 0 0 0
P699 2057 8 0 0 0 0 0 0 0 0 0 0 0 0 0 0 0 0 0 0 0 0 0 0 0 0 0 0 0 0 0 0 0
P699 2057 9 0 0 0 0 0 0 0 14 11 16 0 0 0 0 0 0 0 0 0 0 0 0 0 0 0 0 0 5 0 0 -999
P699 2057 10 5 0 0 4 0 0 0 0 0 0 0 0 43 53 16 0 0 0 0 0 0 0 0 0 0 0 0 0 0 0 0
P699 2057 11 3 3 0 3 31 7 4 3 20 17 9 39 3 4 0 0 2 3 0 0 0 0 0 0 0 0 0 0 0 0 -999
P699 2057 12 0 0 0 0 0 0 0 0 3 4 8 6 3 6 5 6 0 0 0 0 0 0 0 0 0 7 0 0 49 81 14
P699 2058 1 0 0 0 0 0 0 0 0 0 3 3 0 8 84 8 0 0 14 9 0 0 4 0 0 0 4 0 5 15 0 0
P699 2058 2 0 0 0 0 0 0 4 5 0 0 0 0 0 0 0 0 0 0 0 0 0 0 0 0 0 0 0 0 -999 -999 -999
P699 2058 3 0 0 0 0 0 0 0 0 0 0 0 0 0 0 0 0 0 0 0 0 3 0 0 0 3 3 3 0 0 0 0
P699 2058 4 0 0 0 0 8 15 0 0 0 8 7 3 0 0 0 0 0 0 0 6 8 3 0 0 0 0 0 0 0 0 -999
P699 2058 5 0 0 0 0 0 0 0 0 0 0 0 0 22 11 0 0 0 0 0 0 0 0 5 3 0 0 5 16 9 5 5
P699 2058 6 9 0 0 0 0 0 0 0 0 0 0 0 0 0 0 0 0 0 0 0 0 0 0 0 0 0 0 0 0 0 -999
P699 2058 7 0 0 0 0 0 0 0 0 0 0 0 0 0 0 0 0 0 4 4 0 0 0 0 0 0 0 0 0 0 0 0
P699 2058 8 0 0 0 0 0 0 0 0 0 0 0 0 0 0 0 0 0 0 0 0 0 0 0 0 0 0 0 0 0 0 0
P699 2058 9 0 0 0 0 0 0 0 0 0 0 0 0 0 6 0 0 4 0 0 0 0 0 0 0 0 0 0 0 0 0 -999
P699 2058 10 0 0 0 0 4 0 0 0 0 0 0 0 0 0 4 0 0 0 0 0 0 0 12 14 7 0 0 0 0 0 0
P699 2058 11 0 0 0 0 0 0 0 0 3 0 0 3 0 0 0 3 4 3 3 4 8 3 0 0 0 0 5 8 4 11 -999
P699 2058 12 10 17 3 0 0 0 0 0 0 3 0 0 0 0 0 0 0 9 3 3 0 0 0 0 0 0 3 3 3 3 3
P699 2059 1 12 4 3 3 3 2 0 0 0 0 0 0 0 0 0 0 0 0 0 4 5 0 0 0 6 0 0 0 0 0 0
P699 2059 2 0 0 0 0 0 0 0 0 0 0 0 0 0 0 0 4 0 0 0 0 0 0 0 0 0 0 0 0 -999 -999 -999
P699 2059 3 0 0 0 0 0 0 0 0 0 0 3 5 7 19 9 4 0 0 0 0 7 4 0 3 4 2 3 5 22 86 13
P699 2059 4 0 0 0 0 0 0 0 0 0 0 24 9 14 6 0 0 0 0 0 0 0 0 0 16 10 0 0 25 5 0 -999
P699 2059 5 0 0 0 8 11 0 0 7 11 9 6 0 0 0 0 0 4 6 0 0 0 7 0 8 18 0 0 0 10 0 0
P699 2059 6 0 0 0 0 0 13 0 0 0 0 4 0 0 0 0 0 0 0 0 0 0 0 0 0 0 14 0 0 0 0 -999
P699 2059 7 0 0 0 0 0 0 0 0 0 0 0 0 0 0 0 7 10 7 0 0 0 0 0 0 0 0 0 0 0 0 0
P699 2059 8 0 0 0 0 0 0 0 0 0 0 0 0 0 0 0 0 0 0 0 0 0 0 0 0 0 0 0 0 0 0 0
P699 2059 9 0 0 0 0 0 0 0 0 0 0 0 0 0 0 0 0 0 0 0 0 0 0 0 0 4 8 21 0 0 0 -999
P699 2059 10 0 0 0 0 0 0 0 0 0 0 0 0 0 0 10 9 0 0 0 0 0 3 3 3 4 3 5 23 26 9 3
P699 2059 11 7 46 22 67 101 19 0 0 0 0 0 0 4 4 4 13 29 10 4 0 0 0 4 12 11 0 0 6 25 8 -999
P699 2059 12 0 0 0 0 0 0 0 0 0 0 3 0 0 0 3 18 0 0 0 0 0 11 0 0 0 0 4 34 6 0 0
P699 2060 1 0 5 5 6 5 4 0 0 0 0 0 6 0 0 0 0 0 0 0 0 0 0 0 0 0 0 0 0 0 0 0
P699 2060 2 0 0 0 0 2 3 3 3 4 4 4 4 8 10 52 16 3 0 3 0 0 0 3 3 4 3 3 3 -999 -999 -999
P699 2060 3 3 2 0 0 3 13 11 35 3 3 0 0 0 0 3 0 4 3 4 5 33 23 3 0 0 0 0 3 3 4 0
P699 2060 4 0 0 0 0 0 0 0 0 0 0 0 0 0 0 0 0 0 0 0 4 0 0 0 0 0 0 0 0 0 0 -999
P699 2060 5 0 0 0 0 0 0 0 0 0 0 0 0 0 0 0 0 16 45 17 6 0 0 0 0 0 0 0 26 44 23 0
P699 2060 6 24 26 14 6 5 14 30 6 3 0 4 4 4 4 0 0 0 0 8 8 11 0 0 0 0 0 0 0 0 0 -999
P699 2060 7 0 0 0 0 0 0 0 0 0 0 0 0 0 0 0 0 0 0 0 0 0 0 0 0 0 0 0 0 0 0 0
P699 2060 8 0 0 0 0 0 0 0 0 0 0 0 0 0 0 0 0 0 0 0 0 0 0 0 0 0 0 0 0 0 0 0
P699 2060 9 0 0 0 0 0 0 0 0 0 0 0 0 0 0 0 8 10 4 0 7 10 12 11 22 22 12 8 0 0 0 -999
P699 2060 10 0 0 0 0 0 0 0 0 0 0 0 4 3 3 3 0 0 0 0 0 0 0 0 0 0 0 5 17 14 5 4
P699 2060 11 9 3 3 0 0 0 0 0 0 0 0 0 3 4 3 0 0 0 3 0 3 0 0 0 0 0 3 3 0 0 -999
P699 2060 12 0 0 3 3 0 0 3 0 0 8 0 0 0 0 0 0 0 0 0 0 2 3 0 0 0 0 0 0 0 0 0
P699 2061 1 0 0 0 0 0 0 0 0 0 0 0 0 0 0 3 0 0 0 3 0 0 3 3 4 16 3 2 2 0 0 2
P699 2061 2 0 0 0 0 0 0 0 0 0 6 0 8 5 3 3 6 16 3 0 0 3 5 3 3 3 3 2 3 -999 -999 -999
P699 2061 3 3 9 3 2 2 0 2 3 4 3 2 3 3 2 0 0 3 4 6 4 0 0 0 0 0 0 0 0 0 0 0
P699 2061 4 0 0 0 0 0 0 0 28 115 16 18 54 46 27 26 33 121 45 6 4 3 0 0 0 0 8 0 0 8 12 -999
P699 2061 5 22 0 4 13 8 5 7 0 0 0 4 18 10 7 10 15 0 0 0 0 0 0 0 0 0 0 0 0 0 0 0
P699 2061 6 0 19 0 0 0 0 0 0 0 0 0 0 0 7 0 0 0 0 0 0 0 0 0 0 0 0 0 0 0 0 -999
P699 2061 7 0 0 0 0 0 0 0 0 0 0 0 0 0 0 0 0 0 0 0 0 0 0 0 0 0 0 0 0 0 0 0
P699 2061 8 0 0 0 0 0 0 0 0 0 0 0 0 0 0 0 0 0 0 0 0 0 0 0 0 0 0 0 0 0 0 0
P699 2061 9 0 0 0 0 0 0 0 0 0 0 0 0 0 0 0 0 25 10 9 3 4 0 0 0 0 0 0 0 0 0 -999
P699 2061 10 0 0 0 10 15 19 3 3 4 5 14 0 0 0 0 0 0 0 0 0 0 0 0 0 4 4 3 0 0 0 0
P699 2061 11 0 0 0 6 7 6 6 4 9 5 3 0 0 0 0 0 0 0 0 4 0 0 0 0 0 0 0 0 0 0 -999
P699 2061 12 6 5 3 0 0 0 0 0 0 6 8 5 0 0 0 0 0 0 3 0 0 0 0 0 0 0 0 0 0 0 0
P699 2062 1 0 0 0 0 0 7 67 105 85 75 22 10 4 4 4 0 2 3 3 0 0 0 0 0 0 0 4 0 0 0 3
P699 2062 2 2 3 3 3 3 3 0 0 3 3 6 0 0 0 0 10 45 89 35 40 107 130 94 93 87 7 2 0 -999 -999 -999
P699 2062 3 0 0 0 0 0 0 0 0 0 0 0 0 0 0 0 0 0 0 0 0 0 0 0 0 0 3 0 0 0 0 0
P699 2062 4 0 0 3 3 0 4 0 0 0 0 18 2 0 0 0 0 0 0 0 0 0 0 0 4 3 6 0 0 5 7 -999
P699 2062 5 33 26 7 6 10 24 0 27 10 0 0 0 6 10 0 0 0 0 8 7 0 0 0 0 0 0 0 0 4 4 3
P699 2062 6 3 3 6 4 0 0 0 0 0 0 5 6 7 7 0 0 0 0 0 0 0 0 0 0 0 0 0 0 0 0 -999
P699 2062 7 0 0 0 0 0 0 0 0 0 0 0 0 0 0 0 0 0 0 0 0 0 0 0 0 0 0 0 0 0 0 0
P699 2062 8 0 0 4 0 0 0 0 0 8 16 18 14 0 0 0 0 0 0 0 0 0 9 0 0 0 0 0 0 0 0 0
P699 2062 9 0 0 0 0 0 0 0 0 0 0 0 0 0 0 0 0 12 0 0 0 0 0 0 0 0 0 0 0 0 0 -999
P699 2062 10 0 9 0 0 0 0 0 8 0 0 15 0 0 0 0 16 19 14 0 0 3 4 0 5 15 15 12 60 37 0 0
P699 2062 11 0 0 0 0 0 3 8 57 15 9 6 3 4 7 0 0 0 0 0 0 0 3 0 3 2 6 10 0 0 0 -999
P699 2062 12 0 0 0 0 0 0 0 0 5 6 4 0 0 0 0 4 6 0 0 3 3 5 0 0 0 0 0 0 3 4 0
P699 2063 1 6 5 6 9 5 0 0 0 0 0 0 0 0 0 0 0 0 0 0 0 3 3 0 0 0 0 2 5 14 6 0
P699 2063 2 0 0 0 8 0 0 5 5 3 3 0 0 0 3 3 0 0 0 0 0 3 41 30 11 0 5 0 9 -999 -999 -999
P699 2063 3 17 23 62 128 79 5 3 6 4 5 3 4 5 10 50 5 3 0 0 10 9 4 9 134 110 21 6 12 4 0 0
P699 2063 4 4 10 3 0 0 0 0 0 0 0 6 6 5 3 0 9 9 5 0 0 0 0 5 4 4 0 3 10 48 5 -999
P699 2063 5 5 0 0 0 0 0 0 0 0 0 0 4 13 27 5 3 3 3 0 0 0 0 0 0 0 0 0 0 0 0 0
P699 2063 6 0 0 0 0 0 0 0 0 0 0 0 0 0 0 0 0 0 0 0 0 0 0 0 0 0 0 0 0 0 0 -999
P699 2063 7 0 0 0 0 0 0 0 0 0 0 0 0 0 0 0 0 0 0 0 0 0 0 0 0 0 0 0 0 0 0 0
P699 2063 8 0 0 0 0 0 0 0 0 0 0 0 0 0 0 0 0 0 0 0 0 0 0 0 0 0 0 0 0 0 0 0
P699 2063 9 0 0 0 20 27 0 0 0 0 0 13 0 0 0 0 44 94 28 0 0 0 0 0 0 0 0 8 4 0 0 -999
P699 2063 10 0 0 0 0 9 11 0 0 0 0 3 4 6 0 0 3 0 0 0 6 9 5 3 0 0 0 0 3 9 7 0
P699 2063 11 0 0 11 28 0 0 0 0 0 0 4 0 0 0 0 0 0 0 0 4 3 0 0 0 8 9 4 0 3 2 -999
P699 2063 12 0 0 0 0 8 4 0 0 0 0 0 0 0 0 0 0 0 0 0 0 0 0 0 0 0 0 0 0 0 0 0
P699 2064 1 0 0 0 0 5 3 0 0 0 0 3 3 4 5 3 4 54 155 45 8 54 45 25 9 0 0 3 4 4 0 0
P699 2064 2 0 0 0 0 8 13 0 6 0 0 0 0 39 94 4 3 3 3 0 0 0 0 0 0 18 92 113 42 -999 -999 -999
P699 2064 3 11 4 4 7 4 0 0 0 0 0 0 0 0 0 0 0 0 0 0 0 0 0 4 3 3 0 0 0 6 37 46
P699 2064 4 27 31 38 26 10 11 9 0 4 0 0 0 0 0 0 7 9 3 3 4 3 0 19 73 39 7 15 16 6 0 -999
P699 2064 5 0 4 3 3 0 0 0 0 0 0 0 0 0 0 3 4 5 0 0 0 0 0 11 0 0 0 0 0 0 0 0
P699 2064 6 0 0 0 0 0 0 0 0 0 0 0 0 0 0 0 0 0 0 0 0 0 0 0 0 0 0 0 0 0 0 -999
P699 2064 7 0 0 0 0 0 0 0 0 0 0 0 0 0 0 0 0 0 0 0 0 0 0 0 0 0 0 0 0 0 0 0
P699 2064 8 0 0 0 0 0 0 0 0 0 0 0 0 0 0 0 0 0 0 0 0 0 0 0 0 0 0 0 0 0 0 0
P699 2064 9 0 0 0 0 0 0 0 0 0 0 0 0 0 0 0 0 0 0 0 0 0 0 0 0 0 0 0 4 0 0 -999
P699 2064 10 0 0 0 0 0 0 0 0 0 0 13 21 0 0 0 0 0 0 0 0 0 3 0 0 0 4 0 0 0 0 0
P699 2064 11 0 0 0 0 0 3 4 4 0 0 0 0 0 0 3 8 4 0 0 19 134 98 54 46 5 0 0 5 6 17 -999
P699 2064 12 6 0 0 0 0 0 0 0 4 3 3 0 0 0 0 0 0 0 0 5 7 3 0 0 0 0 0 0 2 0 0
P699 2065 1 0 2 6 4 3 9 126 94 15 94 23 3 0 3 0 0 0 0 0 0 0 0 0 3 0 0 0 0 0 0 0
P699 2065 2 0 0 0 0 0 0 0 0 0 0 3 0 0 0 0 0 0 0 0 5 6 0 0 0 0 0 0 0 -999 -999 -999
P699 2065 3 3 0 0 0 0 0 4 3 0 4 0 0 0 0 0 0 0 0 0 0 0 0 0 0 0 4 0 4 3 5 19
P699 2065 4 6 3 9 4 4 15 8 0 0 0 16 94 82 65 103 72 14 0 0 0 0 0 0 0 0 6 8 0 4 4 -999
P699 2065 5 0 0 0 0 4 5 16 83 33 3 3 0 0 4 4 0 0 0 0 0 3 4 6 0 0 0 0 0 0 0 4
P699 2065 6 19 9 5 5 10 5 5 3 5 0 0 5 0 0 0 0 0 0 0 0 8 15 0 0 0 0 0 0 0 0 -999
P699 2065 7 0 0 0 0 0 0 0 0 0 0 0 0 0 0 0 0 0 0 0 0 0 0 0 0 0 0 0 0 0 0 0
P699 2065 8 0 0 0 0 0 0 0 0 0 0 0 0 0 0 0 0 0 0 0 0 0 0 0 0 0 0 0 0 0 0 0
P699 2065 9 0 0 0 0 0 0 0 0 0 0 0 0 17 15 15 18 0 0 0 7 37 18 23 18 16 0 5 6 6 8 -999
P699 2065 10 0 0 0 0 0 0 0 0 4 10 32 13 0 0 0 7 4 6 5 3 4 0 0 0 0 0 0 0 0 0 0
P699 2065 11 0 0 0 0 0 0 0 0 3 3 0 0 0 0 0 0 0 0 0 0 0 0 0 0 0 0 8 0 0 0 -999
P699 2065 12 0 0 0 0 0 0 0 0 0 0 3 0 0 0 0 0 0 0 0 0 3 4 25 6 4 3 4 3 0 0 0
P699 2066 1 0 0 0 0 3 0 0 0 4 15 20 8 0 0 7 14 12 0 0 0 0 0 0 0 0 0 0 4 0 17 11
P699 2066 2 0 0 0 6 6 5 9 7 0 0 0 0 0 0 0 0 5 19 13 8 0 0 0 0 0 0 0 3 -999 -999 -999
P699 2066 3 3 7 8 31 94 6 3 25 99 7 3 0 0 0 0 3 2 3 0 27 24 12 3 0 0 0 0 0 7 0 0
P699 2066 4 0 0 0 0 0 0 0 20 23 0 4 5 0 0 0 0 3 4 5 0 0 0 0 0 0 0 0 0 0 0 -999
P699 2066 5 0 0 0 0 0 0 0 0 0 0 0 0 0 0 0 0 0 6 5 0 0 11 0 0 0 0 0 0 0 0 0
P699 2066 6 0 0 0 0 0 0 0 0 4 5 0 0 0 0 0 0 0 0 0 0 0 0 0 29 31 0 0 0 0 0 -999
P699 2066 7 0 0 0 0 0 0 0 0 0 0 0 0 0 0 0 0 0 0 0 0 0 0 0 0 0 0 0 0 0 5 6
P699 2066 8 0 0 0 0 0 0 0 0 0 0 0 0 0 0 0 0 0 0 0 0 0 0 0 0 0 0 0 0 0 0 0
P699 2066 9 0 0 0 0 0 0 0 0 0 0 0 0 0 0 0 0 0 0 0 0 0 0 0 0 0 0 0 0 0 0 -999
P699 2066 10 5 8 0 0 0 0 0 0 0 0 0 14 18 7 3 3 0 0 3 0 0 9 6 10 39 21 16 6 6 7 6
P699 2066 11 10 6 3 0 13 33 30 34 21 20 15 7 0 0 0 0 0 5 6 3 3 2 0 0 0 4 8 5 2 2 -999
P699 2066 12 3 28 44 34 13 0 0 0 4 0 0 3 2 0 3 3 3 3 5 0 0 0 3 6 13 14 3 5 11 8 9
P699 2067 1 5 13 35 114 55 38 29 98 35 5 3 7 61 53 4 3 5 4 10 4 0 5 22 55 13 3 3 3 34 116 44
P699 2067 2 20 9 8 7 0 0 0 0 3 0 0 3 10 0 0 0 0 0 3 20 47 17 6 3 0 4 3 3 -999 -999 -999
P699 2067 3 0 3 4 3 0 0 0 0 0 0 0 0 3 0 0 0 0 0 0 0 0 0 0 0 0 0 0 25 23 4 0
P699 2067 4 0 0 0 16 0 0 5 13 16 3 4 0 5 10 9 33 9 2 3 6 8 0 0 0 0 3 3 3 3 3 -999
P699 2067 5 0 0 0 0 0 17 9 0 12 10 7 3 5 7 4 3 0 3 5 7 6 5 0 0 0 0 0 0 0 0 0
P699 2067 6 0 0 0 0 0 0 0 52 11 0 0 0 0 0 0 0 11 10 0 0 0 0 0 0 0 0 0 0 0 0 -999
P699 2067 7 0 0 0 0 0 0 0 0 0 0 0 0 0 0 0 0 0 0 0 0 0 0 0 0 0 0 0 0 0 0 0
P699 2067 8 0 0 0 0 0 0 0 0 0 0 0 0 0 0 0 0 0 0 0 0 0 0 0 0 0 0 0 0 0 0 0
P699 2067 9 0 0 0 0 0 0 0 16 20 0 0 0 0 0 0 0 0 0 0 0 0 0 0 17 12 0 18 62 47 0 -999
P699 2067 10 0 0 15 14 0 0 19 19 5 5 5 10 0 5 5 0 0 0 0 0 0 0 0 4 7 8 16 17 5 0 4
P699 2067 11 3 3 3 4 8 6 7 8 3 2 0 0 0 0 0 0 0 0 4 0 0 0 0 0 3 3 4 0 0 0 -999
P699 2067 12 0 0 0 0 3 3 4 0 3 0 0 2 3 3 0 0 0 0 0 3 3 0 0 0 0 0 0 0 0 0 0
P699 2068 1 0 0 0 0 0 0 0 0 0 0 0 0 0 0 0 0 0 0 4 4 16 11 7 7 5 5 3 4 3 4 4
P699 2068 2 3 0 0 0 0 0 3 8 13 31 4 9 13 9 79 22 15 0 0 0 0 0 0 6 21 7 0 0 -999 -999 -999
P699 2068 3 0 0 0 0 3 77 129 80 27 104 7 7 5 0 0 6 0 0 0 0 0 0 0 0 0 0 0 0 0 0 0
P699 2068 4 0 0 0 0 2 3 0 0 0 0 0 0 0 0 0 0 0 0 0 0 0 3 3 4 4 0 0 3 5 0 -999
P699 2068 5 0 0 0 7 68 90 14 4 6 3 0 7 12 3 4 4 4 7 8 25 7 4 0 5 0 4 6 0 0 0 0
P699 2068 6 0 0 0 0 0 0 0 0 0 0 0 0 0 0 0 0 0 0 0 51 27 0 0 0 0 0 0 0 0 0 -999
P699 2068 7 0 0 0 0 0 0 0 0 0 0 0 0 0 0 0 0 0 0 0 0 0 0 0 0 0 0 0 0 0 0 0
P699 2068 8 0 0 0 0 0 0 0 0 0 0 0 0 0 0 0 0 0 0 0 0 0 0 0 0 0 9 8 5 0 0 0
P699 2068 9 0 0 0 0 0 0 0 0 0 0 0 0 0 0 0 0 0 0 9 12 10 11 5 7 19 10 12 7 9 0 -999
P699 2068 10 5 24 20 5 5 7 0 0 4 0 0 0 10 13 0 6 6 0 5 7 0 0 4 6 3 3 0 0 0 0 0
P699 2068 11 0 0 0 0 4 8 12 9 0 0 0 0 0 0 0 3 2 3 0 0 3 4 5 9 7 0 20 31 13 9 -999
P699 2068 12 0 0 3 0 3 7 7 0 0 0 3 0 0 0 4 4 7 15 4 0 0 0 0 0 0 0 0 2 0 0 0
P699 2069 1 0 0 0 0 0 0 0 3 3 11 7 7 17 5 0 0 0 0 0 0 8 11 7 10 17 8 5 3 3 3 2
P699 2069 2 2 0 0 0 3 5 3 0 3 6 3 0 0 0 0 3 11 0 0 0 7 0 0 0 0 0 0 0 -999 -999 -999
P699 2069 3 3 6 11 7 3 3 3 0 0 4 5 4 3 0 0 0 0 0 0 0 0 0 0 0 2 0 0 0 0 3 0
P699 2069 4 0 0 0 0 0 0 0 3 3 0 3 3 3 4 4 9 3 0 3 5 2 0 0 0 0 0 0 4 6 12 -999
P699 2069 5 5 3 0 0 0 4 8 13 4 3 0 0 0 0 0 0 0 0 4 0 3 0 0 0 0 0 0 0 3 0 0
P699 2069 6 0 5 8 0 0 0 0 0 0 0 0 0 0 0 0 0 0 0 0 0 0 0 0 0 0 0 0 0 0 0 -999
P699 2069 7 0 0 5 6 0 0 0 0 0 0 0 0 0 0 0 0 0 0 0 0 0 0 0 0 0 0 0 0 0 0 0
P699 2069 8 0 0 0 0 0 0 0 0 0 0 0 0 0 0 0 0 0 0 0 0 0 0 0 0 0 0 0 0 0 0 0
P699 2069 9 0 0 0 0 0 0 0 0 0 0 0 0 0 0 0 0 0 0 0 5 0 0 0 0 0 0 3 3 0 4 -999
P699 2069 10 0 4 4 5 4 0 0 0 0 0 0 0 0 0 0 0 4 3 0 0 3 4 3 2 2 3 4 0 0 0 0
P699 2069 11 12 7 3 0 0 0 0 0 0 9 101 144 113 68 6 5 16 15 0 0 9 0 0 0 5 0 0 0 3 3 -999
P699 2069 12 2 0 3 63 106 134 7 3 0 0 0 0 0 0 0 0 0 0 0 0 0 5 3 3 0 0 0 4 13 7 9
P699 2070 1 11 4 3 0 0 2 3 0 0 3 0 0 0 0 0 0 0 0 0 0 2 7 15 5 2 2 2 2 0 3 6
P699 2070 2 4 3 2 4 5 0 0 0 0 0 0 3 7 35 49 39 16 0 0 0 0 0 3 3 4 3 6 5 -999 -999 -999
P699 2070 3 8 0 4 0 5 0 5 7 28 11 10 13 4 7 0 0 0 0 0 0 3 4 3 0 14 4 0 0 0 0 0
P699 2070 4 0 19 4 3 0 3 2 2 3 3 0 3 3 4 4 0 0 3 3 0 0 5 5 3 3 3 3 3 4 5 -999
P699 2070 5 4 4 0 0 0 4 9 7 0 0 0 0 5 19 6 2 0 0 0 0 0 0 0 0 0 0 0 0 0 0 26
P699 2070 6 34 0 0 0 0 0 0 0 0 0 0 0 25 69 17 19 0 0 0 0 0 0 0 0 0 0 0 0 0 0 -999
P699 2070 7 0 0 0 0 0 0 0 0 0 0 0 0 0 0 0 0 0 0 0 0 0 0 0 0 0 0 0 0 0 0 0
P699 2070 8 0 0 0 0 0 0 0 0 0 0 0 0 0 0 0 0 0 0 0 0 0 0 0 0 0 0 0 0 0 0 0
P699 2070 9 0 0 0 0 0 0 13 6 0 0 0 0 0 0 12 0 0 0 0 0 0 0 0 0 0 0 0 0 11 19 -999
P699 2070 10 19 29 25 0 0 0 8 38 25 31 41 33 12 5 6 8 5 0 8 6 4 6 5 3 0 0 0 0 0 0 20
P699 2070 11 47 100 19 5 3 0 0 0 3 7 0 0 3 6 4 0 0 6 0 0 0 0 0 0 0 0 0 0 0 0 -999
P699 2070 12 3 0 0 0 0 0 0 0 0 0 0 6 8 4 0 0 0 0 0 0 0 3 0 0 0 0 0 2 0 2 0
P699 2071 1 0 0 0 3 4 3 3 0 3 4 3 0 2 3 7 26 129 113 59 6 10 11 10 3 4 3 0 0 0 0 2
P699 2071 2 3 0 0 0 0 2 0 0 0 0 0 0 0 0 0 0 0 0 0 0 0 3 0 0 0 0 3 0 -999 -999 -999
P699 2071 3 0 0 0 0 0 0 0 0 0 0 3 0 0 0 6 7 6 0 5 0 0 0 0 31 26 7 0 0 0 4 7
P699 2071 4 15 7 0 0 0 0 0 0 0 0 0 0 0 0 0 0 0 0 0 0 10 0 0 0 0 0 0 0 0 0 -999
P699 2071 5 0 0 0 0 0 0 6 0 4 9 0 0 0 0 0 3 0 0 7 24 92 121 32 9 0 0 0 0 0 0 0
P699 2071 6 0 0 0 0 0 14 10 4 0 0 0 0 0 0 0 0 0 0 0 0 0 0 0 0 0 0 0 0 0 0 -999
P699 2071 7 0 0 0 0 0 0 0 0 0 0 0 0 0 0 0 0 0 0 0 0 0 0 0 0 10 10 0 0 0 0 0
P699 2071 8 0 0 0 0 0 0 9 0 0 0 0 0 0 10 0 0 0 0 0 0 0 0 0 0 0 0 0 0 0 0 0
P699 2071 9 0 0 0 0 0 0 0 0 10 0 0 0 0 0 0 0 0 0 0 0 0 0 0 0 0 0 0 0 0 0 -999
P699 2071 10 0 0 0 0 0 0 0 0 8 36 9 3 0 0 0 0 0 0 0 0 0 0 0 0 0 0 0 0 0 0 0
P699 2071 11 0 3 2 0 0 0 4 5 21 30 24 4 0 0 0 0 4 4 5 0 0 0 0 0 0 4 4 3 0 0 -999
P699 2071 12 0 0 0 0 0 0 3 3 0 0 0 0 0 0 0 0 0 0 16 3 0 0 0 0 0 0 0 0 0 0 0
P699 2072 1 0 0 0 0 0 0 9 28 0 2 3 5 3 0 0 2 4 0 0 0 0 4 8 11 0 0 6 4 4 4 0
P699 2072 2 0 0 0 0 0 2 0 0 0 0 2 4 4 10 9 33 49 8 16 13 2 2 3 3 3 0 0 5 -999 -999 -999
P699 2072 3 0 0 0 0 0 6 3 2 2 0 0 0 0 0 0 0 0 0 0 0 13 6 20 17 8 8 42 154 63 5 0
P699 2072 4 0 0 0 0 0 8 6 29 22 3 5 4 7 45 77 9 4 0 12 37 56 48 72 23 7 12 0 0 18 8 -999
P699 2072 5 0 0 0 9 0 0 4 6 15 12 6 5 4 0 0 0 6 7 0 0 0 0 0 0 0 0 0 5 8 12 23
P699 2072 6 17 25 97 19 5 0 0 9 0 0 0 0 0 0 0 0 0 0 0 0 0 0 0 0 0 0 0 0 0 0 -999
P699 2072 7 0 0 0 0 0 0 0 0 0 0 0 0 0 0 0 0 0 0 0 0 0 0 0 0 0 0 0 0 0 0 0
P699 2072 8 0 0 0 0 0 0 0 0 0 0 0 0 0 0 0 0 0 0 0 0 0 0 0 0 0 0 0 0 0 0 0
P699 2072 9 0 0 0 0 0 0 0 0 0 0 0 0 0 0 0 0 0 0 0 0 0 0 0 0 0 0 0 0 0 0 -999
P699 2072 10 0 5 0 0 0 4 5 6 0 0 0 0 0 9 8 6 6 3 3 0 0 0 0 4 5 5 0 0 0 0 3
P699 2072 11 0 0 0 0 0 3 5 6 5 4 3 3 5 28 95 90 52 19 8 0 0 0 0 4 10 6 5 41 84 22 -999
P699 2072 12 0 0 0 0 0 0 0 0 0 0 0 0 0 0 0 0 0 0 0 4 0 0 0 0 0 0 0 0 0 13 0
P699 2073 1 0 0 0 0 0 3 0 0 0 0 4 0 9 3 0 0 0 0 0 0 0 0 0 0 0 5 0 0 0 0 0
P699 2073 2 0 0 0 3 3 0 0 0 2 3 9 67 39 3 3 3 3 6 19 3 0 0 0 0 0 0 0 0 -999 -999 -999
P699 2073 3 0 0 0 0 0 0 0 0 3 3 12 4 0 0 0 0 0 0 3 4 0 0 0 0 0 0 0 0 3 0 0
P699 2073 4 0 0 0 0 0 0 0 0 0 0 8 0 0 31 99 33 9 0 0 0 5 0 4 13 10 0 0 0 0 0 -999
P699 2073 5 6 0 0 0 0 0 0 0 0 0 0 0 0 0 0 3 4 4 12 4 3 0 0 4 3 0 0 3 0 0 4
P699 2073 6 4 0 0 0 0 0 0 0 0 17 0 0 0 4 4 0 0 0 0 0 0 0 0 0 0 0 0 0 0 0 -999
P699 2073 7 0 0 0 0 0 0 0 0 0 0 0 0 0 0 0 0 0 0 0 0 0 0 0 0 0 0 0 0 0 0 0
P699 2073 8 0 0 0 0 0 0 25 0 0 0 0 0 0 50 38 0 0 0 26 0 0 0 0 0 0 0 0 0 0 0 0
P699 2073 9 0 0 0 0 0 17 18 7 0 0 0 4 5 0 0 0 0 0 0 0 0 0 6 0 0 0 0 7 10 12 -999
P699 2073 10 6 0 0 0 0 0 0 10 4 5 4 0 0 0 0 0 0 0 0 5 3 0 0 0 0 0 0 4 4 20 12
P699 2073 11 13 4 4 4 0 0 10 65 4 2 2 6 4 4 0 0 0 6 3 4 4 3 3 8 10 16 8 5 5 5 -999
P699 2073 12 19 11 5 5 4 0 3 0 0 0 0 0 0 0 0 0 0 3 0 0 0 0 0 0 3 5 0 0 0 0 0
P699 2074 1 0 0 0 0 0 0 0 0 0 0 0 0 0 0 0 0 0 0 3 10 6 0 0 0 0 4 0 4 5 4 0
P699 2074 2 0 0 0 0 0 0 0 0 3 3 0 0 0 0 0 0 0 0 0 0 3 0 0 0 0 5 4 0 -999 -999 -999
P699 2074 3 0 8 0 0 0 0 0 0 0 0 0 0 0 0 0 0 0 0 0 0 0 0 0 0 0 0 0 0 0 0 0
P699 2074 4 41 26 0 0 0 0 0 0 0 0 0 0 0 0 0 0 0 0 0 0 0 0 0 0 0 3 4 3 0 0 -999
P699 2074 5 0 0 0 0 0 7 7 4 10 71 29 8 0 0 4 0 0 0 0 0 4 3 0 0 0 0 0 0 0 0 0
P699 2074 6 0 0 0 0 0 0 0 0 0 0 0 0 0 0 0 0 0 0 9 6 0 0 0 0 0 0 10 0 0 0 -999
P699 2074 7 0 0 0 0 0 0 0 0 0 0 0 0 0 0 0 0 0 0 0 0 0 0 0 0 0 0 0 0 0 0 0
P699 2074 8 0 0 0 0 0 0 0 0 0 0 0 0 0 0 0 0 0 0 0 0 0 0 0 0 0 0 0 0 0 0 0
P699 2074 9 0 0 0 0 0 0 0 0 8 8 0 0 0 0 0 0 0 0 0 0 0 0 0 3 4 10 8 0 0 0 -999
P699 2074 10 0 0 4 3 0 0 0 0 5 4 3 0 0 0 0 0 0 0 7 4 0 0 0 0 0 0 0 0 6 0 0
P699 2074 11 0 0 0 0 0 0 0 0 0 4 5 9 0 0 0 0 3 46 130 154 150 22 0 3 6 15 13 6 5 15 -999
P699 2074 12 6 0 6 6 7 9 0 0 0 0 0 3 4 64 8 3 3 2 0 0 0 2 5 13 61 29 8 9 16 2 3
P699 2075 1 7 66 92 3 3 2 3 3 3 3 2 0 0 3 3 0 0 0 0 0 0 0 0 0 0 7 4 0 3 3 3
P699 2075 2 0 0 0 0 0 3 3 3 0 0 3 0 0 0 3 4 0 3 3 0 34 13 8 3 0 0 0 0 -999 -999 -999
P699 2075 3 0 0 5 35 80 50 8 8 10 51 4 4 6 3 4 0 0 0 3 3 3 9 4 3 3 0 0 0 3 4 3
P699 2075 4 6 3 0 0 0 0 0 0 0 0 0 0 0 0 0 0 0 0 0 3 0 0 0 0 0 0 0 115 99 33 -999
P699 2075 5 23 52 83 7 3 9 8 5 4 4 5 19 11 4 3 3 3 4 11 13 3 4 3 0 0 0 0 0 0 0 0
P699 2075 6 0 0 5 0 0 0 0 0 0 0 0 0 0 0 0 0 0 0 0 0 0 0 0 0 0 0 0 0 0 0 -999
P699 2075 7 0 0 0 0 0 0 0 0 0 0 0 0 0 55 0 0 0 0 0 0 0 0 0 0 0 0 0 0 0 0 0
P699 2075 8 0 0 0 0 0 0 0 0 0 10 9 0 0 0 0 0 0 0 0 0 0 0 0 0 0 0 0 0 0 0 0
P699 2075 9 0 0 0 0 0 0 0 0 0 0 0 0 0 0 0 0 0 0 0 0 0 0 0 0 0 0 0 8 4 0 -999
P699 2075 10 0 0 6 4 0 0 0 0 3 3 0 0 0 0 0 0 0 0 7 12 3 0 0 0 0 0 0 4 7 27 0
P699 2075 11 0 0 5 5 14 10 18 9 4 0 0 0 2 0 0 0 2 3 0 0 0 0 0 0 0 0 3 11 4 0 -999
P699 2075 12 0 0 0 6 3 3 3 4 5 11 0 3 2 0 0 0 0 0 0 0 0 0 4 0 0 0 7 6 0 0 23
P699 2076 1 20 0 0 0 0 0 0 0 0 0 0 0 0 0 0 3 0 0 0 0 0 0 0 0 0 0 0 3 11 4 0
P699 2076 2 0 0 0 0 0 0 0 0 0 0 0 0 0 0 0 0 0 0 0 3 0 0 0 0 0 0 0 0 -999 -999 -999
P699 2076 3 0 0 0 0 0 3 5 6 68 55 14 0 10 13 8 5 8 12 3 0 0 0 0 0 0 0 0 0 0 0 0
P699 2076 4 0 0 0 5 6 6 0 0 0 0 0 0 4 0 0 0 0 0 33 92 83 55 73 24 0 0 7 13 10 8 -999
P699 2076 5 7 5 4 4 4 0 0 0 4 0 0 0 6 33 6 0 0 4 6 17 12 6 4 0 0 10 0 6 3 3 3
P699 2076 6 4 13 6 0 0 0 0 5 4 0 0 0 0 0 0 0 0 11 0 0 0 4 6 7 6 8 6 8 0 0 -999
P699 2076 7 0 0 0 0 0 0 0 0 0 0 0 0 0 0 0 0 0 0 0 0 0 0 0 0 0 0 0 0 0 0 0
P699 2076 8 0 0 0 0 0 0 0 0 0 0 0 0 0 0 0 0 0 0 0 0 0 0 0 0 0 0 0 0 0 0 0
P699 2076 9 0 0 0 0 0 0 0 0 0 0 0 0 0 0 0 8 11 16 0 0 0 0 12 0 0 0 8 5 8 3 -999
P699 2076 10 0 0 5 0 0 0 0 0 0 0 10 12 28 37 26 0 0 3 4 0 0 4 3 3 0 0 0 0 4 0 0
P699 2076 11 0 0 0 0 0 0 0 0 0 7 5 3 6 40 60 107 142 12 3 3 0 0 0 8 3 0 0 0 0 0 -999
P699 2076 12 0 0 0 0 0 0 0 0 0 7 0 0 0 0 0 3 83 124 0 0 0 0 0 0 0 0 0 0 0 0 3
P699 2077 1 9 10 6 0 0 0 0 0 0 0 0 0 0 2 3 0 0 0 3 27 88 27 14 21 3 0 2 2 0 0 0
P699 2077 2 0 0 0 0 4 8 15 4 9 16 6 6 5 0 0 0 3 0 0 0 0 0 0 0 0 0 0 0 -999 -999 -999
P699 2077 3 0 0 0 0 0 0 0 0 0 0 5 0 4 8 14 54 20 138 16 10 20 9 0 0 0 0 3 3 0 3 5
P699 2077 4 4 0 0 0 0 0 0 0 0 0 0 0 0 0 0 0 0 0 0 0 0 0 0 0 0 0 7 0 0 0 -999
P699 2077 5 0 0 0 0 0 41 40 16 5 4 4 0 0 0 0 0 0 0 0 0 0 0 18 24 41 54 11 0 0 0 0
P699 2077 6 0 0 8 0 0 0 0 0 0 0 14 15 15 15 11 0 0 0 0 0 0 0 0 0 0 0 0 0 0 0 -999
P699 2077 7 0 0 0 0 0 0 0 0 0 0 0 0 0 0 0 0 0 0 0 0 0 0 0 0 0 0 0 0 0 0 0
P699 2077 8 0 0 0 0 0 0 0 0 0 0 0 0 0 0 0 0 0 0 0 0 0 0 0 0 0 0 0 0 0 0 0
P699 2077 9 0 0 0 0 0 0 0 0 0 0 0 0 0 0 0 0 0 0 0 0 0 0 39 15 0 0 0 0 0 4 -999
P699 2077 10 5 0 3 3 0 5 0 0 0 0 0 0 0 0 0 0 0 0 0 0 0 4 5 0 0 0 0 3 0 0 0
P699 2077 11 0 0 4 5 3 5 5 4 5 8 7 6 11 48 11 3 3 4 0 0 0 4 9 33 16 20 50 18 11 0 -999
P699 2077 12 0 0 0 0 0 0 0 0 0 3 2 0 0 0 3 3 4 22 7 2 0 0 0 3 3 4 3 0 0 0 0
P699 2078 1 0 5 3 0 0 2 0 0 0 3 0 0 0 0 0 0 0 0 0 0 0 0 3 3 0 0 0 0 0 0 0
P699 2078 2 0 0 0 0 0 0 5 4 0 0 0 3 23 3 0 3 3 0 0 0 4 3 4 3 0 3 0 14 -999 -999 -999
P699 2078 3 98 134 93 13 6 6 3 4 0 8 20 6 3 3 3 0 0 0 0 0 0 0 0 0 0 0 0 0 0 2 2
P699 2078 4 0 2 3 5 4 15 4 3 4 0 0 0 11 16 12 8 21 72 3 0 0 0 0 0 4 3 3 4 19 5 -999
P699 2078 5 4 3 3 5 4 3 3 0 0 0 0 0 34 26 14 17 12 6 7 0 0 0 0 0 0 0 0 0 0 0 0
P699 2078 6 0 0 0 0 0 0 0 0 0 0 0 0 0 0 0 0 0 0 0 0 0 0 0 0 0 0 0 0 0 0 -999
P699 2078 7 0 0 0 0 0 0 0 0 0 0 0 0 0 0 0 0 0 0 0 0 0 0 0 0 0 0 0 0 0 0 0
P699 2078 8 0 0 0 0 0 0 0 0 0 0 0 0 0 0 0 0 0 0 0 0 0 0 0 0 0 0 0 4 5 15 15
P699 2078 9 0 0 4 4 0 0 0 0 0 0 0 0 0 0 0 0 0 0 0 0 0 0 0 0 0 0 0 0 0 0 -999
P699 2078 10 0 0 0 0 0 0 0 0 0 0 0 0 0 0 0 0 0 0 0 0 0 0 0 9 7 0 5 0 3 4 25
P699 2078 11 70 89 33 6 4 0 0 0 0 0 3 0 0 0 0 0 0 3 0 0 0 0 0 4 9 5 0 2 5 0 -999
P699 2078 12 0 0 0 0 0 0 0 0 0 0 0 0 0 0 3 15 17 4 0 0 0 0 0 6 5 4 5 6 3 0 3
P699 2079 1 14 4 0 0 13 13 20 5 0 0 0 0 0 0 0 0 0 0 0 0 0 0 0 0 0 4 7 3 0 0 0
P699 2079 2 0 0 0 0 4 9 14 9 4 4 12 38 47 21 5 4 4 4 4 8 26 7 34 22 5 33 108 9 -999 -999 -999
P699 2079 3 0 5 4 0 0 0 0 4 8 5 6 8 4 0 4 3 3 5 6 19 79 13 4 7 12 25 29 21 9 10 22
P699 2079 4 113 98 11 7 13 15 32 30 8 0 0 0 6 0 0 0 0 0 0 0 0 0 0 0 5 10 14 7 7 10 -999
P699 2079 5 5 3 3 4 17 13 8 0 0 0 0 25 31 27 89 130 83 29 0 0 0 0 0 0 0 0 0 0 0 0 0
P699 2079 6 0 0 0 0 0 0 0 0 0 0 0 0 7 0 0 0 0 0 0 0 0 0 0 0 0 0 0 0 0 0 -999
P699 2079 7 0 0 0 0 0 0 0 0 0 0 0 0 0 0 0 0 0 0 0 0 0 0 0 0 0 0 0 0 0 0 0
P699 2079 8 0 0 0 0 0 0 0 0 0 0 0 0 0 0 0 0 0 0 0 0 0 0 0 0 0 0 0 0 0 0 0
P699 2079 9 0 0 0 0 0 0 0 0 0 0 0 0 0 0 0 24 13 0 0 0 0 0 0 0 0 0 0 0 0 0 -999
P699 2079 10 10 31 54 17 0 10 0 6 9 0 0 0 0 0 7 0 0 11 14 7 4 3 0 0 0 0 0 0 0 0 0
P699 2079 11 0 0 4 0 3 3 0 0 0 0 0 0 0 0 0 0 0 0 0 0 0 0 3 0 0 3 3 3 0 5 -999
P699 2079 12 13 4 0 0 0 3 0 0 0 0 0 0 0 0 0 2 2 2 3 3 0 0 0 0 0 0 0 0 0 0 0
P699 2080 1 0 0 0 4 0 0 5 0 0 0 0 3 3 4 42 0 0 0 3 4 23 5 2 7 19 0 0 0 0 0 0
P699 2080 2 0 0 0 0 0 0 0 0 0 0 5 5 4 3 0 0 0 0 0 0 3 9 9 15 0 0 0 0 -999 -999 -999
P699 2080 3 0 0 0 0 0 0 0 7 9 0 0 0 0 0 0 0 0 0 0 0 0 0 0 0 0 0 0 0 0 0 0
P699 2080 4 7 0 3 12 20 8 7 2 3 3 4 6 8 7 5 9 10 4 3 3 0 0 0 4 11 7 0 6 6 13 -999
P699 2080 5 124 47 6 3 0 0 0 0 0 0 0 0 0 0 0 0 8 0 0 0 0 0 0 5 0 0 0 31 59 31 0
P699 2080 6 0 6 17 12 0 0 0 0 0 3 0 0 0 0 5 0 0 0 0 0 12 0 0 0 0 0 0 0 0 0 -999
P699 2080 7 0 0 0 0 0 0 0 0 0 0 0 0 0 0 0 0 0 0 0 0 0 0 0 0 0 0 0 0 0 0 0
P699 2080 8 0 0 0 0 0 0 0 0 0 0 0 0 0 0 0 0 0 0 0 0 0 0 0 5 4 3 0 0 0 0 0
P699 2080 9 0 0 0 0 0 0 0 0 0 60 21 0 5 7 0 0 0 0 0 0 0 0 0 6 3 4 10 26 0 0 -999
P699 2080 10 0 0 0 0 0 0 0 0 0 0 0 0 4 0 0 0 4 5 0 0 0 0 0 0 0 5 13 4 0 0 0
P699 2080 11 0 0 0 0 0 4 6 3 0 3 3 8 3 0 0 0 3 0 0 0 0 0 0 0 0 0 0 0 0 0 -999
P699 2080 12 0 0 0 0 0 0 0 0 0 0 8 79 16 0 0 0 0 0 0 0 0 0 0 3 27 87 5 5 4 0 3
P699 2081 1 0 0 28 20 0 0 0 0 0 0 0 0 0 0 0 0 0 0 4 7 8 4 0 0 7 0 0 0 0 0 0
P699 2081 2 4 4 5 29 32 30 0 0 0 0 0 0 0 0 0 0 0 0 0 4 4 3 3 4 3 0 0 0 -999 -999 -999
P699 2081 3 0 0 0 0 0 0 0 0 0 0 0 0 0 3 9 5 4 3 3 3 3 62 25 3 8 7 18 6 2 0 38
P699 2081 4 6 3 3 0 8 0 0 0 0 0 0 0 0 0 0 0 0 0 0 0 0 6 7 14 0 0 12 9 7 0 -999
P699 2081 5 0 0 0 0 0 0 4 3 3 4 0 0 0 0 0 0 0 0 0 0 0 0 3 4 6 0 4 35 17 5 0
P699 2081 6 0 0 0 0 0 9 20 5 6 19 54 5 4 8 0 0 0 0 0 7 9 0 0 0 0 0 0 0 0 0 -999
P699 2081 7 0 0 0 0 0 0 0 0 0 0 0 0 0 0 0 0 0 0 0 0 0 0 0 0 0 0 0 0 0 0 0
P699 2081 8 0 0 0 0 0 0 0 0 0 0 0 0 0 0 12 0 0 0 0 0 0 0 0 0 11 0 0 0 0 0 0
P699 2081 9 0 0 0 0 0 0 0 0 0 0 0 0 0 0 0 0 0 0 0 0 0 0 11 0 0 0 0 0 0 0 -999
P699 2081 10 0 0 0 5 7 0 0 0 0 7 84 36 13 4 5 13 89 122 14 5 5 4 0 0 0 0 0 0 0 3 0
P699 2081 11 0 0 8 15 9 3 0 0 0 4 10 3 0 0 3 0 4 6 3 3 6 2 2 3 0 0 0 0 0 3 -999
P699 2081 12 3 3 0 0 4 4 0 4 10 5 7 4 0 0 0 0 0 0 0 4 7 15 2 0 0 3 5 6 3 0 0
P699 2082 1 0 3 20 0 0 0 2 3 4 0 0 0 0 0 3 3 0 0 0 0 0 0 0 0 0 0 9 3 5 8 5
P699 2082 2 0 0 0 0 3 6 0 0 0 0 0 4 0 0 0 0 0 0 0 0 0 0 0 0 0 0 0 0 -999 -999 -999
P699 2082 3 0 0 0 5 21 6 0 11 19 16 5 4 0 0 2 2 0 0 3 4 0 11 3 3 3 0 3 3 32 17 100
P699 2082 4 153 144 158 43 3 3 9 19 9 16 4 3 4 0 0 0 0 0 0 52 37 22 7 0 19 57 27 7 4 0 -999
P699 2082 5 0 0 0 0 0 0 0 0 0 0 0 0 0 0 0 0 0 0 0 0 0 0 0 0 0 0 0 0 0 15 0
P699 2082 6 0 0 0 5 0 0 5 6 5 5 4 4 0 0 0 0 0 6 4 4 0 0 0 0 0 0 0 0 0 0 -999
P699 2082 7 0 0 0 0 0 0 0 0 0 0 0 0 0 0 0 0 0 0 0 0 0 0 0 0 0 0 0 0 0 0 0
P699 2082 8 0 0 0 0 0 0 0 0 0 0 0 0 0 0 0 0 0 0 0 0 0 0 0 0 0 0 0 0 0 0 0
P699 2082 9 0 0 0 0 0 0 0 0 0 0 0 0 0 0 0 0 0 0 0 6 13 14 0 0 6 17 15 0 0 0 -999
P699 2082 10 0 0 0 0 0 43 45 31 0 0 0 0 0 0 0 0 0 0 7 4 2 5 8 3 0 0 0 0 0 0 0
P699 2082 11 0 0 0 8 7 12 5 0 0 0 0 0 0 0 0 4 4 3 0 0 5 4 4 4 23 103 13 0 0 5 -999
P699 2082 12 3 0 0 7 0 0 0 0 0 12 21 6 0 0 4 5 7 22 8 0 0 0 0 0 0 0 0 0 0 0 0
P699 2083 1 0 0 0 0 0 0 0 0 0 0 0 0 0 3 6 8 11 8 7 54 79 106 66 6 3 0 3 3 0 5 5
P699 2083 2 0 3 2 0 0 0 0 0 3 2 3 4 5 4 0 0 3 7 11 5 4 0 3 0 0 0 4 3 -999 -999 -999
P699 2083 3 6 0 0 0 0 0 0 3 0 0 0 0 0 0 0 0 0 0 0 0 0 0 0 0 0 0 0 0 7 3 3
P699 2083 4 3 25 23 5 3 0 0 0 0 6 3 0 0 0 0 0 0 0 4 4 4 6 5 4 4 6 0 0 0 0 -999
P699 2083 5 0 0 0 0 9 8 0 0 0 6 0 0 0 0 0 0 0 0 0 0 0 0 0 10 0 0 0 0 0 0 0
P699 2083 6 0 0 0 0 0 0 0 0 0 0 0 0 0 0 0 0 0 0 0 0 0 0 0 0 0 0 0 0 0 0 -999
P699 2083 7 0 0 0 0 0 0 0 0 0 0 0 0 0 0 0 0 0 0 0 0 0 0 0 0 0 0 0 0 0 0 0
P699 2083 8 0 0 0 0 0 0 0 0 0 0 0 0 0 0 0 0 0 0 0 0 0 0 0 0 0 0 0 0 0 0 0
P699 2083 9 0 0 0 0 0 0 0 0 0 0 0 0 0 0 0 0 0 0 0 0 0 0 0 0 0 0 0 0 0 31 -999
P699 2083 10 52 32 13 5 0 0 0 0 0 0 0 0 0 0 0 0 0 0 0 0 0 0 0 0 4 0 5 0 0 0 0
P699 2083 11 0 7 17 5 0 0 0 0 4 0 0 0 0 5 4 0 2 2 2 0 0 0 0 3 5 4 4 0 0 0 -999
P699 2083 12 0 0 0 0 0 0 0 3 4 11 3 4 9 4 0 15 4 4 5 0 0 0 0 0 0 0 0 0 0 0 0
P699 2084 1 0 0 0 0 0 0 0 0 0 0 0 0 0 0 0 0 0 3 3 3 0 0 4 4 0 3 0 0 0 0 0
P699 2084 2 4 0 5 8 8 5 0 0 0 0 0 3 3 3 0 0 0 0 4 3 4 3 5 4 16 24 51 12 -999 -999 -999
P699 2084 3 4 39 21 41 93 127 116 84 35 43 26 72 21 11 3 4 9 14 4 3 2 0 0 0 0 0 9 4 0 5 13
P699 2084 4 3 4 6 11 9 3 0 0 3 0 5 4 0 0 0 0 0 0 0 0 0 0 0 0 0 0 0 0 0 0 -999
P699 2084 5 0 0 0 0 0 0 0 3 16 8 0 5 15 0 0 0 0 0 0 0 0 0 0 0 0 0 0 0 0 0 0
P699 2084 6 0 5 0 0 0 0 0 0 0 0 8 12 0 0 7 3 0 0 0 0 0 0 0 0 0 0 0 0 0 0 -999
P699 2084 7 0 0 0 0 0 0 0 0 0 0 0 0 0 0 0 0 0 0 0 0 0 0 0 0 0 0 0 0 0 0 0
P699 2084 8 0 0 0 0 0 0 0 0 0 0 0 0 0 0 0 0 16 10 8 20 10 6 0 0 0 0 0 0 0 0 0
P699 2084 9 0 0 0 0 0 0 0 0 0 0 0 0 0 0 0 0 0 0 0 0 0 0 0 0 14 20 0 0 0 0 -999
P699 2084 10 0 0 0 0 0 0 0 0 0 0 0 0 0 0 0 5 0 0 6 0 0 0 0 3 10 0 0 0 0 0 0
P699 2084 11 0 0 0 0 2 3 4 3 6 27 67 7 8 19 5 0 0 0 0 0 0 0 0 0 9 13 46 18 0 0 -999
P699 2084 12 0 0 4 8 4 3 0 4 0 0 0 0 0 0 0 0 0 0 0 0 0 0 0 0 0 2 3 3 0 0 0
P699 2085 1 0 0 0 0 0 0 0 0 0 0 0 0 0 4 5 0 0 0 0 0 0 0 0 0 0 0 3 4 0 0 0
P699 2085 2 0 0 0 4 0 0 0 0 0 0 0 0 0 0 0 7 13 22 0 0 0 0 0 0 0 0 0 4 -999 -999 -999
P699 2085 3 0 0 0 0 8 0 0 26 0 0 0 11 19 0 0 0 0 0 4 3 4 4 3 0 0 0 0 0 0 9 6
P699 2085 4 3 0 3 3 0 0 0 0 0 0 0 0 0 0 9 8 0 0 0 0 0 0 0 0 0 0 0 3 4 3 -999
P699 2085 5 4 9 12 15 9 3 3 0 4 5 9 8 6 4 5 4 3 0 6 29 19 7 0 0 0 0 0 0 0 0 0
P699 2085 6 0 0 0 0 0 13 14 14 24 16 0 0 0 0 0 0 0 0 0 0 0 0 0 0 0 0 32 0 0 0 -999
P699 2085 7 0 0 0 0 0 0 0 0 0 0 0 0 0 0 0 0 0 0 0 0 0 0 0 0 0 0 0 0 0 0 0
P699 2085 8 0 0 0 0 0 0 0 0 0 0 0 0 0 0 0 0 0 0 0 0 0 0 0 0 0 0 0 0 0 0 0
P699 2085 9 0 0 0 0 0 0 0 0 0 0 0 0 0 0 0 0 0 0 0 0 0 0 0 5 13 5 0 0 0 0 -999
P699 2085 10 0 0 7 0 0 0 0 0 16 28 0 8 32 0 0 0 14 92 30 0 0 0 0 0 0 0 0 0 0 0 0
P699 2085 11 0 0 4 19 11 0 0 0 0 0 0 0 0 0 0 0 0 0 4 3 3 4 4 7 12 3 3 0 0 0 -999
P699 2085 12 3 3 4 4 0 3 0 0 0 0 0 0 0 0 4 0 0 0 0 0 0 0 10 19 35 25 5 4 3 0 3
P699 2086 1 6 41 63 6 4 0 0 0 49 30 17 0 16 0 0 4 0 0 0 0 0 0 0 0 0 3 0 0 0 0 0
P699 2086 2 0 0 0 0 0 0 5 0 0 0 0 0 0 0 0 0 0 0 3 3 3 6 6 11 11 13 14 5 -999 -999 -999
P699 2086 3 0 0 0 0 0 0 0 0 0 0 0 4 4 0 0 0 0 0 0 0 0 0 5 0 0 0 0 0 0 0 0
P699 2086 4 7 14 24 4 0 0 6 0 12 7 3 5 6 25 81 11 7 8 5 8 7 7 30 25 21 31 15 16 12 16 -999
P699 2086 5 36 57 59 15 0 0 0 0 0 6 8 14 8 0 0 0 0 3 4 3 4 8 5 0 3 3 0 0 0 0 0
P699 2086 6 0 0 0 0 0 0 0 0 0 0 0 0 0 0 4 0 0 0 0 0 3 0 0 0 0 0 0 0 0 0 -999
P699 2086 7 0 0 0 0 0 0 0 0 0 0 0 0 0 0 0 0 0 0 0 0 0 0 0 0 0 0 0 0 0 0 0
P699 2086 8 0 0 0 0 0 0 0 0 0 0 0 0 0 0 0 0 0 0 0 0 0 0 0 0 0 0 0 0 0 0 0
P699 2086 9 0 0 0 0 0 21 13 0 0 0 7 0 0 0 0 0 0 0 0 0 0 0 0 0 0 0 0 0 0 0 -999
P699 2086 10 0 0 0 0 0 0 0 0 0 0 0 0 0 0 50 113 119 68 17 7 0 0 0 3 3 12 5 0 0 0 0
P699 2086 11 0 29 0 0 0 0 8 10 4 0 0 0 0 0 3 16 80 5 3 0 0 0 0 0 0 0 0 0 2 2 -999
P699 2086 12 3 0 0 0 6 7 6 3 0 0 0 0 0 0 0 0 0 0 0 2 0 0 0 0 0 0 0 0 0 0 0
P699 2087 1 0 0 3 3 4 0 0 0 0 0 0 0 0 0 6 15 57 4 0 0 0 0 4 38 14 16 29 64 49 5 0
P699 2087 2 5 0 0 6 52 33 0 0 0 0 0 0 0 0 0 0 0 0 0 0 0 0 0 0 0 0 0 0 -999 -999 -999
P699 2087 3 0 0 0 0 0 0 0 0 3 0 0 0 0 0 16 11 9 5 6 7 10 4 0 0 0 0 11 25 7 0 0
P699 2087 4 0 0 0 0 0 3 0 0 0 0 0 0 0 0 0 0 0 0 3 2 0 0 0 0 0 0 0 0 0 0 -999
P699 2087 5 0 0 0 0 0 24 32 44 14 21 6 0 0 0 0 7 6 0 0 0 0 0 0 0 0 0 4 6 0 0 0
P699 2087 6 0 0 0 0 0 0 0 0 0 6 10 0 0 0 0 0 0 0 0 0 0 0 0 0 0 0 0 0 0 0 -999
P699 2087 7 0 0 0 0 0 0 0 0 0 0 0 0 0 0 0 0 0 0 0 0 0 0 0 0 0 0 0 0 0 0 0
P699 2087 8 0 10 0 0 0 0 0 0 0 0 0 0 0 0 0 0 0 0 0 0 0 0 9 0 0 0 0 0 0 0 0
P699 2087 9 0 0 0 0 37 25 0 0 0 0 0 0 0 0 0 0 0 0 12 0 7 0 0 0 0 7 8 20 15 5 -999
P699 2087 10 0 0 0 0 0 0 0 0 0 7 8 0 0 0 0 0 0 0 0 4 0 5 6 8 42 17 7 0 0 0 0
P699 2087 11 0 0 0 0 0 0 0 0 0 5 0 0 5 0 0 3 3 0 0 0 0 0 0 0 0 0 0 0 0 8 -999
P699 2087 12 12 7 3 5 3 4 7 4 3 0 0 0 3 3 2 3 2 0 2 4 3 0 0 0 0 0 0 0 0 0 0
P699 2088 1 0 0 0 0 0 0 4 5 3 3 2 2 2 3 2 4 2 2 2 3 2 0 3 2 3 3 3 6 39 30 3
P699 2088 2 0 2 0 0 2 2 0 0 0 0 0 0 0 0 0 0 5 13 11 7 0 13 4 0 0 0 0 0 -999 -999 -999
P699 2088 3 0 0 0 0 0 0 3 6 7 4 8 19 24 4 7 15 19 15 15 6 5 0 0 0 0 0 0 0 0 0 0
P699 2088 4 8 0 0 0 7 0 0 0 0 2 0 0 0 3 13 35 0 0 0 0 0 0 0 0 0 0 0 0 12 0 -999
P699 2088 5 0 38 0 0 0 0 4 0 0 0 21 38 10 0 4 18 30 10 6 0 0 0 0 0 0 0 0 0 0 0 0
P699 2088 6 0 0 0 0 0 0 0 0 0 0 0 0 0 0 0 0 0 0 0 0 0 0 0 0 0 0 0 0 0 0 -999
P699 2088 7 0 0 0 0 0 0 0 0 0 0 0 0 0 0 0 0 0 0 0 0 0 0 0 0 0 0 0 0 0 0 0
P699 2088 8 0 0 0 0 0 0 0 0 0 0 0 0 0 0 0 0 0 0 0 0 0 0 0 0 0 0 0 0 0 0 0
P699 2088 9 0 0 0 0 0 0 0 0 0 0 0 0 0 0 0 0 0 0 0 0 0 0 0 0 0 0 0 0 0 0 -999
P699 2088 10 0 0 0 0 0 13 0 13 23 7 0 0 0 3 5 0 0 0 0 0 0 0 0 0 0 0 0 0 0 0 0
P699 2088 11 0 0 6 33 8 4 4 2 0 3 3 0 0 0 0 0 0 0 0 0 0 0 7 4 0 4 4 3 0 0 -999
P699 2088 12 8 13 7 7 32 10 5 0 0 0 0 0 0 0 0 0 0 0 0 0 0 0 0 0 0 4 0 0 0 0 0
P699 2089 1 0 0 0 0 0 0 0 0 0 0 0 0 0 0 0 0 0 0 2 2 3 3 7 4 2 2 0 0 0 0 3
P699 2089 2 2 0 3 0 6 5 0 0 0 4 23 3 0 3 5 13 7 21 6 7 10 6 0 0 5 0 3 6 -999 -999 -999
P699 2089 3 16 16 0 0 0 0 0 0 0 0 0 0 0 0 0 0 0 4 0 0 0 0 0 0 0 0 0 4 5 0 0
P699 2089 4 0 0 0 0 0 0 6 3 4 26 17 7 9 10 29 18 76 71 70 70 24 0 0 0 0 0 0 84 0 0 -999
P699 2089 5 0 6 6 0 0 0 0 0 0 0 0 0 0 0 0 0 0 0 0 6 5 0 0 0 0 0 0 0 0 0 0
P699 2089 6 0 5 4 9 12 0 0 11 10 7 0 0 0 0 0 0 0 0 0 0 0 0 0 0 0 0 0 10 0 0 -999
P699 2089 7 0 0 0 0 0 0 0 0 0 0 0 0 0 0 0 0 0 0 0 0 0 0 0 0 0 0 0 0 0 0 0
P699 2089 8 0 0 0 0 0 0 0 0 0 0 0 0 0 0 0 0 0 0 0 0 0 0 0 0 0 0 0 0 0 0 0
P699 2089 9 0 0 0 0 0 0 0 0 0 0 0 0 0 0 0 0 0 0 0 0 0 0 0 0 0 0 0 0 0 0 -999
P699 2089 10 0 0 0 0 0 0 0 0 0 0 4 20 81 39 3 0 0 0 10 13 0 0 0 0 3 5 0 0 0 0 0
P699 2089 11 0 0 0 0 0 0 11 4 0 0 0 0 0 0 0 3 3 3 3 4 11 23 39 3 0 0 0 0 0 3 -999
P699 2089 12 0 0 0 0 0 0 0 0 0 3 0 0 0 0 0 0 0 3 0 3 2 0 0 0 0 0 0 0 0 5 4
P699 2090 1 0 0 0 0 0 0 3 6 23 76 43 4 0 0 0 0 0 0 0 0 0 2 2 3 3 0 0 0 0 0 0
P699 2090 2 0 4 11 19 25 17 0 0 0 0 3 3 3 3 3 3 0 2 0 2 4 4 0 0 0 0 5 18 -999 -999 -999
P699 2090 3 3 0 0 0 0 0 3 8 14 3 3 6 4 0 0 4 10 8 0 0 0 26 15 6 6 6 11 11 0 0 0
P699 2090 4 0 12 10 10 56 4 0 0 0 0 0 0 0 0 0 0 16 17 0 0 0 0 0 4 6 6 0 5 6 22 -999
P699 2090 5 125 20 0 0 0 0 0 6 0 0 0 0 0 0 5 18 5 0 0 0 3 3 4 0 0 0 0 0 13 18 0
P699 2090 6 0 6 14 21 12 5 4 9 13 11 17 6 0 0 0 0 0 0 0 0 0 0 0 0 0 0 4 7 14 0 -999
P699 2090 7 0 0 0 0 0 0 0 0 0 0 0 0 0 0 0 0 0 0 0 0 0 0 0 0 0 0 0 0 0 0 0
P699 2090 8 0 0 0 0 0 0 0 0 0 0 0 0 0 0 0 0 0 0 0 0 0 0 0 0 0 0 0 0 0 0 0
P699 2090 9 0 0 15 0 13 20 18 12 12 18 0 25 0 0 0 0 0 0 0 0 0 0 0 0 6 0 0 5 4 0 -999
P699 2090 10 0 0 9 0 0 0 7 6 6 0 0 0 0 0 0 0 0 0 4 0 0 0 4 7 0 0 0 0 0 0 3
P699 2090 11 4 3 0 0 0 0 0 0 0 0 0 11 21 8 0 0 0 0 0 0 0 0 0 0 0 0 0 6 13 18 -999
P699 2090 12 34 51 4 4 7 12 4 0 0 13 59 117 62 22 5 0 9 0 0 0 0 3 0 3 0 0 0 0 0 4 0
P699 2091 1 0 0 5 0 0 0 0 0 0 0 0 0 0 5 0 0 0 0 0 4 5 3 2 0 3 4 4 12 7 3 0
P699 2091 2 4 4 5 4 7 10 4 4 2 0 0 0 0 3 3 0 0 0 0 0 0 0 0 0 4 7 6 4 -999 -999 -999
P699 2091 3 0 0 0 0 0 0 0 0 5 0 0 0 0 0 0 0 0 0 0 0 0 0 0 0 0 0 0 0 0 0 0
P699 2091 4 0 0 0 0 0 0 0 0 0 0 0 0 0 0 0 0 0 0 0 0 0 0 5 14 75 64 33 13 8 0 -999
P699 2091 5 0 0 0 0 6 15 28 6 0 0 5 7 3 5 4 3 3 5 0 0 0 0 0 0 0 0 0 0 0 0 0
P699 2091 6 0 0 0 0 0 0 0 0 0 0 0 0 0 4 10 11 10 0 0 0 0 0 0 0 0 29 94 92 42 17 -999
P699 2091 7 0 0 0 0 0 0 0 0 0 0 0 0 0 0 0 0 0 0 0 0 0 0 0 0 0 0 0 0 0 0 0
P699 2091 8 0 0 0 0 0 0 0 0 0 0 0 0 0 0 0 0 0 0 0 0 0 0 0 0 0 0 0 0 0 0 0
P699 2091 9 0 18 0 0 0 17 0 0 0 0 0 0 0 17 0 16 22 17 9 11 0 0 0 0 4 5 0 0 0 0 -999
P699 2091 10 0 0 0 0 0 0 0 9 18 5 0 0 0 0 0 0 0 0 0 0 0 0 0 9 44 7 0 0 4 4 3
P699 2091 11 3 2 3 5 4 5 8 7 4 3 3 17 28 6 0 0 0 3 3 3 3 0 0 0 0 0 0 0 0 0 -999
P699 2091 12 0 0 0 0 0 0 0 0 0 0 0 0 14 63 9 3 0 0 3 0 0 0 0 0 0 0 0 0 0 0 0
P699 2092 1 0 0 0 0 0 0 0 0 0 0 3 3 2 3 0 0 0 0 0 0 0 0 0 5 4 0 3 0 0 0 0
P699 2092 2 0 0 0 0 3 3 3 0 0 6 0 0 0 0 0 0 0 0 0 0 3 3 3 0 0 0 0 0 -999 -999 -999
P699 2092 3 0 0 0 0 0 0 0 0 0 0 0 0 0 0 0 0 4 7 17 3 0 0 0 0 0 0 0 0 0 0 0
P699 2092 4 0 0 0 0 0 0 0 23 12 3 0 0 0 0 0 0 0 0 0 18 5 0 0 0 0 0 0 0 0 0 -999
P699 2092 5 0 0 0 0 0 0 0 0 0 11 65 9 0 0 0 0 0 0 0 0 0 0 0 0 0 0 0 0 0 0 0
P699 2092 6 0 14 33 9 0 0 0 18 0 0 0 0 0 0 0 0 0 0 0 0 0 0 0 0 0 0 0 0 0 0 -999
P699 2092 7 0 0 0 0 0 7 0 0 0 0 0 0 0 0 0 0 0 0 0 0 0 0 0 0 0 0 0 0 0 0 0
P699 2092 8 0 0 0 0 0 0 0 0 0 0 0 0 0 0 0 0 0 0 0 0 0 0 0 0 0 0 0 0 0 15 9
P699 2092 9 0 0 0 0 0 0 0 0 0 0 0 0 0 0 0 0 0 0 0 0 4 4 0 0 11 23 15 0 0 9 -999
P699 2092 10 54 22 0 0 0 0 0 0 0 0 5 0 0 0 0 0 0 0 0 0 0 0 0 0 0 0 0 0 0 0 0
P699 2092 11 0 0 0 0 0 0 4 8 7 0 0 0 3 2 3 0 0 0 0 7 17 0 0 0 4 0 0 0 0 0 -999
P699 2092 12 0 0 0 4 14 47 79 39 16 7 0 0 0 0 0 0 0 0 0 0 0 0 0 0 0 0 3 4 4 0 0
P699 2093 1 0 0 0 0 0 3 7 7 4 2 2 0 0 3 0 2 0 0 0 0 0 0 0 0 4 0 0 0 3 3 0
P699 2093 2 0 0 0 0 0 0 3 3 2 2 3 27 120 108 56 31 41 49 70 59 138 79 3 13 28 39 87 41 -999 -999 -999
P699 2093 3 12 4 3 3 4 0 0 4 6 6 25 4 4 4 4 3 2 3 2 0 3 2 3 3 0 0 0 0 0 4 3
P699 2093 4 0 0 0 0 0 0 0 0 0 0 0 5 0 0 0 0 0 0 3 0 0 0 13 4 4 0 0 0 0 0 -999
P699 2093 5 0 0 3 3 6 7 4 6 9 5 4 0 0 0 0 0 0 0 0 0 0 0 0 0 0 0 0 0 0 0 0
P699 2093 6 0 0 0 10 8 8 9 0 0 0 0 6 8 26 29 12 8 0 0 0 0 0 0 0 0 0 0 0 0 0 -999
P699 2093 7 0 0 0 0 0 0 0 0 0 0 0 0 0 0 0 0 0 0 0 0 0 0 0 0 0 0 0 0 0 0 0
P699 2093 8 0 0 0 0 0 0 0 0 0 0 0 0 0 0 0 0 0 0 0 0 0 0 0 0 0 0 9 12 4 0 0
P699 2093 9 0 0 0 0 0 0 0 0 0 0 0 0 24 12 0 0 0 0 0 0 0 0 0 0 0 0 0 0 0 0 -999
P699 2093 10 0 0 0 0 0 0 0 0 0 0 0 0 0 0 0 0 0 0 0 0 0 0 0 0 0 0 0 0 0 0 0
P699 2093 11 5 0 0 2 6 5 0 0 6 13 4 0 3 0 0 0 0 8 3 0 0 0 0 3 3 3 0 0 0 0 -999
P699 2093 12 0 0 5 7 0 0 0 0 0 0 0 0 14 13 0 0 0 0 0 0 0 0 0 0 0 0 0 0 4 5 3
P699 2094 1 0 0 5 4 4 3 3 0 0 0 0 0 0 0 0 0 0 4 4 4 0 0 0 0 0 0 0 0 0 0 0
P699 2094 2 0 0 0 0 0 0 3 0 0 0 0 0 0 0 0 0 0 0 0 0 0 0 0 3 3 0 3 16 -999 -999 -999
P699 2094 3 19 3 3 3 4 7 4 5 3 5 3 0 0 3 0 0 0 0 0 0 0 0 10 6 0 0 0 0 0 25 64
P699 2094 4 63 112 98 53 26 13 0 0 0 0 0 2 3 4 2 2 3 0 0 0 0 0 0 3 4 5 3 3 0 0 -999
P699 2094 5 0 0 0 0 5 5 0 4 4 8 0 0 0 0 0 0 0 0 0 0 0 0 0 0 0 0 0 0 0 0 0
P699 2094 6 0 0 0 0 0 0 6 7 4 0 0 0 0 0 0 0 0 0 0 0 0 0 0 0 0 0 0 0 0 0 -999
P699 2094 7 0 0 0 0 0 0 0 0 0 0 0 0 0 0 0 0 0 0 0 0 0 0 0 0 0 0 0 0 0 0 0
P699 2094 8 0 0 0 0 0 0 0 0 0 0 0 0 0 0 0 0 0 0 0 0 0 0 0 0 0 0 0 0 0 0 0
P699 2094 9 0 0 0 0 0 0 0 0 0 0 0 0 0 0 0 0 0 0 0 0 0 28 18 10 0 0 0 10 0 9 -999
P699 2094 10 0 4 4 3 3 0 0 0 0 0 0 0 0 0 0 0 0 0 0 0 0 0 4 0 8 15 4 3 3 3 4
P699 2094 11 0 0 0 0 0 0 4 3 0 0 0 0 0 0 0 0 0 0 0 0 0 0 0 0 0 0 3 0 0 0 -999
P699 2094 12 0 0 0 0 0 2 2 2 0 2 3 3 5 10 4 0 0 0 0 0 0 0 0 0 0 0 3 3 0 0 0
P699 2095 1 2 4 4 0 0 0 3 3 4 2 0 0 0 0 0 4 4 3 3 3 3 3 3 0 2 3 3 3 3 0 3
P699 2095 2 0 0 0 3 3 0 0 3 22 143 159 155 20 4 11 4 0 0 0 0 0 0 8 5 16 111 132 41 -999 -999 -999
P699 2095 3 0 5 0 0 0 0 0 0 0 0 0 3 3 4 21 14 12 15 5 3 4 29 32 152 153 142 91 25 0 0 0
P699 2095 4 0 4 5 3 0 0 2 0 3 3 3 4 0 0 0 0 0 9 10 0 0 0 0 0 0 0 0 0 0 0 -999
P699 2095 5 0 10 11 4 4 4 13 34 0 0 33 16 6 0 0 0 0 0 0 0 0 7 5 0 0 0 0 0 0 6 9
P699 2095 6 0 0 0 0 0 0 0 0 0 0 0 0 0 0 0 0 0 0 0 0 0 0 0 0 0 0 0 4 0 0 -999
P699 2095 7 0 0 0 0 0 0 0 0 0 0 0 0 0 0 0 0 0 0 0 0 0 0 0 0 0 0 0 0 0 0 0
P699 2095 8 0 0 0 0 0 0 0 0 0 0 0 0 0 0 0 0 0 0 0 0 0 0 0 0 0 0 0 0 0 0 0
P699 2095 9 0 0 0 0 0 0 0 0 0 9 16 0 0 0 0 0 0 0 0 0 0 0 47 17 0 0 0 0 0 0 -999
P699 2095 10 7 0 0 0 0 0 0 0 4 0 0 4 4 0 4 0 0 0 0 0 0 0 0 0 0 0 0 0 0 3 3
P699 2095 11 3 3 4 15 21 0 0 4 5 2 0 2 0 0 0 0 0 0 0 3 4 0 0 0 0 0 0 0 0 0 -999
P699 2095 12 0 0 0 0 0 0 4 12 3 0 0 0 0 0 0 0 0 0 0 0 0 0 0 0 4 18 106 43 0 0 0
P699 2096 1 0 0 0 3 3 16 67 12 3 3 3 0 0 0 0 0 0 0 0 0 0 0 0 0 0 0 0 0 9 43 32
P699 2096 2 54 53 61 13 3 0 0 0 0 0 0 0 0 0 3 5 12 25 6 6 15 94 50 4 6 71 77 46 -999 -999 -999
P699 2096 3 8 8 13 4 13 58 28 15 100 114 5 3 4 4 4 0 3 0 0 0 0 0 0 0 0 0 20 12 7 15 5
P699 2096 4 11 11 10 11 10 16 8 6 24 23 12 14 16 5 3 3 4 6 8 10 8 0 5 5 0 0 0 0 0 0 -999
P699 2096 5 0 0 6 7 9 22 18 8 10 11 0 0 13 15 15 0 0 0 12 8 7 4 0 0 0 4 7 0 10 7 4
P699 2096 6 3 3 0 0 0 0 0 0 0 0 0 0 0 0 0 0 0 0 0 0 0 0 0 0 0 0 0 0 0 0 -999
P699 2096 7 0 8 0 0 0 0 0 0 0 0 0 0 0 0 0 0 0 0 0 0 0 0 0 0 0 5 0 0 0 0 0
P699 2096 8 0 0 0 0 0 0 0 0 0 0 0 0 0 0 0 0 0 0 0 0 0 0 0 0 0 0 0 0 0 0 0
P699 2096 9 0 0 0 0 0 0 5 24 4 0 0 0 0 0 0 0 0 0 0 0 0 0 0 0 0 0 0 0 0 0 -999
P699 2096 10 0 0 0 0 0 0 0 0 0 0 20 18 4 0 0 0 0 5 6 6 4 3 0 0 0 0 0 0 3 3 11
P699 2096 11 4 4 4 4 3 7 3 0 3 7 3 0 0 3 4 3 2 3 3 0 0 0 0 0 0 0 0 0 0 3 -999
P699 2096 12 0 0 0 0 0 0 0 0 0 0 0 0 0 0 0 0 0 0 0 0 0 0 0 0 2 3 0 0 3 5 12
P699 2097 1 6 0 0 0 0 0 0 0 2 0 2 3 3 0 0 3 4 0 0 4 0 0 0 0 0 0 0 0 0 0 0
P699 2097 2 0 3 6 0 0 0 0 0 0 0 0 3 3 10 48 17 19 28 29 17 4 6 9 14 24 49 43 13 -999 -999 -999
P699 2097 3 9 0 7 42 42 10 14 0 0 0 0 0 0 0 0 0 3 17 91 16 19 26 72 27 17 20 11 0 0 0 0
P699 2097 4 0 0 0 0 0 17 18 8 0 4 4 0 0 0 0 0 0 0 0 3 0 3 5 3 3 2 3 3 0 0 -999
P699 2097 5 0 0 0 0 0 16 16 5 0 0 0 0 0 0 0 0 4 5 12 79 36 0 0 0 0 0 0 0 0 7 11
P699 2097 6 0 0 0 0 0 0 0 0 0 0 0 0 0 0 0 0 0 0 0 0 0 0 0 0 0 0 0 0 0 0 -999
P699 2097 7 0 0 0 0 0 0 0 0 0 0 0 0 0 0 0 0 0 0 0 0 0 0 0 0 0 0 0 0 0 0 0
P699 2097 8 0 0 0 0 0 0 0 0 0 0 0 0 0 0 0 0 0 0 0 0 0 0 0 0 0 0 0 0 0 0 0
P699 2097 9 0 0 0 0 0 0 0 0 0 0 0 0 0 0 0 0 0 0 0 0 0 0 11 23 32 12 0 0 0 0 -999
P699 2097 10 0 3 3 0 0 0 0 0 0 0 0 0 0 0 0 0 0 16 9 5 0 0 3 3 4 0 0 0 0 0 8
P699 2097 11 28 0 0 0 5 0 0 0 0 0 0 4 7 5 3 2 5 4 0 0 0 0 0 0 0 0 0 0 0 0 -999
P699 2097 12 0 0 0 2 2 0 0 0 0 0 0 0 5 56 30 9 17 4 4 7 3 3 3 0 0 0 0 0 0 0 0
P699 2098 1 0 6 4 0 7 4 8 7 3 0 24 84 24 4 4 3 0 0 0 3 0 0 0 0 0 0 0 0 0 0 0
P699 2098 2 0 5 31 36 13 4 3 3 3 4 10 3 3 4 10 15 9 16 5 3 5 19 12 9 18 14 11 7 -999 -999 -999
P699 2098 3 0 0 0 0 0 0 0 6 10 14 14 13 0 0 0 0 0 0 0 3 4 0 0 0 0 0 0 0 0 0 0
P699 2098 4 0 0 0 0 0 0 0 0 44 46 0 3 3 3 0 0 0 0 0 0 15 6 0 0 0 0 36 0 0 0 -999
P699 2098 5 0 0 0 0 0 0 0 0 0 76 22 0 0 0 27 64 24 13 10 0 0 0 0 0 0 0 0 0 0 0 0
P699 2098 6 0 0 0 0 0 7 0 0 0 0 0 0 0 7 9 4 5 5 0 0 0 0 4 4 0 0 0 0 0 0 -999
P699 2098 7 0 0 0 0 0 0 0 0 0 0 0 0 0 0 0 0 0 0 0 0 0 0 0 0 0 0 0 0 0 0 0
P699 2098 8 0 0 0 0 0 0 0 0 19 0 0 0 0 0 0 0 0 0 0 0 0 0 0 0 0 0 0 0 0 0 0
P699 2098 9 0 0 0 0 0 0 0 0 0 0 0 0 0 0 0 0 0 0 4 0 0 0 0 0 0 3 0 0 0 0 -999
P699 2098 10 0 0 0 0 5 13 28 9 0 0 0 0 0 0 0 0 14 10 6 32 23 37 7 0 0 4 0 0 4 3 3
P699 2098 11 0 4 3 3 0 0 3 0 0 3 5 31 4 0 0 5 8 3 0 0 0 4 0 0 0 0 0 0 0 3 -999
P699 2098 12 2 2 3 0 0 5 87 18 0 5 0 0 4 11 13 7 6 0 3 4 2 0 2 4 4 18 26 0 0 0 0
P699 2099 1 0 0 0 0 0 0 0 0 0 0 0 0 0 0 0 0 0 0 0 0 0 0 0 0 0 0 0 0 0 0 0
P699 2099 2 0 0 3 3 3 0 0 0 0 0 0 0 0 0 0 3 3 3 4 0 2 0 0 0 0 0 3 0 -999 -999 -999
P699 2099 3 0 0 0 0 0 4 3 3 4 2 3 20 7 0 0 0 0 0 0 0 0 0 0 0 0 0 0 0 0 0 0
P699 2099 4 0 0 6 3 0 0 0 0 0 0 0 0 6 0 5 0 0 0 0 0 0 0 0 0 10 79 20 0 0 7 -999
P699 2099 5 6 0 0 0 18 0 0 0 0 0 5 0 0 0 8 65 51 54 0 0 0 0 0 0 0 0 0 0 0 0 0
P699 2099 6 0 0 0 0 0 0 0 0 0 0 0 23 0 0 0 0 0 0 0 0 4 4 0 0 0 0 0 0 0 0 -999
P699 2099 7 0 0 0 0 0 0 0 0 0 0 0 0 0 0 0 0 0 0 0 16 0 0 0 0 0 0 0 0 0 0 0
P699 2099 8 0 0 0 0 0 0 0 0 0 0 0 0 0 0 0 0 0 0 0 0 0 0 0 0 0 0 0 0 0 0 4
P699 2099 9 5 0 0 0 0 0 0 0 0 0 0 0 0 0 0 0 0 0 0 0 0 0 0 0 0 0 0 0 0 0 -999
P699 2099 10 0 0 0 0 0 0 0 0 0 0 0 11 25 5 0 0 0 0 6 7 4 5 0 0 0 0 0 0 0 4 4
P699 2099 11 2 5 7 6 0 3 3 0 0 0 0 4 16 3 0 5 3 4 13 11 6 4 0 0 0 0 0 0 0 0 -999
P699 2099 12 0 0 0 0 0 3 4 18 14 6 8 6 9 3 0 0 0 0 0 0 0 0 0 0 0 0 0 0 0 3 4
P699 2100 1 3 0 0 0 0 0 0 0 0 0 0 3 3 5 4 6 0 0 0 0 7 38 25 4 0 0 0 0 0 0 0
P699 2100 2 0 0 3 5 0 0 0 0 0 0 0 0 0 0 0 0 0 0 0 0 0 0 0 0 0 0 0 5 -999 -999 -999
P699 2100 3 4 0 0 3 3 7 2 3 3 0 0 3 3 4 3 0 0 0 0 27 16 0 0 3 7 0 0 11 17 0 4
P699 2100 4 7 0 0 0 0 0 0 0 0 0 0 0 0 0 0 0 0 0 0 0 14 4 4 2 0 0 0 0 32 63 -999
P699 2100 5 22 26 7 0 0 4 0 0 0 0 0 0 0 0 0 0 10 10 8 0 0 6 0 0 0 5 0 0 0 0 0
P699 2100 6 0 0 0 0 0 0 0 0 0 0 0 0 0 0 0 0 0 0 0 0 0 0 0 0 0 0 5 3 4 5 -999
P699 2100 7 0 0 0 0 0 0 0 0 0 0 0 0 0 0 0 0 0 0 0 0 0 0 0 0 0 0 0 0 0 0 0
P699 2100 8 0 0 0 0 0 0 0 0 0 0 0 0 0 0 0 0 0 0 0 0 0 0 0 0 0 0 0 0 0 0 0
P699 2100 9 0 0 0 0 0 0 0 4 0 0 0 0 0 0 0 0 0 0 0 0 0 0 0 0 0 0 0 0 0 0 -999
P699 2100 10 0 3 3 13 9 17 11 19 41 9 0 0 5 10 3 0 3 3 3 3 4 0 0 0 3 3 3 3 10 3 3
P699 2100 11 0 0 0 0 0 0 0 0 0 0 9 16 21 3 0 0 0 0 0 0 0 0 0 0 0 0 0 0 0 0 -999
P699 2100 12 0 0 0 0 0 0 0 0 0 2 0 0 0 0 0 0 0 0 4 5 3 14 3 0 2 3 2 2 6 7 -999
