precip bcc-csm1-1 rcp60 RNEURONALES decimas 2
P2525 37.772 -1.828 505 geo 2006 2100 -1
P2525 2006 1 0 0 0 0 0 0 0 0 0 0 0 3 3 3 3 3 0 3 0 0 0 0 0 0 0 3 4 3 0 0 0
P2525 2006 2 0 0 0 3 3 5 4 5 3 3 3 3 3 3 3 0 3 3 0 0 3 0 3 0 0 0 4 3 -999 -999 -999
P2525 2006 3 0 0 4 0 0 0 3 0 0 3 3 0 0 0 0 0 3 3 0 0 0 0 0 0 0 0 0 0 0 0 3
P2525 2006 4 0 4 4 0 44 10 4 4 6 23 4 3 3 3 6 4 0 0 3 0 0 0 5 8 8 24 10 0 0 0 -999
P2525 2006 5 0 3 0 3 3 3 4 4 3 3 0 0 0 3 5 6 4 5 6 5 4 4 5 6 29 90 30 4 5 5 3
P2525 2006 6 4 4 7 6 7 7 7 4 0 0 0 0 0 0 0 12 11 0 0 0 17 19 31 0 0 69 23 0 0 0 -999
P2525 2006 7 45 36 0 0 0 18 0 0 0 0 0 0 0 0 0 0 0 0 0 0 0 0 0 0 0 0 0 0 0 0 0
P2525 2006 8 0 0 0 0 0 0 0 0 0 0 0 0 0 0 0 0 0 0 0 0 0 0 0 0 0 0 15 14 0 0 0
P2525 2006 9 0 0 0 0 0 0 6 7 4 4 4 0 0 12 27 25 20 5 0 0 5 7 7 0 0 0 0 0 5 6 -999
P2525 2006 10 4 3 10 9 0 0 9 0 0 0 0 0 0 0 0 0 0 0 0 0 0 0 0 0 0 0 6 10 9 6 8
P2525 2006 11 0 0 0 0 4 3 3 0 0 0 0 0 0 0 0 0 0 0 0 0 0 0 0 0 0 0 0 0 0 0 -999
P2525 2006 12 0 0 0 0 0 0 0 0 0 0 0 0 4 0 0 0 0 0 0 0 0 3 3 3 4 3 14 3 4 7 6
P2525 2007 1 0 0 0 0 0 0 0 0 0 0 0 4 0 0 0 0 0 3 3 5 0 0 0 3 3 3 3 4 5 5 4
P2525 2007 2 0 0 3 3 4 3 4 4 3 0 3 12 3 3 0 0 0 0 4 6 11 15 8 11 7 5 5 18 -999 -999 -999
P2525 2007 3 22 4 6 0 0 0 0 0 0 0 0 5 33 66 15 0 0 0 3 0 0 5 10 5 6 14 0 0 5 19 62
P2525 2007 4 57 8 4 0 3 3 3 3 0 0 0 0 0 0 0 3 3 4 3 3 3 5 8 7 3 3 3 3 0 0 -999
P2525 2007 5 0 0 0 4 3 4 7 9 4 3 0 6 11 7 8 4 3 3 0 3 3 0 0 0 0 0 0 0 5 8 13
P2525 2007 6 11 12 9 9 9 5 12 29 7 5 0 0 0 0 0 0 0 0 0 0 0 0 0 14 18 0 0 0 0 0 -999
P2525 2007 7 0 0 0 0 0 0 0 0 0 0 0 0 0 0 0 0 0 0 15 29 0 0 0 0 0 0 0 0 0 0 0
P2525 2007 8 0 0 0 0 0 0 0 0 0 0 0 0 0 0 0 0 0 0 0 0 0 0 17 11 0 0 4 5 14 21 15
P2525 2007 9 17 22 22 0 0 0 38 64 45 10 0 0 0 0 0 0 46 0 0 0 0 0 0 0 11 16 19 0 0 0 -999
P2525 2007 10 0 7 0 0 0 0 0 3 3 3 3 5 19 24 4 0 0 4 3 3 0 0 0 0 0 3 4 5 3 3 3
P2525 2007 11 0 0 0 0 0 0 0 0 0 4 3 5 0 0 0 0 0 0 0 0 3 3 4 27 39 4 3 0 0 3 -999
P2525 2007 12 0 0 0 0 0 0 0 5 23 6 3 3 3 8 5 8 4 4 4 3 3 3 3 0 0 0 0 0 0 0 0
P2525 2008 1 5 5 3 3 3 3 3 3 0 0 0 0 3 3 0 4 3 3 5 0 0 0 0 0 0 0 0 0 0 5 4
P2525 2008 2 0 0 0 0 0 0 0 0 4 5 0 0 0 0 4 0 0 0 0 3 0 4 3 3 0 0 0 0 -999 -999 -999
P2525 2008 3 4 7 0 0 0 0 0 0 0 0 0 0 3 0 0 3 0 0 0 0 0 0 0 0 0 3 3 0 0 4 0
P2525 2008 4 0 0 0 0 3 52 92 22 37 17 51 118 12 4 4 7 5 4 3 0 0 0 0 4 3 3 0 5 7 4 -999
P2525 2008 5 0 0 5 4 4 6 3 3 3 3 3 3 0 0 0 0 0 4 5 4 5 4 0 0 0 0 0 0 0 0 0
P2525 2008 6 7 8 15 0 0 0 0 0 0 0 0 0 0 6 0 0 10 34 0 0 0 6 8 0 8 12 9 18 11 0 -999
P2525 2008 7 0 8 11 17 22 7 6 4 0 0 0 0 0 0 0 0 0 6 0 0 0 0 0 0 7 20 21 0 0 0 0
P2525 2008 8 0 11 0 0 0 0 0 0 0 0 0 0 0 0 0 0 0 0 0 0 0 0 0 0 0 0 0 0 0 0 0
P2525 2008 9 0 0 0 0 0 0 0 0 0 0 0 20 82 67 26 10 0 0 0 0 0 0 0 0 0 0 0 0 0 6 -999
P2525 2008 10 4 4 4 4 4 5 7 6 6 7 5 0 0 4 5 7 5 3 5 9 6 4 0 3 3 0 0 0 0 3 0
P2525 2008 11 0 0 0 0 0 3 0 0 3 3 4 3 0 0 3 3 4 3 3 3 0 0 0 0 0 0 0 0 0 0 -999
P2525 2008 12 0 3 4 0 0 0 0 3 3 3 0 0 3 3 0 4 0 0 0 0 0 0 0 0 0 0 0 0 17 7 0
P2525 2009 1 0 0 0 0 0 3 4 5 3 3 3 4 3 3 3 3 3 0 0 3 4 4 5 3 4 5 0 0 0 4 3
P2525 2009 2 3 0 0 0 4 5 0 0 0 0 0 3 4 0 0 0 7 3 5 4 10 3 3 3 3 3 7 3 -999 -999 -999
P2525 2009 3 3 3 3 3 3 3 3 0 0 0 0 0 0 0 0 0 0 0 3 0 0 0 0 0 0 3 7 0 0 0 0
P2525 2009 4 0 0 0 0 0 0 0 0 0 0 0 0 0 3 3 0 0 0 0 4 8 0 0 0 0 5 5 0 0 0 -999
P2525 2009 5 0 0 0 0 0 0 0 0 0 0 0 0 0 0 0 0 4 6 6 11 6 5 12 7 0 0 0 11 0 0 0
P2525 2009 6 0 28 39 59 13 5 4 5 4 4 5 8 5 3 0 3 5 4 4 4 0 6 6 0 0 0 0 0 0 0 -999
P2525 2009 7 0 0 0 0 0 0 0 0 0 0 0 0 0 0 0 0 0 0 0 0 0 0 0 0 0 0 0 62 71 0 0
P2525 2009 8 0 0 0 0 0 0 0 0 0 0 0 0 0 0 0 0 0 0 0 0 0 0 0 0 0 0 0 0 0 0 0
P2525 2009 9 0 36 80 95 60 42 33 21 17 10 8 12 9 9 10 14 15 0 0 0 0 10 11 10 23 38 26 8 8 0 -999
P2525 2009 10 0 13 9 11 11 5 3 0 0 0 0 0 0 0 0 0 0 0 0 0 0 3 4 4 0 0 0 0 0 0 0
P2525 2009 11 0 0 0 0 0 0 0 0 0 3 3 3 0 0 0 0 0 0 0 0 0 0 0 0 0 0 0 0 0 0 -999
P2525 2009 12 0 0 0 0 0 0 0 0 0 0 3 0 0 0 0 3 4 3 0 0 0 0 0 0 0 3 3 0 3 0 0
P2525 2010 1 0 0 0 0 0 0 0 0 0 0 0 0 0 0 3 4 20 5 4 4 4 0 0 0 4 0 0 0 0 0 0
P2525 2010 2 0 0 0 0 0 0 0 0 0 4 3 3 4 4 4 4 0 0 0 0 0 3 3 0 0 0 0 0 -999 -999 -999
P2525 2010 3 0 0 0 0 0 0 3 4 18 22 11 4 0 0 0 0 0 4 4 5 3 3 3 3 4 3 4 4 3 5 0
P2525 2010 4 4 9 5 3 4 3 7 3 3 3 0 5 5 0 0 0 0 0 0 0 0 7 0 3 3 0 0 0 0 0 -999
P2525 2010 5 0 0 0 0 0 0 0 0 0 0 0 0 0 0 0 0 0 0 4 26 11 4 5 0 0 5 13 10 9 0 10
P2525 2010 6 5 0 0 0 7 13 13 7 5 7 7 5 4 8 4 4 4 9 26 6 4 7 6 0 0 0 0 0 0 32 -999
P2525 2010 7 95 88 21 0 0 38 56 0 0 0 25 0 0 42 47 26 54 0 0 0 0 0 0 0 0 0 0 0 0 0 0
P2525 2010 8 0 0 19 19 0 0 0 0 0 0 0 0 0 0 0 0 42 0 0 0 0 0 0 0 0 0 0 0 0 0 0
P2525 2010 9 0 0 0 0 0 0 0 0 0 0 0 0 0 0 0 0 0 0 0 17 26 35 27 36 60 39 0 0 0 0 -999
P2525 2010 10 0 0 0 0 0 0 0 0 0 0 0 0 0 0 0 0 0 0 0 0 0 0 6 0 6 0 6 25 23 7 0
P2525 2010 11 5 0 0 0 0 0 0 4 0 0 4 4 4 3 5 4 3 3 3 0 0 0 0 0 0 0 0 0 0 0 -999
P2525 2010 12 0 4 4 0 9 0 0 4 0 0 0 0 0 0 0 0 0 3 0 0 0 0 0 0 0 0 0 0 0 0 0
P2525 2011 1 0 0 0 0 0 0 0 0 0 0 0 0 24 13 0 8 30 11 14 16 27 12 8 0 4 4 5 4 0 0 3
P2525 2011 2 4 3 3 0 0 0 0 0 0 3 4 3 0 0 0 0 3 4 7 5 3 0 0 3 5 4 4 4 -999 -999 -999
P2525 2011 3 6 11 6 0 3 4 3 3 3 3 0 0 0 5 0 3 0 0 0 0 0 0 0 4 0 0 0 0 0 0 0
P2525 2011 4 3 3 0 4 0 0 6 5 0 9 4 3 0 0 0 0 8 10 7 0 0 0 0 0 0 0 0 0 0 0 -999
P2525 2011 5 0 0 0 0 0 0 5 9 16 5 5 0 0 3 0 0 0 0 0 0 0 0 5 11 5 5 5 0 0 0 0
P2525 2011 6 0 0 0 0 0 0 0 0 0 0 0 0 0 7 0 0 0 0 0 0 0 0 0 7 9 4 0 0 0 0 -999
P2525 2011 7 6 9 7 0 5 6 10 21 14 0 0 0 0 0 0 0 0 0 0 0 19 53 35 0 0 0 0 0 0 0 0
P2525 2011 8 0 0 0 0 0 0 0 0 0 0 0 0 0 0 0 0 0 0 0 0 0 0 0 0 0 0 0 0 0 0 56
P2525 2011 9 74 29 12 15 19 47 24 0 0 13 9 0 0 0 0 0 0 0 0 0 0 0 0 0 0 0 0 0 0 28 -999
P2525 2011 10 0 0 0 0 0 0 4 14 50 0 0 0 0 0 7 0 0 0 0 4 4 3 0 0 0 6 0 0 0 4 5
P2525 2011 11 3 3 4 3 0 0 0 3 0 0 5 3 3 6 0 0 0 0 0 0 0 0 3 4 13 4 3 0 3 0 -999
P2525 2011 12 0 0 4 0 0 0 0 0 0 0 0 0 0 0 0 3 6 3 0 0 0 0 0 0 0 4 5 13 5 3 4
P2525 2012 1 4 4 5 4 3 3 0 0 0 0 0 3 4 0 0 0 0 3 3 3 3 3 3 3 0 0 0 3 3 0 0
P2525 2012 2 0 0 0 0 0 0 0 0 0 4 5 3 4 0 0 0 4 3 3 0 0 0 0 3 3 4 4 0 -999 -999 -999
P2525 2012 3 0 0 0 0 0 0 0 0 0 0 0 0 4 5 0 0 0 3 3 4 0 0 0 3 3 0 3 0 0 0 0
P2525 2012 4 0 0 0 0 0 0 0 0 0 0 0 0 0 0 0 0 0 0 0 0 0 0 0 0 0 0 6 16 0 73 -999
P2525 2012 5 74 38 0 0 0 0 0 0 35 124 125 143 33 16 10 6 11 11 9 9 8 7 6 10 5 5 4 4 7 6 4
P2525 2012 6 0 0 0 0 6 6 0 0 0 0 0 0 0 0 0 0 0 0 0 0 0 0 0 0 12 21 12 0 0 0 -999
P2525 2012 7 0 0 0 0 0 31 44 11 0 13 11 0 0 0 0 0 0 0 0 0 0 0 0 0 0 0 0 0 0 0 0
P2525 2012 8 0 0 0 0 0 0 0 0 0 0 17 14 10 0 0 0 0 0 0 0 11 0 0 0 0 0 0 0 9 27 0
P2525 2012 9 0 0 0 0 0 0 0 0 0 0 0 0 0 40 73 126 19 0 0 19 24 0 0 16 14 0 0 0 0 63 -999
P2525 2012 10 30 8 0 0 8 45 44 35 30 38 10 13 11 15 9 0 0 0 0 29 47 19 9 5 6 3 0 0 0 3 4
P2525 2012 11 3 0 0 0 0 3 0 0 0 0 3 4 3 3 0 0 0 0 0 0 0 0 0 0 0 0 0 0 0 0 -999
P2525 2012 12 3 3 3 0 3 3 0 0 0 0 0 5 0 0 0 0 0 0 0 3 3 3 0 0 0 0 0 0 0 0 0
P2525 2013 1 0 0 0 0 0 0 0 0 0 0 0 0 0 3 3 3 0 0 0 0 0 0 3 0 3 3 7 28 5 0 0
P2525 2013 2 0 0 0 3 3 3 3 5 4 3 0 0 0 0 0 0 3 3 5 0 0 4 4 4 6 4 11 7 -999 -999 -999
P2525 2013 3 3 3 0 0 0 0 0 0 0 5 15 12 8 6 4 0 0 3 4 7 0 0 0 0 0 0 0 0 0 22 35
P2525 2013 4 29 38 41 33 12 32 23 4 4 4 0 0 11 33 110 102 58 37 49 137 175 144 21 6 0 4 13 17 22 20 -999
P2525 2013 5 6 6 6 0 0 4 5 5 6 5 5 0 5 7 24 20 10 17 6 4 4 9 5 7 0 6 4 0 0 0 0
P2525 2013 6 0 0 0 0 0 0 0 0 0 0 0 0 0 0 0 0 0 8 12 19 0 0 0 0 0 0 0 0 0 0 -999
P2525 2013 7 0 0 0 0 55 56 39 0 0 0 0 0 0 0 0 0 0 0 0 0 0 0 0 0 0 0 0 0 0 0 0
P2525 2013 8 0 0 17 0 0 0 0 0 0 0 0 0 0 0 0 0 0 0 0 0 0 0 92 94 47 34 37 83 123 104 43
P2525 2013 9 0 0 0 0 0 0 0 0 0 0 0 0 0 0 0 0 0 0 0 0 0 0 0 0 0 0 0 0 0 0 -999
P2525 2013 10 0 0 8 20 38 29 6 0 0 4 5 3 0 4 30 4 5 43 9 4 0 0 4 3 5 0 0 0 0 0 0
P2525 2013 11 0 0 0 0 0 0 0 0 0 0 0 0 0 3 3 0 0 0 0 0 0 0 0 0 0 0 0 4 5 60 -999
P2525 2013 12 76 14 3 3 8 3 4 3 0 6 4 0 0 0 0 3 12 18 5 0 0 0 0 0 0 0 0 0 0 0 0
P2525 2014 1 0 3 3 6 9 0 3 3 3 3 0 0 0 0 0 0 0 0 0 0 0 0 0 3 3 3 0 3 3 7 3
P2525 2014 2 5 4 7 4 10 8 11 8 0 0 0 0 0 0 0 0 6 9 14 12 13 13 8 0 0 0 0 0 -999 -999 -999
P2525 2014 3 0 0 0 0 0 0 0 0 0 0 0 0 0 0 0 4 9 0 0 3 4 61 68 21 5 5 15 8 0 3 8
P2525 2014 4 11 0 0 0 0 0 0 3 3 0 4 3 0 0 0 0 0 0 0 0 0 0 0 0 0 0 0 5 9 4 -999
P2525 2014 5 3 0 0 0 0 0 4 8 4 0 0 7 4 3 3 3 0 3 3 4 0 4 0 0 5 0 0 0 0 6 6
P2525 2014 6 7 3 0 6 5 0 9 23 0 89 35 0 0 0 0 0 0 0 0 0 0 0 0 0 0 0 0 0 0 0 -999
P2525 2014 7 0 0 0 0 34 0 0 0 0 0 0 0 0 0 0 0 0 0 0 0 53 33 0 0 0 0 0 17 8 0 0
P2525 2014 8 0 11 12 20 11 0 22 46 47 23 12 0 12 20 0 0 0 0 0 0 0 23 40 103 99 22 0 0 0 13 0
P2525 2014 9 0 14 35 17 10 15 10 0 6 11 8 16 48 56 60 0 0 10 11 10 0 4 0 0 0 0 0 0 0 0 -999
P2525 2014 10 0 0 14 0 0 0 0 0 0 0 0 0 0 0 0 0 0 0 0 0 0 4 8 6 6 0 0 0 0 0 0
P2525 2014 11 0 0 4 12 11 4 0 0 0 0 0 0 3 0 0 0 0 4 3 4 3 3 4 5 5 5 3 7 4 3 -999
P2525 2014 12 3 0 0 0 0 0 0 0 0 0 0 0 0 0 0 3 4 4 3 16 3 3 3 3 3 0 0 3 0 0 0
P2525 2015 1 0 0 0 0 0 0 0 0 0 0 0 0 0 0 0 0 4 0 0 0 0 0 0 0 0 3 5 3 0 0 3
P2525 2015 2 3 0 0 0 0 0 0 0 3 3 6 6 5 5 4 3 4 6 9 7 3 3 0 0 0 0 0 3 -999 -999 -999
P2525 2015 3 4 21 114 153 123 43 47 28 16 20 24 32 26 13 37 50 29 30 82 7 5 12 47 79 122 147 146 61 0 0 5
P2525 2015 4 4 5 0 0 14 119 68 4 0 6 6 3 3 3 3 3 3 3 3 3 0 3 5 9 9 0 0 0 6 0 -999
P2525 2015 5 4 3 3 4 27 29 8 7 0 4 8 0 0 0 0 0 0 0 0 0 0 0 0 30 40 33 38 27 0 0 0
P2525 2015 6 0 0 7 10 33 34 25 10 0 0 0 0 0 0 16 0 0 0 0 0 0 0 0 0 12 25 16 9 10 6 -999
P2525 2015 7 0 0 0 0 0 0 0 7 0 0 0 0 0 29 32 0 0 0 0 0 0 0 0 0 0 0 0 0 0 0 0
P2525 2015 8 0 18 28 0 0 0 0 15 0 0 7 6 0 0 0 0 0 0 0 0 0 0 0 0 0 18 0 0 0 0 0
P2525 2015 9 0 0 0 0 0 6 0 0 0 0 0 0 0 0 0 0 6 11 6 0 0 0 0 0 0 0 5 8 0 0 -999
P2525 2015 10 0 0 0 0 0 0 0 0 0 3 23 55 5 6 37 8 5 3 3 3 3 4 0 0 0 0 3 4 0 0 0
P2525 2015 11 0 0 0 0 0 0 0 14 0 0 0 0 0 0 0 0 0 0 0 0 0 0 0 0 0 0 0 0 0 0 -999
P2525 2015 12 0 0 0 0 0 0 0 0 0 0 0 0 3 0 0 0 0 0 0 0 0 3 0 0 3 3 0 3 3 3 3
P2525 2016 1 0 0 0 0 3 3 3 3 3 3 7 36 13 15 31 3 0 0 0 3 3 6 4 0 0 8 28 125 154 25 7
P2525 2016 2 8 6 4 3 0 3 3 3 0 0 0 0 0 3 0 0 0 0 0 0 0 0 0 0 0 0 0 0 -999 -999 -999
P2525 2016 3 0 0 0 0 0 0 0 0 0 0 0 0 0 0 0 0 0 0 0 0 0 0 3 4 0 4 0 0 0 3 4
P2525 2016 4 4 0 0 5 16 8 3 3 3 3 0 4 4 4 0 0 10 8 12 4 4 0 9 4 9 0 5 3 0 5 -999
P2525 2016 5 4 3 3 0 0 0 0 0 9 0 4 4 0 0 0 0 0 0 0 0 0 6 12 5 4 6 5 4 0 0 0
P2525 2016 6 0 0 0 11 14 5 0 7 15 23 36 47 18 0 24 0 0 0 0 0 0 0 16 27 28 21 11 10 5 0 -999
P2525 2016 7 11 13 0 0 0 0 0 0 0 0 0 0 0 28 0 0 0 0 0 0 0 0 0 0 25 0 0 0 0 0 0
P2525 2016 8 20 0 14 20 22 9 0 0 0 0 0 0 17 52 32 0 0 0 0 43 53 34 18 0 0 0 0 0 0 0 0
P2525 2016 9 0 0 0 0 33 11 0 0 0 0 23 0 0 0 0 0 0 0 0 0 0 0 0 0 0 0 0 0 5 14 -999
P2525 2016 10 5 0 0 0 0 0 0 9 13 0 0 0 0 0 0 0 0 0 0 0 4 3 0 3 6 13 5 3 4 0 0
P2525 2016 11 0 0 0 4 10 12 3 3 3 3 0 3 3 3 3 3 0 0 0 0 0 0 0 3 3 3 0 0 0 0 -999
P2525 2016 12 0 0 0 0 0 0 0 0 0 0 0 0 0 3 17 0 0 0 0 0 0 0 0 0 0 0 0 0 0 3 6
P2525 2017 1 9 0 3 10 6 3 0 0 0 3 4 5 0 0 0 3 0 0 0 4 4 0 0 0 0 3 6 4 3 0 0
P2525 2017 2 0 0 0 4 4 0 5 4 3 4 4 4 7 15 29 19 4 3 5 3 3 3 3 0 0 3 7 13 -999 -999 -999
P2525 2017 3 3 3 4 9 107 6 3 4 6 11 48 48 16 8 10 16 40 11 4 4 3 3 3 0 0 3 3 4 5 5 26
P2525 2017 4 4 3 6 6 7 7 87 16 4 5 14 6 7 4 3 0 0 0 4 4 4 7 4 4 3 3 3 3 3 3 -999
P2525 2017 5 4 3 0 0 0 0 4 3 0 0 3 0 0 0 6 4 0 0 0 0 0 4 8 15 5 0 0 0 0 0 0
P2525 2017 6 5 5 0 0 0 4 5 20 7 4 7 10 18 17 5 0 0 0 0 0 0 0 0 0 0 0 14 15 0 0 -999
P2525 2017 7 0 0 12 16 14 9 9 13 0 0 0 0 0 0 0 0 0 0 0 0 0 0 7 12 0 0 0 0 0 0 0
P2525 2017 8 0 0 0 0 0 0 0 0 0 9 6 0 0 0 0 0 0 0 0 18 22 21 0 0 0 0 0 0 0 76 90
P2525 2017 9 8 0 0 12 12 28 36 18 0 0 0 0 0 0 0 0 0 0 0 0 0 0 0 0 0 4 5 7 0 3 -999
P2525 2017 10 8 4 0 23 36 13 6 3 3 6 0 0 0 0 0 0 0 0 0 0 0 0 5 0 0 3 9 4 5 9 0
P2525 2017 11 0 4 7 0 0 4 0 0 0 4 4 5 0 0 0 5 0 0 0 0 0 0 0 3 3 0 0 0 0 0 -999
P2525 2017 12 0 0 4 0 0 0 0 0 0 0 0 0 0 3 3 3 3 3 0 0 3 3 0 0 0 0 0 3 3 3 0
P2525 2018 1 0 0 0 0 0 0 0 0 0 0 0 0 0 0 0 0 0 0 0 0 0 0 0 0 3 4 22 61 10 10 6
P2525 2018 2 9 13 8 7 3 3 0 3 0 0 3 4 5 6 4 5 9 8 13 12 0 8 5 4 0 4 16 44 -999 -999 -999
P2525 2018 3 60 67 87 72 23 19 6 4 0 4 3 5 0 0 0 0 0 9 9 10 3 3 3 3 3 3 3 3 3 3 3
P2525 2018 4 3 3 3 0 0 0 0 0 0 0 3 14 5 3 4 4 4 5 0 0 0 0 0 0 3 4 6 29 49 8 -999
P2525 2018 5 4 4 8 7 0 0 0 0 0 0 0 0 0 3 4 4 5 9 26 54 10 5 9 6 0 0 0 0 0 0 10
P2525 2018 6 0 0 0 0 0 0 4 6 8 0 0 0 0 0 0 0 0 0 0 0 0 0 0 0 0 0 8 0 0 12 -999
P2525 2018 7 9 0 0 0 0 0 0 0 0 0 0 0 0 0 0 0 0 14 0 0 50 58 0 0 0 7 0 0 0 0 0
P2525 2018 8 0 0 14 0 0 0 0 0 0 0 0 0 0 0 0 0 0 0 0 0 0 0 0 0 0 0 0 0 0 0 0
P2525 2018 9 0 0 0 0 39 90 56 32 20 0 16 0 0 0 0 0 0 0 0 0 0 7 4 0 0 0 0 0 0 0 -999
P2525 2018 10 20 0 25 25 21 0 0 0 0 0 0 0 0 39 44 19 11 11 19 26 36 34 63 47 12 8 6 0 0 0 4
P2525 2018 11 5 4 4 5 5 7 13 6 8 5 6 0 0 0 0 0 0 0 0 0 0 7 8 5 0 3 3 3 0 0 -999
P2525 2018 12 0 0 0 0 0 0 0 0 0 0 0 0 0 0 0 0 0 0 0 0 0 0 0 0 3 3 3 3 0 0 0
P2525 2019 1 0 0 0 0 0 3 3 3 3 3 0 0 0 0 0 0 0 0 0 0 0 0 0 0 0 0 0 0 0 0 0
P2525 2019 2 0 0 0 3 3 4 13 8 4 5 6 4 3 3 3 4 3 0 0 0 0 0 6 135 10 3 5 16 -999 -999 -999
P2525 2019 3 28 14 42 7 4 3 0 0 3 4 5 6 3 0 0 0 0 0 0 0 0 0 4 13 20 46 86 46 48 17 4
P2525 2019 4 4 0 0 0 0 0 0 0 0 0 0 0 3 0 0 0 0 0 0 0 0 0 0 0 0 0 0 4 4 5 -999
P2525 2019 5 7 5 0 0 0 0 11 12 13 4 0 0 9 4 0 0 0 0 0 0 0 0 0 0 5 0 0 0 13 71 17
P2525 2019 6 0 0 0 0 0 7 12 13 0 0 5 7 15 8 6 0 0 0 33 107 109 53 0 0 0 11 6 0 0 0 -999
P2525 2019 7 0 0 5 0 0 0 23 0 0 0 13 38 0 0 0 0 0 0 0 0 0 0 0 0 0 0 0 0 0 0 0
P2525 2019 8 0 36 0 0 9 13 0 0 0 0 0 0 0 0 0 0 0 0 8 12 0 0 0 0 0 9 19 27 16 11 15
P2525 2019 9 15 15 15 0 0 0 0 15 42 84 25 11 4 0 0 9 17 0 0 0 10 17 77 131 109 95 91 30 0 0 -999
P2525 2019 10 0 0 16 45 23 12 17 7 9 4 0 0 0 0 0 0 0 5 0 9 25 7 15 0 0 0 0 0 0 0 0
P2525 2019 11 0 0 0 0 3 3 0 0 0 0 0 0 0 0 0 0 0 0 0 0 0 0 0 0 0 0 9 100 37 4 -999
P2525 2019 12 0 0 0 0 0 0 0 0 0 0 0 0 0 0 0 3 0 0 3 83 115 6 3 3 3 0 0 0 0 0 0
P2525 2020 1 0 0 3 3 4 8 4 0 0 0 0 0 0 0 0 0 0 0 0 0 0 0 6 11 8 6 0 0 3 3 22
P2525 2020 2 5 3 3 3 3 3 0 0 4 56 23 0 0 15 4 13 52 87 71 51 19 27 88 7 4 5 7 6 -999 -999 -999
P2525 2020 3 0 0 0 0 0 0 0 0 0 0 0 0 4 3 8 63 106 64 9 4 3 0 4 4 3 3 3 0 0 0 0
P2525 2020 4 0 0 0 0 4 54 52 52 131 74 34 8 4 4 4 0 0 0 0 0 16 6 12 14 8 3 0 0 21 144 -999
P2525 2020 5 172 150 15 5 3 4 6 8 0 0 4 4 4 0 0 0 27 62 97 71 33 9 4 4 4 4 12 4 4 5 4
P2525 2020 6 4 4 5 0 0 5 4 4 3 0 0 0 0 8 12 0 0 0 0 0 0 0 0 0 0 0 31 122 154 77 -999
P2525 2020 7 0 0 0 0 0 0 42 0 0 0 0 0 0 13 0 0 0 0 0 18 0 0 0 0 0 0 0 0 0 24 21
P2525 2020 8 52 87 85 83 0 0 0 0 0 0 0 0 0 0 0 0 0 0 20 0 0 0 0 0 0 0 0 0 0 36 46
P2525 2020 9 18 0 0 0 0 0 10 17 10 8 0 0 0 10 5 5 0 0 7 6 4 0 0 0 0 0 0 0 0 8 -999
P2525 2020 10 0 8 10 40 23 21 4 0 0 5 7 6 6 5 0 0 0 0 0 0 0 0 5 6 0 0 5 13 9 4 0
P2525 2020 11 4 4 0 3 0 0 5 0 0 0 0 0 0 3 5 0 0 3 3 3 3 3 0 0 0 0 0 0 0 0 -999
P2525 2020 12 0 0 0 0 0 0 0 0 0 0 0 0 0 3 0 0 0 0 0 0 3 3 3 0 0 0 0 0 0 0 0
P2525 2021 1 0 0 3 3 0 0 0 0 0 0 0 0 0 0 3 3 3 7 5 3 3 0 3 3 3 3 3 3 3 3 5
P2525 2021 2 11 3 3 0 3 3 0 3 3 5 4 4 4 4 5 4 4 5 0 0 0 0 0 0 3 12 17 14 -999 -999 -999
P2525 2021 3 10 9 6 4 7 8 20 123 149 13 0 0 3 3 3 3 12 4 4 3 3 0 3 3 0 0 0 0 0 0 0
P2525 2021 4 0 3 5 7 0 0 0 0 0 3 3 0 0 0 0 3 3 3 3 4 6 8 8 24 103 17 3 3 0 3 -999
P2525 2021 5 4 0 0 0 0 0 4 3 0 0 0 3 4 0 0 0 0 0 4 6 0 0 0 0 8 7 6 4 8 13 5
P2525 2021 6 8 9 3 0 0 0 3 0 3 4 4 3 4 5 4 0 0 0 0 0 0 0 0 0 0 0 0 0 0 0 -999
P2525 2021 7 0 18 19 0 19 0 0 0 0 0 0 0 0 0 0 0 0 0 0 0 0 15 29 31 0 0 0 0 0 7 18
P2525 2021 8 31 30 19 19 0 0 0 6 8 5 5 0 0 0 0 0 0 0 0 0 7 0 0 0 0 0 0 0 0 0 8
P2525 2021 9 0 0 0 0 0 0 0 0 21 0 0 17 18 11 10 5 0 0 0 0 0 0 0 0 10 4 0 5 9 21 -999
P2525 2021 10 4 5 5 0 0 0 6 8 5 0 0 7 4 14 5 0 5 0 6 3 6 0 0 0 5 29 13 5 7 4 0
P2525 2021 11 3 3 0 0 0 0 0 4 4 0 0 0 0 0 0 0 0 0 0 0 0 0 0 0 0 0 0 0 0 0 -999
P2525 2021 12 0 0 0 0 0 0 0 0 0 0 0 0 0 3 5 5 3 3 3 3 3 3 0 0 3 4 4 3 3 0 0
P2525 2022 1 3 0 0 0 0 0 0 0 0 0 0 0 3 43 21 6 7 31 148 121 4 0 3 15 7 0 0 0 0 0 0
P2525 2022 2 0 6 0 0 0 0 0 0 0 3 0 0 0 0 3 3 4 0 0 0 3 3 0 3 0 0 0 3 -999 -999 -999
P2525 2022 3 3 0 0 0 3 3 3 0 0 0 0 0 0 0 0 4 0 0 0 0 4 6 7 4 5 3 3 0 7 5 9
P2525 2022 4 10 43 144 5 3 9 7 3 3 0 0 8 17 15 34 67 88 106 122 63 7 8 3 3 3 0 0 0 0 0 -999
P2525 2022 5 0 0 0 0 0 0 0 0 0 0 0 0 0 0 0 0 0 0 0 0 4 5 7 0 0 0 0 9 40 58 9
P2525 2022 6 0 11 14 0 0 0 0 0 12 9 65 50 65 96 46 0 0 8 10 0 0 0 0 0 0 0 0 0 0 0 -999
P2525 2022 7 0 0 0 0 0 0 0 0 0 0 0 0 0 0 0 39 0 0 0 0 0 0 0 0 0 0 0 0 0 0 0
P2525 2022 8 0 0 0 0 0 0 0 0 0 0 0 0 0 0 0 0 0 0 0 0 30 23 0 0 0 0 0 0 0 0 0
P2525 2022 9 0 0 0 0 0 0 0 0 0 0 0 0 0 0 0 0 32 19 0 0 0 4 14 73 16 21 38 35 0 0 -999
P2525 2022 10 0 0 0 0 5 18 0 0 0 4 0 0 0 0 0 0 0 0 0 4 16 12 4 0 0 0 4 4 5 6 0
P2525 2022 11 0 0 10 3 3 4 0 0 0 0 0 0 4 3 6 4 5 22 36 7 4 4 4 4 3 0 0 0 0 0 -999
P2525 2022 12 0 0 0 0 0 3 3 3 0 0 0 0 0 0 0 0 0 3 3 3 3 0 0 3 3 3 3 3 4 3 4
P2525 2023 1 0 4 10 23 24 15 11 3 3 0 3 3 5 10 7 3 5 9 6 4 3 4 13 8 7 4 0 0 0 0 0
P2525 2023 2 0 7 6 6 3 0 0 0 0 0 0 4 0 0 3 0 0 3 4 3 4 4 0 0 0 0 0 0 -999 -999 -999
P2525 2023 3 0 0 3 3 0 0 0 0 0 0 0 0 0 0 5 5 3 3 3 3 6 3 0 0 0 0 0 4 7 4 0
P2525 2023 4 0 0 0 0 0 0 0 0 3 4 21 6 7 7 11 16 6 8 108 14 5 22 15 11 4 0 0 0 0 0 -999
P2525 2023 5 5 49 6 4 3 3 3 5 3 3 3 4 6 4 10 31 29 9 16 14 8 4 0 4 4 5 7 0 7 10 11
P2525 2023 6 0 0 0 0 0 5 12 0 0 0 0 9 5 4 6 4 3 3 5 6 14 0 0 8 23 56 0 0 0 0 -999
P2525 2023 7 0 0 0 0 0 8 12 13 12 17 52 64 27 0 0 0 0 17 37 16 0 0 0 10 27 37 0 0 0 0 0
P2525 2023 8 0 0 0 0 0 0 0 0 0 0 0 0 0 0 0 0 0 0 0 0 0 0 0 0 0 0 0 0 22 24 29
P2525 2023 9 0 0 0 0 0 0 0 0 0 0 0 0 0 0 0 0 11 63 9 0 0 0 0 0 0 0 0 0 5 4 -999
P2525 2023 10 80 84 8 0 0 0 0 0 0 4 5 5 0 4 3 3 3 3 7 4 3 0 0 0 0 0 0 0 3 3 3
P2525 2023 11 3 4 0 0 0 0 0 13 6 4 4 5 0 0 0 0 0 0 0 0 0 0 0 0 0 0 0 0 0 0 -999
P2525 2023 12 0 4 6 6 0 0 0 0 0 0 0 5 0 0 0 0 0 0 0 3 3 0 0 0 3 0 0 0 0 0 0
P2525 2024 1 0 0 0 0 0 0 0 0 0 0 0 0 0 0 0 0 0 0 3 3 3 0 0 0 0 0 3 3 4 0 0
P2525 2024 2 0 0 0 0 4 120 109 26 71 85 4 3 0 0 0 0 0 0 0 0 0 0 0 0 0 0 0 0 -999 -999 -999
P2525 2024 3 0 0 0 0 0 0 4 13 14 5 6 33 4 18 8 5 10 9 10 4 4 4 5 4 0 4 4 4 6 7 19
P2525 2024 4 57 36 10 6 3 3 3 3 3 3 3 0 0 0 0 0 3 3 0 0 4 7 3 0 0 0 0 0 0 0 -999
P2525 2024 5 3 4 4 5 10 21 19 9 5 0 0 3 3 3 3 3 4 4 0 0 0 0 0 6 9 10 9 4 3 0 0
P2525 2024 6 0 0 0 0 0 0 0 0 0 0 0 5 0 7 0 0 9 11 0 0 15 0 0 0 0 0 0 0 0 23 -999
P2525 2024 7 0 0 0 0 0 0 0 0 0 0 0 0 0 0 0 0 16 15 0 0 0 0 0 0 0 0 0 0 0 0 0
P2525 2024 8 0 0 0 0 0 0 0 0 0 11 17 0 0 0 0 0 0 0 0 0 0 0 0 0 0 0 0 0 0 0 0
P2525 2024 9 0 0 0 0 0 0 0 0 0 0 0 0 0 0 0 0 15 15 6 5 7 11 30 7 0 0 0 4 7 5 -999
P2525 2024 10 4 11 7 5 18 8 10 0 0 0 0 0 0 0 0 0 0 0 6 21 10 0 0 0 0 5 5 0 0 3 4
P2525 2024 11 4 5 3 3 5 7 0 0 0 0 0 4 3 19 66 3 3 3 4 0 0 0 0 0 0 0 0 5 8 10 -999
P2525 2024 12 5 4 3 0 0 0 0 0 0 0 3 0 3 3 0 0 0 0 0 0 0 3 0 0 0 0 0 0 0 0 0
P2525 2025 1 0 0 0 3 4 37 34 3 0 0 0 0 0 0 0 0 0 0 3 0 0 0 0 0 0 0 0 3 3 0 0
P2525 2025 2 0 0 0 0 0 0 0 4 3 3 6 11 12 40 59 7 0 0 3 0 0 0 0 0 4 4 0 0 -999 -999 -999
P2525 2025 3 0 3 4 0 0 0 14 41 4 5 0 0 0 0 0 0 0 0 0 0 0 0 0 0 0 0 0 0 0 0 0
P2525 2025 4 0 0 0 0 0 0 0 0 0 4 8 4 0 39 30 11 38 11 5 0 0 0 0 0 0 0 0 0 5 3 -999
P2525 2025 5 0 0 3 4 0 0 0 0 0 0 0 0 4 3 3 0 4 6 5 0 4 14 7 4 4 4 3 5 5 0 0
P2525 2025 6 0 0 0 0 0 0 0 0 0 0 11 12 0 0 0 0 0 0 0 0 0 0 0 0 0 0 0 0 0 0 -999
P2525 2025 7 0 0 0 0 0 0 44 0 0 0 0 0 0 0 0 0 0 0 0 0 0 0 22 0 0 49 0 0 0 0 0
P2525 2025 8 0 0 4 5 0 0 0 0 0 0 0 0 0 14 32 0 0 0 0 10 10 0 0 0 0 0 0 0 0 0 0
P2525 2025 9 0 0 0 0 0 0 0 0 0 0 6 0 0 0 0 0 9 11 10 23 43 44 13 0 0 12 15 5 0 0 -999
P2525 2025 10 0 0 0 0 0 0 0 0 0 0 0 0 0 0 0 13 29 16 5 5 19 7 3 0 0 0 0 0 0 0 3
P2525 2025 11 3 4 4 5 3 3 3 5 11 29 7 0 0 5 3 0 0 0 0 0 0 0 0 0 0 0 0 0 0 0 -999
P2525 2025 12 0 0 0 0 0 0 0 0 0 0 0 3 3 0 0 0 4 3 3 4 3 3 7 6 3 3 6 10 3 0 3
P2525 2026 1 3 3 0 0 0 0 0 0 0 0 0 0 0 0 0 0 0 0 0 0 0 0 0 4 0 0 0 0 0 0 0
P2525 2026 2 0 0 0 0 0 0 0 0 0 0 0 0 0 0 0 3 4 5 3 4 0 3 3 3 0 4 11 6 -999 -999 -999
P2525 2026 3 4 0 0 5 10 22 4 4 7 4 0 0 0 6 0 0 9 8 0 0 0 8 21 6 3 3 0 0 3 3 0
P2525 2026 4 0 0 0 0 0 0 0 3 3 3 0 0 3 4 3 4 6 0 0 0 5 0 0 0 0 0 0 5 10 4 -999
P2525 2026 5 5 5 5 0 0 0 0 0 5 12 9 11 16 10 3 0 0 0 0 0 0 0 0 0 0 0 0 0 0 0 0
P2525 2026 6 0 0 0 0 0 0 0 0 0 0 0 0 0 0 0 0 0 0 10 21 16 17 16 0 0 0 0 0 0 0 -999
P2525 2026 7 0 0 0 0 0 0 0 0 0 0 0 0 0 0 0 0 0 0 8 0 0 0 0 0 0 0 0 0 0 0 0
P2525 2026 8 0 0 0 0 0 7 0 0 0 0 72 36 20 19 0 0 0 0 0 0 0 0 0 0 0 0 0 0 0 13 23
P2525 2026 9 22 13 5 0 0 0 8 10 14 0 0 0 0 0 0 0 0 0 11 14 13 6 0 0 0 0 0 21 32 15 -999
P2525 2026 10 9 0 13 21 8 6 7 6 0 0 0 0 0 0 0 0 0 4 0 0 0 0 0 0 0 0 0 0 3 3 3
P2525 2026 11 3 3 3 3 3 3 4 3 3 6 3 3 5 5 3 3 4 0 0 0 0 0 0 0 0 0 0 5 0 0 -999
P2525 2026 12 0 0 0 0 0 0 0 0 0 0 0 0 0 0 4 6 6 3 3 3 3 3 3 3 0 0 0 0 0 0 0
P2525 2027 1 0 0 0 0 3 3 0 3 3 3 3 3 4 10 42 26 27 4 3 3 0 0 0 0 0 3 3 3 4 6 6
P2525 2027 2 0 0 0 0 0 0 0 0 0 0 0 4 44 0 7 0 0 3 3 3 0 0 4 3 0 0 3 0 -999 -999 -999
P2525 2027 3 0 0 0 3 3 3 4 7 4 0 0 0 0 0 0 0 5 7 7 17 16 9 11 6 3 3 3 0 0 0 0
P2525 2027 4 0 0 0 7 4 0 0 0 0 0 0 0 0 4 34 7 0 5 30 6 0 0 0 0 0 0 0 0 0 0 -999
P2525 2027 5 8 4 9 12 7 7 6 5 9 51 15 0 9 7 5 0 0 0 0 0 6 6 5 0 0 0 4 6 8 0 0
P2525 2027 6 0 0 0 5 7 3 0 0 0 0 0 0 0 0 0 0 0 0 0 0 0 10 8 0 0 0 0 0 0 0 -999
P2525 2027 7 0 0 0 0 0 5 0 0 0 16 25 0 0 0 0 0 0 0 0 0 0 0 0 0 0 0 0 0 0 0 0
P2525 2027 8 0 0 0 0 0 0 0 0 0 0 0 0 37 43 14 0 0 9 0 0 0 0 0 0 0 0 0 0 0 0 0
P2525 2027 9 0 0 0 0 0 0 0 0 0 0 0 0 8 0 0 0 8 51 65 50 68 25 27 47 55 7 0 5 0 0 -999
P2525 2027 10 7 0 0 0 0 0 10 0 0 0 0 0 0 18 11 4 0 4 0 0 0 3 13 17 5 0 0 0 0 0 0
P2525 2027 11 0 0 0 0 0 0 0 0 0 0 3 18 17 0 0 0 0 0 0 0 0 0 0 0 0 0 0 0 0 0 -999
P2525 2027 12 0 0 0 0 0 0 0 0 0 0 0 0 0 0 4 4 0 0 0 0 0 0 0 0 0 0 0 0 0 0 0
P2525 2028 1 0 0 0 0 0 0 0 0 0 0 0 3 4 0 0 0 12 46 9 4 0 0 6 64 86 26 7 8 11 15 10
P2525 2028 2 11 71 9 4 4 7 4 5 6 5 4 6 4 3 0 3 3 0 0 0 0 0 3 0 0 0 0 0 -999 -999 -999
P2525 2028 3 0 3 4 0 0 0 0 0 0 0 5 4 4 3 4 0 0 0 0 0 0 0 0 0 0 0 0 0 0 0 0
P2525 2028 4 0 0 0 0 0 0 0 0 0 4 3 0 0 0 0 4 6 4 7 10 5 4 0 0 0 0 0 0 0 0 -999
P2525 2028 5 0 0 7 8 0 15 6 10 8 3 5 4 0 0 10 0 8 0 11 11 0 0 0 5 3 0 0 3 3 0 0
P2525 2028 6 4 6 0 0 6 19 19 6 8 0 0 0 6 0 0 11 22 34 28 0 0 0 0 0 0 0 0 7 10 4 -999
P2525 2028 7 0 0 0 0 0 0 0 0 0 0 0 9 5 0 0 0 0 0 0 0 0 0 0 0 0 0 0 17 0 0 0
P2525 2028 8 0 0 0 0 0 0 0 0 0 0 0 0 0 0 0 0 0 0 0 17 0 0 0 0 0 0 0 0 21 28 18
P2525 2028 9 8 0 0 0 0 0 11 30 71 0 67 8 0 0 0 0 12 0 0 0 0 16 28 5 7 16 9 11 28 13 -999
P2525 2028 10 0 0 0 0 0 0 0 0 5 0 6 7 0 0 6 5 0 4 5 6 0 0 0 0 0 0 0 0 0 0 0
P2525 2028 11 0 0 0 0 4 4 3 0 0 0 0 7 0 0 0 0 0 0 3 3 0 0 0 0 0 0 0 0 0 0 -999
P2525 2028 12 0 0 0 0 0 6 0 0 0 0 0 0 6 98 80 44 54 14 3 3 3 3 3 0 0 0 0 0 0 3 0
P2525 2029 1 0 0 0 4 5 0 5 5 5 6 3 4 3 0 0 0 3 7 40 20 4 0 0 0 0 0 0 6 0 3 3
P2525 2029 2 3 0 0 0 0 0 0 0 0 0 0 0 0 0 0 0 0 0 0 0 0 0 0 0 0 0 0 3 -999 -999 -999
P2525 2029 3 4 4 4 4 11 6 4 3 4 5 3 0 0 0 0 0 0 0 0 3 3 3 4 3 0 0 0 0 0 0 0
P2525 2029 4 3 5 7 6 4 4 4 5 0 0 0 0 0 6 6 0 0 3 0 0 0 0 0 0 0 0 3 3 3 3 -999
P2525 2029 5 3 0 0 4 4 3 6 6 4 3 0 0 0 0 0 14 19 7 0 5 4 0 0 7 6 0 0 0 0 28 76
P2525 2029 6 151 169 161 108 0 0 0 0 0 0 0 0 0 0 0 0 0 0 0 0 0 0 0 0 0 0 0 0 0 0 -999
P2525 2029 7 0 0 0 0 0 0 0 0 11 15 0 0 0 0 14 57 47 17 7 7 0 20 0 0 0 0 0 0 0 0 0
P2525 2029 8 0 16 83 0 0 0 0 0 0 0 0 0 0 0 0 0 0 0 0 0 0 0 0 22 36 51 41 32 21 25 31
P2525 2029 9 28 17 0 0 0 0 0 0 0 0 0 6 0 0 0 0 0 0 0 0 0 6 0 0 5 12 13 18 13 9 -999
P2525 2029 10 6 0 0 0 0 0 0 0 6 0 0 0 4 0 0 0 0 3 0 0 0 0 0 0 0 5 21 34 88 7 0
P2525 2029 11 0 0 0 0 0 0 0 0 0 0 0 0 0 0 0 0 0 0 0 0 0 0 0 3 4 0 0 0 0 0 -999
P2525 2029 12 0 0 0 3 3 3 0 0 3 3 0 0 0 0 0 0 0 0 3 0 0 3 3 5 13 4 3 3 4 4 0
P2525 2030 1 0 0 9 6 7 3 3 5 5 5 6 6 5 4 0 3 3 0 0 0 0 0 0 0 0 0 0 0 6 10 0
P2525 2030 2 4 3 3 3 0 3 0 0 8 7 0 0 0 0 0 5 4 8 25 0 0 0 0 0 3 0 0 0 -999 -999 -999
P2525 2030 3 0 15 9 6 10 16 0 0 0 0 0 0 0 0 0 0 0 0 4 15 6 6 12 53 162 165 54 5 3 3 3
P2525 2030 4 3 4 5 4 9 4 0 0 3 6 5 9 7 12 6 4 3 3 4 7 5 4 4 4 3 9 16 5 0 0 -999
P2525 2030 5 0 0 0 0 4 0 0 0 0 3 4 10 5 7 16 7 3 0 0 0 0 0 0 0 8 8 0 29 17 0 0
P2525 2030 6 0 0 0 0 0 0 0 0 0 0 32 62 16 6 24 14 20 54 5 4 0 5 12 5 0 0 0 0 0 0 -999
P2525 2030 7 0 0 0 0 0 0 0 0 0 0 0 0 0 0 0 0 0 0 0 0 0 0 0 0 0 0 0 0 0 0 13
P2525 2030 8 10 9 19 46 58 31 0 0 0 0 0 0 0 0 0 0 0 0 0 0 0 14 0 0 0 69 136 66 14 12 23
P2525 2030 9 48 17 0 0 0 0 0 0 0 11 0 0 0 7 8 6 4 8 0 0 5 6 6 4 7 4 0 4 3 0 -999
P2525 2030 10 0 0 0 0 0 0 11 6 15 13 6 3 3 3 0 0 0 0 10 9 11 6 3 0 4 0 0 0 6 29 55
P2525 2030 11 42 47 8 7 7 14 3 3 3 3 4 3 0 3 3 0 3 4 4 4 5 4 4 4 3 3 0 3 4 4 -999
P2525 2030 12 0 0 0 0 0 3 3 0 0 0 0 0 0 0 0 0 0 0 0 0 0 0 0 0 0 0 0 3 3 3 3
P2525 2031 1 0 0 0 0 3 4 0 0 3 7 3 3 3 4 17 6 0 0 3 0 0 0 0 0 0 0 0 0 0 0 0
P2525 2031 2 0 3 4 9 8 23 18 7 10 5 18 23 11 6 5 5 44 50 5 9 8 5 4 5 4 0 3 4 -999 -999 -999
P2525 2031 3 5 4 3 0 0 3 4 3 0 3 6 3 3 3 0 0 3 0 0 3 4 0 0 0 0 0 0 0 0 4 4
P2525 2031 4 0 0 3 3 3 4 3 3 0 0 4 4 3 3 3 0 0 0 0 0 0 0 0 0 0 0 0 0 0 5 -999
P2525 2031 5 4 0 8 6 8 4 10 5 7 8 9 11 23 27 31 58 44 14 9 10 9 0 0 0 12 11 17 8 7 0 0
P2525 2031 6 0 0 15 0 0 0 24 0 5 0 0 0 0 0 0 0 0 0 43 36 26 0 35 32 0 0 0 0 0 0 -999
P2525 2031 7 0 0 0 0 0 0 0 0 0 0 19 80 20 7 4 0 0 6 8 0 0 0 0 0 9 13 0 0 0 0 0
P2525 2031 8 0 0 0 0 0 0 0 0 0 12 0 4 7 0 0 0 0 0 0 0 0 0 0 0 0 0 36 0 0 0 0
P2525 2031 9 0 0 0 0 0 0 0 0 0 9 17 21 9 0 0 24 22 10 6 0 0 5 11 8 4 4 4 3 0 0 -999
P2525 2031 10 0 0 0 0 0 0 4 14 16 14 46 78 30 10 12 11 5 6 7 9 11 27 0 0 0 0 0 0 0 0 4
P2525 2031 11 0 0 0 0 0 5 4 3 0 0 3 4 5 6 6 3 0 3 3 4 3 3 0 0 3 3 5 4 3 3 -999
P2525 2031 12 4 4 3 0 3 3 3 3 12 5 0 0 0 0 0 0 0 0 0 0 4 3 3 3 21 3 3 3 0 0 0
P2525 2032 1 0 0 3 3 3 3 3 3 4 0 0 4 12 17 15 6 0 0 0 0 0 0 0 0 0 3 0 0 3 3 3
P2525 2032 2 4 7 25 8 3 0 0 0 0 7 7 3 3 0 0 9 5 6 0 0 0 0 5 18 12 5 6 6 -999 -999 -999
P2525 2032 3 11 0 0 4 0 0 0 0 0 0 0 0 0 3 4 0 0 0 0 0 0 0 0 0 0 0 0 0 0 3 4
P2525 2032 4 6 4 3 4 8 14 46 10 3 3 3 0 0 4 4 3 3 0 6 6 0 0 5 17 9 3 0 0 0 0 -999
P2525 2032 5 0 0 3 5 3 4 0 0 11 41 61 27 6 8 13 5 3 4 5 4 4 0 0 0 3 7 9 10 16 16 8
P2525 2032 6 0 0 11 9 0 0 11 11 18 44 0 0 0 0 12 11 5 0 0 0 5 0 0 0 5 0 0 0 0 0 -999
P2525 2032 7 0 0 7 15 0 29 72 0 0 0 0 0 0 0 19 14 0 0 0 0 0 0 0 0 0 0 0 0 0 0 0
P2525 2032 8 0 0 0 0 0 0 25 0 0 0 50 45 26 0 0 0 0 0 0 0 97 92 14 0 0 32 43 0 0 0 0
P2525 2032 9 0 0 0 0 0 0 24 0 0 10 16 0 0 0 0 20 7 7 9 18 13 0 0 0 0 0 18 23 31 16 -999
P2525 2032 10 22 19 22 20 29 0 0 0 4 0 0 4 4 5 5 3 0 0 0 8 5 4 7 4 4 0 0 0 3 3 0
P2525 2032 11 0 0 0 0 0 0 0 0 0 0 23 17 0 0 6 0 0 0 0 0 0 0 0 0 0 0 3 0 0 4 -999
P2525 2032 12 4 3 0 0 0 16 5 0 0 0 0 0 0 0 0 0 0 0 0 0 0 0 0 0 5 5 0 0 0 0 0
P2525 2033 1 0 0 3 3 3 3 3 3 3 3 0 3 3 4 4 5 4 8 4 0 0 0 0 0 0 0 4 7 4 0 4
P2525 2033 2 0 0 0 0 0 5 6 4 4 6 3 3 3 0 0 0 0 5 0 0 0 0 0 3 3 0 0 0 -999 -999 -999
P2525 2033 3 0 0 4 0 0 0 0 0 0 0 3 64 128 85 62 28 76 149 65 6 0 0 0 0 0 0 0 3 4 4 4
P2525 2033 4 0 0 0 4 5 12 73 47 14 5 7 10 7 3 3 20 5 5 3 0 0 5 4 3 3 0 0 0 4 4 -999
P2525 2033 5 0 0 5 4 0 0 0 0 0 0 0 4 7 4 3 3 3 4 3 3 3 3 0 0 0 0 0 0 0 0 0
P2525 2033 6 0 0 0 0 0 0 0 0 0 34 18 11 15 0 0 57 0 0 0 51 18 0 0 47 0 0 0 7 7 6 -999
P2525 2033 7 0 38 33 9 0 0 0 0 0 0 0 0 0 0 0 0 0 0 0 0 0 0 0 0 0 0 7 0 0 0 0
P2525 2033 8 0 0 0 0 0 0 0 0 0 0 0 0 21 0 0 0 0 0 0 0 0 0 0 0 0 0 0 0 8 11 7
P2525 2033 9 35 41 18 0 0 0 5 0 0 0 0 0 10 9 5 0 0 0 0 0 0 0 0 0 0 0 0 0 0 7 -999
P2525 2033 10 16 8 0 8 18 4 4 15 4 0 0 4 5 5 0 0 0 0 0 0 0 0 0 0 0 0 0 0 0 0 0
P2525 2033 11 0 4 4 6 9 4 0 0 0 0 0 0 0 0 0 0 3 4 4 0 0 0 0 0 0 0 0 0 0 0 -999
P2525 2033 12 0 0 0 0 0 0 0 0 0 0 0 3 3 0 0 0 0 0 0 0 0 0 0 0 0 0 0 0 4 0 0
P2525 2034 1 0 0 0 0 0 0 0 0 0 0 0 3 3 3 3 3 0 0 0 0 0 0 0 0 0 0 0 0 0 0 0
P2525 2034 2 0 0 0 0 0 0 0 0 0 0 4 8 7 4 3 4 26 143 164 14 0 0 0 0 0 0 0 3 -999 -999 -999
P2525 2034 3 4 6 12 12 20 8 0 0 0 6 5 0 4 45 18 8 4 3 3 0 0 4 4 19 115 171 65 11 0 0 0
P2525 2034 4 0 0 0 6 5 0 0 0 0 0 0 0 0 7 0 0 0 0 0 0 6 4 0 0 0 13 38 41 15 8 -999
P2525 2034 5 7 0 0 0 6 6 0 0 0 0 0 0 0 0 0 0 0 0 0 0 0 0 0 8 9 0 6 4 5 9 5
P2525 2034 6 6 0 0 5 0 3 4 6 6 0 0 0 0 0 0 0 0 0 23 27 42 45 71 77 63 33 0 0 0 0 -999
P2525 2034 7 0 0 0 0 0 0 0 0 0 0 0 0 0 0 0 0 0 0 0 0 0 0 0 0 0 0 0 10 0 0 0
P2525 2034 8 0 0 0 5 0 13 0 0 0 0 0 0 0 0 0 0 0 0 0 0 0 0 0 0 0 0 0 10 33 117 28
P2525 2034 9 0 0 0 38 28 22 17 25 13 16 14 0 0 0 0 0 0 0 0 0 0 0 7 22 13 0 13 16 13 12 -999
P2525 2034 10 6 7 0 0 6 9 6 0 0 4 4 3 0 0 0 0 7 17 10 9 7 0 0 6 6 4 5 4 0 0 0
P2525 2034 11 0 0 0 0 0 0 0 0 4 0 0 0 5 10 5 0 0 0 15 12 9 6 5 3 3 3 0 0 0 0 -999
P2525 2034 12 0 0 0 0 0 0 0 0 0 0 0 0 0 0 3 3 0 0 0 0 0 0 0 0 0 0 0 0 0 0 3
P2525 2035 1 0 0 0 3 3 3 5 5 4 0 0 0 0 3 0 0 0 0 0 0 5 3 4 3 3 0 0 0 0 0 0
P2525 2035 2 0 3 3 0 0 0 0 10 0 0 0 0 0 0 0 0 0 0 0 0 0 3 3 3 5 3 3 3 -999 -999 -999
P2525 2035 3 3 0 3 0 0 0 13 41 21 3 0 9 34 40 24 7 3 4 5 10 5 3 3 3 3 3 0 4 4 3 3
P2525 2035 4 3 3 0 4 6 0 0 3 3 3 0 0 0 8 20 0 114 122 34 85 138 4 4 7 5 3 0 4 8 14 -999
P2525 2035 5 19 5 0 0 0 0 0 10 14 10 0 0 9 13 12 0 0 0 0 0 0 31 46 7 6 0 0 16 15 89 11
P2525 2035 6 0 0 0 5 7 3 3 0 8 0 0 0 0 0 0 0 0 0 0 0 0 0 0 0 0 0 0 0 0 0 -999
P2525 2035 7 0 0 0 0 0 0 0 0 0 0 0 0 0 0 0 0 0 0 0 0 0 0 0 0 0 0 0 0 0 0 0
P2525 2035 8 0 0 0 0 0 0 0 0 0 0 0 0 0 0 0 0 0 0 0 0 0 0 0 0 0 0 0 0 0 0 72
P2525 2035 9 0 0 0 0 0 0 0 0 0 0 0 0 0 24 29 6 0 0 0 0 0 17 20 41 50 94 119 104 110 78 -999
P2525 2035 10 19 10 12 15 7 0 0 0 0 0 0 14 13 10 9 10 27 11 6 7 4 4 6 9 8 0 0 0 0 0 0
P2525 2035 11 0 0 5 13 15 15 5 0 0 0 0 0 0 0 0 0 0 0 0 0 0 0 0 0 0 7 14 5 0 0 -999
P2525 2035 12 0 3 3 0 0 3 4 3 3 4 3 3 0 0 0 0 0 0 0 0 3 3 0 0 0 0 0 0 0 0 3
P2525 2036 1 3 3 3 0 0 3 6 45 6 3 3 3 3 0 0 0 0 0 0 0 0 0 0 0 0 0 0 0 0 0 0
P2525 2036 2 0 0 0 0 0 0 0 0 3 3 3 3 3 5 5 8 3 0 0 0 0 0 0 0 0 0 0 0 -999 -999 -999
P2525 2036 3 3 6 5 0 0 0 0 0 0 0 0 0 0 0 5 6 6 5 0 0 0 0 0 4 6 4 6 5 5 10 32
P2525 2036 4 5 4 3 4 3 0 0 0 0 0 0 0 0 0 0 0 0 0 0 0 0 0 0 0 0 0 0 0 0 0 -999
P2525 2036 5 0 0 5 4 4 4 4 5 0 5 0 5 7 3 4 8 5 3 0 0 0 0 0 10 48 42 0 10 27 20 16
P2525 2036 6 19 34 9 11 47 99 44 0 0 0 0 0 0 9 10 0 0 5 3 0 0 0 0 0 0 0 0 0 0 0 -999
P2525 2036 7 14 0 0 0 0 0 0 0 0 0 0 0 0 0 0 0 0 0 0 0 0 0 0 0 0 0 0 0 0 0 0
P2525 2036 8 0 0 0 0 0 0 0 0 0 0 0 0 0 0 0 0 0 0 0 0 0 0 0 0 0 0 0 13 20 0 0
P2525 2036 9 0 0 0 0 12 17 80 53 0 11 0 0 0 0 0 0 0 0 0 0 0 0 0 0 0 0 0 0 0 0 -999
P2525 2036 10 0 0 0 0 0 0 0 0 0 0 3 0 0 0 6 18 13 0 0 0 0 0 0 0 0 0 4 4 5 15 15
P2525 2036 11 39 16 5 0 3 3 0 3 3 0 0 0 0 5 4 3 4 0 0 0 7 12 0 0 0 0 3 0 0 0 -999
P2525 2036 12 0 0 0 0 0 0 0 0 0 0 0 0 0 0 0 0 0 0 0 0 0 4 4 4 4 4 0 0 4 0 0
P2525 2037 1 0 0 0 0 0 0 0 0 0 3 3 0 3 0 0 0 0 0 3 3 3 3 4 3 3 3 3 3 3 3 0
P2525 2037 2 74 107 39 16 4 16 44 18 4 3 0 0 0 0 0 0 0 4 0 0 0 0 0 0 0 0 3 3 -999 -999 -999
P2525 2037 3 3 0 0 0 0 0 0 0 0 0 0 0 0 12 65 5 4 15 18 7 4 5 3 0 0 0 0 3 4 4 0
P2525 2037 4 4 0 9 8 4 0 3 3 3 0 0 0 0 0 3 4 4 4 3 7 18 11 30 21 5 21 0 0 0 0 -999
P2525 2037 5 0 0 0 0 0 0 10 5 10 18 10 4 0 0 3 4 0 5 4 0 0 0 0 0 7 7 3 0 0 0 0
P2525 2037 6 0 0 8 43 65 36 16 0 8 8 9 8 16 35 0 0 0 4 5 17 33 26 19 0 0 0 0 0 0 0 -999
P2525 2037 7 0 0 0 13 46 0 0 0 0 23 43 78 88 81 80 92 0 0 0 0 0 0 0 0 0 0 0 0 0 0 0
P2525 2037 8 0 0 31 0 0 0 0 0 0 0 0 0 0 0 0 0 0 0 0 0 0 0 0 0 0 0 0 0 0 0 0
P2525 2037 9 0 0 0 0 0 0 0 22 0 0 0 0 0 0 10 7 13 23 0 0 0 0 0 0 0 0 4 0 0 4 -999
P2525 2037 10 0 0 0 0 0 0 0 0 0 0 0 8 0 0 0 0 0 4 6 7 0 0 0 0 0 0 0 0 0 0 0
P2525 2037 11 0 0 0 0 0 5 0 5 4 0 5 4 3 3 3 0 0 0 0 3 4 3 0 3 3 0 0 0 3 4 -999
P2525 2037 12 12 4 3 0 3 3 3 3 3 3 3 3 0 0 0 0 0 3 38 134 147 18 7 4 0 0 0 0 0 0 0
P2525 2038 1 0 3 0 3 3 0 0 0 0 0 0 0 0 3 3 4 4 3 0 0 0 0 0 3 3 4 4 0 0 3 0
P2525 2038 2 0 0 0 3 3 3 0 0 0 0 0 0 0 0 0 0 0 0 0 0 0 0 0 3 0 0 0 8 -999 -999 -999
P2525 2038 3 4 4 4 4 5 3 3 3 4 3 0 0 4 0 0 0 0 4 15 8 3 0 0 0 0 0 0 0 0 3 0
P2525 2038 4 0 0 0 7 7 0 0 0 10 27 49 141 157 43 6 8 16 19 59 95 74 6 0 9 48 31 34 76 43 22 -999
P2525 2038 5 18 6 0 0 5 39 9 0 0 5 0 0 0 0 7 20 149 26 10 38 28 27 7 0 3 5 4 6 7 7 24
P2525 2038 6 9 0 0 0 7 10 0 0 0 0 0 0 0 28 58 23 0 67 106 130 106 86 74 70 59 33 21 19 0 0 -999
P2525 2038 7 0 0 53 84 66 32 31 63 73 0 0 68 93 0 0 0 0 0 0 10 0 0 19 0 0 0 0 0 16 0 0
P2525 2038 8 0 0 0 0 0 0 0 0 0 0 0 17 32 51 70 77 0 0 0 0 37 16 12 9 7 0 0 0 0 0 0
P2525 2038 9 0 0 0 63 0 0 0 0 21 21 0 0 0 0 0 0 0 0 0 0 42 15 10 0 6 15 0 0 0 0 -999
P2525 2038 10 0 0 0 0 0 0 0 0 0 0 0 0 0 0 0 0 0 0 4 5 7 5 10 7 0 8 0 0 0 0 5
P2525 2038 11 6 7 4 0 0 0 0 5 0 0 3 3 3 5 12 3 3 3 4 0 0 0 0 0 0 0 0 0 0 0 -999
P2525 2038 12 0 0 3 4 19 45 3 3 0 0 4 3 3 0 0 0 0 0 3 3 3 3 0 0 0 3 3 3 0 0 0
P2525 2039 1 0 0 0 0 3 5 29 22 4 0 0 0 0 0 0 3 3 3 48 33 3 3 0 0 0 3 4 4 0 0 4
P2525 2039 2 5 35 7 5 6 17 46 52 41 17 6 0 0 0 3 3 0 4 3 0 0 0 0 0 3 3 0 0 -999 -999 -999
P2525 2039 3 0 0 0 0 0 0 0 0 3 30 47 40 0 4 5 29 7 19 92 121 13 5 0 0 0 4 6 0 0 0 0
P2525 2039 4 0 0 0 0 0 0 0 0 0 0 0 0 0 0 4 4 4 0 0 0 5 6 4 0 0 0 0 0 0 0 -999
P2525 2039 5 0 0 0 0 0 0 0 0 0 0 0 0 0 0 6 6 3 3 0 4 5 4 5 11 8 5 0 0 0 0 0
P2525 2039 6 0 6 5 6 9 6 12 15 14 0 0 0 11 8 9 8 8 0 0 9 8 0 0 0 0 0 11 31 63 32 -999
P2525 2039 7 18 0 0 0 0 0 0 21 34 36 47 22 62 85 31 0 0 0 0 0 0 0 0 0 0 25 16 16 0 0 0
P2525 2039 8 0 7 8 14 0 0 0 0 0 0 0 0 0 15 0 0 0 0 16 25 43 39 27 18 22 53 109 61 0 0 21
P2525 2039 9 0 0 0 22 11 0 0 0 12 11 0 0 0 0 0 0 0 0 0 0 0 0 0 0 0 14 0 0 0 0 -999
P2525 2039 10 0 0 0 0 0 0 0 0 0 0 0 0 6 28 6 5 0 5 0 0 0 0 0 3 3 3 3 5 13 13 3
P2525 2039 11 5 0 0 0 0 0 0 0 3 9 6 7 6 3 0 3 0 3 3 3 6 3 3 4 0 0 0 3 3 0 -999
P2525 2039 12 0 0 3 3 3 3 0 0 5 0 5 4 4 0 0 0 0 0 0 0 0 0 0 0 3 0 4 4 3 0 0
P2525 2040 1 0 0 0 0 3 3 0 3 0 0 3 3 0 0 0 3 3 0 0 3 4 3 0 0 0 0 0 0 0 0 0
P2525 2040 2 0 0 0 3 28 4 0 0 0 0 3 0 0 0 3 3 3 4 8 4 0 0 3 0 0 0 0 0 -999 -999 -999
P2525 2040 3 0 0 0 0 0 0 0 0 0 0 0 0 4 6 5 5 0 0 54 101 9 7 44 10 5 3 3 3 4 3 0
P2525 2040 4 0 4 5 3 4 3 3 0 0 0 0 0 0 0 0 0 4 0 7 0 0 6 4 4 21 76 3 0 0 0 -999
P2525 2040 5 0 0 0 4 6 7 4 0 0 0 0 0 0 0 0 0 0 0 0 0 0 13 11 0 0 0 0 0 0 0 0
P2525 2040 6 5 5 0 0 0 0 0 0 18 58 21 54 138 153 107 40 27 0 0 0 0 0 0 0 0 0 0 0 0 15 -999
P2525 2040 7 25 14 0 0 0 0 0 0 0 0 0 0 0 0 0 10 0 0 0 0 0 0 0 0 0 0 0 0 0 0 0
P2525 2040 8 0 0 0 0 0 0 0 0 0 12 22 0 0 0 0 0 0 0 0 105 56 17 0 65 84 0 0 0 0 0 0
P2525 2040 9 25 52 36 0 0 0 0 0 0 0 0 0 0 0 6 5 0 8 16 23 16 0 0 0 26 86 70 8 4 12 -999
P2525 2040 10 0 0 0 0 0 0 0 18 0 0 0 0 0 22 12 9 9 12 16 5 4 0 0 0 0 0 0 0 0 0 0
P2525 2040 11 5 4 7 12 0 4 4 3 4 3 3 0 0 5 4 0 0 0 0 0 0 0 0 0 5 51 39 14 7 8 -999
P2525 2040 12 11 8 0 0 7 4 3 4 0 6 117 160 95 3 0 0 0 0 0 6 0 7 11 6 0 0 0 3 4 0 0
P2525 2041 1 10 70 0 4 0 0 0 0 57 110 19 6 5 3 0 0 0 0 9 7 8 4 12 32 47 8 10 6 3 0 0
P2525 2041 2 0 0 0 0 0 3 3 3 0 3 3 0 0 3 3 3 3 6 7 3 3 3 3 3 4 3 3 0 -999 -999 -999
P2525 2041 3 0 4 0 0 0 0 0 0 0 3 3 3 3 3 3 0 0 4 9 3 3 3 3 3 5 12 4 3 3 3 3
P2525 2041 4 0 0 0 0 0 0 0 0 8 0 4 3 0 0 3 0 4 3 3 4 3 0 0 4 18 4 3 0 0 0 -999
P2525 2041 5 0 0 8 6 8 37 108 93 37 14 9 5 0 10 16 28 109 152 147 110 119 121 15 4 3 3 3 3 0 4 6
P2525 2041 6 4 0 0 0 0 0 6 12 0 0 0 0 0 0 0 0 0 0 0 0 0 0 0 61 71 34 18 0 0 0 -999
P2525 2041 7 0 0 0 18 9 0 0 0 0 7 7 0 0 0 0 13 0 0 0 0 0 0 0 0 0 0 7 11 14 0 0
P2525 2041 8 0 0 0 0 0 0 0 0 0 0 22 51 78 70 65 54 28 0 49 107 126 138 127 111 44 0 0 0 0 0 0
P2525 2041 9 0 0 0 0 0 0 0 0 0 0 0 0 0 0 0 0 0 0 0 0 0 7 9 7 4 0 0 0 0 0 -999
P2525 2041 10 0 5 8 14 27 44 63 30 7 0 15 6 0 0 0 0 0 0 0 0 0 0 0 0 0 0 4 6 0 0 0
P2525 2041 11 0 0 0 0 0 0 0 0 0 0 4 4 4 3 4 3 3 3 3 0 3 10 3 3 3 3 0 0 0 0 -999
P2525 2041 12 0 3 0 4 11 10 8 0 0 0 0 4 3 3 3 5 11 8 3 3 4 0 5 7 6 0 0 0 0 0 0
P2525 2042 1 0 0 0 0 0 4 3 3 0 0 0 0 0 0 0 0 0 0 0 0 0 0 0 0 4 4 4 0 0 0 7
P2525 2042 2 6 9 8 6 0 0 0 0 0 0 0 0 0 0 5 4 0 0 0 0 0 0 0 27 7 4 0 0 -999 -999 -999
P2525 2042 3 0 0 0 0 0 4 0 0 0 0 0 0 0 3 0 4 4 17 108 29 3 3 3 0 0 0 0 0 0 0 3
P2525 2042 4 4 0 0 0 0 4 3 3 3 0 0 0 0 0 3 3 4 21 45 61 136 116 38 7 26 22 15 7 4 5 -999
P2525 2042 5 4 3 4 3 0 0 0 4 17 53 16 8 7 0 0 0 0 4 0 0 0 0 0 0 0 8 14 17 0 0 4
P2525 2042 6 7 5 5 7 7 6 7 6 0 0 0 0 0 0 0 0 0 11 0 0 0 0 0 0 0 0 0 0 0 0 -999
P2525 2042 7 0 0 0 0 0 0 0 0 0 0 0 0 0 24 0 0 0 0 0 13 33 13 0 0 0 0 0 0 0 18 18
P2525 2042 8 9 0 0 0 14 20 26 0 0 0 0 0 0 70 53 0 0 0 0 0 0 0 0 0 0 0 0 0 0 0 18
P2525 2042 9 0 24 35 76 111 59 0 0 0 0 0 0 0 0 0 0 0 0 0 15 15 14 14 9 13 6 0 0 0 0 -999
P2525 2042 10 0 0 0 0 6 12 28 21 19 30 39 26 71 28 6 14 0 0 0 3 3 3 0 0 0 0 0 0 0 0 0
P2525 2042 11 0 0 0 0 0 0 0 0 0 0 0 0 0 0 0 0 0 0 0 3 0 0 0 0 0 0 0 0 0 0 -999
P2525 2042 12 0 0 0 4 4 3 3 3 0 0 0 0 0 3 3 3 3 3 3 0 0 0 0 3 11 5 0 0 0 0 0
P2525 2043 1 0 0 3 0 0 3 6 0 0 0 0 0 0 0 3 0 0 0 0 3 3 0 0 3 0 0 0 0 3 4 5
P2525 2043 2 0 0 0 0 3 4 3 0 0 0 0 0 0 0 0 0 0 0 0 0 0 4 0 0 0 0 0 0 -999 -999 -999
P2525 2043 3 0 4 5 4 3 0 3 7 6 3 3 3 0 0 0 0 0 0 5 5 3 3 37 4 3 3 0 0 0 0 0
P2525 2043 4 0 3 0 3 0 0 0 0 6 0 13 0 0 0 0 8 26 15 5 3 0 0 0 5 0 0 0 0 0 0 -999
P2525 2043 5 71 129 107 16 0 8 17 39 12 0 88 63 26 0 0 0 0 0 22 122 99 106 54 8 7 8 8 3 0 4 4
P2525 2043 6 3 0 0 0 0 5 5 11 9 0 0 0 0 10 10 8 8 9 0 0 0 0 0 0 0 25 60 0 0 0 -999
P2525 2043 7 0 0 0 0 0 0 0 0 0 0 0 0 0 0 0 0 0 0 0 0 0 0 0 0 0 0 0 0 0 0 0
P2525 2043 8 0 0 0 0 0 0 0 0 0 0 0 0 0 0 0 0 0 0 23 19 0 0 0 0 0 9 7 0 6 5 0
P2525 2043 9 0 0 0 0 0 0 0 0 0 0 17 25 40 45 45 51 26 0 0 0 0 0 0 0 0 0 0 10 7 6 -999
P2525 2043 10 12 11 0 9 0 0 0 7 21 6 0 0 0 0 0 5 4 4 6 0 0 0 0 4 5 5 5 0 4 4 0
P2525 2043 11 0 0 0 0 0 0 0 0 0 5 5 6 7 14 0 0 0 0 0 0 0 0 0 0 0 0 3 3 3 3 -999
P2525 2043 12 3 0 0 0 0 0 0 0 0 0 3 3 0 0 0 3 4 0 3 3 3 0 0 0 0 0 0 0 0 0 0
P2525 2044 1 0 0 0 0 0 0 0 0 0 0 0 0 0 0 0 0 0 0 3 7 0 0 0 0 0 0 0 3 7 0 0
P2525 2044 2 0 0 0 0 0 3 4 0 0 0 0 4 8 5 0 0 0 0 0 0 0 0 0 5 3 24 14 3 -999 -999 -999
P2525 2044 3 4 0 3 3 3 3 0 0 0 3 3 3 0 0 0 0 0 6 4 3 3 3 4 0 4 3 3 3 3 0 3
P2525 2044 4 4 3 6 8 0 0 0 0 0 0 0 0 0 3 0 0 0 0 0 0 0 0 0 0 0 5 4 0 0 0 -999
P2525 2044 5 0 0 0 5 5 6 0 7 8 4 0 0 0 0 5 0 0 0 56 23 5 6 0 0 0 0 0 0 12 28 19
P2525 2044 6 11 0 0 0 10 17 6 0 0 0 0 0 0 0 0 0 0 0 0 0 0 0 8 39 50 0 0 0 0 18 -999
P2525 2044 7 21 11 7 0 0 0 0 0 0 0 0 0 0 0 0 0 0 0 0 0 0 0 0 0 20 11 10 19 17 0 0
P2525 2044 8 0 0 0 0 0 0 0 0 0 0 0 0 0 0 0 0 0 12 11 7 0 0 0 0 0 0 0 0 0 0 0
P2525 2044 9 0 0 0 0 0 0 0 0 0 0 0 0 0 0 0 0 0 0 0 0 13 14 0 5 6 7 13 0 0 5 -999
P2525 2044 10 4 9 20 0 0 0 0 10 0 0 0 0 0 0 0 0 0 4 5 3 13 8 6 0 6 7 0 0 0 0 0
P2525 2044 11 0 0 0 4 0 0 0 0 3 3 4 3 4 4 3 4 4 0 0 3 3 3 0 3 3 3 3 7 4 0 -999
P2525 2044 12 0 0 0 0 0 0 0 0 3 3 4 0 5 5 14 33 14 7 0 0 0 3 3 5 8 0 0 0 3 3 3
P2525 2045 1 4 6 7 3 0 3 5 10 7 3 3 3 4 4 3 0 0 6 9 0 0 5 5 5 4 0 0 0 0 0 6
P2525 2045 2 4 7 16 14 5 5 5 9 0 0 0 3 0 0 0 0 3 0 0 0 0 0 0 0 0 0 0 0 -999 -999 -999
P2525 2045 3 0 0 0 0 0 0 0 0 3 4 0 0 4 12 3 3 0 0 0 0 0 0 0 0 0 0 0 0 0 4 4
P2525 2045 4 4 0 0 0 0 5 6 4 0 0 3 0 0 0 4 5 14 0 0 0 0 0 6 0 0 0 0 0 12 14 -999
P2525 2045 5 7 4 0 0 0 0 25 18 5 4 0 0 0 0 0 0 0 0 0 0 0 0 0 0 0 0 0 0 0 0 5
P2525 2045 6 9 14 20 18 11 9 9 7 5 5 5 5 5 0 0 0 0 0 0 0 12 6 7 0 5 4 4 0 0 0 -999
P2525 2045 7 0 0 0 0 0 0 0 0 0 0 0 0 0 0 0 0 0 0 0 0 0 0 0 0 0 0 0 0 0 0 0
P2525 2045 8 0 0 0 0 0 0 0 0 0 0 0 0 0 0 0 0 0 0 0 0 0 0 0 0 0 0 0 0 11 15 15
P2525 2045 9 0 0 0 0 0 0 0 0 0 0 0 0 8 19 26 10 7 0 0 0 0 0 0 0 0 0 0 0 0 7 -999
P2525 2045 10 12 10 19 35 7 0 0 0 0 0 0 0 0 0 4 4 10 4 3 0 0 0 0 0 0 0 0 0 0 0 0
P2525 2045 11 3 9 20 0 0 0 0 0 0 0 4 0 0 0 0 3 4 3 4 0 0 0 0 3 3 0 3 3 0 0 -999
P2525 2045 12 0 0 0 0 0 3 3 5 6 0 0 0 0 0 0 0 0 0 0 0 0 0 0 0 0 3 0 4 0 0 0
P2525 2046 1 0 0 3 3 3 3 3 3 0 0 3 3 0 0 0 3 0 0 3 0 3 4 4 4 3 4 6 4 4 6 4
P2525 2046 2 16 58 107 106 28 9 5 4 4 6 5 4 5 13 7 5 3 3 0 0 0 3 3 3 0 3 3 3 -999 -999 -999
P2525 2046 3 6 40 3 3 3 4 4 11 4 3 3 0 3 3 3 3 3 3 3 3 3 3 3 0 0 0 0 4 5 3 0
P2525 2046 4 0 0 0 3 3 3 3 3 4 4 3 0 0 0 0 0 0 3 4 6 3 3 3 3 3 3 3 4 3 3 -999
P2525 2046 5 0 0 0 0 0 0 0 4 0 0 0 0 0 0 3 9 5 4 0 0 0 0 0 0 0 6 0 3 3 0 0
P2525 2046 6 0 0 0 0 0 0 0 0 0 0 49 10 25 24 19 13 0 0 7 14 9 0 0 0 0 0 0 0 0 0 -999
P2525 2046 7 0 0 0 0 0 0 15 0 0 0 13 0 0 33 0 0 0 0 0 0 0 0 0 0 0 0 0 0 0 0 0
P2525 2046 8 0 0 0 0 38 34 36 54 38 0 0 85 35 0 0 7 0 0 0 0 0 0 0 38 94 0 0 0 13 0 0
P2525 2046 9 0 0 0 34 54 64 66 35 25 20 36 84 41 12 12 11 0 0 0 0 0 0 0 0 0 0 0 0 0 10 -999
P2525 2046 10 16 8 6 29 46 9 5 3 0 0 0 0 0 0 0 0 0 0 0 0 0 3 3 3 0 0 0 0 6 3 0
P2525 2046 11 0 0 0 0 0 23 17 4 0 0 0 0 0 0 0 0 0 0 0 0 0 0 0 3 3 4 0 9 6 3 -999
P2525 2046 12 3 3 3 3 5 8 5 3 4 3 0 0 3 4 4 4 3 3 17 81 15 0 0 0 0 0 0 0 0 0 0
P2525 2047 1 0 0 0 0 0 0 0 0 3 3 3 0 0 4 3 3 3 3 3 3 3 3 0 0 0 0 0 0 0 0 0
P2525 2047 2 0 0 0 0 4 0 0 0 0 0 0 0 0 3 4 0 0 0 0 0 0 0 0 0 3 3 3 3 -999 -999 -999
P2525 2047 3 5 4 3 0 4 4 3 0 0 0 0 0 0 4 8 0 0 0 0 0 0 0 4 6 4 0 0 0 0 0 3
P2525 2047 4 3 3 0 0 0 0 0 4 8 5 4 3 3 0 4 3 0 0 3 5 0 0 0 0 0 0 4 4 7 0 -999
P2525 2047 5 0 0 0 7 11 15 66 72 56 21 14 33 17 6 9 22 22 26 71 36 13 0 0 0 0 0 0 0 0 0 0
P2525 2047 6 0 0 0 0 0 0 0 0 0 51 43 25 9 0 0 4 0 0 0 7 9 0 0 0 0 0 0 0 13 26 -999
P2525 2047 7 17 8 8 8 13 13 0 0 0 0 16 0 0 0 0 0 0 0 16 10 5 0 0 0 0 0 0 0 0 0 0
P2525 2047 8 0 0 0 0 0 0 0 0 0 0 0 0 0 0 0 0 0 0 30 44 23 0 0 0 0 0 0 0 0 0 0
P2525 2047 9 49 38 39 89 54 14 0 0 0 0 21 117 129 38 14 5 0 0 18 21 0 0 0 6 15 13 35 63 28 15 -999
P2525 2047 10 10 8 4 3 3 3 3 0 0 3 5 7 3 3 3 5 4 3 3 3 3 0 0 0 0 0 4 0 0 0 0
P2525 2047 11 0 0 0 0 0 0 0 0 0 0 4 3 4 3 3 3 0 0 0 0 0 0 0 0 0 0 0 0 0 0 -999
P2525 2047 12 0 0 0 0 0 0 0 0 0 0 0 0 0 0 0 0 0 0 0 0 0 0 0 0 3 3 3 0 0 0 0
P2525 2048 1 0 4 0 0 0 0 0 0 0 0 0 3 3 0 0 0 0 0 0 0 0 0 0 0 0 0 0 0 0 0 0
P2525 2048 2 0 0 0 0 0 0 0 0 0 0 0 0 3 3 0 3 3 3 3 0 0 0 0 0 0 0 0 0 -999 -999 -999
P2525 2048 3 0 0 0 0 0 0 5 8 4 4 4 3 0 3 3 12 0 0 0 0 3 0 0 0 0 0 0 0 3 3 3
P2525 2048 4 4 3 3 0 0 0 0 0 4 0 0 0 0 0 0 0 0 0 8 0 0 7 4 4 0 0 0 0 0 0 -999
P2525 2048 5 4 5 4 3 0 0 0 5 7 11 11 9 8 13 28 5 0 3 0 0 8 25 29 30 49 64 55 39 0 0 0
P2525 2048 6 0 0 0 0 0 0 0 0 8 0 0 0 0 0 14 0 0 0 10 0 0 0 0 0 0 0 0 0 0 0 -999
P2525 2048 7 0 0 0 0 0 0 0 0 0 0 0 39 0 71 34 25 0 10 13 0 0 0 0 0 0 0 0 0 0 0 0
P2525 2048 8 0 0 0 0 0 0 0 0 0 13 0 0 38 96 23 0 27 0 0 0 0 0 0 0 0 0 0 0 0 0 0
P2525 2048 9 0 0 0 0 0 0 0 0 10 17 39 9 0 0 0 0 7 8 0 0 0 0 9 0 0 0 18 7 6 3 -999
P2525 2048 10 0 0 0 0 5 3 4 7 0 0 0 0 0 0 0 0 0 0 0 4 0 0 0 0 0 0 0 0 0 0 0
P2525 2048 11 0 0 0 0 0 7 6 6 0 0 0 0 0 0 0 0 4 4 9 0 0 0 0 0 0 4 15 9 5 6 -999
P2525 2048 12 11 8 4 0 4 4 5 0 0 0 0 0 0 0 0 0 0 0 5 6 5 0 0 0 0 0 4 4 11 6 0
P2525 2049 1 0 0 0 0 23 6 3 3 4 21 8 4 3 4 9 0 0 0 0 0 4 5 5 3 3 3 3 3 3 3 4
P2525 2049 2 4 5 7 10 19 0 0 0 0 0 0 0 0 4 0 0 0 0 0 0 0 0 0 0 0 0 0 0 -999 -999 -999
P2525 2049 3 0 0 0 0 0 0 0 0 0 0 0 0 0 0 0 0 0 0 0 0 4 9 10 5 0 0 0 0 0 7 12
P2525 2049 4 15 10 7 0 0 0 0 0 0 0 0 0 0 0 0 4 4 5 0 0 4 6 14 8 9 11 4 0 0 0 -999
P2525 2049 5 3 0 3 0 3 3 0 4 4 3 3 0 0 0 0 0 0 0 5 9 17 4 5 6 5 3 5 9 3 0 0
P2525 2049 6 0 0 0 6 10 0 0 0 0 0 0 0 0 0 0 0 0 0 0 0 0 0 0 0 0 0 0 0 0 0 -999
P2525 2049 7 0 8 10 12 8 0 0 19 11 0 0 0 0 0 0 0 0 35 0 0 0 0 0 0 0 0 0 0 0 0 0
P2525 2049 8 0 0 0 0 0 0 0 0 0 0 0 0 0 0 0 0 0 0 0 0 30 0 0 0 0 0 0 0 0 0 0
P2525 2049 9 0 0 0 0 0 12 50 81 54 46 49 21 28 42 42 22 47 38 30 20 15 4 6 4 9 0 0 0 0 0 -999
P2525 2049 10 0 0 0 0 0 4 4 4 5 0 0 4 4 0 5 4 6 8 0 36 18 6 0 5 10 16 15 21 9 10 44
P2525 2049 11 28 10 5 3 3 4 3 3 3 3 3 3 3 3 3 10 11 4 0 0 0 0 0 0 0 0 0 0 0 0 -999
P2525 2049 12 0 0 0 3 3 3 0 0 0 0 0 0 0 0 0 3 8 3 5 3 3 0 0 0 0 0 3 3 9 4 4
P2525 2050 1 3 3 4 3 3 3 4 4 58 97 9 3 0 0 3 4 3 3 0 0 0 15 30 21 7 5 3 0 0 0 0
P2525 2050 2 5 0 0 0 0 0 0 0 0 0 0 0 0 0 0 0 0 0 4 4 4 4 5 3 3 3 0 0 -999 -999 -999
P2525 2050 3 0 4 8 11 48 140 51 27 25 16 33 6 8 3 0 0 0 3 0 3 16 6 4 3 4 4 4 3 3 3 8
P2525 2050 4 3 3 0 0 3 5 4 3 4 5 13 16 8 4 4 0 0 3 0 0 0 0 0 0 0 0 4 3 4 0 -999
P2525 2050 5 4 4 0 3 3 4 3 0 0 0 0 0 0 0 0 0 10 57 62 13 9 12 13 11 5 11 7 11 27 7 0
P2525 2050 6 8 13 13 9 5 0 0 0 12 0 0 0 0 0 14 13 0 0 0 8 0 0 0 0 0 0 0 0 0 0 -999
P2525 2050 7 0 0 100 108 0 0 0 0 0 0 0 0 0 0 0 0 0 0 0 0 0 0 0 0 0 0 0 0 0 0 0
P2525 2050 8 0 0 0 0 0 0 0 0 0 0 0 0 0 0 0 0 0 0 0 0 0 8 4 0 0 0 0 0 0 0 0
P2525 2050 9 0 0 0 0 0 0 0 0 0 0 0 0 0 0 0 0 0 0 0 0 0 0 0 0 0 10 9 0 12 0 -999
P2525 2050 10 4 4 0 0 0 0 0 0 0 0 0 0 7 23 7 6 5 4 5 6 6 8 9 7 4 3 3 4 0 0 0
P2525 2050 11 0 0 0 0 0 0 3 3 3 3 4 4 6 8 0 0 0 0 0 0 0 3 3 3 0 0 0 3 0 3 -999
P2525 2050 12 3 5 5 0 0 0 0 0 0 0 0 0 0 0 0 0 0 0 0 0 0 0 0 0 0 0 0 0 0 0 0
P2525 2051 1 4 0 0 0 0 0 0 0 0 0 0 0 0 4 3 0 0 0 0 0 0 0 0 0 0 0 0 0 20 10 28
P2525 2051 2 14 6 6 10 7 3 0 0 0 0 0 0 0 0 0 0 4 4 0 3 4 3 0 0 3 3 0 0 -999 -999 -999
P2525 2051 3 0 0 0 0 0 0 0 0 0 5 3 4 3 0 11 0 0 26 8 4 3 22 93 119 61 7 0 0 0 0 8
P2525 2051 4 6 7 10 30 47 96 47 23 11 8 9 7 21 6 5 8 6 5 3 3 0 0 5 7 17 11 0 0 0 13 -999
P2525 2051 5 7 0 0 9 39 122 67 22 14 9 11 12 7 4 0 0 5 6 7 4 0 0 39 100 54 24 7 7 0 0 0
P2525 2051 6 0 0 0 0 0 0 0 0 0 0 0 0 0 0 12 24 15 0 0 0 14 24 42 69 42 41 24 12 15 21 -999
P2525 2051 7 19 0 0 0 0 0 7 15 18 13 0 8 0 0 0 0 0 0 134 71 0 0 0 104 94 0 0 0 0 0 0
P2525 2051 8 0 0 0 0 0 0 0 0 0 0 0 0 0 0 0 0 0 0 0 17 36 0 0 8 17 10 0 0 11 9 0
P2525 2051 9 0 0 0 0 0 0 0 0 27 22 36 81 7 4 4 0 0 0 0 0 0 21 0 7 11 18 17 16 0 0 -999
P2525 2051 10 0 0 0 28 9 0 0 5 30 147 123 18 0 0 0 0 0 0 0 0 0 0 0 0 0 0 4 3 3 3 3
P2525 2051 11 4 5 8 4 5 5 0 0 0 0 0 0 0 0 0 3 8 3 0 0 0 0 0 0 0 0 0 5 4 0 -999
P2525 2051 12 0 0 0 0 3 0 0 3 3 4 0 0 0 3 3 3 3 3 3 0 0 0 0 0 0 0 0 0 0 0 0
P2525 2052 1 0 0 0 0 0 0 0 0 4 10 116 59 64 52 5 4 18 28 7 14 55 80 34 4 0 4 7 42 81 13 4
P2525 2052 2 3 12 53 12 4 4 6 4 4 36 93 154 72 12 5 9 4 0 4 4 0 0 0 4 5 3 0 4 -999 -999 -999
P2525 2052 3 0 0 0 0 0 0 0 0 0 0 0 0 0 0 3 4 3 0 4 5 3 0 3 3 0 0 0 0 0 0 0
P2525 2052 4 0 0 0 4 0 4 5 0 0 0 0 0 0 0 0 0 0 0 0 0 0 0 0 0 0 0 0 0 5 21 -999
P2525 2052 5 5 0 0 0 8 34 18 16 20 11 4 13 45 15 6 3 4 4 5 3 0 0 0 0 6 7 9 0 16 11 9
P2525 2052 6 0 0 40 68 110 127 21 0 0 0 16 13 0 0 0 0 0 0 0 0 0 0 0 0 0 0 0 0 0 0 -999
P2525 2052 7 0 0 0 0 0 0 0 0 0 0 0 0 0 0 0 0 0 45 63 0 0 0 0 0 0 0 0 0 0 0 5
P2525 2052 8 14 9 4 0 0 0 0 0 0 0 0 0 0 0 0 0 0 0 0 0 9 9 0 0 0 0 0 0 0 0 0
P2525 2052 9 0 0 0 0 0 0 0 0 0 0 0 0 0 0 0 0 0 0 0 0 0 0 0 0 0 10 17 0 0 0 -999
P2525 2052 10 0 0 0 0 0 0 0 0 0 0 0 0 0 0 9 7 0 12 6 12 14 7 0 0 5 5 0 0 0 0 0
P2525 2052 11 4 7 3 0 0 0 0 0 0 0 0 4 0 5 0 0 0 0 3 3 3 3 58 30 0 0 0 0 4 3 -999
P2525 2052 12 0 0 0 3 0 5 9 0 0 8 0 0 0 0 3 5 4 0 0 0 0 0 0 0 0 0 0 0 0 0 0
P2525 2053 1 0 0 0 0 0 0 0 0 3 3 3 3 3 3 0 0 3 3 3 53 84 23 93 48 81 40 6 3 0 3 3
P2525 2053 2 4 6 10 8 3 5 3 0 3 4 0 0 0 0 3 4 4 4 6 6 6 6 4 4 6 3 3 3 -999 -999 -999
P2525 2053 3 0 0 0 0 10 0 0 0 0 0 0 0 0 0 0 4 0 0 0 0 0 0 0 0 0 0 4 5 0 0 32
P2525 2053 4 9 4 3 3 0 0 0 0 0 5 0 13 10 8 4 3 4 0 0 0 0 6 12 136 168 93 85 113 152 48 -999
P2525 2053 5 11 7 3 0 0 0 0 0 0 0 0 0 0 0 0 0 0 0 0 0 0 0 0 0 0 0 0 0 4 4 4
P2525 2053 6 0 0 0 0 0 0 0 23 72 37 0 0 27 40 39 0 61 76 47 0 0 0 0 0 20 45 0 0 0 0 -999
P2525 2053 7 0 0 0 0 0 0 0 37 0 0 0 0 0 0 0 0 0 0 0 0 0 0 0 0 0 0 0 13 9 0 0
P2525 2053 8 0 0 0 19 0 0 0 0 0 0 8 0 0 0 0 0 0 0 0 0 0 48 103 167 170 53 16 0 0 0 0
P2525 2053 9 0 0 0 0 0 0 0 0 0 6 25 35 25 21 39 41 14 11 19 28 16 26 41 15 0 0 46 24 6 4 -999
P2525 2053 10 5 9 26 22 9 9 39 52 10 12 20 0 0 0 0 0 0 0 0 6 6 0 0 0 0 0 0 0 0 0 6
P2525 2053 11 5 0 4 4 0 7 0 0 0 7 18 6 0 0 3 3 3 3 3 0 0 3 0 0 0 0 0 0 0 0 -999
P2525 2053 12 0 0 0 0 0 0 0 0 0 4 3 8 5 0 3 0 0 0 0 0 0 0 3 5 4 3 0 0 33 30 12
P2525 2054 1 48 4 0 4 5 4 0 0 0 0 0 0 0 0 0 0 0 3 3 3 5 0 0 0 0 0 0 0 0 0 0
P2525 2054 2 0 0 0 0 0 0 0 0 0 0 0 0 0 0 0 0 0 0 0 0 0 0 0 0 0 0 0 0 -999 -999 -999
P2525 2054 3 0 0 0 0 0 0 0 0 0 0 0 0 0 0 0 3 3 0 0 0 0 0 0 0 0 0 3 4 0 0 0
P2525 2054 4 3 0 0 0 3 3 3 0 0 5 4 0 8 5 13 6 4 4 5 13 8 5 7 5 5 7 3 3 0 0 -999
P2525 2054 5 0 0 8 4 0 0 4 6 6 4 4 4 3 3 0 0 0 0 0 0 0 0 0 0 0 0 0 5 0 0 0
P2525 2054 6 0 0 0 0 0 0 0 0 0 0 0 0 0 0 0 0 0 0 0 0 0 23 0 0 0 0 0 0 0 0 -999
P2525 2054 7 0 0 0 0 0 0 0 0 0 0 0 0 0 0 11 20 19 0 0 7 0 0 0 0 0 0 0 0 0 0 0
P2525 2054 8 0 0 0 0 0 0 0 0 0 0 0 0 0 0 0 0 0 0 0 0 0 0 0 0 0 0 0 0 0 87 53
P2525 2054 9 35 29 28 53 68 48 31 39 38 0 0 0 0 0 0 0 38 57 30 0 0 28 19 0 7 60 37 11 8 6 -999
P2525 2054 10 0 0 15 17 0 0 17 21 6 9 6 4 15 11 9 0 0 0 0 0 17 10 4 0 0 0 0 0 0 0 0
P2525 2054 11 3 3 5 5 5 4 3 3 4 6 7 0 0 0 0 0 0 0 0 0 0 0 0 0 0 0 0 0 0 0 -999
P2525 2054 12 0 3 3 0 0 0 0 0 0 0 0 0 0 0 0 0 0 0 0 0 0 0 0 0 0 0 0 0 0 0 0
P2525 2055 1 0 0 0 3 3 4 9 12 25 7 4 9 7 5 45 7 3 4 3 3 3 4 4 3 4 0 0 0 4 4 6
P2525 2055 2 6 4 0 0 0 0 0 0 0 0 0 0 0 0 0 3 5 0 0 0 0 0 0 0 0 0 0 0 -999 -999 -999
P2525 2055 3 0 6 8 8 3 0 4 3 0 3 3 0 4 4 3 0 5 7 0 4 0 0 4 5 4 4 3 0 5 3 0
P2525 2055 4 0 0 0 0 0 0 0 0 0 0 0 0 3 4 3 0 0 0 5 25 69 19 69 142 62 41 44 7 4 5 -999
P2525 2055 5 0 5 6 5 10 48 25 41 9 11 7 35 121 158 117 15 0 0 0 4 4 4 0 0 0 0 0 0 0 25 6
P2525 2055 6 8 9 13 14 25 6 0 0 0 0 0 0 0 0 6 5 5 4 3 0 0 0 0 0 0 0 0 0 0 0 -999
P2525 2055 7 0 0 0 0 0 0 0 0 0 0 50 0 0 0 0 26 34 35 40 27 0 0 21 0 0 0 0 0 0 0 0
P2525 2055 8 0 0 0 0 0 0 0 0 0 0 0 0 0 0 0 0 0 0 0 0 0 0 0 0 0 0 0 0 0 0 0
P2525 2055 9 0 0 0 0 0 0 0 0 0 0 0 0 0 0 0 0 0 0 0 0 0 0 0 0 12 7 0 0 0 0 -999
P2525 2055 10 0 0 0 0 0 0 0 0 5 8 0 0 4 6 0 0 0 0 0 0 0 0 0 3 5 5 0 0 0 0 9
P2525 2055 11 7 6 7 14 0 4 9 20 4 0 0 0 0 0 0 0 0 0 0 0 0 0 3 3 5 0 0 0 0 3 -999
P2525 2055 12 3 3 5 5 0 0 0 0 0 5 4 5 4 3 0 0 0 0 0 0 3 0 0 0 0 0 0 0 0 0 3
P2525 2056 1 4 0 0 0 0 0 3 3 4 18 0 0 0 0 0 0 0 0 0 0 0 0 0 0 0 0 0 0 0 4 0
P2525 2056 2 8 0 0 0 0 0 0 0 0 0 0 0 0 0 0 0 0 0 0 0 0 0 0 0 10 14 12 0 -999 -999 -999
P2525 2056 3 0 9 4 0 0 0 0 0 0 5 4 0 4 11 17 38 6 4 0 0 0 0 0 0 10 45 18 5 5 8 5
P2525 2056 4 0 0 0 0 5 7 10 6 6 0 6 5 5 8 37 85 53 24 51 15 7 16 29 10 9 5 7 15 0 0 -999
P2525 2056 5 4 4 3 0 3 7 15 17 9 4 0 3 3 0 0 0 0 0 0 12 9 0 0 6 16 4 6 4 0 0 0
P2525 2056 6 11 10 8 15 8 5 4 5 0 0 0 0 0 0 0 0 0 0 0 0 0 0 0 0 0 0 0 0 0 0 -999
P2525 2056 7 0 0 40 17 0 0 0 0 0 0 0 0 0 0 7 0 0 0 0 0 0 0 0 0 0 0 0 0 0 0 0
P2525 2056 8 0 0 0 0 0 0 0 0 0 0 0 0 0 0 0 0 15 0 0 0 0 0 0 0 0 0 0 0 0 0 0
P2525 2056 9 0 0 0 0 0 0 0 0 13 42 85 22 0 0 0 0 0 0 0 0 0 0 0 0 0 0 0 0 0 14 -999
P2525 2056 10 27 13 5 0 0 0 0 72 117 74 11 0 0 0 0 0 0 0 0 0 0 0 0 5 7 10 7 0 0 0 0
P2525 2056 11 0 0 0 0 3 0 3 3 0 0 0 0 0 0 0 0 0 0 0 0 0 0 0 0 0 3 18 96 14 4 -999
P2525 2056 12 0 3 4 3 4 3 3 0 0 0 3 4 4 0 0 0 0 0 0 3 5 3 0 0 0 0 0 4 0 0 4
P2525 2057 1 0 0 0 0 0 0 0 3 4 0 0 0 0 0 0 0 0 0 0 0 0 0 0 0 0 3 3 3 3 3 0
P2525 2057 2 0 0 0 0 3 3 3 3 3 5 3 0 0 0 0 0 5 3 3 3 4 25 41 62 67 26 5 5 -999 -999 -999
P2525 2057 3 16 7 5 13 18 20 36 9 0 0 0 0 0 0 0 0 0 0 3 0 0 0 0 0 0 0 0 0 0 0 0
P2525 2057 4 3 0 0 33 100 49 0 7 4 5 9 4 5 8 3 4 3 3 3 3 3 0 0 0 0 0 0 4 5 0 -999
P2525 2057 5 0 0 0 4 0 0 0 5 11 12 11 7 8 7 4 4 4 5 4 3 0 0 0 4 6 7 0 5 3 3 4
P2525 2057 6 3 4 4 0 0 0 0 0 0 0 11 76 45 0 0 0 0 0 0 76 14 0 0 0 0 0 0 0 19 0 -999
P2525 2057 7 0 0 0 0 0 0 0 41 44 16 0 0 0 0 0 0 0 0 0 0 0 0 0 0 0 0 0 0 0 0 0
P2525 2057 8 0 0 0 0 0 0 0 0 0 0 0 0 0 0 0 0 0 29 36 0 0 0 0 0 0 0 0 0 0 0 53
P2525 2057 9 47 39 16 0 17 33 26 45 36 42 21 0 13 38 75 0 0 0 0 0 0 13 0 0 0 10 6 7 0 0 -999
P2525 2057 10 0 0 0 0 0 0 0 0 0 0 0 0 37 60 21 0 0 0 0 0 0 0 0 0 0 0 0 0 0 0 0
P2525 2057 11 3 3 0 3 8 4 4 3 6 6 5 10 3 3 0 0 0 0 0 0 0 0 0 0 0 0 0 0 0 0 -999
P2525 2057 12 0 0 0 0 0 0 0 0 0 0 5 4 3 4 3 4 0 0 0 0 0 0 0 0 0 6 0 0 13 20 6
P2525 2058 1 0 0 0 0 0 0 0 0 0 3 0 0 5 18 4 0 0 9 0 0 0 0 0 0 0 0 0 4 6 0 0
P2525 2058 2 0 0 0 0 0 0 4 0 0 0 0 0 0 0 0 0 0 0 0 0 0 0 0 0 0 0 0 0 -999 -999 -999
P2525 2058 3 0 0 0 0 0 0 0 0 0 0 0 0 0 0 0 0 0 0 0 0 3 0 0 3 3 3 3 0 0 0 0
P2525 2058 4 0 0 0 0 6 7 0 0 0 6 4 3 0 0 0 0 0 0 3 5 4 4 0 0 0 0 0 0 0 0 -999
P2525 2058 5 0 0 0 0 0 0 19 14 0 0 0 12 69 31 5 0 0 0 0 0 0 4 5 0 4 4 7 16 7 5 5
P2525 2058 6 10 10 0 0 0 0 0 0 11 20 20 0 0 0 0 0 0 0 0 8 0 0 0 0 0 0 0 0 0 0 -999
P2525 2058 7 0 0 0 0 0 0 0 0 0 0 0 0 0 0 0 0 0 7 0 0 0 0 0 0 0 0 0 0 0 0 0
P2525 2058 8 0 0 0 0 0 0 0 0 0 0 0 0 0 0 0 0 0 0 0 0 0 0 0 0 0 0 0 0 0 11 35
P2525 2058 9 75 52 0 0 0 0 0 0 0 0 0 0 0 11 0 0 0 0 0 0 0 0 0 0 0 0 0 0 0 0 -999
P2525 2058 10 0 0 0 0 5 0 0 0 0 0 0 0 0 0 4 0 0 0 0 0 0 0 6 6 0 0 0 0 0 0 0
P2525 2058 11 0 0 0 0 0 0 0 0 3 0 0 3 0 0 0 3 3 3 3 3 4 0 0 0 0 0 3 6 3 5 -999
P2525 2058 12 5 11 3 0 0 0 0 0 0 0 0 0 0 0 0 0 0 5 3 0 0 0 0 0 0 0 3 3 3 3 3
P2525 2059 1 6 3 3 3 3 0 0 0 0 0 0 0 0 0 0 0 0 0 0 4 4 0 0 0 4 0 0 0 0 0 0
P2525 2059 2 0 0 0 0 0 0 0 0 0 0 0 0 0 0 0 0 0 0 0 0 0 0 0 0 0 0 0 0 -999 -999 -999
P2525 2059 3 0 0 0 0 0 0 0 0 0 0 4 4 5 11 7 4 0 0 0 0 4 3 0 3 3 3 3 4 14 42 5
P2525 2059 4 0 0 0 0 0 0 0 0 0 0 13 7 10 5 0 0 0 0 0 0 0 0 5 17 11 6 10 64 5 0 -999
P2525 2059 5 0 0 7 18 24 4 5 6 9 11 6 6 0 7 6 5 5 5 5 6 7 0 0 10 16 0 0 0 15 0 0
P2525 2059 6 0 0 0 0 13 15 16 24 9 0 5 0 0 0 0 0 0 0 0 0 0 0 0 0 0 20 43 0 0 0 -999
P2525 2059 7 0 0 0 0 0 0 0 0 0 0 0 0 0 0 0 19 11 9 0 0 30 0 0 0 0 0 0 0 0 0 0
P2525 2059 8 0 0 0 0 0 0 0 0 0 0 0 0 0 0 0 0 0 0 0 0 0 0 0 0 0 0 0 0 0 0 0
P2525 2059 9 0 0 10 0 25 0 0 0 0 0 0 0 0 0 0 0 0 0 0 0 0 0 0 0 6 12 24 0 0 0 -999
P2525 2059 10 0 0 0 0 0 0 0 0 0 0 0 0 0 7 10 8 0 0 0 0 0 4 3 3 3 3 5 38 37 9 4
P2525 2059 11 11 52 36 79 141 40 0 0 0 0 0 0 0 0 4 7 15 5 0 0 0 0 3 6 4 0 0 4 16 5 -999
P2525 2059 12 0 0 0 0 0 0 0 0 0 0 0 0 0 0 4 21 0 0 0 0 0 0 0 0 0 0 0 7 3 0 0
P2525 2060 1 0 4 4 4 4 3 0 0 0 0 0 7 0 0 0 0 0 0 0 0 0 0 0 0 0 0 0 0 0 0 0
P2525 2060 2 0 0 0 0 0 3 0 0 4 3 3 3 4 6 28 7 3 0 3 0 0 0 3 3 3 3 3 3 -999 -999 -999
P2525 2060 3 3 3 0 0 3 10 9 11 3 3 0 0 0 0 0 0 4 4 3 3 17 7 3 0 0 0 0 3 3 0 0
P2525 2060 4 0 0 0 0 0 0 0 0 0 0 0 4 0 0 0 0 0 5 0 0 0 0 0 9 8 0 0 0 0 0 -999
P2525 2060 5 0 0 0 0 0 0 0 0 0 0 0 0 0 0 11 0 0 55 33 8 0 0 9 21 18 20 33 81 87 28 0
P2525 2060 6 27 47 33 17 7 10 28 4 3 0 5 4 4 4 0 0 0 0 14 18 13 7 0 0 0 0 0 0 0 0 -999
P2525 2060 7 0 0 0 0 0 0 0 0 0 0 0 0 0 0 0 0 0 0 0 0 0 0 0 0 0 46 37 0 0 0 0
P2525 2060 8 0 0 0 0 0 0 0 8 0 0 0 0 0 0 0 36 0 40 50 15 0 0 0 0 0 0 0 0 0 0 0
P2525 2060 9 0 0 0 0 0 0 0 0 0 0 0 0 0 0 8 9 8 6 0 9 16 21 16 52 85 31 7 0 0 0 -999
P2525 2060 10 0 0 0 0 0 0 0 0 0 0 0 4 3 3 3 0 0 0 0 0 0 0 0 0 0 0 7 16 10 5 3
P2525 2060 11 5 3 3 0 0 0 0 0 0 0 0 0 3 3 0 0 0 0 3 3 0 0 0 0 0 0 0 3 0 0 -999
P2525 2060 12 0 0 0 0 0 3 3 0 0 4 0 0 0 0 0 0 0 0 0 0 3 3 0 0 0 0 0 0 0 0 0
P2525 2061 1 0 0 0 0 0 0 0 0 0 0 0 0 0 0 3 0 0 0 3 0 0 3 3 3 8 3 3 0 0 0 0
P2525 2061 2 0 0 0 0 0 0 0 0 0 4 4 6 4 3 3 4 6 0 0 0 3 3 3 3 3 3 3 3 -999 -999 -999
P2525 2061 3 3 4 3 3 3 0 3 3 3 3 3 3 3 0 0 3 3 4 4 4 0 0 0 0 0 0 0 0 0 0 0
P2525 2061 4 0 0 0 0 0 0 5 37 108 16 20 28 27 22 22 31 153 97 7 4 3 0 0 0 4 7 7 12 11 30 -999
P2525 2061 5 83 15 6 11 8 5 6 0 0 0 5 19 8 0 10 17 0 0 0 0 0 0 0 0 0 0 0 0 0 0 8
P2525 2061 6 11 51 19 0 0 0 0 0 0 0 0 10 9 8 5 0 0 0 0 0 0 0 0 0 0 0 0 0 0 0 -999
P2525 2061 7 0 0 0 0 0 0 21 40 0 0 0 0 0 0 0 0 0 0 0 0 0 0 0 0 0 0 0 0 0 0 0
P2525 2061 8 0 0 0 0 0 0 0 0 0 0 0 0 0 0 0 0 0 0 0 0 0 0 0 22 32 0 0 0 0 0 0
P2525 2061 9 0 0 0 0 0 0 0 0 0 0 0 0 0 0 0 5 27 12 6 3 5 0 0 0 0 0 0 0 0 0 -999
P2525 2061 10 0 0 0 13 17 28 4 4 6 4 13 7 0 0 0 0 0 0 0 0 0 0 0 0 4 3 3 0 0 3 0
P2525 2061 11 0 0 0 5 6 0 0 0 5 5 0 0 0 0 0 0 0 0 0 0 0 0 0 0 0 0 0 0 0 0 -999
P2525 2061 12 4 4 3 0 0 0 0 0 0 0 0 0 0 0 0 0 0 0 0 0 0 0 0 0 0 0 0 0 0 0 0
P2525 2062 1 0 0 0 0 0 6 46 56 39 29 15 8 4 4 3 3 0 3 3 0 0 0 0 0 0 0 0 0 0 0 3
P2525 2062 2 3 3 3 3 3 3 0 0 3 3 4 0 0 0 0 8 35 75 25 33 98 89 27 16 34 3 3 0 -999 -999 -999
P2525 2062 3 0 0 0 0 0 0 0 0 0 0 0 0 0 0 0 5 0 0 0 0 0 0 0 0 0 3 0 0 0 0 0
P2525 2062 4 0 0 3 0 0 4 6 32 25 0 7 3 0 0 0 0 0 0 0 0 0 3 4 4 3 5 0 0 7 10 -999
P2525 2062 5 40 57 11 6 0 21 0 29 11 16 0 0 7 0 0 0 0 0 10 7 0 0 0 0 0 0 0 4 4 4 4
P2525 2062 6 3 4 6 4 0 0 0 0 0 6 5 7 11 8 0 0 0 0 0 0 0 0 0 0 0 0 0 0 0 0 -999
P2525 2062 7 0 0 0 0 0 0 0 0 0 0 0 0 0 0 0 0 0 0 0 0 0 0 0 0 0 0 0 37 0 0 0
P2525 2062 8 0 10 6 0 0 0 0 15 34 70 59 33 30 0 0 0 0 0 0 0 0 18 37 0 0 0 0 0 0 0 0
P2525 2062 9 0 17 0 0 0 0 0 0 0 0 0 0 14 0 0 0 0 0 0 0 0 0 0 0 0 0 0 0 15 13 -999
P2525 2062 10 9 12 0 0 0 0 7 8 0 12 19 12 0 0 0 15 15 10 0 4 3 4 0 0 8 9 12 52 17 0 0
P2525 2062 11 0 0 0 0 3 3 5 87 27 0 4 3 5 9 0 0 0 0 0 0 3 4 3 3 3 5 5 0 0 0 -999
P2525 2062 12 0 0 0 0 0 0 0 0 5 5 3 0 0 0 0 3 4 0 0 0 3 3 0 0 0 0 0 0 0 5 0
P2525 2063 1 0 5 5 4 0 0 0 0 0 0 0 0 0 0 0 0 0 0 0 0 0 0 0 0 0 0 0 3 7 0 0
P2525 2063 2 0 0 0 6 0 0 4 3 3 0 0 0 0 3 0 0 0 0 0 0 3 8 7 5 0 0 0 4 -999 -999 -999
P2525 2063 3 5 15 36 93 38 4 3 3 3 4 3 3 4 4 31 4 3 0 0 7 11 6 0 158 167 54 7 7 3 0 0
P2525 2063 4 4 6 4 0 0 0 0 0 0 3 4 3 3 0 0 8 10 5 0 0 0 0 5 4 3 0 3 8 19 3 -999
P2525 2063 5 3 0 0 0 0 0 0 0 0 0 4 5 8 15 5 3 3 3 0 0 0 0 0 0 0 0 0 0 0 0 0
P2525 2063 6 0 0 0 0 0 0 0 0 0 0 0 0 0 0 0 0 0 30 10 0 0 11 0 0 0 0 0 0 0 0 -999
P2525 2063 7 0 0 0 0 0 0 0 0 0 0 0 0 0 0 0 0 0 0 0 0 0 0 0 0 0 0 0 0 0 0 0
P2525 2063 8 0 0 0 0 0 0 0 0 0 0 0 0 0 0 0 0 0 0 0 0 0 0 0 0 0 0 0 0 12 0 0
P2525 2063 9 0 0 30 46 36 0 0 0 0 18 23 0 0 0 0 66 125 61 15 0 0 0 0 0 0 11 13 0 0 0 -999
P2525 2063 10 0 0 0 7 36 13 4 0 0 0 3 4 5 0 0 0 0 0 0 4 6 3 3 0 0 0 0 3 6 5 0
P2525 2063 11 0 0 15 18 0 0 0 0 0 0 4 0 0 0 0 0 0 0 0 4 3 0 0 0 5 7 4 0 3 0 -999
P2525 2063 12 0 0 0 0 8 4 0 0 0 0 0 0 0 0 0 0 0 0 0 0 0 0 0 0 0 0 0 0 0 0 0
P2525 2064 1 0 0 0 0 4 0 0 0 0 0 3 3 3 3 3 4 16 119 13 6 41 31 35 21 11 0 4 0 0 0 0
P2525 2064 2 0 0 0 0 7 0 0 5 0 0 0 0 22 49 3 3 3 0 0 0 0 0 0 0 8 57 105 30 -999 -999 -999
P2525 2064 3 8 4 4 5 3 0 0 0 0 0 0 0 0 0 0 0 0 0 0 0 0 0 3 3 3 0 0 0 0 15 22
P2525 2064 4 16 17 19 39 21 14 10 3 3 0 0 0 0 0 0 5 7 4 3 4 0 0 9 87 50 0 0 10 5 0 -999
P2525 2064 5 0 5 3 0 0 0 0 0 0 0 0 0 0 0 4 4 0 0 0 7 0 12 27 13 0 14 48 28 0 0 0
P2525 2064 6 0 0 17 23 20 0 0 0 0 0 11 0 0 0 0 0 0 0 19 13 17 0 0 0 0 0 24 0 0 0 -999
P2525 2064 7 71 59 0 0 0 0 0 0 0 0 0 0 0 0 0 56 0 0 0 0 0 0 0 0 0 0 0 0 0 0 0
P2525 2064 8 0 0 0 0 0 0 0 0 0 0 0 0 0 0 0 0 57 60 0 0 0 0 0 0 0 11 17 0 0 0 0
P2525 2064 9 0 0 0 0 0 18 57 0 27 29 21 27 0 0 0 0 0 0 0 10 17 25 10 0 0 11 9 4 0 0 -999
P2525 2064 10 0 0 0 0 0 0 0 0 0 0 12 29 48 68 18 0 0 0 0 0 0 0 0 0 0 5 0 0 0 0 0
P2525 2064 11 0 0 0 0 0 3 3 4 0 0 0 0 0 0 3 5 0 0 0 0 74 46 28 25 4 0 0 4 4 9 -999
P2525 2064 12 5 0 0 0 0 0 0 0 4 3 3 0 0 0 0 0 0 0 0 4 3 3 0 0 0 0 0 0 0 0 0
P2525 2065 1 0 3 7 4 3 8 138 135 7 84 11 3 0 0 0 0 0 0 0 0 0 0 0 0 0 0 0 0 0 0 0
P2525 2065 2 0 0 0 0 0 0 0 0 0 0 4 0 0 0 0 0 0 0 0 0 4 0 0 0 0 0 0 0 -999 -999 -999
P2525 2065 3 0 0 0 0 0 0 3 0 0 3 0 0 0 0 0 0 0 0 0 0 0 0 0 3 5 14 4 4 3 5 12
P2525 2065 4 3 3 5 4 4 9 0 0 0 0 15 135 124 92 124 68 11 0 0 0 0 0 0 0 4 5 6 0 3 4 -999
P2525 2065 5 0 0 0 0 6 8 19 77 25 3 3 0 0 4 4 0 0 0 0 0 4 5 0 0 0 0 0 0 0 0 5
P2525 2065 6 17 12 5 5 6 4 4 0 6 10 0 5 0 0 0 0 0 0 0 0 19 48 0 0 0 0 0 0 0 0 -999
P2525 2065 7 0 0 0 0 0 0 0 0 0 0 0 0 0 0 0 0 0 0 0 0 0 0 0 0 0 0 0 0 0 0 0
P2525 2065 8 0 0 0 0 0 0 0 0 0 0 0 0 0 0 0 0 0 0 0 0 0 0 0 0 0 0 0 0 0 0 0
P2525 2065 9 0 0 0 0 0 0 0 0 0 0 0 20 34 22 31 61 36 8 0 8 59 44 17 12 19 7 6 8 6 0 -999
P2525 2065 10 0 0 0 0 0 0 0 4 5 16 30 9 0 0 0 0 4 5 4 0 0 0 0 0 0 0 0 0 0 0 0
P2525 2065 11 0 0 0 0 0 0 0 0 0 0 0 0 0 0 0 0 0 0 12 0 0 0 0 0 0 0 5 0 0 0 -999
P2525 2065 12 0 0 0 0 0 0 0 0 0 0 3 0 0 0 0 0 0 0 0 0 3 4 20 5 3 0 0 4 0 0 0
P2525 2066 1 0 0 0 0 3 0 0 0 0 7 7 0 0 0 6 11 8 0 0 0 0 0 0 0 0 0 0 0 0 0 0
P2525 2066 2 0 0 0 0 5 4 4 4 0 0 0 0 0 0 0 0 6 19 5 4 0 0 0 4 0 3 0 4 -999 -999 -999
P2525 2066 3 4 4 5 14 59 3 3 7 78 7 0 0 0 4 3 3 3 3 0 21 16 6 3 0 0 0 0 0 4 4 3
P2525 2066 4 0 0 0 0 0 0 5 11 17 0 0 0 0 0 0 0 3 3 4 5 0 0 0 0 0 0 0 0 0 0 -999
P2525 2066 5 0 0 0 0 0 0 0 9 0 0 0 0 0 26 16 0 6 8 7 0 0 14 10 8 44 74 42 17 0 7 10
P2525 2066 6 15 0 0 0 0 0 0 0 8 7 0 0 0 0 0 0 0 0 0 0 0 0 0 0 53 0 0 0 0 0 -999
P2525 2066 7 0 0 0 0 0 0 0 0 0 0 0 0 0 0 0 0 0 0 0 0 59 64 0 0 0 0 0 0 0 11 0
P2525 2066 8 0 0 0 0 0 0 0 0 0 0 0 0 0 0 0 0 0 0 0 0 0 0 0 0 0 0 0 0 0 29 27
P2525 2066 9 22 0 0 0 0 0 0 0 0 0 0 0 0 0 0 0 0 0 0 0 0 0 0 0 0 0 0 0 0 0 -999
P2525 2066 10 8 0 0 0 0 0 0 0 0 0 0 0 10 6 3 3 0 0 4 0 0 7 8 26 47 21 10 5 5 5 4
P2525 2066 11 5 4 0 0 7 20 30 29 18 16 12 5 0 0 0 0 0 4 4 3 3 3 0 0 0 4 4 4 3 3 -999
P2525 2066 12 3 20 14 14 10 0 0 0 4 0 0 3 3 3 3 3 3 3 4 0 0 0 3 4 4 5 3 3 4 5 6
P2525 2067 1 4 8 22 89 29 21 22 110 60 5 3 4 32 28 3 3 3 3 4 3 0 4 8 16 5 3 3 3 19 123 26
P2525 2067 2 5 4 4 4 0 0 0 0 3 0 0 3 5 0 0 0 0 0 3 5 14 6 4 0 0 4 3 3 -999 -999 -999
P2525 2067 3 0 0 0 0 0 0 0 0 0 0 0 0 3 0 0 0 0 0 0 0 0 0 0 5 3 0 3 10 4 3 0
P2525 2067 4 0 0 0 0 0 0 4 22 11 3 4 0 5 6 10 41 5 3 3 4 5 0 0 0 3 3 3 3 4 0 -999
P2525 2067 5 0 0 8 0 10 28 12 7 21 17 5 4 5 5 4 4 0 3 4 9 7 4 0 0 0 0 0 0 0 0 0
P2525 2067 6 0 0 0 0 0 0 0 54 25 0 0 11 14 0 0 8 15 17 0 0 0 0 0 0 0 0 0 0 0 0 -999
P2525 2067 7 0 0 0 0 0 0 0 0 0 0 0 0 0 0 0 0 0 0 0 0 0 0 0 22 26 0 0 0 0 6 0
P2525 2067 8 0 0 0 0 0 0 0 0 0 0 0 0 0 0 0 0 0 0 0 0 0 0 0 24 0 0 0 0 0 0 0
P2525 2067 9 0 0 0 0 0 0 19 37 44 36 0 0 0 0 0 0 0 0 0 0 0 9 39 59 37 19 45 100 90 34 -999
P2525 2067 10 0 0 24 24 0 0 32 57 15 7 6 9 0 0 0 0 0 0 0 0 0 0 0 0 0 0 19 19 0 0 4
P2525 2067 11 0 0 3 4 4 4 5 4 3 0 0 0 0 0 0 0 0 0 4 0 0 0 0 0 0 3 3 0 0 0 -999
P2525 2067 12 0 0 0 0 3 3 4 0 3 0 0 3 3 3 0 0 0 0 0 0 0 0 0 0 0 0 0 0 0 0 0
P2525 2068 1 0 0 0 0 0 0 0 0 0 0 0 0 0 0 0 0 0 0 4 4 8 8 5 4 3 3 3 4 3 3 3
P2525 2068 2 0 0 0 0 0 0 3 5 8 7 3 9 9 5 32 9 15 0 0 0 0 0 0 4 13 8 0 0 -999 -999 -999
P2525 2068 3 0 0 0 0 5 68 70 59 39 63 4 4 4 0 0 8 0 0 5 4 0 0 0 0 0 0 0 0 0 0 0
P2525 2068 4 0 0 0 0 3 3 0 0 0 0 0 0 0 0 0 0 0 0 0 0 0 4 4 5 4 0 0 3 3 0 -999
P2525 2068 5 0 0 0 9 99 144 17 4 5 0 0 5 6 3 4 4 5 8 10 20 5 4 0 7 4 6 0 0 0 28 22
P2525 2068 6 15 0 0 6 0 0 0 0 0 0 0 0 0 0 0 0 0 0 0 74 71 0 0 0 0 0 0 0 0 0 -999
P2525 2068 7 0 0 0 0 0 0 0 0 0 0 0 0 0 0 0 0 0 0 0 0 0 0 0 0 0 0 0 0 0 0 0
P2525 2068 8 0 0 0 0 0 0 0 0 0 0 0 0 0 0 0 0 0 0 0 0 0 0 0 0 0 11 6 0 0 0 0
P2525 2068 9 0 0 0 0 0 0 0 0 0 0 0 0 0 0 0 0 0 0 11 27 17 11 5 6 34 16 12 7 13 6 -999
P2525 2068 10 4 23 24 6 6 7 0 0 0 0 0 0 8 12 0 0 0 0 5 6 0 0 4 4 3 0 0 0 0 0 0
P2525 2068 11 0 0 0 0 0 9 8 6 0 0 0 0 0 0 0 3 3 0 0 0 3 3 4 6 4 0 0 35 12 5 -999
P2525 2068 12 0 0 3 0 3 4 4 0 0 0 3 0 0 0 3 4 5 5 4 0 0 0 0 0 0 0 0 0 0 0 0
P2525 2069 1 0 0 0 0 0 0 0 3 3 5 3 3 4 3 0 0 0 0 0 0 0 10 5 8 8 5 4 3 3 3 3
P2525 2069 2 3 0 0 0 3 3 3 0 3 3 3 0 0 0 0 0 7 0 0 0 0 0 0 0 0 0 0 0 -999 -999 -999
P2525 2069 3 3 4 5 6 4 4 4 4 3 4 4 4 3 0 0 0 0 0 0 0 0 0 0 0 0 0 0 3 3 3 0
P2525 2069 4 0 0 0 0 0 0 3 4 3 3 4 3 3 3 4 6 4 0 4 4 0 0 0 0 0 0 0 4 7 18 -999
P2525 2069 5 4 3 0 0 0 5 6 8 3 3 0 0 0 0 0 0 0 0 4 6 4 0 0 0 6 9 8 5 3 0 0
P2525 2069 6 0 6 13 0 0 0 0 0 0 0 0 0 0 0 0 0 0 0 0 0 0 0 0 0 0 0 0 0 0 0 -999
P2525 2069 7 0 5 7 8 0 0 0 0 0 0 0 0 0 0 0 0 0 0 0 0 0 0 0 0 0 0 0 0 0 0 0
P2525 2069 8 0 0 0 0 0 0 0 0 0 0 0 0 0 0 0 0 0 0 0 0 0 0 65 54 0 0 0 0 0 0 0
P2525 2069 9 0 0 19 11 0 0 14 0 0 0 0 0 0 0 0 0 0 0 12 6 0 0 0 0 0 0 4 3 0 4 -999
P2525 2069 10 4 7 6 5 6 0 0 0 0 0 0 0 0 0 0 0 4 3 0 0 3 5 3 3 3 3 4 0 0 0 0
P2525 2069 11 7 6 3 0 0 0 0 0 0 6 62 150 92 37 4 4 17 18 0 10 6 0 0 3 4 0 0 0 3 3 -999
P2525 2069 12 0 0 3 14 61 119 5 0 0 0 0 0 0 0 0 0 0 0 0 0 0 0 3 3 0 0 0 0 6 0 0
P2525 2070 1 7 4 0 0 0 0 0 0 3 0 0 0 0 0 0 0 0 0 0 0 3 4 6 3 0 3 3 3 0 3 3
P2525 2070 2 3 3 3 3 4 0 0 0 3 3 3 3 9 31 30 24 10 3 0 0 0 0 3 3 4 3 4 4 -999 -999 -999
P2525 2070 3 5 0 0 0 0 0 5 7 22 20 14 8 3 5 0 0 0 0 0 0 3 4 3 0 12 5 0 0 0 0 0
P2525 2070 4 4 11 3 0 0 3 3 3 3 0 0 3 3 5 5 0 3 4 4 0 5 7 3 3 3 3 0 3 4 5 -999
P2525 2070 5 0 0 0 0 4 5 11 6 0 0 0 0 5 21 5 3 0 0 0 0 0 0 0 13 0 0 0 6 11 34 99
P2525 2070 6 100 16 0 0 6 7 0 0 0 0 0 9 34 141 90 50 0 0 0 0 0 0 0 0 0 0 0 0 0 0 -999
P2525 2070 7 0 0 0 0 0 0 0 0 0 0 0 0 0 0 0 0 0 0 0 0 0 0 0 0 0 0 0 0 0 33 29
P2525 2070 8 42 0 0 0 0 0 0 0 0 23 0 0 0 0 0 0 0 0 0 0 0 0 0 0 0 0 0 0 0 0 0
P2525 2070 9 0 0 0 0 0 17 20 0 0 0 0 0 0 11 25 21 0 0 0 0 15 0 0 40 66 24 0 19 13 14 -999
P2525 2070 10 20 53 83 0 0 0 12 48 22 15 29 31 12 5 5 10 6 0 8 7 4 5 4 0 0 0 0 0 0 4 30
P2525 2070 11 121 119 12 4 3 0 0 0 3 5 0 0 3 3 0 0 0 5 0 0 0 0 3 0 0 0 0 0 0 0 -999
P2525 2070 12 0 0 0 0 0 0 0 0 0 0 0 5 5 0 0 0 0 0 0 0 0 3 0 0 0 0 0 3 0 0 0
P2525 2071 1 0 0 0 3 3 3 4 0 3 3 3 0 0 3 3 7 102 48 12 3 4 4 4 3 3 3 0 0 0 0 3
P2525 2071 2 3 0 0 0 0 3 0 0 0 0 0 0 0 0 0 0 0 0 0 0 0 3 0 0 0 3 3 0 -999 -999 -999
P2525 2071 3 0 0 0 0 0 0 0 0 0 0 3 0 0 0 4 5 8 15 6 4 0 0 0 45 19 0 0 0 0 6 7
P2525 2071 4 14 7 6 7 6 0 0 0 0 0 0 0 0 0 0 0 9 0 0 0 11 6 9 8 0 0 0 0 0 0 -999
P2525 2071 5 0 0 0 0 0 0 7 0 0 7 0 0 0 0 4 5 5 0 17 47 136 157 36 8 0 0 0 0 0 13 15
P2525 2071 6 12 13 14 7 9 29 15 4 0 0 0 0 0 0 0 0 0 0 0 0 0 0 0 0 0 0 0 0 0 0 -999
P2525 2071 7 0 0 0 0 0 0 0 0 0 0 0 0 0 0 0 0 0 0 0 0 0 0 0 0 32 21 0 0 0 0 0
P2525 2071 8 0 0 0 0 0 12 23 0 0 0 0 0 0 25 58 0 0 0 0 0 0 0 0 0 0 0 0 0 0 0 0
P2525 2071 9 0 0 0 0 0 0 0 17 33 0 0 0 0 41 44 0 0 0 0 0 0 15 0 0 0 0 0 0 0 0 -999
P2525 2071 10 0 0 7 0 0 0 0 4 7 13 5 0 0 0 0 0 0 0 0 0 0 0 0 0 0 0 0 0 0 0 0
P2525 2071 11 0 3 0 0 0 0 0 4 9 8 8 3 0 0 0 0 4 5 0 0 0 0 0 0 0 0 4 3 0 0 -999
P2525 2071 12 0 0 0 0 0 0 0 4 0 0 0 0 0 0 0 0 0 0 8 0 0 0 0 0 0 0 0 0 0 0 0
P2525 2072 1 0 0 0 0 0 0 5 6 0 0 3 4 3 0 0 0 0 0 0 0 0 4 4 6 0 0 4 3 3 3 0
P2525 2072 2 0 0 0 0 0 3 0 0 0 3 3 3 3 5 4 18 17 4 4 5 3 3 3 3 0 0 0 4 -999 -999 -999
P2525 2072 3 0 0 0 0 4 6 3 3 0 0 0 0 0 0 0 0 0 0 4 9 12 12 19 8 4 0 37 173 109 5 0
P2525 2072 4 0 0 0 0 12 36 7 22 13 3 4 3 5 39 98 15 6 4 19 58 79 93 110 31 12 27 107 77 41 13 -999
P2525 2072 5 13 0 15 18 0 0 4 6 17 39 9 6 4 0 0 5 6 5 6 0 0 0 0 0 0 0 6 7 9 13 24
P2525 2072 6 16 22 124 37 6 0 0 22 19 10 0 0 0 0 48 12 0 0 0 0 0 0 0 0 0 0 0 0 0 0 -999
P2525 2072 7 0 0 0 0 0 0 0 0 0 0 0 0 0 0 0 0 0 0 0 0 0 0 0 0 0 0 0 0 0 0 0
P2525 2072 8 0 0 0 0 0 0 0 0 0 0 0 0 0 0 0 0 0 0 0 0 0 0 0 20 0 0 0 0 0 0 0
P2525 2072 9 0 0 0 0 0 0 0 0 0 0 0 0 0 0 0 0 0 0 13 17 0 0 0 0 0 0 9 16 17 0 -999
P2525 2072 10 0 5 5 5 0 7 7 10 0 0 0 0 0 11 13 9 9 5 4 0 0 0 0 5 5 5 0 0 0 3 3
P2525 2072 11 0 0 0 0 3 3 4 4 4 3 3 3 4 13 59 101 68 17 0 0 0 0 0 4 5 4 3 7 29 14 -999
P2525 2072 12 0 0 0 0 0 0 0 0 0 0 0 0 0 0 0 0 0 0 0 0 0 0 0 0 0 0 0 0 0 9 0
P2525 2073 1 0 0 0 0 0 0 0 0 0 0 0 0 5 0 0 0 0 0 0 0 0 0 0 0 0 0 0 0 0 0 0
P2525 2073 2 0 0 0 3 3 0 0 0 3 3 4 15 27 3 3 3 3 8 7 0 0 0 0 0 0 0 0 0 -999 -999 -999
P2525 2073 3 0 0 0 0 0 0 0 0 3 3 6 4 0 0 0 0 0 0 3 3 3 3 0 0 0 0 0 0 3 0 0
P2525 2073 4 0 0 0 0 0 0 0 0 0 9 10 6 7 27 88 42 13 5 10 8 5 0 6 10 12 5 3 0 0 0 -999
P2525 2073 5 0 5 17 0 0 0 0 0 0 9 0 0 0 0 0 4 3 3 7 4 3 0 0 4 3 0 0 3 0 0 4
P2525 2073 6 4 0 0 0 0 0 0 0 0 20 0 0 0 6 5 0 7 10 0 10 19 72 34 0 0 0 0 9 0 0 -999
P2525 2073 7 0 0 0 0 0 0 0 0 0 0 0 0 0 0 0 0 0 0 0 0 0 0 0 0 0 0 0 0 0 0 31
P2525 2073 8 0 0 0 0 38 103 87 0 0 0 0 0 0 117 111 91 92 99 109 68 15 0 0 0 0 0 56 64 0 0 0
P2525 2073 9 0 0 0 9 0 19 17 11 0 0 0 5 6 0 0 0 0 0 0 0 5 0 0 0 0 0 0 7 13 13 -999
P2525 2073 10 7 7 0 0 0 0 0 8 4 5 4 0 0 11 11 8 0 0 4 5 0 0 0 0 0 0 0 4 5 22 16
P2525 2073 11 15 5 4 4 0 0 7 20 3 3 3 3 3 4 0 0 0 5 0 4 4 0 3 6 5 7 5 4 4 4 -999
P2525 2073 12 8 6 4 4 3 0 3 0 0 0 0 0 0 0 0 0 0 0 0 0 0 0 0 0 3 4 0 0 0 0 0
P2525 2074 1 0 0 0 0 0 0 0 0 0 0 0 0 0 0 0 0 0 0 3 6 4 0 0 0 0 4 0 0 4 4 0
P2525 2074 2 0 0 0 0 0 0 0 0 3 3 0 0 0 0 0 0 0 0 0 0 0 0 0 0 0 0 4 5 -999 -999 -999
P2525 2074 3 0 5 0 0 0 0 0 0 0 0 0 0 0 0 0 0 0 0 0 0 0 0 0 0 0 0 0 0 0 0 4
P2525 2074 4 75 19 0 0 0 0 0 0 0 0 0 0 0 0 0 0 0 0 0 0 0 0 0 0 3 5 4 0 0 0 -999
P2525 2074 5 0 6 0 7 10 15 8 5 9 73 54 7 3 0 4 0 0 0 0 4 4 3 0 0 0 0 0 9 18 6 0
P2525 2074 6 0 0 0 0 0 0 0 0 0 0 0 0 0 0 0 0 0 6 10 0 0 14 0 0 0 11 24 0 0 0 -999
P2525 2074 7 0 24 52 0 0 0 0 0 0 0 0 0 0 0 0 0 0 0 0 0 0 0 0 0 0 0 0 0 0 0 0
P2525 2074 8 0 0 0 0 0 0 0 0 0 0 0 0 0 0 0 0 0 0 0 0 0 0 0 0 0 0 0 0 0 0 0
P2525 2074 9 0 0 0 0 0 0 0 0 17 12 0 0 0 0 0 0 0 0 0 0 0 0 0 4 4 6 7 0 0 0 -999
P2525 2074 10 0 0 4 0 0 0 0 0 4 3 0 0 0 0 0 0 0 0 5 5 0 0 0 0 0 0 0 0 4 0 0
P2525 2074 11 0 0 0 0 0 0 0 0 0 3 6 9 0 0 0 0 3 40 146 171 174 76 4 3 4 7 8 5 4 8 -999
P2525 2074 12 0 0 5 4 7 7 0 0 0 0 0 0 3 25 5 3 3 3 0 0 3 3 4 9 37 20 8 4 5 3 3
P2525 2075 1 7 69 41 3 3 3 3 3 3 3 0 0 0 3 0 0 0 0 0 0 0 0 0 0 0 8 4 0 3 3 3
P2525 2075 2 0 0 0 0 0 3 3 3 0 0 0 0 0 0 4 4 0 4 3 3 19 7 4 0 0 0 0 0 -999 -999 -999
P2525 2075 3 0 0 5 16 95 72 10 11 15 60 4 4 4 3 3 0 0 0 3 3 3 7 5 3 3 0 3 3 3 4 4
P2525 2075 4 4 3 0 0 0 0 0 0 4 0 0 0 0 0 0 0 0 0 0 0 0 0 0 0 0 0 67 149 123 48 -999
P2525 2075 5 28 88 53 4 3 6 5 4 4 4 5 12 9 4 3 3 3 4 7 9 3 4 0 0 0 0 0 0 7 0 0
P2525 2075 6 0 0 7 8 0 0 7 0 0 0 0 7 0 0 0 0 0 0 0 0 0 0 0 0 0 0 0 0 0 0 -999
P2525 2075 7 0 0 0 0 0 0 0 0 0 0 0 0 0 124 104 0 0 0 0 0 0 0 0 0 0 59 54 0 0 0 0
P2525 2075 8 0 0 0 0 0 0 0 0 0 26 0 0 0 0 0 37 23 0 0 0 0 12 25 14 0 0 0 0 0 0 0
P2525 2075 9 0 0 0 0 0 0 0 0 0 0 0 0 0 0 0 0 0 0 0 0 0 0 0 0 0 27 23 15 6 0 -999
P2525 2075 10 0 0 6 4 0 0 0 0 3 0 0 0 0 0 0 0 0 5 8 8 3 0 0 0 0 0 0 4 7 15 0
P2525 2075 11 0 0 8 5 6 6 12 5 4 3 0 0 3 0 0 0 3 3 0 0 0 0 0 0 0 0 3 5 3 0 -999
P2525 2075 12 0 0 0 5 0 0 3 4 3 5 0 3 0 0 0 0 0 0 0 0 0 0 3 0 0 0 4 4 0 0 10
P2525 2076 1 13 0 0 0 0 0 0 0 0 0 0 0 0 0 0 3 0 0 0 0 0 0 0 0 0 0 0 3 11 3 0
P2525 2076 2 0 0 0 0 0 0 0 0 0 0 0 0 0 0 0 0 0 0 0 0 0 0 0 0 0 0 0 0 -999 -999 -999
P2525 2076 3 0 0 0 0 0 3 4 6 37 42 8 0 12 12 7 4 4 6 3 0 0 0 0 0 0 0 0 0 0 0 0
P2525 2076 4 0 4 5 10 9 8 0 0 0 0 0 0 4 0 0 5 0 21 33 136 142 105 92 22 0 0 9 12 11 9 -999
P2525 2076 5 9 8 4 3 3 0 0 0 5 0 0 0 7 17 5 0 0 4 9 28 6 5 4 0 0 11 8 5 4 3 0
P2525 2076 6 4 12 7 0 0 0 0 6 0 0 0 0 0 0 0 0 8 16 0 0 0 6 7 8 6 8 0 10 24 24 -999
P2525 2076 7 0 0 0 0 0 0 0 8 13 22 28 0 0 0 0 0 0 0 0 0 0 0 0 0 0 0 0 0 0 0 0
P2525 2076 8 0 0 0 0 0 0 0 0 0 0 0 0 0 0 0 0 0 0 0 0 0 0 0 0 0 0 0 0 0 0 0
P2525 2076 9 0 0 0 0 0 0 0 0 0 0 0 0 0 0 0 16 34 61 0 0 0 0 15 7 0 0 20 6 5 0 -999
P2525 2076 10 0 0 5 0 0 0 0 0 0 0 7 13 23 25 12 0 0 3 4 0 0 4 4 0 0 0 0 0 0 0 0
P2525 2076 11 0 0 0 0 0 0 0 0 0 4 4 3 6 21 46 122 171 12 3 0 0 0 0 6 0 0 0 0 0 0 -999
P2525 2076 12 0 0 0 0 0 0 0 0 0 6 0 0 0 0 0 3 34 50 0 0 0 0 0 0 0 0 0 0 0 0 4
P2525 2077 1 9 8 0 0 0 0 0 0 0 0 0 0 0 0 3 0 0 0 4 42 94 13 7 5 3 0 3 0 0 0 0
P2525 2077 2 0 0 0 0 3 5 7 4 19 24 6 4 4 0 0 0 3 0 0 0 0 0 0 0 0 0 0 0 -999 -999 -999
P2525 2077 3 0 0 0 0 0 4 5 0 0 4 5 4 5 6 15 122 43 145 6 5 11 7 0 0 7 3 3 0 0 0 4
P2525 2077 4 4 0 0 0 0 0 0 0 3 0 0 0 0 0 0 0 0 0 0 0 0 0 0 0 5 6 6 0 0 0 -999
P2525 2077 5 0 0 0 0 9 33 69 38 7 4 4 0 0 0 0 0 0 0 0 0 0 0 21 25 29 48 18 10 0 0 0
P2525 2077 6 0 5 9 6 0 0 0 0 0 7 14 8 6 9 12 15 0 0 0 0 0 0 0 0 0 0 0 0 0 0 -999
P2525 2077 7 0 0 0 0 0 0 0 0 0 0 0 0 0 0 0 0 0 0 0 0 0 0 0 0 0 0 0 0 0 0 0
P2525 2077 8 0 0 0 0 51 0 0 0 0 0 0 0 0 0 0 0 0 0 0 0 0 0 0 0 0 0 0 0 0 0 0
P2525 2077 9 0 0 0 0 0 0 0 0 0 0 0 0 0 0 0 0 0 0 0 0 0 0 40 0 0 0 0 6 0 6 -999
P2525 2077 10 0 0 0 0 0 0 0 0 0 0 0 0 0 0 0 0 0 0 0 0 0 5 5 0 0 0 0 3 0 0 0
P2525 2077 11 0 0 4 4 3 3 4 4 5 5 4 4 5 18 5 3 3 3 0 0 0 4 8 21 19 25 28 9 6 0 -999
P2525 2077 12 0 0 0 0 0 0 0 0 0 3 3 0 0 0 3 3 3 11 4 3 0 0 0 3 3 3 3 3 0 0 0
P2525 2078 1 0 6 3 0 0 3 0 0 0 3 0 0 0 0 0 0 0 0 0 0 0 0 3 3 0 0 0 0 0 0 0
P2525 2078 2 0 0 0 0 0 3 3 3 0 0 0 3 9 3 0 0 0 0 0 0 4 3 4 0 0 0 0 19 -999 -999 -999
P2525 2078 3 108 152 127 22 0 5 3 4 0 8 25 4 3 3 3 0 0 0 0 0 0 0 0 0 0 0 0 0 0 3 0
P2525 2078 4 0 3 3 6 4 5 3 3 3 0 0 0 6 9 9 7 26 92 3 3 0 0 0 0 4 4 4 5 18 6 -999
P2525 2078 5 4 3 0 5 4 3 3 0 0 0 0 7 34 17 8 11 11 6 11 6 0 0 0 0 0 0 0 0 0 0 0
P2525 2078 6 0 0 0 0 0 0 0 0 0 0 0 0 0 0 0 0 0 0 0 0 0 0 0 0 0 0 0 0 0 0 -999
P2525 2078 7 0 0 0 0 0 0 0 0 0 0 0 0 0 0 0 0 0 0 0 0 0 0 0 0 0 0 0 0 0 0 0
P2525 2078 8 0 0 0 0 0 0 0 0 0 0 0 0 0 0 0 0 0 0 0 0 0 0 0 0 0 0 0 7 9 17 19
P2525 2078 9 0 0 9 5 0 0 0 0 0 29 0 0 0 0 0 34 38 19 0 0 0 0 0 0 0 0 0 0 0 0 -999
P2525 2078 10 0 0 0 0 0 0 0 0 0 0 0 0 0 0 0 0 0 0 0 0 0 0 0 7 6 4 7 0 4 6 34
P2525 2078 11 67 96 44 5 4 0 0 0 0 0 0 0 0 0 0 0 0 0 0 0 0 0 0 0 6 0 0 3 3 0 -999
P2525 2078 12 0 0 0 0 0 0 0 0 0 0 0 0 0 0 3 9 5 3 0 0 0 0 0 0 4 3 4 4 3 0 3
P2525 2079 1 7 4 0 0 7 5 6 0 0 0 0 0 0 0 0 0 0 0 0 0 0 0 0 0 0 4 4 3 0 0 0
P2525 2079 2 0 0 0 0 3 5 6 4 3 4 8 24 48 24 5 4 5 0 4 6 10 5 25 10 4 20 66 7 -999 -999 -999
P2525 2079 3 0 4 4 0 0 0 0 0 6 4 5 5 0 4 6 4 0 5 6 18 68 12 4 5 6 9 15 12 7 7 23
P2525 2079 4 142 123 9 5 14 12 17 25 6 0 0 0 6 0 0 0 0 0 0 4 4 0 0 0 0 8 7 5 0 7 -999
P2525 2079 5 6 3 3 5 23 12 0 0 0 0 0 30 40 66 120 153 93 0 0 0 0 0 0 0 0 0 0 0 0 0 0
P2525 2079 6 0 0 0 0 0 0 0 0 0 0 0 0 12 37 0 0 0 0 0 0 0 0 0 0 0 0 0 0 26 28 -999
P2525 2079 7 0 0 0 0 0 0 0 0 0 0 0 27 0 0 20 0 0 0 0 0 0 0 0 0 0 0 0 0 0 0 0
P2525 2079 8 0 0 0 31 0 0 0 0 0 0 0 0 0 0 31 55 0 0 0 0 0 0 0 0 0 0 0 0 0 0 0
P2525 2079 9 0 0 58 61 0 0 37 0 0 14 6 0 0 0 0 0 21 21 0 0 0 0 0 0 0 0 0 0 0 9 -999
P2525 2079 10 20 99 147 93 31 33 10 9 19 15 0 0 0 7 9 0 0 11 12 6 4 3 0 0 0 0 0 0 0 0 0
P2525 2079 11 0 0 4 0 3 0 0 0 0 0 0 0 0 0 0 0 0 0 0 0 0 0 0 0 0 3 3 0 0 4 -999
P2525 2079 12 6 0 0 0 0 3 3 3 0 0 0 0 0 0 0 3 3 3 3 3 0 0 0 0 0 0 0 0 0 0 0
P2525 2080 1 0 0 0 0 0 0 0 0 0 0 0 3 3 3 13 0 0 0 3 3 13 4 3 4 5 0 0 0 0 0 0
P2525 2080 2 0 0 0 0 0 0 0 0 0 0 4 4 3 0 0 0 0 3 0 0 3 4 4 5 0 0 0 0 -999 -999 -999
P2525 2080 3 0 0 0 0 0 0 0 0 6 0 0 0 0 0 0 0 0 0 0 0 0 0 0 0 0 0 0 4 4 4 0
P2525 2080 4 6 0 3 10 13 8 4 3 3 3 4 5 6 5 4 5 5 3 3 3 4 5 0 5 11 21 7 8 8 13 -999
P2525 2080 5 140 112 5 3 0 0 0 0 0 0 0 0 0 0 0 16 18 9 0 0 0 0 0 7 13 0 17 31 77 91 10
P2525 2080 6 0 9 28 11 0 0 5 6 5 5 0 0 6 10 10 0 0 0 7 9 16 0 0 0 0 0 0 0 0 0 -999
P2525 2080 7 0 0 0 0 0 0 0 0 0 0 0 0 0 24 0 0 0 0 0 0 0 0 0 0 0 0 0 0 0 0 0
P2525 2080 8 0 0 0 0 0 39 53 43 23 15 0 0 0 0 28 0 0 0 0 0 0 35 0 6 4 0 0 0 0 0 0
P2525 2080 9 0 0 0 0 0 0 14 0 53 123 87 15 7 9 0 0 0 0 0 0 0 10 10 8 4 4 14 29 0 0 -999
P2525 2080 10 0 0 0 0 0 0 0 0 0 0 0 3 4 0 0 0 7 6 0 0 0 0 4 4 4 5 13 0 0 0 0
P2525 2080 11 0 0 0 0 3 6 5 0 0 3 3 4 0 0 0 0 0 0 0 0 0 0 0 0 0 0 0 0 0 0 -999
P2525 2080 12 0 0 0 0 0 0 0 0 0 0 4 48 9 0 0 0 0 0 0 0 0 0 3 3 14 117 6 4 3 0 0
P2525 2081 1 0 0 19 13 0 0 0 0 0 0 0 0 0 0 0 0 0 0 3 4 4 3 0 0 4 0 0 0 0 0 0
P2525 2081 2 4 3 4 5 5 6 0 0 0 0 0 0 0 0 0 0 0 3 0 4 4 4 3 3 0 0 0 0 -999 -999 -999
P2525 2081 3 0 0 0 0 0 0 0 0 0 0 0 0 0 3 5 3 4 3 3 3 4 37 13 3 7 6 10 4 3 0 26
P2525 2081 4 5 3 0 3 5 0 0 0 0 0 0 0 0 0 0 0 0 0 0 0 0 8 14 37 22 13 17 9 6 4 -999
P2525 2081 5 5 4 0 0 0 0 3 3 0 3 0 0 0 0 0 0 0 0 0 0 0 0 0 5 8 0 8 27 6 3 0
P2525 2081 6 0 0 0 0 0 14 64 12 7 13 44 4 0 14 0 0 0 0 7 9 10 0 0 0 0 0 0 0 0 0 -999
P2525 2081 7 0 0 0 0 0 0 0 0 0 0 0 0 0 0 0 0 0 0 0 0 0 0 0 0 0 0 0 0 0 0 0
P2525 2081 8 0 0 0 0 0 0 0 0 0 0 0 0 0 0 30 50 0 0 0 0 0 0 0 15 55 20 0 0 0 0 0
P2525 2081 9 0 0 0 0 0 0 0 0 0 0 0 0 0 0 18 0 43 42 26 0 0 15 31 25 15 0 0 0 7 0 -999
P2525 2081 10 0 0 4 7 6 0 0 0 0 9 91 28 10 5 5 10 96 133 11 3 3 0 0 0 0 0 0 0 0 0 4
P2525 2081 11 8 10 10 15 8 0 0 0 0 4 6 4 0 0 3 3 4 7 3 3 4 0 3 0 0 0 0 0 3 3 -999
P2525 2081 12 3 0 0 0 3 3 0 4 6 6 8 0 0 0 0 0 0 0 0 4 4 4 3 0 0 3 4 5 3 0 0
P2525 2082 1 0 4 10 0 0 0 3 3 3 0 5 0 0 0 3 3 0 0 0 0 0 0 0 0 0 0 5 3 4 4 4
P2525 2082 2 0 0 0 0 3 4 0 0 0 0 0 3 0 0 0 0 0 0 0 0 0 0 0 0 0 0 0 0 -999 -999 -999
P2525 2082 3 0 0 0 3 7 0 0 0 8 6 4 4 0 0 0 0 0 0 3 3 4 15 3 3 3 0 3 3 15 10 101
P2525 2082 4 164 160 177 91 4 3 6 11 6 6 3 3 3 0 0 3 4 7 15 65 63 58 12 6 27 66 27 6 3 0 -999
P2525 2082 5 0 0 0 0 0 0 0 0 0 0 0 0 0 0 0 0 0 0 0 0 0 0 16 17 12 8 11 14 23 29 0
P2525 2082 6 0 0 5 6 0 0 5 5 5 5 4 0 0 6 0 11 9 7 4 0 0 0 0 0 0 0 0 0 0 0 -999
P2525 2082 7 0 0 0 0 0 0 0 0 0 0 0 0 0 0 0 0 0 0 0 0 0 0 0 0 0 0 0 0 0 0 0
P2525 2082 8 0 0 0 0 0 0 0 0 0 0 0 0 0 0 0 0 0 0 0 0 0 0 0 23 21 0 0 0 0 0 0
P2525 2082 9 0 44 50 116 71 0 0 0 0 0 0 0 0 0 0 0 0 0 0 9 20 44 7 7 18 29 17 9 7 0 -999
P2525 2082 10 0 0 0 0 11 64 117 47 0 0 0 0 0 0 0 0 0 0 8 4 3 4 7 0 0 0 0 0 0 0 0
P2525 2082 11 0 0 5 5 6 6 0 0 0 0 0 0 0 0 0 4 3 0 0 0 4 4 3 4 13 66 5 0 0 3 -999
P2525 2082 12 0 0 0 4 0 0 0 0 0 0 10 0 0 0 0 0 0 9 0 0 0 0 0 0 0 0 0 0 0 0 0
P2525 2083 1 0 0 0 0 0 0 0 0 0 0 0 0 0 3 5 9 9 6 9 39 37 83 29 5 3 0 3 3 4 4 3
P2525 2083 2 0 3 0 0 0 0 0 0 3 3 3 3 4 3 0 0 3 3 6 7 4 0 0 0 0 0 4 3 -999 -999 -999
P2525 2083 3 6 0 0 0 0 0 4 3 0 0 0 0 0 0 0 0 0 0 0 0 0 0 0 0 0 0 0 4 7 3 3
P2525 2083 4 3 16 10 3 0 0 0 0 0 5 3 0 0 0 7 4 0 0 4 3 3 4 4 4 4 0 0 0 0 0 -999
P2525 2083 5 0 0 6 0 12 8 0 0 0 5 0 6 0 0 0 41 0 0 0 0 0 7 6 18 11 0 11 10 0 0 0
P2525 2083 6 0 0 0 0 0 0 0 0 33 53 0 0 0 0 0 0 0 0 0 15 11 0 0 0 0 0 0 0 0 0 -999
P2525 2083 7 0 0 15 42 0 0 0 0 0 0 0 0 0 0 0 0 0 0 0 0 0 56 0 0 0 0 0 7 0 0 0
P2525 2083 8 0 0 0 0 0 0 0 0 0 0 0 0 0 0 0 0 0 0 0 0 0 0 0 0 0 0 0 0 0 0 0
P2525 2083 9 0 0 0 0 0 0 0 0 0 0 0 0 0 0 0 0 0 0 0 0 0 0 0 0 0 0 0 0 0 54 -999
P2525 2083 10 51 24 17 8 0 0 0 0 0 0 0 0 0 0 0 0 0 0 0 12 0 0 0 0 5 6 0 0 0 0 0
P2525 2083 11 0 17 22 7 5 0 0 0 5 0 0 0 0 3 3 0 0 3 0 0 0 0 0 3 5 0 0 0 0 0 -999
P2525 2083 12 0 0 0 0 0 0 0 3 4 8 3 4 9 0 0 9 3 4 6 0 0 0 0 0 0 0 0 0 0 0 0
P2525 2084 1 0 0 0 0 0 0 0 0 0 0 0 0 0 0 0 0 0 3 3 3 0 3 3 3 3 3 0 0 0 0 0
P2525 2084 2 0 0 0 4 5 4 0 0 0 0 0 3 3 3 0 0 0 3 4 3 4 0 6 4 8 7 26 7 -999 -999 -999
P2525 2084 3 0 10 9 25 78 142 140 109 40 65 53 96 15 4 3 3 4 5 3 3 3 0 0 3 4 5 16 9 4 8 7
P2525 2084 4 3 4 6 7 5 3 0 0 0 0 4 3 0 0 0 0 0 0 0 0 0 0 0 0 0 0 0 0 0 0 -999
P2525 2084 5 0 0 0 5 0 0 0 4 22 10 0 5 15 0 0 6 0 0 0 0 0 0 36 0 9 7 6 5 0 0 0
P2525 2084 6 0 0 0 0 0 0 0 0 0 9 19 16 11 11 9 0 0 0 0 0 0 0 0 16 23 0 0 0 0 0 -999
P2525 2084 7 0 0 0 0 0 0 0 0 0 0 0 0 0 0 0 0 0 0 0 0 0 0 0 0 0 0 0 0 0 0 0
P2525 2084 8 0 0 0 0 0 0 0 0 0 0 0 0 0 0 0 38 51 15 14 61 43 18 0 0 0 0 0 0 0 0 23
P2525 2084 9 0 0 0 0 0 0 0 0 15 0 0 0 0 0 0 0 0 24 0 0 0 0 0 15 0 0 0 0 0 0 -999
P2525 2084 10 0 0 0 0 0 0 0 0 0 0 0 0 0 0 0 6 0 0 7 6 0 0 0 3 6 0 0 0 0 0 0
P2525 2084 11 0 0 0 0 3 3 3 0 4 10 18 4 5 8 4 0 0 0 0 0 0 0 0 0 0 9 28 10 0 0 -999
P2525 2084 12 0 0 4 4 4 3 4 0 0 0 0 0 0 0 0 0 0 0 0 0 0 0 0 0 0 0 3 0 0 0 0
P2525 2085 1 0 0 0 0 0 0 0 0 0 0 0 0 0 0 0 0 0 0 0 0 0 0 0 0 0 0 4 4 0 0 0
P2525 2085 2 0 0 0 0 0 0 0 0 0 0 0 0 0 0 0 5 7 12 0 0 0 0 0 0 0 0 3 4 -999 -999 -999
P2525 2085 3 0 0 0 0 5 7 0 33 10 7 5 7 14 0 6 8 7 3 4 3 3 4 3 0 0 0 0 0 0 7 4
P2525 2085 4 3 0 3 3 0 0 0 0 0 5 0 0 0 3 8 9 0 0 0 0 0 0 0 0 0 0 4 3 4 3 -999
P2525 2085 5 5 6 10 8 5 4 0 0 4 4 6 5 4 4 4 4 4 3 5 10 8 5 0 0 0 3 0 0 0 0 0
P2525 2085 6 0 0 0 0 0 36 70 60 70 63 13 0 0 0 0 0 0 0 16 25 13 0 0 0 0 17 83 22 0 0 -999
P2525 2085 7 0 0 0 0 0 0 0 0 0 0 0 0 0 0 0 0 0 0 0 0 0 0 0 0 0 0 0 0 0 0 0
P2525 2085 8 0 0 0 0 0 0 0 0 0 0 0 0 0 0 0 0 0 0 0 0 0 0 0 0 0 0 0 0 0 0 0
P2525 2085 9 0 0 0 26 20 0 0 0 0 0 0 0 0 0 0 0 0 0 0 0 0 6 0 8 17 7 0 0 0 0 -999
P2525 2085 10 0 0 10 13 7 0 0 7 20 47 19 11 55 51 18 5 13 104 53 0 0 0 0 0 0 0 0 0 0 0 0
P2525 2085 11 0 0 5 8 4 0 0 0 0 0 0 0 0 0 0 0 0 0 3 3 3 3 3 4 5 3 3 0 0 0 -999
P2525 2085 12 0 3 3 3 0 3 0 0 0 0 0 0 0 0 0 0 0 0 0 0 0 0 5 7 10 15 5 4 0 0 3
P2525 2086 1 4 13 19 4 3 0 0 60 58 21 8 0 9 0 0 0 0 0 0 0 0 0 0 0 0 0 0 0 0 0 0
P2525 2086 2 0 0 0 0 0 0 0 0 0 0 0 0 0 0 0 0 0 0 3 0 3 4 3 6 7 7 6 4 -999 -999 -999
P2525 2086 3 0 0 0 0 0 0 0 0 0 0 0 4 0 0 0 0 0 0 0 0 0 0 4 0 0 0 0 0 0 0 5
P2525 2086 4 6 8 18 4 0 0 6 4 6 5 3 5 5 10 47 9 6 6 4 4 4 6 22 33 49 78 39 25 19 21 -999
P2525 2086 5 37 49 50 24 5 0 0 0 5 7 10 15 7 0 7 16 8 3 3 3 4 6 5 0 4 4 0 0 0 6 0
P2525 2086 6 0 0 0 0 0 0 0 0 0 0 0 0 0 0 7 0 0 0 0 0 0 0 0 0 0 0 0 0 0 0 -999
P2525 2086 7 0 0 0 0 0 0 0 0 0 0 0 0 0 0 0 0 0 0 0 0 0 0 0 0 0 0 0 0 0 0 0
P2525 2086 8 0 0 0 0 0 0 0 0 0 0 0 0 0 0 0 0 0 0 0 0 0 0 0 0 0 0 0 0 0 0 0
P2525 2086 9 0 0 0 0 0 0 22 0 0 0 18 38 7 0 0 0 0 0 13 0 8 0 0 0 0 0 0 6 8 0 -999
P2525 2086 10 0 0 0 0 0 0 0 0 0 0 0 0 0 0 51 89 105 73 34 14 0 0 0 4 4 7 4 0 0 0 0
P2525 2086 11 5 46 0 0 0 0 10 7 0 0 0 0 0 0 3 5 54 3 3 0 0 0 0 0 0 0 0 0 3 3 -999
P2525 2086 12 3 0 0 0 5 6 7 4 0 0 0 0 0 0 0 0 0 0 0 0 0 0 0 0 0 0 0 0 0 0 0
P2525 2087 1 0 0 3 4 3 0 0 0 0 0 0 0 0 0 4 4 17 4 0 0 0 0 5 46 11 18 32 58 68 6 3
P2525 2087 2 0 0 0 4 31 18 0 0 0 0 0 0 0 0 0 0 0 0 0 0 0 0 0 0 0 0 0 0 -999 -999 -999
P2525 2087 3 0 0 0 0 0 0 0 0 0 0 0 0 0 0 7 4 5 4 4 6 12 4 0 0 0 0 17 13 6 0 0
P2525 2087 4 0 0 0 0 3 3 0 0 0 0 0 0 4 8 0 0 0 0 3 0 0 0 4 0 0 0 0 0 0 0 -999
P2525 2087 5 0 0 0 0 7 110 126 29 7 10 5 0 0 0 0 12 13 0 0 0 0 0 0 0 0 7 8 6 0 0 0
P2525 2087 6 0 0 0 0 0 0 0 9 9 15 19 13 0 0 0 0 0 0 0 0 0 0 0 0 0 0 0 0 0 0 -999
P2525 2087 7 0 0 0 0 0 0 0 0 0 0 0 0 0 0 0 0 0 0 0 0 0 0 0 0 0 0 0 0 0 0 0
P2525 2087 8 0 20 0 0 0 0 0 0 0 0 0 0 0 0 0 0 0 0 0 0 0 20 25 0 0 0 0 0 0 0 0
P2525 2087 9 0 0 0 0 97 62 0 0 0 0 10 22 0 0 0 0 0 0 0 0 15 0 0 0 0 12 11 32 20 5 -999
P2525 2087 10 0 0 0 0 0 0 0 0 0 0 0 0 0 0 0 0 0 0 0 6 0 4 5 8 33 11 0 0 0 0 0
P2525 2087 11 0 0 0 0 0 0 3 3 0 4 0 0 3 0 0 3 0 0 0 0 0 0 0 0 0 0 0 0 0 4 -999
P2525 2087 12 7 4 4 5 4 6 6 4 4 0 0 0 3 0 3 3 3 0 3 4 3 0 0 0 0 0 0 0 0 0 0
P2525 2088 1 0 0 0 0 0 0 3 3 3 3 3 3 3 3 3 4 3 0 0 3 0 0 3 3 3 3 3 3 10 7 3
P2525 2088 2 0 0 0 0 3 0 0 0 0 0 0 0 0 0 0 0 4 6 6 5 0 14 4 0 0 0 0 0 -999 -999 -999
P2525 2088 3 0 0 0 0 0 0 3 4 5 4 6 15 11 4 4 14 16 9 10 5 4 0 0 0 0 0 0 0 0 0 0
P2525 2088 4 7 0 0 0 8 0 0 0 0 3 0 0 0 3 17 53 6 0 0 0 0 0 0 0 0 0 0 12 39 0 -999
P2525 2088 5 67 129 6 0 0 6 6 0 0 0 59 58 5 0 4 14 80 27 11 0 0 0 0 0 0 0 0 0 0 0 0
P2525 2088 6 0 0 0 0 0 0 0 0 0 0 0 0 0 0 0 0 0 0 0 0 0 0 0 0 0 0 20 0 0 0 -999
P2525 2088 7 0 0 0 0 0 0 0 0 0 0 0 0 0 0 0 0 0 0 0 0 0 0 0 0 0 0 0 0 0 0 0
P2525 2088 8 0 0 0 0 0 0 0 0 0 0 0 0 0 0 0 0 0 0 0 0 0 0 0 0 0 0 0 0 0 0 0
P2525 2088 9 0 0 0 0 0 0 0 0 0 0 0 13 0 0 0 0 0 0 0 0 0 0 23 0 0 0 0 0 0 0 -999
P2525 2088 10 9 0 0 0 12 16 14 33 29 9 0 0 0 3 6 0 0 0 0 0 0 0 0 0 0 0 0 0 0 0 0
P2525 2088 11 0 4 4 14 4 3 3 3 0 3 3 0 0 0 0 0 0 0 0 0 0 0 0 0 0 4 3 3 0 0 -999
P2525 2088 12 4 6 4 5 13 4 3 0 0 0 0 0 0 0 0 0 0 0 0 0 0 0 0 0 0 0 0 0 0 0 0
P2525 2089 1 0 0 0 0 0 0 0 0 0 0 0 0 0 0 0 0 0 0 0 3 3 3 4 4 0 3 0 0 0 0 3
P2525 2089 2 3 0 4 0 4 3 0 0 0 4 6 3 0 3 4 8 5 8 5 6 7 5 0 0 4 0 3 3 -999 -999 -999
P2525 2089 3 4 6 0 0 0 0 0 0 0 0 0 0 0 0 0 0 0 3 0 0 0 0 0 0 0 0 0 5 5 0 0
P2525 2089 4 0 0 0 0 0 0 5 3 4 20 12 7 0 8 17 11 62 65 67 80 48 7 0 0 0 33 47 138 24 0 -999
P2525 2089 5 4 5 5 0 0 0 0 9 0 0 0 0 0 0 0 0 0 11 0 10 0 0 0 0 0 0 0 0 0 0 0
P2525 2089 6 0 6 6 22 59 29 17 77 86 39 0 0 0 0 0 0 0 0 0 0 0 0 0 0 0 10 0 17 0 0 -999
P2525 2089 7 0 0 0 0 0 0 0 0 0 0 0 0 0 0 0 0 0 0 0 0 0 0 0 0 0 0 0 0 0 0 0
P2525 2089 8 0 0 0 0 0 0 0 0 0 0 0 0 0 0 0 0 0 0 0 0 0 0 0 0 0 0 0 0 0 0 0
P2525 2089 9 0 0 0 0 0 0 0 0 0 0 58 68 45 0 0 0 0 0 0 0 0 0 0 0 0 0 0 0 0 0 -999
P2525 2089 10 0 0 0 0 0 0 0 0 0 0 10 17 68 53 4 0 0 0 12 15 8 0 0 0 4 5 0 0 0 0 0
P2525 2089 11 0 0 0 0 0 4 7 0 0 0 0 0 0 0 0 3 3 3 3 4 8 13 13 0 0 0 0 0 3 3 -999
P2525 2089 12 0 0 0 0 0 0 0 0 0 0 0 0 0 0 0 0 0 3 0 3 3 0 0 0 0 0 0 0 0 3 3
P2525 2090 1 0 0 0 0 0 0 0 4 12 26 9 0 0 0 0 0 0 0 0 0 0 0 3 3 3 0 0 0 0 0 0
P2525 2090 2 0 4 5 17 15 0 0 0 0 3 3 3 3 3 3 3 3 3 0 0 3 3 0 0 0 3 4 6 -999 -999 -999
P2525 2090 3 3 0 0 0 0 0 3 4 6 3 3 4 3 3 0 3 6 7 0 0 0 17 8 4 4 4 6 8 9 0 0
P2525 2090 4 10 20 9 8 22 4 0 0 0 0 0 4 5 0 0 0 10 20 0 0 0 0 0 5 9 25 0 6 5 17 -999
P2525 2090 5 142 33 0 0 0 0 5 0 0 0 0 0 0 0 6 32 21 8 4 0 3 3 0 0 0 0 0 0 22 62 11
P2525 2090 6 0 12 20 67 15 4 4 8 14 11 15 8 0 0 0 0 0 0 0 0 0 0 0 0 0 0 4 8 16 0 -999
P2525 2090 7 0 0 0 0 0 0 0 0 0 0 0 0 0 0 0 0 0 0 13 28 21 0 0 0 0 0 0 0 0 0 0
P2525 2090 8 0 0 0 0 0 0 0 0 0 0 0 0 0 0 0 0 0 0 26 0 0 0 0 0 49 13 0 0 0 0 38
P2525 2090 9 39 27 32 0 33 34 23 0 0 0 0 0 0 0 0 0 0 0 0 0 0 0 7 10 15 0 0 7 6 0 -999
P2525 2090 10 0 7 13 0 0 0 8 6 5 0 0 0 0 0 0 0 0 3 0 0 0 0 7 0 0 0 5 0 0 0 0
P2525 2090 11 4 0 0 0 0 0 0 0 0 0 0 15 14 0 0 0 0 0 0 0 0 0 0 0 0 0 0 5 5 11 -999
P2525 2090 12 14 22 4 4 5 6 0 0 0 6 37 80 22 7 0 0 0 0 0 0 0 3 0 3 0 0 0 0 0 0 0
P2525 2091 1 0 0 0 0 0 0 0 0 0 0 0 0 0 4 0 0 0 0 0 3 3 0 0 0 3 3 3 5 3 0 0
P2525 2091 2 4 4 4 4 5 8 3 3 3 0 0 0 0 3 3 0 0 0 0 0 0 0 3 3 4 6 6 5 -999 -999 -999
P2525 2091 3 0 0 0 4 0 0 0 0 4 0 0 0 0 0 0 0 0 0 0 0 0 0 0 0 0 0 0 0 0 0 0
P2525 2091 4 0 0 0 0 0 0 0 0 0 0 0 0 0 0 0 0 0 0 0 6 12 6 6 13 119 124 39 0 5 0 -999
P2525 2091 5 0 5 16 7 9 13 29 5 0 0 5 5 3 3 3 3 3 4 0 0 0 0 0 0 0 0 0 0 0 0 0
P2525 2091 6 0 0 0 0 0 0 0 0 0 0 0 0 0 7 11 9 7 0 0 0 0 0 0 0 0 53 135 125 54 0 -999
P2525 2091 7 0 0 0 0 0 0 0 0 0 0 0 0 0 19 0 0 0 0 0 0 0 0 0 0 0 0 0 0 0 0 0
P2525 2091 8 0 0 0 0 0 0 0 0 0 0 0 0 0 0 49 0 0 0 0 0 0 0 0 0 0 0 0 26 0 0 0
P2525 2091 9 23 30 0 0 0 49 0 0 0 0 0 0 0 29 0 59 86 58 20 26 6 0 0 0 0 5 0 0 0 55 -999
P2525 2091 10 20 0 0 0 34 17 19 15 17 6 0 0 0 0 0 0 0 0 0 0 0 0 5 20 59 9 0 0 4 3 4
P2525 2091 11 3 3 3 4 3 3 4 4 3 3 3 8 12 5 0 0 0 3 3 3 0 0 0 0 0 0 0 0 0 0 -999
P2525 2091 12 0 0 0 0 0 0 0 0 0 0 0 0 7 20 5 3 0 0 0 0 0 0 0 0 0 0 0 0 0 0 0
P2525 2092 1 0 0 0 0 0 0 0 0 0 0 3 0 3 3 0 0 0 0 0 0 0 0 0 4 3 0 0 0 0 0 0
P2525 2092 2 0 0 0 0 3 3 3 0 0 0 0 0 0 0 0 0 0 0 0 3 0 3 0 0 0 0 0 0 -999 -999 -999
P2525 2092 3 0 0 0 0 0 0 0 0 0 0 0 0 0 0 0 3 5 6 6 3 0 0 0 0 0 0 0 0 0 0 0
P2525 2092 4 0 0 0 0 0 0 0 15 5 3 0 0 0 0 0 0 0 11 0 44 5 0 0 0 0 0 5 0 5 0 -999
P2525 2092 5 0 0 0 7 0 0 0 0 9 16 48 6 0 0 0 0 0 0 0 0 0 0 0 0 0 0 0 0 0 0 0
P2525 2092 6 0 18 52 23 0 0 0 16 0 0 0 0 0 56 58 49 0 0 0 0 0 0 43 0 0 61 36 0 0 0 -999
P2525 2092 7 0 0 0 0 0 13 0 0 0 0 0 0 0 0 0 0 0 0 0 0 0 0 0 0 0 0 0 0 0 0 0
P2525 2092 8 0 0 0 0 0 0 0 0 0 0 0 0 0 0 0 0 0 0 0 0 0 0 0 0 0 0 0 0 0 17 12
P2525 2092 9 0 0 0 0 0 0 0 0 0 6 0 0 0 0 0 0 0 0 0 11 10 7 0 0 20 37 29 14 0 10 -999
P2525 2092 10 74 21 0 0 0 0 0 0 0 0 10 0 0 0 0 0 0 0 0 0 0 0 0 0 0 0 0 0 0 0 0
P2525 2092 11 0 0 0 0 0 0 4 6 5 0 0 0 3 0 0 0 0 0 0 0 14 0 0 0 4 0 0 0 0 0 -999
P2525 2092 12 0 0 0 5 8 16 34 12 12 4 0 0 0 0 0 0 0 0 0 0 0 0 0 0 0 0 3 3 3 0 0
P2525 2093 1 0 0 0 0 0 3 5 4 3 0 0 0 0 0 0 0 0 0 0 0 0 0 0 0 4 0 0 0 0 0 0
P2525 2093 2 0 0 0 0 0 0 0 3 3 3 3 7 83 106 53 41 44 48 42 36 156 95 4 8 18 30 99 66 -999 -999 -999
P2525 2093 3 17 4 3 3 4 0 0 4 4 4 7 3 3 3 4 3 3 3 3 3 3 3 3 3 0 0 0 0 0 4 4
P2525 2093 4 0 0 0 0 0 0 0 0 0 0 0 0 5 0 0 0 8 0 5 0 0 0 11 5 4 0 0 0 0 0 -999
P2525 2093 5 0 0 3 3 5 5 4 5 9 6 4 0 0 0 0 0 0 0 0 0 0 0 0 0 0 0 0 0 0 0 0
P2525 2093 6 0 0 9 21 25 17 11 0 0 0 15 15 11 33 29 16 16 0 0 0 0 51 28 29 43 45 0 0 0 0 -999
P2525 2093 7 0 0 0 0 0 0 0 0 0 0 13 34 0 0 12 0 33 42 0 0 0 0 0 0 0 0 0 0 0 0 0
P2525 2093 8 0 0 0 0 0 0 0 0 0 0 0 0 0 0 0 39 0 0 0 25 63 62 0 0 0 0 11 14 0 0 0
P2525 2093 9 0 0 0 0 0 0 0 0 0 0 0 0 32 21 0 0 0 0 0 0 0 0 0 0 0 0 0 10 0 0 -999
P2525 2093 10 0 0 0 0 0 0 0 0 0 0 0 0 0 0 0 0 0 0 0 0 0 0 0 0 0 0 0 0 0 0 0
P2525 2093 11 4 0 0 3 6 4 0 0 4 10 0 0 3 0 0 0 0 6 3 0 0 0 0 3 3 0 0 0 0 0 -999
P2525 2093 12 0 0 4 5 0 0 0 0 0 0 0 0 8 6 0 0 0 0 0 0 0 0 0 0 0 0 0 0 3 3 0
P2525 2094 1 0 0 0 0 3 3 3 0 0 0 0 0 0 0 0 0 0 0 0 0 0 0 0 0 0 0 0 0 0 0 0
P2525 2094 2 0 0 0 0 0 0 0 0 0 0 0 0 0 0 0 0 0 0 0 0 0 0 0 3 3 0 3 6 -999 -999 -999
P2525 2094 3 6 0 0 3 4 4 3 4 3 4 0 0 0 3 0 0 0 0 0 0 0 0 6 0 0 0 0 0 0 34 54
P2525 2094 4 66 97 82 44 18 9 4 3 0 0 0 3 3 3 3 3 0 0 0 0 0 0 0 4 3 3 3 0 0 0 -999
P2525 2094 5 0 0 0 0 4 4 4 0 0 0 0 0 0 0 0 0 0 0 0 0 25 0 0 40 0 0 0 0 0 0 0
P2525 2094 6 0 0 22 15 0 8 6 8 5 0 0 0 0 0 0 0 0 0 14 0 0 0 0 0 0 0 0 0 0 0 -999
P2525 2094 7 0 0 0 0 0 0 0 0 0 0 0 0 0 0 0 0 0 0 0 0 0 0 0 0 0 0 0 0 0 0 0
P2525 2094 8 0 0 0 0 0 0 0 0 0 0 0 0 0 0 0 0 0 0 0 0 0 0 0 0 0 65 0 0 0 0 0
P2525 2094 9 0 0 0 0 0 0 0 0 0 0 0 0 0 0 0 0 0 0 0 0 20 34 22 16 8 13 13 17 8 10 -999
P2525 2094 10 5 4 3 3 3 0 0 0 0 0 0 0 0 0 0 0 0 0 0 0 3 5 7 0 13 28 4 3 3 0 0
P2525 2094 11 0 0 0 0 0 0 4 3 0 0 0 0 0 0 0 0 0 0 0 0 0 0 0 0 0 0 3 0 0 0 -999
P2525 2094 12 0 0 0 0 3 3 0 3 0 3 3 3 5 7 4 0 0 0 0 0 0 0 0 0 0 0 3 3 0 0 0
P2525 2095 1 3 3 4 0 0 0 3 3 3 0 0 0 0 0 0 4 3 3 3 3 3 3 3 0 3 3 3 3 3 0 3
P2525 2095 2 0 0 0 3 3 0 0 3 7 92 173 176 14 3 4 0 0 0 0 0 0 0 0 0 10 85 102 20 -999 -999 -999
P2525 2095 3 0 0 0 0 0 0 0 0 0 0 0 3 3 6 16 12 8 10 4 3 5 22 26 160 167 157 89 19 0 0 0
P2525 2095 4 0 3 3 3 0 3 3 0 3 3 3 0 0 0 0 0 4 12 0 0 0 0 0 0 0 0 0 0 0 0 -999
P2525 2095 5 0 12 9 4 0 5 9 34 0 0 36 26 8 0 0 0 0 0 0 0 0 15 7 0 0 0 8 0 0 12 14
P2525 2095 6 12 0 0 0 0 0 0 0 0 0 0 0 0 0 0 0 0 0 0 0 0 0 22 0 0 0 0 7 0 0 -999
P2525 2095 7 41 0 0 0 0 0 0 0 0 0 0 0 0 0 0 0 0 0 0 0 0 0 0 0 0 0 0 0 0 0 0
P2525 2095 8 0 0 0 0 0 0 0 0 0 0 0 0 0 0 0 0 49 0 0 0 0 0 0 0 0 0 0 0 0 0 0
P2525 2095 9 0 0 0 0 0 0 0 0 0 26 34 0 0 0 0 0 0 0 0 0 22 29 66 19 0 0 19 0 0 9 -999
P2525 2095 10 16 0 0 0 0 0 0 0 6 0 0 4 4 0 0 0 0 0 0 0 0 0 0 0 0 0 0 0 0 3 3
P2525 2095 11 0 3 8 25 16 0 0 3 3 3 0 3 0 0 0 0 0 0 0 0 0 0 0 0 0 0 0 0 0 0 -999
P2525 2095 12 0 0 0 0 0 0 3 8 0 0 0 0 0 0 0 0 0 0 0 0 0 0 0 0 4 13 53 12 0 0 0
P2525 2096 1 0 0 0 3 0 17 74 6 3 3 0 0 0 0 0 0 0 0 0 0 0 0 0 0 0 0 0 0 6 12 12
P2525 2096 2 28 30 25 5 0 0 0 0 0 0 0 0 0 0 4 5 9 14 5 4 7 50 47 6 8 70 69 27 -999 -999 -999
P2525 2096 3 7 8 17 7 43 72 15 10 135 112 4 3 3 3 3 0 0 0 0 0 0 0 0 0 0 3 21 11 7 10 5
P2525 2096 4 8 7 6 7 10 10 7 9 26 41 14 12 13 4 3 3 3 4 5 8 11 6 5 5 0 0 0 0 5 7 -999
P2525 2096 5 0 0 10 7 7 19 31 20 14 0 0 43 73 51 15 6 11 19 17 11 9 5 0 0 0 7 9 8 19 6 3
P2525 2096 6 3 3 0 0 0 0 0 0 0 0 0 5 0 0 0 0 0 0 0 10 30 12 0 17 0 0 0 36 0 0 -999
P2525 2096 7 0 14 0 0 0 0 0 0 0 0 0 0 0 0 0 0 0 0 0 0 0 0 0 0 0 0 0 0 0 0 0
P2525 2096 8 0 0 0 0 0 0 0 0 0 0 0 0 0 0 0 0 0 0 0 0 0 0 0 0 0 0 0 0 0 0 0
P2525 2096 9 0 0 0 0 0 0 6 12 0 8 0 0 0 11 0 0 0 0 0 0 0 0 0 0 0 0 0 0 0 0 -999
P2525 2096 10 0 0 0 0 0 0 0 0 0 0 19 6 3 0 0 0 0 5 6 5 4 3 0 0 0 0 0 0 3 3 5
P2525 2096 11 3 3 3 3 3 5 3 0 3 4 3 0 0 3 4 3 3 3 3 3 0 0 0 0 0 0 0 0 0 0 -999
P2525 2096 12 0 0 0 0 0 0 0 0 0 0 0 0 0 0 0 0 0 0 0 0 0 0 0 0 3 0 0 4 4 4 5
P2525 2097 1 4 0 0 0 0 0 0 0 0 0 0 3 0 0 0 3 3 0 0 3 0 0 0 0 0 0 0 0 0 0 0
P2525 2097 2 0 3 4 0 0 0 0 0 0 0 0 0 3 11 25 9 11 16 30 19 4 6 16 23 37 63 68 20 -999 -999 -999
P2525 2097 3 11 6 8 29 30 6 8 0 0 0 0 0 0 6 0 3 4 39 129 20 11 15 79 34 25 17 6 0 0 0 0
P2525 2097 4 3 0 0 0 6 22 18 9 0 4 4 0 0 0 0 0 0 0 3 3 0 3 3 3 3 3 3 3 0 0 -999
P2525 2097 5 0 0 0 0 0 27 18 5 0 0 0 0 0 0 0 5 7 6 17 102 38 0 0 0 0 0 0 0 0 16 12
P2525 2097 6 0 0 0 9 0 0 0 0 0 0 11 7 5 0 0 0 0 0 0 0 0 0 7 0 0 0 0 19 0 0 -999
P2525 2097 7 0 0 0 0 0 0 0 0 0 0 0 0 0 0 0 0 0 0 0 0 0 0 0 0 0 0 0 0 0 0 0
P2525 2097 8 0 0 0 0 0 0 0 0 0 0 0 0 0 0 0 0 0 0 0 0 0 0 0 0 0 0 0 0 0 0 0
P2525 2097 9 0 0 0 0 0 0 0 0 0 0 0 0 0 0 0 0 0 0 34 16 0 11 33 35 34 11 0 0 0 0 -999
P2525 2097 10 5 3 0 0 5 7 0 0 0 0 0 0 0 9 7 0 4 13 12 5 0 0 3 3 4 0 0 0 0 4 6
P2525 2097 11 16 0 0 0 4 0 0 0 0 0 0 4 6 4 3 3 5 4 0 0 3 3 3 0 0 0 0 0 0 0 -999
P2525 2097 12 0 0 0 3 3 0 0 0 0 0 0 0 8 63 13 5 7 3 3 4 3 3 3 0 0 0 0 0 0 0 0
P2525 2098 1 0 5 3 4 4 3 4 4 0 0 27 112 29 3 3 0 0 0 0 3 0 0 0 0 0 0 0 0 0 0 0
P2525 2098 2 0 4 11 14 9 4 3 3 4 5 6 3 3 3 4 7 4 8 5 4 4 14 14 10 15 12 5 4 -999 -999 -999
P2525 2098 3 0 0 0 0 0 0 0 5 7 10 14 11 0 0 0 0 0 0 0 3 4 3 0 0 0 0 0 0 0 0 0
P2525 2098 4 0 0 0 0 0 0 0 4 77 18 0 3 4 0 0 0 0 0 0 8 14 5 0 0 0 0 32 9 0 0 -999
P2525 2098 5 0 0 0 0 0 0 0 0 0 132 123 13 0 9 60 116 54 17 0 0 0 0 0 0 0 0 0 0 0 0 0
P2525 2098 6 0 0 0 0 12 13 10 0 0 0 0 0 0 12 10 5 5 5 0 0 0 5 6 4 0 0 0 0 0 0 -999
P2525 2098 7 0 0 0 0 0 0 13 0 0 0 0 38 0 0 0 0 0 0 0 0 0 0 0 0 0 0 0 0 0 0 0
P2525 2098 8 0 0 0 0 0 0 0 15 48 77 0 0 0 0 0 0 0 0 0 0 0 0 0 0 0 0 0 0 0 0 0
P2525 2098 9 0 0 0 0 0 0 0 0 0 0 0 0 0 0 0 0 0 0 7 0 0 0 0 0 0 0 0 0 0 0 -999
P2525 2098 10 0 0 0 4 8 7 19 0 0 0 0 0 0 0 0 0 34 10 10 64 49 59 10 4 0 4 0 0 3 3 3
P2525 2098 11 0 3 3 3 0 0 3 0 0 3 4 11 0 0 0 4 5 3 0 0 0 4 0 0 0 0 0 0 0 3 -999
P2525 2098 12 3 3 3 0 0 5 73 15 0 4 0 0 0 6 5 4 0 0 3 3 0 0 3 3 3 8 8 0 0 0 0
P2525 2099 1 0 0 0 0 0 0 0 0 0 0 0 0 0 0 0 0 0 0 0 0 0 0 0 0 0 0 0 0 0 0 0
P2525 2099 2 0 0 3 3 3 0 0 0 0 0 0 0 0 0 0 0 0 0 0 0 0 0 0 0 0 0 4 0 -999 -999 -999
P2525 2099 3 0 0 0 0 0 4 3 3 3 3 3 10 5 0 0 0 0 0 0 0 0 0 3 0 0 0 0 0 0 0 0
P2525 2099 4 0 0 4 0 0 0 0 0 0 0 0 5 15 4 4 0 0 0 0 0 5 0 0 6 24 59 16 0 0 6 -999
P2525 2099 5 4 0 0 0 11 0 0 0 6 6 6 0 0 7 14 84 113 107 40 12 0 44 78 0 0 0 0 0 0 0 0
P2525 2099 6 0 0 0 0 0 0 0 0 0 16 39 39 28 0 0 0 0 0 0 0 5 5 7 7 0 0 0 0 0 0 -999
P2525 2099 7 0 0 0 0 0 0 0 0 0 0 0 0 0 0 0 0 0 0 0 0 0 0 0 0 0 0 0 0 0 0 0
P2525 2099 8 0 0 0 0 0 0 0 0 0 0 0 0 0 0 0 0 0 0 0 0 0 0 0 0 0 0 0 0 0 0 0
P2525 2099 9 9 19 17 0 0 0 0 0 0 0 0 0 0 0 0 0 0 0 0 0 0 18 11 0 0 0 0 0 0 0 -999
P2525 2099 10 0 0 0 0 0 0 0 12 0 0 7 15 56 6 0 4 6 8 18 17 6 7 0 0 0 0 0 0 0 5 5
P2525 2099 11 0 4 5 6 4 4 0 0 0 0 0 4 10 3 0 4 4 4 10 8 5 3 0 0 0 0 0 0 0 0 -999
P2525 2099 12 0 0 0 0 0 0 4 13 7 5 8 7 6 0 0 0 0 0 0 0 0 0 0 0 0 0 0 3 3 3 3
P2525 2100 1 3 0 0 0 0 0 0 0 0 0 4 3 3 4 9 6 0 0 0 6 8 5 3 0 0 0 0 0 0 0 0
P2525 2100 2 5 3 4 4 0 0 0 0 0 4 0 0 0 0 0 0 0 0 0 0 0 0 0 0 0 6 3 9 -999 -999 -999
P2525 2100 3 25 0 5 19 11 5 3 0 3 0 3 6 4 4 7 5 0 25 0 62 83 8 10 5 10 0 20 5 11 4 3
P2525 2100 4 0 0 0 0 0 0 4 10 0 0 0 0 0 0 0 0 0 4 24 14 95 9 3 0 4 7 24 91 43 123 -999
P2525 2100 5 110 118 22 3 0 19 0 16 78 6 0 9 0 0 5 0 0 0 25 38 34 47 5 0 0 0 0 0 0 44 0
P2525 2100 6 0 0 28 0 0 0 0 0 0 0 11 0 32 0 0 0 0 0 18 0 0 0 0 18 10 0 0 17 0 0 -999
P2525 2100 7 0 26 0 0 0 0 0 0 24 0 0 50 0 0 0 34 90 67 0 0 0 0 0 0 0 25 0 37 0 0 0
P2525 2100 8 0 0 0 0 51 0 0 0 119 97 0 0 0 0 0 42 0 0 0 0 0 0 0 0 0 0 0 22 0 130 46
P2525 2100 9 0 0 0 0 0 0 0 52 0 0 0 0 18 0 0 0 0 0 0 0 0 79 31 50 19 0 0 0 0 0 -999
P2525 2100 10 0 5 0 0 0 9 20 42 9 0 0 0 13 9 3 0 3 3 0 7 0 3 0 0 3 0 21 14 5 4 0
P2525 2100 11 0 0 3 6 0 0 0 0 5 5 22 25 14 0 0 0 0 0 0 0 0 0 0 0 4 0 0 6 0 0 -999
P2525 2100 12 0 0 0 0 0 0 3 3 3 3 0 0 0 0 0 0 0 3 4 0 6 5 5 0 3 3 3 3 4 5 -999
