precip bcc-csm1-1 rcp60 RNEURONALES decimas 2
P4833 38.748 -5.359 522 geo 2006 2100 -1
P4833 2006 1 0 0 1 1 3 0 1 3 19 82 24 88 27 25 22 23 18 20 6 0 2 5 12 4 15 17 21 20 6 0 0
P4833 2006 2 1 0 1 14 41 59 34 24 41 87 47 119 113 28 30 68 36 0 0 0 6 11 40 45 33 7 5 4 -999 -999 -999
P4833 2006 3 3 19 7 0 0 6 3 0 3 30 26 25 34 40 28 20 27 16 0 0 0 0 0 0 0 0 4 4 3 4 0
P4833 2006 4 8 68 2 0 9 0 10 34 23 31 29 32 23 16 3 0 0 14 18 0 0 0 3 13 0 7 0 0 0 0 -999
P4833 2006 5 0 3 0 24 35 22 11 17 22 44 25 6 9 4 0 0 12 15 16 7 0 7 5 0 0 0 10 30 35 23 5
P4833 2006 6 26 7 9 38 72 35 35 6 0 0 0 0 0 0 0 0 0 0 0 0 0 0 0 0 0 0 0 0 0 0 -999
P4833 2006 7 0 0 0 0 0 0 0 0 0 0 0 0 0 0 0 0 0 0 0 0 0 0 0 0 0 0 0 0 0 0 0
P4833 2006 8 0 0 0 0 0 0 0 0 0 0 0 0 0 0 0 0 0 0 0 0 0 0 0 0 0 0 0 0 0 0 0
P4833 2006 9 0 0 0 0 0 0 0 0 0 0 9 0 0 20 9 0 8 21 5 0 0 0 0 0 0 9 0 0 0 0 -999
P4833 2006 10 9 13 29 40 15 0 0 0 0 0 15 0 0 0 0 7 0 0 0 0 0 0 0 0 0 0 17 0 0 0 0
P4833 2006 11 0 0 0 5 33 8 26 4 0 0 0 0 0 2 4 4 0 0 11 0 0 0 0 0 0 0 2 0 0 0 -999
P4833 2006 12 0 2 20 0 6 11 0 0 0 0 0 0 0 0 0 0 0 0 0 0 2 47 59 24 83 27 113 114 18 18 12
P4833 2007 1 0 0 0 0 0 0 0 0 0 1 6 8 3 0 0 0 2 20 18 22 20 1 10 18 17 29 42 24 47 19 20
P4833 2007 2 3 2 16 15 51 111 155 37 22 11 3 50 65 93 40 4 0 0 5 21 0 0 8 12 17 21 5 60 -999 -999 -999
P4833 2007 3 78 5 0 0 0 0 0 0 0 0 0 18 46 0 0 7 23 22 18 0 3 25 17 0 12 0 0 4 5 0 0
P4833 2007 4 0 0 9 22 18 14 29 15 0 0 0 0 6 3 5 34 13 25 25 19 19 51 67 52 37 26 6 13 14 8 -999
P4833 2007 5 7 2 4 34 24 23 16 8 20 17 12 25 16 25 22 18 18 15 0 4 0 0 0 0 0 0 0 0 0 0 0
P4833 2007 6 0 0 0 0 0 0 0 11 13 0 0 0 0 0 0 0 0 0 0 0 0 0 0 0 0 0 0 0 0 0 -999
P4833 2007 7 0 0 0 0 0 0 0 0 0 0 0 0 0 0 0 0 0 0 0 0 0 0 0 0 0 0 0 0 0 0 0
P4833 2007 8 0 0 0 0 0 0 0 0 0 0 0 0 0 0 0 0 0 0 0 0 0 0 0 48 32 9 12 9 13 0 0
P4833 2007 9 0 0 0 0 0 0 0 0 0 0 0 0 0 0 0 0 0 0 0 0 0 0 0 0 0 0 0 0 0 0 -999
P4833 2007 10 16 41 11 0 0 0 3 21 25 46 13 15 10 29 29 9 49 25 17 5 5 0 0 3 11 60 69 36 24 87 35
P4833 2007 11 0 0 0 0 0 0 0 3 4 14 12 0 5 2 3 5 0 2 3 40 18 81 76 43 27 17 10 23 65 21 -999
P4833 2007 12 7 3 0 0 0 0 0 17 116 48 18 10 6 5 20 123 127 113 64 130 40 14 33 9 5 4 5 4 14 9 10
P4833 2008 1 61 58 95 41 41 98 82 24 19 12 9 28 19 20 9 51 47 47 2 0 0 0 0 0 0 0 0 2 0 0 0
P4833 2008 2 0 0 0 0 0 0 0 0 0 0 0 0 0 0 0 0 0 0 4 57 22 15 3 9 1 0 0 3 -999 -999 -999
P4833 2008 3 9 6 6 0 0 0 3 2 0 0 0 5 26 43 38 27 24 6 2 5 4 0 24 23 31 68 22 0 10 18 4
P4833 2008 4 13 3 7 0 5 36 82 40 17 7 0 0 9 2 0 0 0 9 23 4 0 0 1 5 10 15 2 0 26 0 -999
P4833 2008 5 0 0 0 18 23 25 23 14 22 36 29 10 9 0 0 0 0 3 5 7 0 0 0 0 0 0 0 0 0 0 0
P4833 2008 6 0 0 0 0 6 0 0 0 0 0 0 0 0 0 0 0 0 0 0 0 0 0 0 0 0 0 12 0 0 0 -999
P4833 2008 7 9 16 0 18 28 26 33 0 0 6 0 0 0 0 0 0 0 0 0 0 0 0 0 0 0 0 0 0 0 0 0
P4833 2008 8 0 0 0 0 0 0 0 0 0 0 0 0 0 0 0 0 0 0 0 0 0 0 0 0 0 0 0 0 0 0 0
P4833 2008 9 0 0 0 0 0 0 0 0 0 0 0 0 0 0 0 0 0 0 0 0 0 0 0 0 0 0 0 0 0 0 -999
P4833 2008 10 12 23 26 24 22 7 0 0 0 10 24 5 33 57 64 47 24 7 6 15 6 51 49 24 23 21 0 5 5 15 19
P4833 2008 11 6 3 0 4 5 14 18 43 26 17 0 17 0 6 57 74 38 36 128 17 14 75 10 12 1 2 2 1 3 6 -999
P4833 2008 12 79 27 22 21 0 1 11 37 18 4 2 6 28 72 19 11 1 0 0 8 6 4 3 5 1 0 0 0 0 0 5
P4833 2009 1 4 0 0 0 7 18 8 21 19 24 44 14 39 17 22 21 20 50 55 9 18 37 20 23 12 3 0 1 12 25 6
P4833 2009 2 9 3 0 0 49 38 12 3 7 6 16 25 3 0 0 0 83 33 13 50 61 34 76 63 99 85 78 66 -999 -999 -999
P4833 2009 3 58 66 125 75 23 91 32 18 11 12 2 0 0 0 0 2 0 7 24 21 7 0 0 2 14 38 23 14 6 1 0
P4833 2009 4 0 0 0 0 0 0 9 2 2 0 3 10 26 26 20 5 0 0 0 9 17 0 0 0 0 0 0 0 0 0 -999
P4833 2009 5 0 0 0 0 0 0 0 0 0 0 0 0 0 0 0 0 0 0 0 0 0 0 0 0 0 0 0 0 0 0 0
P4833 2009 6 0 0 0 0 0 0 8 14 23 24 30 18 18 16 9 11 12 17 8 20 8 0 0 0 0 0 0 0 0 0 -999
P4833 2009 7 0 0 0 0 0 0 0 0 0 0 0 0 0 0 0 0 0 0 0 0 0 0 0 0 0 0 0 0 0 0 0
P4833 2009 8 0 0 0 0 0 0 0 0 0 0 0 0 0 0 0 0 0 0 0 0 0 0 0 0 0 0 0 0 0 0 0
P4833 2009 9 0 0 0 0 0 0 0 0 0 0 0 0 0 0 0 0 0 0 0 0 0 0 0 0 0 0 0 0 0 0 -999
P4833 2009 10 0 46 57 41 36 32 12 7 0 0 0 0 0 0 0 0 0 0 0 0 4 12 13 0 7 13 22 8 0 0 0
P4833 2009 11 0 14 39 7 11 0 0 0 16 27 52 26 9 0 0 0 0 0 0 0 0 0 5 0 0 0 0 0 0 0 -999
P4833 2009 12 0 0 7 3 6 7 9 3 0 7 28 24 3 3 7 61 29 4 5 0 0 0 2 18 36 84 52 92 50 35 46
P4833 2010 1 3 4 3 3 2 0 5 6 3 2 11 0 0 0 3 3 10 20 18 10 16 0 0 2 3 8 0 0 0 0 0
P4833 2010 2 0 0 0 0 0 0 0 0 0 10 5 7 13 6 0 6 20 6 6 3 21 8 0 0 0 0 0 4 -999 -999 -999
P4833 2010 3 5 0 0 0 0 5 32 29 30 17 13 0 0 0 0 0 0 0 3 45 38 24 25 20 22 13 20 15 0 0 5
P4833 2010 4 36 95 37 2 22 23 73 22 21 4 0 36 6 0 0 0 0 0 0 0 0 0 0 13 0 0 0 0 0 0 -999
P4833 2010 5 0 0 0 0 0 0 0 0 0 0 0 0 0 0 0 0 0 0 0 0 0 0 0 0 0 0 0 0 0 0 0
P4833 2010 6 0 0 0 0 0 0 0 0 0 0 0 0 0 67 24 19 7 0 0 0 0 0 0 0 0 0 0 0 0 0 -999
P4833 2010 7 0 0 0 0 0 0 0 0 0 0 0 0 0 0 0 0 0 0 0 0 0 0 0 0 0 0 0 0 0 0 0
P4833 2010 8 0 0 0 0 0 0 0 0 0 0 0 0 0 0 0 0 0 0 0 0 0 0 0 0 0 0 0 0 0 0 0
P4833 2010 9 0 0 0 0 0 0 0 0 0 0 0 0 0 0 0 0 0 0 0 0 17 0 0 0 23 45 0 0 0 0 -999
P4833 2010 10 0 0 0 0 0 0 0 0 0 0 0 0 0 0 0 0 0 0 0 0 0 0 8 0 7 16 31 0 0 0 0
P4833 2010 11 0 0 0 0 0 0 0 0 0 0 37 105 71 29 59 18 31 23 23 0 0 3 5 2 0 0 0 0 0 0 -999
P4833 2010 12 0 0 0 0 0 0 0 6 5 0 9 7 7 6 2 3 3 6 6 4 2 0 5 9 8 2 2 3 0 2 2
P4833 2011 1 0 0 0 0 0 0 0 0 0 0 2 5 0 0 0 7 40 36 20 12 6 0 0 0 0 4 9 0 0 7 4
P4833 2011 2 15 5 10 0 0 0 0 0 17 19 21 0 0 0 6 12 5 9 17 7 4 2 15 20 27 4 5 12 -999 -999 -999
P4833 2011 3 8 11 14 13 14 32 39 38 22 16 0 3 0 10 55 48 0 14 17 9 3 2 2 6 3 0 4 11 52 4 4
P4833 2011 4 33 24 16 4 0 0 0 0 0 57 31 19 20 0 0 0 0 0 0 17 11 3 2 3 4 7 7 0 0 0 -999
P4833 2011 5 0 0 0 0 0 0 0 0 0 0 0 0 0 0 0 0 0 0 0 0 0 0 0 0 0 0 0 0 0 0 0
P4833 2011 6 0 0 0 0 0 0 0 0 0 0 0 0 0 0 0 0 0 0 0 0 0 0 10 9 19 48 0 0 0 0 -999
P4833 2011 7 0 0 0 0 0 0 0 0 0 0 0 0 0 0 0 0 0 0 0 0 0 0 0 0 0 0 0 0 0 0 0
P4833 2011 8 0 0 0 0 0 0 0 0 0 0 0 0 0 0 0 0 0 0 0 0 0 0 0 0 0 0 0 0 0 0 0
P4833 2011 9 0 0 0 0 0 0 0 0 0 0 9 0 0 0 0 0 0 6 0 0 0 0 0 0 0 0 0 0 0 0 -999
P4833 2011 10 0 0 5 0 0 0 7 5 19 0 0 0 4 0 0 0 0 0 43 26 18 40 49 6 0 0 0 0 25 54 23
P4833 2011 11 36 38 59 20 13 35 17 17 0 0 0 13 24 33 25 0 4 0 0 7 15 17 72 8 0 17 42 77 55 15 -999
P4833 2011 12 54 18 0 0 0 0 0 1 0 0 2 0 2 3 37 25 32 16 0 0 0 0 0 2 13 79 85 26 22 19 26
P4833 2012 1 14 17 75 26 78 21 16 0 0 3 2 4 9 11 9 22 32 80 26 13 9 18 23 6 0 2 4 4 0 0 2
P4833 2012 2 0 0 0 4 0 0 0 1 0 7 16 39 38 5 21 4 127 9 17 6 3 3 17 28 19 0 9 0 -999 -999 -999
P4833 2012 3 2 0 0 0 0 0 0 0 0 0 0 0 4 18 4 4 16 22 9 4 0 0 0 14 11 17 18 15 0 0 0
P4833 2012 4 0 3 3 0 0 0 0 0 0 0 0 0 0 0 0 0 0 0 0 0 0 0 0 0 0 0 0 0 0 0 -999
P4833 2012 5 0 0 0 0 0 0 0 0 37 57 0 0 16 0 5 0 0 0 0 0 0 0 0 17 22 28 26 18 41 20 0
P4833 2012 6 0 0 0 0 0 16 0 0 0 0 0 0 0 0 0 0 0 0 0 0 0 0 0 0 0 0 0 0 0 0 -999
P4833 2012 7 0 0 0 0 0 0 0 0 0 0 0 0 0 0 0 0 0 0 0 0 0 0 0 0 0 0 0 0 0 0 0
P4833 2012 8 0 0 0 0 0 0 0 0 0 0 0 0 0 0 0 0 0 0 0 0 0 0 0 0 0 0 0 0 0 0 0
P4833 2012 9 0 0 0 0 0 0 0 0 0 0 0 0 0 0 0 0 0 0 0 0 0 0 0 0 0 0 0 0 0 0 -999
P4833 2012 10 0 0 0 0 0 0 0 0 0 0 0 0 0 0 0 0 0 12 0 0 23 22 11 0 17 17 0 5 6 139 50
P4833 2012 11 8 0 4 6 19 19 29 0 3 3 2 6 32 6 0 0 0 0 4 0 0 0 0 0 0 0 0 0 0 4 -999
P4833 2012 12 43 16 11 5 10 6 4 0 0 0 0 0 4 0 0 3 3 22 11 33 8 22 19 19 8 3 0 0 0 0 0
P4833 2013 1 4 0 0 0 0 2 0 0 0 0 0 1 6 15 11 9 0 1 0 1 11 23 31 35 14 6 0 0 0 5 2
P4833 2013 2 2 4 6 13 12 27 26 20 23 19 13 10 2 5 11 12 37 3 3 3 0 9 20 19 29 26 20 12 -999 -999 -999
P4833 2013 3 5 14 5 0 0 0 0 0 0 0 0 5 55 85 17 34 22 42 0 0 0 0 0 0 0 0 0 0 0 0 0
P4833 2013 4 0 10 17 22 15 12 10 7 20 6 0 0 0 0 18 26 21 21 39 60 32 21 0 0 0 0 0 0 0 0 -999
P4833 2013 5 0 0 0 0 0 0 0 0 0 16 19 8 4 0 0 0 0 0 22 33 17 28 23 28 7 0 0 0 0 0 0
P4833 2013 6 0 0 0 0 0 0 0 0 0 0 0 0 0 0 0 0 0 0 0 0 0 0 0 0 0 0 0 0 0 0 -999
P4833 2013 7 0 0 0 0 0 0 0 0 0 0 0 0 0 0 0 0 0 0 0 0 0 0 0 0 0 0 0 0 0 0 0
P4833 2013 8 0 0 0 0 0 0 0 0 0 0 0 0 0 0 0 0 0 0 0 0 0 0 0 0 0 0 0 0 0 0 0
P4833 2013 9 0 0 0 0 0 0 0 0 0 0 0 0 0 0 0 0 0 0 0 0 0 0 0 0 0 0 0 0 0 0 -999
P4833 2013 10 0 0 0 0 0 0 0 8 33 12 68 43 59 62 56 87 23 18 9 19 6 0 52 14 0 0 0 0 0 0 0
P4833 2013 11 0 10 4 0 0 0 0 0 0 0 0 0 15 16 53 11 4 7 0 0 0 0 0 21 7 8 11 18 10 0 -999
P4833 2013 12 25 19 57 30 16 20 20 6 6 0 3 4 0 0 2 5 49 13 0 0 3 0 9 0 0 0 0 0 2 4 9
P4833 2014 1 64 98 22 20 18 0 18 10 32 24 24 11 11 8 0 0 3 4 0 6 5 8 18 23 71 84 31 33 52 129 22
P4833 2014 2 79 5 12 26 8 0 6 16 9 15 0 0 0 0 0 0 0 5 11 14 10 8 0 0 0 0 0 0 -999 -999 -999
P4833 2014 3 0 0 0 0 0 0 0 0 0 0 0 0 0 4 15 17 0 0 0 4 16 21 20 21 21 12 0 0 0 0 0
P4833 2014 4 0 0 4 2 0 0 3 5 35 63 33 19 5 0 0 0 0 0 0 0 0 0 0 0 0 0 0 7 24 25 -999
P4833 2014 5 23 17 4 0 0 8 8 6 4 8 4 14 27 23 13 11 20 28 9 0 0 0 0 0 0 0 0 0 0 50 73
P4833 2014 6 37 25 13 0 0 0 0 0 0 0 0 0 0 0 0 0 0 0 0 0 0 0 0 0 0 0 0 0 0 0 -999
P4833 2014 7 0 0 0 0 0 0 0 0 0 0 0 0 0 0 0 0 0 0 0 0 0 0 0 0 0 0 0 0 0 0 0
P4833 2014 8 0 0 0 0 0 0 0 0 0 0 0 0 0 0 0 0 0 0 0 0 0 0 0 0 0 0 0 0 0 0 0
P4833 2014 9 0 0 0 0 0 0 0 0 0 0 0 0 0 0 0 0 0 0 0 0 0 0 0 0 0 0 0 0 0 0 -999
P4833 2014 10 0 0 0 0 0 0 0 0 0 14 0 0 0 0 0 0 0 0 0 0 3 6 11 0 0 21 7 0 0 0 0
P4833 2014 11 0 5 5 0 11 25 4 11 0 0 5 13 10 0 0 0 5 24 28 105 28 8 8 16 34 42 14 14 7 26 -999
P4833 2014 12 22 0 0 0 0 0 0 0 0 4 3 7 9 5 68 42 106 38 12 122 32 61 73 88 6 11 17 3 0 0 0
P4833 2015 1 0 0 0 0 0 0 0 0 0 0 0 0 0 0 0 0 0 3 4 1 0 6 4 2 46 38 21 18 4 42 16
P4833 2015 2 20 3 0 1 1 0 0 2 22 11 22 38 130 107 47 43 56 87 26 23 37 29 28 2 0 0 5 7 -999 -999 -999
P4833 2015 3 0 14 35 23 10 0 0 0 0 0 0 12 17 8 17 27 32 59 74 14 16 16 0 0 0 0 0 0 0 0 0
P4833 2015 4 0 0 0 0 14 41 0 0 10 49 33 18 29 28 40 33 21 22 34 32 36 25 20 14 8 0 0 0 0 0 -999
P4833 2015 5 0 0 5 8 15 0 0 0 0 0 0 0 0 0 0 0 0 0 0 0 0 0 0 0 0 0 0 0 0 0 0
P4833 2015 6 0 0 0 0 24 26 0 0 0 0 0 0 0 0 0 0 0 0 0 0 0 0 0 0 0 0 0 0 0 0 -999
P4833 2015 7 0 0 0 0 0 0 0 0 0 0 0 0 0 0 0 0 0 0 0 0 0 0 0 0 0 0 0 0 0 0 0
P4833 2015 8 0 0 0 0 0 0 0 0 0 0 0 0 0 0 0 0 0 0 0 0 0 0 0 0 0 0 0 0 0 0 0
P4833 2015 9 0 0 0 0 0 0 0 0 0 0 0 0 0 0 0 18 82 107 63 0 0 0 9 6 13 13 0 0 0 0 -999
P4833 2015 10 0 0 0 0 0 0 0 0 8 74 43 33 5 0 0 9 26 42 37 23 20 17 9 0 0 0 7 10 4 0 0
P4833 2015 11 0 0 0 0 4 0 7 13 18 0 0 0 6 14 17 8 0 0 0 0 0 0 1 0 0 0 0 0 6 3 -999
P4833 2015 12 0 0 0 0 0 0 0 0 0 0 3 16 9 21 11 1 1 2 13 22 10 61 10 8 82 8 31 56 19 53 31
P4833 2016 1 22 23 4 6 22 22 24 26 16 19 44 19 17 27 15 35 17 6 0 34 19 0 0 3 0 0 0 0 0 0 7
P4833 2016 2 8 4 1 0 14 22 6 7 8 0 3 7 6 13 12 0 0 0 0 0 0 0 0 0 0 0 0 0 -999 -999 -999
P4833 2016 3 4 0 0 0 2 0 0 10 4 0 0 0 0 0 0 0 0 26 2 0 0 0 0 0 0 0 0 0 0 12 10
P4833 2016 4 0 0 5 78 28 12 21 14 32 20 8 7 20 14 0 0 14 19 29 23 22 12 13 0 0 0 15 28 0 25 -999
P4833 2016 5 25 23 16 8 4 0 0 0 0 0 0 0 0 0 0 0 0 0 0 0 0 0 0 0 3 0 0 0 0 0 0
P4833 2016 6 0 0 0 0 0 0 0 0 0 0 0 0 0 0 0 0 0 0 0 0 0 0 0 0 0 0 0 8 0 0 -999
P4833 2016 7 0 0 0 0 0 0 0 0 0 0 0 0 0 0 0 0 0 0 0 0 0 0 0 0 0 0 0 0 0 0 0
P4833 2016 8 0 0 0 0 0 0 0 0 0 0 0 0 0 0 0 0 0 0 0 0 0 0 0 0 0 0 0 0 0 0 0
P4833 2016 9 0 0 0 0 0 0 0 0 0 0 0 0 0 0 0 0 0 0 0 0 0 0 0 0 0 0 0 0 0 0 -999
P4833 2016 10 0 0 0 0 0 0 0 10 0 0 0 0 0 0 6 21 30 30 29 29 31 17 29 78 97 40 40 119 27 4 4
P4833 2016 11 0 0 5 54 33 19 43 24 29 23 84 130 143 35 23 95 10 11 6 14 3 5 11 92 107 54 53 12 9 7 -999
P4833 2016 12 0 0 0 0 1 0 0 0 0 0 2 0 3 2 0 0 0 1 0 0 0 0 0 0 0 0 0 2 8 24 0
P4833 2017 1 0 0 39 20 23 17 23 15 25 33 14 16 9 0 1 0 0 0 0 24 22 1 0 0 7 22 27 67 0 0 0
P4833 2017 2 0 2 2 4 7 27 12 9 3 4 3 0 0 38 25 6 6 17 131 64 65 23 23 4 8 18 23 19 -999 -999 -999
P4833 2017 3 13 19 16 19 89 19 8 19 37 14 19 20 8 4 5 12 39 57 24 23 11 115 25 25 21 25 17 21 40 16 47
P4833 2017 4 35 23 13 5 10 10 65 20 6 42 88 25 6 18 31 17 17 13 12 16 13 4 0 6 9 25 10 10 10 14 -999
P4833 2017 5 21 17 3 3 2 8 33 17 22 22 18 4 0 17 0 0 0 0 0 0 0 5 31 17 19 8 0 0 0 0 0
P4833 2017 6 0 0 0 0 0 0 0 6 0 0 0 0 0 0 0 0 0 0 0 0 0 0 0 0 0 0 0 0 0 0 -999
P4833 2017 7 0 0 0 0 0 0 0 0 0 0 0 0 20 0 0 0 0 0 0 0 0 0 8 0 0 0 0 0 0 0 0
P4833 2017 8 0 0 0 0 0 0 0 0 0 0 0 0 0 0 0 0 0 0 0 0 0 0 0 0 0 0 0 0 0 0 0
P4833 2017 9 0 0 0 0 0 0 0 0 0 0 0 0 0 0 0 0 0 0 0 0 0 0 0 0 0 4 12 13 20 53 -999
P4833 2017 10 28 17 0 0 0 0 7 13 12 0 0 0 0 0 0 0 0 0 0 0 4 0 6 6 18 40 15 0 0 0 0
P4833 2017 11 5 0 0 0 5 21 3 6 6 13 18 7 9 0 0 0 4 13 17 9 1 12 4 53 57 19 0 4 9 3 -999
P4833 2017 12 5 8 0 0 0 0 0 0 0 0 4 28 43 25 22 24 26 21 16 13 57 40 28 7 7 11 16 48 102 49 41
P4833 2018 1 0 0 3 0 0 0 0 0 0 0 0 0 0 0 3 2 9 0 0 0 0 0 7 21 66 38 3 0 5 20 9
P4833 2018 2 8 28 75 22 57 75 32 82 2 4 13 75 52 6 0 0 0 0 0 0 0 4 11 13 5 0 4 17 -999 -999 -999
P4833 2018 3 10 0 0 0 0 4 2 0 0 0 23 97 12 3 0 0 0 0 0 20 24 21 22 44 25 45 25 28 26 46 22
P4833 2018 4 30 28 28 33 19 4 0 0 0 0 0 58 60 12 27 70 9 18 4 0 0 0 0 0 6 9 8 0 17 56 -999
P4833 2018 5 27 24 36 22 0 0 0 0 0 0 0 0 0 0 0 0 19 28 14 9 0 0 0 0 0 0 0 0 7 0 0
P4833 2018 6 0 0 0 0 0 0 0 8 0 0 0 0 0 0 0 0 0 0 0 0 0 0 0 0 0 0 0 0 0 0 -999
P4833 2018 7 0 0 0 0 0 0 0 0 0 0 0 0 0 0 0 0 0 0 0 0 0 0 0 0 0 0 0 0 0 0 0
P4833 2018 8 0 0 0 0 0 0 0 0 0 0 0 0 0 0 0 0 0 0 0 0 0 0 0 0 0 0 0 0 0 0 0
P4833 2018 9 0 0 9 0 0 0 0 0 0 0 0 0 0 0 0 0 0 0 0 0 0 11 26 9 0 0 0 0 0 0 -999
P4833 2018 10 0 0 0 0 0 0 0 0 0 0 0 0 0 0 0 0 0 0 11 29 33 0 0 16 18 0 0 5 0 6 58
P4833 2018 11 9 4 12 6 0 0 0 0 0 6 0 0 0 0 0 0 0 0 3 0 13 65 16 16 13 57 45 39 29 4 -999
P4833 2018 12 2 3 0 0 0 0 0 0 0 2 2 0 3 6 0 0 0 0 0 0 0 6 14 20 12 117 56 2 1 0 0
P4833 2019 1 0 0 0 2 3 27 20 20 16 13 6 14 43 3 10 3 0 0 0 1 0 0 0 0 2 0 0 0 2 5 19
P4833 2019 2 3 3 11 8 3 8 22 15 6 9 12 6 11 14 44 25 11 0 0 0 0 0 29 121 68 18 36 111 -999 -999 -999
P4833 2019 3 118 44 25 26 53 40 30 28 79 66 25 22 11 0 0 4 0 0 0 0 0 3 0 0 0 0 8 0 0 15 0
P4833 2019 4 0 0 0 0 0 0 0 0 0 0 4 7 6 0 0 0 0 0 0 0 0 0 8 6 4 4 6 71 22 18 -999
P4833 2019 5 5 0 4 0 7 0 0 0 0 10 0 0 10 23 0 4 0 0 0 0 0 0 0 0 0 0 0 0 0 0 0
P4833 2019 6 0 0 0 0 0 0 0 0 0 0 0 0 0 0 0 0 0 0 0 0 0 0 0 0 0 0 0 0 0 0 -999
P4833 2019 7 0 29 55 15 0 0 0 0 0 0 0 0 0 0 0 0 0 0 0 0 0 0 0 0 0 0 0 0 0 0 0
P4833 2019 8 0 0 0 0 0 0 0 0 0 0 0 0 0 0 0 0 0 0 0 0 0 0 0 0 0 0 0 0 0 0 0
P4833 2019 9 0 0 0 0 0 0 0 0 0 0 0 21 14 0 0 0 0 0 4 0 0 0 0 0 0 0 0 0 0 0 -999
P4833 2019 10 0 0 0 14 11 18 21 12 40 26 0 0 0 0 7 0 0 0 0 0 0 0 0 0 4 6 0 3 0 0 0
P4833 2019 11 0 18 0 6 36 37 40 18 0 2 3 3 8 17 32 5 0 0 0 0 0 0 0 3 6 54 12 0 0 20 -999
P4833 2019 12 11 17 6 5 12 3 10 2 0 0 0 0 2 9 36 23 27 44 23 8 0 35 33 58 105 62 13 0 2 2 0
P4833 2020 1 3 39 64 66 27 98 65 8 11 10 14 15 3 0 0 0 0 0 0 0 0 4 2 3 0 0 0 5 10 21 18
P4833 2020 2 20 22 26 34 18 15 4 2 0 0 0 0 0 39 28 30 0 0 0 15 21 31 62 27 0 6 6 0 -999 -999 -999
P4833 2020 3 0 0 0 0 0 0 0 0 0 0 0 4 24 10 38 11 10 5 0 0 0 11 89 120 46 19 31 16 24 22 11
P4833 2020 4 7 0 9 0 0 0 0 0 15 20 23 23 18 5 0 0 0 0 0 0 20 15 39 43 30 9 0 0 12 0 -999
P4833 2020 5 0 0 0 18 3 0 0 0 0 0 0 0 0 0 0 0 0 0 0 0 0 0 0 15 17 19 74 72 31 18 14
P4833 2020 6 0 0 0 0 0 9 14 23 12 0 0 0 0 0 0 0 0 0 0 0 0 0 0 0 0 0 0 0 0 0 -999
P4833 2020 7 0 0 0 0 0 0 0 0 0 0 0 0 0 0 0 0 0 0 0 0 0 0 0 0 0 0 0 0 0 0 0
P4833 2020 8 0 0 0 0 0 31 0 0 0 0 0 0 0 0 0 0 0 0 0 0 0 0 0 0 0 0 0 0 0 0 0
P4833 2020 9 0 0 0 0 0 0 0 0 0 0 0 0 0 0 35 9 0 9 51 27 10 0 0 0 0 0 0 0 0 0 -999
P4833 2020 10 0 0 0 0 0 13 0 0 0 0 0 0 0 0 0 0 0 0 0 0 0 4 28 48 7 41 121 74 5 3 0
P4833 2020 11 0 0 25 15 3 4 10 5 4 3 0 0 0 0 0 5 30 25 58 106 74 26 5 0 0 0 0 0 3 7 -999
P4833 2020 12 6 6 23 34 24 9 0 4 6 8 15 3 16 10 2 0 0 5 2 7 55 134 130 24 3 3 0 1 0 0 2
P4833 2021 1 0 6 8 17 10 3 1 0 0 0 3 23 12 19 0 2 20 23 22 20 17 14 58 107 110 138 150 48 80 84 82
P4833 2021 2 22 68 28 105 117 29 22 44 3 26 6 16 27 5 0 0 3 0 2 0 0 0 0 5 3 0 40 17 -999 -999 -999
P4833 2021 3 0 9 48 41 62 91 38 11 0 0 4 19 66 27 114 25 66 56 96 29 21 20 35 52 5 0 2 4 13 12 18
P4833 2021 4 10 33 6 26 10 0 0 0 12 67 29 9 0 0 0 28 37 11 5 4 0 0 0 38 66 39 21 22 10 5 -999
P4833 2021 5 0 0 0 5 0 5 13 21 16 7 15 10 13 0 0 0 0 0 0 0 0 0 0 0 0 0 0 14 22 27 23
P4833 2021 6 29 25 14 12 8 17 46 54 26 45 26 11 24 32 17 0 0 0 0 0 0 0 0 0 0 0 0 0 0 0 -999
P4833 2021 7 0 0 0 0 0 0 0 0 0 0 0 0 0 0 0 0 0 0 0 0 0 0 0 0 0 0 0 0 0 0 0
P4833 2021 8 0 0 0 0 0 0 0 24 18 17 9 0 0 0 0 0 0 0 0 0 0 0 0 0 0 0 0 0 0 0 0
P4833 2021 9 0 0 0 0 0 0 0 0 0 0 0 0 0 7 27 21 0 0 0 0 0 0 0 0 48 49 24 8 0 0 -999
P4833 2021 10 17 67 106 30 0 0 0 15 9 0 0 0 5 32 58 0 0 0 25 4 21 35 0 11 10 20 21 15 13 16 36
P4833 2021 11 41 24 20 4 10 21 18 25 3 9 0 0 0 0 0 0 0 0 3 15 18 4 3 0 0 0 0 0 0 2 -999
P4833 2021 12 0 0 0 0 0 0 0 0 0 0 3 7 52 48 111 29 124 101 54 44 88 29 53 38 60 27 83 83 27 33 2
P4833 2022 1 0 0 0 0 0 0 0 0 0 0 0 2 12 23 19 9 0 0 0 0 6 0 0 0 0 0 0 0 0 0 0
P4833 2022 2 0 3 3 3 2 0 0 0 4 17 12 0 0 2 27 5 8 10 0 5 12 4 6 33 5 16 25 76 -999 -999 -999
P4833 2022 3 24 27 3 18 43 36 12 3 0 6 0 0 0 0 0 10 0 0 2 14 7 0 0 3 0 6 0 0 0 0 4
P4833 2022 4 15 37 67 20 11 54 14 12 17 4 0 35 11 0 0 0 0 0 0 0 24 24 8 23 16 17 10 0 0 0 -999
P4833 2022 5 0 0 0 0 0 0 0 0 0 0 0 0 0 0 0 0 0 5 0 6 0 0 0 0 0 0 0 0 0 0 0
P4833 2022 6 0 0 0 0 0 0 0 0 0 0 0 0 0 0 0 0 0 0 0 0 0 0 0 0 0 0 0 0 0 0 -999
P4833 2022 7 0 0 0 0 0 0 0 0 0 0 0 0 0 0 0 0 0 0 0 0 0 0 0 0 0 0 0 0 0 0 0
P4833 2022 8 0 0 0 0 0 0 0 0 0 0 0 0 0 0 0 0 0 0 0 0 0 0 0 0 0 0 0 0 0 0 0
P4833 2022 9 0 0 0 0 0 0 0 0 0 0 0 0 0 0 0 0 0 0 0 0 0 11 14 16 10 8 0 0 0 0 -999
P4833 2022 10 0 0 0 0 10 0 0 0 0 0 0 5 17 8 4 0 0 0 0 15 4 0 0 0 0 0 25 9 0 0 0
P4833 2022 11 7 0 0 6 21 0 0 0 0 0 0 13 82 53 66 25 5 7 11 104 94 128 136 82 16 0 0 0 0 4 -999
P4833 2022 12 4 6 9 2 2 60 33 40 20 7 6 2 0 0 0 1 13 5 18 68 30 29 77 117 91 128 115 118 57 20 25
P4833 2023 1 18 29 26 42 91 57 23 62 29 3 52 15 16 27 4 4 15 6 4 4 2 3 13 0 0 3 0 0 0 0 0
P4833 2023 2 0 0 2 0 0 4 2 0 0 0 0 8 4 22 70 55 37 40 19 59 2 0 0 1 0 0 5 0 -999 -999 -999
P4833 2023 3 0 0 11 11 4 7 0 0 0 0 0 0 0 4 67 25 62 41 24 21 39 29 8 5 2 5 0 3 6 6 0
P4833 2023 4 0 0 0 0 0 0 16 41 8 0 0 0 0 3 26 14 13 15 0 0 7 14 0 0 9 4 0 0 0 0 -999
P4833 2023 5 9 52 44 66 40 30 39 59 33 22 16 5 8 0 0 0 0 0 0 0 0 6 4 8 0 0 0 0 0 0 0
P4833 2023 6 0 0 0 0 0 0 0 0 0 0 0 0 0 8 30 7 5 0 0 0 0 0 0 0 0 0 0 0 0 0 -999
P4833 2023 7 0 0 0 0 0 0 0 0 0 0 0 0 0 0 0 0 0 0 7 0 0 0 0 0 0 0 0 0 0 0 0
P4833 2023 8 0 0 0 0 0 0 0 0 0 0 0 0 0 0 0 0 0 0 0 0 0 0 0 0 0 0 0 0 0 0 0
P4833 2023 9 0 0 0 0 0 0 0 0 0 0 0 0 0 0 0 0 0 0 0 0 0 0 0 0 0 0 0 0 0 16 -999
P4833 2023 10 24 5 0 0 0 0 0 0 0 0 0 0 0 12 14 15 10 16 16 27 10 19 0 4 0 0 4 4 5 22 23
P4833 2023 11 12 13 4 0 0 0 0 6 26 26 35 59 34 0 2 0 2 0 0 0 0 0 0 0 0 0 3 7 0 0 -999
P4833 2023 12 3 16 64 18 0 0 0 0 0 0 0 0 0 3 6 3 9 48 21 107 27 54 20 53 11 0 0 0 0 0 3
P4833 2024 1 8 0 0 0 0 0 0 0 0 0 0 0 0 0 0 1 12 31 108 112 45 79 82 21 4 11 40 48 3 6 14
P4833 2024 2 7 3 3 21 2 0 0 54 29 0 46 46 55 3 4 0 0 0 0 0 0 2 3 0 0 0 0 0 -999 -999 -999
P4833 2024 3 0 0 0 0 0 8 6 0 0 7 34 26 19 65 8 9 7 10 29 8 13 4 0 0 0 3 4 0 6 11 3
P4833 2024 4 0 0 0 10 36 37 38 29 23 42 44 0 0 0 0 0 0 0 0 0 6 36 15 8 0 0 0 0 0 3 -999
P4833 2024 5 7 9 9 13 16 8 14 11 0 0 0 9 20 17 17 8 0 14 0 0 0 0 0 0 0 0 10 30 19 10 4
P4833 2024 6 0 0 0 0 0 0 0 0 0 0 0 11 8 0 0 0 0 0 0 0 0 0 0 0 0 0 0 0 0 0 -999
P4833 2024 7 0 0 0 0 0 0 0 0 0 0 0 0 0 0 0 0 0 0 0 0 0 0 0 0 0 0 0 0 0 0 0
P4833 2024 8 0 0 0 0 0 0 0 0 0 0 0 0 0 0 0 0 0 0 0 0 0 0 0 0 0 0 0 0 0 0 0
P4833 2024 9 0 0 0 0 0 0 0 0 0 0 0 0 0 0 0 0 0 0 6 18 89 59 35 36 18 12 12 8 10 7 -999
P4833 2024 10 6 25 78 19 68 45 23 0 0 0 0 0 0 0 15 0 0 10 0 0 0 0 0 0 0 0 0 0 4 38 36
P4833 2024 11 27 62 62 39 13 6 4 0 0 0 6 28 19 13 14 15 20 5 5 0 0 0 0 0 0 0 0 0 8 38 -999
P4833 2024 12 31 29 24 13 11 7 7 7 11 40 112 24 50 15 7 3 4 6 7 0 3 5 13 13 4 6 3 3 0 0 3
P4833 2025 1 0 0 3 71 138 39 7 23 22 17 5 0 1 3 0 6 7 34 22 2 3 0 0 0 0 0 1 17 30 54 10
P4833 2025 2 5 16 15 3 12 17 40 140 25 23 55 41 0 0 0 6 0 0 0 0 0 0 2 0 0 0 0 0 -999 -999 -999
P4833 2025 3 2 13 2 9 0 0 0 40 14 21 8 2 0 0 0 0 0 0 0 0 0 0 0 0 0 0 8 7 0 0 0
P4833 2025 4 0 0 0 0 2 0 0 0 0 0 0 0 0 0 0 0 0 0 0 0 0 0 0 0 7 0 0 0 14 0 -999
P4833 2025 5 0 0 5 21 14 4 0 0 0 0 0 0 0 25 21 4 0 0 0 0 0 0 0 9 18 16 15 18 36 0 7
P4833 2025 6 0 0 0 2 9 0 0 0 0 0 0 0 0 0 0 0 0 0 0 0 0 0 0 0 0 0 0 0 0 0 -999
P4833 2025 7 0 0 0 0 0 0 0 0 0 0 0 0 0 0 0 0 0 0 0 0 0 0 0 0 0 0 0 0 0 0 0
P4833 2025 8 0 0 13 0 0 0 0 0 0 0 0 0 0 9 0 0 0 0 0 0 0 0 0 0 0 0 0 0 0 0 0
P4833 2025 9 0 0 0 0 0 0 0 0 0 0 0 0 0 0 0 0 0 13 0 0 0 0 0 0 0 0 0 0 0 0 -999
P4833 2025 10 0 0 0 0 0 0 0 0 0 0 0 0 0 0 0 0 13 120 42 43 97 61 12 8 8 0 0 2 8 84 89
P4833 2025 11 88 26 22 120 56 30 19 12 40 125 44 3 5 113 65 44 4 0 0 4 0 0 0 0 0 3 0 0 0 0 -999
P4833 2025 12 0 0 0 0 0 2 1 3 3 5 18 20 23 5 7 36 0 6 8 17 21 37 24 28 23 31 7 27 25 15 58
P4833 2026 1 28 18 13 0 0 0 0 0 0 2 2 1 0 3 5 5 3 4 39 42 38 4 4 0 0 0 0 0 0 0 0
P4833 2026 2 0 0 0 0 0 0 0 0 0 0 0 0 11 8 2 32 19 21 0 0 0 12 0 12 8 3 0 5 -999 -999 -999
P4833 2026 3 5 4 13 42 16 22 10 6 0 0 0 0 6 17 0 0 0 0 0 0 0 0 99 34 49 34 34 16 35 42 24
P4833 2026 4 0 6 8 12 18 16 16 11 16 7 20 5 17 0 0 0 8 4 6 0 0 0 0 0 0 0 0 0 9 46 -999
P4833 2026 5 23 14 0 0 0 0 0 0 0 0 0 0 0 0 0 0 0 0 0 0 0 0 0 0 0 0 0 0 7 0 0
P4833 2026 6 0 0 0 0 0 0 0 0 0 0 0 0 0 0 0 0 0 0 0 0 0 0 0 0 0 0 0 0 0 0 -999
P4833 2026 7 0 0 0 0 0 0 0 0 0 0 0 0 0 0 0 0 0 0 0 0 0 0 0 0 0 0 0 0 0 0 0
P4833 2026 8 0 0 0 0 0 0 0 0 0 0 0 0 0 0 0 0 0 0 0 0 0 0 0 0 0 0 0 0 0 0 0
P4833 2026 9 0 0 0 9 0 0 0 0 0 0 0 0 0 0 0 0 0 0 0 0 0 0 0 0 0 0 0 0 0 0 -999
P4833 2026 10 0 0 0 0 0 0 0 0 0 0 0 0 0 0 0 0 0 0 9 10 13 9 0 0 0 0 0 6 46 55 118
P4833 2026 11 37 47 37 61 81 31 29 65 119 27 30 28 9 68 117 29 5 1 0 0 4 0 0 0 0 0 0 0 0 0 -999
P4833 2026 12 0 2 3 0 0 0 0 0 0 3 2 4 0 7 117 27 24 74 33 24 17 54 26 22 7 2 1 11 0 0 0
P4833 2027 1 0 2 2 14 11 56 89 23 21 16 109 24 21 8 18 2 0 0 21 11 29 23 8 1 14 116 84 69 111 2 0
P4833 2027 2 0 0 0 0 0 0 1 0 0 2 37 4 0 0 3 7 23 25 12 23 16 41 62 15 0 7 13 0 -999 -999 -999
P4833 2027 3 2 24 22 8 3 10 0 0 0 0 0 0 0 0 0 0 9 25 20 7 40 37 36 25 16 30 14 7 0 0 0
P4833 2027 4 0 10 16 22 0 0 0 0 0 0 0 0 0 3 0 0 0 0 0 0 0 8 13 0 0 0 0 0 29 15 -999
P4833 2027 5 21 0 0 20 24 33 38 17 0 0 8 0 0 0 0 0 0 0 0 0 0 0 0 0 0 0 0 0 0 0 0
P4833 2027 6 0 0 0 27 24 22 0 0 0 0 0 0 0 0 0 0 0 0 0 0 0 0 0 0 0 0 7 26 0 0 -999
P4833 2027 7 0 13 29 0 7 15 0 0 0 0 0 0 0 0 0 0 0 0 0 0 0 0 0 0 0 0 0 0 0 0 0
P4833 2027 8 0 0 0 0 0 0 0 0 0 0 0 0 0 0 0 0 0 0 0 0 0 0 0 0 0 0 0 0 0 0 0
P4833 2027 9 0 0 0 0 0 0 0 0 0 0 0 0 0 0 0 0 0 0 0 0 0 0 0 0 0 0 0 0 8 11 -999
P4833 2027 10 7 0 11 0 0 0 0 0 0 0 0 0 0 0 0 0 6 0 0 0 0 3 9 24 12 0 0 0 0 0 0
P4833 2027 11 0 0 3 2 13 8 0 0 3 58 25 9 0 0 0 0 0 0 0 0 10 16 19 8 18 74 16 7 2 3 -999
P4833 2027 12 4 4 2 3 3 2 0 0 0 0 0 0 8 3 7 12 23 22 0 2 0 0 0 0 2 0 0 0 0 0 0
P4833 2028 1 1 3 0 0 0 0 0 0 0 0 0 2 0 0 2 3 26 14 0 0 0 0 0 0 0 0 0 0 0 0 0
P4833 2028 2 0 0 28 23 29 37 15 23 4 19 77 42 39 92 43 23 51 33 46 2 2 18 2 0 0 0 0 0 -999 -999 -999
P4833 2028 3 0 0 0 0 0 0 0 0 0 3 32 17 21 23 22 0 0 0 0 0 0 0 0 0 7 30 32 3 0 4 5
P4833 2028 4 0 0 0 0 0 0 0 0 0 25 8 0 0 0 0 0 0 0 45 60 20 0 0 0 0 0 0 0 0 0 -999
P4833 2028 5 0 0 0 0 0 0 0 14 41 32 12 16 30 8 0 13 0 0 0 0 0 0 0 11 17 0 4 21 15 14 4
P4833 2028 6 15 18 17 13 22 38 25 21 0 0 0 0 0 0 0 0 0 0 0 0 0 0 0 0 0 0 0 26 32 32 -999
P4833 2028 7 18 10 8 0 0 0 0 0 0 0 0 19 15 0 0 0 0 0 0 0 0 0 0 0 0 0 0 0 0 0 0
P4833 2028 8 0 0 0 0 0 0 0 0 0 0 0 0 0 0 0 0 0 0 0 0 0 0 0 0 15 8 0 0 0 0 0
P4833 2028 9 0 0 0 0 0 0 0 0 0 0 0 0 0 0 0 0 0 0 0 0 0 0 0 18 0 0 9 0 23 0 -999
P4833 2028 10 0 0 0 0 0 0 0 0 0 0 0 0 0 0 0 0 0 0 0 0 0 0 0 0 0 0 0 0 0 0 0
P4833 2028 11 0 0 24 6 62 29 2 0 0 0 6 12 6 3 3 4 2 19 21 31 85 25 9 0 0 0 9 24 12 4 -999
P4833 2028 12 5 4 4 4 1 0 0 0 0 0 0 3 14 17 0 0 0 9 53 56 79 68 51 21 11 20 30 14 8 41 4
P4833 2029 1 8 0 46 89 3 0 3 26 3 5 9 68 21 12 4 25 46 21 21 16 4 0 0 0 0 0 0 28 7 5 10
P4833 2029 2 60 35 44 38 38 15 7 3 0 8 3 1 8 2 0 7 2 0 0 2 0 0 0 1 1 3 9 3 -999 -999 -999
P4833 2029 3 0 0 0 71 35 91 35 37 39 22 20 0 2 3 18 0 0 2 2 36 20 20 19 5 0 0 0 0 0 0 5
P4833 2029 4 0 0 11 10 0 0 0 0 0 0 0 0 11 64 3 8 0 22 7 0 0 0 0 0 0 0 0 15 34 18 -999
P4833 2029 5 8 0 27 49 47 26 63 30 15 8 11 6 3 0 0 0 0 0 0 4 0 0 0 0 0 0 0 0 0 0 0
P4833 2029 6 0 0 0 0 0 0 0 0 0 0 0 0 0 0 0 0 0 0 0 0 0 0 0 0 0 0 0 0 0 0 -999
P4833 2029 7 0 0 0 0 0 0 0 0 0 0 0 0 0 0 0 0 0 0 0 0 0 0 0 0 0 0 0 0 0 0 0
P4833 2029 8 0 0 0 0 0 0 0 0 0 0 0 0 0 0 0 0 0 0 0 0 0 0 0 0 0 0 0 0 0 0 0
P4833 2029 9 0 0 0 0 0 0 0 0 0 0 0 0 0 0 0 0 0 0 0 0 0 0 10 0 13 41 13 7 0 0 -999
P4833 2029 10 0 0 0 0 0 0 0 0 0 0 0 0 0 0 0 0 0 10 0 0 0 0 0 0 16 39 0 32 116 39 5
P4833 2029 11 0 0 0 0 0 0 0 0 0 0 0 0 0 0 2 3 9 21 4 4 15 6 12 22 0 0 10 4 6 0 -999
P4833 2029 12 3 5 17 59 78 21 8 29 41 19 12 3 2 3 0 0 8 11 11 0 5 41 27 24 34 7 62 93 113 3 0
P4833 2030 1 0 0 0 6 25 7 21 4 4 67 5 2 0 10 10 73 9 0 2 2 8 0 2 12 8 2 9 21 15 0 0
P4833 2030 2 4 2 17 10 57 14 26 6 0 0 0 0 0 0 0 40 9 3 0 0 0 3 3 2 37 0 0 0 -999 -999 -999
P4833 2030 3 0 0 0 0 0 0 0 0 0 0 0 0 0 0 0 0 16 0 3 0 0 6 0 7 0 26 20 27 70 26 65
P4833 2030 4 107 61 7 0 0 0 0 6 9 8 0 0 0 0 13 11 20 23 14 20 17 0 0 8 25 37 0 0 33 23 -999
P4833 2030 5 8 0 0 0 0 0 0 0 0 0 19 21 19 40 49 27 19 34 10 0 0 0 0 0 0 0 0 0 0 0 0
P4833 2030 6 0 0 0 0 0 0 0 0 0 0 0 0 0 0 0 0 15 21 17 14 0 0 0 0 0 0 0 0 0 0 -999
P4833 2030 7 0 0 0 0 0 0 0 0 0 0 0 0 0 0 0 0 0 0 0 0 0 0 0 0 0 0 0 0 0 0 0
P4833 2030 8 0 0 0 0 0 0 0 0 0 0 0 0 0 0 0 0 0 0 0 0 0 0 0 0 0 0 0 0 0 0 0
P4833 2030 9 0 0 0 0 0 0 0 0 0 0 0 0 0 0 0 105 70 39 14 9 36 34 17 10 23 0 0 19 15 8 -999
P4833 2030 10 0 0 0 0 0 0 0 36 49 63 17 50 22 20 36 4 5 6 75 83 89 51 50 43 10 0 0 5 0 4 10
P4833 2030 11 0 0 8 0 12 25 54 78 103 97 29 26 5 49 26 56 71 43 34 19 21 44 25 21 23 21 16 96 26 14 -999
P4833 2030 12 2 0 0 0 4 17 21 16 3 5 21 2 0 0 0 0 0 0 0 0 0 0 0 0 2 3 24 23 34 25 26
P4833 2031 1 33 2 4 31 10 16 2 90 118 50 30 34 84 62 89 3 0 0 2 0 10 0 0 0 0 0 0 0 0 0 3
P4833 2031 2 3 4 8 23 12 10 5 11 24 8 4 4 3 8 0 0 23 14 0 0 4 8 24 5 0 5 0 0 -999 -999 -999
P4833 2031 3 0 2 7 24 46 31 17 17 65 29 23 25 37 12 3 2 4 3 3 4 0 0 0 0 0 0 0 0 0 7 40
P4833 2031 4 5 6 12 0 10 4 4 17 13 11 4 9 47 8 0 0 0 0 0 0 0 0 0 0 0 0 0 0 0 0 -999
P4833 2031 5 0 0 5 0 0 0 0 0 0 0 0 0 0 0 0 0 0 0 0 0 0 0 0 0 0 0 0 0 0 0 0
P4833 2031 6 0 0 0 0 0 0 21 10 0 0 0 0 0 0 0 0 0 0 0 0 0 0 0 0 0 0 0 0 0 0 -999
P4833 2031 7 0 0 0 0 0 0 0 0 0 0 0 0 0 0 5 0 0 0 0 0 0 0 0 0 0 0 0 0 0 0 0
P4833 2031 8 0 0 0 0 0 0 0 0 0 0 0 7 0 0 0 0 0 0 0 0 0 0 0 0 0 0 0 0 0 0 0
P4833 2031 9 0 0 0 0 0 0 0 0 0 0 0 0 0 0 0 0 0 0 0 0 0 43 40 0 17 21 52 9 27 0 -999
P4833 2031 10 0 0 0 0 0 0 0 0 8 0 0 0 0 0 0 5 0 0 11 10 17 20 0 24 35 0 17 33 4 10 0
P4833 2031 11 0 6 20 98 18 20 34 42 8 4 11 5 79 111 124 45 49 59 66 57 68 29 25 40 90 38 24 43 31 36 -999
P4833 2031 12 95 124 37 51 99 57 30 32 10 12 8 0 0 0 2 3 2 2 0 3 32 21 22 30 25 27 21 41 23 30 6
P4833 2032 1 6 17 73 128 142 40 93 94 36 0 7 42 20 42 51 5 0 0 0 2 0 0 0 0 1 7 17 10 22 48 20
P4833 2032 2 11 12 0 0 0 10 3 0 0 15 102 51 18 0 0 8 0 0 0 0 0 6 0 0 0 0 16 9 -999 -999 -999
P4833 2032 3 0 0 0 0 0 0 0 0 0 3 2 0 0 0 0 0 0 0 0 0 0 0 0 0 0 0 0 0 14 17 0
P4833 2032 4 7 24 23 22 31 22 37 37 27 21 13 0 4 11 4 61 12 0 0 0 0 0 0 57 20 13 0 0 0 0 -999
P4833 2032 5 0 0 5 7 0 0 0 0 0 0 0 0 0 0 0 0 0 0 0 0 0 0 0 0 0 9 0 0 0 20 32
P4833 2032 6 0 0 0 0 0 0 0 0 0 0 0 0 0 0 0 0 0 0 0 0 0 0 0 0 0 0 0 0 0 0 -999
P4833 2032 7 0 0 0 0 0 0 0 0 0 0 0 0 0 0 0 0 0 0 0 0 0 0 0 0 0 0 0 0 0 0 0
P4833 2032 8 0 0 0 0 0 0 0 0 0 0 0 0 0 0 0 0 0 0 0 0 0 0 0 0 0 0 0 0 0 0 0
P4833 2032 9 0 0 0 0 0 0 0 0 0 0 11 0 39 9 7 18 20 0 0 0 0 0 0 0 0 0 0 0 0 0 -999
P4833 2032 10 0 18 17 0 0 0 0 6 13 0 0 0 0 5 54 34 29 0 0 6 0 6 40 23 0 0 0 48 87 7 12
P4833 2032 11 9 23 24 56 15 3 0 0 0 0 0 0 0 0 0 6 5 3 0 0 0 0 2 6 7 12 38 33 50 127 -999
P4833 2032 12 21 35 27 53 11 0 0 4 4 3 0 0 0 0 0 0 0 0 2 3 2 0 3 7 16 35 4 0 0 4 2
P4833 2033 1 2 14 54 57 25 35 28 38 103 125 55 54 57 15 53 125 50 34 29 3 0 13 21 16 20 14 62 30 11 23 7
P4833 2033 2 0 0 0 2 6 2 3 11 22 16 69 30 32 0 0 0 3 6 10 3 2 0 3 32 11 5 0 0 -999 -999 -999
P4833 2033 3 0 0 0 4 0 0 3 0 0 3 18 26 23 0 0 0 0 0 0 10 36 17 6 0 0 0 2 28 4 3 0
P4833 2033 4 0 0 3 18 22 13 0 8 15 13 12 24 24 22 26 136 104 39 23 47 52 90 22 24 44 9 5 4 7 16 -999
P4833 2033 5 15 0 6 0 0 0 0 0 4 0 0 24 24 21 11 19 47 24 24 25 47 21 13 16 0 0 0 0 0 0 0
P4833 2033 6 0 0 0 0 0 0 0 0 0 0 0 0 0 0 0 0 0 0 0 0 0 0 0 0 0 0 0 0 0 0 -999
P4833 2033 7 0 0 0 0 0 0 0 0 0 0 0 0 0 0 0 0 0 0 0 0 0 0 0 0 0 0 0 0 0 0 0
P4833 2033 8 0 0 0 0 0 0 0 0 0 0 0 0 0 0 0 0 0 0 0 0 0 0 0 0 0 0 0 0 0 32 0
P4833 2033 9 0 0 0 0 0 0 9 19 0 0 0 0 0 0 47 67 0 0 0 0 0 0 0 0 0 0 0 0 0 0 -999
P4833 2033 10 0 0 0 34 63 34 31 27 17 50 135 83 84 6 0 0 0 0 0 0 0 0 4 5 7 0 0 6 2 2 3
P4833 2033 11 6 26 124 69 18 10 0 0 0 0 2 0 0 0 0 0 9 11 0 0 0 4 0 0 0 0 0 0 0 0 -999
P4833 2033 12 3 5 4 2 0 0 0 2 8 3 5 13 12 0 0 0 0 0 0 0 0 0 0 0 0 0 0 0 3 0 0
P4833 2034 1 0 4 5 5 3 16 16 10 6 7 16 28 36 44 76 31 43 4 2 0 0 0 0 0 0 0 0 0 0 0 0
P4833 2034 2 0 0 0 0 0 0 2 0 0 1 0 0 9 14 15 9 13 14 0 0 0 0 0 0 0 0 4 10 -999 -999 -999
P4833 2034 3 35 97 98 17 39 23 26 5 0 0 0 0 0 0 14 12 0 0 0 0 0 2 25 33 15 0 0 0 0 0 0
P4833 2034 4 0 0 0 0 0 0 0 0 0 0 0 0 0 0 13 0 0 0 0 5 23 0 0 0 0 0 0 0 0 0 -999
P4833 2034 5 0 0 0 0 0 0 0 0 0 0 0 0 0 0 0 0 0 0 0 0 0 0 0 0 0 0 0 0 0 0 0
P4833 2034 6 0 0 0 0 43 33 13 0 0 0 0 0 0 0 0 0 0 0 0 0 0 0 0 0 0 0 0 0 0 0 -999
P4833 2034 7 0 0 0 0 0 0 0 0 0 11 0 0 0 0 0 0 0 0 0 0 0 0 0 0 0 0 0 0 0 0 0
P4833 2034 8 12 0 12 0 0 0 0 0 0 0 0 0 0 0 0 0 0 0 0 0 0 0 0 0 0 0 0 0 0 0 0
P4833 2034 9 0 0 0 0 0 0 0 0 0 0 0 0 0 0 0 0 0 0 0 0 14 13 0 0 0 14 0 0 0 0 -999
P4833 2034 10 7 14 21 12 42 35 0 0 0 15 19 10 3 9 0 12 0 0 0 0 0 0 0 0 19 31 7 7 15 0 0
P4833 2034 11 0 0 0 0 0 4 16 15 47 0 0 7 0 0 0 0 0 0 0 0 6 28 19 49 30 68 22 37 17 19 -999
P4833 2034 12 4 0 0 2 2 11 46 52 20 19 15 1 3 66 93 7 4 2 0 2 4 6 0 0 5 16 15 18 14 10 44
P4833 2035 1 2 0 7 24 30 17 45 79 10 3 4 3 10 8 8 11 32 4 4 35 119 101 30 29 16 3 0 6 4 0 4
P4833 2035 2 14 59 2 0 0 0 6 9 3 0 1 0 0 0 0 0 0 0 2 4 36 58 101 75 27 16 41 42 -999 -999 -999
P4833 2035 3 40 97 38 24 51 15 6 52 23 16 10 19 70 127 75 34 15 21 49 49 79 90 45 17 83 41 3 23 18 27 55
P4833 2035 4 27 43 23 50 49 47 33 40 60 26 38 12 3 4 0 0 0 12 11 74 125 69 31 21 17 9 10 40 24 57 -999
P4833 2035 5 22 0 0 0 0 0 0 0 0 0 0 0 0 0 0 0 0 0 0 0 0 0 12 5 0 0 0 0 0 0 20
P4833 2035 6 15 0 0 0 8 35 24 11 21 12 46 0 0 0 0 0 0 0 0 0 0 0 0 0 0 0 0 0 0 0 -999
P4833 2035 7 0 0 0 0 0 0 0 0 0 0 0 0 0 0 0 0 0 0 0 0 0 0 0 0 0 0 0 0 0 0 0
P4833 2035 8 0 0 0 0 0 0 0 0 0 0 0 0 0 0 0 0 0 0 0 0 0 0 0 0 0 0 0 0 0 0 0
P4833 2035 9 0 0 0 0 0 0 0 0 0 0 0 0 0 0 0 0 0 0 0 0 0 0 16 0 0 0 0 0 0 0 -999
P4833 2035 10 0 8 14 0 0 0 0 0 0 0 0 0 14 32 22 0 0 0 6 25 19 0 0 0 0 0 0 0 0 0 0
P4833 2035 11 5 5 14 14 18 10 0 9 14 0 0 0 0 0 0 0 0 0 0 0 0 0 0 0 0 0 0 4 3 0 -999
P4833 2035 12 15 17 15 21 83 124 100 32 24 34 20 19 53 12 12 6 0 4 47 104 100 44 0 0 2 0 0 0 0 0 2
P4833 2036 1 20 19 0 0 4 7 0 0 0 17 21 20 6 0 0 0 10 42 48 12 64 25 5 2 1 0 4 3 5 0 8
P4833 2036 2 2 0 0 0 0 2 6 25 13 5 16 24 40 21 9 21 15 0 0 0 0 0 0 0 0 0 3 8 -999 -999 -999
P4833 2036 3 96 27 19 29 43 13 0 4 0 0 0 0 0 4 4 4 0 0 0 0 0 0 0 0 0 6 11 20 10 0 0
P4833 2036 4 20 54 25 5 0 0 0 0 0 0 0 0 0 0 0 0 0 0 0 0 0 0 0 5 9 10 7 0 0 0 -999
P4833 2036 5 0 0 0 7 16 0 0 0 0 0 6 13 20 14 11 18 14 0 0 0 0 0 0 0 0 0 0 0 0 0 0
P4833 2036 6 0 0 0 0 0 0 0 0 0 0 0 0 0 0 0 0 0 8 5 0 0 0 0 0 0 0 0 0 0 0 -999
P4833 2036 7 0 0 0 0 0 0 0 0 0 0 0 0 0 0 0 0 0 0 0 0 0 0 0 0 0 0 0 0 0 0 0
P4833 2036 8 0 0 0 0 0 0 0 0 0 0 0 0 0 0 0 0 0 0 0 0 0 0 0 0 0 0 0 0 0 0 0
P4833 2036 9 0 0 0 0 0 0 0 0 0 0 0 0 0 0 0 0 0 0 0 0 0 0 0 0 0 0 0 0 0 0 -999
P4833 2036 10 0 15 0 0 0 0 0 0 0 0 78 0 0 0 0 0 0 0 0 0 0 0 0 0 0 43 12 17 120 81 20
P4833 2036 11 15 0 0 0 0 8 4 63 24 13 2 0 7 59 38 14 13 8 10 6 6 0 0 0 0 7 28 30 12 0 -999
P4833 2036 12 0 0 4 11 11 0 2 0 0 0 1 5 4 7 3 2 0 3 8 3 13 45 27 3 16 23 3 0 0 0 2
P4833 2037 1 2 3 1 0 0 0 0 0 9 44 25 98 33 0 0 0 0 3 41 56 100 39 28 99 76 26 135 38 88 8 0
P4833 2037 2 0 10 5 9 13 25 25 4 8 21 0 0 0 0 0 0 2 2 0 0 0 0 2 0 0 5 40 18 -999 -999 -999
P4833 2037 3 13 0 0 0 0 0 0 1 0 2 0 6 40 131 60 16 21 10 0 0 11 19 36 55 45 3 2 10 24 6 0
P4833 2037 4 4 0 15 11 20 25 19 21 20 6 0 0 0 22 54 25 28 21 22 21 69 38 38 14 6 0 0 0 0 0 -999
P4833 2037 5 0 0 0 0 0 0 0 0 0 11 22 7 0 0 4 0 0 8 12 0 0 0 13 12 36 24 14 11 0 0 0
P4833 2037 6 0 0 0 0 0 0 0 0 0 0 0 0 0 0 0 5 9 18 18 0 0 0 0 0 0 0 0 0 0 0 -999
P4833 2037 7 0 0 0 0 0 0 0 0 0 0 0 0 0 0 0 0 0 0 0 0 0 0 0 0 0 0 0 0 0 0 0
P4833 2037 8 0 0 0 0 0 0 0 0 0 0 0 0 0 0 0 0 0 0 0 0 0 0 0 0 0 0 0 0 0 0 0
P4833 2037 9 0 0 0 0 0 0 0 0 0 0 0 0 0 0 0 0 0 0 0 0 0 0 0 0 0 0 0 0 0 0 -999
P4833 2037 10 8 0 0 0 0 0 0 0 0 0 9 9 0 0 0 0 16 33 5 0 0 0 0 0 5 8 0 0 0 0 0
P4833 2037 11 0 0 0 0 0 8 5 6 0 0 21 18 15 17 22 0 0 0 3 40 19 24 29 29 28 19 44 37 28 23 -999
P4833 2037 12 89 13 74 94 34 18 24 41 40 38 29 14 8 17 3 2 19 27 20 0 0 61 44 2 0 0 0 0 2 3 2
P4833 2038 1 10 46 4 20 21 16 21 0 3 5 4 3 4 48 37 21 72 2 0 20 15 12 63 83 7 34 26 27 34 36 18
P4833 2038 2 0 4 8 101 36 44 10 0 2 3 0 0 0 0 3 5 0 0 8 0 0 0 5 0 0 0 0 19 -999 -999 -999
P4833 2038 3 9 5 30 33 121 20 27 21 22 28 9 0 0 0 0 0 3 22 12 14 21 11 3 4 0 5 4 7 0 0 16
P4833 2038 4 4 0 0 0 0 0 4 20 6 0 0 0 0 22 17 7 0 0 0 0 0 0 0 0 0 0 0 0 0 0 -999
P4833 2038 5 0 0 0 0 0 0 9 0 0 0 0 0 0 0 0 0 0 83 48 17 0 0 0 0 0 0 0 6 0 0 0
P4833 2038 6 0 0 0 10 0 0 0 0 0 0 0 0 0 0 0 0 0 0 0 0 0 0 0 0 0 0 0 0 0 0 -999
P4833 2038 7 0 0 0 0 0 0 0 0 0 0 0 0 0 0 0 0 0 0 0 0 0 0 0 0 0 0 0 0 0 0 0
P4833 2038 8 0 0 0 0 0 0 0 0 0 0 0 0 0 0 0 0 0 0 0 0 0 0 0 0 0 0 0 0 0 0 0
P4833 2038 9 0 0 0 0 0 0 0 0 0 0 0 0 0 0 0 0 0 0 0 0 0 0 0 21 0 0 0 0 0 0 -999
P4833 2038 10 0 0 0 0 0 0 0 0 0 0 0 0 0 0 0 0 0 0 7 0 5 7 58 0 0 0 0 6 7 0 0
P4833 2038 11 23 13 23 0 0 5 7 6 9 5 7 39 12 68 79 13 29 15 9 2 0 0 0 0 0 0 0 0 4 0 -999
P4833 2038 12 4 11 15 23 14 20 23 16 0 3 87 51 82 8 32 43 51 25 71 39 111 4 5 6 4 7 50 10 3 10 20
P4833 2039 1 6 10 9 6 27 3 6 0 0 0 0 0 0 3 11 34 31 3 31 8 6 17 15 22 20 19 19 0 0 0 0
P4833 2039 2 23 21 0 3 0 0 0 7 8 10 0 0 0 3 0 9 8 0 14 0 0 0 3 32 58 17 10 3 -999 -999 -999
P4833 2039 3 2 0 0 0 0 0 3 20 3 0 0 41 13 38 13 15 0 5 0 0 0 0 0 0 2 0 0 0 0 0 0
P4833 2039 4 0 0 0 0 6 0 0 0 0 0 0 0 0 10 15 13 0 0 7 0 8 12 0 0 0 0 0 0 0 0 -999
P4833 2039 5 0 0 0 0 0 0 0 0 0 0 0 0 0 0 0 8 3 13 4 9 10 13 0 0 0 0 0 0 0 0 0
P4833 2039 6 4 18 48 53 26 9 0 0 0 0 0 0 0 0 0 0 0 0 0 0 0 0 0 0 0 0 0 0 0 0 -999
P4833 2039 7 0 0 0 0 0 0 0 0 0 0 0 0 0 0 0 0 0 0 0 0 0 0 0 0 0 0 0 0 0 0 0
P4833 2039 8 0 0 0 0 0 0 0 0 0 0 0 0 0 0 0 0 0 0 0 0 0 0 0 0 0 0 0 0 0 0 0
P4833 2039 9 0 0 0 0 0 0 0 0 0 0 0 0 0 0 0 0 0 0 0 0 0 0 0 0 0 0 0 0 0 0 -999
P4833 2039 10 26 0 0 0 0 0 0 0 0 0 0 0 0 0 17 0 0 0 0 11 18 85 62 28 23 27 114 46 75 70 6
P4833 2039 11 14 0 0 0 0 0 3 7 12 24 28 21 19 22 8 11 13 24 61 35 18 23 23 0 0 0 9 61 3 3 -999
P4833 2039 12 11 20 26 78 101 88 18 33 117 7 7 7 12 15 8 7 4 5 57 86 14 17 15 53 46 18 54 100 27 42 16
P4833 2040 1 8 14 10 39 123 94 32 42 16 32 41 32 19 9 23 31 23 23 47 8 0 4 2 2 0 2 0 0 0 0 0
P4833 2040 2 0 0 0 11 22 0 0 0 0 3 0 0 0 9 20 20 10 3 0 5 0 0 0 0 0 0 0 0 -999 -999 -999
P4833 2040 3 0 0 0 0 0 0 0 0 0 0 0 0 0 0 0 0 0 0 0 0 0 37 130 68 37 25 20 21 62 36 20
P4833 2040 4 4 60 39 8 6 8 17 6 0 0 0 0 0 0 0 36 36 0 0 0 0 4 4 6 46 12 0 5 0 0 -999
P4833 2040 5 16 15 9 0 0 0 0 0 0 0 0 0 0 0 0 0 0 0 0 7 0 0 0 0 0 0 0 0 0 0 0
P4833 2040 6 0 0 0 0 0 0 0 0 0 0 0 0 0 0 0 0 0 0 0 0 0 0 0 0 0 0 0 0 0 0 -999
P4833 2040 7 0 0 0 0 0 0 0 0 0 0 0 0 0 0 0 0 0 0 0 0 0 0 0 0 0 0 0 0 0 0 0
P4833 2040 8 0 0 0 0 0 0 0 0 0 0 0 0 0 0 0 0 0 0 0 0 0 0 0 0 0 0 0 0 0 0 0
P4833 2040 9 0 0 0 0 0 0 0 0 0 0 0 0 0 0 0 0 0 0 0 0 0 0 0 0 0 0 0 0 5 12 -999
P4833 2040 10 0 0 0 0 0 0 0 0 0 0 0 0 0 0 0 0 20 35 19 6 9 0 3 0 0 10 9 4 0 0 0
P4833 2040 11 0 15 20 6 0 0 65 102 46 22 21 10 9 7 16 7 0 0 0 0 0 0 0 9 7 0 0 0 0 0 -999
P4833 2040 12 0 0 0 3 22 57 24 0 3 0 0 0 7 9 2 0 0 7 20 4 2 5 0 0 0 3 9 16 18 24 12
P4833 2041 1 3 0 0 0 0 0 1 2 0 0 7 6 4 6 5 0 0 0 26 29 85 83 151 65 82 113 145 100 16 26 0
P4833 2041 2 0 0 0 0 33 14 87 58 45 66 25 44 59 23 68 77 47 92 40 31 127 31 24 51 25 10 6 0 -999 -999 -999
P4833 2041 3 6 0 0 0 1 14 15 3 15 16 20 24 19 23 13 19 13 70 56 25 28 37 72 46 36 91 40 37 28 58 21
P4833 2041 4 12 0 0 0 0 0 0 0 0 0 0 0 7 0 3 3 9 44 29 33 25 15 7 35 37 22 3 4 0 0 -999
P4833 2041 5 0 0 8 6 0 0 0 0 0 14 11 0 0 0 0 0 0 0 22 28 26 28 35 25 9 50 69 29 9 4 11
P4833 2041 6 0 0 0 0 0 0 0 0 0 0 0 0 0 0 0 0 0 0 0 0 0 0 0 0 0 0 0 0 0 0 -999
P4833 2041 7 0 0 0 0 0 0 0 0 0 17 0 0 0 0 0 0 10 0 0 0 0 0 0 0 10 32 40 7 0 0 0
P4833 2041 8 0 0 0 0 0 0 0 0 0 0 0 0 0 0 0 0 0 0 0 0 0 0 0 0 0 0 0 0 0 0 0
P4833 2041 9 0 0 0 0 0 0 0 0 0 0 0 0 0 0 0 0 0 0 0 0 0 0 23 64 62 19 0 0 0 0 -999
P4833 2041 10 0 16 8 0 0 0 0 0 0 0 0 0 0 0 0 0 0 0 5 0 15 13 0 0 0 8 0 0 6 0 7
P4833 2041 11 0 0 0 6 5 26 10 9 16 13 38 27 78 48 57 47 135 113 20 87 61 119 51 123 32 25 57 62 34 7 -999
P4833 2041 12 6 46 2 30 116 26 25 6 3 0 3 15 11 53 76 124 91 51 35 46 12 0 18 0 0 0 0 3 0 0 0
P4833 2042 1 0 0 0 0 0 14 28 22 8 9 2 4 0 0 0 0 0 0 0 0 0 0 0 0 0 0 0 0 0 0 3
P4833 2042 2 22 14 0 0 0 0 0 2 4 6 2 0 0 0 0 0 0 2 4 3 0 0 0 0 0 0 0 0 -999 -999 -999
P4833 2042 3 0 0 0 0 0 7 0 0 0 0 0 0 4 4 10 7 0 59 121 29 21 22 20 41 20 4 7 4 10 7 59
P4833 2042 4 23 15 4 5 15 42 24 11 25 10 6 17 7 14 23 17 0 0 0 0 0 55 42 25 13 9 0 17 24 43 -999
P4833 2042 5 49 35 14 7 0 4 0 0 0 0 0 0 0 0 0 0 0 0 0 0 0 0 0 0 0 0 0 0 0 0 0
P4833 2042 6 0 0 0 10 0 0 0 0 0 0 0 0 0 0 0 0 0 0 0 0 0 0 0 0 0 0 0 0 0 0 -999
P4833 2042 7 0 0 0 0 0 0 0 0 0 0 0 0 0 0 21 0 0 0 0 0 0 0 0 0 0 0 0 0 0 0 0
P4833 2042 8 0 0 0 0 0 0 0 0 0 0 0 0 0 0 0 0 0 0 0 0 0 0 0 0 0 0 0 0 0 0 0
P4833 2042 9 0 0 0 0 0 0 0 0 0 0 0 0 0 0 0 0 0 0 0 0 0 0 0 0 0 0 0 0 0 0 -999
P4833 2042 10 0 0 0 5 0 0 0 0 0 0 0 17 43 20 7 13 23 12 5 67 32 29 12 3 0 0 5 10 0 0 0
P4833 2042 11 0 0 0 0 0 5 51 13 11 0 0 0 0 0 0 0 0 0 5 39 0 0 0 0 0 3 0 2 27 9 -999
P4833 2042 12 13 4 51 63 29 9 15 17 28 46 14 41 36 62 37 22 70 33 23 33 4 5 47 56 0 11 2 0 0 0 2
P4833 2043 1 4 5 12 5 2 19 20 4 0 0 0 2 38 88 29 65 9 17 4 55 34 54 27 66 7 1 4 9 22 4 0
P4833 2043 2 0 0 0 2 3 35 36 0 0 0 0 0 0 0 0 0 0 0 0 0 3 0 2 0 0 3 0 0 -999 -999 -999
P4833 2043 3 0 8 19 37 6 6 25 124 30 31 23 21 11 4 8 0 4 3 31 0 18 26 23 14 19 4 9 3 10 7 4
P4833 2043 4 5 13 3 3 0 0 0 0 0 0 38 0 0 0 4 35 25 0 12 28 0 0 0 0 0 0 8 0 0 0 -999
P4833 2043 5 0 0 0 0 0 0 0 0 0 0 0 0 0 0 0 0 0 0 0 0 0 19 26 19 0 10 39 32 8 14 15
P4833 2043 6 13 12 0 0 0 0 0 0 0 0 0 0 0 0 0 0 0 0 0 0 0 0 0 0 0 0 0 0 0 0 -999
P4833 2043 7 0 0 0 0 0 0 0 0 0 0 0 0 0 0 0 0 0 0 0 0 0 0 0 0 0 0 0 0 0 0 0
P4833 2043 8 0 0 0 0 0 0 0 0 0 0 0 0 0 0 0 0 0 0 0 0 0 0 0 0 0 11 0 0 9 0 0
P4833 2043 9 0 0 0 0 0 0 0 0 0 0 0 0 0 0 0 0 0 0 0 0 0 6 0 0 0 0 0 0 0 0 -999
P4833 2043 10 0 0 0 0 0 0 0 13 0 11 0 0 0 0 7 0 25 0 0 0 4 10 25 0 15 11 10 24 23 17 12
P4833 2043 11 0 0 0 0 0 0 0 0 0 5 72 21 112 44 23 0 0 0 0 0 0 0 0 20 24 22 12 48 18 9 -999
P4833 2043 12 2 3 0 0 0 0 6 5 10 20 79 72 5 12 34 9 7 39 67 25 128 51 3 7 20 45 61 3 1 0 0
P4833 2044 1 0 1 4 0 0 2 7 0 0 3 7 3 0 0 3 2 81 106 14 15 15 13 0 0 0 2 8 79 15 2 0
P4833 2044 2 0 0 0 0 22 9 0 0 13 40 18 0 0 0 0 0 0 0 0 0 0 0 5 107 28 0 17 10 -999 -999 -999
P4833 2044 3 13 28 35 51 30 19 20 47 13 20 9 4 0 5 0 0 0 20 23 15 9 13 0 3 8 18 43 28 23 43 16
P4833 2044 4 0 9 6 0 0 0 0 0 0 0 0 0 0 23 10 0 0 0 0 0 0 0 0 0 0 7 43 8 0 0 -999
P4833 2044 5 0 0 0 0 0 11 0 13 22 36 0 0 0 0 0 0 0 0 24 30 21 0 0 0 7 5 0 0 4 15 0
P4833 2044 6 0 0 0 0 0 0 7 0 0 0 0 0 0 0 0 0 0 0 0 0 0 0 0 0 0 0 0 0 0 0 -999
P4833 2044 7 10 0 0 0 0 0 0 0 0 0 0 0 0 0 0 0 0 0 0 0 0 0 0 0 0 0 0 0 0 0 0
P4833 2044 8 0 0 0 0 0 0 0 0 0 0 0 0 0 0 0 0 0 0 0 0 0 0 0 0 0 0 0 0 0 0 0
P4833 2044 9 0 0 0 0 0 0 0 0 0 0 0 0 0 0 0 0 0 0 0 0 20 0 0 16 17 9 0 0 5 78 -999
P4833 2044 10 38 15 12 0 0 0 0 0 0 0 0 0 0 0 0 3 7 24 30 71 29 0 0 0 0 0 0 0 0 0 8
P4833 2044 11 16 3 7 0 10 2 5 7 8 0 43 38 33 24 20 43 66 35 53 57 64 27 67 122 136 150 102 40 44 5 -999
P4833 2044 12 0 0 0 0 0 0 0 4 32 30 2 0 5 6 11 13 7 9 8 11 3 28 16 18 9 0 5 3 31 0 15
P4833 2045 1 91 32 5 4 6 6 106 33 21 20 52 58 105 70 27 43 18 20 0 0 0 2 2 2 3 0 0 0 0 2 7
P4833 2045 2 15 51 7 4 31 31 6 0 0 0 5 16 22 0 3 2 4 0 0 0 2 3 0 0 0 0 0 0 -999 -999 -999
P4833 2045 3 0 0 0 0 0 2 5 29 20 0 0 4 13 0 33 6 2 0 0 0 0 0 0 0 6 0 0 0 0 0 0
P4833 2045 4 6 0 0 4 4 34 32 16 7 19 31 21 4 10 0 0 0 0 0 0 0 0 0 0 0 0 0 0 0 0 -999
P4833 2045 5 11 0 0 0 0 0 0 16 0 0 0 0 0 0 0 0 0 0 0 0 0 0 0 0 0 0 0 0 0 0 0
P4833 2045 6 0 0 0 0 0 0 0 0 0 0 0 0 0 0 0 0 0 0 0 0 22 21 18 16 26 18 0 0 0 0 -999
P4833 2045 7 0 0 0 0 0 0 0 0 0 0 0 0 0 0 0 0 0 0 0 0 0 0 0 0 0 0 0 0 0 0 0
P4833 2045 8 0 0 0 0 0 0 0 0 0 0 0 0 0 0 0 0 0 0 0 0 0 0 0 0 0 0 0 0 0 0 0
P4833 2045 9 0 0 0 0 0 0 0 0 0 0 0 0 0 0 0 0 0 0 0 0 0 0 0 0 0 0 0 0 10 25 -999
P4833 2045 10 23 0 11 8 0 0 0 0 0 0 0 0 0 9 81 57 70 50 12 0 0 0 0 0 0 0 0 0 0 0 0
P4833 2045 11 9 21 17 0 8 0 0 0 0 0 0 10 32 5 13 78 140 32 23 0 0 5 13 73 19 40 82 64 47 31 -999
P4833 2045 12 4 6 10 3 12 21 9 9 0 3 0 0 0 0 0 0 4 66 20 41 48 26 22 17 67 59 29 3 2 0 0
P4833 2046 1 2 4 40 70 71 38 99 43 17 9 115 50 66 27 79 28 22 29 42 14 2 0 17 0 6 37 40 33 31 43 44
P4833 2046 2 96 108 65 12 0 25 20 3 2 4 18 16 22 41 46 8 13 21 7 6 21 88 16 22 27 53 71 51 -999 -999 -999
P4833 2046 3 50 117 55 28 33 95 69 103 124 40 106 76 125 27 111 33 101 24 28 34 41 16 19 5 0 0 9 55 24 4 4
P4833 2046 4 0 5 12 53 19 17 7 30 19 17 20 2 3 5 40 18 15 3 40 27 19 26 13 26 22 23 17 21 18 14 -999
P4833 2046 5 0 0 0 0 0 0 0 0 0 0 0 0 6 3 0 0 0 14 0 0 0 0 0 0 0 8 0 2 6 0 0
P4833 2046 6 0 0 0 0 0 0 0 0 0 0 0 0 0 0 0 0 0 0 0 0 0 0 0 0 0 0 0 0 0 0 -999
P4833 2046 7 0 0 0 0 0 0 0 5 0 0 0 0 0 0 0 0 0 0 0 0 0 0 0 0 0 0 0 0 0 0 0
P4833 2046 8 0 0 0 0 0 0 0 0 0 0 0 0 0 0 0 0 0 0 0 0 0 0 0 0 0 0 0 0 0 0 0
P4833 2046 9 0 0 0 0 0 0 0 0 0 0 0 0 0 0 0 0 0 0 0 0 0 0 0 0 0 0 0 0 0 0 -999
P4833 2046 10 0 0 6 12 12 42 36 26 0 0 0 0 0 0 0 0 0 0 0 4 4 47 32 24 38 20 33 9 25 70 55
P4833 2046 11 0 0 0 0 8 35 5 31 11 11 17 0 0 4 0 0 0 0 0 0 0 2 4 13 19 5 6 44 105 58 -999
P4833 2046 12 77 81 28 17 44 45 38 37 58 19 41 30 19 137 105 23 43 89 13 0 5 0 0 0 0 0 0 0 0 0 0
P4833 2047 1 0 0 0 0 0 0 7 34 4 10 48 29 35 104 121 158 136 14 81 15 56 82 7 0 0 0 0 0 0 3 2
P4833 2047 2 2 3 3 5 41 3 12 8 2 2 2 0 2 30 19 0 0 0 0 0 4 0 0 22 24 16 29 22 -999 -999 -999
P4833 2047 3 24 70 8 3 43 49 30 4 0 0 0 0 0 0 0 0 0 0 0 0 0 5 47 20 21 6 14 2 0 13 19
P4833 2047 4 36 23 24 4 0 3 0 0 22 64 76 26 24 7 47 24 22 14 8 0 0 0 0 0 0 0 0 0 0 0 -999
P4833 2047 5 0 0 0 0 0 0 0 0 0 0 0 0 7 0 0 0 0 0 0 0 0 0 0 0 0 0 0 0 0 0 0
P4833 2047 6 0 0 0 0 0 0 0 0 0 0 0 0 0 0 7 11 0 0 0 0 0 0 0 0 0 0 0 0 0 0 -999
P4833 2047 7 0 0 0 0 0 0 0 0 0 0 0 0 0 0 0 0 0 0 32 41 15 0 0 0 0 0 0 0 0 0 0
P4833 2047 8 0 0 0 0 0 0 0 0 0 0 0 0 0 0 0 0 0 0 0 0 0 0 0 0 0 0 0 0 0 0 0
P4833 2047 9 0 0 0 0 0 0 0 0 0 0 0 0 0 34 32 31 6 0 0 0 0 0 0 0 0 0 0 0 0 0 -999
P4833 2047 10 0 8 50 39 28 82 44 37 34 101 54 39 24 38 38 84 110 16 47 10 21 12 2 0 0 3 4 0 0 0 0
P4833 2047 11 3 2 9 12 26 8 5 10 12 12 8 2 7 3 4 26 29 0 0 0 0 0 0 0 0 0 0 0 0 0 -999
P4833 2047 12 0 0 0 0 0 0 0 0 0 0 0 0 0 0 0 0 0 0 0 0 0 6 6 25 10 0 0 0 6 5 0
P4833 2048 1 6 19 0 0 0 0 0 0 0 5 3 81 34 81 7 0 3 2 2 0 0 3 0 0 0 0 0 0 0 0 0
P4833 2048 2 0 0 4 2 2 0 0 0 2 5 15 10 6 7 22 16 0 0 0 0 0 0 0 0 0 0 0 0 -999 -999 -999
P4833 2048 3 0 0 0 0 6 8 16 39 28 56 81 19 11 53 10 45 16 8 3 4 42 4 0 3 7 28 20 24 33 24 22
P4833 2048 4 19 0 5 4 5 0 0 0 0 0 0 0 0 0 0 0 0 0 0 0 0 0 14 0 0 0 0 0 0 0 -999
P4833 2048 5 0 0 0 29 6 10 0 0 0 0 0 0 0 0 0 0 18 58 11 0 6 5 0 0 0 0 0 0 0 0 0
P4833 2048 6 0 0 0 0 0 0 0 0 0 0 0 0 0 0 10 0 0 0 0 0 0 0 0 0 0 0 0 0 0 0 -999
P4833 2048 7 0 0 0 0 0 0 0 0 0 0 0 0 0 0 0 0 0 0 0 0 0 0 0 0 0 0 0 0 0 0 0
P4833 2048 8 0 0 0 0 0 0 0 0 0 0 0 0 0 0 0 0 0 0 0 0 0 0 0 0 0 0 0 0 0 0 0
P4833 2048 9 0 0 0 0 0 0 0 0 0 0 0 0 0 0 0 0 0 0 0 0 0 0 0 0 0 0 57 59 107 36 -999
P4833 2048 10 16 11 0 0 0 16 20 0 0 0 0 0 0 0 0 0 0 0 13 5 9 5 0 0 0 3 3 0 0 0 4
P4833 2048 11 9 0 4 4 10 40 0 0 0 0 0 0 0 0 3 9 63 31 50 27 18 0 0 0 0 30 10 4 4 8 -999
P4833 2048 12 50 133 18 28 99 38 0 0 0 0 0 0 0 0 0 0 0 0 4 6 0 0 0 4 0 0 57 79 35 19 3
P4833 2049 1 3 4 15 37 16 30 20 35 4 0 6 7 48 7 8 11 6 5 0 0 3 2 0 2 0 2 4 8 6 13 46
P4833 2049 2 51 70 39 38 25 7 0 0 0 6 0 0 0 20 6 3 0 0 0 0 2 8 5 7 3 20 5 4 -999 -999 -999
P4833 2049 3 0 0 0 0 0 0 0 0 0 0 0 0 0 0 11 10 0 0 0 0 0 9 6 17 0 0 0 0 0 13 8
P4833 2049 4 0 14 0 0 0 0 0 0 0 0 0 0 0 0 23 23 18 0 0 0 0 0 0 0 6 0 0 0 0 0 -999
P4833 2049 5 15 9 13 8 11 10 11 44 51 28 23 30 3 0 0 0 0 0 0 0 53 32 52 42 30 33 32 36 9 8 11
P4833 2049 6 0 0 0 0 0 0 0 0 0 0 0 0 0 0 0 0 0 0 0 0 0 0 0 0 0 0 0 0 0 0 -999
P4833 2049 7 0 0 0 0 0 0 0 0 0 0 0 0 0 0 0 0 0 0 0 0 0 0 0 0 0 0 0 0 0 0 0
P4833 2049 8 0 0 0 0 0 0 0 0 0 0 0 0 0 0 0 0 0 0 0 0 0 0 0 0 0 0 0 0 0 0 0
P4833 2049 9 0 0 0 0 0 0 0 0 0 0 0 0 0 0 0 0 0 0 0 0 42 53 27 18 0 0 0 0 0 0 -999
P4833 2049 10 0 0 0 0 0 0 0 0 0 0 0 0 0 0 12 37 24 0 0 0 0 0 0 5 15 0 0 0 0 0 0
P4833 2049 11 0 14 110 120 40 23 54 70 53 47 116 68 113 81 97 138 49 20 10 10 9 33 3 11 0 0 0 0 0 8 -999
P4833 2049 12 22 80 22 33 20 13 2 4 2 11 7 0 3 0 11 10 19 29 24 45 75 24 5 15 17 29 68 20 42 26 81
P4833 2050 1 126 50 99 31 27 118 21 20 0 8 17 20 33 33 34 48 69 99 10 0 0 0 0 4 2 0 0 0 0 0 0
P4833 2050 2 0 0 0 0 0 1 1 0 0 0 0 0 0 6 4 6 2 4 44 16 13 8 6 22 17 15 0 0 -999 -999 -999
P4833 2050 3 0 34 47 31 48 69 19 0 34 0 5 0 0 6 4 7 20 31 44 21 13 0 0 4 18 27 8 4 15 38 54
P4833 2050 4 25 28 25 17 23 43 28 23 30 0 0 0 0 0 0 4 3 4 0 0 0 0 0 0 0 0 10 0 0 0 -999
P4833 2050 5 7 11 0 9 16 17 0 0 0 0 0 0 0 0 0 0 0 0 0 0 0 15 0 0 0 14 22 7 0 0 0
P4833 2050 6 0 0 0 0 0 0 0 0 0 0 0 0 0 0 0 0 0 0 0 0 0 0 0 0 0 0 0 0 0 0 -999
P4833 2050 7 0 0 0 0 0 0 0 0 0 0 0 0 0 0 0 0 0 0 0 0 0 0 0 0 0 0 0 0 0 0 0
P4833 2050 8 0 0 0 0 0 0 0 0 0 0 0 0 0 0 0 0 0 0 0 0 0 0 25 0 0 0 0 0 0 0 0
P4833 2050 9 0 0 0 0 0 0 0 0 0 0 0 0 0 0 0 0 0 0 0 0 0 0 0 0 0 0 0 0 0 0 -999
P4833 2050 10 43 25 14 0 0 0 0 0 0 0 0 0 0 15 0 6 10 6 0 0 0 0 9 22 16 22 25 12 2 4 9
P4833 2050 11 11 12 0 12 21 52 56 113 87 27 92 72 6 0 0 0 0 0 5 3 23 55 107 30 24 3 79 27 0 16 -999
P4833 2050 12 2 25 29 0 0 0 8 0 0 0 1 1 0 0 0 0 2 4 4 7 0 0 0 0 0 0 0 0 0 0 4
P4833 2051 1 0 6 0 0 0 0 0 0 2 9 0 0 3 9 3 0 0 0 2 2 1 2 0 0 0 0 0 0 3 0 0
P4833 2051 2 0 4 8 5 17 3 0 0 0 0 11 2 0 0 0 5 2 3 19 26 0 0 0 9 17 8 0 0 -999 -999 -999
P4833 2051 3 0 0 0 0 0 3 0 4 8 3 33 38 47 14 13 0 0 62 59 35 7 0 0 0 0 0 0 0 0 0 4
P4833 2051 4 9 8 0 0 0 18 17 4 0 61 6 0 0 0 0 25 25 19 34 30 15 4 0 0 0 0 0 0 0 0 -999
P4833 2051 5 0 0 0 0 0 0 0 0 0 0 0 26 30 23 5 0 0 0 0 0 0 0 0 0 0 9 8 0 0 0 0
P4833 2051 6 0 0 0 0 0 0 0 0 0 0 0 0 0 0 0 0 0 0 0 0 0 0 0 0 0 0 0 0 0 0 -999
P4833 2051 7 0 0 0 0 0 0 0 0 0 0 0 0 0 0 0 0 0 0 0 0 0 0 0 0 0 0 0 0 0 0 0
P4833 2051 8 0 0 0 0 0 0 0 0 0 0 0 0 0 0 0 0 0 0 0 0 0 0 0 0 0 0 0 0 0 0 0
P4833 2051 9 0 0 0 0 0 0 0 0 0 0 0 0 16 16 0 0 0 0 0 0 0 0 0 0 0 0 0 0 0 0 -999
P4833 2051 10 0 0 0 63 52 0 0 0 0 0 0 11 4 9 0 0 0 0 0 0 0 0 0 6 6 0 71 64 67 51 49
P4833 2051 11 41 55 32 21 23 5 0 0 0 0 0 0 0 2 2 8 12 16 0 0 0 0 2 5 5 4 0 4 5 4 -999
P4833 2051 12 8 4 6 32 24 7 4 75 71 14 51 77 31 15 80 144 39 44 23 0 0 0 0 0 0 0 0 0 0 0 0
P4833 2052 1 0 0 0 0 0 0 2 5 26 0 0 0 32 39 9 4 0 10 3 0 0 0 0 0 0 0 21 71 91 39 30
P4833 2052 2 23 36 58 65 29 144 138 27 16 36 13 0 0 0 38 54 31 16 34 8 0 0 0 13 9 6 0 8 -999 -999 -999
P4833 2052 3 0 0 0 0 0 0 0 17 9 4 0 0 6 6 14 45 32 70 53 45 14 11 63 9 0 0 0 0 0 6 0
P4833 2052 4 0 3 0 0 0 0 17 2 0 0 0 0 3 0 0 6 6 0 0 0 0 0 0 0 0 0 0 0 0 0 -999
P4833 2052 5 0 0 0 0 0 0 0 0 0 0 0 10 16 27 20 19 22 25 25 5 0 0 0 0 0 0 0 0 0 0 0
P4833 2052 6 0 0 0 0 0 0 0 0 0 0 0 0 0 0 0 0 0 0 0 0 0 0 0 0 22 13 0 0 0 0 -999
P4833 2052 7 0 0 0 0 0 0 0 0 0 0 0 0 0 0 0 0 0 0 0 0 0 0 0 0 0 0 0 0 0 0 0
P4833 2052 8 39 47 32 0 0 0 0 0 0 0 0 0 0 0 0 0 0 0 0 0 0 0 0 0 0 0 0 0 0 0 0
P4833 2052 9 0 0 0 0 0 0 0 0 0 0 0 0 0 0 0 0 0 0 0 0 0 0 0 0 0 0 0 0 0 0 -999
P4833 2052 10 0 0 0 0 0 0 0 0 0 0 0 0 0 0 0 0 0 0 0 0 0 0 0 0 20 26 0 0 0 0 4
P4833 2052 11 14 33 16 9 0 0 0 0 0 4 0 0 0 0 0 0 0 6 55 21 104 37 21 20 49 9 35 7 7 7 -999
P4833 2052 12 4 4 17 21 4 0 0 0 0 0 2 0 19 59 8 0 10 19 11 12 33 9 7 6 14 15 8 0 13 19 13
P4833 2053 1 1 6 3 2 2 2 3 8 106 118 134 69 66 21 34 73 40 13 0 0 0 33 18 8 8 10 6 13 16 25 40
P4833 2053 2 32 60 35 6 32 28 55 15 29 24 5 7 5 32 28 34 33 14 3 0 0 0 7 33 27 106 56 26 -999 -999 -999
P4833 2053 3 4 0 0 0 0 0 0 0 0 0 0 0 0 0 0 0 0 0 0 0 0 0 0 0 0 0 0 0 0 0 0
P4833 2053 4 10 23 21 18 4 0 0 0 0 0 0 30 0 36 26 16 0 0 0 0 0 0 0 53 106 27 16 0 0 0 -999
P4833 2053 5 0 0 0 0 0 0 0 0 0 0 0 0 0 0 0 0 0 0 0 0 0 0 0 0 0 0 0 0 0 14 0
P4833 2053 6 0 0 0 0 0 0 0 0 0 0 0 0 0 0 0 0 0 26 0 0 0 0 0 0 0 0 0 0 0 0 -999
P4833 2053 7 0 0 0 0 0 0 0 0 0 0 0 0 0 0 0 0 0 0 0 0 0 0 0 0 0 0 0 0 0 0 0
P4833 2053 8 0 0 0 0 0 0 0 0 0 0 0 0 0 0 0 0 0 0 0 0 0 0 0 0 0 29 0 0 0 0 0
P4833 2053 9 0 10 0 0 0 0 0 0 0 0 0 0 0 0 0 0 0 0 0 42 46 12 0 0 0 0 0 56 64 33 -999
P4833 2053 10 22 0 0 0 0 0 0 18 0 0 0 0 0 0 0 0 0 0 0 0 0 0 0 0 0 0 6 0 0 0 0
P4833 2053 11 0 0 0 4 4 0 0 0 0 0 19 0 0 0 47 36 95 38 124 59 102 26 28 34 10 4 0 0 0 0 -999
P4833 2053 12 0 0 0 0 0 0 0 0 0 14 28 129 37 47 23 27 27 38 13 15 6 5 15 66 44 17 0 0 0 0 7
P4833 2054 1 67 5 6 31 19 36 13 13 7 0 2 0 0 0 0 2 14 31 26 17 16 12 5 2 2 0 0 0 0 0 0
P4833 2054 2 0 3 7 27 48 34 34 19 3 0 3 5 2 2 0 0 0 4 2 7 3 3 4 7 0 3 0 0 -999 -999 -999
P4833 2054 3 0 0 0 0 0 0 0 2 0 0 0 0 3 3 36 17 32 20 3 5 0 16 8 3 8 18 12 13 20 29 83
P4833 2054 4 33 41 5 15 23 23 36 38 5 27 11 0 0 0 4 17 11 36 21 37 26 7 6 36 44 33 24 22 0 0 -999
P4833 2054 5 0 9 11 5 6 7 0 0 36 58 23 17 6 8 0 0 0 0 0 0 0 0 0 0 0 0 0 0 0 0 0
P4833 2054 6 0 0 0 0 0 0 0 0 0 0 0 0 0 0 0 0 0 0 0 0 0 0 0 0 0 0 0 0 0 0 -999
P4833 2054 7 0 0 0 0 0 0 0 0 0 0 0 0 0 0 0 0 0 17 18 8 0 0 0 0 0 0 0 0 0 0 0
P4833 2054 8 0 0 0 0 0 0 0 0 0 0 0 0 0 0 0 0 0 0 0 0 0 0 0 0 0 0 0 0 0 0 0
P4833 2054 9 0 0 0 0 0 0 0 0 0 0 0 0 0 0 0 0 0 0 0 0 0 0 0 0 0 0 0 0 0 0 -999
P4833 2054 10 0 0 0 0 0 0 0 0 7 0 34 34 25 0 0 0 0 0 0 0 37 23 14 19 9 0 0 0 9 22 63
P4833 2054 11 97 98 77 59 123 32 16 62 21 0 0 0 0 0 0 5 4 0 0 0 0 0 0 0 0 0 7 9 53 26 -999
P4833 2054 12 47 23 13 0 0 2 0 0 3 3 3 2 23 14 22 0 0 0 0 0 0 0 3 0 0 0 0 0 0 0 0
P4833 2055 1 0 0 2 22 107 48 6 6 18 36 69 125 104 33 67 59 37 49 47 75 63 130 85 5 7 6 5 3 4 3 3
P4833 2055 2 0 0 0 0 0 2 3 2 4 0 0 4 6 6 8 31 20 13 4 3 10 8 0 0 0 0 0 0 -999 -999 -999
P4833 2055 3 0 14 37 21 15 23 30 27 112 111 29 27 55 25 10 4 6 5 0 19 3 5 10 25 21 50 39 10 9 48 5
P4833 2055 4 0 0 0 0 0 8 57 23 29 26 17 6 11 20 15 0 0 0 0 0 0 9 37 43 35 26 16 9 11 26 -999
P4833 2055 5 8 64 107 60 6 0 11 52 51 0 0 0 0 0 0 0 0 0 0 0 0 0 0 0 0 0 0 0 0 0 0
P4833 2055 6 0 0 0 0 0 0 0 0 0 0 0 0 0 0 58 28 19 21 12 19 6 11 0 0 0 0 0 0 0 0 -999
P4833 2055 7 0 0 0 0 0 0 0 0 0 0 0 0 0 0 0 0 0 0 0 0 0 0 0 0 0 0 0 0 0 0 0
P4833 2055 8 0 0 0 0 0 0 0 0 0 0 0 0 0 0 0 0 0 0 0 0 0 0 0 0 0 0 0 0 0 0 0
P4833 2055 9 0 0 0 0 0 0 0 0 0 0 0 0 0 0 0 0 0 0 0 0 0 0 0 0 0 0 0 0 0 0 -999
P4833 2055 10 0 0 0 0 0 0 10 13 9 11 0 36 9 0 5 0 0 5 9 20 7 2 15 77 12 15 4 0 0 0 0
P4833 2055 11 7 11 0 0 5 97 67 31 0 0 0 0 5 19 0 10 4 0 0 0 6 2 7 21 7 0 0 0 3 10 -999
P4833 2055 12 37 28 5 0 0 0 0 0 0 40 47 83 24 22 25 21 6 5 12 78 107 62 5 3 0 0 0 0 0 3 11
P4833 2056 1 0 0 0 2 0 3 59 18 8 0 2 0 0 0 1 2 4 2 0 1 18 24 77 18 26 9 29 16 2 0 3
P4833 2056 2 0 0 0 0 0 0 0 0 0 0 0 0 0 0 0 0 7 0 0 0 6 8 5 0 0 0 0 0 -999 -999 -999
P4833 2056 3 0 29 23 4 0 0 33 31 40 39 0 0 0 0 0 36 7 5 3 0 0 0 0 0 0 6 8 9 0 6 0
P4833 2056 4 0 0 0 0 0 0 0 0 12 0 0 0 0 0 0 0 0 0 0 0 0 0 0 7 0 23 25 14 0 0 -999
P4833 2056 5 6 9 24 9 15 21 0 0 0 0 8 25 13 0 0 0 0 0 0 0 0 0 0 0 17 18 25 15 8 0 0
P4833 2056 6 0 0 0 0 0 6 15 0 0 0 0 0 0 0 0 0 0 0 0 0 0 0 0 0 0 0 0 0 0 0 -999
P4833 2056 7 0 0 0 0 0 0 0 0 0 0 0 0 0 0 0 0 0 0 0 0 0 0 0 0 0 0 0 0 0 0 0
P4833 2056 8 0 0 0 0 0 0 0 0 0 0 0 0 0 0 0 0 0 0 0 0 0 0 0 0 0 0 0 0 0 0 0
P4833 2056 9 0 0 0 0 0 0 0 0 0 0 0 0 0 0 0 0 0 0 0 0 0 0 0 0 0 0 0 28 17 0 -999
P4833 2056 10 0 13 0 0 0 0 0 0 0 0 0 0 0 0 0 0 0 0 7 0 0 0 0 75 65 13 0 0 0 0 0
P4833 2056 11 6 0 3 15 29 31 62 38 6 0 5 9 9 12 0 0 0 0 19 16 5 8 3 10 71 50 27 44 50 94 -999
P4833 2056 12 70 112 64 30 129 86 90 38 58 93 71 32 18 27 53 90 32 52 34 47 62 23 4 0 0 0 0 0 0 0 3
P4833 2057 1 5 2 0 0 5 6 18 13 7 5 0 0 5 5 0 0 0 0 0 0 0 0 0 2 4 42 59 79 30 22 43
P4833 2057 2 13 8 5 11 65 84 40 87 57 34 0 0 0 0 3 0 0 3 15 79 21 20 22 19 15 7 0 0 -999 -999 -999
P4833 2057 3 0 0 0 0 10 10 8 3 0 2 0 0 0 0 0 0 21 0 0 0 0 0 0 7 0 2 4 4 2 0 0
P4833 2057 4 0 0 0 0 0 0 0 0 9 6 11 5 13 15 39 51 26 25 10 9 17 16 0 0 0 0 0 0 0 0 -999
P4833 2057 5 0 0 0 0 0 0 0 0 0 0 0 0 15 17 28 39 46 15 8 0 0 0 0 0 0 0 0 35 31 11 8
P4833 2057 6 19 21 12 0 0 0 0 0 0 0 0 0 0 0 0 0 0 0 0 0 0 0 0 0 0 0 0 0 0 0 -999
P4833 2057 7 0 0 0 0 0 0 0 0 0 0 0 0 0 0 0 0 0 0 0 0 0 0 0 0 0 0 0 0 0 0 0
P4833 2057 8 0 0 0 0 0 0 0 0 0 0 0 0 0 0 0 0 0 0 0 0 0 0 0 0 0 0 0 0 0 0 0
P4833 2057 9 0 0 0 0 0 0 0 0 0 0 0 0 0 0 0 0 0 0 0 0 0 0 0 0 0 0 0 0 0 0 -999
P4833 2057 10 0 0 0 0 0 0 0 0 0 0 0 0 0 0 10 0 6 0 0 0 0 0 0 0 0 0 0 0 0 3 9
P4833 2057 11 21 24 64 82 29 46 0 21 17 27 119 63 25 32 7 22 33 21 5 3 8 8 0 0 0 0 3 0 0 0 -999
P4833 2057 12 0 0 0 0 0 1 2 6 33 63 98 114 120 29 24 20 0 0 0 0 0 0 0 0 0 0 0 0 0 10 2
P4833 2058 1 0 0 0 0 0 0 0 2 13 54 7 2 4 42 19 0 0 0 0 0 0 0 0 0 0 3 13 15 13 13 9
P4833 2058 2 16 1 0 0 0 0 0 0 0 0 3 6 16 6 29 4 1 0 0 0 0 0 0 0 0 0 0 0 -999 -999 -999
P4833 2058 3 0 0 0 0 0 0 0 0 0 0 0 0 0 0 0 0 0 0 0 6 40 25 5 27 58 46 11 0 0 0 0
P4833 2058 4 0 0 0 0 0 10 0 0 0 5 14 20 3 0 0 0 0 0 0 20 0 0 0 0 0 0 0 0 0 0 -999
P4833 2058 5 0 0 0 0 0 0 0 0 0 0 0 0 0 0 0 0 0 0 0 0 0 0 0 0 0 0 0 0 16 18 14
P4833 2058 6 0 0 0 0 0 0 0 0 0 0 0 0 0 0 0 0 0 0 0 0 0 0 0 0 0 0 0 0 0 0 -999
P4833 2058 7 0 0 0 0 0 0 0 0 0 0 0 0 0 0 0 0 7 0 0 0 0 0 0 0 0 0 0 0 0 0 0
P4833 2058 8 0 0 0 0 0 0 0 0 0 0 0 0 0 0 0 0 0 0 0 0 0 0 0 0 0 0 0 0 0 0 0
P4833 2058 9 0 0 0 0 0 0 0 0 0 0 0 0 0 27 0 0 0 0 0 0 0 0 26 0 0 0 0 0 0 0 -999
P4833 2058 10 0 0 0 0 0 0 0 0 0 0 0 0 0 0 0 0 0 0 0 0 0 0 7 7 0 0 0 0 0 0 0
P4833 2058 11 0 0 0 0 0 0 0 12 32 21 44 26 7 16 23 43 31 129 89 133 21 17 15 3 6 33 40 98 57 34 -999
P4833 2058 12 17 24 10 3 0 4 3 0 1 0 0 0 0 0 11 2 14 77 83 102 24 13 5 4 6 17 93 27 18 24 69
P4833 2059 1 23 41 23 22 15 13 2 0 0 0 0 0 0 5 33 3 0 0 4 3 6 3 2 0 4 2 0 0 0 0 0
P4833 2059 2 0 0 0 0 0 0 0 0 0 0 0 0 0 0 0 3 0 0 0 0 0 0 0 0 0 0 0 0 -999 -999 -999
P4833 2059 3 0 0 0 0 0 0 0 0 0 0 0 14 4 0 0 0 0 0 0 3 40 17 16 43 23 45 23 23 14 19 11
P4833 2059 4 0 0 0 0 0 0 0 0 0 0 0 0 0 0 0 0 0 0 0 0 0 0 0 0 0 0 0 0 9 4 -999
P4833 2059 5 0 0 0 0 0 8 0 0 0 0 0 0 0 0 0 0 0 8 0 0 0 0 0 0 0 0 0 0 25 0 0
P4833 2059 6 0 0 0 0 0 0 0 0 0 0 0 0 0 0 0 0 0 0 0 0 0 0 0 0 0 0 0 0 0 0 -999
P4833 2059 7 0 0 0 0 0 0 0 0 0 0 0 0 0 0 0 15 14 0 0 0 0 0 0 0 0 0 0 0 0 0 0
P4833 2059 8 0 0 0 0 0 0 0 0 0 0 0 0 0 0 0 0 0 0 0 0 0 0 0 0 0 0 0 0 0 0 0
P4833 2059 9 0 0 0 0 0 0 0 0 0 0 0 0 0 0 0 0 0 0 0 0 0 0 0 16 20 0 0 0 0 0 -999
P4833 2059 10 0 0 0 0 0 0 0 0 0 0 0 0 0 0 23 13 0 0 0 15 41 104 105 49 26 31 6 0 0 32 11
P4833 2059 11 30 50 21 36 0 0 0 0 0 14 52 7 0 26 109 31 11 17 4 2 5 4 69 23 18 0 47 8 0 3 -999
P4833 2059 12 0 0 0 4 0 0 0 9 12 13 12 4 7 2 0 0 0 0 0 0 0 0 0 0 0 2 4 82 107 20 4
P4833 2060 1 7 71 85 80 88 18 0 0 0 5 6 0 0 0 0 0 0 0 0 0 0 0 0 0 0 2 0 1 0 0 0
P4833 2060 2 0 0 0 4 39 4 14 23 38 14 45 55 23 90 140 39 34 29 22 4 30 6 23 25 31 18 27 25 -999 -999 -999
P4833 2060 3 45 36 43 14 16 25 69 83 33 12 4 2 0 5 7 6 75 22 70 63 119 43 10 8 1 0 4 31 11 15 2
P4833 2060 4 0 0 0 0 0 0 0 0 0 0 15 6 0 0 0 0 0 0 0 0 0 0 0 0 0 0 0 0 0 0 -999
P4833 2060 5 0 0 0 0 0 0 0 0 0 0 0 0 0 0 0 0 0 0 0 0 0 0 0 0 0 0 0 0 0 0 0
P4833 2060 6 0 0 0 0 13 19 31 31 15 7 16 7 0 26 9 0 0 0 0 0 0 0 0 0 0 0 0 0 0 0 -999
P4833 2060 7 0 0 0 0 0 0 0 0 0 0 0 0 0 0 0 0 0 0 0 0 0 0 0 0 0 0 0 0 0 0 0
P4833 2060 8 0 0 0 0 0 0 0 0 0 0 0 0 0 0 0 0 0 0 0 0 0 0 0 0 0 0 0 0 0 0 0
P4833 2060 9 0 0 0 0 0 0 0 0 0 0 0 0 0 0 0 13 0 0 0 0 0 0 0 0 0 11 23 0 0 0 -999
P4833 2060 10 0 0 0 0 0 0 0 0 0 0 14 88 35 65 18 11 8 3 0 0 6 5 14 4 10 0 0 0 0 8 84
P4833 2060 11 39 16 25 12 0 0 0 4 17 5 0 8 17 11 8 6 2 20 13 0 0 0 0 0 4 8 13 8 24 2 -999
P4833 2060 12 0 6 16 10 15 29 6 0 8 12 0 0 0 7 3 25 5 12 2 34 69 14 3 9 5 19 5 14 3 0 0
P4833 2061 1 0 0 0 2 0 0 0 0 0 0 3 0 0 8 8 3 42 6 96 29 51 86 104 83 133 75 132 56 51 27 31
P4833 2061 2 5 0 0 3 6 0 0 0 15 28 28 15 5 52 67 20 14 23 2 45 21 26 6 22 20 15 21 23 -999 -999 -999
P4833 2061 3 124 30 32 33 11 9 18 13 23 26 77 23 40 29 47 35 22 36 49 20 10 4 0 0 0 0 0 0 0 0 0
P4833 2061 4 0 0 9 9 11 12 7 9 17 26 27 24 20 15 10 0 0 0 21 17 16 0 0 3 0 0 0 0 0 0 -999
P4833 2061 5 0 0 21 18 14 0 0 0 0 0 0 0 0 0 0 0 0 0 0 0 0 0 0 0 0 0 0 0 0 0 0
P4833 2061 6 0 0 0 0 0 0 0 0 0 0 0 0 0 0 0 0 0 0 0 0 0 0 0 0 0 0 0 0 0 0 -999
P4833 2061 7 0 0 0 0 0 0 0 0 0 0 0 0 0 0 0 0 0 0 0 0 0 0 0 0 0 0 0 0 0 0 0
P4833 2061 8 0 0 0 0 0 0 0 0 0 0 0 0 0 0 0 0 0 0 0 0 0 0 0 0 0 0 0 0 0 0 0
P4833 2061 9 0 0 0 0 0 0 0 0 0 0 0 0 0 0 0 19 76 93 149 91 95 33 0 0 0 0 0 0 0 0 -999
P4833 2061 10 0 11 19 19 0 0 23 19 72 27 0 0 0 5 0 0 4 4 0 0 7 0 0 0 31 31 67 37 3 0 0
P4833 2061 11 0 0 7 0 0 0 4 10 6 15 7 0 0 0 0 0 3 4 21 0 0 0 0 0 0 0 0 3 10 7 -999
P4833 2061 12 68 118 82 5 0 0 0 0 0 5 11 7 5 0 0 0 4 18 26 0 4 2 0 0 0 0 0 0 2 15 0
P4833 2062 1 0 0 0 0 0 0 0 0 0 0 11 21 28 12 39 42 20 17 10 0 2 2 2 0 0 4 16 31 12 31 78
P4833 2062 2 45 27 20 23 21 32 63 69 37 23 0 0 0 0 0 0 0 0 7 0 16 36 29 41 114 28 40 9 -999 -999 -999
P4833 2062 3 0 0 0 0 0 11 0 0 0 6 0 0 0 5 0 0 0 0 0 0 0 0 16 7 5 38 6 0 0 0 0
P4833 2062 4 0 11 12 0 0 4 0 0 0 26 26 11 0 0 0 0 4 4 0 0 3 0 10 55 26 23 9 0 0 0 -999
P4833 2062 5 0 13 11 0 0 0 0 0 0 0 0 0 0 0 0 0 0 0 7 0 0 0 0 0 0 0 0 13 21 14 29
P4833 2062 6 10 0 0 0 0 0 0 0 0 0 0 0 0 0 0 0 0 0 0 0 0 0 0 0 0 0 0 0 0 0 -999
P4833 2062 7 0 0 0 0 0 0 0 0 0 0 0 0 0 0 0 0 0 0 0 0 0 0 0 0 0 0 0 0 0 0 0
P4833 2062 8 0 0 0 0 0 0 0 0 0 0 0 0 0 0 0 0 0 0 0 0 0 0 0 0 0 0 0 0 0 0 0
P4833 2062 9 0 0 0 0 0 0 0 0 0 0 0 0 0 0 0 0 0 0 0 0 0 0 0 0 0 0 0 0 0 0 -999
P4833 2062 10 0 0 0 0 0 0 16 11 0 0 0 0 0 0 0 0 0 0 13 40 16 53 37 21 55 23 5 9 22 5 0
P4833 2062 11 0 5 4 3 79 89 16 0 0 32 66 0 0 0 0 0 0 15 6 18 30 4 50 55 54 9 0 8 0 3 -999
P4833 2062 12 1 0 0 0 0 0 11 0 5 51 36 7 1 0 6 65 4 3 2 12 14 19 12 6 7 3 0 5 7 0 0
P4833 2063 1 0 2 3 6 3 2 0 0 0 0 0 0 0 1 0 0 0 0 0 3 8 2 0 8 0 8 53 20 0 0 0
P4833 2063 2 0 0 0 0 0 0 12 14 10 1 0 0 0 2 28 2 0 0 0 3 2 19 10 0 0 0 0 2 -999 -999 -999
P4833 2063 3 2 0 0 0 0 0 19 16 16 24 31 23 53 49 88 31 15 16 12 23 14 0 0 0 0 28 63 79 33 4 0
P4833 2063 4 9 9 14 21 0 0 0 0 0 16 32 15 11 11 4 11 0 5 0 0 0 9 21 13 17 4 5 14 22 12 -999
P4833 2063 5 0 0 0 0 0 0 0 0 0 0 0 4 23 0 15 15 0 11 11 6 20 11 0 0 0 0 0 0 0 0 0
P4833 2063 6 0 0 0 0 0 0 0 0 0 0 0 0 0 0 0 0 0 0 0 0 0 0 0 0 0 0 0 0 0 0 -999
P4833 2063 7 0 0 0 0 0 0 0 0 0 0 0 0 0 0 0 0 0 0 0 0 0 0 0 0 0 0 0 0 0 0 0
P4833 2063 8 0 0 0 0 0 0 0 0 0 0 0 0 0 0 0 0 0 0 0 0 0 0 0 0 0 0 0 0 0 0 0
P4833 2063 9 0 0 0 0 0 0 0 0 0 0 0 0 0 0 0 0 0 0 0 0 0 0 0 0 0 0 17 26 8 0 -999
P4833 2063 10 0 0 0 0 0 0 0 11 26 31 66 14 0 14 19 9 14 0 7 40 24 48 5 0 0 0 5 43 19 26 0
P4833 2063 11 0 0 0 0 0 0 0 0 0 0 0 0 0 0 0 0 0 0 0 0 0 3 0 3 17 0 0 16 10 31 -999
P4833 2063 12 35 37 27 3 14 10 11 4 3 3 4 24 8 22 2 5 8 10 5 3 0 3 7 27 10 6 13 9 6 37 3
P4833 2064 1 3 3 3 19 15 9 0 0 2 8 78 111 85 72 9 21 18 9 0 0 28 11 0 0 0 0 16 12 38 6 3
P4833 2064 2 3 2 0 0 0 0 0 0 0 0 0 0 15 26 21 13 12 17 2 0 0 0 0 0 0 12 26 14 -999 -999 -999
P4833 2064 3 0 9 48 109 48 43 7 3 3 20 24 20 6 6 0 3 0 5 4 9 0 5 37 11 19 0 3 0 9 34 19
P4833 2064 4 9 9 12 7 0 0 0 0 0 5 0 0 0 0 0 0 0 18 19 7 0 0 14 27 13 16 27 15 0 0 -999
P4833 2064 5 0 0 14 0 0 0 0 0 0 0 0 0 0 0 0 0 0 0 0 0 0 0 0 0 0 0 0 0 0 0 0
P4833 2064 6 0 0 0 0 0 0 0 0 0 0 0 0 0 0 0 0 0 0 0 0 0 0 0 0 0 0 0 0 0 0 -999
P4833 2064 7 0 0 0 0 0 0 0 0 0 0 0 0 0 0 0 0 0 0 0 0 0 0 0 0 0 0 0 0 0 0 0
P4833 2064 8 0 0 0 0 0 0 0 0 0 0 0 0 0 0 0 0 0 0 0 0 0 0 0 0 0 0 0 0 0 0 0
P4833 2064 9 0 0 0 0 0 0 0 0 0 0 0 0 0 0 0 0 0 0 0 0 0 0 0 0 0 0 13 25 0 4 -999
P4833 2064 10 10 9 0 7 0 0 0 0 0 0 0 0 0 0 0 0 0 0 0 0 4 11 18 27 7 12 4 0 0 0 0
P4833 2064 11 0 0 0 0 0 20 19 20 7 11 0 0 1 2 4 13 0 0 0 0 0 0 0 27 5 21 29 63 55 7 -999
P4833 2064 12 0 5 3 4 3 3 7 10 89 94 43 18 0 0 0 0 2 3 7 89 34 75 5 3 2 6 7 47 25 51 34
P4833 2065 1 7 23 4 3 4 7 41 39 29 26 20 21 6 3 0 0 0 0 0 0 2 0 4 0 0 0 0 0 0 0 1
P4833 2065 2 14 22 8 37 10 0 0 0 2 2 2 0 0 0 0 0 0 0 2 3 11 0 4 0 5 15 0 2 -999 -999 -999
P4833 2065 3 0 0 0 0 2 33 35 4 4 18 0 0 0 0 0 0 0 0 0 0 3 19 7 10 0 0 23 61 24 40 31
P4833 2065 4 25 23 37 3 5 0 0 0 0 0 13 0 0 8 0 0 0 0 0 0 0 0 0 0 5 25 15 7 12 6 -999
P4833 2065 5 11 11 10 3 0 0 0 0 0 10 4 0 0 0 0 0 23 13 0 0 0 0 0 0 0 0 0 0 0 0 9
P4833 2065 6 26 21 18 31 26 21 18 5 0 0 31 74 18 8 0 0 0 0 0 0 0 0 0 0 0 0 0 0 0 0 -999
P4833 2065 7 0 0 0 0 0 0 0 0 0 0 0 0 0 0 0 0 0 0 0 0 0 0 0 0 0 0 0 0 0 0 0
P4833 2065 8 0 0 0 0 0 0 0 0 0 0 0 0 0 0 0 0 0 0 0 0 0 0 0 0 0 0 0 0 0 0 0
P4833 2065 9 0 0 0 0 0 0 0 0 0 0 0 0 0 0 0 0 0 0 0 0 0 47 113 137 92 35 30 15 0 0 -999
P4833 2065 10 0 0 0 0 0 0 0 0 0 0 0 0 0 0 0 19 60 72 85 18 23 0 5 0 0 0 0 0 0 0 0
P4833 2065 11 3 0 0 4 33 27 26 18 5 9 6 10 18 12 5 0 0 0 0 0 6 5 3 0 4 1 0 0 0 0 -999
P4833 2065 12 0 0 0 0 3 10 0 0 0 5 31 65 17 0 2 0 0 0 4 6 14 32 125 48 42 61 27 12 2 0 2
P4833 2066 1 3 0 2 9 14 0 0 4 7 7 6 7 4 7 8 12 29 5 0 0 0 0 0 0 0 0 2 0 0 0 0
P4833 2066 2 0 0 0 0 0 9 26 7 6 0 0 0 0 0 0 2 0 10 4 0 0 0 0 5 5 54 3 10 -999 -999 -999
P4833 2066 3 5 98 85 87 125 77 28 54 81 26 29 25 7 5 28 35 20 3 0 9 16 5 19 6 7 0 11 60 20 5 38
P4833 2066 4 13 0 0 0 0 0 7 10 0 0 0 0 0 0 0 5 26 25 0 0 0 0 0 0 0 0 0 0 0 0 -999
P4833 2066 5 0 0 0 0 0 0 0 0 0 0 0 0 0 0 0 0 0 0 0 0 0 0 0 0 0 0 0 0 0 0 0
P4833 2066 6 0 0 0 0 0 0 0 0 0 0 0 0 0 0 0 0 0 0 0 0 0 0 0 0 0 0 0 0 0 0 -999
P4833 2066 7 0 0 0 0 0 0 0 0 0 0 0 0 0 0 0 0 0 0 0 0 0 0 0 0 0 0 0 0 0 0 0
P4833 2066 8 0 0 0 0 0 0 0 0 0 0 0 0 0 0 0 0 0 0 0 0 0 0 0 0 0 0 0 0 0 0 0
P4833 2066 9 0 0 0 0 0 0 0 0 0 0 0 0 0 0 0 0 0 0 0 0 0 0 0 0 0 0 0 0 0 0 -999
P4833 2066 10 0 0 0 0 0 0 0 0 0 0 0 15 70 18 36 72 68 36 11 11 0 0 0 0 0 0 20 14 20 26 77
P4833 2066 11 30 26 28 27 22 27 39 67 56 6 0 0 0 7 0 6 13 17 22 55 77 100 10 0 14 42 81 31 107 130 -999
P4833 2066 12 116 113 95 0 0 0 7 9 15 4 3 68 78 129 28 25 102 32 5 0 0 2 13 22 23 31 40 26 13 9 15
P4833 2067 1 20 59 74 104 27 11 26 26 0 8 16 52 114 70 35 27 68 148 88 4 3 31 23 19 13 12 16 10 28 21 20
P4833 2067 2 23 21 17 0 0 0 3 20 78 2 4 19 14 0 0 0 0 2 19 21 22 18 10 10 3 0 0 4 -999 -999 -999
P4833 2067 3 0 0 7 19 1 0 0 0 3 2 6 11 18 7 5 4 11 4 0 0 0 0 0 0 4 14 23 25 12 7 0
P4833 2067 4 0 0 0 0 0 0 6 0 6 0 0 0 0 8 0 0 21 17 11 5 0 0 0 2 11 22 24 27 0 8 -999
P4833 2067 5 0 0 0 0 0 0 0 0 0 0 10 11 10 17 8 0 10 28 36 31 20 14 5 0 0 0 0 0 0 0 0
P4833 2067 6 0 0 0 0 0 0 33 39 0 0 0 0 0 0 0 0 0 0 0 0 0 0 0 0 0 0 0 0 0 0 -999
P4833 2067 7 0 0 0 0 0 0 0 0 0 0 0 0 0 0 0 0 0 0 0 0 0 0 0 0 0 0 0 0 0 0 0
P4833 2067 8 0 0 0 0 0 0 0 0 0 0 0 0 0 0 0 0 0 0 0 0 0 0 0 0 0 0 0 0 0 0 0
P4833 2067 9 0 0 0 0 0 0 0 0 0 0 0 0 0 0 0 0 0 0 0 0 0 0 0 0 0 0 0 0 0 0 -999
P4833 2067 10 0 0 0 0 0 0 0 14 0 0 0 19 0 0 0 0 0 0 0 0 0 0 0 0 0 0 0 11 11 11 47
P4833 2067 11 9 54 96 43 26 33 123 37 65 50 14 24 17 8 9 5 3 18 106 5 0 4 0 6 9 19 19 2 8 4 -999
P4833 2067 12 4 0 0 8 51 72 11 4 78 24 33 100 25 15 4 5 3 0 2 39 17 13 8 0 0 0 0 0 0 0 0
P4833 2068 1 2 0 0 0 0 0 0 0 2 7 29 9 2 0 0 1 5 3 0 5 6 9 23 53 2 28 2 0 43 43 50
P4833 2068 2 14 19 5 1 3 12 6 22 102 31 26 11 6 0 14 12 0 0 0 2 7 0 4 4 0 0 0 0 -999 -999 -999
P4833 2068 3 6 5 11 4 3 11 0 0 18 124 29 18 0 0 0 5 5 0 0 5 7 0 16 9 0 4 0 0 0 6 0
P4833 2068 4 8 6 0 5 36 18 0 0 0 4 0 0 0 0 0 0 0 0 0 0 0 0 9 9 10 0 0 21 19 8 -999
P4833 2068 5 0 0 0 14 0 0 0 0 0 13 7 36 27 17 31 10 10 4 11 17 4 0 0 0 0 0 0 0 0 0 0
P4833 2068 6 0 0 0 0 0 0 0 0 0 0 0 0 0 0 0 0 0 0 0 0 0 0 0 0 0 0 0 0 0 0 -999
P4833 2068 7 0 0 0 0 0 0 0 0 0 0 0 0 0 0 0 0 0 0 0 0 0 0 0 0 0 0 0 0 0 0 0
P4833 2068 8 0 0 0 0 0 0 0 0 0 0 0 0 0 0 0 0 0 0 0 0 0 0 0 0 0 0 0 0 0 0 0
P4833 2068 9 0 0 0 0 0 0 0 0 0 0 0 0 0 0 0 0 0 0 0 0 30 83 89 54 12 0 21 0 0 0 -999
P4833 2068 10 12 0 0 0 0 0 7 19 24 0 0 7 20 27 6 23 0 0 0 24 37 9 58 26 13 19 0 0 15 20 21
P4833 2068 11 5 0 0 0 0 0 0 0 0 0 0 0 0 0 5 27 14 21 5 5 27 66 31 52 30 0 0 0 19 26 -999
P4833 2068 12 0 9 18 8 121 28 23 13 9 5 21 16 16 4 34 53 137 63 41 7 21 3 0 0 0 22 17 19 3 0 0
P4833 2069 1 0 0 0 0 0 3 5 12 16 47 27 19 16 0 0 0 0 0 0 0 0 5 0 0 8 13 19 47 102 97 93
P4833 2069 2 45 31 27 12 72 16 24 34 88 31 8 4 5 16 3 0 0 0 0 0 0 0 2 2 1 0 0 2 -999 -999 -999
P4833 2069 3 68 59 22 19 9 5 4 4 5 24 19 8 0 0 0 0 0 0 0 2 3 2 2 8 10 0 4 16 49 24 0
P4833 2069 4 3 0 0 0 0 0 4 29 19 18 51 62 28 43 72 62 38 34 87 32 22 8 0 0 0 0 0 10 24 42 -999
P4833 2069 5 48 24 13 8 11 38 48 33 24 21 0 0 0 0 0 0 5 0 0 0 9 0 0 0 0 0 0 4 10 11 12
P4833 2069 6 5 0 0 0 0 0 0 0 0 0 0 0 0 0 0 0 0 0 0 0 0 0 0 0 0 0 0 0 0 0 -999
P4833 2069 7 0 17 0 0 0 0 0 0 0 0 0 0 0 0 0 0 0 0 0 0 0 0 0 0 0 0 0 0 0 0 0
P4833 2069 8 0 0 0 0 0 0 0 0 0 0 0 0 0 0 0 0 0 0 0 0 0 0 0 0 0 0 0 0 0 0 0
P4833 2069 9 0 0 0 0 0 0 0 0 23 19 0 0 0 0 0 0 0 0 0 9 0 0 0 0 0 0 26 37 122 85 -999
P4833 2069 10 66 70 85 10 0 0 0 0 0 0 0 0 0 0 5 10 14 0 0 6 10 11 37 23 12 17 0 0 0 0 15
P4833 2069 11 37 53 98 45 0 0 0 13 26 56 102 61 62 59 3 0 0 0 0 0 0 0 6 30 13 57 34 39 67 21 -999
P4833 2069 12 18 61 71 40 13 13 14 10 2 2 0 0 20 2 0 0 0 0 0 0 0 4 51 34 5 2 5 4 16 3 0
P4833 2070 1 21 16 19 22 31 38 7 7 49 23 7 2 2 2 0 0 8 4 24 73 71 34 58 34 38 29 84 22 9 84 60
P4833 2070 2 27 75 95 24 16 3 4 2 3 63 24 11 9 0 61 34 8 0 0 2 3 5 89 27 50 16 74 19 -999 -999 -999
P4833 2070 3 17 0 0 0 25 0 0 0 75 32 24 22 11 0 0 0 0 30 48 3 27 82 30 8 40 0 0 0 0 0 0
P4833 2070 4 4 28 9 10 31 33 25 43 28 30 19 24 20 14 8 14 10 0 0 0 0 9 22 21 19 18 11 5 7 0 -999
P4833 2070 5 10 8 0 4 20 8 7 8 0 4 4 43 43 79 33 14 8 5 6 0 0 0 0 0 0 0 0 0 0 0 0
P4833 2070 6 0 0 10 9 9 0 0 0 0 0 0 0 0 0 0 0 0 0 0 0 0 0 0 0 0 0 0 0 0 0 -999
P4833 2070 7 0 0 0 0 0 0 0 0 0 0 0 0 0 0 0 0 0 0 0 0 0 0 0 0 0 0 0 0 0 0 0
P4833 2070 8 0 0 0 0 0 0 0 0 0 0 0 0 0 0 0 0 0 0 0 0 0 0 0 0 0 0 0 0 0 0 0
P4833 2070 9 0 0 0 0 0 0 0 0 0 0 0 0 0 0 0 0 0 0 0 0 0 0 0 0 0 0 0 11 34 35 -999
P4833 2070 10 0 0 0 0 0 0 0 6 4 22 58 31 16 9 0 0 0 11 77 120 79 90 37 10 0 0 0 0 0 5 8
P4833 2070 11 0 79 39 39 4 9 31 17 28 23 58 117 36 24 10 14 50 0 23 55 26 31 56 13 4 0 0 0 0 0 -999
P4833 2070 12 0 3 10 0 0 0 0 0 0 2 4 3 2 0 0 0 0 0 2 14 3 44 14 5 5 5 14 24 38 31 5
P4833 2071 1 0 2 7 21 19 0 0 3 13 23 21 19 37 30 52 47 149 126 68 28 25 19 79 64 28 7 4 9 3 6 34
P4833 2071 2 28 7 3 4 21 53 38 6 3 0 0 2 3 0 0 0 0 0 3 18 15 17 11 2 9 43 71 3 -999 -999 -999
P4833 2071 3 0 0 0 0 4 3 5 3 3 19 22 3 0 0 0 0 0 0 4 0 0 0 0 0 13 0 0 0 4 2 0
P4833 2071 4 0 0 0 0 0 0 0 0 0 0 0 0 0 0 0 0 0 0 0 0 19 0 0 0 0 0 0 0 0 0 -999
P4833 2071 5 0 0 0 0 0 0 0 0 0 0 0 0 0 11 6 7 0 0 0 0 0 0 0 0 0 0 0 0 0 0 0
P4833 2071 6 0 0 0 0 0 0 0 14 6 0 0 0 0 0 0 0 0 0 0 0 0 0 0 0 0 0 0 0 0 0 -999
P4833 2071 7 0 0 0 0 0 0 0 0 0 0 0 0 0 0 0 0 0 0 0 0 0 0 0 0 0 0 0 0 0 0 0
P4833 2071 8 0 0 0 0 0 0 0 0 0 0 0 0 0 0 0 0 0 0 0 0 0 0 0 0 0 0 0 0 0 0 0
P4833 2071 9 0 0 0 0 0 0 0 0 0 0 0 0 0 0 0 0 0 0 0 0 0 0 0 0 0 0 0 0 0 0 -999
P4833 2071 10 0 0 0 0 0 7 0 0 9 8 3 5 4 0 0 0 0 0 0 0 0 0 0 0 0 0 0 0 0 0 0
P4833 2071 11 40 25 25 0 5 12 29 84 40 18 19 24 6 0 0 9 0 0 0 0 0 0 0 0 0 8 5 0 0 0 -999
P4833 2071 12 0 2 6 3 11 60 19 0 0 0 0 0 0 0 0 0 0 0 22 0 0 0 0 0 0 0 0 0 0 0 0
P4833 2072 1 0 0 0 0 0 2 14 0 6 18 12 13 6 3 27 6 5 0 0 0 6 109 84 5 0 0 3 11 31 21 28
P4833 2072 2 5 2 1 15 54 19 4 19 19 98 28 126 53 81 42 122 139 88 99 85 100 131 80 28 16 9 12 7 -999 -999 -999
P4833 2072 3 0 0 0 0 0 17 47 29 10 5 4 11 0 3 0 0 0 6 8 0 0 0 12 0 0 0 0 0 0 0 0
P4833 2072 4 0 0 0 0 0 19 26 26 17 16 46 20 5 9 22 4 5 0 0 0 0 0 14 7 0 0 0 0 0 0 -999
P4833 2072 5 0 0 0 0 0 0 0 7 8 0 0 0 0 0 0 0 0 0 0 0 0 0 0 0 0 0 0 0 0 0 0
P4833 2072 6 0 0 0 0 0 0 0 0 0 0 0 0 0 0 0 0 0 0 0 0 0 0 0 0 0 0 0 0 0 0 -999
P4833 2072 7 0 0 0 0 0 0 0 0 0 0 0 0 0 0 0 0 0 0 0 0 0 0 0 0 0 0 0 0 0 0 0
P4833 2072 8 0 0 0 0 0 0 0 0 0 0 0 0 0 0 0 0 0 0 0 0 0 0 0 0 0 0 0 0 0 0 0
P4833 2072 9 0 0 0 0 0 0 0 0 0 0 0 0 0 0 0 0 0 0 0 0 0 0 0 0 0 0 0 0 0 0 -999
P4833 2072 10 15 17 0 8 0 0 0 0 0 0 0 0 0 0 0 0 10 20 14 13 7 23 9 26 20 54 19 6 4 10 87
P4833 2072 11 12 9 0 9 45 96 57 78 97 99 44 19 14 0 0 0 0 0 0 0 3 5 25 85 18 45 113 17 20 15 -999
P4833 2072 12 0 0 0 0 2 29 43 24 5 4 2 0 0 0 0 0 0 3 0 5 3 3 4 0 0 3 1 0 0 0 0
P4833 2073 1 0 0 0 1 3 10 0 0 0 0 0 0 2 0 0 0 0 0 1 0 0 0 0 0 0 7 1 0 0 0 0
P4833 2073 2 0 0 1 12 17 3 3 3 35 51 40 16 9 34 26 23 31 9 16 0 1 2 4 2 0 0 0 0 -999 -999 -999
P4833 2073 3 0 0 0 0 0 0 0 5 9 11 15 0 0 2 14 10 5 14 36 15 10 12 10 5 0 0 11 28 16 4 0
P4833 2073 4 0 0 0 0 0 0 0 0 0 0 0 0 0 0 31 18 0 0 0 0 0 0 0 8 0 0 0 21 0 0 -999
P4833 2073 5 11 0 0 0 0 0 0 0 0 0 0 0 0 0 9 21 27 27 28 11 12 5 14 39 9 0 6 11 0 0 0
P4833 2073 6 0 0 0 0 0 0 0 0 0 0 0 0 0 0 0 0 0 0 0 0 0 0 0 0 0 0 0 0 0 0 -999
P4833 2073 7 0 0 0 0 0 0 0 0 0 0 0 0 0 0 0 0 0 0 0 0 0 0 0 0 0 0 0 0 0 0 0
P4833 2073 8 0 0 0 0 0 0 0 0 0 0 0 0 0 0 0 0 0 0 0 0 0 0 0 0 0 0 0 0 0 0 0
P4833 2073 9 0 0 0 12 0 13 0 0 0 0 0 8 0 0 0 0 0 0 0 0 0 9 19 0 0 0 0 0 0 0 -999
P4833 2073 10 0 0 0 0 0 0 9 16 14 96 55 0 0 0 0 0 0 9 47 22 0 0 0 0 0 0 23 16 9 13 0
P4833 2073 11 18 0 0 0 3 6 107 30 53 70 25 22 15 0 6 0 0 0 0 0 1 14 3 17 12 14 10 11 7 23 -999
P4833 2073 12 36 48 14 27 18 32 16 9 0 0 0 0 0 0 0 0 2 8 7 30 44 44 3 4 42 5 4 0 0 0 0
P4833 2074 1 0 0 0 0 0 0 0 0 0 2 3 4 3 2 0 0 0 23 41 20 0 4 4 0 0 3 3 2 2 0 0
P4833 2074 2 0 0 0 0 0 2 3 7 43 6 2 3 4 2 2 0 0 0 0 3 4 7 6 0 3 8 0 0 -999 -999 -999
P4833 2074 3 4 17 0 0 0 0 0 0 0 0 0 8 0 0 24 0 0 6 6 0 2 0 0 0 0 0 0 0 0 0 0
P4833 2074 4 0 0 0 0 0 0 0 0 0 0 0 0 0 0 0 0 0 0 0 0 0 0 0 0 0 26 23 19 0 0 -999
P4833 2074 5 0 0 0 0 0 0 18 10 9 10 18 15 7 0 0 0 0 0 9 26 40 36 17 0 0 0 0 0 0 0 0
P4833 2074 6 0 0 0 0 0 0 0 0 0 0 0 0 0 0 0 0 0 0 0 0 0 0 0 0 0 0 0 0 0 0 -999
P4833 2074 7 0 0 0 0 0 0 0 0 0 0 0 0 0 0 0 0 0 0 0 0 0 0 0 0 0 0 0 0 0 0 0
P4833 2074 8 0 0 0 0 0 0 0 0 0 0 0 0 0 0 0 0 0 0 0 0 0 0 0 0 0 0 0 0 0 0 0
P4833 2074 9 0 0 0 0 0 0 0 0 0 0 0 0 0 0 0 0 0 0 17 0 0 9 6 6 15 5 10 7 0 0 -999
P4833 2074 10 0 0 7 0 0 0 0 4 22 11 7 0 0 0 0 0 0 0 9 0 0 0 0 0 0 0 0 7 35 3 5
P4833 2074 11 7 23 11 0 0 0 0 7 43 109 6 0 0 0 0 6 6 28 0 0 0 0 76 95 114 15 0 6 14 6 -999
P4833 2074 12 0 0 20 14 0 0 0 13 3 3 3 13 43 128 136 158 71 26 87 19 80 67 15 6 0 0 102 62 110 25 27
P4833 2075 1 49 84 60 29 28 8 16 12 8 18 20 14 52 2 7 4 0 0 0 0 0 0 0 0 0 0 4 2 3 11 13
P4833 2075 2 34 7 1 2 25 33 24 26 6 3 37 37 6 26 2 3 0 0 4 6 79 22 22 9 0 0 0 0 -999 -999 -999
P4833 2075 3 0 0 0 28 26 28 3 0 13 36 29 39 42 32 11 6 7 21 49 38 25 33 23 49 25 13 28 7 39 56 43
P4833 2075 4 27 3 15 0 0 0 0 2 0 0 0 0 0 0 0 0 0 0 3 22 15 4 0 0 0 0 0 0 0 28 -999
P4833 2075 5 22 40 37 94 59 68 38 22 0 0 0 7 5 15 15 20 46 21 12 10 4 13 6 0 0 0 0 0 0 0 0
P4833 2075 6 0 0 0 0 0 0 0 0 0 0 0 0 0 0 0 0 0 0 0 0 0 0 0 0 0 0 0 0 0 0 -999
P4833 2075 7 0 0 0 0 0 0 0 0 0 0 0 0 0 0 0 0 0 0 0 0 0 0 0 0 0 0 0 0 0 0 0
P4833 2075 8 0 0 0 0 0 0 0 0 0 0 0 0 0 0 0 0 0 0 0 0 0 0 0 0 0 0 0 0 0 0 0
P4833 2075 9 0 0 0 0 0 0 0 0 0 0 0 0 0 0 12 0 0 0 0 0 0 0 0 0 0 0 0 29 46 23 -999
P4833 2075 10 0 0 14 14 5 0 0 9 16 16 0 0 0 0 0 9 0 0 14 24 12 4 0 0 9 0 7 9 23 0 0
P4833 2075 11 7 6 16 35 14 17 98 17 87 12 19 62 28 25 13 30 55 25 12 11 13 3 4 8 5 8 54 15 9 6 -999
P4833 2075 12 0 4 0 34 19 29 57 27 64 8 8 23 34 30 1 1 0 0 0 0 0 1 2 0 0 5 0 0 2 0 0
P4833 2076 1 0 0 0 0 0 0 0 0 1 6 3 2 1 5 2 2 0 2 2 0 0 0 0 0 0 0 4 7 0 2 0
P4833 2076 2 2 4 1 2 0 3 0 4 43 0 0 0 0 0 0 0 0 0 3 10 5 0 0 0 0 0 0 0 -999 -999 -999
P4833 2076 3 0 1 0 0 3 7 0 0 13 47 9 0 0 7 10 9 36 42 10 0 0 0 0 0 0 0 0 0 0 0 0
P4833 2076 4 0 0 0 6 0 0 0 0 0 0 0 17 9 0 0 0 0 0 0 0 31 37 21 17 8 0 9 0 0 0 -999
P4833 2076 5 0 0 26 18 0 0 0 0 0 0 0 0 0 0 0 0 6 14 22 28 30 27 25 0 0 0 3 28 20 19 11
P4833 2076 6 28 0 0 0 0 0 0 0 0 0 0 0 0 0 0 0 0 0 0 0 0 0 0 0 0 0 0 0 0 0 -999
P4833 2076 7 0 0 0 0 20 0 0 0 0 0 0 0 0 0 0 0 0 0 0 0 0 0 0 0 0 0 0 0 0 0 0
P4833 2076 8 0 0 0 0 0 0 0 0 0 0 0 0 0 0 0 0 0 0 0 0 0 0 0 0 0 0 0 0 0 0 0
P4833 2076 9 0 0 0 0 0 0 0 0 0 0 0 0 0 0 0 0 0 0 0 0 0 0 0 0 0 0 0 46 14 17 -999
P4833 2076 10 3 5 12 0 0 0 0 0 0 0 18 55 68 111 78 6 12 80 0 0 16 8 8 26 6 0 0 0 0 0 0
P4833 2076 11 0 0 0 7 0 0 0 15 23 35 31 59 15 14 6 0 0 8 13 6 0 0 0 57 13 0 0 0 0 0 -999
P4833 2076 12 0 0 0 0 0 0 0 3 10 0 0 0 0 0 1 4 19 0 0 0 0 0 0 0 0 0 1 0 4 6 0
P4833 2077 1 0 0 0 0 0 4 0 1 0 0 0 5 47 81 28 25 2 0 2 0 0 35 89 26 62 16 32 15 4 2 10
P4833 2077 2 4 1 3 7 48 25 11 0 0 0 0 14 17 6 13 8 28 0 0 0 0 0 0 0 0 0 0 0 -999 -999 -999
P4833 2077 3 0 7 11 0 0 5 0 6 11 8 20 13 44 28 9 5 0 87 42 5 0 0 0 0 0 8 7 20 8 0 0
P4833 2077 4 0 0 0 0 0 0 0 4 22 6 3 12 0 0 0 0 0 0 0 0 0 0 0 0 0 0 0 0 0 0 -999
P4833 2077 5 0 0 0 0 0 0 0 0 0 0 0 0 0 0 0 0 0 0 0 0 0 0 0 40 52 60 57 16 0 0 0
P4833 2077 6 0 0 0 0 0 0 0 0 0 4 20 14 14 15 0 0 0 0 0 0 0 0 0 0 0 0 0 0 0 0 -999
P4833 2077 7 0 0 0 0 0 0 0 0 0 0 0 0 0 0 0 0 0 0 0 0 0 0 0 0 0 0 0 0 0 0 0
P4833 2077 8 0 0 0 0 0 0 0 0 0 0 0 0 0 0 0 0 0 0 0 0 0 0 0 0 0 0 0 0 0 0 0
P4833 2077 9 0 0 0 0 0 0 0 0 0 0 0 0 0 0 0 0 0 0 0 0 0 0 0 0 0 0 0 12 0 0 -999
P4833 2077 10 0 0 0 0 0 0 0 0 0 0 0 0 0 8 5 5 0 8 6 3 8 51 27 7 5 0 0 20 0 0 0
P4833 2077 11 0 9 65 79 85 30 80 59 20 15 21 46 113 139 109 49 58 80 2 7 13 82 50 16 17 15 36 26 12 5 -999
P4833 2077 12 4 0 0 3 8 3 3 13 10 74 125 56 93 120 39 25 85 139 109 42 84 47 64 120 141 130 137 12 12 9 9
P4833 2078 1 3 38 15 45 10 100 10 55 5 21 4 0 0 0 0 0 0 0 0 0 0 21 22 19 0 0 0 0 0 0 0
P4833 2078 2 3 9 2 3 5 45 38 19 6 2 12 20 19 8 8 0 7 4 0 0 4 0 6 5 0 0 0 0 -999 -999 -999
P4833 2078 3 0 0 0 0 0 21 3 15 0 0 24 25 29 72 16 5 0 9 0 0 0 8 17 4 0 0 6 8 10 35 20
P4833 2078 4 21 58 24 82 72 37 9 15 22 0 0 0 0 10 0 0 0 47 40 14 0 0 0 0 0 0 0 18 17 8 -999
P4833 2078 5 18 6 6 14 23 28 22 6 0 0 18 15 25 17 37 32 8 12 0 0 0 0 0 0 0 0 0 0 0 0 0
P4833 2078 6 0 0 0 0 0 0 0 0 0 0 0 0 0 0 0 0 0 0 0 0 0 0 0 0 0 0 0 0 0 0 -999
P4833 2078 7 0 0 0 0 0 0 0 0 0 0 0 0 0 0 0 0 0 0 0 0 0 0 0 0 0 0 0 0 0 0 0
P4833 2078 8 0 0 0 0 0 0 0 0 0 0 0 0 0 0 0 0 0 0 0 0 0 0 0 0 0 0 0 0 0 0 0
P4833 2078 9 0 0 15 37 16 0 0 0 0 0 0 0 0 0 0 0 0 0 0 0 0 0 0 0 0 0 0 0 0 0 -999
P4833 2078 10 0 0 0 0 0 0 0 0 0 0 0 0 0 0 0 0 0 0 0 0 0 0 9 0 0 0 0 0 0 0 0
P4833 2078 11 0 0 57 30 14 4 0 0 0 0 6 0 0 0 0 0 0 0 6 5 0 0 4 4 5 0 6 57 22 23 -999
P4833 2078 12 3 1 0 0 0 0 4 7 2 4 4 0 0 0 9 15 0 0 0 0 0 0 0 6 21 11 12 41 20 71 130
P4833 2079 1 10 0 4 6 13 15 9 15 4 0 2 7 6 2 0 0 0 0 0 0 0 0 0 0 0 0 45 20 0 0 0
P4833 2079 2 0 6 0 2 46 13 6 33 35 2 0 0 0 4 0 0 0 25 70 77 63 14 51 58 67 84 75 21 -999 -999 -999
P4833 2079 3 24 57 19 28 5 5 0 6 7 7 13 34 0 0 0 0 0 0 0 28 75 6 14 5 0 0 0 0 0 0 0
P4833 2079 4 70 30 16 0 0 8 23 6 4 0 0 0 0 0 0 0 0 0 0 0 0 0 0 0 0 0 0 0 0 0 -999
P4833 2079 5 5 23 21 0 0 0 0 0 0 0 0 0 0 0 0 0 0 0 0 0 0 0 0 0 0 0 0 0 0 0 0
P4833 2079 6 0 0 0 0 0 0 0 0 15 21 0 0 0 0 0 0 0 0 0 0 0 0 0 0 0 0 0 0 0 0 -999
P4833 2079 7 0 0 0 0 0 0 0 0 0 0 0 0 0 0 0 0 0 0 0 0 0 0 0 0 0 0 20 0 0 0 0
P4833 2079 8 0 0 0 0 0 0 0 0 0 0 0 0 0 0 0 0 0 0 0 0 0 0 0 0 0 0 0 0 0 0 0
P4833 2079 9 0 0 0 0 0 0 0 0 0 0 29 0 0 0 0 0 0 0 0 0 0 0 0 0 0 0 0 0 0 11 -999
P4833 2079 10 0 0 0 0 0 0 0 0 0 0 0 0 0 0 0 0 0 9 34 54 34 70 23 36 51 9 7 7 10 4 0
P4833 2079 11 0 40 41 3 14 5 0 0 0 4 8 0 0 0 0 0 0 0 0 3 7 4 67 13 19 105 38 21 53 91 -999
P4833 2079 12 9 0 0 0 8 17 15 55 52 30 21 0 1 2 55 49 129 86 110 29 6 4 3 2 0 2 0 2 2 0 0
P4833 2080 1 0 0 0 14 8 0 8 4 3 4 0 5 0 13 15 0 0 0 15 13 19 27 25 20 22 13 3 4 13 3 2
P4833 2080 2 7 0 0 1 0 0 0 0 0 1 5 42 23 13 0 0 0 0 0 0 5 21 17 21 0 0 0 0 -999 -999 -999
P4833 2080 3 0 0 0 0 0 0 0 0 6 0 0 0 0 0 0 0 0 0 0 0 0 0 0 0 0 0 0 0 0 0 0
P4833 2080 4 60 7 32 24 29 83 33 45 39 17 8 0 0 0 0 37 28 26 41 27 0 0 0 0 0 0 0 0 0 0 -999
P4833 2080 5 30 16 14 6 0 0 0 0 0 0 0 0 0 0 0 0 0 0 0 23 0 0 0 0 0 0 0 0 0 0 0
P4833 2080 6 0 0 0 0 0 0 0 0 0 0 0 0 0 0 0 0 0 0 0 0 0 0 0 0 0 0 0 0 0 0 -999
P4833 2080 7 0 0 0 0 0 0 0 0 0 0 0 0 0 0 0 0 0 0 0 0 0 0 0 0 0 0 0 0 0 0 0
P4833 2080 8 0 0 0 0 0 0 0 0 0 0 0 0 0 0 0 0 0 0 0 0 0 0 0 19 42 31 0 0 0 0 0
P4833 2080 9 0 0 0 0 0 0 0 0 0 0 0 0 55 40 0 0 0 0 0 0 0 0 0 62 46 37 16 0 0 0 -999
P4833 2080 10 0 0 0 0 0 0 0 0 0 0 0 12 27 0 17 0 0 0 0 0 0 7 0 38 63 18 7 0 0 0 0
P4833 2080 11 0 0 0 7 14 0 8 0 0 19 8 15 0 0 0 29 28 3 0 0 4 0 0 0 0 6 8 37 3 0 -999
P4833 2080 12 0 0 0 0 0 0 4 20 15 101 27 15 12 39 11 5 3 0 0 0 3 4 20 117 46 0 6 19 11 8 0
P4833 2081 1 0 0 0 0 0 0 0 0 0 0 2 0 0 0 0 1 2 11 34 133 97 99 26 3 26 6 4 0 0 0 0
P4833 2081 2 0 9 66 24 15 21 4 5 2 0 0 0 0 0 0 0 0 14 0 5 15 86 28 23 19 5 9 8 -999 -999 -999
P4833 2081 3 0 0 0 0 6 0 0 0 3 3 27 70 75 69 76 30 118 25 47 33 33 34 72 28 49 68 89 88 26 27 55
P4833 2081 4 20 17 22 11 9 0 0 0 0 0 0 0 0 0 0 0 3 2 0 0 0 0 0 0 0 0 0 19 0 0 -999
P4833 2081 5 0 0 0 0 0 3 20 14 0 0 7 0 0 0 0 0 0 0 0 0 0 0 15 0 15 0 10 25 21 13 0
P4833 2081 6 0 0 0 0 0 0 0 0 10 40 25 16 7 0 0 0 0 0 0 0 0 0 0 0 0 0 0 0 0 0 -999
P4833 2081 7 0 0 0 0 0 0 0 0 0 0 0 0 0 0 0 0 0 0 0 0 0 0 0 0 0 0 0 0 0 0 0
P4833 2081 8 0 0 0 0 0 0 0 0 0 0 0 0 0 0 0 0 0 0 0 0 0 0 0 0 0 0 0 0 0 0 0
P4833 2081 9 0 0 0 0 0 0 0 0 0 0 0 0 0 0 0 0 0 0 0 0 0 0 0 0 0 0 0 0 0 0 -999
P4833 2081 10 0 0 12 0 0 0 0 0 0 9 119 44 29 21 75 36 36 23 25 55 26 0 0 0 0 0 0 0 0 0 0
P4833 2081 11 0 0 20 74 16 27 4 0 4 52 33 10 18 23 73 38 8 32 56 125 37 69 75 15 6 0 0 0 15 31 -999
P4833 2081 12 42 39 18 16 44 8 47 87 17 0 0 4 0 0 0 0 0 0 4 10 78 31 115 12 48 69 22 119 21 0 0
P4833 2082 1 0 0 0 0 0 0 19 18 17 4 0 0 0 2 47 68 4 3 3 2 0 2 0 0 2 4 58 14 65 19 0
P4833 2082 2 0 0 2 3 10 15 7 0 0 0 2 10 0 0 0 0 0 0 0 0 0 0 0 0 0 0 0 0 -999 -999 -999
P4833 2082 3 0 0 5 0 0 0 0 0 3 5 8 8 0 2 17 20 28 36 52 61 0 12 16 19 7 0 0 0 13 12 20
P4833 2082 4 0 0 0 27 27 43 73 33 66 108 64 71 88 0 0 9 8 0 17 25 12 0 0 0 0 0 0 16 17 0 -999
P4833 2082 5 0 0 0 0 0 0 0 0 0 0 0 0 0 0 0 0 0 0 0 0 0 0 0 0 0 0 0 0 0 0 0
P4833 2082 6 0 0 17 0 0 13 29 32 22 14 0 0 0 0 0 0 7 35 22 17 7 0 0 0 0 0 0 0 0 0 -999
P4833 2082 7 0 0 0 0 0 0 0 0 0 0 0 0 0 0 0 0 0 0 0 0 0 0 0 0 0 0 0 0 0 0 0
P4833 2082 8 0 0 0 0 0 0 0 0 0 0 0 0 0 0 0 0 0 0 0 0 0 0 0 0 0 0 0 0 0 0 0
P4833 2082 9 0 0 0 0 0 0 0 0 0 0 0 0 0 0 0 0 0 0 0 0 0 0 0 0 0 0 0 0 0 0 -999
P4833 2082 10 0 0 0 0 0 0 0 0 0 0 0 0 6 5 0 0 7 37 28 125 95 15 22 56 16 15 0 0 0 0 0
P4833 2082 11 0 0 0 0 0 10 7 0 0 15 19 41 15 8 6 95 27 25 10 39 12 38 38 28 21 20 15 39 67 22 -999
P4833 2082 12 8 13 11 13 0 0 0 0 0 0 0 0 0 0 0 0 0 13 3 0 0 0 0 0 0 0 0 0 0 6 0
P4833 2083 1 0 2 0 0 0 5 10 55 27 17 0 2 7 91 73 38 66 9 5 33 20 0 11 24 52 6 32 12 0 77 31
P4833 2083 2 27 32 73 3 15 0 3 5 47 43 96 32 72 24 21 22 131 31 34 14 33 43 24 38 9 12 76 70 -999 -999 -999
P4833 2083 3 119 0 0 0 4 0 3 4 0 6 9 0 0 5 6 0 0 0 0 3 8 0 0 0 4 4 2 0 8 32 31
P4833 2083 4 41 26 24 25 17 0 0 0 0 6 25 33 13 0 0 4 0 4 33 24 23 23 6 0 0 0 0 0 0 0 -999
P4833 2083 5 0 0 9 0 0 0 0 0 0 10 0 0 0 0 0 0 0 0 0 0 0 0 0 0 0 0 0 0 0 0 0
P4833 2083 6 0 0 0 0 0 0 0 0 0 0 0 0 0 0 0 0 0 0 0 0 0 0 0 0 0 0 0 0 0 0 -999
P4833 2083 7 0 0 0 0 0 0 0 0 0 0 0 0 0 0 0 0 0 0 0 0 0 0 0 0 0 0 0 0 0 0 0
P4833 2083 8 0 10 0 0 0 0 0 0 0 0 0 0 0 0 0 0 0 0 0 0 0 0 0 0 0 0 0 0 0 0 0
P4833 2083 9 0 0 0 0 0 0 0 0 0 0 0 0 0 0 0 0 0 0 0 0 0 0 0 0 11 0 0 0 0 10 -999
P4833 2083 10 35 23 0 0 0 0 0 0 0 0 0 0 0 0 0 0 0 0 0 0 0 0 0 0 0 0 0 0 0 0 0
P4833 2083 11 0 0 11 0 0 0 14 10 20 43 0 25 31 22 11 29 33 43 31 42 10 6 25 47 8 14 11 9 0 0 -999
P4833 2083 12 0 0 0 0 0 3 4 3 0 13 10 10 11 4 8 55 33 18 0 0 0 0 0 0 0 0 0 0 0 0 4
P4833 2084 1 2 61 40 4 0 4 8 4 0 0 0 0 3 3 0 0 14 103 110 10 6 18 74 11 0 0 0 0 0 0 0
P4833 2084 2 0 0 13 7 0 0 0 0 0 0 18 52 42 3 0 0 3 3 5 11 7 3 34 54 21 32 23 21 -999 -999 -999
P4833 2084 3 12 18 4 0 10 21 0 0 0 14 14 34 29 25 24 42 32 33 23 33 76 22 9 43 8 0 0 0 7 24 37
P4833 2084 4 32 44 90 123 103 25 33 50 69 40 66 24 6 26 48 21 0 0 6 0 0 0 0 0 0 0 0 0 0 0 -999
P4833 2084 5 0 0 0 0 0 0 0 8 0 0 0 0 0 0 0 0 0 0 0 0 0 0 0 0 0 0 0 0 0 0 7
P4833 2084 6 0 0 0 0 0 0 0 0 0 0 0 0 0 0 0 0 0 0 0 0 0 0 0 0 0 0 0 0 0 0 -999
P4833 2084 7 0 0 0 0 0 0 0 0 0 0 0 0 0 0 0 0 0 0 0 0 0 0 0 0 0 0 0 0 0 0 0
P4833 2084 8 0 0 0 0 0 0 0 0 0 0 0 0 0 0 0 0 13 9 0 0 0 0 0 0 0 0 0 0 0 0 0
P4833 2084 9 0 0 0 0 0 0 0 0 0 0 0 0 0 0 0 0 0 0 0 0 0 0 0 0 0 0 0 0 0 0 -999
P4833 2084 10 0 14 0 0 0 0 0 0 0 0 0 0 0 0 0 10 0 0 0 0 0 0 0 10 12 0 0 0 0 0 0
P4833 2084 11 0 0 5 8 75 27 25 17 90 97 35 98 80 26 0 5 10 7 0 0 0 0 0 6 9 0 0 0 2 5 -999
P4833 2084 12 9 0 7 24 10 3 2 2 2 0 0 0 0 0 0 3 3 0 5 0 0 0 2 5 4 27 14 20 1 0 0
P4833 2085 1 0 0 0 0 0 0 0 0 0 0 0 0 2 5 7 0 0 0 0 0 0 0 0 2 5 4 8 4 0 0 0
P4833 2085 2 0 0 1 4 0 0 0 0 0 0 0 0 0 0 0 23 5 0 0 0 0 0 3 0 0 0 2 0 -999 -999 -999
P4833 2085 3 0 0 0 0 5 0 0 0 0 0 0 12 8 0 0 0 0 16 20 18 93 47 39 24 8 4 8 5 8 98 37
P4833 2085 4 72 42 104 21 48 0 0 0 0 0 0 0 0 0 46 0 0 0 0 7 0 0 0 0 0 4 23 22 28 31 -999
P4833 2085 5 23 0 0 10 6 0 8 0 7 26 25 13 9 6 0 0 0 3 12 18 7 0 7 0 4 0 0 0 0 0 0
P4833 2085 6 0 0 0 0 0 0 0 0 0 0 0 0 0 0 0 0 0 0 0 0 0 0 0 0 0 0 0 0 0 0 -999
P4833 2085 7 0 0 0 0 0 0 0 0 0 0 0 0 0 0 0 0 0 0 0 0 0 0 0 0 0 0 0 0 0 0 0
P4833 2085 8 0 0 0 0 0 0 0 0 0 0 0 0 0 0 0 0 0 0 0 0 0 0 0 0 0 0 0 0 0 0 0
P4833 2085 9 0 0 0 0 0 0 0 0 0 0 0 0 0 0 0 0 0 0 0 0 0 0 0 10 0 0 0 0 0 0 -999
P4833 2085 10 0 0 0 0 0 0 0 0 0 0 0 0 0 0 0 0 0 0 0 0 0 0 5 7 0 0 7 0 0 0 0
P4833 2085 11 4 5 25 50 22 11 5 7 0 0 0 0 0 0 4 5 4 43 78 52 97 98 28 109 120 21 93 3 6 4 -999
P4833 2085 12 65 56 23 24 64 22 5 0 3 20 21 20 7 7 5 0 0 0 0 2 2 5 95 101 33 0 17 13 22 6 54
P4833 2086 1 38 92 38 37 5 0 0 0 0 0 0 0 0 0 0 13 0 0 0 0 0 0 0 0 0 0 0 0 0 0 0
P4833 2086 2 0 0 0 0 0 0 0 0 0 0 0 3 13 12 8 19 21 36 15 24 64 19 0 0 0 13 9 6 -999 -999 -999
P4833 2086 3 0 0 0 0 0 0 0 0 0 3 0 14 11 0 0 0 0 0 7 0 0 0 0 0 0 0 0 0 0 0 10
P4833 2086 4 22 24 0 0 0 0 0 16 19 17 10 0 0 19 50 80 81 72 47 30 20 15 39 8 0 0 0 9 0 0 -999
P4833 2086 5 0 0 0 0 0 0 0 0 0 0 0 0 0 0 0 0 0 13 22 17 10 0 0 0 15 0 0 0 0 0 0
P4833 2086 6 0 0 0 0 0 0 0 0 0 0 0 0 0 0 0 0 0 0 0 0 0 0 0 0 0 0 0 0 0 0 -999
P4833 2086 7 0 0 0 0 0 0 0 0 0 0 0 0 0 0 0 0 0 0 0 0 0 0 0 0 0 0 0 0 0 0 0
P4833 2086 8 0 0 0 0 0 0 0 0 0 0 0 0 0 0 0 0 0 0 0 0 0 0 0 0 0 0 0 0 0 0 0
P4833 2086 9 0 0 0 0 0 0 0 0 0 0 0 0 21 31 13 10 14 10 0 0 0 0 0 7 0 0 0 0 0 0 -999
P4833 2086 10 0 0 0 0 0 0 0 0 0 0 0 6 0 0 25 27 15 0 0 0 0 0 7 35 31 28 33 0 3 11 4
P4833 2086 11 0 22 0 0 0 0 0 10 0 8 4 7 25 10 98 70 64 52 44 87 26 7 3 0 0 3 12 21 50 22 -999
P4833 2086 12 23 22 9 28 83 16 0 0 0 0 0 3 4 2 0 0 0 0 10 20 7 0 0 0 0 0 0 3 4 5 11
P4833 2087 1 12 84 27 6 30 10 4 0 0 3 3 2 5 31 121 24 22 19 37 2 2 1 0 0 0 0 0 0 0 6 0
P4833 2087 2 3 0 2 3 0 0 0 0 0 0 0 2 2 3 0 0 0 0 0 2 0 0 0 0 0 0 0 0 -999 -999 -999
P4833 2087 3 0 0 0 5 0 12 9 0 0 0 0 0 0 13 20 15 30 46 49 5 5 5 0 0 0 8 98 22 13 0 0
P4833 2087 4 0 0 5 5 13 7 0 0 0 0 0 0 0 0 0 0 10 14 24 22 3 10 0 0 0 0 0 0 0 0 -999
P4833 2087 5 0 0 0 0 0 0 0 105 98 53 16 0 0 0 0 0 0 0 0 0 0 0 0 0 0 0 0 14 8 21 0
P4833 2087 6 0 0 0 0 0 0 0 0 0 0 0 0 0 0 0 0 0 0 0 0 0 0 0 0 0 0 0 0 0 0 -999
P4833 2087 7 0 0 0 0 0 0 0 0 0 0 0 0 0 0 0 0 0 0 0 0 0 0 0 0 0 0 0 0 0 0 0
P4833 2087 8 0 0 0 0 0 0 0 0 0 0 0 0 0 0 0 0 0 0 0 0 0 0 0 0 0 0 0 0 0 0 0
P4833 2087 9 0 0 0 0 0 0 0 0 0 0 0 0 0 0 0 0 0 0 0 0 19 0 0 0 0 0 0 14 0 0 -999
P4833 2087 10 0 0 0 0 0 0 0 0 0 11 0 0 0 0 0 0 0 0 9 0 0 84 46 11 14 15 0 0 0 0 0
P4833 2087 11 0 0 0 18 10 5 14 8 3 13 0 10 23 17 52 24 21 15 0 0 3 0 0 0 0 0 0 0 40 28 -999
P4833 2087 12 63 129 4 13 0 0 19 12 0 0 8 60 47 40 32 25 54 110 73 31 50 17 0 0 0 0 0 0 0 0 0
P4833 2088 1 0 0 0 0 1 0 20 74 125 69 58 88 107 120 25 72 59 34 21 13 12 3 16 75 75 79 147 41 50 33 10
P4833 2088 2 14 9 4 14 20 19 0 0 0 0 0 0 0 0 0 3 34 40 31 0 0 0 7 0 0 0 0 0 -999 -999 -999
P4833 2088 3 0 0 0 0 7 5 62 16 6 0 0 0 8 10 19 18 11 8 9 0 0 0 7 9 29 21 6 0 0 0 0
P4833 2088 4 6 0 0 0 0 0 0 0 0 23 8 5 7 2 0 0 0 0 0 0 0 0 0 0 0 0 0 0 0 0 -999
P4833 2088 5 0 0 0 0 0 11 24 0 0 0 0 54 35 10 5 0 0 0 0 0 0 0 0 0 0 0 0 0 0 0 0
P4833 2088 6 0 0 0 0 0 0 0 0 0 0 0 0 0 0 0 0 0 0 0 0 0 0 0 0 0 0 0 0 0 0 -999
P4833 2088 7 0 0 0 0 0 0 0 0 0 0 0 0 0 0 0 0 0 0 0 0 0 0 0 0 0 0 0 0 0 0 0
P4833 2088 8 0 0 0 0 0 0 0 0 0 0 0 0 0 0 0 0 0 0 0 0 0 0 0 0 0 0 0 0 0 0 0
P4833 2088 9 0 0 0 0 0 0 0 0 0 0 0 0 0 0 0 0 0 0 0 0 0 0 0 0 0 0 0 0 0 0 -999
P4833 2088 10 0 0 0 0 0 0 0 0 0 0 36 7 21 0 0 0 0 0 0 0 0 0 0 0 0 0 0 0 0 0 0
P4833 2088 11 0 5 77 103 32 87 27 32 99 38 12 11 5 0 0 0 0 0 0 0 0 5 37 8 7 42 94 8 0 7 -999
P4833 2088 12 73 16 8 25 114 39 6 0 0 0 0 0 0 0 0 0 0 0 0 0 0 0 0 0 3 9 9 0 0 4 2
P4833 2089 1 0 0 0 2 3 4 27 0 0 1 22 5 11 50 78 27 20 2 40 108 34 54 56 22 30 40 13 3 13 35 35
P4833 2089 2 116 15 6 21 71 13 7 19 9 67 41 99 70 64 106 113 91 68 65 46 40 0 0 0 0 4 45 24 -999 -999 -999
P4833 2089 3 19 4 0 0 0 0 0 0 0 0 0 0 0 0 0 0 10 13 0 0 0 0 0 0 0 0 0 0 0 0 0
P4833 2089 4 0 0 0 0 9 0 4 54 72 19 7 0 0 0 0 8 0 0 0 17 0 0 0 0 0 0 0 0 0 0 -999
P4833 2089 5 8 10 0 0 0 0 0 0 0 0 0 0 0 0 0 0 0 0 0 0 0 0 0 0 0 0 0 0 0 0 0
P4833 2089 6 12 20 0 0 0 0 0 0 0 0 0 0 0 0 0 0 0 0 0 0 0 0 0 0 0 0 0 0 0 0 -999
P4833 2089 7 0 0 0 18 0 0 0 0 11 0 0 0 0 0 0 0 0 0 0 0 0 0 0 0 0 0 0 0 0 0 0
P4833 2089 8 0 0 0 0 0 0 0 0 0 0 0 0 0 0 0 0 0 0 0 0 0 0 0 0 0 0 0 0 0 0 0
P4833 2089 9 0 0 0 0 0 0 0 0 0 0 0 0 0 0 0 0 0 0 0 0 0 0 0 0 0 0 0 0 0 0 -999
P4833 2089 10 0 0 0 0 0 0 0 0 0 0 0 16 0 0 14 22 0 0 0 0 0 0 0 0 5 9 0 0 0 0 0
P4833 2089 11 0 0 0 0 0 5 9 0 0 0 5 4 5 9 34 90 36 76 72 52 29 94 112 87 4 3 5 0 36 23 -999
P4833 2089 12 70 88 12 10 2 3 4 10 2 0 0 0 0 0 0 0 8 15 18 49 34 35 13 3 0 0 0 0 0 19 26
P4833 2090 1 0 0 0 0 0 4 14 0 0 3 4 19 0 0 0 0 0 0 2 14 39 47 37 17 10 2 7 0 0 4 2
P4833 2090 2 3 42 28 0 0 0 0 4 10 19 92 75 58 86 66 108 121 30 21 27 78 22 6 16 13 43 64 41 -999 -999 -999
P4833 2090 3 20 6 0 0 2 3 72 106 29 18 24 115 60 3 2 0 0 0 0 0 0 0 0 0 5 5 0 0 0 0 0
P4833 2090 4 0 19 19 54 24 5 0 0 0 0 0 5 0 0 0 0 0 0 0 0 0 18 10 33 0 0 7 56 15 15 -999
P4833 2090 5 0 0 0 0 0 0 0 0 0 0 0 0 0 0 0 26 0 24 13 8 10 0 0 0 0 0 0 0 0 0 0
P4833 2090 6 0 0 0 0 40 45 32 7 11 12 6 0 0 0 0 0 0 0 0 0 0 0 0 19 30 21 9 0 0 0 -999
P4833 2090 7 0 0 0 0 0 0 0 0 0 0 0 0 0 0 0 0 0 0 0 0 0 0 0 0 0 0 0 0 0 0 0
P4833 2090 8 0 0 0 0 0 0 0 0 0 0 0 0 0 0 0 0 0 0 0 0 0 0 0 0 0 0 0 0 0 0 0
P4833 2090 9 0 0 0 0 0 0 0 0 0 0 0 0 0 0 0 0 0 0 0 0 0 0 0 0 0 0 0 9 0 0 -999
P4833 2090 10 0 0 0 0 0 0 0 26 27 16 7 15 4 0 0 0 0 36 0 8 0 0 0 0 0 0 0 0 0 0 10
P4833 2090 11 26 12 5 3 0 0 0 0 0 0 0 0 0 0 0 0 0 3 0 0 0 0 2 0 3 9 22 56 86 155 -999
P4833 2090 12 145 13 43 44 11 0 7 3 12 55 23 24 22 22 21 0 0 0 0 0 4 17 3 45 0 0 0 0 5 7 0
P4833 2091 1 0 0 4 1 0 0 0 0 0 0 0 0 0 0 0 0 0 0 9 8 21 14 31 84 28 100 31 51 15 22 4
P4833 2091 2 15 32 12 18 30 66 47 31 26 19 5 3 42 23 30 16 10 0 0 0 0 16 44 13 15 42 2 0 -999 -999 -999
P4833 2091 3 0 0 0 0 0 0 0 4 7 0 0 0 0 0 0 0 0 0 0 4 8 0 0 2 0 0 0 6 0 0 0
P4833 2091 4 0 3 0 0 0 0 0 0 0 0 0 0 0 0 0 0 0 0 0 0 0 0 0 9 22 0 0 24 14 0 -999
P4833 2091 5 0 0 0 0 13 27 24 21 0 0 9 18 31 30 25 37 30 23 8 0 0 0 0 0 0 0 0 0 0 0 0
P4833 2091 6 0 0 0 0 0 0 0 0 0 0 0 0 0 0 0 0 0 0 0 0 0 0 0 0 0 0 0 0 0 0 -999
P4833 2091 7 0 0 0 0 0 0 0 0 0 0 0 0 0 0 0 0 0 0 0 0 0 0 0 0 0 0 0 0 0 0 0
P4833 2091 8 0 0 0 0 0 0 0 0 0 0 0 0 0 0 0 0 0 0 0 0 0 0 0 0 0 0 0 0 0 0 0
P4833 2091 9 0 0 0 0 0 0 0 0 0 0 0 0 0 0 0 0 0 0 0 0 10 14 0 0 65 54 0 0 0 0 -999
P4833 2091 10 0 0 0 0 0 0 0 0 0 17 0 0 0 0 0 0 0 0 0 0 0 0 17 0 0 0 0 10 26 14 37
P4833 2091 11 28 44 49 24 17 47 88 61 24 42 59 45 41 6 0 0 20 24 9 15 17 5 2 0 0 0 0 3 2 0 -999
P4833 2091 12 0 0 0 0 0 0 0 2 0 0 0 26 106 95 13 41 2 11 13 16 42 9 0 0 0 5 0 0 0 0 0
P4833 2092 1 4 0 0 0 21 25 5 31 3 6 8 71 134 26 14 2 0 0 0 0 0 0 2 10 11 20 10 0 0 0 0
P4833 2092 2 0 0 2 9 70 81 13 7 6 0 0 0 0 0 0 0 0 0 5 3 27 25 6 8 0 0 0 0 -999 -999 -999
P4833 2092 3 3 0 0 0 0 0 0 0 0 0 0 0 0 0 11 15 9 93 24 33 40 7 0 0 0 0 0 0 0 0 0
P4833 2092 4 0 0 0 0 0 0 9 22 36 18 0 0 0 0 0 7 0 0 0 8 15 0 0 0 0 10 0 0 0 0 -999
P4833 2092 5 0 0 0 0 0 0 0 0 0 0 0 0 0 0 0 0 0 0 0 0 0 0 0 0 0 0 0 0 5 0 0
P4833 2092 6 0 0 0 0 0 0 0 0 0 0 0 0 0 0 0 0 0 0 0 0 0 0 0 0 0 0 0 0 0 0 -999
P4833 2092 7 0 0 0 0 0 0 0 0 0 0 0 0 0 0 0 0 0 0 0 0 0 0 0 0 0 0 0 0 0 0 0
P4833 2092 8 0 0 0 0 0 0 0 0 0 0 0 0 0 0 0 0 0 0 0 0 0 0 0 0 0 0 0 0 19 44 0
P4833 2092 9 0 0 0 0 0 0 0 0 0 0 0 0 0 0 0 0 0 0 0 9 24 17 0 0 0 0 0 0 0 0 -999
P4833 2092 10 0 0 8 6 0 0 0 0 0 0 0 0 0 0 4 0 7 5 7 4 0 0 0 0 0 0 0 0 0 0 0
P4833 2092 11 0 0 0 0 18 8 51 52 20 0 0 0 35 18 10 4 3 14 0 0 0 0 0 0 0 0 0 0 0 0 -999
P4833 2092 12 0 0 0 0 5 15 20 22 3 7 0 0 0 0 0 0 0 0 0 0 0 0 0 0 0 14 89 15 5 0 0
P4833 2093 1 0 0 1 2 27 13 6 40 74 35 32 50 30 11 8 5 0 0 0 0 0 0 3 3 0 0 0 3 1 8 21
P4833 2093 2 1 0 2 3 6 33 20 55 109 137 27 20 13 37 26 34 35 51 133 58 17 6 4 0 0 0 0 0 -999 -999 -999
P4833 2093 3 0 6 23 11 14 0 0 35 14 55 53 21 18 23 123 23 21 37 68 29 67 22 20 12 7 5 2 0 19 28 36
P4833 2093 4 5 0 0 0 0 2 8 8 3 10 23 6 0 0 0 0 0 5 25 0 0 0 32 9 0 0 0 0 0 0 -999
P4833 2093 5 0 0 17 20 19 15 11 18 41 40 39 0 0 0 0 0 0 0 0 0 0 0 0 0 0 0 0 0 0 0 0
P4833 2093 6 0 0 0 0 0 0 0 0 0 0 0 43 55 23 19 0 0 0 0 0 0 0 0 0 0 0 0 0 0 0 -999
P4833 2093 7 0 0 0 0 0 0 0 0 0 0 0 0 0 0 0 0 0 0 0 0 0 0 0 0 0 0 0 0 0 0 0
P4833 2093 8 0 0 0 0 0 0 0 0 0 0 0 0 0 0 0 0 0 0 0 0 0 0 0 0 0 0 16 30 0 0 0
P4833 2093 9 0 0 0 0 0 0 0 0 0 0 0 0 0 0 0 0 0 0 0 0 0 0 0 0 0 0 0 0 0 0 -999
P4833 2093 10 0 0 0 0 0 0 0 0 7 15 0 0 0 0 0 0 0 0 0 0 0 15 16 0 0 0 0 0 0 0 0
P4833 2093 11 13 33 45 75 29 21 5 14 23 28 12 44 95 0 0 3 0 27 19 8 0 0 8 75 17 42 22 0 0 0 -999
P4833 2093 12 0 0 56 19 0 2 8 6 7 3 5 14 0 0 0 0 0 0 0 0 0 0 0 0 0 2 3 22 88 29 5
P4833 2094 1 0 0 5 5 42 89 104 48 4 0 0 0 0 0 0 0 2 7 9 0 3 0 2 0 0 0 0 0 0 0 2
P4833 2094 2 0 0 0 0 8 2 18 0 0 0 0 0 0 13 14 3 0 0 2 14 10 0 4 57 23 13 68 48 -999 -999 -999
P4833 2094 3 24 46 25 27 59 106 37 88 97 50 38 8 29 18 0 0 4 0 0 0 0 0 0 0 0 0 0 0 0 0 0
P4833 2094 4 0 0 0 12 6 0 0 0 6 10 0 35 22 19 34 26 20 5 6 0 0 0 7 29 56 20 14 0 0 0 -999
P4833 2094 5 0 0 0 0 0 0 0 0 0 0 0 0 0 0 0 0 0 0 0 0 0 0 0 0 0 0 0 0 0 0 0
P4833 2094 6 0 0 0 0 0 0 12 14 13 3 0 0 5 0 0 0 0 0 0 0 0 0 0 0 0 0 0 0 0 0 -999
P4833 2094 7 0 0 0 0 0 0 0 0 0 0 0 0 0 0 0 0 0 0 0 0 0 0 0 0 0 0 0 0 0 0 0
P4833 2094 8 0 0 0 0 0 0 0 0 0 0 0 0 0 0 0 0 0 0 0 0 0 0 0 0 0 0 0 0 0 0 0
P4833 2094 9 0 0 0 0 0 0 0 0 0 0 0 0 0 0 0 0 0 0 0 0 0 24 21 0 0 0 0 0 14 12 -999
P4833 2094 10 27 85 77 64 36 16 0 0 0 0 0 0 0 0 0 0 0 0 0 6 6 0 0 0 0 0 12 18 20 8 20
P4833 2094 11 8 0 0 0 0 25 56 11 5 0 8 7 14 13 30 6 0 0 0 3 0 0 5 9 5 9 70 51 10 4 -999
P4833 2094 12 0 4 5 6 56 118 79 62 61 59 83 22 8 66 58 3 7 9 15 0 0 5 9 0 4 14 113 29 51 34 13
P4833 2095 1 121 23 49 22 31 39 20 18 23 23 56 66 6 8 24 5 75 56 126 133 117 92 27 60 127 39 83 104 22 12 67
P4833 2095 2 22 5 4 28 17 5 15 11 13 7 0 0 12 29 22 24 4 5 8 0 0 0 2 3 0 0 0 0 -999 -999 -999
P4833 2095 3 0 0 0 0 0 0 0 0 0 0 10 40 7 18 31 15 14 47 35 27 4 12 0 0 0 0 0 0 0 0 0
P4833 2095 4 20 20 22 0 0 20 63 82 23 27 20 9 0 0 0 0 0 0 0 0 0 0 7 0 0 0 0 0 0 0 -999
P4833 2095 5 5 12 0 0 0 0 0 0 0 0 30 0 0 0 0 0 0 0 0 0 0 0 0 0 0 0 0 0 0 0 0
P4833 2095 6 0 0 0 0 0 0 0 0 0 0 0 0 0 0 0 0 0 0 0 0 0 0 0 0 0 0 10 14 0 0 -999
P4833 2095 7 0 0 0 0 0 0 0 0 0 0 0 0 0 0 0 0 0 0 0 0 0 0 0 0 0 0 0 0 0 0 0
P4833 2095 8 0 0 0 0 0 0 0 0 0 0 0 0 0 0 0 0 0 0 0 0 0 0 0 0 0 0 0 0 0 0 0
P4833 2095 9 0 0 0 0 0 0 0 0 0 0 0 0 0 0 0 0 0 0 0 0 0 0 0 0 0 0 0 0 0 0 -999
P4833 2095 10 0 0 0 0 0 0 0 0 0 6 26 10 7 0 0 0 8 0 0 0 0 0 0 0 0 0 0 2 24 17 15
P4833 2095 11 14 19 8 4 0 0 4 76 87 32 133 85 44 8 0 4 0 0 5 18 0 0 0 4 2 9 14 7 9 14 -999
P4833 2095 12 3 0 0 0 0 5 8 0 13 0 0 0 0 0 0 0 0 7 0 0 0 0 0 0 0 0 13 0 0 0 0
P4833 2096 1 0 0 2 41 11 19 17 19 23 15 14 0 0 0 1 0 0 0 0 0 2 0 0 0 0 0 0 0 11 9 0
P4833 2096 2 0 0 0 2 0 0 0 2 3 4 4 2 0 3 4 7 0 6 2 0 0 0 6 8 9 8 6 12 -999 -999 -999
P4833 2096 3 0 37 98 37 9 0 9 0 0 0 0 10 7 18 15 0 0 0 0 0 0 0 0 0 0 0 13 0 4 5 8
P4833 2096 4 0 0 14 0 0 18 7 24 18 0 19 32 35 46 23 10 12 26 46 12 0 0 0 0 0 0 0 8 6 0 -999
P4833 2096 5 0 0 0 0 0 0 0 0 0 0 0 0 0 0 0 0 0 0 0 0 0 0 0 0 0 0 0 0 29 50 71
P4833 2096 6 59 24 31 35 0 0 0 0 0 0 0 8 0 0 0 0 0 0 0 0 0 15 0 0 0 0 0 0 0 0 -999
P4833 2096 7 0 0 0 0 0 0 0 0 0 0 0 0 0 0 0 0 0 0 0 0 0 0 0 0 0 0 0 0 0 0 0
P4833 2096 8 0 0 0 0 0 0 0 0 0 0 0 0 0 0 0 0 0 0 0 0 0 0 0 0 0 0 0 0 0 0 0
P4833 2096 9 9 0 0 0 0 0 0 13 0 0 0 0 0 0 0 0 0 0 0 0 0 0 0 0 0 0 0 0 0 0 -999
P4833 2096 10 0 0 0 0 0 0 0 0 0 10 32 22 19 0 0 6 44 110 77 73 25 14 5 5 6 0 0 8 9 72 26
P4833 2096 11 56 54 30 25 21 18 20 40 66 118 31 18 60 35 124 73 87 41 33 43 9 3 2 0 3 3 5 3 15 13 -999
P4833 2096 12 0 0 0 0 0 0 0 0 0 0 0 0 0 0 3 0 0 0 0 0 0 0 0 5 11 69 36 26 46 79 57
P4833 2097 1 27 10 19 20 8 2 24 19 42 28 13 27 9 7 38 108 26 17 44 23 4 0 0 3 0 4 0 3 11 4 3
P4833 2097 2 5 8 6 0 6 4 2 3 0 4 0 8 4 0 0 0 0 0 0 12 5 0 0 0 0 0 0 0 -999 -999 -999
P4833 2097 3 0 0 0 22 65 5 0 0 0 0 0 0 0 0 0 0 4 0 43 53 37 0 0 0 0 0 0 0 0 0 0
P4833 2097 4 7 0 0 0 0 0 0 0 0 10 0 0 0 0 0 0 0 5 27 26 57 68 26 24 64 69 40 21 6 0 -999
P4833 2097 5 0 0 0 0 0 35 19 0 0 0 0 0 0 0 0 0 0 0 0 0 0 0 0 0 0 0 0 0 0 0 0
P4833 2097 6 0 0 0 0 0 0 0 0 0 0 0 15 18 17 11 0 0 0 0 0 0 0 0 0 0 0 0 0 0 0 -999
P4833 2097 7 0 0 0 0 0 0 0 0 0 0 0 0 0 0 0 0 0 0 0 0 0 0 0 0 0 0 0 0 0 0 0
P4833 2097 8 0 0 0 0 0 0 0 0 0 0 0 0 0 0 0 0 0 0 0 0 0 0 0 0 0 0 0 0 0 0 0
P4833 2097 9 0 0 0 0 0 0 0 0 0 0 0 0 0 0 0 0 0 0 0 0 0 0 0 0 0 0 0 0 0 0 -999
P4833 2097 10 9 50 24 22 24 0 0 0 0 0 0 0 0 0 0 0 0 44 32 85 43 28 40 28 0 0 0 0 0 15 36
P4833 2097 11 27 19 0 31 9 0 0 0 10 12 18 4 47 34 68 10 0 0 6 14 9 16 3 0 0 0 0 0 0 0 -999
P4833 2097 12 0 0 31 84 65 27 30 4 0 0 0 0 0 18 124 54 15 17 3 18 24 22 5 6 3 1 11 5 0 0 0
P4833 2098 1 0 3 3 0 7 21 15 26 11 9 0 0 0 7 0 0 0 0 2 4 7 2 8 0 0 0 0 4 0 0 2
P4833 2098 2 5 20 120 6 51 16 51 42 45 46 8 7 18 18 19 12 9 0 7 14 5 0 0 3 4 6 2 0 -999 -999 -999
P4833 2098 3 0 3 0 3 0 0 0 0 0 0 0 0 0 0 0 0 0 7 42 17 19 2 0 0 0 0 0 0 0 0 0
P4833 2098 4 0 0 0 0 0 0 0 0 20 17 24 23 13 8 0 0 0 0 0 20 36 0 0 0 0 0 0 0 0 0 -999
P4833 2098 5 0 0 0 0 0 0 0 0 0 0 0 0 0 0 0 0 0 22 0 0 0 0 0 0 0 0 0 0 0 0 0
P4833 2098 6 0 0 0 0 0 0 0 0 0 0 0 0 0 36 34 17 0 0 0 0 10 10 31 23 0 0 0 0 0 0 -999
P4833 2098 7 0 0 0 0 0 0 0 0 0 0 0 0 0 0 0 0 0 0 0 0 0 0 0 0 0 0 0 0 0 0 0
P4833 2098 8 0 0 0 0 0 0 0 0 0 0 0 0 0 0 0 0 0 0 0 0 0 0 0 0 0 0 0 0 0 0 0
P4833 2098 9 0 0 0 0 0 0 0 0 0 0 0 0 0 0 0 0 0 16 55 41 0 0 0 0 9 37 35 0 0 0 -999
P4833 2098 10 0 0 0 6 9 0 0 0 0 0 0 0 0 0 13 0 9 14 4 23 23 41 36 0 0 5 0 32 24 62 48
P4833 2098 11 57 43 10 55 10 52 12 20 6 105 41 24 28 0 0 59 84 21 5 3 3 32 34 16 4 0 4 5 38 31 -999
P4833 2098 12 24 66 30 63 58 50 15 9 41 0 0 0 0 0 0 0 0 11 15 15 27 54 52 23 4 0 6 8 0 0 0
P4833 2099 1 0 0 0 0 0 0 0 0 0 0 0 0 0 0 0 2 3 0 0 0 0 0 0 0 0 0 0 0 0 0 0
P4833 2099 2 3 21 51 12 11 0 0 0 0 0 0 0 0 0 0 0 0 13 14 8 17 5 0 4 10 0 13 0 -999 -999 -999
P4833 2099 3 3 2 4 0 14 31 42 63 59 116 95 24 3 0 0 0 0 0 0 0 0 0 5 8 3 0 0 0 6 0 0
P4833 2099 4 0 8 20 9 19 10 0 0 0 0 0 0 0 38 25 20 0 0 0 0 0 4 0 0 14 21 0 0 0 0 -999
P4833 2099 5 0 0 0 0 6 0 4 0 0 0 0 0 0 0 0 0 0 0 0 0 0 0 0 0 0 0 0 0 0 0 0
P4833 2099 6 0 0 0 0 0 0 0 0 0 0 0 0 0 0 0 0 0 10 21 19 16 0 0 0 0 0 0 0 0 0 -999
P4833 2099 7 0 0 0 0 0 0 0 0 0 0 0 0 0 0 0 0 0 0 0 0 0 0 0 0 0 0 0 0 0 0 0
P4833 2099 8 0 0 0 0 0 0 0 0 0 0 0 0 0 0 0 0 0 0 0 0 0 0 0 0 0 0 0 0 11 32 0
P4833 2099 9 0 0 0 0 0 0 0 0 0 0 0 0 0 0 0 0 0 0 0 0 0 0 0 0 0 0 0 0 0 0 -999
P4833 2099 10 0 0 0 0 0 0 0 0 0 0 0 0 0 36 89 0 0 0 0 0 0 0 0 0 0 0 0 0 0 42 83
P4833 2099 11 47 28 16 0 5 27 26 4 7 15 48 36 81 8 25 39 8 34 100 68 77 19 0 0 0 0 0 0 0 5 -999
P4833 2099 12 8 4 4 3 10 8 0 15 14 0 0 0 40 2 0 0 3 2 4 5 9 46 12 2 0 0 4 12 8 6 120
P4833 2100 1 22 6 0 0 1 0 0 0 0 0 0 50 29 23 0 22 2 0 0 0 0 13 20 0 0 1 0 0 0 0 0
P4833 2100 2 0 7 28 10 0 6 0 0 0 0 0 0 0 0 0 0 0 0 1 1 0 0 0 0 0 0 0 0 -999 -999 -999
P4833 2100 3 0 0 0 0 5 16 18 25 21 34 0 35 40 15 0 0 0 0 2 0 0 0 0 0 0 0 0 10 15 20 13
P4833 2100 4 1 7 3 0 0 0 0 0 2 0 10 0 2 0 0 0 13 0 0 0 0 5 24 15 0 0 0 0 0 0 -999
P4833 2100 5 0 0 80 0 16 0 0 0 0 0 3 0 5 0 0 0 13 0 0 0 0 0 0 13 15 6 0 0 0 0 0
P4833 2100 6 0 0 0 0 3 0 0 0 0 0 0 0 0 0 0 0 0 0 0 0 0 0 0 0 0 10 52 0 6 0 -999
P4833 2100 7 7 0 0 0 0 0 0 0 0 0 0 0 0 0 0 0 0 0 0 0 0 0 0 0 0 0 0 0 0 0 0
P4833 2100 8 0 0 0 0 0 0 0 0 0 0 0 0 0 0 0 0 0 0 0 0 0 0 0 0 0 0 0 0 0 0 0
P4833 2100 9 0 0 0 0 0 17 0 0 0 0 0 0 0 0 0 0 0 0 0 0 0 0 0 0 0 0 0 0 0 0 -999
P4833 2100 10 18 37 12 6 9 30 0 0 18 19 4 3 0 22 12 21 22 49 67 30 19 5 30 58 25 25 0 89 52 73 32
P4833 2100 11 13 2 0 0 4 4 2 0 0 8 60 67 20 17 19 0 0 0 0 0 0 0 0 0 0 3 0 0 0 0 -999
P4833 2100 12 0 0 0 0 0 0 7 7 6 20 0 0 0 5 7 60 17 0 23 17 46 22 0 6 41 41 78 123 26 36 -999
