precip bcc-csm1-1 rcp60 RNEURONALES decimas 2
P3276 38.099 -2.635 1521 geo 2006 2100 -1
P3276 2006 1 0 0 0 0 0 0 0 0 58 200 30 314 29 19 15 28 26 18 0 0 0 40 58 63 60 8 13 85 22 0 0
P3276 2006 2 0 0 16 20 146 146 140 71 430 447 289 171 179 92 48 152 62 6 0 0 14 18 157 60 89 28 12 12 -999 -999 -999
P3276 2006 3 0 6 6 2 0 7 29 0 9 80 209 58 74 13 62 26 179 5 0 0 0 0 0 0 0 0 0 0 4 4 16
P3276 2006 4 11 56 15 0 52 52 54 71 83 118 106 148 134 40 30 16 0 4 7 0 0 4 8 17 0 35 24 0 0 0 -999
P3276 2006 5 0 5 11 31 112 52 28 22 44 138 35 0 0 13 12 4 20 14 27 30 26 19 15 14 27 61 70 75 66 63 34
P3276 2006 6 24 13 32 56 53 30 26 13 0 0 0 0 0 0 0 0 0 0 0 0 5 0 0 0 0 0 0 0 0 0 -999
P3276 2006 7 0 0 0 0 0 30 0 0 0 0 0 0 0 0 0 0 0 0 0 0 0 0 0 0 0 0 0 0 0 0 0
P3276 2006 8 0 0 0 0 0 0 0 0 0 0 0 0 0 0 0 0 0 0 0 0 0 0 0 0 0 0 7 0 0 0 0
P3276 2006 9 0 0 0 0 0 0 0 11 7 16 36 0 0 6 8 8 64 31 22 0 0 0 0 0 0 0 0 0 0 13 -999
P3276 2006 10 42 17 23 23 0 0 0 0 0 0 0 0 0 0 0 0 0 0 0 0 0 0 0 0 0 0 17 3 2 15 16
P3276 2006 11 0 0 0 0 7 15 18 5 0 0 0 0 0 0 0 0 0 0 0 0 0 0 0 0 0 0 0 0 0 0 -999
P3276 2006 12 0 2 4 0 0 0 0 0 0 0 0 0 0 0 0 0 0 0 0 0 0 48 258 47 180 117 77 233 12 4 6
P3276 2007 1 0 0 0 0 0 0 0 0 0 4 20 19 9 0 0 0 0 69 15 33 101 18 6 9 79 52 108 44 79 36 20
P3276 2007 2 0 0 16 39 53 127 265 128 19 7 8 25 67 107 10 0 0 0 7 21 21 14 9 4 7 20 1 0 -999 -999 -999
P3276 2007 3 8 40 0 0 0 0 0 0 0 0 0 5 18 94 49 0 91 25 8 0 0 30 50 42 16 7 0 4 13 47 63
P3276 2007 4 0 45 36 27 28 17 19 18 0 0 0 0 0 2 4 46 24 14 64 43 28 55 85 83 84 65 35 22 43 18 -999
P3276 2007 5 58 0 0 45 24 8 11 33 9 11 20 14 57 16 14 14 30 26 9 8 9 0 0 0 0 0 0 0 10 15 19
P3276 2007 6 21 28 21 17 0 0 21 30 8 6 0 0 0 0 0 0 0 0 0 0 0 0 0 0 0 0 0 0 0 0 -999
P3276 2007 7 0 0 0 0 0 0 0 0 0 0 0 0 0 0 0 0 0 0 0 0 0 0 0 0 0 0 0 0 0 0 0
P3276 2007 8 0 0 0 0 0 0 0 0 0 0 0 0 0 0 0 0 0 0 0 0 0 0 0 58 30 0 21 12 9 7 0
P3276 2007 9 0 0 0 0 0 0 0 0 0 0 0 0 0 0 0 0 0 0 0 0 0 0 0 0 0 0 0 0 0 0 -999
P3276 2007 10 0 7 6 0 0 0 6 40 15 61 31 13 27 53 53 23 39 62 73 20 0 0 0 0 21 105 114 79 34 63 28
P3276 2007 11 0 0 0 0 0 0 0 0 0 35 31 16 0 0 0 0 0 17 25 227 75 91 122 75 110 45 39 13 129 59 -999
P3276 2007 12 0 0 0 0 0 0 0 25 104 125 88 32 23 15 10 56 293 126 48 139 101 42 84 52 27 0 5 7 7 4 4
P3276 2008 1 7 94 293 225 55 287 237 40 19 9 8 80 34 5 8 50 106 120 24 0 0 0 0 0 0 0 0 0 0 1 1
P3276 2008 2 1 0 1 0 0 0 0 0 6 1 0 0 0 1 3 0 0 0 6 77 30 6 7 12 18 0 0 0 -999 -999 -999
P3276 2008 3 0 11 4 0 0 0 0 5 7 0 0 10 53 191 85 60 63 9 0 0 26 0 66 103 60 114 112 24 0 37 29
P3276 2008 4 50 0 10 11 13 47 125 92 65 42 71 102 67 23 16 17 0 25 55 0 0 0 10 6 23 38 9 0 5 6 -999
P3276 2008 5 0 0 17 13 55 33 34 15 32 108 56 13 0 0 0 0 7 8 10 23 22 0 0 0 0 0 0 0 0 0 0
P3276 2008 6 17 21 0 0 0 0 0 0 0 0 0 0 0 0 0 0 0 0 0 0 0 0 0 0 29 34 20 25 0 0 -999
P3276 2008 7 0 27 0 39 65 29 44 19 0 0 0 0 0 0 0 0 0 0 0 0 0 0 0 0 0 0 0 0 0 0 0
P3276 2008 8 0 0 0 0 0 0 0 0 0 0 0 0 0 0 0 0 0 0 0 0 0 0 0 0 0 0 0 0 0 0 0
P3276 2008 9 0 0 0 0 0 0 0 0 0 0 0 0 40 0 12 10 0 0 0 0 0 0 0 0 0 0 0 0 0 19 -999
P3276 2008 10 18 23 35 22 17 15 11 10 17 6 63 43 33 8 8 37 18 10 7 27 30 31 102 31 33 62 0 22 17 18 64
P3276 2008 11 0 0 0 0 8 38 35 86 33 14 6 17 0 13 311 316 93 125 548 14 14 201 0 0 0 0 0 0 0 8 -999
P3276 2008 12 288 150 20 115 0 0 29 121 41 5 0 10 132 236 45 4 2 0 0 2 4 0 7 10 0 0 0 3 0 2 2
P3276 2009 1 3 0 0 0 57 67 16 11 11 51 124 16 69 50 21 48 39 97 167 23 6 56 58 49 24 11 0 0 17 48 8
P3276 2009 2 14 0 0 0 6 8 20 24 12 11 10 19 3 2 0 0 12 58 38 50 105 115 89 82 369 96 120 282 -999 -999 -999
P3276 2009 3 445 204 372 292 104 556 499 66 37 0 37 0 0 0 0 0 0 10 33 23 0 0 0 0 6 7 13 32 13 19 0
P3276 2009 4 0 0 0 0 0 0 58 0 0 2 3 9 0 20 7 0 0 0 0 7 17 0 0 0 0 0 44 0 0 0 -999
P3276 2009 5 0 0 0 0 0 0 0 0 0 0 0 0 0 0 0 7 0 12 0 0 3 12 8 6 0 0 0 0 0 0 0
P3276 2009 6 0 0 58 77 65 25 24 48 42 32 54 65 49 36 27 11 17 39 21 56 42 42 31 0 0 0 0 0 0 0 -999
P3276 2009 7 0 0 0 0 0 0 0 0 0 0 0 0 0 0 0 0 0 0 0 0 0 0 0 0 0 0 0 0 0 0 0
P3276 2009 8 0 0 0 0 0 0 0 0 0 0 0 0 0 0 0 0 0 0 0 0 0 0 0 0 0 0 0 0 0 0 0
P3276 2009 9 0 0 0 0 0 0 0 0 38 22 0 0 0 0 0 30 0 0 0 0 0 0 10 0 0 0 0 3 0 0 -999
P3276 2009 10 0 0 13 58 38 27 43 23 0 0 0 0 0 0 0 0 0 0 0 0 26 6 8 0 0 0 0 0 0 0 0
P3276 2009 11 0 0 0 0 0 0 0 4 18 37 40 37 70 0 0 0 0 0 0 0 0 0 0 0 0 0 0 0 0 0 -999
P3276 2009 12 0 0 49 0 47 0 24 28 0 14 174 48 0 0 5 55 49 35 0 0 0 0 0 0 25 189 274 311 167 43 33
P3276 2010 1 31 6 0 0 26 0 0 6 0 0 9 6 0 0 11 7 14 35 47 7 11 0 0 2 2 3 0 0 0 0 0
P3276 2010 2 0 0 0 0 0 0 0 0 0 16 5 5 4 2 1 2 3 0 0 0 5 47 1 0 0 0 0 0 -999 -999 -999
P3276 2010 3 9 0 0 0 0 49 138 25 42 22 10 5 0 0 0 0 0 10 3 6 200 56 80 23 14 12 8 3 3 11 12
P3276 2010 4 5 8 10 14 13 26 52 64 38 19 0 32 25 0 0 0 0 0 0 0 0 0 0 22 13 0 0 0 0 0 -999
P3276 2010 5 0 0 0 0 0 0 0 0 0 0 0 0 0 0 0 0 0 0 0 9 4 0 0 0 0 0 17 17 0 0 7
P3276 2010 6 10 0 0 0 0 0 0 0 0 21 28 0 0 32 45 15 9 9 18 16 0 0 0 0 0 0 0 0 0 0 -999
P3276 2010 7 0 0 0 0 0 0 0 0 0 0 0 0 0 0 0 0 0 0 0 0 0 0 0 0 0 0 0 0 0 0 0
P3276 2010 8 0 0 0 0 0 0 0 0 0 0 0 0 0 0 0 0 0 0 0 0 0 0 0 0 0 0 0 0 0 0 0
P3276 2010 9 0 0 0 0 0 0 0 0 0 0 0 0 0 0 0 0 0 0 0 0 64 59 6 9 11 11 0 0 0 0 -999
P3276 2010 10 0 0 0 0 0 0 0 0 0 0 0 0 0 0 17 0 0 0 0 0 0 0 23 3 3 0 7 25 0 4 0
P3276 2010 11 0 0 0 0 0 0 0 4 3 3 7 122 120 38 62 24 209 20 37 25 0 0 14 19 0 0 0 0 0 0 -999
P3276 2010 12 0 0 8 0 0 0 0 2 3 0 0 0 0 0 0 3 3 6 4 3 3 0 0 3 2 0 0 1 1 1 1
P3276 2011 1 0 0 0 0 0 0 0 0 0 0 0 18 9 8 0 10 46 45 55 29 9 3 1 0 2 10 12 11 0 19 22
P3276 2011 2 6 16 16 0 0 0 0 0 46 16 12 8 0 0 0 6 22 20 22 5 9 14 4 10 23 31 23 47 -999 -999 -999
P3276 2011 3 32 16 36 26 22 64 273 71 83 71 0 0 0 0 16 173 0 0 0 40 5 2 8 5 9 0 3 37 69 0 6
P3276 2011 4 40 18 19 11 3 14 0 4 7 62 21 10 17 0 0 0 0 0 0 0 0 0 0 0 0 22 8 0 0 0 -999
P3276 2011 5 0 0 0 0 0 0 0 7 6 12 0 0 0 10 0 0 0 0 0 0 0 0 0 12 17 0 19 0 0 0 0
P3276 2011 6 0 0 0 0 0 0 0 0 0 0 0 0 0 0 0 0 0 0 0 0 0 0 0 33 38 33 0 0 0 0 -999
P3276 2011 7 0 0 0 0 15 15 17 0 0 0 0 0 0 0 0 0 0 0 0 0 0 0 0 0 0 0 0 0 0 0 0
P3276 2011 8 0 0 0 0 0 0 0 0 0 0 0 0 0 0 0 0 0 0 0 0 0 0 0 0 0 0 0 0 0 0 0
P3276 2011 9 0 0 0 0 0 0 0 0 0 0 0 0 0 0 0 0 0 0 0 0 0 0 0 0 0 0 0 0 0 0 -999
P3276 2011 10 0 0 0 0 0 0 14 17 12 0 0 0 0 0 0 0 0 0 138 15 6 66 151 0 6 5 0 0 4 92 71
P3276 2011 11 41 83 111 71 37 67 52 39 13 0 5 9 20 12 0 0 0 0 0 0 12 16 21 31 20 10 76 45 102 45 -999
P3276 2011 12 22 53 2 0 0 0 0 0 0 0 0 0 0 0 151 52 16 90 0 0 0 0 0 0 4 8 119 55 27 37 27
P3276 2012 1 19 28 62 45 120 47 0 0 0 0 0 24 18 81 63 0 41 180 81 98 32 72 20 48 0 0 17 5 2 0 0
P3276 2012 2 0 0 0 27 0 0 0 0 0 9 4 17 9 9 10 4 93 23 107 0 0 16 54 54 68 6 10 0 -999 -999 -999
P3276 2012 3 0 0 0 0 0 0 0 0 0 0 0 0 17 7 0 13 24 15 39 13 0 0 0 13 17 29 70 20 0 0 0
P3276 2012 4 0 0 0 0 0 0 0 0 0 0 0 0 0 0 0 0 0 0 0 0 0 0 0 0 0 0 21 0 0 0 -999
P3276 2012 5 0 0 0 0 0 0 0 0 0 108 100 18 105 81 56 17 0 27 23 24 28 5 55 56 34 38 38 33 58 46 15
P3276 2012 6 0 0 0 0 45 18 10 0 0 0 0 0 0 0 0 0 0 0 0 0 0 0 0 0 0 0 0 0 0 0 -999
P3276 2012 7 0 0 0 0 0 0 0 0 0 21 0 0 0 0 0 0 0 0 0 0 0 0 0 0 0 0 0 0 0 0 0
P3276 2012 8 0 0 0 0 0 0 0 0 0 0 0 0 0 0 0 0 0 0 0 0 0 0 0 0 0 0 0 0 0 0 0
P3276 2012 9 0 0 0 0 0 0 0 0 0 0 0 0 0 0 0 0 0 0 0 0 0 0 0 0 0 0 0 0 0 0 -999
P3276 2012 10 5 3 0 0 0 0 0 0 0 90 73 39 32 33 0 0 0 0 0 0 52 9 68 33 24 88 0 0 0 127 63
P3276 2012 11 24 0 0 7 12 14 36 0 0 8 5 6 47 25 0 0 0 0 0 0 0 0 0 0 0 0 2 0 0 0 -999
P3276 2012 12 61 32 11 18 32 19 0 0 0 0 0 0 0 0 0 3 0 63 64 113 13 58 134 56 15 0 0 0 0 0 0
P3276 2013 1 0 8 0 0 0 0 0 0 0 0 0 0 37 13 6 34 0 0 0 0 77 102 67 281 21 23 13 22 0 10 29
P3276 2013 2 11 54 29 39 67 122 148 83 51 25 0 0 0 27 35 39 140 6 18 26 0 31 76 15 27 71 77 70 -999 -999 -999
P3276 2013 3 56 43 38 0 0 0 0 0 0 8 24 28 13 110 57 58 6 56 10 5 6 0 13 0 0 0 0 0 0 0 0
P3276 2013 4 0 50 55 46 45 59 35 18 28 25 3 0 0 5 84 84 63 43 49 100 136 128 86 42 11 11 29 46 47 43 -999
P3276 2013 5 20 17 0 0 0 0 0 0 3 24 23 17 11 0 0 0 0 6 59 43 28 27 16 15 21 8 6 0 0 0 0
P3276 2013 6 0 0 0 0 0 0 0 0 0 0 0 0 0 0 0 0 0 0 16 27 0 0 0 0 0 0 0 0 0 0 -999
P3276 2013 7 0 0 0 0 0 0 0 0 0 0 0 0 0 0 0 0 0 0 0 0 0 0 0 0 0 0 0 0 0 0 0
P3276 2013 8 0 0 0 0 0 0 0 0 0 0 0 0 0 0 0 0 0 0 0 0 0 0 0 0 0 0 0 0 0 0 9
P3276 2013 9 0 0 0 0 0 0 0 0 0 0 0 0 0 0 0 0 0 0 0 0 0 0 0 0 0 0 0 0 0 0 -999
P3276 2013 10 0 0 0 0 28 13 8 0 33 40 88 17 35 53 23 54 15 36 25 0 0 5 48 35 10 0 0 0 0 0 0
P3276 2013 11 0 0 0 0 0 0 0 0 0 0 0 0 35 10 110 27 5 8 0 0 0 0 0 0 5 5 5 5 4 35 -999
P3276 2013 12 64 6 9 116 18 18 5 6 0 13 15 9 0 0 2 7 76 87 26 0 0 0 41 0 0 0 0 0 0 0 127
P3276 2014 1 204 374 48 13 0 0 12 17 69 31 53 5 5 0 0 0 0 3 0 38 77 52 68 84 187 377 32 20 20 51 65
P3276 2014 2 57 50 14 45 63 41 35 37 14 23 0 0 0 0 0 0 0 16 19 17 19 18 9 0 0 0 0 0 -999 -999 -999
P3276 2014 3 0 0 0 0 0 0 0 0 0 0 0 0 0 0 115 11 5 0 0 9 40 74 66 54 55 51 37 35 25 21 28
P3276 2014 4 42 0 0 0 0 0 0 5 21 86 29 8 35 0 0 0 0 0 0 0 0 0 0 0 0 0 0 19 23 33 -999
P3276 2014 5 17 7 0 0 0 23 8 23 13 0 0 38 22 10 31 11 25 137 23 0 0 0 0 0 0 0 0 0 0 27 32
P3276 2014 6 35 15 5 0 23 0 0 0 0 0 0 0 0 0 0 0 0 0 0 0 0 0 0 0 0 0 0 0 0 0 -999
P3276 2014 7 0 0 0 0 0 0 0 0 0 0 0 0 0 0 0 0 0 0 0 0 0 0 0 0 0 0 0 0 0 0 0
P3276 2014 8 0 0 0 0 0 0 0 0 0 0 0 0 0 0 0 0 0 0 0 0 0 0 0 0 0 0 0 0 0 0 0
P3276 2014 9 0 0 0 0 0 0 0 0 0 29 0 0 0 0 69 0 0 0 0 39 0 0 0 0 0 0 0 0 0 0 -999
P3276 2014 10 0 0 0 0 0 0 0 0 0 0 0 0 0 0 0 0 0 0 0 0 3 31 41 30 23 0 0 0 0 0 0
P3276 2014 11 0 5 24 17 6 12 25 0 0 0 0 4 36 0 0 0 0 6 12 77 94 6 5 7 3 12 59 20 17 56 -999
P3276 2014 12 22 0 0 0 0 0 0 0 0 0 0 10 44 43 138 51 62 117 15 65 139 119 21 246 29 5 53 2 0 0 0
P3276 2015 1 0 0 0 0 0 0 0 0 0 0 0 0 0 0 0 0 0 0 0 0 0 0 0 0 35 77 19 61 43 268 53
P3276 2015 2 11 99 0 0 18 0 0 0 110 25 28 68 60 37 109 140 70 129 95 49 66 58 183 0 0 0 4 5 -999 -999 -999
P3276 2015 3 3 0 47 62 69 36 26 0 0 0 25 45 50 27 30 39 6 40 96 63 25 49 63 70 81 0 0 0 0 4 23
P3276 2015 4 14 13 0 0 20 57 34 0 14 35 85 62 56 91 130 191 23 13 48 55 35 36 7 24 51 0 0 0 0 0 -999
P3276 2015 5 6 6 8 28 38 25 11 3 3 13 9 0 0 0 0 0 0 0 0 0 0 0 0 0 0 0 0 0 0 0 0
P3276 2015 6 0 0 0 52 57 39 27 0 0 0 0 0 0 0 0 0 0 0 0 0 0 0 0 0 0 0 73 0 23 0 -999
P3276 2015 7 0 0 0 0 0 0 0 0 0 0 0 0 0 0 0 0 0 0 0 0 0 0 0 0 0 0 0 0 0 0 0
P3276 2015 8 0 0 0 0 0 0 0 0 0 0 0 0 0 0 0 0 0 0 0 0 0 0 0 0 0 0 0 0 0 0 0
P3276 2015 9 0 0 0 0 0 0 0 0 0 0 0 0 0 0 0 0 34 79 40 0 0 0 18 0 8 29 11 0 0 0 -999
P3276 2015 10 0 0 0 0 0 0 0 0 0 85 19 46 13 10 0 30 23 131 231 41 46 0 16 0 0 11 7 8 0 0 0
P3276 2015 11 0 0 0 0 0 0 0 0 0 0 0 12 0 24 32 0 0 0 0 0 0 0 0 0 0 0 0 0 4 0 -999
P3276 2015 12 0 0 0 0 0 0 0 0 0 0 0 7 40 66 82 0 0 0 5 38 19 30 41 0 77 20 71 268 103 190 59
P3276 2016 1 57 25 0 22 20 233 275 247 52 19 129 130 107 73 60 36 15 18 0 105 28 29 0 0 7 9 14 41 90 71 37
P3276 2016 2 41 28 14 5 11 54 5 36 24 0 10 31 50 50 0 0 0 0 0 0 0 0 0 0 0 0 0 0 -999 -999 -999
P3276 2016 3 0 0 0 0 0 0 0 0 6 0 0 0 0 0 0 0 0 95 15 0 0 0 4 0 0 0 0 0 0 6 22
P3276 2016 4 11 0 3 14 97 63 32 39 70 19 15 6 53 9 0 0 8 9 65 20 13 0 7 39 20 0 6 37 6 27 -999
P3276 2016 5 55 40 22 14 15 0 14 0 23 0 0 0 0 0 0 0 0 0 0 0 0 0 25 0 12 6 0 0 0 0 0
P3276 2016 6 0 4 0 0 20 14 0 18 0 0 0 0 0 0 0 0 0 0 0 0 0 0 0 0 0 37 49 40 0 0 -999
P3276 2016 7 0 0 0 0 0 0 0 0 0 0 0 0 0 0 0 0 0 0 0 0 0 0 0 0 0 0 0 0 0 0 0
P3276 2016 8 0 0 0 0 0 0 0 0 0 0 0 0 0 0 0 0 0 0 0 0 0 0 0 0 0 0 0 0 0 0 0
P3276 2016 9 0 0 0 0 0 0 0 0 0 0 0 0 0 0 0 0 0 0 0 0 0 0 0 0 0 0 0 0 18 0 -999
P3276 2016 10 0 0 0 0 0 0 0 4 5 0 0 0 0 0 16 13 49 19 42 0 38 13 19 6 78 69 34 194 32 0 29
P3276 2016 11 0 0 0 7 77 33 242 75 57 14 276 345 378 129 7 181 0 0 0 9 17 0 16 42 348 128 107 5 6 4 -999
P3276 2016 12 0 0 0 0 0 0 0 0 0 0 0 0 19 5 9 0 0 1 5 0 0 0 0 0 0 0 0 0 8 33 11
P3276 2017 1 12 3 120 19 36 17 80 156 79 298 6 21 29 0 45 19 0 0 0 1 27 3 0 0 5 41 18 174 20 0 0
P3276 2017 2 0 5 22 11 6 17 2 5 4 19 11 13 8 43 60 19 16 19 90 175 153 98 78 31 27 15 90 107 -999 -999 -999
P3276 2017 3 63 63 46 39 113 94 20 19 75 79 84 90 73 39 28 33 59 72 97 22 25 373 200 80 44 26 66 43 16 45 99
P3276 2017 4 98 90 45 11 4 9 73 78 20 45 143 99 55 21 60 31 34 32 12 12 18 41 23 15 16 65 29 14 45 16 -999
P3276 2017 5 11 62 27 9 10 12 31 16 0 49 9 0 0 4 24 0 0 0 0 0 0 18 43 67 22 0 0 0 0 0 0
P3276 2017 6 0 0 0 0 0 11 9 21 20 0 0 0 0 64 43 0 0 0 0 0 0 0 0 0 0 0 0 0 0 0 -999
P3276 2017 7 0 0 0 0 0 0 0 0 0 0 0 0 0 0 0 0 0 0 0 0 0 0 18 16 0 0 0 0 0 0 0
P3276 2017 8 0 0 0 0 0 0 0 0 0 19 11 0 0 0 0 0 0 0 0 0 0 0 0 0 0 0 0 0 0 0 99
P3276 2017 9 57 0 0 0 0 40 11 35 0 0 0 0 0 0 0 0 0 0 0 0 0 0 0 0 0 8 5 12 6 58 -999
P3276 2017 10 19 24 22 18 61 63 17 20 24 0 0 0 0 0 0 0 0 0 0 0 0 0 23 8 6 33 9 4 2 0 0
P3276 2017 11 3 14 0 0 24 12 0 37 20 4 45 12 0 0 7 0 0 61 42 0 0 0 44 20 136 52 0 0 0 0 -999
P3276 2017 12 0 14 0 0 0 0 0 0 0 0 16 128 198 97 33 142 106 106 0 44 65 188 87 0 0 0 41 61 307 156 240
P3276 2018 1 0 0 0 0 0 0 0 0 0 0 0 0 0 0 0 0 3 6 0 0 0 0 3 5 9 69 14 18 28 52 52
P3276 2018 2 16 29 98 45 68 47 13 26 9 4 5 27 98 59 23 0 0 2 3 2 0 4 2 2 2 2 21 38 -999 -999 -999
P3276 2018 3 28 25 23 31 25 37 25 11 5 3 14 44 15 5 0 0 2 1 6 32 59 190 96 282 110 205 89 158 75 228 33
P3276 2018 4 99 292 81 96 19 21 0 0 0 0 21 19 63 49 15 57 26 12 13 0 0 0 0 0 8 21 15 19 51 67 -999
P3276 2018 5 69 57 75 90 20 0 0 0 0 0 0 0 0 19 20 5 17 68 53 41 27 10 12 2 0 0 0 7 0 0 0
P3276 2018 6 0 0 0 0 0 0 8 7 0 0 0 0 0 0 0 0 0 0 0 0 0 0 0 0 0 0 0 0 0 0 -999
P3276 2018 7 0 0 0 0 0 0 0 0 0 0 0 0 0 0 0 0 0 0 0 0 0 0 0 0 0 0 0 0 0 0 0
P3276 2018 8 0 0 0 0 0 0 0 0 0 0 0 0 0 0 0 0 0 0 0 0 0 0 0 0 0 0 0 0 0 0 0
P3276 2018 9 0 0 0 0 0 54 35 0 0 0 0 0 0 0 0 0 0 0 0 0 0 10 51 0 0 0 0 0 0 0 -999
P3276 2018 10 0 0 0 0 3 0 0 0 0 0 0 0 0 0 56 0 0 0 4 8 54 61 69 103 93 60 48 29 0 21 39
P3276 2018 11 12 4 4 4 4 0 0 0 12 24 0 0 0 0 0 0 13 0 0 0 0 10 35 6 12 22 103 220 87 0 -999
P3276 2018 12 0 5 0 0 0 0 0 0 0 5 4 0 0 2 0 0 0 0 0 0 0 0 5 12 47 206 99 8 0 0 0
P3276 2019 1 0 0 0 24 18 56 73 62 33 29 48 36 74 23 7 3 0 0 0 2 0 0 0 0 8 3 0 0 1 1 6
P3276 2019 2 0 0 3 22 3 5 9 14 6 16 23 30 29 21 194 29 31 0 0 0 0 11 30 92 85 31 4 12 -999 -999 -999
P3276 2019 3 79 94 87 95 44 253 39 5 12 10 7 4 12 3 0 0 0 0 0 0 0 0 10 15 25 40 70 70 74 80 29
P3276 2019 4 10 2 0 0 0 0 0 0 0 0 0 11 9 0 0 0 0 0 0 0 0 0 0 0 0 0 5 50 14 12 -999
P3276 2019 5 20 2 5 0 0 0 0 11 27 30 0 0 59 15 0 0 0 0 0 0 0 0 0 0 5 0 0 0 11 33 25
P3276 2019 6 0 0 0 0 0 0 0 0 0 0 0 34 34 25 0 0 0 0 0 0 0 0 0 0 0 56 49 0 0 0 -999
P3276 2019 7 0 0 30 0 0 0 0 0 0 0 0 0 0 0 0 0 0 0 0 0 0 0 0 0 0 0 0 0 0 0 0
P3276 2019 8 0 0 0 0 0 0 0 0 0 0 0 0 0 0 0 0 0 0 31 0 0 0 0 0 0 0 0 0 15 0 0
P3276 2019 9 17 0 0 0 0 0 0 0 9 18 54 53 54 0 0 0 4 24 0 0 16 21 51 0 0 0 0 0 0 0 -999
P3276 2019 10 0 0 37 50 38 40 51 19 27 13 0 0 0 0 0 0 4 4 0 0 5 6 0 0 0 0 0 0 0 0 0
P3276 2019 11 0 60 0 0 77 145 171 60 0 0 0 0 0 9 19 0 0 0 0 0 0 0 0 0 0 167 4 29 49 24 -999
P3276 2019 12 0 0 0 0 2 0 0 0 0 0 0 0 0 44 163 56 83 154 55 73 80 59 163 481 512 143 45 0 0 0 0
P3276 2020 1 0 73 102 143 47 55 62 4 0 0 3 5 0 0 0 0 0 0 0 0 0 8 16 15 11 0 0 6 10 17 17
P3276 2020 2 53 130 207 439 32 19 15 0 7 41 0 0 0 17 33 74 100 99 72 59 35 22 56 64 22 13 24 0 -999 -999 -999
P3276 2020 3 0 0 0 0 0 0 0 0 0 0 0 0 4 7 7 65 65 54 22 13 3 7 68 127 191 101 190 39 75 41 0
P3276 2020 4 43 0 0 0 0 0 0 31 68 39 43 73 57 26 14 1 0 0 0 0 7 34 51 67 76 54 10 0 28 61 -999
P3276 2020 5 104 117 70 41 31 15 15 14 0 0 14 21 0 0 0 0 0 0 34 52 49 10 6 33 22 28 75 102 45 27 19
P3276 2020 6 6 5 9 0 0 19 45 35 16 0 0 0 0 0 0 0 0 0 0 0 0 0 0 0 0 0 0 0 0 0 -999
P3276 2020 7 0 0 0 0 0 0 0 0 0 0 0 0 0 0 0 0 0 0 0 0 0 0 0 0 0 0 0 0 0 0 0
P3276 2020 8 0 0 0 0 0 0 0 0 0 0 0 0 0 0 0 0 0 0 0 0 0 0 0 0 0 0 0 0 0 0 0
P3276 2020 9 0 0 0 0 0 0 0 0 0 0 0 0 0 0 55 62 0 0 43 35 0 0 0 0 0 0 0 0 0 0 -999
P3276 2020 10 8 0 29 34 11 7 0 0 0 0 5 4 4 5 0 0 0 0 0 0 0 0 51 43 37 18 93 71 32 9 0
P3276 2020 11 5 7 0 10 8 6 5 0 0 3 0 0 3 11 0 0 23 31 82 500 226 18 0 0 0 0 0 0 0 2 -999
P3276 2020 12 0 0 3 0 7 2 24 0 0 10 22 0 52 8 0 0 0 71 18 7 28 343 394 103 0 38 0 0 0 0 0
P3276 2021 1 0 11 10 13 63 0 0 0 0 0 6 35 41 54 13 8 19 11 10 18 55 60 43 222 211 300 368 229 165 183 119
P3276 2021 2 29 120 218 228 273 118 70 53 7 8 16 10 18 25 12 7 9 6 0 0 0 0 0 5 13 18 21 68 -999 -999 -999
P3276 2021 3 36 12 54 27 44 94 63 83 95 37 21 30 535 43 369 147 69 136 185 80 151 19 65 169 0 0 17 11 50 42 51
P3276 2021 4 37 73 4 25 36 0 0 0 23 72 13 0 0 9 0 17 46 23 16 13 13 16 18 30 119 118 85 30 15 22 -999
P3276 2021 5 10 0 0 11 0 13 18 17 35 32 22 7 11 0 0 0 0 0 0 9 0 0 0 0 0 3 36 24 17 28 17
P3276 2021 6 27 52 16 13 0 0 28 77 12 16 32 12 18 24 39 0 0 0 0 0 0 0 0 0 0 0 0 0 0 0 -999
P3276 2021 7 0 0 0 0 0 0 0 0 0 0 0 0 0 0 0 0 0 0 0 0 0 0 0 0 0 0 0 0 0 32 0
P3276 2021 8 0 0 0 0 0 0 0 0 49 27 19 0 0 0 0 0 0 0 0 0 0 0 0 0 0 0 0 0 0 0 0
P3276 2021 9 0 0 0 0 0 0 0 0 0 0 0 0 7 57 45 30 0 0 0 0 0 0 0 0 8 67 0 24 26 61 -999
P3276 2021 10 45 44 62 44 0 0 7 10 44 0 0 0 34 12 31 11 0 0 4 13 36 26 0 0 41 30 17 3 2 8 56
P3276 2021 11 103 32 0 28 5 8 7 51 11 0 0 0 0 0 0 0 0 0 0 86 85 0 0 14 0 0 0 0 0 2 -999
P3276 2021 12 0 0 0 0 0 0 0 9 0 0 0 0 27 18 11 82 256 143 194 40 223 17 140 52 127 9 59 123 103 178 22
P3276 2022 1 5 0 0 0 0 0 0 0 0 0 0 3 16 13 22 8 0 8 0 60 17 7 3 13 0 0 0 0 0 0 0
P3276 2022 2 0 20 9 0 0 0 0 0 14 60 48 0 0 0 6 33 7 0 0 0 11 39 11 33 19 39 55 240 -999 -999 -999
P3276 2022 3 122 103 0 58 70 196 0 0 0 3 0 0 0 0 14 7 0 0 0 20 4 14 17 20 9 14 7 0 0 10 2
P3276 2022 4 3 26 105 70 28 76 46 17 23 0 0 6 89 23 0 0 87 85 88 108 89 106 64 70 15 19 15 0 0 0 -999
P3276 2022 5 0 0 0 0 0 0 0 0 0 0 0 0 0 0 0 0 0 0 0 0 6 5 0 0 0 0 0 0 0 47 0
P3276 2022 6 0 0 0 0 0 0 0 0 21 0 0 0 0 0 0 0 0 0 0 0 0 0 0 0 0 0 0 0 0 0 -999
P3276 2022 7 0 0 0 0 0 0 0 0 0 0 0 0 0 0 0 0 0 0 0 0 0 0 0 0 0 0 0 0 0 0 0
P3276 2022 8 0 0 0 0 0 0 0 0 0 0 0 0 0 0 0 0 0 0 0 0 0 0 0 0 0 0 0 0 0 0 0
P3276 2022 9 0 0 0 0 0 0 0 0 0 0 0 0 0 0 0 0 0 0 0 0 0 35 21 48 29 12 0 48 0 0 -999
P3276 2022 10 0 0 0 0 18 0 0 0 0 0 0 0 67 0 15 0 0 0 0 45 63 36 0 0 0 0 24 40 0 0 0
P3276 2022 11 8 22 28 19 7 0 0 0 0 0 0 0 58 63 54 15 26 54 46 32 171 118 194 147 19 0 0 0 0 0 -999
P3276 2022 12 11 11 45 54 0 154 163 296 61 0 0 20 0 0 0 0 39 41 53 92 81 96 105 170 103 475 234 184 120 9 9
P3276 2023 1 13 26 31 28 92 89 83 48 106 18 49 49 29 38 21 16 3 4 7 20 11 12 25 24 15 2 0 0 0 0 0
P3276 2023 2 0 4 16 5 2 0 0 0 0 0 0 11 2 5 42 70 27 62 9 149 34 0 0 0 0 0 9 0 -999 -999 -999
P3276 2023 3 0 0 25 8 0 0 0 0 0 0 0 0 0 0 11 47 354 191 12 20 31 82 50 0 0 5 3 2 6 5 3
P3276 2023 4 0 0 0 0 0 0 7 8 8 12 19 8 0 3 39 69 56 48 0 0 23 39 32 23 21 0 0 0 0 0 -999
P3276 2023 5 15 76 66 89 87 26 40 30 89 38 8 7 5 4 21 29 28 12 17 6 12 38 10 11 10 0 0 0 31 14 11
P3276 2023 6 0 0 0 0 0 4 0 0 0 0 0 15 0 22 33 22 14 10 13 0 0 0 0 0 0 0 0 0 0 0 -999
P3276 2023 7 0 0 0 0 0 0 0 0 0 0 0 0 0 0 0 0 0 64 75 36 0 0 0 28 0 0 0 0 0 0 0
P3276 2023 8 0 0 0 0 0 0 0 0 0 0 0 0 0 0 0 0 0 0 0 0 0 0 0 0 0 0 0 0 0 0 0
P3276 2023 9 0 0 0 0 0 0 0 0 0 0 0 0 0 0 0 0 28 17 0 0 0 0 0 0 0 0 0 0 0 26 -999
P3276 2023 10 48 74 24 0 0 0 0 0 0 17 7 0 0 57 13 7 8 55 28 42 19 0 0 0 0 0 0 4 9 20 17
P3276 2023 11 24 0 0 0 0 0 0 0 6 8 60 54 57 0 0 0 0 0 0 0 0 0 0 0 0 0 0 14 0 0 -999
P3276 2023 12 0 4 11 69 10 0 0 0 0 0 0 0 0 0 3 4 10 48 93 148 68 183 52 165 13 0 0 0 0 0 16
P3276 2024 1 5 0 0 0 0 0 0 0 0 0 0 0 0 0 0 0 6 45 97 165 103 120 128 65 11 8 10 120 4 64 42
P3276 2024 2 0 46 0 43 30 79 7 8 104 97 46 261 103 0 0 0 0 0 0 0 0 0 4 0 0 0 0 0 -999 -999 -999
P3276 2024 3 0 0 0 0 0 5 3 12 3 3 31 50 14 33 21 9 33 39 50 51 21 12 0 0 2 1 2 2 2 4 28
P3276 2024 4 38 34 21 23 89 74 197 86 72 132 190 0 0 0 0 0 3 0 0 0 26 94 27 0 0 0 0 0 0 5 -999
P3276 2024 5 9 5 17 18 21 22 28 9 5 0 0 11 23 19 17 10 8 22 0 0 0 0 0 17 26 0 19 42 21 0 0
P3276 2024 6 0 0 0 0 0 0 0 0 0 0 0 9 0 0 0 0 0 0 0 0 0 0 0 0 0 0 0 0 0 0 -999
P3276 2024 7 0 0 0 0 0 0 0 0 0 0 0 0 0 0 0 0 0 0 0 0 0 0 0 0 0 0 0 0 0 0 0
P3276 2024 8 0 0 0 0 0 0 0 0 0 0 0 0 0 0 0 0 0 0 0 0 0 0 0 0 0 0 0 0 0 0 0
P3276 2024 9 0 0 0 0 0 0 0 0 0 0 0 0 0 0 0 0 0 10 52 48 72 57 45 30 0 0 32 8 6 9 -999
P3276 2024 10 15 63 92 18 45 51 21 0 0 0 0 0 0 0 0 0 0 0 0 0 3 0 0 0 0 0 0 0 26 70 32
P3276 2024 11 22 59 249 50 22 23 0 0 0 0 70 37 51 56 113 99 8 5 7 0 0 0 0 0 0 0 0 21 25 60 -999
P3276 2024 12 75 71 65 42 10 46 30 32 10 41 90 36 21 22 0 0 0 3 4 2 4 12 80 69 0 0 2 3 0 0 4
P3276 2025 1 7 0 0 23 130 129 65 56 52 90 31 0 0 24 14 0 0 98 9 0 0 0 0 0 0 0 1 14 35 66 8
P3276 2025 2 9 31 32 0 41 56 63 44 96 9 60 60 7 0 16 5 5 0 4 0 0 0 0 0 6 0 0 0 -999 -999 -999
P3276 2025 3 0 6 19 12 0 0 4 29 43 8 10 0 0 0 0 0 0 0 0 0 0 0 0 0 0 0 0 6 0 0 0
P3276 2025 4 0 0 0 0 8 0 0 0 0 7 2 6 0 0 37 0 0 53 0 0 0 0 0 0 0 0 0 0 4 0 -999
P3276 2025 5 0 0 16 11 0 0 0 0 0 0 0 0 16 31 17 7 7 12 24 0 0 14 14 16 9 10 12 22 56 0 0
P3276 2025 6 0 0 0 0 0 0 0 0 0 0 0 0 0 0 0 0 0 0 0 0 0 0 0 0 0 0 0 0 0 0 -999
P3276 2025 7 0 0 0 0 0 0 0 0 0 0 0 0 0 0 0 0 0 0 0 0 0 0 0 0 0 0 0 0 0 0 0
P3276 2025 8 0 10 35 19 0 0 0 0 0 0 0 0 0 0 0 0 0 0 0 0 0 0 0 0 0 0 0 0 0 0 0
P3276 2025 9 0 0 0 0 0 0 0 0 0 0 0 21 0 0 0 0 0 35 27 0 0 0 5 0 0 0 0 32 0 0 -999
P3276 2025 10 0 0 0 0 0 0 0 0 0 0 0 0 0 0 0 0 53 94 62 42 96 91 53 0 0 0 0 0 14 172 67
P3276 2025 11 130 39 17 89 167 47 46 13 45 83 45 0 2 57 169 45 14 0 0 0 0 0 0 0 0 0 0 0 0 0 -999
P3276 2025 12 0 0 0 0 0 0 21 0 26 0 101 29 89 0 29 130 5 10 25 4 45 182 41 81 37 50 6 15 17 56 40
P3276 2026 1 12 12 0 0 0 0 0 0 0 0 0 0 0 0 0 0 5 48 129 69 113 8 31 1 0 0 0 0 0 0 0
P3276 2026 2 0 0 0 0 0 0 0 0 0 0 0 0 27 45 0 80 21 9 13 0 0 3 5 11 48 4 0 3 -999 -999 -999
P3276 2026 3 3 3 2 6 6 10 9 14 4 5 0 0 0 8 16 0 0 0 0 0 0 0 128 112 127 143 85 56 77 41 62
P3276 2026 4 0 38 6 19 0 53 48 5 25 10 98 0 27 7 0 0 0 0 2 0 3 0 0 0 0 0 0 0 16 55 -999
P3276 2026 5 14 11 19 0 0 0 0 0 10 22 22 22 33 36 5 0 0 0 0 0 0 0 0 0 0 0 0 0 0 0 0
P3276 2026 6 0 0 0 0 0 0 0 0 0 0 0 0 0 0 0 0 0 0 0 0 0 0 0 0 0 0 0 0 0 0 -999
P3276 2026 7 0 0 0 0 0 0 0 0 0 0 0 0 0 0 0 0 0 0 0 0 0 0 0 0 0 0 0 0 0 0 0
P3276 2026 8 0 0 0 0 0 0 0 0 0 0 0 0 0 0 0 0 0 0 0 0 0 0 0 0 0 0 0 0 0 0 14
P3276 2026 9 16 22 23 23 0 0 0 0 0 0 0 0 0 0 0 0 0 0 0 7 10 39 0 0 0 0 0 0 0 0 -999
P3276 2026 10 5 5 35 38 31 0 0 5 0 0 0 0 0 0 0 0 0 3 0 0 23 0 0 0 0 0 0 4 20 56 167
P3276 2026 11 77 81 18 122 68 95 4 90 157 31 41 56 5 25 158 35 5 3 0 0 3 0 0 0 0 0 0 0 0 0 -999
P3276 2026 12 0 3 9 0 0 0 0 0 0 0 0 0 0 6 106 95 39 220 187 83 27 135 102 41 8 0 0 8 0 0 0
P3276 2027 1 0 0 0 22 26 241 360 48 17 21 320 35 5 4 14 42 43 15 41 30 61 63 19 0 3 220 158 260 140 16 0
P3276 2027 2 2 0 0 0 0 0 0 0 0 0 48 5 0 0 2 3 6 9 25 8 8 9 79 29 0 30 19 0 -999 -999 -999
P3276 2027 3 0 42 63 16 9 18 11 9 5 0 0 0 0 0 0 0 3 6 8 54 80 69 55 37 20 18 16 10 0 0 0
P3276 2027 4 0 0 0 7 6 0 0 0 0 0 0 0 16 16 15 9 0 13 17 0 0 0 0 0 0 0 0 0 0 0 -999
P3276 2027 5 0 23 19 40 32 34 33 15 12 29 60 14 17 16 0 0 0 0 0 0 31 43 0 0 0 0 0 0 0 0 0
P3276 2027 6 0 0 0 28 31 14 0 0 0 0 0 0 0 0 0 0 0 0 0 0 0 0 0 0 0 0 0 6 0 0 -999
P3276 2027 7 0 0 0 0 0 0 0 0 0 0 0 0 0 0 0 0 0 0 0 0 0 0 0 0 0 0 0 0 0 0 0
P3276 2027 8 0 0 0 0 0 0 0 0 0 0 0 0 0 0 56 0 0 0 0 0 0 0 0 0 0 0 0 0 0 0 0
P3276 2027 9 0 0 0 0 0 0 0 0 0 0 0 0 7 0 0 0 0 0 0 0 0 0 0 0 0 36 7 0 0 0 -999
P3276 2027 10 8 0 0 0 0 0 9 0 0 0 0 0 0 7 0 3 19 17 0 0 0 6 19 42 33 0 0 0 0 0 0
P3276 2027 11 0 0 0 16 25 0 0 0 0 61 48 5 0 0 0 0 0 0 0 0 4 14 12 9 15 33 30 14 0 0 -999
P3276 2027 12 6 0 0 0 4 0 0 0 0 0 0 0 11 16 17 37 41 72 0 0 0 0 0 0 0 9 0 0 0 0 0
P3276 2028 1 0 0 0 0 0 0 0 0 0 0 0 9 14 0 0 2 28 64 22 1 0 0 4 29 46 3 4 28 0 0 10
P3276 2028 2 20 58 78 34 43 41 11 6 5 5 10 100 40 237 33 20 75 69 64 24 0 26 6 0 0 0 0 0 -999 -999 -999
P3276 2028 3 0 3 3 3 15 0 0 0 0 0 48 37 22 91 13 0 0 0 0 0 0 0 0 0 21 97 115 0 0 0 0
P3276 2028 4 0 0 0 0 0 0 0 0 0 27 13 0 0 0 2 0 5 6 51 64 14 0 0 0 0 0 0 0 0 0 -999
P3276 2028 5 0 0 0 0 0 0 36 29 51 21 12 26 0 0 6 7 0 0 0 9 0 0 0 21 7 0 0 30 10 0 0
P3276 2028 6 9 17 32 21 33 52 78 11 5 0 0 0 0 0 0 0 0 0 0 0 0 0 0 0 0 0 0 62 74 51 -999
P3276 2028 7 36 0 0 0 0 0 0 0 0 0 0 16 17 0 0 0 0 0 0 0 0 0 0 0 0 0 0 0 0 0 0
P3276 2028 8 0 0 0 0 0 0 0 0 0 0 0 0 0 0 0 0 0 0 0 0 0 0 0 0 0 0 0 0 0 0 0
P3276 2028 9 0 0 0 0 0 0 0 0 0 0 0 0 0 0 0 0 0 0 0 0 0 0 44 0 0 28 10 8 64 0 -999
P3276 2028 10 0 0 0 0 0 0 0 0 0 21 10 0 0 0 0 0 0 18 29 3 0 0 0 0 0 0 0 0 0 0 0
P3276 2028 11 0 0 0 4 14 62 12 0 0 0 0 5 4 5 0 0 0 82 17 53 215 117 0 0 0 0 7 102 52 30 -999
P3276 2028 12 0 0 0 0 9 0 0 0 0 0 0 0 20 40 54 65 82 74 53 74 142 124 94 123 46 89 144 74 54 116 8
P3276 2029 1 0 0 27 94 16 0 2 11 26 25 31 83 49 63 0 110 26 4 2 14 7 5 0 0 0 0 0 6 29 17 34
P3276 2029 2 228 133 158 177 137 23 0 0 0 5 25 0 0 19 0 0 0 0 0 0 0 0 0 0 0 0 7 5 -999 -999 -999
P3276 2029 3 4 5 4 43 40 58 36 19 54 20 32 0 0 65 0 0 0 0 0 99 29 12 4 4 0 0 0 0 0 0 7
P3276 2029 4 5 32 27 16 11 15 5 0 0 0 0 0 0 7 26 41 0 65 0 0 0 0 0 0 0 0 8 23 83 99 -999
P3276 2029 5 66 11 20 36 86 59 41 52 34 17 28 0 0 0 0 0 0 0 0 0 3 0 0 21 4 0 0 0 0 9 10
P3276 2029 6 14 126 125 88 0 0 0 0 0 0 0 0 0 0 0 0 0 0 0 0 0 0 0 0 0 0 0 0 0 0 -999
P3276 2029 7 0 0 0 0 0 0 0 0 0 0 0 0 0 0 0 0 0 0 0 0 0 0 0 0 0 0 0 0 0 0 0
P3276 2029 8 0 0 0 0 0 0 0 0 0 0 0 0 0 0 0 0 0 0 0 0 0 0 0 0 0 0 0 0 0 0 0
P3276 2029 9 0 0 0 0 0 0 0 0 0 0 0 0 0 0 0 0 0 0 0 0 0 23 24 19 42 69 58 27 18 27 -999
P3276 2029 10 0 0 0 0 0 0 0 0 0 0 0 0 0 0 0 0 0 58 0 0 0 0 0 0 0 47 31 6 28 103 15
P3276 2029 11 0 0 0 0 0 0 0 0 0 0 0 0 0 0 0 0 5 41 0 0 3 0 5 141 7 0 0 0 61 0 -999
P3276 2029 12 0 0 6 132 266 30 78 77 37 7 35 0 0 29 0 0 49 6 3 0 32 355 81 31 64 13 52 165 89 37 0
P3276 2030 1 0 0 0 3 4 7 5 33 5 55 41 19 4 6 18 174 35 0 0 0 12 8 2 6 11 16 32 15 5 3 0
P3276 2030 2 3 8 28 27 77 48 6 35 2 0 0 0 0 0 2 9 30 5 6 0 0 45 11 0 8 5 0 11 -999 -999 -999
P3276 2030 3 4 0 0 0 0 0 0 0 0 0 0 0 0 0 0 0 4 7 25 16 12 18 31 74 119 104 32 52 138 54 100
P3276 2030 4 321 62 36 3 1 0 0 14 31 42 6 41 28 54 52 23 20 57 32 44 16 17 0 24 42 76 73 0 45 52 -999
P3276 2030 5 0 0 0 0 0 0 0 0 0 24 19 16 13 24 75 73 19 28 0 0 0 0 0 0 7 0 0 0 0 0 0
P3276 2030 6 0 0 0 0 0 0 0 0 0 0 0 0 0 0 46 46 27 46 15 9 0 0 16 11 0 0 0 0 0 0 -999
P3276 2030 7 0 0 0 0 0 0 0 0 0 0 0 0 0 0 0 0 0 0 0 0 0 0 0 0 0 0 0 0 0 0 0
P3276 2030 8 0 0 0 0 0 0 0 0 0 0 0 0 0 0 0 0 0 0 0 0 0 0 0 0 0 0 0 0 41 0 0
P3276 2030 9 0 0 0 0 0 0 0 0 0 0 0 0 0 0 0 67 127 51 0 0 31 30 34 15 0 18 19 24 21 48 -999
P3276 2030 10 0 0 0 0 0 0 0 10 56 68 23 42 40 18 39 0 0 8 13 102 70 80 34 40 14 0 0 0 49 42 35
P3276 2030 11 25 47 53 28 40 37 142 99 55 115 49 40 33 60 108 28 101 44 32 17 17 60 108 97 121 40 8 50 56 24 -999
P3276 2030 12 0 0 0 0 47 100 15 0 0 26 45 33 0 0 0 0 0 0 0 0 0 0 0 0 0 8 14 92 33 48 26
P3276 2031 1 108 0 0 19 53 36 19 144 178 123 43 164 130 74 124 25 2 0 14 0 0 0 0 0 0 0 0 0 0 0 24
P3276 2031 2 21 26 13 7 6 38 21 12 26 23 11 18 31 7 2 0 4 8 5 15 6 5 7 45 12 5 6 4 -999 -999 -999
P3276 2031 3 10 11 15 106 154 73 13 54 214 90 22 178 394 19 23 44 27 0 0 9 4 0 0 0 0 0 0 0 0 17 34
P3276 2031 4 21 12 12 4 14 27 18 19 30 49 16 21 74 33 4 0 0 0 0 0 0 0 0 0 0 0 0 0 0 0 -999
P3276 2031 5 0 19 13 11 18 14 6 0 0 15 11 28 0 0 34 51 47 29 21 26 0 0 0 0 0 5 7 6 0 0 0
P3276 2031 6 0 0 0 0 0 0 11 36 13 0 0 0 0 0 0 0 0 0 0 0 0 0 0 0 0 0 0 0 0 0 -999
P3276 2031 7 0 0 0 0 0 0 0 0 0 0 0 77 73 47 31 17 0 0 0 0 0 0 0 0 29 0 0 0 0 0 0
P3276 2031 8 0 0 0 0 0 0 0 0 0 0 0 24 0 0 0 0 0 0 0 0 0 0 0 0 0 0 0 0 0 0 0
P3276 2031 9 0 0 0 0 0 0 0 0 0 0 36 24 0 0 0 0 4 0 39 0 0 37 62 53 36 20 29 19 0 0 -999
P3276 2031 10 0 0 0 0 0 0 0 28 39 32 0 0 60 0 0 44 23 24 36 36 41 54 0 0 6 0 0 4 0 0 7
P3276 2031 11 0 0 52 109 42 36 43 36 0 0 6 6 54 85 94 211 26 53 106 20 125 108 50 33 241 157 63 91 35 25 -999
P3276 2031 12 62 117 159 110 181 44 298 72 25 11 0 0 0 0 36 0 0 0 0 0 55 125 47 58 39 51 11 135 59 75 0
P3276 2032 1 0 0 36 313 215 148 191 163 43 3 2 90 13 47 60 14 0 0 0 12 0 0 0 0 0 32 83 22 72 299 67
P3276 2032 2 8 13 15 39 10 28 44 0 0 3 23 67 14 0 0 3 2 4 0 0 0 3 9 2 2 2 3 10 -999 -999 -999
P3276 2032 3 36 0 0 4 0 0 0 0 0 0 0 0 0 2 4 0 0 0 0 0 0 0 0 0 0 0 0 0 6 18 11
P3276 2032 4 51 46 36 35 53 43 91 94 108 40 20 0 0 6 33 28 44 9 0 13 0 0 17 71 70 12 0 0 0 0 -999
P3276 2032 5 0 0 5 4 3 0 0 0 0 0 0 49 26 15 22 25 13 9 9 16 0 0 0 0 11 5 8 16 28 15 47
P3276 2032 6 0 0 0 0 0 0 0 22 32 47 0 0 0 0 0 66 58 0 0 0 0 0 0 0 0 0 0 0 0 0 -999
P3276 2032 7 0 0 0 38 0 0 0 0 0 0 0 0 0 0 0 0 0 0 0 0 0 0 0 0 0 0 0 0 0 0 0
P3276 2032 8 0 0 0 0 0 0 0 0 0 0 0 0 0 0 0 0 0 0 0 0 0 0 0 0 0 0 0 0 0 0 0
P3276 2032 9 0 0 0 0 0 0 0 0 0 0 68 30 0 36 0 40 56 28 23 26 0 0 0 0 0 0 0 0 0 0 -999
P3276 2032 10 39 49 64 62 0 0 0 32 25 0 0 19 0 10 56 28 31 0 0 12 5 5 82 39 0 0 0 29 107 7 55
P3276 2032 11 0 62 90 78 62 0 0 0 0 0 0 0 0 0 0 7 3 0 0 8 0 0 27 19 41 27 135 86 62 212 -999
P3276 2032 12 81 44 114 24 0 0 3 0 0 0 0 0 0 0 0 0 0 0 0 26 0 0 0 12 3 4 3 0 0 0 0
P3276 2033 1 0 17 133 94 105 156 151 191 384 464 110 11 181 4 24 111 24 9 10 3 0 0 4 3 4 6 68 58 13 28 5
P3276 2033 2 0 0 0 0 15 7 35 10 46 10 104 91 81 0 0 0 0 2 6 0 0 0 0 87 10 0 0 0 -999 -999 -999
P3276 2033 3 0 0 0 0 0 0 36 0 0 0 51 43 53 32 59 51 62 100 0 2 11 4 32 0 0 0 2 54 8 7 10
P3276 2033 4 0 0 0 48 101 121 119 96 68 58 65 58 69 77 43 126 172 105 112 70 12 19 16 27 212 21 25 19 25 7 -999
P3276 2033 5 17 0 27 7 0 0 0 0 0 0 0 7 8 47 36 17 38 37 25 47 48 30 0 0 0 0 0 0 0 0 0
P3276 2033 6 0 0 0 0 0 0 0 0 0 0 0 10 0 0 0 0 0 0 0 0 0 0 0 0 0 0 0 0 0 0 -999
P3276 2033 7 0 0 67 34 0 0 0 0 0 0 0 0 0 0 0 0 0 0 0 0 0 0 0 0 0 0 0 0 0 0 0
P3276 2033 8 0 0 0 0 0 0 0 0 0 0 0 0 0 0 0 0 0 0 0 0 0 0 0 0 0 0 0 0 0 40 0
P3276 2033 9 26 16 0 0 0 0 0 30 0 0 0 0 0 38 55 0 0 0 0 0 0 0 0 0 0 0 0 0 0 28 -999
P3276 2033 10 25 12 0 38 103 88 97 77 40 80 113 82 48 19 0 0 0 0 0 0 0 0 0 0 11 6 0 9 8 0 0
P3276 2033 11 32 41 73 96 21 12 0 0 0 0 25 0 0 0 0 0 27 9 9 0 0 0 0 0 0 0 0 0 0 0 -999
P3276 2033 12 13 4 3 2 0 0 0 12 11 0 23 23 0 0 0 0 0 0 0 0 0 0 0 0 0 0 0 0 1 0 0
P3276 2034 1 0 0 38 0 0 18 62 38 62 0 155 67 305 419 324 98 74 0 0 0 0 0 0 0 0 0 0 0 0 0 0
P3276 2034 2 0 0 0 0 0 1 3 0 0 6 1 3 8 9 54 26 39 78 111 39 0 0 0 0 0 0 5 9 -999 -999 -999
P3276 2034 3 6 5 8 38 51 41 25 0 0 0 0 0 10 13 19 13 8 8 6 0 0 1 4 86 94 117 0 0 0 0 0
P3276 2034 4 0 0 0 3 3 0 0 0 0 0 2 0 0 0 0 0 0 0 0 5 42 14 0 0 0 0 27 46 7 2 -999
P3276 2034 5 0 0 0 0 2 0 0 0 0 0 0 0 0 0 0 0 0 0 0 0 0 0 0 8 12 0 0 0 0 22 0
P3276 2034 6 0 0 0 0 24 17 12 6 0 0 0 0 0 0 0 0 0 0 0 0 0 0 0 0 0 0 0 0 0 0 -999
P3276 2034 7 0 0 0 0 0 0 0 0 0 0 0 0 0 0 0 0 0 0 0 0 0 0 0 0 0 0 0 0 0 0 0
P3276 2034 8 0 0 0 0 0 0 0 0 0 0 0 0 0 0 0 0 0 0 0 0 0 0 0 0 0 0 0 0 0 0 0
P3276 2034 9 0 0 0 0 0 0 0 0 8 11 0 0 0 0 0 0 0 0 0 0 0 0 25 0 0 0 0 0 7 85 -999
P3276 2034 10 61 19 30 0 43 77 21 0 0 25 21 9 0 0 0 0 13 17 19 0 0 0 0 3 6 62 14 33 41 0 0
P3276 2034 11 0 0 0 0 0 18 81 29 51 19 0 5 21 3 0 0 0 0 0 3 9 43 56 94 116 342 34 86 57 73 -999
P3276 2034 12 33 0 0 0 0 44 133 157 23 31 43 0 26 22 286 27 0 0 0 0 42 0 0 0 49 57 100 24 68 38 161
P3276 2035 1 33 0 4 83 57 10 5 40 42 16 5 17 30 31 31 66 101 11 11 6 159 275 110 176 19 0 0 3 0 0 0
P3276 2035 2 7 9 10 0 0 0 14 3 0 0 0 0 0 0 0 0 0 0 0 0 102 167 432 146 80 22 78 193 -999 -999 -999
P3276 2035 3 116 186 73 28 9 20 15 94 30 8 6 12 61 113 120 91 39 14 42 64 125 100 62 20 99 92 9 37 19 151 160
P3276 2035 4 79 141 60 55 68 184 80 182 382 91 83 70 9 22 0 0 0 81 49 93 144 143 105 81 49 19 12 28 52 41 -999
P3276 2035 5 66 27 0 0 0 0 0 17 25 46 0 0 0 15 0 0 0 0 0 0 0 6 65 73 25 0 0 0 0 28 56
P3276 2035 6 0 0 0 32 43 48 8 0 48 0 22 0 0 0 0 0 0 0 0 0 0 0 0 0 0 0 0 0 0 0 -999
P3276 2035 7 0 0 0 0 0 0 0 0 0 0 0 0 0 0 0 0 0 0 0 0 0 0 0 0 0 0 0 0 0 0 0
P3276 2035 8 0 0 0 0 0 0 0 0 0 0 0 0 0 0 0 0 0 0 0 0 0 0 0 0 0 0 0 0 0 0 0
P3276 2035 9 0 0 0 0 0 0 0 0 0 0 0 0 0 0 47 38 0 0 0 0 0 0 10 9 9 0 0 0 0 0 -999
P3276 2035 10 0 0 29 67 0 0 0 0 0 5 0 0 7 75 37 0 7 8 0 10 10 20 18 27 0 0 0 0 0 0 0
P3276 2035 11 0 0 26 37 39 44 33 0 0 0 0 0 0 0 0 0 0 0 0 0 0 0 0 0 0 0 18 3 3 0 -999
P3276 2035 12 80 45 29 77 110 169 188 135 107 59 14 7 23 10 0 0 0 0 17 306 217 94 0 0 0 0 0 0 0 0 6
P3276 2036 1 10 17 14 0 14 12 14 29 44 48 101 120 40 4 0 0 0 155 186 19 122 107 34 35 0 0 34 26 0 0 0
P3276 2036 2 27 0 0 0 0 0 17 13 9 16 4 16 117 31 15 17 25 0 0 0 0 0 0 0 0 1 0 9 -999 -999 -999
P3276 2036 3 23 53 15 101 56 84 0 0 0 0 0 0 0 0 9 12 0 3 3 4 5 0 0 4 5 13 16 35 21 24 28
P3276 2036 4 42 63 45 13 14 0 0 0 0 0 0 0 0 0 0 0 0 0 0 0 0 0 0 4 0 19 8 0 0 0 -999
P3276 2036 5 0 0 12 11 6 0 8 3 0 0 5 25 26 13 12 25 25 10 7 0 0 0 1 0 0 0 0 0 0 0 0
P3276 2036 6 7 88 0 0 0 0 0 0 0 0 0 0 0 0 0 0 0 0 36 0 0 0 0 0 0 0 0 0 0 0 -999
P3276 2036 7 0 0 0 0 0 0 0 0 0 0 0 0 0 0 0 0 0 0 0 0 0 0 0 0 0 0 0 0 0 0 0
P3276 2036 8 0 0 0 0 0 0 0 0 0 0 0 0 0 0 0 0 0 0 0 0 0 0 0 0 0 0 0 0 0 0 0
P3276 2036 9 0 0 0 0 0 0 0 66 0 0 0 0 0 0 0 0 0 0 0 0 0 0 0 0 0 0 0 0 0 0 -999
P3276 2036 10 0 0 0 0 0 0 0 0 0 0 64 0 0 15 9 6 0 0 0 0 0 0 0 0 0 6 11 38 59 94 47
P3276 2036 11 23 17 20 0 15 14 0 60 99 0 0 0 7 12 49 75 11 0 0 21 5 0 0 0 0 2 58 224 75 0 -999
P3276 2036 12 0 0 65 71 91 0 0 0 0 0 0 38 27 0 0 0 0 0 4 15 8 5 18 4 4 37 4 3 3 0 0
P3276 2037 1 0 0 0 0 0 0 0 0 6 212 59 254 196 0 0 0 0 3 156 98 198 82 40 511 567 67 464 307 423 16 5
P3276 2037 2 22 20 70 66 30 46 61 58 29 32 0 0 0 0 0 0 5 5 1 0 0 0 0 0 0 4 87 17 -999 -999 -999
P3276 2037 3 4 0 0 0 0 0 0 0 0 0 0 0 8 12 119 81 45 40 22 0 26 22 29 73 61 7 8 9 15 9 0
P3276 2037 4 29 0 16 22 23 69 20 49 48 0 0 0 0 48 61 19 29 49 24 20 48 55 72 91 59 0 0 0 0 0 -999
P3276 2037 5 0 0 0 0 5 0 0 4 32 13 10 12 0 13 6 8 14 12 5 0 18 17 20 26 65 58 23 0 0 0 0
P3276 2037 6 0 0 0 8 10 0 0 0 0 0 0 0 6 9 17 0 42 51 38 22 0 0 0 0 0 0 0 0 0 0 -999
P3276 2037 7 0 0 0 0 0 0 0 0 0 0 0 0 0 0 0 0 0 0 0 0 0 0 0 0 0 0 0 0 0 0 0
P3276 2037 8 0 0 0 0 0 0 0 0 0 0 0 0 0 0 0 0 0 0 0 0 0 0 0 0 0 0 0 0 0 0 0
P3276 2037 9 0 0 0 0 0 0 0 0 0 0 0 0 0 0 0 0 10 9 0 0 0 0 0 0 0 0 6 0 5 0 -999
P3276 2037 10 14 0 0 0 0 0 0 0 0 0 46 7 0 0 0 0 0 46 22 5 0 0 0 27 0 18 0 0 0 0 0
P3276 2037 11 0 0 0 0 0 3 4 26 23 0 31 37 42 48 36 0 0 0 0 10 22 21 48 52 31 90 147 88 103 9 -999
P3276 2037 12 49 14 115 278 77 33 115 115 530 154 331 48 95 61 0 0 49 28 20 12 0 15 26 4 0 0 0 0 0 5 0
P3276 2038 1 4 109 11 11 125 9 78 0 0 0 0 0 6 39 144 16 101 7 0 5 0 6 46 68 24 37 38 88 21 133 0
P3276 2038 2 0 0 0 35 90 145 118 0 0 0 0 0 0 0 0 20 0 15 48 0 0 0 7 5 0 0 0 7 -999 -999 -999
P3276 2038 3 10 35 33 21 90 86 66 83 38 77 49 0 0 0 0 0 0 5 10 72 40 12 0 0 0 0 0 21 5 3 31
P3276 2038 4 0 0 0 0 0 0 0 5 27 14 25 0 117 96 54 26 0 0 0 0 10 7 0 0 61 79 0 0 0 68 -999
P3276 2038 5 64 39 0 20 42 58 40 0 0 0 0 0 0 0 0 0 76 110 65 75 66 59 0 0 47 61 33 29 22 12 23
P3276 2038 6 0 0 0 0 0 0 0 0 0 0 0 0 0 0 0 0 0 0 0 0 0 0 0 0 0 0 0 0 0 0 -999
P3276 2038 7 0 0 0 0 0 0 0 0 0 0 0 0 0 0 0 0 0 0 0 0 0 0 0 0 0 0 0 0 0 0 0
P3276 2038 8 0 0 0 0 0 0 0 0 0 0 0 0 0 0 0 0 0 0 0 0 0 0 0 23 0 0 0 0 0 0 0
P3276 2038 9 0 0 0 0 0 0 0 0 0 0 0 0 0 0 0 0 0 0 0 0 0 40 0 0 0 0 0 0 0 0 -999
P3276 2038 10 0 0 0 0 0 0 0 0 0 0 0 0 0 0 0 0 0 0 8 0 6 5 18 21 0 0 0 0 13 0 0
P3276 2038 11 42 52 72 0 0 0 33 30 31 27 15 42 16 45 99 74 68 19 0 0 0 0 0 0 0 0 0 0 15 0 -999
P3276 2038 12 0 86 40 50 49 70 22 83 0 12 103 168 354 34 92 113 106 32 86 109 143 36 6 5 4 5 11 31 4 4 3
P3276 2039 1 4 6 6 26 87 7 13 21 14 0 0 0 0 1 3 20 95 7 44 56 11 12 69 104 82 9 8 12 0 0 8
P3276 2039 2 22 25 9 9 9 0 15 14 16 12 24 0 0 4 9 22 42 0 22 0 0 0 18 124 235 6 0 0 -999 -999 -999
P3276 2039 3 14 0 0 0 0 0 0 4 11 2 17 89 11 31 19 16 16 40 51 70 0 0 0 0 0 5 3 0 0 0 0
P3276 2039 4 0 0 0 0 0 0 0 0 0 0 0 0 0 13 11 3 0 0 0 9 15 17 0 0 0 0 0 0 0 0 -999
P3276 2039 5 0 0 0 0 0 0 0 0 0 0 0 0 0 0 6 65 28 26 22 20 21 30 28 18 18 14 0 0 0 0 0
P3276 2039 6 6 29 32 49 33 9 0 0 0 0 0 0 0 0 0 0 0 0 0 0 0 0 0 0 0 0 0 28 33 30 -999
P3276 2039 7 0 0 0 0 0 0 0 0 0 0 0 0 0 0 0 0 0 0 0 0 0 0 0 0 0 0 0 0 0 0 0
P3276 2039 8 0 0 0 0 0 0 0 0 0 0 0 0 0 0 0 0 0 0 0 0 0 0 0 0 0 0 0 9 0 0 0
P3276 2039 9 0 0 0 0 0 0 0 0 0 0 0 0 0 0 0 0 0 0 0 0 0 0 0 0 0 0 0 0 0 0 -999
P3276 2039 10 0 0 0 0 0 0 0 0 0 0 0 0 0 14 15 0 0 0 0 50 60 196 191 64 36 36 354 82 80 139 40
P3276 2039 11 0 0 0 0 0 0 0 0 26 12 44 74 48 45 32 25 12 89 265 135 67 77 142 16 0 0 11 117 7 0 -999
P3276 2039 12 52 115 37 72 174 36 16 6 63 30 30 5 4 11 10 7 7 10 132 272 8 0 6 17 51 4 5 98 91 108 23
P3276 2040 1 3 0 0 8 57 179 125 33 62 35 23 88 112 72 40 131 23 43 72 40 14 6 8 0 0 0 0 0 0 0 0
P3276 2040 2 0 0 0 10 4 5 0 0 0 22 0 0 0 31 9 7 9 8 10 5 0 0 0 0 0 0 0 0 -999 -999 -999
P3276 2040 3 0 0 0 0 0 0 0 0 0 0 0 0 13 8 6 5 0 0 6 19 3 5 99 100 113 152 84 34 34 89 43
P3276 2040 4 16 53 70 73 20 9 19 0 0 0 0 0 0 0 0 6 31 0 5 6 0 18 12 10 46 106 39 9 0 0 -999
P3276 2040 5 7 0 23 9 15 16 7 0 0 0 0 0 0 0 0 0 0 0 0 0 0 19 0 0 0 0 0 0 0 0 0
P3276 2040 6 5 0 0 0 0 0 0 0 0 7 6 0 0 0 0 0 0 0 0 0 0 0 0 0 0 0 0 0 0 0 -999
P3276 2040 7 0 0 0 0 0 0 0 0 0 0 0 0 0 0 0 0 0 0 0 0 0 0 0 0 0 0 0 0 0 0 0
P3276 2040 8 0 0 0 0 0 0 0 0 0 0 0 0 0 0 0 0 0 0 0 0 0 0 0 0 0 0 0 0 0 0 0
P3276 2040 9 0 0 0 0 0 0 0 0 0 0 0 0 0 0 0 0 0 0 0 0 0 0 0 0 34 0 83 49 33 21 -999
P3276 2040 10 0 0 0 0 0 0 7 0 0 0 0 0 0 0 0 0 4 10 95 47 15 0 0 0 0 0 0 0 0 0 7
P3276 2040 11 19 18 17 28 3 20 87 343 134 43 27 55 45 24 33 24 0 0 0 0 0 0 0 9 13 13 15 1 1 4 -999
P3276 2040 12 19 0 0 19 50 42 43 0 13 4 37 106 117 57 20 0 0 0 10 15 16 20 21 34 0 0 2 53 9 42 72
P3276 2041 1 10 0 0 0 0 0 4 6 3 6 8 8 3 6 10 0 0 0 25 28 71 64 22 120 103 119 160 174 74 29 0
P3276 2041 2 0 0 0 0 7 70 118 251 114 95 62 133 148 14 169 13 11 12 43 31 198 96 42 111 35 75 11 0 -999 -999 -999
P3276 2041 3 4 6 0 0 0 26 0 48 70 12 43 72 11 77 32 89 46 96 120 186 36 77 34 132 19 80 40 35 49 52 29
P3276 2041 4 8 0 0 0 0 0 0 0 0 0 5 10 28 13 8 7 16 73 45 20 31 0 0 34 71 45 0 0 0 0 -999
P3276 2041 5 0 0 20 7 13 0 0 0 9 74 56 36 0 0 41 35 0 0 105 104 124 120 91 59 26 47 143 40 0 16 16
P3276 2041 6 13 0 0 0 0 0 20 0 0 0 0 0 0 0 0 0 0 0 0 0 0 0 0 0 0 0 0 0 0 0 -999
P3276 2041 7 0 0 0 0 0 0 0 0 0 38 25 0 0 0 0 48 0 0 0 0 0 0 0 0 0 30 28 27 0 0 0
P3276 2041 8 0 0 0 0 0 0 0 0 0 0 0 0 0 0 0 0 0 0 0 0 81 0 0 92 82 0 0 0 0 0 0
P3276 2041 9 0 0 0 0 0 0 0 0 0 0 0 0 0 0 0 0 0 0 0 0 0 0 48 47 49 16 0 0 0 0 -999
P3276 2041 10 0 39 11 13 0 0 0 0 5 6 8 6 0 0 0 0 0 0 0 0 0 6 0 0 0 5 8 0 6 0 0
P3276 2041 11 0 0 0 5 23 37 0 0 29 7 58 30 48 59 47 84 204 131 23 105 90 118 59 430 47 19 74 120 77 0 -999
P3276 2041 12 0 59 23 27 127 23 0 0 6 0 28 7 30 19 59 16 92 81 59 104 10 0 11 16 0 0 0 0 0 0 0
P3276 2042 1 0 0 0 0 0 18 57 23 43 0 0 0 0 0 0 0 0 0 0 0 0 0 0 0 6 2 0 0 0 0 6
P3276 2042 2 11 10 5 0 0 0 0 0 3 2 0 0 0 0 4 0 2 4 5 0 0 0 0 4 5 8 0 0 -999 -999 -999
P3276 2042 3 0 0 0 0 0 14 0 0 0 0 0 0 3 3 5 8 6 6 63 106 22 45 0 140 35 32 0 0 0 9 58
P3276 2042 4 18 21 0 0 35 20 90 14 51 31 15 35 27 36 10 17 19 22 0 0 74 95 107 60 94 110 94 60 40 55 -999
P3276 2042 5 82 46 34 9 0 0 0 15 34 56 24 0 0 0 0 0 0 0 0 0 0 0 0 0 0 0 0 0 0 24 15
P3276 2042 6 11 19 17 10 11 0 4 0 0 0 0 0 0 0 0 0 0 0 0 0 0 0 0 0 0 0 0 0 0 0 -999
P3276 2042 7 0 0 0 0 0 0 0 0 0 0 0 0 0 0 68 0 0 0 0 0 45 37 0 0 0 0 0 0 0 0 0
P3276 2042 8 0 0 0 0 0 0 0 0 0 0 0 0 0 0 0 0 0 0 0 0 0 0 0 0 0 0 0 0 0 0 0
P3276 2042 9 0 0 0 0 0 0 0 0 0 0 0 0 0 0 0 0 0 0 0 0 0 0 0 6 0 8 0 0 0 0 -999
P3276 2042 10 0 0 0 8 8 15 30 40 41 34 24 20 90 86 61 58 0 0 0 79 46 31 63 0 0 0 0 0 0 0 0
P3276 2042 11 0 0 0 0 0 0 10 59 41 0 0 0 0 0 0 0 0 0 0 17 11 0 0 0 0 0 0 2 9 27 -999
P3276 2042 12 0 0 7 114 26 80 12 95 208 79 62 156 112 71 88 23 107 146 146 113 0 69 146 122 4 0 0 0 0 0 0
P3276 2043 1 0 6 25 37 9 64 9 0 0 0 0 0 109 292 129 98 55 36 0 120 32 120 79 106 14 0 0 11 48 3 5
P3276 2043 2 1 0 0 6 18 62 12 4 0 0 0 0 0 0 0 0 0 0 0 0 7 11 12 0 0 0 0 0 -999 -999 -999
P3276 2043 3 0 5 43 46 12 0 7 50 115 75 112 25 10 0 6 0 0 13 61 12 43 34 81 42 69 18 19 0 22 11 0
P3276 2043 4 22 5 0 23 0 0 0 0 4 8 11 0 0 0 0 42 84 46 0 79 0 0 0 0 0 0 0 0 0 6 -999
P3276 2043 5 0 0 10 7 25 0 0 48 0 0 0 0 0 0 0 0 0 0 0 91 104 114 117 77 0 0 58 34 0 13 16
P3276 2043 6 16 17 0 0 0 0 0 30 42 0 0 0 0 24 0 0 0 0 0 0 0 0 0 0 0 0 0 0 0 0 -999
P3276 2043 7 0 0 0 0 0 0 0 0 0 0 0 0 0 0 0 0 0 0 0 0 0 0 0 0 0 0 0 0 0 0 0
P3276 2043 8 0 0 0 0 0 0 0 0 0 0 0 0 0 0 0 0 0 0 0 0 0 0 0 0 0 47 0 0 24 0 0
P3276 2043 9 0 0 0 0 0 0 0 0 0 0 0 0 8 10 29 0 0 0 0 0 0 0 6 0 0 0 0 0 23 26 -999
P3276 2043 10 4 17 0 0 0 0 0 0 48 15 0 0 0 0 7 0 25 0 0 0 0 5 7 16 22 40 14 27 30 22 0
P3276 2043 11 0 0 0 0 0 0 0 0 0 4 9 39 67 91 0 0 0 0 0 0 0 0 0 27 105 138 7 67 63 27 -999
P3276 2043 12 9 35 0 0 0 0 44 0 0 63 73 79 10 65 152 5 0 14 208 77 245 131 0 3 5 58 99 0 0 0 0
P3276 2044 1 0 0 0 0 0 31 14 0 0 12 25 0 0 0 0 14 319 449 54 5 30 9 0 0 0 0 0 121 21 6 0
P3276 2044 2 0 0 0 0 6 28 0 0 52 79 34 4 7 0 0 0 0 0 0 0 0 0 0 53 125 21 31 34 -999 -999 -999
P3276 2044 3 26 105 193 88 248 13 0 120 26 16 10 10 0 0 0 0 16 28 58 34 13 11 13 19 15 28 111 175 41 208 6
P3276 2044 4 7 13 17 25 0 0 0 0 0 0 0 4 0 39 0 0 0 0 0 0 0 0 0 0 0 27 44 6 0 0 -999
P3276 2044 5 0 0 0 0 9 14 0 20 34 40 0 0 0 0 0 0 0 0 100 111 83 42 0 0 0 0 0 0 0 54 15
P3276 2044 6 0 0 0 0 0 60 25 0 0 0 0 0 0 0 0 0 0 0 0 0 0 0 11 24 46 0 0 0 0 0 -999
P3276 2044 7 30 0 0 0 0 0 0 0 0 0 0 0 0 0 0 0 0 0 0 0 0 0 0 0 0 0 0 0 0 0 0
P3276 2044 8 0 0 0 0 0 0 0 0 0 0 0 0 0 0 0 0 0 0 0 0 0 0 0 0 0 0 0 0 0 0 0
P3276 2044 9 0 0 0 0 0 0 0 0 0 0 0 0 0 0 0 0 0 0 0 0 8 0 0 7 70 48 31 0 0 42 -999
P3276 2044 10 49 37 37 0 0 0 0 0 0 0 0 0 0 0 0 0 0 32 54 55 44 27 14 0 0 0 0 0 0 0 0
P3276 2044 11 4 3 14 7 26 0 0 47 4 5 40 76 41 60 14 44 80 30 52 78 46 119 63 435 381 561 145 16 30 0 -999
P3276 2044 12 0 0 0 0 0 0 0 0 10 27 11 0 6 6 3 25 15 3 0 0 24 151 27 14 24 0 15 16 176 12 8
P3276 2045 1 48 99 39 35 29 16 102 105 32 32 93 39 89 23 25 23 74 7 0 0 0 12 10 6 1 0 0 0 0 0 7
P3276 2045 2 16 63 74 39 26 52 18 5 0 0 25 36 130 0 0 4 7 0 0 0 3 0 0 0 0 0 0 0 -999 -999 -999
P3276 2045 3 0 0 0 2 0 0 0 3 6 8 0 8 43 23 18 15 24 0 0 0 0 0 0 0 0 0 0 0 0 2 8
P3276 2045 4 11 3 0 6 0 11 66 11 0 30 54 0 0 0 4 5 26 0 0 0 0 0 0 0 0 0 0 0 6 12 -999
P3276 2045 5 22 11 0 0 0 0 17 15 44 15 6 0 0 0 0 0 0 0 0 0 0 0 0 0 0 0 0 0 0 0 10
P3276 2045 6 27 40 31 0 18 16 19 28 27 18 19 22 22 0 0 0 0 0 0 0 37 31 0 0 30 28 23 0 0 0 -999
P3276 2045 7 0 0 0 0 0 0 0 0 0 0 0 0 0 0 0 0 0 0 0 0 0 0 0 0 0 0 0 0 0 0 0
P3276 2045 8 0 0 0 0 0 0 0 0 0 0 0 0 0 0 0 0 0 0 0 0 0 0 0 0 0 0 0 0 0 0 0
P3276 2045 9 0 0 0 0 0 0 0 0 0 0 0 0 0 58 48 30 0 0 0 0 0 0 0 0 0 0 0 0 0 44 -999
P3276 2045 10 31 0 38 71 56 0 0 0 0 0 0 0 0 0 91 54 75 36 19 0 0 0 0 0 0 0 0 0 7 0 0
P3276 2045 11 10 30 11 0 0 15 0 0 0 0 10 16 0 0 14 25 280 103 8 0 0 0 16 227 26 53 251 322 98 81 -999
P3276 2045 12 0 0 10 0 82 29 11 15 14 0 0 0 0 0 0 0 0 9 59 8 9 5 3 5 7 23 48 16 0 0 0
P3276 2046 1 0 4 124 222 254 76 59 45 6 12 281 340 372 51 126 51 37 73 22 23 18 2 8 8 0 58 95 64 37 28 49
P3276 2046 2 73 115 107 65 28 5 16 33 18 9 29 53 63 50 57 56 21 28 0 21 54 493 46 42 206 101 146 90 -999 -999 -999
P3276 2046 3 37 103 324 168 31 36 108 100 201 137 347 143 188 39 268 26 131 226 37 82 248 20 9 0 0 0 0 10 29 8 5
P3276 2046 4 0 0 4 83 16 14 12 214 14 19 41 0 12 29 66 18 43 12 41 30 34 16 132 103 69 32 18 26 34 15 -999
P3276 2046 5 0 0 0 0 0 0 0 0 0 0 0 0 0 13 7 22 18 6 8 0 0 0 0 0 0 4 4 11 13 13 0
P3276 2046 6 0 0 0 0 0 0 0 0 0 0 0 0 0 0 35 13 0 0 35 41 27 0 0 0 0 0 0 0 0 0 -999
P3276 2046 7 0 0 0 0 0 0 0 0 0 0 0 0 0 0 0 0 0 0 0 0 0 0 0 0 0 0 0 0 0 0 0
P3276 2046 8 0 0 0 0 0 0 0 0 0 0 0 0 0 0 0 0 0 0 0 0 0 0 0 0 0 0 0 0 0 0 0
P3276 2046 9 0 0 0 0 0 0 0 0 0 0 0 0 0 0 0 7 0 0 0 0 0 0 0 0 0 0 0 0 6 0 -999
P3276 2046 10 0 8 44 28 24 24 29 109 0 0 0 0 0 0 0 0 0 0 0 0 9 60 27 12 131 18 0 26 17 95 53
P3276 2046 11 5 0 0 0 11 91 38 39 85 63 0 0 0 0 0 0 0 0 0 0 0 0 16 15 66 11 0 32 101 79 -999
P3276 2046 12 205 299 93 42 71 131 157 135 26 34 31 133 17 142 179 76 209 334 27 24 20 0 0 0 0 0 0 0 0 0 0
P3276 2047 1 0 0 0 0 0 0 37 111 8 7 10 9 10 11 199 450 289 32 184 7 63 98 19 10 0 0 0 0 0 0 9
P3276 2047 2 5 7 11 5 9 8 48 0 0 0 0 0 37 88 0 0 0 0 0 0 0 0 0 18 75 32 146 80 -999 -999 -999
P3276 2047 3 4 24 67 13 12 11 29 0 0 0 0 0 0 0 0 0 0 0 0 0 0 0 54 38 20 43 64 0 0 67 17
P3276 2047 4 100 31 55 45 0 0 3 11 14 39 72 56 21 0 52 11 9 28 22 6 0 0 0 0 0 0 19 24 0 0 -999
P3276 2047 5 0 0 0 0 19 0 28 38 55 39 43 59 56 12 21 40 65 71 97 0 0 0 0 0 0 0 0 0 0 0 0
P3276 2047 6 0 0 0 0 0 0 0 0 0 0 0 0 6 0 0 24 12 0 0 0 0 0 0 0 0 0 0 0 0 0 -999
P3276 2047 7 0 0 0 0 35 30 0 0 0 0 0 0 0 0 0 0 0 0 0 45 19 0 0 0 0 0 0 0 0 0 0
P3276 2047 8 0 0 0 0 0 0 0 0 0 0 0 0 0 0 0 0 0 0 0 0 0 0 0 0 0 0 0 0 0 0 0
P3276 2047 9 0 0 0 0 0 0 0 0 0 0 0 72 100 100 99 72 36 0 0 0 0 0 0 8 9 7 0 0 0 6 -999
P3276 2047 10 19 54 76 73 105 47 70 53 20 148 30 28 18 38 117 23 165 8 74 11 20 0 0 0 0 0 12 0 0 0 0
P3276 2047 11 0 0 0 0 0 6 3 0 9 11 18 13 6 14 25 50 29 0 0 0 0 0 0 0 0 0 0 0 0 0 -999
P3276 2047 12 0 0 0 0 0 0 0 0 0 0 0 0 0 0 0 0 0 0 0 0 0 0 4 39 14 2 0 0 34 21 0
P3276 2048 1 0 21 2 0 0 0 0 0 0 0 0 172 58 128 10 0 0 0 0 0 0 0 0 0 0 0 0 0 2 0 0
P3276 2048 2 0 0 0 0 8 0 0 0 0 34 73 65 13 69 61 43 5 5 4 0 0 0 0 0 0 0 0 0 -999 -999 -999
P3276 2048 3 0 0 0 0 3 3 4 10 59 47 91 26 6 12 9 31 16 0 3 6 43 0 0 3 6 35 60 46 30 32 9
P3276 2048 4 5 5 11 0 0 0 0 0 0 0 0 0 0 0 0 0 0 0 0 0 0 5 34 6 0 0 0 0 0 0 -999
P3276 2048 5 0 5 38 35 19 20 0 0 29 44 32 16 19 39 52 0 21 51 13 0 5 12 51 0 0 0 0 0 0 0 0
P3276 2048 6 0 0 0 0 0 0 0 0 0 0 0 0 0 0 8 0 0 0 0 0 0 0 0 0 0 0 0 0 0 0 -999
P3276 2048 7 0 0 0 0 0 0 0 0 0 0 0 0 0 0 0 0 0 0 0 0 0 0 0 0 0 0 0 0 0 0 0
P3276 2048 8 0 0 0 0 0 0 0 0 0 0 0 0 0 0 0 0 0 0 0 0 0 0 0 0 0 0 0 0 0 0 0
P3276 2048 9 0 0 0 0 0 0 0 0 0 0 43 0 0 0 0 0 0 41 0 0 0 0 0 0 0 0 11 65 74 87 -999
P3276 2048 10 28 0 0 0 0 24 8 0 0 0 0 0 0 0 0 0 0 0 0 17 20 17 0 0 0 0 0 0 0 0 23
P3276 2048 11 0 0 0 3 0 8 5 0 0 0 0 0 0 0 0 0 59 41 31 33 14 0 0 0 0 5 56 37 4 5 -999
P3276 2048 12 52 110 42 0 43 62 4 0 0 0 0 0 0 0 0 0 0 0 10 14 0 0 0 0 0 0 52 85 8 4 0
P3276 2049 1 0 0 25 62 3 10 8 82 13 22 28 15 34 4 3 0 6 3 0 0 15 29 23 5 2 3 5 12 11 7 3
P3276 2049 2 7 5 10 8 4 2 0 0 0 0 0 0 0 6 13 0 0 0 0 0 0 19 0 7 4 36 18 0 -999 -999 -999
P3276 2049 3 7 0 0 0 0 0 0 0 0 0 0 0 0 0 42 0 0 0 0 3 2 7 23 32 0 0 0 0 12 36 58
P3276 2049 4 33 34 9 0 0 0 0 0 0 0 0 0 0 0 0 10 11 5 0 0 0 40 0 0 44 55 11 0 0 0 -999
P3276 2049 5 25 0 11 35 22 13 33 43 53 63 18 29 30 0 0 0 0 0 15 20 76 83 55 75 82 65 49 69 29 0 0
P3276 2049 6 0 0 0 24 31 0 0 0 0 0 0 0 0 0 0 0 0 0 0 0 0 0 0 0 0 0 0 0 0 0 -999
P3276 2049 7 0 8 6 14 0 0 0 0 0 0 0 0 0 0 0 0 0 0 0 0 0 0 0 0 0 0 0 0 0 0 0
P3276 2049 8 0 0 0 0 0 0 0 0 0 0 0 0 0 0 0 0 0 0 0 0 0 0 0 0 0 0 0 0 0 0 0
P3276 2049 9 0 0 0 0 0 0 0 28 36 0 41 0 0 0 0 0 0 0 55 0 36 76 40 13 13 0 0 0 0 0 -999
P3276 2049 10 0 0 0 0 0 22 8 10 0 0 0 4 5 0 0 41 18 0 0 0 39 35 26 8 49 39 29 30 28 29 52
P3276 2049 11 37 37 70 140 116 26 48 72 138 72 519 95 226 233 90 121 122 51 56 22 57 0 0 44 0 0 0 0 0 44 -999
P3276 2049 12 16 208 65 50 17 6 0 38 0 65 0 0 26 0 79 40 23 57 18 121 359 31 0 67 77 65 34 111 23 37 80
P3276 2050 1 133 129 131 123 164 295 18 84 50 54 17 25 4 3 4 22 21 113 0 0 0 3 3 4 9 9 2 0 0 0 0
P3276 2050 2 0 0 0 0 0 0 0 0 0 0 0 0 0 0 4 4 5 4 9 7 5 30 16 7 17 36 0 0 -999 -999 -999
P3276 2050 3 0 5 8 6 16 108 59 5 6 5 63 27 23 16 22 0 122 18 132 12 4 5 5 13 7 18 5 25 15 21 55
P3276 2050 4 89 46 83 4 38 53 50 12 26 24 0 17 7 7 11 0 0 2 0 0 0 0 0 0 8 5 6 4 0 0 -999
P3276 2050 5 8 7 11 15 15 15 0 0 12 0 0 0 0 0 0 8 53 60 72 50 23 28 41 0 0 25 29 22 37 30 0
P3276 2050 6 0 0 0 0 0 0 0 0 0 0 0 0 0 0 0 0 0 0 0 0 0 0 0 0 0 0 0 0 0 0 -999
P3276 2050 7 0 0 0 0 0 0 0 0 0 0 0 0 0 0 0 0 0 0 0 0 0 0 0 0 0 0 0 0 0 0 0
P3276 2050 8 0 0 0 0 0 0 0 0 0 0 0 0 0 0 0 0 0 0 0 0 0 29 32 0 0 0 0 0 0 0 0
P3276 2050 9 0 0 0 0 0 0 0 0 0 0 0 0 0 0 0 0 0 0 0 0 0 0 0 0 0 0 0 0 28 0 -999
P3276 2050 10 35 25 12 0 0 0 0 0 0 0 0 0 4 8 5 4 15 12 9 0 14 37 61 42 35 52 62 16 0 0 39
P3276 2050 11 60 0 0 87 29 202 160 224 86 14 14 27 27 34 0 0 0 0 60 0 4 89 277 159 61 0 128 31 3 36 -999
P3276 2050 12 16 14 28 0 0 0 19 32 12 0 0 0 0 0 0 0 0 3 7 51 0 0 0 0 0 0 0 0 0 0 20
P3276 2051 1 6 36 0 0 0 0 0 0 0 5 0 0 0 21 34 0 0 0 0 1 0 2 0 0 0 1 0 0 23 8 0
P3276 2051 2 16 13 11 18 9 10 0 0 0 0 12 11 0 0 0 2 4 0 0 49 4 5 0 40 10 9 0 0 -999 -999 -999
P3276 2051 3 0 0 0 0 0 0 0 0 6 20 39 30 105 0 23 0 0 7 44 46 21 45 0 0 0 0 0 0 0 4 46
P3276 2051 4 50 29 21 23 0 77 36 5 3 3 4 7 8 5 35 32 16 24 10 50 8 10 3 32 0 0 0 0 0 25 -999
P3276 2051 5 0 0 0 14 41 0 0 0 9 68 48 42 30 10 5 0 0 10 9 0 0 0 0 77 101 105 83 0 0 0 0
P3276 2051 6 0 0 0 0 0 0 0 0 0 0 0 0 0 0 0 0 0 0 0 0 0 0 0 0 0 0 0 0 0 0 -999
P3276 2051 7 0 0 0 0 0 0 0 0 42 0 0 0 0 0 0 0 0 0 0 0 0 0 0 0 0 0 0 0 0 0 0
P3276 2051 8 0 0 0 0 0 0 0 0 0 0 0 0 0 0 0 0 0 0 0 9 82 0 0 13 0 0 0 0 0 0 0
P3276 2051 9 0 0 0 0 0 0 0 0 0 0 0 0 75 39 0 0 0 0 0 0 0 0 0 0 34 10 50 0 0 0 -999
P3276 2051 10 0 0 0 10 26 0 0 0 51 105 98 48 0 0 0 0 0 0 0 0 0 0 0 6 0 0 37 110 200 72 44
P3276 2051 11 27 80 70 35 8 5 0 0 0 0 0 0 0 0 0 15 12 32 0 0 0 0 0 14 30 0 0 3 4 3 -999
P3276 2051 12 3 0 0 9 14 25 0 114 176 14 104 159 46 27 192 471 36 52 30 0 0 0 0 0 0 0 0 0 0 0 0
P3276 2052 1 0 0 0 0 0 0 0 0 12 8 14 0 42 67 17 9 8 26 18 24 22 19 7 18 0 0 32 52 114 113 78
P3276 2052 2 30 24 72 117 30 259 192 72 14 53 75 81 45 24 29 70 33 19 13 38 12 0 0 11 55 5 13 6 -999 -999 -999
P3276 2052 3 2 0 0 0 0 0 0 0 8 0 0 0 0 4 9 114 58 17 77 53 21 0 118 6 0 0 0 0 0 0 0
P3276 2052 4 0 0 0 3 0 5 28 12 0 0 0 4 0 0 0 0 11 0 0 0 0 0 0 0 0 0 0 0 20 9 -999
P3276 2052 5 0 0 0 0 0 0 0 0 21 19 9 13 47 70 82 40 39 32 56 32 0 0 0 0 23 12 0 0 0 0 0
P3276 2052 6 0 0 0 0 0 0 0 0 0 0 0 0 0 0 0 0 0 0 0 0 0 0 0 0 50 62 0 0 0 0 -999
P3276 2052 7 0 0 0 0 0 0 0 0 0 0 0 0 0 0 0 0 0 0 0 0 0 0 0 0 0 0 0 0 0 0 0
P3276 2052 8 51 48 19 0 0 0 0 0 0 0 0 0 0 0 0 0 0 0 0 0 0 0 0 0 0 0 0 0 0 0 0
P3276 2052 9 0 0 0 0 0 0 0 0 0 0 0 0 0 0 0 0 0 0 0 0 0 0 0 0 0 0 0 0 0 0 -999
P3276 2052 10 0 0 0 0 0 0 0 0 0 0 0 0 0 0 4 3 0 0 2 0 0 0 0 0 35 52 6 0 0 0 7
P3276 2052 11 5 35 45 0 0 0 0 0 0 0 0 0 0 0 0 0 0 0 123 51 221 188 84 31 63 0 69 36 8 16 -999
P3276 2052 12 0 0 109 73 20 7 0 0 0 0 11 0 0 155 28 13 33 108 0 0 10 12 39 41 43 10 60 0 73 106 0
P3276 2053 1 0 33 0 4 0 0 0 7 159 131 326 150 266 49 53 75 62 11 4 23 5 3 53 34 29 4 11 75 44 53 155
P3276 2053 2 37 63 74 64 67 20 181 39 43 23 0 0 0 2 25 4 5 5 3 2 2 2 6 14 32 145 193 54 -999 -999 -999
P3276 2053 3 0 0 2 0 0 0 0 0 0 0 0 0 0 0 0 0 0 0 0 0 0 0 0 0 0 11 13 4 5 5 59
P3276 2053 4 75 65 20 34 0 0 0 0 0 3 0 7 11 113 104 21 9 0 0 0 5 0 0 14 140 131 131 127 124 74 -999
P3276 2053 5 0 0 14 0 0 0 0 0 0 0 0 0 0 0 0 0 0 0 0 0 0 0 0 0 0 0 0 0 0 18 16
P3276 2053 6 0 0 0 0 0 0 0 0 0 0 0 0 0 0 0 0 0 66 82 0 0 0 0 0 0 0 0 0 0 0 -999
P3276 2053 7 0 0 0 0 0 0 0 0 0 0 0 0 0 0 0 0 0 0 0 0 0 0 0 0 0 0 0 0 0 0 0
P3276 2053 8 0 0 0 0 0 0 0 0 0 0 0 0 0 0 0 0 0 0 0 0 0 0 0 0 123 83 0 0 0 0 0
P3276 2053 9 0 0 0 0 0 0 0 0 0 0 0 20 0 0 0 27 38 0 44 59 60 60 83 80 0 0 0 65 43 16 -999
P3276 2053 10 16 11 0 0 0 0 0 58 52 30 45 0 0 0 0 0 0 0 0 0 0 0 0 0 0 0 0 0 0 11 0
P3276 2053 11 9 11 11 9 0 0 0 0 0 21 27 23 0 0 98 78 368 41 459 117 222 31 52 87 0 0 0 0 0 0 -999
P3276 2053 12 0 0 0 0 0 0 0 0 0 13 9 90 87 76 105 50 20 17 14 0 0 7 46 72 31 22 0 0 0 19 6
P3276 2054 1 65 22 0 5 26 35 67 7 0 0 0 0 0 0 0 0 50 140 116 20 9 7 5 0 0 0 0 0 0 0 0
P3276 2054 2 0 5 8 18 26 20 66 78 0 0 0 0 0 0 0 0 0 0 0 0 3 12 11 7 0 0 0 0 -999 -999 -999
P3276 2054 3 0 0 0 0 0 0 0 12 15 0 0 0 0 0 59 9 52 58 0 0 0 0 7 4 0 17 14 15 7 16 67
P3276 2054 4 38 86 9 108 7 22 111 27 14 18 7 0 0 0 26 4 0 32 31 58 75 37 24 76 67 71 44 22 0 0 -999
P3276 2054 5 0 6 39 14 12 7 11 18 6 46 32 44 8 6 0 0 0 0 0 0 0 0 0 0 0 0 0 0 0 0 0
P3276 2054 6 0 0 0 0 0 0 0 0 0 0 0 0 0 0 0 0 0 0 0 0 0 0 0 0 0 0 0 0 0 0 -999
P3276 2054 7 0 0 0 0 0 0 0 0 0 0 0 0 0 0 0 0 56 45 33 26 0 0 0 0 0 0 0 0 0 0 0
P3276 2054 8 0 0 0 0 0 0 0 0 0 0 0 0 0 0 0 0 0 0 0 0 0 0 0 0 0 0 0 0 0 0 0
P3276 2054 9 0 0 0 0 0 0 0 0 0 0 0 0 0 0 0 0 0 34 0 0 0 0 51 0 36 23 0 0 0 0 -999
P3276 2054 10 0 0 5 9 0 0 0 43 36 17 33 27 21 9 0 0 0 0 0 0 9 97 25 13 19 0 0 0 15 115 216
P3276 2054 11 108 145 54 24 82 32 18 81 117 47 0 0 0 0 0 0 23 0 0 0 0 0 0 0 0 0 0 74 257 74 -999
P3276 2054 12 141 101 6 0 0 0 0 0 0 5 5 18 102 0 46 0 0 0 0 0 0 0 4 13 0 0 0 0 0 0 0
P3276 2055 1 0 0 3 82 244 77 13 8 17 49 65 114 107 31 63 77 41 57 188 360 286 164 186 44 10 8 0 0 5 4 3
P3276 2055 2 3 1 0 0 1 10 12 7 0 0 0 0 4 6 6 120 12 0 0 0 0 3 0 0 0 0 0 0 -999 -999 -999
P3276 2055 3 0 7 9 64 23 34 27 62 189 251 55 29 33 37 11 15 5 7 9 11 0 11 13 31 16 26 42 13 30 34 0
P3276 2055 4 0 0 0 0 0 0 117 20 46 67 0 0 7 5 20 0 0 0 0 37 93 51 73 123 104 94 96 58 32 21 -999
P3276 2055 5 25 33 47 25 9 41 13 102 35 14 8 13 49 95 87 39 0 0 0 0 3 5 0 0 0 0 0 0 0 0 49
P3276 2055 6 0 0 0 0 44 41 0 0 0 0 0 0 0 0 47 41 16 19 14 16 0 0 0 0 0 0 0 0 0 0 -999
P3276 2055 7 0 0 0 0 0 0 0 0 0 0 0 0 0 0 0 0 0 0 0 0 0 0 0 0 0 0 0 0 0 0 0
P3276 2055 8 0 0 0 0 0 0 0 0 0 0 0 0 0 0 0 0 0 0 0 0 0 0 0 0 0 0 0 0 0 0 0
P3276 2055 9 0 0 0 0 0 0 0 0 0 0 0 0 0 0 0 0 0 0 0 0 0 0 0 4 33 0 0 0 0 0 -999
P3276 2055 10 0 0 0 0 0 0 0 7 10 21 0 45 13 0 21 0 0 0 31 0 0 0 5 158 24 12 0 0 0 0 0
P3276 2055 11 0 4 6 23 29 70 104 135 41 0 0 0 0 31 0 35 0 0 0 0 3 30 8 90 11 0 0 0 2 47 -999
P3276 2055 12 36 67 8 15 0 0 0 0 0 4 11 131 48 58 16 54 18 47 28 201 208 113 0 0 0 0 0 0 0 3 63
P3276 2056 1 6 0 0 0 0 16 251 28 11 12 0 0 0 0 0 4 0 0 0 0 11 59 311 102 88 5 5 18 11 11 12
P3276 2056 2 0 0 0 0 0 0 0 0 0 0 0 0 0 0 0 0 9 0 0 0 0 0 34 0 0 0 0 0 -999 -999 -999
P3276 2056 3 0 2 4 3 0 0 0 0 5 13 3 1 8 0 0 88 40 8 0 0 15 0 3 5 13 40 41 35 26 11 18
P3276 2056 4 0 0 0 0 3 4 4 2 3 3 14 10 0 0 0 42 32 0 0 5 5 7 80 44 20 36 33 50 19 0 -999
P3276 2056 5 18 34 74 64 25 79 48 33 17 0 0 19 30 0 0 0 0 0 0 0 0 0 0 17 41 19 22 18 0 0 0
P3276 2056 6 6 34 0 0 0 25 19 15 0 0 0 0 0 0 0 0 0 0 0 0 0 0 0 0 0 0 0 0 0 0 -999
P3276 2056 7 0 0 0 0 0 0 0 0 0 0 0 0 0 0 0 0 0 0 0 0 0 0 0 0 0 0 0 0 0 0 0
P3276 2056 8 0 0 0 0 0 0 0 0 0 0 0 0 0 0 0 0 0 0 0 0 0 0 0 0 0 0 0 0 0 0 0
P3276 2056 9 0 0 0 0 0 0 0 0 0 37 0 0 0 0 0 0 0 0 0 0 0 0 0 0 0 0 0 0 8 63 -999
P3276 2056 10 81 70 34 0 0 0 0 0 0 61 0 0 0 0 0 0 0 0 0 4 0 0 5 10 76 18 0 0 0 0 0
P3276 2056 11 0 0 0 7 14 12 8 40 0 0 0 0 0 5 0 0 0 0 6 61 0 0 0 8 40 57 18 52 63 119 -999
P3276 2056 12 77 92 103 97 212 283 495 206 62 92 72 25 9 49 100 290 62 184 51 61 54 53 8 0 0 0 0 0 0 0 1
P3276 2057 1 0 0 0 0 5 36 36 31 27 4 0 0 3 3 0 0 0 0 0 0 0 0 0 0 4 20 230 127 152 26 116
P3276 2057 2 37 36 5 35 42 164 84 168 86 26 6 0 0 0 0 0 3 7 70 270 12 8 24 39 32 21 10 11 -999 -999 -999
P3276 2057 3 14 0 2 12 4 14 14 0 0 10 4 0 0 0 0 0 0 3 7 0 0 0 0 7 8 10 8 15 0 4 16
P3276 2057 4 7 0 0 26 0 0 0 25 5 7 11 52 30 18 49 81 103 96 54 20 16 37 0 0 0 0 0 11 15 0 -999
P3276 2057 5 0 0 0 0 0 0 0 0 0 0 24 22 18 16 40 40 59 49 17 9 0 0 17 17 16 0 0 48 63 36 25
P3276 2057 6 17 17 18 0 0 0 0 0 0 17 36 63 0 0 0 0 0 0 0 0 0 0 0 0 0 0 0 0 0 0 -999
P3276 2057 7 0 0 0 0 0 0 0 0 0 0 0 0 0 0 0 0 0 0 0 0 0 0 0 0 0 0 0 0 0 0 0
P3276 2057 8 0 0 0 0 0 0 0 0 0 0 0 0 0 0 0 0 0 0 0 0 0 0 0 0 0 0 0 0 0 0 0
P3276 2057 9 0 0 0 0 0 0 0 80 0 0 0 0 0 0 0 0 0 0 0 0 0 0 0 0 0 9 52 0 0 0 -999
P3276 2057 10 0 0 0 0 0 0 0 0 0 0 0 0 0 0 6 5 6 17 0 0 0 0 0 0 0 0 0 0 0 4 28
P3276 2057 11 28 16 87 244 45 120 23 22 53 58 170 125 55 33 17 116 50 0 0 33 46 0 0 0 0 0 0 0 0 0 -999
P3276 2057 12 0 0 0 0 0 0 0 9 5 12 51 113 179 23 24 13 0 0 0 0 0 0 0 0 0 0 0 0 2 4 1
P3276 2058 1 0 0 0 0 0 0 0 0 5 7 21 0 16 58 57 0 0 11 0 0 0 0 0 0 0 12 52 3 6 60 0
P3276 2058 2 30 9 0 0 0 0 4 0 0 0 0 0 9 0 19 13 0 0 0 0 0 0 0 0 0 0 0 0 -999 -999 -999
P3276 2058 3 0 0 0 0 0 0 0 0 0 0 0 2 0 0 0 0 2 0 0 0 84 118 22 51 54 198 36 0 0 0 0
P3276 2058 4 0 0 0 2 6 11 0 0 13 26 12 21 27 0 11 0 0 0 18 3 3 0 0 0 0 0 0 0 0 0 -999
P3276 2058 5 0 0 0 0 0 0 0 0 0 0 0 0 43 0 0 0 0 0 0 6 0 0 0 24 17 14 16 37 39 43 29
P3276 2058 6 17 0 0 0 0 0 0 0 0 0 0 0 0 0 0 0 0 0 0 0 0 0 0 0 0 0 0 0 0 0 -999
P3276 2058 7 0 0 0 0 0 0 0 0 0 0 0 0 0 0 0 0 0 0 0 0 0 0 0 0 0 0 0 0 0 0 0
P3276 2058 8 0 0 0 0 0 0 0 0 0 0 0 0 0 0 0 0 0 0 0 0 0 0 0 0 0 0 0 0 0 0 0
P3276 2058 9 0 0 0 0 0 0 0 0 0 0 0 0 0 0 0 0 0 0 0 0 0 0 30 0 0 0 0 0 0 0 -999
P3276 2058 10 0 0 0 0 0 0 0 0 0 0 0 0 0 0 0 0 0 0 0 0 0 2 3 2 0 0 0 0 0 0 0
P3276 2058 11 0 0 0 0 0 0 0 7 78 48 73 42 39 74 59 125 42 496 170 202 38 58 78 0 0 32 67 51 93 30 -999
P3276 2058 12 7 19 23 0 0 0 26 3 26 0 0 0 0 0 6 6 4 10 36 179 26 23 0 10 7 9 42 171 5 32 225
P3276 2059 1 6 347 96 95 22 45 0 0 0 0 0 0 0 0 7 32 0 0 0 5 44 21 3 0 3 5 0 0 0 0 0
P3276 2059 2 0 0 0 0 0 0 0 0 0 0 0 0 0 0 1 2 0 0 0 0 0 0 0 0 0 0 0 0 -999 -999 -999
P3276 2059 3 0 0 0 0 0 0 0 0 0 0 12 22 25 20 9 0 0 0 0 0 45 27 45 174 36 368 32 11 12 20 10
P3276 2059 4 0 0 0 0 0 0 0 0 0 0 0 16 6 0 0 0 0 0 0 0 0 5 4 6 6 28 29 85 74 19 -999
P3276 2059 5 0 0 4 8 108 56 47 57 57 57 44 34 0 0 0 14 7 22 27 0 0 0 0 0 0 0 0 0 7 0 0
P3276 2059 6 0 0 0 0 0 34 5 9 65 0 0 0 0 0 0 0 0 0 0 0 0 0 0 0 0 0 0 0 0 0 -999
P3276 2059 7 0 0 0 0 0 0 0 0 0 0 0 0 0 0 0 58 33 0 0 0 0 0 0 0 0 0 0 0 0 0 0
P3276 2059 8 0 0 0 0 0 0 0 0 0 0 0 0 0 0 0 0 0 0 0 0 0 0 0 0 0 0 0 0 0 0 0
P3276 2059 9 0 0 0 0 0 0 0 0 0 0 0 0 0 0 0 0 0 0 0 0 0 0 0 47 38 0 0 0 0 0 -999
P3276 2059 10 0 0 0 0 0 0 0 0 0 0 0 0 0 0 43 5 0 0 0 20 37 36 186 44 10 22 4 0 0 53 20
P3276 2059 11 14 43 57 76 107 62 0 0 11 0 66 37 0 0 153 63 21 18 0 0 0 0 64 42 7 0 7 13 6 8 -999
P3276 2059 12 0 0 0 0 0 0 0 0 13 65 0 0 19 0 17 0 0 0 0 0 0 0 0 0 0 0 2 56 34 31 0
P3276 2060 1 0 6 12 64 40 83 0 0 0 6 3 0 0 0 0 0 0 0 0 0 0 0 0 0 0 0 0 0 0 0 0
P3276 2060 2 0 0 0 38 106 10 7 80 39 59 38 137 21 61 104 67 132 122 86 20 23 17 45 82 190 72 136 44 -999 -999 -999
P3276 2060 3 336 196 149 27 47 7 11 115 67 24 0 0 0 0 0 0 57 72 117 94 140 109 68 28 0 0 13 41 15 18 8
P3276 2060 4 0 0 0 0 0 0 0 0 0 0 4 6 0 0 0 0 0 0 0 0 0 0 0 0 0 0 0 0 0 0 -999
P3276 2060 5 0 0 0 0 0 0 0 0 0 0 0 0 0 0 0 0 0 60 24 0 0 0 0 0 0 0 0 0 0 0 0
P3276 2060 6 9 13 105 96 75 71 76 56 25 21 23 17 14 0 0 0 0 0 0 0 0 0 0 0 0 0 0 0 0 0 -999
P3276 2060 7 0 0 0 0 0 0 0 0 0 0 0 0 0 0 0 0 0 0 0 0 0 0 0 0 0 0 0 0 0 0 0
P3276 2060 8 0 0 0 0 0 0 0 0 0 0 0 0 0 0 0 0 0 0 0 0 0 0 0 0 0 0 0 0 0 0 0
P3276 2060 9 0 0 0 0 0 0 0 0 0 0 0 0 0 0 0 28 33 0 0 0 0 0 0 0 0 89 66 0 0 0 -999
P3276 2060 10 0 0 0 0 0 0 0 0 0 0 0 35 8 85 15 0 0 0 0 0 5 19 0 29 88 21 0 41 46 25 83
P3276 2060 11 103 58 75 28 0 0 0 0 0 4 0 0 5 5 16 0 0 68 9 3 0 0 0 0 0 28 72 15 117 0 -999
P3276 2060 12 0 0 20 20 24 9 18 0 14 22 0 0 0 0 61 101 56 72 0 17 259 20 4 0 0 0 0 0 29 0 0
P3276 2061 1 0 0 0 0 0 0 0 0 0 0 0 0 0 4 15 0 23 41 102 122 88 272 23 70 153 190 405 75 47 54 54
P3276 2061 2 0 0 0 0 3 0 0 0 6 8 11 40 28 125 81 11 6 47 0 94 26 92 19 17 52 22 108 25 -999 -999 -999
P3276 2061 3 213 110 136 277 82 21 57 31 45 40 231 26 98 94 234 106 18 20 67 26 24 8 0 0 0 0 0 0 0 0 0
P3276 2061 4 0 0 0 4 5 7 7 13 128 49 63 77 67 63 37 34 109 132 97 29 9 0 0 0 4 5 6 36 41 0 -999
P3276 2061 5 0 93 76 65 46 30 0 0 0 0 0 0 0 0 0 0 0 0 0 0 0 0 0 0 0 0 0 0 0 0 8
P3276 2061 6 16 85 0 0 0 0 0 0 0 0 0 0 0 53 42 0 0 0 0 0 0 0 0 0 0 0 0 0 0 0 -999
P3276 2061 7 0 0 0 0 0 0 0 0 0 0 0 0 0 0 0 0 0 0 0 0 0 0 0 0 0 0 0 0 0 0 0
P3276 2061 8 0 0 0 0 0 0 0 0 0 0 0 0 0 0 0 0 0 0 0 0 0 0 0 0 0 0 0 0 0 0 0
P3276 2061 9 0 0 0 0 0 0 0 0 0 0 0 0 0 0 0 44 79 83 112 75 34 21 0 0 0 0 0 0 0 0 -999
P3276 2061 10 0 0 34 10 10 22 33 11 43 88 58 0 0 0 0 0 0 47 0 0 0 0 0 0 7 19 77 29 0 10 22
P3276 2061 11 0 0 22 16 0 0 5 11 21 11 13 0 0 0 0 0 0 3 5 0 0 0 0 0 0 0 0 0 0 0 -999
P3276 2061 12 6 23 29 0 0 0 0 0 0 0 0 0 0 0 0 0 0 7 36 21 0 0 0 0 0 0 0 0 2 6 2
P3276 2062 1 0 0 0 0 0 0 0 5 4 3 10 9 25 20 12 33 127 61 5 0 0 0 0 0 0 4 3 13 0 72 138
P3276 2062 2 251 254 51 64 27 21 61 174 55 26 2 0 0 0 0 21 46 69 46 33 52 83 79 112 154 118 299 0 -999 -999 -999
P3276 2062 3 0 0 0 0 0 64 6 0 0 0 0 0 0 6 0 10 0 0 0 0 0 0 47 50 16 55 0 0 0 0 0
P3276 2062 4 0 21 3 0 0 5 2 0 10 31 43 52 0 0 0 0 0 58 0 0 19 17 20 31 34 17 0 0 0 10 -999
P3276 2062 5 0 0 52 6 0 0 0 0 8 0 0 0 0 0 0 0 0 0 17 5 0 0 0 0 0 0 0 28 36 25 19
P3276 2062 6 18 6 5 0 0 0 0 0 0 0 21 16 0 0 0 0 0 0 0 0 0 0 0 0 0 0 0 0 0 0 -999
P3276 2062 7 0 0 0 0 0 0 0 0 0 0 0 0 0 0 0 0 0 0 0 0 0 0 0 0 0 0 0 0 0 0 0
P3276 2062 8 0 0 0 0 0 0 0 0 0 0 0 0 0 0 0 0 0 0 0 0 0 0 0 0 0 0 0 0 0 0 0
P3276 2062 9 0 0 0 0 0 0 0 0 0 0 0 0 0 0 0 0 0 0 0 0 0 0 0 0 0 0 0 0 0 30 -999
P3276 2062 10 53 0 0 0 0 0 0 7 0 0 0 0 0 0 0 0 0 0 0 12 51 35 57 0 35 7 52 84 32 6 0
P3276 2062 11 0 0 8 6 82 131 6 12 0 0 16 25 4 15 12 0 0 16 9 27 18 18 80 86 188 2 6 0 0 0 -999
P3276 2062 12 0 0 0 0 0 0 19 13 4 30 90 0 0 0 0 12 12 0 0 11 28 22 7 6 11 0 0 0 9 0 0
P3276 2063 1 0 0 9 11 9 3 0 0 0 0 0 0 0 0 0 0 0 0 0 2 3 3 2 23 0 41 79 7 0 0 0
P3276 2063 2 0 0 0 0 0 0 19 7 9 19 0 0 0 9 43 0 17 0 0 0 10 9 15 20 0 0 0 2 -999 -999 -999
P3276 2063 3 4 18 31 46 0 19 14 10 10 30 199 28 54 51 76 71 29 0 0 19 19 7 7 122 129 83 60 111 135 30 0
P3276 2063 4 22 11 21 0 0 0 0 0 0 66 92 37 7 18 13 17 5 12 0 0 0 26 7 8 23 0 12 35 24 6 -999
P3276 2063 5 8 0 0 0 0 0 0 0 0 4 4 22 50 67 29 33 14 15 16 0 0 59 5 0 0 0 0 0 0 0 0
P3276 2063 6 0 0 0 0 0 0 0 0 0 0 0 0 0 0 0 0 0 0 0 0 0 0 0 0 0 0 0 0 0 0 -999
P3276 2063 7 0 0 0 0 0 0 0 0 0 0 0 0 0 0 0 0 0 0 0 0 0 0 0 0 0 0 0 0 0 0 0
P3276 2063 8 0 0 0 0 0 0 0 0 0 0 0 0 0 0 0 0 0 0 0 0 0 0 0 0 0 0 0 0 0 0 0
P3276 2063 9 0 0 0 0 0 0 0 0 0 0 0 0 0 0 0 0 0 0 0 0 0 0 0 0 0 0 51 0 0 0 -999
P3276 2063 10 0 0 0 0 58 46 0 0 0 41 73 14 7 61 48 19 0 0 0 64 47 71 35 0 0 0 0 84 22 28 0
P3276 2063 11 0 0 0 0 0 0 0 0 0 0 8 0 0 0 0 0 0 0 0 8 5 0 0 17 54 9 12 88 34 45 -999
P3276 2063 12 80 82 26 0 21 13 8 0 0 6 36 118 42 71 0 0 0 7 0 0 0 0 13 6 6 5 5 0 0 96 10
P3276 2064 1 0 0 0 63 3 65 0 0 0 6 59 41 9 20 23 3 5 61 26 12 50 76 87 0 0 0 11 18 24 7 0
P3276 2064 2 0 0 0 0 0 0 0 0 0 0 0 0 35 79 37 40 25 33 0 0 0 0 0 0 3 50 80 54 -999 -999 -999
P3276 2064 3 19 16 7 145 160 129 0 15 0 59 133 39 0 0 0 7 0 7 16 0 0 5 62 29 15 0 13 0 0 6 6
P3276 2064 4 4 4 6 51 73 61 0 16 4 45 0 0 0 0 0 3 35 16 9 4 14 0 5 79 62 0 0 9 9 0 -999
P3276 2064 5 0 13 15 0 0 0 0 0 0 0 0 9 0 14 4 7 0 0 0 10 0 0 0 5 0 0 0 0 0 0 0
P3276 2064 6 0 0 0 0 0 0 0 0 0 0 0 0 0 0 0 0 0 0 0 0 0 0 0 0 0 0 0 0 0 0 -999
P3276 2064 7 0 0 0 0 0 0 0 0 0 0 0 0 0 0 0 0 0 0 0 0 0 0 0 0 0 0 0 0 0 0 0
P3276 2064 8 0 0 0 0 0 0 0 0 0 0 0 0 0 0 0 0 0 0 0 0 0 0 0 0 0 0 0 0 0 0 0
P3276 2064 9 0 0 0 0 0 0 0 0 0 0 49 0 0 0 0 0 0 0 0 0 0 79 72 0 0 0 0 37 0 0 -999
P3276 2064 10 0 0 0 37 0 0 0 0 0 9 8 26 0 0 0 0 0 0 0 0 0 10 19 43 23 0 0 0 0 0 0
P3276 2064 11 0 0 0 0 0 17 14 17 0 84 0 0 0 0 9 5 0 0 0 0 0 15 21 73 45 6 0 28 56 17 -999
P3276 2064 12 0 0 0 0 4 0 0 4 8 174 80 11 0 0 0 0 0 0 0 9 68 229 0 0 0 0 10 29 59 116 160
P3276 2065 1 50 112 15 8 9 9 94 124 84 119 52 71 39 15 0 0 0 0 0 0 0 0 4 9 0 0 0 0 0 0 0
P3276 2065 2 52 138 42 137 0 0 0 0 0 0 6 0 0 0 0 0 0 0 2 3 5 0 0 0 27 52 0 0 -999 -999 -999
P3276 2065 3 14 0 0 0 0 8 17 5 15 6 0 0 0 0 0 0 14 4 0 0 0 0 0 52 4 18 27 49 25 28 70
P3276 2065 4 62 52 66 32 7 9 0 0 0 0 26 57 101 111 107 66 23 0 0 0 0 0 0 0 3 26 11 0 22 9 -999
P3276 2065 5 26 0 10 21 10 5 9 31 32 31 15 10 0 8 0 22 39 0 0 0 5 0 0 0 0 0 0 0 0 0 9
P3276 2065 6 18 24 19 31 27 18 14 6 7 0 0 41 23 0 0 0 0 0 0 0 0 0 0 0 0 0 0 0 0 0 -999
P3276 2065 7 0 0 0 0 0 0 0 0 0 0 0 0 0 0 0 0 0 0 0 0 0 0 0 0 0 0 0 0 0 0 0
P3276 2065 8 0 0 0 0 0 0 0 0 0 0 0 0 0 0 0 0 0 0 0 0 0 0 0 0 0 0 0 0 0 0 0
P3276 2065 9 0 0 0 0 0 0 0 0 0 0 0 0 0 0 0 0 0 0 0 46 85 106 116 94 42 0 31 40 22 0 -999
P3276 2065 10 0 0 0 0 0 0 0 0 12 20 35 20 0 0 0 0 7 11 85 0 0 0 0 0 0 0 0 0 0 0 0
P3276 2065 11 0 0 0 0 109 75 0 67 8 0 0 0 0 0 0 0 0 0 0 0 0 4 0 0 0 16 3 0 0 0 -999
P3276 2065 12 0 0 0 0 0 5 0 0 0 3 69 42 53 0 0 0 0 0 0 4 24 22 89 90 47 19 22 33 14 0 0
P3276 2066 1 0 0 0 0 9 0 0 0 13 4 2 0 0 0 12 16 3 0 0 0 0 0 0 0 0 0 0 0 0 0 0
P3276 2066 2 0 0 0 0 3 2 9 9 9 0 0 0 0 0 0 0 3 20 10 6 0 0 0 6 16 35 8 6 -999 -999 -999
P3276 2066 3 17 121 145 116 148 133 171 66 123 80 23 20 13 6 40 45 24 7 10 43 51 49 18 15 34 0 0 12 30 4 33
P3276 2066 4 29 4 0 0 0 0 10 62 19 0 0 0 0 0 0 17 15 22 12 4 0 0 0 0 0 0 0 0 0 0 -999
P3276 2066 5 0 0 0 0 0 0 0 0 0 0 0 0 0 0 0 0 59 13 0 0 0 0 7 0 11 0 0 0 0 36 8
P3276 2066 6 6 0 0 0 0 0 0 0 12 0 0 0 0 0 0 0 0 0 0 0 0 0 0 0 0 0 0 0 0 0 -999
P3276 2066 7 0 0 0 0 0 0 0 0 0 0 0 0 0 0 0 0 0 0 0 0 0 0 0 0 0 0 0 0 0 0 0
P3276 2066 8 0 0 0 0 0 0 0 0 0 0 0 0 0 0 0 0 0 0 0 0 0 0 0 0 0 0 0 0 0 0 0
P3276 2066 9 0 0 0 0 0 0 0 0 0 0 0 0 0 0 0 0 0 0 0 0 0 0 0 0 0 0 0 0 0 0 -999
P3276 2066 10 0 0 0 0 0 0 0 0 0 0 0 0 77 54 27 200 80 47 16 0 0 5 38 0 35 35 49 40 30 16 72
P3276 2066 11 42 35 37 0 6 8 14 21 19 51 22 17 0 0 0 40 38 22 56 85 94 454 57 0 0 26 121 54 161 349 -999
P3276 2066 12 202 75 76 30 0 0 0 0 4 5 19 75 211 573 58 68 226 118 4 0 0 4 38 16 14 28 12 7 5 4 3
P3276 2067 1 3 8 53 101 91 80 45 86 99 29 27 37 86 85 109 93 74 91 181 26 0 32 92 96 85 89 54 20 32 73 45
P3276 2067 2 26 24 12 8 0 0 0 20 155 10 4 11 17 0 0 0 0 36 15 23 35 31 23 15 10 7 16 0 -999 -999 -999
P3276 2067 3 0 0 3 9 0 0 0 0 0 0 0 0 21 0 15 5 0 0 0 0 0 0 0 15 9 34 24 49 17 7 0
P3276 2067 4 0 0 0 0 0 0 10 37 36 9 0 0 10 8 28 29 18 16 22 17 24 0 0 0 27 43 37 32 0 20 -999
P3276 2067 5 0 0 0 0 0 56 12 4 47 59 58 68 75 86 54 23 22 19 33 33 36 31 12 0 0 0 0 0 0 0 0
P3276 2067 6 0 0 0 0 0 0 0 13 83 0 0 0 0 0 0 0 0 0 0 0 0 0 0 0 0 0 0 0 0 0 -999
P3276 2067 7 0 0 0 0 0 0 0 0 0 0 0 0 0 0 0 0 0 0 0 0 0 0 0 0 0 0 0 0 0 0 0
P3276 2067 8 0 0 0 0 0 0 0 0 0 0 0 0 0 0 0 0 0 0 0 0 0 0 0 0 0 0 0 0 0 0 0
P3276 2067 9 0 0 0 0 0 0 0 0 0 0 0 0 0 0 0 0 0 0 0 0 0 0 0 0 0 0 0 0 0 0 -999
P3276 2067 10 0 0 0 0 0 0 43 78 53 0 0 0 0 0 0 0 0 0 0 0 0 0 0 0 0 0 0 0 0 0 42
P3276 2067 11 56 58 121 67 17 37 92 68 272 149 26 125 41 80 9 46 0 11 32 7 0 0 0 20 54 11 14 0 9 0 -999
P3276 2067 12 0 0 0 5 76 112 4 0 62 25 28 330 20 6 0 0 0 0 0 50 18 4 4 0 0 0 0 0 0 0 0
P3276 2068 1 2 0 0 0 0 0 0 0 0 21 154 36 0 0 0 0 0 23 13 9 8 11 5 11 7 14 13 2 64 44 157
P3276 2068 2 28 9 6 0 0 11 18 6 19 112 16 16 7 5 76 87 41 0 0 0 15 0 6 19 17 7 0 0 -999 -999 -999
P3276 2068 3 0 0 0 48 2 4 5 0 19 112 51 24 5 0 0 4 21 12 27 43 13 0 0 12 0 0 0 0 0 0 0
P3276 2068 4 16 0 0 0 15 23 0 0 0 0 0 0 0 0 0 0 0 0 0 0 4 0 15 9 19 0 0 23 9 0 -999
P3276 2068 5 0 0 0 8 107 116 89 22 7 27 33 58 80 35 34 26 10 12 11 16 27 16 0 0 20 0 0 0 0 0 0
P3276 2068 6 0 0 0 0 0 0 0 0 0 0 0 0 0 0 0 0 0 0 0 0 0 0 0 0 0 0 0 0 0 0 -999
P3276 2068 7 0 0 0 0 0 0 0 0 0 0 0 0 0 0 0 0 0 0 0 0 0 0 0 0 0 0 0 0 0 0 0
P3276 2068 8 0 0 0 0 0 0 0 0 0 0 0 0 0 0 0 0 0 0 0 0 0 0 0 0 0 12 0 0 0 0 0
P3276 2068 9 0 0 0 0 0 0 0 0 0 0 0 0 0 0 0 0 0 0 9 79 85 82 53 38 51 43 45 36 14 56 -999
P3276 2068 10 36 48 35 20 0 0 0 43 0 0 0 0 48 39 0 0 0 0 5 0 0 37 65 30 21 0 0 0 4 32 38
P3276 2068 11 0 0 0 0 0 0 11 0 0 0 0 0 0 0 0 84 13 10 11 0 11 175 30 36 28 0 0 0 5 9 -999
P3276 2068 12 0 6 62 25 183 100 8 0 6 24 34 20 32 17 6 9 88 108 67 0 0 19 0 0 0 16 32 0 0 0 0
P3276 2069 1 0 0 0 0 0 0 46 6 16 122 104 23 10 5 0 0 0 0 0 0 0 0 3 3 4 6 32 68 204 278 583
P3276 2069 2 309 103 149 0 145 45 53 85 104 101 67 65 42 109 12 0 0 0 0 0 0 0 0 0 0 0 0 3 -999 -999 -999
P3276 2069 3 24 95 11 8 22 24 12 7 13 23 43 20 0 0 0 0 0 0 0 0 0 0 0 20 11 0 14 45 60 20 0
P3276 2069 4 3 0 0 0 0 0 21 82 20 34 85 213 33 43 56 52 27 30 43 30 22 0 0 0 0 0 0 7 43 52 -999
P3276 2069 5 69 68 25 0 16 17 32 28 19 17 0 0 0 0 0 0 12 0 12 21 26 0 0 0 16 31 0 20 14 0 0
P3276 2069 6 0 0 0 0 0 0 0 0 0 0 0 0 0 0 0 0 0 0 0 0 0 0 0 0 0 0 0 0 0 0 -999
P3276 2069 7 0 23 14 0 0 0 0 0 0 0 0 0 0 0 0 0 0 0 0 0 0 0 0 0 0 0 0 0 0 0 0
P3276 2069 8 0 0 0 0 0 0 0 0 0 0 0 0 0 0 0 0 0 0 0 0 0 0 0 0 0 0 0 0 0 0 0
P3276 2069 9 0 0 0 0 0 0 0 0 0 0 0 0 0 0 0 0 0 0 0 66 42 0 0 0 29 0 32 36 173 54 -999
P3276 2069 10 52 39 39 36 29 0 0 0 0 0 0 0 0 0 0 19 9 3 0 0 17 28 86 86 32 11 9 0 0 0 21
P3276 2069 11 57 49 207 60 0 0 0 0 10 47 127 134 115 81 5 12 0 0 0 0 5 0 27 55 15 139 87 229 287 31 -999
P3276 2069 12 0 24 118 125 119 129 13 5 0 0 0 0 6 0 0 0 0 0 0 0 0 2 112 117 0 0 7 7 5 2 0
P3276 2070 1 4 7 35 61 102 36 10 0 32 17 0 0 0 0 0 0 10 34 71 164 106 35 53 109 192 44 309 39 26 154 151
P3276 2070 2 138 195 293 56 6 2 7 4 17 193 38 60 10 18 35 56 20 17 0 0 3 5 119 62 42 33 92 13 -999 -999 -999
P3276 2070 3 22 4 0 0 0 0 5 13 46 66 56 60 58 42 0 0 0 91 79 15 65 57 82 0 60 36 0 0 0 0 0
P3276 2070 4 7 63 35 0 46 44 80 102 40 22 32 33 10 9 6 41 23 3 5 0 15 24 40 27 21 12 14 32 14 0 -999
P3276 2070 5 0 0 0 0 37 8 10 17 0 0 0 31 21 86 42 56 0 0 21 0 0 0 0 8 7 0 0 0 0 0 0
P3276 2070 6 15 12 0 0 0 48 0 0 0 0 0 0 0 0 0 0 0 0 0 0 0 0 0 0 0 0 0 0 0 0 -999
P3276 2070 7 0 0 0 0 0 0 0 0 0 0 0 0 0 0 0 0 0 0 0 0 0 0 0 0 0 0 0 0 0 0 0
P3276 2070 8 0 0 0 0 0 0 0 0 0 0 0 0 0 0 0 0 0 0 0 0 0 0 0 0 0 0 0 0 0 0 0
P3276 2070 9 0 0 0 0 0 0 6 0 0 0 0 0 0 0 0 0 0 0 0 0 0 0 0 0 0 10 0 13 52 52 -999
P3276 2070 10 44 41 73 43 0 0 51 85 89 66 55 62 38 5 3 28 33 23 40 81 49 47 22 10 0 0 0 0 0 23 25
P3276 2070 11 66 82 56 17 10 12 19 15 52 13 113 261 57 48 0 0 123 11 0 65 69 58 75 12 0 0 0 0 0 0 -999
P3276 2070 12 0 0 24 0 0 0 0 0 0 11 10 8 1 2 0 0 0 0 25 0 0 94 30 38 62 0 33 117 261 70 0
P3276 2071 1 0 0 30 74 18 19 0 0 65 55 73 134 59 64 140 117 151 144 130 85 33 11 63 92 48 9 17 47 0 45 194
P3276 2071 2 52 0 0 2 16 159 62 10 25 0 0 2 3 0 0 0 0 0 7 61 92 22 37 0 26 87 164 15 -999 -999 -999
P3276 2071 3 0 0 0 0 0 0 0 0 0 42 56 0 0 0 2 11 6 0 23 22 0 0 0 0 4 4 0 0 0 3 0
P3276 2071 4 8 2 0 0 6 0 0 0 0 0 0 0 0 0 0 0 0 0 0 0 13 3 4 7 0 0 0 0 0 0 -999
P3276 2071 5 0 0 0 0 0 0 0 0 0 0 0 0 0 0 10 5 0 0 14 16 50 0 0 0 0 0 0 0 0 0 0
P3276 2071 6 0 47 58 18 31 51 60 28 21 0 0 0 0 0 0 0 0 0 0 0 0 0 0 0 0 0 0 0 0 0 -999
P3276 2071 7 0 0 0 0 0 0 0 0 0 0 0 0 0 0 0 0 0 0 0 0 0 0 0 0 0 0 0 0 0 0 0
P3276 2071 8 0 0 0 0 0 0 0 0 0 0 0 0 0 0 0 0 0 0 0 0 0 0 0 0 0 0 0 0 0 0 0
P3276 2071 9 0 0 0 0 0 0 0 0 0 0 0 0 0 0 0 0 0 0 0 0 0 0 0 0 0 0 0 0 0 0 -999
P3276 2071 10 0 0 0 0 0 0 0 0 20 27 22 12 0 0 0 0 0 0 0 0 0 0 0 0 3 0 0 0 0 0 0
P3276 2071 11 54 39 0 0 0 0 5 12 75 35 23 107 0 0 0 5 5 0 0 0 0 0 0 0 0 5 23 5 0 0 -999
P3276 2071 12 0 0 50 0 43 172 20 8 0 0 0 0 0 0 0 0 0 0 7 0 0 0 0 0 0 0 0 0 0 0 0
P3276 2072 1 0 0 0 0 0 30 5 19 0 81 23 9 0 0 76 15 0 0 0 0 3 67 196 13 0 0 14 51 190 42 146
P3276 2072 2 26 0 10 19 185 61 0 75 0 190 96 196 147 97 81 119 140 214 141 157 618 575 209 103 11 0 2 9 -999 -999 -999
P3276 2072 3 0 0 0 6 6 27 66 133 31 0 0 9 7 0 0 0 0 0 12 8 6 35 50 31 14 0 0 110 103 12 0
P3276 2072 4 0 0 0 0 0 54 41 59 70 43 33 15 0 19 76 65 34 13 21 46 56 62 104 109 65 0 0 0 9 6 -999
P3276 2072 5 6 0 0 80 52 0 35 32 33 55 28 8 2 0 0 0 0 3 2 0 0 0 0 0 0 0 0 11 0 21 24
P3276 2072 6 20 24 62 23 0 0 0 7 0 0 0 0 0 0 0 0 0 0 0 0 0 0 0 0 0 0 0 0 0 0 -999
P3276 2072 7 0 0 0 0 0 0 0 0 0 0 0 0 0 0 0 0 0 0 0 0 0 0 0 0 0 0 0 0 0 0 0
P3276 2072 8 0 0 0 0 0 0 0 0 0 0 0 0 0 0 0 0 0 0 0 0 0 0 0 0 0 0 0 0 0 0 0
P3276 2072 9 0 0 0 0 0 0 0 0 0 0 0 0 0 0 0 0 0 0 0 0 0 0 0 0 0 0 0 0 0 0 -999
P3276 2072 10 35 38 0 0 0 0 23 0 0 0 0 0 0 0 0 0 37 27 28 0 0 27 0 6 29 43 19 0 0 9 52
P3276 2072 11 0 58 0 10 20 97 61 66 144 189 253 68 6 4 17 34 0 0 0 0 0 14 29 108 22 27 298 21 13 16 -999
P3276 2072 12 0 0 0 0 0 10 192 69 0 0 0 0 0 0 0 0 0 0 0 0 0 0 0 0 0 0 8 0 0 2 1
P3276 2073 1 0 0 0 0 0 7 3 0 0 0 0 0 13 0 0 0 0 0 0 0 0 0 0 0 0 0 8 0 0 0 0
P3276 2073 2 0 0 12 31 41 0 54 29 134 280 147 75 49 60 110 32 88 14 18 0 0 0 0 0 0 0 0 0 -999 -999 -999
P3276 2073 3 0 0 0 0 0 0 0 2 33 11 7 6 0 0 3 0 8 14 38 40 39 43 17 0 0 0 0 14 12 0 0
P3276 2073 4 0 0 0 0 0 0 0 0 0 0 0 0 0 9 64 44 32 20 14 10 0 0 0 27 28 15 7 0 0 0 -999
P3276 2073 5 4 25 0 0 0 0 0 0 0 0 0 0 0 0 8 31 21 30 43 32 12 0 29 49 13 0 14 11 0 0 0
P3276 2073 6 0 0 0 0 0 0 0 0 0 0 0 0 0 0 0 0 0 0 0 0 0 0 0 0 0 0 0 0 0 0 -999
P3276 2073 7 0 0 0 0 0 0 0 0 0 0 0 0 0 0 0 0 0 0 0 0 0 0 0 0 0 0 0 0 0 0 0
P3276 2073 8 0 0 0 0 0 0 0 0 0 0 0 0 0 0 0 0 0 0 0 0 0 0 0 0 0 0 0 0 0 0 0
P3276 2073 9 0 0 0 8 27 11 9 0 0 0 0 23 25 0 0 0 0 0 0 0 30 0 0 0 0 0 0 32 17 0 -999
P3276 2073 10 26 0 0 0 0 0 6 77 9 21 32 13 0 0 0 0 0 0 39 9 0 0 0 0 0 0 27 53 9 0 12
P3276 2073 11 15 17 11 0 0 0 97 111 144 273 145 22 8 0 0 0 0 0 11 4 8 34 15 35 22 25 27 21 25 30 -999
P3276 2073 12 42 69 50 32 9 155 12 44 0 0 0 0 0 0 0 0 32 20 0 86 131 117 0 0 64 9 17 0 0 0 0
P3276 2074 1 0 0 0 0 0 0 0 0 0 16 0 0 0 0 0 0 0 13 49 26 4 0 0 0 3 4 3 3 1 1 1
P3276 2074 2 0 0 0 0 0 0 3 7 88 24 0 0 0 0 0 0 0 0 0 0 3 6 18 0 2 2 14 3 -999 -999 -999
P3276 2074 3 16 10 5 0 0 0 0 0 0 0 0 0 0 5 5 0 0 0 0 0 12 3 0 0 0 0 0 0 0 0 3
P3276 2074 4 4 0 0 0 0 0 0 0 0 0 0 0 0 0 0 0 0 0 0 0 0 0 0 0 14 25 28 10 0 0 -999
P3276 2074 5 0 0 0 9 72 96 82 44 38 74 90 82 59 13 16 0 0 0 0 30 39 29 51 0 0 0 0 0 0 0 0
P3276 2074 6 0 0 0 0 0 0 0 0 0 0 0 0 0 0 0 0 0 0 29 0 0 0 0 0 0 0 0 0 0 0 -999
P3276 2074 7 0 0 15 0 0 0 0 0 0 0 0 0 0 0 0 0 0 0 0 0 0 0 0 0 0 0 0 0 0 0 0
P3276 2074 8 0 0 0 0 0 0 0 0 0 0 0 0 0 0 0 0 0 0 0 0 0 0 0 0 0 0 0 0 0 0 0
P3276 2074 9 0 0 0 0 0 0 0 0 0 0 0 0 0 0 0 0 0 0 0 0 0 0 28 16 5 15 10 3 0 0 -999
P3276 2074 10 0 0 31 0 0 0 0 30 33 34 18 0 0 0 0 0 0 0 33 0 0 0 0 0 0 0 0 0 7 10 0
P3276 2074 11 0 0 54 0 0 0 0 0 40 64 25 8 0 0 0 0 35 12 30 54 107 0 31 57 113 36 23 23 10 4 -999
P3276 2074 12 0 0 10 15 3 4 0 0 6 0 0 19 23 92 140 532 236 60 124 9 130 100 2 1 3 12 36 172 182 294 93
P3276 2075 1 50 107 149 339 129 69 9 10 16 10 36 15 119 6 8 0 0 0 0 0 0 0 0 0 0 3 2 2 10 28 19
P3276 2075 2 170 0 0 0 45 140 55 51 60 0 101 168 51 12 6 3 8 8 43 17 76 42 18 17 0 0 0 0 -999 -999 -999
P3276 2075 3 0 0 0 33 65 55 32 0 0 66 23 16 93 82 13 0 0 60 142 24 10 23 36 74 28 23 9 16 14 16 54
P3276 2075 4 39 3 9 0 0 5 0 0 3 0 0 0 0 0 0 0 14 0 20 16 0 0 3 0 0 0 0 0 0 59 -999
P3276 2075 5 9 17 116 117 86 71 62 43 10 6 6 30 59 46 23 27 40 62 47 58 39 24 18 0 0 0 0 0 0 0 0
P3276 2075 6 0 0 0 0 0 0 0 0 0 0 0 0 0 0 0 0 0 0 0 0 0 0 0 0 0 0 0 0 0 0 -999
P3276 2075 7 0 0 0 0 0 0 0 0 0 0 0 0 0 0 0 0 0 0 0 0 0 0 0 0 0 0 0 0 0 0 0
P3276 2075 8 0 0 0 0 0 0 0 0 0 0 0 0 0 0 0 0 0 0 0 0 0 0 0 0 0 0 0 0 0 0 0
P3276 2075 9 0 0 0 0 0 0 0 0 0 0 0 0 0 0 0 0 0 0 0 0 0 0 0 0 0 0 56 66 0 30 -999
P3276 2075 10 0 0 41 30 0 0 0 6 7 0 0 0 0 0 0 0 0 29 63 49 17 0 0 0 0 0 0 44 9 0 0
P3276 2075 11 11 40 27 50 29 10 53 83 111 53 26 122 94 147 0 44 113 54 33 0 0 0 0 4 0 0 46 8 19 4 -999
P3276 2075 12 0 0 0 0 27 60 68 42 139 19 0 62 109 68 0 0 0 0 0 0 0 0 9 0 0 15 5 0 0 0 0
P3276 2076 1 0 0 0 0 0 0 0 0 0 0 0 0 0 7 17 7 0 0 0 0 0 0 0 0 0 0 6 28 18 11 0
P3276 2076 2 0 17 0 0 0 0 0 53 113 9 0 0 0 0 0 0 0 0 26 17 20 0 0 0 0 0 0 0 -999 -999 -999
P3276 2076 3 0 0 0 0 0 21 9 6 48 97 44 0 0 20 9 7 16 78 11 0 0 0 0 0 0 0 0 0 0 0 0
P3276 2076 4 0 11 17 23 42 0 0 0 0 0 0 9 4 0 0 16 0 0 45 88 114 112 111 70 0 0 13 16 3 0 -999
P3276 2076 5 4 46 59 15 9 0 0 0 0 0 0 0 10 31 20 0 0 26 25 32 34 30 25 0 0 19 50 66 30 30 12
P3276 2076 6 57 70 39 0 0 0 21 16 0 0 0 0 0 0 0 0 0 0 0 0 0 0 0 0 0 0 0 0 0 0 -999
P3276 2076 7 0 0 0 0 0 0 0 0 0 0 0 0 0 0 0 0 0 0 0 0 0 0 0 0 0 0 0 0 0 0 0
P3276 2076 8 0 0 0 0 0 0 0 0 0 0 0 0 0 0 0 0 0 0 0 0 0 0 0 0 0 0 0 0 0 0 0
P3276 2076 9 0 0 0 0 0 0 0 0 0 0 0 0 0 0 0 0 0 0 0 0 0 0 9 50 0 0 36 71 33 22 -999
P3276 2076 10 0 0 5 0 0 0 0 0 0 0 7 13 116 91 95 35 0 62 24 0 0 16 17 31 0 0 0 0 0 0 0
P3276 2076 11 0 0 0 0 0 0 0 0 6 9 6 50 4 3 7 18 103 104 10 15 0 0 0 29 6 0 0 0 0 0 -999
P3276 2076 12 0 0 0 0 0 0 0 0 62 0 0 0 0 0 0 3 4 17 0 0 0 0 0 0 0 0 0 0 0 4 3
P3276 2077 1 0 0 0 0 0 0 0 0 0 0 0 25 180 293 46 33 0 0 8 0 28 32 83 83 182 76 85 32 0 30 11
P3276 2077 2 0 0 0 5 45 76 12 0 0 0 0 3 5 6 8 13 11 9 0 0 0 0 0 0 0 0 0 0 -999 -999 -999
P3276 2077 3 0 0 7 5 10 18 11 5 8 10 47 10 35 30 10 62 80 128 59 25 14 12 0 0 0 14 10 24 18 5 5
P3276 2077 4 0 0 0 0 0 0 0 7 50 0 0 0 0 0 0 0 0 0 0 0 0 0 0 0 0 21 6 5 0 0 -999
P3276 2077 5 0 0 0 0 4 71 92 89 36 18 17 0 0 0 0 0 0 0 0 0 0 0 14 102 76 76 49 0 0 0 0
P3276 2077 6 0 0 27 24 0 0 0 0 0 38 27 30 38 36 0 0 0 0 0 0 0 0 0 0 0 0 0 0 0 0 -999
P3276 2077 7 0 0 0 0 0 0 0 0 0 0 0 0 0 0 0 0 0 0 0 0 0 0 0 0 0 0 0 0 0 0 0
P3276 2077 8 0 0 0 0 0 0 0 0 0 0 0 0 0 0 0 0 0 0 0 0 0 0 0 0 0 0 0 0 0 0 0
P3276 2077 9 0 0 0 0 0 0 0 0 0 0 0 0 0 0 0 0 0 0 0 0 0 0 0 0 0 0 0 10 0 0 -999
P3276 2077 10 0 0 0 0 0 0 0 0 0 0 0 0 0 0 7 0 0 0 0 7 17 68 38 30 0 0 0 25 18 0 0
P3276 2077 11 0 0 81 85 245 57 69 106 35 28 24 55 129 114 142 217 97 109 16 0 3 80 13 51 3 0 14 24 3 0 -999
P3276 2077 12 0 0 0 0 0 18 0 5 8 119 517 126 87 181 84 12 61 126 195 272 231 104 106 128 455 165 304 67 11 32 12
P3276 2078 1 0 22 59 55 5 123 0 111 11 22 12 0 0 0 0 0 0 0 0 0 0 55 67 30 0 0 0 0 0 0 0
P3276 2078 2 0 5 5 4 5 14 100 23 0 0 49 4 7 35 35 0 18 9 2 0 10 8 10 21 0 18 0 5 -999 -999 -999
P3276 2078 3 27 59 63 0 0 3 36 14 0 34 99 41 41 106 37 0 0 4 0 0 8 0 0 47 0 0 10 19 27 74 20
P3276 2078 4 29 92 8 21 53 63 59 13 36 0 0 0 4 4 6 8 10 126 144 63 0 0 0 0 0 0 0 24 56 21 -999
P3276 2078 5 18 16 0 21 18 29 14 13 0 0 0 9 114 92 36 36 42 19 0 0 0 0 0 0 0 0 0 0 0 0 0
P3276 2078 6 0 0 0 0 0 0 0 0 0 0 0 0 0 0 0 0 0 0 0 0 0 0 0 0 0 0 0 0 0 0 -999
P3276 2078 7 0 0 0 0 0 0 0 0 0 0 0 0 0 0 0 0 0 0 0 0 0 0 0 0 0 0 0 0 0 0 0
P3276 2078 8 0 0 0 0 0 0 0 0 0 0 0 0 0 0 0 0 0 0 0 0 0 0 0 0 0 0 0 0 0 0 0
P3276 2078 9 0 0 8 11 0 0 0 0 0 0 0 0 0 0 0 0 0 0 0 0 0 0 0 0 0 0 0 0 0 0 -999
P3276 2078 10 0 0 0 0 0 0 0 0 0 0 0 0 0 0 0 0 0 0 0 0 0 0 0 28 17 0 0 0 0 23 42
P3276 2078 11 55 54 62 59 15 0 0 0 0 0 0 0 0 0 0 0 0 0 0 14 0 0 3 3 10 0 0 147 12 150 -999
P3276 2078 12 0 0 0 0 0 0 0 0 0 0 0 0 0 0 12 18 9 3 0 0 0 0 0 0 20 18 36 104 27 90 250
P3276 2079 1 16 9 0 74 1 3 2 3 0 0 0 0 0 0 0 0 0 0 0 0 0 0 0 0 2 2 8 13 0 0 0
P3276 2079 2 0 0 0 3 8 35 6 21 64 9 19 33 40 30 16 9 0 0 8 11 98 20 56 71 82 64 126 97 -999 -999 -999
P3276 2079 3 33 126 28 82 0 0 0 3 4 4 4 28 9 0 10 6 0 0 19 24 84 76 27 13 14 2 1 1 1 2 21
P3276 2079 4 102 112 52 33 43 37 54 51 5 0 0 0 0 0 0 0 0 0 0 4 0 0 0 0 0 13 18 0 0 4 -999
P3276 2079 5 18 19 22 0 0 0 0 0 0 0 0 0 0 0 71 0 0 0 0 0 0 0 0 0 0 0 0 0 0 0 0
P3276 2079 6 0 0 0 0 0 0 0 0 0 0 0 0 0 0 0 0 0 0 0 0 0 0 0 0 0 0 0 0 0 0 -999
P3276 2079 7 0 0 0 0 0 0 0 0 0 0 0 0 0 0 0 0 0 0 0 0 0 0 0 0 0 0 0 0 0 0 0
P3276 2079 8 0 0 0 0 0 0 0 0 0 0 0 0 0 0 0 0 0 0 0 0 0 0 0 0 0 0 0 0 0 0 0
P3276 2079 9 0 0 0 0 0 0 0 0 0 0 40 0 0 0 0 0 0 0 0 0 0 0 0 0 0 0 0 0 0 36 -999
P3276 2079 10 49 0 0 0 0 0 0 8 0 0 0 0 0 0 0 0 0 6 8 52 48 67 37 118 115 0 0 0 0 0 0
P3276 2079 11 0 58 37 0 30 0 0 0 0 0 0 0 0 0 0 0 0 0 0 0 6 0 10 0 0 13 96 17 33 118 -999
P3276 2079 12 5 0 0 0 5 14 46 48 36 30 87 0 0 0 85 168 442 177 283 51 6 8 15 0 0 0 0 2 0 0 0
P3276 2080 1 0 0 0 2 0 0 0 0 0 0 0 20 4 4 7 0 0 0 26 23 21 17 142 17 22 36 0 0 75 0 0
P3276 2080 2 0 0 0 0 5 0 0 0 0 14 11 67 70 30 0 0 3 9 0 0 24 11 14 31 0 0 0 0 -999 -999 -999
P3276 2080 3 0 0 0 0 0 0 0 0 2 0 0 0 0 0 0 0 0 0 0 0 6 0 3 0 0 0 0 2 6 7 7
P3276 2080 4 11 29 32 17 30 78 76 255 121 19 4 7 15 18 2 6 50 32 47 18 6 6 15 22 36 50 39 18 9 22 -999
P3276 2080 5 88 110 39 13 0 0 0 0 0 0 0 0 0 0 0 0 6 6 0 0 0 0 0 11 0 0 0 0 0 0 49
P3276 2080 6 0 0 17 11 0 0 22 24 11 0 0 0 0 32 36 0 0 0 0 0 0 0 0 0 0 0 0 0 0 0 -999
P3276 2080 7 0 0 0 0 0 0 0 0 0 0 0 0 0 0 0 0 0 0 0 0 0 0 0 0 0 0 0 0 0 0 0
P3276 2080 8 0 0 0 0 0 0 0 0 0 0 0 0 0 0 0 0 0 0 0 0 0 0 0 24 33 24 0 0 0 0 0
P3276 2080 9 0 0 0 0 0 0 0 0 0 0 92 0 60 30 0 0 0 0 0 0 0 0 46 68 61 36 25 0 0 0 -999
P3276 2080 10 0 0 0 0 0 0 0 0 0 0 0 42 16 0 0 0 0 0 0 0 0 0 0 71 12 9 27 0 0 0 0
P3276 2080 11 0 0 0 9 13 13 12 0 13 36 23 6 0 0 0 4 117 0 0 0 0 0 0 0 0 0 22 25 18 0 -999
P3276 2080 12 0 0 0 0 0 0 0 84 149 86 49 46 34 47 24 0 0 0 0 0 0 9 16 389 102 114 64 19 12 0 0
P3276 2081 1 0 0 0 0 0 0 0 0 0 0 0 0 0 0 0 0 0 21 37 101 201 363 39 0 4 5 4 0 2 3 0
P3276 2081 2 13 33 108 53 14 33 0 0 0 0 0 0 0 0 0 0 3 8 16 33 11 57 20 19 26 0 68 0 -999 -999 -999
P3276 2081 3 0 0 0 0 0 0 0 0 0 0 77 155 193 93 96 48 166 26 39 17 23 36 88 15 38 97 75 107 98 0 89
P3276 2081 4 75 23 0 18 34 0 0 0 0 0 0 0 0 0 0 0 0 5 0 0 0 19 24 0 0 0 32 25 26 19 -999
P3276 2081 5 17 12 0 0 0 13 12 15 7 8 0 0 0 0 0 0 0 0 0 0 0 0 13 13 0 0 15 35 36 23 0
P3276 2081 6 0 0 0 0 0 19 62 64 36 48 56 17 0 0 0 0 0 0 0 0 0 0 0 0 0 0 0 0 0 0 -999
P3276 2081 7 0 0 0 0 0 0 0 0 0 0 0 0 0 0 0 0 0 0 0 0 0 0 0 0 0 0 0 0 0 0 0
P3276 2081 8 0 0 0 0 0 0 0 0 0 0 0 0 0 0 0 0 0 0 0 0 0 0 0 0 0 0 0 0 0 0 0
P3276 2081 9 0 0 0 0 0 0 0 0 0 0 0 0 0 0 0 0 0 0 0 0 0 0 0 0 0 5 0 0 0 0 -999
P3276 2081 10 0 0 60 10 0 0 0 0 0 11 120 102 50 25 42 44 93 116 105 105 70 19 0 0 0 0 0 0 0 0 43
P3276 2081 11 31 0 55 12 54 0 0 0 0 7 11 20 0 0 97 17 37 20 65 272 120 198 209 27 0 0 0 0 24 37 -999
P3276 2081 12 88 33 20 9 13 24 93 65 22 0 0 6 7 0 0 0 0 0 0 4 87 43 259 41 72 96 7 97 73 0 0
P3276 2082 1 0 0 0 0 0 0 50 19 22 20 0 0 0 1 10 149 0 0 0 10 0 0 0 0 0 2 7 12 12 36 13
P3276 2082 2 0 0 0 9 13 10 0 0 0 0 0 5 0 0 0 0 0 0 0 0 0 0 0 0 0 0 17 0 -999 -999 -999
P3276 2082 3 0 0 15 3 4 0 0 0 26 34 33 24 0 0 0 0 39 122 64 116 5 11 38 48 27 0 12 18 9 6 10
P3276 2082 4 44 78 130 103 32 38 88 81 71 145 181 66 272 27 0 19 4 0 9 124 126 108 61 0 57 50 38 31 37 0 -999
P3276 2082 5 0 0 0 0 0 0 0 0 0 0 0 0 0 0 0 0 0 0 0 0 0 0 0 0 0 0 0 0 0 0 0
P3276 2082 6 0 0 39 33 0 0 28 34 24 20 0 0 0 0 0 0 61 46 50 0 0 0 0 0 0 0 0 0 0 0 -999
P3276 2082 7 0 0 0 0 0 0 0 0 0 0 0 0 0 0 0 0 0 0 0 0 0 0 0 0 0 0 0 0 0 0 0
P3276 2082 8 0 0 0 0 0 0 0 0 0 0 0 0 0 0 0 0 0 0 0 0 0 0 0 0 0 0 0 0 0 0 0
P3276 2082 9 0 0 0 0 0 0 0 0 0 0 0 0 0 0 0 0 0 0 0 0 5 20 49 0 0 0 0 0 0 0 -999
P3276 2082 10 0 0 0 0 0 57 0 0 0 0 0 0 0 8 0 0 0 93 12 87 230 5 0 35 0 0 0 0 0 0 0
P3276 2082 11 0 0 0 10 0 6 6 0 0 0 79 57 0 6 6 84 49 0 0 29 22 33 23 9 4 14 15 85 181 13 -999
P3276 2082 12 19 44 38 13 0 0 0 0 0 0 3 2 0 0 0 0 0 0 0 0 0 0 0 0 0 0 0 0 0 0 0
P3276 2083 1 0 0 0 0 0 0 75 97 48 84 0 0 28 182 53 44 50 39 24 75 84 96 93 36 21 2 5 10 1 9 61
P3276 2083 2 37 110 91 29 0 0 0 11 69 129 237 41 48 47 67 58 182 87 16 34 16 17 44 32 0 6 12 27 -999 -999 -999
P3276 2083 3 64 10 0 0 0 0 17 12 0 0 55 0 0 0 0 0 0 0 0 19 0 0 0 0 0 0 6 12 29 18 14
P3276 2083 4 27 18 12 30 13 0 0 0 0 9 22 0 0 11 0 39 0 3 18 9 8 12 8 6 0 0 0 0 0 0 -999
P3276 2083 5 0 0 0 0 20 0 0 0 7 19 0 4 0 0 0 0 0 0 0 0 0 6 0 0 0 0 0 0 0 0 0
P3276 2083 6 0 0 0 0 0 0 0 0 0 0 0 0 0 0 0 0 0 0 0 0 0 0 0 0 0 0 0 0 0 0 -999
P3276 2083 7 0 0 0 0 0 0 0 0 0 0 0 0 0 0 0 0 0 0 0 0 0 0 0 0 0 0 0 0 0 0 0
P3276 2083 8 0 0 0 0 0 0 0 0 0 0 0 0 0 0 0 0 0 0 0 0 0 0 0 0 0 0 0 0 0 0 0
P3276 2083 9 0 0 0 0 0 0 0 0 0 0 0 0 0 0 0 0 0 0 0 0 0 0 0 0 0 0 0 0 0 67 -999
P3276 2083 10 71 60 48 0 0 0 0 0 0 0 0 0 0 0 0 0 0 0 0 0 0 0 0 4 24 0 0 0 0 0 0
P3276 2083 11 0 0 8 4 3 10 28 12 27 110 0 0 11 61 36 112 130 182 128 114 36 0 5 86 9 0 0 0 8 0 -999
P3276 2083 12 0 0 0 0 0 0 34 10 6 4 10 23 38 2 0 28 73 16 0 0 0 0 0 0 0 0 0 0 0 0 0
P3276 2084 1 0 137 106 0 0 0 0 15 5 0 0 0 12 0 0 0 0 56 229 21 10 102 150 18 9 0 0 0 0 0 0
P3276 2084 2 0 0 8 6 9 5 0 0 0 0 3 11 14 42 0 0 0 5 19 25 6 0 63 122 8 21 37 20 -999 -999 -999
P3276 2084 3 18 36 30 28 68 91 82 67 6 54 94 108 108 99 91 225 121 111 87 215 52 20 7 10 6 3 5 10 8 39 53
P3276 2084 4 73 40 86 107 153 66 47 33 97 30 57 33 0 51 57 23 0 0 9 0 0 0 0 0 0 0 0 0 0 0 -999
P3276 2084 5 0 0 0 41 0 0 0 7 3 0 0 15 0 0 0 0 0 0 0 0 0 0 7 0 0 0 59 34 0 0 0
P3276 2084 6 0 0 0 0 0 0 0 0 0 0 0 42 6 57 54 11 0 0 0 0 0 0 0 0 0 0 0 0 0 0 -999
P3276 2084 7 0 0 0 0 0 0 0 0 0 0 0 0 0 0 0 0 0 0 0 0 0 0 0 0 0 0 0 0 0 0 0
P3276 2084 8 0 0 0 0 0 0 0 0 0 0 0 0 0 0 0 0 76 27 0 0 0 0 0 0 0 0 0 0 0 0 0
P3276 2084 9 0 0 0 0 0 0 0 0 0 0 0 0 0 0 0 0 0 0 0 0 0 0 0 0 0 0 0 0 0 0 -999
P3276 2084 10 0 0 0 0 0 0 0 0 0 0 0 0 0 0 0 29 0 0 0 17 0 0 0 5 9 0 0 0 0 0 0
P3276 2084 11 0 0 0 0 185 59 30 27 54 105 100 76 60 53 17 0 0 0 0 0 0 0 0 0 0 0 7 6 0 0 -999
P3276 2084 12 0 0 10 36 29 13 9 2 0 0 0 0 0 0 0 0 0 0 0 0 0 0 0 0 0 59 9 37 58 0 0
P3276 2085 1 0 0 0 0 0 0 0 0 0 0 0 0 0 0 3 0 0 0 0 0 0 0 0 0 3 11 12 3 0 0 0
P3276 2085 2 0 0 0 6 0 0 0 0 0 0 0 0 0 0 0 5 6 22 0 0 0 0 0 0 0 0 12 2 -999 -999 -999
P3276 2085 3 0 0 0 0 4 0 0 0 3 0 8 8 46 0 0 20 0 33 14 56 63 87 137 42 25 0 9 6 11 83 54
P3276 2085 4 124 110 144 34 64 0 0 0 0 0 0 0 0 0 41 24 0 0 0 0 0 0 0 0 0 0 17 32 9 23 -999
P3276 2085 5 12 15 9 26 25 0 13 0 7 51 40 65 60 32 16 15 18 15 19 47 52 42 0 0 20 7 0 0 0 0 0
P3276 2085 6 0 0 0 0 0 0 38 43 58 54 0 0 0 0 0 0 0 0 0 0 0 0 0 0 0 0 0 0 0 0 -999
P3276 2085 7 0 0 0 0 0 0 0 0 0 0 0 0 0 0 0 0 0 0 0 0 0 0 0 0 0 0 0 0 0 0 0
P3276 2085 8 0 0 0 0 0 0 0 0 0 0 0 0 0 0 0 0 0 0 0 0 0 0 0 0 0 0 0 0 0 0 0
P3276 2085 9 0 0 0 0 0 0 0 0 0 0 0 0 0 0 0 0 0 0 0 0 0 8 0 14 18 9 0 0 0 0 -999
P3276 2085 10 0 0 28 0 9 0 0 33 54 67 0 28 0 0 0 63 57 80 0 0 0 0 0 0 0 0 0 0 0 0 0
P3276 2085 11 0 6 32 99 34 61 0 0 0 0 0 0 0 0 0 0 0 6 118 46 219 191 78 79 161 36 256 12 0 0 -999
P3276 2085 12 100 111 27 12 122 96 0 0 0 6 5 0 0 6 6 0 0 0 0 0 2 2 7 19 79 56 28 21 56 77 73
P3276 2086 1 89 126 126 125 55 0 0 0 0 0 0 0 0 0 0 0 0 0 0 0 0 0 0 0 0 0 0 0 0 0 0
P3276 2086 2 0 0 0 0 0 0 0 0 0 0 0 0 5 11 10 0 0 10 23 0 77 3 4 4 8 14 21 16 -999 -999 -999
P3276 2086 3 1 0 0 0 0 0 0 0 0 0 9 4 0 0 0 0 0 0 0 9 0 9 9 0 0 0 0 0 0 0 4
P3276 2086 4 54 56 60 23 0 0 15 8 58 17 19 17 16 33 79 66 63 81 72 55 35 23 30 11 68 14 72 62 43 0 -999
P3276 2086 5 0 15 36 62 16 0 0 0 0 0 0 0 0 0 0 52 18 13 17 16 18 30 28 0 16 0 0 0 0 10 0
P3276 2086 6 0 0 0 0 0 0 0 0 0 0 0 0 0 0 0 0 0 0 0 0 0 0 0 0 0 0 0 0 0 0 -999
P3276 2086 7 0 0 0 0 0 0 0 0 0 0 0 0 0 0 0 0 0 0 0 0 0 0 0 0 0 0 0 0 0 0 0
P3276 2086 8 0 0 0 0 0 0 0 0 0 0 0 0 0 0 0 0 0 0 0 0 0 0 0 0 0 0 0 0 0 0 0
P3276 2086 9 0 0 0 0 0 0 0 0 0 0 0 64 62 0 0 0 0 22 0 0 0 0 0 0 0 0 0 0 0 0 -999
P3276 2086 10 0 0 0 0 0 0 0 0 0 0 0 18 0 0 35 52 43 31 0 0 0 0 0 48 32 27 33 0 16 0 0
P3276 2086 11 0 7 8 0 0 0 10 34 18 0 0 41 80 11 87 108 44 142 91 385 57 45 0 0 0 0 77 29 127 26 -999
P3276 2086 12 11 33 4 5 8 25 0 7 0 0 0 0 0 0 0 0 0 0 4 73 0 0 0 0 0 0 0 2 2 4 5
P3276 2087 1 10 77 47 23 9 9 5 0 0 0 0 0 2 8 76 72 16 13 21 0 0 0 4 13 18 0 0 52 67 33 7
P3276 2087 2 0 0 0 21 0 0 0 0 0 0 0 0 0 0 0 0 0 0 0 27 0 0 0 0 0 0 0 0 -999 -999 -999
P3276 2087 3 0 0 0 0 0 0 5 0 0 0 0 0 0 7 62 8 16 19 40 18 18 10 0 0 0 13 75 42 16 0 0
P3276 2087 4 0 0 5 0 21 4 0 0 0 0 0 0 3 0 0 0 0 27 15 21 0 0 9 0 0 0 0 0 0 0 -999
P3276 2087 5 0 0 0 0 31 50 123 124 99 71 28 0 0 0 0 6 15 0 0 0 0 0 0 0 0 0 12 0 0 0 0
P3276 2087 6 0 0 0 0 0 0 0 0 0 0 11 0 0 0 0 0 0 0 0 0 0 0 0 0 0 0 0 0 0 0 -999
P3276 2087 7 0 0 0 0 0 0 0 0 0 0 0 0 0 0 0 0 0 0 0 0 0 0 0 0 0 0 0 0 0 0 0
P3276 2087 8 0 0 0 0 0 0 0 0 0 0 0 0 0 0 0 0 0 0 0 0 0 0 0 0 0 0 0 0 0 0 0
P3276 2087 9 0 0 0 0 48 0 0 0 0 0 48 0 0 0 0 0 0 0 0 0 9 9 0 0 0 0 0 25 15 0 -999
P3276 2087 10 0 0 0 7 0 0 0 0 0 0 0 0 0 0 0 0 0 0 0 20 5 13 56 13 25 0 0 0 0 0 0
P3276 2087 11 0 0 0 0 0 0 24 24 24 11 0 31 16 0 102 36 10 29 0 0 0 0 0 0 0 0 0 0 5 14 -999
P3276 2087 12 57 160 16 60 21 0 44 27 15 0 0 125 132 112 129 51 247 548 367 14 148 33 0 0 0 0 0 0 0 0 0
P3276 2088 1 0 0 0 0 0 0 6 304 522 66 184 202 509 248 25 72 165 60 21 11 0 34 48 307 248 190 366 129 38 121 76
P3276 2088 2 33 30 0 72 51 32 0 0 0 0 0 0 0 0 1 5 6 6 6 4 0 19 22 0 0 0 0 0 -999 -999 -999
P3276 2088 3 0 0 0 0 5 12 60 5 3 0 12 19 30 30 13 6 9 6 7 20 2 0 19 0 78 27 52 0 0 0 0
P3276 2088 4 0 7 0 0 8 0 0 0 0 24 0 0 26 2 2 18 0 0 0 0 0 0 0 0 0 0 4 0 13 0 -999
P3276 2088 5 0 0 38 0 0 34 18 0 0 0 9 123 87 31 16 18 44 53 47 30 0 0 0 0 0 0 0 0 0 0 0
P3276 2088 6 0 0 0 0 0 0 0 0 0 0 0 0 0 0 0 0 0 0 0 0 0 0 0 0 0 0 0 0 0 0 -999
P3276 2088 7 0 0 0 0 0 0 0 0 0 0 0 0 0 0 0 0 0 0 0 0 0 0 0 0 0 0 0 0 0 0 0
P3276 2088 8 0 0 0 0 0 0 0 0 0 0 0 0 0 0 0 0 0 0 0 0 0 0 0 0 0 0 0 0 0 0 0
P3276 2088 9 0 0 0 0 0 0 0 0 0 0 0 0 0 0 0 0 0 0 0 0 0 0 0 0 0 0 0 0 0 0 -999
P3276 2088 10 0 0 0 0 0 21 0 0 0 0 47 0 49 13 0 0 0 0 0 0 0 0 0 0 0 0 0 0 0 0 0
P3276 2088 11 12 37 86 139 111 169 107 116 289 127 15 0 0 0 0 0 0 0 0 0 0 0 4 8 5 5 54 44 0 25 -999
P3276 2088 12 95 31 42 51 109 98 36 0 0 0 0 0 0 0 0 0 0 0 0 0 0 0 0 0 0 2 4 0 0 0 0
P3276 2089 1 0 0 0 0 0 0 10 8 0 0 168 70 35 13 55 42 59 23 108 300 65 38 155 19 55 139 114 0 54 37 114
P3276 2089 2 307 37 10 8 118 20 0 82 6 15 100 102 26 14 70 85 96 56 13 41 31 2 0 0 5 5 44 27 -999 -999 -999
P3276 2089 3 6 5 0 0 0 0 0 0 0 0 0 0 0 0 0 0 70 21 0 0 0 0 0 0 0 0 0 5 25 0 0
P3276 2089 4 0 0 9 0 0 12 28 63 66 41 8 0 0 0 39 52 16 21 10 21 55 0 0 0 0 0 0 14 73 0 -999
P3276 2089 5 19 17 13 0 0 0 0 7 0 0 0 0 0 0 0 0 0 0 0 0 0 0 0 0 0 0 0 0 0 0 5
P3276 2089 6 0 22 0 0 0 0 0 0 0 0 0 0 0 0 0 0 0 0 0 0 0 0 0 0 0 0 0 0 0 0 -999
P3276 2089 7 0 0 0 0 0 0 0 0 0 0 0 0 0 0 0 0 0 0 0 0 0 0 0 0 0 0 0 0 0 0 0
P3276 2089 8 0 0 0 0 0 0 0 0 0 0 0 0 0 0 0 0 0 0 0 0 0 0 0 0 0 0 0 0 0 0 0
P3276 2089 9 0 0 0 0 0 0 0 0 0 0 0 0 0 0 0 0 0 0 0 0 0 0 0 0 0 0 0 0 0 0 -999
P3276 2089 10 0 0 0 0 0 0 0 0 0 0 38 48 71 91 49 24 0 0 0 0 0 0 0 0 17 23 0 0 0 0 0
P3276 2089 11 0 0 0 0 0 24 10 0 0 0 0 0 21 13 6 130 76 144 156 42 60 16 111 36 9 0 3 0 32 40 -999
P3276 2089 12 305 258 21 50 0 0 0 0 14 0 0 0 0 0 0 0 0 16 124 233 196 106 71 50 0 0 0 0 0 60 80
P3276 2090 1 0 0 0 0 0 36 5 2 12 29 3 0 0 0 0 0 0 0 0 13 137 244 111 43 38 0 0 0 0 0 6
P3276 2090 2 0 8 109 21 0 0 0 0 0 13 104 85 41 31 185 211 326 39 21 56 90 29 28 0 27 61 68 119 -999 -999 -999
P3276 2090 3 57 0 0 0 0 4 42 116 29 15 14 117 131 9 10 2 0 0 0 0 0 2 1 2 4 20 2 0 0 0 0
P3276 2090 4 0 8 75 69 100 69 33 0 0 0 0 8 6 0 0 0 34 50 0 0 0 0 9 30 0 34 4 52 18 13 -999
P3276 2090 5 47 20 0 0 0 0 2 0 0 0 0 0 0 0 0 48 62 66 52 35 39 22 0 0 0 0 0 0 7 13 65
P3276 2090 6 0 0 48 76 107 76 26 17 22 22 25 0 0 0 0 0 0 0 0 0 0 0 0 0 29 23 16 0 0 0 -999
P3276 2090 7 0 0 0 0 0 0 0 0 0 0 0 0 0 0 0 0 0 0 0 0 0 0 0 0 0 0 0 0 0 0 0
P3276 2090 8 0 0 0 0 0 0 0 0 0 0 0 0 0 0 0 0 0 0 0 0 0 0 0 0 0 0 0 0 0 0 0
P3276 2090 9 0 0 0 0 0 0 0 0 0 0 0 0 0 0 0 0 0 0 0 0 0 0 0 0 0 0 0 7 12 0 -999
P3276 2090 10 0 0 0 0 0 0 30 44 25 27 52 0 0 0 0 0 0 65 0 0 0 0 0 0 0 0 0 0 0 0 21
P3276 2090 11 14 19 19 22 0 0 0 0 0 0 0 0 2 0 0 0 0 0 0 0 0 0 0 0 0 0 74 57 135 114 -999
P3276 2090 12 17 63 18 47 17 13 0 0 67 62 22 17 22 26 7 0 0 0 0 0 0 5 0 104 0 0 0 0 5 3 0
P3276 2091 1 0 0 0 0 0 0 0 0 0 0 0 0 0 0 0 0 0 0 7 12 23 54 94 94 44 258 175 102 26 0 0
P3276 2091 2 5 46 27 48 58 35 160 38 88 69 73 0 82 47 24 16 0 0 0 0 0 7 7 8 10 32 10 4 -999 -999 -999
P3276 2091 3 0 0 0 4 8 0 0 3 12 0 0 0 0 0 0 0 0 0 3 0 0 0 0 4 0 0 0 0 23 0 0
P3276 2091 4 0 0 0 0 0 0 0 0 0 0 0 0 0 0 0 0 0 0 0 9 53 0 20 36 115 109 40 0 27 0 -999
P3276 2091 5 0 8 27 26 37 72 63 11 12 0 32 37 62 54 16 26 48 12 23 0 0 0 0 0 0 0 0 0 0 0 0
P3276 2091 6 0 0 0 0 0 0 0 0 0 0 0 0 0 0 0 12 0 0 0 0 0 0 0 0 0 0 0 0 0 0 -999
P3276 2091 7 0 0 0 0 0 0 0 0 0 0 0 0 0 0 0 0 0 0 0 0 0 0 0 0 0 0 0 0 0 0 0
P3276 2091 8 0 0 0 0 0 0 0 0 0 0 0 0 0 0 0 0 0 0 0 0 0 0 0 0 0 0 0 0 0 0 0
P3276 2091 9 0 0 0 0 0 67 0 0 0 0 0 0 0 0 0 0 74 63 41 51 57 31 0 0 0 47 0 0 0 0 -999
P3276 2091 10 0 0 0 0 0 0 0 0 36 45 0 0 0 0 0 0 0 0 0 0 0 0 17 26 21 35 0 0 70 41 45
P3276 2091 11 76 280 93 51 36 82 106 136 70 38 104 72 59 23 0 0 43 58 20 92 96 0 0 0 0 0 0 0 0 0 -999
P3276 2091 12 0 0 0 0 0 0 0 0 0 0 0 4 58 99 55 53 9 0 5 5 9 0 0 0 0 0 0 0 0 0 0
P3276 2092 1 0 0 0 0 6 6 0 9 0 0 11 81 481 80 0 0 0 0 0 0 0 0 27 3 11 103 14 0 0 0 0
P3276 2092 2 0 0 0 9 23 254 27 6 0 0 0 0 0 0 0 0 0 0 5 29 24 25 17 0 0 0 0 0 -999 -999 -999
P3276 2092 3 0 0 0 0 0 0 0 0 0 0 0 0 0 0 0 9 17 78 68 37 35 0 0 0 0 0 0 0 0 0 0
P3276 2092 4 0 0 0 0 0 0 13 13 31 43 0 0 0 0 0 24 10 0 0 70 97 0 0 0 0 6 5 0 0 0 -999
P3276 2092 5 0 0 0 9 0 0 0 0 0 8 13 0 0 0 0 0 0 0 0 0 0 0 0 0 0 0 0 0 0 0 0
P3276 2092 6 0 58 69 0 0 0 0 0 0 0 0 0 0 0 0 0 0 0 0 0 0 0 0 0 0 0 0 0 0 0 -999
P3276 2092 7 0 0 0 0 0 0 0 0 0 0 0 0 0 0 0 0 0 0 0 0 0 0 0 0 0 0 0 0 0 0 0
P3276 2092 8 0 0 0 0 0 0 0 0 0 0 0 0 0 0 0 0 0 0 0 0 0 0 0 0 0 0 0 0 0 71 41
P3276 2092 9 0 0 0 0 0 0 0 0 0 0 0 0 0 0 0 0 0 0 0 0 0 0 0 0 0 91 0 0 0 34 -999
P3276 2092 10 80 74 0 0 0 0 0 0 0 5 13 0 0 0 0 0 0 0 0 0 0 0 0 0 0 0 0 0 0 0 0
P3276 2092 11 4 0 0 0 0 0 30 56 44 0 3 0 41 17 0 0 0 0 0 0 0 0 0 0 31 0 0 0 0 0 -999
P3276 2092 12 0 0 0 11 31 55 58 39 19 19 0 0 0 0 0 0 0 0 0 0 0 0 0 0 0 6 282 35 14 0 0
P3276 2093 1 0 0 0 0 9 41 27 47 213 179 120 218 77 8 0 39 0 0 0 0 0 0 2 5 3 0 0 0 9 8 10
P3276 2093 2 0 0 0 19 0 70 23 85 344 527 123 4 6 22 43 37 36 40 107 97 117 101 14 10 23 39 61 62 -999 -999 -999
P3276 2093 3 46 21 34 48 8 0 0 33 45 68 130 75 44 19 125 147 34 40 195 198 166 83 15 82 17 0 0 0 5 12 15
P3276 2093 4 0 0 0 0 0 13 0 25 18 25 0 26 3 0 0 0 0 35 11 0 0 0 68 6 0 0 0 0 0 5 -999
P3276 2093 5 0 0 12 29 20 25 17 16 20 30 30 0 0 0 0 0 0 0 0 0 0 0 0 0 0 0 0 0 0 0 0
P3276 2093 6 0 0 0 17 16 0 14 0 0 0 65 64 61 52 30 0 0 0 0 0 0 0 0 0 0 0 0 0 0 0 -999
P3276 2093 7 0 0 0 0 0 0 0 0 0 0 0 0 0 0 0 0 0 0 0 0 0 0 0 0 0 0 0 0 0 0 0
P3276 2093 8 0 0 0 0 0 0 0 0 0 0 0 0 0 0 0 0 0 0 0 0 0 0 0 0 0 0 62 37 0 0 0
P3276 2093 9 0 0 0 0 0 0 0 0 0 0 0 0 0 0 0 0 0 0 0 0 0 0 0 0 0 0 0 0 0 0 -999
P3276 2093 10 0 0 0 0 0 0 0 0 0 18 0 0 0 0 0 0 0 0 0 0 0 0 0 0 0 0 0 0 0 0 0
P3276 2093 11 13 277 52 153 34 13 0 3 6 4 0 6 128 0 0 18 9 14 48 45 0 0 0 94 19 119 80 0 0 0 -999
P3276 2093 12 0 0 7 10 0 0 32 62 0 0 0 60 1 0 0 0 0 0 0 0 0 0 0 0 0 0 0 3 129 79 22
P3276 2094 1 0 0 0 6 16 19 26 5 0 0 0 0 0 0 0 0 0 0 3 0 0 0 0 0 0 0 0 0 0 0 26
P3276 2094 2 0 0 0 0 6 11 0 0 0 0 0 0 0 0 3 0 0 0 0 0 0 0 0 152 29 0 79 84 -999 -999 -999
P3276 2094 3 34 64 38 13 36 78 146 63 115 44 36 0 7 9 0 0 4 0 0 0 0 3 1 0 0 0 0 0 0 0 0
P3276 2094 4 0 0 42 46 24 6 6 20 0 25 6 84 37 16 158 91 15 0 0 0 0 0 12 8 78 33 10 0 0 0 -999
P3276 2094 5 0 0 0 0 4 6 10 0 0 0 0 0 0 0 0 0 0 0 0 0 0 0 0 0 0 0 0 0 0 0 0
P3276 2094 6 0 0 0 0 0 0 31 38 20 8 0 0 0 0 0 0 0 0 0 0 0 0 0 0 0 0 0 0 0 0 -999
P3276 2094 7 0 0 0 0 0 0 0 0 0 0 0 0 0 0 0 0 0 0 0 0 0 0 0 0 0 0 0 0 0 0 0
P3276 2094 8 0 0 0 0 0 0 0 0 0 0 0 0 0 0 0 0 0 0 0 0 0 0 0 0 0 0 0 0 0 0 0
P3276 2094 9 0 0 0 0 0 0 0 0 0 0 0 0 0 0 0 0 0 0 0 0 10 67 49 35 0 0 0 0 0 0 -999
P3276 2094 10 45 49 79 64 63 0 0 0 0 0 0 0 0 0 0 0 0 0 0 0 33 9 0 0 37 44 26 31 21 14 0
P3276 2094 11 0 0 0 0 0 0 46 15 0 0 0 4 8 73 0 0 0 0 0 0 0 0 0 0 0 6 100 95 0 0 -999
P3276 2094 12 0 0 0 5 18 326 244 64 135 62 63 32 0 45 15 0 0 0 0 0 0 0 0 0 5 16 181 103 202 83 65
P3276 2095 1 317 9 60 71 144 212 14 12 51 89 21 25 29 60 41 12 152 175 372 608 439 186 57 77 269 195 38 159 10 11 122
P3276 2095 2 64 0 0 16 23 0 42 4 2 2 34 114 103 75 15 10 3 2 5 0 0 0 2 9 1 0 43 0 -999 -999 -999
P3276 2095 3 0 0 0 0 0 0 0 0 0 0 0 19 39 11 14 13 29 10 61 59 14 30 24 96 102 79 43 0 0 0 0
P3276 2095 4 38 16 15 8 0 9 170 99 5 50 19 14 0 0 0 0 6 0 0 0 0 0 4 0 0 0 0 0 0 0 -999
P3276 2095 5 0 5 5 0 0 13 0 0 0 0 21 63 0 0 0 0 0 0 0 0 0 0 0 0 0 0 0 0 0 0 0
P3276 2095 6 0 0 0 0 0 0 0 0 0 0 0 0 0 0 0 0 0 0 0 0 0 0 0 0 0 0 0 0 0 0 -999
P3276 2095 7 0 0 0 0 0 0 0 0 0 0 0 0 0 0 0 0 0 0 0 0 0 0 0 0 0 0 0 0 0 0 0
P3276 2095 8 0 0 0 0 0 0 0 0 0 0 0 0 0 0 0 0 0 0 0 0 0 0 0 0 0 0 0 0 0 0 0
P3276 2095 9 0 0 0 0 0 0 0 0 0 0 47 0 0 0 0 0 0 0 0 0 0 0 20 11 0 0 0 0 0 0 -999
P3276 2095 10 0 0 0 0 0 0 0 0 0 0 27 9 12 0 0 0 8 14 0 0 0 0 0 0 0 0 0 0 78 16 14
P3276 2095 11 19 43 21 36 18 0 0 72 274 137 470 247 112 0 0 0 0 0 0 14 0 0 0 0 0 0 79 40 0 69 -999
P3276 2095 12 18 0 0 0 0 7 4 0 0 0 0 0 0 0 0 0 0 0 0 0 0 0 0 0 6 15 47 24 0 0 0
P3276 2096 1 0 0 0 49 11 33 89 33 44 95 59 0 0 0 0 0 0 0 0 0 0 0 0 0 0 0 10 9 14 19 9
P3276 2096 2 16 0 21 10 0 0 0 0 0 23 8 0 0 0 14 21 11 12 5 5 5 17 21 18 7 16 26 16 -999 -999 -999
P3276 2096 3 0 11 48 53 36 41 36 18 35 27 6 8 11 13 11 0 0 0 0 0 0 0 0 0 0 15 2 6 18 47 34
P3276 2096 4 27 0 23 23 21 7 8 10 62 49 33 17 62 48 64 37 21 29 64 59 44 19 12 0 0 0 0 0 9 7 -999
P3276 2096 5 0 0 0 8 12 31 33 33 24 0 0 0 0 48 11 0 0 0 0 35 26 14 0 0 0 0 0 16 31 58 62
P3276 2096 6 102 19 0 6 0 0 0 0 0 0 0 0 0 0 0 0 0 0 0 0 0 0 0 0 0 0 0 0 0 0 -999
P3276 2096 7 0 0 0 0 0 0 0 0 0 0 0 0 0 0 0 0 0 0 0 0 0 0 0 0 0 0 0 0 0 0 0
P3276 2096 8 0 0 0 0 0 0 0 0 0 0 0 0 0 0 0 0 0 0 0 0 0 0 0 0 0 0 0 0 0 0 0
P3276 2096 9 0 0 0 0 0 0 11 26 0 0 0 0 0 0 0 0 0 0 0 0 0 0 0 0 0 0 0 0 0 0 -999
P3276 2096 10 0 0 0 0 0 0 0 0 0 11 77 49 15 0 0 0 7 14 53 59 47 33 0 0 0 0 0 0 17 231 104
P3276 2096 11 182 161 92 84 78 62 30 90 41 161 135 23 48 84 126 120 195 162 89 160 0 0 0 0 0 30 0 0 60 0 -999
P3276 2096 12 0 0 0 0 0 0 0 0 0 0 0 0 0 0 23 0 0 0 0 0 0 0 0 4 33 70 8 6 10 45 71
P3276 2097 1 43 37 118 147 0 0 77 86 73 111 32 17 0 6 8 78 94 0 73 31 0 0 0 0 0 0 0 0 8 7 0
P3276 2097 2 8 15 3 0 4 6 0 7 0 10 0 18 19 14 4 0 7 11 22 60 9 12 0 0 0 41 57 43 -999 -999 -999
P3276 2097 3 21 0 0 19 40 4 0 0 0 0 0 0 0 2 5 9 14 42 112 80 62 34 64 68 64 52 34 0 0 0 0
P3276 2097 4 5 0 0 0 0 21 25 30 0 12 15 0 0 0 0 0 0 9 19 23 144 58 84 25 74 130 80 15 0 0 -999
P3276 2097 5 0 0 0 0 0 13 54 5 0 0 0 0 0 0 0 0 0 0 0 66 0 0 0 0 0 0 0 12 29 0 22
P3276 2097 6 0 0 0 0 0 0 0 0 0 0 9 12 24 50 50 0 0 0 0 0 0 0 8 0 0 0 0 0 0 0 -999
P3276 2097 7 0 0 0 0 0 0 0 0 0 0 0 0 0 0 0 0 0 0 0 0 0 0 0 0 0 0 0 0 0 0 0
P3276 2097 8 0 0 0 0 0 0 0 0 0 0 0 0 0 0 0 0 0 0 0 0 0 0 0 0 0 0 0 0 0 0 0
P3276 2097 9 0 0 0 0 0 0 0 0 0 0 0 0 0 0 0 0 0 0 0 7 0 0 21 16 19 0 0 0 0 0 -999
P3276 2097 10 7 58 55 0 28 0 0 0 0 0 0 0 0 0 0 0 32 88 43 7 0 9 26 31 9 0 0 0 0 58 64
P3276 2097 11 28 33 0 31 6 0 0 0 0 47 73 19 48 48 35 24 5 0 0 5 13 23 12 0 0 0 0 0 0 0 -999
P3276 2097 12 0 0 154 142 118 96 69 0 0 0 0 0 0 15 67 141 30 21 4 4 43 65 13 8 0 0 0 13 0 0 0
P3276 2098 1 0 3 2 2 4 93 6 12 17 48 46 63 32 9 7 0 0 0 23 10 80 15 99 0 0 0 0 4 0 0 0
P3276 2098 2 0 5 14 18 65 44 28 39 5 8 13 21 36 7 8 12 27 16 0 14 20 9 16 27 37 48 27 19 -999 -999 -999
P3276 2098 3 0 26 0 0 0 0 7 9 6 0 0 0 0 0 0 0 0 0 7 49 25 6 0 0 0 0 0 0 0 0 0
P3276 2098 4 0 0 0 0 0 0 0 14 22 23 27 20 0 35 0 0 0 0 0 0 7 9 0 0 0 0 6 5 0 0 -999
P3276 2098 5 0 0 0 0 0 0 0 0 0 0 91 56 0 0 0 79 0 0 0 0 0 0 0 0 0 0 0 0 0 0 0
P3276 2098 6 0 0 0 0 0 0 0 0 0 0 0 0 0 0 66 38 26 17 0 0 0 23 25 26 0 0 0 0 0 0 -999
P3276 2098 7 0 0 0 0 0 0 0 0 0 0 0 0 0 0 0 0 0 0 0 0 0 0 0 0 0 0 0 0 0 0 0
P3276 2098 8 0 0 0 0 0 0 0 0 43 0 0 0 0 0 0 0 0 0 0 0 0 0 0 0 0 0 0 0 0 0 0
P3276 2098 9 0 0 0 0 0 0 0 0 0 0 0 0 0 0 0 0 0 0 0 0 0 0 0 0 0 0 0 0 0 0 -999
P3276 2098 10 0 0 0 43 16 6 5 0 0 0 0 0 0 0 0 21 38 50 14 41 75 55 24 3 0 4 0 97 12 33 80
P3276 2098 11 57 83 41 122 32 89 17 47 0 77 123 31 54 0 0 40 108 31 0 0 0 21 7 0 0 0 0 0 25 127 -999
P3276 2098 12 102 338 59 228 188 59 49 39 26 12 0 0 0 0 0 0 0 32 12 27 159 430 389 40 14 4 11 20 0 0 0
P3276 2099 1 0 0 0 0 0 0 0 0 0 0 0 0 0 0 0 0 27 0 0 0 0 0 0 0 0 0 0 0 0 0 0
P3276 2099 2 3 10 281 19 26 0 0 0 0 0 0 0 0 0 0 0 0 14 21 47 0 0 0 0 0 0 4 0 -999 -999 -999
P3276 2099 3 0 0 0 0 6 10 30 62 129 173 88 32 6 0 0 0 0 0 0 0 0 0 10 17 20 0 0 0 0 0 0
P3276 2099 4 0 16 6 0 32 0 0 0 0 0 0 6 20 38 18 0 0 0 0 0 0 0 0 0 35 31 18 0 0 9 -999
P3276 2099 5 0 0 0 0 8 0 0 0 10 0 0 0 0 47 48 60 0 0 12 9 0 0 0 0 0 0 0 0 0 0 0
P3276 2099 6 0 0 0 0 0 0 0 0 0 0 0 0 0 0 0 0 0 0 0 0 33 0 0 0 0 0 0 0 0 0 -999
P3276 2099 7 0 0 0 0 0 0 0 0 0 0 0 0 0 0 0 0 0 0 0 0 0 0 0 0 0 0 0 0 0 0 0
P3276 2099 8 0 0 0 0 0 0 0 0 0 0 0 0 0 0 0 0 0 0 0 0 0 0 0 0 0 0 0 0 0 0 0
P3276 2099 9 0 0 0 0 0 0 0 0 0 0 0 0 0 0 0 0 0 0 0 0 0 0 0 0 0 0 0 0 0 0 -999
P3276 2099 10 0 0 0 0 0 0 0 0 0 0 12 60 0 42 48 24 20 21 0 0 0 0 0 0 0 0 0 0 0 40 65
P3276 2099 11 48 29 23 16 15 12 83 0 28 30 78 49 103 17 20 22 6 18 91 27 52 11 0 0 0 0 0 0 0 0 -999
P3276 2099 12 6 0 0 0 0 11 15 44 12 5 0 0 2 6 0 0 0 0 0 0 10 128 18 0 0 0 4 6 11 40 184
P3276 2100 1 19 0 0 0 0 0 0 0 0 0 11 61 89 32 28 48 28 0 0 0 2 8 49 40 5 8 0 0 0 0 0
P3276 2100 2 0 15 48 12 0 0 0 0 0 0 0 0 0 0 0 0 0 0 0 0 0 0 0 0 0 0 0 6 -999 -999 -999
P3276 2100 3 0 0 0 42 39 45 28 221 20 68 13 34 11 23 14 0 0 23 0 41 81 0 0 29 20 0 0 40 8 27 35
P3276 2100 4 15 0 0 0 0 0 0 0 4 0 0 0 0 0 0 0 4 10 0 0 34 66 46 25 0 0 0 0 0 0 -999
P3276 2100 5 0 126 114 48 12 17 0 0 86 43 5 53 0 0 0 0 0 0 0 0 0 0 7 0 0 0 0 0 0 55 0
P3276 2100 6 0 0 0 0 0 0 0 0 0 0 0 0 0 0 0 0 0 0 0 0 0 0 0 0 0 0 49 71 0 0 -999
P3276 2100 7 0 0 0 0 0 0 0 0 0 0 0 0 0 0 0 0 0 0 0 0 0 0 0 0 0 0 0 0 0 0 0
P3276 2100 8 0 0 0 0 0 0 0 0 0 0 0 0 0 0 0 0 0 0 0 0 0 0 0 0 0 0 0 0 0 0 0
P3276 2100 9 0 0 0 0 0 0 0 0 0 0 0 0 0 0 0 0 0 0 0 0 0 0 0 0 0 0 0 0 0 0 -999
P3276 2100 10 38 15 0 0 0 7 59 66 47 0 0 33 54 38 15 29 30 33 155 49 22 10 114 194 47 19 67 81 55 69 67
P3276 2100 11 0 0 9 0 0 0 0 0 4 24 72 96 84 36 96 0 0 0 0 0 0 0 0 0 0 0 0 0 0 0 -999
P3276 2100 12 0 0 0 0 0 0 12 28 12 6 0 0 0 38 24 150 49 13 30 0 33 44 15 13 27 143 113 55 11 10 -999
