precip bcc-csm1-1 rcp60 RNEURONALES decimas 2
P3023 37.994 -2.449 1441 geo 2006 2100 -1
P3023 2006 1 0 0 0 0 0 0 0 0 6 72 90 152 29 19 9 11 20 20 0 0 0 26 3 3 43 6 4 9 3 0 0
P3023 2006 2 0 0 0 4 38 105 122 28 137 175 78 93 69 28 8 40 26 4 0 0 7 11 83 25 54 18 5 12 -999 -999 -999
P3023 2006 3 0 2 11 5 0 3 3 0 2 18 134 77 49 73 104 10 56 16 0 0 0 0 0 0 0 0 0 0 0 2 3
P3023 2006 4 0 21 8 0 42 51 41 42 22 54 36 35 51 14 30 2 0 5 5 0 0 1 8 5 0 67 17 0 0 0 -999
P3023 2006 5 0 15 8 7 26 36 14 5 7 49 0 0 0 2 38 24 3 12 15 36 39 14 15 30 53 61 61 38 18 17 23
P3023 2006 6 7 4 13 8 4 4 3 13 0 0 0 0 0 0 0 0 11 0 0 0 24 0 0 0 0 0 0 0 0 0 -999
P3023 2006 7 0 0 0 0 0 0 0 0 0 0 0 0 0 0 0 0 0 0 0 0 0 0 0 0 0 0 0 0 0 0 0
P3023 2006 8 0 0 0 0 0 0 0 0 0 0 0 0 0 0 0 0 0 0 0 0 0 0 0 0 0 0 118 45 0 0 0
P3023 2006 9 0 0 0 0 0 0 0 14 4 5 18 0 0 26 18 17 24 44 8 0 0 0 0 0 0 0 0 0 0 0 -999
P3023 2006 10 29 18 22 51 0 0 3 0 0 0 0 0 0 0 0 0 0 0 0 0 0 0 0 0 0 0 6 11 3 20 10
P3023 2006 11 0 0 0 0 6 8 4 3 0 0 0 0 0 0 0 0 0 0 0 0 0 0 0 0 0 0 0 0 0 0 -999
P3023 2006 12 0 0 1 0 0 0 0 0 0 0 0 0 0 0 0 0 0 0 0 0 0 33 94 28 95 88 107 116 13 15 10
P3023 2007 1 0 0 0 0 0 0 0 0 0 0 1 1 0 0 0 0 0 66 25 7 18 2 3 11 8 27 62 14 36 15 6
P3023 2007 2 0 0 2 6 45 87 82 85 12 21 4 16 22 51 5 0 0 0 3 23 4 7 15 17 17 14 1 0 -999 -999 -999
P3023 2007 3 7 16 1 0 0 0 0 0 0 0 0 17 27 61 48 0 35 22 4 0 0 14 17 15 18 10 0 3 18 32 54
P3023 2007 4 12 22 6 0 3 2 4 5 0 0 0 0 0 0 0 4 27 4 16 38 24 20 48 16 35 19 39 12 10 4 -999
P3023 2007 5 0 0 0 3 15 13 12 48 14 9 4 6 10 5 6 12 35 19 3 9 3 0 0 0 0 0 0 0 7 21 18
P3023 2007 6 48 36 26 14 0 0 25 35 18 0 0 0 0 0 0 0 0 0 0 0 0 0 0 0 0 0 0 0 0 0 -999
P3023 2007 7 0 0 0 0 0 0 0 0 0 0 0 0 0 0 0 0 0 0 0 0 0 0 0 0 0 0 0 0 0 0 0
P3023 2007 8 0 0 0 0 0 0 0 0 0 0 0 0 0 0 0 0 0 0 0 0 0 0 0 0 0 0 3 12 16 13 0
P3023 2007 9 0 23 0 0 0 0 0 0 0 0 0 0 0 0 0 0 0 0 0 0 0 1 0 0 0 0 0 0 0 0 -999
P3023 2007 10 0 3 3 0 0 0 0 34 0 26 18 24 52 56 36 34 14 29 49 38 0 0 0 0 0 22 88 35 14 22 3
P3023 2007 11 0 0 0 0 0 0 0 0 0 15 40 4 0 0 0 0 0 0 0 128 63 65 63 54 58 20 5 2 12 16 -999
P3023 2007 12 0 0 0 0 0 0 0 2 49 53 15 11 14 11 17 20 72 33 4 10 43 40 11 12 4 0 0 0 1 1 1
P3023 2008 1 6 10 152 105 16 187 189 7 9 0 6 65 13 4 2 18 32 77 16 0 0 0 0 0 0 0 0 0 0 1 1
P3023 2008 2 1 1 1 1 1 0 0 0 1 1 0 0 0 0 3 0 0 0 1 24 10 12 15 11 25 0 0 0 -999 -999 -999
P3023 2008 3 0 2 1 0 0 0 0 9 0 0 0 4 10 76 63 35 5 0 0 0 3 0 55 82 29 27 105 6 0 13 13
P3023 2008 4 27 0 14 0 18 50 59 54 39 19 61 133 60 39 24 2 1 11 18 0 0 0 2 17 3 7 7 2 7 12 -999
P3023 2008 5 0 0 15 13 20 19 13 17 12 101 43 8 0 0 0 0 19 0 21 38 0 0 0 0 0 0 0 0 0 0 0
P3023 2008 6 24 44 23 0 0 0 0 0 0 0 0 0 0 0 0 0 0 0 0 0 0 0 0 0 5 0 5 42 25 0 -999
P3023 2008 7 0 0 0 0 21 5 40 36 0 0 0 0 0 0 0 0 0 0 0 0 0 0 0 0 17 0 0 0 0 0 0
P3023 2008 8 0 0 0 0 0 0 0 0 0 0 0 0 0 0 0 0 0 0 0 0 0 0 0 0 0 0 0 0 0 0 0
P3023 2008 9 0 0 0 0 0 0 0 0 0 0 0 0 69 43 54 18 0 0 0 0 0 0 0 0 0 0 0 0 0 11 -999
P3023 2008 10 0 15 15 13 14 15 47 36 4 40 59 12 22 8 10 14 3 6 13 23 17 23 36 15 9 0 0 0 3 29 4
P3023 2008 11 0 0 0 0 0 7 7 0 24 5 11 0 0 6 117 182 35 40 270 15 4 5 0 0 0 0 0 0 0 3 -999
P3023 2008 12 107 80 4 4 0 0 2 16 11 2 0 4 62 130 19 6 1 0 0 0 1 0 2 1 0 0 0 0 6 1 0
P3023 2009 1 1 0 0 0 24 20 21 4 4 6 96 9 15 43 10 12 12 9 40 5 6 19 27 28 7 11 0 0 3 20 8
P3023 2009 2 2 0 0 0 7 10 1 2 3 0 4 3 8 2 0 0 23 21 15 40 56 20 25 44 220 30 53 82 -999 -999 -999
P3023 2009 3 252 49 228 210 37 249 128 35 25 0 14 0 0 0 0 0 0 6 13 0 0 0 0 0 1 8 13 4 0 0 0
P3023 2009 4 0 0 0 0 0 0 13 0 0 2 7 8 0 3 13 0 0 0 0 45 18 0 0 0 0 6 6 0 0 0 -999
P3023 2009 5 0 0 0 0 0 0 0 0 0 0 0 0 0 0 0 4 0 24 0 0 8 6 12 55 0 0 0 0 0 0 0
P3023 2009 6 0 0 71 67 51 39 30 39 22 13 15 19 42 44 37 13 14 14 39 26 0 42 6 0 0 0 0 0 0 0 -999
P3023 2009 7 0 0 0 0 0 0 0 0 0 0 0 0 0 0 0 0 0 0 0 0 0 0 0 0 0 0 0 0 0 0 0
P3023 2009 8 0 0 0 0 0 0 0 0 0 0 0 0 0 0 0 0 0 0 0 0 0 0 0 0 0 0 0 0 0 0 0
P3023 2009 9 0 0 0 0 0 0 0 12 10 12 14 0 0 0 0 37 16 0 0 0 0 0 11 0 0 0 0 2 0 0 -999
P3023 2009 10 0 3 13 16 5 18 23 5 0 0 0 0 0 0 0 0 0 0 0 0 0 10 4 0 0 0 0 0 0 0 0
P3023 2009 11 0 0 0 0 0 0 0 3 7 14 38 15 7 0 0 0 0 0 0 0 0 0 0 0 0 0 0 0 0 0 -999
P3023 2009 12 0 0 3 0 0 0 8 19 0 7 34 13 0 0 2 8 16 11 0 0 0 0 0 0 8 92 87 128 131 4 22
P3023 2010 1 1 0 0 0 0 0 0 1 0 0 6 0 0 0 17 5 17 17 22 12 3 0 0 0 2 2 0 0 0 0 0
P3023 2010 2 0 0 0 0 1 0 0 0 0 6 9 3 14 3 0 1 2 0 0 0 1 33 0 0 0 0 0 0 -999 -999 -999
P3023 2010 3 0 0 0 0 0 19 43 29 103 51 14 1 0 0 0 0 0 1 1 14 67 41 40 31 4 6 5 5 4 0 0
P3023 2010 4 11 13 18 33 0 11 100 40 44 17 0 42 29 0 0 0 0 0 0 0 0 0 0 17 5 0 0 0 0 0 -999
P3023 2010 5 0 0 0 0 0 0 0 0 0 0 0 0 0 0 0 0 0 0 0 52 26 0 0 0 0 34 49 23 0 0 20
P3023 2010 6 94 0 0 0 0 0 0 0 0 36 34 0 0 36 3 4 0 0 9 4 0 0 0 0 0 0 0 0 0 0 -999
P3023 2010 7 0 0 0 0 0 0 0 0 0 0 0 0 0 0 0 47 0 0 0 0 0 0 0 0 0 0 0 0 0 0 0
P3023 2010 8 0 0 0 0 0 0 0 0 0 0 0 0 0 0 0 0 0 0 0 0 0 0 0 0 0 0 0 0 0 0 0
P3023 2010 9 0 0 0 0 0 0 0 0 0 0 0 0 0 0 0 0 0 0 0 0 84 41 25 12 19 30 0 0 0 0 -999
P3023 2010 10 0 0 0 0 0 0 0 0 0 0 0 0 0 0 0 0 0 0 0 0 0 0 10 4 2 0 10 36 0 4 0
P3023 2010 11 0 0 0 0 0 0 0 2 2 2 4 53 44 23 54 15 125 11 11 1 0 0 2 8 0 0 0 0 0 0 -999
P3023 2010 12 0 0 0 0 0 0 0 3 3 0 0 0 0 0 0 1 4 16 6 2 1 0 0 1 0 0 0 0 0 0 1
P3023 2011 1 0 0 0 0 0 0 0 0 0 0 0 12 11 2 0 1 27 18 19 17 14 5 2 1 1 11 1 1 0 1 13
P3023 2011 2 4 0 9 0 0 0 0 0 20 7 4 4 0 0 0 1 2 2 8 13 4 6 1 17 17 39 10 5 -999 -999 -999
P3023 2011 3 14 5 2 6 39 27 189 10 59 6 0 0 0 0 10 42 0 0 0 19 3 2 3 5 2 0 3 3 35 0 4
P3023 2011 4 37 16 0 17 4 3 0 5 11 20 3 7 0 0 0 0 13 0 0 0 0 0 0 0 0 2 11 0 0 0 -999
P3023 2011 5 0 0 0 0 0 0 0 19 16 5 0 0 0 19 0 0 0 0 0 0 0 0 0 16 6 0 13 0 0 0 0
P3023 2011 6 0 0 0 0 0 0 0 0 0 0 0 0 0 12 0 0 0 0 0 0 0 0 0 0 16 0 0 0 0 0 -999
P3023 2011 7 0 0 0 0 0 0 0 0 0 0 0 0 0 0 0 0 0 0 0 0 0 0 0 0 0 0 0 0 0 0 0
P3023 2011 8 0 0 0 0 0 0 0 0 0 0 0 0 0 0 0 0 0 0 0 0 0 0 0 0 0 0 0 0 0 0 0
P3023 2011 9 0 0 0 0 0 0 0 0 0 0 0 0 0 0 0 0 0 0 0 0 0 0 0 0 0 0 0 0 0 0 -999
P3023 2011 10 0 0 0 0 0 0 3 15 14 0 0 0 0 0 0 0 0 0 24 14 13 78 15 0 7 11 1 0 5 49 17
P3023 2011 11 14 26 54 40 20 8 17 34 0 1 1 5 14 0 0 0 0 0 0 0 6 6 8 9 24 29 11 34 12 10 -999
P3023 2011 12 5 15 12 0 0 0 0 0 0 0 0 0 0 0 42 25 16 22 0 0 0 0 0 0 2 9 37 53 14 3 2
P3023 2012 1 5 8 20 16 34 41 0 0 0 0 0 2 2 3 7 0 11 59 48 53 36 18 5 1 0 0 1 5 1 0 0
P3023 2012 2 0 0 0 0 0 0 0 0 0 1 10 34 11 2 2 3 17 5 33 0 0 3 39 13 7 1 1 0 -999 -999 -999
P3023 2012 3 0 0 0 0 0 0 0 0 0 0 0 0 11 12 0 0 11 0 5 2 1 0 0 5 2 10 38 3 0 0 0
P3023 2012 4 0 0 0 0 0 0 0 0 0 0 0 0 0 0 0 0 0 0 0 0 0 0 0 0 0 0 7 0 0 0 -999
P3023 2012 5 0 0 0 0 0 0 0 0 0 199 131 220 105 158 20 3 25 31 27 32 19 94 11 29 18 18 16 13 40 16 12
P3023 2012 6 0 0 0 0 6 16 0 0 0 0 0 0 0 0 0 0 0 0 0 0 0 0 0 0 0 0 0 0 0 0 -999
P3023 2012 7 0 0 0 0 0 0 0 0 0 7 0 0 0 0 0 2 0 0 0 0 0 0 0 0 0 0 0 0 0 0 0
P3023 2012 8 0 0 0 0 0 0 0 0 0 0 0 0 0 0 0 0 0 0 0 0 0 0 0 0 0 0 0 0 0 0 0
P3023 2012 9 0 0 0 0 0 0 0 0 0 0 0 0 0 0 0 0 0 0 0 0 0 0 0 0 0 0 0 0 0 0 -999
P3023 2012 10 9 8 0 0 0 0 0 0 7 62 96 26 53 29 0 0 0 0 0 0 20 52 58 66 37 43 0 0 0 10 10
P3023 2012 11 3 0 0 0 10 8 0 0 0 2 12 0 31 11 0 0 0 0 0 0 0 0 0 0 0 0 0 0 0 0 -999
P3023 2012 12 21 13 3 1 8 3 0 0 0 0 0 1 0 0 0 0 0 11 4 139 13 14 49 8 19 0 0 0 0 0 0
P3023 2013 1 0 1 0 0 0 0 0 0 0 0 0 0 18 5 5 1 0 0 0 0 8 90 16 122 18 15 12 4 0 0 12
P3023 2013 2 2 6 2 38 28 28 88 46 7 13 0 0 0 0 0 18 25 4 16 1 0 29 18 12 29 36 16 25 -999 -999 -999
P3023 2013 3 14 37 10 0 0 0 0 0 0 2 11 19 17 18 39 13 2 7 7 3 1 0 3 0 0 0 0 0 0 0 0
P3023 2013 4 3 22 19 46 49 49 40 13 15 13 2 0 4 13 64 49 25 19 21 78 404 227 97 39 11 11 7 9 19 15 -999
P3023 2013 5 16 7 0 0 0 0 0 0 15 6 4 0 0 0 13 15 7 33 11 18 15 5 3 9 0 14 12 0 0 0 0
P3023 2013 6 0 0 0 0 0 0 0 0 0 0 0 0 0 0 0 0 0 0 38 34 0 0 0 0 0 0 0 0 0 0 -999
P3023 2013 7 0 0 0 0 0 0 0 0 0 0 0 0 0 0 0 0 0 0 0 0 0 0 0 0 0 0 0 0 0 0 0
P3023 2013 8 0 0 0 0 0 0 0 0 0 0 0 0 0 0 0 0 0 0 0 0 0 0 0 0 0 12 0 0 0 22 30
P3023 2013 9 0 0 0 0 0 0 0 0 0 0 0 0 0 0 0 0 0 0 0 0 0 0 0 0 0 0 0 0 0 0 -999
P3023 2013 10 0 0 0 11 35 47 109 0 0 15 10 0 0 8 22 9 3 57 25 0 0 0 24 14 10 0 0 0 0 0 0
P3023 2013 11 0 0 0 0 0 0 0 0 0 0 0 0 2 12 45 5 1 1 0 0 0 0 0 0 2 2 5 5 28 52 -999
P3023 2013 12 30 2 9 62 12 6 4 0 0 1 8 1 0 0 0 16 52 20 5 0 0 0 5 0 0 0 0 0 0 0 29
P3023 2014 1 82 129 41 4 0 0 2 20 18 9 4 0 1 0 0 0 0 0 0 9 35 6 34 16 74 175 41 23 8 11 25
P3023 2014 2 39 37 10 18 34 16 11 18 2 1 0 0 0 0 0 0 0 4 19 19 19 19 4 0 0 0 0 0 -999 -999 -999
P3023 2014 3 0 0 0 0 0 0 0 0 0 0 0 0 0 0 15 12 12 0 0 3 5 14 15 10 8 17 19 6 1 7 38
P3023 2014 4 6 0 0 0 0 0 0 7 16 24 2 14 4 0 0 0 0 0 0 0 0 0 0 0 0 0 0 9 14 16 -999
P3023 2014 5 6 7 0 0 0 0 3 25 43 0 0 4 4 13 16 4 7 114 39 13 0 0 0 0 0 0 0 0 0 6 3
P3023 2014 6 3 7 0 0 9 0 0 0 0 0 0 0 0 0 0 0 0 0 0 0 0 0 0 0 0 0 0 0 0 0 -999
P3023 2014 7 0 0 0 0 0 0 0 0 0 0 0 0 0 0 0 0 0 0 0 0 9 0 0 0 0 0 0 0 36 0 0
P3023 2014 8 0 0 20 55 78 0 0 0 0 0 0 0 0 0 0 0 0 0 0 0 0 0 0 0 0 0 0 0 0 0 0
P3023 2014 9 0 0 0 0 0 0 11 0 0 14 13 0 10 18 48 0 0 0 0 20 0 0 0 0 0 0 0 0 0 0 -999
P3023 2014 10 0 0 0 0 0 0 0 0 0 0 0 0 0 0 0 0 0 0 0 0 4 23 55 26 5 0 0 0 0 0 0
P3023 2014 11 0 6 4 10 8 36 31 0 0 0 0 0 13 0 0 0 0 7 5 7 21 15 6 16 16 18 14 14 8 17 -999
P3023 2014 12 8 0 0 0 0 0 0 0 0 0 0 0 20 0 27 34 9 51 5 39 97 33 45 6 3 1 4 4 0 0 0
P3023 2015 1 0 0 0 0 0 0 0 0 0 0 0 0 0 0 0 0 0 0 0 0 0 0 0 0 75 30 18 7 19 63 20
P3023 2015 2 4 2 0 0 0 0 0 0 45 39 5 17 18 23 20 54 24 98 27 13 24 57 38 0 0 0 1 15 -999 -999 -999
P3023 2015 3 7 0 31 116 87 33 44 9 0 6 16 28 23 16 20 23 20 5 40 29 18 34 50 63 206 0 0 0 0 12 46
P3023 2015 4 12 31 0 0 44 44 22 0 3 18 49 40 22 22 85 137 9 5 27 16 21 5 6 43 17 0 0 0 0 0 -999
P3023 2015 5 90 42 16 5 24 18 16 12 7 3 42 0 0 0 0 0 0 0 0 0 0 0 0 0 0 12 0 0 0 0 0
P3023 2015 6 0 0 0 26 38 78 69 10 0 0 0 0 0 0 0 0 0 0 0 0 0 0 0 0 0 0 78 0 16 0 -999
P3023 2015 7 0 0 0 0 0 0 0 5 0 0 0 0 0 0 0 0 0 0 0 0 0 0 0 0 0 0 0 0 0 0 0
P3023 2015 8 0 0 0 0 0 0 0 0 0 0 0 0 0 0 0 0 0 0 0 0 0 0 0 0 0 0 0 0 0 0 0
P3023 2015 9 0 0 0 0 0 0 0 0 0 0 0 0 0 0 0 0 13 9 6 0 0 0 0 0 0 3 0 0 0 0 -999
P3023 2015 10 0 0 0 0 0 0 0 0 0 4 56 70 12 33 24 36 15 49 217 56 16 0 2 0 0 5 4 0 0 0 0
P3023 2015 11 0 0 0 0 0 0 0 0 0 0 0 0 0 0 30 0 0 0 0 0 0 0 0 0 0 0 0 0 0 0 -999
P3023 2015 12 0 0 0 0 0 0 0 0 0 0 0 2 6 24 6 0 0 0 1 5 5 27 0 0 8 9 45 128 45 64 31
P3023 2016 1 50 0 0 16 5 98 97 169 39 13 102 47 43 7 28 9 5 13 0 20 39 2 0 0 5 4 17 46 86 17 5
P3023 2016 2 5 5 4 0 0 22 4 13 0 0 0 2 19 29 0 0 0 0 0 0 0 0 0 0 0 0 0 0 -999 -999 -999
P3023 2016 3 0 0 0 0 0 0 0 0 0 0 0 0 0 0 0 0 0 49 3 0 0 0 2 0 0 0 0 0 0 8 5
P3023 2016 4 2 0 0 51 26 41 39 27 7 5 3 17 39 14 0 0 51 6 9 15 8 0 42 6 10 0 10 41 0 16 -999
P3023 2016 5 13 10 5 6 7 0 15 0 101 0 0 0 0 0 0 0 0 0 0 0 0 0 5 0 3 4 0 0 0 0 0
P3023 2016 6 0 0 0 0 4 19 0 16 0 0 0 0 0 0 0 19 0 0 0 0 0 0 0 49 0 45 23 26 0 0 -999
P3023 2016 7 0 0 0 0 0 0 0 0 0 0 0 0 0 0 0 0 0 0 0 0 0 0 0 0 0 0 0 0 0 0 0
P3023 2016 8 0 0 0 0 0 0 0 0 0 0 0 0 0 0 0 0 0 0 0 0 0 0 0 0 0 0 0 0 0 0 0
P3023 2016 9 0 0 0 0 0 0 0 0 0 0 0 0 0 0 0 0 0 0 0 0 0 0 0 0 0 0 0 0 5 0 -999
P3023 2016 10 0 0 0 0 0 0 0 2 3 2 0 0 0 0 0 22 51 0 3 0 4 35 3 3 8 10 39 150 23 0 0
P3023 2016 11 0 0 0 9 47 16 47 34 22 5 61 215 175 61 5 57 0 0 0 8 0 0 84 13 170 24 18 0 1 0 -999
P3023 2016 12 0 0 0 0 0 0 0 0 0 0 0 0 0 4 7 0 0 0 0 0 0 0 0 0 0 0 0 0 4 7 13
P3023 2017 1 2 1 68 17 18 6 14 56 55 217 15 9 6 0 0 5 0 0 0 0 2 0 0 0 0 8 16 51 9 0 0
P3023 2017 2 0 0 1 16 15 8 1 8 15 8 3 2 3 17 49 17 5 4 20 112 104 41 29 7 6 6 27 40 -999 -999 -999
P3023 2017 3 39 39 9 20 51 92 13 7 17 19 31 53 52 19 14 14 18 18 23 15 4 219 93 49 13 10 33 46 49 15 41
P3023 2017 4 42 41 19 10 15 16 58 19 12 13 63 41 42 4 62 20 29 20 4 4 10 28 14 7 11 15 21 12 13 12 -999
P3023 2017 5 5 7 3 0 9 10 32 13 0 24 0 0 0 8 15 0 0 0 0 0 0 4 18 7 16 0 0 0 0 0 0
P3023 2017 6 0 0 0 0 0 5 2 13 3 0 0 0 6 43 19 0 0 0 0 0 0 0 0 0 0 0 0 0 0 0 -999
P3023 2017 7 0 0 22 0 0 0 0 7 0 0 0 0 0 0 0 0 0 0 0 0 0 0 0 4 0 0 0 0 0 0 0
P3023 2017 8 0 0 0 0 0 0 0 0 0 10 14 0 0 0 0 0 0 0 0 0 28 0 0 0 0 0 0 0 0 0 119
P3023 2017 9 36 0 0 0 0 20 39 44 0 0 0 0 0 0 0 0 0 0 0 0 0 0 0 0 0 2 14 36 23 7 -999
P3023 2017 10 0 0 0 12 12 12 4 13 22 0 0 0 0 0 0 0 0 0 0 0 0 0 19 2 0 3 12 4 4 0 0
P3023 2017 11 8 13 0 0 10 5 0 3 0 5 46 0 0 0 0 0 0 36 36 0 0 0 0 43 28 3 0 0 0 0 -999
P3023 2017 12 0 6 0 0 0 0 0 0 0 0 3 7 102 162 21 35 31 45 0 6 5 80 15 0 0 0 18 14 210 67 46
P3023 2018 1 0 0 0 0 0 0 0 0 0 0 0 0 0 0 0 0 1 0 0 0 0 0 0 6 22 34 40 19 3 32 17
P3023 2018 2 17 36 27 20 49 53 28 38 3 1 7 23 52 23 25 0 2 2 4 4 0 3 3 4 1 3 23 41 -999 -999 -999
P3023 2018 3 44 39 33 23 18 19 45 16 3 1 2 6 4 1 0 0 1 1 2 19 30 44 55 125 43 70 24 51 72 193 24
P3023 2018 4 16 116 33 25 9 2 0 0 0 0 9 52 51 41 10 53 18 10 0 0 0 0 0 0 39 14 27 31 51 51 -999
P3023 2018 5 42 41 21 41 13 0 0 0 0 0 0 0 0 5 3 16 74 40 59 62 13 6 22 30 0 0 0 28 0 0 0
P3023 2018 6 0 0 0 0 0 0 5 0 0 0 0 0 0 0 0 0 0 0 0 0 0 0 0 0 0 0 0 0 0 0 -999
P3023 2018 7 0 0 0 0 0 0 0 0 0 0 0 0 0 0 0 0 0 0 0 0 0 0 0 0 0 0 0 0 0 0 0
P3023 2018 8 0 0 0 0 0 0 0 0 0 0 0 0 0 0 0 0 0 0 0 0 0 0 0 0 0 0 0 0 0 0 0
P3023 2018 9 0 0 0 0 0 68 18 0 0 0 0 0 0 0 0 0 0 0 0 0 0 8 5 0 0 0 0 0 0 0 -999
P3023 2018 10 0 0 0 2 2 0 0 0 0 0 0 0 0 0 12 0 0 0 5 24 53 67 140 180 84 40 47 21 0 4 19
P3023 2018 11 27 11 16 11 16 0 0 0 24 13 2 0 0 0 0 0 6 0 0 0 0 13 5 4 5 7 39 83 42 0 -999
P3023 2018 12 0 1 0 0 0 0 0 0 0 1 0 0 0 0 0 0 0 0 0 0 0 0 1 15 9 26 27 8 0 0 0
P3023 2019 1 0 0 0 2 1 27 7 11 8 6 2 10 6 5 1 0 0 0 0 0 0 0 0 0 1 0 0 0 0 0 4
P3023 2019 2 0 0 1 13 5 8 5 9 2 5 16 6 6 5 24 13 5 0 0 0 0 1 13 26 32 5 6 23 -999 -999 -999
P3023 2019 3 48 50 52 62 14 115 6 1 7 7 8 8 2 0 0 0 0 0 0 0 0 0 5 4 2 9 67 63 62 56 11
P3023 2019 4 4 1 0 0 0 0 0 0 0 0 0 2 13 0 0 0 0 0 0 0 0 0 0 0 0 0 9 3 14 4 -999
P3023 2019 5 22 8 0 0 0 0 0 17 33 8 0 0 50 14 0 0 0 0 0 0 0 0 0 0 8 0 0 0 49 52 11
P3023 2019 6 3 0 0 0 0 0 0 0 0 0 3 19 49 11 11 0 0 0 0 0 0 0 0 0 0 71 68 0 0 0 -999
P3023 2019 7 0 0 0 0 0 0 0 0 0 0 0 0 0 0 0 0 0 0 0 0 0 0 0 0 0 0 0 0 0 0 0
P3023 2019 8 0 0 0 0 0 0 0 0 0 0 0 0 0 0 0 0 0 0 7 0 0 0 0 0 0 0 0 39 30 0 33
P3023 2019 9 45 8 6 0 0 0 0 0 25 25 22 11 53 0 0 0 10 0 0 0 19 25 78 287 216 0 0 0 0 0 -999
P3023 2019 10 0 0 46 57 43 40 25 11 18 9 0 0 0 0 0 0 0 4 3 0 4 46 0 0 0 0 0 0 0 0 0
P3023 2019 11 0 29 0 0 24 141 26 106 0 0 0 0 0 7 11 0 0 0 0 0 0 0 0 0 0 121 13 27 21 7 -999
P3023 2019 12 0 0 0 0 0 0 0 0 0 0 0 0 0 0 66 16 8 119 39 15 57 48 100 147 239 55 0 0 0 0 0
P3023 2020 1 0 87 29 62 13 22 12 1 0 0 7 5 0 0 0 0 0 0 0 0 0 1 10 5 2 0 0 1 4 5 5
P3023 2020 2 8 67 86 229 30 13 3 0 4 8 0 0 0 4 16 39 40 71 32 59 17 18 38 37 7 3 2 0 -999 -999 -999
P3023 2020 3 0 0 0 0 0 0 0 0 0 0 0 0 2 15 19 38 61 49 6 2 2 4 48 99 68 24 83 28 14 29 0
P3023 2020 4 0 0 0 0 4 40 0 36 60 37 30 19 20 12 2 0 0 0 0 0 20 49 7 20 19 41 14 0 18 36 -999
P3023 2020 5 286 237 30 18 38 12 5 3 0 0 6 17 0 0 0 0 0 18 67 68 71 102 48 31 0 15 37 46 28 15 14
P3023 2020 6 13 0 5 0 0 0 31 15 7 0 0 0 0 0 0 0 0 0 0 0 0 0 0 0 0 0 0 0 0 0 -999
P3023 2020 7 0 0 0 0 0 0 0 0 0 0 0 0 0 0 0 0 0 0 0 0 0 0 0 0 0 0 0 0 0 0 0
P3023 2020 8 0 0 0 0 0 0 0 0 0 0 0 0 0 0 0 0 0 0 0 0 0 0 0 0 0 0 0 0 0 0 0
P3023 2020 9 0 0 0 0 0 0 0 0 11 9 0 0 0 0 13 53 0 0 12 4 0 0 0 0 0 0 0 0 0 1 -999
P3023 2020 10 25 0 13 19 20 48 0 0 0 0 9 10 12 8 0 0 0 0 0 0 0 0 12 55 9 5 9 12 9 3 0
P3023 2020 11 24 15 0 33 4 7 3 0 0 0 0 2 1 6 0 0 17 14 28 302 131 14 0 0 0 0 0 0 0 0 -999
P3023 2020 12 0 0 0 0 0 0 0 0 0 3 2 0 47 4 0 0 0 15 0 16 29 161 73 67 0 4 0 0 0 0 0
P3023 2021 1 0 2 22 4 2 0 0 0 0 0 1 6 7 44 10 4 9 8 5 5 32 13 74 100 91 191 131 67 75 39 62
P3023 2021 2 18 64 89 66 236 46 50 51 4 14 15 8 7 7 17 8 12 11 0 0 0 0 0 0 9 17 15 19 -999 -999 -999
P3023 2021 3 19 8 14 16 9 10 33 123 325 14 0 8 252 22 233 56 57 64 108 33 21 4 12 32 0 0 0 0 11 0 66
P3023 2021 4 6 3 14 29 4 0 0 0 2 11 14 0 0 5 0 6 16 7 14 25 45 32 12 23 56 130 43 7 0 15 -999
P3023 2021 5 8 0 0 0 0 6 4 13 12 0 2 0 0 0 0 0 0 0 0 14 0 0 0 0 0 55 10 17 16 41 12
P3023 2021 6 16 16 14 0 0 0 0 88 14 0 9 2 15 27 10 0 0 0 0 0 0 0 0 0 0 0 0 0 0 0 -999
P3023 2021 7 0 0 0 0 0 0 0 0 0 0 0 0 0 0 0 0 0 0 0 0 0 0 0 0 0 0 0 0 0 0 0
P3023 2021 8 0 0 0 0 0 0 0 0 8 0 0 0 0 0 0 0 0 0 0 0 0 0 0 0 0 0 0 0 0 0 0
P3023 2021 9 0 0 0 0 0 0 0 0 0 0 0 0 11 26 6 20 0 0 0 0 0 0 0 0 13 20 0 7 29 60 -999
P3023 2021 10 42 37 15 4 0 0 14 12 8 0 0 0 17 38 0 0 0 0 0 13 13 0 0 0 8 6 14 5 9 0 18
P3023 2021 11 29 16 0 0 5 0 0 8 5 0 0 0 0 0 0 0 0 0 0 11 31 0 0 7 0 0 0 0 0 0 -999
P3023 2021 12 0 0 0 0 0 0 0 0 0 0 0 0 3 15 32 50 136 114 113 7 176 14 53 36 66 24 79 98 29 70 14
P3023 2022 1 1 0 0 0 0 0 0 0 0 0 0 0 33 4 21 2 1 5 0 76 7 2 1 3 2 0 0 0 0 0 0
P3023 2022 2 0 2 0 0 0 0 0 0 0 14 0 0 0 0 10 6 3 0 0 0 15 16 6 14 2 3 15 169 -999 -999 -999
P3023 2022 3 95 51 0 13 33 153 0 0 0 0 0 0 0 0 9 4 0 0 0 2 16 4 7 4 16 6 15 0 0 6 12
P3023 2022 4 18 19 61 40 28 51 36 12 8 0 0 12 56 39 0 0 103 267 168 250 55 40 39 69 13 2 0 0 0 0 -999
P3023 2022 5 0 0 0 0 0 0 0 0 0 0 0 0 0 0 0 0 0 0 0 0 0 0 0 0 0 0 0 0 50 45 0
P3023 2022 6 0 0 0 0 0 0 40 16 26 0 0 0 0 0 0 0 0 0 0 0 0 0 0 0 0 0 0 0 0 0 -999
P3023 2022 7 0 0 0 0 0 0 0 0 0 0 0 0 0 0 0 0 0 0 0 0 0 0 0 0 0 0 0 0 0 0 0
P3023 2022 8 0 0 0 0 0 0 0 0 0 0 0 0 0 0 0 0 0 0 0 0 0 0 0 0 0 0 0 0 0 0 0
P3023 2022 9 0 0 0 0 0 0 0 0 0 0 0 0 0 0 0 0 0 0 0 0 0 0 6 55 4 12 0 23 0 0 -999
P3023 2022 10 0 0 0 0 0 0 0 0 0 0 0 0 0 0 3 0 0 0 0 16 32 16 0 0 0 0 8 18 0 0 0
P3023 2022 11 4 6 12 16 5 0 0 0 0 0 0 0 49 55 17 38 17 67 39 16 40 28 32 75 5 0 0 0 0 0 -999
P3023 2022 12 3 9 1 2 0 62 25 73 63 0 0 5 0 0 0 0 6 5 8 52 34 21 88 30 46 189 110 10 38 12 16
P3023 2023 1 4 16 19 18 35 44 33 19 12 8 19 15 22 71 49 4 1 7 6 5 7 10 23 15 6 1 0 0 0 0 0
P3023 2023 2 0 2 7 5 1 0 0 0 0 0 0 2 2 5 57 40 41 18 6 47 43 0 0 0 0 0 0 0 -999 -999 -999
P3023 2023 3 0 0 38 3 0 0 0 0 0 0 0 0 0 0 10 15 117 36 22 5 49 18 12 0 0 2 2 7 0 20 2
P3023 2023 4 0 0 0 0 0 0 5 7 41 18 47 1 1 3 17 37 33 64 51 0 15 26 9 6 3 0 1 0 0 0 -999
P3023 2023 5 25 56 28 35 52 2 9 16 16 30 10 3 16 10 8 33 15 29 19 6 24 17 13 9 2 0 0 0 10 0 0
P3023 2023 6 0 0 0 0 0 10 0 0 0 0 0 18 0 0 16 14 15 7 0 0 6 0 0 0 0 0 0 0 0 0 -999
P3023 2023 7 0 0 0 0 0 0 0 0 0 0 0 0 0 0 0 0 0 27 21 11 0 0 0 20 0 0 0 0 0 0 0
P3023 2023 8 0 0 0 0 0 0 0 0 0 0 0 0 0 0 0 0 0 0 0 0 0 0 0 0 0 0 0 0 0 0 0
P3023 2023 9 0 0 0 0 0 0 0 0 0 0 0 0 0 0 0 0 3 28 0 0 0 0 0 11 0 0 0 0 0 14 -999
P3023 2023 10 52 27 58 0 0 0 0 0 0 14 0 0 0 21 13 6 0 48 10 16 5 0 0 0 0 0 0 1 6 6 5
P3023 2023 11 22 0 0 0 0 0 0 0 6 8 9 10 42 0 0 0 0 0 0 0 0 0 0 0 0 0 0 0 0 0 -999
P3023 2023 12 0 7 21 41 1 0 0 0 0 0 0 1 0 0 1 1 2 56 46 83 13 67 12 56 5 0 0 0 0 0 1
P3023 2024 1 0 0 0 0 0 0 0 0 0 0 0 0 0 0 0 0 0 1 16 18 40 18 21 4 2 3 7 47 10 1 0
P3023 2024 2 0 5 0 25 9 182 6 9 64 125 9 166 43 0 0 0 0 0 0 0 0 0 2 0 0 0 0 0 -999 -999 -999
P3023 2024 3 0 0 0 0 0 1 6 14 3 3 3 58 13 29 5 8 39 17 17 16 5 3 0 1 1 2 3 4 8 17 18
P3023 2024 4 20 18 11 8 39 19 59 33 26 27 116 0 0 0 0 0 0 0 0 0 14 17 36 0 0 0 0 0 0 5 -999
P3023 2024 5 2 10 37 3 30 55 49 35 80 0 0 8 15 9 5 13 4 7 0 0 0 0 0 44 34 34 51 4 12 0 0
P3023 2024 6 0 0 0 0 0 0 0 0 0 0 0 16 0 0 0 0 0 0 0 0 0 0 0 0 0 0 0 0 0 0 -999
P3023 2024 7 0 0 0 0 0 0 0 0 0 0 0 0 0 0 0 0 0 0 0 0 0 0 0 0 0 0 0 0 0 0 0
P3023 2024 8 0 0 0 0 0 0 0 0 0 0 0 0 0 0 0 0 0 0 0 0 0 0 0 0 0 0 0 0 0 0 0
P3023 2024 9 0 0 0 0 0 0 0 0 0 0 0 0 0 0 0 0 31 14 55 21 30 7 15 5 0 0 0 0 7 0 -999
P3023 2024 10 4 31 10 4 14 4 4 0 0 0 0 0 0 0 0 0 0 0 0 4 2 0 0 0 0 0 0 0 0 8 13
P3023 2024 11 15 52 113 17 49 49 0 0 0 0 42 24 38 12 44 18 13 8 1 0 0 0 0 0 0 0 0 6 44 46 -999
P3023 2024 12 17 19 19 10 0 0 8 0 2 16 30 17 11 6 0 0 0 0 1 1 0 4 11 0 0 0 0 0 0 0 2
P3023 2025 1 0 0 0 36 79 89 56 22 24 3 0 0 0 10 3 0 0 45 9 0 0 0 0 0 0 0 0 19 9 61 3
P3023 2025 2 3 11 4 0 1 5 3 8 17 11 27 57 25 0 10 3 0 0 2 0 0 0 0 0 11 0 0 0 -999 -999 -999
P3023 2025 3 0 14 8 2 0 0 5 57 43 9 0 0 0 0 0 0 0 0 0 0 0 0 0 0 0 0 0 4 0 0 0
P3023 2025 4 0 0 0 0 5 0 0 0 0 13 7 10 0 0 26 9 0 101 0 0 0 0 0 0 0 0 0 0 13 0 -999
P3023 2025 5 0 0 2 13 0 0 0 0 0 0 0 0 15 14 8 0 0 10 7 0 0 32 14 10 13 13 6 7 48 0 0
P3023 2025 6 0 0 0 0 0 0 0 0 0 0 0 0 0 0 0 0 0 0 0 0 0 0 0 0 0 0 0 0 0 0 -999
P3023 2025 7 0 0 0 0 0 0 0 0 0 0 0 0 0 0 0 0 0 0 0 0 0 0 0 0 0 0 0 0 0 0 0
P3023 2025 8 0 14 15 0 0 0 0 0 0 0 0 0 0 0 0 0 0 0 0 0 0 0 0 0 0 0 0 0 0 0 0
P3023 2025 9 0 0 0 0 0 0 0 0 0 0 0 0 0 0 0 0 0 13 7 0 0 0 14 18 0 0 0 24 0 0 -999
P3023 2025 10 0 0 0 0 0 0 0 0 0 0 0 0 0 0 0 8 51 30 15 24 56 37 41 0 0 0 0 0 0 89 47
P3023 2025 11 62 13 12 36 87 12 18 13 59 50 9 0 6 9 81 16 4 0 0 0 0 0 0 0 0 0 0 0 0 0 -999
P3023 2025 12 0 0 0 0 0 0 2 0 0 0 35 40 14 0 5 43 3 13 12 4 18 125 18 89 13 55 46 17 3 10 9
P3023 2026 1 12 12 0 0 0 0 0 0 0 0 0 0 0 0 0 0 1 1 62 31 20 5 28 4 0 0 0 0 0 0 0
P3023 2026 2 0 0 0 0 0 0 0 0 0 0 0 0 0 0 0 15 40 5 1 0 0 4 3 0 2 4 2 1 -999 -999 -999
P3023 2026 3 2 2 2 15 17 29 15 7 15 3 0 0 0 37 0 0 0 4 0 0 0 0 52 43 53 46 14 14 22 23 22
P3023 2026 4 0 2 0 34 0 13 38 6 5 11 20 0 12 3 0 1 0 0 0 0 1 0 0 0 0 0 0 0 33 4 -999
P3023 2026 5 12 17 14 0 0 0 0 0 10 18 21 17 44 51 10 1 0 0 0 0 0 0 0 0 0 0 0 0 0 0 0
P3023 2026 6 0 0 0 0 0 0 0 0 0 0 0 0 0 0 0 0 0 0 0 0 0 0 0 0 0 0 0 0 0 0 -999
P3023 2026 7 0 0 0 0 0 0 0 0 0 0 0 0 0 0 0 0 0 0 0 0 0 0 0 0 0 0 0 0 0 0 0
P3023 2026 8 0 0 0 0 0 0 0 0 0 0 0 0 0 0 0 0 0 0 0 0 0 0 0 0 0 0 0 0 0 0 9
P3023 2026 9 8 18 14 0 0 0 0 0 0 0 0 0 0 0 0 0 0 0 28 14 16 19 0 0 0 0 0 0 0 0 -999
P3023 2026 10 2 41 33 44 36 0 0 1 0 0 0 0 0 0 0 0 0 4 0 0 38 0 0 0 0 0 0 0 7 7 74
P3023 2026 11 30 34 17 47 57 27 12 40 9 15 14 20 5 10 124 14 13 0 0 0 1 0 0 0 0 0 0 0 0 0 -999
P3023 2026 12 0 0 3 0 0 0 0 0 0 0 0 0 0 0 23 50 6 112 80 61 24 56 93 15 1 0 0 1 0 0 0
P3023 2027 1 0 0 0 0 11 41 216 24 5 17 53 34 4 18 16 51 54 5 14 10 8 91 3 0 0 11 76 174 82 28 0
P3023 2027 2 1 0 0 0 0 0 0 0 0 0 4 10 0 0 1 1 1 8 4 7 5 3 26 3 0 45 12 0 -999 -999 -999
P3023 2027 3 0 14 19 10 8 5 2 15 16 1 0 0 0 0 0 0 5 19 32 61 54 24 28 9 5 4 12 4 0 0 0
P3023 2027 4 0 0 0 4 3 0 0 0 0 0 0 0 0 26 46 3 0 14 46 2 0 0 0 0 0 0 0 1 1 0 -999
P3023 2027 5 0 14 30 16 15 51 9 0 0 29 12 0 5 0 0 0 0 0 0 0 35 118 0 0 0 0 0 0 0 0 0
P3023 2027 6 0 0 0 3 14 6 0 0 0 0 0 0 0 0 0 0 0 0 0 0 0 0 0 0 0 0 0 0 0 0 -999
P3023 2027 7 0 0 0 0 0 0 0 0 0 0 0 0 0 0 0 0 0 0 0 0 0 0 0 0 0 0 0 0 0 0 0
P3023 2027 8 0 0 0 0 0 0 0 0 0 0 0 0 0 0 129 0 0 0 0 0 0 0 0 0 0 0 0 0 0 0 0
P3023 2027 9 0 0 0 0 0 0 0 0 0 0 0 0 6 0 0 0 0 0 0 0 0 0 0 0 0 10 0 0 0 0 -999
P3023 2027 10 9 0 0 0 0 0 13 0 0 0 0 0 0 11 5 2 2 16 0 0 0 11 31 40 5 0 0 0 0 0 0
P3023 2027 11 0 0 0 0 2 0 0 0 0 16 18 15 2 0 0 0 0 0 0 0 1 37 3 1 3 8 12 4 0 0 -999
P3023 2027 12 1 0 0 0 4 0 0 0 0 0 0 0 0 3 16 6 11 25 0 0 0 0 0 0 0 1 0 0 0 0 0
P3023 2028 1 0 0 0 0 0 0 0 0 0 0 0 1 1 0 0 3 21 24 19 1 0 0 13 40 99 11 17 25 1 0 11
P3023 2028 2 13 74 49 28 17 5 6 3 4 6 41 52 15 121 11 8 8 21 108 0 0 2 6 0 0 0 0 0 -999 -999 -999
P3023 2028 3 0 2 3 1 1 0 0 0 0 0 19 18 13 33 9 0 0 0 0 0 0 0 1 0 0 75 81 0 0 0 0
P3023 2028 4 0 0 0 0 0 0 0 0 0 3 16 0 0 0 0 0 19 5 7 7 12 0 0 0 0 0 0 0 0 0 -999
P3023 2028 5 0 0 0 39 0 0 11 5 3 8 3 13 0 0 10 0 0 0 0 62 0 0 0 24 13 0 0 15 11 0 0
P3023 2028 6 14 17 7 1 3 8 18 5 5 0 0 0 0 0 0 0 33 23 0 0 0 0 0 0 0 0 0 22 23 17 -999
P3023 2028 7 0 0 0 0 0 0 0 0 0 0 0 14 0 0 0 0 0 0 0 0 0 0 0 0 0 0 0 0 0 0 0
P3023 2028 8 0 0 0 0 0 0 0 0 0 0 0 0 0 0 0 0 0 0 0 0 0 0 0 0 0 0 0 0 0 0 0
P3023 2028 9 0 0 0 0 0 0 0 0 0 0 0 0 0 0 0 0 0 0 0 0 0 0 30 0 0 31 14 0 0 0 -999
P3023 2028 10 0 0 0 0 0 0 0 0 0 0 8 0 0 0 0 0 0 0 32 4 0 0 0 0 0 0 0 0 0 0 0
P3023 2028 11 0 0 0 0 9 16 10 0 0 0 0 2 4 0 0 0 0 114 8 34 110 46 0 0 0 0 2 45 0 0 -999
P3023 2028 12 0 0 0 0 0 0 0 0 0 0 0 0 16 18 62 94 72 56 22 46 31 24 35 12 33 31 50 33 24 43 0
P3023 2029 1 0 0 4 50 12 0 1 8 17 20 7 51 14 0 0 11 4 15 11 32 1 0 0 0 0 0 0 5 2 6 7
P3023 2029 2 125 54 51 84 174 5 0 0 0 1 5 0 0 5 0 0 0 0 0 0 0 0 0 0 0 0 3 7 -999 -999 -999
P3023 2029 3 18 16 2 7 12 43 26 16 41 13 8 0 0 48 0 0 0 0 0 39 40 5 5 1 0 0 0 0 0 0 11
P3023 2029 4 25 28 10 14 3 2 3 0 0 0 0 0 0 9 4 10 0 20 0 0 0 0 0 0 0 0 4 27 11 41 -999
P3023 2029 5 48 4 7 11 23 17 51 16 25 11 8 0 0 0 0 0 4 18 0 0 3 0 0 5 15 0 0 0 4 11 79
P3023 2029 6 272 339 341 295 0 0 0 0 0 0 0 0 0 0 0 0 0 0 0 0 0 0 0 0 0 0 0 0 0 0 -999
P3023 2029 7 0 0 0 0 0 0 0 0 0 0 0 0 0 0 0 56 0 0 0 0 0 0 0 0 0 0 0 0 0 0 0
P3023 2029 8 0 0 20 0 0 0 0 0 0 0 0 0 0 0 0 0 0 0 0 0 0 0 0 0 0 0 0 0 0 0 0
P3023 2029 9 0 0 0 0 0 0 0 0 0 0 0 0 0 0 0 0 0 0 0 0 0 0 0 0 32 20 12 7 38 9 -999
P3023 2029 10 4 0 0 0 0 0 0 0 0 0 0 0 0 0 0 0 0 21 0 0 0 0 0 0 0 9 21 23 31 64 0
P3023 2029 11 0 0 0 0 0 0 0 0 0 0 0 0 0 0 0 0 0 5 0 0 1 0 0 86 1 0 0 0 24 0 -999
P3023 2029 12 0 0 0 50 156 7 0 75 20 4 2 0 0 5 0 0 0 4 3 0 0 125 27 21 51 4 24 63 35 22 0
P3023 2030 1 0 0 0 1 3 13 6 36 9 13 16 35 9 8 4 50 9 0 0 0 13 0 1 1 5 1 21 9 14 5 0
P3023 2030 2 13 16 3 2 22 9 0 61 4 0 0 0 0 0 1 8 5 10 15 0 0 8 5 0 14 5 0 2 -999 -999 -999
P3023 2030 3 1 0 2 1 1 0 0 0 0 0 0 0 0 0 0 0 2 3 6 18 2 11 13 54 83 142 18 19 68 14 50
P3023 2030 4 180 50 17 12 3 0 0 2 6 27 18 48 24 24 27 16 10 35 35 49 18 5 0 7 13 43 58 2 0 0 -999
P3023 2030 5 0 0 0 0 0 0 0 0 0 26 14 14 9 29 54 48 13 5 0 0 0 0 0 0 14 0 0 0 0 0 0
P3023 2030 6 0 0 0 0 0 0 0 0 0 0 0 0 0 0 11 27 4 10 5 0 0 0 4 0 0 0 0 0 0 0 -999
P3023 2030 7 0 0 0 0 0 0 0 0 0 0 0 0 0 0 0 0 0 0 0 0 0 0 0 0 0 0 0 0 0 0 0
P3023 2030 8 0 0 0 81 0 0 0 0 0 0 0 0 0 0 0 0 0 0 0 0 0 0 0 0 0 0 0 72 14 0 0
P3023 2030 9 0 0 0 0 0 0 0 0 0 0 0 0 0 0 0 12 87 49 0 0 10 3 14 15 0 21 4 16 7 0 -999
P3023 2030 10 0 0 0 0 0 0 0 10 8 11 3 47 14 13 0 0 0 4 9 9 24 40 17 5 13 0 0 0 47 10 31
P3023 2030 11 39 22 25 12 5 22 57 50 8 15 14 11 11 14 42 16 63 31 26 13 15 37 56 38 33 27 0 45 40 5 -999
P3023 2030 12 0 0 0 0 20 86 13 0 0 7 11 15 0 0 0 0 0 0 0 0 0 0 0 0 0 1 4 19 12 28 6
P3023 2031 1 40 0 0 5 16 15 1 38 14 51 6 59 58 61 67 8 2 0 5 0 0 0 0 0 0 0 0 0 0 0 1
P3023 2031 2 0 8 35 20 14 17 15 7 17 16 17 17 17 16 6 1 5 32 15 16 16 15 18 17 9 4 4 1 -999 -999 -999
P3023 2031 3 2 1 3 36 77 49 8 7 53 30 12 37 180 13 1 5 3 0 0 4 3 0 0 0 0 0 0 0 0 2 46
P3023 2031 4 9 4 17 4 7 16 15 12 31 20 18 14 21 39 3 0 0 0 0 0 0 0 0 0 0 0 0 0 0 0 -999
P3023 2031 5 0 0 7 5 8 0 0 0 0 7 15 55 0 24 41 59 69 78 16 31 0 0 0 0 0 14 46 116 0 0 0
P3023 2031 6 0 0 0 0 0 0 13 0 5 0 0 0 0 0 0 0 0 0 0 0 0 0 0 0 0 0 0 0 0 0 -999
P3023 2031 7 0 0 0 0 0 0 0 0 0 0 0 61 114 20 30 0 0 0 0 0 0 0 0 0 0 0 0 0 0 0 0
P3023 2031 8 0 0 0 0 0 0 0 0 0 0 0 26 0 0 0 0 0 0 0 0 0 0 0 0 0 0 0 0 0 0 0
P3023 2031 9 0 0 0 0 0 0 0 0 0 0 6 29 0 0 0 0 4 5 21 0 0 0 9 63 6 5 8 11 0 0 -999
P3023 2031 10 0 0 0 0 0 0 0 59 55 23 0 0 39 0 0 27 31 20 23 38 44 35 0 0 0 0 0 0 0 0 2
P3023 2031 11 0 0 15 44 3 27 30 15 0 0 16 12 12 10 25 95 13 11 8 7 62 46 64 12 56 121 21 97 36 10 -999
P3023 2031 12 28 28 30 16 79 79 228 55 52 13 0 0 0 0 0 0 0 0 0 0 24 48 40 11 83 25 9 46 45 6 0
P3023 2032 1 0 0 11 27 8 86 62 74 41 0 0 21 21 5 3 5 0 0 0 4 0 0 0 0 0 6 2 4 13 52 41
P3023 2032 2 4 6 8 3 1 0 0 0 0 4 5 22 5 0 0 1 3 1 0 0 0 0 12 2 1 0 1 3 -999 -999 -999
P3023 2032 3 19 0 0 2 0 0 0 0 0 0 0 0 0 3 3 0 0 0 0 0 0 0 0 0 0 0 1 2 3 21 12
P3023 2032 4 49 25 9 7 18 11 45 20 31 13 4 0 0 16 26 12 42 10 3 7 1 0 2 12 23 13 0 0 0 0 -999
P3023 2032 5 0 0 0 13 1 0 0 0 2 0 0 21 34 14 50 29 2 14 0 31 0 0 0 0 12 14 25 41 21 27 0
P3023 2032 6 0 0 0 0 0 0 0 47 55 26 0 0 0 0 0 20 47 0 0 0 0 0 0 0 0 0 0 0 0 0 -999
P3023 2032 7 0 0 0 49 0 0 0 0 0 0 0 0 0 0 0 0 0 0 0 0 0 0 0 0 0 0 0 0 0 0 0
P3023 2032 8 0 0 0 0 0 0 0 0 0 0 0 0 0 0 0 0 0 0 0 0 0 0 0 0 0 0 0 0 0 0 0
P3023 2032 9 0 0 0 0 0 0 0 0 0 5 63 0 0 0 0 15 15 11 12 24 0 0 0 0 0 0 0 0 0 0 -999
P3023 2032 10 34 45 54 65 0 0 0 0 22 0 0 8 0 39 50 3 6 0 4 22 16 25 44 14 3 0 0 0 58 10 0
P3023 2032 11 0 0 0 37 14 0 0 0 0 0 0 0 0 0 0 1 0 0 0 1 0 0 0 0 9 2 24 0 32 78 -999
P3023 2032 12 40 9 33 8 0 0 0 0 0 0 0 0 0 0 0 0 0 0 0 2 0 0 0 2 8 2 2 0 0 0 0
P3023 2033 1 0 0 47 54 50 20 96 45 187 298 30 7 60 4 17 52 17 2 2 1 0 0 0 1 1 1 49 34 7 3 12
P3023 2033 2 0 0 0 0 1 17 17 18 28 24 62 26 23 0 0 0 0 1 7 0 0 0 0 25 12 0 0 0 -999 -999 -999
P3023 2033 3 0 0 0 0 0 0 0 0 0 0 72 59 51 26 24 51 93 152 10 0 18 5 14 0 0 0 3 12 5 15 2
P3023 2033 4 0 0 0 5 41 43 52 36 47 27 34 14 14 40 14 98 223 42 44 60 5 8 13 8 102 6 5 6 4 14 -999
P3023 2033 5 0 0 12 18 0 0 0 0 0 0 0 11 14 14 39 13 31 13 14 6 33 11 0 0 0 0 0 0 0 0 0
P3023 2033 6 0 0 0 0 0 0 0 0 0 0 0 11 67 0 0 0 0 0 0 0 0 0 0 0 0 0 0 0 0 0 -999
P3023 2033 7 0 0 15 16 0 0 0 0 0 0 0 0 0 0 0 0 0 0 0 0 0 0 0 0 0 0 0 0 0 0 0
P3023 2033 8 0 0 0 0 0 0 0 0 0 0 0 0 0 0 0 0 0 0 0 0 0 0 0 0 0 0 0 0 0 11 0
P3023 2033 9 17 7 0 0 0 0 0 0 0 0 0 0 17 57 26 0 0 0 0 0 0 0 0 0 0 0 0 0 0 6 -999
P3023 2033 10 6 5 0 56 59 39 41 40 39 37 19 9 9 0 0 0 0 0 0 0 0 0 0 0 0 5 0 0 1 0 0
P3023 2033 11 10 9 9 15 15 0 0 0 0 0 0 0 0 0 0 0 14 6 1 0 0 0 0 0 0 0 0 0 0 0 -999
P3023 2033 12 1 1 1 0 0 0 0 4 3 0 0 9 0 0 0 0 0 0 0 0 0 0 0 0 0 0 0 0 0 0 0
P3023 2034 1 0 0 1 0 0 11 3 8 6 0 15 83 94 104 205 34 9 0 0 0 0 0 0 0 0 0 0 0 0 0 0
P3023 2034 2 0 0 0 0 0 1 1 0 0 1 3 5 6 8 11 14 28 137 323 7 0 0 0 0 0 0 1 15 -999 -999 -999
P3023 2034 3 18 5 9 8 29 18 0 0 0 0 0 0 5 18 17 9 4 1 1 0 0 1 12 22 60 391 11 0 0 0 0
P3023 2034 4 0 0 0 2 1 0 0 0 0 0 1 2 2 2 1 1 0 0 0 0 13 39 0 0 0 0 23 26 24 10 -999
P3023 2034 5 2 0 0 4 6 2 0 0 0 0 0 0 0 0 0 0 0 0 0 0 0 0 0 34 77 57 0 0 0 10 0
P3023 2034 6 0 0 0 0 0 2 5 11 0 0 0 0 0 0 0 0 0 0 0 0 0 0 0 40 0 0 0 0 0 0 -999
P3023 2034 7 0 0 0 0 0 0 0 0 0 0 0 0 0 0 0 0 0 0 0 0 0 0 0 0 0 0 0 0 0 0 0
P3023 2034 8 0 0 0 0 0 0 0 0 0 0 0 0 0 0 0 0 0 0 0 0 0 0 0 0 0 0 0 0 0 0 0
P3023 2034 9 0 0 0 0 0 0 0 4 8 51 0 0 0 0 0 0 0 0 0 0 0 0 0 0 0 0 0 0 41 114 -999
P3023 2034 10 97 24 0 0 10 7 24 0 0 10 9 9 0 0 0 0 5 34 17 0 0 0 0 3 16 8 9 16 3 0 0
P3023 2034 11 0 0 0 0 0 0 34 0 19 4 0 1 9 4 1 0 0 0 0 2 24 19 26 38 41 211 19 15 0 11 -999
P3023 2034 12 23 0 0 0 0 2 32 41 17 11 0 0 0 32 138 7 0 0 0 0 3 0 0 0 5 19 64 8 7 6 37
P3023 2035 1 5 0 1 18 15 16 3 5 43 1 1 1 14 5 6 5 76 0 1 6 94 168 38 105 5 0 0 0 0 0 0
P3023 2035 2 0 5 2 0 0 0 2 7 0 0 0 0 0 0 0 0 0 0 0 0 41 89 179 106 19 12 29 66 -999 -999 -999
P3023 2035 3 42 163 40 13 6 11 90 84 27 4 4 12 65 51 52 46 40 4 38 18 23 29 35 12 53 33 7 29 13 48 40
P3023 2035 4 51 31 33 39 35 93 112 73 198 56 44 57 12 49 0 0 0 116 25 10 74 66 43 41 45 3 3 17 23 16 -999
P3023 2035 5 15 100 0 0 0 0 0 40 29 20 0 0 0 30 0 0 0 0 0 0 0 53 73 69 129 0 0 0 0 87 80
P3023 2035 6 0 0 0 8 23 16 0 0 34 0 0 0 0 0 0 0 0 0 0 0 0 0 0 0 0 0 0 0 0 0 -999
P3023 2035 7 0 0 0 0 0 0 0 0 0 0 0 0 0 0 0 0 0 0 0 0 0 0 0 0 0 0 0 0 0 0 0
P3023 2035 8 0 0 0 0 0 0 0 0 0 0 0 0 0 0 0 0 0 0 0 0 0 0 0 0 0 0 0 0 0 0 0
P3023 2035 9 0 0 0 0 0 0 0 0 0 0 0 0 0 0 17 12 0 0 0 0 0 3 9 20 14 0 0 0 0 0 -999
P3023 2035 10 0 0 53 70 0 0 0 0 0 2 0 0 14 45 19 0 8 2 1 8 8 3 19 8 3 0 0 0 0 0 0
P3023 2035 11 0 0 32 31 57 61 28 0 0 0 0 0 0 0 0 0 0 0 0 0 0 0 0 0 0 0 16 6 2 0 -999
P3023 2035 12 65 19 10 55 96 31 72 67 41 31 7 4 0 3 0 0 0 0 10 138 183 40 0 0 0 0 0 0 0 0 3
P3023 2036 1 7 6 1 0 0 4 4 7 53 42 41 11 5 6 0 0 0 10 102 0 26 78 7 0 0 0 2 3 0 0 0
P3023 2036 2 22 0 0 0 0 0 5 5 10 2 3 8 37 18 13 4 5 0 0 0 0 0 0 0 0 0 0 5 -999 -999 -999
P3023 2036 3 12 25 24 16 46 90 0 0 0 0 0 0 0 0 5 12 1 1 1 1 1 0 0 2 5 4 10 14 10 17 49
P3023 2036 4 35 44 14 21 2 0 0 0 0 0 0 0 0 0 0 0 0 0 0 0 0 0 0 0 0 26 0 0 0 0 -999
P3023 2036 5 0 0 6 14 13 0 16 11 0 0 0 4 15 14 7 14 14 34 0 0 0 0 0 0 0 0 0 0 11 0 0
P3023 2036 6 49 81 22 0 0 0 0 0 0 0 0 0 0 0 30 0 0 0 5 0 0 0 0 0 0 0 0 0 0 0 -999
P3023 2036 7 0 0 0 0 0 0 0 0 0 0 0 0 0 0 0 0 0 0 0 0 0 0 0 0 0 0 0 0 0 0 0
P3023 2036 8 0 0 0 0 0 0 0 0 0 0 0 0 0 0 0 0 0 0 0 0 0 0 0 0 0 0 0 0 0 0 0
P3023 2036 9 0 0 0 0 0 0 0 79 0 0 0 0 0 0 0 0 0 0 0 0 0 0 0 0 0 0 0 0 0 0 -999
P3023 2036 10 0 0 0 0 0 0 0 0 0 0 11 0 0 6 9 41 0 0 0 0 0 0 0 0 0 0 9 9 9 12 7
P3023 2036 11 18 8 0 0 22 13 0 30 95 0 0 0 6 21 40 44 5 0 0 2 13 0 0 0 0 0 15 46 0 0 -999
P3023 2036 12 0 0 0 10 61 0 0 0 0 0 0 0 10 0 0 0 0 0 0 1 3 13 17 15 15 20 3 2 11 0 0
P3023 2037 1 0 0 0 0 0 0 0 0 2 95 26 143 185 0 0 0 0 0 50 39 48 43 11 312 261 34 169 119 260 23 3
P3023 2037 2 20 12 17 84 17 108 66 57 15 6 0 0 0 0 0 0 0 7 1 0 0 0 0 0 0 3 26 21 -999 -999 -999
P3023 2037 3 1 0 0 0 0 0 0 0 0 0 0 0 2 11 24 43 11 57 30 2 13 20 16 15 5 0 3 1 28 5 0
P3023 2037 4 10 0 0 16 4 96 36 18 10 0 0 0 0 2 21 28 25 38 5 5 24 37 66 76 34 0 1 0 0 0 -999
P3023 2037 5 0 0 0 0 4 0 0 15 9 15 28 17 0 4 2 30 0 3 13 0 0 0 9 0 25 16 5 0 0 0 0
P3023 2037 6 0 0 10 23 51 20 0 0 0 0 0 0 7 9 0 0 19 50 5 6 0 0 15 0 0 0 0 0 0 0 -999
P3023 2037 7 0 0 0 0 0 0 0 0 0 0 0 0 0 0 0 0 0 0 0 0 0 0 0 0 0 0 0 0 0 0 0
P3023 2037 8 0 0 0 0 0 0 0 0 0 0 0 0 0 0 0 0 0 0 0 0 0 0 0 0 0 0 0 0 0 0 0
P3023 2037 9 0 0 0 0 0 0 0 0 0 0 0 0 0 0 0 0 0 22 0 0 0 0 0 0 0 0 1 0 0 0 -999
P3023 2037 10 11 0 0 0 0 0 0 0 0 0 6 15 0 0 0 0 0 10 40 14 0 0 0 10 0 0 0 0 0 0 0
P3023 2037 11 0 0 0 0 0 3 6 11 21 0 9 22 16 21 16 0 0 0 0 8 13 6 9 15 10 11 42 93 138 9 -999
P3023 2037 12 47 26 70 119 52 38 34 66 179 34 165 36 7 0 0 0 0 15 13 21 0 3 9 3 0 0 0 0 0 1 0
P3023 2038 1 0 28 2 13 56 4 4 0 0 0 0 0 0 7 54 17 38 13 0 0 0 0 5 274 12 31 42 23 13 58 0
P3023 2038 2 0 0 0 8 45 41 22 0 0 0 0 0 0 0 0 0 0 0 2 0 0 0 1 5 0 0 0 4 -999 -999 -999
P3023 2038 3 49 42 22 12 85 49 9 17 16 6 5 0 0 0 0 0 0 18 53 64 29 1 0 0 0 0 0 0 6 6 0
P3023 2038 4 0 0 0 0 0 0 0 6 43 34 23 174 286 97 23 16 4 0 0 0 35 13 0 0 61 144 136 0 0 30 -999
P3023 2038 5 42 29 0 13 57 56 56 0 0 2 1 0 0 0 7 11 142 63 10 98 66 36 21 16 30 38 47 16 17 18 21
P3023 2038 6 27 0 0 0 0 0 0 0 0 0 0 0 0 0 0 0 0 0 0 0 0 0 0 0 0 27 0 0 0 0 -999
P3023 2038 7 0 0 0 0 0 0 0 0 0 0 0 0 0 0 0 0 0 0 0 0 0 0 0 0 0 0 0 0 0 0 0
P3023 2038 8 0 0 0 0 0 0 0 0 0 0 0 0 0 0 0 0 0 0 0 0 14 0 0 70 31 0 0 0 0 0 0
P3023 2038 9 0 0 0 0 0 0 0 0 0 0 0 0 0 0 0 0 0 0 0 0 0 12 0 0 0 0 0 0 0 0 -999
P3023 2038 10 0 0 0 0 0 0 0 0 0 0 0 0 0 0 0 0 0 0 11 0 8 8 9 9 0 0 0 0 5 0 0
P3023 2038 11 41 21 6 0 0 0 1 2 3 2 4 37 14 51 53 40 28 25 0 0 0 0 0 0 0 0 0 0 0 0 -999
P3023 2038 12 0 32 36 23 14 14 4 18 0 0 42 44 179 10 24 68 80 78 42 21 7 14 1 0 1 3 6 4 3 1 1
P3023 2039 1 1 1 5 3 16 8 19 20 2 0 0 0 0 0 1 2 74 4 21 54 5 2 11 7 123 8 4 3 0 1 3
P3023 2039 2 17 17 6 5 1 0 14 18 9 17 13 0 0 8 9 5 25 0 2 0 0 0 2 14 88 4 0 0 -999 -999 -999
P3023 2039 3 0 0 0 0 0 0 0 2 2 19 12 49 16 37 14 51 5 20 111 124 3 0 0 0 0 10 3 0 0 0 0
P3023 2039 4 0 0 0 0 0 0 0 0 0 0 0 0 0 8 2 5 0 0 0 10 6 5 0 0 0 0 0 0 0 0 -999
P3023 2039 5 0 0 0 0 0 0 0 0 0 0 0 0 0 0 17 60 36 35 18 27 16 14 17 22 13 6 0 0 0 0 0
P3023 2039 6 9 4 17 10 6 4 0 0 0 5 0 0 0 0 0 33 0 0 0 0 0 0 0 0 0 0 0 64 72 60 -999
P3023 2039 7 40 0 0 0 0 0 0 0 0 0 0 0 0 0 0 0 0 0 0 0 0 0 0 0 0 0 0 0 0 0 0
P3023 2039 8 0 0 0 0 0 0 0 0 0 0 0 0 0 0 0 0 0 0 0 0 0 0 0 0 0 31 24 12 0 0 0
P3023 2039 9 0 0 0 0 0 0 0 0 0 0 0 0 0 0 0 0 0 0 0 23 0 0 0 0 0 0 0 0 0 0 -999
P3023 2039 10 0 0 0 0 0 0 0 0 0 0 0 0 0 52 11 0 0 0 0 19 92 113 128 45 16 5 267 28 54 67 42
P3023 2039 11 0 0 0 0 0 0 0 0 6 24 49 16 40 9 8 21 3 48 144 55 39 16 57 3 0 0 2 52 9 0 -999
P3023 2039 12 0 81 21 112 104 18 7 4 8 3 2 2 2 4 3 1 2 1 8 161 0 0 0 4 14 2 3 50 40 33 17
P3023 2040 1 1 0 0 2 12 88 114 11 8 14 6 12 57 39 11 91 6 5 25 8 3 1 9 0 0 0 0 0 0 0 0
P3023 2040 2 0 0 0 7 9 1 0 0 0 3 0 0 0 0 6 4 5 6 17 1 0 0 0 0 0 0 0 0 -999 -999 -999
P3023 2040 3 0 0 0 0 0 0 0 0 0 0 0 0 2 6 9 5 5 0 20 28 1 2 23 59 40 81 39 20 19 29 58
P3023 2040 4 4 36 18 40 8 5 4 0 0 0 0 0 0 0 0 5 2 0 6 10 0 3 35 8 53 98 36 19 0 0 -999
P3023 2040 5 0 0 10 4 4 5 1 0 0 0 0 0 0 0 0 0 0 0 0 0 0 14 0 0 0 0 0 0 0 0 0
P3023 2040 6 0 0 0 0 0 0 0 0 0 7 8 0 0 0 0 0 0 0 0 0 0 0 0 0 0 0 0 0 0 0 -999
P3023 2040 7 0 0 0 0 0 0 0 0 0 0 0 0 0 0 0 2 0 0 0 0 0 0 0 0 0 0 0 0 0 0 0
P3023 2040 8 0 0 0 0 0 0 0 0 0 0 0 0 0 0 0 0 0 0 0 0 0 0 0 0 0 0 0 0 0 0 0
P3023 2040 9 0 0 0 0 0 0 0 0 0 0 0 0 0 0 0 0 0 0 0 0 0 0 0 0 54 108 97 33 58 32 -999
P3023 2040 10 0 0 0 0 0 0 17 0 0 0 0 0 0 0 0 0 8 69 75 60 16 0 0 0 0 0 0 0 0 0 6
P3023 2040 11 4 3 18 13 6 3 31 271 44 44 6 17 35 37 5 19 0 0 0 0 0 0 0 3 6 51 7 1 0 1 -999
P3023 2040 12 8 0 0 0 28 26 36 0 0 13 58 270 105 13 4 0 0 0 0 8 2 54 28 48 0 0 0 20 5 13 34
P3023 2041 1 17 8 0 0 0 0 0 1 30 34 14 5 12 15 2 0 0 0 8 9 5 12 13 48 53 51 107 108 30 1 0
P3023 2041 2 0 0 0 0 1 29 53 144 34 47 31 37 118 12 56 10 8 8 9 7 52 48 9 46 15 15 4 0 -999 -999 -999
P3023 2041 3 1 4 0 0 0 10 0 0 87 5 13 17 4 17 6 5 11 53 86 85 14 36 26 110 39 43 14 14 22 6 14
P3023 2041 4 2 0 0 0 0 0 0 0 0 0 4 3 4 0 10 3 18 40 15 14 13 0 0 12 17 38 0 0 0 0 -999
P3023 2041 5 0 0 5 43 39 51 0 0 9 24 110 57 0 10 49 46 110 294 294 235 384 337 86 22 21 15 104 15 0 9 4
P3023 2041 6 21 0 0 0 0 0 7 0 0 0 0 0 0 0 0 0 0 0 0 0 0 0 0 0 0 30 0 0 0 0 -999
P3023 2041 7 0 0 0 0 71 0 0 0 0 11 0 0 0 0 0 0 0 0 0 0 0 0 0 0 0 0 0 10 0 0 0
P3023 2041 8 0 0 0 0 0 0 0 0 0 0 0 0 0 0 0 0 0 0 0 0 129 225 0 62 41 0 0 0 0 0 0
P3023 2041 9 0 0 0 0 0 0 0 0 0 0 0 0 0 0 0 0 0 0 0 0 0 0 7 0 4 2 0 0 0 0 -999
P3023 2041 10 0 9 11 50 0 0 0 4 4 7 13 15 0 0 0 0 0 0 0 0 0 7 0 0 0 0 7 2 10 0 0
P3023 2041 11 0 0 0 0 2 10 0 0 6 7 8 14 22 39 42 20 170 42 8 37 9 8 17 144 16 9 15 24 0 0 -999
P3023 2041 12 0 19 0 39 42 25 0 0 0 0 0 9 4 4 10 11 22 51 13 47 13 0 20 12 2 0 0 0 0 0 0
P3023 2042 1 0 0 0 0 0 8 15 8 21 0 0 0 0 0 0 0 0 0 0 0 0 0 0 0 1 1 1 0 0 0 6
P3023 2042 2 14 24 2 1 0 0 0 0 0 0 0 0 0 0 1 1 1 1 1 1 0 0 0 3 19 2 0 0 -999 -999 -999
P3023 2042 3 0 0 0 0 0 6 0 0 0 0 0 0 1 2 5 4 3 7 42 58 26 19 0 34 27 23 0 0 0 8 3
P3023 2042 4 14 3 0 0 2 14 42 10 10 20 9 19 0 40 7 9 16 13 0 0 148 114 64 16 26 132 88 59 21 24 -999
P3023 2042 5 37 21 32 6 0 0 0 10 52 60 27 0 0 0 0 0 0 0 0 0 0 0 0 0 0 0 0 0 0 32 14
P3023 2042 6 39 35 6 4 25 6 12 15 0 0 0 0 0 0 0 0 0 2 0 0 0 0 0 0 0 0 0 0 0 0 -999
P3023 2042 7 0 0 0 0 0 0 0 0 0 0 0 0 0 0 16 0 0 0 0 0 19 8 0 0 0 0 0 0 0 0 0
P3023 2042 8 0 0 0 0 0 0 0 0 0 0 0 0 0 0 0 0 0 0 0 0 0 0 0 0 0 0 0 0 0 0 0
P3023 2042 9 0 0 0 0 0 0 0 0 0 0 0 0 0 0 0 0 0 0 0 0 0 0 0 11 0 9 0 0 0 0 -999
P3023 2042 10 0 0 0 0 38 16 12 26 24 15 34 50 78 86 53 70 0 0 0 40 17 14 0 0 0 0 0 0 0 0 0
P3023 2042 11 0 0 0 0 0 0 8 4 0 0 0 0 0 0 0 0 0 0 0 12 15 0 0 0 0 0 0 0 21 7 -999
P3023 2042 12 0 0 4 10 34 26 5 38 44 75 24 31 32 20 60 11 41 45 27 26 0 0 29 67 5 0 0 0 0 0 0
P3023 2043 1 0 1 4 12 0 8 6 0 0 0 0 0 6 228 43 16 39 0 0 19 13 14 97 79 10 0 0 3 5 11 3
P3023 2043 2 1 0 0 1 4 31 19 0 0 0 0 0 0 0 0 0 0 0 0 0 0 8 1 0 0 0 0 0 -999 -999 -999
P3023 2043 3 0 3 17 25 12 0 13 10 25 14 62 15 8 0 0 0 1 9 12 9 20 24 50 41 34 8 0 0 0 0 0
P3023 2043 4 2 7 0 11 0 0 0 0 4 9 21 0 0 0 0 23 26 24 0 44 0 0 0 0 0 0 0 0 0 0 -999
P3023 2043 5 0 0 23 11 0 0 0 55 0 0 0 0 0 0 0 0 0 0 0 271 143 119 249 110 0 0 10 23 0 3 5
P3023 2043 6 19 12 0 0 0 0 0 17 10 0 0 0 0 18 8 0 0 0 0 0 0 0 0 0 0 0 0 0 0 0 -999
P3023 2043 7 0 0 0 0 0 0 0 0 0 0 0 0 0 0 0 0 0 0 0 0 0 0 0 0 0 0 0 0 0 0 0
P3023 2043 8 0 0 0 0 0 0 0 0 0 0 0 0 0 0 0 0 0 0 0 0 0 0 0 0 0 7 0 0 4 0 0
P3023 2043 9 0 0 0 0 0 0 0 0 0 0 0 0 22 51 32 28 5 0 0 0 0 0 4 0 0 0 0 0 34 29 -999
P3023 2043 10 43 20 0 0 0 0 0 0 19 7 0 0 0 0 6 0 18 0 0 0 0 0 8 2 9 8 17 7 14 13 0
P3023 2043 11 0 0 0 0 0 0 0 0 0 1 4 22 56 60 0 0 0 0 0 0 0 0 0 3 17 116 4 68 20 13 -999
P3023 2043 12 9 15 0 0 0 0 0 0 0 8 9 9 2 12 102 4 0 13 78 14 265 86 0 0 1 13 11 0 0 0 0
P3023 2044 1 0 0 0 0 0 12 2 0 0 0 0 0 0 0 0 1 82 119 42 12 1 3 0 0 0 0 0 82 14 0 0
P3023 2044 2 0 0 0 0 2 11 0 0 0 48 4 12 1 0 0 0 0 0 0 0 0 0 0 5 44 12 56 5 -999 -999 -999
P3023 2044 3 2 28 44 49 231 8 0 19 9 10 5 8 0 0 0 0 16 15 70 20 13 4 5 0 2 7 8 102 8 120 4
P3023 2044 4 2 1 9 3 0 0 0 0 0 0 0 4 0 17 0 0 0 0 0 0 0 0 0 0 0 29 4 0 0 0 -999
P3023 2044 5 0 0 0 4 38 14 0 40 18 16 0 0 0 0 0 0 0 0 59 70 50 44 0 0 0 0 0 0 0 51 18
P3023 2044 6 0 0 0 0 0 34 8 0 0 0 0 0 0 0 0 0 0 0 0 0 0 0 8 59 84 0 0 0 0 0 -999
P3023 2044 7 0 0 0 0 0 0 0 0 0 0 0 0 0 0 0 0 0 0 0 0 0 0 0 0 0 0 0 0 0 0 0
P3023 2044 8 0 0 0 0 0 0 0 0 0 0 0 0 0 0 0 0 0 50 0 0 0 0 0 0 0 0 0 0 0 0 0
P3023 2044 9 0 0 0 0 0 0 0 0 0 0 0 0 0 0 0 0 0 0 0 0 4 0 0 9 13 6 17 0 0 11 -999
P3023 2044 10 21 25 61 0 0 0 0 0 0 0 0 0 0 0 0 0 0 5 46 23 52 29 0 0 0 0 0 0 0 0 0
P3023 2044 11 2 0 4 12 0 0 0 0 0 9 22 23 22 19 9 18 26 8 3 22 26 67 15 248 260 308 31 56 18 0 -999
P3023 2044 12 0 0 0 0 0 0 0 0 17 29 12 0 12 14 10 21 15 3 0 0 9 30 40 4 5 0 2 2 45 2 13
P3023 2045 1 22 44 19 6 2 7 31 31 13 9 80 27 35 5 9 30 82 4 3 0 0 14 12 7 2 0 0 0 0 0 4
P3023 2045 2 6 21 46 23 12 19 36 2 0 0 15 9 64 0 0 3 0 0 0 0 0 0 0 0 0 0 0 0 -999 -999 -999
P3023 2045 3 0 0 0 1 0 0 0 0 3 2 0 1 24 23 34 26 8 0 0 0 0 0 0 0 0 0 0 0 0 3 8
P3023 2045 4 6 3 0 0 0 11 11 5 0 11 14 0 0 0 7 10 22 0 0 0 0 0 0 0 0 0 0 0 15 15 -999
P3023 2045 5 19 0 0 0 0 0 15 73 20 27 4 0 0 0 0 0 0 0 0 0 0 0 0 0 0 0 0 0 0 0 20
P3023 2045 6 16 49 41 21 44 24 32 34 7 17 15 11 5 0 0 0 22 0 0 0 0 0 0 0 7 13 15 0 0 0 -999
P3023 2045 7 0 0 0 0 0 0 0 0 0 0 0 0 0 0 0 0 0 0 0 0 0 0 0 0 0 0 0 0 0 0 0
P3023 2045 8 0 0 0 0 0 0 0 0 0 0 0 0 0 0 0 0 0 0 0 0 0 0 0 0 0 0 0 0 0 64 0
P3023 2045 9 0 0 0 0 0 0 0 0 0 0 0 0 0 55 144 18 0 0 0 0 0 0 0 0 0 0 0 0 0 16 -999
P3023 2045 10 42 0 56 67 102 0 0 0 0 0 0 0 0 0 20 19 62 10 6 0 0 0 0 0 0 0 0 0 0 0 0
P3023 2045 11 12 4 42 0 0 0 0 0 0 0 17 3 0 0 3 30 137 36 9 0 0 0 5 125 42 35 122 151 27 23 -999
P3023 2045 12 0 0 0 0 39 25 13 10 4 0 0 0 0 0 0 0 0 3 13 2 6 0 0 3 5 6 2 11 0 0 0
P3023 2046 1 0 0 23 61 124 19 15 5 1 3 30 186 122 38 156 21 13 52 19 52 5 5 4 4 0 42 60 73 27 18 45
P3023 2046 2 50 51 56 20 15 16 18 16 4 5 8 5 12 50 44 17 10 9 0 0 41 196 42 7 63 25 61 70 -999 -999 -999
P3023 2046 3 81 84 196 122 5 26 66 54 281 67 326 113 21 26 214 34 105 115 23 17 145 16 4 0 0 0 0 7 9 11 13
P3023 2046 4 0 0 0 45 20 5 4 117 6 10 8 0 14 0 51 14 0 5 3 15 36 5 89 65 38 6 5 10 6 19 -999
P3023 2046 5 0 0 0 0 0 0 0 0 0 0 0 0 0 6 3 39 8 14 2 0 0 0 0 0 0 15 4 7 13 4 0
P3023 2046 6 0 0 0 0 0 0 0 0 0 0 0 0 0 0 49 17 0 0 6 8 81 0 0 0 0 0 0 0 0 0 -999
P3023 2046 7 0 0 0 0 0 0 0 0 0 0 0 0 0 0 0 0 0 0 0 0 0 0 0 0 0 0 0 0 0 0 0
P3023 2046 8 0 0 0 0 0 0 0 0 0 0 0 0 15 0 0 0 0 0 0 0 0 0 0 0 0 0 0 0 0 0 0
P3023 2046 9 0 0 0 0 0 0 0 0 9 9 0 0 0 0 10 10 12 0 0 0 0 0 0 0 0 0 0 0 0 0 -999
P3023 2046 10 0 17 11 21 17 18 16 130 0 0 0 0 0 0 0 0 0 0 0 0 2 54 14 14 99 0 0 13 18 44 51
P3023 2046 11 0 0 0 0 23 57 16 19 0 0 0 0 0 0 0 0 0 0 0 0 0 0 12 5 15 2 0 8 31 26 -999
P3023 2046 12 95 141 47 26 20 85 116 28 30 11 15 88 13 116 106 41 39 232 14 61 12 0 0 0 0 0 0 0 0 0 0
P3023 2047 1 0 0 0 0 0 0 0 63 4 2 3 2 3 7 55 168 133 27 75 0 26 153 5 3 0 0 0 0 0 0 2
P3023 2047 2 1 5 0 8 7 6 5 0 0 0 0 0 3 21 0 0 0 0 0 0 0 0 0 4 62 13 37 119 -999 -999 -999
P3023 2047 3 17 15 26 2 19 17 10 0 0 0 0 0 0 0 3 0 0 0 0 0 0 0 11 21 4 5 9 0 0 11 9
P3023 2047 4 35 12 2 0 0 0 1 3 51 47 39 22 9 0 8 12 0 19 10 7 0 0 0 0 0 0 3 11 0 0 -999
P3023 2047 5 0 0 0 0 10 5 20 27 45 52 52 53 44 20 4 11 43 110 170 0 0 0 0 0 0 0 0 0 0 0 0
P3023 2047 6 0 0 0 0 0 0 0 0 0 0 0 0 54 11 0 40 0 0 0 0 0 0 0 0 0 0 0 0 0 0 -999
P3023 2047 7 0 0 0 0 11 9 0 0 0 0 0 0 0 0 0 0 0 0 0 12 0 0 0 0 0 0 0 0 0 0 0
P3023 2047 8 0 0 0 0 0 0 0 0 0 0 0 0 0 0 0 0 0 0 0 0 0 0 0 0 0 0 0 0 0 0 0
P3023 2047 9 0 0 0 0 0 0 0 0 0 0 0 95 153 125 201 69 11 0 0 0 0 0 0 3 11 41 0 0 6 9 -999
P3023 2047 10 18 38 42 42 115 21 36 27 0 32 7 49 13 14 21 27 77 12 47 39 7 0 0 0 0 0 12 0 0 0 0
P3023 2047 11 0 0 0 0 0 4 1 0 3 6 8 3 5 4 8 12 51 0 0 0 0 0 0 0 0 0 0 0 0 0 -999
P3023 2047 12 0 0 0 0 0 0 0 0 0 0 0 0 0 0 0 0 0 0 0 0 0 0 0 4 9 4 0 0 0 1 0
P3023 2048 1 0 12 0 0 0 0 0 0 0 0 0 14 14 16 5 0 0 0 0 0 0 0 0 0 0 0 0 0 1 1 0
P3023 2048 2 0 0 0 0 5 0 0 0 0 2 3 17 17 18 16 13 4 6 3 0 0 0 0 0 0 0 0 0 -999 -999 -999
P3023 2048 3 0 0 0 0 1 7 16 23 36 44 52 12 3 4 4 15 2 0 0 21 3 0 0 0 0 4 28 0 14 17 12
P3023 2048 4 4 3 1 0 0 0 0 0 0 0 0 0 0 0 0 0 0 0 0 0 0 0 43 1 0 0 0 0 0 0 -999
P3023 2048 5 0 28 43 17 0 0 0 0 43 44 51 25 24 24 50 6 2 15 0 0 11 13 22 0 0 0 0 0 0 0 0
P3023 2048 6 0 0 0 0 0 0 0 0 0 0 0 0 0 0 4 0 0 0 0 0 0 0 0 0 0 0 0 0 0 0 -999
P3023 2048 7 0 0 0 0 0 0 0 0 0 0 0 0 0 0 0 0 0 0 0 0 0 0 0 0 0 0 0 0 0 0 0
P3023 2048 8 0 0 0 0 0 0 0 0 0 0 0 0 0 0 0 0 0 0 0 0 0 0 0 0 0 0 0 0 0 0 0
P3023 2048 9 0 0 0 0 0 0 0 0 0 0 92 18 0 0 0 0 71 20 0 0 0 0 0 0 0 0 0 23 9 49 -999
P3023 2048 10 0 0 0 0 0 15 0 0 0 0 0 0 0 0 0 0 0 0 0 2 2 0 0 0 0 0 0 0 0 0 22
P3023 2048 11 0 0 0 3 0 20 5 0 0 0 0 0 0 0 0 0 52 30 18 6 0 0 0 0 0 3 39 52 17 16 -999
P3023 2048 12 33 39 14 0 8 40 8 0 0 0 0 0 0 0 0 0 0 0 5 17 0 0 0 0 0 0 11 20 6 3 0
P3023 2049 1 0 0 26 87 19 2 22 24 5 18 15 10 19 8 1 0 0 1 0 0 7 16 16 13 5 9 12 18 16 3 4
P3023 2049 2 2 3 5 9 3 0 0 0 0 0 0 0 0 1 0 0 0 0 0 0 0 0 0 0 1 8 8 0 -999 -999 -999
P3023 2049 3 0 0 0 0 0 0 0 0 0 0 0 0 0 0 2 0 0 0 0 0 0 18 19 40 0 0 0 0 13 32 54
P3023 2049 4 10 15 12 0 0 0 0 0 0 0 0 0 0 0 0 3 8 9 0 0 0 22 12 0 23 44 11 0 0 0 -999
P3023 2049 5 9 0 15 15 9 0 9 6 3 14 14 11 10 0 0 0 0 0 7 15 54 47 17 17 42 19 31 56 42 0 0
P3023 2049 6 0 0 0 26 42 0 0 0 0 0 0 0 0 0 0 0 0 0 0 0 0 0 0 0 0 0 0 0 0 0 -999
P3023 2049 7 0 0 0 46 0 0 0 0 0 0 0 0 0 0 0 0 0 0 0 0 0 0 0 0 0 0 0 0 0 0 0
P3023 2049 8 0 0 0 0 0 0 0 0 0 0 0 0 0 0 0 0 0 0 0 0 0 0 0 0 0 0 0 0 0 0 0
P3023 2049 9 0 0 0 0 0 0 0 24 24 63 89 16 0 0 0 0 0 0 64 0 11 49 17 14 0 0 0 0 0 0 -999
P3023 2049 10 0 0 0 0 0 19 14 3 0 0 0 7 15 30 0 16 20 0 0 0 11 4 3 13 24 40 46 28 16 22 37
P3023 2049 11 30 24 40 65 56 17 25 58 42 19 267 49 160 120 51 41 58 41 9 2 19 0 0 6 0 0 0 0 0 0 -999
P3023 2049 12 0 93 56 15 19 3 0 0 0 2 0 0 0 0 34 47 5 25 7 77 218 9 0 10 18 20 28 31 50 29 25
P3023 2050 1 73 102 126 50 53 229 17 24 18 70 15 8 2 0 2 11 18 32 0 0 0 2 2 4 17 10 2 0 0 0 0
P3023 2050 2 0 0 0 0 0 0 0 0 0 0 0 0 0 0 0 1 1 0 9 7 4 10 3 9 12 7 0 0 -999 -999 -999
P3023 2050 3 0 5 21 18 56 202 54 7 5 8 48 43 31 12 2 0 20 5 24 2 3 7 5 2 13 13 9 7 2 3 51
P3023 2050 4 40 18 14 2 6 4 17 9 21 22 0 13 24 7 0 0 0 0 0 0 0 0 0 0 4 0 15 4 0 0 -999
P3023 2050 5 13 4 3 5 4 5 0 0 0 0 0 0 0 1 10 62 23 138 187 19 7 30 24 0 0 30 22 51 56 16 0
P3023 2050 6 0 0 46 16 5 0 0 0 0 0 0 0 0 0 0 0 0 0 0 0 0 0 0 0 0 0 0 0 0 0 -999
P3023 2050 7 0 0 0 0 0 0 0 0 0 0 0 0 0 0 0 0 0 0 0 0 0 0 0 0 0 0 0 0 0 0 0
P3023 2050 8 0 0 0 0 0 0 0 0 0 0 0 0 0 0 0 0 0 0 0 0 0 11 0 0 0 0 0 0 0 0 0
P3023 2050 9 0 0 0 0 0 0 0 0 0 0 0 0 0 0 0 0 0 0 0 0 0 0 0 0 0 0 0 0 0 0 -999
P3023 2050 10 8 3 6 0 0 0 0 0 0 0 0 0 2 22 12 11 5 4 4 0 10 27 53 16 14 40 20 12 0 0 33
P3023 2050 11 0 0 0 29 0 106 91 115 9 8 8 8 8 7 0 0 0 0 5 0 3 16 145 121 13 0 87 19 0 9 -999
P3023 2050 12 4 19 17 0 0 0 22 3 3 0 0 0 0 0 0 0 0 0 5 7 0 0 0 0 0 0 0 0 0 0 3
P3023 2051 1 2 0 0 0 0 0 0 0 0 1 0 0 0 19 6 0 0 0 0 0 0 0 0 0 0 0 0 0 4 8 0
P3023 2051 2 2 2 3 15 10 35 0 0 0 0 2 5 0 0 0 0 12 1 0 20 10 0 0 38 4 1 0 0 -999 -999 -999
P3023 2051 3 0 0 0 0 0 0 0 0 2 13 11 26 59 0 8 1 0 20 11 24 15 51 77 0 0 0 0 0 0 3 45
P3023 2051 4 33 21 25 6 11 201 84 11 4 2 3 3 5 15 10 9 6 3 3 17 11 0 17 44 0 0 0 0 0 36 -999
P3023 2051 5 16 0 0 11 47 71 17 0 52 59 35 28 3 10 0 0 0 28 21 3 0 0 0 67 67 174 119 0 0 0 0
P3023 2051 6 0 0 0 0 0 0 0 0 0 0 0 0 0 0 0 0 0 0 0 0 0 0 0 0 0 0 43 0 0 0 -999
P3023 2051 7 0 0 0 0 0 0 0 38 63 80 0 0 0 0 0 0 0 0 0 0 0 0 0 0 0 0 0 0 0 0 0
P3023 2051 8 0 0 0 0 0 0 0 0 0 0 0 0 0 0 0 0 0 0 0 8 92 0 0 0 0 0 0 0 0 0 0
P3023 2051 9 0 0 0 0 0 0 0 0 0 0 0 51 38 0 0 0 0 0 0 0 0 0 0 0 50 54 119 0 0 0 -999
P3023 2051 10 0 0 0 27 16 0 0 0 56 216 221 68 0 0 0 0 0 0 0 0 0 0 0 10 0 0 15 55 123 31 15
P3023 2051 11 14 48 16 36 15 10 0 0 0 0 0 0 0 0 0 4 14 11 0 0 0 0 0 0 10 0 0 2 7 2 -999
P3023 2051 12 1 0 0 1 57 6 0 37 42 14 12 114 61 5 60 265 27 59 9 0 0 0 0 0 0 0 0 0 0 0 0
P3023 2052 1 0 0 0 0 0 0 0 0 5 9 52 0 6 90 20 6 6 9 17 20 21 35 21 14 1 0 18 45 52 59 37
P3023 2052 2 10 51 52 51 13 134 121 40 17 44 62 67 19 15 17 26 17 4 3 40 1 0 0 4 18 11 1 2 -999 -999 -999
P3023 2052 3 0 0 0 0 0 0 0 0 1 0 0 0 0 2 3 31 21 32 14 40 13 0 57 13 0 0 0 0 0 0 0
P3023 2052 4 0 0 0 1 0 0 48 9 0 0 0 0 0 0 0 0 36 0 0 0 0 0 0 0 0 0 0 0 15 27 -999
P3023 2052 5 0 0 0 0 0 9 0 0 25 0 17 28 52 39 42 41 15 16 44 39 5 0 0 0 14 10 0 0 0 0 0
P3023 2052 6 0 0 0 0 0 0 0 0 0 0 0 0 0 0 0 0 0 0 0 0 0 0 0 0 0 0 0 0 0 0 -999
P3023 2052 7 0 0 0 0 0 0 0 0 0 0 0 0 0 0 0 0 0 0 0 0 0 0 0 0 0 0 0 0 0 0 0
P3023 2052 8 23 11 3 0 0 0 0 0 0 0 0 0 0 0 0 0 0 0 0 0 0 0 0 0 0 0 0 0 0 0 0
P3023 2052 9 0 0 0 0 0 0 0 0 0 0 0 0 0 0 0 0 0 0 0 0 0 0 0 0 0 0 0 0 0 0 -999
P3023 2052 10 0 0 0 0 0 0 0 0 0 0 0 0 0 0 10 32 0 0 3 0 0 0 0 0 28 9 0 0 0 0 0
P3023 2052 11 14 46 22 0 0 0 0 0 0 0 0 0 0 0 0 0 0 0 65 45 112 95 16 20 3 0 1 3 6 7 -999
P3023 2052 12 0 0 0 55 13 4 0 0 0 0 2 0 0 48 40 5 1 61 0 0 5 7 0 0 41 8 2 0 4 60 0
P3023 2053 1 0 3 0 0 0 0 0 1 6 12 26 43 81 10 2 4 11 9 1 19 6 6 8 11 11 4 17 28 11 9 52
P3023 2053 2 24 77 52 19 21 7 69 3 15 18 0 0 0 2 3 4 3 4 4 8 5 11 7 2 17 99 79 17 -999 -999 -999
P3023 2053 3 0 0 3 0 0 0 0 0 0 0 0 0 0 0 0 0 0 0 0 0 0 0 0 0 0 2 2 4 13 26 52
P3023 2053 4 46 39 10 7 0 0 0 0 0 10 3 4 139 63 41 5 0 0 0 0 20 0 3 228 333 302 335 356 376 73 -999
P3023 2053 5 13 0 41 0 0 0 0 0 0 0 0 0 0 0 0 0 0 0 0 0 0 0 0 0 0 0 0 0 0 14 18
P3023 2053 6 0 0 0 0 0 0 0 87 77 0 0 0 0 0 0 0 0 144 89 0 0 0 0 0 0 0 0 0 0 0 -999
P3023 2053 7 0 0 0 0 0 0 0 0 0 0 0 0 0 0 0 0 0 0 0 0 0 0 0 0 0 0 0 0 0 0 0
P3023 2053 8 0 0 0 0 0 0 0 0 0 0 0 0 0 0 0 0 0 0 0 0 0 0 0 0 407 118 0 0 0 0 0
P3023 2053 9 0 0 0 0 0 0 0 0 0 0 0 20 0 0 0 25 41 0 56 92 61 24 36 65 0 0 0 17 12 3 -999
P3023 2053 10 3 24 0 0 4 0 0 71 52 12 0 0 0 0 0 0 0 0 0 0 0 0 0 0 0 0 0 0 0 4 0
P3023 2053 11 3 4 9 4 0 0 0 0 0 28 52 41 0 0 66 30 246 26 375 108 86 15 15 59 0 0 0 0 0 0 -999
P3023 2053 12 0 0 0 0 0 0 0 0 0 10 18 3 56 22 63 2 5 6 1 0 0 0 12 54 3 3 0 0 0 25 18
P3023 2054 1 15 33 0 13 27 20 20 0 0 0 0 0 0 0 0 0 45 42 65 12 4 1 2 0 0 0 0 0 0 0 0
P3023 2054 2 0 0 2 4 20 21 46 72 0 0 0 0 0 0 0 0 0 0 0 0 0 2 3 0 0 0 0 0 -999 -999 -999
P3023 2054 3 0 0 0 0 0 0 0 1 3 0 0 0 0 0 4 13 32 12 0 0 0 0 12 24 0 0 12 0 20 0 4
P3023 2054 4 18 0 0 14 14 8 41 12 0 6 2 0 0 7 3 13 0 32 15 23 16 39 10 71 49 27 14 7 0 0 -999
P3023 2054 5 0 2 7 4 9 0 14 14 22 3 14 15 26 1 0 0 0 0 0 0 0 0 0 0 0 0 0 0 0 0 0
P3023 2054 6 0 0 0 0 0 0 0 0 0 0 0 0 0 0 0 0 0 0 0 0 0 0 0 0 0 0 0 0 0 0 -999
P3023 2054 7 0 0 0 0 0 0 0 0 0 0 0 0 0 0 0 40 66 11 0 0 0 0 0 0 0 0 0 0 0 0 0
P3023 2054 8 0 0 0 0 0 0 0 0 0 0 0 0 0 0 0 0 0 0 0 0 0 0 0 0 0 0 0 0 0 0 0
P3023 2054 9 0 0 0 0 0 0 0 0 0 0 0 0 0 0 0 0 0 89 0 0 0 0 53 0 5 16 0 0 0 0 -999
P3023 2054 10 0 0 25 35 0 0 0 18 8 10 10 5 40 42 0 0 0 0 0 0 64 81 65 0 39 0 0 0 6 0 138
P3023 2054 11 32 70 44 9 8 14 14 26 51 64 0 0 0 0 0 0 0 0 0 0 0 0 0 0 0 0 0 18 117 33 -999
P3023 2054 12 80 83 4 0 0 0 0 0 0 1 3 0 28 0 74 0 0 0 0 0 0 0 0 8 0 0 0 0 0 0 0
P3023 2055 1 0 0 1 7 113 56 49 48 28 43 24 51 51 20 56 51 7 40 40 378 55 107 108 23 2 1 0 0 1 1 4
P3023 2055 2 3 1 0 0 0 1 1 0 0 0 0 0 1 1 2 56 5 0 0 0 0 1 0 0 0 0 0 0 -999 -999 -999
P3023 2055 3 0 11 31 24 6 6 25 19 72 37 15 8 18 18 6 0 11 42 12 0 0 1 1 7 13 25 10 0 9 2 0
P3023 2055 4 0 0 0 0 0 0 6 0 0 81 0 0 13 5 3 0 0 0 0 17 53 49 53 88 56 53 57 43 34 11 -999
P3023 2055 5 3 5 7 3 8 11 71 43 12 13 2 21 49 75 67 9 0 0 0 0 5 3 0 0 0 0 0 0 0 12 25
P3023 2055 6 0 0 0 0 13 16 0 0 0 0 0 0 0 0 6 6 6 12 14 0 0 0 0 0 0 0 0 0 0 0 -999
P3023 2055 7 0 0 0 0 0 0 0 0 0 0 0 0 0 0 0 0 0 0 0 0 0 0 0 0 0 0 0 0 0 0 0
P3023 2055 8 0 0 0 0 0 0 0 0 0 0 0 0 0 0 0 0 0 0 0 0 0 0 0 0 0 0 0 0 0 0 0
P3023 2055 9 0 0 0 0 0 0 0 0 0 0 0 0 0 0 0 0 0 0 0 0 0 0 0 0 5 0 0 0 0 0 -999
P3023 2055 10 0 0 0 0 0 0 0 6 17 0 0 0 22 0 5 0 0 0 40 0 0 0 1 14 15 9 0 0 0 0 0
P3023 2055 11 0 1 10 35 3 32 56 61 44 0 0 0 0 0 0 0 0 0 0 0 0 3 7 13 2 0 0 0 0 6 -999
P3023 2055 12 15 58 13 1 0 0 0 0 0 2 4 66 15 9 3 40 0 12 0 92 106 77 0 0 0 0 0 0 0 0 8
P3023 2056 1 2 0 0 0 0 1 87 13 12 4 0 0 0 0 0 0 0 0 0 0 3 20 57 94 26 3 2 37 3 1 1
P3023 2056 2 2 0 0 0 0 0 0 0 0 0 0 0 0 0 0 0 2 0 0 0 0 0 0 0 0 0 0 0 -999 -999 -999
P3023 2056 3 0 1 1 0 0 0 0 0 0 5 4 3 4 0 0 76 20 0 0 0 3 0 0 3 23 53 50 48 17 19 4
P3023 2056 4 0 0 0 0 4 12 12 2 5 4 10 11 0 0 4 70 32 0 0 16 15 56 112 7 6 10 6 23 17 0 -999
P3023 2056 5 6 15 41 51 34 51 32 23 13 0 0 11 17 0 0 0 0 0 0 0 0 0 0 0 3 15 41 0 0 0 0
P3023 2056 6 35 18 0 0 0 0 0 0 0 0 0 0 0 0 0 0 0 0 0 0 0 0 0 0 0 0 0 0 0 0 -999
P3023 2056 7 0 0 0 0 0 0 0 0 0 0 0 0 0 0 0 0 0 0 0 0 0 0 0 0 0 0 0 0 0 0 0
P3023 2056 8 0 0 0 0 0 0 0 0 0 0 0 0 0 0 0 0 0 0 0 0 0 0 0 0 0 0 0 0 0 0 0
P3023 2056 9 0 0 0 0 0 0 0 0 0 10 0 0 0 0 0 0 0 0 0 0 0 0 0 0 0 0 0 0 0 26 -999
P3023 2056 10 53 105 39 0 0 0 0 0 0 86 0 0 0 0 0 0 0 0 0 0 0 0 5 10 10 23 0 0 0 0 0
P3023 2056 11 0 0 0 3 3 3 8 5 0 0 0 0 0 2 0 0 0 0 2 4 0 0 0 2 44 29 51 50 21 46 -999
P3023 2056 12 21 9 46 44 201 125 166 148 12 32 43 18 13 6 34 120 30 41 5 8 33 19 6 0 0 0 0 0 0 0 0
P3023 2057 1 0 0 0 0 0 4 1 10 4 1 0 0 0 0 0 0 0 0 0 0 0 0 0 0 1 36 91 62 51 17 17
P3023 2057 2 5 11 3 6 55 69 48 71 40 41 5 0 0 0 0 0 1 14 8 134 21 12 19 20 21 20 3 2 -999 -999 -999
P3023 2057 3 4 1 1 11 17 19 21 0 0 2 2 0 0 0 0 0 0 0 1 0 0 0 0 3 4 2 7 0 0 0 6
P3023 2057 4 12 0 0 26 0 0 0 2 8 11 40 33 33 13 21 38 61 59 39 14 4 4 0 0 0 0 0 16 17 0 -999
P3023 2057 5 0 0 0 0 2 0 0 0 6 5 36 33 24 18 35 19 37 40 40 6 0 0 0 10 37 16 0 6 44 43 42
P3023 2057 6 13 5 0 0 0 0 0 0 0 9 27 133 0 0 0 0 0 0 0 0 0 0 0 0 0 0 0 0 0 0 -999
P3023 2057 7 0 0 0 0 0 0 0 0 0 0 0 0 0 0 0 0 0 0 0 0 0 0 0 0 0 0 0 0 0 0 0
P3023 2057 8 0 0 0 0 0 0 0 0 0 0 0 0 0 0 0 0 0 0 0 0 0 0 0 0 0 0 0 0 0 0 0
P3023 2057 9 0 0 0 0 0 0 41 46 0 0 0 0 0 0 0 0 0 0 0 0 0 0 0 0 0 27 51 0 0 0 -999
P3023 2057 10 0 0 0 0 0 0 0 0 0 0 0 0 0 0 7 1 1 0 0 0 0 0 0 0 0 0 0 0 0 2 6
P3023 2057 11 15 5 96 180 17 33 6 14 18 14 93 53 40 16 1 32 18 0 0 16 0 0 0 0 0 0 0 0 0 0 -999
P3023 2057 12 0 0 0 0 0 0 0 0 2 2 7 5 12 22 13 4 0 0 0 0 0 0 0 0 0 0 0 0 1 12 2
P3023 2058 1 0 0 0 0 0 0 0 0 0 4 2 0 3 75 23 0 0 3 0 0 0 0 0 0 0 0 25 5 9 3 0
P3023 2058 2 2 0 0 0 0 0 1 0 0 0 0 0 1 0 2 0 0 0 0 0 0 0 0 0 0 0 0 0 -999 -999 -999
P3023 2058 3 0 0 0 0 0 0 0 0 0 0 0 1 0 0 0 0 4 0 0 0 14 110 0 17 15 81 43 0 0 0 0
P3023 2058 4 0 0 0 0 14 5 0 0 0 14 13 4 6 0 3 0 0 0 7 13 4 0 0 0 0 0 0 0 0 0 -999
P3023 2058 5 0 0 0 0 3 0 7 4 3 0 0 0 76 19 0 0 0 0 0 4 0 0 0 9 8 12 20 59 37 23 7
P3023 2058 6 40 0 0 0 0 0 0 0 0 0 0 0 0 0 0 0 0 0 0 0 0 0 0 0 0 0 0 0 0 0 -999
P3023 2058 7 0 0 0 0 0 0 0 0 0 0 0 0 0 0 0 0 0 0 0 0 0 0 0 0 0 0 0 0 0 0 0
P3023 2058 8 0 0 0 0 0 0 0 0 0 0 0 0 0 0 0 0 0 0 0 0 0 0 0 0 0 0 0 0 0 0 0
P3023 2058 9 0 0 0 0 0 0 0 0 0 0 0 0 0 0 0 0 0 0 0 0 0 0 0 0 0 0 0 0 0 0 -999
P3023 2058 10 0 0 0 0 0 0 0 0 0 0 0 0 0 0 0 0 0 0 0 0 0 1 5 5 0 0 0 0 0 0 0
P3023 2058 11 0 0 0 0 0 0 0 8 41 0 74 47 25 19 21 33 15 159 128 68 16 3 0 0 0 2 42 10 12 49 -999
P3023 2058 12 14 39 9 0 0 0 0 0 5 0 0 0 0 0 0 2 2 3 10 88 38 37 0 4 0 7 8 72 4 29 221
P3023 2059 1 18 228 80 50 15 19 0 0 0 0 0 0 0 0 1 3 0 0 0 10 16 1 0 0 2 2 0 0 0 0 0
P3023 2059 2 0 0 0 0 0 0 0 0 0 0 0 0 0 0 0 1 0 0 0 0 0 0 0 0 0 0 0 0 -999 -999 -999
P3023 2059 3 0 0 0 0 0 0 0 0 0 0 1 17 7 13 2 0 0 0 0 0 5 9 8 41 21 121 16 5 29 6 3
P3023 2059 4 1 0 0 0 0 0 0 0 0 0 0 2 14 0 0 0 0 0 0 0 1 1 3 4 10 15 83 171 64 45 -999
P3023 2059 5 0 0 8 28 149 38 48 51 39 47 54 40 0 0 4 4 3 17 13 18 0 0 0 0 0 0 0 0 0 0 0
P3023 2059 6 0 0 0 0 0 30 68 153 72 0 0 0 0 0 0 0 0 0 0 0 0 0 0 0 0 0 0 0 0 0 -999
P3023 2059 7 0 0 0 0 0 0 0 0 0 0 0 0 0 0 0 0 6 0 0 0 0 0 0 0 0 0 0 0 0 0 0
P3023 2059 8 0 0 0 0 0 0 0 0 0 0 0 0 0 0 0 0 0 0 0 0 0 0 0 0 0 0 0 0 0 0 0
P3023 2059 9 0 0 0 0 0 0 0 0 0 0 0 0 0 0 0 0 0 0 0 0 0 0 0 8 14 0 0 0 0 0 -999
P3023 2059 10 0 0 0 0 0 0 0 0 0 0 0 0 0 0 21 9 0 0 0 0 2 7 17 4 3 4 5 0 0 50 14
P3023 2059 11 50 51 58 75 199 81 0 0 0 0 33 29 0 0 33 28 17 6 0 0 0 0 16 14 13 0 2 14 18 3 -999
P3023 2059 12 0 0 0 0 0 0 0 0 5 55 0 0 17 3 10 6 0 0 0 0 0 0 0 0 0 0 0 4 49 12 0
P3023 2060 1 0 5 6 7 7 14 0 0 0 1 2 0 0 0 0 0 0 0 0 0 0 0 0 0 0 0 0 0 0 0 0
P3023 2060 2 0 0 0 5 15 4 4 14 22 42 16 61 5 16 10 14 45 36 99 15 22 3 7 34 33 18 23 11 -999 -999 -999
P3023 2060 3 37 45 49 42 24 45 13 52 67 4 0 0 0 0 0 0 41 43 58 43 94 44 35 11 0 0 0 19 12 0 7
P3023 2060 4 0 0 0 0 0 0 0 0 0 0 1 2 0 0 0 0 0 0 0 0 0 0 0 0 0 0 0 0 0 0 -999
P3023 2060 5 0 0 0 0 0 0 0 0 0 0 0 0 0 0 0 0 0 89 53 0 0 0 64 83 39 48 52 0 46 0 0
P3023 2060 6 124 214 151 230 170 45 26 14 14 0 0 15 15 0 0 0 0 0 0 0 0 0 0 0 0 0 0 0 0 0 -999
P3023 2060 7 0 0 0 0 0 0 0 0 0 0 0 0 0 0 0 0 0 0 0 0 0 0 0 0 0 0 0 0 0 0 0
P3023 2060 8 0 0 0 0 0 0 0 0 0 0 0 0 0 0 0 0 0 0 0 0 0 0 0 0 0 0 0 0 0 0 0
P3023 2060 9 0 0 0 0 0 0 0 0 0 0 0 0 0 0 0 18 28 0 0 0 0 0 0 0 0 50 27 0 0 0 -999
P3023 2060 10 0 0 0 0 0 0 0 0 0 0 0 12 8 8 14 0 0 0 0 0 0 0 0 0 53 0 0 58 53 17 34
P3023 2060 11 34 40 35 0 0 0 0 0 0 0 0 0 7 4 1 0 0 29 39 2 0 0 0 0 0 8 84 3 0 0 -999
P3023 2060 12 0 0 5 4 2 8 3 0 0 7 0 0 0 0 0 15 0 11 0 6 200 6 0 0 0 0 0 0 0 0 0
P3023 2061 1 0 0 0 0 0 0 0 0 0 0 0 0 0 2 1 0 17 16 103 53 38 225 8 7 8 83 238 96 38 35 71
P3023 2061 2 0 0 0 0 0 0 0 0 2 8 5 6 17 26 35 13 12 16 0 45 14 13 39 4 63 13 29 10 -999 -999 -999
P3023 2061 3 85 41 28 126 48 3 36 14 15 9 70 12 32 48 104 119 8 24 48 14 36 7 0 0 0 0 0 0 0 0 0
P3023 2061 4 0 0 0 5 3 6 6 12 128 30 20 46 24 53 39 46 149 169 52 39 0 0 0 1 20 17 29 70 67 0 -999
P3023 2061 5 0 75 90 235 75 28 0 0 0 0 0 0 0 0 2 0 0 0 0 0 0 0 0 0 0 0 0 0 0 0 12
P3023 2061 6 21 130 0 0 0 0 0 0 0 0 0 0 0 57 0 0 0 0 0 0 0 0 0 0 0 0 0 0 0 0 -999
P3023 2061 7 0 0 0 0 0 0 0 0 0 0 0 0 0 0 0 0 0 0 0 0 0 0 0 0 0 0 0 0 0 0 0
P3023 2061 8 0 0 0 0 0 0 0 0 0 0 0 0 0 0 0 0 0 0 0 0 0 0 0 0 0 0 0 0 0 0 0
P3023 2061 9 0 0 0 0 0 0 0 0 0 0 0 0 0 0 0 0 69 19 15 9 9 3 0 0 0 0 0 0 0 0 -999
P3023 2061 10 0 0 0 0 9 52 7 0 18 43 73 0 0 0 0 0 0 0 0 0 0 0 0 0 10 10 8 4 0 0 16
P3023 2061 11 0 0 0 2 0 0 2 11 12 0 0 0 0 0 0 0 0 0 1 0 0 0 0 0 0 0 0 0 0 0 -999
P3023 2061 12 11 11 9 0 0 0 0 0 0 0 0 0 0 0 0 0 0 0 2 1 0 0 0 0 0 0 0 0 0 4 0
P3023 2062 1 0 0 0 0 0 0 7 15 14 15 3 3 16 4 15 11 90 36 4 0 0 0 0 0 0 1 0 2 0 33 144
P3023 2062 2 124 131 17 33 5 28 25 104 14 12 4 0 0 0 0 7 50 62 26 19 44 72 87 61 111 67 44 0 -999 -999 -999
P3023 2062 3 0 0 0 0 0 11 3 0 0 0 0 0 1 5 0 13 0 0 0 0 0 0 0 0 13 35 0 0 0 0 0
P3023 2062 4 0 0 12 0 0 11 12 0 10 9 12 21 0 0 0 0 0 0 0 0 0 8 12 9 14 18 0 0 0 22 -999
P3023 2062 5 0 0 25 41 3 0 0 0 127 0 0 0 0 0 0 0 0 0 6 0 0 0 0 0 0 0 0 14 20 21 13
P3023 2062 6 12 12 9 0 0 0 0 0 0 0 0 0 0 0 0 0 0 0 0 0 0 0 0 0 0 0 0 0 0 0 -999
P3023 2062 7 0 0 0 0 0 0 0 0 0 0 0 0 0 0 0 0 0 0 0 0 0 0 0 0 0 0 0 0 0 0 0
P3023 2062 8 0 0 0 0 0 0 0 0 0 0 0 0 0 0 0 0 0 0 0 0 0 0 0 0 0 0 0 0 0 0 0
P3023 2062 9 0 0 0 0 0 0 0 0 0 0 0 0 0 0 0 0 0 0 0 0 0 0 0 0 0 0 0 0 0 48 -999
P3023 2062 10 0 0 0 0 0 0 0 51 0 0 0 0 0 0 0 0 0 0 0 9 40 13 43 0 0 11 18 93 73 0 0
P3023 2062 11 0 0 4 4 13 40 3 21 0 0 11 14 0 18 4 0 0 3 0 20 4 4 12 37 119 4 6 0 0 0 -999
P3023 2062 12 0 0 0 0 0 0 5 1 4 6 45 0 0 0 0 3 2 0 0 1 5 7 2 0 3 0 0 0 0 0 0
P3023 2063 1 0 0 0 1 1 0 0 0 0 0 0 0 0 0 0 0 0 0 0 0 3 2 0 1 0 0 33 12 3 0 0
P3023 2063 2 0 0 0 0 0 0 4 14 12 4 0 0 0 3 9 0 2 0 0 0 12 9 4 1 0 0 0 2 -999 -999 -999
P3023 2063 3 17 17 19 28 12 1 13 24 5 6 42 5 19 24 18 22 9 0 0 21 13 16 36 364 430 97 52 51 65 26 0
P3023 2063 4 11 18 3 0 0 0 0 0 0 49 43 40 4 0 0 16 15 44 0 0 0 2 13 7 16 0 11 15 14 6 -999
P3023 2063 5 3 0 0 0 0 0 0 0 0 5 23 17 19 52 15 32 7 10 0 0 0 75 11 0 0 0 0 0 0 0 0
P3023 2063 6 0 0 0 0 0 0 0 0 0 0 0 0 0 0 0 0 0 0 0 0 0 0 0 0 0 0 0 0 0 0 -999
P3023 2063 7 0 0 0 0 0 0 0 0 0 0 0 0 0 0 0 0 0 0 0 0 0 0 0 0 0 0 0 0 0 0 0
P3023 2063 8 0 0 0 0 0 0 0 0 0 0 0 0 0 0 0 0 0 0 0 0 0 0 0 0 0 0 0 0 0 0 0
P3023 2063 9 0 0 0 0 0 0 0 0 0 0 0 0 0 0 0 0 0 42 0 0 0 0 0 0 0 58 28 0 0 0 -999
P3023 2063 10 0 0 0 0 17 58 4 0 0 3 16 6 16 26 38 11 0 0 0 18 17 35 16 0 0 0 0 6 17 43 0
P3023 2063 11 0 0 0 0 0 0 0 0 0 0 9 0 0 0 0 0 0 0 0 5 2 0 0 0 40 15 2 58 12 12 -999
P3023 2063 12 80 18 75 0 2 2 0 0 0 0 2 19 0 6 0 0 0 1 0 0 0 0 4 3 2 1 1 0 0 27 0
P3023 2064 1 0 0 0 22 12 2 0 0 0 2 27 10 9 15 2 4 6 161 4 2 50 57 104 15 0 0 1 3 4 3 0
P3023 2064 2 0 0 0 0 0 0 0 0 0 0 0 0 9 53 10 5 7 5 0 0 0 0 0 0 3 56 107 47 -999 -999 -999
P3023 2064 3 9 3 16 34 55 45 0 0 0 9 102 60 0 0 0 3 0 2 0 0 0 0 19 38 4 0 2 0 0 6 15
P3023 2064 4 1 4 16 12 151 132 0 33 4 0 0 0 0 0 0 21 49 14 5 4 0 0 11 93 61 0 0 49 9 0 -999
P3023 2064 5 0 6 11 0 0 0 0 0 0 0 0 0 0 0 4 9 0 0 0 9 0 0 8 19 0 0 0 0 0 0 0
P3023 2064 6 0 0 0 0 0 0 0 0 0 0 0 0 0 0 0 0 0 0 0 0 0 0 0 0 0 0 0 0 0 0 -999
P3023 2064 7 0 0 0 0 0 0 0 0 0 0 0 0 0 0 0 0 0 0 0 0 0 0 0 0 0 0 0 0 0 0 0
P3023 2064 8 0 0 0 0 0 0 0 0 0 0 0 0 0 0 0 0 0 0 0 0 0 0 0 0 0 28 0 0 0 0 0
P3023 2064 9 0 0 0 0 0 0 0 0 0 0 12 0 0 0 0 0 0 0 0 0 32 45 94 0 0 0 0 10 0 0 -999
P3023 2064 10 0 0 0 0 0 0 0 0 0 7 56 52 0 0 0 0 0 0 0 0 0 2 0 65 42 0 0 0 0 0 0
P3023 2064 11 0 0 0 0 0 7 13 4 0 7 0 0 0 0 26 4 0 0 0 0 10 4 18 56 42 2 0 8 29 17 -999
P3023 2064 12 0 0 0 0 0 0 0 0 6 10 31 0 0 0 0 0 0 0 0 4 40 33 0 0 0 0 1 19 8 30 85
P3023 2065 1 35 52 9 14 2 19 71 62 28 53 27 9 27 2 0 0 0 0 0 0 0 0 0 1 0 0 0 0 0 0 0
P3023 2065 2 2 51 4 36 0 0 0 0 0 0 1 0 0 0 0 0 0 0 1 3 3 0 0 0 2 0 0 0 -999 -999 -999
P3023 2065 3 0 0 0 0 0 0 8 0 2 7 0 0 0 0 0 0 8 14 0 0 0 0 0 19 12 48 12 2 18 16 24
P3023 2065 4 31 30 17 41 7 3 0 0 0 0 22 67 115 155 245 76 4 0 0 0 0 0 0 0 3 5 7 0 15 4 -999
P3023 2065 5 7 0 4 3 22 16 17 41 22 5 12 5 0 7 0 9 17 0 0 0 0 0 0 0 0 0 0 0 0 0 6
P3023 2065 6 30 43 15 10 16 13 13 0 0 8 0 3 9 0 0 0 0 0 0 0 0 0 0 0 0 0 0 0 0 0 -999
P3023 2065 7 0 0 0 0 0 0 0 0 0 0 0 0 0 0 0 0 0 0 0 0 0 0 0 0 0 0 0 0 0 0 0
P3023 2065 8 0 0 0 0 0 0 0 0 0 0 0 0 0 0 0 0 0 0 0 0 0 0 0 0 0 0 0 0 0 0 0
P3023 2065 9 0 0 0 0 0 0 0 0 0 0 0 0 0 17 27 0 0 0 0 34 61 225 94 11 0 0 0 5 0 0 -999
P3023 2065 10 0 0 0 0 0 0 0 0 12 8 11 4 0 0 0 0 9 11 9 0 0 0 0 0 0 0 0 0 0 0 0
P3023 2065 11 0 0 0 0 104 0 0 57 12 0 0 0 0 0 0 0 0 0 0 0 0 1 0 0 0 5 2 0 0 0 -999
P3023 2065 12 0 0 0 0 0 0 0 0 0 0 14 18 0 0 0 0 0 0 0 4 14 7 56 43 7 39 2 16 6 0 0
P3023 2066 1 0 0 0 0 18 0 0 0 0 1 1 0 0 0 5 5 2 0 0 0 0 0 0 0 0 0 0 0 0 0 0
P3023 2066 2 0 0 0 0 0 3 13 14 6 0 0 0 0 0 0 0 15 14 16 9 0 0 0 6 0 7 11 33 -999 -999 -999
P3023 2066 3 48 94 141 54 83 74 83 51 54 41 7 13 2 3 5 13 41 10 1 46 18 19 11 6 23 0 0 13 9 1 2
P3023 2066 4 0 7 0 0 0 0 10 4 16 0 0 0 0 0 0 13 13 13 22 4 2 0 0 0 0 0 0 0 0 0 -999
P3023 2066 5 0 0 0 0 0 0 0 0 2 0 0 0 0 0 0 0 12 0 0 0 0 0 53 24 91 0 0 0 0 20 56
P3023 2066 6 24 0 0 0 0 0 0 0 8 0 0 0 0 0 0 0 0 0 0 0 0 0 0 0 0 0 0 0 0 0 -999
P3023 2066 7 0 0 0 0 0 0 0 0 0 0 0 0 0 0 0 0 0 0 0 0 0 0 0 0 0 0 0 0 0 0 0
P3023 2066 8 0 0 0 0 0 0 0 0 0 0 0 0 0 0 0 0 0 0 0 0 0 0 0 0 0 0 0 0 0 0 0
P3023 2066 9 0 0 0 0 0 0 0 0 0 0 0 0 0 0 0 0 0 0 0 0 0 0 0 0 0 0 0 0 0 0 -999
P3023 2066 10 0 0 0 0 0 0 0 0 0 0 0 0 78 19 16 125 59 49 0 0 0 3 10 0 96 55 53 53 9 17 51
P3023 2066 11 14 14 8 0 5 47 86 51 5 20 12 6 0 0 0 0 13 14 38 20 46 146 0 0 0 8 50 31 97 86 -999
P3023 2066 12 15 9 10 20 0 0 0 0 3 4 1 35 57 150 21 14 130 89 5 0 0 5 10 11 5 36 25 15 14 4 3
P3023 2067 1 5 17 13 76 53 55 25 92 36 23 6 17 47 52 47 25 19 74 60 8 0 44 51 46 22 22 10 13 52 25 17
P3023 2067 2 4 13 4 1 0 0 0 5 44 3 6 20 14 0 0 0 0 5 6 4 16 14 5 1 0 1 2 0 -999 -999 -999
P3023 2067 3 0 0 1 11 0 0 0 0 0 0 0 0 2 0 0 2 0 0 0 0 0 0 0 10 2 18 11 16 13 2 0
P3023 2067 4 0 0 0 0 0 0 14 52 50 4 0 0 3 16 31 19 14 8 33 28 7 0 0 0 2 13 11 11 0 0 -999
P3023 2067 5 0 0 0 0 1 44 43 85 103 69 51 50 77 84 61 12 4 11 10 9 10 24 4 0 0 0 0 0 0 0 0
P3023 2067 6 0 0 0 0 0 0 0 40 40 0 0 0 0 0 0 0 0 0 0 0 0 0 0 0 0 0 0 0 0 0 -999
P3023 2067 7 0 0 0 0 0 0 0 0 0 0 0 0 0 0 0 0 0 0 0 0 0 0 0 0 0 0 0 0 0 0 0
P3023 2067 8 0 0 0 0 0 0 0 0 0 0 0 0 0 0 0 0 0 0 0 0 0 0 0 0 0 0 0 0 0 0 0
P3023 2067 9 0 0 0 0 0 0 0 0 0 0 0 0 0 0 0 0 0 0 0 0 0 0 0 0 0 0 0 0 0 0 -999
P3023 2067 10 0 0 0 0 0 0 30 62 31 6 0 0 0 0 0 0 0 0 0 0 0 0 0 0 0 0 0 0 0 0 17
P3023 2067 11 25 16 55 21 13 18 33 34 77 121 0 68 12 9 4 11 0 8 7 7 0 0 0 0 37 38 1 0 4 0 -999
P3023 2067 12 0 0 0 2 7 13 0 0 14 21 53 18 10 2 0 0 0 0 0 21 3 1 2 0 0 0 0 0 0 0 0
P3023 2068 1 0 0 0 0 0 0 0 0 0 18 59 0 0 0 0 0 0 5 2 10 16 17 15 7 16 6 1 2 29 20 106
P3023 2068 2 6 2 0 0 0 5 3 16 30 51 4 5 31 45 58 57 32 0 0 0 0 0 3 6 19 8 0 0 -999 -999 -999
P3023 2068 3 0 0 0 2 11 18 22 13 7 11 16 35 10 0 0 2 8 3 6 38 14 0 0 2 0 0 0 0 0 0 0
P3023 2068 4 0 0 0 0 10 28 0 0 0 0 0 0 0 0 0 0 0 0 0 0 0 0 10 15 0 0 0 13 11 0 -999
P3023 2068 5 0 0 0 36 24 150 288 37 13 3 23 36 34 42 16 5 3 15 26 55 19 6 0 0 8 0 0 0 0 12 0
P3023 2068 6 0 0 0 0 0 0 0 0 0 0 0 0 0 0 0 0 0 0 0 0 0 0 0 0 0 0 0 0 0 0 -999
P3023 2068 7 0 0 0 0 0 0 0 0 0 0 0 0 0 0 0 0 0 0 0 0 0 0 0 0 0 0 0 0 0 0 0
P3023 2068 8 0 0 0 0 0 0 0 0 0 0 0 0 0 0 0 0 0 0 0 0 0 0 0 0 0 11 0 0 0 0 0
P3023 2068 9 0 0 0 0 0 0 0 0 0 0 0 0 0 0 0 0 0 0 11 155 106 16 8 8 27 19 28 42 36 26 -999
P3023 2068 10 30 73 63 15 0 0 0 7 0 0 0 0 21 29 0 0 0 0 0 0 0 0 10 12 24 0 0 0 0 3 3
P3023 2068 11 0 0 0 0 0 0 1 0 0 0 0 0 0 0 0 62 6 0 2 0 6 70 8 35 11 0 0 0 3 12 -999
P3023 2068 12 0 4 10 0 9 23 7 0 0 1 8 0 0 1 5 7 12 31 3 0 0 0 0 0 0 0 53 0 0 0 0
P3023 2069 1 0 0 0 0 0 0 18 4 4 44 34 14 4 0 0 0 0 0 0 0 0 0 2 4 14 17 10 13 122 277 341
P3023 2069 2 83 91 122 0 73 39 11 15 17 57 15 23 22 72 0 0 0 0 0 0 0 0 0 0 0 0 0 1 -999 -999 -999
P3023 2069 3 34 42 21 19 16 4 4 12 26 15 40 7 0 0 0 0 0 0 0 0 0 0 0 0 0 0 0 24 17 30 0
P3023 2069 4 0 0 0 0 0 0 27 45 13 7 39 99 15 25 43 44 20 0 3 4 19 0 0 0 0 0 0 13 5 8 -999
P3023 2069 5 16 47 6 0 0 10 3 5 13 12 0 0 0 0 0 0 0 0 0 13 35 0 0 0 5 34 0 7 20 0 0
P3023 2069 6 0 0 0 0 0 0 0 0 0 0 0 0 0 0 0 0 0 0 0 0 15 0 0 0 0 0 0 0 0 0 -999
P3023 2069 7 0 0 0 0 0 0 0 0 0 0 0 0 0 0 0 0 0 0 0 0 0 0 0 0 0 0 0 0 0 0 0
P3023 2069 8 0 0 0 0 0 0 0 0 0 0 0 0 0 0 0 0 0 0 0 0 0 0 0 0 0 0 0 0 0 0 0
P3023 2069 9 0 0 0 21 0 0 0 0 0 0 0 0 0 0 0 0 0 0 0 36 0 0 0 0 0 0 0 19 112 0 -999
P3023 2069 10 11 0 12 11 8 0 0 0 0 0 0 0 0 0 0 0 12 3 0 0 6 32 34 109 21 22 2 0 0 0 2
P3023 2069 11 56 30 185 0 0 0 0 0 3 10 16 152 107 34 17 2 26 0 0 0 22 0 0 24 15 22 61 119 137 8 -999
P3023 2069 12 0 2 33 65 61 92 17 5 0 0 0 0 1 0 0 0 0 0 0 0 0 1 9 17 0 0 0 2 6 2 0
P3023 2070 1 9 16 6 1 13 14 0 0 9 4 0 0 0 0 0 0 2 0 17 39 79 49 50 26 75 43 250 12 0 77 88
P3023 2070 2 60 103 200 14 3 1 1 2 18 129 181 32 48 10 20 45 45 12 0 0 1 3 13 34 25 17 22 14 -999 -999 -999
P3023 2070 3 18 1 2 0 0 0 5 8 17 35 43 29 40 40 5 0 0 36 39 9 19 22 36 0 30 58 0 0 0 0 0
P3023 2070 4 22 7 37 0 14 16 39 51 27 12 12 13 13 17 14 20 40 11 9 0 16 14 38 17 5 4 3 39 35 0 -999
P3023 2070 5 0 0 0 0 3 2 47 29 0 0 0 0 7 54 16 18 0 0 0 0 0 0 0 5 24 0 0 0 17 0 37
P3023 2070 6 146 136 0 0 0 20 0 0 0 0 0 0 0 0 0 0 0 0 0 0 0 0 0 0 0 0 0 0 0 0 -999
P3023 2070 7 0 0 0 0 0 0 0 0 0 0 0 0 0 0 0 0 0 0 0 0 0 0 0 0 0 0 0 0 0 0 0
P3023 2070 8 0 0 0 0 0 0 0 0 0 0 0 0 0 0 0 0 0 0 0 0 0 0 0 0 0 0 0 0 0 0 0
P3023 2070 9 0 0 0 0 0 0 45 0 0 0 0 0 0 0 0 0 0 0 0 0 0 0 0 0 0 17 0 77 0 16 -999
P3023 2070 10 17 34 59 0 0 0 71 66 79 19 13 12 20 5 6 8 7 20 21 25 6 8 4 9 0 0 0 0 0 4 11
P3023 2070 11 38 48 20 6 5 0 6 5 7 15 32 110 23 25 0 0 93 17 0 2 71 9 21 4 0 0 0 0 0 0 -999
P3023 2070 12 0 0 0 0 0 0 0 0 0 0 0 2 1 1 0 0 0 0 0 0 0 32 6 0 8 0 3 92 119 36 0
P3023 2071 1 0 0 17 70 9 2 0 0 57 10 22 45 23 20 102 79 109 106 55 37 36 15 32 56 37 4 0 0 0 7 154
P3023 2071 2 18 0 0 0 9 81 5 0 0 0 0 1 1 0 0 0 0 0 6 20 70 23 8 0 5 41 53 0 -999 -999 -999
P3023 2071 3 0 0 0 0 0 0 0 0 0 82 13 0 0 0 3 5 3 0 17 3 3 0 0 0 1 1 0 0 0 3 0
P3023 2071 4 13 8 1 1 4 0 0 0 0 0 0 0 0 0 0 0 0 0 0 0 44 16 9 33 0 0 0 0 0 0 -999
P3023 2071 5 0 0 0 0 0 0 0 0 0 0 0 0 0 0 10 0 0 0 5 66 184 0 0 0 0 0 9 12 0 0 0
P3023 2071 6 66 136 110 45 49 69 12 4 8 0 0 0 0 0 0 0 0 0 0 0 0 0 0 0 0 0 0 0 0 0 -999
P3023 2071 7 0 0 0 0 0 0 0 0 0 0 0 0 0 0 0 0 0 0 0 0 0 0 0 0 0 0 0 0 0 0 0
P3023 2071 8 0 0 0 0 0 0 0 0 0 0 0 0 0 0 0 0 0 0 0 0 0 0 0 0 0 0 0 0 0 0 0
P3023 2071 9 0 0 0 0 0 0 0 0 0 0 0 0 0 0 0 0 0 0 0 0 0 0 0 0 0 0 0 0 0 0 -999
P3023 2071 10 0 0 0 0 0 0 0 0 15 14 31 3 0 0 0 0 0 0 0 0 0 0 0 0 6 0 0 0 0 0 0
P3023 2071 11 5 20 0 0 0 0 6 9 15 15 17 25 0 0 0 1 4 0 0 0 0 0 0 0 0 4 9 5 0 0 -999
P3023 2071 12 0 0 0 0 0 73 12 7 0 0 0 0 0 0 0 0 0 0 4 0 0 0 0 0 0 0 0 0 0 0 0
P3023 2072 1 0 0 0 0 0 10 4 2 0 60 16 13 0 0 8 5 0 0 0 0 1 4 97 21 0 0 1 10 60 8 63
P3023 2072 2 0 0 1 4 96 23 0 11 0 65 74 107 99 51 61 53 90 289 100 94 402 343 123 28 3 0 5 7 -999 -999 -999
P3023 2072 3 0 0 0 2 19 15 66 113 23 0 0 7 0 0 0 0 0 0 27 11 19 0 24 38 11 0 0 418 177 13 0
P3023 2072 4 0 0 0 0 5 11 45 13 28 39 20 8 0 23 59 53 17 15 51 67 77 64 66 61 62 0 0 0 48 21 -999
P3023 2072 5 19 0 0 31 40 0 36 20 54 46 41 12 2 0 0 0 0 13 8 0 0 0 0 0 0 0 0 26 31 47 46
P3023 2072 6 33 23 92 54 5 0 0 85 78 0 0 0 0 0 0 0 0 0 0 0 0 0 0 0 0 0 0 0 0 0 -999
P3023 2072 7 0 0 0 0 0 0 0 0 0 0 0 0 0 0 0 0 0 0 0 0 0 0 0 0 0 0 0 0 0 0 0
P3023 2072 8 0 0 0 0 0 0 0 0 0 0 0 0 0 0 0 0 0 0 0 0 0 0 0 0 0 0 0 0 0 0 0
P3023 2072 9 0 0 0 0 0 0 0 0 0 0 0 0 0 0 0 0 0 0 22 15 0 0 0 0 0 0 55 44 0 0 -999
P3023 2072 10 0 0 0 0 0 0 34 0 0 0 0 0 0 0 0 6 36 47 26 0 0 0 0 5 7 11 0 0 0 8 8
P3023 2072 11 0 0 0 0 9 8 8 49 75 130 104 49 5 12 38 124 0 0 0 0 0 0 4 8 6 39 221 34 11 9 -999
P3023 2072 12 0 0 0 0 0 1 52 18 0 0 0 0 0 0 0 0 0 0 0 0 0 0 0 0 0 0 0 0 0 1 0
P3023 2073 1 0 0 0 0 0 18 1 0 0 0 0 0 2 0 0 0 0 0 0 0 0 0 0 0 0 0 0 0 0 0 0
P3023 2073 2 0 0 1 10 12 0 3 0 102 120 109 17 38 19 29 26 71 6 16 0 0 0 0 0 0 0 0 0 -999 -999 -999
P3023 2073 3 0 0 0 0 0 0 0 0 6 12 5 1 0 0 0 0 4 0 16 16 39 36 8 0 0 0 0 7 2 0 0
P3023 2073 4 0 0 0 0 0 0 0 0 0 10 0 0 0 4 99 58 43 3 3 0 0 0 12 11 49 27 12 0 0 0 -999
P3023 2073 5 4 8 0 0 0 0 0 0 0 0 0 0 0 0 0 27 13 15 21 42 4 0 5 3 19 0 0 13 0 0 0
P3023 2073 6 0 0 0 0 0 0 0 0 0 0 0 0 0 0 0 0 0 0 0 0 0 0 0 0 0 0 0 0 0 0 -999
P3023 2073 7 0 0 0 0 0 0 0 0 0 0 0 0 0 0 0 0 0 0 0 0 0 0 0 0 0 0 0 0 0 0 0
P3023 2073 8 0 0 0 0 0 0 0 0 0 0 0 0 0 0 0 0 0 0 0 0 0 0 0 0 0 0 0 0 0 0 0
P3023 2073 9 0 0 0 9 0 11 11 0 0 0 0 4 0 0 0 0 0 0 0 0 23 0 0 0 0 0 0 7 13 0 -999
P3023 2073 10 0 0 0 0 0 0 0 55 7 13 8 0 0 3 0 5 0 0 6 10 0 0 0 0 0 0 0 9 0 0 6
P3023 2073 11 14 41 4 0 0 0 35 51 108 162 88 5 4 1 0 0 0 0 0 1 2 4 1 19 25 19 17 5 4 9 -999
P3023 2073 12 32 14 40 24 13 30 12 0 0 0 0 0 0 0 0 0 6 2 0 31 19 29 0 0 12 13 0 0 0 0 0
P3023 2074 1 0 0 0 0 0 0 0 0 0 2 0 0 0 0 0 0 0 2 13 17 5 0 0 0 1 1 1 1 4 3 1
P3023 2074 2 0 0 0 0 0 0 0 2 10 5 0 0 0 0 0 0 0 0 0 0 1 1 0 0 0 2 2 3 -999 -999 -999
P3023 2074 3 1 9 2 0 0 0 0 0 0 0 0 0 0 0 2 0 0 0 0 0 3 0 0 0 0 0 0 0 0 0 26
P3023 2074 4 20 2 0 0 0 0 0 0 0 0 0 0 0 0 0 0 0 0 0 0 0 0 0 0 0 19 15 0 0 0 -999
P3023 2074 5 0 14 0 122 76 60 53 45 19 66 83 54 39 32 2 0 0 0 0 2 15 13 11 0 0 0 0 0 0 0 0
P3023 2074 6 0 0 0 0 0 0 0 0 0 0 0 0 0 0 0 0 0 0 53 0 0 0 0 0 0 0 0 0 0 0 -999
P3023 2074 7 0 0 11 0 0 0 0 0 0 0 0 0 0 0 0 0 0 0 0 0 0 0 0 0 0 0 0 0 0 0 0
P3023 2074 8 0 0 0 0 0 0 0 0 0 0 0 0 0 0 0 0 0 0 0 0 0 0 0 0 0 0 0 0 0 0 0
P3023 2074 9 0 0 0 0 0 0 0 0 0 0 0 0 0 0 0 0 0 0 0 0 0 0 0 2 2 18 17 0 0 0 -999
P3023 2074 10 0 0 5 0 0 0 0 19 17 39 0 0 0 0 0 0 0 0 39 0 0 0 0 0 0 0 0 0 8 1 0
P3023 2074 11 0 0 0 0 0 0 0 0 6 13 15 9 0 0 0 0 3 64 70 301 427 0 8 10 9 31 31 27 14 12 -999
P3023 2074 12 0 0 8 45 3 3 0 0 0 0 0 2 8 12 91 247 140 26 11 0 20 9 11 10 21 9 23 74 136 168 32
P3023 2075 1 101 108 108 187 13 16 7 4 7 4 5 3 35 5 3 0 0 0 0 0 0 0 0 0 0 1 2 0 2 7 5
P3023 2075 2 44 0 0 0 3 29 25 15 16 0 23 139 11 8 3 14 34 32 6 62 55 28 14 3 0 0 0 0 -999 -999 -999
P3023 2075 3 0 0 0 27 61 56 19 0 0 10 10 8 50 49 4 0 0 13 63 27 14 25 49 40 13 9 2 4 2 19 8
P3023 2075 4 13 3 10 0 0 1 0 0 3 0 0 1 0 0 0 0 0 0 5 15 0 0 4 0 0 0 0 0 99 37 -999
P3023 2075 5 51 21 73 61 47 51 19 24 13 8 14 19 50 42 23 9 13 41 26 28 40 36 0 0 0 0 0 0 0 0 0
P3023 2075 6 0 0 0 0 0 0 0 0 0 0 0 0 0 0 0 0 0 0 0 0 0 0 0 0 0 0 0 0 0 0 -999
P3023 2075 7 0 0 0 0 0 0 0 0 0 0 0 0 0 0 0 0 0 0 0 0 0 0 0 0 0 0 0 0 0 0 0
P3023 2075 8 0 0 0 0 0 0 0 0 0 0 0 0 0 0 0 0 0 0 0 0 0 0 0 0 0 0 0 0 0 0 0
P3023 2075 9 0 0 0 0 0 0 0 0 0 0 0 0 0 0 0 0 0 0 0 0 0 0 0 0 0 0 39 24 0 0 -999
P3023 2075 10 0 0 19 16 0 0 0 0 2 0 0 0 0 0 0 0 0 17 63 18 10 0 0 0 0 0 0 8 11 0 0
P3023 2075 11 2 0 0 9 15 5 61 25 67 51 4 111 118 79 0 0 55 37 0 0 0 0 0 1 0 0 8 4 6 1 -999
P3023 2075 12 0 0 0 0 0 11 13 27 82 5 0 15 33 0 0 0 0 0 0 0 0 0 1 0 0 1 4 1 0 0 0
P3023 2076 1 0 0 0 0 0 0 0 0 0 0 0 0 0 0 0 6 0 0 0 0 0 0 0 0 0 0 1 6 2 4 0
P3023 2076 2 0 0 0 0 0 0 0 6 42 0 0 0 0 0 0 0 0 0 1 0 2 0 0 0 0 0 0 0 -999 -999 -999
P3023 2076 3 0 0 0 0 0 10 15 4 20 46 45 0 0 5 7 17 18 51 6 0 0 0 0 0 0 0 0 0 0 0 0
P3023 2076 4 0 11 31 50 70 0 0 0 0 0 0 10 3 0 0 25 0 0 25 254 202 111 80 58 0 0 26 19 8 5 -999
P3023 2076 5 17 30 26 30 1 0 0 0 0 0 0 0 4 13 2 0 0 12 3 9 20 16 15 0 0 46 10 49 42 29 11
P3023 2076 6 16 44 14 0 0 0 0 15 0 0 0 0 0 0 0 0 0 0 0 0 0 0 0 0 0 0 0 0 0 0 -999
P3023 2076 7 0 0 0 0 0 0 0 0 0 0 0 0 0 0 0 0 0 0 0 0 0 0 0 0 0 0 0 0 0 0 0
P3023 2076 8 0 0 0 0 0 0 0 0 0 0 0 0 0 0 0 0 0 0 0 0 0 0 0 0 0 0 0 0 0 0 0
P3023 2076 9 0 0 0 0 0 0 0 0 0 0 0 0 0 0 0 0 0 0 0 0 0 0 66 17 0 0 50 7 14 0 -999
P3023 2076 10 0 0 10 0 0 0 0 0 0 0 20 38 81 12 18 40 0 8 0 0 0 13 22 0 0 0 0 0 0 0 0
P3023 2076 11 0 0 0 0 0 0 0 0 0 10 7 11 3 44 51 93 291 46 25 0 0 0 0 5 13 0 0 0 0 0 -999
P3023 2076 12 0 0 0 0 0 0 0 0 25 0 0 0 0 0 0 8 8 23 0 0 0 0 0 0 0 0 0 0 0 1 4
P3023 2077 1 0 0 0 0 0 0 0 0 0 0 0 0 43 99 32 0 0 0 3 0 27 17 34 19 21 35 74 13 0 6 0
P3023 2077 2 0 0 0 0 15 48 15 0 0 0 0 0 4 2 2 3 3 0 0 0 0 0 0 0 0 0 0 0 -999 -999 -999
P3023 2077 3 0 0 1 1 0 7 25 3 8 8 9 5 9 3 6 46 12 56 18 16 8 1 0 0 0 8 7 0 0 3 2
P3023 2077 4 0 0 0 0 0 0 2 2 2 0 0 0 0 0 0 0 0 0 0 0 0 0 0 0 0 6 8 8 0 0 -999
P3023 2077 5 0 0 0 0 19 58 153 69 46 41 18 0 0 0 0 0 0 0 0 0 0 0 74 22 19 25 15 0 0 0 0
P3023 2077 6 0 0 10 0 0 0 0 0 0 27 18 27 23 32 7 0 0 0 0 0 0 0 0 0 0 0 0 0 0 0 -999
P3023 2077 7 0 0 0 0 0 0 0 0 0 0 0 0 0 0 0 0 0 0 0 0 0 0 0 0 0 0 0 0 0 0 0
P3023 2077 8 0 0 0 0 0 0 0 0 0 0 0 0 0 0 0 0 0 0 0 0 0 0 0 0 0 0 0 0 0 0 0
P3023 2077 9 0 0 0 0 0 0 0 0 0 0 0 0 0 0 0 0 0 0 0 0 0 0 0 0 0 0 0 6 0 0 -999
P3023 2077 10 0 0 0 0 0 0 0 0 0 0 0 0 0 0 6 0 0 0 0 0 0 8 20 21 0 0 0 24 8 0 0
P3023 2077 11 0 0 36 37 296 31 52 70 21 14 10 36 55 46 55 79 42 36 22 0 0 9 8 10 8 0 34 16 0 0 -999
P3023 2077 12 0 0 0 0 0 0 0 2 6 31 301 130 142 210 44 8 30 37 96 136 133 26 11 9 170 99 12 6 7 6 0
P3023 2078 1 0 6 9 13 0 15 0 34 2 6 0 0 0 0 0 0 0 0 0 0 0 19 48 15 0 0 0 0 0 0 0
P3023 2078 2 0 1 1 0 1 3 39 4 0 0 16 5 18 6 13 0 1 18 2 0 1 1 11 4 0 2 0 17 -999 -999 -999
P3023 2078 3 26 122 177 0 0 0 9 13 0 15 53 44 33 54 5 0 0 0 0 0 0 0 0 14 0 0 16 0 0 45 9
P3023 2078 4 0 5 14 52 14 18 40 7 9 0 0 0 4 9 11 12 51 75 64 51 0 0 0 0 0 0 0 9 52 15 -999
P3023 2078 5 14 13 0 14 2 14 13 25 0 0 0 15 39 126 23 47 6 5 0 0 0 0 0 0 0 0 0 0 0 0 0
P3023 2078 6 0 0 0 0 0 0 0 0 0 0 0 0 0 0 0 0 0 0 0 0 0 0 0 0 0 0 0 0 0 0 -999
P3023 2078 7 0 0 0 0 0 0 0 0 0 0 0 0 0 0 0 0 0 0 0 0 0 0 0 0 0 0 0 0 0 0 0
P3023 2078 8 0 0 0 0 0 0 0 0 0 0 0 0 0 0 0 0 0 0 0 0 0 0 0 0 0 0 0 0 0 0 0
P3023 2078 9 0 0 7 14 0 0 0 0 0 0 0 0 0 0 0 0 0 0 0 0 0 0 0 0 0 0 0 0 0 0 -999
P3023 2078 10 0 0 0 0 0 0 0 0 0 0 0 0 0 0 0 0 0 0 0 0 0 0 0 20 14 0 0 0 0 8 33
P3023 2078 11 52 103 26 10 3 0 0 0 0 0 0 0 0 0 0 0 0 0 0 0 0 0 0 2 0 0 0 63 6 17 -999
P3023 2078 12 0 0 0 0 0 0 0 0 0 0 0 0 0 0 5 4 4 1 0 0 0 0 0 0 16 6 10 45 5 34 19
P3023 2079 1 5 0 0 47 5 14 4 2 0 0 0 0 0 0 0 0 0 0 0 0 0 0 0 0 1 1 8 25 0 0 0
P3023 2079 2 0 0 0 1 17 24 15 17 32 4 4 29 72 41 11 3 1 0 7 39 50 12 61 53 45 58 53 43 -999 -999 -999
P3023 2079 3 30 54 45 4 0 0 0 2 1 1 3 16 6 0 6 5 0 1 2 17 53 54 7 16 17 14 4 2 2 9 17
P3023 2079 4 51 83 50 48 30 23 18 19 3 0 0 0 0 0 0 0 0 0 0 2 0 0 0 0 0 5 9 4 0 35 -999
P3023 2079 5 120 31 10 0 0 0 0 0 0 0 0 0 0 0 119 0 0 0 0 0 0 0 0 0 0 0 0 0 0 0 0
P3023 2079 6 0 0 0 0 0 0 0 0 0 0 0 0 0 0 0 0 0 0 0 0 0 0 0 0 0 0 0 0 0 0 -999
P3023 2079 7 0 0 0 0 0 0 0 0 0 0 0 0 0 0 0 0 0 0 0 0 0 0 0 0 0 0 0 0 0 0 0
P3023 2079 8 0 0 0 0 0 0 0 0 0 0 0 0 0 0 0 0 0 0 0 0 0 0 0 0 0 0 0 0 0 0 0
P3023 2079 9 0 0 0 0 0 0 0 0 0 0 0 0 0 0 0 0 0 0 0 0 0 0 0 0 0 0 0 0 0 0 -999
P3023 2079 10 55 0 0 0 0 0 0 21 0 0 0 0 0 0 0 0 0 10 52 15 9 32 44 0 0 0 0 0 0 0 0
P3023 2079 11 0 7 7 0 21 0 0 0 0 0 0 0 0 0 0 0 0 0 0 0 1 0 7 0 0 9 18 3 6 9 -999
P3023 2079 12 16 0 0 0 6 10 38 19 24 21 3 0 0 0 69 77 202 72 95 5 1 0 0 0 0 0 0 0 0 0 0
P3023 2080 1 0 0 0 0 0 0 0 0 0 0 0 7 3 4 7 0 0 0 40 13 5 15 47 14 6 3 0 0 1 0 0
P3023 2080 2 0 0 0 0 0 0 0 0 0 4 25 27 35 4 0 0 1 1 0 0 12 4 4 11 0 0 0 0 -999 -999 -999
P3023 2080 3 0 0 0 0 0 0 0 0 0 0 0 0 0 0 0 0 0 0 0 0 0 0 2 0 0 0 0 4 5 2 11
P3023 2080 4 10 33 11 15 29 52 22 181 61 11 11 5 9 12 5 7 10 14 16 4 4 9 0 37 28 79 45 27 40 32 -999
P3023 2080 5 107 120 49 4 0 0 0 0 0 0 0 0 0 0 0 0 12 37 0 0 0 0 0 10 0 0 0 0 0 61 73
P3023 2080 6 0 0 16 45 0 0 13 15 10 0 0 0 0 17 63 0 0 0 0 0 0 0 0 0 0 0 0 0 0 0 -999
P3023 2080 7 0 0 0 0 0 0 0 0 0 0 0 0 0 0 0 0 0 0 0 0 0 0 0 0 0 0 0 0 0 0 0
P3023 2080 8 0 0 0 0 0 0 0 0 0 0 0 0 0 0 0 0 0 0 0 0 0 0 0 5 6 0 0 0 0 0 0
P3023 2080 9 0 0 0 0 0 0 0 0 0 0 39 0 0 0 0 0 0 0 0 0 0 0 27 7 39 4 0 0 0 0 -999
P3023 2080 10 0 0 0 0 0 0 0 0 0 0 0 9 15 0 0 0 0 0 0 0 0 0 0 6 26 13 4 0 0 0 0
P3023 2080 11 0 0 0 6 5 17 10 0 0 42 38 4 0 0 0 0 15 0 0 0 0 0 0 0 0 0 0 19 3 0 -999
P3023 2080 12 0 0 0 0 0 0 0 12 0 57 17 176 25 10 0 0 0 0 0 0 0 2 32 156 84 64 40 16 1 0 0
P3023 2081 1 0 0 0 0 0 0 0 0 0 0 0 0 0 0 0 0 0 2 10 35 117 98 0 0 2 1 0 0 0 2 0
P3023 2081 2 10 15 60 19 14 18 0 0 0 0 0 0 0 0 0 0 0 5 8 17 3 8 11 6 0 0 37 0 -999 -999 -999
P3023 2081 3 0 0 0 0 0 0 0 0 0 0 69 88 124 43 85 16 103 19 14 7 13 48 58 13 21 51 57 39 103 0 55
P3023 2081 4 42 18 0 11 35 0 0 0 0 0 0 0 0 0 0 0 0 0 0 0 0 41 12 61 0 0 11 29 12 8 -999
P3023 2081 5 12 2 0 0 0 5 13 21 2 3 0 0 0 0 0 0 0 0 0 0 0 0 0 0 0 0 4 26 15 14 0
P3023 2081 6 0 0 0 0 0 48 56 61 29 8 17 3 0 0 0 0 0 0 0 0 12 0 0 0 0 0 0 0 0 0 -999
P3023 2081 7 0 0 0 0 0 0 0 0 0 0 0 0 0 0 0 0 0 0 0 0 0 0 0 0 0 0 0 0 0 0 0
P3023 2081 8 0 0 0 0 0 0 0 0 0 0 0 0 0 0 0 0 0 0 0 0 0 0 0 0 0 0 0 0 0 0 0
P3023 2081 9 0 0 0 0 0 0 0 0 0 0 0 0 0 0 0 0 0 0 5 0 0 0 0 0 0 0 0 0 0 0 -999
P3023 2081 10 0 0 19 0 0 0 0 0 0 9 42 31 27 19 26 18 83 211 130 60 41 0 0 0 0 0 0 0 0 0 9
P3023 2081 11 43 0 22 62 34 0 0 0 0 11 50 7 0 0 11 10 8 23 24 143 40 32 66 7 0 0 0 0 7 10 -999
P3023 2081 12 30 11 0 5 8 2 15 9 7 0 0 1 0 0 0 0 0 0 0 5 8 26 70 0 3 13 18 72 24 0 0
P3023 2082 1 0 0 0 0 0 0 41 13 4 2 0 0 0 0 19 55 0 0 0 0 0 0 0 0 0 0 4 5 3 16 1
P3023 2082 2 0 0 0 6 37 6 0 0 0 0 0 4 0 0 0 0 0 0 0 0 0 0 0 0 0 0 2 0 -999 -999 -999
P3023 2082 3 0 0 36 10 3 0 0 0 14 19 7 2 0 0 0 0 0 113 23 47 3 11 39 34 15 0 2 13 17 30 36
P3023 2082 4 35 120 433 118 13 14 45 30 17 60 77 16 255 15 0 13 13 0 9 123 147 96 17 0 66 50 39 18 38 0 -999
P3023 2082 5 0 0 0 0 0 0 0 0 0 0 0 0 0 0 0 0 0 0 0 0 0 0 0 0 0 0 10 0 0 0 0
P3023 2082 6 0 0 18 15 0 0 4 4 10 13 0 0 0 0 0 0 16 12 31 0 0 0 0 0 0 0 0 0 0 0 -999
P3023 2082 7 0 0 0 0 0 0 0 0 0 0 0 0 0 0 0 0 0 0 0 0 0 0 0 0 0 0 0 0 0 0 0
P3023 2082 8 0 0 0 0 0 0 0 0 0 0 0 0 0 0 0 0 0 0 0 0 0 0 0 0 0 0 0 0 0 0 0
P3023 2082 9 0 0 0 0 0 0 0 0 0 0 0 0 0 0 0 0 0 0 0 0 34 35 64 0 0 0 0 0 8 0 -999
P3023 2082 10 0 0 0 0 0 10 0 0 0 0 0 0 0 2 0 0 0 95 36 74 141 14 0 0 0 0 0 0 0 0 0
P3023 2082 11 0 0 0 2 0 1 1 0 0 0 5 18 0 3 4 8 35 0 0 5 10 21 14 7 18 43 16 0 126 13 -999
P3023 2082 12 1 0 86 0 0 0 0 0 0 0 0 0 0 0 0 0 0 0 0 0 0 0 0 0 0 0 0 0 0 0 0
P3023 2083 1 0 0 0 0 0 0 91 46 7 16 0 0 0 33 39 10 9 22 4 32 79 76 67 22 25 1 2 7 1 3 16
P3023 2083 2 8 67 20 7 0 0 0 5 47 71 103 19 63 14 3 0 20 34 61 42 13 37 7 73 0 3 8 5 -999 -999 -999
P3023 2083 3 8 21 0 0 0 0 6 2 0 0 7 0 0 0 0 0 0 0 0 8 0 0 0 0 0 0 0 7 9 3 6
P3023 2083 4 3 21 17 19 0 0 0 0 0 31 15 0 0 0 6 9 0 0 2 13 13 11 6 1 0 0 0 0 0 0 -999
P3023 2083 5 0 0 3 0 7 0 0 0 5 8 0 14 0 0 0 0 0 0 0 0 0 26 0 9 0 0 0 0 0 0 0
P3023 2083 6 0 0 0 0 0 0 0 0 0 0 0 0 0 0 0 0 0 0 0 0 0 0 0 0 0 0 0 0 0 0 -999
P3023 2083 7 0 0 0 0 0 0 0 0 0 0 0 0 0 0 0 0 0 0 0 0 0 0 0 0 0 0 0 0 0 0 0
P3023 2083 8 0 0 0 0 0 0 0 0 0 0 0 0 0 0 0 0 0 0 0 0 0 0 0 0 0 0 0 0 0 0 0
P3023 2083 9 0 0 0 0 0 0 0 0 0 0 0 0 0 0 0 0 0 0 0 0 0 0 0 0 0 0 0 0 0 45 -999
P3023 2083 10 62 34 34 0 0 0 0 0 0 0 0 0 0 0 0 0 0 0 0 6 0 0 0 8 4 0 0 0 0 0 0
P3023 2083 11 0 4 24 10 3 5 3 0 6 15 0 0 8 19 29 0 195 88 57 39 0 0 2 10 6 0 0 0 0 0 -999
P3023 2083 12 0 0 0 0 0 0 28 4 5 11 16 16 32 0 0 11 48 12 0 0 0 0 0 0 0 0 0 0 0 0 0
P3023 2084 1 0 90 84 0 0 0 0 3 1 0 0 0 0 0 0 0 0 26 47 10 6 22 88 39 8 0 0 0 0 0 0
P3023 2084 2 0 0 1 7 5 2 0 0 0 0 0 5 4 5 0 0 0 6 17 20 5 0 23 80 13 22 20 14 -999 -999 -999
P3023 2084 3 2 27 17 18 80 299 128 23 18 59 60 61 55 69 78 98 38 51 48 64 124 5 2 3 3 5 9 4 5 4 18
P3023 2084 4 42 14 52 55 114 51 6 59 16 3 18 14 0 3 0 0 0 0 2 0 0 0 0 0 0 0 0 0 0 0 -999
P3023 2084 5 0 0 2 13 0 0 0 2 19 0 0 17 0 0 0 0 0 0 0 0 0 0 17 0 0 34 101 41 0 0 0
P3023 2084 6 0 0 0 0 0 0 0 0 0 0 0 39 140 29 75 13 0 0 0 0 0 0 0 0 0 0 0 0 0 0 -999
P3023 2084 7 0 0 0 0 0 0 0 0 0 0 0 0 0 0 0 0 0 0 0 0 0 0 0 0 0 0 0 0 0 0 0
P3023 2084 8 0 0 0 0 0 0 0 0 0 0 0 0 0 0 0 0 0 0 0 0 0 0 0 0 0 0 0 0 0 0 0
P3023 2084 9 0 0 0 0 0 0 0 0 0 0 0 0 0 0 0 0 0 0 0 0 0 0 0 0 0 0 0 0 0 0 -999
P3023 2084 10 0 0 0 0 0 0 0 0 0 0 0 0 0 0 0 17 0 0 0 25 0 0 0 12 17 0 0 0 0 0 0
P3023 2084 11 0 0 0 0 78 51 15 5 26 25 55 55 40 19 18 0 0 0 0 0 0 0 0 0 0 0 8 2 0 0 -999
P3023 2084 12 0 0 0 15 10 3 2 1 0 0 0 0 0 0 0 0 0 0 0 0 0 0 0 0 0 111 6 3 2 0 0
P3023 2085 1 0 0 0 0 0 0 0 0 0 0 0 0 0 0 3 0 0 0 0 0 0 0 0 0 0 0 10 1 0 0 0
P3023 2085 2 0 0 0 1 0 0 0 0 0 0 0 0 0 0 0 3 5 11 0 0 0 0 0 0 0 0 3 11 -999 -999 -999
P3023 2085 3 0 0 0 0 10 3 0 1 0 1 3 12 9 0 0 8 0 6 13 36 17 42 50 52 0 0 17 0 22 8 13
P3023 2085 4 74 47 22 41 6 0 0 0 0 0 0 0 0 0 20 34 1 0 0 0 0 0 0 0 0 0 6 27 12 5 -999
P3023 2085 5 2 14 19 32 16 0 0 0 0 29 15 39 41 40 6 4 9 20 12 22 32 10 0 0 0 0 0 0 0 0 0
P3023 2085 6 0 0 0 0 0 24 52 48 57 56 13 0 0 0 0 0 0 0 0 0 0 0 0 0 0 0 21 0 0 0 -999
P3023 2085 7 0 0 0 0 0 0 0 0 0 0 0 0 0 0 0 0 0 0 0 0 0 0 0 0 0 0 0 0 0 0 0
P3023 2085 8 0 0 0 0 0 0 0 0 0 0 0 0 0 0 0 0 0 0 0 0 0 0 0 0 0 0 0 0 0 0 0
P3023 2085 9 0 0 0 0 0 0 0 0 0 0 0 0 0 0 0 0 0 0 0 0 0 6 0 0 11 8 0 0 0 0 -999
P3023 2085 10 0 0 12 8 9 0 0 9 68 97 29 34 0 0 0 81 64 261 0 0 0 0 0 0 0 0 0 0 0 0 0
P3023 2085 11 0 7 11 53 39 28 0 0 0 0 0 0 0 0 0 0 0 5 68 28 113 113 23 30 71 16 135 0 0 0 -999
P3023 2085 12 13 47 10 0 39 50 0 0 0 6 1 0 0 0 2 0 0 0 0 0 0 1 4 36 54 51 12 6 5 25 45
P3023 2086 1 29 88 52 79 41 1 0 0 0 0 0 0 0 0 0 0 0 0 0 0 0 0 0 0 0 0 0 0 0 0 0
P3023 2086 2 0 0 0 0 0 0 0 0 0 0 0 0 0 1 0 0 0 5 5 0 61 10 3 2 3 13 12 5 -999 -999 -999
P3023 2086 3 0 0 0 0 0 0 0 0 0 0 1 4 0 0 0 0 0 0 0 7 1 1 4 0 0 0 0 0 0 0 3
P3023 2086 4 25 18 27 3 0 0 8 10 82 17 8 17 8 29 41 44 41 25 24 15 16 25 23 22 297 182 96 105 67 27 -999
P3023 2086 5 11 58 70 111 28 0 0 0 0 0 0 0 0 0 104 53 21 11 13 9 13 19 5 0 0 0 0 0 0 19 0
P3023 2086 6 0 0 0 0 0 0 0 0 0 0 0 0 0 0 0 0 0 0 0 0 0 0 0 0 0 0 0 0 0 0 -999
P3023 2086 7 0 0 0 0 0 0 0 0 0 0 0 0 0 0 0 0 0 0 0 0 0 0 0 0 0 0 0 0 0 0 0
P3023 2086 8 0 0 0 0 0 0 0 0 0 0 0 0 0 0 0 0 0 0 0 0 0 0 0 0 0 0 0 0 0 0 0
P3023 2086 9 0 0 0 0 0 0 0 0 0 0 0 13 0 0 0 0 0 0 0 0 0 0 0 0 0 0 0 0 0 0 -999
P3023 2086 10 0 5 0 0 0 0 0 0 0 0 0 6 0 0 165 209 193 36 3 2 0 0 0 7 3 19 18 0 0 0 0
P3023 2086 11 0 14 0 0 0 0 0 0 0 0 0 0 12 0 45 14 68 52 28 84 0 0 0 0 0 0 0 0 49 11 -999
P3023 2086 12 0 2 1 1 7 5 0 2 0 0 0 0 0 0 0 0 0 0 0 13 0 0 0 0 0 0 0 0 0 0 1
P3023 2087 1 1 247 16 26 8 1 0 0 0 0 0 0 0 2 8 16 33 3 2 0 0 0 6 21 11 2 0 25 94 42 2
P3023 2087 2 0 0 0 6 6 0 0 0 0 0 0 0 0 0 0 0 0 0 0 0 0 0 0 0 0 0 0 0 -999 -999 -999
P3023 2087 3 0 0 0 0 0 0 3 0 0 0 0 0 0 4 3 14 30 4 10 4 21 3 0 0 0 1 10 29 9 0 0
P3023 2087 4 0 0 0 0 2 3 0 0 0 0 0 0 2 1 1 0 0 6 2 0 0 0 8 0 0 0 0 0 0 0 -999
P3023 2087 5 0 0 0 0 0 13 42 106 31 22 5 0 0 0 0 25 25 0 0 0 0 0 0 0 0 0 8 0 0 0 0
P3023 2087 6 0 0 0 0 0 0 0 0 0 0 0 0 0 0 0 0 0 0 0 0 0 0 0 0 0 0 0 0 0 0 -999
P3023 2087 7 0 0 0 0 0 0 0 0 0 0 0 0 0 0 0 0 0 0 0 0 0 0 0 0 0 0 0 0 0 0 0
P3023 2087 8 0 0 0 0 0 0 0 0 0 0 0 0 0 0 0 0 0 0 0 0 0 0 0 0 0 0 0 0 0 0 0
P3023 2087 9 0 0 0 0 24 0 0 0 0 0 0 0 0 0 0 0 0 0 0 0 28 26 0 0 0 0 0 66 38 0 -999
P3023 2087 10 0 0 0 0 0 0 0 0 0 0 0 0 0 0 0 0 0 0 0 19 5 22 10 0 0 0 0 0 0 0 0
P3023 2087 11 0 0 0 0 0 0 5 7 2 14 0 45 5 0 79 18 0 2 0 0 0 0 0 0 0 0 0 0 3 5 -999
P3023 2087 12 13 14 43 8 6 0 20 18 12 0 0 80 73 55 110 21 84 158 232 23 39 9 0 0 0 0 0 0 0 0 0
P3023 2088 1 0 0 0 0 0 0 2 84 266 59 105 122 264 250 16 46 87 44 89 3 0 0 7 98 53 108 171 100 56 53 12
P3023 2088 2 3 8 0 15 45 7 0 0 0 0 0 0 0 0 1 0 2 13 17 6 0 62 2 0 0 0 0 0 -999 -999 -999
P3023 2088 3 0 0 0 0 10 4 7 7 7 1 1 6 25 11 16 17 19 8 26 21 2 0 0 0 44 0 0 0 0 0 0
P3023 2088 4 0 1 0 0 2 0 0 0 0 13 0 0 13 3 18 33 1 0 0 0 0 1 0 0 0 0 22 0 25 0 -999
P3023 2088 5 0 0 0 0 15 12 3 0 0 0 58 33 70 40 16 46 73 80 58 11 0 0 0 0 0 0 0 0 0 0 0
P3023 2088 6 0 0 0 0 0 0 0 0 0 0 0 0 0 0 0 0 0 0 0 0 0 0 0 0 0 0 18 0 0 0 -999
P3023 2088 7 0 0 0 0 0 0 0 0 0 0 0 0 0 0 0 0 0 0 0 0 0 0 0 0 0 0 0 0 0 0 0
P3023 2088 8 0 0 0 0 0 0 0 0 0 0 0 0 0 0 0 0 0 0 0 0 0 0 0 0 0 0 0 0 0 0 0
P3023 2088 9 0 0 0 0 0 0 0 0 0 0 0 0 0 0 0 0 0 0 0 0 0 0 0 0 0 0 0 0 0 0 -999
P3023 2088 10 0 0 0 0 0 41 0 0 0 0 0 0 14 36 2 0 0 0 0 0 0 0 0 0 0 0 0 0 0 0 0
P3023 2088 11 3 6 56 105 44 125 48 65 122 50 6 0 0 0 0 0 0 0 0 0 0 0 2 3 1 4 9 2 0 1 -999
P3023 2088 12 25 33 50 26 50 29 40 0 0 0 0 0 0 0 0 0 0 0 0 0 0 0 0 0 0 0 1 0 0 0 0
P3023 2089 1 0 0 0 0 0 0 4 1 0 0 18 0 41 11 82 0 96 8 49 129 21 47 80 16 39 33 0 0 100 10 38
P3023 2089 2 122 68 0 1 42 9 0 0 11 7 53 98 5 9 9 9 16 3 4 4 10 3 0 0 1 7 15 21 -999 -999 -999
P3023 2089 3 5 4 0 0 0 0 0 0 0 0 0 0 0 0 0 0 26 11 0 0 0 0 0 0 0 0 0 5 9 0 0
P3023 2089 4 0 0 3 0 0 0 44 19 22 22 35 0 0 6 49 22 21 8 28 48 63 0 0 0 0 0 16 50 59 0 -999
P3023 2089 5 4 17 6 0 0 0 0 42 0 0 0 0 0 0 0 0 0 0 0 0 0 0 0 0 0 0 0 0 0 0 13
P3023 2089 6 0 0 0 0 0 0 0 0 76 46 0 0 0 0 0 0 0 0 0 0 0 0 0 0 0 0 0 0 0 0 -999
P3023 2089 7 0 0 0 0 0 0 0 0 0 0 0 0 0 0 0 0 0 0 0 0 0 0 0 0 0 0 0 0 0 0 0
P3023 2089 8 0 0 0 0 0 0 0 0 0 0 0 0 0 0 0 0 0 0 0 0 0 0 0 0 0 0 0 0 0 0 0
P3023 2089 9 0 0 0 0 0 0 0 0 0 0 0 0 0 0 0 0 0 0 0 0 0 0 0 0 0 0 0 0 0 0 -999
P3023 2089 10 0 0 0 0 0 0 0 0 0 0 10 17 22 220 61 0 0 0 0 0 0 0 0 0 29 0 0 0 0 0 0
P3023 2089 11 0 0 0 0 0 3 26 0 0 0 0 0 2 0 2 9 54 40 57 22 45 9 9 7 0 0 0 0 6 41 -999
P3023 2089 12 77 116 12 5 0 0 0 0 0 0 0 0 0 0 0 0 0 2 39 68 66 50 27 18 0 0 0 0 0 29 43
P3023 2090 1 0 0 0 0 0 2 4 4 5 22 10 0 0 0 0 0 0 0 0 10 126 152 97 27 18 0 0 0 0 0 0
P3023 2090 2 0 8 32 22 0 0 0 0 0 15 8 22 21 8 121 147 231 56 5 12 56 21 1 0 2 8 24 69 -999 -999 -999
P3023 2090 3 40 0 0 0 0 1 8 11 24 4 4 53 59 16 1 3 2 1 0 0 0 4 8 9 9 5 1 0 0 0 0
P3023 2090 4 0 5 55 26 29 43 5 0 0 0 0 16 47 0 0 0 54 60 0 0 0 0 0 8 0 8 0 7 14 13 -999
P3023 2090 5 93 18 0 0 0 0 4 0 0 0 0 0 0 0 0 43 74 41 59 25 42 38 0 0 0 0 0 0 28 11 0
P3023 2090 6 0 0 58 113 90 37 3 4 5 4 5 0 0 0 0 0 0 0 0 0 0 0 0 0 0 0 0 0 0 0 -999
P3023 2090 7 0 0 0 0 0 0 0 0 0 0 0 0 0 0 0 0 0 0 0 0 0 0 0 0 0 0 0 0 0 0 0
P3023 2090 8 0 0 0 0 0 0 0 0 0 0 0 0 0 0 0 0 0 0 0 0 0 0 0 0 0 0 0 0 0 0 0
P3023 2090 9 0 0 0 0 0 0 0 0 0 0 0 0 0 0 0 0 0 0 0 0 0 0 0 0 0 0 0 4 41 0 -999
P3023 2090 10 0 0 0 0 0 0 0 21 16 25 63 0 0 0 0 0 0 8 0 0 0 0 0 0 0 0 0 0 0 0 16
P3023 2090 11 8 10 34 3 0 0 0 0 0 0 0 0 1 0 0 0 0 0 0 0 0 0 0 0 0 0 66 50 74 9 -999
P3023 2090 12 10 17 3 10 15 2 0 0 42 35 17 42 43 17 3 0 0 0 0 0 0 2 0 47 0 0 0 0 0 0 0
P3023 2091 1 0 0 0 0 0 0 0 0 0 0 0 0 0 0 0 0 0 0 4 12 4 7 17 43 17 84 106 79 34 0 0
P3023 2091 2 1 4 26 9 16 15 52 13 15 18 7 0 141 29 10 4 0 0 0 0 0 2 8 8 8 11 8 2 -999 -999 -999
P3023 2091 3 0 0 0 1 1 2 0 0 8 0 0 0 0 0 0 0 0 1 0 0 0 0 0 0 0 0 0 0 0 0 0
P3023 2091 4 0 0 0 0 0 0 0 0 0 0 0 0 0 0 0 0 0 0 0 109 50 0 28 24 69 114 24 0 7 0 -999
P3023 2091 5 0 0 44 34 23 26 24 16 0 0 45 14 22 25 13 13 31 15 7 0 0 0 0 0 0 0 0 0 0 0 0
P3023 2091 6 0 0 0 0 0 0 0 0 0 0 0 0 0 0 0 10 0 0 0 0 0 0 0 0 0 0 0 0 0 0 -999
P3023 2091 7 0 0 0 0 0 0 0 0 0 0 0 0 0 0 0 0 0 0 0 0 0 0 0 0 0 0 0 0 0 0 0
P3023 2091 8 0 0 0 0 0 0 0 0 0 0 0 0 0 0 0 0 0 0 0 0 0 0 0 0 0 0 0 0 0 0 0
P3023 2091 9 0 0 0 0 0 39 0 0 0 0 0 0 0 0 0 0 68 72 43 19 19 0 0 0 0 14 0 0 0 0 -999
P3023 2091 10 0 0 0 0 0 0 0 0 13 11 0 0 0 0 0 0 0 0 0 0 0 0 7 39 26 28 0 0 40 39 9
P3023 2091 11 45 195 66 17 39 19 96 83 69 26 33 80 53 16 0 0 5 25 25 38 45 0 0 0 0 0 0 0 0 0 -999
P3023 2091 12 0 0 0 0 0 0 0 0 0 0 0 0 10 55 27 21 0 0 2 2 2 0 0 0 0 0 0 0 0 0 0
P3023 2092 1 0 0 0 0 1 2 0 2 0 0 6 36 270 44 0 0 0 0 0 0 0 0 1 5 2 25 5 0 0 0 0
P3023 2092 2 0 0 0 2 8 40 4 2 0 0 0 0 0 0 0 0 0 0 6 2 14 14 3 0 0 0 0 0 -999 -999 -999
P3023 2092 3 0 0 0 0 0 0 0 0 0 0 0 0 0 0 0 8 8 9 23 10 2 0 0 0 0 0 0 0 0 0 0
P3023 2092 4 0 0 0 0 0 0 5 29 53 19 0 0 0 0 0 3 21 0 0 16 64 0 0 0 0 5 19 0 0 0 -999
P3023 2092 5 0 0 0 1 2 0 0 0 0 28 21 0 0 0 0 0 0 0 0 0 0 0 0 0 0 0 0 0 0 0 0
P3023 2092 6 0 34 47 0 0 0 0 0 0 0 0 0 0 0 0 0 0 0 0 0 0 0 0 0 0 0 0 0 0 0 -999
P3023 2092 7 0 0 0 0 0 0 0 0 0 0 0 0 0 0 0 0 0 0 0 0 0 0 0 0 0 0 0 0 0 0 0
P3023 2092 8 0 0 0 0 0 0 0 0 0 0 0 0 0 0 0 0 0 0 0 0 0 0 0 0 0 0 0 0 0 19 0
P3023 2092 9 0 0 0 0 0 0 0 0 0 0 0 0 0 0 0 0 0 0 0 0 0 0 0 0 0 267 0 0 0 18 -999
P3023 2092 10 44 110 0 0 0 0 0 0 0 0 10 0 0 0 0 0 0 0 0 0 0 0 0 0 0 0 0 0 0 0 0
P3023 2092 11 2 0 0 0 0 0 45 38 9 0 3 0 17 21 0 0 0 0 0 0 0 0 0 0 0 0 0 0 0 0 -999
P3023 2092 12 0 0 0 2 15 23 30 18 13 2 0 0 0 0 0 0 0 0 0 0 0 0 0 0 0 0 49 38 12 0 0
P3023 2093 1 0 0 0 0 1 6 17 16 48 46 35 90 125 3 0 13 0 0 0 0 0 0 0 1 1 0 0 0 5 0 0
P3023 2093 2 0 0 0 0 0 3 3 63 165 249 44 5 22 24 22 28 18 19 53 52 162 84 8 17 45 51 173 110 -999 -999 -999
P3023 2093 3 31 13 24 15 26 0 0 16 14 19 53 6 9 7 123 70 19 13 45 72 58 84 29 18 28 0 0 0 3 8 7
P3023 2093 4 0 0 0 0 0 0 0 0 0 15 0 0 9 0 0 0 0 0 0 0 0 0 52 15 0 0 0 0 0 3 -999
P3023 2093 5 0 0 13 16 15 14 13 15 15 10 3 0 0 0 0 0 0 0 0 0 0 0 0 0 0 0 0 0 0 0 0
P3023 2093 6 0 0 0 38 12 0 11 0 0 0 63 0 23 22 16 0 0 0 0 0 0 0 0 0 0 0 0 0 0 0 -999
P3023 2093 7 0 0 0 0 0 0 0 0 0 0 0 0 0 0 0 0 0 0 0 0 0 0 0 0 0 0 0 0 0 0 0
P3023 2093 8 0 0 0 0 0 0 0 0 0 0 0 0 0 0 0 0 0 0 0 0 0 0 0 0 0 0 0 11 0 0 0
P3023 2093 9 0 0 0 0 0 0 0 0 0 0 0 0 0 0 0 0 0 0 0 0 0 0 0 0 0 0 0 0 0 0 -999
P3023 2093 10 0 0 0 0 0 0 0 0 0 0 0 0 0 0 0 0 0 0 0 0 0 0 0 0 0 0 0 0 0 0 0
P3023 2093 11 4 8 0 98 16 13 0 0 4 6 0 0 10 0 0 0 0 19 19 20 0 0 0 11 5 79 20 0 0 0 -999
P3023 2093 12 0 0 1 14 0 0 8 0 0 0 0 98 4 0 0 0 0 0 0 0 0 0 0 0 0 0 0 1 9 56 3
P3023 2094 1 0 0 0 2 64 92 7 3 0 0 0 0 0 0 0 0 0 0 0 0 0 0 0 0 0 0 0 0 0 0 0
P3023 2094 2 0 0 0 0 2 0 0 0 0 0 0 0 0 0 1 0 0 0 0 0 0 0 0 89 11 0 45 52 -999 -999 -999
P3023 2094 3 15 22 9 2 13 59 29 106 50 18 20 0 8 3 0 0 3 0 0 0 0 0 2 0 0 0 0 0 0 14 0
P3023 2094 4 0 0 24 32 22 20 7 10 0 17 0 38 39 4 69 163 0 0 0 0 0 0 0 14 24 39 8 0 0 0 -999
P3023 2094 5 0 0 0 0 9 2 3 0 0 0 0 0 0 0 0 0 0 0 0 0 0 0 0 0 0 0 0 0 0 0 0
P3023 2094 6 0 0 0 0 0 0 5 9 3 6 0 0 0 0 0 0 0 0 0 0 0 0 0 0 0 0 0 0 0 0 -999
P3023 2094 7 0 0 0 0 0 0 0 0 0 0 0 0 0 0 0 0 0 0 0 0 0 0 0 0 0 0 0 0 0 0 0
P3023 2094 8 0 0 0 0 0 0 0 0 0 0 0 0 0 0 0 0 0 0 0 0 0 0 0 0 0 0 0 0 0 0 0
P3023 2094 9 0 0 0 0 0 0 0 0 0 0 0 0 0 0 0 0 0 0 0 0 58 76 0 0 0 0 0 0 0 0 -999
P3023 2094 10 13 7 33 49 42 0 0 0 0 0 0 0 0 0 0 0 0 0 0 0 7 7 0 0 37 58 14 36 5 4 0
P3023 2094 11 0 0 0 0 0 0 8 5 0 0 0 0 6 4 0 0 0 0 0 0 0 0 0 0 0 0 10 12 0 0 -999
P3023 2094 12 0 0 0 0 9 39 216 45 170 43 70 15 0 15 18 0 0 0 0 0 0 0 0 0 0 3 53 31 89 15 2
P3023 2095 1 29 10 30 39 28 199 20 12 13 18 13 13 0 0 15 12 107 36 291 426 250 134 30 33 231 91 36 41 12 0 80
P3023 2095 2 10 0 0 8 15 0 7 8 14 18 82 395 40 22 7 2 0 0 0 0 0 0 0 1 5 0 20 0 -999 -999 -999
P3023 2095 3 0 0 0 0 0 0 0 0 0 0 0 22 40 16 25 17 14 17 33 44 10 39 6 214 263 197 61 0 0 0 0
P3023 2095 4 28 13 5 0 0 17 73 70 13 16 5 0 0 0 0 0 9 0 0 0 0 0 0 0 0 0 0 0 0 0 -999
P3023 2095 5 0 10 24 0 0 4 0 0 0 0 21 44 14 0 0 0 0 0 0 0 0 0 0 0 0 0 0 0 0 0 0
P3023 2095 6 0 0 0 0 0 0 0 0 0 0 0 0 0 0 0 0 0 0 0 0 0 0 0 0 0 0 0 0 0 0 -999
P3023 2095 7 0 0 0 0 0 0 0 0 0 0 0 0 0 0 0 0 0 0 0 0 0 0 0 0 0 0 0 0 0 0 0
P3023 2095 8 0 0 0 0 0 0 0 0 0 0 0 0 0 0 0 0 0 0 0 0 0 0 0 0 0 0 0 0 0 0 0
P3023 2095 9 0 0 0 0 0 0 0 0 0 0 70 0 0 0 0 0 0 0 0 0 0 0 114 56 0 0 0 0 0 0 -999
P3023 2095 10 0 0 0 0 0 0 0 0 0 0 36 13 4 0 0 0 14 0 0 0 0 0 0 0 0 0 0 0 61 13 13
P3023 2095 11 4 7 22 16 6 0 0 21 217 84 239 204 102 0 0 0 0 0 0 0 0 0 0 0 0 0 16 0 0 16 -999
P3023 2095 12 5 0 0 0 0 1 14 0 0 0 0 0 0 0 0 0 0 0 0 0 0 0 0 0 0 7 35 4 0 0 0
P3023 2096 1 0 0 0 10 5 39 19 39 11 15 29 0 0 0 0 0 0 0 0 0 0 0 0 0 0 0 0 3 11 15 4
P3023 2096 2 4 6 21 12 0 0 0 0 0 4 4 0 0 0 3 35 14 10 7 11 13 21 20 37 19 24 26 20 -999 -999 -999
P3023 2096 3 0 9 31 50 61 32 17 7 12 49 0 7 13 10 3 0 0 0 0 0 0 0 0 0 0 20 5 4 17 11 11
P3023 2096 4 12 0 5 41 10 7 32 40 18 69 17 19 17 16 42 33 9 9 40 24 20 4 6 0 0 0 0 0 16 21 -999
P3023 2096 5 0 0 30 7 6 11 48 65 20 0 0 0 59 59 19 0 12 0 0 23 48 11 0 0 0 0 0 12 53 46 12
P3023 2096 6 48 18 0 0 0 0 0 0 0 0 0 0 0 0 0 0 0 0 0 0 0 0 0 0 0 0 0 0 0 0 -999
P3023 2096 7 0 0 0 0 0 0 0 0 0 0 0 0 0 0 0 0 0 0 0 0 0 0 0 0 0 0 0 0 0 0 0
P3023 2096 8 0 0 0 0 0 0 0 0 0 0 0 0 0 0 0 0 0 0 0 0 0 0 0 0 0 0 0 0 0 0 0
P3023 2096 9 0 0 0 0 0 0 3 34 0 0 0 0 0 0 0 0 0 0 0 0 0 0 0 0 0 32 22 0 0 0 -999
P3023 2096 10 0 0 0 0 0 0 0 0 0 11 14 19 5 0 0 0 7 8 13 11 18 11 0 0 0 0 0 0 14 208 40
P3023 2096 11 123 58 85 41 28 41 21 24 12 54 113 39 12 64 15 49 148 74 33 131 0 0 0 0 0 0 0 0 6 0 -999
P3023 2096 12 0 0 0 0 0 0 0 0 0 0 0 0 0 0 2 0 0 0 0 0 0 0 0 0 8 45 4 5 8 8 11
P3023 2097 1 27 30 18 19 0 0 10 53 60 113 24 16 0 1 2 8 28 0 32 13 0 0 0 0 0 0 0 0 2 1 0
P3023 2097 2 2 15 0 0 0 0 0 0 0 12 0 7 4 3 2 1 2 12 14 49 25 23 28 0 0 39 63 52 -999 -999 -999
P3023 2097 3 24 0 2 22 19 8 0 0 0 0 0 0 0 6 15 11 40 43 89 62 54 41 96 64 54 44 9 0 0 0 0
P3023 2097 4 7 0 0 0 14 47 30 3 0 6 1 0 0 0 0 0 0 6 14 16 91 23 40 8 82 35 17 13 0 0 -999
P3023 2097 5 0 0 0 0 0 65 24 0 0 0 0 0 0 0 0 0 0 0 0 81 12 0 0 0 0 0 0 0 0 0 12
P3023 2097 6 0 0 0 0 0 0 0 0 0 0 60 84 104 0 9 0 0 0 0 0 0 0 6 0 0 0 0 0 0 0 -999
P3023 2097 7 0 0 0 0 0 0 0 0 0 0 0 0 0 0 0 0 0 0 0 0 0 0 0 0 0 0 0 0 0 0 0
P3023 2097 8 0 0 0 0 0 0 0 0 0 0 0 0 0 0 0 0 0 0 0 0 0 0 0 0 0 0 0 0 0 0 0
P3023 2097 9 0 0 0 0 0 0 0 0 0 0 0 0 0 0 0 0 0 0 0 12 0 0 24 61 69 0 0 0 0 0 -999
P3023 2097 10 28 47 49 0 0 0 0 0 0 0 0 0 0 0 0 0 5 62 14 21 0 0 6 27 0 0 0 0 0 81 15
P3023 2097 11 22 3 0 2 12 0 0 0 0 0 7 7 10 15 49 14 10 0 0 0 6 8 7 0 0 0 0 0 0 0 -999
P3023 2097 12 0 0 86 48 88 36 0 0 0 0 0 0 0 17 19 65 13 30 8 4 26 12 3 1 0 0 0 0 0 0 0
P3023 2098 1 0 6 1 1 3 29 5 14 6 14 57 46 11 3 2 0 0 0 8 2 29 1 6 0 0 0 0 1 0 0 0
P3023 2098 2 0 10 52 31 18 16 24 17 3 8 8 2 2 4 5 17 16 7 0 8 13 7 3 21 39 54 18 6 -999 -999 -999
P3023 2098 3 0 0 0 0 0 0 0 15 4 0 0 0 0 0 0 0 0 0 6 5 4 4 0 0 0 0 0 0 0 0 0
P3023 2098 4 0 0 0 0 0 0 0 0 16 69 0 18 0 1 0 0 0 0 0 0 3 1 0 0 0 0 18 4 0 0 -999
P3023 2098 5 0 0 0 0 0 0 0 0 0 0 30 13 0 20 37 92 37 0 0 0 0 0 0 0 0 0 0 0 0 0 0
P3023 2098 6 0 0 0 0 0 0 0 0 0 0 0 0 0 0 14 16 6 0 0 0 0 0 0 3 0 0 0 0 0 0 -999
P3023 2098 7 0 0 0 0 0 0 0 0 0 0 0 0 0 0 0 0 0 0 0 0 0 0 0 0 0 0 0 0 0 0 0
P3023 2098 8 0 0 0 0 0 0 0 0 0 0 0 0 0 0 0 0 0 0 0 0 0 0 0 0 0 0 0 0 0 0 0
P3023 2098 9 0 0 0 0 0 0 0 0 0 0 0 0 0 0 0 0 4 0 0 0 0 0 0 0 0 0 0 0 0 0 -999
P3023 2098 10 0 0 0 0 5 3 11 0 0 0 0 0 0 0 0 0 0 19 0 54 18 12 46 0 0 13 0 90 14 36 10
P3023 2098 11 7 18 29 21 0 66 16 5 0 64 37 15 0 0 0 10 38 13 0 0 0 3 2 0 0 0 0 0 14 111 -999
P3023 2098 12 75 110 21 114 85 39 38 48 0 10 0 0 0 0 0 2 0 2 5 3 52 130 228 17 12 4 6 1 0 0 0
P3023 2099 1 0 0 0 0 0 0 0 0 0 0 0 0 0 0 0 0 4 0 0 0 0 0 0 0 0 0 0 0 0 0 0
P3023 2099 2 1 3 164 16 1 0 0 0 0 0 0 0 0 0 0 0 0 0 4 4 0 0 0 0 0 0 3 0 -999 -999 -999
P3023 2099 3 0 0 0 0 6 8 15 20 58 118 12 11 11 0 0 0 0 0 0 0 0 0 9 0 0 0 0 0 0 0 0
P3023 2099 4 0 0 14 0 0 0 0 0 0 0 0 0 31 8 3 0 0 0 0 0 8 0 0 0 18 37 26 0 0 30 -999
P3023 2099 5 0 0 0 0 17 0 0 0 4 0 0 0 0 16 45 154 0 143 218 0 0 0 0 0 0 0 0 0 0 0 0
P3023 2099 6 0 0 0 0 0 0 0 0 0 0 0 0 0 0 0 0 0 0 0 0 0 0 0 0 0 0 0 0 0 0 -999
P3023 2099 7 0 0 0 0 0 0 0 0 0 0 0 0 0 0 0 0 0 0 0 0 0 0 0 0 0 0 0 0 0 0 0
P3023 2099 8 0 0 0 0 0 0 0 0 0 0 0 0 0 0 0 0 0 0 0 0 0 0 0 0 0 0 0 0 0 0 0
P3023 2099 9 0 0 0 0 0 0 0 0 0 0 0 0 0 0 0 0 0 0 0 0 0 0 0 0 0 0 0 0 0 0 -999
P3023 2099 10 0 0 0 0 0 0 0 8 0 0 11 9 0 11 7 7 8 4 0 0 0 0 0 0 0 0 0 0 0 25 31
P3023 2099 11 43 16 16 13 7 6 82 0 0 2 8 9 19 37 3 9 6 8 11 12 8 13 0 0 0 0 0 0 0 0 -999
P3023 2099 12 1 0 0 0 0 3 0 18 19 6 0 0 2 2 0 0 0 0 0 0 0 30 2 0 0 0 0 3 4 12 99
P3023 2100 1 6 0 0 0 0 0 0 0 0 0 1 15 42 8 11 52 2 0 0 0 4 5 18 1 0 1 0 0 0 0 0
P3023 2100 2 0 7 8 4 0 0 0 0 0 0 0 0 0 0 0 0 0 0 0 0 0 0 0 0 0 0 0 12 -999 -999 -999
P3023 2100 3 0 0 0 20 8 16 10 31 12 9 6 8 7 12 7 0 0 9 0 13 18 0 0 4 4 0 0 23 15 3 40
P3023 2100 4 2 0 0 0 0 0 0 0 0 0 0 0 0 0 0 0 0 0 0 0 9 83 97 13 0 0 0 0 0 0 -999
P3023 2100 5 0 85 14 12 0 15 0 0 14 10 6 58 0 0 0 0 0 0 0 0 0 0 26 0 0 0 0 0 0 13 0
P3023 2100 6 0 0 0 0 0 0 0 0 0 0 0 0 0 0 0 0 0 0 0 0 0 0 0 0 0 0 0 41 0 0 -999
P3023 2100 7 0 0 0 0 0 0 0 0 0 0 0 0 0 0 0 0 0 0 0 0 0 0 0 0 0 0 0 0 0 0 0
P3023 2100 8 0 0 0 0 0 0 0 0 0 0 0 0 0 0 0 0 0 0 0 0 0 0 0 0 0 0 0 0 0 0 0
P3023 2100 9 0 0 0 0 0 0 0 0 0 0 0 0 0 0 0 0 0 0 0 0 0 0 0 0 0 0 0 0 0 0 -999
P3023 2100 10 0 0 0 0 0 12 18 43 9 0 0 8 11 10 6 8 7 8 70 19 5 7 0 122 77 0 16 10 19 21 19
P3023 2100 11 0 0 0 0 0 0 0 0 8 11 23 11 21 19 29 0 0 0 0 0 0 0 0 0 0 0 0 0 0 0 -999
P3023 2100 12 0 0 0 0 0 0 5 8 5 7 0 0 0 0 1 60 0 8 7 0 10 13 5 0 7 93 114 7 3 9 -999
