precip bcc-csm1-1 rcp60 RNEURONALES decimas 2
P7743 39.704 -2.75 831 geo 2006 2100 -1
P7743 2006 1 0 0 0 0 4 3 2 5 12 48 38 74 38 14 6 6 2 0 3 0 3 5 7 4 7 3 2 7 2 2 0
P7743 2006 2 2 0 3 9 54 89 81 46 57 76 60 79 83 61 9 39 34 4 4 5 38 14 44 25 26 7 0 17 -999 -999 -999
P7743 2006 3 0 0 15 0 0 12 12 0 18 36 20 6 7 19 11 3 37 2 0 0 0 0 0 0 0 0 0 0 7 9 7
P7743 2006 4 0 48 8 0 50 29 10 31 62 81 70 46 21 6 7 0 0 15 19 0 0 0 28 9 0 36 10 0 0 0 -999
P7743 2006 5 0 4 2 7 30 19 6 7 16 49 11 8 8 13 15 0 15 15 10 5 4 4 5 6 0 17 29 51 57 34 9
P7743 2006 6 16 13 38 41 58 54 30 4 0 0 0 0 0 0 0 0 0 0 0 0 0 0 0 0 0 0 0 0 0 0 -999
P7743 2006 7 0 0 0 0 0 0 0 0 0 0 0 0 0 0 0 0 0 0 0 0 0 0 0 0 0 0 0 0 0 0 0
P7743 2006 8 0 0 0 0 0 0 0 0 0 0 0 0 0 0 0 0 0 0 0 0 0 0 0 0 0 0 0 0 0 0 0
P7743 2006 9 0 0 0 0 0 0 0 0 0 4 10 0 0 24 29 28 12 6 6 0 0 0 0 0 0 0 0 0 0 0 -999
P7743 2006 10 29 10 16 17 0 0 0 0 0 0 0 0 0 0 0 0 0 0 0 0 0 0 0 0 0 0 0 0 0 0 0
P7743 2006 11 9 0 0 0 29 18 24 11 0 0 0 0 0 0 0 0 0 0 8 0 0 0 0 0 0 0 4 0 0 0 -999
P7743 2006 12 0 0 13 0 0 6 0 0 0 0 0 0 0 0 0 0 0 0 0 0 4 45 74 26 89 64 87 91 8 5 3
P7743 2007 1 0 0 0 0 0 0 0 0 0 4 4 28 3 0 0 0 3 5 3 9 8 2 6 14 19 24 61 34 62 28 9
P7743 2007 2 3 0 11 15 40 79 93 84 4 4 3 45 46 54 15 0 0 0 41 7 3 0 6 4 9 15 0 0 -999 -999 -999
P7743 2007 3 61 16 0 0 0 0 0 0 0 0 0 12 34 41 12 0 18 8 2 2 0 23 62 13 5 6 9 31 23 12 11
P7743 2007 4 0 10 13 12 17 13 19 5 0 0 0 0 0 6 0 36 2 8 38 4 5 46 68 73 39 40 6 3 10 4 -999
P7743 2007 5 5 4 6 50 15 6 6 18 4 3 8 21 29 10 18 7 6 6 3 4 3 0 0 0 0 0 0 0 0 0 10
P7743 2007 6 0 0 0 0 0 0 9 14 4 0 0 0 0 0 0 0 0 0 0 0 0 0 0 0 0 0 0 0 0 0 -999
P7743 2007 7 0 0 0 0 0 0 0 0 0 0 0 0 0 0 0 0 0 0 0 0 0 0 0 0 0 0 0 0 0 0 0
P7743 2007 8 0 0 0 0 0 0 0 0 0 0 0 0 0 0 0 0 0 0 0 0 0 0 0 15 12 0 15 4 4 0 0
P7743 2007 9 0 0 0 0 0 0 0 0 0 0 0 0 0 0 0 0 0 0 0 0 0 0 0 0 0 0 0 0 0 0 -999
P7743 2007 10 0 32 14 0 0 0 15 10 5 37 18 16 34 42 34 6 23 46 18 3 4 0 0 7 13 58 85 68 7 40 24
P7743 2007 11 0 0 0 0 0 0 0 0 5 21 7 3 0 0 6 0 0 4 5 61 22 47 85 76 82 16 9 16 51 9 -999
P7743 2007 12 6 3 0 0 0 0 0 6 85 85 29 7 5 7 11 64 88 63 35 67 56 6 29 3 4 4 7 10 13 9 0
P7743 2008 1 48 71 90 52 31 70 68 7 2 5 6 28 10 3 2 41 51 56 17 0 0 0 0 0 0 0 0 0 0 0 0
P7743 2008 2 0 0 0 0 0 0 0 0 3 0 0 0 0 0 2 0 0 0 0 31 7 16 10 12 3 0 0 0 -999 -999 -999
P7743 2008 3 0 9 6 0 0 0 0 3 0 0 0 2 11 23 21 8 12 11 3 11 8 3 19 12 12 47 6 2 4 31 8
P7743 2008 4 10 6 18 9 19 75 85 62 46 34 31 50 41 6 3 0 0 11 21 0 0 0 6 2 3 11 5 0 34 24 -999
P7743 2008 5 0 0 10 8 49 33 22 3 11 20 27 7 7 0 0 0 18 8 14 20 0 0 0 0 0 0 0 0 0 0 0
P7743 2008 6 11 0 0 0 6 0 0 0 0 0 0 0 0 0 0 0 0 0 0 0 0 0 0 9 0 0 9 20 0 0 -999
P7743 2008 7 0 12 0 0 37 8 31 6 0 7 0 0 0 0 0 0 0 0 0 0 0 0 0 0 0 0 0 0 0 0 0
P7743 2008 8 0 0 0 0 0 0 0 0 0 0 0 0 0 0 0 0 0 0 0 0 0 0 0 0 0 0 0 0 0 0 0
P7743 2008 9 0 0 0 0 0 0 0 0 0 0 0 0 0 0 0 0 0 0 0 0 0 0 0 0 0 0 0 0 0 0 -999
P7743 2008 10 12 11 17 7 7 8 7 0 0 34 32 9 22 39 54 47 16 4 5 21 19 37 43 17 4 9 0 6 6 3 6
P7743 2008 11 0 4 0 6 3 15 14 27 19 3 2 0 2 9 67 86 83 51 87 7 2 56 11 14 4 3 4 3 0 10 -999
P7743 2008 12 52 56 5 16 0 4 16 36 10 2 2 5 19 46 17 14 0 0 0 5 13 5 8 9 0 0 0 2 0 0 6
P7743 2009 1 3 0 0 0 6 8 2 2 3 6 73 7 24 10 4 4 3 23 16 9 23 27 32 28 13 8 0 3 14 44 4
P7743 2009 2 4 7 0 0 10 32 11 10 20 13 20 57 16 0 0 0 54 44 19 54 85 45 56 57 74 67 91 69 -999 -999 -999
P7743 2009 3 72 52 91 91 32 80 39 3 3 4 5 0 0 0 0 0 0 9 23 9 5 0 0 0 7 33 14 6 4 3 0
P7743 2009 4 0 0 0 0 0 0 19 0 0 0 8 7 19 26 3 3 0 0 0 20 4 0 0 8 0 0 13 0 0 0 -999
P7743 2009 5 0 0 0 0 0 0 0 0 0 0 0 0 0 0 0 0 0 0 0 0 0 0 0 0 0 0 0 0 0 0 0
P7743 2009 6 0 0 0 16 8 0 0 10 10 15 32 25 10 7 7 4 6 17 4 25 9 5 0 0 0 0 0 0 0 0 -999
P7743 2009 7 0 0 0 0 0 0 0 0 0 0 0 0 0 0 0 0 0 0 0 0 0 0 0 0 0 0 0 0 0 0 0
P7743 2009 8 0 0 0 0 0 0 0 0 0 0 0 0 0 0 0 0 0 0 0 0 0 0 0 0 0 0 0 0 0 0 0
P7743 2009 9 0 0 0 0 0 0 0 0 0 0 0 0 0 0 0 0 0 0 0 0 0 0 0 0 0 0 0 0 0 0 -999
P7743 2009 10 0 0 75 49 27 16 12 6 0 0 0 0 0 0 0 0 0 0 0 0 5 3 3 0 11 0 0 0 0 0 0
P7743 2009 11 0 0 0 0 0 0 0 9 15 19 35 24 6 0 4 0 0 0 0 0 0 5 5 0 0 0 0 0 0 0 -999
P7743 2009 12 0 3 5 4 9 6 14 7 0 39 35 9 7 0 34 57 27 11 7 0 0 0 0 6 17 60 41 55 41 16 50
P7743 2010 1 4 0 5 0 3 0 11 11 0 0 11 4 5 0 18 7 18 35 23 6 6 2 0 0 0 4 0 0 0 0 0
P7743 2010 2 0 0 0 2 0 0 0 0 0 7 5 5 6 3 0 4 6 0 0 0 9 8 0 0 0 0 0 3 -999 -999 -999
P7743 2010 3 3 0 0 0 2 6 27 32 56 18 7 0 0 0 0 0 0 4 9 27 71 9 30 6 4 3 2 2 2 0 7
P7743 2010 4 15 50 47 4 7 19 69 29 4 3 4 35 18 0 0 0 0 0 0 0 0 0 0 9 2 0 0 0 0 0 -999
P7743 2010 5 0 0 0 0 0 0 0 0 0 0 0 0 0 0 0 0 0 0 0 8 3 0 0 0 0 0 0 0 0 0 0
P7743 2010 6 0 0 0 0 0 0 0 0 0 0 0 0 0 33 37 8 4 0 0 0 0 0 0 0 0 0 0 0 0 0 -999
P7743 2010 7 0 0 0 0 0 0 0 0 0 0 0 0 0 0 0 0 0 0 0 0 0 0 0 0 0 0 0 0 0 0 0
P7743 2010 8 0 0 0 0 0 0 0 0 0 0 0 0 0 0 0 0 0 0 0 0 0 0 0 0 0 0 0 0 0 0 0
P7743 2010 9 0 0 0 0 0 0 0 0 0 0 0 0 0 0 0 0 0 0 0 0 0 0 0 0 0 0 0 0 0 0 -999
P7743 2010 10 0 0 0 0 0 0 0 0 0 0 0 0 0 0 0 0 0 0 0 0 0 0 22 0 0 0 38 0 0 0 0
P7743 2010 11 0 0 0 0 0 0 0 0 6 0 22 76 83 25 63 17 36 3 8 12 8 7 6 4 0 0 0 0 0 0 -999
P7743 2010 12 0 0 0 0 0 0 0 8 6 0 0 8 8 0 0 6 6 18 9 11 5 0 0 7 4 2 0 3 0 0 3
P7743 2011 1 0 0 0 0 2 2 0 0 0 0 0 8 3 0 0 0 31 45 48 39 27 7 0 0 0 4 3 5 3 9 7
P7743 2011 2 2 3 3 0 0 0 0 2 2 2 2 2 0 0 0 0 7 14 28 26 16 7 0 17 24 10 7 24 -999 -999 -999
P7743 2011 3 8 3 4 8 8 32 85 31 19 6 0 0 0 0 31 47 0 12 6 6 2 3 5 15 6 2 12 25 26 5 11
P7743 2011 4 36 4 12 16 0 0 0 0 0 48 31 10 8 0 0 0 0 0 0 0 0 0 0 4 6 15 4 0 0 0 -999
P7743 2011 5 0 0 0 0 0 0 0 0 0 0 0 0 0 7 0 0 0 0 0 0 0 0 0 0 0 0 13 0 0 0 0
P7743 2011 6 0 0 0 0 0 0 0 0 0 0 0 0 0 0 0 0 0 0 0 0 0 0 0 0 27 32 8 0 0 0 -999
P7743 2011 7 0 0 0 0 0 0 9 0 0 0 0 0 0 0 0 0 0 0 0 0 0 0 0 0 0 0 0 0 0 0 0
P7743 2011 8 0 0 0 0 0 0 0 0 0 0 0 0 0 0 0 0 0 0 0 0 0 0 0 0 0 0 0 0 0 0 0
P7743 2011 9 0 0 0 0 0 0 0 0 0 0 0 0 0 0 0 0 0 19 0 0 0 0 0 0 0 0 0 0 0 0 -999
P7743 2011 10 0 0 0 0 0 11 13 5 3 0 0 0 5 0 0 0 0 0 28 22 4 40 29 10 6 0 0 0 15 53 44
P7743 2011 11 23 50 82 24 3 16 14 36 0 0 22 49 11 12 26 0 0 0 0 0 21 29 61 25 15 16 46 41 54 7 -999
P7743 2011 12 39 27 4 0 0 0 0 0 0 0 4 0 4 4 57 31 21 26 0 0 0 0 0 2 8 43 73 50 16 13 15
P7743 2012 1 15 16 68 38 70 11 0 0 0 3 3 13 8 13 8 7 10 61 36 12 5 14 3 8 0 4 6 3 0 0 2
P7743 2012 2 0 0 0 9 0 0 0 0 0 4 19 44 20 7 0 12 87 6 32 0 6 3 5 14 16 0 14 0 -999 -999 -999
P7743 2012 3 5 0 0 0 0 0 0 0 0 0 0 0 8 9 5 3 2 0 9 13 4 0 3 3 3 3 12 2 0 0 0
P7743 2012 4 0 0 0 0 0 0 0 0 0 0 0 0 0 0 0 0 0 0 0 0 0 0 0 0 0 0 0 0 0 0 -999
P7743 2012 5 0 0 0 0 0 0 0 0 0 64 52 0 69 25 19 0 0 0 0 0 0 15 0 9 10 16 19 17 39 21 4
P7743 2012 6 0 0 0 0 16 5 3 0 0 0 0 0 0 0 0 0 0 0 0 0 0 0 0 0 0 0 0 0 0 0 -999
P7743 2012 7 0 0 0 0 0 0 0 0 0 0 0 0 0 0 0 0 0 0 0 0 0 0 0 0 0 0 0 0 0 0 0
P7743 2012 8 0 0 0 0 0 0 0 0 0 0 0 0 0 0 0 0 0 0 0 0 0 0 0 0 0 0 0 0 0 0 0
P7743 2012 9 0 0 0 0 0 0 0 0 0 0 0 0 0 0 0 0 0 0 0 0 0 0 0 0 0 0 0 0 0 0 -999
P7743 2012 10 0 0 0 0 0 0 0 0 0 47 17 9 24 0 0 0 0 0 0 0 50 66 53 7 4 22 0 5 7 86 70
P7743 2012 11 17 0 0 0 0 45 23 0 0 16 5 0 66 9 0 0 0 0 0 0 0 0 0 0 0 0 3 0 0 5 -999
P7743 2012 12 42 6 0 4 7 4 3 0 0 0 0 0 0 0 0 4 5 16 8 27 2 7 8 10 2 2 0 0 0 0 0
P7743 2013 1 0 0 0 0 0 0 2 0 0 0 0 0 9 3 2 3 0 0 2 3 9 9 18 24 8 3 2 0 0 5 4
P7743 2013 2 2 6 5 16 4 47 84 21 19 3 5 5 3 10 7 6 39 3 13 8 0 28 49 18 35 58 43 12 -999 -999 -999
P7743 2013 3 6 4 3 0 0 0 0 0 0 0 4 10 30 78 47 19 23 41 0 0 0 0 0 0 0 0 0 0 0 0 0
P7743 2013 4 0 29 42 32 25 29 17 7 11 8 0 0 0 0 70 70 50 27 36 55 59 51 14 5 0 2 0 0 0 0 -999
P7743 2013 5 0 4 0 0 0 0 0 0 0 0 6 5 0 0 0 0 0 0 22 21 11 13 10 10 7 5 0 0 0 0 0
P7743 2013 6 0 0 0 0 0 0 0 0 0 0 0 0 0 0 0 0 0 0 0 9 0 0 0 0 0 0 0 0 0 0 -999
P7743 2013 7 0 0 0 0 0 0 0 0 0 0 0 0 0 0 0 0 0 0 0 0 0 0 0 0 0 0 0 0 0 0 0
P7743 2013 8 0 0 0 0 0 0 0 0 0 0 0 0 0 0 0 0 0 0 0 0 0 0 0 0 0 0 0 0 0 0 0
P7743 2013 9 0 0 0 0 0 0 0 0 0 0 0 0 0 0 0 0 0 0 0 0 0 0 0 0 0 0 0 0 0 0 -999
P7743 2013 10 0 0 0 0 0 18 27 5 35 42 73 10 37 64 31 70 19 24 4 0 6 4 51 24 6 0 0 0 0 0 0
P7743 2013 11 0 0 0 0 0 0 0 0 0 0 0 0 15 6 34 10 28 18 0 0 0 0 0 9 15 17 24 25 8 0 -999
P7743 2013 12 50 41 48 42 15 5 2 0 2 4 9 4 0 0 0 31 56 35 4 0 0 0 8 2 0 0 0 2 5 5 24
P7743 2014 1 43 73 24 2 6 0 4 5 30 14 23 16 24 12 0 0 0 6 0 7 10 4 12 17 54 65 25 35 42 92 33
P7743 2014 2 53 28 6 41 44 14 13 24 12 10 0 0 0 0 0 0 0 11 13 11 9 6 0 0 0 0 0 0 -999 -999 -999
P7743 2014 3 0 0 0 0 0 0 0 0 0 0 4 4 0 7 26 6 4 0 0 5 17 28 7 9 19 21 11 7 0 5 15
P7743 2014 4 14 0 8 3 0 0 0 5 21 68 62 3 2 0 0 0 0 0 0 0 0 0 0 0 0 0 0 12 16 28 -999
P7743 2014 5 7 17 0 0 0 9 10 18 3 0 8 16 18 5 9 4 9 45 3 0 0 0 0 0 0 0 0 0 0 21 50
P7743 2014 6 39 10 4 11 11 0 0 0 0 0 0 0 0 0 0 0 0 0 0 0 0 0 0 0 0 0 0 0 0 0 -999
P7743 2014 7 0 0 0 0 0 0 0 0 0 0 0 0 0 0 0 0 0 0 0 0 0 0 0 0 0 0 0 0 0 0 0
P7743 2014 8 0 0 0 0 0 0 0 0 0 0 0 0 0 0 0 0 0 0 0 0 0 0 0 0 0 0 0 0 0 0 0
P7743 2014 9 0 0 0 0 0 0 0 0 0 0 0 0 0 0 0 0 0 0 0 0 0 0 0 0 0 0 0 0 0 0 -999
P7743 2014 10 0 0 0 0 0 0 0 0 0 0 0 0 0 0 0 0 0 0 0 0 5 6 23 12 0 25 12 0 0 0 0
P7743 2014 11 0 27 11 0 0 34 8 8 5 0 0 24 16 0 0 0 0 26 31 68 57 2 0 0 15 64 26 9 8 33 -999
P7743 2014 12 3 0 0 0 0 0 0 0 0 8 7 6 7 5 35 29 75 69 4 75 54 39 51 74 19 19 32 2 0 0 0
P7743 2015 1 0 0 0 0 0 0 0 0 0 0 0 0 0 0 2 2 0 3 4 2 0 5 3 3 42 59 5 5 3 34 3
P7743 2015 2 2 12 0 2 2 0 0 2 22 6 7 44 78 79 65 59 62 90 74 23 33 46 28 3 0 0 0 7 -999 -999 -999
P7743 2015 3 0 0 51 48 41 16 6 0 0 0 4 18 38 13 15 40 45 53 80 40 13 36 16 7 0 0 0 0 0 0 6
P7743 2015 4 5 8 0 0 11 29 4 0 3 26 50 18 21 23 40 40 3 4 33 32 20 41 18 46 44 0 0 0 0 0 -999
P7743 2015 5 0 3 3 6 11 8 0 0 0 0 0 0 0 0 0 0 0 0 0 0 0 0 0 0 0 0 0 0 0 0 0
P7743 2015 6 0 0 0 0 17 22 9 0 0 0 0 0 0 0 0 0 0 0 0 0 0 0 0 0 0 0 0 0 0 0 -999
P7743 2015 7 0 0 0 0 0 0 0 0 0 0 0 0 0 0 0 0 0 0 0 0 0 0 0 0 0 0 0 0 0 0 0
P7743 2015 8 0 0 0 0 0 0 0 0 0 0 0 0 0 0 0 0 0 0 0 0 0 0 0 0 0 0 0 0 0 0 0
P7743 2015 9 0 0 0 0 0 0 0 0 0 0 0 0 0 0 0 0 46 84 41 0 0 0 11 0 21 18 0 0 0 0 -999
P7743 2015 10 0 4 0 0 0 0 0 0 24 64 40 45 8 6 0 18 20 62 68 7 6 8 13 0 0 4 3 0 6 0 0
P7743 2015 11 0 0 0 0 6 0 0 0 20 0 0 4 4 9 2 4 0 0 0 0 0 0 0 0 0 0 0 0 9 0 -999
P7743 2015 12 0 0 0 0 0 0 0 0 0 0 0 11 9 17 10 0 0 0 20 15 11 46 10 7 60 17 56 62 16 47 7
P7743 2016 1 8 4 6 7 10 27 29 14 4 2 87 77 42 40 33 31 3 2 0 46 4 0 0 0 2 2 0 0 0 8 5
P7743 2016 2 5 4 3 0 8 20 2 3 4 2 4 6 8 4 3 0 0 0 0 0 0 0 0 0 0 0 0 0 -999 -999 -999
P7743 2016 3 0 0 0 0 0 0 0 12 6 0 0 0 0 0 0 0 3 19 4 0 0 0 0 0 2 0 0 0 0 17 10
P7743 2016 4 4 0 13 72 76 6 4 6 29 6 5 22 50 7 0 9 56 54 47 10 10 11 52 27 0 0 25 19 4 34 -999
P7743 2016 5 37 11 6 6 6 0 7 0 0 0 0 0 0 0 0 0 0 0 0 0 0 0 0 0 9 0 0 0 0 0 0
P7743 2016 6 0 0 0 0 6 10 0 0 0 0 0 0 0 0 0 0 0 0 0 0 0 0 0 0 0 0 0 6 0 0 -999
P7743 2016 7 0 0 0 0 0 0 0 0 0 0 0 0 0 0 0 0 0 0 0 0 0 0 0 0 0 0 0 0 0 0 0
P7743 2016 8 0 0 0 0 0 0 0 0 0 0 0 0 0 0 0 0 0 0 0 0 0 0 0 0 0 0 0 0 0 0 0
P7743 2016 9 0 0 0 0 0 0 0 0 0 0 0 0 0 0 0 0 0 0 0 0 0 0 0 0 0 0 0 0 0 0 -999
P7743 2016 10 0 0 0 0 0 0 0 0 0 0 0 0 0 0 5 21 18 16 21 32 43 5 8 57 80 69 31 88 30 0 6
P7743 2016 11 0 0 0 54 76 8 56 14 12 8 58 80 91 69 5 61 12 9 0 30 6 8 30 76 91 34 31 16 9 3 -999
P7743 2016 12 0 0 0 0 0 0 0 0 0 0 0 0 3 2 5 0 0 0 2 0 2 0 0 0 0 0 0 0 16 20 9
P7743 2017 1 0 9 58 3 15 3 8 12 6 36 3 6 3 2 4 3 0 0 0 0 23 4 0 0 11 14 32 88 5 0 0
P7743 2017 2 0 5 5 8 0 0 0 10 5 15 19 11 0 40 57 18 11 13 75 87 81 40 7 3 7 7 46 32 -999 -999 -999
P7743 2017 3 9 14 23 39 86 64 6 9 52 43 40 40 25 11 13 14 44 68 59 18 12 92 25 8 18 18 23 24 60 28 40
P7743 2017 4 57 37 22 7 4 6 70 47 6 35 94 62 8 7 30 3 4 5 4 10 30 32 7 6 7 33 6 3 8 3 -999
P7743 2017 5 6 15 3 7 4 9 40 6 5 14 4 6 0 26 11 0 0 0 0 0 0 14 38 23 6 0 0 0 0 0 0
P7743 2017 6 0 0 0 0 0 7 0 17 8 0 0 0 0 0 0 0 0 0 0 0 0 0 0 0 0 0 0 0 0 0 -999
P7743 2017 7 0 0 0 0 0 0 0 0 0 0 0 0 0 0 0 0 0 0 0 0 0 0 13 6 0 0 0 0 0 0 0
P7743 2017 8 0 0 0 0 0 0 0 0 0 0 4 0 0 0 0 0 0 0 0 0 0 0 0 0 0 0 0 0 0 0 0
P7743 2017 9 0 0 0 0 0 0 38 0 0 0 0 0 0 0 0 0 0 0 0 0 0 0 0 0 0 6 3 10 29 51 -999
P7743 2017 10 22 29 16 0 0 25 12 19 14 0 0 0 0 0 0 0 0 0 0 0 10 0 37 25 23 46 11 2 0 0 0
P7743 2017 11 10 9 0 0 21 5 4 10 18 39 42 8 0 0 8 0 13 6 3 0 2 4 4 27 46 8 0 0 0 5 -999
P7743 2017 12 13 3 0 0 0 0 0 2 0 0 5 11 26 17 3 23 22 4 5 15 53 76 7 4 4 7 7 26 91 63 46
P7743 2018 1 2 0 0 0 0 0 0 0 0 0 0 0 0 0 3 0 7 3 0 0 0 0 9 14 32 37 12 12 0 25 28
P7743 2018 2 10 43 77 26 52 75 26 70 6 4 10 48 73 29 2 0 0 0 4 0 0 10 15 12 5 4 10 19 -999 -999 -999
P7743 2018 3 7 0 6 11 12 26 18 6 0 0 36 66 25 7 0 0 0 0 4 33 42 21 12 45 14 53 23 27 10 59 6
P7743 2018 4 24 37 18 23 14 13 0 0 0 0 9 44 74 23 11 56 14 8 4 0 0 0 0 0 19 13 13 31 53 65 -999
P7743 2018 5 31 21 45 54 2 0 0 0 0 0 0 0 0 0 0 19 22 27 25 18 10 0 0 0 0 0 0 0 0 0 0
P7743 2018 6 0 0 0 0 0 0 19 5 0 0 0 0 0 0 0 0 0 0 0 0 0 0 0 0 0 0 0 0 0 0 -999
P7743 2018 7 0 0 0 0 0 0 0 0 0 0 0 0 0 0 0 0 0 0 0 0 0 0 0 0 0 0 0 0 0 0 0
P7743 2018 8 0 0 0 0 0 0 0 0 0 0 0 0 0 0 0 0 0 0 0 0 0 0 0 0 0 0 0 0 0 0 0
P7743 2018 9 0 0 0 0 0 0 0 0 0 0 0 0 0 0 0 0 0 0 0 0 0 43 30 0 0 0 0 0 0 0 -999
P7743 2018 10 0 0 0 0 0 0 0 0 0 0 0 0 0 0 15 0 0 0 0 26 37 20 0 30 42 0 10 5 0 6 27
P7743 2018 11 17 0 10 7 10 0 0 0 0 21 11 0 0 0 0 0 8 0 5 0 0 69 29 24 21 52 61 37 9 6 -999
P7743 2018 12 4 5 4 0 0 0 0 0 0 6 3 0 0 3 0 0 0 0 0 0 0 5 7 22 18 69 39 4 3 0 0
P7743 2019 1 0 0 2 10 8 47 39 25 14 6 9 6 25 6 18 8 0 0 0 5 0 0 0 4 3 4 0 0 0 0 8
P7743 2019 2 0 0 13 10 2 3 3 9 4 8 11 12 6 8 38 28 8 0 3 0 0 0 33 86 79 12 20 67 -999 -999 -999
P7743 2019 3 86 78 65 68 21 78 8 20 50 62 29 18 12 0 0 0 0 0 0 0 0 6 5 17 22 27 48 24 15 32 9
P7743 2019 4 6 6 0 0 0 0 0 0 0 0 0 6 3 0 0 0 0 0 0 0 0 0 0 0 5 6 17 52 5 5 -999
P7743 2019 5 6 0 6 0 0 5 0 0 30 17 7 9 35 6 0 5 0 0 0 0 0 0 0 0 0 0 0 0 6 12 13
P7743 2019 6 0 0 0 0 0 0 0 0 0 0 0 0 0 0 0 0 0 0 0 0 0 0 0 0 0 0 0 0 0 0 -999
P7743 2019 7 0 0 22 9 0 0 0 0 0 0 0 0 0 0 0 0 0 0 0 0 0 0 0 0 0 0 0 0 0 0 0
P7743 2019 8 0 0 0 0 0 0 0 0 0 0 0 0 0 0 0 0 0 0 0 0 0 0 0 0 0 0 0 0 0 0 0
P7743 2019 9 0 0 0 0 0 0 0 0 0 0 0 13 12 0 0 0 0 0 5 0 0 0 0 0 0 0 0 0 0 0 -999
P7743 2019 10 0 0 18 26 19 20 24 0 27 33 0 0 0 0 0 0 0 0 0 0 0 0 0 17 5 6 0 6 0 0 0
P7743 2019 11 12 36 0 27 66 48 23 6 0 0 0 0 0 23 30 11 0 0 0 0 0 0 0 0 4 29 4 15 23 16 -999
P7743 2019 12 4 0 0 0 18 0 0 0 0 0 0 0 4 4 39 9 13 32 32 7 14 64 66 63 74 31 13 2 0 2 0
P7743 2020 1 0 16 43 73 35 69 55 5 0 0 19 19 0 0 0 0 0 0 0 0 0 3 7 5 0 0 0 2 3 5 8
P7743 2020 2 17 15 27 43 4 4 14 2 2 0 0 0 0 16 27 52 21 4 6 17 23 23 54 50 6 0 0 10 -999 -999 -999
P7743 2020 3 0 0 0 0 0 0 0 0 0 0 0 0 13 11 17 34 27 19 5 5 4 12 51 80 77 10 30 2 10 6 8
P7743 2020 4 7 0 0 0 0 0 0 28 29 13 18 23 22 7 3 0 0 0 0 0 14 33 29 29 31 8 0 0 23 20 -999
P7743 2020 5 39 55 19 20 8 3 0 0 0 0 0 7 0 0 0 0 0 0 0 0 0 0 10 10 6 13 61 69 21 9 6
P7743 2020 6 2 0 0 0 0 0 29 25 9 0 0 0 0 0 0 0 0 0 0 0 0 0 0 0 0 0 0 0 0 0 -999
P7743 2020 7 0 0 0 0 0 0 0 0 0 0 0 0 0 0 0 0 0 0 0 0 0 0 0 0 0 0 0 0 0 0 0
P7743 2020 8 0 0 0 0 0 0 0 0 0 0 0 0 0 0 0 0 0 0 0 0 0 0 0 0 0 0 0 0 0 0 0
P7743 2020 9 0 0 0 0 0 0 0 0 0 0 0 0 0 0 22 12 0 0 41 26 5 0 0 0 0 0 0 0 0 0 -999
P7743 2020 10 0 0 0 7 0 0 0 0 0 0 9 0 0 0 0 0 0 0 0 0 0 0 33 39 13 54 84 73 22 7 0
P7743 2020 11 22 5 21 68 35 0 36 0 0 0 0 0 8 4 0 6 20 26 59 83 70 18 7 0 0 0 0 0 0 11 -999
P7743 2020 12 0 0 19 20 13 8 4 6 6 19 12 4 14 4 3 3 2 27 9 22 55 89 87 45 5 10 2 3 0 0 3
P7743 2021 1 2 3 2 2 5 2 3 0 0 0 6 9 10 13 3 4 6 3 5 3 12 13 44 64 70 84 95 76 43 64 88
P7743 2021 2 18 71 41 63 76 39 5 44 3 14 26 29 55 22 8 17 16 3 3 0 0 0 0 7 7 15 63 57 -999 -999 -999
P7743 2021 3 12 19 45 16 44 82 54 40 17 5 7 3 77 11 89 38 81 85 92 31 33 3 25 30 5 0 4 5 12 8 11
P7743 2021 4 21 54 16 31 8 0 0 0 19 54 13 2 0 0 0 15 27 24 15 11 0 0 12 39 79 78 38 8 3 8 -999
P7743 2021 5 3 0 0 5 0 10 13 9 9 10 15 5 8 0 0 0 0 0 0 0 0 0 0 0 0 0 0 12 11 30 12
P7743 2021 6 25 28 6 5 9 7 25 42 11 16 32 14 18 13 28 0 0 0 0 0 0 0 0 0 0 0 0 0 0 0 -999
P7743 2021 7 0 0 0 0 0 0 0 0 0 0 0 0 0 0 0 0 0 0 0 0 0 0 0 0 0 0 0 0 0 0 0
P7743 2021 8 0 0 0 0 0 0 0 8 14 8 0 0 0 0 0 0 0 0 0 0 0 0 0 0 0 0 0 0 0 0 0
P7743 2021 9 0 0 0 0 0 0 0 0 0 0 0 0 0 18 14 11 0 0 0 0 0 0 0 0 22 43 15 11 0 26 -999
P7743 2021 10 18 39 67 32 0 0 0 61 25 0 0 0 28 19 50 9 0 0 36 32 46 23 0 0 35 22 4 0 2 5 24
P7743 2021 11 39 10 15 14 35 32 26 55 9 5 0 0 0 0 0 0 0 0 10 24 21 7 6 5 0 0 0 0 0 8 -999
P7743 2021 12 0 0 0 0 0 0 0 4 0 0 0 0 14 21 53 62 80 78 68 27 84 16 40 22 57 16 72 77 30 20 4
P7743 2022 1 2 0 0 0 0 0 0 0 0 0 0 4 7 3 5 3 2 0 0 0 8 2 0 0 0 0 0 0 0 0 0
P7743 2022 2 0 6 4 4 4 0 0 0 7 17 4 2 2 0 17 14 4 3 0 0 22 10 5 21 5 11 16 81 -999 -999 -999
P7743 2022 3 7 10 5 30 45 47 0 4 0 10 0 0 0 0 3 0 0 0 0 6 10 0 0 12 0 0 3 0 0 3 3
P7743 2022 4 7 17 78 47 6 65 26 11 11 0 0 38 58 3 0 0 0 0 0 0 24 55 7 11 3 3 4 0 0 0 -999
P7743 2022 5 0 0 0 0 0 0 0 0 0 0 0 0 0 0 0 0 0 0 0 0 0 0 0 0 0 0 0 0 0 0 0
P7743 2022 6 0 0 0 0 0 0 0 0 0 0 0 0 0 0 0 0 0 0 0 0 0 0 0 0 0 0 0 0 0 0 -999
P7743 2022 7 0 0 0 0 0 0 0 0 0 0 0 0 0 0 0 0 0 0 0 0 0 0 0 0 0 0 0 0 0 0 0
P7743 2022 8 0 0 0 0 0 0 0 0 0 0 0 0 0 0 0 0 0 0 0 0 0 0 0 0 0 0 0 0 0 0 0
P7743 2022 9 0 0 0 0 0 0 0 0 0 0 0 0 0 0 0 0 0 0 0 0 0 29 17 25 7 5 0 0 0 0 -999
P7743 2022 10 0 0 0 0 6 0 0 0 6 0 0 0 16 11 11 0 0 0 0 32 20 0 0 0 0 0 22 26 0 0 0
P7743 2022 11 0 0 0 22 2 0 0 0 0 0 0 9 39 29 42 25 37 24 30 64 79 82 88 92 3 0 0 0 0 0 -999
P7743 2022 12 8 2 4 7 3 59 31 43 8 3 3 4 0 0 0 0 16 13 15 42 39 26 48 81 63 84 72 82 79 2 6
P7743 2023 1 5 15 30 48 83 79 60 43 39 3 30 25 24 49 11 7 0 29 34 8 5 5 11 9 5 10 0 0 0 0 0
P7743 2023 2 0 6 7 7 0 9 5 0 0 0 0 22 6 12 46 45 32 60 6 60 10 0 0 3 0 3 4 3 -999 -999 -999
P7743 2023 3 3 0 8 2 3 3 0 0 0 0 0 0 0 0 45 42 80 52 8 8 59 23 6 3 3 6 0 4 13 34 0
P7743 2023 4 0 0 0 0 0 0 17 19 14 0 6 0 0 0 50 64 32 3 0 0 5 3 3 0 4 3 0 0 0 0 -999
P7743 2023 5 0 86 70 61 17 22 43 32 69 10 2 0 30 10 0 0 0 15 0 0 0 7 4 5 0 0 0 0 0 0 0
P7743 2023 6 0 0 0 0 0 0 0 0 0 0 0 10 12 13 41 7 4 4 0 0 0 0 0 0 0 0 0 0 0 0 -999
P7743 2023 7 0 0 0 0 0 0 0 0 0 0 0 0 0 0 0 0 0 9 8 4 0 0 0 0 0 0 0 0 0 0 0
P7743 2023 8 0 0 0 0 0 0 0 0 0 0 0 0 0 0 0 0 0 0 0 0 0 0 0 0 0 0 0 0 0 0 0
P7743 2023 9 0 0 0 0 0 0 0 0 0 0 0 0 0 0 0 0 10 6 0 0 0 0 0 0 0 0 0 0 0 26 -999
P7743 2023 10 31 6 0 0 0 0 0 0 13 10 0 0 0 40 11 4 7 17 4 27 5 5 0 15 0 0 13 12 9 4 4
P7743 2023 11 6 4 0 0 0 0 0 0 33 39 55 52 17 0 0 0 0 0 0 4 5 0 0 0 0 0 4 4 0 0 -999
P7743 2023 12 0 19 49 55 0 0 0 0 0 0 0 0 0 0 6 3 8 45 22 77 32 48 6 44 3 0 0 0 0 0 3
P7743 2024 1 5 2 0 2 0 0 0 0 0 0 0 0 0 0 0 0 7 15 53 82 46 50 66 36 12 28 41 54 3 15 6
P7743 2024 2 4 6 5 18 7 0 0 33 68 30 37 80 37 8 6 0 0 0 0 0 0 0 3 0 0 0 0 0 -999 -999 -999
P7743 2024 3 0 0 0 0 0 6 7 0 0 0 26 34 9 61 14 3 14 24 47 30 9 4 0 0 0 0 3 3 5 17 13
P7743 2024 4 6 5 3 5 60 46 72 62 11 46 42 0 0 0 0 0 0 0 0 0 18 78 5 0 0 0 0 0 0 10 -999
P7743 2024 5 14 11 20 11 18 11 24 19 6 0 0 9 7 5 3 2 0 11 0 0 0 0 0 0 15 0 16 24 15 7 4
P7743 2024 6 0 0 0 0 0 0 0 0 0 0 0 0 12 0 0 0 0 0 0 0 0 0 0 0 0 0 0 0 0 0 -999
P7743 2024 7 0 0 0 0 0 0 0 0 0 0 0 0 0 0 0 0 0 0 0 0 0 0 0 0 0 0 0 0 0 0 0
P7743 2024 8 0 0 0 0 0 0 0 0 0 0 0 0 0 0 0 0 0 0 0 0 0 0 0 0 0 0 0 0 0 0 0
P7743 2024 9 0 0 0 0 0 0 0 0 0 0 0 0 0 0 0 0 0 50 7 14 65 50 31 21 0 0 28 10 14 14 -999
P7743 2024 10 14 65 82 12 64 62 14 0 0 0 0 0 0 0 0 0 0 10 0 0 0 0 0 0 0 0 0 0 23 50 45
P7743 2024 11 20 50 79 26 28 29 14 3 0 0 20 38 13 11 40 28 3 2 2 0 0 0 0 0 0 0 0 7 29 68 -999
P7743 2024 12 63 43 32 3 5 6 6 5 23 62 83 55 62 14 0 0 0 19 11 0 14 9 23 12 9 9 7 5 0 0 4
P7743 2025 1 3 2 4 56 91 93 29 29 4 9 4 0 3 5 3 7 5 18 6 3 6 0 3 0 0 0 3 27 25 52 9
P7743 2025 2 19 12 11 5 12 19 40 76 47 8 69 71 11 0 0 26 0 0 0 0 0 0 4 3 3 0 0 0 -999 -999 -999
P7743 2025 3 0 20 13 9 0 0 0 55 24 3 4 0 0 0 0 0 0 0 0 0 0 0 0 0 0 0 0 0 0 0 0
P7743 2025 4 0 0 0 0 4 0 0 0 0 0 0 0 0 0 0 0 0 0 0 0 0 0 0 0 11 0 0 5 3 0 -999
P7743 2025 5 0 0 11 12 6 5 0 0 0 0 0 0 6 20 8 5 0 0 0 0 0 27 5 7 7 6 4 11 52 0 0
P7743 2025 6 0 0 0 3 9 0 0 0 0 0 0 0 0 0 0 0 0 0 0 0 0 0 0 0 0 0 0 0 0 0 -999
P7743 2025 7 0 0 0 0 0 0 0 0 0 0 0 0 0 0 0 0 0 0 0 0 0 0 0 0 0 0 0 0 0 0 0
P7743 2025 8 0 0 11 0 0 0 0 0 0 0 0 0 0 0 0 0 0 0 0 0 0 0 0 0 0 0 0 0 0 0 0
P7743 2025 9 0 0 0 0 0 0 0 0 0 0 15 0 0 0 0 0 0 24 0 0 0 0 0 0 0 0 0 21 6 0 -999
P7743 2025 10 0 0 0 0 0 0 0 0 0 0 0 0 0 0 0 0 46 82 61 34 85 70 12 2 0 0 0 4 11 58 61
P7743 2025 11 80 33 5 78 72 16 16 4 58 89 49 0 0 66 77 18 7 0 0 0 0 0 0 0 0 0 0 0 0 0 -999
P7743 2025 12 0 0 0 0 0 0 4 4 6 3 19 11 17 5 9 40 5 50 18 4 11 64 33 63 12 37 8 26 16 21 29
P7743 2026 1 38 8 3 0 0 0 0 0 0 0 0 0 0 0 0 0 6 10 33 24 21 14 6 2 0 0 0 0 0 0 0
P7743 2026 2 0 0 0 0 0 0 0 0 0 0 0 0 5 6 3 39 5 3 2 0 2 2 2 0 5 3 0 17 -999 -999 -999
P7743 2026 3 13 4 8 20 14 33 34 7 3 5 0 0 0 34 0 0 0 0 0 0 0 0 86 70 59 48 16 18 40 38 29
P7743 2026 4 12 30 10 9 13 17 16 2 5 2 7 4 5 0 0 0 0 0 0 0 0 0 0 0 0 0 0 0 20 42 -999
P7743 2026 5 11 6 9 0 0 0 0 0 0 6 0 4 4 3 0 0 0 0 0 0 0 0 0 0 0 0 0 0 0 0 0
P7743 2026 6 0 0 0 0 0 0 0 0 0 0 0 0 0 0 0 0 0 0 0 0 0 0 0 0 0 0 0 0 0 0 -999
P7743 2026 7 0 0 0 0 0 0 0 0 0 0 0 0 0 0 0 0 0 0 0 0 0 0 0 0 0 0 0 0 0 0 0
P7743 2026 8 0 0 0 0 0 0 0 0 0 0 0 0 0 0 0 0 0 0 0 0 0 0 0 0 0 0 0 0 0 0 0
P7743 2026 9 0 0 5 7 0 0 0 0 0 0 0 0 0 0 0 0 0 0 0 0 39 6 0 0 0 0 0 0 0 0 -999
P7743 2026 10 0 0 0 0 26 0 0 0 0 0 0 0 0 0 0 0 0 0 0 25 9 4 0 0 0 0 0 20 33 55 84
P7743 2026 11 48 26 14 38 61 46 6 62 79 51 20 49 4 50 86 39 9 3 0 0 12 0 0 0 0 0 2 0 0 0 -999
P7743 2026 12 0 4 6 0 0 0 0 0 0 0 3 7 0 23 86 81 27 71 58 27 3 33 34 3 5 3 0 7 0 0 0
P7743 2027 1 0 0 0 13 5 42 65 10 3 9 87 37 3 3 21 27 0 5 35 6 14 7 2 2 8 83 71 61 86 13 0
P7743 2027 2 0 0 0 0 0 0 0 0 0 4 26 6 0 0 0 16 21 33 20 13 9 31 57 17 0 8 2 0 -999 -999 -999
P7743 2027 3 5 17 26 9 7 7 3 10 7 0 0 0 0 0 0 0 7 13 32 22 31 32 32 17 4 13 10 2 3 0 0
P7743 2027 4 0 7 0 28 0 0 0 0 0 0 0 0 6 26 18 10 16 11 6 0 0 0 0 0 0 0 0 0 0 0 -999
P7743 2027 5 0 7 15 19 14 33 38 16 0 0 44 5 0 0 0 0 0 0 0 0 29 18 0 0 0 0 0 0 0 0 0
P7743 2027 6 0 0 0 26 17 3 0 0 0 0 0 0 0 0 0 0 0 0 0 0 0 0 0 0 0 0 0 8 0 0 -999
P7743 2027 7 0 0 15 0 0 0 0 0 0 0 0 0 0 0 0 0 0 0 0 0 0 0 0 0 0 0 0 0 0 0 0
P7743 2027 8 0 0 0 0 0 0 0 0 0 0 0 0 0 0 0 0 0 0 0 0 0 0 0 0 0 0 0 0 0 0 0
P7743 2027 9 0 0 0 0 0 0 0 0 0 0 0 0 0 0 0 0 0 0 0 0 0 0 0 0 0 0 5 0 8 14 -999
P7743 2027 10 32 0 0 0 0 0 0 0 0 0 0 0 0 0 0 0 13 10 0 0 0 4 13 23 11 0 0 0 0 0 0
P7743 2027 11 4 0 4 3 6 7 3 0 4 48 43 3 0 0 0 0 0 0 0 0 10 10 13 0 28 57 44 14 5 6 -999
P7743 2027 12 5 6 4 4 5 5 0 0 0 0 0 0 5 4 12 23 20 6 0 5 2 0 0 0 3 2 0 0 0 0 0
P7743 2028 1 3 3 0 0 0 0 0 0 0 0 0 6 0 0 0 5 15 32 11 0 0 0 0 0 0 0 7 6 0 0 17
P7743 2028 2 10 43 62 24 36 43 40 27 20 15 32 70 45 66 54 65 71 9 35 6 3 17 5 0 0 0 0 0 -999 -999 -999
P7743 2028 3 0 0 0 9 6 0 0 0 0 0 28 27 18 10 5 0 0 0 0 0 0 0 0 0 6 14 13 4 0 0 0
P7743 2028 4 0 0 0 0 0 0 0 0 0 23 5 0 0 0 0 0 37 19 33 64 10 0 0 0 0 0 0 0 0 0 -999
P7743 2028 5 0 0 0 0 0 0 0 15 32 14 10 17 15 13 27 13 8 0 0 0 0 0 12 7 3 0 0 17 4 0 5
P7743 2028 6 4 8 11 17 23 30 36 5 0 0 0 0 0 0 0 0 0 0 0 0 0 0 0 0 0 0 0 22 37 24 -999
P7743 2028 7 13 0 9 0 0 0 0 0 0 0 0 7 0 0 0 0 0 0 0 0 0 0 0 0 0 0 0 0 0 0 0
P7743 2028 8 0 0 0 0 0 0 0 0 0 0 0 0 0 0 0 0 0 0 0 0 0 0 0 0 0 0 0 0 0 0 0
P7743 2028 9 0 0 0 0 0 0 0 0 0 0 0 0 0 0 0 0 0 0 0 0 0 0 0 0 0 44 68 0 0 0 -999
P7743 2028 10 0 0 0 0 0 0 0 0 0 0 12 0 0 12 0 0 14 0 17 0 0 0 0 0 0 0 0 0 0 0 0
P7743 2028 11 0 0 8 4 39 37 5 0 0 0 0 15 6 7 5 5 0 18 2 14 36 14 8 0 0 0 8 16 22 7 -999
P7743 2028 12 4 5 6 6 3 0 0 0 0 0 0 8 8 7 0 18 36 38 26 34 51 33 37 25 6 18 21 14 7 64 3
P7743 2029 1 4 0 26 74 6 0 0 45 13 21 20 62 37 15 10 55 39 9 3 7 2 0 0 0 0 0 0 33 8 10 11
P7743 2029 2 53 30 37 30 23 2 2 2 0 6 4 0 7 3 0 0 0 0 0 0 0 0 0 0 3 6 12 8 -999 -999 -999
P7743 2029 3 8 8 0 51 64 73 50 32 58 9 5 0 0 5 0 0 0 0 4 43 5 2 0 0 0 0 0 0 0 0 5
P7743 2029 4 6 5 14 6 4 5 0 0 0 0 0 0 0 34 6 10 3 31 6 0 0 0 0 0 0 0 0 7 15 41 -999
P7743 2029 5 5 2 10 38 73 18 59 60 14 3 4 0 6 0 0 0 0 0 0 0 2 0 0 0 11 0 0 0 0 0 0
P7743 2029 6 0 0 0 0 0 0 0 0 0 0 0 0 0 0 0 0 0 0 0 0 0 0 0 0 0 0 0 0 0 0 -999
P7743 2029 7 0 0 0 0 0 0 0 0 0 0 0 0 0 0 0 0 0 0 0 0 0 0 0 0 0 0 0 0 0 0 0
P7743 2029 8 0 0 0 0 0 0 0 0 0 0 0 0 0 0 0 0 0 0 0 0 0 0 0 0 0 0 0 0 0 0 0
P7743 2029 9 0 0 0 0 0 0 0 0 0 0 0 0 0 0 0 0 0 0 0 0 0 0 11 5 20 45 11 5 0 0 -999
P7743 2029 10 0 0 0 0 0 0 0 0 0 0 0 0 0 0 0 0 0 25 0 0 0 0 0 0 0 24 0 34 74 76 6
P7743 2029 11 0 0 0 0 0 0 0 0 0 0 0 0 0 0 0 0 9 11 6 0 12 6 13 39 0 0 9 3 10 0 -999
P7743 2029 12 6 8 23 46 74 3 8 13 45 2 4 0 5 2 0 0 11 2 2 0 3 54 44 31 74 6 43 61 78 15 0
P7743 2030 1 0 0 0 17 22 17 17 19 19 64 33 7 4 19 12 63 12 0 0 0 11 0 6 9 13 3 14 17 4 0 0
P7743 2030 2 14 18 56 25 36 19 15 7 2 0 0 0 0 6 11 30 17 4 0 0 0 17 6 6 41 7 0 0 -999 -999 -999
P7743 2030 3 0 0 0 0 0 0 0 0 0 0 0 0 0 0 0 0 5 0 18 6 0 12 23 38 66 54 24 38 70 30 56
P7743 2030 4 71 57 19 3 0 0 0 6 13 31 22 10 0 10 23 8 7 20 11 4 3 3 0 8 25 53 6 0 18 9 -999
P7743 2030 5 4 0 0 0 0 0 0 0 0 13 21 9 4 21 67 41 5 19 0 0 0 0 0 0 0 0 0 0 0 0 0
P7743 2030 6 0 0 0 0 0 0 0 0 0 0 0 0 0 0 0 5 8 11 5 7 0 0 0 0 0 0 0 0 0 0 -999
P7743 2030 7 0 0 0 0 0 0 0 0 0 0 0 0 0 0 0 0 0 0 0 0 0 0 0 0 0 0 0 0 0 0 0
P7743 2030 8 0 0 0 0 0 0 0 0 0 0 0 0 0 0 0 0 0 0 0 0 0 0 0 0 0 0 0 0 0 0 0
P7743 2030 9 0 0 0 0 0 0 0 0 0 0 0 0 0 0 0 73 86 35 13 9 35 30 18 4 0 7 7 8 6 7 -999
P7743 2030 10 0 0 0 0 0 0 0 57 45 66 12 29 20 11 12 5 8 0 65 84 75 73 33 41 12 0 0 39 42 12 11
P7743 2030 11 11 0 31 20 34 22 68 57 66 83 48 7 7 35 29 22 63 60 42 15 19 63 72 48 15 12 3 60 51 10 -999
P7743 2030 12 3 0 3 0 6 12 2 4 3 4 11 5 0 0 0 0 0 0 0 0 3 3 0 0 0 8 37 30 20 37 22
P7743 2031 1 25 0 0 49 33 43 6 58 86 89 21 72 74 77 91 14 0 0 5 2 5 0 0 0 0 0 0 0 0 0 6
P7743 2031 2 3 6 17 22 20 33 17 20 42 17 7 15 24 22 0 0 0 33 13 13 27 23 28 23 5 27 5 3 -999 -999 -999
P7743 2031 3 7 7 6 22 35 40 4 12 53 48 14 26 61 2 3 4 6 7 4 2 0 0 0 0 0 0 0 0 0 8 37
P7743 2031 4 12 13 5 2 6 16 12 8 10 18 16 13 49 6 0 0 0 0 0 0 0 0 0 0 0 0 0 0 0 0 -999
P7743 2031 5 0 9 16 6 0 0 0 0 0 0 17 0 0 0 0 0 0 0 0 0 0 0 0 0 0 0 0 0 0 0 0
P7743 2031 6 0 0 0 0 0 0 52 8 0 0 0 0 0 0 0 0 0 0 0 0 0 0 0 0 0 0 0 0 0 0 -999
P7743 2031 7 0 0 0 0 0 0 0 0 0 0 0 28 18 7 5 4 0 0 0 0 0 0 0 0 0 0 0 0 0 0 0
P7743 2031 8 0 0 0 0 0 0 0 0 0 0 0 6 0 0 0 0 0 0 0 0 0 0 0 0 0 0 0 0 0 0 0
P7743 2031 9 0 0 0 0 0 0 0 0 0 0 0 0 0 0 0 0 0 0 0 0 0 44 36 10 15 14 24 10 12 0 -999
P7743 2031 10 0 0 0 0 0 0 0 15 45 0 0 0 0 0 0 0 12 0 21 25 27 35 0 0 51 0 0 30 0 12 5
P7743 2031 11 0 0 21 52 28 37 33 29 9 16 34 17 43 78 82 45 15 52 58 71 78 17 4 6 46 30 52 60 25 14 -999
P7743 2031 12 53 87 66 23 71 32 71 49 33 8 4 0 0 0 5 4 3 3 2 4 57 28 23 34 48 18 7 45 4 10 4
P7743 2032 1 0 0 59 78 88 51 72 78 44 0 16 76 13 49 55 8 0 0 3 4 0 0 2 0 2 7 13 11 20 63 19
P7743 2032 2 2 0 0 10 4 7 6 2 0 0 65 44 4 0 0 0 0 0 0 0 0 5 0 0 0 0 0 42 -999 -999 -999
P7743 2032 3 12 0 0 0 0 0 0 0 0 6 4 0 0 2 0 0 0 0 0 0 0 0 0 0 0 0 0 0 0 10 9
P7743 2032 4 53 32 9 22 41 31 72 70 34 6 3 0 0 18 14 24 15 4 0 6 0 0 0 53 37 3 0 0 0 0 -999
P7743 2032 5 0 0 9 3 0 0 0 0 0 0 0 8 0 0 0 10 6 10 6 9 0 6 5 0 10 5 5 9 14 34 47
P7743 2032 6 0 0 0 0 0 0 0 17 22 0 0 0 0 0 0 0 0 0 0 0 0 0 0 0 0 0 0 0 0 0 -999
P7743 2032 7 0 0 0 0 0 0 0 0 0 0 0 0 0 0 0 0 0 0 0 0 0 0 0 0 0 0 0 0 0 0 0
P7743 2032 8 0 0 0 0 0 0 0 0 0 0 0 0 0 0 0 0 0 0 0 0 0 0 0 0 0 0 0 0 0 0 0
P7743 2032 9 0 0 0 0 0 0 0 0 0 0 44 0 11 15 0 34 27 0 0 0 0 0 0 0 0 0 0 0 0 0 -999
P7743 2032 10 0 28 38 13 0 0 0 13 20 0 0 0 0 17 71 32 14 0 0 17 18 19 77 13 0 0 0 43 70 6 9
P7743 2032 11 3 9 19 30 18 0 0 0 0 0 0 0 0 0 0 0 0 6 0 0 0 3 5 6 7 11 37 11 42 88 -999
P7743 2032 12 49 19 19 27 0 0 0 0 0 9 0 0 0 0 0 0 0 0 0 6 4 0 0 6 12 18 5 0 0 6 0
P7743 2033 1 4 10 44 61 65 54 61 58 72 75 28 43 74 3 40 85 32 45 39 0 0 0 6 4 8 21 66 60 5 25 5
P7743 2033 2 0 0 0 0 5 7 27 41 37 17 83 60 36 0 0 0 0 0 16 8 4 0 0 41 4 4 0 0 -999 -999 -999
P7743 2033 3 4 0 0 0 0 0 5 3 0 6 26 43 22 14 14 20 0 0 0 0 14 8 10 0 0 0 14 41 6 7 0
P7743 2033 4 0 0 0 19 66 41 17 16 21 23 28 34 44 14 6 90 95 68 21 11 21 63 19 8 36 8 9 0 27 6 -999
P7743 2033 5 3 0 26 31 0 0 0 0 0 0 0 12 10 29 3 5 42 32 9 15 55 9 6 8 0 0 0 0 0 0 0
P7743 2033 6 0 0 0 0 0 0 0 0 0 0 0 0 0 0 0 0 0 0 0 0 0 0 0 0 0 0 0 0 0 0 -999
P7743 2033 7 0 0 0 0 0 0 0 0 0 0 0 0 0 0 0 0 0 0 0 0 0 0 0 0 0 0 0 0 0 0 0
P7743 2033 8 0 0 0 0 0 0 0 0 0 0 0 0 0 0 0 0 0 0 0 0 0 0 0 0 0 0 0 0 0 46 0
P7743 2033 9 0 0 0 0 0 0 10 20 0 30 0 0 0 31 31 38 0 0 0 0 0 0 0 0 0 0 0 0 0 0 -999
P7743 2033 10 0 0 0 33 84 55 61 51 11 30 72 74 69 18 0 0 0 0 0 0 0 0 20 10 10 3 0 14 9 4 0
P7743 2033 11 21 38 74 88 9 7 0 0 3 0 5 0 0 0 0 0 8 3 2 3 3 5 0 0 0 0 0 0 0 0 -999
P7743 2033 12 9 6 4 3 3 0 0 5 2 0 9 3 0 0 0 0 0 0 0 0 0 0 0 0 0 0 0 0 0 0 0
P7743 2034 1 0 3 8 5 5 2 4 3 7 6 19 36 76 55 60 22 22 6 6 0 0 0 0 0 0 0 0 0 0 0 0
P7743 2034 2 0 0 0 0 0 4 5 0 0 3 0 2 2 4 17 14 17 16 23 6 0 0 0 0 0 0 17 24 -999 -999 -999
P7743 2034 3 25 35 50 41 41 25 12 13 0 0 0 0 6 7 6 3 2 2 2 0 0 5 20 63 46 11 0 0 0 0 0
P7743 2034 4 0 0 0 0 0 0 0 0 0 0 0 0 0 0 0 0 0 0 0 4 37 2 0 0 0 0 0 15 10 0 -999
P7743 2034 5 0 0 0 0 0 0 0 0 0 0 0 0 0 0 0 0 0 0 0 0 0 0 0 0 0 0 0 0 0 0 0
P7743 2034 6 0 0 0 0 21 12 5 0 0 0 0 0 0 0 0 0 0 0 0 0 0 0 0 0 0 0 0 0 0 0 -999
P7743 2034 7 0 0 0 0 0 0 0 0 0 0 0 0 0 0 0 0 0 0 0 0 0 0 0 0 0 0 0 0 0 0 0
P7743 2034 8 0 0 0 0 0 0 0 0 0 0 0 0 0 0 0 0 0 0 0 0 0 0 0 0 0 0 0 0 0 0 0
P7743 2034 9 0 0 0 0 0 0 0 0 0 0 0 0 0 0 0 0 0 0 0 0 0 0 0 0 0 29 0 0 0 36 -999
P7743 2034 10 15 7 22 19 62 62 3 0 0 51 11 3 0 5 0 0 5 0 0 0 14 9 0 12 35 50 15 46 19 0 0
P7743 2034 11 0 0 0 0 0 9 21 22 54 9 0 39 13 0 0 0 0 0 0 0 13 25 34 56 16 56 2 13 7 11 -999
P7743 2034 12 6 0 0 0 4 14 25 25 10 3 4 0 4 39 73 11 0 10 3 3 6 4 0 2 7 10 10 3 16 5 38
P7743 2035 1 5 4 16 36 33 26 16 51 18 5 8 7 25 14 8 7 27 6 10 29 83 92 78 53 3 3 0 0 7 0 0
P7743 2035 2 9 23 4 0 0 0 7 3 2 0 4 0 0 0 0 0 0 0 0 4 24 46 77 83 67 3 18 45 -999 -999 -999
P7743 2035 3 28 51 23 23 20 18 57 85 23 3 4 11 71 91 90 52 12 8 38 54 83 64 50 5 49 49 5 42 11 40 38
P7743 2035 4 33 33 24 51 74 37 23 47 83 15 14 15 6 37 0 0 0 45 54 73 96 90 67 29 7 4 4 24 43 29 -999
P7743 2035 5 20 0 0 0 0 0 0 0 14 0 0 0 0 0 0 0 0 0 0 0 0 0 54 28 3 0 0 0 0 0 31
P7743 2035 6 0 0 0 8 10 28 10 0 43 9 22 0 0 0 0 0 0 0 0 0 0 0 0 0 0 0 0 0 0 0 -999
P7743 2035 7 0 0 0 0 0 0 0 0 0 0 0 0 0 0 0 0 0 0 0 0 0 0 0 0 0 0 0 0 0 0 0
P7743 2035 8 0 0 0 0 0 0 0 0 0 0 0 0 0 0 0 0 0 0 0 0 0 0 0 0 0 0 0 0 0 0 0
P7743 2035 9 0 0 0 0 0 0 0 0 0 0 0 0 0 0 0 0 0 0 0 0 0 0 0 0 0 0 0 0 0 0 -999
P7743 2035 10 0 0 34 23 0 0 0 0 0 0 0 0 36 62 21 0 0 0 0 50 24 8 0 0 0 0 0 0 0 0 0
P7743 2035 11 5 0 16 20 20 20 9 0 0 0 0 0 0 0 0 0 0 0 0 0 0 0 0 0 3 0 0 11 3 0 -999
P7743 2035 12 11 11 21 18 56 77 90 57 8 53 3 2 8 14 7 4 0 0 38 56 65 41 0 0 6 0 0 0 0 3 3
P7743 2036 1 3 2 2 0 3 5 3 3 2 7 25 17 11 2 0 0 6 24 34 6 40 19 5 3 0 0 9 3 3 0 5
P7743 2036 2 2 0 0 0 0 3 10 23 19 7 8 24 53 15 2 3 4 0 0 0 0 0 0 0 0 0 5 10 -999 -999 -999
P7743 2036 3 46 65 17 27 30 25 0 0 0 0 0 0 0 7 6 9 0 0 0 0 0 0 0 0 2 3 4 16 8 17 27
P7743 2036 4 18 52 35 2 0 0 0 0 0 0 0 0 0 0 0 0 0 0 0 0 0 0 0 0 8 7 3 0 0 0 -999
P7743 2036 5 0 0 7 6 4 0 7 0 0 0 13 19 9 4 3 6 5 2 0 0 0 0 0 0 0 0 0 0 0 0 0
P7743 2036 6 27 38 0 0 0 0 0 0 0 0 0 0 0 0 0 0 0 0 16 0 0 0 0 0 0 0 0 0 0 0 -999
P7743 2036 7 0 0 0 0 0 0 0 0 0 0 0 0 0 0 0 0 0 0 0 0 0 0 0 0 0 0 0 0 0 0 0
P7743 2036 8 0 0 0 0 0 0 0 0 0 0 0 0 0 0 0 0 0 0 0 0 0 0 0 0 0 0 0 0 0 0 0
P7743 2036 9 0 0 0 0 0 0 0 0 0 0 0 0 0 0 0 0 0 0 0 0 0 0 0 0 0 0 0 0 0 0 -999
P7743 2036 10 0 0 0 0 0 0 0 0 0 0 50 0 0 0 11 0 0 0 0 0 0 0 0 0 0 18 47 31 69 85 24
P7743 2036 11 16 0 0 0 19 14 4 54 11 0 5 12 33 67 38 33 4 0 19 23 4 0 0 0 0 12 39 25 6 0 -999
P7743 2036 12 0 0 10 19 24 0 0 0 0 0 0 12 5 8 4 0 0 6 12 0 10 27 48 10 14 13 3 4 6 0 0
P7743 2037 1 0 0 0 0 0 0 2 0 14 80 7 55 37 0 0 0 0 14 58 42 65 58 26 83 86 8 83 58 91 3 2
P7743 2037 2 0 0 36 36 14 23 46 29 19 7 0 0 0 5 0 0 7 4 0 0 0 0 3 3 0 6 55 4 -999 -999 -999
P7743 2037 3 0 0 0 0 0 0 0 0 0 4 0 0 0 69 83 37 18 15 4 0 8 9 20 29 23 4 4 7 22 51 0
P7743 2037 4 26 0 11 10 16 17 4 4 8 4 3 3 0 32 64 19 26 26 4 7 37 40 43 23 10 0 0 0 0 0 -999
P7743 2037 5 0 0 0 0 0 0 0 0 6 4 5 5 0 6 5 6 9 10 3 0 9 15 24 22 64 30 3 0 4 0 0
P7743 2037 6 0 0 0 0 0 0 0 0 0 0 0 0 0 0 0 0 18 24 14 0 0 0 0 0 0 0 0 0 0 0 -999
P7743 2037 7 0 0 0 0 0 0 0 0 0 0 0 0 0 0 0 0 0 0 0 0 0 0 0 0 0 0 0 0 0 0 0
P7743 2037 8 0 0 0 0 0 0 0 0 0 0 0 0 0 0 0 0 0 0 0 0 0 0 0 0 0 0 0 0 0 0 0
P7743 2037 9 0 0 0 0 0 0 0 0 0 0 0 0 0 0 0 0 0 3 0 0 0 0 0 0 0 0 0 0 0 0 -999
P7743 2037 10 7 0 0 0 0 0 0 0 0 0 29 7 0 0 0 0 0 34 18 4 0 0 0 9 0 8 0 0 0 0 0
P7743 2037 11 0 0 0 0 0 14 8 11 5 0 18 25 26 44 23 0 0 0 0 44 14 9 25 38 12 13 25 25 22 4 -999
P7743 2037 12 68 5 30 60 41 9 11 27 76 31 45 7 10 8 5 4 17 33 5 2 0 38 39 5 0 0 0 0 3 5 6
P7743 2038 1 8 33 7 27 23 2 8 3 3 4 5 3 7 46 34 14 78 3 0 0 0 8 21 66 10 54 40 36 46 44 4
P7743 2038 2 0 7 20 75 70 41 19 0 0 0 0 0 0 0 0 8 3 6 10 0 0 0 15 4 0 0 0 54 -999 -999 -999
P7743 2038 3 55 10 21 20 87 30 20 18 15 21 12 0 0 0 0 0 0 18 39 47 22 3 0 5 0 15 4 14 14 7 10
P7743 2038 4 6 0 0 0 0 0 6 14 13 0 0 0 0 44 20 5 0 0 0 0 0 26 0 0 0 20 0 0 0 0 -999
P7743 2038 5 0 0 0 0 15 0 20 0 0 0 0 0 0 0 0 0 0 85 53 25 0 0 0 0 5 4 3 6 5 0 0
P7743 2038 6 0 0 0 0 0 0 0 0 0 0 0 0 0 0 0 0 0 0 0 0 0 0 0 0 0 0 0 0 0 0 -999
P7743 2038 7 0 0 0 0 0 0 0 0 0 0 0 0 0 0 0 0 0 0 0 0 0 0 0 0 0 0 0 0 0 0 0
P7743 2038 8 0 0 0 0 0 0 0 0 0 0 0 0 0 0 0 0 0 0 0 0 0 0 0 0 0 0 0 0 0 0 0
P7743 2038 9 0 0 0 0 0 0 0 0 0 0 0 0 0 0 0 0 0 0 0 0 0 0 0 20 0 0 0 0 0 0 -999
P7743 2038 10 0 0 0 0 0 0 0 0 0 0 0 0 0 0 0 0 0 0 0 0 0 15 58 10 0 0 0 0 0 0 0
P7743 2038 11 41 13 27 0 0 11 18 36 26 13 17 46 16 62 86 22 10 6 0 3 0 0 0 3 0 0 0 0 5 3 -999
P7743 2038 12 5 8 17 46 29 12 4 16 3 8 75 58 74 5 28 38 26 49 76 34 82 15 0 0 0 17 33 13 0 0 0
P7743 2039 1 9 14 15 8 25 5 6 8 4 0 0 0 0 0 8 18 42 3 35 35 5 6 14 14 7 2 2 2 0 3 4
P7743 2039 2 19 26 7 6 5 0 0 13 23 50 30 8 4 8 10 21 10 0 16 0 0 0 5 29 55 3 0 6 -999 -999 -999
P7743 2039 3 3 0 0 0 0 0 0 14 11 5 0 77 10 44 18 20 12 28 14 18 0 0 0 0 0 6 0 0 0 0 0
P7743 2039 4 0 0 0 0 0 0 0 0 0 0 0 0 0 25 7 2 0 0 11 3 7 4 0 0 0 0 0 0 0 0 -999
P7743 2039 5 0 0 0 0 0 0 0 0 0 0 0 0 0 0 0 21 5 3 2 3 4 7 6 0 0 0 0 0 0 0 0
P7743 2039 6 12 15 38 57 19 4 0 0 0 0 0 0 0 0 0 0 0 0 0 0 0 0 0 0 0 0 0 17 13 0 -999
P7743 2039 7 0 0 0 0 0 0 0 0 0 0 0 0 0 0 0 0 0 0 0 0 0 0 0 0 0 0 0 0 0 0 0
P7743 2039 8 0 0 0 0 0 0 0 0 0 0 0 0 0 0 0 0 0 0 0 0 0 0 0 0 0 0 0 0 0 0 0
P7743 2039 9 0 0 0 0 0 0 0 0 0 0 0 0 0 0 0 0 0 0 0 0 0 0 0 0 0 0 0 0 0 0 -999
P7743 2039 10 0 0 0 0 0 0 0 0 0 0 0 0 0 5 0 0 0 0 0 20 12 62 44 9 7 9 88 69 70 95 9
P7743 2039 11 3 0 0 0 0 0 0 7 23 16 36 41 9 7 4 4 2 15 62 81 33 8 49 0 0 0 16 60 4 4 -999
P7743 2039 12 8 23 10 48 71 38 16 10 66 10 16 0 9 13 9 0 9 19 44 59 5 12 14 16 15 7 17 64 20 28 21
P7743 2040 1 9 0 0 15 71 56 26 15 29 16 32 27 15 11 17 50 5 14 35 9 13 22 4 0 0 0 0 0 0 0 0
P7743 2040 2 0 0 0 6 2 0 0 0 2 4 0 0 2 3 2 2 2 2 3 2 0 0 0 0 0 0 0 0 -999 -999 -999
P7743 2040 3 0 0 0 0 0 0 0 0 0 0 0 0 0 17 0 0 0 0 0 0 0 0 76 81 76 49 11 5 43 48 10
P7743 2040 4 5 55 59 24 4 5 7 4 0 0 0 0 0 0 0 29 49 9 0 0 0 5 3 5 44 36 3 3 0 0 -999
P7743 2040 5 2 0 4 3 3 2 0 0 0 0 0 0 0 0 0 0 0 0 0 0 0 17 0 0 0 0 0 0 0 0 0
P7743 2040 6 0 0 0 0 0 0 0 0 0 0 0 0 0 0 0 0 0 0 0 0 0 0 0 0 0 0 0 0 0 0 -999
P7743 2040 7 0 0 0 0 0 0 0 0 0 0 0 0 0 0 0 0 0 0 0 0 0 0 0 0 0 0 0 0 0 0 0
P7743 2040 8 0 0 0 0 0 0 0 0 0 0 0 0 0 0 0 0 0 0 0 0 0 0 0 0 0 0 0 0 0 0 0
P7743 2040 9 0 0 0 0 0 0 0 0 0 0 0 0 0 0 0 0 0 0 0 0 0 0 0 0 0 0 0 0 8 0 -999
P7743 2040 10 0 0 0 0 0 0 0 0 0 0 0 0 0 0 0 0 0 24 55 10 3 3 0 0 0 14 10 0 0 0 0
P7743 2040 11 9 18 14 28 0 13 75 92 84 12 4 6 8 5 10 6 5 0 0 0 0 0 0 20 9 0 0 0 0 0 -999
P7743 2040 12 0 0 0 22 55 60 54 4 9 2 3 0 51 29 4 0 0 0 11 9 14 11 6 10 0 0 18 47 9 9 17
P7743 2041 1 12 0 0 0 0 0 6 3 0 0 4 6 10 14 9 0 0 0 31 24 69 66 92 91 81 87 95 95 23 8 0
P7743 2041 2 0 0 0 0 28 33 73 79 35 50 18 24 41 4 53 54 58 61 66 16 85 65 5 62 23 6 2 0 -999 -999 -999
P7743 2041 3 5 3 0 0 3 2 4 3 11 3 3 13 4 5 15 13 21 76 91 37 10 41 37 44 27 81 34 18 20 40 19
P7743 2041 4 0 0 0 0 0 0 0 0 0 0 2 3 5 3 4 3 11 52 35 23 20 7 8 56 71 16 0 5 0 0 -999
P7743 2041 5 0 0 10 24 0 0 0 0 0 37 9 0 0 0 0 0 0 0 19 35 45 47 48 31 13 24 55 39 9 9 5
P7743 2041 6 3 0 0 0 0 0 0 0 0 0 0 0 0 0 0 0 0 0 0 0 0 0 0 0 0 0 0 0 0 0 -999
P7743 2041 7 0 0 0 0 0 0 0 0 0 0 0 0 0 0 0 0 0 7 0 0 0 0 0 0 0 25 14 12 0 0 0
P7743 2041 8 0 0 0 0 0 0 0 0 0 0 0 0 0 0 0 0 0 0 0 0 0 0 0 0 0 0 0 0 0 0 0
P7743 2041 9 0 0 0 0 0 0 0 0 0 0 0 0 0 0 0 0 0 0 0 0 0 0 0 25 60 5 0 0 0 0 -999
P7743 2041 10 0 38 8 5 0 0 0 0 0 0 30 17 0 0 0 0 0 0 0 0 0 20 0 0 0 0 0 0 14 0 0
P7743 2041 11 0 0 0 14 9 16 13 13 24 23 49 29 55 53 56 52 85 80 30 62 70 89 42 84 51 10 32 45 20 6 -999
P7743 2041 12 3 35 4 38 89 19 0 19 9 0 15 12 19 39 40 74 79 71 29 50 10 0 11 5 0 2 0 0 0 3 0
P7743 2042 1 0 0 3 0 0 23 52 9 4 3 4 4 0 0 0 0 0 0 0 0 0 0 0 0 0 0 0 0 0 0 3
P7743 2042 2 8 4 0 0 0 0 0 0 0 7 0 0 0 0 0 0 0 3 3 0 0 0 0 0 19 0 0 0 -999 -999 -999
P7743 2042 3 0 0 0 0 0 5 5 0 0 0 0 0 5 7 10 14 0 0 66 80 5 13 0 33 9 4 5 6 0 12 53
P7743 2042 4 11 13 0 5 17 29 41 3 13 4 7 13 8 11 4 10 7 0 0 0 0 75 83 29 39 10 9 12 13 41 -999
P7743 2042 5 58 24 14 2 0 0 0 0 8 8 0 0 0 0 0 0 0 0 0 0 0 0 0 0 0 0 0 0 0 0 7
P7743 2042 6 0 7 5 4 0 0 0 0 0 0 0 0 0 0 0 0 0 0 0 0 0 0 0 0 0 0 0 0 0 0 -999
P7743 2042 7 0 0 0 0 0 0 0 0 0 0 0 0 0 0 0 0 0 0 0 0 0 0 0 0 0 0 0 0 0 0 0
P7743 2042 8 0 0 0 0 0 0 0 0 0 0 0 0 0 0 0 0 0 0 0 0 0 0 0 0 0 0 0 0 0 0 0
P7743 2042 9 0 0 0 0 0 0 0 0 0 0 0 0 0 0 0 0 0 0 0 0 0 0 0 0 0 44 0 0 0 0 -999
P7743 2042 10 0 0 17 6 0 0 0 31 22 0 0 35 54 29 10 9 0 11 10 61 30 10 7 0 0 0 18 14 0 0 0
P7743 2042 11 0 0 0 0 0 0 20 20 13 0 0 0 0 0 0 0 0 0 0 31 3 0 0 0 0 5 0 5 25 8 -999
P7743 2042 12 7 7 37 81 24 21 3 11 24 24 19 35 27 53 67 8 51 63 13 18 7 8 44 49 3 11 3 0 0 0 3
P7743 2043 1 4 5 8 9 6 31 6 2 0 0 0 6 24 68 27 30 10 14 8 59 29 44 23 36 2 2 4 19 25 2 3
P7743 2043 2 3 0 0 5 10 49 37 0 0 0 0 0 3 0 0 0 0 0 0 0 3 3 3 0 2 3 0 0 -999 -999 -999
P7743 2043 3 0 32 32 37 8 10 46 89 87 13 36 15 17 0 0 0 0 0 59 9 53 14 55 6 26 2 4 6 4 7 7
P7743 2043 4 10 3 0 9 0 0 0 0 0 0 49 0 0 0 0 35 45 0 0 45 0 0 0 0 0 0 0 0 0 0 -999
P7743 2043 5 0 0 0 0 0 0 0 0 0 0 0 0 0 0 0 0 0 0 0 0 51 59 60 23 0 0 23 16 5 8 10
P7743 2043 6 4 4 0 0 0 0 0 0 0 0 0 0 0 0 0 0 0 0 0 0 0 0 0 0 0 0 0 0 0 0 -999
P7743 2043 7 0 0 0 0 0 0 0 0 0 0 0 0 0 0 0 0 0 0 0 0 0 0 0 0 0 0 0 0 0 0 0
P7743 2043 8 0 0 0 0 0 0 0 0 0 0 0 0 0 0 0 0 0 0 0 0 0 0 0 0 0 12 0 0 6 0 0
P7743 2043 9 0 0 0 0 0 0 0 0 0 0 0 0 0 0 0 0 0 0 0 0 0 0 0 0 0 0 0 0 10 13 -999
P7743 2043 10 0 48 0 0 0 0 0 0 0 8 0 0 0 0 25 0 34 0 0 0 0 21 31 9 16 27 5 23 18 6 8
P7743 2043 11 0 0 0 0 0 0 0 0 0 0 46 27 72 74 0 0 0 0 0 0 0 0 0 9 14 15 3 45 30 13 -999
P7743 2043 12 7 8 0 0 0 0 10 4 7 24 35 50 6 11 29 2 0 36 87 17 84 28 0 0 15 38 28 2 0 0 0
P7743 2044 1 0 2 3 0 0 5 3 0 0 10 7 0 0 0 7 5 59 65 19 4 6 6 0 0 0 4 11 73 10 3 0
P7743 2044 2 0 0 0 0 11 12 0 0 26 20 13 4 0 0 0 0 0 0 0 0 0 0 0 52 66 7 25 11 -999 -999 -999
P7743 2044 3 7 21 47 46 39 3 3 28 7 3 2 3 0 0 0 0 9 37 22 4 2 2 3 6 5 11 48 72 6 46 2
P7743 2044 4 0 6 5 0 0 0 0 0 0 0 0 0 0 23 5 0 0 0 0 0 0 0 0 0 0 18 29 5 0 0 -999
P7743 2044 5 0 0 0 28 51 4 0 11 22 23 0 0 0 0 0 0 0 0 57 55 21 6 0 0 0 0 0 0 0 5 2
P7743 2044 6 0 0 0 0 0 0 6 0 0 0 0 0 0 0 0 0 0 0 0 0 0 0 0 0 0 0 0 0 8 0 -999
P7743 2044 7 20 0 0 0 0 0 0 0 0 0 0 0 0 0 0 0 0 0 0 0 0 0 0 0 0 0 0 0 0 0 0
P7743 2044 8 0 0 0 0 0 0 0 0 0 0 0 0 0 0 0 0 0 0 0 0 0 0 0 0 0 0 0 0 0 0 0
P7743 2044 9 0 0 0 0 0 0 0 0 0 0 0 0 0 0 0 0 0 0 0 0 0 0 0 30 46 18 0 0 0 46 -999
P7743 2044 10 43 19 32 0 0 0 0 0 0 0 0 0 0 0 0 0 0 17 47 48 36 5 0 0 0 0 0 0 0 0 0
P7743 2044 11 8 0 10 0 23 0 17 26 8 4 43 51 24 42 6 28 69 18 28 48 58 30 29 82 80 88 83 36 41 13 -999
P7743 2044 12 0 0 0 0 3 3 0 10 33 58 6 6 28 11 6 0 15 12 0 7 2 25 4 3 2 0 4 3 27 5 47
P7743 2045 1 83 69 26 18 17 16 81 77 7 6 63 30 67 75 17 35 16 2 0 0 0 6 5 4 3 0 0 0 0 0 6
P7743 2045 2 9 53 40 15 27 55 6 0 0 0 4 4 14 0 4 2 2 2 0 0 4 0 0 0 0 0 0 0 -999 -999 -999
P7743 2045 3 0 0 0 0 0 0 5 11 14 0 0 17 43 6 28 3 2 0 0 0 0 0 0 3 4 3 0 0 0 0 0
P7743 2045 4 23 0 0 4 9 69 64 3 9 10 25 6 0 8 0 14 0 0 0 0 0 0 0 0 0 0 0 0 3 0 -999
P7743 2045 5 20 0 0 0 0 0 0 34 7 4 0 0 0 0 0 0 0 0 0 0 0 0 0 0 0 0 0 0 0 0 0
P7743 2045 6 0 0 0 0 0 0 0 0 0 0 6 6 0 0 0 0 0 0 0 0 14 14 0 13 12 11 6 0 0 0 -999
P7743 2045 7 0 0 0 0 0 0 0 0 0 0 0 0 0 0 0 0 0 0 0 0 0 0 0 0 0 0 0 0 0 0 0
P7743 2045 8 0 0 0 0 0 0 0 0 0 0 0 0 0 0 0 0 0 0 0 0 0 0 0 0 0 0 0 0 0 0 0
P7743 2045 9 0 0 0 0 0 0 0 0 0 0 0 0 0 0 0 0 0 0 0 0 0 0 0 0 0 0 0 0 0 25 -999
P7743 2045 10 7 0 15 42 9 0 0 0 0 0 0 0 0 0 65 48 65 39 16 0 0 0 0 0 0 0 0 0 0 0 0
P7743 2045 11 20 21 6 0 10 8 0 0 0 0 7 2 5 5 14 57 93 62 5 0 0 0 32 69 9 26 75 58 22 12 -999
P7743 2045 12 7 7 9 5 8 5 2 2 3 2 0 0 0 0 0 0 0 33 20 28 32 14 16 28 36 33 15 11 0 0 0
P7743 2046 1 0 17 51 53 68 44 53 38 14 15 77 41 54 6 39 17 12 15 20 39 7 3 4 4 7 55 80 62 34 29 47
P7743 2046 2 76 89 72 30 16 28 25 13 3 2 10 15 45 56 65 48 10 3 4 3 6 69 9 4 15 27 63 64 -999 -999 -999
P7743 2046 3 54 89 88 9 17 58 84 88 94 53 78 37 80 22 80 33 88 25 10 25 45 6 2 2 0 0 10 50 35 2 2
P7743 2046 4 0 4 5 44 5 2 3 27 8 4 8 4 5 8 31 3 29 30 53 41 10 7 32 36 9 6 6 16 21 3 -999
P7743 2046 5 0 0 0 0 0 0 0 3 0 0 0 0 0 24 16 40 8 3 0 0 0 0 0 0 0 9 8 4 4 0 0
P7743 2046 6 0 0 0 0 0 0 0 0 0 0 0 0 0 0 0 0 0 9 19 9 0 0 0 0 0 0 0 0 0 0 -999
P7743 2046 7 0 0 0 0 0 0 0 0 0 0 0 0 0 0 0 0 0 0 0 0 0 0 0 0 0 0 0 0 0 0 0
P7743 2046 8 0 0 0 0 0 0 0 0 0 0 0 0 0 0 0 0 0 0 0 0 0 0 0 0 0 0 0 0 0 0 0
P7743 2046 9 0 0 0 0 0 0 0 0 0 0 0 0 0 0 0 0 0 0 0 0 0 0 0 0 0 0 0 0 0 0 -999
P7743 2046 10 0 0 24 6 7 27 24 62 0 0 0 0 0 0 0 0 0 0 0 10 6 51 23 13 36 9 17 22 17 64 46
P7743 2046 11 6 0 0 0 40 66 25 42 24 10 0 0 0 7 0 0 0 0 0 0 0 0 7 8 16 7 4 22 67 44 -999
P7743 2046 12 74 66 60 8 51 92 94 33 31 29 18 41 10 85 94 52 33 65 11 5 17 0 0 0 0 0 0 0 0 0 0
P7743 2047 1 0 0 0 0 0 0 9 25 5 30 41 18 9 38 78 95 93 18 77 10 55 32 6 0 0 0 0 0 0 0 9
P7743 2047 2 9 17 14 17 15 7 15 7 0 0 0 0 7 38 0 0 0 0 2 0 0 0 0 24 24 2 31 7 -999 -999 -999
P7743 2047 3 4 31 18 3 24 49 22 0 0 0 0 0 0 0 0 0 0 0 0 0 0 7 60 12 5 4 8 0 0 17 20
P7743 2047 4 65 3 9 5 5 7 11 10 28 61 79 38 5 11 65 19 2 19 7 4 0 4 0 0 0 0 10 10 0 0 -999
P7743 2047 5 0 0 0 0 0 0 0 0 0 30 14 25 34 12 0 0 0 0 0 0 0 0 0 0 0 0 0 0 0 0 0
P7743 2047 6 0 0 0 0 0 0 0 0 0 0 0 0 0 0 0 6 0 0 0 0 0 0 0 0 0 0 0 0 0 0 -999
P7743 2047 7 0 0 11 8 10 0 0 0 0 0 0 0 0 19 0 0 0 0 0 25 13 0 0 0 0 0 0 0 0 0 0
P7743 2047 8 0 0 0 0 0 0 0 0 0 0 0 0 0 0 0 0 0 0 0 0 0 0 0 0 0 0 0 0 0 0 0
P7743 2047 9 0 0 0 0 0 0 0 0 0 0 0 0 44 50 50 32 9 0 0 0 0 0 0 0 31 0 0 0 0 0 -999
P7743 2047 10 0 28 58 38 24 38 44 14 31 79 46 45 11 20 34 35 86 9 64 2 4 12 6 0 0 0 6 0 0 0 0
P7743 2047 11 4 6 15 6 14 22 0 0 18 36 21 9 6 5 14 31 35 0 0 0 0 0 0 0 0 0 0 0 0 0 -999
P7743 2047 12 0 0 0 0 0 0 0 0 0 0 0 0 0 0 3 0 0 0 0 0 0 0 4 8 6 2 0 0 6 3 0
P7743 2048 1 0 14 3 0 0 0 0 0 0 0 6 63 30 39 13 0 0 0 0 0 0 0 0 0 0 0 0 0 0 3 0
P7743 2048 2 0 0 3 2 5 0 0 2 2 10 9 6 10 25 17 20 3 2 0 0 0 0 0 0 0 0 0 0 -999 -999 -999
P7743 2048 3 0 0 0 0 4 3 7 45 42 32 68 12 19 49 10 52 18 9 0 0 37 8 0 14 14 26 12 11 23 10 3
P7743 2048 4 2 2 5 0 8 0 0 0 0 0 0 0 0 0 0 0 0 0 0 0 8 9 34 0 0 0 4 0 0 0 -999
P7743 2048 5 0 24 11 18 11 6 0 0 10 13 0 0 0 18 15 0 12 47 6 0 22 62 13 0 0 0 0 0 0 0 0
P7743 2048 6 0 0 0 0 0 0 0 0 0 0 0 0 0 0 0 0 0 0 0 0 0 0 0 0 0 0 0 0 0 0 -999
P7743 2048 7 0 0 0 0 0 0 0 0 0 0 0 0 0 0 0 0 0 0 0 0 0 0 0 0 0 0 0 0 0 0 0
P7743 2048 8 0 0 0 0 0 0 0 0 0 0 0 0 0 0 0 0 0 0 0 0 0 0 0 0 0 0 0 0 0 0 0
P7743 2048 9 0 0 0 0 0 0 0 0 0 0 0 0 0 0 0 0 0 0 0 0 0 0 0 0 0 0 0 53 64 34 -999
P7743 2048 10 4 0 0 0 0 16 0 0 0 0 0 0 0 0 0 0 0 0 0 11 13 8 0 0 5 6 4 0 0 0 13
P7743 2048 11 3 0 0 12 0 39 12 0 0 0 0 0 0 0 5 25 57 30 41 31 14 0 0 0 0 26 28 16 10 15 -999
P7743 2048 12 43 87 26 9 58 67 2 0 0 0 0 0 0 0 0 0 0 3 5 7 0 6 2 3 0 0 56 49 19 20 0
P7743 2049 1 0 8 15 16 12 17 21 25 6 22 33 31 41 7 0 0 0 9 0 0 9 13 9 7 0 4 5 13 8 9 12
P7743 2049 2 27 40 39 48 21 7 4 3 0 7 0 0 0 14 0 0 0 0 0 0 0 3 3 0 4 10 7 4 -999 -999 -999
P7743 2049 3 3 0 0 0 0 0 0 0 0 0 0 0 0 0 7 10 0 0 0 5 0 9 11 15 6 0 0 0 0 52 10
P7743 2049 4 7 15 3 0 0 0 0 0 0 0 0 0 0 0 0 35 47 7 0 0 0 16 0 0 45 14 0 0 0 0 -999
P7743 2049 5 8 6 6 3 3 0 14 41 62 45 5 12 5 0 0 0 0 0 0 0 59 39 40 62 46 28 34 55 8 3 6
P7743 2049 6 0 0 0 10 0 0 0 0 0 0 0 0 0 0 0 0 0 0 0 0 0 0 0 0 0 0 0 0 0 0 -999
P7743 2049 7 0 0 0 0 0 0 0 0 0 0 0 0 0 0 0 0 0 0 0 0 0 0 0 0 0 0 0 0 0 0 0
P7743 2049 8 0 0 0 0 0 0 0 0 0 0 0 0 0 0 0 0 0 0 0 0 0 0 0 0 0 0 0 0 0 0 0
P7743 2049 9 0 0 0 0 0 0 0 0 0 0 0 0 0 0 0 0 0 0 0 0 0 59 19 4 0 0 0 0 0 0 -999
P7743 2049 10 0 0 0 0 0 0 0 0 0 0 0 10 0 0 0 34 7 0 0 0 0 10 7 12 20 13 0 0 12 13 9
P7743 2049 11 0 34 79 77 68 10 29 47 62 30 85 53 77 54 61 91 90 16 7 8 6 8 0 32 0 0 0 0 0 13 -999
P7743 2049 12 5 40 33 42 5 2 2 3 0 7 3 0 8 0 12 4 9 45 14 62 79 4 3 14 25 31 41 39 55 43 67
P7743 2050 1 86 75 82 74 14 91 7 36 6 15 6 10 16 19 16 31 56 63 6 0 0 0 0 23 27 0 0 0 3 3 0
P7743 2050 2 0 0 0 0 0 0 0 0 0 0 0 0 0 9 5 7 5 0 31 19 17 12 0 29 5 4 0 0 -999 -999 -999
P7743 2050 3 0 43 56 26 44 69 43 0 0 31 34 15 7 6 5 4 32 9 52 18 13 5 0 12 9 17 18 48 34 39 77
P7743 2050 4 45 14 17 11 31 45 38 7 35 12 0 0 35 40 15 12 9 3 0 18 0 0 0 0 0 7 10 3 0 6 -999
P7743 2050 5 5 4 2 3 3 6 0 0 5 0 0 0 0 0 0 0 0 0 0 13 5 8 5 0 0 5 9 10 11 0 0
P7743 2050 6 0 0 0 0 0 0 0 0 0 0 0 0 0 0 0 0 0 0 0 0 0 0 0 0 0 0 0 0 0 0 -999
P7743 2050 7 0 0 0 0 0 0 0 0 0 0 0 0 0 0 0 0 0 0 0 0 0 0 0 0 0 0 0 0 0 0 0
P7743 2050 8 0 0 0 0 0 0 0 0 0 0 0 0 0 0 0 0 0 0 0 0 0 0 26 0 0 0 0 0 0 0 0
P7743 2050 9 0 0 0 0 0 0 0 0 0 0 0 0 0 0 0 0 0 0 0 0 0 0 0 0 0 0 0 0 0 0 -999
P7743 2050 10 42 20 3 0 0 0 0 0 0 0 0 0 0 45 0 0 8 6 0 0 0 21 26 15 23 18 13 6 4 5 8
P7743 2050 11 9 6 4 13 6 32 44 71 70 63 64 58 47 25 0 0 0 11 15 4 11 61 82 24 4 6 52 20 3 16 -999
P7743 2050 12 4 10 22 0 0 0 16 15 9 0 3 3 0 0 0 3 0 6 5 6 2 0 0 0 0 0 0 0 0 0 9
P7743 2051 1 4 7 0 0 0 0 0 0 0 10 0 0 4 17 9 0 0 2 0 4 0 0 0 0 0 0 0 0 0 4 0
P7743 2051 2 0 11 12 18 49 25 0 0 0 0 7 4 0 0 0 16 3 0 6 28 2 0 0 7 2 0 0 0 -999 -999 -999
P7743 2051 3 0 4 0 0 0 5 4 0 8 7 27 42 37 12 23 0 0 0 41 25 10 3 0 0 0 0 0 0 0 0 16
P7743 2051 4 15 8 0 0 0 34 26 0 0 0 20 0 42 19 0 8 7 14 10 34 3 5 13 0 0 0 0 0 0 0 -999
P7743 2051 5 0 0 0 0 0 0 0 0 0 0 14 35 30 6 2 0 0 0 0 0 0 0 0 50 62 46 21 0 0 0 0
P7743 2051 6 0 0 0 0 0 0 0 0 0 0 0 0 0 0 0 0 0 0 0 0 0 0 0 0 0 0 0 0 0 0 -999
P7743 2051 7 0 0 0 0 0 0 0 0 0 0 0 0 0 0 0 0 0 0 0 0 0 0 0 0 0 0 0 0 0 0 0
P7743 2051 8 0 0 0 0 0 0 0 0 0 0 0 0 0 0 0 0 0 0 0 0 0 0 0 7 0 0 0 0 0 0 0
P7743 2051 9 0 0 0 0 0 0 0 0 0 0 0 0 38 11 0 0 0 0 0 0 0 0 0 0 0 0 0 0 0 0 -999
P7743 2051 10 0 0 0 0 64 0 0 0 38 31 21 19 0 0 0 0 0 0 0 0 0 0 0 3 0 0 40 68 58 47 37
P7743 2051 11 27 68 52 11 5 2 0 3 0 2 0 0 0 5 4 6 5 8 0 0 0 3 0 9 7 0 0 0 10 0 -999
P7743 2051 12 0 0 0 26 31 11 8 73 81 5 28 47 9 9 58 90 54 57 7 2 0 0 0 0 0 0 0 0 0 0 0
P7743 2052 1 0 0 0 0 0 0 0 7 9 4 0 0 0 63 34 4 0 20 13 0 0 0 14 9 0 0 41 73 88 79 58
P7743 2052 2 17 54 70 80 25 92 95 48 18 61 41 24 9 5 26 68 32 18 29 27 0 0 0 39 41 5 6 31 -999 -999 -999
P7743 2052 3 0 0 0 0 0 0 0 0 0 0 0 0 0 6 21 77 25 52 74 65 4 9 73 2 0 3 0 0 0 0 0
P7743 2052 4 0 0 0 0 0 0 28 5 0 0 0 0 8 5 0 0 6 0 0 0 0 0 0 0 0 0 0 0 8 4 -999
P7743 2052 5 0 0 0 0 0 0 0 0 0 0 4 12 26 42 33 11 13 15 48 5 0 0 0 0 5 0 0 0 0 0 0
P7743 2052 6 0 0 0 0 0 0 0 0 0 0 0 0 0 0 0 0 0 0 0 0 0 0 0 0 0 0 0 0 0 0 -999
P7743 2052 7 0 0 0 0 0 0 0 0 0 0 0 0 0 0 0 0 0 0 0 0 0 0 0 0 0 0 0 0 0 0 0
P7743 2052 8 33 24 15 4 0 0 0 0 0 0 0 0 0 0 0 0 0 0 0 0 0 0 0 0 0 0 0 0 0 0 0
P7743 2052 9 0 0 0 0 0 0 0 0 0 0 0 0 0 0 0 0 0 0 0 0 0 0 0 0 0 0 0 0 0 0 -999
P7743 2052 10 0 0 0 0 0 0 0 0 0 0 0 0 0 0 0 0 0 0 0 0 0 0 0 0 31 33 0 0 0 0 12
P7743 2052 11 4 41 16 6 0 0 0 0 0 0 3 0 0 0 0 0 0 9 58 15 80 38 46 4 26 8 25 11 10 6 -999
P7743 2052 12 3 5 18 9 2 2 0 0 0 0 0 3 7 26 9 3 10 20 6 9 25 13 6 7 9 2 8 0 10 5 5
P7743 2053 1 3 6 5 5 4 0 4 15 77 74 89 60 70 5 9 43 32 3 0 0 0 0 22 24 20 24 34 29 13 22 54
P7743 2053 2 44 68 64 33 59 22 61 18 34 15 0 0 0 16 23 12 20 16 7 0 0 0 8 49 31 78 84 12 -999 -999 -999
P7743 2053 3 3 0 0 0 0 0 0 0 0 0 0 0 0 0 0 0 0 0 0 0 0 0 0 0 0 7 0 9 8 0 43
P7743 2053 4 26 30 3 4 3 0 0 0 0 0 0 0 35 55 57 5 7 0 0 0 0 0 0 41 92 83 61 24 35 0 -999
P7743 2053 5 0 0 3 0 0 0 0 0 0 0 0 0 0 0 0 0 0 0 0 0 0 0 0 0 0 0 0 0 0 6 0
P7743 2053 6 0 0 0 0 0 0 0 0 0 0 0 0 0 0 0 0 0 0 22 0 0 0 0 0 0 0 0 0 0 0 -999
P7743 2053 7 0 0 0 0 0 0 0 0 0 0 0 0 0 0 0 0 0 0 0 0 0 0 0 0 0 0 0 0 0 0 0
P7743 2053 8 0 0 0 0 0 0 0 0 0 0 0 0 0 0 0 0 0 0 0 0 0 0 0 0 0 0 0 0 0 0 0
P7743 2053 9 0 0 0 0 0 0 0 0 0 0 0 0 0 0 0 0 0 0 0 28 58 40 0 0 0 0 0 53 52 18 -999
P7743 2053 10 8 0 0 0 0 0 0 49 37 4 0 0 0 0 0 0 0 0 0 0 0 0 0 0 0 0 0 0 0 6 0
P7743 2053 11 0 0 7 0 0 0 0 0 0 0 0 15 0 0 61 38 83 33 79 28 70 19 10 18 4 0 0 0 0 0 -999
P7743 2053 12 0 0 0 0 0 0 0 0 0 9 24 82 70 35 10 12 23 23 24 9 8 0 20 62 35 23 0 0 0 0 9
P7743 2054 1 62 15 0 19 21 26 16 10 9 0 3 0 3 0 0 3 11 28 24 6 2 4 3 2 3 0 0 0 0 0 0
P7743 2054 2 0 8 15 37 39 35 12 14 6 0 0 6 0 0 0 0 0 0 0 0 6 0 10 0 0 0 0 0 -999 -999 -999
P7743 2054 3 0 0 0 0 0 0 0 5 4 0 0 0 0 0 19 10 32 8 4 0 0 0 17 2 5 31 18 18 39 12 45
P7743 2054 4 17 22 13 22 4 9 37 15 9 58 9 0 0 0 9 2 3 35 29 44 38 7 7 39 58 67 20 5 0 0 -999
P7743 2054 5 0 0 8 4 4 4 0 15 45 49 18 24 2 0 0 0 0 0 0 0 5 0 0 0 0 0 0 0 0 0 0
P7743 2054 6 0 0 0 0 0 0 0 0 0 0 0 0 0 0 0 0 0 0 0 0 0 0 0 0 0 0 0 0 0 0 -999
P7743 2054 7 0 0 0 0 0 0 0 0 0 0 0 0 0 0 0 0 0 21 13 7 0 0 0 0 0 0 0 0 0 0 0
P7743 2054 8 0 0 0 0 0 0 0 0 0 0 0 0 0 0 0 0 0 0 0 0 0 0 0 0 0 0 0 0 0 0 0
P7743 2054 9 0 0 0 0 0 0 0 0 0 0 0 0 0 0 0 0 0 0 0 0 0 0 30 20 11 0 0 0 0 0 -999
P7743 2054 10 0 0 0 0 0 0 0 0 13 0 49 33 14 0 0 0 0 0 0 0 54 75 4 4 5 0 0 0 8 14 46
P7743 2054 11 73 85 66 37 85 42 7 29 75 4 0 0 0 0 0 6 4 0 0 0 0 0 0 0 3 3 8 17 48 12 -999
P7743 2054 12 44 10 2 0 0 2 0 0 0 8 6 6 22 14 8 0 0 0 0 0 0 0 4 2 0 0 0 0 0 0 0
P7743 2055 1 0 0 6 46 84 61 17 19 31 66 58 84 80 25 48 74 26 50 61 89 53 92 93 9 5 4 2 2 4 3 4
P7743 2055 2 4 0 0 0 0 4 4 0 0 0 0 0 9 11 17 62 5 10 7 4 13 11 0 0 0 0 0 0 -999 -999 -999
P7743 2055 3 0 27 45 34 6 15 31 18 53 84 27 10 47 36 11 13 28 40 5 8 0 9 13 28 12 31 43 22 42 45 4
P7743 2055 4 0 0 0 0 0 0 44 3 35 14 0 6 8 3 7 0 0 0 0 33 72 42 64 81 70 54 42 17 5 9 -999
P7743 2055 5 16 43 72 48 14 0 0 50 35 15 0 6 9 14 9 0 0 0 0 0 0 0 0 0 0 0 0 0 0 0 0
P7743 2055 6 0 0 0 0 0 0 0 0 0 0 0 0 0 0 33 29 8 12 7 8 5 0 0 0 0 0 0 0 0 0 -999
P7743 2055 7 0 0 0 0 0 0 0 0 0 0 0 0 0 0 0 0 0 0 0 0 0 0 0 0 0 0 0 0 0 0 0
P7743 2055 8 0 0 0 0 0 0 0 0 0 0 0 0 0 0 0 0 0 0 0 0 0 0 0 0 0 0 0 0 0 0 0
P7743 2055 9 0 0 0 0 0 0 0 0 0 0 0 0 0 0 0 0 0 0 0 0 0 0 0 0 8 0 0 0 0 0 -999
P7743 2055 10 0 0 0 0 0 0 0 30 3 0 0 46 7 0 7 0 0 7 10 0 5 4 15 70 14 5 5 0 0 0 0
P7743 2055 11 0 17 0 0 17 77 86 89 5 0 0 0 0 15 0 25 4 0 0 0 11 8 6 27 4 0 0 0 7 15 -999
P7743 2055 12 26 49 3 3 0 0 0 0 0 27 46 78 31 26 24 18 10 9 5 58 60 26 4 0 0 0 0 0 0 0 19
P7743 2056 1 3 0 2 3 2 7 63 3 4 0 4 0 0 0 6 5 4 3 0 0 25 24 53 8 26 2 10 29 3 7 5
P7743 2056 2 0 0 0 0 2 0 0 0 0 0 0 0 0 0 0 0 5 0 0 0 6 6 4 0 0 0 0 0 -999 -999 -999
P7743 2056 3 0 0 29 4 0 0 0 4 0 41 5 0 0 0 0 59 21 7 7 5 4 0 0 7 0 50 34 29 10 14 0
P7743 2056 4 0 0 0 0 0 0 0 0 0 0 4 0 0 0 0 0 0 0 0 22 14 16 26 9 0 0 9 12 3 0 -999
P7743 2056 5 8 15 39 5 4 50 6 0 3 0 7 15 10 0 0 0 0 0 0 0 0 0 0 0 18 4 13 9 10 0 0
P7743 2056 6 25 18 0 0 0 8 12 0 0 0 0 0 0 0 0 0 0 0 0 0 0 0 0 0 0 0 0 0 0 0 -999
P7743 2056 7 0 0 0 0 0 0 0 0 0 0 0 0 0 0 0 0 0 0 0 0 0 0 0 0 0 0 0 0 0 0 0
P7743 2056 8 0 0 0 0 0 0 0 0 0 0 0 0 0 0 0 0 0 0 0 0 0 0 0 0 0 0 0 0 0 0 0
P7743 2056 9 0 0 0 0 0 0 0 0 0 0 0 0 0 0 0 0 0 0 0 0 0 0 0 0 0 0 0 0 0 31 -999
P7743 2056 10 0 19 6 0 0 0 0 0 0 0 0 0 0 0 0 0 0 0 0 0 0 0 0 65 74 14 0 0 0 0 0
P7743 2056 11 0 0 0 15 30 24 33 20 0 0 0 0 0 16 0 0 0 0 12 18 10 6 4 21 39 31 33 61 66 72 -999
P7743 2056 12 21 63 70 56 93 55 68 22 12 42 67 43 5 15 28 63 28 61 51 48 68 12 2 0 0 0 0 0 0 0 9
P7743 2057 1 0 5 0 0 6 7 18 22 18 11 0 0 6 6 0 0 0 0 0 0 0 0 0 2 5 28 61 68 61 5 33
P7743 2057 2 10 10 12 10 51 79 52 56 62 36 4 0 0 0 7 0 8 9 24 67 15 3 8 12 9 5 0 6 -999 -999 -999
P7743 2057 3 0 0 0 4 8 7 10 0 0 10 6 0 0 0 0 0 0 0 0 0 0 0 0 0 8 6 6 8 5 6 7
P7743 2057 4 6 0 7 0 0 0 0 35 26 18 33 24 8 9 36 74 41 31 8 3 3 8 0 0 0 0 0 12 0 0 -999
P7743 2057 5 0 0 0 0 0 0 0 0 0 0 0 6 8 8 32 37 49 23 3 0 0 3 5 0 0 0 0 15 24 8 6
P7743 2057 6 6 6 5 0 0 0 0 0 0 7 9 0 0 0 0 0 0 0 0 0 0 0 0 0 0 0 0 0 0 0 -999
P7743 2057 7 0 0 0 0 0 0 0 0 0 0 0 0 0 0 0 0 0 0 0 0 0 0 0 0 0 0 0 0 0 0 0
P7743 2057 8 0 0 0 0 0 0 0 0 0 0 0 0 0 0 0 0 0 0 0 0 0 0 0 0 0 0 0 0 0 0 0
P7743 2057 9 0 0 0 0 0 0 0 0 0 0 0 0 0 0 0 0 0 0 0 0 0 0 0 0 0 0 11 0 0 0 -999
P7743 2057 10 0 0 7 0 0 0 0 0 0 0 0 0 0 0 0 0 0 9 0 0 0 0 0 0 0 0 0 0 8 7 16
P7743 2057 11 9 4 42 79 27 71 7 21 37 27 92 88 16 17 10 21 11 12 7 8 4 0 0 0 0 0 0 0 0 0 -999
P7743 2057 12 0 0 0 0 0 3 0 6 24 18 54 67 80 37 17 3 0 0 0 0 0 0 0 0 0 0 0 0 6 11 0
P7743 2058 1 0 0 0 0 0 0 0 0 22 32 10 10 12 57 28 0 6 0 0 0 0 0 0 0 0 8 9 3 5 6 7
P7743 2058 2 19 4 0 0 0 0 0 0 0 0 0 6 11 7 15 5 0 0 0 0 0 0 0 0 0 0 0 0 -999 -999 -999
P7743 2058 3 0 0 0 0 0 0 0 0 0 0 0 0 0 0 0 0 5 0 0 0 30 13 6 33 42 73 4 0 2 0 0
P7743 2058 4 0 0 0 4 2 0 0 0 0 11 3 4 6 5 3 0 0 0 6 3 0 0 0 0 0 0 0 0 0 0 -999
P7743 2058 5 0 0 0 0 0 0 0 0 0 0 0 0 0 0 0 0 0 0 0 0 0 0 0 6 0 0 0 17 18 24 0
P7743 2058 6 18 0 0 0 0 0 0 0 0 0 0 0 0 0 0 0 0 0 0 0 0 0 0 0 0 0 0 0 0 0 -999
P7743 2058 7 0 0 0 0 0 0 0 0 0 0 0 0 0 0 0 0 10 0 0 0 0 0 0 0 0 0 0 0 0 0 0
P7743 2058 8 0 0 0 0 0 0 0 0 0 0 0 0 0 0 0 0 0 0 0 0 0 0 0 0 0 0 0 0 0 0 0
P7743 2058 9 0 0 0 0 0 0 0 0 0 0 0 0 0 0 0 0 0 0 0 0 0 0 23 0 0 0 0 0 0 0 -999
P7743 2058 10 0 0 0 0 0 0 0 0 0 0 0 0 0 0 0 0 0 0 0 0 0 5 4 0 0 0 0 0 0 0 0
P7743 2058 11 0 0 0 0 0 0 0 28 36 19 23 14 2 5 10 41 14 86 65 92 17 7 15 4 0 39 60 67 78 52 -999
P7743 2058 12 5 36 12 5 3 4 9 2 4 0 0 0 0 0 11 3 7 49 61 47 33 34 7 10 6 11 58 35 3 5 66
P7743 2059 1 12 81 13 6 2 3 2 3 0 0 0 0 0 0 14 6 0 0 10 7 34 6 4 0 7 3 0 0 0 0 0
P7743 2059 2 0 0 0 0 0 0 0 0 0 0 0 0 0 0 0 0 0 0 0 0 0 0 0 0 0 0 0 0 -999 -999 -999
P7743 2059 3 0 0 0 0 0 0 0 0 0 0 6 13 9 6 0 0 0 0 0 0 48 7 10 42 11 51 3 6 10 5 3
P7743 2059 4 2 0 0 0 0 0 0 0 0 0 0 0 0 0 0 0 0 0 0 0 0 0 0 0 0 0 0 0 25 13 -999
P7743 2059 5 0 0 0 0 39 9 8 14 13 0 0 0 0 0 0 0 0 5 0 0 0 0 0 0 0 0 0 0 0 0 0
P7743 2059 6 0 0 0 0 0 0 0 0 0 0 0 0 0 0 0 0 0 0 0 0 0 0 0 0 0 0 0 0 0 0 -999
P7743 2059 7 0 0 0 0 0 0 0 0 0 0 0 0 0 0 0 9 7 0 0 0 0 0 0 0 0 0 0 0 0 0 0
P7743 2059 8 0 0 0 0 0 0 0 0 0 0 0 0 0 0 0 0 0 0 0 0 0 0 0 0 0 0 0 0 0 0 0
P7743 2059 9 0 0 0 0 0 0 0 0 0 0 0 0 0 0 0 0 0 0 0 0 0 0 0 18 15 0 0 0 0 0 -999
P7743 2059 10 0 0 0 0 0 0 0 0 0 0 0 0 0 0 12 13 0 0 0 0 24 49 82 53 7 17 8 0 0 44 13
P7743 2059 11 21 43 31 43 44 0 0 0 4 0 32 9 5 25 86 64 5 5 3 4 8 8 62 37 3 0 43 8 4 6 -999
P7743 2059 12 0 0 0 0 0 0 0 10 11 8 0 5 2 2 2 0 0 0 0 0 0 0 0 0 0 0 11 69 79 30 0
P7743 2060 1 10 47 70 59 51 48 0 0 0 10 4 0 0 0 0 0 0 0 0 0 0 0 0 0 0 2 3 3 0 0 3
P7743 2060 2 0 0 0 5 18 6 22 11 39 32 24 69 11 64 91 67 29 23 10 2 16 4 22 32 69 7 23 16 -999 -999 -999
P7743 2060 3 53 36 27 20 24 32 41 85 16 8 0 0 0 0 0 0 53 62 78 68 95 80 11 3 0 0 4 28 11 11 4
P7743 2060 4 0 0 0 0 0 0 0 0 0 0 15 14 0 0 0 0 0 0 0 0 0 0 0 0 0 0 0 0 0 0 -999
P7743 2060 5 0 0 0 0 0 0 0 0 0 0 0 0 0 0 0 0 0 0 0 0 0 0 0 0 0 0 0 0 0 0 0
P7743 2060 6 0 0 0 0 14 16 24 20 8 5 7 5 0 0 0 0 0 0 0 0 0 0 0 0 0 0 0 0 0 0 -999
P7743 2060 7 0 0 0 0 0 0 0 0 0 0 0 0 0 0 0 0 0 0 0 0 0 0 0 0 0 0 0 0 0 0 0
P7743 2060 8 0 0 0 0 0 0 0 0 0 0 0 0 0 0 0 0 0 0 0 0 0 0 0 0 0 0 0 0 0 0 0
P7743 2060 9 0 0 0 0 0 0 0 0 0 0 0 0 0 0 0 6 0 0 0 0 0 0 0 0 0 59 31 0 0 0 -999
P7743 2060 10 0 0 0 0 0 0 0 0 0 0 0 55 23 55 7 0 0 7 0 0 18 7 10 7 26 11 15 36 25 17 76
P7743 2060 11 82 14 8 5 0 0 0 0 17 7 0 4 3 2 3 5 0 19 3 0 0 0 0 0 5 11 16 4 12 5 -999
P7743 2060 12 0 10 19 13 28 51 13 0 7 12 0 0 0 0 22 34 6 14 2 25 63 2 2 3 4 12 4 0 5 0 0
P7743 2061 1 0 0 0 5 0 0 0 0 0 0 8 0 0 19 14 19 41 15 60 13 26 61 68 42 90 64 84 40 17 21 15
P7743 2061 2 3 0 0 0 8 0 0 0 10 13 24 26 10 51 48 16 7 22 4 45 15 44 2 3 10 4 14 7 -999 -999 -999
P7743 2061 3 81 76 29 50 5 2 14 6 12 10 60 10 37 16 39 32 5 32 65 17 7 2 0 0 0 0 0 0 0 0 0
P7743 2061 4 0 0 16 11 15 17 23 55 65 15 15 15 14 11 5 8 38 63 47 9 0 0 0 0 9 9 0 0 0 0 -999
P7743 2061 5 0 0 33 12 10 5 0 0 0 0 0 0 0 0 0 0 0 0 0 0 0 0 0 0 0 0 0 0 0 0 0
P7743 2061 6 0 0 0 0 0 0 0 0 0 0 0 0 0 0 0 0 0 0 0 0 0 0 0 0 0 0 0 0 0 0 -999
P7743 2061 7 0 0 0 0 0 0 0 0 0 0 0 0 0 0 0 0 0 0 0 0 0 0 0 0 0 0 0 0 0 0 0
P7743 2061 8 0 0 0 0 0 0 0 0 0 0 0 0 0 0 0 0 0 0 0 0 0 0 0 0 0 0 0 0 0 0 0
P7743 2061 9 0 0 0 0 0 0 0 0 0 0 0 0 0 0 0 0 38 56 85 41 43 14 0 0 0 0 0 0 0 0 -999
P7743 2061 10 0 35 31 8 0 16 37 14 58 48 0 0 0 6 0 0 13 19 0 0 0 0 0 0 27 38 57 24 0 0 10
P7743 2061 11 0 0 10 0 0 7 8 14 12 12 3 0 0 0 0 0 0 16 14 0 0 0 0 0 0 0 0 0 8 9 -999
P7743 2061 12 43 75 56 0 0 0 0 0 0 0 4 5 3 0 0 0 0 18 13 4 5 3 0 0 0 0 0 0 5 15 0
P7743 2062 1 0 0 0 0 0 0 0 0 0 0 0 0 12 9 29 46 25 35 2 0 4 4 0 0 0 0 9 18 3 14 71
P7743 2062 2 24 63 7 18 3 20 37 48 35 14 2 0 0 0 0 4 9 21 24 4 17 64 69 82 97 70 55 3 -999 -999 -999
P7743 2062 3 0 0 0 0 0 17 3 0 0 10 0 0 0 0 0 0 0 0 0 0 0 0 26 15 11 48 0 0 0 0 0
P7743 2062 4 0 12 3 0 0 24 0 0 0 21 27 3 0 0 0 0 4 8 0 0 6 8 16 49 32 11 0 0 0 0 -999
P7743 2062 5 0 0 54 14 0 0 0 0 15 0 0 0 0 0 0 0 0 0 4 0 0 0 0 0 0 0 0 16 20 6 8
P7743 2062 6 8 3 0 0 0 0 0 0 0 0 0 0 0 0 0 0 0 0 0 0 0 0 0 0 0 0 0 0 0 0 -999
P7743 2062 7 0 0 0 0 0 0 0 0 0 0 0 0 0 0 0 0 0 0 0 0 0 0 0 0 0 0 0 0 0 0 0
P7743 2062 8 0 0 0 0 0 0 0 0 0 0 0 0 0 0 0 0 0 0 0 0 0 0 0 0 0 0 0 0 0 0 0
P7743 2062 9 0 0 0 0 0 0 0 0 0 0 0 0 0 0 0 0 0 0 0 0 0 0 0 0 0 0 0 0 0 0 -999
P7743 2062 10 0 0 0 0 0 0 38 39 0 0 0 0 0 0 0 0 0 0 0 41 27 24 27 0 27 39 34 36 13 5 0
P7743 2062 11 0 0 21 0 66 80 12 4 0 0 31 9 0 17 0 0 0 10 12 44 50 22 58 46 47 3 0 11 0 5 -999
P7743 2062 12 2 0 0 0 0 0 14 0 31 62 57 6 0 0 0 60 8 0 6 7 11 11 13 19 31 0 0 0 4 0 0
P7743 2063 1 0 0 9 9 6 6 0 0 0 0 0 0 2 2 0 0 0 0 0 6 9 3 0 10 0 19 47 6 0 0 0
P7743 2063 2 0 0 0 0 0 0 10 11 11 3 0 0 2 4 29 0 0 0 0 5 5 3 3 5 2 3 0 8 -999 -999 -999
P7743 2063 3 7 4 6 0 0 0 12 2 2 9 33 12 37 35 58 46 4 9 6 10 12 0 0 47 0 52 66 82 58 3 0
P7743 2063 4 18 21 8 0 0 0 0 0 0 51 77 6 2 3 4 21 30 49 0 0 0 17 9 4 12 5 12 18 7 2 -999
P7743 2063 5 2 0 0 0 0 0 0 0 0 7 7 6 24 21 8 9 4 4 0 6 4 15 3 0 0 0 0 0 0 0 0
P7743 2063 6 0 0 0 0 0 0 0 0 0 0 0 0 0 0 0 0 0 0 0 0 0 0 0 0 0 0 0 0 0 0 -999
P7743 2063 7 0 0 0 0 0 0 0 0 0 0 0 0 0 0 0 0 0 0 0 0 0 0 0 0 0 0 0 0 0 0 0
P7743 2063 8 0 0 0 0 0 0 0 0 0 0 0 0 0 0 0 0 0 0 0 0 0 0 0 0 0 0 0 0 0 0 0
P7743 2063 9 0 0 0 0 0 0 0 0 0 0 0 0 0 0 0 0 0 0 0 0 0 0 0 0 0 0 52 0 0 0 -999
P7743 2063 10 0 0 0 0 0 7 0 0 18 24 52 9 5 20 18 7 5 0 12 57 29 37 10 0 0 0 0 58 14 21 0
P7743 2063 11 0 5 0 0 0 0 0 0 0 0 4 0 0 5 0 0 0 0 0 6 3 6 0 9 44 3 0 29 13 25 -999
P7743 2063 12 19 19 35 0 29 42 20 0 0 0 11 40 8 23 0 0 9 15 5 0 0 0 23 20 15 0 16 0 7 37 7
P7743 2064 1 0 0 0 27 5 13 0 0 0 18 57 69 40 40 11 3 2 17 0 0 40 47 22 0 0 0 0 17 16 5 0
P7743 2064 2 0 0 0 0 0 0 0 0 0 0 0 0 11 66 18 16 16 14 3 0 0 0 0 0 0 12 28 33 -999 -999 -999
P7743 2064 3 6 14 47 84 65 17 0 4 6 16 37 3 0 6 0 9 0 8 8 7 0 10 55 3 0 0 2 0 12 30 14
P7743 2064 4 13 16 15 42 11 0 0 3 2 3 0 0 0 0 0 0 0 16 3 3 4 0 0 45 30 13 21 44 0 0 -999
P7743 2064 5 0 9 5 0 0 0 0 0 0 0 0 4 0 4 0 0 0 0 0 0 0 0 0 0 0 0 0 0 0 0 0
P7743 2064 6 0 0 0 0 0 0 0 0 0 0 0 0 0 0 0 0 0 0 0 0 0 0 0 0 0 0 0 0 0 0 -999
P7743 2064 7 0 0 0 0 0 0 0 0 0 0 0 0 0 0 0 0 0 0 0 0 0 0 0 0 0 0 0 0 0 0 0
P7743 2064 8 0 0 0 0 0 0 0 0 0 0 0 0 0 0 0 0 0 0 0 0 0 0 0 0 0 0 0 0 0 0 0
P7743 2064 9 0 0 0 0 0 0 0 0 0 0 0 0 0 0 0 0 0 0 0 0 0 0 0 0 0 0 0 17 0 4 -999
P7743 2064 10 5 7 6 11 0 0 0 0 0 0 0 0 0 0 0 0 0 0 0 0 0 7 9 25 7 0 5 0 0 0 0
P7743 2064 11 0 0 0 0 4 6 2 0 3 11 0 0 3 4 4 0 0 0 0 0 0 0 10 56 11 8 12 31 57 10 -999
P7743 2064 12 0 6 4 6 9 0 0 0 45 71 39 15 0 0 0 0 0 0 0 54 46 61 8 5 3 19 21 52 20 49 26
P7743 2065 1 11 38 12 5 3 11 72 76 71 81 22 4 2 2 0 0 0 0 0 0 0 0 6 2 0 0 0 0 0 0 4
P7743 2065 2 11 19 13 38 4 0 0 0 0 4 8 0 0 0 0 0 0 0 5 6 14 0 0 0 11 7 0 5 -999 -999 -999
P7743 2065 3 2 0 0 0 0 10 23 3 12 23 0 0 0 0 0 0 6 14 0 0 0 8 0 44 10 46 26 34 13 30 61
P7743 2065 4 30 13 39 6 3 0 0 0 0 0 19 24 30 34 29 0 0 0 0 0 0 0 0 0 12 19 5 0 14 5 -999
P7743 2065 5 4 0 10 4 13 0 9 12 6 7 3 2 0 0 0 10 17 0 0 0 4 0 0 0 0 0 0 0 0 0 7
P7743 2065 6 18 21 15 32 23 9 7 3 0 0 0 42 16 0 0 0 0 0 0 0 0 0 0 0 0 0 0 0 0 0 -999
P7743 2065 7 0 0 0 0 0 0 0 0 0 0 0 0 0 0 0 0 0 0 0 0 0 0 0 0 0 0 0 0 0 0 0
P7743 2065 8 0 0 0 0 0 0 0 0 0 0 0 0 0 0 0 0 0 0 0 0 0 0 0 0 0 0 0 0 0 0 0
P7743 2065 9 0 0 0 0 0 0 0 0 0 0 0 0 0 0 0 0 0 0 0 0 46 50 79 81 35 23 16 15 0 0 -999
P7743 2065 10 0 0 0 0 0 0 0 0 0 0 0 0 0 0 0 0 23 56 70 4 0 0 20 0 0 0 0 0 0 0 0
P7743 2065 11 0 0 0 0 36 8 22 27 8 0 0 17 14 8 0 0 0 0 0 0 0 0 0 0 0 4 0 0 0 0 -999
P7743 2065 12 0 0 0 0 0 6 0 0 0 8 26 45 8 0 0 0 0 0 0 9 24 14 79 63 18 30 9 16 10 0 6
P7743 2066 1 2 0 0 10 37 0 0 0 7 10 10 0 5 4 5 0 22 5 0 0 0 0 0 0 0 0 0 0 0 0 0
P7743 2066 2 0 0 0 0 0 8 16 12 7 0 0 0 0 0 0 0 0 24 25 8 0 0 0 12 7 41 6 9 -999 -999 -999
P7743 2066 3 63 80 88 84 96 78 50 52 86 40 12 21 8 0 18 31 5 5 6 38 44 24 6 3 3 0 0 20 19 12 27
P7743 2066 4 28 0 0 0 0 0 44 33 4 0 0 0 0 0 0 7 10 13 8 0 0 0 0 0 0 0 0 0 0 0 -999
P7743 2066 5 0 0 0 0 0 0 0 0 0 0 0 0 0 0 0 0 0 0 0 0 0 0 0 0 0 0 0 0 0 0 0
P7743 2066 6 0 0 0 0 0 0 0 0 0 0 0 0 0 0 0 0 0 0 0 0 0 0 0 0 0 0 0 0 0 0 -999
P7743 2066 7 0 0 0 0 0 0 0 0 0 0 0 0 0 0 0 0 0 0 0 0 0 0 0 0 0 0 0 0 0 0 0
P7743 2066 8 0 0 0 0 0 0 0 0 0 0 0 0 0 0 0 0 0 0 0 0 0 0 0 0 0 0 0 0 0 0 0
P7743 2066 9 0 0 0 0 0 0 0 0 0 0 0 0 0 0 0 0 0 0 0 0 0 0 0 0 0 0 0 0 0 0 -999
P7743 2066 10 0 0 0 0 0 0 0 0 0 0 0 0 54 28 14 56 43 24 12 17 0 37 19 0 14 0 45 35 24 14 72
P7743 2066 11 32 16 11 19 22 37 38 53 57 44 4 0 0 0 0 42 26 17 35 46 41 71 10 0 0 31 75 48 68 84 -999
P7743 2066 12 87 80 88 0 0 0 0 0 8 13 11 54 47 85 20 8 66 41 2 0 3 7 16 9 4 27 22 21 11 11 9
P7743 2067 1 12 35 63 87 78 49 24 29 13 5 13 31 77 74 50 28 35 89 89 7 0 36 68 58 37 16 15 9 34 25 5
P7743 2067 2 7 6 5 3 0 0 3 18 53 7 18 50 9 0 0 0 0 4 6 3 12 11 5 4 0 0 0 0 -999 -999 -999
P7743 2067 3 0 0 0 15 3 0 0 0 5 4 5 14 10 4 9 23 16 0 0 7 0 0 0 12 6 16 37 52 4 0 0
P7743 2067 4 0 0 0 0 0 0 8 20 19 3 0 0 0 13 9 4 3 3 6 3 2 0 0 0 13 25 16 17 0 17 -999
P7743 2067 5 0 0 0 0 0 44 42 0 0 6 8 10 11 25 13 5 10 15 46 41 19 13 4 0 0 0 0 0 0 0 0
P7743 2067 6 0 0 0 0 0 0 0 50 0 0 0 0 0 0 0 0 0 0 0 0 0 0 0 0 0 0 0 0 0 0 -999
P7743 2067 7 0 0 0 0 0 0 0 0 0 0 0 0 0 0 0 0 0 0 0 0 0 0 0 0 0 0 0 0 0 0 0
P7743 2067 8 0 0 0 0 0 0 0 0 0 0 0 0 0 0 0 0 0 0 0 0 0 0 0 0 0 0 0 0 0 0 0
P7743 2067 9 0 0 0 0 0 0 0 0 0 0 0 0 0 0 0 0 0 0 0 0 0 0 0 0 0 0 0 0 0 0 -999
P7743 2067 10 0 0 0 0 0 0 26 41 0 0 0 0 0 0 0 0 0 0 0 0 0 0 0 0 0 0 0 0 31 20 42
P7743 2067 11 20 45 74 62 14 25 80 67 58 30 17 29 19 15 20 18 6 38 74 37 0 20 0 9 11 2 0 2 10 3 -999
P7743 2067 12 4 3 0 23 57 69 6 0 68 44 56 79 11 14 0 0 0 0 0 22 8 17 5 0 0 0 0 0 0 0 0
P7743 2068 1 4 0 2 0 0 0 0 0 4 23 24 7 3 0 0 2 4 10 9 7 7 11 24 39 12 44 5 0 46 45 76
P7743 2068 2 6 11 10 4 6 29 16 26 74 77 6 13 21 6 35 46 5 0 0 4 9 0 14 9 11 0 0 0 -999 -999 -999
P7743 2068 3 0 0 0 14 6 4 0 6 0 92 40 14 3 0 0 0 27 0 0 8 4 0 0 23 0 0 0 0 0 0 0
P7743 2068 4 15 11 0 14 20 11 0 0 0 0 0 0 0 0 0 0 0 0 0 0 0 0 6 6 8 4 0 22 2 0 -999
P7743 2068 5 0 0 0 33 56 0 18 6 3 8 11 52 54 8 23 14 6 8 7 12 13 0 0 0 0 0 0 0 0 0 0
P7743 2068 6 0 0 0 0 0 0 0 0 0 0 0 0 0 0 0 0 0 0 0 0 0 0 0 0 0 0 0 0 0 0 -999
P7743 2068 7 0 0 0 0 0 0 0 0 0 0 0 0 0 0 0 0 0 0 0 0 0 0 0 0 0 0 0 0 0 0 0
P7743 2068 8 0 0 0 0 0 0 0 0 0 0 0 0 0 0 0 0 0 0 0 0 0 0 0 0 0 0 0 0 0 0 0
P7743 2068 9 0 0 0 0 0 0 0 0 0 0 0 0 0 0 0 0 0 0 0 0 20 50 46 25 0 0 9 10 0 23 -999
P7743 2068 10 11 18 0 0 0 0 16 26 0 0 0 0 32 18 0 0 0 12 5 16 21 30 68 27 2 0 0 0 20 17 27
P7743 2068 11 0 0 0 0 0 0 0 0 0 0 0 0 0 0 12 62 3 3 10 4 20 83 12 34 15 0 0 0 32 43 -999
P7743 2068 12 0 35 43 17 85 71 8 8 34 24 29 6 13 6 38 61 86 88 47 0 16 8 0 0 0 9 2 0 0 0 0
P7743 2069 1 0 0 0 0 0 3 9 2 3 79 59 8 3 0 0 0 0 0 0 0 0 0 0 0 13 20 20 45 77 91 83
P7743 2069 2 48 11 8 3 66 19 5 14 59 61 6 3 6 12 4 2 0 0 0 0 0 0 4 2 2 2 0 3 -999 -999 -999
P7743 2069 3 49 67 12 13 35 29 31 0 26 11 15 7 0 0 0 0 0 0 0 0 0 0 0 9 4 4 9 32 50 5 0
P7743 2069 4 8 0 0 0 0 0 20 63 12 10 76 79 15 31 51 60 32 39 61 44 4 6 0 0 0 0 0 30 37 32 -999
P7743 2069 5 58 16 5 0 9 29 52 40 13 7 0 0 0 0 0 0 6 0 0 17 7 0 0 0 0 0 0 5 3 0 0
P7743 2069 6 5 0 0 0 0 0 0 0 0 0 0 0 0 0 0 0 0 0 0 0 0 0 0 0 0 0 0 0 0 0 -999
P7743 2069 7 0 14 8 0 0 0 0 0 0 0 0 0 0 0 0 0 0 0 0 0 0 0 0 0 0 0 0 0 0 0 0
P7743 2069 8 0 0 0 0 0 0 0 0 0 0 0 0 0 0 0 0 0 0 0 0 0 0 0 0 0 0 0 0 0 0 0
P7743 2069 9 0 0 0 0 0 0 0 0 27 0 0 0 0 0 0 0 0 0 0 12 0 0 0 0 6 0 22 20 70 62 -999
P7743 2069 10 62 41 62 40 0 0 0 0 0 0 0 0 0 0 14 13 10 0 0 0 10 34 46 11 5 2 0 0 0 0 25
P7743 2069 11 52 49 76 42 5 0 0 0 35 62 92 87 74 51 11 0 0 0 0 0 12 0 24 44 14 44 19 73 84 3 -999
P7743 2069 12 2 23 50 90 61 64 56 7 0 0 0 0 15 0 0 0 0 0 0 0 0 0 55 24 6 0 7 0 26 6 0
P7743 2070 1 18 31 19 27 51 17 3 0 59 9 7 0 0 0 0 0 10 7 22 43 48 45 54 62 34 10 78 6 11 74 83
P7743 2070 2 68 62 76 22 4 6 12 7 16 53 23 18 11 0 35 47 37 4 0 0 6 11 58 35 37 14 68 8 -999 -999 -999
P7743 2070 3 11 0 0 0 0 0 0 0 42 73 61 43 14 7 7 0 0 17 39 6 48 59 30 7 55 9 0 0 0 0 0
P7743 2070 4 0 37 8 0 18 21 14 27 14 7 14 21 8 12 46 30 17 3 4 0 0 13 16 3 5 3 4 9 2 0 -999
P7743 2070 5 0 0 0 0 24 15 8 8 0 8 0 35 38 80 25 20 0 13 14 0 0 0 0 0 0 0 0 0 0 0 0
P7743 2070 6 0 0 0 0 0 0 0 0 0 0 0 0 0 0 0 0 0 0 0 0 0 0 0 0 0 0 0 0 0 0 -999
P7743 2070 7 0 0 0 0 0 0 0 0 0 0 0 0 0 0 0 0 0 0 0 0 0 0 0 0 0 0 0 0 0 0 0
P7743 2070 8 0 0 0 0 0 0 0 0 0 0 0 0 0 0 0 0 0 0 0 0 0 0 0 0 0 0 0 0 0 0 0
P7743 2070 9 0 0 0 0 0 0 0 0 0 0 0 0 0 0 0 0 0 0 0 0 0 0 0 0 0 0 0 0 13 18 -999
P7743 2070 10 8 0 0 0 0 0 21 29 14 16 37 28 15 8 0 0 0 5 31 80 56 70 31 4 0 0 0 0 0 15 11
P7743 2070 11 0 0 50 20 6 7 38 43 45 15 34 73 46 16 7 16 42 5 21 34 28 60 54 35 0 0 0 0 0 3 -999
P7743 2070 12 0 0 5 0 0 0 0 0 0 5 4 4 6 4 0 0 0 0 2 0 4 47 8 7 13 5 13 20 25 6 5
P7743 2071 1 0 5 6 19 3 0 0 3 12 18 12 19 24 32 73 88 97 96 91 41 30 14 73 48 49 3 4 6 5 12 50
P7743 2071 2 11 6 0 4 32 50 21 12 4 0 0 0 0 0 0 0 0 0 7 14 20 8 2 3 10 45 68 8 -999 -999 -999
P7743 2071 3 0 0 0 0 0 4 7 0 0 5 7 6 0 0 6 0 0 0 6 11 0 0 0 0 0 0 0 0 0 5 0
P7743 2071 4 0 0 0 0 0 0 0 0 0 0 0 0 0 0 0 0 0 0 0 0 21 0 0 0 0 0 0 0 0 0 -999
P7743 2071 5 0 0 0 0 0 0 0 0 0 0 0 0 0 0 27 8 14 0 0 0 0 0 0 0 0 0 0 0 0 0 0
P7743 2071 6 0 0 0 0 0 0 0 9 6 0 0 0 0 0 0 0 0 0 0 0 0 0 0 0 0 0 0 0 0 0 -999
P7743 2071 7 0 0 0 0 0 0 0 0 0 0 0 0 0 0 0 0 0 0 0 0 0 0 0 0 0 0 0 0 0 0 0
P7743 2071 8 0 0 0 0 0 0 0 0 0 0 0 0 0 0 0 0 0 0 0 0 0 0 0 0 0 0 0 0 0 0 0
P7743 2071 9 0 0 0 0 0 0 0 0 0 0 0 0 0 0 0 0 0 0 0 0 0 0 0 0 0 0 0 0 0 0 -999
P7743 2071 10 0 0 0 0 0 0 0 0 7 5 3 0 0 0 0 0 0 0 0 0 0 0 0 0 17 0 0 0 0 0 0
P7743 2071 11 33 11 0 0 0 9 25 62 67 13 6 36 7 0 0 15 4 0 0 0 0 0 0 0 0 15 12 4 0 0 -999
P7743 2071 12 0 3 3 0 6 26 8 6 0 0 0 0 0 0 0 0 0 0 0 0 0 0 0 0 0 0 0 0 0 0 0
P7743 2072 1 0 3 3 0 0 5 2 4 3 6 3 2 0 6 21 6 2 0 0 0 15 79 88 12 0 0 6 31 73 6 22
P7743 2072 2 3 3 4 13 45 12 5 24 9 63 18 72 72 74 50 86 94 94 86 91 93 86 68 33 3 7 23 7 -999 -999 -999
P7743 2072 3 0 0 0 14 25 16 43 29 2 0 0 24 0 8 0 0 0 0 27 0 0 0 12 3 3 0 0 0 36 5 3
P7743 2072 4 0 0 0 0 0 67 49 41 36 9 29 9 0 8 45 54 20 5 0 0 21 0 80 75 29 0 0 0 0 0 -999
P7743 2072 5 0 0 0 15 0 0 6 5 10 13 0 0 0 0 0 0 0 0 0 0 0 0 0 0 0 0 0 0 0 0 0
P7743 2072 6 9 8 11 6 0 0 0 0 0 0 0 0 0 0 0 0 0 0 0 0 0 0 0 0 0 0 0 0 0 0 -999
P7743 2072 7 0 0 0 0 0 0 0 0 0 0 0 0 0 0 0 0 0 0 0 0 0 0 0 0 0 0 0 0 0 0 0
P7743 2072 8 0 0 0 0 0 0 0 0 0 0 0 0 0 0 0 0 0 0 0 0 0 0 0 0 0 0 0 0 0 0 0
P7743 2072 9 0 0 0 0 0 0 0 0 0 0 0 0 0 0 0 0 0 0 0 0 0 0 0 0 0 0 0 0 0 0 -999
P7743 2072 10 12 9 0 0 0 0 14 0 0 0 0 0 0 0 0 0 33 32 14 0 8 12 0 21 16 38 13 0 0 42 63
P7743 2072 11 14 22 0 44 70 68 64 69 75 87 62 10 2 0 0 0 0 0 0 0 0 21 57 79 32 28 94 4 4 5 -999
P7743 2072 12 0 0 0 0 4 34 37 16 4 9 4 2 0 0 0 0 0 0 0 0 0 0 5 0 0 0 4 0 0 0 0
P7743 2073 1 0 0 0 0 0 15 3 0 0 0 0 0 6 0 0 0 0 0 0 0 0 0 0 0 0 0 3 0 0 0 0
P7743 2073 2 0 0 6 11 5 5 5 11 44 61 87 31 15 58 13 3 21 6 7 0 2 0 8 0 0 0 0 0 -999 -999 -999
P7743 2073 3 0 0 0 0 0 0 0 4 8 8 3 0 0 6 6 0 10 15 23 24 6 5 2 0 0 0 0 19 12 6 0
P7743 2073 4 0 0 0 0 0 0 0 0 0 0 0 0 0 0 46 52 27 0 0 0 0 8 0 30 22 0 3 8 0 0 -999
P7743 2073 5 13 0 0 0 0 0 0 0 0 0 0 0 0 0 0 17 13 15 30 7 2 3 17 39 5 0 6 4 0 0 0
P7743 2073 6 0 0 0 0 0 0 0 0 0 0 0 0 0 0 0 0 0 0 0 0 0 0 0 0 0 0 0 0 0 0 -999
P7743 2073 7 0 0 0 0 0 0 0 0 0 0 0 0 0 0 0 0 0 0 0 0 0 0 0 0 0 0 0 0 0 0 0
P7743 2073 8 0 0 0 0 0 0 0 0 0 0 0 0 0 0 0 0 0 0 0 0 0 0 0 0 0 0 0 0 0 0 0
P7743 2073 9 0 0 0 0 7 7 0 0 0 0 0 13 0 0 0 0 0 0 0 0 0 0 18 0 0 0 0 9 0 0 -999
P7743 2073 10 0 0 0 0 0 0 20 41 2 28 53 0 0 0 0 0 0 0 61 10 0 0 0 0 0 0 0 36 4 6 12
P7743 2073 11 19 10 4 0 7 14 86 88 54 59 20 4 2 0 0 0 0 0 3 2 0 18 6 24 14 18 18 9 9 16 -999
P7743 2073 12 34 58 35 46 5 17 3 3 0 0 0 0 0 0 0 0 3 3 4 16 33 47 4 9 43 7 7 0 0 0 0
P7743 2074 1 0 3 0 0 0 0 0 0 0 3 4 5 0 0 0 0 0 14 17 17 0 0 0 0 0 0 5 4 3 0 0
P7743 2074 2 0 0 0 0 0 0 9 9 39 5 3 0 4 0 0 0 0 0 0 10 8 10 8 0 5 5 0 0 -999 -999 -999
P7743 2074 3 0 20 7 0 0 0 0 0 0 0 0 0 0 0 0 0 0 0 0 0 6 0 0 0 0 0 0 0 0 0 0
P7743 2074 4 5 0 0 0 0 0 0 0 0 0 0 0 0 0 0 0 0 0 0 0 0 0 0 0 14 27 16 4 0 0 -999
P7743 2074 5 0 0 0 0 31 39 38 13 10 28 32 31 8 3 0 0 0 0 15 35 23 10 16 0 0 0 0 0 0 0 0
P7743 2074 6 0 0 0 0 0 0 0 0 0 0 0 0 0 0 0 0 0 0 0 0 0 0 0 0 0 0 0 0 0 0 -999
P7743 2074 7 0 0 0 0 0 0 0 0 0 0 0 0 0 0 0 0 0 0 0 0 0 0 0 0 0 0 0 0 0 0 0
P7743 2074 8 0 0 0 0 0 0 0 0 0 0 0 0 0 0 0 0 0 0 0 0 0 0 0 0 0 0 0 0 0 0 0
P7743 2074 9 0 0 0 0 0 0 0 0 0 0 0 0 0 0 0 0 0 0 0 0 0 0 19 10 6 6 0 6 0 0 -999
P7743 2074 10 0 0 17 0 0 0 0 17 20 5 0 0 0 0 0 0 0 14 17 0 0 0 0 0 0 0 0 0 35 5 0
P7743 2074 11 0 12 19 0 0 7 0 16 31 67 20 0 0 0 0 0 33 28 18 0 0 0 30 55 85 33 12 16 11 4 -999
P7743 2074 12 0 0 36 33 0 0 0 0 7 0 9 9 27 91 91 95 85 10 38 17 65 55 5 2 0 0 54 89 91 33 13
P7743 2075 1 71 91 96 75 32 9 3 2 2 2 3 7 36 3 3 3 0 0 0 0 0 0 0 0 0 0 15 8 6 14 7
P7743 2075 2 34 5 0 0 42 52 8 8 8 0 36 43 19 28 5 15 8 8 22 15 68 31 7 3 0 0 0 0 -999 -999 -999
P7743 2075 3 0 0 0 16 48 79 39 0 0 71 27 19 65 32 4 4 4 15 63 44 9 37 51 39 18 14 37 29 24 36 72
P7743 2075 4 39 2 14 0 0 0 0 0 0 0 0 0 0 0 0 0 7 0 9 6 9 7 8 0 0 0 0 0 0 47 -999
P7743 2075 5 55 65 59 73 37 57 40 20 4 0 0 22 27 14 6 8 18 34 11 10 4 4 6 0 0 0 0 0 0 0 0
P7743 2075 6 0 0 0 0 0 0 0 0 0 0 0 0 0 0 0 0 0 0 0 0 0 0 0 0 0 0 0 0 0 0 -999
P7743 2075 7 0 0 0 0 0 0 0 0 0 0 0 0 0 0 0 0 0 0 0 0 0 0 0 0 0 0 0 0 0 0 0
P7743 2075 8 0 0 0 0 0 0 0 0 0 0 0 0 0 0 0 0 0 0 0 0 0 0 0 0 0 0 0 0 0 0 0
P7743 2075 9 0 0 0 0 0 0 0 0 0 0 0 0 0 0 0 0 0 0 0 0 0 0 0 0 0 0 0 0 14 14 -999
P7743 2075 10 0 0 18 10 11 0 0 30 7 0 0 0 0 0 0 0 0 0 55 23 4 3 0 0 10 0 22 37 11 0 0
P7743 2075 11 41 29 44 59 11 3 67 55 73 9 8 36 16 14 3 17 44 14 9 15 15 9 0 16 0 0 59 7 6 4 -999
P7743 2075 12 0 0 0 18 19 30 45 44 72 8 8 14 23 7 2 3 2 0 0 0 0 3 6 0 0 14 3 0 2 0 0
P7743 2076 1 0 0 0 0 0 0 0 0 0 3 3 3 3 9 3 3 0 3 3 0 0 0 0 0 0 0 10 11 0 10 3
P7743 2076 2 4 13 4 0 0 0 0 19 46 2 0 0 0 0 0 0 0 0 8 7 6 0 0 0 0 0 0 0 -999 -999 -999
P7743 2076 3 0 0 0 0 0 9 4 0 31 80 14 0 0 20 23 27 42 72 6 0 4 0 0 0 0 0 0 0 0 0 0
P7743 2076 4 0 0 0 46 9 0 0 0 0 0 0 36 4 0 11 0 0 0 21 0 75 78 76 52 10 0 20 13 0 0 -999
P7743 2076 5 14 15 40 3 0 0 0 0 0 0 0 0 0 4 0 0 10 30 23 23 33 18 12 0 0 16 13 25 7 10 4
P7743 2076 6 24 18 0 0 0 0 15 9 0 0 0 0 0 0 0 0 0 0 0 0 0 0 0 0 0 0 0 0 0 0 -999
P7743 2076 7 0 0 0 0 0 0 0 0 0 0 0 0 0 0 0 0 0 0 0 0 0 0 0 0 0 0 0 0 0 0 0
P7743 2076 8 0 0 0 0 0 0 0 0 0 0 0 0 0 0 0 0 0 0 0 0 0 0 0 0 0 0 0 0 0 0 0
P7743 2076 9 0 0 0 0 0 0 0 0 0 0 0 0 0 0 0 0 0 0 0 0 0 0 33 0 0 0 46 55 16 0 -999
P7743 2076 10 0 0 25 0 0 0 0 0 0 0 20 68 85 75 74 6 6 67 9 6 14 9 19 22 6 0 0 0 0 0 0
P7743 2076 11 0 0 0 5 0 0 0 19 39 56 33 67 7 3 3 0 0 59 4 4 0 0 0 36 17 0 0 0 0 0 -999
P7743 2076 12 0 0 0 0 0 0 0 7 9 0 0 0 0 0 4 3 3 0 0 0 0 0 0 0 0 0 5 0 16 19 3
P7743 2077 1 0 0 0 0 0 4 0 0 0 0 3 11 42 73 19 12 0 0 8 0 0 42 75 74 44 18 28 6 2 3 7
P7743 2077 2 3 3 5 14 28 53 3 0 0 0 0 12 19 8 17 25 35 4 0 0 0 0 0 0 0 0 0 0 -999 -999 -999
P7743 2077 3 0 0 0 0 0 14 0 0 34 0 44 11 52 36 11 28 0 78 34 8 0 0 0 0 0 5 4 9 8 3 0
P7743 2077 4 0 0 0 0 0 0 0 11 20 4 8 2 0 0 0 0 0 0 0 0 0 0 0 0 0 0 10 0 0 0 -999
P7743 2077 5 0 0 0 0 0 28 27 16 6 3 0 0 0 0 0 0 0 0 0 0 0 0 39 61 69 59 21 0 0 0 0
P7743 2077 6 0 0 0 0 0 0 0 0 0 11 4 5 21 20 0 0 0 0 0 0 0 0 0 0 0 0 0 0 0 0 -999
P7743 2077 7 0 0 0 0 0 0 0 0 0 0 0 0 0 0 0 0 0 0 0 0 0 0 0 0 0 0 0 0 0 0 0
P7743 2077 8 0 0 0 0 0 0 0 0 0 0 0 0 0 0 0 0 0 0 0 0 0 0 0 0 0 0 0 0 0 0 0
P7743 2077 9 0 0 0 0 0 0 0 0 0 0 0 0 0 0 0 0 0 0 0 0 0 0 0 0 0 0 0 0 0 0 -999
P7743 2077 10 0 0 0 0 0 0 0 0 0 0 0 0 0 0 15 0 0 0 0 0 18 69 31 3 0 0 0 25 4 0 0
P7743 2077 11 0 0 52 69 91 33 52 69 14 9 7 33 82 90 89 53 17 55 3 5 25 78 76 37 0 0 52 19 0 0 -999
P7743 2077 12 0 0 0 0 5 5 3 7 7 50 85 18 29 66 41 5 64 91 87 44 41 31 42 76 92 81 91 38 36 17 0
P7743 2078 1 0 27 30 32 19 65 3 57 9 45 6 0 0 0 0 0 0 0 0 0 0 33 16 3 0 0 0 0 0 0 0
P7743 2078 2 0 12 6 0 7 41 68 4 5 4 21 4 10 7 5 0 7 14 3 0 5 3 5 7 0 7 0 0 -999 -999 -999
P7743 2078 3 0 0 0 0 0 10 15 15 6 28 75 19 14 51 9 4 0 0 0 0 0 5 7 8 3 0 32 15 15 38 4
P7743 2078 4 22 57 11 67 76 68 12 3 12 0 0 0 8 9 0 17 51 81 71 12 0 0 0 0 0 0 0 0 50 8 -999
P7743 2078 5 7 4 0 18 13 16 6 4 0 8 0 31 66 26 12 27 17 3 0 0 0 0 0 0 0 0 0 0 0 0 0
P7743 2078 6 0 0 0 0 0 0 0 0 0 0 0 0 0 0 0 0 0 0 0 0 0 0 0 0 0 0 0 0 0 0 -999
P7743 2078 7 0 0 0 0 0 0 0 0 0 0 0 0 0 0 0 0 0 0 0 0 0 0 0 0 0 0 0 0 0 0 0
P7743 2078 8 0 0 0 0 0 0 0 0 0 0 0 0 0 0 0 0 0 0 0 0 0 0 0 0 0 0 0 0 0 0 0
P7743 2078 9 0 0 0 58 20 0 0 0 0 0 0 0 0 0 0 0 0 0 0 0 0 0 0 0 0 0 0 0 0 0 -999
P7743 2078 10 0 0 0 0 0 0 0 0 0 0 0 0 0 0 0 0 0 0 0 0 0 0 13 0 0 0 0 0 0 0 0
P7743 2078 11 0 0 72 64 12 0 0 0 0 5 0 0 0 0 0 0 4 0 0 7 0 0 15 6 0 0 10 61 4 14 -999
P7743 2078 12 3 2 0 0 0 0 0 11 0 0 6 3 0 0 3 5 2 0 0 0 0 2 0 0 16 13 22 58 16 49 89
P7743 2079 1 15 0 9 24 2 2 0 5 0 0 4 2 3 0 0 0 0 0 0 0 0 0 0 0 0 9 34 14 0 0 0
P7743 2079 2 0 7 0 11 42 23 3 30 43 5 0 12 12 14 7 0 0 0 50 51 77 12 31 48 46 52 86 40 -999 -999 -999
P7743 2079 3 12 82 9 14 13 3 0 10 0 0 0 28 0 0 0 0 0 0 0 22 73 48 11 9 7 0 0 0 0 0 18
P7743 2079 4 68 67 27 6 4 19 36 27 12 0 0 0 0 0 0 0 0 0 0 0 0 0 0 0 0 0 0 0 0 8 -999
P7743 2079 5 21 5 5 0 0 0 0 0 0 0 0 0 0 0 0 0 0 0 0 0 0 0 0 0 0 0 0 0 0 0 0
P7743 2079 6 0 0 0 0 0 0 0 0 0 8 0 0 0 0 0 0 0 0 0 0 0 0 0 0 0 0 0 0 0 0 -999
P7743 2079 7 0 0 0 0 0 0 0 0 0 0 0 0 0 0 0 0 0 0 0 0 0 0 0 0 0 0 0 10 0 0 0
P7743 2079 8 0 0 0 0 0 0 0 0 0 0 0 0 0 0 0 0 0 0 0 0 0 0 0 0 0 0 0 0 0 0 0
P7743 2079 9 0 0 0 0 0 0 0 0 0 0 17 0 0 0 0 0 0 0 0 0 0 0 0 0 0 0 0 0 0 0 -999
P7743 2079 10 0 0 0 0 0 0 0 0 0 0 0 0 0 0 0 0 0 0 49 47 39 43 11 16 16 6 8 0 0 0 0
P7743 2079 11 0 38 36 0 23 0 0 0 0 0 0 0 0 0 0 0 0 0 0 0 9 0 25 8 0 62 45 7 36 76 -999
P7743 2079 12 4 0 0 0 16 14 38 59 51 51 23 0 0 3 45 53 80 48 76 39 16 0 5 0 0 0 0 7 3 0 0
P7743 2080 1 0 0 0 11 8 0 0 0 0 4 0 25 2 2 2 0 0 2 4 4 9 13 42 11 12 4 3 3 11 5 0
P7743 2080 2 0 0 0 4 2 0 0 0 3 5 30 57 16 3 0 0 3 0 0 7 10 2 2 6 0 0 0 0 -999 -999 -999
P7743 2080 3 0 0 0 0 0 0 0 0 7 0 0 0 0 0 0 0 0 0 0 0 0 0 15 0 0 0 0 0 0 0 0
P7743 2080 4 46 7 32 20 42 77 62 44 34 15 3 3 5 5 0 20 38 19 39 26 10 0 7 14 29 0 0 11 0 0 -999
P7743 2080 5 57 65 10 3 0 0 0 0 0 0 0 0 0 0 0 0 0 0 0 0 0 0 0 0 0 0 0 0 0 0 0
P7743 2080 6 0 0 0 0 0 0 0 0 0 0 0 0 0 0 0 0 0 0 0 0 0 0 0 0 0 0 0 0 0 0 -999
P7743 2080 7 0 0 0 0 0 0 0 0 0 0 0 0 0 0 0 0 0 0 0 0 0 0 0 0 0 0 0 0 0 0 0
P7743 2080 8 0 0 0 0 0 0 0 0 0 0 0 0 0 0 0 0 0 0 0 0 0 0 0 8 20 15 0 0 0 0 0
P7743 2080 9 0 0 0 0 0 0 0 0 0 0 0 0 34 17 0 0 0 0 0 0 0 0 0 46 38 17 0 0 0 0 -999
P7743 2080 10 0 0 0 0 0 0 0 0 0 0 0 18 5 0 0 0 0 0 0 0 0 0 0 63 52 43 8 0 0 0 0
P7743 2080 11 0 0 0 0 28 14 7 0 4 8 3 2 0 0 0 16 25 0 0 0 10 6 0 0 0 13 14 58 9 0 -999
P7743 2080 12 0 0 0 0 0 0 5 13 15 58 51 30 24 38 8 0 0 0 0 0 0 6 28 87 79 28 13 10 4 8 0
P7743 2081 1 0 0 0 0 0 0 0 0 0 0 0 0 0 0 0 2 3 9 24 87 90 81 20 0 14 10 8 0 0 5 0
P7743 2081 2 7 21 80 58 6 13 5 4 3 0 0 0 0 0 0 6 7 29 12 46 47 65 22 10 11 11 23 6 -999 -999 -999
P7743 2081 3 0 0 0 0 0 0 0 0 0 6 12 29 49 70 85 26 91 12 29 27 38 40 81 9 50 77 77 73 20 9 77
P7743 2081 4 30 4 0 12 17 0 2 0 0 0 0 0 0 0 0 0 0 3 0 0 0 0 0 0 0 0 0 11 7 0 -999
P7743 2081 5 0 0 0 0 0 5 7 3 0 0 5 0 0 0 0 0 0 0 0 0 0 0 6 0 0 0 8 21 13 7 0
P7743 2081 6 0 0 0 0 0 0 33 18 7 25 27 6 6 0 0 0 0 0 0 0 0 0 0 0 0 0 0 0 0 0 -999
P7743 2081 7 0 0 0 0 0 0 0 0 0 0 0 0 0 0 0 0 0 0 0 0 0 0 0 0 0 0 0 0 0 0 0
P7743 2081 8 0 0 0 0 0 0 0 0 0 0 0 0 0 0 0 0 0 0 0 0 0 0 0 0 0 0 0 0 0 0 0
P7743 2081 9 0 0 0 0 0 0 0 0 0 0 0 0 0 0 0 0 0 0 0 0 0 0 0 0 0 0 0 0 0 0 -999
P7743 2081 10 0 0 62 4 0 0 0 0 0 62 92 85 20 5 39 35 51 52 49 62 44 5 0 0 0 0 0 0 0 0 46
P7743 2081 11 0 0 49 75 50 5 0 0 0 37 56 10 9 37 60 71 46 41 42 84 80 48 67 3 0 0 0 0 50 38 -999
P7743 2081 12 47 18 21 33 46 17 56 73 26 0 0 19 0 0 0 0 0 0 0 26 79 39 64 12 39 60 11 79 28 0 0
P7743 2082 1 0 0 0 0 0 3 6 2 3 3 0 0 0 6 30 62 4 0 5 5 0 0 0 0 0 5 32 17 41 19 3
P7743 2082 2 0 0 4 14 8 7 3 0 0 0 6 2 0 0 0 0 0 0 0 0 0 0 0 0 0 0 3 0 -999 -999 -999
P7743 2082 3 0 3 3 2 0 0 0 0 8 11 8 6 0 3 0 6 8 13 33 57 0 34 25 18 5 0 5 4 7 6 15
P7743 2082 4 24 22 58 50 17 20 71 59 43 93 84 35 90 5 0 33 12 0 0 64 51 22 0 0 9 11 9 10 15 0 -999
P7743 2082 5 0 0 0 0 0 0 0 0 0 0 0 0 0 0 0 0 0 0 0 0 0 0 0 0 0 0 0 0 0 0 0
P7743 2082 6 0 0 7 0 0 0 12 17 8 6 0 0 0 0 0 0 22 20 26 9 0 0 0 0 0 0 0 0 0 0 -999
P7743 2082 7 0 0 0 0 0 0 0 0 0 0 0 0 0 0 0 0 0 0 0 0 0 0 0 0 0 0 0 0 0 0 0
P7743 2082 8 0 0 0 0 0 0 0 0 0 0 0 0 0 0 0 0 0 0 0 0 0 0 0 0 0 0 0 0 0 0 0
P7743 2082 9 0 0 0 0 0 0 0 0 0 0 0 0 0 0 0 0 0 0 0 0 0 0 0 0 0 0 0 0 0 0 -999
P7743 2082 10 0 0 0 0 0 0 0 0 0 0 0 0 0 0 0 0 22 39 18 85 76 3 0 54 26 48 0 0 0 0 0
P7743 2082 11 0 0 0 32 0 0 0 0 0 11 31 38 17 35 0 74 25 7 11 38 22 43 43 26 7 14 13 32 58 7 -999
P7743 2082 12 3 7 6 4 0 0 0 0 0 0 6 5 0 0 0 0 0 0 0 0 0 0 0 0 0 0 0 0 0 5 0
P7743 2083 1 0 0 4 0 0 8 26 50 20 28 4 0 19 77 67 44 39 29 0 68 59 47 68 36 26 18 51 21 0 45 42
P7743 2083 2 10 22 33 5 13 4 0 14 63 44 80 53 62 20 10 30 91 62 25 39 18 52 18 33 0 0 72 52 -999 -999 -999
P7743 2083 3 85 4 0 0 0 0 17 11 0 0 20 0 0 0 0 0 0 0 0 2 0 0 0 0 0 0 4 0 11 23 22
P7743 2083 4 63 39 24 21 12 0 6 0 0 23 14 14 10 0 0 8 0 19 35 10 5 7 2 0 0 0 0 0 0 0 -999
P7743 2083 5 0 0 0 0 0 0 0 0 0 40 0 0 0 0 0 0 0 0 0 0 0 0 0 0 0 0 0 0 0 0 0
P7743 2083 6 0 0 0 0 0 0 0 0 0 0 0 0 0 0 0 0 0 0 0 0 0 0 0 0 0 0 0 0 0 0 -999
P7743 2083 7 0 0 0 0 0 0 0 0 0 0 0 0 0 0 0 0 0 0 0 0 0 0 0 0 0 0 0 0 0 0 0
P7743 2083 8 0 0 0 0 0 0 0 0 0 0 0 0 0 0 0 0 0 0 0 0 0 0 0 0 0 0 0 0 0 0 0
P7743 2083 9 0 0 0 0 0 0 0 0 0 0 0 0 0 0 0 0 0 0 0 0 0 0 0 0 0 0 0 0 0 56 -999
P7743 2083 10 55 41 0 0 14 0 0 0 0 0 0 0 0 0 0 0 0 0 0 0 0 0 0 0 0 0 0 0 0 0 0
P7743 2083 11 0 0 43 0 0 0 24 10 27 29 0 0 30 44 8 11 17 29 17 20 6 5 15 57 5 6 7 12 4 0 -999
P7743 2083 12 0 0 0 0 0 4 8 5 0 22 16 6 23 0 0 23 44 9 0 0 0 0 0 0 0 0 0 0 0 0 3
P7743 2084 1 4 22 9 3 0 0 0 8 0 0 0 0 4 6 0 0 8 66 71 31 23 41 82 3 2 0 0 0 0 0 2
P7743 2084 2 0 0 18 9 3 0 0 0 0 0 24 52 44 13 0 0 10 7 19 22 7 9 63 83 6 37 29 7 -999 -999 -999
P7743 2084 3 10 18 11 11 26 45 0 0 0 38 40 68 79 59 13 81 81 79 32 26 45 11 15 25 19 0 0 0 0 23 24
P7743 2084 4 22 20 72 81 91 27 10 28 35 36 80 13 6 23 25 17 4 0 0 0 0 0 0 0 0 0 0 0 0 0 -999
P7743 2084 5 0 0 0 14 0 0 0 7 3 0 0 0 0 0 0 0 0 0 0 0 0 0 0 0 0 0 5 0 0 0 6
P7743 2084 6 0 0 0 0 0 0 0 0 0 0 0 0 0 0 0 0 0 0 0 0 0 0 0 0 0 0 0 0 0 0 -999
P7743 2084 7 0 0 0 0 0 0 0 0 0 0 0 0 0 0 0 0 0 0 0 0 0 0 0 0 0 0 0 0 0 0 0
P7743 2084 8 0 0 0 0 0 0 0 0 0 0 0 0 0 0 0 0 8 5 0 0 0 0 0 0 0 0 0 0 0 0 0
P7743 2084 9 0 0 0 0 0 0 0 0 0 0 0 0 0 0 0 0 0 0 0 0 0 0 0 0 0 0 0 0 0 0 -999
P7743 2084 10 0 0 0 0 0 0 0 0 0 0 0 0 0 0 0 14 0 0 0 0 0 0 0 4 4 0 0 0 0 0 0
P7743 2084 11 0 0 0 9 60 15 9 10 64 81 85 71 66 45 4 0 5 0 0 0 0 0 0 0 0 0 0 0 0 6 -999
P7743 2084 12 7 0 9 17 12 8 0 0 0 0 0 0 0 0 0 7 6 0 8 0 0 0 5 5 7 16 2 7 4 0 0
P7743 2085 1 0 0 0 0 0 0 0 0 0 0 0 0 0 0 8 0 0 0 0 0 0 0 0 0 7 4 0 9 5 3 0
P7743 2085 2 0 0 3 6 0 0 0 0 0 0 0 0 0 0 0 15 19 0 0 0 0 0 0 0 0 0 6 2 -999 -999 -999
P7743 2085 3 0 0 0 0 8 0 0 0 0 0 0 18 20 0 0 0 0 32 9 10 34 60 38 5 4 0 17 0 32 76 41
P7743 2085 4 47 20 73 8 17 0 0 0 0 0 0 3 0 0 34 8 0 0 0 0 0 0 0 0 0 8 33 22 8 28 -999
P7743 2085 5 11 4 0 26 10 0 6 0 4 46 32 22 13 3 3 3 4 4 5 10 13 10 0 0 10 7 0 0 0 0 0
P7743 2085 6 0 0 0 0 0 0 0 0 0 0 0 0 0 0 0 0 0 0 0 0 0 0 0 0 0 0 0 0 0 0 -999
P7743 2085 7 0 0 0 0 0 0 0 0 0 0 0 0 0 0 0 0 0 0 0 0 0 0 0 0 0 0 0 0 0 0 0
P7743 2085 8 0 0 0 0 0 0 0 0 0 0 0 0 0 0 0 0 0 0 0 0 0 0 0 0 0 0 0 0 0 0 0
P7743 2085 9 0 0 0 0 0 0 0 0 0 0 0 0 0 0 0 0 0 0 0 0 0 0 0 0 0 0 0 0 0 0 -999
P7743 2085 10 0 0 0 0 0 0 0 0 25 0 0 0 0 0 0 25 9 0 0 0 0 0 9 8 0 0 17 0 0 0 0
P7743 2085 11 0 28 39 83 11 7 5 10 0 0 0 0 0 0 0 0 0 28 68 45 80 88 19 57 92 19 79 8 11 6 -999
P7743 2085 12 57 53 6 6 53 28 0 0 0 37 17 9 0 0 5 0 0 0 0 0 3 7 46 67 50 18 15 14 20 14 60
P7743 2086 1 65 92 90 79 8 0 0 0 0 0 0 0 0 0 0 0 0 0 0 0 0 0 0 0 0 0 0 0 0 0 0
P7743 2086 2 0 0 0 0 0 0 0 0 0 3 0 0 10 8 7 5 0 31 9 0 59 2 2 0 0 5 7 6 -999 -999 -999
P7743 2086 3 0 0 0 0 0 0 0 0 0 0 3 0 0 0 0 0 0 0 0 8 0 16 0 0 0 0 0 0 0 0 8
P7743 2086 4 16 31 16 0 0 0 11 26 15 3 4 3 0 9 49 58 62 71 46 29 14 9 39 52 0 0 0 18 0 0 -999
P7743 2086 5 0 0 13 0 0 0 0 0 0 0 0 0 0 0 0 0 0 4 5 4 6 5 0 0 9 0 0 0 0 0 0
P7743 2086 6 0 0 0 0 0 0 0 0 0 0 0 0 0 0 0 0 0 0 0 0 0 0 0 0 0 0 0 0 0 0 -999
P7743 2086 7 0 0 0 0 0 0 0 0 0 0 0 0 0 0 0 0 0 0 0 0 0 0 0 0 0 0 0 0 0 0 0
P7743 2086 8 0 0 0 0 0 0 0 0 0 0 0 0 0 0 0 0 0 0 0 0 0 0 0 0 0 0 0 0 0 0 0
P7743 2086 9 0 0 0 0 0 0 0 0 0 0 0 0 0 0 0 0 13 13 0 0 0 0 0 0 0 0 0 0 0 0 -999
P7743 2086 10 0 20 0 0 0 0 0 0 0 0 0 0 0 0 18 20 10 0 0 0 0 0 0 33 37 29 23 0 13 24 14
P7743 2086 11 0 0 0 0 0 0 0 17 7 12 15 17 35 8 64 88 77 81 14 58 14 14 9 10 0 0 10 11 42 3 -999
P7743 2086 12 8 30 27 0 40 26 0 0 0 0 0 0 0 0 0 0 0 0 10 13 4 0 0 0 0 0 0 0 8 11 13
P7743 2087 1 12 69 31 24 27 25 9 0 0 0 0 0 4 20 77 52 7 16 45 0 6 4 3 0 0 0 0 0 0 5 2
P7743 2087 2 5 0 7 11 0 0 0 0 0 0 0 0 0 0 0 0 0 0 0 5 0 0 0 0 0 0 0 0 -999 -999 -999
P7743 2087 3 3 0 0 0 0 0 14 4 0 0 0 0 0 23 56 2 13 23 46 10 8 7 0 0 0 0 82 20 6 0 0
P7743 2087 4 0 0 10 10 29 4 0 0 0 0 0 0 0 0 0 0 0 19 13 5 3 0 21 0 0 0 0 0 0 0 -999
P7743 2087 5 0 0 0 0 0 0 0 79 80 68 14 0 0 0 0 0 0 0 0 0 0 0 0 0 0 0 0 15 16 24 0
P7743 2087 6 0 0 0 0 0 0 0 0 0 0 0 0 0 0 0 0 0 0 0 0 0 0 0 0 0 0 0 0 0 0 -999
P7743 2087 7 0 0 0 0 0 0 0 0 0 0 0 0 0 0 0 0 0 0 0 0 0 0 0 0 0 0 0 0 0 0 0
P7743 2087 8 0 0 0 0 0 0 0 0 0 0 0 0 0 0 0 0 0 0 0 0 0 0 0 0 0 0 0 0 0 0 0
P7743 2087 9 0 0 0 0 5 0 0 0 0 0 0 0 0 0 0 0 0 0 0 0 0 36 0 0 0 0 0 0 0 0 -999
P7743 2087 10 0 0 0 22 0 0 0 0 0 0 0 0 0 0 0 0 0 0 11 20 0 69 59 6 15 24 0 0 0 0 0
P7743 2087 11 0 0 0 19 0 0 0 23 13 7 0 19 4 10 36 8 2 21 0 0 9 8 11 0 0 0 0 0 35 49 -999
P7743 2087 12 47 81 31 61 0 0 42 17 0 0 12 48 39 21 34 15 36 69 64 17 75 32 0 0 0 0 0 0 0 0 0
P7743 2088 1 0 0 0 0 3 0 14 75 92 57 52 60 88 82 12 71 50 31 2 2 0 2 9 50 56 74 90 84 60 88 13
P7743 2088 2 15 5 4 14 3 3 0 0 0 0 0 0 0 0 0 0 12 16 15 0 0 14 28 5 0 0 0 0 -999 -999 -999
P7743 2088 3 0 0 0 0 16 9 59 7 3 0 0 0 16 11 17 32 36 17 25 6 0 0 2 0 10 5 8 0 0 0 0
P7743 2088 4 0 0 0 0 0 0 0 0 0 12 4 8 16 7 5 13 0 0 0 0 0 0 0 0 0 0 0 0 0 0 -999
P7743 2088 5 0 0 0 0 0 17 13 0 0 0 0 79 44 11 6 6 0 0 0 0 0 0 0 0 0 0 0 0 0 0 0
P7743 2088 6 0 0 0 0 0 0 0 0 0 0 0 0 0 0 0 0 0 0 0 0 0 0 0 0 0 0 0 0 0 0 -999
P7743 2088 7 0 0 0 0 0 0 0 0 0 0 0 0 0 0 0 0 0 0 0 0 0 0 0 0 0 0 0 0 0 0 0
P7743 2088 8 0 0 0 0 0 0 0 0 0 0 0 0 0 0 0 0 0 0 0 0 0 0 0 0 0 0 0 0 0 0 0
P7743 2088 9 0 0 0 0 0 0 0 0 0 0 0 0 0 0 0 0 0 0 0 0 0 0 0 0 0 0 0 0 0 0 -999
P7743 2088 10 0 0 0 0 0 0 0 0 0 0 25 0 29 3 0 0 0 0 0 0 0 0 0 0 0 0 0 0 0 0 0
P7743 2088 11 0 24 70 95 74 76 43 15 58 54 4 0 6 0 3 0 0 0 0 0 0 0 0 22 0 25 39 14 0 26 -999
P7743 2088 12 55 17 29 46 89 76 7 0 0 0 0 0 0 0 0 0 0 0 0 0 0 0 0 0 0 6 9 2 0 5 2
P7743 2089 1 0 0 0 3 6 7 20 3 0 5 26 9 4 37 21 13 16 3 31 73 45 45 86 10 20 32 14 10 20 26 63
P7743 2089 2 75 9 11 48 76 12 7 17 21 75 86 55 36 57 71 86 88 61 75 56 50 0 0 0 0 16 51 25 -999 -999 -999
P7743 2089 3 2 0 0 0 0 0 0 0 0 0 0 0 0 0 0 0 17 7 3 0 0 0 0 0 0 0 0 0 16 0 0
P7743 2089 4 0 0 0 0 0 0 18 43 57 31 6 0 0 0 16 26 16 0 27 58 43 0 0 0 0 0 0 0 0 0 -999
P7743 2089 5 5 4 0 0 0 0 0 0 0 0 0 0 0 0 0 0 0 0 0 0 0 0 0 0 0 0 0 0 0 0 0
P7743 2089 6 0 17 0 0 0 0 0 0 0 0 0 0 0 0 0 0 0 0 0 0 0 0 0 0 0 0 0 0 0 0 -999
P7743 2089 7 0 0 0 0 0 0 0 0 0 0 0 0 0 0 0 0 0 0 0 0 0 0 0 0 0 0 0 0 0 0 0
P7743 2089 8 0 0 0 0 0 0 0 0 0 0 0 0 0 0 0 0 0 0 0 0 0 0 0 0 0 0 0 0 0 0 0
P7743 2089 9 0 0 0 0 0 0 0 0 0 0 0 0 0 0 0 0 0 0 0 0 0 0 0 0 0 0 0 0 0 0 -999
P7743 2089 10 0 0 0 0 0 0 0 0 0 0 25 20 7 4 8 5 0 0 0 0 0 0 0 0 8 10 0 0 0 0 0
P7743 2089 11 0 0 0 0 0 13 2 0 0 0 7 4 8 17 28 69 27 45 57 45 56 78 88 37 0 0 11 0 41 15 -999
P7743 2089 12 47 48 6 15 0 4 3 7 3 0 0 0 0 0 0 0 0 8 21 49 30 15 12 8 0 0 0 0 0 41 44
P7743 2090 1 0 0 0 0 0 7 2 2 0 12 11 0 0 0 0 0 0 0 0 21 32 49 34 5 2 8 4 0 3 0 9
P7743 2090 2 0 36 65 0 0 0 0 0 0 35 61 47 46 53 71 72 78 12 5 21 69 11 3 8 18 53 73 88 -999 -999 -999
P7743 2090 3 9 0 0 0 5 5 24 70 40 5 7 77 73 4 5 4 0 0 0 0 0 0 0 3 6 5 0 0 0 0 0
P7743 2090 4 0 0 54 46 50 11 3 0 0 0 0 9 16 0 0 0 29 14 0 0 0 0 26 31 10 0 0 41 15 5 -999
P7743 2090 5 8 0 0 0 0 0 0 0 0 0 0 0 0 0 0 30 34 13 8 6 7 3 0 0 0 0 0 0 0 0 0
P7743 2090 6 0 0 17 39 60 44 20 9 6 11 6 0 0 0 0 0 0 0 0 0 0 0 0 22 19 15 6 9 0 0 -999
P7743 2090 7 0 0 0 0 0 0 0 0 0 0 0 0 0 0 0 0 0 0 0 0 0 0 0 0 0 0 0 0 0 0 0
P7743 2090 8 0 0 0 0 0 0 0 0 0 0 0 0 0 0 0 0 0 0 0 0 0 0 0 0 0 0 0 0 0 0 0
P7743 2090 9 0 0 0 0 0 0 0 0 0 0 0 0 0 0 0 0 0 0 0 0 0 0 0 0 0 0 0 0 61 0 -999
P7743 2090 10 0 0 0 0 0 15 0 30 12 12 11 5 0 0 0 0 0 45 0 0 0 0 0 0 0 0 0 0 0 0 11
P7743 2090 11 9 17 7 2 0 0 0 0 0 0 0 0 0 0 0 0 0 0 0 0 0 0 0 0 5 13 33 64 88 94 -999
P7743 2090 12 92 54 22 57 6 6 9 0 43 69 17 24 20 27 22 0 0 0 0 0 0 25 0 46 0 0 0 0 15 11 0
P7743 2091 1 0 0 15 4 0 0 0 0 0 0 0 0 0 0 0 0 0 0 5 3 12 14 18 50 20 79 66 80 8 15 10
P7743 2091 2 28 52 26 52 52 48 63 29 27 5 7 7 25 6 11 12 3 0 0 0 0 18 33 32 41 41 8 0 -999 -999 -999
P7743 2091 3 0 0 0 0 0 0 0 3 5 0 0 0 0 0 0 0 0 0 5 0 0 4 0 10 0 0 0 0 8 0 0
P7743 2091 4 0 7 0 0 0 0 0 0 0 0 0 0 0 0 0 0 0 0 0 0 0 0 0 19 65 34 0 7 11 0 -999
P7743 2091 5 6 0 0 0 0 40 18 4 2 0 9 12 38 52 10 32 39 6 7 0 0 0 0 0 0 0 0 0 0 0 0
P7743 2091 6 0 0 0 0 0 0 0 0 0 0 0 0 0 0 0 0 0 0 0 0 0 0 0 0 0 0 0 0 0 0 -999
P7743 2091 7 0 0 0 0 0 0 0 0 0 0 0 0 0 0 0 0 0 0 0 0 0 0 0 0 0 0 0 0 0 0 0
P7743 2091 8 0 0 0 0 0 0 0 0 0 0 0 0 0 0 0 0 0 0 0 0 0 0 0 0 0 0 0 0 0 0 0
P7743 2091 9 0 0 0 0 0 0 0 0 0 0 0 0 0 0 0 0 0 0 0 0 31 12 5 0 0 68 0 0 0 0 -999
P7743 2091 10 0 0 0 0 0 0 0 0 0 43 0 0 0 0 0 0 0 0 0 0 0 0 0 7 3 2 0 11 55 7 22
P7743 2091 11 31 46 40 35 13 39 79 90 18 28 69 75 62 10 2 0 11 28 3 7 8 3 0 0 0 0 0 0 0 0 -999
P7743 2091 12 0 0 0 0 0 0 0 0 0 0 0 20 61 78 32 41 3 0 19 25 34 23 0 0 0 0 0 0 0 0 0
P7743 2092 1 5 0 0 0 22 23 0 24 0 14 7 42 88 27 14 0 0 0 0 0 0 0 7 3 7 28 3 0 0 0 0
P7743 2092 2 0 0 0 16 60 77 18 9 0 0 0 0 0 0 0 0 0 0 10 9 24 17 6 8 0 0 4 3 -999 -999 -999
P7743 2092 3 3 0 0 0 0 0 0 0 0 0 0 0 0 0 0 25 38 74 49 16 20 3 0 0 0 0 0 0 0 0 0
P7743 2092 4 0 0 0 0 0 0 6 8 36 31 11 10 0 0 0 0 25 0 0 79 77 0 0 0 0 25 0 0 0 0 -999
P7743 2092 5 0 0 0 0 0 0 0 0 0 4 4 0 0 0 0 0 0 0 0 0 0 0 0 0 0 0 0 0 0 0 0
P7743 2092 6 0 0 0 0 0 0 0 0 0 0 0 0 0 0 0 0 0 0 0 0 0 0 0 0 0 0 0 0 0 0 -999
P7743 2092 7 0 0 0 0 0 0 0 0 0 0 0 0 0 0 0 0 0 0 0 0 0 0 0 0 0 0 0 0 0 0 0
P7743 2092 8 0 0 0 0 0 0 0 0 0 0 0 0 0 0 0 0 0 0 0 0 0 0 0 0 0 0 0 0 0 31 11
P7743 2092 9 0 0 0 0 0 0 0 0 0 0 0 0 0 0 0 0 0 0 0 0 0 24 0 0 0 0 0 0 0 8 -999
P7743 2092 10 8 5 0 0 0 0 0 0 0 0 0 0 0 0 4 0 6 0 32 11 0 0 0 0 0 0 0 0 0 0 0
P7743 2092 11 0 0 0 0 7 0 32 38 25 0 0 0 33 4 3 0 0 0 0 0 0 0 0 4 11 5 0 0 0 0 -999
P7743 2092 12 0 0 0 0 8 29 39 30 12 7 0 0 0 0 0 0 0 0 0 0 0 0 0 0 0 14 76 14 3 0 0
P7743 2093 1 0 0 0 4 22 16 18 33 69 35 16 35 16 2 9 7 0 0 0 0 0 0 0 6 0 0 0 0 3 2 5
P7743 2093 2 3 0 0 5 6 16 9 48 81 89 51 3 6 27 46 39 39 50 90 79 61 63 9 3 0 9 6 0 -999 -999 -999
P7743 2093 3 4 4 19 18 2 0 0 25 26 41 91 21 24 5 86 16 2 19 44 57 78 11 14 50 5 0 3 0 24 53 28
P7743 2093 4 4 0 0 0 0 4 0 10 9 20 11 15 0 0 0 0 0 0 23 0 0 0 66 6 0 0 0 0 0 0 -999
P7743 2093 5 0 0 7 12 11 9 4 6 17 35 27 0 0 0 0 0 0 0 0 0 0 0 0 0 0 0 0 0 0 0 0
P7743 2093 6 0 0 0 0 0 0 0 0 0 0 0 22 39 17 0 0 0 0 0 0 0 0 0 0 0 0 0 0 0 0 -999
P7743 2093 7 0 0 0 0 0 0 0 0 0 0 0 0 0 0 0 0 0 0 0 0 0 0 0 0 0 0 0 0 0 0 0
P7743 2093 8 0 0 0 0 0 0 0 0 0 0 0 0 0 0 0 0 0 0 0 0 0 0 0 0 0 0 11 14 0 0 0
P7743 2093 9 0 0 0 0 0 0 0 0 0 0 0 0 0 0 0 0 0 0 0 0 0 0 0 0 0 0 0 0 0 0 -999
P7743 2093 10 0 0 0 0 0 0 0 0 18 11 0 0 0 0 0 0 0 0 0 0 0 0 0 0 0 0 0 0 0 0 4
P7743 2093 11 3 35 17 61 36 6 5 14 40 0 0 17 56 0 0 17 6 14 27 14 0 0 0 71 18 36 13 5 0 0 -999
P7743 2093 12 0 0 27 40 0 9 8 8 6 5 6 10 0 0 0 0 0 0 0 0 0 0 0 0 0 0 0 13 63 44 10
P7743 2094 1 0 0 13 16 51 60 70 27 0 0 0 0 0 0 0 0 6 4 5 0 0 0 4 0 0 0 0 0 0 0 6
P7743 2094 2 4 0 0 0 14 5 10 0 0 0 0 0 0 0 5 0 0 0 5 8 6 2 0 51 4 5 52 76 -999 -999 -999
P7743 2094 3 17 31 12 13 55 73 79 62 80 68 14 12 42 5 4 0 20 0 0 0 0 4 0 0 0 0 0 0 0 0 0
P7743 2094 4 0 0 0 20 21 9 0 5 10 14 3 41 4 3 37 11 6 6 0 6 0 0 11 15 76 12 2 0 0 0 -999
P7743 2094 5 0 0 0 0 0 0 5 0 0 0 0 0 0 0 0 0 0 0 0 0 0 0 0 0 0 0 0 0 0 0 0
P7743 2094 6 0 0 0 0 0 0 13 16 6 2 0 0 0 0 0 0 0 0 0 0 0 0 0 0 0 0 0 0 0 0 -999
P7743 2094 7 0 0 0 0 0 0 0 0 0 0 0 0 0 0 0 0 0 0 0 0 0 0 0 0 0 0 0 0 0 0 0
P7743 2094 8 0 0 0 0 0 0 0 0 0 0 0 0 0 0 0 0 0 0 0 0 0 0 0 0 0 0 0 0 0 0 0
P7743 2094 9 0 0 0 0 0 0 0 0 0 0 0 0 0 0 0 0 0 0 0 0 0 37 0 0 0 0 0 0 0 0 -999
P7743 2094 10 31 51 59 26 33 4 0 0 0 0 0 0 0 0 0 0 0 0 0 0 17 10 0 0 31 28 13 5 3 2 0
P7743 2094 11 7 0 0 0 0 12 44 9 6 0 0 13 25 16 13 9 0 0 0 0 0 0 0 8 0 19 63 56 22 0 -999
P7743 2094 12 0 0 0 0 51 78 52 23 41 41 56 20 6 49 57 0 0 0 0 0 0 0 0 0 9 29 87 21 30 15 21
P7743 2095 1 80 8 63 6 13 24 3 2 7 8 22 26 11 14 27 8 84 32 91 91 90 78 22 32 82 49 47 86 5 26 65
P7743 2095 2 15 5 0 56 15 5 12 2 2 2 3 13 53 50 4 10 4 9 6 0 0 0 8 5 0 0 16 0 -999 -999 -999
P7743 2095 3 0 0 0 0 0 0 0 0 0 0 8 36 18 18 29 21 33 54 44 20 9 23 13 38 34 24 11 0 0 0 0
P7743 2095 4 15 6 3 3 0 30 59 57 6 14 9 6 0 0 0 0 18 0 0 0 0 0 0 0 0 0 0 0 0 0 -999
P7743 2095 5 12 6 4 0 0 7 0 0 0 0 41 34 0 0 0 0 0 0 0 0 0 0 0 0 0 0 0 0 0 0 0
P7743 2095 6 0 0 0 0 0 0 0 0 0 0 0 0 0 0 0 0 0 0 0 0 0 0 0 0 0 0 0 9 0 0 -999
P7743 2095 7 0 0 0 0 0 0 0 0 0 0 0 0 0 0 0 0 0 0 0 0 0 0 0 0 0 0 0 0 0 0 0
P7743 2095 8 0 0 0 0 0 0 0 0 0 0 0 0 0 0 0 0 0 0 0 0 0 0 0 0 0 0 0 0 0 0 0
P7743 2095 9 0 0 0 0 0 0 0 0 0 0 0 0 0 0 0 0 0 0 0 0 0 0 0 0 0 0 0 0 0 0 -999
P7743 2095 10 0 0 0 0 0 0 0 0 12 15 14 4 4 0 0 0 17 0 0 0 0 0 0 0 0 0 0 4 26 9 4
P7743 2095 11 3 19 17 6 3 0 5 60 92 21 80 47 35 16 0 0 0 0 5 3 0 0 0 6 6 10 23 17 9 13 -999
P7743 2095 12 4 0 0 0 0 23 3 0 8 0 0 0 0 0 0 3 2 5 0 0 0 0 0 0 0 4 15 0 0 0 0
P7743 2096 1 0 0 0 22 5 36 19 3 3 14 8 0 0 0 2 2 0 0 0 0 2 0 0 0 0 0 3 2 10 12 5
P7743 2096 2 0 0 6 4 0 0 0 2 3 4 6 3 0 0 11 29 13 9 5 3 3 7 24 30 12 19 14 8 -999 -999 -999
P7743 2096 3 0 33 80 63 20 14 16 7 3 0 0 2 2 2 2 0 0 0 0 0 0 0 0 0 0 8 3 4 14 38 24
P7743 2096 4 13 0 8 5 0 29 25 46 37 0 21 51 66 60 15 6 6 14 46 18 6 0 0 0 0 0 0 0 0 0 -999
P7743 2096 5 0 0 0 0 0 0 0 0 0 0 0 0 0 0 0 0 0 0 0 0 0 0 0 0 0 0 13 0 23 60 52
P7743 2096 6 60 5 14 31 0 0 0 0 0 0 0 15 0 0 0 0 0 0 0 0 0 0 0 0 0 0 0 0 0 0 -999
P7743 2096 7 0 0 0 0 0 0 0 0 0 0 0 0 0 0 0 0 0 0 0 0 0 0 0 0 0 0 0 0 0 0 0
P7743 2096 8 0 0 0 0 0 0 0 0 0 0 0 0 0 0 0 0 0 0 0 0 0 0 0 0 0 0 0 0 0 0 0
P7743 2096 9 0 0 0 0 0 0 5 11 0 0 0 0 0 0 0 0 0 0 0 0 0 0 0 0 0 0 0 0 0 0 -999
P7743 2096 10 0 0 0 0 0 0 0 0 0 37 57 17 0 0 0 0 37 76 56 64 35 12 0 8 11 0 0 12 10 83 62
P7743 2096 11 70 72 55 37 20 17 5 11 52 90 44 7 27 43 83 55 63 65 16 48 10 0 6 0 10 10 8 0 25 3 -999
P7743 2096 12 0 0 0 0 0 0 0 0 0 0 0 0 0 0 5 0 0 0 0 0 0 0 0 6 13 41 33 49 51 46 64
P7743 2097 1 35 8 16 18 5 4 25 37 27 24 7 11 14 19 29 62 42 7 41 13 3 0 2 5 0 8 0 0 18 9 0
P7743 2097 2 14 6 2 0 15 4 0 5 6 25 4 9 5 0 0 0 10 13 21 61 25 0 0 0 0 0 23 24 -999 -999 -999
P7743 2097 3 9 0 0 12 39 16 9 0 0 0 0 0 0 0 7 10 17 43 79 74 58 16 18 24 20 18 12 0 0 0 0
P7743 2097 4 32 0 0 0 0 0 0 0 0 4 0 0 0 0 0 0 0 0 14 7 40 58 49 6 48 34 61 5 4 0 -999
P7743 2097 5 0 0 0 0 0 57 22 0 0 0 0 0 0 0 0 0 0 0 0 0 0 0 0 0 0 0 0 0 0 0 8
P7743 2097 6 0 0 0 0 0 0 0 0 0 0 0 21 27 20 17 0 0 0 0 0 0 0 0 0 0 0 0 0 0 0 -999
P7743 2097 7 0 0 0 0 0 0 0 0 0 0 0 0 0 0 0 0 0 0 0 0 0 0 0 0 0 0 0 0 0 0 0
P7743 2097 8 0 0 0 0 0 0 0 0 0 0 0 0 0 0 0 0 0 0 0 0 0 0 0 0 0 0 0 0 0 0 0
P7743 2097 9 0 0 0 0 0 0 0 0 0 0 0 0 0 0 0 0 0 0 0 0 0 0 0 0 0 0 0 0 0 0 -999
P7743 2097 10 0 28 14 0 0 0 0 0 0 0 0 0 0 0 0 0 0 62 46 48 10 7 25 18 5 0 0 0 16 45 63
P7743 2097 11 16 16 0 36 3 0 0 0 6 34 38 22 60 44 33 15 6 0 0 0 35 60 36 0 0 0 0 0 0 0 -999
P7743 2097 12 0 0 43 51 46 27 27 0 0 0 0 0 0 0 89 82 15 3 2 0 5 37 7 8 0 4 14 8 0 0 0
P7743 2098 1 0 9 5 0 14 28 3 14 3 4 2 0 0 5 2 2 0 0 3 3 9 3 7 0 0 0 0 4 0 0 0
P7743 2098 2 5 14 77 48 48 27 38 32 38 57 12 14 32 5 7 12 13 0 11 19 16 0 0 0 16 26 7 10 -999 -999 -999
P7743 2098 3 10 9 3 5 0 4 3 0 0 0 0 0 0 0 0 0 0 0 22 31 21 5 0 0 0 0 0 0 0 0 0
P7743 2098 4 0 0 0 0 0 0 0 9 11 19 11 8 0 6 0 0 0 0 0 0 52 20 0 0 0 0 0 0 0 0 -999
P7743 2098 5 0 0 0 0 0 0 0 0 0 0 0 0 0 0 0 0 0 0 0 0 0 0 0 0 0 0 0 0 0 0 0
P7743 2098 6 0 0 0 0 0 0 0 0 0 0 0 0 0 15 23 8 5 0 0 0 0 16 20 20 0 0 0 0 0 0 -999
P7743 2098 7 0 0 0 0 0 0 0 0 0 0 0 0 0 0 0 0 0 0 0 0 0 0 0 0 0 0 0 0 0 0 0
P7743 2098 8 0 0 0 0 0 0 0 0 0 0 0 0 0 0 0 0 0 0 0 0 0 0 0 0 0 0 0 0 0 0 0
P7743 2098 9 0 0 0 0 0 0 0 0 0 0 0 0 0 0 0 0 0 30 0 37 0 0 0 0 24 10 23 0 0 0 -999
P7743 2098 10 0 0 0 46 9 3 0 0 0 0 14 0 0 0 0 14 58 56 9 29 26 35 22 0 0 3 0 27 7 30 41
P7743 2098 11 58 73 7 55 19 48 8 14 8 72 80 17 9 0 0 51 84 20 6 0 6 27 25 0 0 0 0 0 41 33 -999
P7743 2098 12 7 63 23 60 60 64 11 0 28 4 0 0 0 0 0 0 0 7 8 7 14 48 59 15 2 2 0 4 0 0 0
P7743 2099 1 0 0 0 0 0 0 0 0 0 0 0 3 0 0 4 7 3 0 0 0 0 0 0 0 2 0 0 0 0 0 0
P7743 2099 2 6 16 75 2 2 0 0 0 0 0 0 0 0 0 0 0 0 0 10 8 2 4 0 0 4 0 0 0 -999 -999 -999
P7743 2099 3 0 0 0 0 0 39 37 53 65 73 80 33 4 0 0 0 0 0 0 0 0 0 6 2 4 0 0 0 0 0 0
P7743 2099 4 0 9 3 0 17 0 0 0 0 0 0 6 0 38 17 6 0 0 0 0 0 0 0 0 8 5 0 0 0 5 -999
P7743 2099 5 0 0 0 0 21 0 0 0 0 0 0 0 0 0 7 0 0 0 0 0 0 0 0 0 0 0 0 0 0 0 0
P7743 2099 6 0 0 0 0 0 0 0 0 0 0 0 0 0 0 0 0 0 0 0 0 14 0 0 0 0 0 0 0 0 0 -999
P7743 2099 7 0 0 0 0 0 0 0 0 0 0 0 0 0 0 0 0 0 0 0 0 0 0 0 0 0 0 0 0 0 0 0
P7743 2099 8 0 0 0 0 0 0 0 0 0 0 0 0 0 0 0 0 0 0 0 0 0 0 0 0 0 0 0 0 0 25 0
P7743 2099 9 0 0 0 0 0 0 0 0 0 0 0 0 0 0 0 0 0 0 0 0 0 0 0 0 0 0 0 0 0 0 -999
P7743 2099 10 0 0 0 0 0 0 0 0 0 0 45 22 0 23 63 23 0 0 0 0 0 0 0 0 0 0 0 0 0 40 67
P7743 2099 11 35 19 12 0 26 18 17 8 13 22 45 53 86 7 18 20 42 70 87 58 72 10 0 0 0 0 0 0 0 0 -999
P7743 2099 12 8 0 0 0 5 15 6 22 38 0 0 0 0 9 0 0 4 3 6 7 25 48 29 0 0 0 15 28 22 36 94
P7743 2100 1 4 0 0 0 3 0 0 0 0 3 0 27 48 22 0 48 13 5 0 0 0 2 4 5 0 0 0 0 0 0 0
P7743 2100 2 0 0 0 6 0 4 0 0 0 0 2 0 0 2 2 0 0 0 4 4 2 0 0 0 0 0 0 0 -999 -999 -999
P7743 2100 3 0 0 0 0 0 29 4 37 7 41 0 0 13 26 0 0 0 0 7 0 0 0 0 0 0 0 0 63 14 0 23
P7743 2100 4 4 13 5 0 0 0 0 0 7 0 7 4 7 0 0 0 0 0 0 0 0 29 21 6 0 0 0 0 0 0 -999
P7743 2100 5 0 0 49 0 14 0 4 0 0 0 10 0 5 0 0 6 15 5 0 0 0 0 0 5 14 10 0 0 0 0 0
P7743 2100 6 0 6 0 0 6 0 0 0 0 0 0 0 0 0 0 0 0 0 0 0 0 0 4 0 0 0 43 0 7 0 -999
P7743 2100 7 22 0 0 0 0 0 0 0 0 0 0 0 0 0 0 0 0 0 0 0 0 0 0 0 0 0 0 0 0 0 0
P7743 2100 8 0 0 0 0 0 0 0 0 0 0 0 0 0 0 0 0 0 0 0 0 0 0 0 0 0 0 0 0 0 0 0
P7743 2100 9 0 0 0 0 0 34 10 0 0 0 0 0 0 0 0 0 0 0 0 0 0 0 0 0 0 0 0 0 0 7 -999
P7743 2100 10 23 0 3 9 0 22 0 0 33 40 12 21 0 4 0 8 13 0 45 0 24 0 19 54 16 8 0 0 58 57 15
P7743 2100 11 28 8 0 0 0 9 7 0 0 0 0 67 33 5 10 0 0 0 0 0 0 0 0 0 0 11 0 0 0 0 -999
P7743 2100 12 0 0 0 0 0 0 0 0 0 0 0 0 0 9 0 37 11 0 25 5 41 35 0 8 0 64 51 56 15 9 -999
